3.397334311855445543e-01 1.896456060835061685e-01 1.653439319008969677e-01 3.052770308300523094e-01
5.903698383769491187e-01 1.594139987325878249e-01 1.451782207777056188e-01 1.050379421127575624e-01
5.867605040582717368e-01 1.634145672805313865e-01 1.439637786177563328e-01 1.058611500434402802e-01
5.827597193683589083e-01 1.685131051423406356e-01 1.418885935569746681e-01 1.068385819323256353e-01
5.779611877734548431e-01 1.753797872969986016e-01 1.385014965508813700e-01 1.081575283786652825e-01
5.712594104497454861e-01 1.851709922478297354e-01 1.334394188307447826e-01 1.101301784716796628e-01
5.613074344222827028e-01 1.989100782227422870e-01 1.267112802977393149e-01 1.130712070572355704e-01
5.465667019657609593e-01 2.176854974288671696e-01 1.184536247329566472e-01 1.172941758724149741e-01
5.229677587699902430e-01 2.442595288219837069e-01 1.093993751025968963e-01 1.233733373054288762e-01
4.908117906158329102e-01 2.781345128005893730e-01 9.910548505490816840e-02 1.319482115286695345e-01
4.463812562279149687e-01 3.219411085579870213e-01 8.754657052816368357e-02 1.441310646859339795e-01
3.890929532359280740e-01 3.752987761831722002e-01 7.478736261907414917e-02 1.608209079618255766e-01
3.240645183050576139e-01 4.320968047140040791e-01 6.153935973292078143e-02 1.822993172480176505e-01
2.616974145839501276e-01 4.817009098301684999e-01 4.894486962310135719e-02 2.076568059627800777e-01
2.139651147655118602e-01 5.156697964494186825e-01 3.819494187938898139e-02 2.321701469056808020e-01
1.897027899234883797e-01 5.335474295672418821e-01 3.000123497124798644e-02 2.467485455380217796e-01
1.926493832112011473e-01 5.386715807493934749e-01 2.426781445430012743e-02 2.444112215851051984e-01
2.206872565315562140e-01 5.336488770145297877e-01 2.016414560057622207e-02 2.254997208533372210e-01
2.664505878997016630e-01 5.209304616891292650e-01 1.729155470779856693e-02 1.953273957033706543e-01
3.253817616185566419e-01 4.990005688004536810e-01 1.615773324595805652e-02 1.594599363350317489e-01
3.988354027015642567e-01 4.603411456064287477e-01 1.687709434609016221e-02 1.239463573459167328e-01
4.841830909369171376e-01 4.051563248166841769e-01 1.880212336547778043e-02 9.185846088092129713e-02
5.750125102410267308e-01 3.397295890664192020e-01 2.138139054237246997e-02 6.387651015018125378e-02
6.658183366308771944e-01 2.691671978240109397e-01 2.389220241475041931e-02 4.112226313036144304e-02
7.474822839067244429e-01 1.995851033654662821e-01 2.800108378956789670e-02 2.493152893824121877e-02
8.153960865746017195e-01 1.376300502327761077e-01 3.215603419279435687e-02 1.481782899982799287e-02
8.647080294832619751e-01 9.027026697129320043e-02 3.608876511703823509e-02 8.932938428406703851e-03
8.950351862856874563e-01 5.908874524711824755e-02 4.027446434713837647e-02 5.601604120056014220e-03
8.999408829358553907e-01 4.180733699456547908e-02 5.441157989755917440e-02 3.840200172019819173e-03
8.789172889104169828e-01 3.228166999255824982e-02 8.588973538024659293e-02 2.911305716778041751e-03
8.324477368379820108e-01 2.611130896256931566e-02 1.390702605983078766e-01 2.370693601140764009e-03
7.659015419635679667e-01 2.063980223190787361e-02 2.115160495191977519e-01 1.942606285326741768e-03
6.852882954811670979e-01 1.536042442332993807e-02 2.978027511101187241e-01 1.548528985384171365e-03
5.906149778458296140e-01 1.102563663555359945e-02 3.971334512162200681e-01 1.225934302396859644e-03
4.823845382555159711e-01 7.233051486424136971e-03 5.094474160582990185e-01 9.349941997607597727e-04
3.692686413981016713e-01 4.914716009176194056e-03 6.250624400716310314e-01 7.542025210909269594e-04
2.793410003122256957e-01 3.567736590785525273e-03 7.164327467562974228e-01 6.585163406913561437e-04
2.311951820536779223e-01 2.961810250994324767e-03 7.651864191656810865e-01 6.565885296467208459e-04
2.234920893252880514e-01 2.963049538137981810e-03 7.727681821382461624e-01 7.766789983275108758e-04
2.456516746892215830e-01 3.582475593288613012e-03 7.496855163980727932e-01 1.080333319416906714e-03
2.848196750311952630e-01 4.996013099293150628e-03 7.085046948809955447e-01 1.679616988516143819e-03
3.317718336987404149e-01 7.564493061096852662e-03 6.578704980260713375e-01 2.793175214091464346e-03
3.824228098015053923e-01 1.162417969370377509e-02 6.011686108471835377e-01 4.784399657607190867e-03
4.331744927907832388e-01 1.739786123570975784e-02 5.412733441040620264e-01 8.154301869444888565e-03
4.764270382510485957e-01 2.510143770264663954e-02 4.848308508067851186e-01 1.364067323951977627e-02
5.146801102667848404e-01 3.728234179124720327e-02 4.254901812156427487e-01 2.254736672632496816e-02
5.435185556977584209e-01 5.381763383887348123e-02 3.656878402793731775e-01 3.697597018399479546e-02
5.623138532096771947e-01 7.408809290972349915e-02 3.047866106680474640e-01 5.881144321255184909e-02
5.607714437397841589e-01 9.872727645189147139e-02 2.517617167692963176e-01 8.873956303902788556e-02
5.422073163021899900e-01 1.250455943012441506e-01 2.076050535528652652e-01 1.251420358437005109e-01
5.086324080261951375e-01 1.519015112265486578e-01 1.736637112375402636e-01 1.658023695097161077e-01
4.657848813782101693e-01 1.763854022551923362e-01 1.482697265852461754e-01 2.095599897813514301e-01
4.177759847909765512e-01 1.957166088593734754e-01 1.292602442035656607e-01 2.572471621460842850e-01
3.675577926817121810e-01 2.077483773856725058e-01 1.144253409817425904e-01 3.102684889508726118e-01
3.184900291605100575e-01 2.115106600382310187e-01 1.018832464680571176e-01 3.681160643332019866e-01
2.739704283040296784e-01 2.081073184527335862e-01 9.065920669436637602e-02 4.272630465488699847e-01
2.360959583717528176e-01 2.005862862787228806e-01 8.057150382785480125e-02 4.827462515216697225e-01
2.065079741396057267e-01 1.925776011527629283e-01 7.195573295587666396e-02 5.289586917517551390e-01
1.879705391939087700e-01 1.873490291951964981e-01 6.575683046301329659e-02 5.589236011478816435e-01
1.834827861944776928e-01 1.872323416302171528e-01 6.309582833679283631e-02 5.661890438385120961e-01
1.916302277708893109e-01 1.912814972223363386e-01 6.366272230434118218e-02 5.534255527024333210e-01
2.074032614914224082e-01 1.965027064279543101e-01 6.578893559182971695e-02 5.303050964887934260e-01
2.267675530635711034e-01 2.013935776446801607e-01 6.811060618332206995e-02 5.037282631084266660e-01
2.461019803625986990e-01 2.057755970775211329e-01 6.983297898416905569e-02 4.782894435757110152e-01
2.625484361771773245e-01 2.099038401555114175e-01 7.072601924762751679e-02 4.568217044196837828e-01
2.741728670517475930e-01 2.138096357459357000e-01 7.076927991787872185e-02 4.412482172844381934e-01
2.791807384408897530e-01 2.175758843739326043e-01 6.975528414282432255e-02 4.334880930423531398e-01
2.775855297563617485e-01 2.218332316282899397e-01 6.781944438395950958e-02 4.327617942313891075e-01
2.708665086047472026e-01 2.269924763627080566e-01 6.532983091558680622e-02 4.368111841169576848e-01
2.599981876527237001e-01 2.327270960025126512e-01 6.235964839262953668e-02 4.449150679521342577e-01
2.459914186187187046e-01 2.383134902648300357e-01 5.896245508703770732e-02 4.567326360294138854e-01
2.296323279544446316e-01 2.429132113580977914e-01 5.518993821937732275e-02 4.722645224680802056e-01
2.858582707668989031e-01 2.318269508755277930e-01 3.800144396710384842e-01 1.023003386865348335e-01
8.782084917208554664e-01 1.058378632417417559e-01 9.808260598867678606e-03 6.145384438535270860e-03
8.886165871369318126e-01 9.464939981809923630e-02 1.113370858302326245e-02 5.600304461945889919e-03
8.968703843616963045e-01 8.551363688033634947e-02 1.259284108381676474e-02 5.023137674150562199e-03
9.043949869476197723e-01 7.678500932324577866e-02 1.438415948624035233e-02 4.435844242894160065e-03
9.097915389521231688e-01 6.899329900677031446e-02 1.730153930732788656e-02 3.913622733778610203e-03
9.174196304910893218e-01 5.778677481794902704e-02 2.132312640636626830e-02 3.470468284595381540e-03
9.183104622877458212e-01 4.969672075135146000e-02 2.886624349685295784e-02 3.126573464049600942e-03
9.123828631073220841e-01 4.094019581944738362e-02 4.393402929515653754e-02 2.742911778074111004e-03
8.881885526535227005e-01 3.317527917018536082e-02 7.631920810163235480e-02 2.316960074659314174e-03
8.240940234868416869e-01 2.699306238808928116e-02 1.470084377741540382e-01 1.904476350915104048e-03
6.919251834543025392e-01 2.133436829689859884e-02 2.852395077796247014e-01 1.500940469174155342e-03
4.914722209703003553e-01 1.518089695401845379e-02 4.922418603917926294e-01 1.105021683888584953e-03
2.920596366694370727e-01 8.747653706014556912e-03 6.985467269959292347e-01 6.459826286189172513e-04
1.501702058801006601e-01 4.208501666695424470e-03 8.452779845738769282e-01 3.433078793268225085e-04
7.416604728437992122e-02 1.825033960334892548e-03 9.238305166092544152e-01 1.784021460310107469e-04
4.135979876647604553e-02 9.025053588098141694e-04 9.576338057256640335e-01 1.038901490500761379e-04
2.914070175623810835e-02 5.535218273651938952e-04 9.702279372028905780e-01 7.783921350624362079e-05
2.552579349671922279e-02 4.303196821567503824e-04 9.739700308519704253e-01 7.385596915363091338e-05
2.404115014115985882e-02 3.842463827690212655e-04 9.754964757303878908e-01 7.812774568319317745e-05
2.178933877591305440e-02 3.594449138952531442e-04 9.777675066299374995e-01 8.370968025409607530e-05
1.869405578616099156e-02 3.428269025055581481e-04 9.808737575366676120e-01 8.935977466577019375e-05
1.579828655115294439e-02 3.412832245416529630e-04 9.837625889238368337e-01 9.784130046850901508e-05
1.397638195946830815e-02 3.724819672537696739e-04 9.855366610437938935e-01 1.144750294841508022e-04
1.331392139010603888e-02 4.509207085577819456e-04 9.860926922846301457e-01 1.424656167060837008e-04
1.390649090848593977e-02 6.037942747925034758e-04 9.853016037759360080e-01 1.881110407856108389e-04
1.604190569145721307e-02 8.856323651103515868e-04 9.828070934927242153e-01 2.653684507080942569e-04
2.004203791826375189e-02 1.390265167374781690e-03 9.781705149358824736e-01 3.971819784787847360e-04
2.632234853871670555e-02 2.281411569817090763e-03 9.707733090623849037e-01 6.229308290813564660e-04
3.512135508052350447e-02 3.850116749752671187e-03 9.600200241416990687e-01 1.008504028024974613e-03
4.568686236249110133e-02 6.628707658884280644e-03 9.460396334910721183e-01 1.644796487552663191e-03
5.658813067364645150e-02 1.178243438773558804e-02 9.289488001067031098e-01 2.680634831914732296e-03
6.643180657093902819e-02 2.188566416990085292e-02 9.073056524465453743e-01 4.376876812614757632e-03
7.547848336664453317e-02 4.077223888146919856e-02 8.765878116515559704e-01 7.161466100329875496e-03
8.560970418668055471e-02 7.477969769403010336e-02 8.277830529708203322e-01 1.182754514846908953e-02
9.627267946618602024e-02 1.262527919080279060e-01 7.582885079929005956e-01 1.918602063288572454e-02
1.044314748596320008e-01 1.878958028651545320e-01 6.782634464239071237e-01 2.940927585130605204e-02
1.133301805831655740e-01 2.457722235556889789e-01 5.989901012934900626e-01 4.190749456765537756e-02
1.244293822143743289e-01 2.922908767934432328e-01 5.281038401951985151e-01 5.517590079698350691e-02
1.390907066423987815e-01 3.254470107167168336e-01 4.684007027132575107e-01 6.706157992762688813e-02
1.567950562637871748e-01 3.473992589273378062e-01 4.201860224390897014e-01 7.561966236978512335e-02
1.779509456718437188e-01 3.593553264062705477e-01 3.823317090166103438e-01 8.036201890527584768e-02
2.039696397280009732e-01 3.598668435987060210e-01 3.542455062715068048e-01 8.191801040178615934e-02
2.362200256820286837e-01 3.478745972106776496e-01 3.348844131254926082e-01 8.102096398180115566e-02
2.696605270568839807e-01 3.283848861578845257e-01 3.236586732905095132e-01 7.829591349472193873e-02
2.982300035920937287e-01 3.062687339516236840e-01 3.211065419255141884e-01 7.439472053076850999e-02
3.142659344089081541e-01 2.858463178019161055e-01 3.302682861852351270e-01 6.961946160394068273e-02
3.183367381600230583e-01 2.656977833899520913e-01 3.519539132533827108e-01 6.401156519664190359e-02
3.128881665227991604e-01 2.442113955367206102e-01 3.855540293103897342e-01 5.734640863009049516e-02
2.979230161934754428e-01 2.219234199754152870e-01 4.305270416276202328e-01 4.962652220348908599e-02
2.738104704232810493e-01 2.012734816184758024e-01 4.834064230308666721e-01 4.150962492737639287e-02
2.445449725168538646e-01 1.868529379286867909e-01 5.341590410507954800e-01 3.444304850366414206e-02
2.160698136432435412e-01 1.839589691360744572e-01 5.699888713473276747e-01 2.998234587335445178e-02
1.921593782474968759e-01 1.954965312793294496e-01 5.834427750025884540e-01 2.890131547058502268e-02
1.725579822460272805e-01 2.215809792957403046e-01 5.746590161229694349e-01 3.120202233526309099e-02
1.587930762935127194e-01 2.572273264405008919e-01 5.477235544135802270e-01 3.625604285240607155e-02
1.442235441582843392e-01 3.031018102168587802e-01 5.104890136588409177e-01 4.218563196601603921e-02
1.256948273741903266e-01 3.577064616917425832e-01 4.691542325776958955e-01 4.744447835637090327e-02
1.066473036749880782e-01 4.131865862214587626e-01 4.278929743985779854e-01 5.227313570497542361e-02
8.877833804689280739e-02 4.619418540545782159e-01 3.913921186325196588e-01 5.788768926600934561e-02
7.695426681758893439e-02 4.966283318095750521e-01 3.603126259537083875e-01 6.610477541912743171e-02
7.336133917720571995e-02 5.125517277730979870e-01 3.370016433073534934e-01 7.708528974234286901e-02
7.654094944220810048e-02 5.093760788727977884e-01 3.258033560344748003e-01 8.827961565051925530e-02
8.599112320224727712e-02 4.873261207151549090e-01 3.290870572266959004e-01 9.759569885590199667e-02
1.034500477927104839e-01 4.449256098978981444e-01 3.471419626666321645e-01 1.044823796427594015e-01
1.315209110125489800e-01 3.833836099350485527e-01 3.772714131582954877e-01 1.078240658941066327e-01
1.692343413842067601e-01 3.120087290960450455e-01 4.135970416367153457e-01 1.051598878830329598e-01
2.156353711693209108e-01 2.408466023707737103e-01 4.476134260016615407e-01 9.590460045824410196e-02
2.573361748524805037e-01 1.848745914636175935e-01 4.754029856961428102e-01 8.238624798775906477e-02
2.874432562898574517e-01 1.480431558058473429e-01 4.965105205751265127e-01 6.800306732916873431e-02
3.091624211456078797e-01 1.280066970463971388e-01 5.076156878179861609e-01 5.521519399000861944e-02
3.322515286521404154e-01 1.160706974015841414e-01 5.066109718838033293e-01 4.506680206247216935e-02
1.094046933234656821e-02 4.397125348658788291e-02 2.684983354725837754e-02 9.182384436338069111e-01
3.639167621265446684e-01 4.382525969307098368e-01 5.153184915621147194e-02 1.462987917865341270e-01
4.353612903674262680e-01 3.553813367499231157e-01 5.866816703463674509e-02 1.505892058480141071e-01
5.301787072228439923e-01 2.694973482808802889e-01 6.256890003719244031e-02 1.377550444590834589e-01
6.473915843374212775e-01 1.837752283697552669e-01 5.989750178589189900e-02 1.089356855069316121e-01
7.607946292351619455e-01 1.138505975731393394e-01 5.149300949479391348e-02 7.386176369690471144e-02
8.445507037292682151e-01 6.822792839940337861e-02 4.149026786107536113e-02 4.573110001025338517e-02
8.903118469214309494e-01 4.470384498069404633e-02 3.575602792535502450e-02 2.922828017251985142e-02
9.089839089567495201e-01 3.420236190990365993e-02 3.592251778253916644e-02 2.089121135080732050e-02
9.115287861865739583e-01 2.995136680011175473e-02 4.171768133589882910e-02 1.680216567741529138e-02
9.025982201162798813e-01 2.895836622851469602e-02 5.354281800921480844e-02 1.490059564599069755e-02
8.835077233217294435e-01 2.982673716558014582e-02 7.240405762832820280e-02 1.426148188436220446e-02
8.540373795888563935e-01 3.157775659150464237e-02 1.000266942016511534e-01 1.435816961798774133e-02
8.114432791139238876e-01 3.375651582536483286e-02 1.399868270352128685e-01 1.481337802549832598e-02
7.522458359313105580e-01 3.650677415929662328e-02 1.957783349957608610e-01 1.546905491363198375e-02
6.815816607433944352e-01 3.959174441107295161e-02 2.626699134836991134e-01 1.615668136183368020e-02
6.152166785834790597e-01 4.300883947914203170e-02 3.252365202519463816e-01 1.653796168543257561e-02
5.691185267743432696e-01 4.440740612047736069e-02 3.703609564824786315e-01 1.611311062270092548e-02
5.483435957777130776e-01 4.425791148676341824e-02 3.924814755704263969e-01 1.491701716509687310e-02
5.497720894600605090e-01 4.293495803633160662e-02 3.939719963350439280e-01 1.332095616856389733e-02
5.630092171791679645e-01 4.051335712686213175e-02 3.849063077375953768e-01 1.157111795637470741e-02
5.773957403002494271e-01 3.677597754332121577e-02 3.761164358033418642e-01 9.711846353087635192e-03
5.894020428329519445e-01 3.181837084783321196e-02 3.709712910913384731e-01 7.808295227876321798e-03
6.022049707920514861e-01 2.589608580275916741e-02 3.658110265986621590e-01 6.087916806527207507e-03
6.199950461587226958e-01 2.143764732604677356e-02 3.538095870039790758e-01 4.757719511251579797e-03
6.432986041325678972e-01 1.800017751629284790e-02 3.349291821305254158e-01 3.772036220613499136e-03
6.689767093495800898e-01 1.551642201599312022e-02 3.124811369044242504e-01 3.025731730002485364e-03
6.964625025292250360e-01 1.394992518328597685e-02 2.871233538196484303e-01 2.464218467840597650e-03
7.297021176691949051e-01 1.328416472644287916e-02 2.549435840901356776e-01 2.070133514226767547e-03
7.689528872692716899e-01 1.328290779750966946e-02 2.159764458802547193e-01 1.787759052963884673e-03
8.071837527695889802e-01 1.365325200958787330e-02 1.775987318649806246e-01 1.564263355842375513e-03
8.349845368786643629e-01 1.441535844549153393e-02 1.491925859947961786e-01 1.407518681047682622e-03
8.451028343968679524e-01 1.589717888083532968e-02 1.376454480015482651e-01 1.354538720748768143e-03
8.316610449386508952e-01 1.855271060478514908e-02 1.483420687648041303e-01 1.444175691759607295e-03
7.871811224442293309e-01 2.290729502663208308e-02 1.881832611055699878e-01 1.728321423568515876e-03
7.064984673441814245e-01 2.896124510476327102e-02 2.622860976182032622e-01 2.254189932852170269e-03
6.017906902956555726e-01 3.549779405383299280e-02 3.596651890772749049e-01 3.046326573236536606e-03
5.036366925548367846e-01 4.180337453481074855e-02 4.504606779952470830e-01 4.099254915105527905e-03
4.316463846593388554e-01 4.616331549819441965e-02 5.167746919235304270e-01 5.415607918936201672e-03
3.865432795990788595e-01 4.899873294218212022e-02 5.575303740526933449e-01 6.927613406045672780e-03
3.621476934876424747e-01 4.961126495319587854e-02 5.797502321547558513e-01 8.490809404406142458e-03
3.512600817424129662e-01 4.810716640266547023e-02 5.907511057532309762e-01 9.881646101690193598e-03
3.472553985921457698e-01 4.545232453344345142e-02 5.963992766767357567e-01 1.089300019767493535e-02
3.457243770592282606e-01 4.227553421889435059e-02 6.005699687957188893e-01 1.143011992615842153e-02
3.465206529682014480e-01 3.911600019239473008e-02 6.026457924617371065e-01 1.171755437766671716e-02
3.517717492535558099e-01 3.722125541991939263e-02 5.986806510258085856e-01 1.232634430071633848e-02
3.634973283484977391e-01 3.820409546070444723e-02 5.843064803332103097e-01 1.399209585758724901e-02
3.838156832019851139e-01 4.373307301014489612e-02 5.547791171874866256e-01 1.767212660038388825e-02
4.113009357506610120e-01 5.553750334206481593e-02 5.085066194248675231e-01 2.465494148240642697e-02
4.355551282047417927e-01 7.546206456147208641e-02 4.526218128036792465e-01 3.636099443010686744e-02
4.415280629637874377e-01 1.057106625365034636e-01 3.985052374383504237e-01 5.425603706135859183e-02
4.158051484033196132e-01 1.512862152521083081e-01 3.532631797196634782e-01 7.964545662490865596e-02
3.679706118141078397e-01 2.104823526601515005e-01 3.098700965553609632e-01 1.116769389703795995e-01
3.132714909259003977e-01 2.775610273837629260e-01 2.632124572914987803e-01 1.459550243988375073e-01
2.618569785647926196e-01 3.476796492336460265e-01 2.129219127508116260e-01 1.775414594507496446e-01
2.110306929472753057e-01 4.215672476575216265e-01 1.607718845785023609e-01 2.066301748167007069e-01
1.622335858310425261e-01 4.891954898192316659e-01 1.119153247399787138e-01 2.366555996097470527e-01
1.237493999714194409e-01 5.341238871747091554e-01 7.402676373529269716e-02 2.680999491185785955e-01
9.783825631489477537e-02 5.554914789442749745e-01 4.924467313048198902e-02 2.974255916103483166e-01
8.159733828416664003e-02 5.640539509129059992e-01 3.452474644047040520e-02 3.198239643624570250e-01
7.195984355541738819e-02 5.683049181282699980e-01 2.621738384550053799e-02 3.335178544708119475e-01
6.721202464311819280e-02 5.709416831697554651e-01 2.175263637942995848e-02 3.400936558076967930e-01
6.737639990486671282e-02 5.706617685719367339e-01 1.989117733332610924e-02 3.420706541898708153e-01
7.291598094678700126e-02 5.660230290404045794e-01 2.004785171191611481e-02 3.410131383008920825e-01
8.448929443428243591e-02 5.568161963883944132e-01 2.178081560294253816e-02 3.369136935743802241e-01
1.037573942072371747e-01 5.434202029658362632e-01 2.465654083217128437e-02 3.281658619947551703e-01
1.326788173284356442e-01 5.277087622815925805e-01 2.816053270755972462e-02 3.114518876824118321e-01
1.699005968192967841e-01 5.127530163551650144e-01 3.152592595489141225e-02 2.858204608706464978e-01
2.131148932773375693e-01 4.969643882952360925e-01 3.369054267061986907e-02 2.562301757568060112e-01
2.501501798823001499e-01 4.861358147493903825e-01 3.411817310831553179e-02 2.295958322599943313e-01
2.806773943517295589e-01 4.759921545697956002e-01 3.380118714113700129e-02 2.095292639373375621e-01
3.043132732969796028e-01 4.654964652428194016e-01 3.351717211933873813e-02 1.966730893408621950e-01
6.120846517175795309e-01 1.904377142160422129e-02 3.618643574566114407e-01 7.007219404204755031e-03
4.673225526183413803e-02 9.420539073987236334e-01 5.330757867505951826e-03 5.883079471936244684e-03
5.926439250797142788e-02 9.289942991904809322e-01 5.704110892556177488e-03 6.037197408991285506e-03
7.492502131742954929e-02 9.115308190461646198e-01 6.638657792005545413e-03 6.905501844400136272e-03
9.607783879652180559e-02 8.867103885338469826e-01 8.437593833064072762e-03 8.774178836567217074e-03
1.207375898267140091e-01 8.564559366757859005e-01 1.112397811861741588e-02 1.168249537888266937e-02
1.426492278305825923e-01 8.274917977954052706e-01 1.444367675837962724e-02 1.541529761563272850e-02
1.574173959197658346e-01 8.042955756003594692e-01 1.844281775856299391e-02 1.984421072131191399e-02
1.652178889776691473e-01 7.852670324818460390e-01 2.439992356709686297e-02 2.511515497338794034e-02
1.661437853403727183e-01 7.712741931218002334e-01 3.168190210068219659e-02 3.090011943714486217e-02
1.652146497133750447e-01 7.567476449354020307e-01 4.103497374024230038e-02 3.700273161098056179e-02
1.678631775024255202e-01 7.362492124160623375e-01 5.307565993587694958e-02 4.281195014563470708e-02
1.778138210663297303e-01 7.059069892514442390e-01 6.911545375104563571e-02 4.716373593118016599e-02
1.957125663050189313e-01 6.644110700642542611e-01 9.120813788979355297e-02 4.866822574093353226e-02
2.197183925072353494e-01 6.108094323024108041e-01 1.226284426654396242e-01 4.684373252491403489e-02
2.486121133582022413e-01 5.402220504865647976e-01 1.690803358860414052e-01 4.208550026919149339e-02
2.804350669014761821e-01 4.456944066588658937e-01 2.390141045376657503e-01 3.485642190199215312e-02
3.022942950452612298e-01 3.327123535766339790e-01 3.392961006370785459e-01 2.569725074102658519e-02
2.943175867709185711e-01 2.203238813652619588e-01 4.691098539888194363e-01 1.624867787499989502e-02
2.522082856294582953e-01 1.282516229571788735e-01 6.107708949846998303e-01 8.769196428662945353e-03
1.951369694605777083e-01 6.730084698058715065e-02 7.332570379877665356e-01 4.305145571068766733e-03
1.432225580465292247e-01 3.442276008697568029e-02 8.202273146022259764e-01 2.127367264269180991e-03
1.028053485346891449e-01 1.763462345520487237e-02 8.784336147546529805e-01 1.126413255452968177e-03
7.317194566661100463e-02 9.983207583887050707e-03 9.161975178738752668e-01 6.473288756265222106e-04
5.101561237344960642e-02 5.873314609554313413e-03 9.427112601467387831e-01 3.998128702572868471e-04
3.427509927629022318e-02 3.562717503901809569e-03 9.618989210996553574e-01 2.632621201527213239e-04
2.164441989674024611e-02 2.197735834056498052e-03 9.759763444522949749e-01 1.814998169083893275e-04
1.246046273806492195e-02 1.330890868278815538e-03 9.860823997893992665e-01 1.262466042570376326e-04
6.716904140087275217e-03 8.063139813685477487e-04 9.923870417128946020e-01 8.974016564949836828e-05
3.766861189306123115e-03 5.370082953446786780e-04 9.956263240360195832e-01 6.980647932969276089e-05
2.482370309122468744e-03 4.411986625230871319e-04 9.970123586512956715e-01 6.407237705870150125e-05
2.083065131653534692e-03 4.863126760094709238e-04 9.973569111164191092e-01 7.371107591743225227e-05
2.320352148622838780e-03 7.481222817104514521e-04 9.968189303601088236e-01 1.125952095582633629e-04
3.268535039592056126e-03 1.515034735108723848e-03 9.949922093181970961e-01 2.242209071019310223e-04
5.062497531005826119e-03 3.497590783503768883e-03 9.909208877076531863e-01 5.190239778374517105e-04
7.668785611411365992e-03 8.063737805077457466e-03 9.830229513268239350e-01 1.244525256687325056e-03
1.339316639545714942e-02 1.633419708567408410e-02 9.673248877423238357e-01 2.947748776544844088e-03
1.972819563466357562e-02 3.091173809639847017e-02 9.429639300827302728e-01 6.396136186207915589e-03
2.673474285624192343e-02 5.020865233681551243e-02 9.107169253815884380e-01 1.233967942535402554e-02
3.353455014181970506e-02 7.037580219027748940e-02 8.748227782449125023e-01 2.126686942299004998e-02
4.024762590166202497e-02 8.802103415784622020e-02 8.377876316228797249e-01 3.394370831761223117e-02
4.756875190591747932e-02 1.042017684424365320e-01 7.958051245556747588e-01 5.242435509597138943e-02
5.950415882097567777e-02 1.248098571066204171e-01 7.352100533945581384e-01 8.047593067784535037e-02
7.695742625357450406e-02 1.559550272887888778e-01 6.461951514275513508e-01 1.208923950300852534e-01
9.805737686400808895e-02 2.009048126774723164e-01 5.278056962846634503e-01 1.732321141738561165e-01
1.161097997364974183e-01 2.563935244578835482e-01 3.973585701693291283e-01 2.301381056362900301e-01
1.213625974345443059e-01 3.144671432866459337e-01 2.870401035315195970e-01 2.771301557472904409e-01
1.169751421155827836e-01 3.709293260252661817e-01 2.105442240773341411e-01 3.015513077818170462e-01
1.080846506833075538e-01 4.246052287851005413e-01 1.663346337486503734e-01 3.009754867829417257e-01
1.002796481104375470e-01 4.718723526625352993e-01 1.455705140933921948e-01 2.822774851336350421e-01
9.535512399852279219e-02 5.078759798410562576e-01 1.412659033277727239e-01 2.555029928326479904e-01
9.329960675757072164e-02 5.339433039813379356e-01 1.470595631113408575e-01 2.256975261497504437e-01
9.301353083917707210e-02 5.577636896836345448e-01 1.553691402594281346e-01 1.938536392177602763e-01
9.175866928847843662e-02 5.898850121844965155e-01 1.555920309620806019e-01 1.627642875649445708e-01
8.562108632856671453e-02 6.396237206929165087e-01 1.393705686169691704e-01 1.353846243615475786e-01
7.206856137867367895e-02 7.068093142855685906e-01 1.091807070733841895e-01 1.119414172623735271e-01
5.451216355742967423e-02 7.771545474404383258e-01 7.612866190653956588e-02 9.220462709559230918e-02
3.858255912664185217e-02 8.352397158977655778e-01 4.973433726750714490e-02 7.644338770808539740e-02
2.774948480586223939e-02 8.749786737060425423e-01 3.248438582994033624e-02 6.478745565815495489e-02
2.014959748824646929e-02 9.016217470050397198e-01 2.170450974004687825e-02 5.652414576666662388e-02
1.629800019334425726e-02 9.166313630076630137e-01 1.546941359440829472e-02 5.160122320458424006e-02
1.483043161751419932e-02 9.233789489749910651e-01 1.181653254183260594e-02 4.997408686566226499e-02
1.491568922477646067e-02 9.239406858368979236e-01 9.570732661546644052e-03 5.157289227677890053e-02
1.591845723852219202e-02 9.203175555421514442e-01 8.056583159014630430e-03 5.570740406031177844e-02
1.755460287409079528e-02 9.128714157072855828e-01 7.084768837364035718e-03 6.248921258125952893e-02
1.967117444546428312e-02 9.009266930413512009e-01 6.599707727909928309e-03 7.280242478527440553e-02
2.209137246732610291e-02 8.835888557287366885e-01 6.523577203210224711e-03 8.779619460072661530e-02
2.482000147973861121e-02 8.597490606082595077e-01 6.812510535432687690e-03 1.086184273765691266e-01
2.820833501295324716e-02 8.293141248272253296e-01 7.305745071682162584e-03 1.351717950881390629e-01
2.999930993089361744e-02 7.950835845173832572e-01 7.606381454743712037e-03 1.673107240969793630e-01
3.128538139085343395e-02 7.535790970419511403e-01 7.828142466125564969e-03 2.073073791010694722e-01
3.323779523495650617e-02 7.040052572328628910e-01 8.193812757708569469e-03 2.545631347744721773e-01
6.706543994210248383e-02 6.156990780436899513e-01 1.034459356782868773e-02 3.068908884463788511e-01
7.493838410568440245e-02 6.393114831391599751e-01 1.175417721525743794e-02 2.739959555398981395e-01
8.935451891306371575e-02 6.638465337828780566e-01 1.379335460158731021e-02 2.330055927024712870e-01
1.146606215790782479e-01 6.747532005325380666e-01 1.697489723793370320e-02 1.936112806504501072e-01
1.519232812667878907e-01 6.655908567829089684e-01 2.168278662139527455e-02 1.608030753289077519e-01
2.004560836436571070e-01 6.381215531430404209e-01 2.763440412974801919e-02 1.337879590835545918e-01
2.546482534533661690e-01 6.006550138599106026e-01 3.429324399287315278e-02 1.104034886938504018e-01
3.114907892691916591e-01 5.568362222828527885e-01 4.167655207765160602e-02 8.999643637030391163e-02
3.712882920281287968e-01 5.055852579425891280e-01 5.031060424207908777e-02 7.281584578720273759e-02
4.333365905242316241e-01 4.473073393752789451e-01 6.043272021643427555e-02 5.892334988405495411e-02
4.930978551984991354e-01 3.874106301436901489e-01 7.157664021649019770e-02 4.791487444132078860e-02
5.465524545522851829e-01 3.315411038267214727e-01 8.271114383223540645e-02 3.919529778875798648e-02
5.885225368305230242e-01 2.843770370701090289e-01 9.459896276051824038e-02 3.250146333884979671e-02
6.203696473244183496e-01 2.473429751111036745e-01 1.044968986990393450e-01 2.779047886543873497e-02
6.417903537191671504e-01 2.232925718473791621e-01 1.101187412437566737e-01 2.479833318969703465e-02
6.513974605971394327e-01 2.140956565628244768e-01 1.113463811246183238e-01 2.316050171541779445e-02
6.491709147203540420e-01 2.185690351293319011e-01 1.097272086366901656e-01 2.253284151362368315e-02
6.372522489374865540e-01 2.335957044171421693e-01 1.067676902705146508e-01 2.238435637485661212e-02
6.196810009685521647e-01 2.545720409555196073e-01 1.036298900787887278e-01 2.211706799713948624e-02
6.026541644142995313e-01 2.749930073143556086e-01 1.009861091013948831e-01 2.136671916994979312e-02
5.914238460567921019e-01 2.891804958784577329e-01 9.913776988292989645e-02 2.025788818182011272e-02
5.876607773326276707e-01 2.951890268773645354e-01 9.795506973816731078e-02 1.919512605184042764e-02
5.903401985073190028e-01 2.942577872575651843e-01 9.692074719852802889e-02 1.848126703658783607e-02
7.419121535511692400e-01 5.425464539287762344e-02 1.953521025032005365e-01 8.481098552752606989e-03
7.580347409927775670e-01 5.756108841638498536e-02 1.759485001635999191e-01 8.455670427237332518e-03
7.799647207473034971e-01 6.087705280371992489e-02 1.507205902599338121e-01 8.437636189042882137e-03
8.021228018900106171e-01 6.376009601972784657e-02 1.254376284682503506e-01 8.679473622011071171e-03
8.202414816164219635e-01 6.602457673250575199e-02 1.044572970496149417e-01 9.276644601457658540e-03
8.318874991902673877e-01 6.908745039535837962e-02 8.878028554643578596e-02 1.024476486793841033e-02
8.345409199657166655e-01 7.589127656607125294e-02 7.796430859608396990e-02 1.160349487212823313e-02
8.287027223592777769e-01 8.731096546535305203e-02 7.062182411596297504e-02 1.336448805940599650e-02
8.180502379117298162e-01 1.014061243549729679e-01 6.511612739325819965e-02 1.542751034003893990e-02
8.054376629244451857e-01 1.159794141375223020e-01 6.081161536560775877e-02 1.777130757242463902e-02
7.912447523884056366e-01 1.304001209971605568e-01 5.786567326670795375e-02 2.048945334772587709e-02
7.728541171012205391e-01 1.468719921628361957e-01 5.650371681454742501e-02 2.377017392139568058e-02
7.466481919153986624e-01 1.685163653949299789e-01 5.675661161877373906e-02 2.807883107089772373e-02
7.120572091650767543e-01 1.956001367420198145e-01 5.830145377725567263e-02 3.404120031564762672e-02
6.726835464632748840e-01 2.246454823783634591e-01 6.064231530385624791e-02 4.202865585450515917e-02
6.336531337065637315e-01 2.513395673986791312e-01 6.330193237307148169e-02 5.170536652168590541e-02
5.966208393596910131e-01 2.745216644235415338e-01 6.672817449481392715e-02 6.212932172195334557e-02
5.678846995572180978e-01 2.915157115169430546e-01 6.869669371525577439e-02 7.190289521058296218e-02
5.468947910568584536e-01 3.034036187239474436e-01 6.956637789393631255e-02 8.013521232525783189e-02
5.330160924970420711e-01 3.108658446860815272e-01 6.943551016087914918e-02 8.668255265599737747e-02
5.242757608722861118e-01 3.154609158325635820e-01 6.855680659248876430e-02 9.170651670266137534e-02
5.192693698020691695e-01 3.187362443050955618e-01 6.706178436979549906e-02 9.493260152303978350e-02
5.167798445208299229e-01 3.224009511331434319e-01 6.503977773089164582e-02 9.577942661513541567e-02
5.155925240628727035e-01 3.280662423681642847e-01 6.247375069739167369e-02 9.386748287157131720e-02
5.154418772129856219e-01 3.361159465665833346e-01 5.920770219605979434e-02 8.923447402437104103e-02
5.172857401811638001e-01 3.445382784992404024e-01 5.549598618488725543e-02 8.267999513470847273e-02
5.235731042071704033e-01 3.491361625828091619e-01 5.193538981659364534e-02 7.535534339342675469e-02
5.376099527114657217e-01 3.458120623040160102e-01 4.871434252764980655e-02 6.786364245686857255e-02
5.618262161479025130e-01 3.324313262079748310e-01 4.558495859665392946e-02 6.015749904746854615e-02
5.964663539055833352e-01 3.092240514491037540e-01 4.224920306676496068e-02 5.206039157854828320e-02
6.403443575305703961e-01 2.771148073172164383e-01 3.875234297276842349e-02 4.378849217944464495e-02
6.920961418615201310e-01 2.372454929073283814e-01 3.482734952084387547e-02 3.583101571030773008e-02
7.454511899518958540e-01 1.941273877459608332e-01 3.176423422988278178e-02 2.865718807226092305e-02
7.957097933530782319e-01 1.528314506750398927e-01 2.902537435325713497e-02 2.243338161862460864e-02
8.383403489499440253e-01 1.178891025254473479e-01 2.666796132303634811e-02 1.710258720157213641e-02
8.726239533885559174e-01 9.024767838364099182e-02 2.464752339525245681e-02 1.248084483255081263e-02
8.997243753449760684e-01 6.890444215926010141e-02 2.283112835858309292e-02 8.540054137180723426e-03
9.215741787566411602e-01 5.164619383288692606e-02 2.141916067693581602e-02 5.360466733536134974e-03
9.384745904763152069e-01 3.792046375370999173e-02 2.047057378059703725e-02 3.134371989378021296e-03
9.510350525803684674e-01 2.682079270446988128e-02 2.036420314887771657e-02 1.779951566284014141e-03
9.588374263523513630e-01 1.833333412270914467e-02 2.178975221908906537e-02 1.039487305850268686e-03
9.603208231575171006e-01 1.261894718065658706e-02 2.640092787176944594e-02 6.593017900571165662e-04
9.535995413548866706e-01 9.168187881373041775e-03 3.676639123948938909e-02 4.658795242510796030e-04
9.359812862949792311e-01 7.124358553245589872e-03 5.653113129642425849e-02 3.632238553509762203e-04
9.034408413775905089e-01 5.845628590724870344e-03 9.040938836765513575e-02 3.041416640295809557e-04
8.512760327437717267e-01 4.998338159152271830e-03 1.434586806762263578e-01 2.669484208495675765e-04
7.756237221117731062e-01 4.439071319112357361e-03 2.196981179078231761e-01 2.390886612914983522e-04
6.796646073773803254e-01 4.142107468654013941e-03 3.159752313294312276e-01 2.180538245341015935e-04
5.816737170784664901e-01 3.288602640004130266e-03 4.148563728327717137e-01 1.813074487576071011e-04
4.971082229815653730e-01 2.823542105540744612e-03 4.999073204757313871e-01 1.609144371623440694e-04
4.317708142514833369e-01 2.520724049716923949e-03 5.655548116302289152e-01 1.536500685710506060e-04
3.892800004000186997e-01 2.444784851467043767e-03 6.081138826773206940e-01 1.613320711935295937e-04
3.779417361268712638e-01 2.630940882132097418e-03 6.192417423054262793e-01 1.855806855707746786e-04
3.968773341817364297e-01 3.058192581194166086e-03 5.998410581467429337e-01 2.234150903266879167e-04
4.350609171875391978e-01 3.669389905243963020e-03 5.610004032507976968e-01 2.692896564192583889e-04
4.813076477758930771e-01 4.380550063116380594e-03 5.139922774237651870e-01 3.195247372254391826e-04
5.283878615539060464e-01 5.038597128294327980e-03 4.662024458900071999e-01 3.710954277926852788e-04
5.695385131820728253e-01 5.382680588058891442e-03 4.246693369556651110e-01 4.094692742032162098e-04
5.950563487998782319e-01 5.818755156070980032e-03 3.986880195471463884e-01 4.368764969044792025e-04
6.022851078697309957e-01 5.328204842902931060e-03 3.919884720829281410e-01 3.982152044378562870e-04
5.900106533060471836e-01 4.805213741511147642e-03 4.048330379131183099e-01 3.510950393234346439e-04
5.633693709394206328e-01 3.609492606977811931e-03 4.327423577621928308e-01 2.787786914087149828e-04
5.189149532413773747e-01 3.068989087139168976e-03 4.777733347856226720e-01 2.427228858612815040e-04
4.561056723734946416e-01 2.602731982433362148e-03 5.410769031819248065e-01 2.146924621471393206e-04
3.829258892088832078e-01 2.253560759458584067e-03 6.146224171382254076e-01 1.981328934328690887e-04
3.156964454637393169e-01 2.013816076030535904e-03 6.820954204947889954e-01 1.943179654411100895e-04
2.678949623409155323e-01 1.835733679817127270e-03 7.300671717592081000e-01 2.021322200596939055e-04
2.441923465860300624e-01 1.698521150632827320e-03 7.538847300789689454e-01 2.244021843682459413e-04
2.421212724848624542e-01 1.630219091255212180e-03 7.559796514464189876e-01 2.688569774632794136e-04
2.540170926834827703e-01 1.668897329160576965e-03 7.439709751809976401e-01 3.430348063589555010e-04
2.708008287233387157e-01 1.837399350416376665e-03 7.269100298257649140e-01 4.517421004799894945e-04
2.843718367805595504e-01 2.141934265958837704e-03 7.128984915022642532e-01 5.877374512176821017e-04
2.934086231255387811e-01 2.650212489653557164e-03 7.031923292977881879e-01 7.488350870196938550e-04
3.017535571825185059e-01 3.593739829872801862e-03 6.936832346459568255e-01 9.694683416514831686e-04
3.104051644484617789e-01 5.347985072487896306e-03 6.829532838592893285e-01 1.293566619761359754e-03
3.185026225638035724e-01 8.335605372700866100e-03 6.714338550854519472e-01 1.727916978043594377e-03
3.282627865183293525e-01 1.275425397026369069e-02 6.567572302687726404e-01 2.225729242634177582e-03
3.468323194432703649e-01 1.844426733482803019e-02 6.319739879118717596e-01 2.749425310029670992e-03
3.798823040082172642e-01 2.498261757094925525e-02 5.918554440183445564e-01 3.279634402489150537e-03
4.272317003005365321e-01 3.171946246210496229e-02 5.372866654930792407e-01 3.762171744279247092e-03
4.828687682077227317e-01 3.793704902909861287e-02 4.750779801288153581e-01 4.116202634363339864e-03
5.371942616832837691e-01 4.373312372661190828e-02 4.147377940018505127e-01 4.334820588253959946e-03
5.799027597242106813e-01 5.076420615032336409e-02 3.648070399956585552e-01 4.525994129807642263e-03
6.013861949153257447e-01 6.194357339489774128e-02 3.318394900152408233e-01 4.830741674535507686e-03
5.943426886751076443e-01 8.055014181313266408e-02 3.196973095278056176e-01 5.409859983954184125e-03
5.531077312494326881e-01 1.140664070194454677e-01 3.263453150307242256e-01 6.480546700397417370e-03
4.849892001095998939e-01 1.646007655608417997e-01 3.420968650497615560e-01 8.313169279796996797e-03
3.987152386488019284e-01 2.353616543751154699e-01 3.547960666413807473e-01 1.112704033470185774e-02
3.097709729270407553e-01 3.146332156303136007e-01 3.609254296707176679e-01 1.467038177192786855e-02
