1.696015638751677823e-01 2.465485331136138270e-01 3.939318560868022567e-01 1.899180469244163838e-01
5.774673648522833380e-01 1.563247059193613731e-01 2.065647458985603591e-01 5.964318332979489518e-02
5.747590035015880394e-01 1.599874433123454343e-01 2.051674216380833249e-01 6.008613154798268796e-02
5.722560516709099820e-01 1.646635073948577721e-01 2.024574497673967410e-01 6.062299116683565053e-02
5.698882467733726864e-01 1.711310137410081145e-01 1.976406800689088361e-01 6.134005941671042544e-02
5.668181102929135129e-01 1.807336242163103956e-01 1.900538861844923433e-01 6.239437930628333184e-02
5.618568936477628117e-01 1.946537224231926488e-01 1.795216351286380296e-01 6.396774880040660693e-02
5.536138846509288669e-01 2.140615385276468940e-01 1.660725088210069089e-01 6.625206800041738564e-02
5.399226874502758289e-01 2.407447220692338630e-01 1.497825080148277033e-01 6.955008246566270202e-02
5.207249299377121332e-01 2.737769806873445178e-01 1.311654365416553281e-01 7.433265283328788220e-02
4.882503777397511069e-01 3.185221234572690463e-01 1.117710288203590391e-01 8.145646998262040528e-02
4.449639413022014045e-01 3.722751181027983414e-01 9.108952466934060188e-02 9.167141592565979102e-02
3.911628183218649468e-01 4.315566809453317276e-01 7.151339639695021566e-02 1.057671043358527352e-01
3.324989838387868990e-01 4.886713041616673192e-01 5.465374122957438602e-02 1.241759707699711945e-01
2.790693623017477254e-01 5.344033670925141255e-01 4.144226673713497650e-02 1.450850038686032906e-01
2.421911882529987348e-01 5.632729473555417865e-01 3.212371568999070753e-02 1.624121487014689724e-01
2.274627216356496229e-01 5.782931998597671264e-01 2.612294176549935162e-02 1.681211367390838540e-01
2.316355166922755837e-01 5.875923826141666861e-01 2.215444781472226607e-02 1.586176528788350026e-01
2.479221758180946700e-01 5.943521674915545061e-01 1.955961765360911611e-02 1.381660390367420166e-01
2.753951852678644396e-01 5.910143104932801261e-01 1.899479380250480506e-02 1.145957104363506396e-01
3.163876878400113668e-01 5.698116822048594488e-01 2.090751400367120774e-02 9.289311595145788303e-02
3.673114192766588904e-01 5.340509968605313684e-01 2.505926876572655074e-02 7.357831509708286089e-02
4.239511975509223651e-01 4.880467364291570243e-01 3.164376034699679235e-02 5.635830567292410970e-02
4.864617097531165335e-01 4.308181709987678465e-01 4.109182569311907451e-02 4.162829355499664957e-02
5.584012580610365761e-01 3.561580197860305663e-01 5.539898484141444340e-02 3.004173731151827884e-02
6.362180877539400647e-01 2.704874457422853373e-01 7.175765973169651035e-02 2.153680677207791411e-02
7.079198019413022180e-01 1.897913585372162371e-01 8.684500215711106474e-02 1.544383736437073169e-02
7.540608431027409075e-01 1.288634220519624951e-01 1.059479949792110631e-01 1.112773986608535902e-02
7.565854035434825819e-01 8.891276273287801457e-02 1.463635190573224498e-01 8.138314666317113255e-03
7.085891024794718218e-01 6.253628858880348751e-02 2.227801876929236258e-01 6.094421238801167248e-03
6.212190329875255657e-01 4.375093563667813851e-02 3.303654577446988871e-01 4.664573631097440783e-03
5.188763214370101240e-01 2.955517257492789804e-02 4.479921271520911352e-01 3.576378835970780729e-03
4.233823438391647875e-01 1.894662579713626144e-02 5.550100927205912082e-01 2.660937643107247081e-03
3.348715393557268327e-01 1.133711693838050996e-02 6.518284237337161890e-01 1.962919972176571919e-03
2.535082122121219417e-01 6.603076662338616502e-03 7.384425097350768574e-01 1.446201390462580278e-03
1.854547750499983549e-01 3.935487897866146549e-03 8.095137147085922358e-01 1.096022343543387846e-03
1.395432310846088375e-01 2.574942531193673886e-03 8.569858818593413252e-01 8.959445248563018384e-04
1.175146157077476688e-01 2.115771300221828966e-03 8.795248443281648010e-01 8.447686638654983539e-04
1.186004897342894382e-01 2.058913490368339139e-03 8.784164460734000812e-01 9.241507019418708328e-04
1.382773351503750470e-01 2.271308829853756987e-03 8.582887077483387639e-01 1.162648271432058320e-03
1.681975691519232430e-01 3.165838075095235831e-03 8.269774683214152766e-01 1.659124451565999539e-03
2.037180730270751194e-01 4.842280982403535279e-03 7.888940705602069947e-01 2.545575430313952881e-03
2.400990430562957578e-01 7.616331468150835428e-03 7.481986279538785922e-01 4.085997521674888250e-03
2.720839827523594545e-01 1.187217641618819146e-02 7.093749310258240515e-01 6.668909805628253987e-03
2.955534964984466995e-01 1.854033713096926370e-02 6.750655204659673503e-01 1.084064590461682707e-02
3.134826863951002962e-01 2.973144789786798248e-02 6.392351503500866006e-01 1.755071535694503054e-02
3.315440645855148860e-01 4.859627608650154973e-02 5.914148601831913377e-01 2.844479914479231680e-02
3.476336376646302351e-01 7.756011264144427320e-02 5.296800398757086636e-01 4.512620981821682115e-02
3.558273132885922396e-01 1.167722403558672656e-01 4.598034656940853115e-01 6.759698066145509998e-02
3.471721078138013672e-01 1.644040822308504013e-01 3.949821603360363920e-01 9.344164961931154811e-02
3.270346504868256732e-01 2.159160118592947653e-01 3.366328235327112894e-01 1.204165141211680917e-01
2.977774180058685993e-01 2.651563965057096017e-01 2.895470435284173139e-01 1.475191419600042353e-01
2.641963307619705215e-01 3.070666367623094972e-01 2.528968214497839817e-01 1.758402110259360829e-01
2.310242029530645835e-01 3.344337067047553624e-01 2.271453584748864551e-01 2.073967318672938764e-01
2.011098065429333392e-01 3.488535980069791265e-01 2.068247621249808543e-01 2.432118333251065967e-01
1.767471459145846246e-01 3.520118918886316894e-01 1.901320752706372463e-01 2.811088869261463286e-01
1.583922265999426482e-01 3.501431304212294093e-01 1.753231311939257298e-01 3.161415117849022405e-01
1.459316994703632187e-01 3.491227685266250491e-01 1.623192859616610084e-01 3.426262460413506683e-01
1.402369354465755891e-01 3.512412771784911847e-01 1.528332542166603303e-01 3.556885331582726462e-01
1.431514729472418979e-01 3.558430789980353559e-01 1.486978192635317608e-01 3.523076287911909299e-01
1.541975243132039930e-01 3.601821094663564260e-01 1.493439713178994210e-01 3.362763949025404098e-01
1.704240908830453038e-01 3.618843831258385380e-01 1.523192059331556769e-01 3.153723200579603980e-01
1.894789401697879183e-01 3.605163614588349774e-01 1.556266527353241391e-01 2.943780456360532427e-01
2.090198250431115901e-01 3.571083223569329057e-01 1.576475387680576490e-01 2.762243138318979385e-01
2.267521761657111390e-01 3.533682045937167060e-01 1.576313071593503923e-01 2.622483120812216240e-01
2.406431930494968841e-01 3.506144989040913540e-01 1.558307987513699866e-01 2.529115092950418586e-01
2.485853926223356991e-01 3.499971601900992435e-01 1.527977944253552656e-01 2.486196527622098473e-01
2.502526286387818377e-01 3.520920935975562771e-01 1.492706486637686014e-01 2.483846290998931727e-01
2.467721591455447061e-01 3.566349949528015428e-01 1.456311416658814806e-01 2.509617042357724648e-01
2.387789817473351950e-01 3.629316978101608804e-01 1.417078066881785336e-01 2.565815137543254187e-01
2.270184205300588010e-01 3.694377353552950605e-01 1.376701978360486411e-01 2.658736462785976085e-01
2.122124761945543281e-01 3.740039794780453675e-01 1.340641898558516121e-01 2.797193544715484981e-01
3.443126300311449839e-01 2.614039919543376667e-01 3.218554482320865051e-01 7.242792978243094149e-02
8.409766780031350253e-01 1.308040540505857052e-01 1.640904828284371966e-02 1.181021966343526880e-02
8.544354570283783090e-01 1.158445265371703947e-01 1.887851348598001966e-02 1.084150294847117599e-02
8.670904921877351512e-01 1.021497946312788230e-01 2.117574192079187123e-02 9.583971260193904773e-03
8.797297061420211728e-01 8.858661453914183637e-02 2.343681154416050669e-02 8.246867774676727020e-03
8.907152778133994309e-01 7.569164169356745742e-02 2.654350766122639746e-02 7.049572831806665690e-03
8.994098294726964316e-01 6.399792236767329334e-02 3.050393187190985136e-02 6.088316287720364761e-03
9.024027950051742852e-01 5.403649296716491607e-02 3.822581077782877257e-02 5.334901249831799745e-03
8.977156347719260632e-01 4.519056605722406028e-02 5.248236520203929112e-02 4.611433968810489149e-03
8.782096253056473900e-01 3.751261405433645169e-02 8.039297030485655082e-02 3.884790335159480842e-03
8.298556732308312034e-01 3.128736419564268068e-02 1.356526076177552442e-01 3.204354955770955839e-03
7.353943681924473008e-01 2.572320125463233020e-02 2.363187557712981002e-01 2.563674781621986913e-03
5.911189626565042099e-01 1.979190741327827366e-02 3.871452248079497171e-01 1.943905122267832256e-03
4.281399753154636056e-01 1.327738889781001838e-02 5.572542177408318365e-01 1.328418045894194741e-03
2.849650404324008401e-01 7.770587230240091556e-03 7.064194007454775992e-01 8.449715918813438748e-04
1.860469591802612344e-01 4.229782966038165767e-03 8.091928223723687807e-01 5.304354813318098039e-04
1.308934369520587671e-01 2.464977123817397881e-03 8.662605973893174882e-01 3.809885348066461988e-04
1.114288833350661617e-01 1.685539030503121951e-03 8.865622198735534365e-01 3.233577608773935625e-04
1.111992079179077580e-01 1.416188984216815334e-03 8.870513334994634125e-01 3.332695984120540912e-04
1.151928616815740547e-01 1.316971368514388389e-03 8.831223425221645940e-01 3.678244277467333182e-04
1.129455150988294687e-01 1.221086432873914147e-03 8.854384910002741638e-01 3.949074680223742793e-04
1.033919410946975981e-01 1.097848332637370783e-03 8.951030789355315376e-01 4.071316371335491823e-04
9.156398507528634712e-02 9.959449133153813489e-04 9.070210978992230277e-01 4.189721121753591567e-04
8.265331474308122706e-02 9.768862724209171483e-04 9.159175548189391058e-01 4.522441655587457784e-04
7.775503033796070385e-02 1.063484374128303381e-03 9.206671335006164636e-01 5.143517872945054361e-04
7.675652561036371002e-02 1.286590277403298899e-03 9.213426356785694438e-01 6.142484336636820771e-04
8.000445288609235595e-02 1.714391867287693490e-03 9.175073451594645269e-01 7.738100871553769836e-04
8.781842459045918758e-02 2.463845084554057863e-03 9.086910567933543792e-01 1.026673531632311389e-03
1.004013805151270922e-01 3.735651617243321114e-03 8.944361885859346550e-01 1.426779281694982426e-03
1.167033806997722634e-01 5.855880749313496607e-03 8.753936055683356754e-01 2.047132982578571576e-03
1.330053296972527332e-01 9.329274551234927743e-03 8.547173559234868545e-01 2.948039828025535245e-03
1.465597400382060989e-01 1.598616027040800774e-02 8.332184917302759564e-01 4.235607961109683767e-03
1.530293699301804589e-01 2.626456028689357070e-02 8.147137420297708710e-01 5.992327753155116815e-03
1.555557990336684793e-01 4.301142379248196895e-02 7.929695327126541349e-01 8.463244461195354451e-03
1.588250990797280271e-01 6.905396712141226301e-02 7.600133105940835021e-01 1.210762320477650270e-02
1.666772067152967607e-01 1.045933925467588399e-01 7.112968341328267385e-01 1.743256660511770945e-02
1.779844274957105843e-01 1.448344882231345776e-01 6.525821373648190704e-01 2.459894691633564973e-02
1.924857802154688879e-01 1.832014978396953597e-01 5.909983921940942242e-01 3.331432975074166691e-02
2.108331237021114912e-01 2.149778840555378601e-01 5.314404075595232646e-01 4.274858468282741186e-02
2.335072278472591079e-01 2.383888738452077660e-01 4.763546318050403960e-01 5.174926650249263987e-02
2.594809400501693619e-01 2.540074181586271518e-01 4.269898469008031605e-01 5.952179489040086702e-02
2.885204697450140521e-01 2.622436574485818017e-01 3.833042426541238279e-01 6.593163015228052648e-02
3.208462403119468620e-01 2.623179090290910231e-01 3.458949142189756132e-01 7.094093643998655718e-02
3.553862170891851635e-01 2.546392251538876494e-01 3.155326518725309337e-01 7.444190588439592027e-02
3.891105775446679904e-01 2.420141862437127922e-01 2.923156611847632091e-01 7.655957502685618865e-02
4.157911799376018402e-01 2.287620708128337566e-01 2.778510204032696995e-01 7.759572884629459266e-02
4.296704864604276031e-01 2.174830674493362648e-01 2.747435850528575640e-01 7.810286103737849872e-02
4.305021763248380595e-01 2.075806396797129916e-01 2.831832259710164168e-01 7.873395802443225455e-02
4.182479857315636318e-01 1.988025887567016203e-01 3.031435628192992171e-01 7.980586269243546138e-02
3.902653138469336369e-01 1.922795767242119480e-01 3.361394970323850484e-01 8.131561239646918626e-02
3.454023659900901655e-01 1.898548386219762463e-01 3.816467026987329647e-01 8.309609268920056802e-02
2.896168698568870603e-01 1.942510566738639421e-01 4.303119518630875717e-01 8.582012160616168950e-02
2.342318449890369303e-01 2.095712287371370164e-01 4.641245596804868256e-01 9.207236659333942197e-02
1.857773989154766492e-01 2.406573258665949400e-01 4.685812950296558421e-01 1.049839801882724161e-01
1.497069233078346384e-01 2.842334810227118425e-01 4.412351482766261324e-01 1.248244473928279419e-01
1.239331234097927614e-01 3.366515838429667840e-01 3.937378637133576165e-01 1.456774290338830047e-01
1.041949890503743037e-01 3.963860766297400140e-01 3.412114290165666475e-01 1.582075053033187573e-01
8.552386129208612575e-02 4.648447043588559424e-01 2.909472462838370022e-01 1.586841880652212211e-01
6.817242982420039510e-02 5.368071954782644983e-01 2.425015477905679007e-01 1.525188269069670532e-01
5.468515723309547855e-02 6.005167425033501871e-01 1.961000093283143952e-01 1.486980909352397795e-01
4.458657157935860815e-02 6.498671993599899332e-01 1.537424222612651104e-01 1.518038067993864593e-01
4.123951756080028452e-02 6.735775313187541968e-01 1.260964981494625270e-01 1.590864529709831721e-01
4.368276128618318876e-02 6.778258779083093932e-01 1.140239348450144963e-01 1.644674259604930466e-01
5.235624211847528936e-02 6.664211967521055380e-01 1.155129148050335341e-01 1.657096463243857287e-01
7.024686502329174909e-02 6.359622696809235087e-01 1.308145590134739134e-01 1.629763062823107733e-01
1.028632014373467435e-01 5.796718631927818555e-01 1.617432114942840837e-01 1.557217238755871924e-01
1.546802136793078986e-01 4.959735560878064664e-01 2.071652274650990500e-01 1.421810027677866406e-01
2.209265980053763401e-01 3.984644342360666447e-01 2.589860168890467662e-01 1.216229508695104017e-01
2.861022033123842290e-01 3.055134181131881066e-01 3.113214814668225361e-01 9.706289710760508671e-02
3.305026553197863981e-01 2.409661537721361491e-01 3.548396297936941002e-01 7.369156111438371348e-02
3.557774419681849487e-01 2.016472785778773424e-01 3.876725042665921661e-01 5.490277518734550111e-02
3.757849367590630485e-01 1.772509481056057656e-01 4.056428910097499840e-01 4.132122412558145857e-02
1.579203570778620405e-02 3.965205399962073302e-02 9.045744109563801094e-02 8.540984691969552012e-01
4.438872239641751261e-01 3.900464614822189424e-01 4.580297169864824131e-02 1.202633428549576694e-01
5.084588900464959149e-01 3.223208340270663497e-01 4.953274225082942434e-02 1.196875336756083319e-01
5.869821848253409247e-01 2.525177882687373310e-01 5.149926940840274248e-02 1.090007574975185162e-01
6.813015150521255503e-01 1.805995634507894243e-01 4.917458264344556906e-02 8.892433885363953960e-02
7.748752313074227516e-01 1.178511093451135583e-01 4.329979520569822438e-02 6.397386414176541025e-02
8.500959412726056819e-01 7.262045970410919982e-02 3.551828171501941744e-02 4.176531730826581884e-02
8.966547300528667774e-01 4.662593982423238886e-02 2.975464376302757938e-02 2.696468635987336188e-02
9.200776579808177535e-01 3.369221482452886690e-02 2.765523011604031911e-02 1.857489707861258166e-02
9.293736126009198850e-01 2.761685384087096337e-02 2.893848591562520750e-02 1.407104764258403085e-02
9.299795373405619348e-01 2.507654159039547984e-02 3.318457343315029534e-02 1.175934763589231088e-02
9.249178398941706458e-01 2.431076134478188724e-02 4.011399393410607778e-02 1.065740482694111334e-02
9.155683426632353905e-01 2.426327078293055370e-02 5.001172951017838347e-02 1.015665704365545548e-02
9.005206867163779716e-01 2.461584452449467469e-02 6.494399875583931059e-02 9.919470003287944246e-03
8.757948930624375183e-01 2.569784005324560888e-02 8.865286548028064595e-02 9.854401404036263259e-03
8.405869883539188736e-01 2.744245715119883466e-02 1.221332946698649308e-01 9.837259825016972381e-03
8.031312446453752196e-01 2.892523911205694548e-02 1.583661360936927387e-01 9.577380148875049362e-03
7.761257769942485618e-01 2.919414656127513122e-02 1.858343959538028833e-01 8.845680490673510366e-03
7.662068462642546152e-01 2.821207172235551744e-02 1.978239047768528547e-01 7.757177236537203535e-03
7.703128550111274508e-01 2.655281119630581790e-02 1.965403366138611108e-01 6.593997178705517277e-03
7.800494536676717550e-01 2.453055400979417891e-02 1.899211517019669671e-01 5.498840620567017543e-03
7.895391932586934836e-01 2.201103828172107368e-02 1.839824946157706531e-01 4.467273843814670818e-03
7.989416670748438198e-01 1.886955530233777253e-02 1.786932466070409453e-01 3.495531015777644888e-03
8.110793159240432537e-01 1.545861364905378246e-02 1.707931241430104830e-01 2.668946283892459619e-03
8.264104305870575429e-01 1.236815567654397235e-02 1.591715710656949612e-01 2.049842670703263831e-03
8.424572022265266469e-01 9.895600489422231097e-03 1.460381079113593494e-01 1.609089372691759794e-03
8.567483716682809947e-01 8.067930445689533089e-03 1.338961195021397543e-01 1.287578383889827639e-03
8.703539682667965627e-01 6.856296783682261885e-03 1.217404458856991972e-01 1.049289063822246440e-03
8.866019447223301153e-01 6.180312450066741993e-03 1.063402651855169245e-01 8.774776420861399957e-04
9.061158180617155944e-01 5.809514349753108417e-03 8.733017262725489838e-02 7.444949612765365109e-04
9.251122368834385767e-01 5.513768395605346713e-03 6.874641454161498078e-02 6.275801793413126120e-04
9.390058154498343024e-01 5.265802080379937064e-03 5.519710689096813533e-02 5.312755788176039794e-04
9.450551144051224650e-01 5.190511826411295382e-03 4.928241868183984298e-02 4.719550866261790255e-04
9.414129364787549026e-01 5.450511977277146258e-03 5.267467976607053542e-02 4.618717778973985516e-04
9.248895784046101687e-01 6.238434040424256991e-03 6.835830956645867762e-02 5.136779885070206315e-04
8.910083130533675844e-01 7.695532139718362467e-03 1.006504167310019460e-01 6.457380759121106664e-04
8.396280861181827371e-01 9.782340009203700781e-03 1.497025452037902271e-01 8.870286688231433445e-04
7.813711940973590009e-01 1.223633132746830381e-02 2.051209566358888348e-01 1.271517939283684255e-03
7.307535223310306360e-01 1.484749697551534554e-02 2.525710406920237960e-01 1.827940001430185301e-03
6.951749231444446231e-01 1.740529304414878062e-02 2.848579213664874654e-01 2.561862444919080131e-03
6.747863595208077880e-01 1.935135444408799671e-02 3.024523656503085856e-01 3.409920384795503932e-03
6.643453756832741197e-01 2.021708789682339150e-02 3.112232821174505393e-01 4.214254302451937370e-03
6.576439677735571587e-01 2.008441817500529469e-02 3.174313684673441549e-01 4.840245584093337897e-03
6.519877090831117661e-01 1.932034614464229680e-02 3.233949814146584445e-01 5.296963357587497825e-03
6.474710552094710136e-01 1.839940816147082187e-02 3.283537265936831151e-01 5.775810035375006889e-03
6.445706622302743716e-01 1.796439368471217102e-02 3.308650801318140378e-01 6.599863953199553226e-03
6.435765047184497378e-01 1.873498123285935804e-02 3.294950740518049481e-01 8.193439996885827636e-03
6.444604131103166544e-01 2.158890238845900117e-02 3.227350629229265855e-01 1.121562157829807289e-02
6.435040138564789292e-01 2.786649527109566829e-02 3.118276347446094499e-01 1.680185612781602902e-02
6.304980748174371374e-01 4.053297871700405064e-02 3.021836316713507053e-01 2.678531479420787412e-02
5.948510350726438078e-01 6.196237173763628758e-02 2.997321952570794479e-01 4.345439793264044281e-02
5.309043174736158832e-01 9.764447463903594415e-02 3.019661570520115190e-01 6.948505083533682014e-02
4.454031266727478400e-01 1.490859611464753764e-01 2.998707905532084772e-01 1.056401216275681398e-01
3.585954541526159556e-01 2.138998028275799490e-01 2.778574487860951403e-01 1.496472942337087053e-01
2.831936580369667222e-01 2.876912595084946678e-01 2.335220357818419412e-01 1.955930466726963080e-01
2.159196699066830705e-01 3.708999156071569048e-01 1.760780355759927196e-01 2.371023789101674994e-01
1.581586595571886911e-01 4.580466743871449697e-01 1.171883384103458436e-01 2.666063276453202180e-01
1.148397369783394767e-01 5.361373343446911299e-01 7.158253416257527590e-02 2.774403945143942840e-01
8.595501499837740478e-02 5.988734016515956382e-01 4.329995429354354525e-02 2.718716290564831550e-01
6.784379410293929491e-02 6.471617434429670634e-01 2.791269439948730960e-02 2.570817680546061412e-01
5.720380737469501348e-02 6.833308950490277756e-01 2.003770211046763255e-02 2.394275954658095507e-01
5.192970168576895029e-02 7.087317074508466819e-01 1.621821117328479597e-02 2.231203796900997072e-01
5.148206479723893558e-02 7.228190845609437920e-01 1.488118948567123540e-02 2.108176611561457525e-01
5.618416521342198960e-02 7.242709354898198004e-01 1.535348406939193722e-02 2.041914152273663074e-01
6.721424323264016398e-02 7.124041349295627823e-01 1.720187597205623253e-02 2.031797458657410849e-01
8.720871161553284123e-02 6.877224173432719967e-01 1.993643077162192759e-02 2.051324402695734184e-01
1.205003252136112452e-01 6.523271916363656553e-01 2.281587918810180568e-02 2.043566039619213459e-01
1.656247172819125535e-01 6.136439340057269209e-01 2.503198041385288133e-02 1.956993682985074812e-01
2.199196090075810905e-01 5.743123650809554004e-01 2.558045470528584261e-02 1.801875712061777046e-01
2.710251346280801443e-01 5.416653267779147907e-01 2.446733011074506831e-02 1.628422084832597538e-01
3.144297929324166851e-01 5.149333359290283463e-01 2.294415394435602232e-02 1.476927171941988803e-01
3.482382348271370054e-01 4.931738535522813827e-01 2.180912536184712730e-02 1.367787862587343806e-01
7.445692173634350652e-01 2.493439368939171993e-02 2.161609018279044836e-01 1.433548711926867399e-02
2.437835329652740524e-02 9.641159487630310831e-01 3.530995563948927368e-03 7.974702376492337486e-03
2.952220198998251402e-02 9.594761163034678519e-01 3.591058585017251059e-03 7.410623121532191292e-03
3.685130153223441229e-02 9.516258100272882992e-01 3.967146432167326618e-03 7.555742008309953260e-03
4.835689669043541361e-02 9.384735277322824309e-01 4.829424628333501245e-03 8.340150948948658535e-03
6.370635101812724410e-02 9.206089996648937346e-01 6.193029939172843730e-03 9.491619377805913041e-03
7.947254671633312284e-02 9.019104706316370956e-01 7.909859613719509228e-03 1.070712303830999128e-02
9.268768251732489860e-02 8.853290364653291222e-01 1.001583491638583477e-02 1.196744610096060757e-02
1.030396326891649533e-01 8.705712401624269292e-01 1.292609796510689815e-02 1.346302918330129911e-02
1.119022305499669662e-01 8.556348763654372247e-01 1.713946920877251409e-02 1.532342387582342341e-02
1.227068219142513489e-01 8.363931797778623167e-01 2.323456245935314954e-02 1.766543584853305648e-02
1.400312428158500822e-01 8.072260603267104040e-01 3.224103574793917015e-02 2.050166110950047207e-02
1.653060703568075274e-01 7.650769923116009785e-01 4.625025543770210773e-02 2.336668189388920597e-02
1.995677782796486943e-01 7.085380728313412924e-01 6.643879520089601698e-02 2.545535368811395818e-02
2.382431562254302970e-01 6.388323119958995155e-01 9.687240385030107537e-02 2.605212792836932023e-02
2.792764509426904351e-01 5.525454494618302625e-01 1.432705556385573120e-01 2.490754395692176132e-02
3.204067486266182763e-01 4.443509259858793303e-01 2.132768013594641410e-01 2.196552402803847448e-02
3.495740483317831271e-01 3.233120032444055658e-01 3.098083534425251084e-01 1.730559498128641030e-02
3.448767264178251857e-01 2.118150287610505167e-01 4.314279470485433143e-01 1.188029777258120014e-02
3.015557285613510441e-01 1.256567387415002679e-01 5.656200211856852178e-01 7.167511511463495362e-03
2.422901267389878932e-01 6.902428208398832254e-02 6.847251426685384557e-01 3.960448508485239251e-03
1.868057945310935553e-01 3.759764566139738029e-02 7.734032755283334337e-01 2.193284279175514075e-03
1.432250166702189742e-01 2.140254720976966091e-02 8.340948374656467212e-01 1.277598654364330531e-03
1.086420931534807649e-01 1.225248388422472447e-02 8.783113191010087917e-01 7.941038612859507590e-04
8.133944472149130800e-02 7.639996212972721516e-03 9.104968463290891156e-01 5.237127364468244922e-04
5.869253836132598545e-02 4.894905050113611787e-03 9.360477172966736870e-01 3.648392918864338543e-04
4.006024658309965958e-02 3.190407691942058043e-03 9.564851929177987655e-01 2.641528071594985557e-04
2.522816743958666494e-02 2.058473431320577245e-03 9.725214541993784101e-01 1.919049297143310320e-04
1.486146924851938084e-02 1.331595738093201879e-03 9.836657418797715158e-01 1.411931336159020763e-04
8.842326454702915256e-03 9.249720987762357054e-04 9.901207355366933305e-01 1.119659098274097445e-04
5.828699131485095067e-03 7.539841010273274236e-04 9.933146485040946772e-01 1.026682633930362231e-04
4.538562246962071778e-03 7.804078462713401115e-04 9.945653185343026337e-01 1.157113724639352001e-04
4.370083530205489189e-03 1.083615103944571495e-03 9.943756730993041915e-01 1.706282665458699096e-04
5.107826396252754773e-03 1.951664407972375590e-03 9.926147951501620437e-01 3.257140456129458263e-04
6.553555850606394319e-03 4.022077932093442131e-03 9.886998203865238199e-01 7.245458307762358326e-04
8.346906187707258881e-03 8.303132229864354508e-03 9.816650473152426226e-01 1.684914267185663598e-03
1.239754240044926327e-02 1.500686018488875742e-02 9.686679861596440011e-01 3.927611255017783923e-03
1.592064643337367039e-02 2.504324235549248642e-02 9.505843860386108402e-01 8.451725172523178245e-03
1.881203442025267472e-02 3.543100008879463553e-02 9.295296068120457722e-01 1.622735867890659142e-02
2.022490828750065153e-02 4.262486192718690364e-02 9.095844223177845800e-01 2.756580746752780933e-02
2.010515270405643928e-02 4.521533291591651321e-02 8.921657192513650081e-01 4.251379512866192145e-02
1.931351513098708561e-02 4.528106163371310028e-02 8.726923998620724765e-01 6.271302337322742781e-02
1.891031957144017478e-02 4.589480526399740412e-02 8.432933902809446325e-01 9.190148488361790657e-02
1.935804579536778980e-02 4.873191223841348563e-02 7.983175643470163951e-01 1.335924776192019825e-01
2.072335860709427491e-02 5.453888754181817483e-02 7.351046016698037366e-01 1.896331521812836818e-01
2.283842173505618717e-02 6.364129621583922147e-02 6.569432101653515099e-01 2.565770718837530051e-01
2.503120582066432898e-02 7.611316171577038603e-02 5.796474050375269860e-01 3.192082274260383823e-01
2.724312075916546574e-02 9.246116280847362090e-02 5.230756542699627198e-01 3.572200621623979333e-01
2.823437014008023035e-02 1.152444520876412110e-01 4.937052151097792718e-01 3.628159626624994361e-01
3.014454173575520021e-02 1.437745262492670373e-01 4.850182166113520266e-01 3.410627154036254272e-01
3.227798398805368368e-02 1.761202693341039072e-01 4.886133369274204274e-01 3.029884097504216833e-01
3.414214382445799473e-02 2.102058118630903694e-01 4.968581692640547387e-01 2.587938750483967931e-01
3.515508954941930914e-02 2.476052114829715989e-01 5.017249674258751346e-01 2.155147315417344500e-01
3.490943797069546300e-02 2.963699429639875538e-01 4.892930825498472136e-01 1.794275365154695823e-01
3.301651984697519943e-02 3.678796747206731221e-01 4.455423917477138174e-01 1.535614136846377431e-01
2.877629849883173857e-02 4.663728695479658071e-01 3.696097189679162787e-01 1.352411129852862381e-01
2.283414715017071522e-02 5.814629686609905646e-01 2.757871971102108799e-01 1.199156870786278334e-01
1.677478925861108569e-02 6.924196863934158896e-01 1.866745009231272623e-01 1.041310234248457728e-01
1.240575383793448422e-02 7.822017711618323155e-01 1.185586790256084738e-01 8.683379597462452526e-02
9.581750949428785580e-03 8.475856833072775709e-01 7.363514138086123262e-02 6.919742436243264683e-02
8.165342210552433908e-03 8.910209360654161026e-01 4.697465092702988315e-02 5.383907079700153003e-02
7.861971652422434370e-03 9.179378249429133163e-01 3.166203372390749560e-02 4.253816968075692373e-02
8.464095575543081548e-03 9.337322993229475454e-01 2.259903444651717788e-02 3.520457065499191934e-02
9.829676253667585933e-03 9.422719803810043482e-01 1.697240437081865005e-02 3.092593899450950257e-02
1.209775081321373506e-02 9.447815837766866398e-01 1.370964580310787828e-02 2.941101960699143980e-02
1.555185531725682482e-02 9.415973663260568394e-01 1.214908106223772967e-02 3.070169729444872236e-02
2.054305638589297434e-02 9.325832691680659980e-01 1.176785834967202134e-02 3.510581609636893863e-02
2.643866535086210681e-02 9.183891736769123071e-01 1.222036892342123066e-02 4.295179204880430340e-02
3.477723817683270324e-02 8.975282818140510877e-01 1.313725861923710839e-02 5.455722138987920133e-02
4.329947334224962252e-02 8.730167790528068350e-01 1.392076640421951485e-02 6.976298120072399467e-02
5.207943760460286009e-02 8.431831821394353277e-01 1.475317545871939091e-02 8.998420479724235366e-02
6.222910272655370056e-02 8.060720481140484228e-01 1.606909248266197993e-02 1.156297566767362783e-01
1.726412626001462003e-01 6.803571670241334024e-01 8.375689175343533494e-03 1.386258812003764163e-01
1.747114647697228518e-01 6.922768176792414296e-01 9.538365868737342518e-03 1.234733516822983240e-01
1.847676949876134178e-01 6.979719291895082334e-01 1.098285827057834951e-02 1.062775175522996524e-01
2.042038677340348440e-01 6.930948635463932694e-01 1.307282378081008230e-02 8.962844493876169494e-02
2.293302883345139653e-01 6.798951095602114858e-01 1.598781624017600600e-02 7.478678586509870940e-02
2.545102918633188605e-01 6.641549243191796625e-01 1.950075641277885380e-02 6.183402740472253994e-02
2.768474841600191971e-01 6.493837894093690277e-01 2.314987983128861254e-02 5.061884659932322506e-02
2.986811952869238285e-01 6.332791734423200980e-01 2.679765203903715712e-02 4.124197923171870478e-02
3.228995988205717871e-01 6.132098003471493364e-01 3.021771469430994603e-02 3.367288613796873969e-02
3.571470585077629045e-01 5.800178247433387391e-01 3.474085441493394294e-02 2.809426233396427816e-02
3.932080594219221625e-01 5.442363482893601834e-01 3.878579221389757969e-02 2.376980007482024093e-02
4.258765474603949941e-01 5.107370998511986393e-01 4.293773647417271910e-02 2.044861621423356771e-02
4.575066683455298877e-01 4.772368593104994727e-01 4.717753127727003504e-02 1.807894106670078840e-02
4.839921266421405299e-01 4.479569506629419440e-01 5.142170570517193978e-02 1.662921698974567999e-02
4.997824683481673635e-01 4.294780685547286425e-01 5.477627142248037845e-02 1.596319167462371957e-02
4.991912087619684302e-01 4.280979958900634763e-01 5.680302774617341371e-02 1.590776760179458960e-02
4.827416989097249034e-01 4.432159113668390771e-01 5.770730987888640640e-02 1.633507984454971723e-02
4.553416364132212291e-01 4.700912273985251022e-01 5.757294150815375072e-02 1.699419468009990414e-02
4.230919169212351560e-01 5.026390502656571391e-01 5.666490669512223161e-02 1.760412611798562593e-02
3.928414452158524584e-01 5.335985544341537157e-01 5.553029704260650096e-02 1.802970330738712726e-02
3.699737102067321426e-01 5.567203060050024410e-01 5.487689222325278088e-02 1.842909156501258000e-02
3.563094327751011869e-01 5.694322059597742847e-01 5.511478042860916415e-02 1.914358083651528791e-02
3.509666193975439219e-01 5.724582723209999946e-01 5.613108871660758836e-02 2.044401956484835636e-02
5.846795937298795431e-01 5.390360422945636443e-02 3.509513064285522121e-01 1.046549561211165651e-02
6.100169394388099686e-01 6.109793840768101836e-02 3.177654058211384358e-01 1.111971633237042456e-02
6.405141613096045905e-01 6.816950684868583465e-02 2.794403575507185544e-01 1.187597429099083654e-02
6.697395905168554986e-01 7.545711866395239664e-02 2.417816932854801870e-01 1.302159753371192122e-02
6.940075956856854855e-01 8.146501204410128150e-02 2.098816521725590245e-01 1.464574009765422062e-02
7.115113789834354163e-01 8.767384601379303588e-02 1.840764018681072811e-01 1.673837313466424934e-02
7.215091206898327503e-01 9.626112038491704825e-02 1.629789016789841838e-01 1.925085724626575054e-02
7.223014347153507986e-01 1.107375542378870592e-01 1.448225539262310013e-01 2.213845712053070375e-02
7.182257478873577128e-01 1.284570376867509578e-01 1.282161717325010497e-01 2.510104269339010971e-02
7.111560616943783941e-01 1.472873810043207887e-01 1.135616872451574583e-01 2.799487005614337623e-02
6.997715895967615563e-01 1.668997413516146167e-01 1.023517623876963045e-01 3.097690666392749134e-02
6.834561882117812237e-01 1.871742682473137576e-01 9.496758196187782275e-02 3.440196157902713353e-02
6.574220774820187518e-01 2.124421708176633117e-01 9.124947095263266639e-02 3.888628074768514520e-02
6.224522048363059223e-01 2.423803004705366027e-01 9.031355505930283023e-02 4.485393963385468641e-02
5.843702651487181488e-01 2.722064504808155982e-01 9.119358014983593164e-02 5.222970422063002299e-02
5.499732133671724199e-01 2.966344672113350733e-01 9.303364960493884506e-02 6.035866981655368946e-02
5.206498528001322068e-01 3.149279176387891344e-01 9.602169809526178712e-02 6.840053146581703825e-02
5.018654892572405046e-01 3.251911682994026997e-01 9.739590364178021820e-02 7.554743880157649416e-02
4.915190551316233059e-01 3.298550422966042284e-01 9.721336374155953308e-02 8.141253883021308535e-02
4.887692648374214466e-01 3.297919118043796116e-01 9.536386218100761925e-02 8.607496117719144746e-02
4.916934761485862726e-01 3.261834596422938382e-01 9.222924856662274851e-02 8.989381564249698808e-02
4.981328214102032637e-01 3.206787998992142175e-01 8.829888658392076595e-02 9.288949210666191947e-02
5.053241659242754258e-01 3.158531993241521785e-01 8.403609742550101347e-02 9.478653732607156268e-02
5.103873821569555602e-01 3.145313389697167450e-01 7.970496788678901878e-02 9.537631098653878703e-02
5.122438885432487599e-01 3.181355083679390239e-01 7.516178925787435350e-02 9.445881383093794603e-02
5.129747865798678363e-01 3.247520191082055030e-01 7.038227377622714720e-02 9.189092053569944407e-02
5.168328623530547006e-01 3.297603129056390636e-01 6.568583838485393678e-02 8.772098635645221576e-02
5.274980052575487521e-01 3.292340579501197850e-01 6.117213396907299205e-02 8.209580282325855405e-02
5.467950642656752569e-01 3.215119517776184876e-01 5.661229202939174754e-02 7.508069192731436914e-02
5.751324308802521212e-01 3.063290582636951642e-01 5.170890546261704829e-02 6.682960539343582584e-02
6.128232579446624140e-01 2.828769773167154056e-01 4.655614761674297525e-02 5.774361712187953133e-02
6.610413118228207763e-01 2.496875054437533992e-01 4.086636264828744092e-02 4.840482008513840445e-02
7.127198693038780952e-01 2.112462933200079107e-01 3.649706695322628425e-02 3.953677042288799431e-02
7.640420291214058413e-01 1.716645665994941394e-01 3.284576694830380200e-02 3.144763733079591200e-02
8.104257640097362048e-01 1.354959622261940611e-01 2.986872646739610615e-02 2.420954729667364538e-02
8.508321285084056163e-01 1.040391034339575305e-01 2.736677978203666539e-02 1.776198827560004564e-02
8.849122022635154128e-01 7.780989720072048477e-02 2.501713281309354830e-02 1.226076772267074323e-02
9.144492481964651143e-01 5.460290415659729835e-02 2.315154800536470964e-02 7.796299641573000046e-03
9.380407066110790781e-01 3.621003837367169770e-02 2.111884393300957757e-02 4.630411082239581540e-03
9.557972736249022994e-01 2.220653809901976250e-02 1.935557661893811537e-02 2.640611657139919910e-03
9.665283117975385085e-01 1.298149324292087979e-02 1.896185906179826200e-02 1.528335897742404744e-03
9.699645521079579558e-01 7.752184612503952577e-03 2.133155774210164501e-02 9.517055374367416583e-04
9.660271231296260197e-01 4.564508480157676747e-03 2.875429667328333050e-02 6.540717169328762312e-04
9.541527556546313127e-01 3.501751601398800547e-03 4.184425290622521831e-02 5.012398377443925230e-04
9.289661818066403676e-01 2.655185452527656417e-03 6.796839403314254568e-02 4.102387076892852094e-04
8.830793795968197024e-01 2.144640832003355709e-03 1.144265406551287501e-01 3.494389160480626923e-04
8.073599847627118686e-01 1.853383879370877011e-03 1.904884482305016224e-01 2.981831274155716249e-04
7.000234851440189088e-01 1.839254361013185077e-03 2.978831319221625917e-01 2.541285728052452967e-04
5.811452036246955721e-01 1.157096825425914938e-03 4.175014132914287579e-01 1.962862584496754496e-04
4.751147150767354721e-01 9.270967142327136371e-04 5.237953903748060469e-01 1.627978342260004874e-04
3.952898288088986245e-01 7.787809462760695136e-04 6.037842237415912416e-01 1.471665032341791068e-04
3.453872801847542862e-01 7.254031069770268533e-04 6.537380521914405440e-01 1.492645168283755601e-04
3.276369931609344754e-01 7.745211401755050127e-04 6.714184442625046323e-01 1.700414363852295542e-04
3.385674946416724618e-01 9.248199108139607211e-04 6.602996192397008191e-01 2.080662078127126454e-04
3.689087826419644722e-01 1.171011073251411244e-03 6.296602037587073486e-01 2.600025260769976742e-04
4.089473446216225216e-01 1.499809287947383987e-03 5.892300754421961884e-01 3.227706482339077424e-04
4.526375940123929520e-01 1.871157328986841053e-03 5.450991414216653785e-01 3.921072369549583048e-04
4.961814965751576989e-01 2.175391794213244259e-03 5.011940008790032319e-01 4.491107516257936290e-04
5.339351031164306649e-01 2.283085589134094609e-03 4.633214329915421592e-01 4.603783028935681939e-04
5.611992338495218613e-01 2.199066605775173468e-03 4.361803662179429830e-01 4.213333267602186816e-04
5.773615245931057460e-01 2.027051281928817731e-03 4.202489165942269733e-01 3.625075307384849300e-04
5.840818969956432793e-01 1.848754989053815389e-03 4.137570303956664697e-01 3.123176196366942749e-04
5.781641273260260672e-01 1.697902663383184805e-03 4.198582196504181963e-01 2.797503601728371352e-04
5.535217011335851200e-01 1.603497576123485025e-03 4.446088448398379245e-01 2.659564504536871270e-04
5.119575305798200748e-01 1.599068069442081789e-03 4.861685317528375294e-01 2.748695979001278592e-04
4.647871491705665159e-01 1.678116426767762084e-03 5.332268063962837257e-01 3.079280063818862407e-04
4.248696964323296910e-01 1.779519924341603932e-03 5.729884651997859679e-01 3.623184435426190651e-04
3.994417293146262926e-01 1.843363749161830651e-03 5.982761545304645656e-01 4.387524057475372294e-04
3.877498492377602912e-01 1.882297272391256692e-03 6.098231237464883936e-01 5.447297433601724437e-04
3.811028871923198835e-01 1.966888361095358879e-03 6.162463414896341973e-01 6.838829569505562546e-04
3.698700080502326237e-01 2.151713054332313364e-03 6.271290290061671824e-01 8.492498892679347343e-04
3.491514590728001521e-01 2.438015824650659798e-03 6.473977417049082694e-01 1.012783397640828423e-03
3.221334318381512407e-01 2.857856709244498399e-03 6.738535712535286271e-01 1.155140199075634045e-03
2.958493138719389126e-01 3.591570697494840189e-03 6.992506391350137296e-01 1.308476295552574858e-03
2.726257874722300967e-01 4.932082411767351078e-03 7.209265170405760870e-01 1.515613075426175144e-03
2.508764945793432455e-01 7.203135931552037165e-03 7.401392117093312795e-01 1.781157779773425310e-03
2.304397277913396158e-01 1.062316160735385200e-02 7.568660151295160121e-01 2.071095471790541324e-03
2.150037293429145902e-01 1.530888228346206220e-02 7.673088312794054122e-01 2.378557094217987038e-03
2.076886250260230327e-01 2.135317676647173826e-02 7.682337244303878432e-01 2.724473777117416250e-03
2.090089464765521321e-01 2.888129455488807479e-02 7.589926487621472262e-01 3.117110206412393881e-03
2.178911995759954257e-01 3.827202260348499391e-02 7.402915888778068831e-01 3.545188942712790541e-03
2.322053343221422983e-01 5.089786422751730460e-02 7.128722648518448501e-01 4.024536598495554764e-03
2.473419365456363539e-01 6.999758576957444689e-02 6.780236719699856973e-01 4.636805714803548736e-03
2.549463146753883636e-01 1.012587981325610981e-01 6.382783959344279223e-01 5.516491257622642939e-03
2.473305120826156944e-01 1.534456916042061247e-01 5.923259919876264767e-01 6.897804325551445612e-03
2.217457004230260487e-01 2.396647941207759036e-01 5.295966193388093046e-01 8.992886117388880149e-03
1.831211119739345194e-01 3.638133449772674166e-01 4.415509305535140760e-01 1.151461249528372942e-02
1.362687577416376028e-01 5.068108994357312103e-01 3.430276599714947028e-01 1.389268285113634711e-02
9.372440917790526849e-02 6.292141086629449154e-01 2.606019344704672558e-01 1.645954768868255341e-02
