2.487415829342147222e-01 3.108998766318983309e-01 3.774966888645144847e-01 6.286185156937222629e-02
6.113786425195395502e-01 1.586604600900193007e-01 1.616156366051557380e-01 6.834526078528531390e-02
6.071816683473367782e-01 1.629006550364440753e-01 1.609913176618037178e-01 6.892635895441538707e-02
6.025194857671248849e-01 1.682082404611023596e-01 1.595504561735780480e-01 6.972181759819498503e-02
5.966287974740023259e-01 1.753776188491350807e-01 1.570633460032282713e-01 7.093023767363447474e-02
5.866269732947505533e-01 1.869748219394724020e-01 1.534820641166307620e-01 7.291614064914662963e-02
5.748152721782497920e-01 2.011082491868815270e-01 1.482431459984578648e-01 7.583333263641062194e-02
5.588613354784499609e-01 2.198635458292209077e-01 1.411313486154524843e-01 8.014377007687654986e-02
5.381082368279548334e-01 2.436639284387201176e-01 1.317868239417582521e-01 8.644101079156696343e-02
5.116273374675875951e-01 2.726689912351986100e-01 1.199344918729042669e-01 9.576917942430969444e-02
4.740595946439750685e-01 3.092914323301821922e-01 1.066681311111680464e-01 1.099808419146748595e-01
4.310901948581343790e-01 3.472684242790362585e-01 9.037686024985835953e-02 1.312645206129708364e-01
3.825321175061652257e-01 3.820169150089769428e-01 7.326714687832500128e-02 1.621838206065329413e-01
3.329478220135553279e-01 4.061638784885298614e-01 5.693652101766973755e-02 2.039517784802453437e-01
2.898619027729428810e-01 4.154226888805736539e-01 4.276399487999875404e-02 2.519514134664845861e-01
2.620871076429548419e-01 4.138986322755428549e-01 3.181240009065102597e-02 2.922018599908512981e-01
2.548003517817784003e-01 4.128757140000782755e-01 2.412188247516575471e-02 3.082020517429773232e-01
2.640174161904240702e-01 4.232065259112510747e-01 1.882809569708264810e-02 2.939479622012424187e-01
2.788162196914164559e-01 4.489417460513955849e-01 1.541758738522436799e-02 2.568244468719639295e-01
3.059086663590880883e-01 4.697827768559650896e-01 1.398533929792809480e-02 2.103232174870188764e-01
3.537291734057977921e-01 4.650074163111705960e-01 1.456298219651743983e-02 1.667004280865141408e-01
4.211408472855096563e-01 4.330099336507627905e-01 1.684493972094310704e-02 1.290042793427847168e-01
5.020857908043558915e-01 3.813343604687713939e-01 2.100580252651671267e-02 9.557404620035599152e-02
5.929094889189950868e-01 3.135479063548926026e-01 2.748814953021404620e-02 6.605445519589885073e-02
6.883816061814944653e-01 2.340306556741861832e-01 3.559345567197289700e-02 4.199428247234644057e-02
7.730436345514023477e-01 1.571391097747159016e-01 4.464708789740865630e-02 2.517016777647284806e-02
8.363746965006276790e-01 9.709091334693877029e-02 5.164925472234125486e-02 1.488513543009223165e-02
8.653736025121909758e-01 6.086818134838489769e-02 6.439076208697754045e-02 9.367454052446669288e-03
8.550813577748246352e-01 4.211543025194224021e-02 9.620828398829341099e-02 6.594927984939550486e-03
8.086790800937198043e-01 3.164408452103145003e-02 1.545837853119361449e-01 5.093050073312604259e-03
7.370114040785408216e-01 2.422638315291438665e-02 2.346765547410639974e-01 4.085658027481038970e-03
6.585043281758828915e-01 1.795329894893231415e-02 3.203179298645373874e-01 3.224443010647385765e-03
5.853640653382394810e-01 1.279148787654615059e-02 3.993659141088615194e-01 2.478532676352769235e-03
5.162799010756815576e-01 7.965143078087027345e-03 4.739427081410645393e-01 1.812247705166894181e-03
4.383246214516349770e-01 5.116874590866657239e-03 5.551958388408337886e-01 1.362665116664652865e-03
3.583882066759618290e-01 3.385544565248499362e-03 6.371531906560092828e-01 1.073058102780246985e-03
2.964345205256656013e-01 2.450248808029951899e-03 7.001891995527518286e-01 9.260311135525188531e-04
2.687476820809050482e-01 2.070269917349809845e-03 7.282671552218851208e-01 9.148927798599053264e-04
2.766251643201199650e-01 2.132365491635887598e-03 7.201832725889045772e-01 1.059197599339454805e-03
3.102460686730734163e-01 2.658588674759859889e-03 6.856834467892346519e-01 1.411895862932324155e-03
3.539435652768080365e-01 3.800905041013861400e-03 6.401969500765064547e-01 2.058579605671874684e-03
3.955592522092594154e-01 5.859111166598979584e-03 5.954287369889951220e-01 3.152899635146359791e-03
4.323922155673577405e-01 9.208656880164150724e-03 5.534380279590292995e-01 4.961099593448462311e-03
4.639757158348006838e-01 1.437686835076300296e-02 5.137606274728016009e-01 7.886788341634221391e-03
4.833025769940473282e-01 2.249178133363995830e-02 4.817024148706811060e-01 1.250322680163165265e-02
4.956789665120251431e-01 3.658468087888548659e-02 4.482005077234987311e-01 1.953584488559048996e-02
4.998463203412151779e-01 5.967951854680843965e-02 4.101675824102948842e-01 3.030657870168153648e-02
4.970677757263480268e-01 9.295881548982866394e-02 3.639435938905556944e-01 4.602981489326758713e-02
4.782629804573042542e-01 1.371669950364332313e-01 3.172487885775651106e-01 6.732123592869723727e-02
4.461163341460678833e-01 1.854789195596496243e-01 2.747257552765416388e-01 9.367899101774050663e-02
4.038362999480182292e-01 2.316015805022149932e-01 2.401427564813022608e-01 1.244193630684647667e-01
3.581080659499798480e-01 2.690830401393382587e-01 2.134242166976387800e-01 1.593846772130432521e-01
3.148788491494078357e-01 2.912839039589611989e-01 1.943628165666350383e-01 1.994744303249957884e-01
2.718079252147618807e-01 3.007160591130915717e-01 1.815647343217770548e-01 2.459112813503697148e-01
2.355399066022424714e-01 2.954523696555912959e-01 1.708704056657383008e-01 2.981373180764279041e-01
2.057071277633230888e-01 2.812442026520621807e-01 1.605314522767800622e-01 3.525172173078344739e-01
1.825635678196382283e-01 2.647662476502655182e-01 1.493637313211760853e-01 4.033064532089200571e-01
1.661211854140823285e-01 2.515778344192521332e-01 1.381660685390962706e-01 4.441349116275691844e-01
1.575645921107897973e-01 2.444463911860760563e-01 1.292902285322611311e-01 4.686987881708729597e-01
1.588770486802614235e-01 2.435401141494271671e-01 1.247314796106247514e-01 4.728513575596865470e-01
1.691094801260387692e-01 2.462127124885696849e-01 1.242018649824571525e-01 4.604759424029346015e-01
1.845867482690743133e-01 2.497866342387750072e-01 1.258180187601673217e-01 4.398085987319834689e-01
2.025226069638862703e-01 2.536091643931664419e-01 1.280368968238692062e-01 4.158313318190780539e-01
2.205949516679273636e-01 2.572185938003834771e-01 1.295362819700544843e-01 3.926501725616345362e-01
2.369211762620180572e-01 2.602704269828054473e-01 1.296075299355913257e-01 3.732008668195852530e-01
2.497724101983141431e-01 2.626165381252279496e-01 1.283099636292363566e-01 3.593010880472216062e-01
2.573618398541932528e-01 2.636052460694395250e-01 1.266473311404598123e-01 3.523855829359072156e-01
2.585324220356484681e-01 2.666654889936077022e-01 1.237521927477776562e-01 3.510498962229664510e-01
2.547794852470950944e-01 2.713248724423055203e-01 1.206985326368167077e-01 3.531971096737825389e-01
2.466090682188392114e-01 2.773103757176705320e-01 1.173679303038485666e-01 3.587126257596414125e-01
2.345565659157206884e-01 2.843724941114025850e-01 1.131054742525074985e-01 3.679654657203693113e-01
2.190135444209682369e-01 2.895840716951649241e-01 1.096430693598280659e-01 3.817593145240391062e-01
3.837327585836463051e-01 2.202065997127512775e-01 3.577738409080183368e-01 3.828680079558409444e-02
9.045156109927061650e-01 7.809768499973979150e-02 1.038537287823298148e-02 7.001331129321008290e-03
9.151643253462025118e-01 6.612338855890032008e-02 1.192080537181217266e-02 6.791480723085050950e-03
9.225309017354637042e-01 5.751488248278426724e-02 1.361697081536736124e-02 6.337244966384552800e-03
9.302328398090151662e-01 4.826835861365779551e-02 1.579565476470299809e-02 5.703146812624040191e-03
9.325502041446714907e-01 4.259110652553842885e-02 1.973749604837774299e-02 5.121193281412289751e-03
9.307934335225404032e-01 3.751956609851253566e-02 2.704584600623161778e-02 4.641154372715656715e-03
9.199245317372692909e-01 3.377547938029887981e-02 4.205362511894657901e-02 4.246363763485084576e-03
8.930970461940487271e-01 3.059717123823548629e-02 7.250394774536629561e-02 3.801834822349510132e-03
8.354960802191766511e-01 2.756040485518047520e-02 1.336736711722338877e-01 3.269843753408977274e-03
7.233714132615243209e-01 2.413050182472523120e-02 2.498278703489095198e-01 2.670214564840991001e-03
5.451101111425816770e-01 1.945223339370175802e-02 4.334115976884774235e-01 2.026057775239085978e-03
3.489625670949967340e-01 1.338881896857416036e-02 6.363227574112940710e-01 1.325856525135032070e-03
1.963541110214635788e-01 7.606298662487845884e-03 7.952567283577824941e-01 7.828619582659635803e-04
1.039556851141308080e-01 3.702396465660679446e-03 8.919042385060923506e-01 4.376799141160769499e-04
5.799774527141689923e-02 1.843774603148852108e-03 9.399095323047703676e-01 2.489478206639972216e-04
3.800233916928406896e-02 1.017114341201358785e-03 9.608135584469907897e-01 1.669880425238780492e-04
3.189919533615676039e-02 6.914990655916275486e-04 9.672664020189546408e-01 1.429035792967554461e-04
3.271560929746693963e-02 5.831937418410879873e-04 9.665504343896401673e-01 1.507625710519867619e-04
3.518934138419502894e-02 5.508871088049355604e-04 9.640872786691989660e-01 1.724928378010429249e-04
3.574707274063829154e-02 5.323100385360278073e-04 9.635259775687528006e-01 1.946396520728032827e-04
3.385103803044949011e-02 5.123309495197161858e-04 9.654230664572995835e-01 2.135645627308994389e-04
3.089798530936657336e-02 5.029753107479368376e-04 9.683638613822436181e-01 2.351779976417596376e-04
2.859077569735352445e-02 5.283082017862835485e-04 9.706098609068937177e-01 2.710551939665270028e-04
2.757939815396433930e-02 6.029144905931297814e-04 9.714898818652496493e-01 3.278054901926929924e-04
2.848347296939913662e-02 7.541389241568332083e-04 9.703460090594568932e-01 4.163790469870639038e-04
3.192455819453909882e-02 1.036190756824730908e-03 9.664832406675003540e-01 5.560103811356923538e-04
3.820181961496186412e-02 1.537823599383342232e-03 9.594914019915248282e-01 7.689547941298977701e-04
4.754896137827197000e-02 2.412856375874176951e-03 9.489535381866266439e-01 1.084644059227420554e-03
5.949783192108048374e-02 3.926423566584898855e-03 9.350371026863100177e-01 1.538641826024623582e-03
7.145600027884511929e-02 6.520224737018950889e-03 9.198783112814477025e-01 2.145463702688373865e-03
8.021523192313730066e-02 1.106878568470876650e-02 9.057995857608088786e-01 2.916396631345170506e-03
8.440999759667520974e-02 1.930296155178059733e-02 8.923928597105640348e-01 3.894181140980232294e-03
8.552852837438135181e-02 3.438793728144599882e-02 8.748973074628626501e-01 5.186226881310191869e-03
8.856010182791711205e-02 5.802174985829532117e-02 8.464308621010080413e-01 6.987286212779828150e-03
9.434955504397764259e-02 9.222947697134356582e-02 8.039180876940171805e-01 9.502880290661623250e-03
1.021345060071487260e-01 1.327048600161651049e-01 7.524890347926820322e-01 1.267159918400404678e-02
1.111473473800390910e-01 1.741374541538800724e-01 6.984671690197548077e-01 1.624802944632614335e-02
1.245840557928300091e-01 2.106263819285013050e-01 6.448226724482972738e-01 1.996688983037152657e-02
1.411876239603147565e-01 2.407798021532252253e-01 5.944254910859053664e-01 2.360708280055403424e-02
1.588448031754073342e-01 2.638969804655345031e-01 5.500991250951660083e-01 2.715909126389169995e-02
1.774496117876387669e-01 2.793131211252590784e-01 5.123374847632170548e-01 3.089978232388471482e-02
1.988869373299363419e-01 2.856276155181750598e-01 4.805214388355028010e-01 3.496400831638560303e-02
2.246384573802573115e-01 2.827448091710969558e-01 4.535147282012198522e-01 3.910200524742591527e-02
2.563993705390626987e-01 2.711550099740881459e-01 4.295106079562127088e-01 4.293501153063666864e-02
2.865669641307527216e-01 2.561081767630618011e-01 4.114251618957184276e-01 4.589969721046659873e-02
3.075174132455721909e-01 2.381435456307134935e-01 4.065292115314769195e-01 4.780982959223745860e-02
3.163255814935552745e-01 2.175891313413671480e-01 4.168163635555728885e-01 4.926892360950487632e-02
3.137095883418986597e-01 1.952198213795688919e-01 4.404781225133369005e-01 5.059246776519572136e-02
2.995159188345742907e-01 1.726530319129606084e-01 4.764000085239068483e-01 5.143104072855834291e-02
2.753205920544300467e-01 1.525904488189739339e-01 5.207342177311806708e-01 5.135474139541519600e-02
2.467279747303772752e-01 1.392514382944417539e-01 5.629057803337808030e-01 5.111480664140025804e-02
2.198703857134348405e-01 1.368828316397686373e-01 5.901878941268781098e-01 5.305888851991831523e-02
1.965361562139092133e-01 1.476558276149586568e-01 5.961391830865694352e-01 5.966883308456268076e-02
1.762792874368847018e-01 1.706056769145366525e-01 5.816912167087671115e-01 7.142381893981157581e-02
1.570454597574580946e-01 2.039153844656400316e-01 5.545516236691515610e-01 8.448753210775027112e-02
1.379447718665230971e-01 2.449175159213728414e-01 5.252566471717967644e-01 9.188106504030738031e-02
1.160587694094980665e-01 2.970892978494971137e-01 4.961743430374679908e-01 9.067758970353691217e-02
9.432704354128440549e-02 3.595382813858115645e-01 4.617251469620723414e-01 8.440952811083154983e-02
7.381829778531208419e-02 4.277528837749224877e-01 4.202043481091920496e-01 7.822447033057335075e-02
5.957447542947180014e-02 4.916845327601513382e-01 3.729876485504033945e-01 7.575334325997339080e-02
5.364113986420403213e-02 5.419601854171121058e-01 3.274545855398871552e-01 7.694408917879659582e-02
5.451887048520889095e-02 5.733124738655382968e-01 2.932434704011494531e-01 7.892518524810356040e-02
6.162338196714390454e-02 5.824673227317006541e-01 2.759748620468656655e-01 7.993443325429015756e-02
7.648919689950167689e-02 5.659270315687527919e-01 2.779868196928214075e-01 7.959695183892423476e-02
1.023308848946400951e-01 5.210741982742643774e-01 2.986925746562088535e-01 7.790234217488652135e-02
1.415176401916716509e-01 4.516607871034007959e-01 3.327349959335447194e-01 7.408657677138302811e-02
1.906821023561042772e-01 3.713589485011297708e-01 3.705424260128576397e-01 6.741652312990832618e-02
2.431560364311559364e-01 2.960134241091403329e-01 4.021949209891811927e-01 5.863561847052257969e-02
2.821679045685110965e-01 2.434807201237061680e-01 4.251640986641278541e-01 4.918727664365485364e-02
3.076165102196274370e-01 2.137077584586332957e-01 4.381495691996873387e-01 4.052616212205173429e-02
3.293581538047611335e-01 1.993406856406349792e-01 4.377140076094936383e-01 3.358715294511018662e-02
2.031150525969099493e-02 3.905611408441206356e-02 5.342852161720145626e-02 8.872038590386953638e-01
3.035812458400384828e-01 4.807923584612706636e-01 7.336906212778143699e-02 1.422573335709091669e-01
4.017441824089647562e-01 3.786436303171935580e-01 7.332700977504075235e-02 1.462851774988006281e-01
5.237866156933872475e-01 2.737528744318872276e-01 6.893161135225644998e-02 1.335288985224691027e-01
6.567666727214008793e-01 1.766769641858747242e-01 5.963266175613665676e-02 1.069237013365876843e-01
7.728565536510264566e-01 1.037148015883968405e-01 4.821059009354237979e-02 7.521805466703403165e-02
8.542467293182196553e-01 5.891040726657515575e-02 3.806693674929145094e-02 4.877592666591365478e-02
8.997094152419324864e-01 3.621444450291994022e-02 3.230839935936339474e-02 3.176774089578398436e-02
9.210210001309695471e-01 2.580493861776337813e-02 3.118035732988573214e-02 2.199370392138163752e-02
9.281530862305943375e-01 2.120676243653378534e-02 3.407106003764658053e-02 1.656909129522524463e-02
9.259538474442635669e-01 1.950915312581034261e-02 4.078851832340103789e-02 1.374848110652509767e-02
9.165124067647186790e-01 1.939891523434912959e-02 5.159275493237740207e-02 1.249592306855455866e-02
8.999922012880486877e-01 2.015146057571086738e-02 6.771517085714605366e-02 1.214116727909439301e-02
8.742980850094892453e-01 2.152305259438559021e-02 9.193717547437235682e-02 1.224168692175275908e-02
8.362131208749553624e-01 2.374403741201526474e-02 1.274884267182144204e-01 1.255441499481469401e-02
7.875597064444709305e-01 2.674035551727025825e-02 1.728899613752514497e-01 1.280997666300745345e-02
7.390653811634950721e-01 2.965349452433151123e-02 2.186093534702337748e-01 1.267177084193969912e-02
7.026113856141864566e-01 3.146320916747171598e-02 2.539957640763020330e-01 1.192964114203979263e-02
6.834376066503999869e-01 3.190156996172140158e-02 2.739243048864901664e-01 1.073651850138835663e-02
6.784281000883942703e-01 3.138852516100237161e-02 2.807696322781499942e-01 9.413742472453398569e-03
6.778496582728740227e-01 3.025878745329741229e-02 2.837879651661557312e-01 8.103589107672750508e-03
6.715955128689011788e-01 2.840934444833045219e-02 2.932100468046657249e-01 6.785095878102527858e-03
6.552608877092125361e-01 2.562928605289897799e-02 3.136364886886750525e-01 5.473337549213691013e-03
6.324068073613479113e-01 2.214199636365928731e-02 3.411334000826684032e-01 4.317796192324327084e-03
6.106998016072093804e-01 1.856166053625071810e-02 3.673117125780936409e-01 3.426825278446287391e-03
5.961115882392866716e-01 1.536698676587692873e-02 3.857499372270038474e-01 2.771487767832292101e-03
5.894057586176828512e-01 1.281627771011483244e-02 3.955027782898445921e-01 2.275185382357872675e-03
5.908059856730334403e-01 1.108051145362048615e-02 3.962152220249563483e-01 1.898280848389810246e-03
6.050350557655193029e-01 1.015128408246183424e-02 3.831831356561411495e-01 1.630524495877694324e-03
6.364384621674418208e-01 9.699680717437814473e-03 3.524283042771348962e-01 1.433552837985763292e-03
6.806032413695392025e-01 9.323316050039611239e-03 3.088078161147565504e-01 1.265626465664829343e-03
7.234490272035153380e-01 8.902670326995265615e-03 2.665207044446965545e-01 1.127598024792625690e-03
7.500907982914291061e-01 8.555102370016852420e-03 2.403069681241122579e-01 1.047131214441827550e-03
7.507984423970149868e-01 8.424999111507193092e-03 2.397260514251471908e-01 1.050507066330783968e-03
7.211971750909190737e-01 8.606884497225793934e-03 2.690337281037425976e-01 1.162212308112390126e-03
6.658843401594849443e-01 9.014558985179894901e-03 3.236954932967423537e-01 1.405607558592747918e-03
6.038933100130065013e-01 9.457037431288188925e-03 3.848317302445797838e-01 1.817922311125526845e-03
5.574742539003905151e-01 9.879152603648442416e-03 4.301872228121123021e-01 2.459370683848842356e-03
5.353663252490333813e-01 9.751353174439023053e-03 4.515532210126532164e-01 3.329100563874316365e-03
5.285942192726192923e-01 1.061603210474349780e-02 4.562044031763874963e-01 4.585345446249733566e-03
5.328591236081603455e-01 1.168545474822788900e-02 4.493928047074652876e-01 6.062616936146553344e-03
5.412133086434333107e-01 1.338048011576781215e-02 4.378573455831984984e-01 7.548865657600548756e-03
5.542067324977065779e-01 1.428300912800406670e-02 4.228502388700031700e-01 8.660019504286112571e-03
5.677693752712762443e-01 1.502869164457463005e-02 4.077019525893019192e-01 9.499980494847275886e-03
5.810368476670884075e-01 1.560703457274487463e-02 3.929840770800971939e-01 1.037204068006949802e-02
5.952461525591774549e-01 1.634928645054885971e-02 3.765826984920060960e-01 1.182186249826772291e-02
6.124867639906012018e-01 1.794156135706796371e-02 3.550301529162834813e-01 1.454152173604737579e-02
6.341119808200472718e-01 2.142133344723576652e-02 3.250163139959874603e-01 1.945037173672928971e-02
6.558668621166952040e-01 2.895321654128882663e-02 2.872361201510113538e-01 2.794380119100429299e-02
6.696412110423467512e-01 4.042786969788596252e-02 2.483895789335958393e-01 4.154134032617170375e-02
6.599395772001469540e-01 6.065478578099380708e-02 2.166882405910932896e-01 6.271739642776602564e-02
6.196159821104191279e-01 9.126448008572360382e-02 1.952908982404358562e-01 9.382863956342143985e-02
5.505468485643683074e-01 1.359970083857169887e-01 1.786326763365518322e-01 1.348234667133631492e-01
4.640696278607349679e-01 1.944176287957213867e-01 1.622586423622673357e-01 1.792541009812763375e-01
3.788494309711685770e-01 2.657512887773952892e-01 1.396215553429756284e-01 2.157777249084603943e-01
2.889311355900818223e-01 3.615202188495711400e-01 1.117143536066623200e-01 2.378342919536846900e-01
2.049056465987802722e-01 4.712838052470828543e-01 8.049530332403120880e-02 2.433152448301058868e-01
1.408930192777624879e-01 5.703644052243750373e-01 5.381570517126116338e-02 2.349268703266013392e-01
9.781527374714969747e-02 6.470131475251446052e-01 3.539011237333256066e-02 2.197814663543728730e-01
7.298261174500746129e-02 6.991789503004656181e-01 2.453582507093218790e-02 2.033026128835946356e-01
5.962029115649281757e-02 7.344377804364992102e-01 1.872589148704740039e-02 1.872160369199607211e-01
5.403601525916841564e-02 7.572374670506724081e-01 1.607569601113312957e-02 1.726508216790261230e-01
5.498181718789431349e-02 7.670331466566074896e-01 1.569679926651557436e-02 1.622882368889822513e-01
6.226289340504851527e-02 7.622772046230275045e-01 1.724997993250966533e-02 1.582099220394140027e-01
8.011976824895186700e-02 7.393536275143314240e-01 2.058780221669575042e-02 1.599388020200207816e-01
1.092352635571623432e-01 7.022979619200377943e-01 2.504944244059321284e-02 1.634173320822066289e-01
1.566614449591643421e-01 6.511594021640685348e-01 2.966282363544504516e-02 1.625163292413216720e-01
2.222044192825996523e-01 5.922754411101105454e-01 3.295901351901851795e-02 1.525611260882708820e-01
2.933734646114444233e-01 5.381398627213692665e-01 3.365779416142113123e-02 1.348288785057652206e-01
3.517024586224633542e-01 5.010841628378075452e-01 3.202824848913450595e-02 1.151851300505945114e-01
3.920175533201468721e-01 4.795572967416363852e-01 2.980750823815665751e-02 9.861764170006033503e-02
4.154928945875697166e-01 4.692133914391445892e-01 2.800931306105970339e-02 8.728440091222608443e-02
7.586193129660756540e-01 2.187973268304231264e-02 2.107937928879630163e-01 8.707161462919060443e-03
7.058478853715750845e-02 9.025941472869776216e-01 1.480957705785396726e-02 1.201148711801075346e-02
8.356663743533858379e-02 8.917279302143532593e-01 1.393230538325754796e-02 1.077312696705066443e-02
9.734853946168146865e-02 8.782990114430184736e-01 1.408780791505995569e-02 1.026464118023994593e-02
1.134287120740638533e-01 8.609047268627514349e-01 1.546759660005523479e-02 1.019896446312925850e-02
1.290549671431562018e-01 8.428777879949468366e-01 1.790720798885326454e-02 1.016003687304372835e-02
1.392672309449791146e-01 8.296972382595073636e-01 2.113683367624746151e-02 9.898697119265904149e-03
1.427190605772805931e-01 8.222584444443550300e-01 2.547904831095083519e-02 9.543446667413559015e-03
1.414487804599472154e-01 8.172710711356963031e-01 3.192213954221950062e-02 9.358008862136902792e-03
1.384755791183267526e-01 8.106450405074759891e-01 4.143072092221704306e-02 9.448659451980357532e-03
1.357333854254004213e-01 7.998102408420380005e-01 5.469901687867628065e-02 9.757356853885033876e-03
1.418909968358695595e-01 7.736024778563213022e-01 7.404069458104489687e-02 1.046583072676442530e-02
1.584145374519438654e-01 7.273992492615127814e-01 1.027349882664967129e-01 1.145122502004684330e-02
1.828038713361120338e-01 6.591532462483731258e-01 1.457083990689627129e-01 1.233448334655198875e-02
2.077223503296315166e-01 5.690197852110309151e-01 2.106255619765557974e-01 1.263230248278181776e-02
2.212789106435105457e-01 4.606935921719599314e-01 3.061794285521090564e-01 1.184806863242041965e-02
2.178836812767731279e-01 3.334546424982725021e-01 4.386826665674144476e-01 9.979009657539937919e-03
1.951957113383530062e-01 2.041570153459000281e-01 5.934013351894246169e-01 7.245938126322241241e-03
1.514340281430218427e-01 1.055610889971318744e-01 7.386472710916912598e-01 4.357611768154904218e-03
1.035458277388746212e-01 4.805619369903123966e-02 8.461631973405554508e-01 2.234781221538760347e-03
6.792797197586754321e-02 2.014498741286106093e-02 9.108514559651367248e-01 1.075584646134689027e-03
4.504688208213820239e-02 9.053525658962821576e-03 9.453563338682474670e-01 5.432583906514861167e-04
3.114073921591965430e-02 4.600171895766815011e-03 9.639546296228524991e-01 3.044592654611430103e-04
2.228513592573990246e-02 2.611110499651348327e-03 9.749125346142003545e-01 1.912189604085394240e-04
1.619106762088660598e-02 1.597874557402642051e-03 9.820783115118137951e-01 1.327463098967109328e-04
1.168319597059964791e-02 1.034923607672246599e-03 9.871819750174407604e-01 9.990540428757357916e-05
8.089002449349623133e-03 6.966927678653763757e-04 9.911356301495953813e-01 7.867463318963424190e-05
5.123586660128238816e-03 4.675437999615444950e-04 9.943475808976560693e-01 6.128864225415530840e-05
3.015975598294225093e-03 3.135477058933005840e-04 9.966231050581939588e-01 4.737163761848336659e-05
1.838425737672236965e-03 2.251954251749146453e-04 9.978974481279891950e-01 3.893070916356184639e-05
1.311884854322905745e-03 1.898654355405714352e-04 9.984614377184706235e-01 3.681199166583080869e-05
1.468776033005354740e-06 8.964361685625526123e-07 9.999610554838027632e-01 3.657930399557666676e-05
1.331330416069798983e-03 2.868119175089525372e-04 9.983165844344501494e-01 6.527323197107424968e-05
1.836373806756087801e-03 5.199952374829208994e-04 9.975136271971314361e-01 1.300037586294321504e-04
2.673044319508179317e-03 1.058460436887479969e-03 9.959633045638887072e-01 3.051906797155455099e-04
3.674461512051571243e-03 2.132987522683100611e-03 9.934334510461747536e-01 7.590999190908046066e-04
4.629203233587258180e-03 3.950857261549567054e-03 9.895471477814262729e-01 1.872791723436677269e-03
5.417149925212479990e-03 6.418740058270690392e-03 9.838267515116191353e-01 4.337358504897862593e-03
7.316363494000922840e-03 8.541676730101137316e-03 9.750059443130005832e-01 9.136015462897582179e-03
8.349453103820226457e-03 1.059232532990853938e-02 9.641800190116385227e-01 1.687820255463256397e-02
9.147969051289913875e-03 1.203292757047352488e-02 9.510642066014477480e-01 2.775489677678878719e-02
9.857199651603493901e-03 1.347683038956925920e-02 9.340696751494799166e-01 4.259629480934736673e-02
1.089356160794775243e-02 1.607684876050680112e-02 9.088772101580169238e-01 6.415237947352867010e-02
1.252527620599306647e-02 2.109363829982308786e-02 8.704591254104246945e-01 9.592196008375934724e-02
1.480842302025555703e-02 3.008833098802513040e-02 8.149827883199987077e-01 1.401204576717205441e-01
1.747600195515122690e-02 4.463073981154017794e-02 7.447215880425304135e-01 1.931716701907781053e-01
1.957727453139657126e-02 6.443977439063906798e-02 6.772126610541792102e-01 2.387702900237847758e-01
2.027202379228878679e-02 8.701440272871645287e-02 6.374076498436310745e-01 2.553059236353637518e-01
2.011553836303594037e-02 1.093504420425874674e-01 6.333619176234265291e-01 2.371721019709501777e-01
2.014608263860868942e-02 1.271420597259625140e-01 6.547229778075498441e-01 1.979888798278789663e-01
2.071951151423454679e-02 1.369860200013864326e-01 6.868388922343562353e-01 1.554555762500227367e-01
2.151672439420277902e-02 1.396410096192185202e-01 7.188717541725569982e-01 1.199705118140218935e-01
2.200368909359984304e-02 1.393152785715633668e-01 7.443639066848005692e-01 9.431712565003651239e-02
2.214601452234814943e-02 1.442773382333130683e-01 7.545843410304696741e-01 7.899230621386962858e-02
2.233383516506220676e-02 1.649490633484070323e-01 7.393800723888788173e-01 7.333702909765188460e-02
2.244618012852377456e-02 2.103807469682074105e-01 6.921439524977628377e-01 7.502912040550618888e-02
2.238700047267187104e-02 2.867614112455433295e-01 6.093942138299955902e-01 8.145737445178907743e-02
2.213400696285632713e-02 3.930086922004125682e-01 4.962012705411019131e-01 8.865603029562897641e-02
2.134385690675223712e-02 5.186532096290692451e-01 3.685239295281217964e-01 9.147900393605673530e-02
2.121801521803241136e-02 6.352485692946324702e-01 2.562122368216145363e-01 8.732117866572051967e-02
2.097449445062742751e-02 7.300232370392676362e-01 1.711795341108678370e-01 7.782273439923721725e-02
2.245939133388403022e-02 7.955444033296296125e-01 1.145152355901068036e-01 6.748096974637975143e-02
2.394338769415367899e-02 8.400322099772671303e-01 7.671833887911379268e-02 5.930606344946540848e-02
2.615950624860456999e-02 8.669373486232602177e-01 5.230950248416034454e-02 5.459364264397485733e-02
2.879740665069492958e-02 8.804411862311223302e-01 3.744674370192720148e-02 5.331466341625566707e-02
3.206889934285266086e-02 8.833723423618162762e-01 2.902593366056118243e-02 5.553282463476984232e-02
3.651767075334272361e-02 8.770235095794272073e-01 2.462174220847886119e-02 6.183707745875105521e-02
4.310120455754913593e-02 8.608671063102437682e-01 2.280639567309727250e-02 7.322529345910991361e-02
5.157326004830215666e-02 8.357548064294634260e-01 2.241948576372990859e-02 9.025244775850473078e-02
6.019148415028387211e-02 8.037348749481798560e-01 2.252675189938796799e-02 1.135468890021480159e-01
6.947844383942788915e-02 7.628836747618766845e-01 2.316768807113201920e-02 1.444701933275633343e-01
7.805134689433489148e-02 7.169247019826976430e-01 2.430286337513480957e-02 1.807210877478326871e-01
8.703443829094792417e-02 8.297247086389988313e-01 6.752195342444106824e-03 7.648865772760915505e-02
9.281665050966513009e-02 8.263104165410447566e-01 8.288832408675539040e-03 7.258410054061475991e-02
1.043073458410400806e-01 8.197124020371732156e-01 1.010464297617743798e-02 6.587560914560919301e-02
1.235906377848259297e-01 8.051881528217279538e-01 1.262337153293011278e-02 5.859783786051583204e-02
1.496518238024866776e-01 7.819283892693243976e-01 1.627327315992799228e-02 5.214651376826102275e-02
1.792102538505548071e-01 7.531007328438992232e-01 2.116581813995969605e-02 4.652319516558608287e-02
2.097623628547888031e-01 7.218029274865559453e-01 2.714462063430529357e-02 4.129008902435025302e-02
2.425508489733912976e-01 6.868638449766747422e-01 3.423316997701101455e-02 3.635213607292264032e-02
2.797111177704601492e-01 6.463416084770724490e-01 4.220529117012841724e-02 3.174198258233885961e-02
3.238955288780058228e-01 5.965408333771017313e-01 5.185368169233519481e-02 2.770995605255714006e-02
3.704348916244116774e-01 5.438963344075503636e-01 6.155951943952578387e-02 2.410925452851233122e-02
4.135086112864355123e-01 4.949461667865738268e-01 7.065780023340921534e-02 2.088742169358142817e-02
4.511104766543312938e-01 4.518170450668695382e-01 7.893629241291337528e-02 1.813618586588582396e-02
4.825054261620940199e-01 4.159494614963198389e-01 8.552522000295080529e-02 1.601989233863540182e-02
5.028958197069348657e-01 3.930686767588681962e-01 8.949902057428614499e-02 1.453648295991082258e-02
5.068449392748763938e-01 3.881613380554058690e-01 9.136650391240699887e-02 1.362721875731081125e-02
4.949796831518905593e-01 3.995350362823122947e-01 9.224837536862851017e-02 1.323690519716875548e-02
4.731047752298825904e-01 4.212174332209560612e-01 9.249355556411495427e-02 1.318423598504644620e-02
4.495457361039904010e-01 4.451799467034978641e-01 9.200876505256740112e-02 1.326555213994429737e-02
4.326669623229693062e-01 4.629663191298408753e-01 9.101892241842723941e-02 1.334779612876235699e-02
4.262182034517296159e-01 4.699101928024517760e-01 9.040614355518236667e-02 1.346546019063599858e-02
4.284340333374954679e-01 4.669273847855434645e-01 9.085904175067735511e-02 1.377954012628366913e-02
4.355135047739441823e-01 4.577133151699358526e-01 9.233584576069611694e-02 1.443733429542365040e-02
6.721121854923876038e-01 7.489295544757368361e-02 2.313068362924577681e-01 2.168802276758102082e-02
6.949046752810509320e-01 8.156332154632878195e-02 2.018446370392486255e-01 2.168736613337170910e-02
7.218281186928231508e-01 8.776046161849145044e-02 1.689367625418592422e-01 2.147465714682653473e-02
7.448603722378047687e-01 9.527968448177062677e-02 1.380992836769393273e-01 2.176065960348529810e-02
7.602844575665671512e-01 1.036363271593398749e-01 1.133044374166041063e-01 2.277477785748877395e-02
7.648100311197796319e-01 1.154771096255456375e-01 9.530810375804389667e-02 2.440475549663066387e-02
7.597879107841961632e-01 1.310435332678780707e-01 8.292721710640124644e-02 2.624133884152457519e-02
7.457218847485721502e-01 1.517570926524609565e-01 7.448585446671719679e-02 2.803516813224983875e-02
7.290650261025723999e-01 1.734617495644771856e-01 6.792525563187561122e-02 2.954796870107475812e-02
7.143020984949141061e-01 1.920186274050215414e-01 6.277457879016390407e-02 3.090469530990028538e-02
7.007847189796257981e-01 2.070121425661114456e-01 5.971947810185646022e-02 3.248366035240646266e-02
6.834587379804796248e-01 2.227513595145524661e-01 5.915005699528705363e-02 3.463984550968040449e-02
6.578484918607588883e-01 2.435928106870161314e-01 6.088238051832291220e-02 3.767631693390201958e-02
6.246238601642281063e-01 2.691522715389889631e-01 6.441865190820679488e-02 4.180521638857577493e-02
5.892781243912130762e-01 2.945748271445817745e-01 6.913168863309453183e-02 4.701535983111072153e-02
5.574416443884410155e-01 3.152271632242132915e-01 7.435909058920639469e-02 5.297210179813894443e-02
5.292759985740206341e-01 3.311845363869295178e-01 8.028630551636005419e-02 5.925315952268978004e-02
5.086436969358715254e-01 3.418769439620176764e-01 8.423274084030329956e-02 6.524661826180758184e-02
4.937380226265879468e-01 3.494854698902071233e-01 8.622907300864711411e-02 7.054743447455766314e-02
4.846317341143175361e-01 3.541240943298055721e-01 8.611012237003308478e-02 7.513404918584376535e-02
4.803942901619255856e-01 3.561704386110670084e-01 8.421497619815911106e-02 7.922029502884825325e-02
4.792266824329738939e-01 3.569307524858723046e-01 8.110791112184390084e-02 8.273465395930967858e-02
4.785723155682031216e-01 3.587567286384666931e-01 7.733959261389662665e-02 8.533136317943362803e-02
4.756993612519434533e-01 3.644008533295842733e-01 7.321506518351253434e-02 8.668472023495961409e-02
4.695050484160958604e-01 3.753357754930480294e-01 6.868974397570877521e-02 8.646943211514743211e-02
4.626623406609946532e-01 3.888256724918199292e-01 6.392726594177902677e-02 8.458472090540607169e-02
4.604869212041570736e-01 3.987228061973921989e-01 5.944365749833155355e-02 8.134661510011914620e-02
4.668151075359143753e-01 4.005338943755247794e-01 5.548368666067488020e-02 7.716731142788586795e-02
4.828542835657702592e-01 3.930870438206568451e-01 5.188490056611528428e-02 7.217377204745784036e-02
5.088976734166229532e-01 3.763946327813338377e-01 4.834648895510511302e-02 6.636120484693835975e-02
5.464419719339765891e-01 3.488654976626096027e-01 4.485571026931956667e-02 5.983682013409400563e-02
5.965821048842225860e-01 3.089238615693210566e-01 4.164320645858535924e-02 5.285082708787097044e-02
6.577170217176123712e-01 2.584158546183816796e-01 3.825213232498227145e-02 4.561499133902353204e-02
7.192916029009615020e-01 2.059119295380568426e-01 3.638929608435644697e-02 3.840717147662516678e-02
7.764873523091138097e-01 1.571667142950473606e-01 3.507966831699749211e-02 3.126626507884117806e-02
8.270280785153637515e-01 1.149653041004277398e-01 3.384336974903086326e-02 2.416324763517741642e-02
8.715795655422404753e-01 7.952320133826411286e-02 3.154477488951534098e-02 1.735245822998002230e-02
9.057137702334130402e-01 5.273693079827381641e-02 3.017616207149943428e-02 1.137313689681376111e-02
9.326857689170605648e-01 3.247191006518422574e-02 2.799035134017225854e-02 6.851969677583101027e-03
9.506895934175969565e-01 1.873667632609014172e-02 2.663717340025602634e-02 3.936556856056989094e-03
9.597918391566852003e-01 1.055958345631128649e-02 2.736181237190369805e-02 2.286765015099827703e-03
9.610729556986092881e-01 6.225341884930532185e-03 3.128071858785105158e-02 1.420983828608604919e-03
9.553739334799483673e-01 4.010995104749237768e-03 3.964371106683042129e-02 9.713603484718572696e-04
9.424118536497289034e-01 2.834958135244530688e-03 5.402834034685879278e-02 7.248478681680928975e-04
9.208801823710962564e-01 2.176675882836650016e-03 7.636797860021521389e-02 5.751631458517391694e-04
8.883886852739575346e-01 1.811394951691620717e-03 1.093268891490506989e-01 4.730306253000448051e-04
8.424178282483045788e-01 1.633897162986156079e-03 1.555572067916621004e-01 3.910677970470000033e-04
7.846300135460904102e-01 1.598076807462559196e-03 2.134514233245857762e-01 3.204863218612299773e-04
7.248937248801267108e-01 1.653755987914034241e-03 2.731853201270335041e-01 2.671990049255894241e-04
6.725529615596333999e-01 1.748971459362407260e-03 3.254606098140474524e-01 2.374571669567478247e-04
6.302402807281629604e-01 1.163961662745848901e-03 3.683899970698930049e-01 2.057605391981086427e-04
5.983823561642200861e-01 1.188642265819871060e-03 4.002162179198625047e-01 2.127836500975663272e-04
5.870575262553167084e-01 1.312811134971322846e-03 4.113898556309592003e-01 2.398069787530514936e-04
5.971912493896520679e-01 1.517206225172008753e-03 4.010132393628533243e-01 2.783050223227590513e-04
6.182895805555607138e-01 1.777957006369230162e-03 3.796142189266574207e-01 3.182435114129337117e-04
6.396922309042679666e-01 2.695621331744816555e-03 3.572342781330365424e-01 3.778696309506473301e-04
6.590320476916599057e-01 2.901417299102814450e-03 3.376633731364130919e-01 4.031618728244123259e-04
6.723135563034590145e-01 3.069704103365764655e-03 3.242024340948660988e-01 4.143054983093754913e-04
6.744181651978687908e-01 3.144338797581388949e-03 3.220427915534448959e-01 3.947044511050208583e-04
6.614976559066398920e-01 3.164931569615476482e-03 3.349877316871018307e-01 3.496808366428037014e-04
6.346558929605305988e-01 3.191997606198032980e-03 3.618497569705015349e-01 3.023524627697052954e-04
5.987390462747483877e-01 2.576166262796789064e-03 3.984424485442067398e-01 2.423389182480346936e-04
5.514985000692170791e-01 2.410760495132589949e-03 4.458759917070622136e-01 2.147477285879684087e-04
4.931338626907548206e-01 2.190359853367960293e-03 5.044777314179919037e-01 1.980460378854839558e-04
4.320462448860510896e-01 1.973083675222136058e-03 5.657874310617334590e-01 1.932403769931139857e-04
3.831700847076704441e-01 1.787156144322880500e-03 6.148417051195872451e-01 2.010540284194399139e-04
3.587379695646469857e-01 1.614875313085699284e-03 6.394253915842376124e-01 2.217635380297828737e-04
3.641457237801135616e-01 1.451848748996296566e-03 6.341419806534589476e-01 2.604468174313170859e-04
3.962963198551145427e-01 1.328762529779047930e-03 6.020476656777303814e-01 3.272519373761314967e-04
4.410818491869797353e-01 1.277144964398943972e-03 5.572106701010728358e-01 4.303357475483776434e-04
4.830915812586675795e-01 1.308074777276917742e-03 5.150267585289332040e-01 5.735854351223533413e-04
5.132867881772350538e-01 1.413654462018304556e-03 4.845518595497315673e-01 7.476978110150977108e-04
5.306970980840945984e-01 1.618105787029996837e-03 4.667390763643115559e-01 9.457197645639395332e-04
5.380757552413095723e-01 2.018838270003220099e-03 4.587060931701139599e-01 1.199313318573406398e-03
5.358432616872744747e-01 2.734821818405468088e-03 4.598665426410926127e-01 1.555373853227221600e-03
5.241734398480457635e-01 3.821803595840763366e-03 4.699872605678619419e-01 2.017495988251373756e-03
5.075425831824866840e-01 5.182149715555330743e-03 4.847623640788332189e-01 2.512903023124553412e-03
4.964177057026538109e-01 6.676089832064547105e-03 4.939390991399690289e-01 2.967105325312407917e-03
4.999728139746965061e-01 8.305563835400197117e-03 4.883768336330959192e-01 3.344788556807286924e-03
5.200833372504758412e-01 1.018114403575535662e-02 4.661171228973773339e-01 3.618395816391764466e-03
5.493356749935804917e-01 1.281678342073584546e-02 4.340463806665295632e-01 3.801160919154104867e-03
5.808013391089029698e-01 1.539021861159898738e-02 4.000085318779388333e-01 3.799910401559124587e-03
6.004148069176158398e-01 1.941958805197696245e-02 3.763836241208481370e-01 3.781980909559098502e-03
5.977293870942669285e-01 2.634604161171039821e-02 3.720685086649065387e-01 3.856062629116128061e-03
5.655747593140754148e-01 3.991485619221687986e-02 3.903486949856215804e-01 4.161689508086057268e-03
5.009274283806463002e-01 6.308768087516603007e-02 4.311233700873924879e-01 4.861520656795176656e-03
4.118836461245605207e-01 1.026885366875434497e-01 4.793000997500879712e-01 6.127717437807972574e-03
3.171623349100530231e-01 1.616053165206975395e-01 5.132686168317122100e-01 7.963731737537440777e-03
2.341476639818027283e-01 2.297876277985059779e-01 5.260391511373228024e-01 1.002555708236853825e-02
