2.858853342847453294e-01 1.454223652425263580e-01 3.081328424543161026e-01 2.605594580184121822e-01
5.733057785782155191e-01 1.663174755563475993e-01 1.894576971912578511e-01 7.091904867417907210e-02
5.686105459479580126e-01 1.715178342447395421e-01 1.883746512203471057e-01 7.149696858695535340e-02
5.631144908203828958e-01 1.783577891746269684e-01 1.863526314648505378e-01 7.217508854013954256e-02
5.563814444287458194e-01 1.879200444716472573e-01 1.826666748400769258e-01 7.303183625952977542e-02
5.471789206432976505e-01 2.019258145982315289e-01 1.766994235874780883e-01 7.419584117099274623e-02
5.330578533834701149e-01 2.230021637618745389e-01 1.681253394094521791e-01 7.581464344520311149e-02
5.162553519723500628e-01 2.491786792654711313e-01 1.566875576575973428e-01 7.787841110458144922e-02
4.936343656613604303e-01 2.834506014672556473e-01 1.422936754883047383e-01 8.062135738307917021e-02
4.602118278016892328e-01 3.292900429533160978e-01 1.261045840499832038e-01 8.439354519501143792e-02
4.182584774290855067e-01 3.852985038167661136e-01 1.068911354233967048e-01 8.955188333075150831e-02
3.661407991078256541e-01 4.508217071366570350e-01 8.650792097119036628e-02 9.652957278432677812e-02
3.086149130349181702e-01 5.185628145416141255e-01 6.720675662874722733e-02 1.056155157947206435e-01
2.547343521797283961e-01 5.773623763767954387e-01 5.092727274986294517e-02 1.169759986936133311e-01
2.151002179420260507e-01 6.168389379547681850e-01 3.864667156843146906e-02 1.294141725347740524e-01
1.989478058460332210e-01 6.312691753827049945e-01 3.045887061716155350e-02 1.393241481541001303e-01
2.125642418977528036e-01 6.194725984687112774e-01 2.562423890876891486e-02 1.423389207247671706e-01
2.567292362039061415e-01 5.850170845735409575e-01 2.266914113217644716e-02 1.355845380903763775e-01
3.240013774409876146e-01 5.355912035176159103e-01 2.065070010400488904e-02 1.197567189373918289e-01
4.063716605440039209e-01 4.747294827218738744e-01 1.997735438292125645e-02 9.892150235120092394e-02
4.996809721257202686e-01 4.019976089572963041e-01 2.094064538517729016e-02 7.738077353180582152e-02
5.950849185780036077e-01 3.243302403861906824e-01 2.313603042652307915e-02 5.744881060928253708e-02
6.843682109757115439e-01 2.494524437996123722e-01 2.581379982577120327e-02 4.036554539890509219e-02
7.608577253699841947e-01 1.817732832441533719e-01 3.042650089117886897e-02 2.694249049468361301e-02
8.237572578969317716e-01 1.232227003883673427e-01 3.574938600669397282e-02 1.727065570800707939e-02
8.710664136277649350e-01 7.721716098198139200e-02 4.085930384775254137e-02 1.085712154250099287e-02
8.993265220563909645e-01 4.607964583722062163e-02 4.768049524844706483e-02 6.913336857941623087e-03
9.028176766497244543e-01 2.834328792329431426e-02 6.413991502079885443e-02 4.699120406182330165e-03
8.757842008796150601e-01 1.890669336107642443e-02 1.017929025855727893e-01 3.516203173735747440e-03
8.113861242103898030e-01 1.343076165487162854e-02 1.723208160999865901e-01 2.862298034751836490e-03
7.128786729289846580e-01 9.799590401107779319e-03 2.748916102572817044e-01 2.430126412625881280e-03
6.010605128963946164e-01 6.482494274191658197e-03 3.904612523953633896e-01 1.995740434050214361e-03
4.939165457097028922e-01 4.065002241775009587e-03 5.004400032474499715e-01 1.578448801071987047e-03
3.962178555826576520e-01 2.466709033437994650e-03 6.000939230891537690e-01 1.221512294750860773e-03
3.066846377868153173e-01 1.526127535568489683e-03 6.908380776331978224e-01 9.511570444183680730e-04
2.331084329942650635e-01 1.022418467152044893e-03 7.650939978063983071e-01 7.751507321846976949e-04
1.865070689631405931e-01 7.942750947213171554e-04 8.120034275986524053e-01 6.952283434854927531e-04
1.710878064420509326e-01 7.542637028634107278e-04 8.274395908685555634e-01 7.183389865299100695e-04
1.848594369267108350e-01 8.919355135989168182e-04 8.133723956895000384e-01 8.762318701899831069e-04
2.230461527078269057e-01 1.281462844892291468e-03 7.744304621456493676e-01 1.241922301631716036e-03
2.766246289106228384e-01 2.105763942815343237e-03 7.193261904502108450e-01 1.943416696351006915e-03
3.346003124653462169e-01 3.724160401612451425e-03 6.584542695491953923e-01 3.221257583845661427e-03
3.876303566191522942e-01 6.659978534692778326e-03 6.002116909490254892e-01 5.497973897129564830e-03
4.284380399321804367e-01 1.156038954000720119e-02 5.505634645772394808e-01 9.438105950572676581e-03
4.498498701078258444e-01 1.973251557220819657e-02 5.143109547756549160e-01 1.610665954431096322e-02
4.602447764022437049e-01 3.358760852244777051e-02 4.791377097214612468e-01 2.702990535384736104e-02
4.590144250743439791e-01 5.696270602903302088e-02 4.392895046594725850e-01 4.473336423715056770e-02
4.500664171764195975e-01 9.144002156927137637e-02 3.876414873468344569e-01 7.085207390747466638e-02
4.302995049795902416e-01 1.354145150939833619e-01 3.304876576253774068e-01 1.037983223010487815e-01
3.978792581283905339e-01 1.853771653690059751e-01 2.777282702660116565e-01 1.390153062365920844e-01
3.550989598573588424e-01 2.370359705604571654e-01 2.350892311291116199e-01 1.727758384530725944e-01
3.115272519439244436e-01 2.807714579689099543e-01 2.031408195566012376e-01 2.045604705305646698e-01
2.653162041976681040e-01 3.174201305109050630e-01 1.806044453764508451e-01 2.366592199149759601e-01
2.237403395550395524e-01 3.410210281604704741e-01 1.634658514309639543e-01 2.717727808535259637e-01
1.892799727215143113e-01 3.496997247412224064e-01 1.502683247556693968e-01 3.107519777815938022e-01
1.607073707915651906e-01 3.512569227755686918e-01 1.371759391679704121e-01 3.508597672648954835e-01
1.414217525851063362e-01 3.466120478015998208e-01 1.253699136985416962e-01 3.865962859147522579e-01
1.295435835217063347e-01 3.434827445075819274e-01 1.149571038698102843e-01 4.120165681009012593e-01
1.249133542151924098e-01 3.451292177072308731e-01 1.078395706251567832e-01 4.221178574524196980e-01
1.284747032838129688e-01 3.518501449100540079e-01 1.056147045080952918e-01 4.140604472980377038e-01
1.392928723415025882e-01 3.605968484167421106e-01 1.077732241040027239e-01 3.923370551377522997e-01
1.542070943423902440e-01 3.678803955533714309e-01 1.122311303424211870e-01 3.656813797618170825e-01
1.708463102636443021e-01 3.725332334165844528e-01 1.171846656665562481e-01 3.394357906532146640e-01
1.882039542782643071e-01 3.736074997590064783e-01 1.216057873586909449e-01 3.165827586040382835e-01
2.025716324118329026e-01 3.763088861290582177e-01 1.226575646711212109e-01 2.984619167879876689e-01
2.146829396954746949e-01 3.775795348623945391e-01 1.222437065099910153e-01 2.854938189321400976e-01
2.215579596345792213e-01 3.802092658155454830e-01 1.200774353878480416e-01 2.781553391620271709e-01
2.226578848414093870e-01 3.851441160740127767e-01 1.168584305775659388e-01 2.753395685070118559e-01
2.190497432812011924e-01 3.921476513948251030e-01 1.131500011938568195e-01 2.756526041301169405e-01
2.111836816827837304e-01 4.005922435825183814e-01 1.090074705261369487e-01 2.792166042085608701e-01
1.993030251691550736e-01 4.094071555134817242e-01 1.047035332026427096e-01 2.865862861147208118e-01
1.835132561218940361e-01 4.171755219860072139e-01 1.007068326458841478e-01 2.986043892462145743e-01
3.990304460095228101e-01 2.939218869983634685e-01 1.979802341436543434e-01 1.090674328484595168e-01
9.062496447554601042e-01 6.806463499045879717e-02 1.236681754064476203e-02 1.331890271343632616e-02
9.140895224008779296e-01 6.083218308661261092e-02 1.323171569912354011e-02 1.184657881338581700e-02
9.221604890350939554e-01 5.308346502848666770e-02 1.469971240398918778e-02 1.005633353243022207e-02
9.281225374434308728e-01 4.690739663164127798e-02 1.668974941928559608e-02 8.280316505642273950e-03
9.345278742275955342e-01 4.037712857566223834e-02 1.840310447845127512e-02 6.691892718290664427e-03
9.383965180943066864e-01 3.460554431198419739e-02 2.156830280719993290e-02 5.429634786509286541e-03
9.377034795375726040e-01 2.986472868791027746e-02 2.797272172597981346e-02 4.459070048537349361e-03
9.298742517101696858e-01 2.579724253497890987e-02 4.068454260082675356e-02 3.643963154024513259e-03
9.078215811187260176e-01 2.238452738249530408e-02 6.683757424518316226e-02 2.956317253595307920e-03
8.564981250636990451e-01 1.972510233862666273e-02 1.213705324466252122e-01 2.406240151049100773e-03
7.544795246140598710e-01 1.709703008043268399e-02 2.264848779690610825e-01 1.938567336446315233e-03
5.932739413846525034e-01 1.369120450822160391e-02 3.915405986768931701e-01 1.494255430232805434e-03
4.077996357770297120e-01 8.950650499739660343e-03 5.822431987452114655e-01 1.006514978019333074e-03
2.465188126530253043e-01 4.938121033598255431e-03 7.479279651229163717e-01 6.151011904602278349e-04
1.393195532665816305e-01 2.441225899724141103e-03 8.578788143710659453e-01 3.604064626283074260e-04
8.197903815524332227e-02 1.248571658525312158e-03 9.165389091539670741e-01 2.334810322643605723e-04
5.723097141446525232e-02 7.643934878547720265e-04 9.418232058819256958e-01 1.814292157542346691e-04
4.759204776007128213e-02 5.870850255164357465e-04 9.516487963492401558e-01 1.720708651719599774e-04
4.229015360145742253e-02 5.181277482326772680e-04 9.570140738060198826e-01 1.776448442900979534e-04
3.649679270757198724e-02 4.819732410875230072e-04 9.628379583009790688e-01 1.832757503615996199e-04
3.019040334769900608e-02 4.643858383765543706e-04 9.691579435362365214e-01 1.872672776878539069e-04
2.505155447435984326e-02 4.799662261509136615e-04 9.742717025538060183e-01 1.967767456829659645e-04
2.238159216379658617e-02 5.615504899221143405e-04 9.768339194496028499e-01 2.229378966787434735e-04
2.222913812456004529e-02 7.494558753009150816e-04 9.767494168140750110e-01 2.719891860638286112e-04
2.463407410622627663e-02 1.121869306322641679e-03 9.738905915986486583e-01 3.534649888025427232e-04
3.009227049361786616e-02 1.831084684880390214e-03 9.675900995077904021e-01 4.865453137109625463e-04
3.941532614323969841e-02 3.144869058205198263e-03 9.567376825955417052e-01 7.021222030137441728e-04
5.366545235152131443e-02 5.531717928408948909e-03 9.397493207445487551e-01 1.053508975521189311e-03
7.315569308560525286e-02 9.830416116319138156e-03 9.153905969441558099e-01 1.623293853919711895e-03
9.555394370628302048e-02 1.846703742423144723e-02 8.834630512050948292e-01 2.515967664390511387e-03
1.162798719815384546e-01 3.365543760341947743e-02 8.462418514787491963e-01 3.822838936292813523e-03
1.320024593604481045e-01 6.197366423381036465e-02 8.003345150306718780e-01 5.689361375069779472e-03
1.428156779210125182e-01 1.130200390343244071e-01 7.360076982057077721e-01 8.156584838955087402e-03
1.457001416563995788e-01 1.940679597460508721e-01 6.490910378272498615e-01 1.114086077029940482e-02
1.410580678668138244e-01 2.925720606418716896e-01 5.518204802532505893e-01 1.454939123806372678e-02
1.336833307430829176e-01 3.849909098088357684e-01 4.627757266816941994e-01 1.855003276638676410e-02
1.298988576376001181e-01 4.555510466369736555e-01 3.912384913490642435e-01 2.331160437636211821e-02
1.324158824777715016e-01 5.007567894086526472e-01 3.380773734177492384e-01 2.874995469582631441e-02
1.413219839821149015e-01 5.243215054119383378e-01 2.999330630878010995e-01 3.442344751814565423e-02
1.516063112698959880e-01 5.359720912404299931e-01 2.728781995486829759e-01 3.954339794099125116e-02
1.630170120399117573e-01 5.384857249007668489e-01 2.546241936131173889e-01 4.387306944620385230e-02
1.770384862041343710e-01 5.301406909790432609e-01 2.452034265582856143e-01 4.761739625853678853e-02
1.947921155187670728e-01 5.100451517331764384e-01 2.441148024238884440e-01 5.104793032416764242e-02
2.160150564382361527e-01 4.798175944762936296e-01 2.497378602698352434e-01 5.442948881563478003e-02
2.362890538958871411e-01 4.448366489120336720e-01 2.613191745326080007e-01 5.755512265947080458e-02
2.482765361909735624e-01 4.119038158905482527e-01 2.799137532249125204e-01 5.990589469356564362e-02
2.507174872063024362e-01 3.820022507751081875e-01 3.056780385820924706e-01 6.160222343649667670e-02
2.450108428649262204e-01 3.543451718780438742e-01 3.377555078323282167e-01 6.288847742470188296e-02
2.301678357456883040e-01 3.298113950768769009e-01 3.761808309282070328e-01 6.383993824922759575e-02
2.103249897239982402e-01 3.066940501056581447e-01 4.182267057206415228e-01 6.475425444970174527e-02
1.874416313447232751e-01 2.894448231518493286e-01 4.565246291256679356e-01 6.658891637775912753e-02
1.645488244204368899e-01 2.846135736194744248e-01 4.793678232588809984e-01 7.146977870120767296e-02
1.429008855343436579e-01 2.966967484711600100e-01 4.788108459831244557e-01 8.159152001137191801e-02
1.234772094264248027e-01 3.241362011689759570e-01 4.555935271751916371e-01 9.679306222940757543e-02
1.069221186559290854e-01 3.630816033644380103e-01 4.179887686736039609e-01 1.120075093060292348e-01
9.177744160461100142e-02 4.131446250379535723e-01 3.756359483182956649e-01 1.194419850391396642e-01
7.515124457881197650e-02 4.749650316022248075e-01 3.333526050029345100e-01 1.165311188160289835e-01
5.961496568139901253e-02 5.414649408308184197e-01 2.906479562049186227e-01 1.082721372828636675e-01
4.667073548736844907e-02 6.042854407941099515e-01 2.476457060433351343e-01 1.013981176751863889e-01
3.835866134033285441e-02 6.550284304507856259e-01 2.069758292231974051e-01 9.963707898568434362e-02
3.596041508883396354e-02 6.872937026049754650e-01 1.749271133153645352e-01 1.018187689908261057e-01
3.967611485434990176e-02 6.997892458498529145e-01 1.558843709912970665e-01 1.046502683045002213e-01
4.877059361376526181e-02 6.949672820971889431e-01 1.497724780679622336e-01 1.064896462210837003e-01
6.798704643979723572e-02 6.662071668404719871e-01 1.581086017322012871e-01 1.076971849875292819e-01
1.035686037496547363e-01 6.071685482504471931e-01 1.814360960591930028e-01 1.078267519407053038e-01
1.618759749581797081e-01 5.167612715399767520e-01 2.166762983066811976e-01 1.046864551951623146e-01
2.396903159913769399e-01 4.106061507820409906e-01 2.537102717667324425e-01 9.599326145984948822e-02
3.243169460070184917e-01 3.085576476095850951e-01 2.848065586428897844e-01 8.231884774050653164e-02
3.895414059397364070e-01 2.396636917621033647e-01 3.042393021542995069e-01 6.655560014386058265e-02
4.323630121776285140e-01 2.005364667791389999e-01 3.151054528599329108e-01 5.199506818329947128e-02
4.631784728854960176e-01 1.798969842569041466e-01 3.166744312968378661e-01 4.025011156076190727e-02
2.046642444880314091e-02 4.201324564152417174e-02 3.403278369053840124e-02 9.034875462191342965e-01
2.569815524142476382e-01 5.290094273377113909e-01 4.426682650886932385e-02 1.697421937391715430e-01
3.359609159701684722e-01 4.296245671169081071e-01 4.693826940477535681e-02 1.874762475081481750e-01
4.381564242838734691e-01 3.275023817257866066e-01 4.766110546473696641e-02 1.866800885256029718e-01
5.646086789700627273e-01 2.266851707090253853e-01 4.505451852071716556e-02 1.636516318001946246e-01
6.946727231519991275e-01 1.416069213311881014e-01 4.050044787245444394e-02 1.232199076443583896e-01
8.020592544314416594e-01 8.191924072979808735e-02 3.438384130236648434e-02 8.163766353639399787e-02
8.696288378737275782e-01 4.873087888738229789e-02 2.975029375984062155e-02 5.188998947904952669e-02
9.044926954342056291e-01 3.278236303940430113e-02 2.844508647528597861e-02 3.427985505110400788e-02
9.186121101938112821e-01 2.549750819705681390e-02 3.127444779042987122e-02 2.461593381870219241e-02
9.190803438540292580e-01 2.238870373800925725e-02 3.891454446682555968e-02 1.961640794113607769e-02
9.095188453566845910e-01 2.136889890911921122e-02 5.187565613939432857e-02 1.723659959480165760e-02
8.915940640307326026e-01 2.136460899798222138e-02 7.082122399884663300e-02 1.622010297243868873e-02
8.645339260962766614e-01 2.191070003502695179e-02 9.776922188537891245e-02 1.578615198331709962e-02
8.254000370697573974e-01 2.311644200836738758e-02 1.359294270614978817e-01 1.555409386037757101e-02
7.764100907708570976e-01 2.490863740237808654e-02 1.834747975050362856e-01 1.520647432172825622e-02
7.310293646505049425e-01 2.650340595337483465e-02 2.280859316675698523e-01 1.438129772855049025e-02
7.043612987366214551e-01 2.701245589079150425e-02 2.557020832518703268e-01 1.292416212071683182e-02
7.007787491862507157e-01 2.634453880685734203e-02 2.617680282668204406e-01 1.110868374007137858e-02
7.126948374163541988e-01 2.499339437451928922e-02 2.529865528869704172e-01 9.325215322155990666e-03
7.276600482143524840e-01 2.325788030983499260e-02 2.413709756288146824e-01 7.711095846997905248e-03
7.381844528427310426e-01 2.103067662390893655e-02 2.345647629442782767e-01 6.220107589081720796e-03
7.454237094730619129e-01 1.820469492070782291e-02 2.315284291827996721e-01 4.843166423430913907e-03
7.550435698685136199e-01 1.510501484647558228e-02 2.261539400276089129e-01 3.697475257401910964e-03
7.693680116050474194e-01 1.224083149209110113e-02 2.155318870108210161e-01 2.859269892040454744e-03
7.854372479837656851e-01 9.848938960304150225e-03 2.024389996856776619e-01 2.274813370252607315e-03
8.002229390059161229e-01 7.944246509276288101e-03 1.899857955337506399e-01 1.847018951056563982e-03
8.160137054620238972e-01 6.525829929124312562e-03 1.759444093956654964e-01 1.516055213186518012e-03
8.376937723178315975e-01 5.564205090931135904e-03 1.554806660793651429e-01 1.261356511872139445e-03
8.656174889429616437e-01 4.876380656058863089e-03 1.284518049854241339e-01 1.054325415555547275e-03
8.939692144123813078e-01 4.272457418699045391e-03 1.008848819566231098e-01 8.734462122966001659e-04
9.158758578905970005e-01 3.740837251994267795e-03 7.965280320503102807e-02 7.305016523778048174e-04
9.275510118822016814e-01 3.378368342800562325e-03 6.842232548773555245e-02 6.482942872622063151e-04
9.279089485849597585e-01 3.269779116328612976e-03 6.817715025575797616e-02 6.441220429534697846e-04
9.164989903467062327e-01 3.475025745582382801e-03 7.928361050491100626e-02 7.423734028002975131e-04
8.937886030413441096e-01 4.007912873965204653e-03 1.012155537931256760e-01 9.879302915648229943e-04
8.645368683376064567e-01 4.822080111218192064e-03 1.291808811358427511e-01 1.460170415332781840e-03
8.375543453698970353e-01 5.806577525872586194e-03 1.543769114980077795e-01 2.262165606222478476e-03
8.176726153290894139e-01 6.891654787555431989e-03 1.719618377304173995e-01 3.473892152938000497e-03
8.028075232614702017e-01 8.020943002544959899e-03 1.840852926892738994e-01 5.086241046710744673e-03
7.898418881240369949e-01 8.996722412700639687e-03 1.942483377501352804e-01 6.913051713127199571e-03
7.776512804785379318e-01 9.654119406483153629e-03 2.041141609985692440e-01 8.580439116409779854e-03
7.660764047321249048e-01 1.007074097839107119e-02 2.140420320393778275e-01 9.810822250106160033e-03
7.549247295562957483e-01 1.043688226295463525e-02 2.239682398695324872e-01 1.067014831121704602e-02
7.435810717592826746e-01 1.098466620619933422e-02 2.338227381864989574e-01 1.161152384801905808e-02
7.314338186829233424e-01 1.204900021930959027e-02 2.431453326447829688e-01 1.337184845298397540e-02
7.183215866155304719e-01 1.414439567273627525e-02 2.506239778691364273e-01 1.691003984259676143e-02
7.040869993925635839e-01 1.817466509017668860e-02 2.541131428203524112e-01 2.362519269690723650e-02
6.858984312968094965e-01 2.561087618050823800e-02 2.527923226296719950e-01 3.569836989301039543e-02
6.562892442695595907e-01 3.846358538668806504e-02 2.491210241064376052e-01 5.612614623731452396e-02
6.048048459614325800e-01 5.944784770219021380e-02 2.472404324179672264e-01 8.850687391840990348e-02
5.281239389921584815e-01 9.003104711145180905e-02 2.458689824575898131e-01 1.359760314387999380e-01
4.374676559821596977e-01 1.315589600136035375e-01 2.330903949838590283e-01 1.978829890203775976e-01
3.503900468220624842e-01 1.796086496575147184e-01 2.036021823787147189e-01 2.663991211417080507e-01
2.764584466220669778e-01 2.318619645955057595e-01 1.626534125989571034e-01 3.290261761834697984e-01
2.113636491463299349e-01 2.922180225485576099e-01 1.191403295144822239e-01 3.772779987906304533e-01
1.548960190679148086e-01 3.597610581650624861e-01 8.043006437566993516e-02 4.049128583913528812e-01
1.128002842166057340e-01 4.260790700357369176e-01 5.186155926728296117e-02 4.092590864803742901e-01
8.543718074492460957e-02 4.829668515983686072e-01 3.381701172580534043e-02 3.977789559309014011e-01
6.875277180735714366e-02 5.286180246401320781e-01 2.349542015601771214e-02 3.791337833964929516e-01
5.922397524167678784e-02 5.646045403823443110e-01 1.800548482859927815e-02 3.581659995473795988e-01
5.465438351551833718e-02 5.918692389583123381e-01 1.537071342819502570e-02 3.381056640979742123e-01
5.424416999449075544e-02 6.088819305764729961e-01 1.464033224502639223e-02 3.222335671840096394e-01
5.793761355725619150e-02 6.134250411893414912e-01 1.537500167241732420e-02 3.132623435809848145e-01
6.633679954090809794e-02 6.049753369961161642e-01 1.723679768301647833e-02 3.114510657799591797e-01
8.121205581062952705e-02 5.854299690677930990e-01 1.983126658596235520e-02 3.135267085356149286e-01
1.048842076007765051e-01 5.599540056461761450e-01 2.261938795729180260e-02 3.125423987957559047e-01
1.380351580659772981e-01 5.342856287798387616e-01 2.486724089894717243e-02 3.028119722552368165e-01
1.746171091555998867e-01 5.139321857935316151e-01 2.563819417940292264e-02 2.858125108714658635e-01
2.080093680888187579e-01 4.984815489317652171e-01 2.474236499363454550e-02 2.687667179857815003e-01
2.312241748147434717e-01 4.883341584926239598e-01 2.314856184531943750e-02 2.572931048473132698e-01
2.435019411963136871e-01 4.806680697790505774e-01 2.157624620935748652e-02 2.542537428152781276e-01
7.311146049392168722e-01 1.090878014196530223e-02 2.480808022919941402e-01 9.895812626823412977e-03
2.663150823100630948e-02 9.509867072653641618e-01 5.783725556628405672e-03 1.659805894700096263e-02
3.002559554276006820e-02 9.497194684822656274e-01 4.810401502871485512e-03 1.544453447210293942e-02
3.359649845591746592e-02 9.461878189321346611e-01 4.577840686394370716e-03 1.563784192555361247e-02
4.001913528732429365e-02 9.378246571658577224e-01 4.906674350337820144e-03 1.724953319648029129e-02
4.859254342521536485e-02 9.260551977950439717e-01 5.668468874031559225e-03 1.968378990570890733e-02
5.666262876193784576e-02 9.143906391404136302e-01 6.675417480865889104e-03 2.227131461678294802e-02
6.135716702400549616e-02 9.055538077088896021e-01 8.405098149041664163e-03 2.468392711806326884e-02
6.516039651218397122e-02 8.969373578185769746e-01 1.035509329871354967e-02 2.754715237052567448e-02
6.782294817750737781e-02 8.881671939629210977e-01 1.325743800967626659e-02 3.075241984989529609e-02
7.088825700675338570e-02 8.773442055972848763e-01 1.748330388962270054e-02 3.428423350633912764e-02
7.680906747931239009e-02 8.613121047993109736e-01 2.383706461657989287e-02 3.804176310479668449e-02
8.751423237443901881e-02 8.371377923263280119e-01 3.383831843807359047e-02 4.150965686115964948e-02
1.032289896497068094e-01 8.030587208183215253e-01 5.000357431904516731e-02 4.370871521292644252e-02
1.229892923575279656e-01 7.565463594728525365e-01 7.656456101728448260e-02 4.389978715233496670e-02
1.477509286871140082e-01 6.893925723149427753e-01 1.210051633348393635e-01 4.185133566310381831e-02
1.808279341292214071e-01 5.863362284145516856e-01 1.953990444985475583e-01 3.743679295767955717e-02
2.167926667468575985e-01 4.435577579293700223e-01 3.093634408931454360e-01 3.028613443062716862e-02
2.341372036567216097e-01 2.879902522330903825e-01 4.567870744586551290e-01 2.108546965153276428e-02
2.206854347775290548e-01 1.574657319542014378e-01 6.093750651342239033e-01 1.247376813404561108e-02
1.807703267383916623e-01 7.757061979844841193e-02 7.350839014228600643e-01 6.575152040299777310e-03
1.380504196577701792e-01 3.652051395140662460e-02 8.220583785243331665e-01 3.370687866489855376e-03
1.020703151113823981e-01 1.851233043582924814e-02 8.776133846970107788e-01 1.803969755777517711e-03
7.467078894993169069e-02 1.019151541787100511e-02 9.140984424911907658e-01 1.039253141006561427e-03
5.379137759806217750e-02 5.964085185575051032e-03 9.395982342518957031e-01 6.463029644669542918e-04
3.764810176130509861e-02 3.663705727064274845e-03 9.582565194997318958e-01 4.316730118987651614e-04
2.515892199226683543e-02 2.334581085607587061e-03 9.722028112169096570e-01 3.036857052156808181e-04
1.571666405638491928e-02 1.499050922051863065e-03 9.825679251611202369e-01 2.163598604430729726e-04
9.379068654546792588e-03 9.803411363676311878e-04 9.894827023630602403e-01 1.578878460253551068e-04
5.788598930651741269e-03 6.954697675290492064e-04 9.933895222729421937e-01 1.264090288770203653e-04
4.033396288703004068e-03 5.782826444293020802e-04 9.952687290071096093e-01 1.195920597578550664e-04
3.361899444202291060e-03 6.029850171184960748e-04 9.958933580498713356e-01 1.417574888079085155e-04
3.486717503209412795e-03 8.318551928598969403e-04 9.954589343825576142e-01 2.224929213731610862e-04
4.383145306620833508e-03 1.481477644324003364e-03 9.936807412234175407e-01 4.546358256375156040e-04
5.995058108798688966e-03 3.042619914375016554e-03 9.898794102389998351e-01 1.082911737826607306e-03
8.035356938382597763e-03 6.341947085444747320e-03 9.829429235976676615e-01 2.679772378505088787e-03
1.151799295712307124e-02 1.146391754180156944e-02 9.705693893095405089e-01 6.448700191534866878e-03
1.480386952064081940e-02 1.910746754307231579e-02 9.518268761280275214e-01 1.426178680825957931e-02
1.739139363776717392e-02 2.689893860580110443e-02 9.279343363813135070e-01 2.777533137511826317e-02
1.844609743339643837e-02 3.242577425622424070e-02 9.017195607288873704e-01 4.740856758149206845e-02
1.821110638703136650e-02 3.520629211805915981e-02 8.737201135672613139e-01 7.286248792764786486e-02
1.776126612284382317e-02 3.695778669322127147e-02 8.401150855861052591e-01 1.051658615978293687e-01
1.807772282805792871e-02 4.025699744622081994e-02 7.944911335513097361e-01 1.471741461744114354e-01
1.945393248224995542e-02 4.707216203689312817e-02 7.331472891619776888e-01 2.003266163188792137e-01
2.168923006646416435e-02 5.879728656731036257e-02 6.568776364846208304e-01 2.626358468816047953e-01
2.426392839622739522e-02 7.646945887801380459e-02 5.734270507588966614e-01 3.258395619668619791e-01
2.627506578927288339e-02 1.006252511486881579e-01 5.015982774798113386e-01 3.715014055822277728e-01
2.710090733752199693e-02 1.316784442181004877e-01 4.604519714366159810e-01 3.807686770077613470e-01
2.728661887434162200e-02 1.677325937928110799e-01 4.527329130648627964e-01 3.522478742679842068e-01
2.777051932076353771e-02 2.010561115328810267e-01 4.680406970627647434e-01 3.031326720835910704e-01
2.880931344407850966e-02 2.232979397950194955e-01 4.949173853989082272e-01 2.529753613619933339e-01
2.993054045630040225e-02 2.345112447469088202e-01 5.255395494718742011e-01 2.100186653249167534e-01
3.028008120516938531e-02 2.429534677747667293e-01 5.529604320972426601e-01 1.738060189228214092e-01
2.931371968454966892e-02 2.630003090864498905e-01 5.624899998581899263e-01 1.451959713708107780e-01
2.700724558981361031e-02 3.127990749531008863e-01 5.344531525235639569e-01 1.257405269335213349e-01
2.304221242244174420e-02 4.067655274454857750e-01 4.575368723538046911e-01 1.126553877782677376e-01
1.761389334524124037e-02 5.442984266545121130e-01 3.377140390915670531e-01 1.003736409086796039e-01
1.228756877354098519e-02 6.883320267704601259e-01 2.141914049068146253e-01 8.518899954918410233e-02
8.497939684209329311e-03 8.019683394669508969e-01 1.211908484194180458e-01 6.834287242942153895e-02
6.266047987133386600e-03 8.737596442885559034e-01 6.677154848986092961e-02 5.320275923444958005e-02
5.145242689672999657e-03 9.147471748432638439e-01 3.872900685257669312e-02 4.137857561448638616e-02
4.781382649664688185e-03 9.379952824232666853e-01 2.429941866685847440e-02 3.292391626020998996e-02
4.970197067626921407e-03 9.514739683285676763e-01 1.630727484667131993e-02 2.724855975713419073e-02
5.581897933871807736e-03 9.592986387031995354e-01 1.156630118661389900e-02 2.355316217631465980e-02
6.649278414937323869e-03 9.628563505303612269e-01 8.882983414109393155e-03 2.161138764059177333e-02
8.289517354205024405e-03 9.626544377811874220e-01 7.551440470547308124e-03 2.150460439406031224e-02
1.071530537931255495e-02 9.587753268603033119e-01 7.081766393336110833e-03 2.342760136704806137e-02
1.445160036444934071e-02 9.505781637180705790e-01 7.241408230601865254e-03 2.772882768687850996e-02
1.962742087434182423e-02 9.383416407943296900e-01 7.737589999779948512e-03 3.429334833154869949e-02
2.440173714108083078e-02 9.249558761207149482e-01 8.175177071266963302e-03 4.246720966693730975e-02
3.045922748998336135e-02 9.078026192150501217e-01 8.711884586948628190e-03 5.302626870801824960e-02
3.797343919803876366e-02 8.862340630882082904e-01 9.581420337106599794e-03 6.621107737664666537e-02
8.921033729217632546e-02 7.827511319165854076e-01 3.856186900458088030e-03 1.241823438907805194e-01
8.673507957991148654e-02 8.025286009460708136e-01 4.449165014921201144e-03 1.062871544590964085e-01
8.915251183762423759e-02 8.164132742980492186e-01 5.204244958846917894e-03 8.922996890547967019e-02
9.827619912723767337e-02 8.199961255900181101e-01 6.368023152730350502e-03 7.535965213001374896e-02
1.132470635710530332e-01 8.138209543292109771e-01 8.131898079263833595e-03 6.480008402047182647e-02
1.313521085750816164e-01 8.020194946209538989e-01 1.048370449531640242e-02 5.614469230864810312e-02
1.500350938349349628e-01 7.884631589273141117e-01 1.327526311350797281e-02 4.822648412424276887e-02
1.694666901995907637e-01 7.730179074841442288e-01 1.657895508378928739e-02 4.093644723247558126e-02
1.919575975100838439e-01 7.526056592789769351e-01 2.077570224716182579e-02 3.466104096377763816e-02
2.180789285043966408e-01 7.266560387134696208e-01 2.571647248062781249e-02 2.954856030150590854e-02
2.469121935796300960e-01 6.949003056174291038e-01 3.250843310112881690e-02 2.567906770181197992e-02
2.729384664183869824e-01 6.641262034249671986e-01 4.016418915729536715e-02 2.277114099935071551e-02
2.919315673852547754e-01 6.388712004158381141e-01 4.848728833912316349e-02 2.070994385978384283e-02
3.013938802954492790e-01 6.225415168865197080e-01 5.658965518429440178e-02 1.947494763373685059e-02
2.969067195338648824e-01 6.216445243736953286e-01 6.262077623137374260e-02 1.882797986106621996e-02
2.752942566448128847e-01 6.407449956529558399e-01 6.548401836863181058e-02 1.847672933359946479e-02
2.408076424111517955e-01 6.754102306038793913e-01 6.553300304653100761e-02 1.824912393843775016e-02
2.005385822810128171e-01 7.183898984387916409e-01 6.324347481808671734e-02 1.782804446210884200e-02
1.661772044184241792e-01 7.569574308081253866e-01 5.973021017339900929e-02 1.713515460005155325e-02
1.426772926498118543e-01 7.849477250389196303e-01 5.612906102921198792e-02 1.624592128205655864e-02
1.303288313166252599e-01 8.003237447210456157e-01 5.387708857505986437e-02 1.547033538726901025e-02
1.265996576001957308e-01 8.046451861623384882e-01 5.366863018720673117e-02 1.508652605025936205e-02
1.288926251036544013e-01 8.004304042837058208e-01 5.543898630216947954e-02 1.523798431047018731e-02
5.682232586987110423e-01 3.752924870041095262e-02 3.795361932787516546e-01 1.471129932212659509e-02
5.887220203780605399e-01 4.001536069649404975e-02 3.550908841393313753e-01 1.617173478611417387e-02
6.191866164353527768e-01 4.299674292962400030e-02 3.199278263275878720e-01 1.788881430743547579e-02
6.532389767316170159e-01 4.710435284626847408e-02 2.793194553509615874e-01 2.033721507115301627e-02
6.828566424223558862e-01 5.301028115268716784e-02 2.403424138550024625e-01 2.379066256995418169e-02
7.012069907795871471e-01 6.424583714961271119e-02 2.061590555560431082e-01 2.838811651475711684e-02
7.070117149423453817e-01 8.286439391564924539e-02 1.762916242149052404e-01 3.383226692709982719e-02
6.991304425471130957e-01 1.126000436246117481e-01 1.486544970225912587e-01 3.961501680568386280e-02
6.776875195926754802e-01 1.534726654900701315e-01 1.237824858743561546e-01 4.505732904289844187e-02
6.512320484542903909e-01 1.966767174525600181e-01 1.024069139528237804e-01 4.968432014032574118e-02
6.191837372015356333e-01 2.406963234406679086e-01 8.633887291586436752e-02 5.378106644193233338e-02
5.801553078943809671e-01 2.866207869283884380e-01 7.539854230474213326e-02 5.782536287248829510e-02
5.303701493219370455e-01 3.379764351446933324e-01 6.925285612152196069e-02 6.240055941184767530e-02
4.795803381569466728e-01 3.878626497434828901e-01 6.477099806830541318e-02 6.778601403126541247e-02
4.342544139552554916e-01 4.291601768398245476e-01 6.243121202212797982e-02 7.415419718279236960e-02
3.994262213696362918e-01 4.572566134124456672e-01 6.203995779490972806e-02 8.127720742300825751e-02
3.749367450427936177e-01 4.735163219781758359e-01 6.304224223897657298e-02 8.850469074005386239e-02
3.587078359279561868e-01 4.817785703653389429e-01 6.449198926744190152e-02 9.502160443926267741e-02
3.497672555937291761e-01 4.844644834027942437e-01 6.544902474792411995e-02 1.003192362555521411e-01
3.479160116247089207e-01 4.822020908988624011e-01 6.545767018707968066e-02 1.044242272893492196e-01
3.515924760036233665e-01 4.763566772417743289e-01 6.450950426289812911e-02 1.075413424917041338e-01
3.581650279142212789e-01 4.693403829528287607e-01 6.296099496865613376e-02 1.095335941642940764e-01
3.637317365286267812e-01 4.649897026955323032e-01 6.116489635120673368e-02 1.101136644246338003e-01
3.639656524300292628e-01 4.677592467663635456e-01 5.923498094466921743e-02 1.090401198589384113e-01
3.567536572115625471e-01 4.802219674969845919e-01 5.700428936710272981e-02 1.060200859243504018e-01
3.448963937549990866e-01 4.995082324002594332e-01 5.450884901204737509e-02 1.010865248326940496e-01
3.344565321247601752e-01 5.185209850733449866e-01 5.219287215863548102e-02 9.482961064325931555e-02
3.300801694636427697e-01 5.317359741533087547e-01 5.030659364197756500e-02 8.787726274107096613e-02
3.334120075493576807e-01 5.373902778861996410e-01 4.872821490809731149e-02 8.046949965634518642e-02
3.445149187665974555e-01 5.355594915491481700e-01 4.721575874251077165e-02 7.270983094174340855e-02
3.652597789110246795e-01 5.239397603355779864e-01 4.590035898929588354e-02 6.490010176410124232e-02
3.992140567347429725e-01 4.981182369092137519e-01 4.518449865159738371e-02 5.748320770444598909e-02
4.477207377480581507e-01 4.564347224748988019e-01 4.525398009053688969e-02 5.059055968650612300e-02
5.075087972114735724e-01 4.025751395358594942e-01 4.605556418362587168e-02 4.386049906904111034e-02
5.734963034599075415e-01 3.430595276186300113e-01 4.666538508554255588e-02 3.677878383591978717e-02
6.410431058402545901e-01 2.819964288257088003e-01 4.773925066388134963e-02 2.922121467015540222e-02
7.097267804699035620e-01 2.205555479855732248e-01 4.820321032774599335e-02 2.151446121677733775e-02
7.772299326762722727e-01 1.607801454568673627e-01 4.757456817089232570e-02 1.441535369596793313e-02
8.408539044428987586e-01 1.053573580613888505e-01 4.504637588687539912e-02 8.742361608836865181e-03
8.959899449207610056e-01 5.950480490941500999e-02 3.964085081561068147e-02 4.864399354213484218e-03
9.346083954725473708e-01 2.923297107714517215e-02 3.355753181884021941e-02 2.601101631467125311e-03
9.537850293021258308e-01 1.378696136692084996e-02 3.097640622751241316e-02 1.451603103441180195e-03
9.584935244022509959e-01 6.403471004142321024e-03 3.421161828524829640e-02 8.913863083584602732e-04
9.550010632626380058e-01 3.781420779017559408e-03 4.060081155590985341e-02 6.167044024342949095e-04
9.423045819645544663e-01 2.271509289718695330e-03 5.496234410526659731e-02 4.615646404602270357e-04
9.182094881407321108e-01 1.487438938595490824e-03 7.993561805854589031e-02 3.674548621264116786e-04
8.780628990585573890e-01 1.063351856159193811e-03 1.205725609550895860e-01 3.011881301935662452e-04
8.199394491306181143e-01 8.741719710008340758e-04 1.789359444896389817e-01 2.504344087422574424e-04
7.515650324668480264e-01 8.988088820213979398e-04 2.473172864794103420e-01 2.188721717197949872e-04
6.864930868892294979e-01 4.436283405012466665e-04 3.128850240554811313e-01 1.782607147880810642e-04
6.319817958813556125e-01 3.881357486412193394e-04 3.674582737825056178e-01 1.717945874971673584e-04
5.958277774611537847e-01 3.878277995329189147e-04 4.035990398152446978e-01 1.853549240684725802e-04
5.888478659705682627e-01 4.359316927586591103e-04 4.104965072250245095e-01 2.196951116485392939e-04
6.127799603695247566e-01 5.206622174396385297e-04 3.864292676086152900e-01 2.701098044205383036e-04
6.557984456707898202e-01 6.276798929884312662e-04 3.432448326967420527e-01 3.290417394798915147e-04
7.030879939335120676e-01 1.354460149350566025e-03 2.951271781832808805e-01 4.303677338565087859e-04
7.476224265245334788e-01 1.239183625608182484e-03 2.506630973103889382e-01 4.752925394693168089e-04
7.838057074996463980e-01 1.160618196731817231e-03 2.145284785597689481e-01 5.051957438526451195e-04
8.083383310913079267e-01 1.080405858389389077e-03 1.900920657864534347e-01 4.891972638493947241e-04
8.192778229162750447e-01 1.001388532410310041e-03 1.792898273426784261e-01 4.309612086360444178e-04
8.166004719764640152e-01 9.555668724781831574e-04 1.820802699754701381e-01 3.636911755876685620e-04
8.010549361027703430e-01 9.679348086508550919e-04 1.976648966547822073e-01 3.122324337968332680e-04
7.704650543036307697e-01 1.061131296257937983e-03 2.281907100913554975e-01 2.831043087555564462e-04
7.204300654044719643e-01 1.283266850488229026e-03 2.780086499211721907e-01 2.780178238677819165e-04
6.531333852211677060e-01 9.815391713657993945e-04 3.456167160883527600e-01 2.683595191140288592e-04
5.813858032415913923e-01 1.116389117789805653e-03 4.172043767224423716e-01 2.934309181764896608e-04
5.257330054650759532e-01 1.228703074405240910e-03 4.727076988982481520e-01 3.305925622706026314e-04
4.974866155573055559e-01 1.274834964482639450e-03 5.008583664728472051e-01 3.801830053643636591e-04
4.946192959339949513e-01 1.279361863831756469e-03 5.036500071269431889e-01 4.513350752301782893e-04
5.048149389082240424e-01 1.304785518860609138e-03 4.933279695280490262e-01 5.523060448664090030e-04
5.156448993793165680e-01 1.387872481632868417e-03 4.822814406916735575e-01 6.857874473768399860e-04
5.202642346007434471e-01 1.523455544224106050e-03 4.773721217827388008e-01 8.401880722934222927e-04
5.191792290750414374e-01 1.726361529600077809e-03 4.780835341918602821e-01 1.010875203498082806e-03
5.157607494759075539e-01 2.087971821069413512e-03 4.809175236581960111e-01 1.233755044826997591e-03
5.098217270783401700e-01 2.722802941096230320e-03 4.858996152754496700e-01 1.555854705114224131e-03
5.010687927079536808e-01 3.686738546219015498e-03 4.932541859592387001e-01 1.990282786588495629e-03
4.949304731584651673e-01 4.894831195757823675e-03 4.976808308435776151e-01 2.493864802199192640e-03
5.018784636402757737e-01 6.179354943113925247e-03 4.889201635082777719e-01 3.022017908332791467e-03
5.289068906592291341e-01 7.392766731959188840e-03 4.601562001491996678e-01 3.544142459612040826e-03
5.750167616600014853e-01 8.428060181194936898e-03 4.125485586169073682e-01 4.006619541896291187e-03
6.303338959877348158e-01 9.790560705325314014e-03 3.554770929497385601e-01 4.398450357201507885e-03
6.843482480279629021e-01 1.036285404364934229e-02 3.007125848243742405e-01 4.576313104013514203e-03
7.236975286706394117e-01 1.169630516190437938e-02 2.598154075043701550e-01 4.790758663086080830e-03
7.409288723548299593e-01 1.475383417217655292e-02 2.390552521935755403e-01 5.262041279417886686e-03
7.313734756782420687e-01 2.127635759894388329e-02 2.410322741174592276e-01 6.317892605354836870e-03
6.895410530594459075e-01 3.488794397484860921e-02 2.670733468659302612e-01 8.497656099775346972e-03
6.116621300591617016e-01 6.323966274953396471e-02 3.123787639855006293e-01 1.271944320580373732e-02
5.070080784256264517e-01 1.120664200853124931e-01 3.610729958952523244e-01 1.985250559380901531e-02
3.959597335371830562e-01 1.819686024579988404e-01 3.924282245700058125e-01 2.964343943481212093e-02
