2.030692164556605894e-01 2.962365917302861029e-01 2.324215713783371051e-01 2.682726204357163136e-01
5.189625971187579179e-01 2.476728807885325290e-01 1.576168255487747638e-01 7.574769654393459506e-02
5.147898059072731902e-01 2.525115738636245499e-01 1.564067987562259288e-01 7.629182147287638660e-02
5.101418478758326103e-01 2.587172900918532914e-01 1.542058712070848436e-01 7.693499082522929633e-02
5.045919602357974432e-01 2.670713265708703488e-01 1.505662490718108759e-01 7.777046412152160970e-02
4.971004713937762221e-01 2.787771486589032954e-01 1.451579594854092992e-01 7.896442046191104458e-02
4.866011862418685441e-01 2.948583883327893229e-01 1.378561829391877214e-01 8.068424248615423122e-02
4.722299285479205078e-01 3.161020696127066487e-01 1.285333870333924544e-01 8.313461480598043074e-02
4.496374281711094101e-01 3.452519511679263964e-01 1.183799657026001484e-01 8.673065495836400352e-02
4.235763068182676894e-01 3.789356297909331484e-01 1.053004029858355256e-01 9.218766040496362280e-02
3.901461140504353664e-01 4.186624643784240818e-01 9.035037842740241409e-02 1.008410431437379018e-01
3.491121771409307906e-01 4.620805274548190900e-01 7.427765296269382700e-02 1.145296424415562647e-01
3.037790756120772873e-01 5.018739723232846783e-01 5.870917338606341379e-02 1.356377786785747663e-01
2.609042769526982997e-01 5.275244942074205357e-01 4.514705011246292893e-02 1.664241787274184370e-01
2.288587567769750641e-01 5.312588242884418444e-01 3.445897569603277588e-02 2.054234432385500242e-01
2.146401899588542550e-01 5.159501836893507498e-01 2.690943192305077225e-02 2.425001944287442923e-01
2.219085196234230617e-01 4.941446123423607339e-01 2.212305680988401607e-02 2.618238112243325144e-01
2.486511787226305947e-01 4.769067614784750497e-01 1.916530180932510957e-02 2.552767579895694472e-01
2.881009268526774636e-01 4.669550684097149018e-01 1.742315065957404652e-02 2.275208540780332689e-01
3.369764256139056724e-01 4.577678771762780374e-01 1.716912977419612213e-02 1.880865674356203276e-01
3.962148691423865721e-01 4.371409745426514393e-01 1.868142841474585911e-02 1.479627279002160012e-01
4.634246120956034276e-01 4.020361891242391628e-01 2.186651634619176873e-02 1.126726824339656097e-01
5.342759333409756728e-01 3.564427465540480622e-01 2.687971164393031243e-02 8.240160846104573056e-02
6.061189285201579180e-01 3.024521972775436884e-01 3.426538677268319705e-02 5.716348742961501611e-02
6.769816698718812420e-01 2.411647735033252693e-01 4.416197890515825841e-02 3.769157771963504294e-02
7.377989524814201339e-01 1.802490622622285599e-01 5.772871889024557696e-02 2.422326636610554196e-02
7.825897100692421615e-01 1.284864583941716654e-01 7.337622961884288086e-02 1.554760191774321940e-02
8.033785422634627249e-01 9.084721945404514165e-02 9.545941307299798950e-02 1.031482520949418558e-02
7.873921383653208483e-01 6.878861915743522681e-02 1.364614689871074815e-01 7.357773490136334908e-03
7.366920502754890077e-01 5.355959588694878676e-02 2.041314349183904753e-01 5.616918919171869952e-03
6.633481672409002883e-01 4.178169178242625847e-02 2.904001747769249242e-01 4.469966199748503892e-03
5.872066494737498976e-01 3.124903847292279796e-02 3.779982646603230467e-01 3.546047393004280682e-03
5.174999520572591827e-01 2.204996995683448577e-02 4.576999365491580818e-01 2.750141436748326958e-03
4.519527522003493614e-01 1.465530011651219530e-02 5.313406333516532687e-01 2.051314331484984255e-03
3.789076186537337354e-01 9.446412116895430353e-03 6.101012338352255204e-01 1.544735394145338751e-03
3.060086406511886570e-01 6.260060502886586123e-03 6.865334441047503677e-01 1.197854741174285940e-03
2.515182668887724904e-01 4.551327411393642219e-03 7.429292761855232907e-01 1.001129514310645846e-03
2.299472872092694353e-01 3.878716335684191750e-03 7.652230196631089054e-01 9.509767919373095365e-04
2.431403902682280904e-01 4.045842490674284204e-03 7.517520202605055823e-01 1.061746980592065577e-03
2.827228329165072385e-01 5.113733357124546595e-03 7.107924599239444641e-01 1.370973802423965321e-03
3.330048885588352547e-01 7.376423486873208424e-03 6.576764970872299720e-01 1.942190867061313695e-03
3.817122654042952035e-01 1.137872670480777511e-02 6.039813462165674052e-01 2.927661674329336966e-03
4.253329017760072439e-01 1.769062581146823784e-02 5.523311495026121953e-01 4.645322909912415719e-03
4.591067247015376274e-01 2.641759126693920406e-02 5.068344922619770765e-01 7.641191769546072134e-03
4.819543847370248990e-01 4.079835398335281832e-02 4.645396786604160111e-01 1.270758261920628546e-02
4.870875792652372693e-01 6.249157928585886285e-02 4.291170908975442955e-01 2.130375055135969378e-02
4.803255248222648155e-01 9.484750674361111522e-02 3.892336871968026246e-01 3.559328123732137528e-02
4.589673730930475815e-01 1.410301930244751423e-01 3.424361987097284121e-01 5.756623517274873231e-02
4.240270602956924262e-01 1.961208258542607719e-01 2.933879316314376151e-01 8.646418221860964481e-02
3.773981887356461229e-01 2.556494163748720960e-01 2.482298944294832055e-01 1.187225004599986589e-01
3.274219368515680073e-01 3.121300848574867226e-01 2.093944549471083716e-01 1.510535233438370095e-01
2.776719861950861512e-01 3.588513231444436236e-01 1.803755324084168887e-01 1.831011582520533365e-01
2.335631165989997260e-01 3.917028350733228748e-01 1.575925480993612127e-01 2.171415002283163531e-01
1.952509555633745175e-01 4.081866953613921267e-01 1.401125497898408900e-01 2.564497992853924657e-01
1.643918509971002417e-01 4.064692688627256079e-01 1.266862748816798556e-01 3.024526052584942115e-01
1.382569278701126780e-01 3.962773438991423203e-01 1.135177301900403696e-01 3.519479980407044795e-01
1.195235493743419530e-01 3.809454798992588098e-01 1.023565133000953059e-01 3.971744574263040284e-01
1.068892692902437824e-01 3.702002882018507468e-01 9.304299830162728047e-02 4.298674442062779266e-01
1.007415924678166930e-01 3.675925911867415907e-01 8.681446459344996369e-02 4.448513517519918636e-01
1.019602900190373362e-01 3.726771437052017744e-01 8.455761610298405395e-02 4.408049501727763775e-01
1.096481968837198506e-01 3.810495280069166046e-01 8.572481698867855104e-02 4.235774581206851463e-01
1.212421038984816124e-01 3.878948926039751388e-01 8.880187603126152296e-02 4.020611274662816426e-01
1.348207923139085329e-01 3.918835823898338955e-01 9.256265170964898814e-02 3.807329735866081810e-01
1.486418757954963143e-01 3.934480655547613059e-01 9.570477516045164390e-02 3.622052834892907081e-01
1.612004246263592788e-01 3.933617970350178350e-01 9.729175521766263157e-02 3.481460231209601575e-01
1.711314933539903327e-01 3.919532112623906883e-01 9.716985287516136105e-02 3.397454425084578955e-01
1.756991443669224662e-01 3.899314771669677437e-01 9.625920601744712701e-02 3.381101724486626492e-01
1.776015898961199879e-01 3.873569522612385074e-01 9.312459592012746479e-02 3.419168619225141925e-01
1.746895679948946845e-01 3.861424467261981297e-01 9.022472638343409512e-02 3.489432588954732850e-01
1.684764158845823423e-01 3.854006898164730743e-01 8.687804097384001223e-02 3.592448533251046405e-01
1.594366976022075777e-01 3.833406249803444354e-01 8.325337872639830550e-02 3.739692986910499450e-01
1.479276436325030475e-01 3.776034026139909461e-01 7.969698520152346255e-02 3.947719685519828214e-01
4.869647635063777957e-01 2.306430750397347462e-01 1.847916517896845134e-01 9.760050966420300012e-02
8.506040104782648381e-01 1.265343534280004567e-01 1.201279087597174021e-02 1.084884521776304303e-02
8.733209889648951840e-01 1.035187783925133331e-01 1.392283773137438160e-02 9.237394911216971136e-03
8.910265018176278806e-01 8.533927039332146747e-02 1.602436445605901968e-02 7.609863332991850804e-03
9.035381099379093950e-01 7.145949706036965055e-02 1.883592758851551294e-02 6.166465413205288008e-03
9.149113801848129945e-01 5.785263310515218610e-02 2.226359256758392302e-02 4.972394142451051595e-03
9.187897770477149173e-01 4.831037557185299813e-02 2.875470145469386646e-02 4.145145925738294435e-03
9.143062324114251682e-01 4.115709640255365426e-02 4.095932476027609737e-02 3.577346425744913627e-03
8.977276876067441513e-01 3.522450638452977179e-02 6.395483795103797109e-02 3.092968057687732388e-03
8.589334766618341721e-01 3.015996690317425399e-02 1.082748973986616958e-01 2.631659036329854224e-03
7.791260742853650667e-01 2.588915563774374026e-02 1.927800756508743496e-01 2.204694426017033380e-03
6.405166212062358699e-01 2.147643529112575403e-02 3.362176632187438563e-01 1.789280283894722915e-03
4.593003544331689114e-01 1.627549146622600876e-02 5.230952417175359637e-01 1.328912383069241060e-03
2.862000757160002573e-01 1.028052047916550027e-02 7.026349999024102955e-01 8.844039024237828044e-04
1.594291604135937845e-01 5.603067676352431296e-03 8.344333949005656725e-01 5.343770094877461430e-04
8.415517152443047211e-02 2.729748847020458270e-03 9.127975517438932096e-01 3.175278846560727463e-04
4.795546216257280669e-02 1.480432623438130823e-03 9.503571209127767982e-01 2.069843012123739542e-04
3.268090274803697737e-02 9.580663133957213057e-04 9.661951382654124787e-01 1.658926731547556547e-04
2.664307643770434664e-02 7.612678012902405816e-04 9.724350012867151172e-01 1.606544742905559504e-04
2.305872920944295260e-02 6.838165370096342026e-04 9.760890321236488365e-01 1.684221298985750181e-04
1.935484250581831142e-02 6.394628719813650816e-04 9.798292138822334296e-01 1.764807399671831673e-04
1.567477945822214405e-02 6.060713785410883590e-04 9.835363247119484065e-01 1.828244512881054603e-04
1.276727268584218651e-02 5.962159943908583752e-04 9.864430856218043830e-01 1.934256979624090589e-04
1.105691071472075272e-02 6.405792874768784098e-04 9.880839056489912897e-01 2.186043488110964172e-04
1.043585805242241635e-02 7.619752082694944461e-04 9.885383746732472332e-01 2.637920660609308120e-04
1.096993174184493838e-02 1.000834688655769487e-03 9.876916810517539780e-01 3.375525177453234170e-04
1.307254532342169186e-02 1.439155639738867254e-03 9.850296723085713024e-01 4.586267282681654551e-04
1.750584101949723137e-02 2.222958476028723956e-03 9.796125103969766101e-01 6.586901074973789154e-04
2.555529383039541191e-02 3.621095175252981354e-03 9.698288776963165381e-01 9.947332980351469411e-04
3.845035718715675288e-02 6.120393411109554399e-03 9.538741125444822888e-01 1.555136857251505390e-03
5.532855299243748248e-02 1.053376154680304815e-02 9.317181316929209478e-01 2.419553767838528071e-03
7.286811213613006433e-02 1.834161296699876598e-02 9.051577159180195231e-01 3.632558978851713367e-03
8.736286674392679252e-02 3.215344527987879647e-02 8.752800921738382867e-01 5.203595802356321236e-03
9.885279003021699151e-02 5.472608660565851657e-02 8.392427887285608401e-01 7.178334635563558136e-03
1.110899807977456938e-01 8.928348916391019852e-02 7.897861366807125139e-01 9.840393357631377000e-03
1.259732306379230671e-01 1.356349323550334052e-01 7.248340310222869398e-01 1.355780598475657232e-02
1.416376393050269300e-01 1.878792966180330981e-01 6.518838113764539033e-01 1.859925270048586043e-02
1.606010784587839912e-01 2.358219089171828819e-01 5.784995551179461515e-01 2.507745750608719737e-02
1.828992883129802460e-01 2.741089898766254085e-01 5.104501081794505790e-01 3.254161363094375259e-02
2.082177941891696638e-01 3.002099218200653397e-01 4.517501045718377850e-01 3.982217941892720464e-02
2.342285167108800470e-01 3.152417372496000292e-01 4.049304510806360780e-01 4.559929495888408180e-02
2.611282694345516409e-01 3.198058509843151875e-01 3.696627565970618257e-01 4.940312298407162350e-02
2.862682456891341154e-01 3.170482543405415132e-01 3.452340594629244586e-01 5.144944050739980873e-02
3.114932495246572342e-01 3.074058829046506514e-01 3.287915802524828401e-01 5.230928731820911476e-02
3.367697511219282513e-01 2.937096527292203385e-01 3.169538477562274803e-01 5.256674839262385351e-02
3.586851806549011257e-01 2.782155265175833003e-01 3.106679224416959428e-01 5.243137038581972831e-02
3.705791091949357519e-01 2.614780201651831781e-01 3.161444103206082490e-01 5.179846031927266836e-02
3.700826157287505636e-01 2.431849524749337965e-01 3.358905480743739069e-01 5.084188372194162892e-02
3.574137972654613526e-01 2.241266243407210867e-01 3.686653559403669789e-01 4.979422245345046377e-02
3.326784506647176287e-01 2.062410796528054979e-01 4.122755167541046206e-01 4.880495292837217641e-02
2.986851108787643705e-01 1.930157915891425047e-01 4.601893534267783581e-01 4.810974410531481532e-02
2.622332689206064438e-01 1.904283077784008626e-01 4.988591802785273255e-01 4.847924302246511136e-02
2.284765194729717896e-01 2.061714498372189952e-01 5.140287677058479332e-01 5.132326298396133052e-02
1.946312409654526732e-01 2.472577612561469296e-01 5.003663317556622525e-01 5.774466602273829047e-02
1.617297567732427221e-01 3.087931351969742111e-01 4.620533003341318889e-01 6.742380769565105292e-02
1.305666594855059148e-01 3.798727011518865937e-01 4.121542679640088913e-01 7.740637139859897486e-02
1.026251045923730898e-01 4.519180251013436012e-01 3.625550871368545813e-01 8.290178316942815873e-02
7.890545184260513989e-02 5.232945102680326421e-01 3.156847041200240844e-01 8.211533376933807804e-02
5.912924980095959210e-02 5.921549480475334359e-01 2.707076132056285278e-01 7.800818894587832619e-02
4.417068324135769303e-02 6.543607072704081817e-01 2.264853882622372139e-01 7.498322122599648809e-02
3.472164223335864192e-02 7.032820846668635939e-01 1.856902486371233840e-01 7.630602446265395689e-02
3.092514538821877421e-02 7.316407642922354571e-01 1.549351603687242340e-01 8.249892995082164227e-02
3.228634629273693241e-02 7.386549481027016029e-01 1.378039418547034878e-01 9.125476374985780348e-02
3.703303034308774722e-02 7.301410805923895797e-01 1.328308263799860278e-01 9.999506268453671465e-02
4.817644193973992517e-02 7.013687730796336339e-01 1.421630934168288396e-01 1.082916915637976013e-01
6.873209264398580376e-02 6.474303900017550628e-01 1.683149593318500059e-01 1.155225580224087667e-01
1.014151012020816089e-01 5.664233413997777911e-01 2.129203452197390711e-01 1.192412121784016260e-01
1.443064995396585726e-01 4.667761546790580307e-01 2.730286620707862433e-01 1.158886837104973339e-01
1.861134601162874325e-01 3.707422347165550414e-01 3.393259526542082849e-01 1.038183525129490886e-01
2.156997464444963541e-01 2.973590441197069834e-01 4.011180060802208569e-01 8.582320335557581947e-02
2.308822861405869786e-01 2.500832433725712622e-01 4.520144993069964978e-01 6.701997117984538621e-02
2.422951379665065630e-01 2.202018602376686895e-01 4.861627832590407206e-01 5.134021853678399222e-02
2.192130061835961818e-02 2.942737672571921898e-02 7.498750106823028061e-02 8.736638215876910696e-01
2.563663879233537557e-01 5.641091970993065141e-01 7.048062271484392682e-02 1.090437922624955119e-01
3.229363217367915984e-01 4.807393906205180700e-01 7.651640112317324716e-02 1.198078865195173898e-01
4.206015541378083089e-01 3.783885945349904634e-01 8.054257658722521751e-02 1.204672747399759547e-01
5.517749914290110969e-01 2.618540845980017462e-01 7.991393762301238213e-02 1.064569863499744973e-01
6.945650555608060550e-01 1.540991580199986000e-01 7.254893390832627131e-02 7.878685251086896268e-02
8.062674260095418211e-01 8.244188866804169624e-02 6.188454874146683687e-02 4.940613658094949318e-02
8.722360169753636816e-01 4.512299618874034135e-02 5.371514053589229037e-02 2.892584630000355830e-02
9.026439679834734608e-01 2.791876622991227089e-02 5.177919764700135430e-02 1.765806813961304927e-02
9.119286346920386643e-01 2.002250875183821111e-02 5.612306894338379287e-02 1.192578761273929006e-02
9.083747418417259523e-01 1.644952679498751236e-02 6.609878424263568308e-02 9.076947120650881787e-03
8.962709745740035094e-01 1.493867633122820948e-02 8.106018540878270895e-02 7.730163685985532232e-03
8.774531177895700251e-01 1.437866831465132306e-02 1.010142198321706403e-01 7.153994063608290835e-03
8.503420403015621298e-01 1.442844189071383273e-02 1.282805788117259149e-01 6.948938995998369707e-03
8.110928347991016585e-01 1.530159656783245531e-02 1.666560722772974790e-01 6.949496355768388159e-03
7.611634494112100580e-01 1.707511371362008257e-02 2.147332435285148888e-01 7.028193346654846609e-03
7.124341708510373294e-01 1.919312612991183956e-02 2.614023517549866060e-01 6.970351264064108751e-03
6.790037766661950469e-01 2.071333284905123653e-02 2.937013482946646548e-01 6.581542190088938635e-03
6.674413824397440465e-01 2.119972948664038126e-02 3.054289021913740854e-01 5.929985882241316057e-03
6.737657822791085493e-01 2.089647577665766989e-02 3.001070068306935235e-01 5.230735113540268579e-03
6.868055833845995162e-01 2.005062206981620895e-02 2.885766640571996722e-01 4.567130488384843826e-03
6.974821035856708651e-01 1.854970814008941732e-02 2.800788995647129909e-01 3.889288709526637390e-03
7.049762518892859209e-01 1.623875352183467430e-02 2.756067537681863300e-01 3.178240820693181527e-03
7.144829266137715518e-01 1.345897771425066773e-02 2.695254522399905817e-01 2.532643431987163709e-03
7.299286019061689279e-01 1.083575691388593241e-02 2.571995876756641985e-01 2.036053504280725592e-03
7.502227745643510470e-01 8.715664928209085685e-03 2.393896669109631392e-01 1.671893596476543105e-03
7.710851833833199942e-01 7.162073895110478497e-03 2.203651989110171072e-01 1.387543810552421169e-03
7.910391496619851859e-01 6.167934741152986990e-03 2.016339458682991082e-01 1.158969728562766251e-03
8.128969074407326190e-01 5.682326639209961568e-03 1.804334850913319743e-01 9.872808287254748478e-04
8.384906387403726624e-01 5.496486208880967290e-03 1.551584435042827892e-01 8.544315464637109846e-04
8.647608593182801728e-01 5.371045728225810022e-03 1.291312409547833995e-01 7.368539987105637802e-04
8.853682682829961959e-01 5.283030842348279861e-03 1.087114345804543469e-01 6.372662942011858133e-04
8.945830328410721011e-01 5.404121493628304476e-03 9.944015567817277024e-02 5.726899871268289859e-04
8.880417796290235311e-01 5.952695320087207642e-03 1.054516373560419468e-01 5.538876948473902152e-04
8.613262210107125449e-01 7.136179334879464743e-03 1.309526302526523300e-01 5.849694017556604942e-04
8.120652390233785711e-01 9.020012060442639604e-03 1.782492580617902056e-01 6.654908543886882974e-04
7.476751812827339139e-01 1.140703687658821755e-02 2.401196178028137396e-01 7.981640378642222526e-04
6.844540496556946740e-01 1.394611322528714094e-02 3.006123471216320397e-01 9.874899973862762484e-04
6.314465333238639122e-01 1.650876397014707647e-02 3.508185433201715941e-01 1.226159385817695169e-03
5.865990057781264033e-01 1.893685354869807311e-02 3.929810298680885827e-01 1.483110805086662858e-03
5.470978564505724062e-01 2.063605732072877966e-02 4.305553739219084020e-01 1.710712306790341261e-03
5.120087561513512187e-01 2.119693983013238442e-02 4.649174081102580014e-01 1.876895908258431091e-03
4.810332989447170249e-01 2.080463607201249454e-02 4.961568524856659335e-01 2.005212497604789111e-03
4.553103538908918058e-01 1.999913712920504960e-02 5.225782222749804085e-01 2.112286704922877126e-03
4.293866350510313623e-01 1.909628726020794198e-02 5.491392094357182563e-01 2.377868253042629380e-03
4.057483618128462921e-01 1.906778493782116182e-02 5.722828469337756241e-01 2.901006315556698203e-03
3.858520263686686658e-01 2.096205584665655069e-02 5.892586918939297647e-01 3.927225890745121226e-03
3.717475679942552902e-01 2.632140559522290479e-02 5.959230609271934931e-01 6.007965483328214784e-03
3.618447062488213128e-01 3.765324855521865605e-02 5.901974945457854060e-01 1.030455065017503620e-02
3.474651878892388579e-01 5.874024557774631256e-02 5.749819453001999703e-01 1.881262123281513682e-02
3.186075729260052780e-01 9.491020547542046437e-02 5.520984136392302899e-01 3.438380795934393303e-02
2.741738873645573338e-01 1.514914781080707873e-01 5.142122774274024977e-01 6.012235709996949229e-02
2.218499424230148120e-01 2.287584008971589311e-01 4.521745717469301540e-01 9.721708493289635267e-02
1.708186920025518418e-01 3.165740984016369164e-01 3.704582730494190290e-01 1.421489365463920462e-01
1.274138131062594603e-01 4.034743723938669646e-01 2.823950069851156042e-01 1.867168075147582207e-01
9.112358247670415690e-02 4.874844121299315436e-01 1.979485120638566908e-01 2.234434933295074976e-01
6.263175049279584572e-02 5.606195921275515248e-01 1.266230328438996688e-01 2.501256245357528218e-01
4.345738056777252029e-02 6.112165724685109103e-01 7.659855535212378719e-02 2.687274916115925394e-01
3.212491390167059035e-02 6.388477662397811230e-01 4.681511862977075222e-02 2.822122012287773263e-01
2.601953023916127317e-02 6.515974867241425272e-01 3.072317868945054903e-02 2.916598043472455326e-01
2.269993791024913637e-02 6.571756777892001633e-01 2.217479831931223541e-02 2.979495859812387182e-01
2.247281383321559842e-02 6.569561347391087436e-01 1.835961380022890777e-02 3.022114376274466774e-01
2.409304487735849584e-02 6.518314916581630092e-01 1.721203612404306749e-02 3.068634273404357016e-01
2.894753046315128725e-02 6.401086662752811796e-01 1.833228319969351303e-02 3.126115200618741485e-01
3.714946037043848764e-02 6.218158376712589197e-01 2.099859868523302336e-02 3.200361032730694166e-01
5.098908030553649801e-02 5.966549989675745680e-01 2.515692464710459625e-02 3.271989960797840880e-01
7.293020964456772837e-02 5.681359905322994619e-01 3.045836313185056043e-02 3.284754366912823742e-01
1.038568414789238226e-01 5.411218986188784941e-01 3.613611958380371497e-02 3.188851403183940447e-01
1.387369580616339693e-01 5.197744754072296525e-01 4.056023730475161876e-02 3.009283292263850162e-01
1.676166259844715511e-01 5.081731185681487295e-01 4.224063688397219907e-02 2.819696185634076313e-01
1.902993324020791355e-01 5.019691807866852873e-01 4.162053678925878991e-02 2.661109500219766000e-01
2.048639993927509340e-01 5.008464414798405873e-01 3.957040253109461031e-02 2.547191565963138338e-01
7.367567102119590983e-01 2.677532123377078174e-02 2.270299291385186879e-01 9.438039415751265510e-03
3.213226161733453989e-02 9.477054437878741355e-01 4.875405759518894148e-03 1.528688883527272273e-02
3.776591360610975084e-02 9.423910285063824555e-01 4.532587567664844198e-03 1.531047031984300415e-02
4.567474186332415309e-02 9.325284413107367554e-01 4.660313513332140813e-03 1.713650331260677812e-02
5.811980529110771093e-02 9.157429980778605261e-01 5.359163574083730328e-03 2.077803305694823216e-02
7.471580476221104106e-02 8.930679594587064285e-01 6.579434365869490410e-03 2.563680141321319009e-02
9.097362485854422476e-02 8.698368315680969909e-01 8.624130575405900695e-03 3.056541299795271019e-02
1.052521963174093966e-01 8.486057889344253979e-01 1.060242202268622119e-02 3.553959272547869974e-02
1.154983853647136571e-01 8.307377983080467265e-01 1.321545528305552789e-02 4.054836104418423071e-02
1.227486368157469088e-01 8.146430286757071482e-01 1.678061602607019628e-02 4.582771848247584739e-02
1.310444217421827540e-01 7.954745735788222305e-01 2.172422328964778576e-02 5.175678138934711181e-02
1.457324282255830494e-01 7.667659060380106473e-01 2.905348571009706143e-02 5.844818002630901288e-02
1.700630147176827589e-01 7.241361326599347059e-01 4.070611698586960175e-02 6.509473563651245465e-02
2.025763087898796999e-01 6.675275404198419693e-01 5.996997721641630918e-02 6.992617357386221588e-02
2.370454584603157167e-01 5.987513163461744004e-01 9.273391475889940228e-02 7.146931043461021704e-02
2.660560586794932791e-01 5.155726128693666199e-01 1.496689882873069866e-01 6.870234016383289233e-02
2.811250229749538976e-01 4.117801207125919016e-01 2.468962766614994642e-01 6.019857965095490315e-02
2.676563866129707536e-01 2.900758905390330988e-01 3.968135722877669247e-01 4.545415056022934774e-02
2.182606395872226657e-01 1.709011208154727901e-01 5.831416624754637290e-01 2.769657712184108236e-02
1.545559944489078297e-01 8.321782755218515293e-02 7.486528810471921869e-01 1.357329695171453909e-02
1.029646723895374788e-01 3.648081321146914857e-02 8.545598438392796314e-01 5.994670559713957160e-03
6.958454785947695842e-02 1.681016059165174256e-02 9.108789424566308135e-01 2.726349092240725781e-03
4.923715379813045634e-02 8.814938393463268504e-03 9.405846986443984203e-01 1.363209164007911627e-03
3.632227687241455089e-02 5.199696804038474000e-03 9.577201951595685214e-01 7.578311639782956115e-04
2.746920225435807786e-02 3.333593750974759087e-03 9.687328346769737974e-01 4.643693176932877590e-04
2.087020396288577842e-02 2.287474690773133416e-03 9.765312687107569056e-01 3.110526355839836939e-04
1.537673357780590909e-02 1.643929477617630695e-03 9.827571033183393201e-01 2.222336262372489994e-04
1.042682590216625557e-02 1.176935632514678485e-03 9.882354326852734738e-01 1.608057800455473907e-04
6.520228218805992730e-03 8.396716121864151181e-04 9.925226154308095516e-01 1.174847381983160484e-04
4.095614992820360671e-03 6.421210655357289165e-04 9.951706681018220868e-01 9.159583982188104398e-05
2.887737991848016942e-03 5.819842698163372584e-04 9.964489924831694267e-01 8.128525516622063702e-05
2.470837886626727799e-03 6.811823878140541022e-04 9.967612517651757154e-01 8.672796038337698933e-05
2.667500364142108126e-03 1.083004289275151617e-03 9.961314781394737805e-01 1.180172071088621022e-04
3.452626956597619565e-03 2.216214383529442351e-03 9.941278862325820809e-01 2.032724272907744060e-04
4.650474216406031910e-03 4.995579100175596109e-03 9.899547510406282447e-01 3.991956427901441123e-04
7.503712267405539607e-03 1.029725375579102278e-02 9.813761044920958909e-01 8.229294847075315118e-04
1.023787649215381762e-02 2.031081236675372562e-02 9.677826499705742824e-01 1.668661170518173469e-03
1.300753527815540732e-02 3.444158163926543809e-02 9.492908729559531578e-01 3.260010126626300409e-03
1.537657938682534392e-02 4.977534611645600959e-02 9.287557852960507399e-01 6.092289200667801684e-03
1.737885926198306369e-02 6.281925552208983410e-02 9.087367125344443242e-01 1.106517268148255254e-02
1.960702595077459809e-02 7.260516466160703286e-02 8.878384378250542275e-01 1.994937156256416932e-02
2.277431689526717914e-02 8.196948453574540161e-02 8.591799267211334135e-01 3.607627184785380109e-02
2.713624932993932357e-02 9.583091446348621090e-02 8.124781777449427977e-01 6.455465846163135901e-02
3.202302618597500927e-02 1.178404048063113330e-01 7.404211621446468161e-01 1.097154068630666890e-01
3.631494177027578402e-02 1.491043598115555091e-01 6.443104553224265896e-01 1.702702430957421242e-01
3.905129548602011974e-02 1.881240373046575709e-01 5.385980131568665064e-01 2.342266540524558516e-01
3.966164949039489157e-02 2.322513283630383563e-01 4.490763822479584277e-01 2.790106398986080816e-01
3.970667053514787687e-02 2.788297461182605019e-01 3.948668840392187129e-01 2.865966993073732483e-01
3.890271364412170585e-02 3.276855886503657334e-01 3.728716381594177620e-01 2.605400595460949931e-01
3.869635021303919481e-02 3.692601162385877323e-01 3.720324073261266906e-01 2.200111262222462505e-01
4.115250092555897826e-02 3.927907568565032204e-01 3.847816835627396181e-01 1.812750586551983567e-01
4.364764870106507128e-02 4.069092171774207345e-01 4.010474491037241407e-01 1.483956850177902687e-01
4.526229969822601756e-02 4.192585789917349093e-01 4.161848891614235990e-01 1.192942321486153562e-01
4.454353977704048062e-02 4.445620724907576315e-01 4.162253780650346791e-01 9.466900966716700061e-02
4.096822769359776545e-02 4.986311899726789121e-01 3.835889594482815856e-01 7.681162288544156336e-02
3.439399872251738821e-02 5.859989148001740755e-01 3.142718373709500468e-01 6.533524910635840621e-02
2.616498800852240167e-02 6.909758927142428675e-01 2.246370004114122687e-01 5.822211886582257662e-02
1.809041609385837052e-02 7.867111166830567104e-01 1.417063289406369220e-01 5.349213828244789304e-02
1.316380436667727652e-02 8.534854121700095053e-01 8.338420452313105580e-02 4.996657894018225604e-02
9.839466224436720782e-03 8.948218121012169179e-01 4.884369013908491930e-02 4.649503153526149402e-02
7.952806035261997947e-03 9.188921923243597023e-01 3.006926365056546147e-02 4.308573798981277930e-02
7.241058426835643956e-03 9.319841685297464151e-01 1.997809323146353122e-02 4.079667981195451293e-02
7.428853032367296362e-03 9.377164339272738847e-01 1.435012469324247440e-02 4.050458834711608697e-02
8.278292726169879032e-03 9.385806931139806242e-01 1.106341044334559903e-02 4.207760371650408338e-02
9.736004408893514026e-03 9.355006142804590530e-01 9.270715118492343226e-03 4.549266619215526497e-02
1.184829104428434046e-02 9.284338576527411124e-01 8.486707046104173882e-03 5.123114425687030904e-02
1.475579842062534064e-02 9.166663543690379834e-01 8.379884202768474524e-03 6.019796300756827950e-02
1.878324813381485742e-02 8.990337975892095379e-01 8.799285202323160401e-03 7.338366907465236622e-02
2.369319086067028443e-02 8.760508840008393028e-01 9.513843551694550413e-03 9.074208158679565595e-02
2.845822552955926468e-02 8.495352454688387400e-01 1.024286394949708474e-02 1.117636650521048602e-01
3.404410826276683955e-02 8.182341054415314119e-01 1.119370712100922066e-02 1.365280791746925626e-01
3.957296623020144233e-02 7.853312874752473860e-01 1.247866352748807500e-02 1.626170827670626318e-01
8.080870485010156756e-02 6.289386975084804154e-01 1.092308773104120646e-02 2.793295099103764167e-01
8.064794847479085649e-02 6.638365218557841230e-01 1.286199299653931552e-02 2.426535366728857501e-01
8.419645915191402430e-02 6.975362375487982325e-01 1.518983959480016410e-02 2.030774637044876485e-01
9.328805861147981826e-02 7.224233311547456626e-01 1.845001017336398222e-02 1.658386000604104293e-01
1.049877394270326142e-01 7.372827869052488436e-01 2.309775672185121823e-02 1.346317169458672303e-01
1.210121034240125432e-01 7.394326260693635522e-01 2.939305469460039288e-02 1.101622158120236922e-01
1.397812668350557896e-01 7.320119764941849239e-01 3.712278526934218587e-02 9.108397140141713533e-02
1.623531347249057566e-01 7.151120843174834096e-01 4.640125305020217222e-02 7.613352790740869624e-02
1.907883442219624748e-01 6.871159693607233887e-01 5.767551089223204447e-02 6.442017552508202960e-02
2.257177531240954493e-01 6.484133927832915756e-01 7.078669476609412980e-02 5.508215932651887997e-02
2.641367246199793350e-01 6.042592973119562672e-01 8.436749787941966172e-02 4.723648018864469444e-02
3.014654114945887198e-01 5.611374633108193732e-01 9.705727939274609584e-02 4.033984580184574176e-02
3.358398474487787611e-01 5.218927442919447657e-01 1.078117858297517606e-01 3.445562242952459470e-02
3.673091625106299496e-01 4.881256914988670315e-01 1.145449043660189958e-01 3.002024162448415148e-02
3.936902908997617634e-01 4.636626353434672443e-01 1.156090265032512221e-01 2.703804725351981880e-02
4.038809189095115548e-01 4.592305920763062321e-01 1.118704845141064580e-01 2.501800450007568913e-02
3.972646183476508108e-01 4.727622010995149449e-01 1.062928213904291430e-01 2.368035916240502151e-02
3.777267004002214934e-01 4.991666804218212738e-01 1.004930305858798278e-01 2.261358859207714123e-02
3.535921531629795389e-01 5.302014004381853107e-01 9.473273264832450524e-02 2.147371375051078737e-02
3.337880346589197633e-01 5.566576201486413966e-01 8.944694850486294146e-02 2.010739668757613105e-02
3.227994846823241115e-01 5.729701755516455330e-01 8.565301779242630309e-02 1.857732197360418419e-02
3.196590931972362326e-01 5.793039557312762433e-01 8.397927725907547436e-02 1.705767381241216421e-02
3.211557563832058704e-01 5.789219219136640948e-01 8.421425833649157089e-02 1.570806336663834249e-02
5.181432734515992733e-01 1.246538417455782116e-01 3.478399150222122316e-01 9.362969780610280041e-03
5.265637068491405559e-01 1.404346393832085482e-01 3.235293263650571571e-01 9.472327402593731793e-03
5.373801925152258407e-01 1.584230887783244779e-01 2.944505644520745147e-01 9.746154254375452922e-03
5.501414438324372380e-01 1.761656360824350454e-01 2.632883704561911342e-01 1.040454962893716528e-02
5.635869804392235061e-01 1.917044220518655528e-01 2.332189892851597446e-01 1.148960822375156426e-02
5.756053985833922138e-01 2.070346941316835720e-01 2.043933039062995893e-01 1.296660337862469772e-02
5.802901110717394451e-01 2.284038567197832492e-01 1.764187930628256240e-01 1.488723914565184998e-02
5.738728356803685093e-01 2.586786450539226290e-01 1.501202819623491669e-01 1.732823730335968093e-02
5.655373124156214404e-01 2.885314391245207832e-01 1.257962655717469735e-01 2.013498288811099712e-02
5.561822281089393583e-01 3.153625018617939313e-01 1.052421854027221632e-01 2.321308462654444321e-02
5.467154494944299614e-01 3.373320119076045898e-01 8.934843577721593433e-02 2.660410282074956306e-02
5.333081122452908440e-01 3.583552759605885818e-01 7.787878277978446673e-02 3.045782901433632950e-02
5.120439772981474347e-01 3.828234593492370053e-01 6.999832979831806246e-02 3.513423355429753925e-02
4.845016095133684031e-01 4.094436937317783021e-01 6.496639957832608947e-02 4.108829717652728863e-02
4.560030399820927949e-01 4.323652863811415781e-01 6.313793779380445781e-02 4.849373584296142597e-02
4.335116448940273814e-01 4.471561300149772267e-01 6.250222731045665392e-02 5.682999778053873102e-02
4.182776732244872786e-01 4.535522661578672565e-01 6.293577918326820342e-02 6.523428143437697002e-02
4.096203795921775637e-01 4.540236322042537909e-01 6.359230107456677328e-02 7.276368712900158076e-02
4.065898486632621434e-01 4.508124398922671028e-01 6.377709923384651536e-02 7.882061221062446055e-02
4.080354812628457783e-01 4.454375044185296395e-01 6.316945827303113714e-02 8.335755604559369480e-02
4.120483838077763084e-01 4.395382095396039301e-01 6.172988872193227450e-02 8.668351793068755640e-02
4.169967301346718669e-01 4.344165868609242143e-01 5.958664268590678492e-02 8.900004031849709230e-02
4.210407884691348412e-01 4.317959737924308428e-01 5.693659380554118993e-02 9.022664393289296647e-02
4.220242656372526491e-01 4.338100081594607471e-01 5.397209503739586189e-02 9.019363116589096396e-02
4.192515052181667312e-01 4.412994337741212858e-01 5.074500846510304058e-02 8.870405254260899097e-02
4.150182787865583367e-01 4.516951581403196858e-01 4.746208798811978047e-02 8.582447508500178068e-02
4.137830619414213373e-01 4.596777322165187529e-01 4.455438257830987570e-02 8.198482326374989526e-02
4.193515853068652821e-01 4.609020686047984317e-01 4.220159275573884955e-02 7.754475333259748526e-02
4.336343489815281393e-01 4.536761608837308057e-01 4.023848013649299060e-02 7.245100999824793941e-02
4.573661454157308404e-01 4.378346042188313580e-01 3.834942084687634201e-02 6.644982951856126530e-02
4.916894317717396268e-01 4.123471984770766263e-01 3.646731582646051129e-02 5.949605392472302745e-02
5.374562596889037591e-01 3.758397603421875233e-01 3.477732180652180066e-02 5.192665816238690307e-02
5.925249982210182287e-01 3.298022512127161132e-01 3.346489431617415133e-02 4.420785625009156228e-02
6.516051196402008472e-01 2.796738378286299787e-01 3.217058512441715173e-02 3.655045740675193916e-02
7.068651837149967365e-01 2.321299454674105034e-01 3.196051306548526594e-02 2.904435775210741089e-02
7.570907571230897082e-01 1.892711142473997021e-01 3.182180755564441299e-02 2.181632107386633976e-02
8.021948420844694505e-01 1.508406450332437088e-01 3.164628148229820664e-02 1.531823139998860113e-02
8.424523324670262214e-01 1.160362184314846640e-01 3.150691840287787177e-02 1.000453069861085426e-02
8.766018185322387302e-01 8.504336413119470417e-02 3.215571694488246479e-02 6.199100391684305572e-03
9.082801777914171204e-01 5.708350556497626682e-02 3.091871438300329566e-02 3.717602260603154914e-03
9.314696225071648072e-01 3.575662520047616366e-02 3.048938741383071596e-02 2.284364878528288845e-03
9.437877170906363578e-01 2.194149912688923842e-02 3.278107186874255202e-02 1.489711913731984940e-03
9.434564779425067549e-01 1.417765868039759514e-02 4.131335413228329895e-02 1.052509244811833432e-03
9.289870969445550575e-01 9.999911748956279156e-03 6.021568237299293469e-02 7.973089334953966951e-04
8.959243366837418288e-01 7.687693092972887852e-03 9.575760738078926970e-02 6.303628424963620422e-04
8.363753312621313718e-01 6.337387038785030624e-03 1.567816601925224318e-01 5.056215065613135556e-04
7.420838590675526980e-01 5.511644286921853902e-03 2.520072871018573246e-01 3.972095436681417403e-04
6.156452052000029873e-01 5.079909364561372917e-03 3.789636450121830480e-01 3.112404232526717429e-04
4.848134942201590691e-01 3.801708618914356394e-03 5.111741974229799812e-01 2.105997379462360537e-04
3.739691340020794286e-01 3.127169030472742341e-03 6.227462668462324658e-01 1.574301212151623807e-04
2.937932293230700043e-01 2.689659131426228901e-03 7.033863426115359863e-01 1.307689339676352646e-04
2.433018801559014288e-01 2.555090235029496178e-03 7.540183280964363188e-01 1.247015126332357579e-04
2.203206683681817324e-01 2.760242066592471979e-03 7.767823150581829594e-01 1.367745070430868674e-04
2.189181466625869654e-01 3.306314494125103115e-03 7.776107611564175848e-01 1.647776868703938801e-04
2.307781453202144284e-01 4.186577974274941459e-03 7.648289391059993614e-01 2.063375995113029464e-04
2.492978067419810428e-01 5.380514769797541987e-03 7.450611381269286460e-01 2.605403612928789379e-04
2.722221620794151309e-01 6.776244751377454890e-03 7.206730932664576761e-01 3.284999027499101989e-04
2.982648429944158019e-01 7.983006428177378058e-03 6.933527370864701611e-01 3.994134909366817078e-04
3.213885968190141607e-01 8.474955756759557091e-03 6.696967506320574692e-01 4.396967921689591725e-04
3.334596041576999292e-01 8.175266633894867629e-03 6.579356388439913106e-01 4.294903644137890034e-04
3.309790265838906675e-01 7.428700726586807968e-03 6.612050785042732359e-01 3.871941852493495989e-04
3.175898005599244178e-01 6.581472703521672012e-03 6.754851340706665708e-01 3.435926658875861051e-04
2.958625675680644496e-01 5.777827390146030202e-03 6.980477677976658635e-01 3.118372441239416863e-04
2.662827700302354272e-01 5.083358590926687418e-03 7.283411466645750565e-01 2.927247142630874893e-04
2.340616143996401277e-01 4.593528101667852456e-03 7.610548135058623487e-01 2.900439928295691283e-04
2.074468380987323224e-01 4.311282146242810011e-03 7.879364252707335980e-01 3.054544842915246682e-04
1.939343394644382490e-01 4.118018106513287972e-03 8.016108426476689086e-01 3.367997813798109916e-04
1.981688772903721363e-01 3.926950303576971953e-03 7.975187044054855567e-01 3.854680005652320277e-04
2.205519869772188668e-01 3.787997505572858730e-03 7.752036497142864580e-01 4.563658029220428979e-04
2.537352579394138719e-01 3.802322656360065164e-03 7.419169168207715437e-01 5.455025834544281185e-04
2.858638024413829859e-01 4.036439016159978910e-03 7.094608905224000228e-01 6.388680200569651045e-04
3.076777782871610856e-01 4.510417364598206733e-03 6.870984224742469060e-01 7.133818739935564746e-04
3.190872886586682555e-01 5.348792771670316838e-03 6.747983376267787659e-01 7.655809428826515928e-04
3.249563329744727391e-01 6.931333690650932737e-03 6.672839416460418782e-01 8.283916888345083584e-04
3.266914627237916813e-01 9.770316771415533258e-03 6.626106038614921756e-01 9.276166433005005735e-04
3.246007579680968425e-01 1.430206737156372761e-02 6.600371889637550726e-01 1.059985696584047222e-03
3.223087917682474490e-01 2.058424923493029288e-02 6.559056270108527542e-01 1.201331985969656107e-03
3.275059455190614255e-01 2.848416207419433160e-02 6.426645273457390894e-01 1.345365061005119852e-03
3.460827699274152680e-01 3.794203306938633696e-02 6.144779301156666484e-01 1.497266887531701479e-03
3.791856049153462527e-01 4.866699295283751642e-02 5.705001105754429203e-01 1.647291556373423624e-03
4.226904451067364232e-01 5.990034141598316042e-02 5.156348296729735825e-01 1.774383804306585346e-03
4.674986696299215372e-01 7.156542060980111697e-02 4.590551345350816215e-01 1.880775225195521197e-03
5.008901177426746676e-01 8.558507543467450129e-02 4.115183300155322299e-01 2.006476807118622897e-03
5.100516015012802606e-01 1.048355027250524180e-01 3.828841515793336425e-01 2.228744194333831963e-03
4.846267101646776765e-01 1.365952754834708349e-01 3.761918828671563797e-01 2.586131484695448901e-03
4.266550346962207918e-01 1.818338118772423462e-01 3.883219386749021673e-01 3.189214751634625745e-03
3.424871062777608000e-01 2.484684806385931422e-01 4.047503923541997950e-01 4.294020729446126720e-03
2.511927525137003792e-01 3.358722895943881959e-01 4.071756169470219233e-01 5.759340944889479973e-03
1.743233590735892291e-01 4.245760815138279742e-01 3.939513654382933439e-01 7.149193974289654030e-03
