1.537908542476082718e-01 2.317053961165897735e-01 3.440441668395405328e-01 2.704595827962618104e-01
5.661830269406827876e-01 1.368704618802329409e-01 1.905647916676461717e-01 1.063817195114376973e-01
5.629553012037741277e-01 1.403630961527800314e-01 1.894451539742236790e-01 1.072364486692219537e-01
5.598080382969810032e-01 1.447026529203699341e-01 1.871894482644831936e-01 1.082998605181658830e-01
5.565780184689615995e-01 1.505262027420725957e-01 1.831193003723862178e-01 1.097764784165794344e-01
5.525614589880087912e-01 1.588558696002709270e-01 1.766712118466339521e-01 1.119114595650861632e-01
5.471080361076491316e-01 1.703822824598280050e-01 1.676235370757081233e-01 1.148861443568148788e-01
5.384582745885987398e-01 1.863393408449799393e-01 1.563312800429158822e-01 1.188711045235056329e-01
5.292499802051036095e-01 2.050485266943775364e-01 1.418419135914290030e-01 1.238595795090896845e-01
5.162017780385397270e-01 2.283300324032065953e-01 1.250572308759896334e-01 1.304109586822640443e-01
4.943190861360796107e-01 2.590790508688355365e-01 1.071169638584693329e-01 1.394848991366154922e-01
4.654799201107407969e-01 2.942003258092589224e-01 8.838684942793076371e-02 1.519329046520695170e-01
4.296147208609929491e-01 3.310505948924950537e-01 7.089285403810492714e-02 1.684418302084071950e-01
3.908521643135743906e-01 3.643093972097914413e-01 5.619565405708754763e-02 1.886427844195467662e-01
3.572273213896290378e-01 3.886644302759864056e-01 4.486267131135556613e-02 2.092455770230291778e-01
3.391651836351749494e-01 4.010170174334190540e-01 3.669080128586649225e-02 2.231269976455395043e-01
3.432556380459602097e-01 4.029806915560146807e-01 3.094817434620692614e-02 2.228154960518178296e-01
3.657885218623803669e-01 4.018005855431390771e-01 2.650446406783249845e-02 2.059064285266480887e-01
3.971565408264897123e-01 4.033668278245410299e-01 2.308228984178918239e-02 1.763943415071800302e-01
4.341503267771854024e-01 4.022631047810802385e-01 2.147645548948236283e-02 1.421101129522521211e-01
4.784011295563422861e-01 3.893930704205839644e-01 2.183696876717232047e-02 1.103688312559013840e-01
5.272878785456046602e-01 3.656069416742935840e-01 2.371161051494271102e-02 8.339356926515881230e-02
5.776965213385923947e-01 3.340511347862800684e-01 2.719623289001300501e-02 6.105611098511450757e-02
6.304206758496229135e-01 2.934151757094646262e-01 3.298586056912605757e-02 4.317828787178642352e-02
6.870741779181668285e-01 2.417759459219439855e-01 4.152515546301571714e-02 2.962472069687331622e-02
7.434488939672270202e-01 1.831585794644423337e-01 5.334425439384401363e-02 2.004827217448678159e-02
7.932654923252755452e-01 1.273970463295389932e-01 6.579605069447588828e-02 1.354141065070958716e-02
8.224379828100806256e-01 8.505611050605009493e-02 8.317660483230504553e-02 9.329301851564277340e-03
8.154207948359391001e-01 5.771514946338579533e-02 1.201400785414555167e-01 6.723977159219653860e-03
7.655631535417478650e-01 4.025051139702578995e-02 1.890847825205287380e-01 5.101552540697439596e-03
6.811534743326010943e-01 2.819498270671464552e-02 2.866544394817120422e-01 3.997103478972184945e-03
5.815266195293784524e-01 1.930893341314526834e-02 3.960526615691375985e-01 3.111785488338703835e-03
4.833709162399177361e-01 1.288325629792325122e-02 5.013779009177168344e-01 2.367926544442358616e-03
3.948630335248087819e-01 7.475578545172945066e-03 5.959882551482889035e-01 1.673132781729373643e-03
3.076248376127968531e-01 4.514416594334959981e-03 6.866499799215367572e-01 1.210765871331487796e-03
2.323899794724064716e-01 2.857343750407552105e-03 7.638406595150337708e-01 9.120172621521124021e-04
1.819501621802107061e-01 2.040903521213344781e-03 8.152498026994040581e-01 7.591315991718940864e-04
1.617809280227537894e-01 1.762685615882684425e-03 8.357155527938427975e-01 7.408335675210257114e-04
1.694142646093834415e-01 1.906155464441777877e-03 8.278042561028237101e-01 8.753238233510275560e-04
1.985205761999278284e-01 2.529414552883088498e-03 7.977232070346211845e-01 1.226802212567901142e-03
2.383691138553277467e-01 3.851402238326541525e-03 7.558660502537103421e-01 1.913433652635424843e-03
2.778520324333953462e-01 6.266523874223153476e-03 7.127231894582560789e-01 3.158254234125348978e-03
3.098964108298178921e-01 1.020827202314954565e-02 6.745472992381037480e-01 5.348017908928759563e-03
3.309368646768875433e-01 1.609086642743708800e-02 6.439242910098027517e-01 9.047977885872169473e-03
3.390234918755073434e-01 2.478224229639677118e-02 6.212277634951060001e-01 1.496650233298984362e-02
3.390523325920300479e-01 3.801229022854694939e-02 5.987745038179863588e-01 2.416087336143659878e-02
3.410482764868946193e-01 5.729613459544037612e-02 5.632829711951991003e-01 3.837261772246575164e-02
3.486764833876767056e-01 8.177707973398729013e-02 5.102985379243367703e-01 5.924789895399926176e-02
3.575074412127846046e-01 1.086996893336580894e-01 4.468902640294638573e-01 8.690260542409357358e-02
3.619290774771356523e-01 1.352436602784744535e-01 3.833714211513569170e-01 1.194558410930330328e-01
3.585648115142617831e-01 1.592320010751536175e-01 3.277862112478429624e-01 1.544169761627417203e-01
3.465621379148056680e-01 1.791391891481943499e-01 2.833918159384732349e-01 1.909068569985266361e-01
3.253363527036915448e-01 1.941035812361748270e-01 2.503148513026688948e-01 2.302452147574647057e-01
2.988945608445367497e-01 2.014207409973645113e-01 2.253048770838071702e-01 2.743798210742916521e-01
2.690318798863823302e-01 2.040117435015156577e-01 2.035526894268270826e-01 3.234036871852746797e-01
2.395265241973687509e-01 2.014206770227417453e-01 1.848247654566084752e-01 3.742280333232809175e-01
2.136631336758444688e-01 1.976638121745687982e-01 1.670287795042764978e-01 4.216442746453101242e-01
1.932558891125971956e-01 1.954837037593717963e-01 1.512891890713991550e-01 4.599712180566318254e-01
1.806266877034735929e-01 1.962738705902544178e-01 1.398306019394001953e-01 4.832688397668717384e-01
1.784716184657883231e-01 2.006977549554080920e-01 1.339525671541598184e-01 4.868780594246433502e-01
1.859680847087386568e-01 2.078098223977355163e-01 1.325448849167248366e-01 4.736772079768007959e-01
1.990189711146747864e-01 2.156472876103375236e-01 1.333083710182658421e-01 4.520253702567214593e-01
2.144763725157424750e-01 2.230710420855952225e-01 1.347865257436191844e-01 4.276660596550430626e-01
2.301588175935459502e-01 2.297415628164680979e-01 1.357845056456185862e-01 4.043151139443674769e-01
2.444117487798006250e-01 2.357375820987047677e-01 1.355228085825354867e-01 3.843278605389595093e-01
2.556328935531846369e-01 2.411570037169929182e-01 1.339473753051660110e-01 3.692627274246564339e-01
2.617672814511925461e-01 2.463309131788498085e-01 1.314135934198016609e-01 3.604882119501560123e-01
2.623307283783544719e-01 2.516661351509060229e-01 1.286088140718255335e-01 3.573943223989142770e-01
2.584549607985741071e-01 2.570972823137034347e-01 1.259119870164175092e-01 3.585357698713046437e-01
2.509505412739434504e-01 2.621431040759735764e-01 1.231368939417320091e-01 3.637694607083512555e-01
2.403913198479266933e-01 2.659186879730351394e-01 1.203073716219361516e-01 3.733826205571016965e-01
2.268083195357137039e-01 2.672983767720484849e-01 1.177237762988704861e-01 3.881695273933670753e-01
1.620419799729806709e-01 2.904490182276114885e-01 4.839018693061956644e-01 6.360713249321245377e-02
8.755108283587136331e-01 1.023065823099226779e-01 1.260350195947467465e-02 9.579087371889054292e-03
8.795164510074143793e-01 9.612632598618224555e-02 1.527849076195189094e-02 9.078732244451482442e-03
8.810639404532081276e-01 9.187622154771889205e-02 1.868093187212321524e-02 8.378906126949624625e-03
8.816085345841971899e-01 8.759393377720675611e-02 2.317817072577510115e-02 7.619360912820905170e-03
8.799016277690526744e-01 8.298100166577448977e-02 3.016043629581753593e-02 6.956934269355418733e-03
8.769416166052008688e-01 7.701691146805561550e-02 3.961235703628445542e-02 6.429114890458859088e-03
8.663454466572171331e-01 7.115199003667549427e-02 5.646043633632458203e-02 6.042126969782824451e-03
8.430554027550034579e-01 6.491071155081452881e-02 8.642864346527538710e-02 5.605242228906228037e-03
7.926013256228643389e-01 5.827778423442413203e-02 1.440783179209665088e-01 5.042572221744754009e-03
6.901937031934618494e-01 5.061338408205680317e-02 2.548919674060054485e-01 4.300945318476078437e-03
5.222880242389903449e-01 4.081408132992388887e-02 4.335831689358536356e-01 3.314725495231762419e-03
3.317559186377742608e-01 2.729270319936867584e-02 6.387419718304438998e-01 2.209406332413167001e-03
1.820576032811933309e-01 1.502119520445229124e-02 8.016322003609229752e-01 1.289001153431812733e-03
9.070681774390906837e-02 6.883016218571918858e-03 9.017212425289857780e-01 6.889235085333142309e-04
4.505321880435211868e-02 3.103951903160529630e-03 9.514743843514554822e-01 3.684449410316463220e-04
2.506282854098422150e-02 1.474347080228774996e-03 9.732384908322684325e-01 2.243335465183958683e-04
1.757102991659602667e-02 8.413621218920159161e-04 9.814163660734627204e-01 1.712418880490040526e-04
1.528167513316166723e-02 5.987958112613928638e-04 9.839586582939969794e-01 1.608707615801041797e-04
1.423599797961031324e-02 4.891745142659431871e-04 9.851097634535410652e-01 1.650640525825303206e-04
1.273730030812873781e-02 4.211006025836087604e-04 9.866726156579885831e-01 1.689834312991623643e-04
1.086782937740266020e-02 3.728361628021957487e-04 9.885887418486328793e-01 1.705926111623391164e-04
9.319035557990304822e-03 3.486122750581958267e-04 9.901567743542458722e-01 1.755778127058464980e-04
8.644836841492737831e-03 3.621348937488951631e-04 9.908010272736537116e-01 1.920009911042766971e-04
8.915965319428306377e-03 4.224879950645857242e-04 9.904395665511884772e-01 2.219801343187072110e-04
1.024374809382394384e-02 5.505060696713889694e-04 9.889354055945451805e-01 2.703402419591723060e-04
1.298484168575321507e-02 7.916247025722949332e-04 9.858738286573298648e-01 3.497049543444169127e-04
1.766533113698852062e-02 1.226775478216966505e-03 9.806279662861020485e-01 4.799270986922004635e-04
2.494989431614435399e-02 2.002815995217128997e-03 9.723524145978899025e-01 6.948750907486330721e-04
3.503477303012188931e-02 3.378626366571290274e-03 9.605415463493721662e-01 1.045054253934744447e-03
4.629831645966007991e-02 5.778096268690256603e-03 9.463476753765847072e-01 1.575911895064922071e-03
5.597603966775652196e-02 9.989347282373007772e-03 9.317014738232825000e-01 2.333139226587813749e-03
6.216607817833955801e-02 1.744601846518424246e-02 9.170075298727766722e-01 3.380373483699588948e-03
6.518841883909637369e-02 3.050132794262625652e-02 8.994578446470153921e-01 4.852408571262213643e-03
6.980678487645156083e-02 4.929254942143288659e-02 8.738184599357379234e-01 7.082205766377303036e-03
7.631123831343401831e-02 7.692467825576780605e-02 8.361447558934286262e-01 1.061932753736960326e-02
8.504581212122667988e-02 1.094445451362201643e-01 7.896597836309273699e-01 1.584985911162581015e-02
9.642079553923477153e-02 1.414754632781976273e-01 7.391865601151835774e-01 2.291718106738411392e-02
1.103180137738407340e-01 1.697333183808460710e-01 6.884432789709151734e-01 3.150538887439792435e-02
1.287155332115632878e-01 1.919427691251934243e-01 6.385065766569661960e-01 4.083512100627655073e-02
1.485819359604010070e-01 2.105501965686661092e-01 5.909499460228644363e-01 4.991792144806867643e-02
1.687943437529647595e-01 2.267352023168235087e-01 5.460910789298856205e-01 5.837937500032609056e-02
1.893798331598595674e-01 2.385800593716268791e-01 5.058825932003014891e-01 6.615751426821231407e-02
2.101900343710685626e-01 2.433475219574958714e-01 4.733192109711307216e-01 7.314323270030506641e-02
2.311517549054026843e-01 2.405279256131548637e-01 4.489701452217758626e-01 7.935017425966653382e-02
2.502823466852541201e-01 2.315181720601907356e-01 4.339612857614522645e-01 8.423819549310275490e-02
2.587369932923586635e-01 2.208476277189659887e-01 4.337413292452157454e-01 8.667404974345953306e-02
2.573513887735396910e-01 2.080183641991978916e-01 4.479907373400822124e-01 8.663950968718035772e-02
2.472800217638701226e-01 1.933997924239360400e-01 4.746901904438879938e-01 8.462999536830596858e-02
2.279140957253481536e-01 1.778225179122259192e-01 5.132946034810337288e-01 8.096878288139193469e-02
2.001701984580717131e-01 1.629031056900478724e-01 5.607920405543784792e-01 7.613465529750215732e-02
1.690319650797058593e-01 1.524854356055176385e-01 6.065424620087890295e-01 7.194013730598776413e-02
1.391793630291587314e-01 1.529588669887671226e-01 6.361808126000455532e-01 7.168095738202810707e-02
1.147067755607855538e-01 1.667952777593094682e-01 6.402197251483104923e-01 7.827822153159459673e-02
9.404406468239411010e-02 1.946841167575007470e-01 6.192812215854998081e-01 9.199059697460530705e-02
7.663577067528201670e-02 2.334253953965874928e-01 5.816070371054414823e-01 1.083317968226888278e-01
6.086099256828583076e-02 2.807762818689789608e-01 5.389463493241278824e-01 1.194163762386078603e-01
4.671251596258673561e-02 3.353882061801516934e-01 4.957228065734551881e-01 1.221764712838061817e-01
3.427678997589864857e-02 3.948944313044821519e-01 4.505628438265472657e-01 1.202659348930719269e-01
2.469064322126460556e-02 4.533429609600015397e-01 4.031327310901557937e-01 1.188336647285780784e-01
1.916738058496476188e-02 5.052710150608038520e-01 3.540387287942244332e-01 1.215228755600070293e-01
1.725012224445051506e-02 5.407029541862679034e-01 3.145533039940945907e-01 1.274936195751869838e-01
1.808647364110224989e-02 5.615641407831598597e-01 2.892610547390841447e-01 1.310883308366538325e-01
2.116840087487644947e-02 5.687573424916723130e-01 2.813563661930825188e-01 1.287178904403683821e-01
2.654174448119224830e-02 5.600260101403897739e-01 2.929962216801900721e-01 1.204360236982281729e-01
3.623667898744145632e-02 5.277240989362302903e-01 3.277512450998217308e-01 1.082879769765068972e-01
4.855737238321875676e-02 4.737198097979999356e-01 3.843007463734702811e-01 9.342207144531129714e-02
6.330058443216789177e-02 4.001281564225238063e-01 4.597074315291115321e-01 7.686382761619692250e-02
7.845241357274508609e-02 3.225854845474336319e-01 5.386327338787508801e-01 6.032936800106999953e-02
9.035816286665498964e-02 2.614019813832968997e-01 6.023276135694179967e-01 4.591224218062994744e-02
1.010933091332868045e-01 2.231140910010593059e-01 6.406076075670515957e-01 3.518499229860223149e-02
1.149566226382949391e-01 2.035108099577745688e-01 6.532173414169623049e-01 2.831522598696818716e-02
8.587606282382251321e-02 1.202144268321045650e-01 9.136975657816596985e-02 7.025397537659070490e-01
4.975410366051867261e-01 2.764834152243428878e-01 5.764036941440053158e-02 1.683351787560700696e-01
5.372223078538803653e-01 2.375378859006835874e-01 6.131528981911211346e-02 1.639245164263239685e-01
5.881502176037680663e-01 1.953812182629389438e-01 6.576756908413181058e-02 1.507009950491611516e-01
6.552947740451551262e-01 1.483361412315794825e-01 6.740868341051804713e-02 1.289604013127475524e-01
7.316948520501344033e-01 1.034039710547787760e-01 6.349404774128498963e-02 1.014071291538017755e-01
7.975437306154602446e-01 6.853583741949208219e-02 5.900848506689859024e-02 7.491194689814914542e-02
8.414013199066183724e-01 4.766813244702135938e-02 5.614382643990753485e-02 5.478672120645251137e-02
8.625853691076778018e-01 3.681392962281036796e-02 5.922372648863971634e-02 4.137697478087212083e-02
8.664388758372871813e-01 3.135422261698905116e-02 6.947061575297146241e-02 3.273628579275225658e-02
8.568876564709962951e-01 2.858603120340552986e-02 8.724710016827605386e-02 2.727921215732201365e-02
8.374143005472988177e-01 2.706125418069000449e-02 1.116398436326767607e-01 2.388460163933435812e-02
8.099589843353193208e-01 2.607965620792665126e-02 1.421888822388316931e-01 2.177247721792252913e-02
7.719036136568931949e-01 2.563344701472172749e-02 1.820428791528979073e-01 2.042006017548720839e-02
7.189390845400367436e-01 2.606558366576300703e-02 2.354960536315232056e-01 1.949927816267669686e-02
6.554093009222223820e-01 2.724701842743715643e-02 2.987175362465086526e-01 1.862614440383181247e-02
5.970034073068384295e-01 2.835704338149792891e-02 3.572369992478580669e-01 1.740255006380537345e-02
5.578113129212068921e-01 2.858513970475346291e-02 3.979815211806354003e-01 1.562202619340386130e-02
5.424177701831197629e-01 2.784297055348211938e-02 4.162219665129409107e-01 1.351729275045728679e-02
5.461081820447984958e-01 2.656719568922745467e-02 4.158490793080531489e-01 1.147554295792087807e-02
5.569042073275350946e-01 2.506944262591184053e-02 4.084095565827473573e-01 9.616793463805612188e-03
5.637288767680550539e-01 2.325237857351962478e-02 4.051582011722579812e-01 7.860543486167501440e-03
5.651505722473921800e-01 2.084918343378665273e-02 4.078111734699901292e-01 6.189070848831109209e-03
5.697129860038014915e-01 1.794645236178295938e-02 4.075823267095297631e-01 4.758234924885733179e-03
5.852461494030624101e-01 1.499339220085697463e-02 3.960818456652596686e-01 3.678612730820629215e-03
6.112528889949568889e-01 1.236153757052655365e-02 3.734836395727642588e-01 2.901933861752341998e-03
6.418510849200561585e-01 1.023714788022083051e-02 3.455863834925909650e-01 2.325383707132052009e-03
6.763913327065581571e-01 8.704185530144254584e-03 3.130168158583018223e-01 1.887665904995584291e-03
7.207872374392116921e-01 7.716325839091472960e-03 2.699288951336889508e-01 1.567541588007778739e-03
7.763487023698267819e-01 7.045294393891373200e-03 2.152861191764597337e-01 1.319884059822237343e-03
8.334615670187367487e-01 6.477492662392152038e-03 1.589584297222215448e-01 1.102510596649337047e-03
8.784314495270405532e-01 6.041572191326951939e-03 1.146013360617562926e-01 9.256422198759231990e-04
9.043375566115032793e-01 5.941405087758090155e-03 8.889721310503559404e-02 8.238251957027619733e-04
9.114647801078662459e-01 6.383278859919739624e-03 8.133068617113006771e-02 8.212548610842214988e-04
9.012653854216271521e-01 7.539753169131577400e-03 9.025422994452485248e-02 9.406314647163879165e-04
8.746817866047766898e-01 9.438158491545077522e-03 1.146663660264233692e-01 1.213688877254902928e-03
8.363758567988387460e-01 1.181594194401873119e-02 1.501222081594530133e-01 1.685993097689514678e-03
7.965874418672311830e-01 1.424664025703325544e-02 1.867623962965200279e-01 2.403521579215401813e-03
7.630562175693084148e-01 1.661064429869742523e-02 2.169407622996462892e-01 3.392375832347630481e-03
7.365523613706919104e-01 1.890559616132716364e-02 2.399076172587361611e-01 4.634425209244578438e-03
7.164427305083805875e-01 2.075579200290933457e-02 2.567825890045623005e-01 6.018888484147971729e-03
7.020248945264141449e-01 2.184579575117792313e-02 2.687998959263197540e-01 7.329413796088000109e-03
6.911823701146415644e-01 2.218941161364185524e-02 2.782379720073295815e-01 8.390246264387205347e-03
6.814155823893685016e-01 2.185563311677531095e-02 2.875573019532580155e-01 9.171482540598146008e-03
6.701153899150494864e-01 2.116767544356757541e-02 2.987872817316677976e-01 9.929652909715208295e-03
6.551427183056114378e-01 2.086926081005092970e-02 3.127815627714987667e-01 1.120645811283895073e-02
6.361419785790141113e-01 2.186429893020742227e-02 3.282827363254523512e-01 1.371098616532622633e-02
6.146627584141309830e-01 2.524262052933330322e-02 3.415912422783728419e-01 1.850337877816279550e-02
5.891747219836147575e-01 3.335602615720582864e-02 3.500084510513663538e-01 2.746080080781329938e-02
5.519571930731064224e-01 4.755160672636945390e-02 3.573284624539757592e-01 4.316273774654828810e-02
4.926786376131077061e-01 7.156185897803425677e-02 3.668667397119085849e-01 6.889276369694936897e-02
4.112290940791296645e-01 1.101435115529607739e-01 3.712072809684107133e-01 1.074201133994986956e-01
3.188548335399515321e-01 1.630954070205906103e-01 3.601491622905216294e-01 1.579005971489362281e-01
2.383084973769159509e-01 2.296002757156649365e-01 3.162129867135315409e-01 2.158782401938877660e-01
1.754598322596750137e-01 3.044598342049950057e-01 2.484316471645592606e-01 2.716486863707704424e-01
1.249424233281489632e-01 3.897223950974042506e-01 1.720709996346813653e-01 3.132641819397650185e-01
8.626667409261307151e-02 4.765355687498469273e-01 1.055464942917209575e-01 3.316512628658190298e-01
5.992976772996812945e-02 5.502542478880082522e-01 6.047648335636181260e-02 3.293395010256615629e-01
4.390097435771129347e-02 6.028572093662429854e-01 3.506009602362207545e-02 3.181817202524233057e-01
3.460686621160197901e-02 6.371690166918465570e-01 2.191291106599422070e-02 3.063112060305570594e-01
2.958819183359497410e-02 6.589997814250594388e-01 1.539781530771750125e-02 2.960142114336280494e-01
2.754400835620067836e-02 6.727612518539182185e-01 1.240255531370705773e-02 2.872921844761737176e-01
2.815881172306518992e-02 6.786971823720101549e-01 1.152175001301594670e-02 2.816222558919089236e-01
3.157863703686420581e-02 6.756846189434229100e-01 1.216748509035287841e-02 2.805692589293601324e-01
3.834614231149202634e-02 6.646593718110587190e-01 1.408397568154287280e-02 2.829105101959065727e-01
4.970902103262334754e-02 6.484685360470828774e-01 1.713679006813195044e-02 2.846856528521619079e-01
6.707973427048652404e-02 6.319731605855408718e-01 2.112813116179125539e-02 2.798189739821812516e-01
9.042624388443955274e-02 6.200003321709193216e-01 2.562756282768716143e-02 2.639458611169543389e-01
1.156834328580705062e-01 6.157372838223084122e-01 2.965536542401029513e-02 2.389239178956102660e-01
1.369469661517596359e-01 6.191069904029479209e-01 3.233372643015056808e-02 2.116123170151419375e-01
1.542328051586231430e-01 6.228312429407670825e-01 3.423231157979526873e-02 1.887036403208148527e-01
1.683818164631776526e-01 6.224779796174420010e-01 3.588573814117107519e-02 1.732544657782094100e-01
5.593988687697601936e-01 2.962543645961121172e-02 3.937587793467893227e-01 1.721691542383925813e-02
4.251709258466920133e-02 9.292041968308724087e-01 1.458019197082641681e-02 1.369851861363175979e-02
5.532486649782358129e-02 9.153642455529960031e-01 1.568676737684209996e-02 1.362412057233827224e-02
7.075928156242156097e-02 8.984067918876799119e-01 1.647638255992735223e-02 1.435754398997101354e-02
8.877740851987110660e-02 8.772762958174249448e-01 1.807205134992346737e-02 1.587424431278063736e-02
1.062970320826584075e-01 8.557610229187015971e-01 2.025989236954740466e-02 1.768205262909234438e-02
1.183097016995759837e-01 8.397728591131611298e-01 2.265462771480721699e-02 1.926281147245569036e-02
1.228812556868965206e-01 8.310479781924546838e-01 2.549339929408348665e-02 2.057736682656518754e-02
1.212941850803225252e-01 8.273835583505391167e-01 2.943409958286344677e-02 2.188815698627456785e-02
1.157718322574391584e-01 8.261368787520004808e-01 3.474503808285426404e-02 2.334625090770615571e-02
1.098859114986675822e-01 8.234287085692201247e-01 4.155774282490603405e-02 2.512763710720610291e-02
1.076469244861061325e-01 8.141530135793721978e-01 5.078658992325325860e-02 2.741347201126878921e-02
1.109005711643616388e-01 7.947521905470082970e-01 6.432706763243294101e-02 3.002017065619706077e-02
1.173488157259853087e-01 7.657788156370500809e-01 8.469110342127807167e-02 3.218126521568644843e-02
1.219762222807695695e-01 7.298659464908213712e-01 1.150249613299920565e-01 3.313286989841728730e-02
1.226095081780024937e-01 6.841383218250304266e-01 1.605220975773256620e-01 3.273007241964125125e-02
1.214266338998776923e-01 6.164829903389680288e-01 2.309261709204468993e-01 3.116420484070723390e-02
1.173558608513909918e-01 5.180051641663386830e-01 3.368325186395355053e-01 2.780645634273489625e-02
1.039939473655811519e-01 3.929384121441661382e-01 4.811137868758815772e-01 2.195385361437136168e-02
8.264471616667025400e-02 2.604012926431533148e-01 6.421391299714196421e-01 1.481486121875696949e-02
5.887628418054532964e-02 1.537918048231444179e-01 7.785329515308373471e-01 8.798959465472679792e-03
4.110118541605133069e-02 8.756064824862722085e-02 8.662891843530299285e-01 5.048981982291588476e-03
3.001581902356987436e-02 5.196514221693963181e-02 9.150024937831393590e-01 3.016544976351210727e-03
2.320194379929521600e-02 3.275831988303863629e-02 9.421133792296650933e-01 1.926357088000956851e-03
1.836343199348355187e-02 2.142029566938066440e-02 9.589144753832693491e-01 1.301796953866339677e-03
1.425281120781262713e-02 1.420864361777967287e-02 9.706234834806550804e-01 9.150616937531308968e-04
1.043796015453795495e-02 9.379409043959667514e-03 9.795287880464833563e-01 6.538427550187106028e-04
6.304561708414005601e-03 6.344228276032478492e-03 9.868951692894859518e-01 4.560407260677158832e-04
3.922082975872790041e-03 3.971880216309363332e-03 9.917858029614908810e-01 3.202338463269464126e-04
2.438587306145703713e-03 2.587898310191293592e-03 9.947333900716096577e-01 2.401243120533940096e-04
1.654080822482345298e-03 1.897010910981462113e-03 9.962432728678185523e-01 2.056353987174827961e-04
1.296776996796826422e-03 1.681618296638890059e-03 9.968085066677327966e-01 2.130980388312430696e-04
1.232311416636729063e-03 1.899459248538639799e-03 9.965838250744339932e-01 2.844042603906926604e-04
1.410988609869652348e-03 2.688277734820196212e-03 9.954119554835310080e-01 4.887781717791182074e-04
1.788293515295307119e-03 4.351944222445055382e-03 9.928707436996353497e-01 9.890185626244061938e-04
3.339206258384612262e-03 7.054618101665978067e-03 9.873995895086411512e-01 2.206586131308202990e-03
4.527234966356093876e-03 1.139603947747391995e-02 9.793806957049626671e-01 4.696029851207411850e-03
5.858829684545157832e-03 1.669663435557796130e-02 9.681771094527880095e-01 9.267426507088930357e-03
7.054922704102148910e-03 2.161258548989513154e-02 9.549634137922484722e-01 1.636907801375414584e-02
7.955239586663588602e-03 2.498831854195240898e-02 9.410301984215079241e-01 2.602624344987604366e-02
8.743585603380552018e-03 2.697018294623958548e-02 9.256242872625212170e-01 3.866194418785865589e-02
9.876702852146977338e-03 2.905034054704571170e-02 9.047150028478101458e-01 5.635795375299728488e-02
1.192547342439951967e-02 3.331681744559654434e-02 8.714340512969348529e-01 8.332365783306928952e-02
1.530007858307399701e-02 4.158249320952901035e-02 8.188810020203376450e-01 1.242364261870595732e-01
2.002876443212749102e-02 5.533840264962942845e-02 7.425146240001621045e-01 1.821182089180813368e-01
2.527983971471641986e-02 7.515889995019349457e-02 6.461774393103749681e-01 2.533838210247150724e-01
2.897304428787308289e-02 9.923448561552104807e-02 5.519642224389338381e-01 3.198282476576719824e-01
2.956048500393542236e-02 1.245318058091651608e-01 4.893159245413632452e-01 3.565917846455358697e-01
2.804391035676997990e-02 1.488366714205734131e-01 4.685238262196766978e-01 3.545955920029797426e-01
2.630173217681791228e-02 1.697825011282912133e-01 4.796437683034751043e-01 3.242719983914157389e-01
2.525130984756205482e-02 1.858544461528033875e-01 5.069738073184358873e-01 2.819204366811985385e-01
2.488244899838888344e-02 1.991811770393734915e-01 5.375482144311346522e-01 2.383881595311029000e-01
2.480254795503480936e-02 2.159003553400759279e-01 5.611246275041886777e-01 1.981724692007006960e-01
2.473801798188657655e-02 2.465505731960227209e-01 5.632238651205210278e-01 1.654875437015696504e-01
2.445117643372413802e-02 3.046640116509762852e-01 5.273831519092491149e-01 1.435016600060504410e-01
2.311769444061216247e-02 3.985114297931113825e-01 4.482388460104175243e-01 1.301320297558590244e-01
2.040120381137519937e-02 5.217131775365523305e-01 3.375389917504326709e-01 1.203466269016395390e-01
1.695303119556280935e-02 6.415924051444976683e-01 2.313289867348929385e-01 1.101255769250464728e-01
1.414381106113848582e-02 7.360128379847576952e-01 1.513238088050510299e-01 9.851954214905304930e-02
1.237900813631467693e-02 8.002473137972582196e-01 1.009739273785883323e-01 8.639975068783893597e-02
1.171023178221050794e-02 8.420552955993328981e-01 7.139031577830230735e-02 7.484415684015424675e-02
1.203156720262433393e-02 8.700298899606936365e-01 5.288224542936394157e-02 6.505629740731802557e-02
1.317249917214791642e-02 8.893467799951959574e-01 3.949927963356184013e-02 5.798144119909411781e-02
1.484812973610592259e-02 9.020010197534635843e-01 2.932782586065041733e-02 5.382302464977983120e-02
1.711536520545228757e-02 9.071040931165306187e-01 2.260193570594204102e-02 5.317860597207504231e-02
2.029800121469909485e-02 9.037882643052521647e-01 1.893279322555748226e-02 5.698094125449117836e-02
2.484243540277837961e-02 8.914907001093280714e-01 1.741201367116774340e-02 6.625485081672562171e-02
3.137108115897213612e-02 8.695225140187163859e-01 1.729473986657006218e-02 8.181166495574142272e-02
3.932281022569678042e-02 8.403490419956343160e-01 1.767176866660111201e-02 1.026563791120677915e-01
4.667227178040279922e-02 8.085967577022726838e-01 1.771807078780960817e-02 1.270128997295151274e-01
5.307968524322703024e-02 7.742129570948507178e-01 1.764919043922063072e-02 1.550581672227017427e-01
6.093665019556070844e-02 7.350229008709094902e-01 1.810902384327779668e-02 1.859314250902519838e-01
1.135134969964359114e-01 7.603424851288608233e-01 8.153978073385526049e-03 1.179900398013174617e-01
1.138016788872753537e-01 7.761175120365361169e-01 8.992749476187498689e-03 1.010880596000012510e-01
1.236057532564746875e-01 7.785936466649746590e-01 1.032384012274130403e-02 8.747675995580909969e-02
1.448433339853607560e-01 7.644295653778148125e-01 1.256304422607191010e-02 7.816405641075233057e-02
1.763646291101330366e-01 7.358250826915923026e-01 1.599808801725076737e-02 7.181220018102360547e-02
2.140130280711072808e-01 6.994644851162196142e-01 2.051321040046396801e-02 6.600927641220903641e-02
2.531295013637904767e-01 6.618591625218857022e-01 2.565430525975638185e-02 5.935703085456737332e-02
2.929391912139338028e-01 6.236837064660974983e-01 3.125232078059934915e-02 5.212478153936918324e-02
3.361172870575828142e-01 5.812268562549276485e-01 3.753754139378149418e-02 4.511831529370787658e-02
3.837050548376041981e-01 5.334521825658590233e-01 4.406780142749102541e-02 3.877496116904566303e-02
4.333930702786349398e-01 4.812298378896103235e-01 5.198979428344605025e-02 3.338729754830876278e-02
4.792113669048214675e-01 4.318209584754502117e-01 6.007177727760219105e-02 2.889589734212603955e-02
5.189378114632360317e-01 3.880112563972377138e-01 6.768208500243176606e-02 2.536884713709421785e-02
5.524607810298390875e-01 3.512341854462192603e-01 7.339364527417088779e-02 2.291138824977068458e-02
5.770901522356439717e-01 3.253055225153267949e-01 7.616981010775505934e-02 2.143451514127422963e-02
5.885038710210659385e-01 3.138805346439320076e-01 7.682125368454068015e-02 2.079434065046113778e-02
5.853676718398095336e-01 3.168758145884336130e-01 7.688507183901394093e-02 2.087144173274301309e-02
5.705810446711857553e-01 3.312439109704869988e-01 7.687584106847766829e-02 2.129920328984942837e-02
5.514422844601875040e-01 3.504531409720144097e-01 7.651756302313746094e-02 2.158701154466073982e-02
5.370635459810386703e-01 3.657732518628550311e-01 7.571320695805250356e-02 2.144999519805363894e-02
5.321332961938063377e-01 3.718312787900857064e-01 7.500522757336534896e-02 2.103019744274255837e-02
5.355227130205385544e-01 3.690065823051597027e-01 7.478796718669090959e-02 2.068273748761087841e-02
5.435368961238907781e-01 3.607463807425019264e-01 7.503827737292702305e-02 2.067844576068046669e-02
3.908995315820056327e-01 7.232775180705766638e-02 5.199594867587679081e-01 1.681322985216892815e-02
4.078152667448868840e-01 8.043298675697554967e-02 4.944951337132442171e-01 1.725661278489313069e-02
4.375542675317348751e-01 8.931520940590641222e-02 4.553651449024962439e-01 1.776537815986275679e-02
4.765827598238317475e-01 9.809710744965394191e-02 4.064981150004964294e-01 1.882201772601770767e-02
5.166049642419103805e-01 1.062215138657571639e-01 3.564962087756264331e-01 2.067731311670617869e-02
5.500397357291083589e-01 1.162228999189907352e-01 3.103761235743902613e-01 2.336124077751077985e-02
5.746540941177233908e-01 1.282958360508662243e-01 2.703955467695402515e-01 2.665452306187015424e-02
5.900241615666322881e-01 1.448642918746770314e-01 2.347445817500232457e-01 3.036696480866702200e-02
6.029278108576107131e-01 1.613570686255799136e-01 2.015596067107070788e-01 3.415551380610218346e-02
6.158887845815906870e-01 1.744341538021201565e-01 1.717310738559212624e-01 3.794598776036811616e-02
6.251317213132469019e-01 1.844413260455791681e-01 1.482672367784451106e-01 4.215971586272864585e-02
6.232933473619635123e-01 1.963451245959309810e-01 1.329175510111684499e-01 4.744397703093731350e-02
6.109883132464031252e-01 2.102143516769856280e-01 1.244818386194041226e-01 5.431549645720715191e-02
5.897434852651880499e-01 2.260577209171165669e-01 1.209118907985467090e-01 6.328690301914881300e-02
5.665485491837466414e-01 2.390142976927026597e-01 1.200201749984072253e-01 7.441697812514318222e-02
5.469876677263758591e-01 2.456854433605403232e-01 1.203476206218188072e-01 8.697926829126498283e-02
5.331677133157032289e-01 2.462422502770578170e-01 1.209030690109093864e-01 9.968696739632940118e-02
5.252894452376118961e-01 2.428634639884917901e-01 1.207616203583572329e-01 1.110854704155392753e-01
5.236207972778985642e-01 2.372957201054547438e-01 1.189811275757669540e-01 1.201023550408798629e-01
5.278620663008098957e-01 2.305134510644622492e-01 1.151340403054475353e-01 1.264904423292802504e-01
5.362871798682410374e-01 2.235753652015498028e-01 1.095694837132591415e-01 1.305679712169502682e-01
5.468422291514695166e-01 2.175010730221979827e-01 1.030152989931597818e-01 1.326413988331728300e-01
5.571766934668198612e-01 2.135431542870171728e-01 9.627432461713328338e-02 1.330058276290291830e-01
5.648341371499093766e-01 2.131831072533423299e-01 8.989318157448493440e-02 1.320895740222633452e-01
5.692053163937782490e-01 2.169780024314366118e-01 8.380540756906239286e-02 1.300112736057226770e-01
5.708527374775809182e-01 2.246128513576714780e-01 7.806673333413613469e-02 1.264676778306112193e-01
5.772164474361520803e-01 2.296290737429929063e-01 7.226454032762731627e-02 1.208899384932276555e-01
5.900732738965280832e-01 2.301226816567438771e-01 6.652187663554312569e-02 1.132821678111847058e-01
6.109355838881782574e-01 2.247056012130483338e-01 6.068969786401003097e-02 1.036691170347632390e-01
6.399843852284068380e-01 2.132424929304143624e-01 5.462886820545372057e-02 9.214425363572474603e-02
6.785750329247975943e-01 1.942129218724095441e-01 4.815014756093252690e-02 7.906189764186034863e-02
7.209443446672246791e-01 1.708077855156755198e-01 4.265938035745940604e-02 6.558848945964032562e-02
7.649238679648951988e-01 1.440947232449494297e-01 3.813171072432933878e-02 5.284969806582617141e-02
8.049259012367221411e-01 1.183719138518700420e-01 3.501716223396732219e-02 4.168502267744052942e-02
8.378791550370688901e-01 9.645910705161772625e-02 3.346152380894112238e-02 3.220021410237211557e-02
8.641380827747369153e-01 7.845139862500599692e-02 3.332925032821227457e-02 2.408126827204474379e-02
8.850022449445524853e-01 6.345377204544065675e-02 3.440651556892010410e-02 1.713746744108692044e-02
9.016203273114161698e-01 5.054236576361626626e-02 3.640136321680409459e-02 1.143594370816362199e-02
9.147389584490630554e-01 3.892224537913165777e-02 3.911907482128828412e-02 7.219721350516876066e-03
9.247101425588114543e-01 2.841890425986406260e-02 4.241784914069467172e-02 4.453104040629836564e-03
9.304368007578736055e-01 1.981895270771897796e-02 4.694651668437042902e-02 2.797729850036821415e-03
9.299142133361645302e-01 1.373465923639907195e-02 5.448793406100514020e-02 1.863193366431494706e-03
9.213199313405771029e-01 9.833457789264629656e-03 6.750628339275152601e-02 1.340327477406935697e-03
9.029468052503047959e-01 7.387220201481371415e-03 8.863333587604600716e-02 1.032638672167485736e-03
8.727137603623689177e-01 5.828466450405165450e-03 1.206230187687136746e-01 8.347544185123548146e-04
8.278273220853752390e-01 4.835595103819824957e-03 1.666416408908392710e-01 6.954419199655961998e-04
7.662205821782387405e-01 4.227130693888574153e-03 2.289700070133356136e-01 5.822801145372538288e-04
6.934045203806120661e-01 3.885663094206171647e-03 3.022258297007986982e-01 4.839868243829845086e-04
6.267370430684270355e-01 3.007940386129497479e-03 3.698706036404223463e-01 3.844129050210203023e-04
5.758820710853331803e-01 2.558244637455946852e-03 4.212349287218367100e-01 3.247555553746045171e-04
5.390141768267109335e-01 2.252839323170598759e-03 4.584330131186912793e-01 2.999707314269147926e-04
5.120001561259041045e-01 2.146463994437108978e-03 4.855442866963451398e-01 3.090931833138440069e-04
5.000584503744870402e-01 2.240959856722989692e-03 4.973503199048558421e-01 3.502698639338235726e-04
5.070129120909083742e-01 2.481292149767306155e-03 4.900919859930847888e-01 4.138097662393311620e-04
5.277634124527829096e-01 2.794512879868938423e-03 4.689551142644739490e-01 4.869604028740043256e-04
5.544749615388141484e-01 3.101009777715519212e-03 4.418637113566974417e-01 5.603173267727308993e-04
5.822777550811920610e-01 3.304742943779174873e-03 4.137926888996618091e-01 6.248130753670020233e-04
6.086052292737869074e-01 3.291124131055318813e-03 3.874494083065243566e-01 6.542382886335404825e-04
6.295836634877723936e-01 3.015303462294609705e-03 3.667876680815496671e-01 6.133649683836154068e-04
6.414760639609494719e-01 3.200901694860276876e-03 3.547858012506145409e-01 5.372330935758478331e-04
6.470095378330312785e-01 2.750110717143205118e-03 3.498161052974200769e-01 4.242461524054658281e-04
6.464332816673530324e-01 2.397699452897705981e-03 3.508324749309003621e-01 3.365439488488285212e-04
6.364538955060350389e-01 1.529665921267298707e-03 3.617595007969099941e-01 2.569377757880020319e-04
6.079630257667076876e-01 1.356432767569575471e-03 3.904577751759403803e-01 2.227662897822362399e-04
5.623391055303920139e-01 1.290652195200672888e-03 4.361591153419451250e-01 2.111269324616751051e-04
5.130907409058527158e-01 1.315516804583669735e-03 4.853743645323290723e-01 2.193777572346695644e-04
4.797559706687422043e-01 1.381440459994794047e-03 5.186180918210846480e-01 2.444970501780444321e-04
4.748816851972206265e-01 1.447324289162632040e-03 5.233814628154197512e-01 2.895276981970170012e-04
4.973348583582506421e-01 1.522150174021494372e-03 5.007794193212656841e-01 3.635721464619886905e-04
5.323422632948521249e-01 1.657086875647714817e-03 4.655280377058355623e-01 4.726121236644357008e-04
5.629969398392952185e-01 1.908250551888232604e-03 4.344771863357841379e-01 6.176232730321678166e-04
5.792919378173841949e-01 2.310502815587142829e-03 4.176100575096214351e-01 7.875018574071694817e-04
5.805927645234516543e-01 2.933401054546470182e-03 4.154981449052532194e-01 9.756895167487436918e-04
5.700068597606895437e-01 3.968805766819890300e-03 4.248152946588182877e-01 1.209039813672095924e-03
5.481468275408835078e-01 5.672563122307255727e-03 4.446676195134262044e-01 1.512989823382883750e-03
5.156133521528397656e-01 8.198476969040245296e-03 4.743265104186561998e-01 1.861660459464178517e-03
4.782977717258011241e-01 1.139314394513625713e-02 5.081274318907956777e-01 2.181652438267146169e-03
4.484408606632455663e-01 1.488373285720261986e-02 5.342302668716427672e-01 2.445139607909021986e-03
4.360304572879318830e-01 1.834303122767964173e-02 5.429518179341051853e-01 2.674693550283250947e-03
4.435835606202819248e-01 2.153965280427563855e-02 5.320025475278743476e-01 2.874239047568017888e-03
4.648916932692435111e-01 2.386422763515615164e-02 5.082066559868165800e-01 3.037423108783731621e-03
4.955036512401945759e-01 2.640806129981903422e-02 4.750126005533354956e-01 3.075686906650849234e-03
5.221120220847553783e-01 3.068429410194961279e-02 4.441383950814236092e-01 3.065288731871474229e-03
5.292614932096754155e-01 3.701120304140652351e-02 4.306099758939543332e-01 3.117327854963612092e-03
5.064589066737894552e-01 4.877588399374263584e-02 4.414398334258204937e-01 3.325375906647316023e-03
4.486803447774338482e-01 7.068424470958190042e-02 4.767952161797707755e-01 3.840194333213263738e-03
3.654078188309876629e-01 1.096503851005419111e-01 5.200605181189417170e-01 4.881277949528911933e-03
2.774647751821985864e-01 1.712854066212650683e-01 5.446788954703356556e-01 6.570922726200726163e-03
1.998579569271386192e-01 2.513331081550084778e-01 5.402672444984427669e-01 8.541690419410196897e-03
