2.543723110794218201e-01 7.367669502922865599e-01 4.886517303158441870e-03 3.974221325133387231e-03
9.922864643302181653e-01 6.519754629403031430e-03 7.102720765053344761e-04 4.835089638735363309e-04
9.931097851362015172e-01 5.927844858952286723e-03 5.662175209849645233e-04 3.961524838611371222e-04
9.934274687742672416e-01 5.761689998229831654e-03 4.733084148155467419e-04 3.375328126874320867e-04
9.929919231528785417e-01 6.264215196179263000e-03 4.335035667017247854e-04 3.103580842404322828e-04
9.913929126972991224e-01 7.843951789761912166e-03 4.478133910224569572e-04 3.153221219162730170e-04
9.877855725954488575e-01 1.134272273075614436e-02 5.196454031554990048e-04 3.520592706396679554e-04
9.802860795324411791e-01 1.862985307388825146e-02 6.617481193642653055e-04 4.223192743062353796e-04
9.640765444719764377e-01 3.444653976596141753e-02 9.308532072934718165e-04 5.460625547684598395e-04
9.317536481892418898e-01 6.610910320104777804e-02 1.382340808589990018e-03 7.549078011207477302e-04
8.631126499294851095e-01 1.336879924980826362e-01 2.129566383733472353e-03 1.069791188698930454e-03
7.373706583470875930e-01 2.580422892559331993e-01 3.141747102703144889e-03 1.445305294276209764e-03
5.479402563021570360e-01 4.461043799909858998e-01 4.211228837800690822e-03 1.744134869056213543e-03
3.430900098842615265e-01 6.511321934816082235e-01 4.082059251419444153e-03 1.695737382710805650e-03
1.828081061812697750e-01 8.121922524530498233e-01 3.566862040420334685e-03 1.432779325260278040e-03
8.852938474158553173e-02 9.074536576779809183e-01 2.892743698061429978e-03 1.124213882372178787e-03
4.235156545624284979e-02 9.544667771454449223e-01 2.280488419294502550e-03 9.011689790175386305e-04
2.057589798396131792e-02 9.767674277403010086e-01 1.891466813681425907e-03 7.652074620561242178e-04
1.053174596495694282e-02 9.871534335197549304e-01 1.632188993261689388e-03 6.826315220262880318e-04
5.796203240559426317e-03 9.921825805820853050e-01 1.410420552856704981e-03 6.107956244982561903e-04
3.507098211945364197e-03 9.947148716563832815e-01 1.242725958895688409e-03 5.353041727757177877e-04
2.431560957763239088e-03 9.958555758247298328e-01 1.232184891272909092e-03 4.806783262340284064e-04
1.876920286602607769e-03 9.962561525944881868e-01 1.414925554779468712e-03 4.520015641297260036e-04
1.485612264779839417e-03 9.962564231037616125e-01 1.820656204774194487e-03 4.373084266843893942e-04
1.199619753186728557e-03 9.957103607934552070e-01 2.635951295490792951e-03 4.540681578673231807e-04
1.038538810802058831e-03 9.941122527080741289e-01 4.311507789418202695e-03 5.377006917054241719e-04
9.836308481391070006e-04 9.905853630162785306e-01 7.695990265694228546e-03 7.350158698884564018e-04
9.804559839790857965e-04 9.841955272604808735e-01 1.371259397608362920e-02 1.111422779456282218e-03
1.030365177457063901e-03 9.741176317645708904e-01 2.306803554118297753e-02 1.783967516789236422e-03
1.114896358380384166e-03 9.600763308573467825e-01 3.591894078001704044e-02 2.889832004255858851e-03
1.181343010301735873e-03 9.435008762806849081e-01 5.084423094791247488e-02 4.473549761100597752e-03
1.181048910205587847e-03 9.282887308276351890e-01 6.421557558595783477e-02 6.314644676201401630e-03
1.083027712619817834e-03 9.192004825387151135e-01 7.170065745077854047e-02 8.015832297886545804e-03
8.953318153008807054e-04 9.181008796316508791e-01 7.155739295781789189e-02 9.446395595230114989e-03
6.816688595946528021e-04 9.201801054467376728e-01 6.803494721362240982e-02 1.110327848004559123e-02
5.102217464283341193e-04 9.177994685475677761e-01 6.771933571096741544e-02 1.397097399503653518e-02
4.004998806750622968e-04 9.063007023532514417e-01 7.406161191556000223e-02 1.923718585051337193e-02
3.578761400951116999e-04 8.858457134557962132e-01 8.555759721193453848e-02 2.823881319217438207e-02
3.825571950296256449e-04 8.617247005230841417e-01 9.543191041095507032e-02 4.246083187093088046e-02
4.727049360493868792e-04 8.356935675757974913e-01 9.953060615500855524e-02 6.430312133314480816e-02
6.160531381393590878e-04 8.042022015011106584e-01 9.846056632578473189e-02 9.672117903496517399e-02
5.374930944823414370e-04 7.721825218590882001e-01 9.003797624873143002e-02 1.372420087976979897e-01
8.109028322430880936e-04 7.465713078833068339e-01 7.916587042170547539e-02 1.734519188627447195e-01
7.559811341867787382e-04 7.465647213103056012e-01 6.369492297539124104e-02 1.889843745801166319e-01
6.054032376814091855e-04 7.739802208048228715e-01 4.780270632763606448e-02 1.776116696298595810e-01
4.724389143739883014e-04 8.162854879846471734e-01 3.518980280924782766e-02 1.480522702917306810e-01
4.368516166979020368e-04 8.572310824949149755e-01 2.693599720504642400e-02 1.153960686833408467e-01
5.200807440317508365e-04 8.878725668251291614e-01 2.230165599964992890e-02 8.930569643118929646e-02
7.529142842978563425e-04 9.070876457452108355e-01 2.014382238759748062e-02 7.201561758289390380e-02
1.205731944936683621e-03 9.178153855211300671e-01 1.937526197730091160e-02 6.160362055663222425e-02
1.878816511186738071e-03 9.233543549221291391e-01 1.899714960295154770e-02 5.576967896373238170e-02
2.640292080994060230e-03 9.254760002994235624e-01 1.867013521260347045e-02 5.321357240697888180e-02
3.522684704293369603e-03 9.241932308310321087e-01 1.903515860383906202e-02 5.324892586083552343e-02
4.797115891247470156e-03 9.196258828419879849e-01 2.082754493287792066e-02 5.474945633388648286e-02
6.468989664136207476e-03 9.136312788844369592e-01 2.383591540639335218e-02 5.606381604503365285e-02
8.077528065035390753e-03 9.080926057910306826e-01 2.725736120101465709e-02 5.657250494291951592e-02
9.331579549746485749e-03 9.020031090323235023e-01 3.105485018910066411e-02 5.761046122882950565e-02
1.085037171896120235e-02 8.919259297593994384e-01 3.646271765919711222e-02 6.076098086244198504e-02
1.300405497233645888e-02 8.751161568128177359e-01 4.473486343035019963e-02 6.714492478449557433e-02
1.523234666556719415e-02 8.505870088504851045e-01 5.661176969729232733e-02 7.756887478665525082e-02
1.702957956664268718e-02 8.187364892741640920e-01 7.254656443479880201e-02 9.168736672439450897e-02
1.808342036619924043e-02 7.829216046601170653e-01 9.095301994459675798e-02 1.080419550290871861e-01
1.788567569959100684e-02 7.422411813719597129e-01 1.138691887037595191e-01 1.260039542246897126e-01
1.604726245509387195e-02 6.985133422407278081e-01 1.409416983994226935e-01 1.444976969047556958e-01
1.297589200313835518e-02 6.525216229411294755e-01 1.736896425924702447e-01 1.608128424632616904e-01
9.788888841317473083e-03 6.075589629021231897e-01 2.133255849200988985e-01 1.693265633364603451e-01
7.148221412861472182e-03 5.696815641236993022e-01 2.580807811611318670e-01 1.650894333023075200e-01
4.969039598879592366e-03 5.466799576509793201e-01 3.002236934002999180e-01 1.481273093498410298e-01
3.262953564909700042e-03 5.496677716136635361e-01 3.253449618946342436e-01 1.217243129267926438e-01
2.216379075712876165e-03 5.910748169733343049e-01 3.167076675243255535e-01 9.000113642662728453e-02
1.789395559671434028e-03 6.701250323466297898e-01 2.689976289189145997e-01 5.908794317478435754e-02
2.091412323175590414e-03 7.607214745360116881e-01 2.017238742756311543e-01 3.546323886518159413e-02
1.893845222591776165e-02 9.612969039037041474e-01 1.755859939621484331e-02 2.206044474162977866e-03
9.759644246375520638e-01 2.239397205278696734e-02 1.026956540071636594e-03 6.146467695894727119e-04
9.694308104507846080e-01 2.895904607493056740e-02 1.014656407710321949e-03 5.954870665744645955e-04
9.597011788053667614e-01 3.863752861153846307e-02 1.056651007895724687e-03 6.046415751992285795e-04
9.441685465487638096e-01 5.403753295648688892e-02 1.156650966756120856e-03 6.372695279929921960e-04
9.237410348003765037e-01 7.424866772173249752e-02 1.318004485420202956e-03 6.922929924708460169e-04
9.006150506950687529e-01 9.704703350843701948e-02 1.560425703358640694e-03 7.774900931356857258e-04
8.776654218092893034e-01 1.195690048970853570e-01 1.876951494444168951e-03 8.886217991812327219e-04
8.536855674305500186e-01 1.430264542299004016e-01 2.265714593230481935e-03 1.022263746319334058e-03
8.238387018169675002e-01 1.721762672611300560e-01 2.787839727922391923e-03 1.197191193979912655e-03
7.846040310331624523e-01 2.104367271830107078e-01 3.524575103817987904e-03 1.434666680008987293e-03
7.366506500952147984e-01 2.570092648834766402e-01 4.578097595774066955e-03 1.761987425534757836e-03
6.840264410319245592e-01 3.076548517050542997e-01 6.096056125346215049e-03 2.222651137674879276e-03
6.290098639680751225e-01 3.598301995041505719e-01 8.286010966626745564e-03 2.873925561147528448e-03
5.733030488824090165e-01 4.113701756081014071e-01 1.150981029614854892e-02 3.816965213341267250e-03
5.210141933508745105e-01 4.574065158899266459e-01 1.634274631034720801e-02 5.236544448851740592e-03
4.701054806703968136e-01 4.993054165789919119e-01 2.326833065119350563e-02 7.320772099417716811e-03
4.162222816636673706e-01 5.411061960352497868e-01 3.247418825717617030e-02 1.019733404390673476e-02
3.619196713594973192e-01 5.801961418384158353e-01 4.393544418697597348e-02 1.394874261511077837e-02
3.124155909765131689e-01 6.110612875955852008e-01 5.779757656485456918e-02 1.872554486304717908e-02
2.681697434795809465e-01 6.323274796232770667e-01 7.472642500360217321e-02 2.477635189353980666e-02
2.314134021046952150e-01 6.400229108713986204e-01 9.648638305365950241e-02 3.207730397024670388e-02
2.020962131185261579e-01 6.363954654887419293e-01 1.222660178839005962e-01 3.924230350883134433e-02
1.800058212360240162e-01 6.298179583899019551e-01 1.464392356980325494e-01 4.373698467604134749e-02
1.658347582331539394e-01 6.276863396804603923e-01 1.625392483458777126e-01 4.393965374050803202e-02
1.573098033669537155e-01 6.336934422919529020e-01 1.685964183190064580e-01 4.040033602208688290e-02
1.508387351314313951e-01 6.474868844484876762e-01 1.668157851150872395e-01 3.485859530499394593e-02
1.446446176586685117e-01 6.664829884691928497e-01 1.600546353134472133e-01 2.881775855869106104e-02
1.375496542895399132e-01 6.900314273944938570e-01 1.494371955115885442e-01 2.298172280437782780e-02
1.277555774337181815e-01 7.173882701167840770e-01 1.370693096184607829e-01 1.778684283103698638e-02
1.153829770440560898e-01 7.428396855160984691e-01 1.280268240428838467e-01 1.375051339696126661e-02
1.049475961446672684e-01 7.578689298151684017e-01 1.260657601283943496e-01 1.111771391177001321e-02
9.776673003304001131e-02 7.635078998154385399e-01 1.291960808017572904e-01 9.529289349763981481e-03
9.086697272457336383e-02 7.705315803341434844e-01 1.302577049601162940e-01 8.343741981166660077e-03
8.256405460950831665e-02 7.853767112447876952e-01 1.248591772440545838e-01 7.200056901649373037e-03
7.201375897188547204e-02 8.072673074282640249e-01 1.146625298039977980e-01 6.056403795852891535e-03
5.900827640317712897e-02 8.327467135444559521e-01 1.031999704974260468e-01 5.045039554940891277e-03
4.642115285446059975e-02 8.566808156625992376e-01 9.244777559534046729e-02 4.450255887599417759e-03
3.732296346200145859e-02 8.754466281188963972e-01 8.272180428531480945e-02 4.508604133787398952e-03
2.813764285616860220e-02 8.939091059378987403e-01 7.292154272698685158e-02 5.031708478945706199e-03
1.936859605165157719e-02 9.125149039240298965e-01 6.231580563182079202e-02 5.800694392497604199e-03
1.186429500154352092e-02 9.310898677319124905e-01 5.047100373671683377e-02 6.574833529827153918e-03
6.467538850864570747e-03 9.486452329203581835e-01 3.772718803573725521e-02 7.160040193040385220e-03
3.301527196456902243e-03 9.631370364505165149e-01 2.605763709027795680e-02 7.503799262748670276e-03
1.671204316931936993e-03 9.733239844047816280e-01 1.735036957715748937e-02 7.654441701128987877e-03
8.572215943706490773e-04 9.798579565801075475e-01 1.164049363143606838e-02 7.644328194085608409e-03
4.447262995369312259e-04 9.845809284168831610e-01 7.696046515236352505e-03 7.278298768343611710e-03
2.343860813234076182e-04 9.886778054960382311e-01 4.740596724843637068e-03 6.347211697794776127e-03
2.062073129380867728e-05 9.925457962315925586e-01 2.181510403883932161e-03 5.252072633229766356e-03
1.321982947330969443e-05 9.940213777508536408e-01 1.398413990067839605e-03 4.566988429605443357e-03
8.935331482756503214e-06 9.951086217991044203e-01 9.255329966337268958e-04 3.956909872778979070e-03
6.490591688910301732e-06 9.958522909099521980e-01 6.909281024548739533e-04 3.450290395904150997e-03
5.522531497177128430e-06 9.961732114646106861e-01 6.402680581262238215e-04 3.180997945765901436e-03
5.955695661920675510e-06 9.960026258506712304e-01 7.594490619631298709e-04 3.231969391703692386e-03
8.559207305252425840e-06 9.951730957936383293e-01 1.126928556942944368e-03 3.691416442113362728e-03
1.534350726336557806e-05 9.935203373769386781e-01 1.895690456266145964e-03 4.568628659531851800e-03
3.338300409921068516e-05 9.904819300986524855e-01 3.457202099302176656e-03 6.027484797946033521e-03
3.047462648145151504e-04 9.822488307922424555e-01 8.448468607575580769e-03 8.997954335367550419e-03
6.718730798756629647e-04 9.665613305260961630e-01 1.843102320890975532e-02 1.433577318511840802e-02
1.412455275409082436e-03 9.349945837369075807e-01 4.051973563374385023e-02 2.307322535393969976e-02
2.837852651062974015e-03 8.762501867320185989e-01 8.558448097943692490e-02 3.532747963748155556e-02
5.389446021695058937e-03 7.767295520037857948e-01 1.681542049325109589e-01 4.972679704200794887e-02
8.909502023937495782e-03 6.297018763631080374e-01 2.987380077767447517e-01 6.265061383620984525e-02
1.175607646942516092e-02 4.595957042810379090e-01 4.602070948135712491e-01 6.844112443596588047e-02
1.298229958428080873e-02 3.088855537299583509e-01 6.130303687970347637e-01 6.510177788872639759e-02
1.334902812187306088e-02 2.067201570823498369e-01 7.229804926777544383e-01 5.695032211802251998e-02
1.377840902009426320e-02 1.490788491154675377e-01 7.870068858973451320e-01 5.013585596709273229e-02
1.460613986444692092e-02 1.182164370684026800e-01 8.202943936955628956e-01 4.688302937158755207e-02
1.586688200525211007e-02 1.020490334738951010e-01 8.347278671365073732e-01 4.735621738434543648e-02
1.714591117774750401e-02 9.255958179326863322e-02 8.392788819173547799e-01 5.101562511162913843e-02
1.911798461455990056e-02 8.829110091534059235e-02 8.364517279701146890e-01 5.613918649998490829e-02
2.261354351087060607e-02 8.892960084450300673e-02 8.279109193441508419e-01 6.054593630047554187e-02
3.012824963087957220e-01 3.161643374149070151e-01 3.656463840766261408e-01 1.690678219967068144e-02
4.686961837156876642e-01 3.879556934494265974e-01 9.933020592429865625e-02 4.401791691058672823e-02
3.136287221142434190e-01 4.810459250339738646e-01 1.360266180022400850e-01 6.929873484954277019e-02
1.930086296397982570e-01 5.395171783494945306e-01 1.654072061397392768e-01 1.020669858709680189e-01
1.138870315053516907e-01 5.588670172137577552e-01 1.824796647891861190e-01 1.447662864917040049e-01
6.506873240108541900e-02 5.533687216114785423e-01 1.845312644405223967e-01 1.970312815469134893e-01
3.566437551749600254e-02 5.389624861528036215e-01 1.740892857198938770e-01 2.512838526098066794e-01
1.947074545794030484e-02 5.259901802534291404e-01 1.589684711165277042e-01 2.955706031721027638e-01
1.122559862320174698e-02 5.101332323692190363e-01 1.462207873351998866e-01 3.324203816723791394e-01
6.958268753539403710e-03 4.764129403258645090e-01 1.388637266932438996e-01 3.777650642273523429e-01
4.514880890194622638e-03 4.203647770098544179e-01 1.333396005547828889e-01 4.417807415451678876e-01
2.887814417181110670e-03 3.531352104261724634e-01 1.218523863453410822e-01 5.221245888113056344e-01
1.802461105453998826e-03 2.878295644127170094e-01 1.021648473805534946e-01 6.082031271012756646e-01
1.201083181257146587e-03 2.236828360110677538e-01 8.175059676849481816e-02 6.933654840391800800e-01
9.179917181478318379e-04 1.586848136055284408e-01 6.726177576777546407e-02 7.731354189085485329e-01
7.571080036084017065e-04 9.970620182441368440e-02 5.838983470315782520e-02 8.411468554688201760e-01
5.934129173348132299e-04 5.538304477073324739e-02 5.387768419030802142e-02 8.901458581216238342e-01
4.290987363079678749e-04 2.916637051335231948e-02 5.783791864783732750e-02 9.125666121025022282e-01
3.200380974875933842e-04 1.602622775883683418e-02 7.180072536692681806e-02 9.118530087767490189e-01
2.710198613199723237e-04 9.894456959112066935e-03 9.124473653657673433e-02 8.985897866429911618e-01
2.659657943273309672e-04 7.178382240123603805e-03 1.112362654036630205e-01 8.813193865618859091e-01
2.808836687775864249e-04 5.863565805204226482e-03 1.224833557298964509e-01 8.713721947961217129e-01
2.949215298204087548e-04 5.112104469195702383e-03 1.177158663917093617e-01 8.768771076092750638e-01
3.088874349679992127e-04 4.910649417355278379e-03 1.053232468524089582e-01 8.894572162952679717e-01
3.246151414100985236e-04 5.324639060803319779e-03 9.690222924017775907e-02 8.974485165576088219e-01
3.464006183626571573e-04 6.440372279011645149e-03 9.874662164560923938e-02 8.944666054570167280e-01
3.764220401590068796e-04 8.487426793259516405e-03 1.121328821622829264e-01 8.790032690042988150e-01
4.101648710405027720e-04 1.199929282039389859e-02 1.344753464693737854e-01 8.531151958391915979e-01
4.605430212638160102e-04 1.868532773045012904e-02 1.658121916214428948e-01 8.150419376268429605e-01
5.588117958240755708e-04 3.311742830497366868e-02 2.097305767798529341e-01 7.565931831193495327e-01
7.371917794402545231e-04 6.556637983251857593e-02 2.606793857937013681e-01 6.730170425943398094e-01
8.528992762924684579e-04 1.347552806886100074e-01 2.971549883938244818e-01 5.672368316412735867e-01
1.338583448456459428e-03 2.733689804044039939e-01 2.840845725961178014e-01 4.412078635510220392e-01
1.803115491672512049e-03 4.953941480655715823e-01 2.126220518612390586e-01 2.901806845815169678e-01
1.559040908072892306e-03 7.328981431479961728e-01 1.214402812405025178e-01 1.441025347034285975e-01
1.008083169798250443e-03 8.878149410260118835e-01 5.677954868172348929e-02 5.439742712246636164e-02
6.285823146668572748e-04 9.588290095332510088e-01 2.338724778449126004e-02 1.715516036759089785e-02
7.840943220080821092e-05 9.854136085850211391e-01 9.290734496258569106e-03 5.217247486519489136e-03
1.464893316832970216e-05 9.938088595841453321e-01 4.416413353256105033e-03 1.760078129430318666e-03
4.025111218363627479e-06 9.968735447992407295e-01 2.396308399155778080e-03 7.261216903853174188e-04
1.671769686944400198e-06 9.981099772914413526e-01 1.507341279207445291e-03 3.810096596643675884e-04
9.874943422042284163e-07 9.986720859785683801e-01 1.079646249129770710e-03 2.472802779596417985e-04
7.077890578320327689e-07 9.989909883906277210e-01 8.250228095403396196e-04 1.832810107741017264e-04
5.135902347667999585e-07 9.992358095040362320e-01 6.189748338683337577e-04 1.447020718605479734e-04
3.539826684485876305e-07 9.994276518733778980e-01 4.509675490284682309e-04 1.210265949254990721e-04
2.415797683637838447e-07 9.995485935673490419e-01 3.398161944907580802e-04 1.113486583919125682e-04
1.854281852305310220e-07 9.995930619822688268e-01 2.880877671488141678e-04 1.186648223971674567e-04
1.998657760209439013e-07 9.995440124224138634e-01 2.996913700724486928e-04 1.560963417377303356e-04
3.405128879791551186e-07 9.993531228553296231e-01 3.892129231957313956e-04 2.573237085865729377e-04
8.792788345768899751e-07 9.988920349394851961e-01 5.953615139925283158e-04 5.117242676876483827e-04
3.190810371574817779e-06 9.978096602986931130e-01 1.006055054396000131e-03 1.181093836539339349e-03
5.779915215182449603e-04 9.938739701458002562e-01 2.418882631548555442e-03 3.129155701132909761e-03
9.330632077335280052e-04 9.862034423747341183e-01 4.801587940480515036e-03 8.061906477051818815e-03
1.535862825467964416e-03 9.695472027537043180e-01 9.197744641331211113e-03 1.971918977949649668e-02
2.607315256628190293e-03 9.352610840669084435e-01 1.684584471383684945e-02 4.528575596262660041e-02
4.244295526660455189e-03 8.718088889836885791e-01 2.861662392507961783e-02 9.533019156457139820e-02
6.156619335021402441e-03 7.767789299539213932e-01 4.340446140179755191e-02 1.736599893092596325e-01
8.333366929114642899e-03 6.670583828641754032e-01 6.020236435729881680e-02 2.644058858494110487e-01
1.102321569052513474e-02 5.687347144295149537e-01 8.017062532036957345e-02 3.400714445595903745e-01
1.460888915160200516e-02 4.970995614608277324e-01 1.059606256845298383e-01 3.823309237030406704e-01
1.961792453949340320e-02 4.583620672031716303e-01 1.376989147393321011e-01 3.843210935180027543e-01
2.763425487292218638e-02 4.484322739311022432e-01 1.759106922138424789e-01 3.480227789821331297e-01
3.745412275040919253e-02 4.593428932184985269e-01 2.151491542206535323e-01 2.880538298104390882e-01
4.704834608234321341e-02 4.756554006635290155e-01 2.528697382186236298e-01 2.244265150355043148e-01
5.388965281295210463e-02 4.862490141205934036e-01 2.903726660293824424e-01 1.694886670370721327e-01
5.908981131429132810e-02 4.809414769504972154e-01 3.334122371799550510e-01 1.265564745552563430e-01
6.314609955167321820e-02 4.624767890292962313e-01 3.801635986358904984e-01 9.421351278314014921e-02
6.758673372276527425e-02 4.430589427119314694e-01 4.185876159963635712e-01 7.076670756893954639e-02
7.189610952499422836e-02 4.291715187766694806e-01 4.441726551556465785e-01 5.475971654268951133e-02
7.397756452016740480e-02 4.204938772489889565e-01 4.618238722543299701e-01 4.370468597651368942e-02
7.525591781337033492e-02 4.170294769665872647e-01 4.712671373916288986e-01 3.644746782841314786e-02
7.809375301371791755e-02 4.184352242645659747e-01 4.706550345742039343e-01 3.281598814751162524e-02
1.146738370711265428e-02 3.126799908056914629e-02 6.210753485315049227e-01 3.361892686808127806e-01
9.437298652231136398e-01 4.431778292418742798e-02 8.079219822378263041e-03 3.873132030320725581e-03
9.440460029565009847e-01 4.466852236319588526e-02 7.637754896642173774e-03 3.647719783661056408e-03
9.426120023414541471e-01 4.656646344479006827e-02 7.346799558228711731e-03 3.474734655527118420e-03
9.392095584663074925e-01 5.021260438124086622e-02 7.221235460073378160e-03 3.356601692378321199e-03
9.332970989423325925e-01 5.604490737127091476e-02 7.337664559290035977e-03 3.320329127106618969e-03
9.242444855594027509e-01 6.456241281003725907e-02 7.795355409465336109e-03 3.397746221095004817e-03
9.116359177614218323e-01 7.607689921948829204e-02 8.680393175141387294e-03 3.606789843948640141e-03
8.952891209079839596e-01 9.070217354106198393e-02 1.006080821179741215e-02 3.947897339156667719e-03
8.745259572107619839e-01 1.089754155152994480e-01 1.206598953322023278e-02 4.432637740718343988e-03
8.490278648205886736e-01 1.310308967943626945e-01 1.486968134640250828e-02 5.071557038645850383e-03
8.191173494235080010e-01 1.562944712258467206e-01 1.870885573358919626e-02 5.879323617056247779e-03
7.852188216901846429e-01 1.839538288528889676e-01 2.393695338105990625e-02 6.890396075866752137e-03
7.468468666326556482e-01 2.138623126924272810e-01 3.111827183575209543e-02 8.172548839164841747e-03
7.014543247990450148e-01 2.474312263153676250e-01 4.125974366991096848e-02 9.854705215676426433e-03
6.461871273089858647e-01 2.857470462406082046e-01 5.595244362903952634e-02 1.211338282136624651e-02
5.808985692883842367e-01 3.269424245384792704e-01 7.711726800614510102e-02 1.504173816699124443e-02
5.044120221045085284e-01 3.697837996864467014e-01 1.072285030813625445e-01 1.857567512768220491e-02
4.219363450732443455e-01 4.051880936906420150e-01 1.502404475473776146e-01 2.263511368873604920e-02
3.379776823141995012e-01 4.231850751147300249e-01 2.117044116778696305e-01 2.713283089320085717e-02
2.552750604152606573e-01 4.150635745530201759e-01 2.978397407294710586e-01 3.182162430224819150e-02
1.802357504191987314e-01 3.713589474237163901e-01 4.123293914890809875e-01 3.607591066800348162e-02
1.177799524796206976e-01 2.968098334217416090e-01 5.467011239598822403e-01 3.870909013875536292e-02
6.886305210799542609e-02 2.125254958152196227e-01 6.798561982840836126e-01 3.875525379270115811e-02
3.717523303565029025e-02 1.385342071353819204e-01 7.877906370099395650e-01 3.649992281902855046e-02
1.966471132027667809e-02 8.647875702370637352e-02 8.615406535644146713e-01 3.231587809160198221e-02
1.092144025647902653e-02 5.525406828750621668e-02 9.073295006607630109e-01 2.649499079525200959e-02
6.797301915196397350e-03 3.831138894133191697e-02 9.347460977786008485e-01 2.014521136487075134e-02
4.838291251487628238e-03 3.081173579370074037e-02 9.493114857123657879e-01 1.503848724244605251e-02
4.363750988238799394e-03 2.816400407764931349e-02 9.557745637002993400e-01 1.169768123381291144e-02
4.619220075882063924e-03 3.009810640405565646e-02 9.552586712102933975e-01 1.002400230976895242e-02
5.408541711864899709e-03 3.565957867563339379e-02 9.495671263806073625e-01 9.364753231894350910e-03
7.627671232957739834e-03 4.557493669651881130e-02 9.372808437754877042e-01 9.516548295035748978e-03
1.089180872573198081e-02 6.060762561593383002e-02 9.182657666630023030e-01 1.023479899533150973e-02
1.616486137270825921e-02 8.014698424671194699e-02 8.923549285112101215e-01 1.133322586936958212e-02
2.320355820579948769e-02 1.000624516070135056e-01 8.642808737790809159e-01 1.245311640810611332e-02
3.113137911535041394e-02 1.162240437698166262e-01 8.392417787945821717e-01 1.340279832025091482e-02
3.955761638343687631e-02 1.295983941718528432e-01 8.165491210959131552e-01 1.429486834879726241e-02
4.948836450940295034e-02 1.459498364006758531e-01 7.891641191533602662e-01 1.539767993656072746e-02
6.227543848662382003e-02 1.697870495592248286e-01 7.511451035038150259e-01 1.679240845033615898e-02
7.788933674852770161e-02 2.005943552417356612e-01 7.032639469941277532e-01 1.825236101560893248e-02
9.468260211240493718e-02 2.344563237016736856e-01 6.513963083658098618e-01 1.946476582011155698e-02
1.107869337368195123e-01 2.679940479357464378e-01 6.009743131914685454e-01 2.024470513596566060e-02
1.247483964213837865e-01 2.991078656897381838e-01 5.556261226630559991e-01 2.051761522582155883e-02
1.349882580372021024e-01 3.255743861251829130e-01 5.191256604812597431e-01 2.031169535635526588e-02
1.446787172592956250e-01 3.425834444817950075e-01 4.928388869625548452e-01 1.989895129635420312e-02
1.541016591494082377e-01 3.504258201103806480e-01 4.760968597724973272e-01 1.937566096771379046e-02
1.636868037040981605e-01 3.500958106852952167e-01 4.673792960654886697e-01 1.883808954511772410e-02
1.724095096756197432e-01 3.421271708258827871e-01 4.671053048855263734e-01 1.835801461297115536e-02
1.797625327274285645e-01 3.276487940632851203e-01 4.745840855134601521e-01 1.800458769582631915e-02
1.871590504561685131e-01 3.090079442518542940e-01 4.859661048679295159e-01 1.786690042404780535e-02
1.966461699014762921e-01 2.882810499690422468e-01 4.970216455632286423e-01 1.805113456625262805e-02
2.087140873256511098e-01 2.660239716090240236e-01 5.066014342359249634e-01 1.866050682940019120e-02
2.217374545613762793e-01 2.412323287326283150e-01 5.173080987508359430e-01 1.972211795515935520e-02
2.305009642916582002e-01 2.175500775140467302e-01 5.307652392428583443e-01 2.118371895143673217e-02
2.358184179641863998e-01 1.959582584623885404e-01 5.451697752356243765e-01 2.305354833780052376e-02
2.381851756612771986e-01 1.792840600729045109e-01 5.573434955554357195e-01 2.518726871038278609e-02
2.402186517853518166e-01 1.690868433845683638e-01 5.632710411398937911e-01 2.742346369018600072e-02
2.432259189979526781e-01 1.641422083374640684e-01 5.630285169472133422e-01 2.960335571737005358e-02
2.465356106253420165e-01 1.623674878330416682e-01 5.595332339589094151e-01 3.156366758270681694e-02
2.499397441324714420e-01 1.624837023058331997e-01 5.543385177168722588e-01 3.323803584482319662e-02
2.520232476354766771e-01 1.628815447953064488e-01 5.504833642093751589e-01 3.461184335984229810e-02
2.493231617661455513e-01 1.609237434772837205e-01 5.541445235815906090e-01 3.560857117498004293e-02
2.392418729622607099e-01 1.543784074295577180e-01 5.703303181937821043e-01 3.604940141439973850e-02
2.228707299432529376e-01 1.437430445203713991e-01 5.976892762992894736e-01 3.569694923708589818e-02
2.031002240582091001e-01 1.320833516729629786e-01 6.304866517216630717e-01 3.432977254716459287e-02
1.805082135122032250e-01 1.211464617980604758e-01 6.666330530046801206e-01 3.171227168505628274e-02
1.543870327956215205e-01 1.102631689739670268e-01 7.075631742379425715e-01 2.778662399246891943e-02
1.279636360992387201e-01 9.991326156049067098e-02 7.489167959163901545e-01 2.320630642388037124e-02
1.056031611438382756e-01 9.146319750525394587e-02 7.840362186227324282e-01 1.889742272817529489e-02
8.689631747364640058e-02 8.336934284688386765e-02 8.145437399289475744e-01 1.519059975052193014e-02
7.150734709833768410e-02 7.427954188781472900e-02 8.419159257588872958e-01 1.229718525496009858e-02
5.450726228939073133e-04 9.791042150681035228e-01 2.341671446826250943e-03 1.800904086217654243e-02
4.247198516950615875e-04 9.858088660185356789e-01 1.832578232305863853e-03 1.193383589746336085e-02
2.816903124852775304e-05 9.924212687386821941e-01 6.176895633423060052e-04 6.932872666726846989e-03
8.599827752389865653e-06 9.959373433235790829e-01 3.807772330613829132e-04 3.673279615607261562e-03
2.447186701573500156e-06 9.979025630818797454e-01 2.424611578705902933e-04 1.852528573548129767e-03
6.888610805045708984e-07 9.989310452822671715e-01 1.620287088549654628e-04 9.062371477974377580e-04
1.928201126379468990e-07 9.994667217893206113e-01 1.099805394988706406e-04 4.231048510677609090e-04
5.459599067336229942e-08 9.997433439002686439e-01 7.107042532536338479e-05 1.855310784152562045e-04
1.754012211349672665e-08 9.998770192689188097e-01 4.300029118470275526e-05 7.996289977458351250e-05
7.219153064296813492e-09 9.999374602558083192e-01 2.569376295211739690e-05 3.683876208639015045e-05
4.295776465071062773e-09 9.999631381654707774e-01 1.683074736998907683e-05 2.002679138283781609e-05
4.105577218142476832e-09 9.999728771165945496e-01 1.335635856729536619e-05 1.376241926113390070e-05
6.116164535014505170e-09 9.999751741043007014e-01 1.305139222996391901e-05 1.176838730475013021e-05
1.339317014489204725e-08 9.999726590239516044e-01 1.524785417070028251e-05 1.207972870747451865e-05
4.104357713467005378e-08 9.999652334849277180e-01 2.030613462098544583e-05 1.441933687418944473e-05
1.654671975306411889e-07 9.999514305653559587e-01 2.920994463001265039e-05 1.919402281628313021e-05
7.879769778044174871e-07 9.999283241766490082e-01 4.354505757544545292e-05 2.734278879756115010e-05
1.421734970820395230e-03 9.980636098148492064e-01 3.277553579536403023e-04 1.868998563767514142e-04
3.130579576354080434e-03 9.960636715087045623e-01 5.281497790289215594e-04 2.775991359123454070e-04
5.962630489440757034e-03 9.929802071490572146e-01 7.055659514762527241e-04 3.515964100258106399e-04
1.027030803334532186e-02 9.884506117130976710e-01 8.641043902251709487e-04 4.149758633315851395e-04
1.644586596894262800e-02 9.820390777236945867e-01 1.032416959080088761e-03 4.826393482825944809e-04
2.432360365460905019e-02 9.738999417357900867e-01 1.218607006126761448e-03 5.578476034740172725e-04
9.712420272375812402e-01 2.643102528333063708e-02 1.650073870134620554e-03 6.768736089534601761e-04
9.591783855514727231e-01 3.785074950178679565e-02 2.158263576129418153e-03 8.126013706112646942e-04
9.414393490937981168e-01 5.453277967664164894e-02 2.996131296418822615e-03 1.031739933141482754e-03
9.098735235102948238e-01 8.421180301481667740e-02 4.511698467315860238e-03 1.402975007572924808e-03
8.582017170760255498e-01 1.325795825865060673e-01 7.211067343145257692e-03 2.007632994322907510e-03
7.784463777498744630e-01 2.067259808787880737e-01 1.188033011721150063e-02 2.947311254125648244e-03
6.693629005864510928e-01 3.070470292750694385e-01 1.930996891572800064e-02 4.280101222751635411e-03
5.418321152885970937e-01 4.225677842429187425e-01 2.967283277840319575e-02 5.927267690080722552e-03
4.164952026907992599e-01 5.336110998228270619e-01 4.219587559050588799e-02 7.697821895867865659e-03
3.116782631329095277e-01 6.233385045649424416e-01 5.558581739690936913e-02 9.397414905238531471e-03
2.315569799385041316e-01 6.887754237028627102e-01 6.879009944097198848e-02 1.087749691766113150e-02
1.664907208009452910e-01 7.412894910248324365e-01 8.044109761824574933e-02 1.177869055597663590e-02
1.177817852270164889e-01 7.789338929614272322e-01 9.121777321028640140e-02 1.206654860126985321e-02
8.284714265633971730e-02 8.047143512884636918e-01 1.007313843423575661e-01 1.170712171283897797e-02
6.025067027563535405e-02 8.187637249147790008e-01 1.100349454694507234e-01 1.095065934013536753e-02
4.374215318789196477e-02 8.240216429140347909e-01 1.224613565182748748e-01 9.774847379798294947e-03
3.285738228419930740e-02 8.160066823631574318e-01 1.424761472861478806e-01 8.659788066495392386e-03
2.521840021826486991e-02 7.959717995441305538e-01 1.711330788803543668e-01 7.676721357250087217e-03
1.975172208750702180e-02 7.696523102626486867e-01 2.037051665343665996e-01 6.890801115477603392e-03
1.565576767935134006e-02 7.455865035395863316e-01 2.324595420582862837e-01 6.298186722776158257e-03
1.260884592724142821e-02 7.318336880240264852e-01 2.496619745669595158e-01 5.895491481772580263e-03
9.972492513507479062e-03 7.330315105778675289e-01 2.513535402986795120e-01 5.642456609945909439e-03
8.529151343034132790e-03 7.443003884063051911e-01 2.415571621954309134e-01 5.613298055229765278e-03
7.388871686765429228e-03 7.558656760350556114e-01 2.308854754697553524e-01 5.859976808423425672e-03
6.474893633310683204e-03 7.613848473786150040e-01 2.256003644974599875e-01 6.539894490614577699e-03
5.751605702785298618e-03 7.644800344470065179e-01 2.220320941055533848e-01 7.736265744654879407e-03
5.191969859272037476e-03 7.722672563612634766e-01 2.131583029220893710e-01 9.382470857375119211e-03
4.887343114207290916e-03 7.845825571924723851e-01 1.991350504109670183e-01 1.139504928235305151e-02
4.805149552879826001e-03 7.966043647500169467e-01 1.848741949429502096e-01 1.371629075415268031e-02
4.873465195819303916e-03 8.084404375636750073e-01 1.704794396302679871e-01 1.620665761023748139e-02
5.117733673619495431e-03 8.209450842050951547e-01 1.555026319801985912e-01 1.843455014108684453e-02
5.649605572925025382e-03 8.333801858318813371e-01 1.412729999916108314e-01 1.969720860358277481e-02
6.718339178819946085e-03 8.458443171966122387e-01 1.278080012665840925e-01 1.962934235798341476e-02
8.972448515324943363e-03 8.580004059458625765e-01 1.144999002002080463e-01 1.852724533860440614e-02
1.144032989647370338e-02 8.705293329438205108e-01 1.012009274405990117e-01 1.682940971910670130e-02
1.405574515731488477e-02 8.826462973611245433e-01 8.843373414840585700e-02 1.486422333315464556e-02
1.797723425358531066e-02 8.920931771161638713e-01 7.698736366547626053e-02 1.294222496477448123e-02
2.272896408585215258e-02 8.989197751996313990e-01 6.712878257264001669e-02 1.122247814187657053e-02
2.883903170698262977e-02 9.017448972810730989e-01 5.945397622431339291e-02 9.962094787631046652e-03
3.542185433623162849e-02 9.011215886166442646e-01 5.436962110738933346e-02 9.086935939734393577e-03
4.302560905083648024e-02 8.973378396743763030e-01 5.113130382428084791e-02 8.505247450506707094e-03
5.032307078833340996e-02 8.932011241860384754e-01 4.853326078741274779e-02 7.942544238215307889e-03
5.649009539204879332e-02 8.905959688293608734e-01 4.561026595676342943e-02 7.303669821826830159e-03
6.038792331162572136e-02 8.911849309718127277e-01 4.187578990580583665e-02 6.551355810755610243e-03
6.128143186496450706e-02 8.957599611305518961e-01 3.725695828645247953e-02 5.701648718031400095e-03
6.089554656621082307e-02 9.019456241113760209e-01 3.226066978221152348e-02 4.898159540201670742e-03
6.045414611015664796e-02 9.079712391786556314e-01 2.735011693016498394e-02 4.224497781022928423e-03
5.527872208512239066e-02 9.192730732753995326e-01 2.199330213215742666e-02 3.454902507320942780e-03
4.670300093302499206e-02 9.337722946598644436e-01 1.684861566580987680e-02 2.676088741300817250e-03
3.659609002445159132e-02 9.491227894000269227e-01 1.232899149778802356e-02 1.952129077733710458e-03
2.742228541903686187e-02 9.623801398936552287e-01 8.822573948589719148e-03 1.375000738718173358e-03
2.078675352883084873e-02 9.717601759352041402e-01 6.464610856948217223e-03 9.884596790166151961e-04
1.659991187065968862e-02 9.776171387704962745e-01 5.024003628127625409e-03 7.589457307163075764e-04
1.407654349032008353e-02 9.811236641023821647e-01 4.169075868626468881e-03 6.307165386712107425e-04
1.267641837421081691e-02 9.830894260148014263e-01 3.669313421042437462e-03 5.648421899453816590e-04
1.195306366317599144e-02 9.841642260337315484e-01 3.350964621035706480e-03 5.317456820568306364e-04
1.145670753067910309e-02 9.849615730480014708e-01 3.074183011731623349e-03 5.075364095879316599e-04
1.079497718934714114e-02 9.859734434234708189e-01 2.754298650939035822e-03 4.772807362431068018e-04
9.952484627250738486e-03 9.871918788080522589e-01 2.412075905124768174e-03 4.435606595724208927e-04
9.180166143219335717e-03 9.882825082809710837e-01 2.120558454946909390e-03 4.167671208624945081e-04
8.477291822834341975e-03 9.892364807113097624e-01 1.890658899678229841e-03 3.955685661774722061e-04
8.032298407408905438e-03 9.898379526978888787e-01 1.745784086916484868e-03 3.839648077857175869e-04
8.177202270314064270e-03 9.897018304736674432e-01 1.728617349420966771e-03 3.923499065976982338e-04
9.390322593606476032e-03 9.882838059723345614e-01 1.889602511559673086e-03 4.362689224993153447e-04
1.260879694488694670e-02 9.845621062891221076e-01 2.290915193246768986e-03 5.381815727441628498e-04
1.901755931656796614e-02 9.773478754742610519e-01 2.927234854522449241e-03 7.073303546482991640e-04
2.950530949935997391e-02 9.659124257492632815e-01 3.659462914553217924e-03 9.228018368235620539e-04
4.442333834029962153e-02 9.501082127189963700e-01 4.318682825346738773e-03 1.149766115357437127e-03
6.332487218758610370e-02 9.305263842072333258e-01 4.793437990617609862e-03 1.355305614563117635e-03
8.601494541054127696e-02 9.073720669473012146e-01 5.084073202122636054e-03 1.528914440034612405e-03
1.134690548514607489e-01 8.795649416990771741e-01 5.282168614269004865e-03 1.683834835193192755e-03
1.487473001597434119e-01 8.440486662936187434e-01 5.382777651569021007e-03 1.821255895068848388e-03
1.867353321228653051e-01 8.058054589305446713e-01 5.516967644254385308e-03 1.942241302335768983e-03
2.259990258154316034e-01 7.663473359393720985e-01 5.622704976621836423e-03 2.030933268574246567e-03
2.656113397114709396e-01 7.265921610524714858e-01 5.705318848194509442e-03 2.091180387862641953e-03
3.045112366532634618e-01 6.876086669488358227e-01 5.750845577241454377e-03 2.129250820659463195e-03
3.373564711153992923e-01 6.548031517370710430e-01 5.706874127466477278e-03 2.133503020063264553e-03
3.597559811832357068e-01 6.325807200847307632e-01 5.567115048367567848e-03 2.096183683665747872e-03
3.698395883614886137e-01 6.228244362943364809e-01 5.327939716102952396e-03 2.008035628072134694e-03
3.656903449213474988e-01 6.274840019048985029e-01 4.964086785446515486e-03 1.861566388307398651e-03
3.492460328052316987e-01 6.445692673860073940e-01 4.504109802270069886e-03 1.680590006490722058e-03
3.239953564905359018e-01 6.705316119409716613e-01 3.983267177316313079e-03 1.489764391176096481e-03
2.930777599493941676e-01 7.021552132470193497e-01 3.460562592771514959e-03 1.306464210815017806e-03
2.627586140754348265e-01 7.330288094202294102e-01 3.052511874674510711e-03 1.160064629661392835e-03
2.398216142932175499e-01 7.562719457246800392e-01 2.836014205382441505e-03 1.070425776720060080e-03
2.244372777463854995e-01 7.717621536877088406e-01 2.776142370519267717e-03 1.024426195386247702e-03
2.083850954589941684e-01 7.878868698724514896e-01 2.745860488223885072e-03 9.821741803305867723e-04
1.928271342170818636e-01 8.034320128529222060e-01 2.781377740621095076e-03 9.594751893750556740e-04
1.877628272949417310e-01 8.081880948897848249e-01 3.044388540221020997e-03 1.004689275052347884e-03
