3.883920533560630273e-01 6.013234878783094706e-01 6.523467240799900660e-03 3.760991524828016970e-03
9.915852789622509045e-01 7.136441260216011377e-03 7.706761597574286185e-04 5.076036177753818742e-04
9.924969141359577529e-01 6.467503515190470460e-03 6.143426371300645620e-04 4.212397117219067347e-04
9.929733571557989302e-01 6.155043295896608230e-03 5.102268500376579011e-04 3.613726982667617897e-04
9.927799458189330295e-01 6.427441952106963466e-03 4.608355050445030600e-04 3.317767239154880907e-04
9.916158402128250060e-01 7.584903202348054589e-03 4.658352369964253612e-04 3.334213478306447443e-04
9.889369098429383609e-01 1.017227978120961024e-02 5.254477865869079797e-04 3.653625892649998486e-04
9.835926765421970641e-01 1.533201606493589213e-02 6.470680336733682309e-04 4.282393591939397462e-04
9.726867448673616190e-01 2.589732910997404741e-02 8.760655639965096329e-04 5.398604586677579337e-04
9.515031868121857084e-01 4.647854535742650117e-02 1.285497701404344573e-03 7.327701289831183408e-04
9.070368355438938046e-01 8.995709964866821506e-02 1.970001069103797207e-03 1.036063738334173359e-03
8.212718460448109603e-01 1.743195358160165576e-01 2.965879991900418396e-03 1.442738147271924523e-03
6.746126833755557994e-01 3.193849992940481219e-01 4.146116997472754605e-03 1.856200332923157049e-03
4.779954760477885256e-01 5.152642364903996519e-01 4.693807364808452037e-03 2.046480097003293679e-03
2.874353090748738571e-01 7.060834052973271602e-01 4.554628677953988757e-03 1.926656949844970804e-03
1.536194359805762022e-01 8.408077084965716042e-01 3.931593291782228307e-03 1.641262231069841749e-03
7.787930485522585877e-02 9.173910105756052369e-01 3.343854424622231744e-03 1.385830144546606460e-03
4.001338811575545773e-02 9.558630527441900337e-01 2.883070131783796279e-03 1.240489008270333638e-03
2.156192023945322639e-02 9.746191848613712239e-01 2.630676804748176712e-03 1.188218094427315576e-03
1.254224866524571678e-02 9.838197160759680759e-01 2.458389453622574893e-03 1.179645805163607444e-03
7.974987969709254956e-03 9.885409027722522612e-01 2.313289265761193925e-03 1.170819992277417161e-03
5.687653516625029194e-03 9.908263924248338350e-01 2.304720042909900578e-03 1.181234015631524260e-03
4.415635256000440684e-03 9.918719146163624822e-01 2.491244010986021218e-03 1.221206116651057374e-03
3.461034616044404710e-03 9.923783415437151811e-01 2.886362731974211667e-03 1.274261108266304399e-03
2.741994791142424778e-03 9.921859668281152178e-01 3.669654001194604370e-03 1.402384379547903098e-03
2.302964531366765918e-03 9.907676112133035895e-01 5.203613079983247618e-03 1.725811175346445752e-03
2.090614604066360922e-03 9.875135732291775437e-01 7.995009938946548086e-03 2.400802227809800595e-03
1.997350870865307985e-03 9.821585457514253603e-01 1.224823833281709316e-02 3.595865044892382085e-03
2.010636742754861195e-03 9.747348618524634967e-01 1.780010377182360617e-02 5.454397632958255838e-03
2.073355524330482494e-03 9.657492861782819293e-01 2.417106118595708023e-02 8.006297111430214775e-03
2.087188901724680405e-03 9.567065082571948320e-01 3.015866836265803860e-02 1.104763447842237005e-02
1.978424138404790127e-03 9.505411318711185498e-01 3.354883842507129510e-02 1.393160556540539406e-02
1.718136331210238371e-03 9.500269103751766142e-01 3.234829677422736832e-02 1.590665651938554664e-02
1.345622649953037014e-03 9.546379515549228145e-01 2.715081301316519743e-02 1.686561278195920430e-02
9.617252010473453013e-04 9.599383109626318245e-01 2.135763422554331353e-02 1.774232961077764834e-02
6.615946415894529472e-04 9.612674496097338706e-01 1.778952680569551720e-02 2.028142894298131868e-02
4.656117272567852818e-04 9.559181880536711251e-01 1.691326348564225687e-02 2.670293673343004590e-02
3.600989935853460993e-04 9.420403244784200103e-01 1.779677444816878465e-02 3.980280207982567209e-02
3.222935946244234566e-04 9.178229755556340796e-01 1.883833414446411253e-02 6.301639670527738046e-02
3.467364728779913710e-04 8.791607775675202019e-01 1.927257047707073290e-02 1.012199154825311753e-01
5.031085158778559989e-04 8.219862577933382264e-01 1.949573854285141170e-02 1.580148951479323216e-01
3.795137747376507113e-04 7.568743526953729539e-01 1.953497106564976854e-02 2.232111624642398040e-01
3.861601028024866595e-04 7.084960046596689986e-01 1.850916257239610535e-02 2.726086726651325010e-01
3.657888314512097771e-04 6.970381485065632043e-01 1.614140328943657055e-02 2.864546593725488810e-01
3.512924990853239144e-04 7.265580483757890784e-01 1.322603288061587577e-02 2.598646262445101218e-01
3.602369782613989145e-04 7.817725600983335132e-01 1.065043602141265040e-02 2.072167669019923386e-01
5.548082238953637880e-04 8.382665617051012763e-01 8.776717098962088376e-03 1.524019129720411425e-01
5.390903847553119108e-04 8.801448609948244739e-01 7.940249846358694852e-03 1.113757987740615352e-01
7.166101987772220162e-04 9.048399314084530909e-01 8.008742814679781219e-03 8.643471557809022376e-02
1.127931333006605783e-03 9.171662222376506524e-01 8.778535806509418782e-03 7.292731062283319687e-02
1.802040427160034319e-03 9.218727177817036544e-01 9.865075709129563289e-03 6.646016608200677744e-02
2.679618240573684168e-03 9.214729910196675089e-01 1.110015656266475151e-02 6.474723417709424278e-02
3.854121280202731960e-03 9.166496092137580431e-01 1.298765520824031981e-02 6.650861429779893197e-02
6.221503018965236255e-03 9.079203192452125482e-01 1.620060553566918596e-02 6.965757220015335316e-02
8.794379610310810308e-03 8.992118373842066248e-01 2.043441795998633334e-02 7.155936504549602339e-02
1.129067264028322214e-02 8.923701110648976087e-01 2.468670502927149818e-02 7.165251126554748884e-02
1.323112804476641799e-02 8.860836903335579384e-01 2.864079137438030331e-02 7.204439024729543395e-02
1.480033490638669492e-02 8.771999775929173460e-01 3.362481170436287803e-02 7.437487579633299262e-02
1.764305400867842433e-02 8.622594386160046254e-01 4.036406239582021604e-02 7.973344497949692855e-02
2.026837102805654697e-02 8.406336042331647995e-01 4.972477345511781832e-02 8.937325128366092886e-02
2.201930975479139685e-02 8.126912828053072246e-01 6.189239246979056502e-02 1.033970149701105984e-01
2.307774534629133609e-02 7.804800986066424695e-01 7.543269380534378676e-02 1.210094622417227928e-01
2.225829136788645690e-02 7.435832129996901019e-01 9.211374304236590038e-02 1.420447525900573604e-01
1.965702155363369119e-02 7.027408522358626897e-01 1.118403988460072163e-01 1.657617273644963196e-01
1.590780206088828266e-02 6.595693745751928239e-01 1.360613053818330032e-01 1.884615179820859632e-01
1.234996149102946666e-02 6.210774958920096678e-01 1.651864468569777256e-01 2.013860957599832024e-01
9.598320198857668642e-03 5.982968288746172147e-01 1.947247616778438883e-01 1.973800892486807790e-01
7.221408357279020078e-03 6.018749464315068520e-01 2.129277889211136920e-01 1.779758562901005425e-01
4.978017957270994623e-03 6.419686507000346154e-01 2.049806362977077134e-01 1.480726950449868240e-01
3.427787736213389145e-03 7.210770805451196530e-01 1.651208501268584539e-01 1.103742815918083431e-01
2.051576504018943602e-03 8.179540593805643134e-01 1.091533101825684915e-01 7.084105393284811925e-02
1.576417037464686180e-03 8.939911934254668457e-01 6.407574940793911433e-02 4.035664012912935222e-02
2.986446304680036995e-02 9.333866171774243270e-01 3.458445878609188451e-02 2.164460989682856062e-03
9.750036378846290708e-01 2.328109210433688611e-02 1.132922370268455835e-03 5.823476407654502342e-04
9.684278227635232383e-01 2.984799393889636665e-02 1.149508811273368836e-03 5.746744863070060109e-04
9.583742893137199292e-01 3.980516670245094757e-02 1.225561816916918454e-03 5.949821669120450339e-04
9.419162900384758785e-01 5.607072917348701613e-02 1.372592733327242199e-03 6.403880547097825842e-04
9.199242147406315739e-01 7.776127836650605085e-02 1.602209916569307269e-03 7.122969762932740466e-04
8.947154289781581449e-01 1.025159706226903417e-01 1.947176644367957328e-03 8.214237547834144252e-04
8.692637682522483811e-01 1.273598216597926214e-01 2.408867418937035969e-03 9.675426690222963845e-04
8.430808348327185620e-01 1.527897255513872843e-01 2.980441842568704817e-03 1.148997773325527655e-03
8.127669134848133359e-01 1.821288191998498562e-01 3.719142728438665224e-03 1.385124586898398751e-03
7.759188412484619990e-01 2.176591964005437363e-01 4.719406733715153512e-03 1.702555617279321752e-03
7.336247883134852099e-01 2.581119532221096691e-01 6.122694599488170616e-03 2.140563864916943896e-03
6.891739145985875670e-01 2.999130208309669920e-01 8.151643027097570798e-03 2.761421543347936536e-03
6.424337078377025945e-01 3.427827037646734021e-01 1.113340212211967606e-02 3.650186275504499131e-03
5.924537751272047625e-01 3.870100146982498601e-01 1.559439315085297748e-02 4.941817023692235931e-03
5.425795640836256206e-01 4.282548310532096614e-01 2.230808101894544287e-02 6.857523844219314164e-03
4.919268072404739955e-01 4.664661954095913332e-01 3.196369065384437047e-02 9.643306696090240063e-03
4.373336368756834402e-01 5.042638014867836249e-01 4.490365711106297786e-02 1.349890452647000208e-02
3.822190761115141777e-01 5.381629475422876618e-01 6.108220567528524492e-02 1.853577067091268654e-02
3.325260920700759959e-01 5.619112335873374109e-01 8.061450305450221232e-02 2.494817128808455783e-02
2.860876268268711109e-01 5.763953197921931615e-01 1.044684937859212959e-01 3.304855959501475093e-02
2.484012273870531973e-01 5.733075896121363479e-01 1.354377555870779626e-01 4.285342741373197178e-02
2.180066788596312088e-01 5.577714692898897431e-01 1.719539603136319705e-01 5.226789153684714695e-02
1.956346463219828802e-01 5.408874418432881859e-01 2.057355021172640464e-01 5.774240971746492229e-02
1.824601060289197385e-01 5.327010127911026016e-01 2.276342483992681021e-01 5.720463278070975904e-02
1.768904804640721862e-01 5.361265748185484181e-01 2.351511776757337635e-01 5.183176704164563220e-02
1.724173231790176175e-01 5.504482082963222389e-01 2.330679069995449659e-01 4.406656152511503888e-02
1.679905684044842862e-01 5.704240221121473775e-01 2.256342746787113329e-01 3.595113480465698952e-02
1.606279210518766487e-01 5.970523089964767660e-01 2.139965174247615842e-01 2.832325252688492473e-02
1.511219809298127437e-01 6.271621228343313703e-01 1.999589999540145047e-01 2.175689628184162769e-02
1.379933566900822806e-01 6.551603902586590200e-01 1.901220316264392030e-01 1.672422142481959709e-02
1.256057004137426381e-01 6.713279924901107698e-01 1.896821329552073332e-01 1.338417414093940640e-02
1.159312570648277363e-01 6.771491711662728230e-01 1.956435625051587412e-01 1.127600926374075496e-02
1.050914923047942540e-01 6.878573136421136658e-01 1.974059405766176445e-01 9.645253476474399332e-03
9.334871224384654054e-02 7.107467039303378975e-01 1.877906142040892956e-01 8.113969621726339204e-03
7.973821437584283078e-02 7.455520105437867251e-01 1.680905127059243165e-01 6.619262374446139782e-03
6.389754215114250291e-02 7.867364220017076804e-01 1.440816114658612923e-01 5.284424381288349223e-03
4.902834542473565038e-02 8.250171101704268928e-01 1.215541102730500617e-01 4.400434131787607679e-03
3.773141006598294822e-02 8.540175558618117169e-01 1.040916256225391523e-01 4.159408449666332670e-03
2.828587249552465960e-02 8.761280266294223518e-01 9.116805772686545351e-02 4.418043148187653091e-03
1.950318928952521000e-02 8.959997555926750845e-01 7.956967931855561671e-02 4.927375799244178983e-03
1.195041323806930733e-02 9.164327138588843624e-01 6.616414560907547815e-02 5.452727293970874647e-03
6.442704733997435367e-03 9.375965772541300369e-01 5.015361336359919209e-02 5.807104648273122248e-03
3.212282313264592983e-03 9.561888516612681022e-01 3.460363824290804691e-02 5.995227782559215020e-03
1.585998020919220921e-03 9.696400496790703594e-01 2.265134837743522367e-02 6.122603922575520219e-03
8.055921977337728718e-04 9.783458674531422261e-01 1.456743514926329801e-02 6.281105199860623212e-03
4.258485475014934076e-04 9.840639587029519353e-01 9.120279418183935630e-03 6.389913331362888187e-03
2.311945072600660601e-04 9.882756726742493170e-01 5.360292031815168563e-03 6.132840786675225475e-03
2.466995634283773627e-05 9.918121747040791192e-01 2.457311503869893075e-03 5.705843835708215676e-03
1.893004817717962920e-05 9.928464147217239688e-01 1.506795122943435823e-03 5.627860107155499905e-03
1.571466430102871830e-05 9.935693894835037066e-01 9.444636682314428225e-04 5.470432183963787678e-03
1.353235903459638030e-05 9.941223028211154666e-01 6.443750415349784556e-04 5.219789778315002578e-03
1.287222078436056603e-05 9.943181515583511265e-01 5.298819931617311909e-04 5.139094227702922790e-03
1.463177435580368569e-05 9.939475840643015037e-01 5.555937848402643436e-04 5.482190376502553593e-03
2.076744351599531198e-05 9.927467086784370620e-01 7.378869724930821458e-04 6.494636905554010929e-03
3.442105347641162078e-05 9.905757274291809855e-01 1.111950145987055131e-03 8.277901371355676080e-03
6.402830430658919530e-05 9.870064666309010804e-01 1.792373046759839373e-03 1.113713201803257120e-02
1.441708226561443746e-04 9.802133103731441865e-01 3.268901565338040976e-03 1.637361723886165965e-02
5.537190017968835398e-04 9.657680214562910370e-01 7.975143776891837830e-03 2.570311576502009102e-02
1.202369845556900763e-03 9.381195011403169470e-01 1.846940837771226390e-02 4.220872063641400301e-02
2.653939285064009848e-03 8.855564008466768611e-01 4.429209586174081420e-02 6.749756400651805988e-02
5.275354009254300779e-03 7.953730374533675151e-01 9.985286359905823361e-02 9.949874493832007449e-02
9.054492291154398256e-03 6.595988654809838980e-01 2.021054358837121034e-01 1.292412063441492620e-01
1.229798963427582333e-02 4.957504451904604648e-01 3.488161733869550307e-01 1.431353917883085858e-01
1.347481053312992068e-02 3.387213073932088814e-01 5.137345133774806616e-01 1.340693686961807185e-01
1.298824547240736912e-02 2.219577726684636709e-01 6.559448476854740084e-01 1.091091341736545733e-01
1.220928073569900810e-02 1.519097780730974956e-01 7.506399412027369156e-01 8.524099998846627890e-02
1.192610336557596747e-02 1.147075998739296721e-01 8.031891130912828247e-01 7.017718366921148199e-02
1.230207728468096957e-02 9.710432333217967893e-02 8.269868063525269708e-01 6.360679303061236856e-02
1.295840284223533437e-02 8.910046233786772518e-02 8.351020402994040470e-01 6.283909452049253608e-02
1.418069349414830677e-02 8.679390357400140754e-02 8.356439015938122994e-01 6.338150133803822917e-02
1.643142594889180491e-02 8.832314119109714590e-02 8.331803678994041951e-01 6.206506496060683331e-02
2.138232979907836728e-01 5.028570065688720003e-01 2.708837805143636812e-01 1.243591492598064910e-02
4.595393384714077656e-01 3.610044266980805827e-01 1.340508479820993748e-01 4.540538684841214506e-02
2.974944882777845745e-01 4.544907800899040673e-01 1.759634155791075794e-01 7.205131605320369559e-02
1.792058222121492295e-01 5.047978517059926729e-01 2.081144677276457189e-01 1.078818583542121429e-01
1.061431177158737027e-01 5.083058160359640310e-01 2.287768701609360356e-01 1.567741960872259810e-01
6.251709364158571092e-02 4.838244563744221738e-01 2.344870114430561148e-01 2.191714385409358479e-01
3.546443621802856938e-02 4.523692540436655141e-01 2.229218860887875187e-01 2.892444236495183563e-01
2.027222886125517112e-02 4.193096848387937725e-01 2.052202744592319106e-01 3.551978118407192464e-01
1.219070028464762367e-02 3.827101154540183403e-01 1.901610677502054703e-01 4.149381165111286074e-01
7.780893731254095134e-03 3.313386663658773323e-01 1.821188257281941836e-01 4.787616141746742771e-01
5.091380767099175364e-03 2.665240634548454723e-01 1.750355171262108211e-01 5.533490386518443716e-01
3.207868833965110082e-03 2.027510385395456805e-01 1.572584399009421263e-01 6.367826527255469049e-01
1.925007923444187934e-03 1.500782066167511974e-01 1.256140207334222048e-01 7.223827647263828533e-01
1.189714455395840531e-03 1.063756667205831702e-01 9.115736913773640759e-02 8.012772496862846650e-01
8.127263223718138654e-04 6.979347772893843005e-02 6.589722334889927535e-02 8.634965725997900687e-01
5.942470558335864565e-04 4.197768164847692773e-02 5.199564975467223238e-02 9.054324215410173293e-01
4.462832422855319788e-04 2.367063701463531164e-02 4.811505508283341753e-02 9.277680246602458825e-01
3.496240709944804076e-04 1.349185846603770562e-02 5.538505576537877673e-02 9.307734616975893438e-01
2.959296358124286993e-04 8.402576269492039937e-03 7.371845443385173502e-02 9.175830396608437578e-01
2.790338665295736642e-04 5.998732404028581100e-03 9.818276211812662635e-02 8.955394716113153075e-01
2.980003459925670956e-04 5.026601360017992313e-03 1.222176106278176910e-01 8.724577876661716580e-01
3.355746250411764729e-04 4.636350933329122341e-03 1.375667716111897421e-01 8.574613028304399753e-01
3.720047422061742849e-04 4.409535537119358556e-03 1.387705219961681558e-01 8.564479377245064473e-01
4.091183586893548923e-04 4.486846888027844031e-03 1.332140432277410247e-01 8.618899915255416877e-01
4.492668437482783082e-04 5.071746730798583347e-03 1.327638061236854350e-01 8.617151803017676359e-01
5.017618660340090282e-04 6.382696633268622639e-03 1.482692906908174291e-01 8.448462508098800727e-01
5.746396312519600445e-04 8.745852808512774232e-03 1.866673987566928317e-01 8.040121088035425689e-01
6.584084201864797694e-04 1.264023637170678949e-02 2.466838757795546122e-01 7.400174794285522273e-01
7.647031124208168371e-04 1.946467395033573550e-02 3.238203276683299658e-01 6.559502952689135746e-01
9.750434761205925864e-04 3.266126508380454152e-02 4.092308920222830215e-01 5.571327994177920351e-01
1.481971170959580156e-03 5.862760697406332183e-02 4.766099474440163020e-01 4.632804744109609851e-01
2.609905303327825134e-03 1.093466409052199217e-01 4.941986377150693333e-01 3.938448160763826644e-01
4.211953192943355788e-03 2.070116962003102079e-01 4.417563793461794508e-01 3.470199712605664955e-01
4.400113867846455057e-03 3.817132770749155912e-01 3.316486011909640652e-01 2.822380078662736769e-01
2.773506863853581351e-03 6.114103518233867662e-01 2.113534204847299647e-01 1.744627208280295771e-01
1.535326840835943242e-03 8.013620939812148292e-01 1.179748463316369900e-01 7.912773284631215154e-02
8.393726133030051826e-04 9.104849369208234400e-01 5.961709142081494245e-02 2.905859904505876321e-02
5.295450955848805862e-04 9.597791636304935370e-01 2.961977566389809371e-02 1.007151561002334397e-02
1.426067057577052439e-04 9.801774986372635556e-01 1.595287945171884603e-02 3.727015205259903013e-03
5.088044351913517622e-05 9.886778139181812142e-01 9.628472419379065228e-03 1.642833218920434959e-03
2.423279902164243049e-05 9.925052311145223793e-01 6.574961076884758802e-03 8.955750095712136302e-04
1.458225749680350064e-05 9.944302123783894665e-01 4.965269852298822249e-03 5.899355118148112177e-04
9.603219159126867279e-06 9.956787150725477931e-01 3.873521215072510144e-03 4.381604932207225031e-04
5.998150432527570440e-06 9.967271083016731037e-01 2.920524811329478290e-03 3.463687365650051702e-04
3.623119776161611175e-06 9.975384404142173533e-01 2.166803756716204152e-03 2.911327092902374824e-04
2.407389026150242284e-06 9.980231569594599783e-01 1.703846313301621371e-03 2.705893382121861293e-04
2.027033780728564339e-06 9.981742243765674427e-01 1.530747701904199964e-03 2.930008877477126013e-04
2.503305901064938146e-06 9.979237836837957509e-01 1.682451672517634635e-03 3.912613377855125125e-04
4.611648612762793588e-06 9.970848856171208308e-01 2.262891704905036633e-03 6.476110293615388929e-04
1.137723682760240302e-05 9.952315882518942836e-01 3.485779687945601141e-03 1.271254823332582974e-03
7.093005235914107360e-04 9.901450138705258919e-01 6.212278725353156776e-03 2.933406880529800063e-03
1.136737039064028999e-03 9.809148586041029905e-01 1.089669613612723534e-02 7.051708220705825425e-03
1.805017877751382551e-03 9.626439681343005317e-01 1.852703416290459038e-02 1.702397982504353854e-02
2.772110910114830660e-03 9.294639741176380365e-01 2.908663823777223739e-02 3.867727673447492881e-02
4.192008724576499167e-03 8.723812911208260745e-01 4.196466872337806936e-02 8.146203143121955037e-02
6.020402432340016437e-03 7.828072339369414046e-01 5.495659617688117976e-02 1.562157674538372232e-01
7.939971211315448307e-03 6.662895972802569400e-01 6.404808825670899042e-02 2.617223432517184478e-01
9.084401901113911548e-03 5.469779125036327017e-01 6.970815649680839332e-02 3.742295290984450351e-01
1.022123540233262941e-02 4.509669359314634751e-01 7.546910109510000797e-02 4.633427275711040072e-01
1.207716774497092846e-02 3.879482148132406549e-01 8.482016154654785367e-02 5.151544558952402264e-01
1.540560988794022895e-02 3.570343395283851473e-01 1.001159334955089297e-01 5.274441170881657426e-01
2.086825761961421180e-02 3.538356356328498653e-01 1.230787849621790414e-01 5.022173217853568294e-01
2.870649064196299088e-02 3.746940733388280931e-01 1.488933105137472401e-01 4.477061255054620159e-01
3.745924987978312831e-02 4.078370974585339703e-01 1.776125647552887765e-01 3.770910879063940624e-01
4.571920897820982987e-02 4.452459251872004642e-01 2.075111908214466450e-01 3.015236750131430332e-01
5.267441506306136390e-02 4.780579608968131833e-01 2.380641113191983849e-01 2.312035127209271790e-01
5.669435161426959746e-02 5.066799580741709885e-01 2.635463100066939846e-01 1.730793803048654156e-01
6.103105747226224287e-02 5.284064524430321930e-01 2.823527656264382402e-01 1.282097244582672824e-01
6.397088900203372341e-02 5.470065331571202227e-01 2.927803710978236773e-01 9.624220674302223777e-02
6.456262648434214768e-02 5.633938635501782866e-01 2.979429728548782519e-01 7.410053711060142489e-02
6.442152796790294456e-02 5.771728014652771632e-01 2.994345970146171099e-01 5.897107355220315705e-02
6.598518739191899796e-02 5.846601599692345941e-01 2.996731471238318067e-01 4.968150551501437223e-02
1.090057664940983183e-02 2.464821711177131447e-02 7.212768591828407905e-01 2.431743470559778464e-01
9.477160489965910095e-01 4.132372237165358314e-02 7.731044532936035864e-03 3.229184098819136862e-03
9.463550040937958041e-01 4.320877359672787438e-02 7.378912697129726833e-03 3.057309612346362660e-03
9.436085069724789998e-01 4.627013024679350189e-02 7.188413710138088358e-03 2.932949070589113347e-03
9.393470257552846148e-01 5.060066767304941676e-02 7.190129295490467996e-03 2.862177276175493969e-03
9.332277622585446464e-01 5.642574136918199201e-02 7.474412193866040999e-03 2.872084178407135861e-03
9.247443125920461471e-01 6.410272045987898404e-02 8.157608590161151071e-03 2.995358357914123734e-03
9.134070941691617707e-01 7.399222698302933277e-02 9.345598354322030149e-03 3.255080493487087171e-03
8.988224554511916597e-01 8.639384211586882689e-02 1.112303514834293502e-02 3.660667284596507212e-03
8.799317288620035482e-01 1.021994755303030911e-01 1.363505533201422523e-02 4.233740275679218762e-03
8.559076997661644315e-01 1.220368774062799699e-01 1.705746898578211143e-02 4.997953841773854038e-03
8.265109931964376155e-01 1.459198612580926424e-01 2.158769922532132596e-02 5.981446320148639008e-03
7.915952817662378349e-01 1.736903036007027001e-01 2.748370045980481902e-02 7.230714173254734409e-03
7.500661957549396019e-01 2.059286157136561435e-01 3.517377379180397501e-02 8.831414739600204969e-03
6.988252961827773335e-01 2.447575193324088572e-01 4.547370040136148456e-02 1.094348408345218945e-02
6.352042392673932225e-01 2.913987487193996917e-01 5.961727923315458810e-02 1.377973278005239707e-02
5.605843552063031199e-01 3.429582295862045882e-01 7.898538361210136194e-02 1.747203159539079120e-02
4.758511587937341858e-01 3.968675905608016197e-01 1.052635908231021183e-01 2.201765982236172925e-02
3.873367543780364963e-01 4.438862829646813557e-01 1.413524793775595423e-01 2.742448327972229691e-02
2.991580966874613501e-01 4.757912928400846453e-01 1.913347399133689120e-01 3.371587055908525921e-02
2.188786620945294692e-01 4.783989118577296473e-01 2.616105555707302632e-01 4.111187047701072433e-02
1.500177765115702777e-01 4.410003377853727868e-01 3.592361073493339774e-01 4.974577835372297890e-02
9.688002702413392453e-02 3.618124147608185459e-01 4.822953367570442795e-01 5.901222145800322921e-02
5.746338624890245939e-02 2.616068965710954819e-01 6.142132659134673656e-01 6.671645126653497071e-02
3.229766339581924967e-02 1.691042589299099064e-01 7.285862900399684428e-01 7.001178763430276897e-02
1.782809341214501922e-02 1.033597959762583979e-01 8.124274444964004749e-01 6.638466611519618088e-02
1.002628602645879406e-02 6.399450783125333608e-02 8.702754316132904622e-01 5.570377452899751003e-02
6.043694096317418947e-03 4.225614501177946819e-02 9.102038393726678001e-01 4.149632151923485224e-02
4.206627635272457144e-03 3.115763745606593693e-02 9.357850076474792944e-01 2.885072726118232192e-02
3.601654229580178793e-03 2.723921039450458506e-02 9.486461975666422575e-01 2.051293780927317817e-02
3.558915260583255663e-03 2.973557429185861439e-02 9.504744888529551572e-01 1.623102159460318439e-02
4.019593309077967337e-03 3.533065807532598246e-02 9.465463864777557967e-01 1.410336213784039658e-02
5.196390624411340725e-03 4.686633848417577630e-02 9.343764582484682668e-01 1.356081264294472719e-02
7.593359347538232614e-03 6.630539934391850576e-02 9.120157148759503452e-01 1.408552643259275948e-02
1.151134088777319361e-02 9.258060879246203523e-02 8.808731512922045592e-01 1.503489902755996040e-02
1.649319368191072555e-02 1.195571196402884367e-01 8.481280766906909019e-01 1.582160998711016828e-02
2.255824769481665562e-02 1.408539697111172995e-01 8.202326977923651841e-01 1.635508480170060064e-02
2.850465771510532834e-02 1.555374764075876104e-01 7.993035759798833295e-01 1.665428989742384971e-02
3.547688676628161369e-02 1.704610974242855015e-01 7.770463807468042106e-01 1.701563506262825792e-02
4.443472890655349172e-02 1.914848976524304303e-01 7.465768080368532233e-01 1.750356540416276446e-02
5.531616706431408126e-02 2.187251981631900266e-01 7.080201151759533129e-01 1.793851959654242309e-02
6.692233887066352527e-02 2.484133633842567079e-01 6.665360177479344728e-01 1.812827999714525240e-02
7.797326716932741208e-02 2.776571736283013903e-01 6.263456510663336640e-01 1.802390813603753708e-02
8.741612312623332770e-02 3.050291610106019013e-01 5.899149010508980551e-01 1.763981481226659445e-02
9.470531210440460979e-02 3.271686012551641154e-01 5.611018421625687536e-01 1.702424447786219514e-02
1.004855716639394408e-01 3.402909682771163014e-01 5.429580037819959903e-01 1.626545627694805235e-02
1.052857935751314589e-01 3.436478689445667256e-01 5.356510661835189868e-01 1.541527129678302646e-02
1.090686622003384093e-01 3.381466803509916019e-01 5.382480820493338314e-01 1.453657539933607412e-02
1.109881993236563336e-01 3.238958185663363687e-01 5.514276538289676344e-01 1.368832828103968419e-02
1.111217400880032402e-01 3.021372588539156245e-01 5.737951242007303110e-01 1.294587685735078611e-02
1.112003258605821360e-01 2.766852772522913062e-01 5.996875453693502056e-01 1.242685151777633487e-02
1.132665735075934765e-01 2.512992705090051904e-01 6.231793359073023453e-01 1.225482007609928273e-02
1.180584206849333850e-01 2.268609511232922427e-01 6.425845463423803805e-01 1.249608184939388598e-02
1.236901162887358574e-01 2.026130947594971532e-01 6.606086618070975414e-01 1.308812714466944284e-02
1.279944117254683267e-01 1.788407193732958478e-01 6.792085786925192714e-01 1.395629020871671545e-02
1.303629661217150515e-01 1.573578349081803107e-01 6.972093444802256457e-01 1.506985448987882559e-02
1.308326182092924006e-01 1.409001775170546922e-01 7.119203008113534903e-01 1.634690346229958000e-02
1.315334378685547312e-01 1.311986937892693772e-01 7.195146033180351841e-01 1.775326502414072832e-02
1.335883801446780261e-01 1.269386460100445646e-01 7.202642371787336684e-01 1.920873666654361600e-02
1.363245954607306687e-01 1.258140901009513757e-01 7.172884556923329047e-01 2.057285874598490522e-02
1.392401707918760057e-01 1.263834573405356321e-01 7.126136134137192046e-01 2.176275845386942825e-02
1.404946292211052550e-01 1.267132960277793652e-01 7.101368256532286649e-01 2.265524909788633329e-02
1.365160310131210419e-01 1.237505009906419706e-01 7.167240808947377140e-01 2.300938710149922489e-02
1.253894274586592195e-01 1.152973750035230088e-01 7.367208618631813088e-01 2.259233567463633449e-02
1.093866821121899646e-01 1.025083022276466471e-01 7.667581882243834634e-01 2.134682743577996297e-02
9.220660441956059217e-02 8.900311051623283065e-02 7.994106835239983555e-01 1.937960154020801351e-02
7.510033447395618456e-02 7.670444540874725436e-02 8.314396509242477640e-01 1.675556919304873119e-02
5.824928080453608409e-02 6.545304320240928619e-02 8.626553278987660889e-01 1.364234809428854951e-02
4.389401469805831457e-02 5.623009165764076417e-02 8.892369627851487435e-01 1.063893085915223156e-02
3.367224493396876739e-02 5.003696708350221373e-02 9.080421853834923507e-01 8.248602599036536365e-03
2.635918216971740863e-02 4.514174806920184801e-02 9.220770411123485610e-01 6.422028648732419978e-03
2.095045827016081205e-02 3.972998245830632047e-02 9.342737270721804821e-01 5.045832199352014158e-03
8.245462348931248105e-04 9.820175446059485891e-01 6.479778202284069109e-03 1.067813095687406184e-02
6.826851708190357151e-04 9.881656526752399250e-01 4.691058800968019894e-03 6.460603352972846790e-03
5.351208363455991525e-04 9.929174934682877263e-01 3.045837699657933176e-03 3.501547995708952175e-03
4.611935707436187962e-06 9.968115942995037226e-01 1.489356606040628762e-03 1.694437158748164163e-03
1.632949374008379512e-06 9.982124615933174461e-01 9.315441262993492044e-04 8.543613310091208168e-04
6.635641787386879661e-07 9.989670979952689489e-01 5.945311563484176418e-04 4.377072842036795405e-04
2.915462571445656688e-07 9.994026126869629545e-01 3.776330561797107800e-04 2.194627106000918647e-04
1.245464253531843523e-07 9.996690824886537152e-01 2.272569458028874051e-04 1.035360191181618531e-04
5.231881285770910252e-08 9.998238546070101762e-01 1.288042840382400806e-04 4.728879013886970283e-05
2.413732410642810202e-08 9.999054227487746971e-01 7.221496302228472980e-05 2.233815087905553494e-05
1.470906172675985302e-08 9.999441898836785025e-01 4.390137633777844398e-05 1.189403092209490338e-05
1.409017606799842920e-08 9.999609114609724347e-01 3.142595606532479360e-05 7.648492786192387865e-06
2.149150925255545676e-08 9.999672760663235183e-01 2.678989381793977443e-05 5.912548349140196321e-06
4.924013637711908576e-08 9.999679471757233484e-01 2.664322601477637839e-05 5.360358125471885435e-06
1.550607573228660697e-07 9.999642665313200895e-01 2.995778532056574668e-05 5.620622601904016406e-06
5.994552365583430216e-07 9.999556972030875235e-01 3.688093086328207151e-05 6.822410812569150174e-06
1.295972737680629308e-03 9.983442307081475953e-01 2.632790792877469387e-04 9.651747488394878539e-05
2.875012636477540517e-03 9.965724187847460058e-01 4.163526944006387567e-04 1.362158843760120886e-04
5.819419378867669163e-03 9.934224581900904516e-01 5.831969731186789716e-04 1.749254579234783347e-04
1.063185479801904282e-02 9.884056176065781907e-01 7.510140977577790204e-04 2.115134976449958826e-04
1.809097669228375976e-02 9.807122782180933696e-01 9.431304111280056947e-04 2.536146784949292279e-04
2.911160003896516579e-02 9.693956097451223997e-01 1.184919411617895140e-03 3.078708042944729465e-04
4.378376784955620438e-02 9.543668979197125202e-01 1.475791218174339874e-03 3.735430125568057450e-04
9.871463327705571889e-01 1.079852880911614729e-02 1.521991224745373886e-03 5.331471955811447954e-04
9.800039013451824488e-01 1.726394389377428409e-02 2.081739526442933069e-03 6.504152346002429856e-04
9.658998643368591486e-01 3.016315212992762979e-02 3.084523528301630346e-03 8.524600049117443852e-04
9.397241090293756427e-01 5.418478547420255143e-02 4.889823375441676619e-03 1.201282120980142051e-03
8.864260986867154024e-01 1.036187225487712332e-01 8.163251340596366923e-03 1.791927423917168746e-03
7.896423752307807353e-01 1.939546323578535680e-01 1.368454943748972572e-02 2.718442973875849489e-03
6.447980036365651424e-01 3.295826872486159465e-01 2.165241557833321936e-02 3.966893536485723015e-03
4.785685383249215774e-01 4.853042676628400720e-01 3.080586548327658020e-02 5.321328528961769520e-03
3.364913429683818458e-01 6.176931771100128143e-01 3.928276085248433303e-02 6.532719069121203752e-03
2.327692368552007618e-01 7.131180069309311920e-01 4.651672592945586826e-02 7.596030284412125938e-03
1.649306526538054096e-01 7.743725776930353577e-01 5.218559449695307773e-02 8.511175156205664019e-03
1.181623356134224589e-01 8.158406596968694746e-01 5.678151908355628941e-02 9.215485606152092751e-03
8.494665022963200640e-02 8.449313890014658046e-01 6.047343180379258915e-02 9.648528965109532188e-03
6.209517667575907562e-02 8.645834837547229368e-01 6.350940197453401603e-02 9.811937594984002781e-03
4.698323642979033987e-02 8.766086876172600739e-01 6.668788475181855468e-02 9.720191201131005501e-03
3.745066471891883575e-02 8.809099435986519344e-01 7.211442442197134317e-02 9.524967260457801663e-03
2.900579282234112127e-02 8.797050040445127950e-01 8.222053266066821353e-02 9.068670472477566649e-03
2.364779200291950226e-02 8.689803418968394810e-01 9.859040981063262044e-02 8.781456289608654750e-03
1.951508162024940748e-02 8.531717598919900114e-01 1.187341640635406620e-01 8.578994424219985038e-03
1.616292555401532133e-02 8.382260984064067166e-01 1.371862983511031864e-01 8.424677688474511983e-03
1.340716732236909778e-02 8.307955045675678996e-01 1.475233702595555030e-01 8.273957850507511827e-03
1.122845821502220162e-02 8.343396586589527653e-01 1.463129712230094026e-01 8.118911903015517753e-03
9.537685246386453514e-03 8.455290817542107096e-01 1.368803812352144822e-01 8.052851764188469208e-03
7.698832551515246737e-03 8.571350020775012624e-01 1.269008304606731863e-01 8.265334910310435587e-03
6.696401151901224501e-03 8.628968451188110400e-01 1.213321192532815229e-01 9.074634476006218642e-03
5.929111139224597926e-03 8.648151826572544332e-01 1.187723181938818290e-01 1.048338800963905318e-02
5.369903829460047177e-03 8.676092028480276719e-01 1.147920656603211298e-01 1.222882766219107568e-02
5.072199341509089562e-03 8.728496045377849288e-01 1.080813787471953530e-01 1.399681737351066331e-02
4.956432180881044716e-03 8.792461007747225388e-01 1.001307831806001331e-01 1.566668386379614988e-02
4.967552509863165655e-03 8.867586431944957104e-01 9.106628578896888704e-02 1.720751850667208080e-02
5.151276114021238403e-03 8.958189545640835583e-01 8.070885838426385128e-02 1.832091093763155154e-02
5.616209940253242064e-03 9.064790593436018451e-01 6.946921604240982595e-02 1.843551467373535577e-02
6.635690723257334743e-03 9.177114216546274905e-01 5.825407022265777918e-02 1.739881739945748837e-02
8.413377656960928028e-03 9.276072746410027881e-01 4.828192964804672860e-02 1.569741805398921011e-02
1.108370540978709587e-02 9.347257391886920619e-01 4.028806575315611177e-02 1.390248964836496813e-02
1.475928784906690994e-02 9.386349491513796828e-01 3.428589196712410192e-02 1.231987103242904169e-02
1.847041998817544259e-02 9.408142825481258242e-01 2.982917502473497740e-02 1.088612243896367772e-02
2.348936602085543307e-02 9.404337952896784092e-01 2.636919882892984485e-02 9.707639860536614734e-03
2.976251017152325290e-02 9.376695168962001503e-01 2.375246224158378619e-02 8.815510690692867843e-03
3.799077047349536107e-02 9.318752005286597972e-01 2.186446203970908789e-02 8.269566958135694812e-03
4.516367024688262150e-02 9.269256573913216002e-01 2.028443348865853132e-02 7.626238873137018009e-03
5.130522241106712233e-02 9.229065204030008074e-01 1.886414367996642333e-02 6.924113505965482154e-03
5.576345515575512751e-02 9.205567260991628364e-01 1.750938019264619214e-02 6.170438552436034729e-03
5.762834316450241023e-02 9.209537048640660251e-01 1.606065307561416536e-02 5.357298895817242355e-03
5.640966612575354366e-02 9.246858243719986437e-01 1.440665113422082491e-02 4.497858368026718019e-03
5.409034002051707479e-02 9.293951725305108491e-01 1.279112547610618267e-02 3.723361972866080782e-03
5.116556004997524498e-02 9.345286117062966413e-01 1.123857304998162297e-02 3.067255193746337184e-03
4.581260591024771678e-02 9.421871450331694708e-01 9.545229943563684344e-03 2.455019113019151454e-03
3.782003137192365555e-02 9.525991522810961509e-01 7.715989575767266684e-03 1.864826771212848991e-03
2.880949061600284258e-02 9.639369794606105213e-01 5.918564494870172908e-03 1.334965428516265897e-03
2.100513535940173870e-02 9.736364820247083163e-01 4.429121053800117412e-03 9.292615620896589081e-04
1.571165332776231285e-02 9.801915453700724701e-01 3.426773974209084209e-03 6.700273279561584465e-04
1.270442701553441134e-02 9.839004185022074411e-01 2.870628724327414089e-03 5.245257579307969781e-04
1.125946415965966597e-02 9.856535316290682136e-01 2.636634214201980485e-03 4.503699970701365214e-04
1.092798605003891116e-02 9.860180345739650853e-01 2.633276143194609314e-03 4.207032328015342082e-04
1.135973677325411400e-02 9.854573803691851763e-01 2.767776867463559321e-03 4.151059900976460993e-04
1.213651584849623905e-02 9.845321681059459040e-01 2.916476513542743364e-03 4.148395320154849063e-04
1.277235958414587105e-02 9.838691726895560929e-01 2.952297324618762854e-03 4.061704016792148692e-04
1.316163058636374283e-02 9.835908882339899906e-01 2.857192132529964585e-03 3.902890471165044810e-04
1.360482738797079254e-02 9.833035014092904591e-01 2.715167433007853199e-03 3.765037697308453975e-04
1.411181501315406615e-02 9.829577091043644188e-01 2.566081786973834194e-03 3.643940955075469475e-04
1.501370233373986070e-02 9.821511609464572690e-01 2.475960122786432203e-03 3.591765970165511097e-04
1.699531326754878668e-02 9.800967866796667094e-01 2.535637833882844160e-03 3.722622189015675482e-04
2.108834434097930227e-02 9.756504826393134211e-01 2.840880944758820709e-03 4.202920749480047865e-04
2.911905773368355169e-02 9.668681061290710366e-01 3.485823902067434078e-03 5.270122351780847855e-04
4.294079828778953750e-02 9.519351374468351112e-01 4.423312892771867275e-03 7.007513726034474448e-04
6.310073134933638639e-02 9.305896119844738745e-01 5.393224589083710045e-03 9.164320771058936206e-04
8.883565796428068151e-02 9.038895945106859564e-01 6.137944848926388600e-03 1.136802676107032031e-03
1.201006003576808590e-01 8.720733118865584554e-01 6.500014745873426529e-03 1.326073009887241078e-03
1.551230100889964825e-01 8.368313067660202442e-01 6.567434669822204245e-03 1.478248475161299562e-03
1.966066615598741629e-01 7.953001167209896582e-01 6.486246878482847429e-03 1.606974840653280006e-03
2.454017334213633716e-01 7.464846556108658548e-01 6.389165088782082849e-03 1.724445878988645339e-03
2.988045159896405845e-01 6.930536854466796681e-01 6.315769052235516851e-03 1.826029511444606998e-03
3.526084826433070751e-01 6.392209973710512028e-01 6.266678446042209596e-03 1.903841539599327977e-03
4.043164265045313122e-01 5.874693320261782370e-01 6.251037994849503211e-03 1.963203474441178355e-03
4.511373712744122799e-01 5.406173185225614519e-01 6.236662073670947402e-03 2.008648129355116493e-03
4.867564515652729740e-01 5.050700694865639662e-01 6.145222609560198855e-03 2.028256338602941675e-03
5.073636792791043071e-01 4.846602548919459741e-01 5.962388028043195259e-03 2.013677800906830181e-03
5.133881387306102884e-01 4.789715815322577730e-01 5.687913955556514294e-03 1.952365781575519975e-03
5.057210758429827591e-01 4.871422966846317149e-01 5.302869453615878352e-03 1.833758018769177404e-03
4.881164797197677929e-01 5.053632742970936009e-01 4.841890683898388177e-03 1.678355299240359786e-03
4.651052925048187459e-01 5.290430858508400336e-01 4.342284480908577791e-03 1.509337163432668358e-03
4.389573355115669595e-01 5.558449800408831187e-01 3.854780511529183953e-03 1.342903936020343591e-03
4.121269532350547160e-01 5.831716402653179809e-01 3.494776361053862808e-03 1.206630138573494895e-03
3.877546353972383675e-01 6.077778760033737404e-01 3.348257076880608533e-03 1.119231522507370966e-03
3.660869778240451455e-01 6.294784781934817941e-01 3.368927341212362044e-03 1.065616641260255749e-03
3.408360005868190101e-01 6.547775762275526157e-01 3.381359371214618520e-03 1.005063814413656789e-03
3.152936599856652755e-01 6.803683497138123260e-01 3.385278522742573865e-03 9.527117777797531120e-04
3.027798351134549093e-01 6.927155079078918254e-01 3.550117815141022592e-03 9.545391635122397892e-04
