2.121944971207772590e-01 7.740077459075479505e-01 6.723529947994865558e-03 7.074227023679919776e-03
9.903089380268588204e-01 8.093763574368879193e-03 8.088899849814593784e-04 7.884084137907683507e-04
9.915221507975635618e-01 7.171976353306437103e-03 6.545454185505687446e-04 6.513274305792242326e-04
9.922508267698323392e-01 6.640051658182581466e-03 5.519162038151320410e-04 5.572053681701616369e-04
9.922671717481806875e-01 6.716155918860861225e-03 5.053523863503818448e-04 5.113199466078562159e-04
9.913061011277078949e-01 7.661774692204411513e-03 5.169801860460090026e-04 5.151439940416081657e-04
9.889085142541138573e-01 9.933469091098299369e-03 5.903054038400185619e-04 5.677112509476895351e-04
9.840367285217531679e-01 1.455134171518367159e-02 7.398548383593888224e-04 6.720749247037311651e-04
9.737530775164972008e-01 2.434930180255203899e-02 1.033888762127438583e-03 8.637319188235336028e-04
9.526216518651129395e-01 4.456484809612961534e-02 1.603224907766230990e-03 1.210275130991148290e-03
9.063752324150553541e-01 8.934064098664522280e-02 2.512520277469339897e-03 1.771606320830131998e-03
8.143507218157938210e-01 1.791860185060694943e-01 3.905001177911433807e-03 2.558258500225060478e-03
6.558706597544639028e-01 3.349261882108256483e-01 5.792608199145862433e-03 3.410543835564454253e-03
4.483789935104367519e-01 5.415567131052965166e-01 6.298163611224651473e-03 3.766129773041650662e-03
2.550141835037916804e-01 7.354000930328952190e-01 6.064724823856288381e-03 3.520998639456845991e-03
1.260564221976462895e-01 8.656279993670413786e-01 5.374430947602083959e-03 2.941147487710221459e-03
6.028003783550164862e-02 9.331721278394936592e-01 4.162554851001304748e-03 2.385279474003472022e-03
2.895740492896897028e-02 9.656000601435200670e-01 3.428589051654005408e-03 2.013945875856933479e-03
1.475508179810470881e-02 9.804129858264044595e-01 3.045893644409501926e-03 1.786038731081246098e-03
8.291168928961046777e-03 9.870901754964566122e-01 2.970526562864693031e-03 1.648129011717733468e-03
5.297679873034056089e-03 9.898012175359650611e-01 3.291670455145064445e-03 1.609432135855957827e-03
3.918184161808285423e-03 9.901889865087311060e-01 4.161132211091681139e-03 1.731697118368980340e-03
3.187642550565533781e-03 9.890067996286389107e-01 5.766434485831803576e-03 2.039123334963729387e-03
2.654752341700348378e-03 9.862069171382382704e-01 8.592202045339501423e-03 2.546128474722133932e-03
2.306108348177297613e-03 9.803513007790147782e-01 1.396459025094945981e-02 3.378000621858135225e-03
2.208598880727490922e-03 9.682217011017055786e-01 2.476717848960400051e-02 4.802521527962996806e-03
2.335033030336675260e-03 9.443545346460820999e-01 4.600808853584922170e-02 7.302343787731751558e-03
2.564178433722699973e-03 9.042545577376666088e-01 8.163522814855697640e-02 1.154603568005404396e-02
2.916076593764484713e-03 8.472079993069127068e-01 1.315111283140651122e-01 1.836479578525768500e-02
3.447755088047581642e-03 7.761624793824766222e-01 1.920851428927772830e-01 2.830462263669827200e-02
3.528306979907854662e-03 7.011722666026843909e-01 2.544584769894205345e-01 4.084094942798690425e-02
3.445865762980397391e-03 6.401252320002935869e-01 3.024562485458651695e-01 5.397265369086109293e-02
3.051488943609870132e-03 6.080086018145541837e-01 3.226065171524832298e-01 6.633339208935259967e-02
2.444238602407617766e-03 6.061034167792125338e-01 3.124961379920283000e-01 7.895620662635137454e-02
1.805410695264744346e-03 6.152885951693221056e-01 2.883764839372516819e-01 9.452951019816165090e-02
1.301794158051335255e-03 6.089752363976840277e-01 2.731739058882699522e-01 1.165490635559948279e-01
1.006799381288126568e-03 5.738664425985882112e-01 2.769216928620727436e-01 1.482050651580510137e-01
9.969331183388543179e-04 5.199739176368431970e-01 2.883874325693536189e-01 1.906417166754642567e-01
1.219436768051271412e-03 4.676017853173046190e-01 2.843094908174070290e-01 2.468692870972369890e-01
1.416153646978846005e-03 4.190545408904307045e-01 2.577564609658354322e-01 3.217728444967547508e-01
1.408062351028610331e-03 3.723020481870491505e-01 2.183805944697336521e-01 4.079092949921886424e-01
1.244661711215626094e-03 3.416319197875629099e-01 1.763263691732011307e-01 4.807970493280201429e-01
1.087601966211774107e-03 3.415351580007587318e-01 1.404903968874323117e-01 5.168868431455975188e-01
9.488825924064545796e-04 3.808232698280203943e-01 1.092920868372181803e-01 5.089357607423549146e-01
8.028497998725517759e-04 4.654394209127583615e-01 8.076112706784487061e-02 4.529966022195243136e-01
6.800727494492193621e-04 5.826204007995615664e-01 5.744113485524856427e-02 3.592583915957408003e-01
6.354266532798794357e-04 6.977246657934754737e-01 4.089153443789166065e-02 2.607483731153527051e-01
9.493110258750269391e-04 7.824217533692047200e-01 3.049669467012697255e-02 1.861322409347934970e-01
9.939103691921267157e-04 8.331014374300195202e-01 2.493220458434469711e-02 1.409724476164437856e-01
1.386479634714981018e-03 8.600762523299932960e-01 2.212769649630334790e-02 1.164095715389883989e-01
2.045824076152808358e-03 8.738807809579501873e-01 2.066295235631953123e-02 1.034104426095776297e-01
2.818274285126326148e-03 8.804288784376732568e-01 1.989369908354385319e-02 9.685914819365654127e-02
3.734833902622870880e-03 8.815103593647766189e-01 2.019153677207650294e-02 9.456326996052424882e-02
5.066419568872875846e-03 8.783244581881872737e-01 2.210334614629207509e-02 9.450577609664777279e-02
7.371253782485249692e-03 8.734335988541290785e-01 2.511620459760304999e-02 9.407894276578256110e-02
8.993533805150905752e-03 8.703336123959972692e-01 2.828830903549646794e-02 9.238454476335555832e-02
1.005939491118764545e-02 8.673167449928211870e-01 3.133312362861385286e-02 9.129073646737741188e-02
1.125321719714356301e-02 8.603713387740520302e-01 3.543830356475700244e-02 9.293714046404763507e-02
1.300552957819091707e-02 8.462605960582058051e-01 4.198669508594052302e-02 9.874717927766271663e-02
1.432914019760663828e-02 8.233117689790282467e-01 5.254483635207472109e-02 1.098142544712903540e-01
1.580421296590221736e-02 7.919837169582152336e-01 6.649769930070720259e-02 1.257143707751750827e-01
1.705924578885095744e-02 7.550744179527050237e-01 8.286397345943173620e-02 1.450023627990121577e-01
1.674485542372252528e-02 7.126426785226588345e-01 1.041780186950111708e-01 1.664344473586074347e-01
1.498306308461663273e-02 6.661110906432322620e-01 1.313775683849931486e-01 1.875282778871579514e-01
1.217102944277535966e-02 6.172977753410755497e-01 1.673358552075081551e-01 2.031953400086410066e-01
9.401042125397624655e-03 5.711890350629179602e-01 2.135680400709284443e-01 2.058418827407561824e-01
7.301916107555789237e-03 5.352287107041978631e-01 2.655133645670856302e-01 1.919560086211606342e-01
5.662537799993806915e-03 5.189862398804814259e-01 3.094944556330054830e-01 1.658567666865194967e-01
4.275868155237302556e-03 5.364647726570899167e-01 3.245019579616596483e-01 1.347574012260129017e-01
3.152580512710341509e-03 6.013995267077757445e-01 2.922208798295976018e-01 1.032270129499163330e-01
2.686030654980443421e-03 7.066288593623274439e-01 2.177074694953183009e-01 7.297764048737370723e-02
1.936048843784300352e-03 8.103720097944492329e-01 1.399034089575267592e-01 4.778853240423987930e-02
1.214983343453375150e-02 9.736271857560970799e-01 1.209853606433578671e-02 2.124444745033525830e-03
9.903066779699860600e-01 8.045748278334702644e-03 9.377524142710004550e-04 7.098213374083190775e-04
9.898813112938465997e-01 8.529812665098522595e-03 9.152535020040962650e-04 6.736225390508907528e-04
9.883106725184939156e-01 1.007297204160303820e-02 9.434364048394315886e-04 6.729190350634595271e-04
9.855834621822964214e-01 1.270650098012010565e-02 1.014223109896884205e-03 6.958137276865005620e-04
9.816119830056694306e-01 1.649996091558522324e-02 1.142029054415920038e-03 7.460270243293080092e-04
9.762909504924344173e-01 2.150615245906457515e-02 1.361916716412738719e-03 8.409803320883162256e-04
9.695791393895959454e-01 2.774721779456525497e-02 1.689111566181101002e-03 9.845312496576553041e-04
9.606425385109232939e-01 3.603953484836192045e-02 2.139886825524020802e-03 1.178039815190620385e-03
9.493089488583621449e-01 4.648454069362947805e-02 2.761593015029499467e-03 1.444917432978770882e-03
9.306835862240812052e-01 6.379236428960671779e-02 3.681381898367117305e-03 1.842667587944685865e-03
9.039345720808957818e-01 8.854240716372001330e-02 5.081047022423908210e-03 2.441973732959797517e-03
8.673983339877835430e-01 1.220143604434367757e-01 7.229299016616929849e-03 3.358006552163165202e-03
8.197608891423918687e-01 1.650256616952784361e-01 1.048156665635519881e-02 4.731882505974584902e-03
7.607529591829130799e-01 2.171152457943061886e-01 1.535877599158108273e-02 6.773019031199450056e-03
6.931912396680229849e-01 2.744594077638507490e-01 2.253172722106840456e-02 9.817625347057899743e-03
6.198425209505222799e-01 3.334783059456096210e-01 3.247601933169193961e-02 1.420315377217653587e-02
5.422159223461822108e-01 3.922548274673903212e-01 4.536399566026601965e-02 2.016525452616160438e-02
4.654538445232371813e-01 4.457858818184651239e-01 6.097067951470187819e-02 2.778959414359586169e-02
3.954249801098601025e-01 4.883997950794201626e-01 7.898884488381034685e-02 3.718637992690929095e-02
3.316612027023730924e-01 5.191836971229284448e-01 1.005365675065505726e-01 4.861853266814785551e-02
2.809843481490848505e-01 5.309407944739384932e-01 1.259616362740939577e-01 6.211322110288264309e-02
2.431273974365692758e-01 5.268113169377840466e-01 1.545773114170141960e-01 7.548397420863244001e-02
2.176550195568172086e-01 5.166836284190845507e-01 1.812407252230548715e-01 8.442062680104339689e-02
2.042840744701868438e-01 5.098416755785225574e-01 2.004049441526331021e-01 8.546930579865727462e-02
1.999450528921161152e-01 5.106332926564418617e-01 2.104539395333944740e-01 7.896771491804772947e-02
2.000721631287483149e-01 5.184134103601099053e-01 2.133208924381999050e-01 6.819353407294158342e-02
2.018073131730722114e-01 5.306628592882144391e-01 2.110294625949328262e-01 5.650036494378064128e-02
2.027706797332953503e-01 5.478109780055406830e-01 2.039481626421898175e-01 4.547017961897421162e-02
1.992518566328287111e-01 5.709720075517102922e-01 1.939920948968333891e-01 3.578404091862790598e-02
1.893546778058489699e-01 5.954370927569030414e-01 1.870810462020157383e-01 2.812718323523220529e-02
1.779754757977593249e-01 6.116767034887349297e-01 1.875049253976044106e-01 2.284289531590127584e-02
1.674550728757951690e-01 6.204950759616474354e-01 1.926186537326463055e-01 1.943119742991079868e-02
1.549998809809859657e-01 6.340769597543937097e-01 1.940029412657402474e-01 1.692021799887981001e-02
1.398563498834753949e-01 6.590218148536068909e-01 1.864268594076503582e-01 1.469497585526734207e-02
1.211346279695177941e-01 6.941398348781701033e-01 1.721298568334745926e-01 1.259568031883718728e-02
9.767883845458844028e-02 7.350543153486311931e-01 1.564931684487429753e-01 1.077367774803747805e-02
7.486920128327730073e-02 7.720198573183618684e-01 1.433617753267826811e-01 9.749166071578335355e-03
5.532878369777926436e-02 8.007089754960394767e-01 1.341720720914503506e-01 9.790168714730941232e-03
4.065434313527774290e-02 8.192923463545845886e-01 1.291959811281317150e-01 1.085732938200582864e-02
2.796008563776032976e-02 8.333273790879907050e-01 1.261271105423704408e-01 1.258542473187867702e-02
1.755598811753169078e-02 8.463392368299288426e-01 1.211423667510376917e-01 1.496240830150204378e-02
9.554752794743411395e-03 8.620110531341217408e-01 1.104248389052214369e-01 1.800935516591347166e-02
5.222453164113865891e-03 8.781658113471376703e-01 9.496749164234939700e-02 2.164424384639921511e-02
2.843689205057811815e-03 8.928449186944368288e-01 7.887885956728807324e-02 2.543253253321764787e-02
1.550454418077455839e-03 9.051925763378708689e-01 6.440655356748731242e-02 2.885041567656433312e-02
8.505336060783484208e-04 9.167523610706183046e-01 5.121284106974127032e-02 3.118426425356211895e-02
4.960261242847164133e-04 9.274447984084577268e-01 3.966387330463874011e-02 3.239530216261859302e-02
3.231244168023347709e-04 9.352562043067267350e-01 3.074642157029415165e-02 3.367424970617691193e-02
2.197913936876189870e-04 9.407991093124502546e-01 2.352372567236993978e-02 3.545737362149214283e-02
1.460014401587950053e-04 9.452520943821562938e-01 1.769185712450509901e-02 3.691004705318004508e-02
1.045647961719246502e-04 9.483662548252279612e-01 1.405950832256733923e-02 3.746967205603246587e-02
9.226612370994723470e-05 9.494979146748494525e-01 1.280052328575981280e-02 3.760929591568074742e-02
1.044009122430164407e-04 9.479285018227804338e-01 1.376287006373612572e-02 3.820422720124053151e-02
1.490841342008842761e-04 9.431461575605813996e-01 1.682896762205878319e-02 3.987579068315887793e-02
2.389343343029460295e-04 9.357262239942781834e-01 2.151677303279765294e-02 4.251806863862137714e-02
4.012885807800388319e-04 9.242142013984090410e-01 2.838908364852922930e-02 4.699542637228157349e-02
7.328560659844686942e-04 9.023451075666082399e-01 4.077495363041849091e-02 5.614708273698876956e-02
1.388843920518169567e-03 8.628509391947593032e-01 6.387797851476678668e-02 7.188223836995563665e-02
2.541939182104918388e-03 8.007821305367488485e-01 1.040056418624716456e-01 9.267028841867426536e-02
4.480996376051592754e-03 7.165750478660286582e-01 1.662152919193069234e-01 1.127286638386127693e-01
6.804512791204941381e-03 6.141637585421102496e-01 2.532319208134046207e-01 1.257998078532803210e-01
9.876588630895686768e-03 4.972688524105079444e-01 3.651895272908806667e-01 1.276650316677159502e-01
1.221805311888005986e-02 3.797503551586606796e-01 4.909948813035315274e-01 1.170367104189279084e-01
1.331571665156837218e-02 2.765806103558399176e-01 6.121177071446900486e-01 9.798596584790167374e-02
1.384957362781239799e-02 2.008136883307226894e-01 7.068142942857408295e-01 7.852244375572427215e-02
1.431552766149756309e-02 1.539553896398321298e-01 7.669977559022799207e-01 6.473132679639015397e-02
1.496817847861541158e-02 1.286488846556886889e-01 7.990193771828906222e-01 5.736355968280484885e-02
1.590817702685061105e-02 1.178112498146470788e-01 8.110339083831724638e-01 5.524666477532969022e-02
1.665408525309552620e-02 1.139915267935883575e-01 8.135399672182012099e-01 5.581442073511484053e-02
1.785435046127891584e-02 1.146742831751023928e-01 8.107639426396373583e-01 5.670742372398127756e-02
2.032239464844112081e-02 1.190328448929650895e-01 8.038820481734392231e-01 5.676271228515478162e-02
2.284892238444131696e-01 4.514180084849014896e-01 3.038849590705730574e-01 1.620780860011222443e-02
4.613137587290512265e-01 3.117632466588591278e-01 1.456843186536058155e-01 8.123867595848376089e-02
2.990414771178040443e-01 4.020187285079213635e-01 1.778259116491306968e-01 1.211138827251439926e-01
1.797319828531741270e-01 4.629675922245763409e-01 1.895945332406047124e-01 1.677058916816447642e-01
1.039710036095422424e-01 4.845869541183133178e-01 1.857015451497967817e-01 2.257404971223477275e-01
5.790927105381744877e-02 4.772749339525082513e-01 1.706741675723093821e-01 2.941416274213646820e-01
3.069092788986416132e-02 4.549894766387665990e-01 1.511175459009726496e-01 3.632020495703965901e-01
1.628073626744176369e-02 4.275920766854054422e-01 1.343546948247395234e-01 4.217724922224130313e-01
9.358730474513941161e-03 3.922118525741293826e-01 1.230179423129996591e-01 4.754114746383571455e-01
6.010906956032691269e-03 3.365110416547087424e-01 1.159524180235994018e-01 5.415256333656591758e-01
4.182068470289218749e-03 2.620930819784648702e-01 1.078144751142079139e-01 6.259103744370378974e-01
2.987672062601669752e-03 1.872788423803624924e-01 9.307447217686723451e-02 7.166590133801684637e-01
2.123152709910335924e-03 1.269355971764754565e-01 7.319534468682446782e-02 7.977459054267896921e-01
1.440868584826024727e-03 8.043716405985833207e-02 5.433400749006047498e-02 8.637879598652551394e-01
9.193516918234792556e-04 4.624204082659950227e-02 4.149116464637158525e-02 9.113474428352057455e-01
5.860063593121600219e-04 2.467451594813186225e-02 3.733170111932330310e-02 9.374077765732324874e-01
4.064656080924489590e-04 1.286547357633717643e-02 4.367255931208360170e-02 9.430555015034868260e-01
3.225288793855453254e-04 6.967165608813763282e-03 6.525706955226973083e-02 9.274532359595311082e-01
2.982843795357727700e-04 4.125464393390419759e-03 1.092869113539769038e-01 8.862893398730966599e-01
3.342369178854741872e-04 2.820054166426811792e-03 1.746241131056345819e-01 8.222215958100532740e-01
4.177211270158231733e-04 2.316261586840171523e-03 2.443275581677016861e-01 7.529384591184421494e-01
5.001245697007571751e-04 2.152563523570848267e-03 2.912197405029359198e-01 7.061275714037924534e-01
5.589597840828350490e-04 2.128750876738799182e-03 2.983282217572255646e-01 6.989840675819526394e-01
6.031219905912514698e-04 2.277484492491257170e-03 2.831345437340382909e-01 7.139848497828790164e-01
6.399919682313950356e-04 2.667726431939174137e-03 2.725654525649551796e-01 7.241268290348742420e-01
6.825833293843537293e-04 3.380108283153087940e-03 2.828012322368240739e-01 7.131360761506383428e-01
7.302618351331305714e-04 4.520117487428621482e-03 3.181956812573772941e-01 6.765539394200611456e-01
7.594697838717717753e-04 6.272272387141627527e-03 3.720039056891321638e-01 6.209643521398544586e-01
7.743885261355725955e-04 9.290239710662003686e-03 4.393872155854556261e-01 5.505481561777468835e-01
8.133411707249812213e-04 1.526573106926575572e-02 5.159464461884893938e-01 4.679744815715196626e-01
9.383266687561786501e-04 2.786481200874463965e-02 5.849366233680096672e-01 3.862602379544894937e-01
1.293528430429994767e-03 5.554940642807297546e-02 6.252376733778673978e-01 3.179193917636297106e-01
2.266774985048340251e-03 1.183373497893225185e-01 6.116365397110338220e-01 2.677593355145952980e-01
3.979731970258115412e-03 2.548194652116063663e-01 5.118879810347529702e-01 2.293128217833826088e-01
3.987421849618889673e-03 4.814136921104102407e-01 3.466080919673634186e-01 1.679907940726072524e-01
2.552493976200412469e-03 7.171987338249393718e-01 1.919356150454925580e-01 8.831315715336773842e-02
1.098159643569999837e-03 8.733920227242985002e-01 9.072014533572343720e-02 3.478967229640800296e-02
9.187120192946112871e-04 9.460450445174650724e-01 4.099755665848330705e-02 1.203868680475716005e-02
1.899774274124883507e-04 9.767794286423489014e-01 1.883786012350726138e-02 4.192733806731478198e-03
5.026559049535425400e-05 9.884974959764875058e-01 9.761022678394218680e-03 1.691215754622960943e-03
1.784013937768941165e-05 9.933548500589711727e-01 5.793386366144332063e-03 8.339234355067258204e-04
8.254236979983182575e-06 9.956149473365855096e-01 3.880001760789678327e-03 4.967966656449213222e-04
4.463616220219511866e-06 9.968810169491264528e-01 2.776624493585986859e-03 3.378949410674621711e-04
2.473984857463406609e-06 9.977572916018142557e-01 1.991263578001891636e-03 2.489708353262264258e-04
1.400669453214658513e-06 9.983588476121556532e-01 1.441341238190022890e-03 1.984104802008653651e-04
8.942117301246962071e-07 9.986987003495961801e-01 1.123041919523596558e-03 1.773635191500016225e-04
7.344676808908358665e-07 9.988008951169080607e-01 1.011098385712240347e-03 1.872720296988133332e-04
9.134655798665515411e-07 9.986219940332141665e-01 1.127923771959911435e-03 2.491687292461440724e-04
1.783977263796342037e-06 9.980094031636635998e-01 1.565801437714112480e-03 4.230114213585691222e-04
4.929001636429211239e-06 9.965826879693272522e-01 2.535294279731906044e-03 8.770887493043479956e-04
1.745501570140107079e-05 9.933868006543470353e-01 4.469736912949570304e-03 2.126007417001984662e-03
6.334463131355303834e-04 9.844430205504763887e-01 9.100555875582260965e-03 5.822977260805824000e-03
1.085999067280182763e-03 9.662051830458594504e-01 1.694109474968219509e-02 1.576772313717809612e-02
1.836012711446326044e-03 9.289287417033289529e-01 2.934866592156416473e-02 3.988657966366077057e-02
3.083060599482911109e-03 8.579502354449835000e-01 4.649717889451641245e-02 9.246952506101699387e-02
4.973985809032760268e-03 7.386856870229888683e-01 6.568883352843125911e-02 1.906514936395473092e-01
6.719207148672098548e-03 5.828163343298925492e-01 8.027671039929787367e-02 3.301877481221376365e-01
7.774959058384605000e-03 4.330156412914467623e-01 8.822955426161262216e-02 4.709798453885560843e-01
8.621063332147432812e-03 3.247991077232078028e-01 9.298963715787134099e-02 5.735901917867733957e-01
9.917196409704951907e-03 2.612197334717096808e-01 1.002420785227659400e-01 6.286209915958193006e-01
1.229045247067208670e-02 2.327852983184832414e-01 1.137727503675733109e-01 6.411514988432713835e-01
1.630583117610834298e-02 2.309367786052108906e-01 1.356400426307692031e-01 6.171173475879114800e-01
2.205167290075673789e-02 2.486397101329452519e-01 1.662223926260103790e-01 5.630862243402876555e-01
2.867907491026130268e-02 2.781117510612399202e-01 2.056478380973578157e-01 4.875613359311407602e-01
3.517520366531215470e-02 3.120910063103380372e-01 2.543383242120160759e-01 3.983954658123337600e-01
4.073507238131485880e-02 3.440878152684046509e-01 3.084235840199682777e-01 3.067535283303121640e-01
4.419837785991270057e-02 3.728118549081648192e-01 3.572332558070828168e-01 2.257565114248394345e-01
4.691262889115246221e-02 3.962818321871336424e-01 3.930753680297774943e-01 1.637301708919362553e-01
4.731446838998836640e-02 4.199138451479481615e-01 4.111825454718481820e-01 1.215891409902153386e-01
4.491431398424633459e-02 4.413986090538856710e-01 4.204683312235635295e-01 9.321874573830445099e-02
4.163827358348553415e-02 4.614362833251102747e-01 4.221914374185705143e-01 7.473400567283378093e-02
3.979731989818214438e-02 4.784249718398118634e-01 4.171360035896477525e-01 6.464170467235816342e-02
1.047332484187970918e-02 1.554783934947041174e-02 1.990111068190547061e-01 7.749677289895954280e-01
9.360554727469336811e-01 4.975054171665672931e-02 8.428854241822058418e-03 5.765131294587376790e-03
9.365284488955946118e-01 4.999057609818084724e-02 8.067784581854770681e-03 5.413190424369935042e-03
9.364551063124357810e-01 5.054091421654584998e-02 7.861518074009163012e-03 5.142461397008973520e-03
9.358493544710092538e-01 5.135583095909435764e-02 7.836634994879977320e-03 4.958179575016203981e-03
9.341532216242897091e-01 5.284375889268336929e-02 8.092081165396551590e-03 4.910938317630501870e-03
9.303351189847557379e-01 5.583567183945704893e-02 8.764042339167513185e-03 5.065166836619423331e-03
9.233351148712780621e-01 6.121385381376481805e-02 9.984432024182515047e-03 5.466599290774670772e-03
9.124974826630642966e-01 6.951930338710086976e-02 1.185708254160530717e-02 6.126131408229157881e-03
8.971396681658168060e-01 8.127640723193307881e-02 1.452342690529018904e-02 7.060497696960232362e-03
8.767235359718356102e-01 9.683808779058483696e-02 1.815644487206422714e-02 8.281931365515171270e-03
8.508261084938416596e-01 1.163845355138060367e-01 2.297954099064689407e-02 9.809815001705544935e-03
8.190232302271680531e-01 1.399842241314134816e-01 2.930456063151010496e-02 1.168798500990820763e-02
7.804620836858257027e-01 1.678999191767165389e-01 3.764089943464269533e-02 1.399709770281498157e-02
7.332989834879809488e-01 2.009391919106498225e-01 4.887430818798179505e-02 1.688751641338747875e-02
6.760251746642486070e-01 2.392069457195833415e-01 6.422362285644522828e-02 2.054425675972280235e-02
6.092730888482195128e-01 2.806737479553501058e-01 8.508150436530606542e-02 2.497165883112442350e-02
5.338541035563431070e-01 3.226659485181309073e-01 1.135744983320037399e-01 2.990544959352239851e-02
4.502636983602058551e-01 3.618629736531936980e-01 1.529537065754142389e-01 3.491962141118594432e-02
3.606408445699101351e-01 3.923211141117853296e-01 2.075570179056471787e-01 3.948102341265714160e-02
2.745855814975006193e-01 3.993816082097209064e-01 2.827539541565932679e-01 4.327885613618561583e-02
1.953869639903979272e-01 3.752501428828691199e-01 3.835331700206643379e-01 4.582972310606813621e-02
1.294237957965650720e-01 3.173300759922640379e-01 5.068718954082601647e-01 4.637423280291068373e-02
7.944627692005219732e-02 2.397700834126095804e-01 6.367427318195602037e-01 4.404090784777818512e-02
4.496374381559860300e-02 1.649421082297058139e-01 7.514956029425321482e-01 3.859854501216357370e-02
2.486038083758729603e-02 1.076196998263102417e-01 8.362215374673539481e-01 3.129838186874836503e-02
1.439857805135406552e-02 7.095345600026545241e-02 8.908524442753471551e-01 2.379552167303346927e-02
9.426225007456155366e-03 5.015371393005235712e-02 9.228749403539371343e-01 1.754512070855423697e-02
7.443541596430062156e-03 3.972590421275910139e-02 9.394822254018850849e-01 1.334832878892560845e-02
7.239701064205262063e-03 3.663363228579659403e-02 9.449864880016016766e-01 1.114017864839632506e-02
8.127716345171405454e-03 3.911229504994542111e-02 9.425228548262353234e-01 1.023713377864768001e-02
9.868295280032010619e-03 4.621157130341188579e-02 9.338714491060832179e-01 1.004868431047261854e-02
1.304075678835519073e-02 5.887183855634967045e-02 9.175707416545652029e-01 1.051666300072994290e-02
1.869220153508803495e-02 7.836052162415010902e-02 8.912523619358097005e-01 1.169491490495264650e-02
2.744882225607062423e-02 1.027343029232715421e-01 8.565040152682071861e-01 1.331285955245065100e-02
3.867783734554237907e-02 1.259951460022392944e-01 8.204425821580557665e-01 1.488443449416270055e-02
5.092593129923724676e-02 1.428797749223683078e-01 7.900551585259749654e-01 1.613913525241944188e-02
6.360484353540599156e-02 1.542288988185208098e-01 7.649559071187853609e-01 1.721035052728795561e-02
7.810405015259813677e-02 1.660824179033839054e-01 7.373696362162881490e-01 1.844389572772999961e-02
9.615147984439120776e-02 1.829078060846278386e-01 7.009845615417364950e-01 1.995615252924447247e-02
1.172905003001642604e-01 2.036528673206250140e-01 6.576042698661171970e-01 2.145236251309339676e-02
1.388444239704545169e-01 2.244037475233367496e-01 6.142157714498557297e-01 2.253605705635345832e-02
1.571348946669372526e-01 2.440103386812178532e-01 5.758823378689829076e-01 2.297242878286162235e-02
1.728146391384794978e-01 2.599803635734290186e-01 5.443491339732979828e-01 2.285586331479368127e-02
1.848857591230331221e-01 2.718277074758514988e-01 5.209605869162494685e-01 2.232594648486581693e-02
1.953857397805061347e-01 2.777429714706594610e-01 5.052049905663866802e-01 2.166629818244752981e-02
2.060180505120260963e-01 2.767745447463574315e-01 4.962139917087992624e-01 2.099341303281745258e-02
2.172705332619793428e-01 2.687930856154094328e-01 4.935946036631247980e-01 2.034177745948710994e-02
2.290765879278655603e-01 2.530070822100751737e-01 4.981400754482760984e-01 1.977625441378316404e-02
2.379992697074472807e-01 2.339516809951540932e-01 5.087408548742710090e-01 1.930819442312738457e-02
2.462140456468709382e-01 2.132778207889255984e-01 5.214302375646289178e-01 1.907789599957460461e-02
2.549166334604673900e-01 1.931873931172363723e-01 5.327246582317903822e-01 1.917131519050607399e-02
2.637777002644085544e-01 1.742148622545453829e-01 5.423593371817958531e-01 1.964810029925015064e-02
2.698575228349142652e-01 1.560006200407964838e-01 5.536934862353559694e-01 2.044837088893333710e-02
2.704582662530559678e-01 1.387095656785821696e-01 5.693139825385082897e-01 2.151818552985352087e-02
2.657027102546091202e-01 1.235124276028277540e-01 5.878873931094085181e-01 2.289746903315436483e-02
2.575457104190035929e-01 1.123273148672843391e-01 6.056039948363977077e-01 2.452297987731428403e-02
2.511466517995536996e-01 1.049830982575343519e-01 6.175349724480660996e-01 2.633527749484591493e-02
2.475734628720636654e-01 1.019819533241236864e-01 6.221214571000587279e-01 2.832312670375414232e-02
2.459141608794816747e-01 1.018466164365544740e-01 6.218917102463024094e-01 3.034751243766135170e-02
2.455350076240262192e-01 1.034689376717154302e-01 6.187099156811249889e-01 3.228613902313345885e-02
2.442812175646130179e-01 1.052998873778493438e-01 6.164690214862991180e-01 3.394987357123875615e-02
2.378672565423199659e-01 1.050018139616804708e-01 6.221329243741594572e-01 3.499800512184021717e-02
2.234071419559556237e-01 1.008385653022547124e-01 6.406631982516316492e-01 3.509109449015780646e-02
2.025204244052836444e-01 9.342086216541727051e-02 6.699733608445143096e-01 3.408535258478460200e-02
1.792523427844786854e-01 8.521623358314735219e-02 7.035544062417863342e-01 3.197701739058754489e-02
1.554720248265154259e-01 7.767740952366210261e-02 7.381721591198852073e-01 2.867840652993687567e-02
1.320037771952263517e-01 6.957753386398164708e-02 7.742059490884741768e-01 2.421273985231809853e-02
1.103899968065498172e-01 6.340353954320732122e-02 8.065259367441115490e-01 1.968052690613135078e-02
9.405067846042333701e-02 5.960177776192264465e-02 8.303966053909082046e-01 1.595093838674626133e-02
8.157143161118839136e-02 5.698855713905762871e-02 8.483176381833656965e-01 1.312237306638812384e-02
7.154648478767225428e-02 5.394671656237236268e-02 8.634013464424367124e-01 1.110545220751825261e-02
7.102704446087708488e-04 9.475596500786386267e-01 7.353067127904388926e-03 4.437701234884799256e-02
5.380631462493328226e-04 9.645182559654649213e-01 5.279113259487789103e-03 2.966456762879801645e-02
3.827498575656081972e-04 9.784324482774873211e-01 3.481525200574815942e-03 1.770327666437231107e-02
2.691792888088790259e-04 9.877504498868906468e-01 2.219973630225492104e-03 9.760397194074817498e-03
1.610538241801854278e-05 9.939979608477239603e-01 8.654606272667702887e-04 5.120473142591317611e-03
4.716417494721545438e-06 9.967828156362437131e-01 5.760534895852542636e-04 2.636414456676357439e-03
1.285748149172202107e-06 9.983281883749380858e-01 3.885755386693512023e-04 1.281950338243432845e-03
3.051465756968875358e-07 9.991879222230338753e-01 2.449512005673004319e-04 5.668214298229425508e-04
6.679739987638470747e-08 9.996249156706307204e-01 1.395382029565040110e-04 2.354793290127331004e-04
1.602790318029456123e-08 9.998235111956976784e-01 7.577003181884992434e-05 1.007027445802303702e-04
5.343456183292441483e-09 9.999058843767160143e-01 4.395183062858784302e-05 5.015844919921188123e-05
2.969561502106035230e-09 9.999377510317477569e-01 3.032912497566992295e-05 3.191687371507721360e-05
2.736341780440834898e-09 9.999484350162672897e-01 2.569159221480857313e-05 2.587065517615576803e-05
3.929588234434042166e-09 9.999474021850198735e-01 2.654823649780203171e-05 2.604564889420708329e-05
8.271146880421646300e-09 9.999358135878924081e-01 3.252295811866751877e-05 3.165518284214728038e-05
2.387874425732434384e-08 9.999109860969891406e-01 4.489939788381216567e-05 4.409062638272027567e-05
8.853494219436189372e-08 9.998677209584387882e-01 6.629543064312257671e-05 6.589507597582855251e-05
3.730784770905907400e-07 9.998023107534106391e-01 9.869528010480485916e-05 9.862088800739386935e-05
1.504893728845553493e-06 9.997168523723722888e-01 1.409808417524147550e-04 1.406618921466319747e-04
1.704932875193706501e-03 9.973674647097239276e-01 5.239585326476480344e-04 4.036438824346002966e-04
3.328661292608917251e-03 9.953300437091753272e-01 7.757705354083554083e-04 5.655244628072171121e-04
6.156782009816442330e-03 9.920165600209739365e-01 1.075587692977746828e-03 7.510702762317507473e-04
1.061996171446081411e-02 9.870144095877680934e-01 1.412538770675191707e-03 9.530899270960083158e-04
9.923708305558965881e-01 5.651081593535358522e-03 1.295115615720376706e-03 6.829722348477548560e-04
9.886254081719741960e-01 8.788773385409573771e-03 1.752278587295121298e-03 8.335398553213049962e-04
9.812010086513001106e-01 1.511996258900379433e-02 2.578723962785626177e-03 1.100304796910420982e-03
9.656874223803465496e-01 2.859260039682001014e-02 4.136725173924012296e-03 1.583252048909542702e-03
9.350308749388592799e-01 5.545521986922136159e-02 7.074881076904167808e-03 2.439024115015298207e-03
8.726539009735465591e-01 1.111509171261007706e-01 1.229297727993693655e-02 3.902204620415779777e-03
7.633653130055094715e-01 2.097104205119721398e-01 2.078404663014257747e-02 6.140219852375647207e-03
6.093830459963832658e-01 3.495022263371895810e-01 3.219888718670561173e-02 8.915840479721765313e-03
4.440671741003697215e-01 5.000334192652134968e-01 4.429490745454930239e-02 1.160449917986757472e-02
3.079850781998426101e-01 6.233298540663045895e-01 5.494222026384733282e-02 1.374284747000556126e-02
2.134390921507691441e-01 7.070688258318255093e-01 6.415635727308988123e-02 1.533572474431562326e-02
1.461472704226465524e-01 7.652845886685152310e-01 7.233740150141612646e-02 1.623073940742219765e-02
1.010418123825205239e-01 8.014215702639460037e-01 8.089231382580534813e-02 1.664430352772802019e-02
7.089502856915902429e-02 8.228797314548688124e-01 8.961310811735467841e-02 1.661213185861734956e-02
5.139205256843665248e-02 8.336152795449084385e-01 9.876497497167709139e-02 1.622769291497759211e-02
3.792098148392861884e-02 8.361043162312239430e-01 1.103863874538916767e-01 1.558831483095570423e-02
2.941372037537481887e-02 8.272346576202600499e-01 1.283050432041013267e-01 1.504657880026358079e-02
2.298517637026248686e-02 8.096843538401132800e-01 1.527506425177339866e-01 1.457982727189027425e-02
1.827047854278073674e-02 7.882811069058764941e-01 1.792026219398066278e-01 1.424579261153604767e-02
1.457730870051208126e-02 7.720706455646902944e-01 1.993827577940290030e-01 1.396928794076873065e-02
1.167327496570313809e-02 7.689627605446254233e-01 2.056551211516577382e-01 1.370884333801353910e-02
9.475873371933885708e-03 7.811567290643318673e-01 1.958989673960898625e-01 1.346843016764446774e-02
7.839796693021748933e-03 8.017546100781097751e-01 1.770050185902245499e-01 1.340057463864389661e-02
6.126712475885163177e-03 8.197968040040026771e-01 1.601850628438279134e-01 1.389142067628422114e-02
5.217710304019240741e-03 8.279190609138261658e-01 1.513766655548942908e-01 1.548656322726064787e-02
4.531526900285070582e-03 8.295004562574145313e-01 1.475734290705811858e-01 1.839458777171916470e-02
4.037998751658053616e-03 8.312901122127624998e-01 1.423436472278716836e-01 2.232824180770784026e-02
3.783816909454899152e-03 8.349446713290981092e-01 1.344179320072440009e-01 2.685357975420329599e-02
3.713475055199011096e-03 8.379652697179743592e-01 1.265526869052508441e-01 3.176856832157586713e-02
3.767254817552335121e-03 8.404911194952549014e-01 1.187150916774501047e-01 3.702653400974267872e-02
3.959821999505892635e-03 8.437595980326140221e-01 1.102166073108518662e-01 4.206397265702828403e-02
4.361019933007197376e-03 8.489193311524539931e-01 1.011826650267520916e-01 4.553698388778665979e-02
5.155705073360281401e-03 8.564938542793082421e-01 9.170069017669500722e-02 4.664975047063644326e-02
6.458392366620838154e-03 8.651114840705185216e-01 8.261627608712486526e-02 4.581384747573585825e-02
8.306680810538435294e-03 8.731040436798700455e-01 7.494333841992023570e-02 4.364593708967157842e-02
1.072231708653997861e-02 8.801634882428771567e-01 6.879212114474005102e-02 4.032207352584246673e-02
1.360484172967740477e-02 8.871324754619247521e-01 6.349204334485075707e-02 3.577063946354698543e-02
1.685116321579284079e-02 8.948162865543842770e-01 5.816463586462172763e-02 3.016791436520116151e-02
1.994094840472499658e-02 9.030931713442786890e-01 5.266037039846286488e-02 2.430550985253316157e-02
2.410498806749838269e-02 9.091483096552813725e-01 4.745641735904213704e-02 1.929028491817818408e-02
2.837218172926611603e-02 9.133314360529238840e-01 4.279962440163035536e-02 1.549675781617966368e-02
3.237493517476389832e-02 9.162044983459640690e-01 3.858757144862787203e-02 1.283299503064421268e-02
3.569180287685695674e-02 9.188739318811712797e-01 3.451743212527687982e-02 1.091683311669510575e-02
3.753771049704289486e-02 9.228216780369663530e-01 3.031291051399371411e-02 9.327700951997155987e-03
3.734091221735404836e-02 9.289539974952735202e-01 2.587649603371489082e-02 7.828594253656966442e-03
3.704981622560049592e-02 9.347737394177439985e-01 2.156427126554094978e-02 6.612173091114337264e-03
3.500127019942014805e-02 9.419821121268373565e-01 1.753214392855302617e-02 5.484473745189444999e-03
3.096199303382294460e-02 9.509611103045655378e-01 1.367602893290204534e-02 4.400867728709560722e-03
2.519924967677277319e-02 9.612759505741992339e-01 1.017885009107274627e-02 3.345949657955471328e-03
1.922694786990642585e-02 9.710517166293534119e-01 7.304642498027225442e-03 2.416693002713124570e-03
1.448001407094220115e-02 9.785398426252807091e-01 5.257192474204822920e-03 1.722950829572407081e-03
1.159693419586510857e-02 9.830680077035922615e-01 4.041836944677739719e-03 1.293221155864787003e-03
1.035612572970395946e-02 9.851202865255082042e-01 3.456496644159083153e-03 1.067091100628871818e-03
1.035736787257534978e-02 9.853863402382977421e-01 3.284209641340306556e-03 9.720822477864566984e-04
1.153650217325479302e-02 9.840924195430392762e-01 3.405472081752652057e-03 9.656062019532354228e-04
1.398447874318180066e-02 9.812800239065408991e-01 3.723617372492818520e-03 1.011879977784388646e-03
1.765440910790757462e-02 9.771835030550125589e-01 4.094716069743114042e-03 1.067371767336766078e-03
2.211039869834661650e-02 9.724618205986388375e-01 4.338174534555681167e-03 1.089606168458572954e-03
2.702106231581708276e-02 9.675147845825743387e-01 4.390952101185639778e-03 1.073201000422861371e-03
3.260496604269219612e-02 9.620111719679000917e-01 4.341264907001895525e-03 1.042597082406022252e-03
3.874232552033631677e-02 9.560108888250196113e-01 4.246092526366988980e-03 1.000693128277120028e-03
4.614739796229896246e-02 9.486705579914824771e-01 4.215079611745197082e-03 9.669644344730422402e-04
5.632294599049338796e-02 9.383154999360874271e-01 4.386934129307203285e-03 9.746199441120786911e-04
7.111836385943534622e-02 9.229280766434211358e-01 4.889873597989296411e-03 1.063685899154348394e-03
9.355851499515603631e-02 8.993101803900330760e-01 5.842965395901926137e-03 1.288339218908831274e-03
1.277211895414861464e-01 8.635822328576229223e-01 7.034491182036292645e-03 1.662086418854820304e-03
1.715747484824110269e-01 8.180137049448907849e-01 8.278985619671892782e-03 2.132560953026351770e-03
2.218573414076700223e-01 7.663786381844596152e-01 9.161081401441298344e-03 2.602939006429094530e-03
2.728057505053564369e-01 7.146592301874888919e-01 9.548395902300946952e-03 2.986623404853887710e-03
3.222801736432104880e-01 6.649239635557508965e-01 9.533955645471377943e-03 3.261907155567565428e-03
3.719582733620704906e-01 6.152581390429837649e-01 9.318508204395227826e-03 3.465079390550299381e-03
4.223207117527596477e-01 5.649935522091794615e-01 9.057883343718309971e-03 3.627852694342278538e-03
4.709725793901025637e-01 5.164697887719053027e-01 8.810161844992406288e-03 3.747469992999569958e-03
5.154681082928369573e-01 4.721333525045126045e-01 8.585532834318638368e-03 3.813006368331756449e-03
5.534211636983428217e-01 4.337459219228675389e-01 8.936230330449121059e-03 3.896684048340406416e-03
5.893742900385551264e-01 3.981375695489119959e-01 8.609854602672609852e-03 3.878285809860470765e-03
6.187350171929479892e-01 3.692222911065784485e-01 8.214268417919034712e-03 3.828423282554457765e-03
6.414774576278721163e-01 3.470311142978377283e-01 7.753939672143016215e-03 3.737488402147157336e-03
6.585578081645869775e-01 3.306245895923843325e-01 7.239685787213813277e-03 3.577916455814750957e-03
6.706145597989312535e-01 3.194010309263958791e-01 6.658717756064005434e-03 3.325691518608798244e-03
6.789721012007731149e-01 3.119621660929245421e-01 6.046986984174146547e-03 3.018745722128112277e-03
6.845022009681687170e-01 3.073633075576416851e-01 5.433812648154027515e-03 2.700678826035801151e-03
6.875477433267472849e-01 3.051871881900516947e-01 4.864380309968939151e-03 2.400688173231856157e-03
6.890378006281026035e-01 3.043342887724804768e-01 4.460052433922901891e-03 2.167858165494004289e-03
6.893361389632129965e-01 3.043113514157209654e-01 4.317423941454083015e-03 2.035085679612060050e-03
6.866787150137545481e-01 3.069521683748970831e-01 4.394035438151645302e-03 1.975081173196818925e-03
6.758613810087475970e-01 3.176898877027958812e-01 4.527594678976041426e-03 1.921136609480520677e-03
6.547523498249128160e-01 3.386064332037030944e-01 4.733565256958869455e-03 1.907651714425020453e-03
6.302060305771201021e-01 3.626271258196455127e-01 5.151893308694941408e-03 2.014950294539479339e-03
