2.665425928280806267e-01 7.236820232546592457e-01 5.484375835428709385e-03 4.291008081831264656e-03
9.918388818348806701e-01 6.918004606797431913e-03 7.054631425025013674e-04 5.376504158192710282e-04
9.932060738633579078e-01 5.817158756080389494e-03 5.436195542774462748e-04 4.331478262840887227e-04
9.939852462861464844e-01 5.213873874149212162e-03 4.382882621231064257e-04 3.625915775812766414e-04
9.940147317600676047e-01 5.268692979292660152e-03 3.881849006643951381e-04 3.283903599756047361e-04
9.930606788173420574e-01 6.218449248108550223e-03 3.904498852695676824e-04 3.304220492797915396e-04
9.905921056124505908e-01 8.595162564653348325e-03 4.449663935972978561e-04 3.677654292986809546e-04
9.853635414636024992e-01 1.363303566647152201e-02 5.610046468334429657e-04 4.424182230925586732e-04
9.741290966477837987e-01 2.450563442187009278e-02 7.883187673930647666e-04 5.769501629532639573e-04
9.511136332688970851e-01 4.687494696071317635e-02 1.198541436051431741e-03 8.128783343379203646e-04
9.012401808533133662e-01 9.569692034670083947e-02 1.875127627284868667e-03 1.187771172700815897e-03
8.033722295440690608e-01 1.920770227116216367e-01 2.862275354547568450e-03 1.688472389762038506e-03
6.382536239011500356e-01 3.554719373262011373e-01 4.095111556796080833e-03 2.179327215852844713e-03
4.288915444749548112e-01 5.645519070035968090e-01 4.243903137526664794e-03 2.312645383921637862e-03
2.408840013041749495e-01 7.531573369125771356e-01 3.888450314362716306e-03 2.070211468885259365e-03
1.185483212944263703e-01 8.764686304274349471e-01 3.318748752776855011e-03 1.664299525361861813e-03
5.656327456542684790e-02 9.396255344283820365e-01 2.498291447259821767e-03 1.312899558931510417e-03
2.703384235049501386e-02 9.699028959035392861e-01 1.983817774898774620e-03 1.079443971066979240e-03
1.361677607104961121e-02 9.838008673315518093e-01 1.650882758044101232e-03 9.314738393543658956e-04
7.422456796332569350e-03 9.903768442060162380e-01 1.383168499838515570e-03 8.175304978128166995e-04
4.432661645868691061e-03 9.937067376695326582e-01 1.150640545324392930e-03 7.099601392743487126e-04
2.992797164479003066e-03 9.953583047152163576e-01 1.019325900724699866e-03 6.295722195802704252e-04
2.224714777930905923e-03 9.961847966061099235e-01 1.009944434776670862e-03 5.805441811824673618e-04
1.690210099317344429e-03 9.966317734851103394e-01 1.127077797401671152e-03 5.509386181705124485e-04
1.320623827169280055e-03 9.966254642918526141e-01 1.483818502135046680e-03 5.700933788430158008e-04
1.113270195028433262e-03 9.958521051415035741e-01 2.344107864951122666e-03 6.905167985165414773e-04
1.021659483977376687e-03 9.937889795629515355e-01 4.196102199188480111e-03 9.932587538826205108e-04
9.927642708400094204e-04 9.898262574180549667e-01 7.568703992932403375e-03 1.612274318172852126e-03
1.032535532353293399e-03 9.833683521078355749e-01 1.282885428263046655e-02 2.770258077180926416e-03
1.117405069127080279e-03 9.742349340718912121e-01 1.993849081292366557e-02 4.709170046058205363e-03
1.188696455155396382e-03 9.633447198173219483e-01 2.797332479844623007e-02 7.493258929076285560e-03
7.488459393519535795e-04 9.543526789671471500e-01 3.418646238492850653e-02 1.071201270857226676e-02
9.352016620127910282e-04 9.483010454914801990e-01 3.708635502073553275e-02 1.367739782577139830e-02
9.004621845752535042e-04 9.458531769661098210e-01 3.709364506531979272e-02 1.615271578399499197e-02
6.857975156769076765e-04 9.469662597911695512e-01 3.378061295689509941e-02 1.856732973625867603e-02
5.185013668997679338e-04 9.455636747595209668e-01 3.179858323607457488e-02 2.211924063750474873e-02
4.245501264086513340e-04 9.381257538133485063e-01 3.314005421600112189e-02 2.830964184424175287e-02
4.083358900082920129e-04 9.236070373781476439e-01 3.733105916401527336e-02 3.865356756782879072e-02
4.489294617628952115e-04 9.037001674729511214e-01 4.122488562271679063e-02 5.462601744256913999e-02
5.111831067932910222e-04 8.772632015353117874e-01 4.274067221139262601e-02 7.948494314650256243e-02
5.922730320061529762e-04 8.396412881791991412e-01 4.249036474114820799e-02 1.172760740476466584e-01
7.068250581351796227e-04 7.956133258441145939e-01 4.031945398262155866e-02 1.633603951151289257e-01
8.125528910649486292e-04 7.625574898940091773e-01 3.564336778823860852e-02 2.009865894266873731e-01
3.596996135395610071e-04 7.576532024319604375e-01 2.855781493461981985e-02 2.134292830198799840e-01
6.142668615282966503e-04 7.839167593915683518e-01 2.057442621622409401e-02 1.948945475306791963e-01
4.204193654229843534e-04 8.287145241732211121e-01 1.442178704278512628e-02 1.564432694185708128e-01
3.306800254913334078e-04 8.728591323630608967e-01 1.050539474987846611e-02 1.163047928615690702e-01
3.584258984523240382e-04 9.050284724925589108e-01 8.406641184560987440e-03 8.620646042442776935e-02
5.027504189426343232e-04 9.237523040452051415e-01 7.548063847913248983e-03 6.819688168793874850e-02
8.070541485446541992e-04 9.327583221843194217e-01 7.411209407541918814e-03 5.902341425959393983e-02
1.280569908594630588e-03 9.361906158488564333e-01 7.496054821473514471e-03 5.503275942107523078e-02
1.838675993808972084e-03 9.365424805762370131e-01 7.601029320318437171e-03 5.401781410963572838e-02
2.501998283532083298e-03 9.344694096487315971e-01 8.070146064813552358e-03 5.495844600292285054e-02
3.459077340323097900e-03 9.304341694034585775e-01 9.369784388149423118e-03 5.673696886806888634e-02
4.703360221065240945e-03 9.259596465758310746e-01 1.147486910530584776e-02 5.786212409779772220e-02
5.871272286471677405e-03 9.223343017500363894e-01 1.391893045817058604e-02 5.787549550532152670e-02
6.713180132388645201e-03 9.186845355054381601e-01 1.655926775550650709e-02 5.804301660666659479e-02
7.678847329730912642e-03 9.127485893221338742e-01 2.010711913693989661e-02 5.946544421119488721e-02
9.061060383179258410e-03 9.029690281002814567e-01 2.530908747562616093e-02 6.266082404091280478e-02
1.049408763499180483e-02 8.889167017855345021e-01 3.249394471087293373e-02 6.809526586860074893e-02
1.166866960972178305e-02 8.709413777552496017e-01 4.190083400422763005e-02 7.548911863080073892e-02
1.239248519853460018e-02 8.502096723898611152e-01 5.340519846645354340e-02 8.399264394515083831e-02
1.230131636246856522e-02 8.280312163649392598e-01 6.679200244672586773e-02 9.287546482586617191e-02
1.112196931284092742e-02 8.051734531101847336e-01 8.237410041993628584e-02 1.013304771570381208e-01
9.137159339266516522e-03 7.821176250077137571e-01 1.012178814542218641e-01 1.075273341987978276e-01
7.076068907658251105e-03 7.600152431477599224e-01 1.245213749199768488e-01 1.083873130246048033e-01
5.332504421999010452e-03 7.415085520406103914e-01 1.511990398356715948e-01 1.019599037017189791e-01
3.835450492812383580e-03 7.323946137907099141e-01 1.748825895178179046e-01 8.888734619866008047e-02
2.574566982148736392e-03 7.427812394360971959e-01 1.833877219081309629e-01 7.125647167362313128e-02
1.652882534858080834e-03 7.804894407675835311e-01 1.659264677365568375e-01 5.193120896100129891e-02
1.133046109022264490e-03 8.371685507073265420e-01 1.271112826846483856e-01 3.458712049900282415e-02
9.963799714939036972e-04 8.900606537423632059e-01 8.685585558465373779e-02 2.208711070148905442e-02
1.301329146007129331e-02 9.748069413002651284e-01 1.099643295908063131e-02 1.183334280582804899e-03
9.683641257799650015e-01 2.978452833769736074e-02 1.200736625111056008e-03 6.506092572265883547e-04
9.681347623953620030e-01 3.011918855589061292e-02 1.139237924145236223e-03 6.068111246024252350e-04
9.646744751279278107e-01 3.358688315438162347e-02 1.144401141028225525e-03 5.942405766622317490e-04
9.592157872802600238e-01 3.899802227214502204e-02 1.184377948714456300e-03 6.018124988806953981e-04
9.493946766674870030e-01 4.865983501006881234e-02 1.307389820538235395e-03 6.380985019058519779e-04
9.367112136382966803e-01 6.104318328636732655e-02 1.533727198306544500e-03 7.118758770293383102e-04
9.221841342713059664e-01 7.512577088049074425e-02 1.868596005074537290e-03 8.214988431286574270e-04
9.054935162250385972e-01 9.123697033606782691e-02 2.307751753781670141e-03 9.617616851117920555e-04
8.842875469073121497e-01 1.116559511758224155e-01 2.907342215149190390e-03 1.149159701716238142e-03
8.565476225492594242e-01 1.382802646184247697e-01 3.763949990047174392e-03 1.408162842268586169e-03
8.223813104031841847e-01 1.708156589516406365e-01 5.026973169928468550e-03 1.776057475246478612e-03
7.837779579238647321e-01 2.069889284255095885e-01 6.923487257971784430e-03 2.309626392653849926e-03
7.406952932785196841e-01 2.464438610329837132e-01 9.783542918225704779e-03 3.077302770270752205e-03
6.914724124042157527e-01 2.901780390802740084e-01 1.416830909048640529e-02 4.181239425023935107e-03
6.377165820694580267e-01 3.356023133568966643e-01 2.090076341955321437e-02 5.780341154092129285e-03
5.797926442725939156e-01 3.815735487904429735e-01 3.063562623149218914e-02 7.998180705471221938e-03
5.166313394698037742e-01 4.289599555447022317e-01 4.355436138682183822e-02 1.085434359867202408e-02
4.522730811203681256e-01 4.741522566198377309e-01 5.928196756648715371e-02 1.429269469330712167e-02
3.922944281981940451e-01 5.119053474314350094e-01 7.745899753945559296e-02 1.834122683091535949e-02
3.361046374371548517e-01 5.422406593481938764e-01 9.861895251359385772e-02 2.303575070105723030e-02
2.882624753728467160e-01 5.584730207762889087e-01 1.251450684858444740e-01 2.811943536501984933e-02
2.489304316097736558e-01 5.633467138020417098e-01 1.553614894975000049e-01 3.236136509068470585e-02
2.192960554370635140e-01 5.647058078746135523e-01 1.817072966035692683e-01 3.429084008475374867e-02
2.003484920774277478e-01 5.693066575044788413e-01 1.969144568869269918e-01 3.343039353116617624e-02
1.892199485037835138e-01 5.797498066758648427e-01 2.006356024874514643e-01 3.039464233290008199e-02
1.814175288151174681e-01 5.949258577816598503e-01 1.974751201209335449e-01 2.618149328228910541e-02
1.744243246268103176e-01 6.124524537803893720e-01 1.914261464545630453e-01 2.169707513823726855e-02
1.666780864502373227e-01 6.326469270737430373e-01 1.831773719936376499e-01 1.749761448238215666e-02
1.558151121557288521e-01 6.561538616376361155e-01 1.741320181979068016e-01 1.389900800872847370e-02
1.412660256842583895e-01 6.778576010235548566e-01 1.697234316749615113e-01 1.115294161722520626e-02
1.277962751782875939e-01 6.888583980824549702e-01 1.739703524021466441e-01 9.374974337110486555e-03
1.181775630806102678e-01 6.901115333407665808e-01 1.833866004892818202e-01 8.324303089341159381e-03
1.063031502748360974e-01 6.988385988616200306e-01 1.873930423177940507e-01 7.465208545749989558e-03
9.369470768996099319e-02 7.199666880370293454e-01 1.797579457551049809e-01 6.580658517904601663e-03
7.963579380452727452e-02 7.516842626013597872e-01 1.630119063712454353e-01 5.668037222867703361e-03
6.385657202650314723e-02 7.881326968264539268e-01 1.431708051009224492e-01 4.839926046120422189e-03
4.928794440973710556e-02 8.225271538862465315e-01 1.238509052199383564e-01 4.333996484077923261e-03
3.822947043499283493e-02 8.511282913819840923e-01 1.062912895646209860e-01 4.350948618401944551e-03
2.902216982896298203e-02 8.754085475152477702e-01 9.076849371823945967e-02 4.800788937549727367e-03
2.043247378933170377e-02 8.978364894175959732e-01 7.627788261402673742e-02 5.453154179045574361e-03
1.287667341538236386e-02 9.197037578745426156e-01 6.135153093071628316e-02 6.068037779358710464e-03
7.175162769047604798e-03 9.407909641093026298e-01 4.559440809467795591e-02 6.439465026971653329e-03
3.702398211314888738e-03 9.584823559496915557e-01 3.124866980892304982e-02 6.566576030070350907e-03
1.883076786593592582e-03 9.708997688787655012e-01 2.061920734779448469e-02 6.597946986846178925e-03
9.735051304467996812e-04 9.786173328995061427e-01 1.371937028767626111e-02 6.689791682370936285e-03
5.157507322285841220e-04 9.834340536319883253e-01 9.220391708462132366e-03 6.829803927321313230e-03
2.777004524935551316e-04 9.870563861383043758e-01 5.989810826932956932e-03 6.676102582269019189e-03
2.994518494074738718e-05 9.909718281422209563e-01 2.912758991427944182e-03 6.085467681410227508e-03
2.062881776957522446e-05 9.925009429010026585e-01 1.847053936514070262e-03 5.631374344713717395e-03
1.438546069393575053e-05 9.937813442508613981e-01 1.173994510905823326e-03 5.030275777538953212e-03
1.044905466032114820e-05 9.947477924783658665e-01 8.205709893750132980e-04 4.421187477598818166e-03
8.735598762861981610e-06 9.952134986077141310e-01 7.121435211773110945e-04 4.065622272345546795e-03
9.160620864142587295e-06 9.950766700970991030e-01 8.061187866740265754e-04 4.108050495362777083e-03
1.263871115409821709e-05 9.941664109778047820e-01 1.156554366787185869e-03 4.664395944253849589e-03
2.158336793373652769e-05 9.923230058830652123e-01 1.877253530835792592e-03 5.778157218165086602e-03
4.379674769661182429e-05 9.890249190067419427e-01 3.268054814551530664e-03 7.663229431010150881e-03
2.860920079290877227e-04 9.804421388442683405e-01 7.922097996130143122e-03 1.134967115167234003e-02
6.250089198486965918e-04 9.645356683755105243e-01 1.681214059711464565e-02 1.802718210752632388e-02
1.321694444536290151e-03 9.325762482614504689e-01 3.693008704732927278e-02 2.917197024668395991e-02
2.692209984870847731e-03 8.719384813832737890e-01 8.017325680763680296e-02 4.519605182421854855e-02
5.114167316049187881e-03 7.671623364959728741e-01 1.639170291564473469e-01 6.380646703153058930e-02
8.190694274992671095e-03 6.116377021888540488e-01 3.015270049593628543e-01 7.864459857679009791e-02
1.036161580609466261e-02 4.337101679789409636e-01 4.740491713637643989e-01 8.187904485120013620e-02
1.077831281399685946e-02 2.792915240976950320e-01 6.366785371098983015e-01 7.325162597840977063e-02
1.034350871358911440e-02 1.778987585960272177e-01 7.512667113684511344e-01 6.049102132193250742e-02
9.990693686660667705e-03 1.234041682619673175e-01 8.156783642348797159e-01 5.092677381649237528e-02
1.006697619595699200e-02 9.634808962092404616e-02 8.471565617958884964e-01 4.642837238723047932e-02
1.062220772247568848e-02 8.376089210650801420e-02 8.588288134643219385e-01 4.678808670669442477e-02
1.133776602268272982e-02 7.740847730528348236e-02 8.601286200824086459e-01 5.112513658962555135e-02
1.256754709192121032e-02 7.541861819780198983e-02 8.545221116361210179e-01 5.749172307415600924e-02
1.474791734065124260e-02 7.733123431381348778e-02 8.444114389692186640e-01 6.350940937631645300e-02
2.505180516372329524e-01 3.460224272288719427e-01 3.886154736705234591e-01 1.484404746337153295e-02
4.054711374028244220e-01 4.372371588225077432e-01 1.110488104532906528e-01 4.624289332137707792e-02
2.680141998134402126e-01 5.224359137157844613e-01 1.397930799287535608e-01 6.975680654202204289e-02
1.660190572629463845e-01 5.743819477673934859e-01 1.603988712677657524e-01 9.920012370189447426e-02
9.999349183162831167e-02 5.918802931495027453e-01 1.726156631411742137e-01 1.355105518776948959e-01
5.849966406033677707e-02 5.904835132013765975e-01 1.751505158979403676e-01 1.758663068403460983e-01
3.273654660165243452e-02 5.843680700559924501e-01 1.700573089854048592e-01 2.128380743569501798e-01
1.818297237970313909e-02 5.809456261593830551e-01 1.630661942822090593e-01 2.378052071787046806e-01
1.069053685893659421e-02 5.755835978330046121e-01 1.592160171979055683e-01 2.545098481101530363e-01
6.858740748910401898e-03 5.543657797081918970e-01 1.618162723334033437e-01 2.769592072094945179e-01
4.744138883315623077e-03 5.110052832066198647e-01 1.684453776743914388e-01 3.158052002356731003e-01
3.297027293944436183e-03 4.528315038468709863e-01 1.693552991633393012e-01 3.745161696958448916e-01
2.121292277530229149e-03 3.907552900315900968e-01 1.569466559835335506e-01 4.501767617073461625e-01
1.319510679683226669e-03 3.227773903242244780e-01 1.382270079310853605e-01 5.376760910650069114e-01
9.502930304362627260e-04 2.454592448115748837e-01 1.249514795198192335e-01 6.286389826381694190e-01
8.252489667089929091e-04 1.664199982642314557e-01 1.204659461602341775e-01 7.122888066088256531e-01
7.238059859609351828e-04 9.925311985717137631e-02 1.240175549685408329e-01 7.760055191883270531e-01
5.483672696827556359e-04 5.439844564570810864e-02 1.413242739468405784e-01 8.037289131377686191e-01
4.106256465297781935e-04 2.991201700398202212e-02 1.730993502319835842e-01 7.965780071175048160e-01
3.726192451817443509e-04 1.808663986749489694e-02 2.077255520786777943e-01 7.738151888086457486e-01
3.956399766989898985e-04 1.276158976457497131e-02 2.335956135876106898e-01 7.532471566711155253e-01
4.371999895711561239e-04 1.015581111209274204e-02 2.409109299804187421e-01 7.484960589179175949e-01
4.725045620240998410e-04 8.662226021676320761e-03 2.282925502711915799e-01 7.625727191451081577e-01
5.102760494261608009e-04 8.165411804343752217e-03 2.140064587488429704e-01 7.773178533973867932e-01
5.647855525334594638e-04 8.814038547709152072e-03 2.174945239076390702e-01 7.731266519921183855e-01
6.526872009448756416e-04 1.088505690166764565e-02 2.503821139145287478e-01 7.380801419828584287e-01
7.682942582818625722e-04 1.482275793666065940e-02 3.128584564892817887e-01 6.715504913157754885e-01
8.743532211657282236e-04 2.121880109344890034e-02 3.863019720468101603e-01 5.916048736385755014e-01
9.966122697570856115e-04 3.193682872475551299e-02 4.518575558419664073e-01 5.152090031635212508e-01
1.263133313875757901e-03 5.191252506873385297e-02 5.041353019390676371e-01 4.426890396783229042e-01
1.869432268991950757e-03 9.127080898726647185e-02 5.333078319013639934e-01 3.735519268423775352e-01
3.048144331233881062e-03 1.697582066298795600e-01 5.175837965347808156e-01 3.096098525041060534e-01
4.201323811685564111e-03 3.207108741971010368e-01 4.318560579920844855e-01 2.432317439991290853e-01
3.382904348487370417e-03 5.529700824354675248e-01 2.877240763405683466e-01 1.559229368754768974e-01
1.838235206584709755e-03 7.746094522170706709e-01 1.518166538850518610e-01 7.173565869129241990e-02
8.598721465788802419e-04 9.049686350749200914e-01 6.872997959839559357e-02 2.544151318010531501e-02
4.684701246308801254e-04 9.624073955582155282e-01 2.909130946254987263e-02 8.032824854603931933e-03
8.051599112018694988e-05 9.852031025011130927e-01 1.220667645437125207e-02 2.509705053395588394e-03
1.734584749647185276e-05 9.934001806777762456e-01 5.705354114104665107e-03 8.771193606224810847e-04
5.211967719077434622e-06 9.965156782272358571e-01 3.108748795198787180e-03 3.703610098462866416e-04
2.229118572009628647e-06 9.978114085384733878e-01 1.990265798906908686e-03 1.960965440476610487e-04
1.267026618888899984e-06 9.984228159480602605e-01 1.448344935864772027e-03 1.275720894559713350e-04
8.087606651840103117e-07 9.988011770099441966e-01 1.103399507655751120e-03 9.461472173494931055e-05
4.909102468496732934e-07 9.991133855559226618e-01 8.116742145720123609e-04 7.444931925859006930e-05
2.829896801106110403e-07 9.993571121402745616e-01 5.811019535809563768e-04 6.150291646424078170e-05
1.728492885702124163e-07 9.995092159976189938e-01 4.351389522596553049e-04 5.547220083283146470e-05
1.289975020253333474e-07 9.995718072365867846e-01 3.699799866689074276e-04 5.808377924244965268e-05
1.410747077562839088e-07 9.995359904342013824e-01 3.880210573005535746e-04 7.584743379020606098e-05
2.395268279074208435e-07 9.993663059437780660e-01 5.082499570745410439e-04 1.252045723193889184e-04
5.765437141100775157e-07 9.989680602003858656e-01 7.810141104251852855e-04 2.503491454746773598e-04
1.807611934875893847e-06 9.980950103332404399e-01 1.319445779427543810e-03 5.837362753970927812e-04
6.977521189539117200e-06 9.961641348281530250e-01 2.310100758500261125e-03 1.518786892157136413e-03
6.327675887874330968e-04 9.903573123916027399e-01 4.764394962689286715e-03 4.245525056920490016e-03
1.092697349783503706e-03 9.788086760851230084e-01 8.701566281689047944e-03 1.139706028340430922e-02
1.929705835642095977e-03 9.530942130656576694e-01 1.543518620215213188e-02 2.954089489654800407e-02
3.245664217918518401e-03 9.007228285948849500e-01 2.552367520585305249e-02 7.050783198134337459e-02
4.802574694950763161e-03 8.125324458165386066e-01 3.777236420834933356e-02 1.448926152801612854e-01
6.629696452554079307e-03 6.972584219177464515e-01 5.079100365898984309e-02 2.453208779707097831e-01
8.477307046734591789e-03 5.833413086499293909e-01 6.507988479543848348e-02 3.431014995078976448e-01
1.081193794472849225e-02 4.936404285344800358e-01 8.222066120681960355e-02 4.133269723139716967e-01
1.444571308628253559e-02 4.361533197986401933e-01 1.052693425815818401e-01 4.441316245334956392e-01
2.009869345393400231e-02 4.108826865810695228e-01 1.359898263664711116e-01 4.330287935985254744e-01
2.773110857089241751e-02 4.117086972076189899e-01 1.727210269276466537e-01 3.878391672938418799e-01
3.591219646548280547e-02 4.281274322001022981e-01 2.117629064919306914e-01 3.241974648424840733e-01
4.296521900952132711e-02 4.494337290729772394e-01 2.511650902051644207e-01 2.564359617123371793e-01
4.771960603450942778e-02 4.658903161154810957e-01 2.912274057648588377e-01 1.951626720851506736e-01
5.134051161530642227e-02 4.709443068647054531e-01 3.325809362556293447e-01 1.451342452643586689e-01
5.428100874154401234e-02 4.734117588402119714e-01 3.648657995416738631e-01 1.074414328765703613e-01
5.686528516304836106e-02 4.778628945175198428e-01 3.839130541076827274e-01 8.135876621174933931e-02
5.768034252367217757e-02 4.854554991247008733e-01 3.932370530384303176e-01 6.362710531319634710e-02
5.811050151254967128e-02 4.969095404388990111e-01 3.929807608404988217e-01 5.199919720805208645e-02
6.023346545687215114e-02 5.120666225401799831e-01 3.820062424037858895e-01 4.569366959916195542e-02
1.341044253540545420e-02 5.798579407762356058e-02 3.130997688970664772e-01 6.155039944899043380e-01
9.418692523313125786e-01 4.600882893723991923e-02 8.152704703161704411e-03 3.969214028285887076e-03
9.396088430364482047e-01 4.885558740983283327e-02 7.790665537977143305e-03 3.744904015741759747e-03
9.361767903716715633e-01 5.265340445370589317e-02 7.589792763308724106e-03 3.580012411313712728e-03
9.316949090925481514e-01 5.725659805133624658e-02 7.570906597682616583e-03 3.477586258433047924e-03
9.260127073275626897e-01 6.269350760246004961e-02 7.823744580900014386e-03 3.470040489077480094e-03
9.186587669624434183e-01 6.926987551421139033e-02 8.472094653841787462e-03 3.599262869503557470e-03
9.090602224528782083e-01 7.740831493968088062e-02 9.635163365065512950e-03 3.896299242375355232e-03
8.968236702863134902e-01 8.738812139545187874e-02 1.141315440247354929e-02 4.375053915760813809e-03
8.811214526229306232e-01 9.984254618168936224e-02 1.397154332147963231e-02 5.064457873900194036e-03
8.613490275901101167e-01 1.151301403808636381e-01 1.752441641939458256e-02 5.996415609631369423e-03
8.372468751457282643e-01 1.332032083657078980e-01 2.234057270603703391e-02 7.209343782526656322e-03
8.085046265423658784e-01 1.539545226124982291e-01 2.877701446920679848e-02 8.763836375928923950e-03
7.740260232883804381e-01 1.778261575887814250e-01 3.738128854568144310e-02 1.076653057715703556e-02
7.310277300231733388e-01 2.064402178076562566e-01 4.911536073148341924e-02 1.341669143768711193e-02
6.765844204532766026e-01 2.410628080540734297e-01 6.537579698043147203e-02 1.697697451221871767e-02
6.103773477249130330e-01 2.802942662082439917e-01 8.775814585859177674e-02 2.157024020825104235e-02
5.333556484410293397e-01 3.210130776563170363e-01 1.185388354277152334e-01 2.709243847493827614e-02
4.469409117362785899e-01 3.585812771230916240e-01 1.611861693289908248e-01 3.329164181163895425e-02
3.543143386856370536e-01 3.854041609714681793e-01 2.204852847178946085e-01 3.979621562500021414e-02
2.665259814836762331e-01 3.846934599934822008e-01 3.024397486037890825e-01 4.634080991905286523e-02
1.866266805228282977e-01 3.494560838783923318e-01 4.115811281545683209e-01 5.233610744421093169e-02
1.210424922572015533e-01 2.806841479832897224e-01 5.417467132118437556e-01 5.652664654766458713e-02
7.263983434655316151e-02 1.979724727433821996e-01 6.722398400340587887e-01 5.714785287600574609e-02
4.037040773301712321e-02 1.259775788712284850e-01 7.806889407549664206e-01 5.296307264078804061e-02
2.201758989810474049e-02 7.636585147652283356e-02 8.571170892857329360e-01 4.449946933963958018e-02
1.248772236840806418e-02 4.746690060283915297e-02 9.060904098879148938e-01 3.395496714083817008e-02
7.846805192683468239e-03 3.216290634089048750e-02 9.357499361416959927e-01 2.424035232473004467e-02
5.837551825815549475e-03 2.485749504733966372e-02 9.519959688856530766e-01 1.730898424119137885e-02
4.965655554152662368e-03 2.383550044751625227e-02 9.577912589428424495e-01 1.340758505548871049e-02
5.187145502133079684e-03 2.507779644550749143e-02 9.584566232641821282e-01 1.127843478817767454e-02
6.692764837079230936e-03 2.868045544587337001e-02 9.542652841794406759e-01 1.036149553760669015e-02
8.760311771976940498e-03 3.718183901800428681e-02 9.435148859813246025e-01 1.054296322869419794e-02
1.272111654574343935e-02 5.130881984188509493e-02 9.243111623783386577e-01 1.165890123403256692e-02
1.921876247899122550e-02 7.039928784224402936e-02 8.970647024977712602e-01 1.331724718099330969e-02
2.789847151431097336e-02 8.993433900440470086e-02 8.671813509916164175e-01 1.498583848966794814e-02
3.747358820566896315e-02 1.049883309615056159e-01 8.411891232822443776e-01 1.634895755058147007e-02
4.726825712022786341e-02 1.157520223768050971e-01 8.195390500022721181e-01 1.744067050069473407e-02
5.849895913691655763e-02 1.274230372300939607e-01 7.955866913588324207e-01 1.849131227415693260e-02
7.297211811647769109e-02 1.443798048189699756e-01 7.630836281779922459e-01 1.956444888656040312e-02
9.096299503327746894e-02 1.666971538407389097e-01 7.219025691097771258e-01 2.043728201620691187e-02
1.098589754144361913e-01 1.921723263538034909e-01 6.771330456044765134e-01 2.083565262728382869e-02
1.292504822906614115e-01 2.164384385550142675e-01 6.335097618160155930e-01 2.080131733830906104e-02
1.466667982745166188e-01 2.376946459938697742e-01 5.952578502461682852e-01 2.038070548544533914e-02
1.611707087314012410e-01 2.535927700705739585e-01 5.655329680208167620e-01 1.970355317720786162e-02
1.734586771807337113e-01 2.627609713906228217e-01 5.449037402207870251e-01 1.887661120785632043e-02
1.842506812820476070e-01 2.649724553141257766e-01 5.328854453655997858e-01 1.789141803822747942e-02
1.934897023841540276e-01 2.603627309040804638e-01 5.293850035901338513e-01 1.676256312163132769e-02
1.995779906801845027e-01 2.490669053073696904e-01 5.357872511823433825e-01 1.556785283010221448e-02
2.018021128354319516e-01 2.324547912715530795e-01 5.513101385691571155e-01 1.443295732385783958e-02
2.029619083360320320e-01 2.118732062228502466e-01 5.716324703934390072e-01 1.353241504767863437e-02
2.025299664738951233e-01 1.921794889077637070e-01 5.923369628273872367e-01 1.295358179095405619e-02
2.023124177060904860e-01 1.730841702024540352e-01 6.118141550166802389e-01 1.278925707477532661e-02
2.005612466471883848e-01 1.548698391210520942e-01 6.315681112720702428e-01 1.300080295968907007e-02
1.961118452251429112e-01 1.378460190224206905e-01 6.525146179255404411e-01 1.352751782689575605e-02
1.896768355151896568e-01 1.231203367460783071e-01 6.729111683660040644e-01 1.429165937272787457e-02
1.829727005897402448e-01 1.124632040852104747e-01 6.893926835862805858e-01 1.517141173876854210e-02
1.790782372591343263e-01 1.068446469951351424e-01 6.979245187887858082e-01 1.615259695694451492e-02
1.786724973903061897e-01 1.050215838432419779e-01 6.990981712293518058e-01 1.720774753710012719e-02
1.803539370907156214e-01 1.051437927316828391e-01 6.962627024163732248e-01 1.823956776122879000e-02
1.832998801464676697e-01 1.061882369073316734e-01 6.913285142344613998e-01 1.918336871173927094e-02
1.854191026994312097e-01 1.067465616975753484e-01 6.879187137843201238e-01 1.991562181867312376e-02
1.824618355531906211e-01 1.043887841646296555e-01 6.929542494087027604e-01 2.019513087347677219e-02
1.713412793217231611e-01 9.728108407955256276e-02 7.115580041525655375e-01 1.981963244615880457e-02
1.535134683023756941e-01 8.632411315347741920e-02 7.413856330018997465e-01 1.877678554224725474e-02
1.329220374174532870e-01 7.446261430785217073e-02 7.754610034160952514e-01 1.715434485859908612e-02
1.114107008614743100e-01 6.334487866360166697e-02 8.102739059733843341e-01 1.497051450153997522e-02
8.942366987660861632e-02 5.300527819595562962e-02 8.452261610294857785e-01 1.234489089794986276e-02
6.992834864122207672e-02 4.438551986074779077e-02 8.759011990476310849e-01 9.784932450399066658e-03
5.537647489366782916e-02 3.831640464201451629e-02 8.985776686579499684e-01 7.729451806367535274e-03
4.431473655226173675e-02 3.360063263547208301e-02 9.159369276791796688e-01 6.147703133086818497e-03
3.572739868301653965e-02 2.932506580569318316e-02 9.299681354179374360e-01 4.979400093353084956e-03
4.809192073359510418e-04 9.899418121449933272e-01 2.117514545028354074e-03 7.459754102642343274e-03
1.631805059709330992e-05 9.943777085101810354e-01 7.707184360069248893e-04 4.835255003214879860e-03
6.019859666573303841e-06 9.967008545911408834e-01 4.550292903857969750e-04 2.838096258806790690e-03
1.970879386648003101e-06 9.981853976948056317e-01 2.646396199493808920e-04 1.547991805858184950e-03
6.299121875961476640e-07 9.990234906280847094e-01 1.609434555209107937e-04 8.149360042068466139e-04
2.063551579740405723e-07 9.994770828656857065e-01 1.031756311950427803e-04 4.195351479611567416e-04
6.825360608718323222e-08 9.997261067079652452e-01 6.645624438684729534e-05 2.073687940418095558e-04
2.232561762559807821e-08 9.998629608711632200e-01 3.994568649903120351e-05 9.707111672034806043e-05
7.765723216020610069e-09 9.999326818762600544e-01 2.216347401696096167e-05 4.514688400004486149e-05
3.241328625247185545e-09 9.999651966389485613e-01 1.210202184630817448e-05 2.269809787641573131e-05
1.921700686628777504e-09 9.999790794201030009e-01 7.270360352584905103e-06 1.364829784365869618e-05
1.873344601015844674e-09 9.999841296927238776e-01 5.345558623046566958e-06 1.052287530829714538e-05
2.940349580557570476e-09 9.999849197422547853e-01 4.933284046337297619e-06 1.014403334935983182e-05
6.995001007442355984e-09 9.999828208018256559e-01 5.577773193130907928e-06 1.159442998029018102e-05
2.383595042310276729e-08 9.999776188477926819e-01 7.346707325951184645e-06 1.501060893090269054e-05
1.069691615724505132e-07 9.999681934340926004e-01 1.060570882934509446e-05 2.109388791653299248e-05
5.503392431753960622e-07 9.999521431835959318e-01 1.618249531930604669e-05 3.112398184156498724e-05
1.263590263639292020e-03 9.983371872139347181e-01 2.148740343742740601e-04 1.843484880516290899e-04
2.809672660057567668e-03 9.965874076326483033e-01 3.268854283293076354e-04 2.760342789647846832e-04
5.429495327791238925e-03 9.937864364794373184e-01 4.258708913106596240e-04 3.581973014606446275e-04
9.570779489406865473e-03 9.894698094257692311e-01 5.227098536029073242e-04 4.367012312212405645e-04
1.570315979931543107e-02 9.831420990317100150e-01 6.329206299100006029e-04 5.218205390644536533e-04
2.367662236108713028e-02 9.749567761024792167e-01 7.549198812951003193e-04 6.116816551384383861e-04
9.898217760045364688e-01 8.448751421461796890e-03 1.193400018177779437e-03 5.360725558238377611e-04
9.851359927885356971e-01 1.265289670102069143e-02 1.573789825737562228e-03 6.373206847060299690e-04
9.760235741404347243e-01 2.089651509254070866e-02 2.263037050343777185e-03 8.168737166809376558e-04
9.573643419689537026e-01 3.792863532179802794e-02 3.565621715555863849e-03 1.141400993692227557e-03
9.222661552461962620e-01 7.005871702924106048e-02 5.966401106781349037e-03 1.708726617781754177e-03
8.512489765768014305e-01 1.357583287677202044e-01 1.032878071832054809e-02 2.663913937158053375e-03
7.313336199720928965e-01 2.472815699235088316e-01 1.730637706025508343e-02 4.078433044143157243e-03
5.710502502076100217e-01 3.968923446069689276e-01 2.629242672682692572e-02 5.764978458594045146e-03
4.089169215157536508e-01 5.485096585726773055e-01 3.522724497849581693e-02 7.346174933073643110e-03
2.820324359466203079e-01 6.669012172452388754e-01 4.246340958460768922e-02 8.602937223533269756e-03
1.952530008017668017e-01 7.474469001629808762e-01 4.773172990898718465e-02 9.568369126265314356e-03
1.340636131165298672e-01 8.051292234355158506e-01 5.067138237537745921e-02 1.013578107257671369e-02
9.130219969235672806e-02 8.463234578111165085e-01 5.207343674874666956e-02 1.030090574778024307e-02
6.245279069500308394e-02 8.748473740314789415e-01 5.258713128457529612e-02 1.011270398894288311e-02
4.406082640694204688e-02 8.927259994021212730e-01 5.351555935926206181e-02 9.697614831674876770e-03
3.216693865913895084e-02 9.021245325134045201e-01 5.652888004391703330e-02 9.179648783539391677e-03
2.414003449062976370e-02 9.037851152302809332e-01 6.336920955775805775e-02 8.705640721331281764e-03
1.807448074045155464e-02 8.985085610748508866e-01 7.509931628759639044e-02 8.317641897101274093e-03
1.457862172589126371e-02 8.870961132645506231e-01 9.014408003644334977e-02 8.181184973114603853e-03
1.160631734438608703e-02 8.757311595799431858e-01 1.046080657171633427e-01 8.054457358507479889e-03
9.305912676369326383e-03 8.683285455029658984e-01 1.144504391974057872e-01 7.915102623259277770e-03
7.116918913043075029e-03 8.677415468507844176e-01 1.174248556055499659e-01 7.716678630622596062e-03
5.943621800622279037e-03 8.706306844578250992e-01 1.157871659213035587e-01 7.638527820249015401e-03
5.063814816150682442e-03 8.718504328225217259e-01 1.152056933296660701e-01 7.880059031661565752e-03
4.409988079598268183e-03 8.675237538060258657e-01 1.193725992922671647e-01 8.693658822108639786e-03
3.947851211388352620e-03 8.604233446552563835e-01 1.254585941693560081e-01 1.017020996399905543e-02
3.632500796555425664e-03 8.571800172707157994e-01 1.269934681605080218e-01 1.219401377222078219e-02
3.500529191563775747e-03 8.593672484661583066e-01 1.224929444271301016e-01 1.463927791514777442e-02
3.508359167962684082e-03 8.640870371895591484e-01 1.149448835546504621e-01 1.745972008782749677e-02
3.611769106646504912e-03 8.706186423859596513e-01 1.051700020585136230e-01 2.059958644888030405e-02
3.841710211337737157e-03 8.786888787348248187e-01 9.378512620703537139e-02 2.368428484680212484e-02
4.282036154527830984e-03 8.876804095097473590e-01 8.213565519588621189e-02 2.590189913983855299e-02
5.121512170892568265e-03 8.972591566620873316e-01 7.096145487894239823e-02 2.665787628807769066e-02
6.458725125466194955e-03 9.067203212805017287e-01 6.081786458271856710e-02 2.600308901131371739e-02
8.315596070831187889e-03 9.151071772985247543e-01 5.230497879427941504e-02 2.427224783636487346e-02
1.072382635529591476e-02 9.217798803102524863e-01 4.569813584463260775e-02 2.179815748981866336e-02
1.361596995130379822e-02 9.267315279087631197e-01 4.080360426410281627e-02 1.884889787583021031e-02
1.625618849053933612e-02 9.308314803764599077e-01 3.724407122824987398e-02 1.566825990475111119e-02
2.019657881896847612e-02 9.320615469156108279e-01 3.485902234945907618e-02 1.288285191596125548e-02
2.503023561272845962e-02 9.305823716564265435e-01 3.362194130595903829e-02 1.076545142488605049e-02
3.012550277329464551e-02 9.276935479188035405e-01 3.298261780154912448e-02 9.198331506352743284e-03
3.496845965656873723e-02 9.247877872340226624e-01 3.225636694064563936e-02 7.987386168762995731e-03
3.912237899215034731e-02 9.229094963197227441e-01 3.099340833936542125e-02 6.974716348761534138e-03
4.177871141661339272e-02 9.232741993172338679e-01 2.892562333629374038e-02 6.021465929859306024e-03
4.232269851320981380e-02 9.266113422423847279e-01 2.599893019655469609e-02 5.067029047850735331e-03
4.299576928656526076e-02 9.298460595632436210e-01 2.286706710056909259e-02 4.291104049622082063e-03
4.178664900178352681e-02 9.353193506126434853e-01 1.935297828204591425e-02 3.541022103527390660e-03
3.815021852232001326e-02 9.434055518893070813e-01 1.562687840769902414e-02 2.817351180674004460e-03
3.206829579194968305e-02 9.538479120288808621e-01 1.196795762552004677e-02 2.115834553649286170e-03
2.512176729624946564e-02 9.646296451217821755e-01 8.749751534621713275e-03 1.498836047346856172e-03
1.917724833391333886e-02 9.734684706461539383e-01 6.316984243283189915e-03 1.037296776649797476e-03
1.531019487326967972e-02 9.791613641845774429e-01 4.779322384055572845e-03 7.491185580973752861e-04
1.337711423896095417e-02 9.820797568117781706e-01 3.950187305887904385e-03 5.929416433731358408e-04
1.281862161696802407e-02 9.830866390629174889e-01 3.575840494624473159e-03 5.188988254898574100e-04
1.333840711412715915e-02 9.826816774997746418e-01 3.484297983369421398e-03 4.956174027286071445e-04
1.471921968659411877e-02 9.812497717081103410e-01 3.532021340997341680e-03 4.989872642981640818e-04
1.660857405693731345e-02 9.793150985286827037e-01 3.570045177400243790e-03 5.062822369794411047e-04
1.846020066414397198e-02 9.775617998127267283e-01 3.477314844384330264e-03 5.006846787450523967e-04
2.003800703930733867e-02 9.762151379715408028e-01 3.262641607343579227e-03 4.842133818083725638e-04
2.151649963183253217e-02 9.749868046208282069e-01 3.027685853696988980e-03 4.690098936422861420e-04
2.271839188529028303e-02 9.740171106798296563e-01 2.810176742607869895e-03 4.543206922720343212e-04
2.405073302091642953e-02 9.728327843451074486e-01 2.669578772831811275e-03 4.469038611444590861e-04
2.636253621512169368e-02 9.704894491416525826e-01 2.685941797259455352e-03 4.620728459659459528e-04
3.072843813365350868e-02 9.658140286378478212e-01 2.936015682684493724e-03 5.215175458141062476e-04
3.897372452078552707e-02 9.568787342008270302e-01 3.491360893750107986e-03 6.561803846373022832e-04
5.270705114710078076e-02 9.421136960854687992e-01 4.299391931237398455e-03 8.798608361931134448e-04
7.198676375214073386e-02 9.217193711869872130e-01 5.128613327838498284e-03 1.165251733033742607e-03
9.538608141064011670e-02 8.973779246214418359e-01 5.769317882538637157e-03 1.466676085379466175e-03
1.222441791131873429e-01 8.699817928077147045e-01 6.037201949164306899e-03 1.736826129933341772e-03
1.501154293624935854e-01 8.417812343783538376e-01 6.134565421133820334e-03 1.968770838018922813e-03
1.820560487161100582e-01 8.096294239153910555e-01 6.139355362261003299e-03 2.175172006237737279e-03
2.196142143146397607e-01 7.718716255578430552e-01 6.146983609116953018e-03 2.367176518400289625e-03
2.617638393339974945e-01 7.295281846474874765e-01 6.174246866126381975e-03 2.533729152388302687e-03
3.064848681600244040e-01 6.846488487920290300e-01 6.206946852321303457e-03 2.659336195625130236e-03
3.529212597891362990e-01 6.380924691753577793e-01 6.239429696727591748e-03 2.746841338778279601e-03
3.989342859769116068e-01 5.920331447462902075e-01 6.233122460907794364e-03 2.799446815890160693e-03
4.381108985802917299e-01 5.529669850363283512e-01 6.121652187013581700e-03 2.800464196366387031e-03
4.660900266325497254e-01 5.252565569378596644e-01 5.913153706723651808e-03 2.740262722867005656e-03
4.825059696135508558e-01 5.092689359210098576e-01 5.618544887538169316e-03 2.606549577901272514e-03
4.875951164077097499e-01 5.047948408297009415e-01 5.216436677742053961e-03 2.393606084847063782e-03
4.838208652811131771e-01 5.093071982822798827e-01 4.733895772832386745e-03 2.138040663774513992e-03
4.733500139744402646e-01 5.205693049943894701e-01 4.203434184241378914e-03 1.877246846928882877e-03
4.564051434005272356e-01 5.382747356850694498e-01 3.684581941009765476e-03 1.635538973393638879e-03
4.335917961264575404e-01 5.616605953839627352e-01 3.300545441811581892e-03 1.447063047767946885e-03
4.068873856183310433e-01 5.886478232727910820e-01 3.134305833749938437e-03 1.330485275127817838e-03
3.781938831604322870e-01 6.174033803435446943e-01 3.139909020296311262e-03 1.262827475726802573e-03
3.447278861511587911e-01 6.509267045569906429e-01 3.151843072618799087e-03 1.193566219231833279e-03
3.125427795862665836e-01 6.831415288245974438e-01 3.172742366755784693e-03 1.142949222380384598e-03
2.962567972521041315e-01 6.992060168389850894e-01 3.367504539318332078e-03 1.169681369592403446e-03
