1.512854294088181450e-01 8.349636663281936322e-01 6.959025691289693651e-03 6.791878571698502232e-03
9.858698017463211061e-01 1.207537818387945452e-02 1.164254934242215907e-03 8.905651355570925239e-04
9.856076799616123596e-01 1.259721308213270635e-02 1.009263589412666071e-03 7.858433668424130453e-04
9.842653273156414251e-01 1.408632925608203044e-02 9.231183767982715192e-04 7.252250514783871145e-04
9.809341648771393585e-01 1.741740053293299242e-02 9.261181531651862349e-04 7.223164367624997301e-04
9.741846566274600105e-01 2.398601560610299013e-02 1.041296330036487220e-03 7.880314364006958715e-04
9.615813417739695890e-01 3.618843696814506156e-02 1.301067115299232120e-03 9.291541425860496990e-04
9.415730557081286589e-01 5.560683871040618398e-02 1.676937680610780931e-03 1.143167900854598004e-03
9.040032994423227164e-01 9.223173842420769042e-02 2.291745573223301705e-03 1.473216560246190000e-03
8.386167542974284350e-01 1.561391338582579225e-01 3.275831554446709346e-03 1.968280289867340837e-03
7.329388199084384548e-01 2.597463416678133519e-01 4.701704590089133932e-03 2.613133833659097606e-03
5.829313078100402112e-01 4.073682627406836620e-01 6.430892024901014095e-03 3.269537424375142543e-03
4.124131157942662051e-01 5.771807777136402917e-01 6.849791626391326001e-03 3.556314865702597805e-03
2.566516739783943901e-01 7.331937557676734274e-01 6.725665988819916168e-03 3.428904265112444130e-03
1.449250911026923883e-01 8.462407019828758203e-01 5.846277797779231983e-03 2.987929116652637048e-03
7.744513186261423043e-02 9.152884355115198378e-01 4.771653460423102254e-03 2.494779165442674237e-03
4.133674837141600861e-02 9.527298568016744351e-01 3.803367685958058790e-03 2.130027140951256791e-03
2.252010948827432371e-02 9.724383049163386472e-01 3.139663228600316630e-03 1.901922366786992389e-03
1.286855969981360627e-02 9.826815999880382790e-01 2.694060791013285546e-03 1.755779521134769733e-03
7.872323248885633104e-03 9.880789734718588013e-01 2.410892610739489347e-03 1.637810668516251214e-03
5.274887332659328708e-03 9.908375970617523398e-01 2.322642427069552661e-03 1.564873178518616384e-03
3.992471119376532138e-03 9.918775756580463510e-01 2.513262323979294395e-03 1.616690898597595042e-03
3.301333923706145906e-03 9.918704644140200477e-01 3.014607353452629888e-03 1.813594308821284704e-03
2.756454012310099316e-03 9.912435029142384613e-01 3.883193054613636591e-03 2.116850018837870481e-03
2.307941406314180637e-03 9.897007585933335072e-01 5.432379403289336155e-03 2.558920597062989879e-03
2.036075530154615992e-03 9.862224718218195463e-01 8.451074297564304186e-03 3.290378350461515763e-03
1.956888864576768628e-03 9.789460997172482193e-01 1.447014536319577403e-02 4.626866054979145680e-03
2.002473411066847502e-03 9.658428742892072316e-01 2.509174149688003785e-02 7.062910802845983639e-03
2.168608587038169631e-03 9.454976100081504686e-01 4.111357592476240497e-02 1.122020548004899407e-02
2.189032011172136177e-03 9.176651427856931109e-01 6.249645767872642754e-02 1.764936752440837697e-02
2.560777085653983230e-03 8.897643235285621621e-01 8.261833264303999891e-02 2.505656674274420875e-02
2.564181124470437875e-03 8.663833179685183072e-01 9.851257166749188832e-02 3.253992923951933014e-02
2.342195240444375822e-03 8.557431904241925569e-01 1.038310931281491711e-01 3.808352120721403278e-02
1.929609067909575197e-03 8.580026781327299013e-01 9.846548226278721561e-02 4.160223053657340769e-02
1.473864839238103568e-03 8.635069157269847917e-01 9.013557390884352483e-02 4.488364552493347842e-02
1.113347144746854901e-03 8.605509139239880811e-01 8.804949482019790163e-02 5.028624411106704523e-02
8.804866096644700440e-04 8.424209783426251930e-01 9.698260421173621193e-02 5.971593083597421386e-02
7.820973334283690516e-04 8.082736475587964931e-01 1.157683108259360688e-01 7.517594428183908828e-02
8.404168469366931661e-04 7.611834745208960751e-01 1.364897593187018032e-01 1.014863493134654376e-01
6.580142697770318284e-04 7.001477486264338079e-01 1.516118306556338557e-01 1.475824064481553177e-01
7.105660033466970919e-04 6.162092095207939435e-01 1.620060715997820588e-01 2.210741528760773456e-01
7.701748558757166418e-04 5.220918151521052319e-01 1.621765818853950492e-01 3.149614281066240307e-01
7.962287919008647144e-04 4.403732777944187049e-01 1.491124220508596998e-01 4.097180713628205684e-01
7.702150444159490926e-04 3.877596056958307891e-01 1.229076234873127810e-01 4.885625557724402879e-01
7.653090070283088573e-04 3.720233925999211766e-01 9.233700734697584955e-02 5.348742910460746458e-01
8.380539152380504482e-04 3.941216507881281084e-01 6.823587081296121626e-02 5.368044244836724932e-01
1.017196128052713124e-03 4.488626619836580955e-01 5.290415939531657730e-02 4.972159824929727190e-01
1.365220179825628235e-03 5.216061929085643589e-01 4.369889852171116723e-02 4.333296883898988816e-01
1.990643520036836783e-03 5.926310248017097049e-01 3.802241126565418516e-02 3.673559204125996236e-01
3.016570546100117052e-03 6.500927757550376551e-01 3.429513943191780240e-02 3.125955142669443187e-01
4.337168686977441699e-03 6.915633130316234389e-01 3.138812569766083471e-02 2.727113925837383324e-01
5.844180729877040785e-03 7.204288852465191573e-01 2.871872156464812600e-02 2.450082124589551824e-01
6.786001565207011241e-03 7.417165664966239857e-01 2.791145017998256789e-02 2.235859817581861975e-01
8.038722424810348238e-03 7.595294766884486126e-01 2.945810452113545655e-02 2.029736963656054716e-01
1.018211364375693449e-02 7.752122932920629816e-01 3.283267696817137454e-02 1.817729160960086798e-01
1.149924627651607682e-02 7.901259830177421728e-01 3.604280721189567771e-02 1.623319634938460709e-01
1.200060684017262638e-02 8.022312360566072886e-01 3.845805193838029712e-02 1.473101051648399717e-01
1.246607551747041728e-02 8.094133663499338827e-01 4.093491866500240106e-02 1.371856394675932123e-01
1.334690192405355198e-02 8.088686251826897600e-01 4.471924918344642730e-02 1.330652237098100266e-01
1.418747350301691711e-02 7.992731435300801657e-01 5.043831273314982461e-02 1.361010702337530076e-01
1.466323870371889597e-02 7.820602698886611748e-01 5.818913214774074083e-02 1.450873592598792561e-01
1.464413678751943018e-02 7.595974143087446118e-01 6.761841132001560062e-02 1.581400375837205274e-01
1.381295953409184159e-02 7.339187830641434873e-01 7.857129093147964538e-02 1.736969664702847915e-01
1.194583612388462439e-02 7.066512294037036179e-01 9.163232568670896805e-02 1.897706087857026214e-01
9.418927849883690015e-03 6.803233937971594480e-01 1.080942116599380859e-01 2.021634666930186564e-01
7.079605510679471900e-03 6.601984444463681045e-01 1.291112994753657872e-01 2.036106505675868428e-01
5.323555569496919888e-03 6.534452080384018924e-01 1.527964430358312309e-01 1.884347933562698363e-01
3.900637012561817673e-03 6.658866941539445250e-01 1.719756902002083088e-01 1.582369786332853134e-01
3.027951905119686746e-03 7.010130052564199632e-01 1.761416968468434985e-01 1.198173459916166139e-01
1.851480989996875676e-03 7.619106035419882517e-01 1.554096956885122893e-01 8.082821977950280234e-02
1.177952905892002159e-03 8.344046406799991988e-01 1.157831687931523273e-01 4.863423762095650527e-02
9.730984720559218443e-04 8.950888944839392458e-01 7.636110902302967185e-02 2.757689802097513382e-02
1.236371294489234385e-02 9.748595018383611199e-01 1.068988140030917820e-02 2.086903816437388377e-03
9.821487132547180865e-01 1.602312020494607581e-02 1.137093455940108196e-03 6.910730843957639796e-04
9.790166171667074035e-01 1.914504861052645016e-02 1.158536495907899972e-03 6.797977268579289854e-04
9.724737795111012550e-01 2.553365088819761416e-02 1.276571441607479533e-03 7.159981590935188744e-04
9.612063496401173079e-01 3.649530256366525366e-02 1.503901048754469625e-03 7.944467474629476325e-04
9.462051326015816777e-01 5.105718353576974705e-02 1.821835473138498380e-03 9.158483895097475121e-04
9.243487826330777368e-01 7.218848954362705461e-02 2.350122429731991373e-03 1.112605393563391529e-03
8.987036537219886823e-01 9.681852653025727062e-02 3.093916646951487982e-03 1.383903100802331672e-03
8.701822260556126842e-01 1.240605909111372335e-01 4.036997026901243020e-03 1.720186006349012312e-03
8.364636521126588287e-01 1.561510405040269500e-01 5.241891304167024292e-03 2.143416079147186619e-03
7.955410948694466855e-01 1.949563076069709688e-01 6.817051305969197214e-03 2.685546217613155821e-03
7.482795319818064117e-01 2.394057611126314267e-01 8.919010584473648084e-03 3.395696321088602452e-03
6.969548431782639497e-01 2.869053175409312928e-01 1.178461520034077871e-02 4.355224080463847812e-03
6.411554191875795672e-01 3.374331755686896805e-01 1.574553269431744687e-02 5.665872549413071210e-03
5.788837107618579614e-01 3.922544036982740789e-01 2.136217989967520436e-02 7.499705640192741440e-03
5.119552321004680051e-01 4.485319523042377576e-01 2.936574276080891263e-02 1.014707283448543565e-02
4.418407587300796635e-01 5.042135433800402078e-01 4.008740301994558747e-02 1.385829486993439379e-02
3.701953874927031429e-01 5.577485276450382390e-01 5.330512488394430898e-02 1.875095997831420849e-02
3.043271867045829748e-01 6.020854913608028047e-01 6.865680677270613597e-02 2.493051516190796305e-02
2.479964988940605297e-01 6.329439205282612058e-01 8.633029064939110042e-02 3.272928992828707390e-02
2.060850625093455513e-01 6.425868798922251823e-01 1.082167273670573693e-01 4.311133023137178610e-02
1.762521631234872099e-01 6.309853724089459215e-01 1.365109864492052849e-01 5.625147801836157674e-02
1.548723264833524460e-01 6.064055808159635186e-01 1.692762366612733660e-01 6.944585603941072494e-02
1.390876337049768430e-01 5.846848230517551759e-01 1.986383223701991552e-01 7.758922087306834026e-02
1.288921376843749078e-01 5.758658617529389678e-01 2.178118925499133995e-01 7.743010801277261379e-02
1.226375439630167374e-01 5.818070397723347220e-01 2.254176154254185771e-01 7.013780083922993569e-02
1.168582759294153200e-01 5.969473551694174374e-01 2.270940068456338834e-01 5.910036205553338001e-02
1.119547913552922797e-01 6.149051448508847662e-01 2.257632175847531786e-01 4.737684620906989358e-02
1.050782865635074281e-01 6.376716362373916480e-01 2.208097152704725230e-01 3.644036192862847023e-02
9.672222976674360595e-02 6.615919351176400287e-01 2.144911665669280987e-01 2.719466854868844014e-02
8.788181865412497684e-02 6.790254252988178196e-01 2.128252579315283166e-01 2.026749811552900488e-02
8.193270293715662622e-02 6.831428336135134671e-01 2.192375788897533984e-01 1.568688455957669911e-02
7.903941307977292718e-02 6.797604246474538980e-01 2.283906882153214635e-01 1.280947405745172865e-02
7.619686134959713364e-02 6.842079204046139784e-01 2.287929139020906943e-01 1.080230434369821961e-02
7.196977621996275554e-02 7.039834303962184681e-01 2.148797996138927247e-01 9.166993769925992769e-03
6.536024233571406661e-02 7.352619580921938569e-01 1.916358136057608463e-01 7.741985966331325561e-03
5.561751850471841757e-02 7.707232939210992839e-01 1.670472703960179939e-01 6.611917178164095597e-03
4.544566769877313173e-02 8.032411546296426286e-01 1.452065975460298530e-01 6.106580125554563615e-03
3.755355977758861180e-02 8.287810479278544529e-01 1.271540681480598511e-01 6.511324146497033880e-03
3.046370158813049150e-02 8.488109393429790206e-01 1.129648868786289201e-01 7.760472190261394343e-03
2.287800964534254453e-02 8.661821734608179391e-01 1.012747533898051416e-01 9.665063504034355699e-03
1.480227133585168206e-02 8.835585305003820222e-01 8.954704981600231095e-02 1.209214834776374883e-02
8.992114628151876704e-03 8.998812962719153763e-01 7.583236482581812155e-02 1.529422427411428025e-02
5.234244804256540581e-03 9.141044103643046759e-01 6.137025956689434736e-02 1.929108526454446568e-02
3.060367897118555693e-03 9.238079193260408939e-01 4.912868515735431540e-02 2.400302761948656244e-02
1.791087466963713591e-03 9.291408585655736019e-01 4.000730162423737912e-02 2.906075234322526984e-02
1.022706429173651441e-03 9.335570705746617515e-01 3.213159637304289357e-02 3.328862662312154219e-02
5.833991931178765782e-04 9.399656918605165945e-01 2.414744004356340901e-02 3.530346890280207373e-02
3.547225768223420304e-04 9.460506157760103507e-01 1.737852210239667142e-02 3.621613954477060499e-02
2.228286612286348633e-04 9.504226650425610101e-01 1.212148800226021256e-02 3.723301829395021800e-02
1.372978414450012517e-04 9.549699935181472643e-01 8.182788308301675723e-03 3.670992033210621064e-02
9.138119045179774955e-05 9.608348673639327542e-01 5.781472349947654361e-03 3.329227909566775251e-02
7.572768554409133144e-05 9.664384546441937562e-01 4.719299640399392086e-03 2.876651802986241249e-02
8.246931857620049401e-05 9.696093373672670657e-01 4.719591986424566572e-03 2.558860132773224313e-02
1.201768447566357189e-04 9.689649175293557626e-01 5.803931607264983979e-03 2.511097401862270179e-02
2.079100129214003388e-04 9.644190983353272406e-01 8.100306642124091572e-03 2.727268500962717196e-02
3.873491672860539269e-04 9.551005883575676148e-01 1.235508676152174967e-02 3.215697571362476082e-02
7.930799187590251587e-04 9.360906360814139626e-01 2.139797010670390839e-02 4.171831389312317256e-02
1.692459230958561194e-03 8.978365818260902742e-01 4.151685277190952927e-02 5.895410617104156897e-02
3.514894184698522713e-03 8.263528706620679731e-01 8.427697486284148332e-02 8.585526029039204643e-02
6.907013779343489090e-03 7.104752150000027688e-01 1.638110498536768100e-01 1.188067213669769112e-01
1.105775965417020792e-02 5.585453604296549690e-01 2.840798809301215977e-01 1.463169989860532150e-01
1.513360615382177560e-02 3.982372580405353357e-01 4.294871571333497839e-01 1.571419786722930145e-01
1.667688045952323006e-02 2.653453413508236047e-01 5.685831694650503865e-01 1.493946087246027232e-01
1.579100519333672542e-02 1.738800087843677122e-01 6.804746754079253890e-01 1.298543106143707215e-01
1.444121017600604427e-02 1.201029900747924706e-01 7.566539751766654387e-01 1.088018245725361766e-01
1.387213282527713538e-02 9.216538945021841844e-02 7.989333867862218330e-01 9.502909093828269815e-02
1.430477533826951704e-02 7.908015229555488690e-02 8.165854218246272334e-01 9.002965054154817015e-02
1.567507836149821532e-02 7.479824052551788116e-02 8.166094342031520181e-01 9.291724690983173274e-02
1.752276938256914704e-02 7.507659603486536992e-02 8.054129887935069787e-01 1.019876457890584315e-01
2.025181996852522606e-02 7.896786424848492580e-02 7.878026775970150553e-01 1.129776381859748380e-01
2.451752119750361461e-02 8.600212677889575164e-02 7.673901394389915920e-01 1.220902125846088371e-01
2.738628405600159188e-01 3.310938078676430307e-01 3.752295778136334192e-01 1.981377375870782206e-02
4.005984588234132726e-01 3.422433958095941753e-01 1.756079358433354776e-01 8.155020952365701903e-02
2.659761955908739872e-01 3.779049215124986039e-01 2.195675909754640776e-01 1.365512919211632203e-01
1.715806345869695659e-01 3.734143812227303516e-01 2.375496182745869822e-01 2.174553659157132113e-01
1.089233937873500813e-01 3.439411332700563206e-01 2.240899418936884990e-01 3.230455310489051546e-01
6.599298159474907555e-02 3.076941432567569801e-01 1.892878054513501274e-01 4.370250696971438309e-01
3.725315726906262837e-02 2.756387407231425946e-01 1.519539423122747146e-01 5.351541596955200486e-01
2.054458757439103778e-02 2.542260751022508702e-01 1.250345260338025233e-01 6.001948112895553189e-01
1.180237132495090026e-02 2.381449428035180005e-01 1.095022634833161118e-01 6.405504223882152459e-01
7.170978164807230958e-03 2.144210348471106142e-01 1.014684764666816813e-01 6.769395105214002228e-01
4.557981138670953204e-03 1.788760638401432068e-01 9.571786426372350109e-02 7.208480907574624785e-01
3.009516033417634819e-03 1.385645810765679664e-01 8.754510116220462490e-02 7.708808017278099278e-01
2.053177837861280570e-03 1.005621878065844077e-01 7.570254924548464048e-02 8.216820851100696821e-01
1.393117114178460880e-03 6.609625077734997134e-02 6.233321709967101776e-02 8.701774150088006365e-01
9.248705528727721404e-04 3.826571950306646014e-02 5.146369514972540943e-02 9.093457147943352359e-01
6.260723147821877074e-04 2.017243888179718475e-02 4.668693905585531018e-02 9.325145497475649803e-01
4.556819246359313414e-04 1.030155280463175907e-02 4.960798972062273327e-02 9.396347755501093246e-01
3.665737788262079817e-04 5.429191194487794671e-03 6.229074651759611975e-02 9.319134885090902820e-01
3.246481737492637010e-04 3.058637333592081810e-03 8.513779045676897472e-02 9.114789240358899258e-01
3.172181184356251556e-04 1.892474596458017634e-03 1.109891604076406330e-01 8.868011468774655848e-01
3.400186564728606463e-04 1.328333236610473519e-03 1.307369525891358131e-01 8.675946955177810116e-01
3.767539975768648803e-04 1.034897035601305224e-03 1.403706414254194124e-01 8.582177075414028078e-01
4.107935311095410667e-04 8.736907725906493255e-04 1.384410192589553834e-01 8.602744964373443270e-01
4.461666751507326945e-04 8.311365338479074008e-04 1.318986539418583459e-01 8.668240428491429395e-01
4.860476361341994921e-04 8.965477189752158772e-04 1.299472210793377880e-01 8.686701835655527004e-01
5.381134235431111763e-04 1.066272548417520651e-03 1.387861730282916317e-01 8.596094409997476760e-01
6.031565055975572935e-04 1.360336187665220570e-03 1.590986303482520847e-01 8.389378769584850959e-01
6.655971140136336889e-04 1.840196071603245574e-03 1.857663028857351462e-01 8.117279039286480202e-01
7.415170019772066154e-04 2.747605016513617049e-03 2.195557844616868315e-01 7.769550935198223929e-01
8.682033706416420610e-04 4.753679920567449764e-03 2.667884742358695438e-01 7.275896424729214607e-01
1.039510272731437261e-03 9.471765620679490488e-03 3.229967897589119952e-01 6.664919343476773950e-01
1.256622685978003775e-03 2.120712195067099917e-02 3.737501589993401652e-01 6.037860963640109269e-01
1.640973644812968209e-03 5.212258745178276892e-02 4.021928555344537193e-01 5.440435833689503120e-01
2.530964815288379906e-03 1.329408795220539397e-01 3.873792775198066640e-01 4.771488781428510628e-01
3.948593765090216250e-03 3.098912278047190605e-01 3.091358588959000064e-01 3.770243195342906639e-01
4.022838187546579763e-03 5.865540332210193997e-01 1.866242131727461895e-01 2.227989154186873211e-01
2.625103172633506607e-03 8.270488967630813537e-01 8.285265877524274070e-02 8.747334128904254991e-02
1.594232259118671296e-03 9.407637909958094236e-01 3.077396355623822008e-02 2.686801318883369136e-02
1.097674996238020119e-03 9.784944549216751941e-01 1.202021632473840307e-02 8.387653757348546846e-03
8.571083040656503511e-04 9.905354915760361534e-01 5.484601969000241564e-03 3.122798150898094347e-03
7.596278787878921971e-04 9.947620889817688772e-01 2.999794355899523032e-03 1.478488783543624322e-03
7.388488084906360501e-04 9.964363142665384476e-01 1.940855530697726877e-03 8.839813942731787133e-04
7.421644219623298958e-04 9.972427787804911681e-01 1.391663541068001182e-03 6.233932564786184806e-04
7.181006503903517631e-04 9.977863270232691928e-01 1.015790814676347355e-03 4.797815116641573115e-04
6.459439082498511474e-04 9.982185801660202751e-01 7.447544523826350737e-04 3.907214733470678290e-04
1.076187187668373546e-06 9.992473976362392651e-01 4.718370804719179907e-04 2.796890961012416681e-04
8.076613568903439813e-07 9.993028535267303170e-01 4.075718575629233066e-04 2.887669543498011505e-04
8.403272141751395864e-07 9.991771436781239357e-01 4.436365000397602147e-04 3.783794946220502171e-04
1.424602587337662113e-06 9.987453002519964818e-01 6.148516562677257356e-04 6.384234891485122184e-04
5.706655416685195393e-04 9.966704616594909139e-01 1.338169260894397396e-03 1.420703537946247383e-03
8.224333552442757459e-04 9.931685977931216103e-01 2.605600670586278797e-03 3.403368181048113932e-03
1.314217503788425809e-03 9.844315766763132025e-01 5.320200357651489777e-03 8.934005462246649015e-03
2.165693761428408391e-03 9.641477329606378266e-01 1.053239551641975760e-02 2.315417776151400958e-02
3.570543517959763428e-03 9.210516979074069299e-01 1.962817300979587121e-02 5.574958556483734784e-02
5.876364113767809649e-03 8.360435259530054619e-01 3.437055552285309817e-02 1.237095544103738315e-01
9.615912139888754123e-03 6.935451476798992765e-01 5.404953177770839556e-02 2.427894084025035704e-01
1.251538681850981882e-02 5.185797354035670548e-01 7.255542260155133094e-02 3.963494551763716567e-01
1.360158308551402684e-02 3.649931757941367039e-01 8.759608342242859724e-02 5.338091576979204778e-01
1.508029388859142769e-02 2.623197403235991709e-01 1.011387739777453304e-01 6.214611918100638732e-01
1.713569027198097450e-02 2.059997966137000480e-01 1.183623296633741079e-01 6.585021834509448002e-01
2.139860517901490816e-02 1.825091435757892344e-01 1.451532045219565692e-01 6.509390467232392119e-01
2.862955176088734233e-02 1.829500941727761065e-01 1.838145358854857969e-01 6.046058181808504628e-01
3.899384566469481922e-02 1.996836779460758604e-01 2.321588227073046184e-01 5.291636536819249725e-01
5.090689525398559012e-02 2.248767345127994643e-01 2.847311266791900941e-01 4.394852435540249624e-01
6.226402721203178753e-02 2.521162992857731155e-01 3.370476040323216460e-01 3.485720694698736799e-01
7.155950103846125954e-02 2.762957109082707086e-01 3.851397861874692463e-01 2.670050018657988411e-01
7.833769077774385692e-02 2.956529846927974381e-01 4.248976425400174950e-01 2.011116819894410712e-01
8.438769874540556770e-02 3.135892667148955648e-01 4.492549608264206906e-01 1.527680737132781630e-01
8.921307229744827871e-02 3.306637234540006354e-01 4.599464181444736788e-01 1.201767861040775182e-01
9.241389009467403104e-02 3.437914665845359652e-01 4.652187082997003564e-01 9.857593502108993877e-02
9.527454132439185097e-02 3.528769697860192345e-01 4.665961343014059515e-01 8.525235458818257450e-02
1.003478293302831753e-01 3.585547882174270895e-01 4.613845743102167329e-01 7.971280814207329368e-02
1.052524848157253973e-02 1.817293030628811673e-02 4.135546232469392014e-01 5.577471979652001144e-01
9.434062827661731099e-01 4.277443400261058543e-02 8.965839711069425316e-03 4.853443520146644326e-03
9.422721766524032594e-01 4.459086352962875893e-02 8.575534243976123266e-03 4.561425573991656317e-03
9.395350480795330306e-01 4.771134896874449499e-02 8.399663358437094163e-03 4.353939593285774921e-03
9.350928241431024635e-01 5.220032481080939119e-02 8.472637313147840868e-03 4.234213732940220361e-03
9.284924693698263232e-01 5.835051732001131364e-02 8.913466266451544953e-03 4.243547043711079318e-03
9.190545026578904597e-01 6.662698327261348807e-02 9.885674264597597849e-03 4.432839804898648650e-03
9.061752917127529061e-01 7.743525270919893178e-02 1.155380986499981305e-02 4.835645713048135688e-03
8.896416224141162621e-01 9.084246359848194285e-02 1.405838736666449075e-02 5.457526620737396250e-03
8.689602217531000594e-01 1.071253653272805917e-01 1.759884222088660410e-02 6.315570698732859284e-03
8.440131529932763943e-01 1.261517436876791465e-01 2.240770887068778416e-02 7.427394448356270870e-03
8.151079761175684668e-01 1.473176353072259415e-01 2.875581465502336648e-02 8.818573920182086467e-03
7.821784787591081756e-01 1.702638149261727629e-01 3.701688725357470816e-02 1.054081906114432560e-02
7.437809347099556545e-01 1.956986685553582794e-01 4.783284897874981456e-02 1.268754775593596527e-02
6.967004512259323823e-01 2.255080403712337589e-01 6.236508730456331168e-02 1.542642109827062347e-02
6.384188325993876978e-01 2.603810006449287506e-01 8.223661259174111504e-02 1.896355416394249552e-02
5.694375906224207196e-01 2.979374015787240593e-01 1.092680916796947704e-01 2.335691611916041951e-02
4.909768065918551083e-01 3.344825661713138887e-01 1.460894899718342965e-01 2.845113726499684179e-02
4.043518114344872849e-01 3.650877266643012820e-01 1.965879903779591265e-01 3.397247152325217484e-02
3.161034457644812390e-01 3.786904819532484479e-01 2.655343692563219005e-01 3.967170302594841269e-02
2.330693761145991305e-01 3.640772748596707298e-01 3.574860494543222744e-01 4.536729957140823305e-02
1.581044302205200924e-01 3.186567588354778935e-01 4.726711402688849595e-01 5.056767067511719338e-02
9.896949079226063928e-02 2.475246325050461937e-01 5.989483642099747707e-01 5.455751249271841713e-02
5.754935466184232101e-02 1.710486223290265118e-01 7.149207985552497036e-01 5.648122445388144286e-02
3.160607050700193349e-02 1.085624861377135347e-01 8.043738455077467098e-01 5.545759784753800936e-02
1.737034782423415094e-02 6.690372469150342172e-02 8.649118217731185387e-01 5.081410571114396146e-02
9.994135475960112813e-03 4.249101749763145586e-02 9.048613225868661347e-01 4.265352443954232436e-02
6.296102705381347552e-03 2.886414873686763902e-02 9.320848194458152269e-01 3.275492911193590706e-02
4.601582147534014414e-03 2.168854027141371710e-02 9.497680961074618233e-01 2.394178147359058220e-02
4.086032359157179550e-03 1.900121955167676305e-02 9.589155821013898295e-01 1.799716598777638746e-02
4.100646463358353748e-03 2.083460003143841610e-02 9.601969941894223926e-01 1.486775931578080551e-02
4.603692065105275712e-03 2.412472702665568319e-02 9.580105796498549209e-01 1.326100125838370475e-02
5.777065704278520550e-03 3.100018109118928000e-02 9.502168251903345686e-01 1.300592801419769157e-02
8.977524684526715440e-03 4.218363183118600118e-02 9.349618407905065931e-01 1.387700269378073191e-02
1.350966643034159399e-02 5.932282339441311697e-02 9.117260601758584437e-01 1.544144999938690428e-02
1.980467052991518803e-02 7.797759039713964002e-02 8.851771643042426474e-01 1.704057476870238577e-02
2.722574012497321755e-02 9.363832837079986982e-02 8.606866399249488708e-01 1.844929157927801058e-02
3.547187258628620860e-02 1.061298143136978622e-01 8.385738448412326518e-01 1.982446825878285065e-02
4.545757588335997551e-02 1.199053281511216623e-01 8.132317572914351533e-01 2.140533867408350027e-02
5.850019847402679329e-02 1.385721702422554602e-01 7.797967202886271210e-01 2.313091099509072962e-02
7.479310440312586516e-02 1.619642928547345706e-01 7.386060705341750410e-01 2.463653220796471754e-02
9.305770666305031302e-02 1.874824056313405540e-01 6.938220098730651930e-01 2.563787783254401972e-02
1.105920560276104914e-01 2.132694253906026738e-01 6.500702440788788117e-01 2.606827450290815154e-02
1.274741852289380806e-01 2.358191035692972226e-01 6.106375914990956888e-01 2.606911970266891782e-02
1.420988704642394684e-01 2.527635540991174934e-01 5.794584927333077395e-01 2.567908270333507312e-02
1.554066545292384915e-01 2.619594754276347026e-01 5.576711757475953934e-01 2.496269429553136729e-02
1.682875850152132924e-01 2.634763198635231007e-01 5.443452953710001818e-01 2.389079975026340077e-02
1.807670302019194486e-01 2.583358606512424216e-01 5.383692525739788293e-01 2.252785657285940116e-02
1.913214597273734663e-01 2.469614225003403940e-01 5.406516741774541890e-01 2.106544359483203052e-02
1.990454614278853174e-01 2.305598830062728088e-01 5.506623865303087451e-01 1.973226903553325709e-02
2.063190680043295033e-01 2.102238174092514178e-01 5.646963453219174811e-01 1.876076926450162899e-02
2.123077973438314836e-01 1.904280261879763569e-01 5.790190598572545477e-01 1.824511661093746948e-02
2.187452817018927520e-01 1.706807300311100617e-01 5.922881409514912932e-01 1.828584731550589662e-02
2.234985411094926600e-01 1.516869064402390499e-01 6.059982093630839062e-01 1.881634308718427642e-02
2.246831772398287519e-01 1.345435939435398187e-01 6.209865732948566253e-01 1.978665552177521353e-02
2.222937773505497816e-01 1.203459772862615629e-01 6.361661862849629090e-01 2.119405907822600674e-02
2.175089812544303558e-01 1.101855494668327190e-01 6.494589436555687767e-01 2.284652562316842259e-02
2.134217656467715662e-01 1.046858091080474645e-01 6.573473497305341029e-01 2.454507551464708143e-02
2.111106449068770596e-01 1.028720011164368092e-01 6.598662132387103085e-01 2.615114073797567690e-02
2.096559341522144793e-01 1.032169916152750888e-01 6.595789677930761208e-01 2.754810643943458523e-02
2.087705725551754765e-01 1.047645112373216530e-01 6.577486234658791453e-01 2.871629274162379453e-02
2.068329281478089032e-01 1.061484131380222434e-01 6.574355147856717485e-01 2.958314392849703198e-02
1.999763482406031190e-01 1.049512689763314327e-01 6.651926624318521553e-01 2.987972035121323061e-02
1.854797241342028002e-01 9.916124752304758538e-02 6.860672739343399718e-01 2.929175440840980568e-02
1.649583500544051229e-01 8.934731113082361453e-02 7.179972909539461545e-01 2.769704786082501091e-02
1.421363306696951656e-01 7.816972639329934636e-02 7.545398430586552907e-01 2.515409987835010019e-02
1.185189743234972698e-01 6.710500591840158624e-02 7.927073935744308741e-01 2.166862618367009982e-02
9.445494386958741551e-02 5.620368396006446970e-02 8.319045253405564777e-01 1.743684682979190770e-02
7.312242216169100029e-02 4.668516552225734917e-02 8.668872256224013917e-01 1.330518669365019814e-02
5.716506009938631533e-02 3.968186400112640178e-02 8.931371999977720799e-01 1.001587590171530880e-02
4.522180111386160661e-02 3.414833078503429209e-02 9.130597644270187496e-01 7.570103674085607547e-03
3.636334994555417283e-02 2.933473446194834536e-02 9.284214312555247872e-01 5.880484336972220151e-03
8.666656979764990505e-04 9.413320936531159866e-01 4.094951627354834200e-03 5.370628902155267365e-02
5.587547210986479806e-04 9.626574480035270387e-01 2.424120910867021226e-03 3.435967636450722867e-02
4.122167711453404259e-04 9.796604618373982998e-01 2.019112939754446126e-03 1.790820845170214629e-02
4.037634448985374475e-05 9.906827585598080299e-01 7.143964521465497562e-04 8.562468643555634293e-03
8.674958998234597293e-06 9.957999193109735581e-01 4.157505358588071921e-04 3.775655194169334414e-03
1.835951054228075040e-06 9.981230055679491953e-01 2.599106130781047999e-04 1.615247867918440453e-03
3.884576612217154908e-07 9.991629033782111202e-01 1.662669517499093899e-04 6.704412123778493836e-04
8.176426487856056729e-08 9.996298683463151757e-01 1.007005223988641246e-04 2.693493670210854517e-04
1.907454181809889702e-08 9.998323152136560088e-01 5.653191057246036724e-05 1.111338012298216472e-04
5.826899242152766635e-09 9.999173530081958416e-01 3.132337922809263857e-05 5.131778567689821184e-05
2.798325625760487981e-09 9.999516882102541526e-01 1.923879246368739499e-05 2.907019895657530982e-05
2.389992835647960610e-09 9.999639594220898209e-01 1.455707134410702362e-05 2.148111657312232672e-05
3.426419165854555891e-09 9.999661955390760637e-01 1.373314368514263001e-05 2.006789081951705221e-05
7.455830602847413411e-09 9.999622520013885518e-01 1.549599160296633349e-05 2.224455117778890515e-05
2.273264328503702361e-08 9.999524232732455165e-01 1.981179352650127686e-05 2.774220058472046728e-05
9.041373397893109379e-08 9.999351450587350421e-01 2.736664618916725386e-05 3.739788134182864791e-05
4.274490566198399665e-07 9.999070425591465305e-01 3.967172397281859141e-05 5.285826782402243477e-05
9.982254687685096235e-04 9.985391274770947234e-01 2.500321178598747130e-04 2.126149362767533327e-04
2.236212786391650591e-03 9.970065113805052226e-01 4.192217511451260285e-04 3.380540819579496087e-04
4.404708435899195446e-03 9.945292823770938151e-01 6.008083420466847971e-04 4.652008449602731683e-04
7.922001996386839051e-03 9.906919800768900775e-01 7.936058936749549632e-04 5.924120330480353970e-04
1.318073124180025625e-02 9.850831812302650592e-01 1.008823663893888486e-03 7.272638640410958527e-04
1.995608057474935332e-02 9.779387138175512639e-01 1.239317072703119546e-03 8.658885349962657007e-04
9.872488553888301155e-01 1.032035718007642995e-02 1.685018748239542523e-03 7.457686828540685976e-04
9.812129687593487137e-01 1.560897748451151208e-02 2.266469893057510010e-03 9.115838630822262287e-04
9.695371909873855554e-01 2.592676404055325318e-02 3.328877023373157627e-03 1.207167948688312462e-03
9.479725558148947018e-01 4.498434567530656264e-02 5.307838271780038197e-03 1.735260238018496810e-03
9.044631369671213283e-01 8.392633918040129370e-02 8.945692426771727213e-03 2.664831425705689767e-03
8.238281230251872644e-01 1.565794085289248794e-01 1.538412645801519318e-02 4.208341987872553716e-03
6.960101882291198638e-01 2.721547015067467545e-01 2.538453977743635945e-02 6.450570486697011774e-03
5.354747200945492169e-01 4.174858373780057086e-01 3.797587610532598967e-02 9.063566422119168076e-03
3.808652020492330204e-01 5.570037099734195252e-01 5.065770627216060334e-02 1.147338170518680950e-02
2.632646123261579429e-01 6.614716460525412733e-01 6.187116440080460411e-02 1.339257722049619868e-02
1.808714170888766626e-01 7.331288873209729218e-01 7.128310247071026340e-02 1.471659311944033266e-02
1.254376952658482758e-01 7.788410444385255316e-01 8.021979487303593226e-02 1.550146542259027774e-02
8.755983972142224181e-02 8.074902356178834673e-01 8.915254953112677905e-02 1.579737512956740780e-02
6.247724303628630210e-02 8.237096811012273312e-01 9.805885379308061645e-02 1.575422206940591680e-02
4.638242065914033319e-02 8.310350967055158966e-01 1.071068490977986620e-01 1.547563353754526951e-02
3.564026036081457960e-02 8.299600142521689206e-01 1.193435101184313896e-01 1.505621526858546590e-02
2.824227783662254521e-02 8.183794520630414127e-01 1.386259937481732207e-01 1.475227635216295845e-02
2.298546198259997925e-02 7.952660134514834001e-01 1.670736998594541944e-01 1.467482470646206023e-02
1.904765853813238444e-02 7.651403650621688701e-01 2.010182427591932219e-01 1.479373364050554432e-02
1.580400123031035567e-02 7.368650165666622565e-01 2.322899171100154814e-01 1.504106509301176252e-02
1.311312802006785704e-02 7.195395688820559466e-01 2.519208748856497371e-01 1.542642821222645066e-02
1.097871262043435131e-02 7.179894278589991075e-01 2.550785691277376310e-01 1.595329039282921205e-02
8.871214932828400124e-03 7.279828709771376527e-01 2.464808369020075607e-01 1.666507718802648016e-02
7.612687232645408072e-03 7.364501317302953876e-01 2.379680661280990095e-01 1.796911490896005784e-02
6.644230610914077240e-03 7.341826683159804467e-01 2.385986100547181077e-01 2.057449101838754874e-02
5.968627251663950750e-03 7.239411711881874600e-01 2.448954669414581953e-01 2.519473461869051883e-02
5.487783539841969288e-03 7.167314885842459571e-01 2.456727412805695676e-01 3.210798659534247479e-02
5.199474567575984411e-03 7.176359098032796258e-01 2.361833146085859647e-01 4.098130102055851098e-02
5.066436537772984680e-03 7.235422312805916967e-01 2.202810766134709886e-01 5.111025556816427284e-02
5.073454479211901742e-03 7.325741882438341346e-01 2.004124802078664225e-01 6.193987706908738594e-02
5.263656992526712097e-03 7.446705808557377848e-01 1.784629315795206450e-01 7.160283057221475400e-02
5.689876801451355763e-03 7.613793291317514367e-01 1.566309061638192224e-01 7.629988790297791146e-02
6.543654292773105549e-03 7.831634331660313197e-01 1.359607042613578398e-01 7.433220827983794132e-02
7.933037046358559774e-03 8.065631763005767230e-01 1.174945995228685869e-01 6.800918713019640793e-02
9.849013177211067213e-03 8.284479206841587340e-01 1.018146245821460738e-01 5.988844155648402612e-02
1.224905948385071955e-02 8.483342870296896043e-01 8.845403304525191468e-02 5.096262044120775103e-02
1.495808085239421110e-02 8.671084725645689106e-01 7.644506154555402722e-02 4.148838503748319279e-02
1.784868447333851083e-02 8.850159017660781391e-01 6.513992871528916095e-02 3.199548504529426546e-02
2.041902673483084879e-02 9.009206436839660714e-01 5.508003349196090304e-02 2.358029608924201714e-02
2.397398434795529679e-02 9.118125299919304094e-01 4.697123365197194977e-02 1.724225200814228504e-02
2.744771743399448613e-02 9.190767671493463853e-01 4.062118721164827834e-02 1.285432820501091096e-02
3.040702142945466910e-02 9.241811017147139040e-01 3.549708927789018559e-02 9.914787577941038335e-03
3.249195024758470135e-02 9.284247542581305357e-01 3.120142631708954298e-02 7.881869177195218248e-03
3.302328679659714133e-02 9.333580421963811879e-01 2.730976185343209073e-02 6.308909153589967699e-03
3.160398392171112625e-02 9.399826341454886602e-01 2.344747506637749265e-02 4.965906866422273302e-03
3.042149549673578424e-02 9.457292245741070191e-01 1.987135793283155080e-02 3.977921996325408174e-03
2.781225468873506357e-02 9.527584788519620762e-01 1.630390583629285836e-02 3.125360623010164929e-03
2.385821134811225153e-02 9.610498295305962557e-01 1.271370838032827300e-02 2.378250740963355064e-03
1.878780780330176897e-02 9.701583231797582529e-01 9.344104522593882009e-03 1.709764494345797272e-03
1.377595308937053752e-02 9.785224754551284931e-01 6.539256151983833740e-03 1.162315303517103731e-03
9.892013790962349284e-03 9.847959745145560273e-01 4.533901036919468254e-03 7.781106575622039490e-04
7.487415356854588283e-03 9.886485858521442127e-01 3.314277001697751336e-03 5.497217893036730708e-04
6.228794936949662124e-03 9.906793530503137379e-01 2.662126137804261827e-03 4.297258749324109144e-04
5.688935500159756492e-03 9.915756174512788679e-01 2.360732786392794134e-03 3.747142621682894689e-04
5.666190627049813751e-03 9.916893202394992946e-01 2.283726179149870965e-03 3.607629543008552295e-04
6.017013332410060290e-03 9.912800888214803319e-01 2.333108244430521366e-03 3.697896016786232989e-04
6.524937049670912967e-03 9.906919299716286931e-01 2.400095950074982321e-03 3.830370286253907122e-04
6.915536611567279363e-03 9.903147748003892081e-01 2.384371344161045295e-03 3.853172438824315946e-04
7.116309834061657763e-03 9.902319786601063711e-01 2.274231161719778883e-03 3.774803441121606117e-04
7.248541071397033089e-03 9.902473852815790734e-01 2.134065352108556815e-03 3.700082949150963708e-04
7.268580317576473979e-03 9.903754005040653619e-01 1.993634218014208453e-03 3.623849603441014339e-04
7.347745918533789104e-03 9.903857298581568713e-01 1.906610503706740369e-03 3.599137196025962147e-04
7.836086460383827335e-03 9.898413719860631454e-01 1.946607985705283176e-03 3.759335678477915277e-04
9.230854609214257309e-03 9.881472497541818889e-01 2.191460015910053332e-03 4.304356206938387826e-04
1.245283388566498402e-02 9.842582211854018492e-01 2.735080066609268858e-03 5.538648623240390468e-04
1.857862981725221657e-02 9.770647026471145358e-01 3.592051834594777587e-03 7.646157010381963081e-04
2.823094259814712056e-02 9.661328505293149682e-01 4.593862986627166890e-03 1.042343885910689905e-03
4.142238020611610505e-02 9.517247567279799592e-01 5.510084844756425564e-03 1.342778221147473581e-03
5.749659433773832151e-02 9.347135306658026499e-01 6.171609068420288308e-03 1.618265928038610177e-03
7.623201999893519654e-02 9.153566563675964440e-01 6.562046111199546297e-03 1.849277522269029105e-03
9.868101208383292522e-02 8.924588688086230182e-01 6.806900622903423563e-03 2.053218484640521174e-03
1.276735894689740025e-01 8.631652554711256586e-01 6.915615091615977782e-03 2.245539968284273897e-03
1.607794894622944781e-01 8.296827519270472129e-01 7.109669949682749859e-03 2.428088660975860971e-03
1.979187961660918149e-01 7.921777808471961446e-01 7.317495390427037304e-03 2.585927596284907318e-03
2.385394618671673461e-01 7.511946796326055553e-01 7.544230777593325526e-03 2.721627722633922653e-03
2.801461331135229327e-01 7.092754266296449339e-01 7.742679775468097429e-03 2.835760481364002581e-03
3.155796619871652497e-01 6.737077444035884932e-01 7.808689668383767338e-03 2.903903940862332268e-03
3.395996381184847035e-01 6.497556506562975898e-01 7.731604150437872656e-03 2.913107074779808063e-03
3.512105140297297479e-01 6.384250195559806329e-01 7.517789264361193075e-03 2.846677149928069674e-03
3.513913256001319763e-01 6.387921127245946851e-01 7.130962518421795314e-03 2.685599156851195980e-03
3.448858124871805320e-01 6.460511798276353801e-01 6.602528461113180494e-03 2.460479224071019343e-03
3.351017120167389951e-01 6.567193384543443813e-01 5.972193725676611456e-03 2.206755803239997000e-03
3.214489638367889479e-01 6.712820658022002895e-01 5.318085630739481651e-03 1.950884730271174429e-03
3.042928463502517222e-01 6.891504014282973101e-01 4.816835914011154303e-03 1.739916307439595472e-03
2.857394120817987604e-01 7.080638309279788656e-01 4.593036242410087656e-03 1.603720747812418645e-03
2.655560516253426817e-01 7.283453237373529454e-01 4.581444398877400348e-03 1.517180238426969491e-03
2.382754828212881038e-01 7.557703752805740027e-01 4.538481711228808946e-03 1.415660186909052480e-03
2.087850761636830532e-01 7.854184159501117479e-01 4.469750852320791834e-03 1.326757033884583964e-03
1.894492047879094421e-01 8.046048395734070047e-01 4.618979643780899737e-03 1.326975994902672169e-03
