2.467349966320933896e-01 7.395727360575228282e-01 7.628948982545439954e-03 6.063318327838393418e-03
9.948005067031834292e-01 3.707815841981455200e-03 8.381967883323232851e-04 6.534806665027324650e-04
9.954754777265459875e-01 3.333863882620757141e-03 6.588014857002404264e-04 5.318569051329969126e-04
9.957362509825493646e-01 3.273078847046536656e-03 5.411302238216187006e-04 4.495399465824321682e-04
9.954366922568386178e-01 3.668002499485750571e-03 4.856839277740165666e-04 4.096213159016483057e-04
9.943031542567695169e-01 4.794544066675929077e-03 4.904254685012034978e-04 4.118762080535043140e-04
9.917451078395040920e-01 7.244978501417891591e-03 5.553397823398779562e-04 4.545738767382653746e-04
9.864063182870577151e-01 1.236340507666605984e-02 6.909210692508558575e-04 5.393555670253739626e-04
9.746532357742687669e-01 2.369602804381925470e-02 9.577782940933219106e-04 6.929578878185223799e-04
9.494522070391092639e-01 4.814504448753074983e-02 1.441881288699009686e-03 9.608671846608344896e-04
8.927890300242171673e-01 1.036194343759684333e-01 2.212298386281833038e-03 1.379237213532324806e-03
7.790655507156418746e-01 2.157010486104614655e-01 3.322482091967244883e-03 1.910918581929448370e-03
5.906008278693812841e-01 4.022931388648022244e-01 4.726284376423309057e-03 2.379748889393121323e-03
3.700877729894196388e-01 6.232461524587493695e-01 4.349526412480556915e-03 2.316548139350396544e-03
1.917456250775419202e-01 8.026528197225104577e-01 3.691423850029422818e-03 1.910131349918271684e-03
8.781230677065776646e-02 9.078436688440549851e-01 2.919123132618548118e-03 1.424901252668937324e-03
3.902722814872540413e-02 9.578301224034087014e-01 2.091484103531181249e-03 1.051165344334558435e-03
1.748208194792434667e-02 9.800739741760440271e-01 1.622341661782577974e-03 8.216022142490665659e-04
8.334482528731973830e-03 9.896052731520827983e-01 1.368996996841724762e-03 6.912473223434272094e-04
4.390689980441094334e-03 9.937516115005600170e-01 1.242336087209842130e-03 6.153624317891518997e-04
2.626362995382530013e-03 9.955664491187269372e-01 1.232865497988913000e-03 5.743223879017560120e-04
1.833858512141411370e-03 9.961938775582217520e-01 1.395632976640174281e-03 5.766309529964876732e-04
1.420196348808188368e-03 9.961984238945865711e-01 1.766862465930062447e-03 6.145172906751910280e-04
1.108799442766359323e-03 9.958082452655183658e-01 2.414035529087089817e-03 6.689197626285449741e-04
8.807208389561564828e-04 9.947481701425272549e-01 3.607964825507150447e-03 7.631441930090744315e-04
7.682419279614970510e-04 9.922954216290944540e-01 5.980870473806989412e-03 9.554659691372968493e-04
7.540918799445942141e-04 9.872317668037570160e-01 1.067817065411052514e-02 1.335970662187597200e-03
7.923431027549121498e-04 9.784315308607530737e-01 1.873746597506298003e-02 2.038660061428916939e-03
5.150539431189321430e-04 9.649092028681602873e-01 3.127729032091106087e-02 3.298452867809702899e-03
9.997666678162034012e-04 9.477121237067924753e-01 4.613124289426107083e-02 5.156866731129914824e-03
1.093381608877795228e-03 9.287152540305787518e-01 6.266049311759191998e-02 7.530871242951718385e-03
1.103795096309917153e-03 9.138643399188254302e-01 7.513172524437555788e-02 9.900139740489487944e-03
9.976426080318308038e-04 9.086942822751706839e-01 7.840610162244944503e-02 1.190197349434781240e-02
7.988112340667815475e-04 9.136112223388227482e-01 7.193853522988152838e-02 1.365143119722914480e-02
5.916297844939947051e-04 9.215296841993417809e-01 6.223109096252074646e-02 1.564759505364379452e-02
4.459684446930941800e-04 9.243136267466506295e-01 5.654593764243995291e-02 1.869446716621631435e-02
3.762495687704555877e-04 9.179484362702904354e-01 5.759689605829892978e-02 2.407841810264035876e-02
3.866244807221144220e-04 9.024374108165401642e-01 6.351809714773393178e-02 3.365786755500404376e-02
4.818032150908670413e-04 8.812648950910265677e-01 6.840578294127241943e-02 4.984751875261016901e-02
6.433816034037551828e-04 8.535510064744102898e-01 6.883355420146007597e-02 7.697205772072585050e-02
8.193167825589314475e-04 8.132187227065214019e-01 6.559578798086049267e-02 1.203661725300594343e-01
9.729494057629089207e-04 7.666993135706534623e-01 5.840878393737403834e-02 1.739189530862096100e-01
6.432653275899494856e-04 7.355174834695737962e-01 4.866583370295519267e-02 2.151734174998810312e-01
4.651313434464753364e-04 7.379923533935388580e-01 3.752465482475600411e-02 2.240178604382585537e-01
6.631105434819448445e-04 7.750837825473104736e-01 2.661286441983710255e-02 1.976402424893704268e-01
3.921459032313044679e-04 8.290762633151401717e-01 1.838832580216418627e-02 1.521432649794643988e-01
2.718787337710913883e-04 8.777356984398634321e-01 1.320219192724635636e-02 1.087902308991188227e-01
2.776659650247788563e-04 9.107277354107181644e-01 1.046943772699129513e-02 7.852516089726564730e-02
3.885865039831508491e-04 9.288948691304695915e-01 9.413907354456893528e-03 6.130263701109035790e-02
6.419746416848682354e-04 9.371929712834958792e-01 9.365719427474737679e-03 5.279933464734472975e-02
1.053507235116765651e-03 9.405296258672500853e-01 9.623177024464323048e-03 4.879368987316873990e-02
1.546578915801564199e-03 9.419767103073336534e-01 9.765529187200815836e-03 4.671118158966386380e-02
2.129373150037545698e-03 9.417861383653149954e-01 1.014853865700767084e-02 4.593594982763930107e-02
2.979573593816891609e-03 9.392698605866774964e-01 1.137941615284461527e-02 4.637114966666110866e-02
4.121883936006447494e-03 9.353033379452758700e-01 1.336679606101894187e-02 4.720798205769850819e-02
5.242540485190883524e-03 9.316385718748053657e-01 1.534599803473882425e-02 4.777288960526487882e-02
6.091642234130476702e-03 9.282449137073027767e-01 1.697485363918388446e-02 4.868859041938275456e-02
7.069153216245143215e-03 9.225719824675855385e-01 1.910742928591957490e-02 5.125143503024977287e-02
8.452397286107540819e-03 9.124363797642259799e-01 2.269998172369303013e-02 5.641124122597342139e-02
9.895379074612414491e-03 8.971691273097184283e-01 2.822059005976066542e-02 6.471490355590867050e-02
1.110761530604267508e-02 8.764796529760080501e-01 3.614147641141825240e-02 7.627125530653064422e-02
1.189826945675426240e-02 8.506958178397561188e-01 4.679326282189882891e-02 9.061264988159084544e-02
1.188250241867632416e-02 8.207131652791190835e-01 6.051214934539234785e-02 1.068921829568123955e-01
1.090379693821486203e-02 7.884667341228273063e-01 7.705162161188695846e-02 1.235778473270707500e-01
8.738369792827146987e-03 7.536470418938464588e-01 9.949389925657865785e-02 1.381206890567478751e-01
6.448923790552211002e-03 7.197852519890125533e-01 1.277302962391508312e-01 1.460355279812841911e-01
4.613702823759185771e-03 6.927798652212124875e-01 1.587832815643281936e-01 1.438231503907000108e-01
3.210279724226049267e-03 6.815207496273277821e-01 1.839929691211119323e-01 1.312760015273339020e-01
2.563135421918596221e-03 6.954136291826021887e-01 1.915075281639688209e-01 1.105157072315101491e-01
1.712158091502952000e-03 7.405124396630200501e-01 1.731644604250199282e-01 8.461094182045719725e-02
1.239929347793841544e-03 8.047413624032906387e-01 1.355156768042234394e-01 5.850303144469225919e-02
1.166292140651857328e-03 8.638147640620902346e-01 9.696167464885738219e-02 3.805726914840063674e-02
8.340982232612490291e-03 9.828579193038338158e-01 7.439404691772655807e-03 1.361693771781081076e-03
9.763039905858826861e-01 2.124465296528092739e-02 1.563641826780905186e-03 8.877146220554284943e-04
9.733130628413623198e-01 2.425706169816737451e-02 1.572136666251398255e-03 8.577387942188529355e-04
9.683780481214623315e-01 2.909443887323974118e-02 1.661972740763891909e-03 8.655402645340338217e-04
9.607352142520609872e-01 3.652437871347919557e-02 1.837053644419480618e-03 9.033533900403445003e-04
9.510201156193996974e-01 4.594120521764265969e-02 2.072129763260549193e-03 9.665493996969486395e-04
9.350757294605748227e-01 6.134676138338655826e-02 2.487894792277628529e-03 1.089614363760861310e-03
9.141469762302839586e-01 8.153559370121621352e-02 3.057394703134368175e-03 1.260035365365400973e-03
8.892992691224209656e-01 1.055038690774387639e-01 3.735167432296600167e-03 1.461694367843420148e-03
8.597428743591449818e-01 1.339775406567554339e-01 4.565342867835427663e-03 1.714242116264126734e-03
8.237347000350190296e-01 1.685670233982305144e-01 5.646032099398276549e-03 2.052244467352528582e-03
7.809221177355216703e-01 2.094294749176927872e-01 7.121818349079763605e-03 2.526588997705652654e-03
7.320590801566265737e-01 2.555015321431425290e-01 9.221932211216400666e-03 3.217455489014281033e-03
6.749744636568866252e-01 3.085120818617312910e-01 1.228171114919773647e-02 4.231743332184572867e-03
6.071930403538393639e-01 3.702573837435259585e-01 1.681599777259851908e-02 5.733578130036032748e-03
5.337991252757892102e-01 4.347421375816327149e-01 2.348967926952992211e-02 7.969057873047915089e-03
4.611853344176327640e-01 4.948474680739637366e-01 3.281878876013041846e-02 1.114840874827330471e-02
3.923901175472042646e-01 5.470170492823165365e-01 4.520192642625091989e-02 1.539090674422810383e-02
3.322699749340580766e-01 5.858118149745688008e-01 6.112557993326012823e-02 2.079263015811332743e-02
2.819230689277989477e-01 6.092000964673038865e-01 8.131180279312555381e-02 2.756503181177159117e-02
2.405571205713654959e-01 6.155616831715673420e-01 1.077784267270358448e-01 3.610276953003114381e-02
2.074751692626125854e-01 6.036018913270010389e-01 1.427729829972949616e-01 4.614995641309123375e-02
1.821556018267173060e-01 5.774266309904432237e-01 1.851363808866559046e-01 5.528138629618380151e-02
1.649073574145814014e-01 5.492001135638184817e-01 2.263192313637003572e-01 5.957329765789961401e-02
1.533493946867505453e-01 5.304849122583501497e-01 2.589755355148204430e-01 5.719015754007868851e-02
1.482280422392484864e-01 5.238234168225646137e-01 2.777247686129970528e-01 5.022377232518967366e-02
1.452613697585543595e-01 5.275839987441881540e-01 2.854334669265807256e-01 4.172116457067649720e-02
1.423910120537326685e-01 5.383127275645508414e-01 2.856566632679227724e-01 3.363959711379384265e-02
1.386087194672317446e-01 5.549028255751189409e-01 2.798202903995922752e-01 2.666816455805688657e-02
1.322694116386008423e-01 5.756498355585702997e-01 2.710453266457547583e-01 2.103542615707448479e-02
1.223626678003256057e-01 5.934677015558529334e-01 2.672844805914735278e-01 1.688515005234811697e-02
1.118159747059292858e-01 6.007847222477405991e-01 2.732286817063635520e-01 1.417062133996668978e-02
1.020242091238451054e-01 6.016636567670645697e-01 2.838755510160861362e-01 1.243658309300436568e-02
9.155157953536759152e-02 6.107188542503506623e-01 2.866732836946300211e-01 1.105628251965159667e-02
8.011455738917892810e-02 6.367882737110052149e-01 2.733919594878569947e-01 9.705209411959280288e-03
6.757356556703425499e-02 6.774228420534216255e-01 2.466796172601105619e-01 8.323975119433295669e-03
5.364555798477343290e-02 7.249315858529457035e-01 2.143975464245178042e-01 7.025309737763325672e-03
4.028925095213775620e-02 7.711162348965964197e-01 1.824053186491134126e-01 6.189195502152561486e-03
2.959700588320804404e-02 8.103429199388751947e-01 1.539311293135751935e-01 6.128944864341462871e-03
2.026578044111645299e-02 8.433335843901729190e-01 1.297057637350991499e-01 6.694871433611662009e-03
1.335917694214154919e-02 8.706655943219856475e-01 1.081934331257552867e-01 7.781795610117469772e-03
8.082594087232350052e-03 8.955134844358336732e-01 8.720531585234816974e-02 9.198605624585375062e-03
4.474877343215151980e-03 9.191240231316146758e-01 6.574859229782881176e-02 1.065250722734149488e-02
2.342018931124106168e-03 9.397578944988703720e-01 4.606332587231531245e-02 1.183676069769032738e-02
1.205728178816346374e-03 9.552555033665407480e-01 3.088838948775032150e-02 1.265037896689277276e-02
6.121182105630914140e-04 9.663955733223142941e-01 2.013068040803590170e-02 1.286162805908664004e-02
3.002750261527012280e-04 9.756568655878187224e-01 1.218670651048697415e-02 1.185615287554193931e-02
1.485022280916977735e-04 9.829650183323256352e-01 6.903829204580854209e-03 9.982650235001703024e-03
5.221133214387952386e-05 9.879412305613518575e-01 3.458573880042442074e-03 8.547984226461840390e-03
3.553935464282679667e-05 9.900734540870085310e-01 2.211323788672137428e-03 7.679682769676589131e-03
2.536642572997952285e-05 9.916975703261459163e-01 1.414334805431401425e-03 6.862728442692701304e-03
1.940289256838868766e-05 9.928292624027807989e-01 9.816096651222060501e-04 6.169725039528623466e-03
1.724106442040549932e-05 9.932905113284004051e-01 8.212907867128580721e-04 5.870956820466325179e-03
1.891400574855684854e-05 9.929732560649712214e-01 8.639600046410915359e-04 6.143869924639124534e-03
2.645770378237312598e-05 9.916389942495922316e-01 1.128052126261226131e-03 7.206495920364085553e-03
4.375945917313712032e-05 9.891456299797000140e-01 1.679562207536141813e-03 9.131048353590706310e-03
8.298594613226504201e-05 9.848795043697945450e-01 2.764318605152393457e-03 1.227319107892094370e-02
1.960687934580040059e-04 9.764291700635283622e-01 5.271846382956276236e-03 1.810291476005724404e-02
5.932131181019384804e-04 9.580162397516445161e-01 1.299711680328089446e-02 2.839343032697305702e-02
1.391882630120558698e-03 9.222146781526607828e-01 2.995369277972205826e-02 4.643974643749673031e-02
3.227044301291164853e-03 8.537770812350751193e-01 6.853458146437883813e-02 7.446129299925489942e-02
6.904601219541240016e-03 7.365645322755041136e-01 1.452148932406718551e-01 1.113159732642829830e-01
1.126311933162076583e-02 5.748236546034337646e-01 2.677343798765645655e-01 1.461788461883809231e-01
1.465129455747873378e-02 4.037819713305572655e-01 4.189961776696646822e-01 1.625705564422995908e-01
1.511991043186545688e-02 2.658357559320518315e-01 5.640311797587962417e-01 1.550131538772862305e-01
1.396005922403944360e-02 1.763227610800116030e-01 6.758472488050830673e-01 1.338699308908654906e-01
1.291547583141957126e-02 1.262267337760982766e-01 7.462016815606836717e-01 1.146561088317984006e-01
1.265367762995339186e-02 1.000401830461454256e-01 7.825288679695476812e-01 1.047772713543535655e-01
1.325056798922458028e-02 8.774534279224363575e-02 7.931894184045568119e-01 1.058146708139750258e-01
1.432895311387926730e-02 8.251188644232348990e-02 7.866256264904113449e-01 1.165335339533857817e-01
1.607063306106851913e-02 8.182734613429649972e-02 7.710331162005872319e-01 1.310689046040476868e-01
1.867358362913325992e-02 8.421999899915393051e-02 7.549636162302374442e-01 1.421428011414753723e-01
1.777762406640683301e-01 4.342350946385127863e-01 3.648691137987274402e-01 2.311955089869147453e-02
3.272715168159678889e-01 4.727378209176233415e-01 1.424460928608582977e-01 5.754456940555042338e-02
2.129205823243326967e-01 5.253477414078152608e-01 1.726120268493420429e-01 8.911964941851012456e-02
1.353079521804966823e-01 5.450782369643730751e-01 1.879134540859050129e-01 1.317003567692253407e-01
8.555186635347680757e-02 5.442591731061729998e-01 1.856409598277586059e-01 1.845480007125914201e-01
5.249362879715498142e-02 5.380217367630301117e-01 1.688323078521419274e-01 2.406523265876726325e-01
3.029767142354816353e-02 5.339776865604944911e-01 1.457838891284057858e-01 2.899407528875515561e-01
1.694081126951578475e-02 5.326336588298232755e-01 1.245400717679386732e-01 3.258854581327226274e-01
9.816171935978007176e-03 5.242393580233333239e-01 1.084409979221845760e-01 3.575034721185040842e-01
6.151665935168443289e-03 4.924088020093984053e-01 9.814412781924487794e-02 4.032954042361883706e-01
4.199880357976270608e-03 4.313598986750230013e-01 9.047603604622495022e-02 4.739641849207755775e-01
3.079811185886155434e-03 3.529915470163523805e-01 8.003014853694312425e-02 5.638984932608185341e-01
2.368222635839340937e-03 2.742972835787613750e-01 6.575453173617672176e-02 6.575799620492227548e-01
1.832702289481493319e-03 1.991360456567138892e-01 5.182043513889997982e-02 7.472108169149044299e-01
1.396965909720569504e-03 1.296245436377833626e-01 4.049667196738186703e-02 8.284818184851141520e-01
1.014996271982593129e-03 7.360815978460534537e-02 3.082294370844016265e-02 8.945539002349722768e-01
6.680112798157117641e-04 3.732732887547738493e-02 2.452281490293516802e-02 9.374818449417716693e-01
4.336157449340087263e-04 1.881753191546250634e-02 2.648745876178570241e-02 9.542613935778176959e-01
3.159066298331214421e-04 1.029142630895505880e-02 3.800107769609700065e-02 9.513915893651146982e-01
2.654131066187744525e-04 6.428666737720196110e-03 5.674265488580982481e-02 9.365632652698514526e-01
2.566819963866356111e-04 4.758460831586752530e-03 7.826040283634171091e-02 9.167244543356847242e-01
2.692522392213449797e-04 4.011459280551419107e-03 9.459527250493192374e-02 9.011240159752952339e-01
2.876449352576710447e-04 3.669823741145345625e-03 9.970226332995404950e-02 8.963402679936428585e-01
3.119343335998951976e-04 3.724714931723066818e-03 9.834399436300597652e-02 8.976193563716711177e-01
3.403717389513159471e-04 4.239636164429234737e-03 9.963728686179181004e-02 8.957827052348276142e-01
3.757126476791965673e-04 5.299240210357633422e-03 1.114616509142866835e-01 8.828633962276764002e-01
4.215110315361565631e-04 7.092827990225233740e-03 1.380500661291590714e-01 8.544355948490794939e-01
4.752511521791809258e-04 1.008255058934923350e-02 1.795075791335963289e-01 8.099346191248749660e-01
5.459819582106968400e-04 1.568147804977809701e-02 2.377828312003261724e-01 7.459897087916850245e-01
6.462632299944047086e-04 2.742940312927492907e-02 3.142168908759275237e-01 6.577074427648030852e-01
7.834497461423992493e-04 5.304786960325581779e-02 3.914295819228187368e-01 5.547390987277832641e-01
9.458253846543390525e-04 1.090907260648415061e-01 4.375250611047651339e-01 4.524383874457389987e-01
1.073080573435484337e-03 2.264686254883641892e-01 4.213770877350677679e-01 3.510812062031323788e-01
1.205765112270614382e-03 4.350647193616542507e-01 3.261536639613288324e-01 2.375758515647460323e-01
1.043738258834818380e-03 6.800623429649343965e-01 1.953129966815888019e-01 1.235809220946421511e-01
6.999879780802672818e-04 8.556863688480186303e-01 9.503587673658159263e-02 4.857776643731973043e-02
3.898032762422547464e-04 9.433002282977497321e-01 4.050107432932412155e-02 1.580889409668381762e-02
1.642257343354412171e-04 9.781984737158504473e-01 1.673439217310444121e-02 4.902908376709732945e-03
3.203310947285007256e-05 9.907507800216603933e-01 7.574553953570184114e-03 1.642632915296419159e-03
8.480723253700121365e-06 9.953977565414927620e-01 3.933043701760743915e-03 6.607190334927254532e-04
3.179563413647978686e-06 9.972737635432689096e-01 2.390412721502227500e-03 3.326441718151638169e-04
1.620953508350546636e-06 9.981231417202194311e-01 1.669763798258360778e-03 2.054735280138710323e-04
9.800002575104370027e-07 9.985973322134565899e-01 1.255884064303015250e-03 1.458037219828839999e-04
5.926198922898885566e-07 9.989494322131227122e-01 9.386231707016348767e-04 1.113519962833831018e-04
3.469378349534923225e-07 9.992187613811674973e-01 6.907804070148338338e-04 9.011127398274067495e-05
2.181908930535060195e-07 9.993885431069654546e-01 5.317292878333446061e-04 7.950941430834419733e-05
1.722419044590320462e-07 9.994542286094759698e-01 4.648071211170175894e-04 8.079202750253792098e-05
2.049322979433788326e-07 9.993936790355111288e-01 5.041968079039346653e-04 1.019192242867041699e-04
3.854758404099236914e-07 9.991454321987843779e-01 6.909733249959080061e-04 1.632090003793422981e-04
1.034113852611467404e-06 9.985526940986468869e-01 1.126548332459901625e-03 3.197234550406464950e-04
3.551845647028036490e-06 9.972194565837582125e-01 2.040560922286155290e-03 7.364306483086478089e-04
1.417686644260149481e-05 9.942591198612193981e-01 3.842200619570888993e-03 1.884502652767141694e-03
5.903332589225139234e-05 9.879705619943294215e-01 7.051244063301144623e-03 4.919160616477080868e-03
9.743430179526528382e-04 9.713590281951669514e-01 1.477935551359251323e-02 1.288727327328785359e-02
1.766761921040147301e-03 9.411060810205399418e-01 2.560123778030886504e-02 3.152591927811069367e-02
3.054607488324372240e-03 8.844565969132590633e-01 4.061946174088274658e-02 7.186933385753384307e-02
4.720714189738122769e-03 7.950119309117821276e-01 5.711172950022168349e-02 1.431556253982581295e-01
6.742007782250264945e-03 6.821036637967116123e-01 7.203647803531812444e-02 2.391178503857200599e-01
8.315497830057781009e-03 5.715824708427482692e-01 8.471125994454838104e-02 3.353907713826455028e-01
1.031561793628548232e-02 4.825931614923887336e-01 9.831472380237765707e-02 4.087764967689480611e-01
1.315472552927864427e-02 4.222010352174555559e-01 1.169368227492986190e-01 4.477074165039671705e-01
1.741698800945540651e-02 3.894215363977246991e-01 1.442252939392718591e-01 4.489361816535478167e-01
2.312863059979848243e-02 3.786771606365871845e-01 1.814370484991520427e-01 4.167571602644623008e-01
2.931606063150878766e-02 3.813183188009935942e-01 2.272337778391793073e-01 3.621318427283185537e-01
3.487739783582801539e-02 3.895134399284932991e-01 2.784502831938748257e-01 2.971588790418039361e-01
3.915993896381320116e-02 3.971011430208310489e-01 3.300848762886097187e-01 2.336540417267459480e-01
4.187805770700655378e-02 4.023199738801571113e-01 3.761443907935403397e-01 1.796575776192961549e-01
4.368132657286889070e-02 4.107143247831336885e-01 4.077344642929857099e-01 1.378698843510116900e-01
4.430554277549927922e-02 4.240175064737283228e-01 4.236687068265665435e-01 1.080082439242059239e-01
4.296297526185789001e-02 4.403740355417840036e-01 4.289910350445778064e-01 8.767195415178015427e-02
4.117825683242120477e-02 4.588455432414608737e-01 4.246430842695906871e-01 7.533311565652740793e-02
4.063821598776810873e-02 4.770775135441240322e-01 4.120694324234425165e-01 7.021483804466507883e-02
1.094433352602898306e-02 2.844436710962713194e-02 2.660519853381987931e-01 6.945593140261452358e-01
9.467723263410506851e-01 3.955039063020572565e-02 8.947749668364377365e-03 4.729533360379145103e-03
9.453087975975417168e-01 4.164663112258119165e-02 8.585572503369647696e-03 4.458998776507249601e-03
9.422355009265194203e-01 4.508261467376319803e-02 8.419367736484672377e-03 4.262516663232715323e-03
9.390424625468221098e-01 4.827940020924031267e-02 8.551190220983464346e-03 4.126947022953784440e-03
9.328277722818042461e-01 5.414798964955316873e-02 8.898735525402911781e-03 4.125502543239434848e-03
9.243905449480424030e-01 6.159602316507977599e-02 9.719851083928015417e-03 4.293580802949862815e-03
9.136281834417920855e-01 7.055636408332296994e-02 1.114851966447056794e-02 4.666932810414301143e-03
9.004978451949554596e-01 8.094458338871203529e-02 1.329749344157270252e-02 5.260077974759848514e-03
8.839072339628034625e-01 9.362102807563142670e-02 1.636251641231882201e-02 6.109221549246228976e-03
8.628018359215323674e-01 1.093576328652727941e-01 2.058627685190979328e-02 7.254254361284890804e-03
8.366799674476740334e-01 1.283179985764597852e-01 2.625869467497227855e-02 8.743339300893925373e-03
8.050040258284779648e-01 1.505476406677913048e-01 3.379142854837085402e-02 1.065690495535962998e-02
7.661756465150871831e-01 1.767983802518085512e-01 4.388984804507088666e-02 1.313612518803360801e-02
7.163651497883546382e-01 2.093723017886208460e-01 5.783199827293809131e-02 1.643055015008644190e-02
6.516727295232235262e-01 2.500721342643790202e-01 7.741445501810760577e-02 2.084068119428979238e-02
5.728486080283266002e-01 2.960910674172868018e-01 1.045873403530673817e-01 2.647298420131912952e-02
4.843063512483649080e-01 3.402898288960516382e-01 1.421666980433487215e-01 3.323712181223457962e-02
3.913032066327760128e-01 3.729541240807340285e-01 1.946591455141341298e-01 4.108352377235582886e-02
3.029550903123889860e-01 3.792680012396708045e-01 2.678282583399943517e-01 4.994865010794571208e-02
2.233509966246283729e-01 3.509021808235645579e-01 3.664580532388759804e-01 5.928876931293115826e-02
1.525629993456315281e-01 2.923647993892197761e-01 4.874713572865740918e-01 6.760084397857488159e-02
9.672974492489611054e-02 2.167479676732034788e-01 6.131600888548861539e-01 7.336219854701390986e-02
5.628370814382970683e-02 1.459743973484454171e-01 7.220580130947985564e-01 7.568388141292629878e-02
3.140046709799793057e-02 9.211572531245694473e-02 8.028716802764247484e-01 7.361212731312057056e-02
1.745413387544257969e-02 5.712496627103319513e-02 8.597835332684857779e-01 6.563736658503850629e-02
9.964769966413909025e-03 3.627743853236610472e-02 9.015326211405088053e-01 5.222517036071130936e-02
6.143373288718072603e-03 2.454235189324777480e-02 9.317803297704766452e-01 3.753394504755790811e-02
4.416898529605592719e-03 1.864520792718524222e-02 9.509161143340243427e-01 2.602177920918465059e-02
3.908088943425007920e-03 1.686176862315729233e-02 9.602189880797518118e-01 1.901115435366596343e-02
4.141013704375186462e-03 1.927751840494770080e-02 9.610805744735581024e-01 1.550089341711935291e-02
4.661783080057553541e-03 2.312078656916940339e-02 9.586206276333215648e-01 1.359680271745159451e-02
5.843937669227626010e-03 3.033936170761307796e-02 9.508627599708813216e-01 1.295394065227809324e-02
8.200957249355843304e-03 4.229116107520817375e-02 9.362019446168335923e-01 1.330593705860223450e-02
1.209600495744667277e-02 5.875067083696593195e-02 9.149755572186690777e-01 1.417776698691831233e-02
1.803652121747964521e-02 7.596503356907315097e-02 8.909331068219263905e-01 1.506533839152053231e-02
2.402577371079004862e-02 9.108674379124835629e-02 8.691456484195901888e-01 1.574183407837135076e-02
3.018718738724215228e-02 1.036404035659354572e-01 8.498136636447529701e-01 1.635874540206972219e-02
3.724425749045143924e-02 1.178973186381350596e-01 8.276060571675870614e-01 1.725236670382633911e-02
4.624657485508722188e-02 1.376445584936882294e-01 7.975682497145023531e-01 1.854061693672215752e-02
5.724478797155684029e-02 1.627479119855665401e-01 7.600969517437781153e-01 1.991034829909840362e-02
6.908992724461786306e-02 1.901944461593061686e-01 7.197845857320755991e-01 2.093104086400020616e-02
8.038721834186833559e-02 2.173776458305836379e-01 6.807873369304913158e-01 2.144779889705690154e-02
8.992251814540656862e-02 2.427162118808607327e-01 6.458543628334124653e-01 2.150690714032010148e-02
9.724865797109459586e-02 2.634696447995478752e-01 6.180691641055267027e-01 2.121253312383086786e-02
1.034192459994905111e-01 2.768748471963974334e-01 5.990222904574324936e-01 2.068361634667923582e-02
1.094188401553733564e-01 2.821861772360709786e-01 5.884400577792845421e-01 1.995492482927074471e-02
1.153969779113368094e-01 2.798331128471357454e-01 5.856681899669066160e-01 1.910171927462087083e-02
1.202539680855350401e-01 2.698723853679279583e-01 5.916459242203591096e-01 1.822772232617783650e-02
1.234361827902658582e-01 2.534853347788166289e-01 6.056065945506526882e-01 1.747188788026490455e-02
1.260581847889718221e-01 2.334539768052735498e-01 6.234611786011636791e-01 1.702665980459116754e-02
1.297364654031644970e-01 2.122802078202359610e-01 6.408994343430662877e-01 1.708389243353283446e-02
1.349196815952724837e-01 1.909165066011277168e-01 6.563995091664687198e-01 1.776430263713108665e-02
1.398148459049292913e-01 1.694997621620315531e-01 6.716899528848899736e-01 1.899543904814933459e-02
1.426356339232623949e-01 1.487729535648313894e-01 6.879422092075530015e-01 2.064920330435362703e-02
1.433681023154738388e-01 1.304543065566251547e-01 7.035004836565097452e-01 2.267710747139129596e-02
1.429564239634278366e-01 1.164070264707568886e-01 7.157229965284609419e-01 2.491355303735446822e-02
1.438130642615875476e-01 1.076914743798323554e-01 7.212829651028203060e-01 2.721249625575968695e-02
1.466188301370679181e-01 1.031913448950020490e-01 7.207946219228216211e-01 2.939520304510839788e-02
1.503451413320019137e-01 1.010698661236555940e-01 7.173460128318247531e-01 3.123897971251794400e-02
1.545174991208028425e-01 1.002733015389872390e-01 7.125580454003418440e-01 3.265115393986817854e-02
1.573971703018296475e-01 9.937764297670392821e-02 7.097339533396581635e-01 3.349123338180787918e-02
1.551910069858947472e-01 9.607545649724807957e-02 7.152737242544006113e-01 3.345981226245629825e-02
1.453167076038001382e-01 8.881579874568815147e-02 7.335510447583193372e-01 3.231644889219239397e-02
1.294707400185198254e-01 7.864618689778739291e-02 7.617773663723385047e-01 3.010570671135453028e-02
1.114810756975896378e-01 6.825828218965337979e-02 7.931903975991505540e-01 2.707024451360605377e-02
9.302767871103868880e-02 5.885708010254822597e-02 8.248200846839086608e-01 2.329515650250429254e-02
7.435908663719434375e-02 5.006437291758714103e-02 8.566484638818665509e-01 1.892807656335216901e-02
5.793872168752053214e-02 4.255024839102175549e-02 8.847719379725685895e-01 1.473909194888883313e-02
4.587276410003757188e-02 3.726523096338923285e-02 9.054165021727264007e-01 1.144550276384704961e-02
3.691309461133228387e-02 3.325558302033791019e-02 9.208328990737165709e-01 8.998423294613096257e-03
3.010608536803096105e-02 2.962101659294988365e-02 9.330208319586201782e-01 7.252066080398613702e-03
8.112642766519990696e-05 9.859837115452531053e-01 1.505432856511635829e-03 1.242972917057012620e-02
3.193796479514986143e-05 9.913587444901265089e-01 9.558970223609596951e-04 7.653420522717307994e-03
1.001634250734445046e-05 9.952479270759467811e-01 5.512491570572565979e-04 4.190807424488642539e-03
2.751196954157459806e-06 9.975571976839924249e-01 3.110597401952474661e-04 2.128991378858194165e-03
7.391082202449761234e-07 9.987652381168761195e-01 1.826725676115014633e-04 1.051350207291966085e-03
2.055573897515933781e-07 9.993735592603948392e-01 1.133301163547608829e-04 5.129050658607400620e-04
5.806355074004237453e-08 9.996871294683895570e-01 7.140960408903646364e-05 2.414028639708902903e-04
1.620980612843183576e-08 9.998497048473368176e-01 4.255368574093586133e-05 1.077252571161374522e-04
4.780640484847796012e-09 9.999286527893447296e-01 2.353049664986183430e-05 4.781193336483864468e-05
1.691973158679833923e-09 9.999640963541632788e-01 1.280315269711537469e-05 2.309880116657420874e-05
8.558594971732844045e-10 9.999786973059179296e-01 7.712251242692339103e-06 1.358958697993586190e-05
7.173730942786415434e-10 9.999836761827384235e-01 5.781114295993417485e-06 1.054198559251575780e-05
9.755651018368853090e-10 9.999839288420351302e-01 5.556531013943237919e-06 1.051365138583271297e-05
2.017217946242173440e-09 9.999806352510530738e-01 6.679354375135078184e-06 1.268337735399548552e-05
6.000248716210933273e-09 9.999729836583161058e-01 9.497798462400932530e-06 1.751254297267930440e-05
2.405689836282304466e-08 9.999588664202686550e-01 1.484963730148442045e-05 2.625988553150625387e-05
1.169259755205436870e-07 9.999349769110492669e-01 2.406078370606854367e-05 4.084537926897729396e-05
5.659738834873945984e-07 9.998968227441270562e-01 3.892197675636899229e-05 6.368930523298333129e-05
1.246917776167063294e-03 9.983019608499906772e-01 2.298079714885358340e-04 2.213134023538639039e-04
2.464625998668128030e-03 9.969003662920662423e-01 3.252145453934945202e-04 3.097931638722940914e-04
4.451618384068547866e-03 9.947029044204168668e-01 4.337678049012130051e-04 4.117093906129162101e-04
7.541803205112024289e-03 9.913497639201409584e-01 5.715699647126146589e-04 5.368629100345464556e-04
1.187271634239768676e-02 9.867022109236044392e-01 7.431283947266064532e-04 6.819443392715027934e-04
9.737514969562434120e-01 2.364673425997915884e-02 1.808884873463066385e-03 7.928839103142629663e-04
9.612155523084785491e-01 3.544532397160447129e-02 2.383998143260587874e-03 9.551255766564278231e-04
9.413019508058677598e-01 5.416917200268214772e-02 3.306625402267408288e-03 1.222251789182440471e-03
9.037863044837827209e-01 8.957252432890208671e-02 4.952456015908453420e-03 1.688715171406856728e-03
8.375606500890155903e-01 1.521670660528292585e-01 7.810937439613648871e-03 2.461346418541635484e-03
7.295956056004692103e-01 2.542689279104550226e-01 1.249034827215504857e-02 3.645118216920618763e-03
5.818130059587542924e-01 3.938148476000592479e-01 1.916642542547910416e-02 5.205721015707480415e-03
4.259596851958868946e-01 5.406845255238409420e-01 2.653715754640257468e-02 6.818631733869789935e-03
2.940359017915361028e-01 6.634812082394156985e-01 3.420766668220757978e-02 8.275223286840577286e-03
2.004384612071408722e-01 7.482723115401381797e-01 4.179848327234977207e-02 9.490743980370827323e-03
1.400412797548592769e-01 8.002480488445676832e-01 4.923630890304664387e-02 1.047436249752650185e-02
9.898033513714213361e-02 8.328443475192625067e-01 5.702333662624761018e-02 1.115198071734798714e-02
7.033197227036071253e-02 8.532682778297457915e-01 6.493021349639600814e-02 1.146953640349763527e-02
5.074230995251310938e-02 8.653449230754508559e-01 7.246822299922711652e-02 1.144454397280885230e-02
3.838192162782286254e-02 8.705713564008372707e-01 7.985089975991047084e-02 1.119582221142966308e-02
2.836759050038538052e-02 8.718962871700238759e-01 8.915209233201569494e-02 1.058402999757496188e-02
2.145681808784880365e-02 8.650629617229649293e-01 1.034497171135385640e-01 1.003050307564777414e-02
1.747760726584157709e-02 8.490382637902624818e-01 1.237353053875773351e-01 9.748823556318571282e-03
1.399493696575216176e-02 8.297322404681047869e-01 1.467174813029549496e-01 9.555341263188327217e-03
1.119187077198437533e-02 8.130711269584470768e-01 1.662794755735059749e-01 9.457526696062748192e-03
8.526590928150808504e-03 8.062069130517618420e-01 1.758939330942912715e-01 9.372562925796228822e-03
6.893003674407477757e-03 8.108869169226056162e-01 1.728872453028426348e-01 9.332834100144231371e-03
5.644637791402210350e-03 8.227852036915314082e-01 1.622016854481372339e-01 9.368473068929166619e-03
4.690745590452960467e-03 8.332116980647967797e-01 1.523271144563408952e-01 9.770441888409558961e-03
3.977218645574564539e-03 8.375988379085367308e-01 1.474657479964622542e-01 1.095819544942631604e-02
3.456486357218610528e-03 8.391254191568938703e-01 1.442439541693880389e-01 1.317414031649959127e-02
3.079508553578779069e-03 8.435751015470858150e-01 1.371042616437245509e-01 1.624112825561083509e-02
2.882518774075900746e-03 8.512211108424585504e-01 1.260983994084206306e-01 1.979797097504507053e-02
2.826302763505031922e-03 8.594160115403036704e-01 1.142792817322879212e-01 2.347840396390339646e-02
2.860356873275261662e-03 8.683654211910741827e-01 1.018852902099093294e-01 2.688893172574109008e-02
3.000471003147359757e-03 8.783877870931242615e-01 8.918838133104434185e-02 2.942336057268386471e-02
3.318514901551998693e-03 8.887311057889208943e-01 7.757041048526096272e-02 3.037996882426592660e-02
3.981545624533634406e-03 8.986184004429386141e-01 6.774373305651495980e-02 2.965632087601268244e-02
5.088758320157411516e-03 9.075790560851682010e-01 5.958512861397477489e-02 2.774705698069940274e-02
6.685464459430025611e-03 9.150954061780012250e-01 5.300811510773113105e-02 2.521101425483746050e-02
8.834349256035907774e-03 9.208614413845699342e-01 4.794028196697554256e-02 2.236392739241858593e-02
1.151349022352790054e-02 9.251883884543877778e-01 4.400091656536961326e-02 1.929720475671462335e-02
1.411020940381682576e-02 9.289608250907649412e-01 4.080231240630228379e-02 1.612665309911583481e-02
1.795223083291931643e-02 9.303226369610407831e-01 3.830042011618231546e-02 1.342471208985749308e-02
2.273512089290402952e-02 9.291777331262862649e-01 3.667116672350126394e-02 1.141597925730866887e-02
2.785142416200236948e-02 9.267178126711583808e-01 3.551471234527326520e-02 9.916050821566310680e-03
3.266025026764229205e-02 9.244418052255676255e-01 3.418223145297253490e-02 8.715713053817363692e-03
3.653889860108947701e-02 9.236813907795629053e-01 3.210980862225149696e-02 7.669901997096515399e-03
3.856942529757446253e-02 9.258042982658118980e-01 2.899018613735085056e-02 6.636090299262935484e-03
3.814476880276383708e-02 9.314058981749674393e-01 2.489545865528876994e-02 5.553874366979788015e-03
3.758957082118780796e-02 9.372099977212522415e-01 2.055416129257471927e-02 4.646270164984999708e-03
3.476084641899791078e-02 9.453837862652313406e-01 1.609983195810619702e-02 3.755535357664430141e-03
2.991241751029878257e-02 9.553342617354755317e-01 1.184300397500257299e-02 2.910316779223007765e-03
2.343342825442484498e-02 9.663167448955788386e-01 8.135015115679043382e-03 2.114811734316956494e-03
1.686872309372062367e-02 9.764354832667271333e-01 5.255304336087151737e-03 1.440489303464900219e-03
1.165974781065336717e-02 9.840739459925000876e-01 3.310449599362978983e-03 9.558565974834868847e-04
8.335980841407426151e-03 9.888318202811035018e-01 2.169537841190844005e-03 6.626610362981565821e-04
6.493286876015018361e-03 9.914480244765844219e-01 1.553449358508993258e-03 5.052392888916282764e-04
5.559096134114487227e-03 9.927845239524345500e-01 1.228057921029348121e-03 4.283219924218696802e-04
5.213421475656090237e-03 9.933231664074022582e-01 1.063945329547264645e-03 3.994667873944616034e-04
5.246060759654789032e-03 9.933742659553522758e-01 9.843203864845888069e-04 3.953528985083982366e-04
5.450979665118684848e-03 9.932184257126959182e-01 9.349040406424796897e-04 3.956905815428232568e-04
5.626606735860341553e-03 9.931053106555097765e-01 8.809010478850891378e-04 3.871815607448281802e-04
5.762450201115124244e-03 9.930385502537784070e-01 8.255916286090811060e-04 3.734079164975781040e-04
6.008412418832886209e-03 9.928330671138408947e-01 7.929805266253916107e-04 3.655399407006962786e-04
6.349548818664066223e-03 9.925048358131792758e-01 7.833930480672595493e-04 3.622223200892332653e-04
6.924272462150482359e-03 9.918966867218169670e-01 8.112949168110340477e-04 3.677458992214721286e-04
8.081017384564809919e-03 9.906075917830664546e-01 9.148511618576988472e-04 3.965396705111712229e-04
1.044404399137080150e-02 9.879158604684802336e-01 1.165309885014878229e-03 4.747856551342804045e-04
1.532590468565990516e-02 9.823337871006534439e-01 1.692523730037634108e-03 6.477844836491968537e-04
2.469889238430865094e-02 9.717190718537931371e-01 2.623663149374695809e-03 9.583726125235033592e-04
4.070024534752188922e-02 9.539381427328882390e-01 3.950740426624094019e-03 1.410871492965652414e-03
6.536169877423969599e-02 9.271374757987398407e-01 5.529083164861858281e-03 1.971742262158769372e-03
1.003370578332793001e-01 8.899330786509437319e-01 7.149180218883289736e-03 2.580683296893626719e-03
1.502981642447199506e-01 8.381568324552219895e-01 8.382976155705572016e-03 3.162027144352308732e-03
2.143176447141367236e-01 7.725146063205133862e-01 9.470943826694003947e-03 3.696805138655724979e-03
2.909906944241331117e-01 6.946320828233303324e-01 1.023978592086222279e-02 4.137436831674315765e-03
3.714161069580666497e-01 6.135079837111057088e-01 1.064254547223088786e-02 4.433363858596856000e-03
4.453994631223315848e-01 5.393298800700663254e-01 1.070407763900537920e-02 4.566579168596534601e-03
5.075285375484491768e-01 4.773582110146510904e-01 1.053581513176741861e-02 4.577436305132203190e-03
5.544225517082408405e-01 4.303037717362159231e-01 1.069901513122754715e-02 4.574661424315680514e-03
5.897705489092462949e-01 3.956136412551244930e-01 1.015371665534301956e-02 4.462093180286276668e-03
6.101506077177977216e-01 3.759554897313108768e-01 9.569958338926458016e-03 4.323944211965061526e-03
6.172164223342719858e-01 3.697056651081033762e-01 8.947235725377684565e-03 4.130676832247041040e-03
6.114243442715691090e-01 3.764796790624538869e-01 8.244608679572064044e-03 3.851367986405085722e-03
5.934186718189020660e-01 3.955711071810365520e-01 7.493070148176251763e-03 3.517150851885446003e-03
5.647500297425810389e-01 4.253521741341391160e-01 6.730156026796728190e-03 3.167640096483226135e-03
5.292063484800375583e-01 4.626512044464217710e-01 5.386822414143297225e-03 2.755624659397401185e-03
4.803930344612270531e-01 5.124324546024571214e-01 4.713920943386302152e-03 2.460589992929472156e-03
4.201178382968091540e-01 5.733444147256658852e-01 4.285126801292062429e-03 2.252620176232440416e-03
3.544542126509326319e-01 6.394245028823191124e-01 4.024099398728896854e-03 2.097185068019327692e-03
2.895363985122449413e-01 7.047807251765420000e-01 3.756187208509275625e-03 1.926689102703818849e-03
2.363430361234888089e-01 7.583204833084463692e-01 3.548606891713431549e-03 1.787873676351439851e-03
2.061436873727731101e-01 7.884670705460359308e-01 3.611695709753327994e-03 1.777546371437412152e-03
