2.350176141505202695e-02 8.586226894572693835e-01 1.165225882315278350e-01 1.352960896151025405e-03
1.652569655638369203e-02 9.382641932427731035e-01 1.290352151035507877e-02 3.230658869048809445e-02
1.902162568877266771e-02 9.401646040657780645e-01 1.180953590407000410e-02 2.900423434137933132e-02
2.019627636285012059e-02 9.421664237837076294e-01 1.128523895066398802e-02 2.635206090277816479e-02
1.886821462340384017e-02 9.451003208967571068e-01 1.160323944925127811e-02 2.442822503058772465e-02
1.559984683329122997e-02 9.486739813405808963e-01 1.288083081582545170e-02 2.284534101030257641e-02
1.188353032227754298e-02 9.521236167055360244e-01 1.507301735321706949e-02 2.091983561896956778e-02
8.555876912503252232e-03 9.554305976861025007e-01 1.799965407461535591e-02 1.801387132677891023e-02
5.828393950226255608e-03 9.583716023015357299e-01 2.161819497277369176e-02 1.418180877546422122e-02
3.882173413690875874e-03 9.589549659258449488e-01 2.679389038249775645e-02 1.036897027796655768e-02
2.768272276986304126e-03 9.537760493338647283e-01 3.597471414737697659e-02 7.480964241772019609e-03
2.184310819264574221e-03 9.388135528756635928e-01 5.347580132162106648e-02 5.526334983450773009e-03
1.841137705905365263e-03 9.071214458831031724e-01 8.682232628797767471e-02 4.215090123013860712e-03
1.753022065435403320e-03 8.476621042727656707e-01 1.471907767475599260e-01 3.394096914238977150e-03
1.330330477354283282e-03 7.538661046550924061e-01 2.419177869930672076e-01 2.885777874486398185e-03
1.160268876370590787e-03 6.403260075269117113e-01 3.558439804457088629e-01 2.669743151008949732e-03
1.094410186672963416e-03 5.456464816783547223e-01 4.505586178744599990e-01 2.700490260512527184e-03
1.142364356747348989e-03 4.972595171766436839e-01 4.985894241410062100e-01 3.008694325602725463e-03
1.353055150308912378e-03 4.960887188780123691e-01 4.989122967695170940e-01 3.645929202161740483e-03
1.828006649974766359e-03 5.277361282450150348e-01 4.658277734907098622e-01 4.608091614300296318e-03
2.723547937869332750e-03 5.731214293540506377e-01 4.184191222745923255e-01 5.735900433487722654e-03
4.260534574377751807e-03 6.165021674212171066e-01 3.724621156353400964e-01 6.775182369064822359e-03
6.716096969002501027e-03 6.498078414075755260e-01 3.359024518923068858e-01 7.573609731114992576e-03
1.013291856329373748e-02 6.709159507300909153e-01 3.109249076073927753e-01 8.026223099222634313e-03
1.409852201461797051e-02 6.807379410095513173e-01 2.971588505299600502e-01 8.004686445870554459e-03
1.624795021340720569e-02 6.851757589199044540e-01 2.911729076679823724e-01 7.403383198706027686e-03
1.808835208147289986e-02 6.866573191627862727e-01 2.884119643697662938e-01 6.842364385974520659e-03
2.201675281250302374e-02 6.878863376347347236e-01 2.833544701568765922e-01 6.742439395885483494e-03
2.749801452459401177e-02 6.926172114904672883e-01 2.729643572177539168e-01 6.920416767184870734e-03
3.542241663969482313e-02 6.983596024449990614e-01 2.590397518866266457e-01 7.178229028679905185e-03
4.522135142191521101e-02 6.992916088971939947e-01 2.481016771826750067e-01 7.385362498216065108e-03
5.548340648134063302e-02 6.910806733508806365e-01 2.458881628027044242e-01 7.547757365074123266e-03
6.441151051835813934e-02 6.728929856403105259e-01 2.549889899031707596e-01 7.706513938160875279e-03
7.031829237168175928e-02 6.467794325063545013e-01 2.749937526641532681e-01 7.908522457810554518e-03
7.205043255615099784e-02 6.170588393193578991e-01 3.026571358261914146e-01 8.233592298299508005e-03
7.012802285519005585e-02 5.890886763178306840e-01 3.318054448510865950e-01 8.977855975892755358e-03
6.622136890989840929e-02 5.678777063426100336e-01 3.551398805512587242e-01 1.076104419623245649e-02
6.110841864305045779e-02 5.566749295777654316e-01 3.678629945668769330e-01 1.435365721230727129e-02
5.534091603216995808e-02 5.557578442422280718e-01 3.683105710773348918e-01 2.059066864826703327e-02
5.048767262710637804e-02 5.627787205636177736e-01 3.562645239586331725e-01 3.046908285064276953e-02
4.754857024843744950e-02 5.741163025245676899e-01 3.336124826448430003e-01 4.472264458215184646e-02
4.577562073122812270e-02 5.878229446883513898e-01 3.042444962489905258e-01 6.215693833143046826e-02
4.390420900602575588e-02 6.065820629451942336e-01 2.692616457855793177e-01 8.025208226320056093e-02
4.143647519126612139e-02 6.314480776226900627e-01 2.284096460354981539e-01 9.870580115054558568e-02
3.859714147679694368e-02 6.564558318238933321e-01 1.860693731188772793e-01 1.188776535804327017e-01
3.662839661232279720e-02 6.747126307111935839e-01 1.498264122152406508e-01 1.388325604612429265e-01
3.379353716627701842e-02 6.951970081470025820e-01 1.197995316569642199e-01 1.512099230297560826e-01
3.150788825740456073e-02 7.220320926467578282e-01 9.782075859878323898e-02 1.486392604970548925e-01
2.886241066462367361e-02 7.612071205157021625e-01 8.186721013798824165e-02 1.280632586816858598e-01
2.604256256196635366e-02 8.110452149614180151e-01 6.849426648796880235e-02 9.441795598864684280e-02
2.234752048115613843e-02 8.599129037355420779e-01 5.837901671764787748e-02 5.936055906565395474e-02
1.948957307722833099e-02 8.949940447472668481e-01 5.294176484127390003e-02 3.257461733423102496e-02
1.808897414617029881e-02 9.139310374199829390e-01 5.155661417175790018e-02 1.642337426208881346e-02
1.779233091256916810e-02 9.189671643676483592e-01 5.493793081555878310e-02 8.302573904223817941e-03
1.991331082841227978e-02 9.118863833393192619e-01 6.353168596370262211e-02 4.668619868565704323e-03
2.471398719960349669e-02 8.937437000299286449e-01 7.844094315352059810e-02 3.101369616947075546e-03
3.327741573783310480e-02 8.624782054140828214e-01 1.017059825153398822e-01 2.538396332744355128e-03
4.805287850704007685e-02 8.129442295696466259e-01 1.364247025468931507e-01 2.578189376420018681e-03
6.714389312658351761e-02 7.422708110521184510e-01 1.875334933419312011e-01 3.051802479366534475e-03
8.470660378252981015e-02 6.498671968394871268e-01 2.615037026599756897e-01 3.922496718007616179e-03
9.316555040747069583e-02 5.478983896510796203e-01 3.538805067752232025e-01 5.055553166226253205e-03
9.267009326201466890e-02 4.583240058625824287e-01 4.426102478694767806e-01 6.395653005926244146e-03
8.981959179289909778e-02 3.940306394110261734e-01 5.078545519389274787e-01 8.295216857147173772e-03
9.012387534102235531e-02 3.538957788579945585e-01 5.445748934492135040e-01 1.140545235176927165e-02
9.561804485143438059e-02 3.305963012532326384e-01 5.574822896985440757e-01 1.630336419678880128e-02
1.053867796098575116e-01 3.183958462878368478e-01 5.528127187181198776e-01 2.340465538418599889e-02
1.151232506998376426e-01 3.164028894660584901e-01 5.353444229326514980e-01 3.312943690145239012e-02
1.175807169115231365e-01 3.246336353918633510e-01 5.124035881367360323e-01 4.538205955987722334e-02
1.112637406288386754e-01 3.375673047500052371e-01 4.920057532729276706e-01 5.916320134822826426e-02
9.764160076060603155e-02 3.507644400292849185e-01 4.785638245042413974e-01 7.303013470586797173e-02
8.268290505431981352e-02 3.610527971614463372e-01 4.703350555116496134e-01 8.592924227258455505e-02
6.867199955231965969e-02 3.691744571088924620e-01 4.648263097836177749e-01 9.732723355517002017e-02
1.503156350174938288e-02 5.379005991448164714e-01 9.366786903921904550e-02 3.533999683142152737e-01
3.449604269632951161e-03 8.846463386087196623e-01 3.697530954850729301e-02 7.492874757314006706e-02
4.207313485878111034e-03 8.145229050788587166e-01 4.177723099739992507e-02 1.394925504378632108e-01
5.894616590834697231e-03 7.029859435069063522e-01 4.267981180078621317e-02 2.484396281014724372e-01
7.937360059296762888e-03 5.535939838522281331e-01 3.942375989949624404e-02 3.990448961889790924e-01
1.119715462462099985e-02 4.020535111693492869e-01 3.329583402276586890e-02 5.534535001832641132e-01
1.525374545420531830e-02 2.860662363973415223e-01 2.783295206808901467e-02 6.708470660803638186e-01
1.958516045811167089e-02 2.114574058145671509e-01 2.415549914783104990e-02 7.448019345794901769e-01
2.325710447358373539e-02 1.655495544035252287e-01 2.144687731504078820e-02 7.897464638078502963e-01
2.512236794653290722e-02 1.355148779012677329e-01 1.864113974634019899e-02 8.207216144058593343e-01
2.491102294486848695e-02 1.135139727731209330e-01 1.542710920914843950e-02 8.461478950728621440e-01
2.371110278697188822e-02 9.664419569902370222e-02 1.229811057053387113e-02 8.673465909434704413e-01
2.332314704076618797e-02 8.533261715446013862e-02 1.005858864841551424e-02 8.812856471563582650e-01
2.596024147291220094e-02 8.107658101476419854e-02 9.217238743401278897e-03 8.837459387689224899e-01
3.443216389930484761e-02 8.402771313764247074e-02 9.830525554934122640e-03 8.717095974081179310e-01
5.268995198952297621e-02 9.302567091871692673e-02 1.181267937786787195e-02 8.424716977138922980e-01
8.619042356789517745e-02 1.085172542784146876e-01 1.541718960324940831e-02 7.898751325504402843e-01
1.372472256561513837e-01 1.324390094649085525e-01 2.133697880434761232e-02 7.089767860745924688e-01
1.954568573703400480e-01 1.663927099557818423e-01 3.058143802134599687e-02 6.075689946525318907e-01
2.391604083249778967e-01 2.123687586176442321e-01 4.462660568777935405e-02 5.038442273695987739e-01
2.520420529060064530e-01 2.721932117246576577e-01 6.521562502849419241e-02 4.105491103408418496e-01
2.345083449278821952e-01 3.410253734404435910e-01 9.254063847750847172e-02 3.319256431541657837e-01
2.066998097890281050e-01 4.004273279585104928e-01 1.229982875611596305e-01 2.698745746913017718e-01
1.853644915695363549e-01 4.348817333303019450e-01 1.566158970016631180e-01 2.231378780984986654e-01
1.788514068552953529e-01 4.388634735104517404e-01 1.955250320970861322e-01 1.867600875371666913e-01
1.828247939604765449e-01 4.190056601651543922e-01 2.431014006743745515e-01 1.550681451999946503e-01
1.873853996521352705e-01 3.844429987435691864e-01 3.034326276131897315e-01 1.247389739911055617e-01
1.830450199952586843e-01 3.429981127195474433e-01 3.791472640947166628e-01 9.480960319047669616e-02
1.702958308964635514e-01 2.983275086526584463e-01 4.643941729939669028e-01 6.698248745691080808e-02
1.543120995787125860e-01 2.573508613280572899e-01 5.441606157331012605e-01 4.417642336012939097e-02
1.433555828689573042e-01 2.261784503924170464e-01 6.022117390553257676e-01 2.825422768329983667e-02
1.404514869204693261e-01 2.051401763292247937e-01 6.359410287809178497e-01 1.846730796938826982e-02
1.425948111868258761e-01 1.879733083980811847e-01 6.568412946729710322e-01 1.259058574212250023e-02
1.463552763831237336e-01 1.693141983783884308e-01 6.753343453057424339e-01 8.996179932745361832e-03
1.486121375764490882e-01 1.532353047829185799e-01 6.912832263640028563e-01 6.869331276629540677e-03
1.540297962958898370e-01 1.433437561817086370e-01 6.967976354622167356e-01 5.828812060185091341e-03
1.652466882369549028e-01 1.445338163883231053e-01 6.845711542242362002e-01 5.648341150485748294e-03
1.830978862352790337e-01 1.633171537598130940e-01 6.471845636159574422e-01 6.400396388950633890e-03
2.077287198968741644e-01 2.091547291614517523e-01 5.744684357937701602e-01 8.648115147903919636e-03
2.384965240679200182e-01 2.884798515385628703e-01 4.598624127884704538e-01 1.316121160504700460e-02
2.718672773210765725e-01 3.853278705540358340e-01 3.239133536857521367e-01 1.889149843913573087e-02
3.040763451858255473e-01 4.590282909039366532e-01 2.143009169156023519e-01 2.259444699463536779e-02
3.364891171022358907e-01 4.915777053080491177e-01 1.485856879066446146e-01 2.334748968307047076e-02
3.691701072446054721e-01 4.954737171562261233e-01 1.114545539204395419e-01 2.390162167872879329e-02
3.752655621670520913e-01 5.109820241899156734e-01 8.750435047088667151e-02 2.624806317214560536e-02
3.374314211754766424e-01 5.586036940630723091e-01 7.294006989455786849e-02 3.102481486689330839e-02
2.635161541489797199e-01 6.369888149060848326e-01 6.274744391045103398e-02 3.674758703448410130e-02
1.848069844340051171e-01 7.208274007663835192e-01 5.318083837366036071e-02 4.118477642595088500e-02
1.357561086012644136e-01 7.727539805597780642e-01 4.517390054646300973e-02 4.631601029249462348e-02
1.232875369946536959e-01 7.727952878267838610e-01 4.399755771150680450e-02 5.991961746705561781e-02
1.435276647047943610e-01 7.119710543526039936e-01 5.044886048985485621e-02 9.405242045274699036e-02
1.843096105261107787e-01 5.947012895956664824e-01 5.998014379002893082e-02 1.610089560881936277e-01
2.205823253312235166e-01 4.594079113206793741e-01 6.742877472794017724e-02 2.525809886201570431e-01
2.403114149531444810e-01 3.534910832293400307e-01 7.557530802625847532e-02 3.306221937912565134e-01
2.522305469010344692e-01 2.915528609416100370e-01 9.045488625063236032e-02 3.657617059067231891e-01
2.641534792480499383e-01 2.613490903690576239e-01 1.145117750743559065e-01 3.599856553085367117e-01
2.748568850712894696e-01 2.466269052746959678e-01 1.466118688985760532e-01 3.319043407554384539e-01
2.791200584231894877e-01 2.351012151365162728e-01 1.850572180675142953e-01 3.007215083727799443e-01
2.742083622904571971e-01 2.215229528059657615e-01 2.264371671964944543e-01 2.778315177070824205e-01
2.610304726394898633e-01 2.028269883851962496e-01 2.706567955835406658e-01 2.654857433917729992e-01
2.438028131358247752e-01 1.810755932399745471e-01 3.164459371283082634e-01 2.586756564958923588e-01
2.240326063336411933e-01 1.606481576896893193e-01 3.658371048601012365e-01 2.494821311165680289e-01
2.005426816229633202e-01 1.430893790850250868e-01 4.228704080935802301e-01 2.334975311984313351e-01
1.690506881349904955e-01 1.314534260959822620e-01 4.884748958047676060e-01 2.110209899642601639e-01
1.312816785942189646e-01 1.233083566497276545e-01 5.622737118828748937e-01 1.831362528731788342e-01
9.175190421479505198e-02 1.138903396711040544e-01 6.460743749419611826e-01 1.482833811721395167e-01
5.760666049901234237e-02 9.903948459519580638e-02 7.356252277056292144e-01 1.077286272001625050e-01
3.409118579624627332e-02 8.136484918432961011e-02 8.119590971593538820e-01 7.258486786007026237e-02
2.081278421533649253e-02 6.617923557575633442e-02 8.626760479527542103e-01 5.033193225615302524e-02
1.371528719549850589e-02 5.449133816077513653e-02 8.938366248810841741e-01 3.795674976264187817e-02
9.701338265756483115e-03 4.518032813817615678e-02 9.143793647581037742e-01 3.073896883796362403e-02
7.320854683845463666e-03 3.752020625671641935e-02 9.291196803089785128e-01 2.603925875045956517e-02
2.160488544045128037e-02 1.154524171669555205e-01 7.504147916611167979e-01 1.125279057314765574e-01
1.580054401922810839e-02 3.830808206460570853e-01 4.329414578267863911e-01 1.681771775079283771e-01
1.370268312605548919e-02 3.970430716381223024e-01 4.478781198441703082e-01 1.413761253916516747e-01
1.227387572083235741e-02 4.024983065454387221e-01 4.646768823097159884e-01 1.205509354240127812e-01
1.121363484464025194e-02 4.017646770896357022e-01 4.833938614438017534e-01 1.036278266219220479e-01
1.026043801335488684e-02 4.002652351626115879e-01 5.000065283157584251e-01 8.946779850827507596e-02
9.369502395187837354e-03 4.048238260416542889e-01 5.075003727285973820e-01 7.830629883456047269e-02
8.567834862587851708e-03 4.188108374910608500e-01 5.021815362617866318e-01 7.043979138456486766e-02
7.823510100450870378e-03 4.400378609226923698e-01 4.868561401098082109e-01 6.528248886704843268e-02
7.145965956019474305e-03 4.639753920076344906e-01 4.665100622977808587e-01 6.236857973856526488e-02
6.619054062082404405e-03 4.859908149034932179e-01 4.450943192073314458e-01 6.229581182709305331e-02
6.350893412762747409e-03 5.017483071650259419e-01 4.252994252165692712e-01 6.660137420564199440e-02
6.473924770280880571e-03 5.077207740815019577e-01 4.087848779944388000e-01 7.702042315377785608e-02
7.077982434605370812e-03 5.020523543804734645e-01 3.965243833154892261e-01 9.434527986943216926e-02
8.171772889617843691e-03 4.848573111411088599e-01 3.891804972264741314e-01 1.177904187427993854e-01
9.645788811872982663e-03 4.583741873800798450e-01 3.868103886146715409e-01 1.451696351933756957e-01
1.119515876225768425e-02 4.277344001092133752e-01 3.877057560639260436e-01 1.733646850646028970e-01
1.238808802932627080e-02 3.990270152350736677e-01 3.887089982497606844e-01 1.998758984858392818e-01
1.293686186689121942e-02 3.757484658978474945e-01 3.871781579862768607e-01 2.241365142489845363e-01
1.294772057312886145e-02 3.579857724077202819e-01 3.815522325928487057e-01 2.475142744263021388e-01
1.270340397466284549e-02 3.430318982958372453e-01 3.719116570138162325e-01 2.723530407156839472e-01
1.235537501987156624e-02 3.267862605175126389e-01 3.585996126436823417e-01 3.022587518189330802e-01
1.189316145457377898e-02 3.056475565562623564e-01 3.405664695813206966e-01 3.418928124078431940e-01
1.127676706406435456e-02 2.773104514074367088e-01 3.162661335284845388e-01 3.951466480000143666e-01
1.057182602296543802e-02 2.439532746122077267e-01 2.863305079327322367e-01 4.591443914320948450e-01
1.003979402114410675e-02 2.141152107741092214e-01 2.562875037020477254e-01 5.195574915026989204e-01
1.005645540437924944e-02 1.967021075076449133e-01 2.330572621300553982e-01 5.601841749579206109e-01
1.076965624103583784e-02 1.938702707043050977e-01 2.194202434040649075e-01 5.759398296505940928e-01
1.197154607669862099e-02 2.021935433591584286e-01 2.131291441634768080e-01 5.727057664006659499e-01
1.321277888529744961e-02 2.157136276669967823e-01 2.090361727311670914e-01 5.620374207165387270e-01
1.412664232134122275e-02 2.313603083030976171e-01 2.027524404482567433e-01 5.517606089273044967e-01
1.455952270239425569e-02 2.512005069598043927e-01 1.908272244692185982e-01 5.434127458685831247e-01
1.448566773351791202e-02 2.793129510159702567e-01 1.715923045332806429e-01 5.346090767172313463e-01
1.391938881503593933e-02 3.180369343808397975e-01 1.466841830360166299e-01 5.213594937681076402e-01
1.284343285812915812e-02 3.645820373304413109e-01 1.197887186020357153e-01 5.027858112093936960e-01
1.130125233509824724e-02 4.137838118735308046e-01 9.476025819685039708e-02 4.801546775945205181e-01
9.617047580381123464e-03 4.677175856939510545e-01 7.443980367332200809e-02 4.482255630523461210e-01
8.156149154690131922e-03 5.338245737017747183e-01 5.919278273578889443e-02 3.988264944077464791e-01
7.018516694055681668e-03 6.120278444904087012e-01 4.736954214109964645e-02 3.335840966744360592e-01
6.365031798968488752e-03 6.872798399367142652e-01 3.691515344706611246e-02 2.694399748172510711e-01
5.335992381306208301e-03 7.421197790821362217e-01 2.822361670426381045e-02 2.243206118322937648e-01
4.670183861658279076e-03 7.704592580186345741e-01 2.078281754466622736e-02 2.040877405750408657e-01
4.370833110375439874e-03 7.707903685385240067e-01 1.473838659520270225e-02 2.101004117558976925e-01
3.851615629221564682e-03 7.366008527532594830e-01 1.047985009890344162e-02 2.490676815186152193e-01
3.763963975357713810e-03 6.583983546475332682e-01 7.475414051233539650e-03 3.303622673258755360e-01
3.741410674590808696e-03 5.315463697012264843e-01 5.366378584326744750e-03 4.593458410398560954e-01
3.556459734140818545e-03 3.660178661729912020e-01 3.748925381237653599e-03 6.266767487116301494e-01
2.945655113136216256e-03 2.069217171018876422e-01 2.426759972260156186e-03 7.877058678127160096e-01
2.187799089774494082e-03 9.994767116051830880e-02 1.460332328192492446e-03 8.964041974215144482e-01
1.914521813662493476e-03 4.545765429802513247e-02 8.891307222629564943e-04 9.517386931660494209e-01
1.038262666091129601e-03 2.141320484048773315e-02 5.367871001761900926e-04 9.770117453932452012e-01
7.238672296966992695e-04 1.062024420083389036e-02 3.627950870364289116e-04 9.882930934824331048e-01
5.799062249745251616e-04 5.492937503826572296e-03 2.625663437068351757e-04 9.936645899274920701e-01
4.992025680916682391e-04 2.953090481278176395e-03 1.966920011734844256e-04 9.963510149494567703e-01
4.537316976093793580e-04 1.689077932568023872e-03 1.522284016869868617e-04 9.977049619681352954e-01
1.660402236483264355e-06 2.349394913347809070e-06 1.131375496575664479e-06 9.999948588273536165e-01
1.193308733002803354e-06 1.642757766523917483e-06 7.824678320867204129e-07 9.999963814656682715e-01
1.248660753747258439e-06 1.687567759141745233e-06 8.009259915373387247e-07 9.999962628454955871e-01
1.742799483257409917e-06 2.338711518262503779e-06 1.112666987130768916e-06 9.999948058220112790e-01
8.441808715439585694e-04 9.398291553784488125e-04 1.921515990329943481e-04 9.980238383740445141e-01
1.051488139359711433e-03 1.142838433629412512e-03 2.506520736807045751e-04 9.975550213533301847e-01
1.205809419721877657e-03 1.317361302992601244e-03 3.083695125951027723e-04 9.971684597646904846e-01
1.262033302833803685e-03 1.385248189222089334e-03 3.494078330210900253e-04 9.970033106749229823e-01
1.239833552944646098e-03 1.317073690514586467e-03 3.693525137701523815e-04 9.970737402427705121e-01
1.206308983120098254e-03 1.158683499018019810e-03 3.775571268617579595e-04 9.972574503909999999e-01
1.240380735296566818e-03 1.005445703252676355e-03 3.955166608106744082e-04 9.973586569006398506e-01
1.401882084516573555e-03 9.234125126454039659e-04 4.481214709394958431e-04 9.972265839318985581e-01
1.703326049072565254e-03 9.086433133278818634e-04 5.467115636430420339e-04 9.968413190739571217e-01
2.077782191379871825e-03 9.110065839212767944e-04 6.764544679392003532e-04 9.963347567567598650e-01
2.386241603865566375e-03 8.771164504492697314e-04 7.992086151238283207e-04 9.959374333305613947e-01
2.527982572750451899e-03 7.977566723515789769e-04 8.838982298516392814e-04 9.957903625250464907e-01
2.471131145150952998e-03 6.959843938686162933e-04 9.211319851707800788e-04 9.959117524758095419e-01
4.861631784249711291e-02 4.077876022854060589e-01 3.593386296127555890e-01 1.842574502593416486e-01
1.175716416525170449e-01 6.850318933047462311e-01 6.495421756550739945e-02 1.324422474772290470e-01
1.140905829228912594e-01 7.213486169600281661e-01 6.511941721823530371e-02 9.944138289884492388e-02
1.154153682587190366e-01 7.385219202831254659e-01 6.764240009552768829e-02 7.842031136262778146e-02
1.302230870663715068e-01 7.218646215207847883e-01 7.686941637167500618e-02 7.104287504116857388e-02
1.717263907028735159e-01 6.569245650223224375e-01 9.588938697053864257e-02 7.545965730426545948e-02
2.604788351285056147e-01 5.295207885748919319e-01 1.217755973597360736e-01 8.822477893686637984e-02
4.082192411642548424e-01 3.543482187825100493e-01 1.345402168442920710e-01 1.028923232089433148e-01
5.708448685028391090e-01 2.003131423172095360e-01 1.140742647458575509e-01 1.147677244340935265e-01
6.703781286445995580e-01 1.153715847565703889e-01 8.251396999338972416e-02 1.317363166054404955e-01
6.919906650692236871e-01 8.204541423272879164e-02 6.356483472621146658e-02 1.623990859718363877e-01
6.595460041996774603e-01 7.578725339264225092e-02 5.683511020677545211e-02 2.078316322009053363e-01
5.866201250083948882e-01 8.909718793469821596e-02 5.916514704229131755e-02 2.651175400146155159e-01
4.831827695111363119e-01 1.263459828130406859e-01 6.947155066478956364e-02 3.209996970110336467e-01
3.594291916273968934e-01 1.992510008826526291e-01 8.610396934794396773e-02 3.552158381420062461e-01
2.326442718227595130e-01 3.114729533930426508e-01 1.020933490587476872e-01 3.537894257254501906e-01
1.316017068325259498e-01 4.376191869570210113e-01 1.079332500436961939e-01 3.228458561667568727e-01
7.082204082072410256e-02 5.455087258957873608e-01 1.039748041315395471e-01 2.796944291519489756e-01
3.990262792915107853e-02 6.252077173351680006e-01 9.717909125272285176e-02 2.377105634829578262e-01
2.486700795903563216e-02 6.817901715449172784e-01 9.232755879176517133e-02 2.010152617042819112e-01
1.740490527767120377e-02 7.199969613172574334e-01 9.213200240340792269e-02 1.704661310016631348e-01
1.351941025614909926e-02 7.399254198567617458e-01 9.956452243142692449e-02 1.469906474556621767e-01
1.136316797798664173e-02 7.405650447201300723e-01 1.185706610689774981e-01 1.295011262329058832e-01
1.029728331847798439e-02 7.181200320059148989e-01 1.556254911485679682e-01 1.159571935270390236e-01
9.724753448024928831e-03 6.696646364815184160e-01 2.154982786351059831e-01 1.051123314353503840e-01
9.714191068206864260e-03 5.849504712607784818e-01 3.089705142657636627e-01 9.636482340525107104e-02
1.036792272647879196e-02 4.701444156753663561e-01 4.322415178319282680e-01 8.724614376622660816e-02
1.143137424575323829e-02 3.444225523185982518e-01 5.677895458352955060e-01 7.635652760035310793e-02
1.292402147363168677e-02 2.332626552850196044e-01 6.890883105621257165e-01 6.472501267922278756e-02
1.504237815108064487e-02 1.517170258052008835e-01 7.798295422146045430e-01 5.341105382911382621e-02
1.800135330697318764e-02 9.893420268811090046e-02 8.403557216624756299e-01 4.270872234243974080e-02
2.225349316475379660e-02 6.688907241475844367e-02 8.777728846020943498e-01 3.308454981839367703e-02
2.918873294477068031e-02 4.882507890915426668e-02 8.964506349859626688e-01 2.553555316011231827e-02
4.156150479055160246e-02 4.053124399835267289e-02 8.971750637952415897e-01 2.073218741585447153e-02
6.182380362393490036e-02 3.837344102757547781e-02 8.821257212799256120e-01 1.767703406856415208e-02
8.928256865933045794e-02 3.991134704304955677e-02 8.557448423318487762e-01 1.506124196577133915e-02
1.218088485319340775e-01 4.257886508001815229e-02 8.230042493293764361e-01 1.260803705867132897e-02
1.550064899446690625e-01 4.748556920832306544e-02 7.866827353684131552e-01 1.082520547859468045e-02
1.894008782651596112e-01 5.681971197618203989e-02 7.437471607332200030e-01 1.003224902543849335e-02
2.283900926417223864e-01 6.899441102739263532e-02 6.925996892264943972e-01 1.001580710439044231e-02
2.752099298826866658e-01 8.357432126531592897e-02 6.305645169357041446e-01 1.065123191629328663e-02
3.275714287484044474e-01 9.942555377634737512e-02 5.610274569937738764e-01 1.197556048147427679e-02
3.795599318965124369e-01 1.151049363005678117e-01 4.913607515787911106e-01 1.397438022412864946e-02
4.293970156550153683e-01 1.284727998956281536e-01 4.256289266602387156e-01 1.650125778911778682e-02
4.811544131880953201e-01 1.376509271276163404e-01 3.618730104063310749e-01 1.932164927795720910e-02
5.391099272716903812e-01 1.377738765094563556e-01 3.009907247439191358e-01 2.212547147493401645e-02
5.953514462982074651e-01 1.323481591964062176e-01 2.471060414788757986e-01 2.519435302651050132e-02
6.439413032974865558e-01 1.232432922843323814e-01 2.035059352096662000e-01 2.930946920851478649e-02
6.805063654263849848e-01 1.134803196822663646e-01 1.702167799531368597e-01 3.579653493821187416e-02
7.031408638463900740e-01 1.048842451709292162e-01 1.457906497203884655e-01 4.618424126229205701e-02
7.099112916380236893e-01 9.873410029009560551e-02 1.287091275552290914e-01 6.264548051665164152e-02
6.957686976668672196e-01 9.751217536770920291e-02 1.182074064626611604e-01 8.851172050276237546e-02
6.673520388248237456e-01 9.832091434125420082e-02 1.093978716944278701e-01 1.249291751394943223e-01
6.190191981299617563e-01 1.037550061969769732e-01 1.041570993151702818e-01 1.730686963578908222e-01
5.450966252899752673e-01 1.152229848583490590e-01 1.028407800034608077e-01 2.368396098482150047e-01
4.393565740633025851e-01 1.339857479071026036e-01 1.053568036791681373e-01 3.213008743504268128e-01
3.178452582075659283e-01 1.546911989766924511e-01 1.078424359819203371e-01 4.196211068338215888e-01
2.122113530376294188e-01 1.701222986021476979e-01 1.054735216707665957e-01 5.121928266894563153e-01
1.389978532111222909e-01 1.825106756869228630e-01 9.848834648352261523e-02 5.800031246184326195e-01
9.208924104815115197e-02 1.972495033030051415e-01 9.114238088843357177e-02 6.195188747604097879e-01
6.174134183840863238e-02 2.154676056005425666e-01 8.580834572524445591e-02 6.369827068358041577e-01
4.270907701752465341e-02 2.383869904539770435e-01 8.297043634375969590e-02 6.359334961847387113e-01
3.145788126299926823e-02 2.707787800255879174e-01 8.344610466595284159e-02 6.143172340454600144e-01
2.507014005224034517e-02 3.192932453258067738e-01 8.828369203081695704e-02 5.673529225911358997e-01
2.132401554601173754e-02 3.865441763381251561e-01 9.694430574815313117e-02 4.951875023677101417e-01
1.872536713365010458e-02 4.658423412002988262e-01 1.058976260532422109e-01 4.095346656128088791e-01
1.659560175339590271e-02 5.420806331547334267e-01 1.121254611190677097e-01 3.291983039728028637e-01
1.514974465502458116e-02 5.983053793594210745e-01 1.167822585538731278e-01 2.697626174316811731e-01
1.517168184941471848e-02 6.240856048101134368e-01 1.238416276253602871e-01 2.369010857151115645e-01
1.770354262357009059e-02 6.204819345204707348e-01 1.374793386168707277e-01 2.243351842390885753e-01
2.432889931651265047e-02 5.938904947944874113e-01 1.608128522098797863e-01 2.209677536791199159e-01
3.740814988545418385e-02 5.461899077705260064e-01 1.958068474991546404e-01 2.205950948448651694e-01
4.936989860920749651e-01 4.311125883955351235e-01 6.576855855258476047e-02 9.419866959805197823e-03
4.915598851046247275e-01 4.132687679851287377e-01 8.584626387024733851e-02 9.325083039999185891e-03
4.744366637660142327e-01 4.050876231583782072e-01 1.114495098712505322e-01 9.026203204357144058e-03
4.411217566530725165e-01 4.099508496388495904e-01 1.405149152941150559e-01 8.412478413963118268e-03
3.916446444139650707e-01 4.311187161092731590e-01 1.696027159766723136e-01 7.633923500089378686e-03
3.312833169173006187e-01 4.688887225439362094e-01 1.927355269783869174e-01 7.092433560376316080e-03
2.678481798064986652e-01 5.172181303650426054e-01 2.076662353207445189e-01 7.267454507714137674e-03
2.083286729140028659e-01 5.634958869517663338e-01 2.195493252221726310e-01 8.626114912058231721e-03
1.608063716976507740e-01 5.965784269826071018e-01 2.309673892470212875e-01 1.164781207272087317e-02
1.277555561658121064e-01 6.136985986440230967e-01 2.415320348418893703e-01 1.701381034827570068e-02
1.047565670453285969e-01 6.198431787565200635e-01 2.498749429373234021e-01 2.552531126082808674e-02
8.746040453507533674e-02 6.231991638516083398e-01 2.518240725525312529e-01 3.751635906078513299e-02
7.350087999203117062e-02 6.309919736003365420e-01 2.430702765619325301e-01 5.243686984569964626e-02
6.234683778162722345e-02 6.429445341762433097e-01 2.248337237951695822e-01 6.987490424696031488e-02
5.394317381391230265e-02 6.537359707012986298e-01 2.021841247229492211e-01 9.013673076183990884e-02
4.888155597734717556e-02 6.575280023475347235e-01 1.796581242484404650e-01 1.139323174266776290e-01
4.775138447523297192e-02 6.506406016680710280e-01 1.606134497959343932e-01 1.409945640607615513e-01
4.900752378484609512e-02 6.394833428597573866e-01 1.428336320576389373e-01 1.686755012977571855e-01
5.444066546461204942e-02 6.233534660049117049e-01 1.286708159887666458e-01 1.935350525417092460e-01
6.333013461748920880e-02 6.076120021514934688e-01 1.169266505234274056e-01 2.121312127075899723e-01
7.575010169960760820e-02 5.934306065368156746e-01 1.078933625361352816e-01 2.229259292274414495e-01
9.212579441250316747e-02 5.805649117360162093e-01 1.012746057619108020e-01 2.260346880895697796e-01
1.139224803307090639e-01 5.691225051642692101e-01 9.611628749143227846e-02 2.208387270135893921e-01
3.973651094653975202e-02 8.781211881882829973e-01 7.662066912195651669e-02 5.521631743220694125e-03
1.758880949280358999e-02 9.162547360043210576e-01 6.231167711507941409e-02 3.844777387795980401e-03
7.597108480935980263e-03 9.372852919539427230e-01 5.239746692423557367e-02 2.720132640885446814e-03
3.499304464202989805e-03 9.466800370641881290e-01 4.766657020173271225e-02 2.154088269876134210e-03
1.819392955780515467e-03 9.480224560561263392e-01 4.813340852943426978e-02 2.024742458658976198e-03
1.095095094015526623e-03 9.433198053883883327e-01 5.334572627363984298e-02 2.239373243956354915e-03
7.569045570752367183e-04 9.336879381225294816e-01 6.282856431117318785e-02 2.726593009221961548e-03
5.828370440325657915e-04 9.194490999428528433e-01 7.655274167397942142e-02 3.415321339135164638e-03
4.853485849692325336e-04 9.003905655891272231e-01 9.492299019885036548e-02 4.201095627053310494e-03
4.425653088836372165e-04 8.753179041316464515e-01 1.192764629151448347e-01 4.963067644325068820e-03
4.819314889546348147e-04 8.407975987161400155e-01 1.530474112170180923e-01 5.673058577887323851e-03
6.974173596341378800e-04 7.910684883167888870e-01 2.017420444862667028e-01 6.492049837310364876e-03
3.076856937126387984e-04 7.221289709905550636e-01 2.698383577276105005e-01 7.724985588121822261e-03
3.180087014035063429e-04 6.360793161564390896e-01 3.540426647021556184e-01 9.560010440002236765e-03
3.276505003752996480e-04 5.466634875315483644e-01 4.410181777617181997e-01 1.199068420635791138e-02
3.388146795567214945e-04 4.718806862856397277e-01 5.123297365509509316e-01 1.545076248385224282e-02
3.592589736409233596e-04 4.237181017675700767e-01 5.548794860725717593e-01 2.104315318621726230e-02
4.036637503132180921e-04 4.041332585623221840e-01 5.647445781313042978e-01 3.071849955606008320e-02
5.041456482579755169e-04 4.078512873439034125e-01 5.439497017382622923e-01 4.769486526957635725e-02
7.348311434932526792e-04 4.246308372187427294e-01 4.978143551841242576e-01 7.681997645363949911e-02
1.211019503964874200e-03 4.398812013000929499e-01 4.345000696548235730e-01 1.244077095411186273e-01
1.884019546545923334e-03 4.415039204797239214e-01 3.619101533521172920e-01 1.947019066216128802e-01
2.374488972121552213e-03 4.299110827862892559e-01 2.848543491179720277e-01 2.828600791236167145e-01
2.416195535391939438e-03 4.124379331149027328e-01 2.094387012900440215e-01 3.757071700596613106e-01
2.111356981929975261e-03 3.955933359125581861e-01 1.440231967803763946e-01 4.582721103251352623e-01
1.712337414183551796e-03 3.879806698863589309e-01 9.500460627685754222e-02 5.153023864225997341e-01
1.386431197244225762e-03 3.983950923793668220e-01 6.348788574750668934e-02 5.367305906758821354e-01
1.178155313363343478e-03 4.335402020731781714e-01 4.562154740581827322e-02 5.196600952076400048e-01
1.079530164057981162e-03 4.941930774028119866e-01 3.635630087903865548e-02 4.683710915540912345e-01
1.072939858083485961e-03 5.692895136246801657e-01 3.186069872153331900e-02 3.977768477957029369e-01
1.132523748871904021e-03 6.405592148351931803e-01 2.973644698630216118e-02 3.285718144296324028e-01
1.267173441391788048e-03 6.951590095934633284e-01 2.939359250895190109e-02 2.741802244561930002e-01
1.532332395036132893e-03 7.286706225179918617e-01 3.132914380408342858e-02 2.384679012828887501e-01
2.280700226761587894e-03 7.417784946348924269e-01 3.580532325335342853e-02 2.201354818849930173e-01
2.848565394202315273e-03 7.372989996667516088e-01 4.302588327529157514e-02 2.168265516637544743e-01
3.637624244255317253e-03 7.181768290888471684e-01 5.186894791394140031e-02 2.263165987529561218e-01
4.534857219288227111e-03 6.872442930956221829e-01 6.132816024543175787e-02 2.468926894396576699e-01
4.917198822410689257e-03 6.490843287407821460e-01 7.077849294887797460e-02 2.752199794879292005e-01
5.393515608001703439e-03 6.085476328932648560e-01 8.149454161864520818e-02 3.045643098800880910e-01
5.722211161803111325e-03 5.673060012549727693e-01 9.461464318996463951e-02 3.323571443932595293e-01
5.983231248380556019e-03 5.188218112949282146e-01 1.100474991476044495e-01 3.651474583090869586e-01
6.141897622992361153e-03 4.556468163941096439e-01 1.250233333274740344e-01 4.131879526554235738e-01
6.023924830295258707e-03 3.751693894451592626e-01 1.344974886539286874e-01 4.843091970706166483e-01
5.460983638284896274e-03 2.801689296663275597e-01 1.328846101086036402e-01 5.814854765867838449e-01
4.443985673405441775e-03 1.831873043996630757e-01 1.164356202456537231e-01 6.959330896812777612e-01
3.236191701976850587e-03 1.053247343346598863e-01 8.891318839524300910e-02 8.025258855681202119e-01
2.222292992657933560e-03 5.690921395255334192e-02 6.152678205124640504e-02 8.793417110035425255e-01
1.564808365357599857e-03 3.155773363256704489e-02 4.190336428154557702e-02 9.249740937205297442e-01
1.204410303720665314e-03 1.909297852244596500e-02 3.033863269174832261e-02 9.493639784820852023e-01
1.051066558933784478e-03 1.301135231722011336e-02 2.449685438810078608e-02 9.614407267357452103e-01
1.035433667781057330e-03 9.954072899967062252e-03 2.203929849666445145e-02 9.669711949355871417e-01
1.100024557007669383e-03 8.172801807114061720e-03 2.111829297530004590e-02 9.696088806605779320e-01
1.201514119796245937e-03 6.802275670389813962e-03 2.041408725232167487e-02 9.715821229574924667e-01
1.314253056500954125e-03 5.552231327123154439e-03 1.916301305383944636e-02 9.739705025625364776e-01
1.434517869575471479e-03 4.495716219864097710e-03 1.740490028525708624e-02 9.766648656253036354e-01
1.603030545270371036e-03 3.795225240145059381e-03 1.603772177850781161e-02 9.785640224360765416e-01
1.945094723591809594e-03 3.535791451719078743e-03 1.613042212193645589e-02 9.783886917027526664e-01
2.659921128638352561e-03 3.712329096312323891e-03 1.834128082424800119e-02 9.752864689508013996e-01
3.950551085949543552e-03 4.214807908595433368e-03 2.299310936677663453e-02 9.688415316386782550e-01
6.070647435687929507e-03 4.939834631765174615e-03 3.080718950693774050e-02 9.581823284256089091e-01
9.398048597717157879e-03 5.817095798051522861e-03 4.283363185341767382e-02 9.419512237508138597e-01
1.416261440814582835e-02 6.676018328514009108e-03 5.926997095140797145e-02 9.198913963119320636e-01
1.975911646593447521e-02 7.301609374311074027e-03 7.853802731443106089e-02 8.944012468453229614e-01
2.437039468359256805e-02 7.612684957036932112e-03 9.695961307636045967e-02 8.710573072830101182e-01
2.574634047529980943e-02 7.549996273635153389e-03 1.103422076201195506e-01 8.563614556309454562e-01
2.327444695576707731e-02 7.015257510741756616e-03 1.168861703692033738e-01 8.528241251642878495e-01
1.858342046718626170e-02 6.089705895844753358e-03 1.162855411155166718e-01 8.590413325214523166e-01
1.375717117299059787e-02 4.965021622977237523e-03 1.073238761389568030e-01 8.739539310650756843e-01
1.012254405048907367e-02 3.840432133629912217e-03 9.046315557401359009e-02 8.955738682418674657e-01
8.011857522089610092e-03 2.942005930095514202e-03 7.167807081773208688e-02 9.173680657300827823e-01
7.180120182813327749e-03 2.380041124284969743e-03 5.780096345768564320e-02 9.326388752352159361e-01
7.272768595288667953e-03 2.106182655536720672e-03 5.045619507564010758e-02 9.401648536735344175e-01
8.353481282087949628e-03 2.106884958146420118e-03 4.885515584477180540e-02 9.406844779149937663e-01
1.116227776470586457e-02 2.495147528577722467e-03 5.218969210586207885e-02 9.341528826008542730e-01
1.661083512994434089e-02 3.346777470544200390e-03 5.748102698468943866e-02 9.225613604148221736e-01
2.540220401117554774e-02 4.653296347723167442e-03 6.128812790334219052e-02 9.086563717377592608e-01
3.797945788075494933e-02 6.357251124461106746e-03 6.250558915181585184e-02 8.931577018429682768e-01
5.466980678455767712e-02 8.457634165523189237e-03 6.194964123247683613e-02 8.749229178174421362e-01
7.608768993739242759e-02 1.118247220986037967e-02 6.075074016546054556e-02 8.519790976872866350e-01
1.029986471658648345e-01 1.527752418883553467e-02 5.948799981533794967e-02 8.222358288299616014e-01
1.331630745775322089e-01 2.201479303146939431e-02 5.784094149030231946e-02 7.869811909006959594e-01
1.575850909009589296e-01 3.216384771465330417e-02 5.528880623967591390e-02 7.549622551447118246e-01
1.678362360417174348e-01 4.504138778616300492e-02 5.330218517602548084e-02 7.338201909960940794e-01
1.663392617778210736e-01 5.930226352799753547e-02 5.460267914642571302e-02 7.197557955477555947e-01
1.593033858063805652e-01 7.358832868315222375e-02 6.004835493449762335e-02 7.070599305759696085e-01
1.485547878539332234e-01 8.556901438744991817e-02 6.726544006987121571e-02 6.986107576887454762e-01
1.325681227452654154e-01 9.182390089769160157e-02 7.154521675199063124e-02 7.040627596050522685e-01
1.107282896932160338e-01 8.877187019633854537e-02 6.869400569377390187e-02 7.318058344166717966e-01
8.686090934601009561e-02 7.745178080960878064e-02 5.977786728922906273e-02 7.759094425551518182e-01
