4.288574011012833559e-02 8.185699535736566945e-01 1.372865029385827440e-01 1.257803377632325413e-03
1.958360880551564265e-02 9.285962204491230443e-01 2.419980158066160209e-02 2.762036916469941955e-02
2.311321239217198342e-02 9.288755383278907152e-01 2.337152672107067550e-02 2.463972255886648019e-02
2.571371516503818955e-02 9.287371712690014602e-01 2.356928821141802965e-02 2.197982535454197361e-02
2.585619299237673641e-02 9.288055320233643553e-01 2.559006548436779799e-02 1.974820949989129076e-02
2.356871750364858756e-02 9.287226842921082470e-01 2.994315108975341422e-02 1.776544711449020569e-02
2.007477178786902863e-02 9.275708326880952592e-01 3.669449883210935265e-02 1.565989669192621378e-02
1.678357358870451871e-02 9.245032004398449077e-01 4.557198921878057724e-02 1.314123675266998942e-02
1.279190792278364804e-02 9.198313434427872748e-01 5.722754916777316597e-02 1.014919946665587477e-02
1.004143910553126871e-02 9.086758202903161274e-01 7.381110409289677599e-02 7.471636511255773209e-03
8.681724928297976721e-03 8.843592846262101625e-01 1.013700050922881346e-01 5.588985353203916075e-03
8.274802917232334729e-03 8.358570273146702645e-01 1.515068413900247102e-01 4.361328378072644625e-03
8.494594236107594690e-03 7.499225683969961143e-01 2.380575696721197176e-01 3.525267694776375218e-03
6.695423309608082053e-03 6.298823393498247381e-01 3.607116767116496092e-01 2.710560628917567209e-03
5.226057169614584628e-03 5.018346580601438234e-01 4.907677303237787392e-01 2.171554446462838506e-03
4.063168164573821399e-03 4.014615678791645936e-01 5.925841046528592670e-01 1.891159303402305996e-03
3.407317712199402736e-03 3.444304617802014801e-01 6.502958504390602412e-01 1.866370068538932784e-03
3.293154459407870646e-03 3.288196319273996027e-01 6.657906115895616539e-01 2.096602023630524114e-03
3.772333004508446677e-03 3.464909231943411605e-01 6.471342133878615899e-01 2.602530413288578308e-03
5.015679474945268328e-03 3.863306262993885798e-01 6.052723288985890626e-01 3.381365327077100972e-03
7.325304704682573075e-03 4.342315428889359508e-01 5.541147601246000365e-01 4.328392281781447484e-03
1.108407028192734400e-02 4.778986976465297021e-01 5.057490345664855669e-01 5.268197505057430410e-03
1.660184427858766784e-02 5.118807213227704045e-01 4.654315682612452654e-01 6.085866137396660561e-03
2.340273091336429051e-02 5.359609474037139165e-01 4.339715043483363677e-01 6.664817334585634336e-03
2.991021840743707597e-02 5.511968239983566775e-01 4.120183839539919846e-01 6.874573640214367773e-03
3.223918321374216744e-02 5.677281012134626215e-01 3.935546555972224136e-01 6.478059975572891989e-03
3.497901142020330006e-02 5.899659526751156458e-01 3.688920042010510048e-01 6.163031703630274076e-03
3.891440803896798611e-02 6.189077498463391169e-01 3.359803383940434540e-01 6.197503720649454213e-03
4.632114036077332464e-02 6.472266203212637681e-01 2.999012606594559927e-01 6.550978658506944989e-03
5.758527781502779941e-02 6.655868416740645666e-01 2.698201808754089326e-01 7.007699635498546194e-03
7.186934315068499446e-02 6.688464020748783323e-01 2.518620493601843036e-01 7.422205414252134627e-03
8.696269138634193929e-02 6.576988836473953715e-01 2.475836568069139931e-01 7.754768159348847043e-03
9.986025355938679682e-02 6.366141621423261343e-01 2.555268750099913833e-01 7.998709288295826128e-03
1.078153195830364453e-01 6.116771250234844803e-01 2.723241559972526260e-01 8.183399396226521266e-03
1.092330496652683669e-01 5.901195749671760415e-01 2.922320826239812042e-01 8.415292743574259021e-03
1.054468671033245986e-01 5.787255127022269408e-01 3.067665249350023937e-01 9.061095259445898706e-03
9.943718585509027375e-02 5.809821556508858453e-01 3.087656564102867485e-01 1.081500208373715848e-02
9.184021120256215254e-02 5.945429464294024191e-01 2.991693384503413822e-01 1.444750391769402016e-02
8.220666346090783894e-02 6.119594564600843167e-01 2.851794419366809330e-01 2.065443814232712991e-02
7.219213116868967994e-02 6.247812447227795163e-01 2.728504222184263694e-01 3.017620189010432330e-02
6.349469355755084365e-02 6.290724128986847630e-01 2.639786466832126366e-01 4.345424686055185393e-02
5.558416404625131368e-02 6.282589241697014160e-01 2.571644130590937105e-01 5.899249872495362229e-02
4.746673443287650201e-02 6.307288892601303765e-01 2.479416872012907003e-01 7.386268910570256696e-02
3.932901623734294527e-02 6.425213114126011593e-01 2.311792283524536085e-01 8.697044399760246736e-02
3.202433029808779419e-02 6.634829375769075721e-01 2.058485401254746272e-01 9.864419199952982609e-02
2.586831258734052438e-02 6.911776683268582300e-01 1.760684271542947987e-01 1.068855919315061936e-01
2.137747916476210805e-02 7.237267441706231041e-01 1.473272218597389827e-01 1.075685548048758433e-01
1.788239433637912879e-02 7.613111491612638559e-01 1.225964107096870620e-01 9.821004579266993939e-02
1.538524278859633269e-02 8.007053582683014703e-01 1.036428213618536542e-01 8.026657758124848552e-02
1.384477403070926739e-02 8.357906510865324989e-01 9.174844293242123694e-02 5.861613195033684581e-02
1.297151674490879154e-02 8.612325392138309166e-01 8.727597624289945566e-02 3.851996779836059509e-02
1.241094476734450752e-02 8.748776102527996423e-01 8.978219130769035661e-02 2.292925367216524374e-02
1.232879300232084425e-02 8.754941283856083611e-01 9.948894355767179398e-02 1.268813505439919491e-02
1.398075160845980124e-02 8.611175436115879878e-01 1.178021117502825454e-01 7.099593029669536322e-03
1.671751732636186233e-02 8.335464689053543319e-01 1.454092811613012515e-01 4.326732606982781545e-03
2.189055239964212210e-02 7.946225212165639595e-01 1.804327789877080146e-01 3.054147396085950174e-03
3.124704408110936388e-02 7.473834198008673102e-01 2.187518871511853480e-01 2.617648966837947139e-03
4.761751824975989089e-02 6.907734232310632772e-01 2.588421625818318472e-01 2.766895937344952209e-03
7.156797844913956319e-02 6.204410261103011637e-01 3.045647355265749257e-01 3.426259913984461974e-03
9.585052461568345505e-02 5.387686811346917848e-01 3.609628425694894616e-01 4.417951680135372323e-03
1.104630041227388781e-01 4.599284401032999736e-01 4.242113050379223149e-01 5.397250736038804696e-03
1.154931347158117960e-01 3.974654036775921995e-01 4.805897850738248267e-01 6.451676532770992192e-03
1.182359007675237578e-01 3.538566427951415627e-01 5.197525585352285038e-01 8.154897902105818358e-03
1.243450370088316492e-01 3.245834635276569902e-01 5.399065404866462137e-01 1.116495897686469244e-02
1.358086103439782033e-01 3.043244978551470359e-01 5.439049103163022814e-01 1.596198148457234761e-02
1.507331552878012904e-01 2.928683785392155459e-01 5.335182401786896511e-01 2.288022599429350920e-02
1.668481567072313820e-01 2.914405269524396602e-01 5.091897588794180862e-01 3.252155746091065641e-02
1.755696132335244075e-01 3.020159024879466858e-01 4.773018565402968871e-01 4.511262773823226935e-02
1.715621858533206423e-01 3.207361947912885647e-01 4.478670814230399366e-01 5.983453793235087720e-02
1.565620352302785345e-01 3.419644546694990961e-01 4.262089060433961740e-01 7.526460405682637578e-02
1.369245978481228587e-01 3.619653394167114402e-01 4.110251854225929202e-01 9.008487731257253106e-02
1.179563852587585532e-01 3.799189751868959908e-01 3.985015611087133758e-01 1.036230784456319137e-01
1.277589206292665050e-02 5.886054961589554102e-01 1.682972976161244139e-01 2.303213141619935844e-01
3.723315993326622823e-03 7.496614156315636324e-01 1.501162198399456082e-01 9.649904853516423631e-02
4.006077918172403808e-03 6.850953780303132845e-01 1.341940154825843057e-01 1.767045285689297363e-01
5.063920530647620863e-03 5.673249183082159641e-01 1.135373927897041918e-01 3.140737683714323047e-01
6.837671262809598763e-03 4.098108885251140476e-01 8.740473027814463225e-02 4.959467099339316953e-01
9.422427873605285914e-03 2.643611890406370457e-01 6.289551267620017982e-02 6.633208704095576724e-01
1.288240566200010706e-02 1.661138394612706182e-01 4.654795744195214247e-02 7.744557974347771045e-01
1.712311354065474203e-02 1.096217836011246227e-01 3.766860417999102345e-02 8.355864986782297610e-01
2.151947902323618836e-02 7.813030361812890734e-02 3.253131645874660083e-02 8.678189008998881127e-01
2.481783881861550703e-02 5.952578554661101806e-02 2.809319510067349174e-02 8.875631805340997715e-01
2.601279587163286833e-02 4.716199876786416473e-02 2.309165461161060903e-02 9.037335507488925002e-01
2.539467427617381895e-02 3.827458581796444603e-02 1.796435454332661816e-02 9.183663853625353424e-01
2.472412478599586572e-02 3.251466227307680396e-02 1.403485609542516610e-02 9.287263568455023099e-01
2.668388887117649141e-02 3.020987672880911731e-02 1.226612710980584837e-02 9.308401072902083850e-01
3.419956811658408924e-02 3.101895648987361073e-02 1.283382087537386466e-02 9.219476545181686244e-01
5.070856749682220443e-02 3.407032816655279628e-02 1.576393683805176263e-02 8.994571674985730736e-01
8.076983380475072360e-02 3.920930184069121999e-02 2.226266463206855520e-02 8.577581997224893451e-01
1.288689292609409842e-01 4.796419021480272105e-02 3.233332765197973607e-02 7.908335528722768570e-01
1.862537445098492450e-01 6.145612371177210792e-02 4.986217085299254198e-02 7.024279609253863965e-01
2.325945026825598227e-01 8.149291161326750743e-02 7.786187844094101529e-02 6.080507072632317378e-01
2.490741457298004669e-01 1.094974963155433412e-01 1.208429659191989775e-01 5.205853920354570619e-01
2.344030967349443328e-01 1.434870735186707380e-01 1.802424317560448741e-01 4.418673979903401383e-01
2.051757163451309596e-01 1.740463636213385179e-01 2.508069643468380794e-01 3.699709556866925264e-01
1.785429697061861887e-01 1.874618477102953651e-01 3.297090665480771898e-01 3.042861160354412564e-01
1.630979201489471397e-01 1.796977341060147226e-01 4.143597148724905699e-01 2.428446308725472902e-01
1.504888849235162529e-01 1.523965907656294749e-01 5.131499448925498363e-01 1.839645794183046301e-01
1.336723257270259480e-01 1.161357682542728947e-01 6.214439854461303314e-01 1.287479205725703679e-01
1.110039020007923954e-01 8.090339718319672357e-02 7.268198101261196253e-01 8.127289068989135279e-02
8.746280806459286183e-02 5.370033138899130837e-02 8.124512716244628452e-01 4.638558892195293604e-02
6.969641184661191924e-02 3.648952552297524826e-02 8.687911773239823665e-01 2.502288530643051803e-02
6.124771627897048626e-02 2.823565038656900006e-02 8.966441712412298592e-01 1.387246209323068392e-02
6.116187358937200808e-02 2.395921394861438847e-02 9.065345717670272307e-01 8.344340694986176685e-03
6.622117741673821945e-02 2.173377473931088072e-02 9.066119626782356278e-01 5.433085165715234761e-03
7.238451694047871865e-02 1.973178358365769436e-02 9.041590276427626804e-01 3.724671833101143338e-03
7.795544721514952036e-02 1.777411996982267844e-02 9.015445731188487244e-01 2.725859696179199973e-03
8.444490612476418523e-02 1.631990380410584807e-02 8.970328476525099015e-01 2.202342418620187054e-03
9.393653614802699447e-02 1.584965028300901191e-02 8.882200890859723863e-01 1.993724482991443385e-03
1.086222275082142780e-01 1.724065042532415756e-02 8.720937476271126698e-01 2.043374439348746765e-03
1.316933654694622258e-01 2.336028402693397441e-02 8.425068033273562795e-01 2.439547176247800452e-03
1.646853608519968093e-01 3.782664883143260770e-02 7.940792288434793678e-01 3.408761473091280296e-03
2.151499697157584767e-01 7.177449390145740349e-02 7.073644105893427403e-01 5.711125793441394240e-03
2.973466389100019036e-01 1.353295442224119460e-01 5.559702729078662697e-01 1.135354395971985460e-02
4.192833570031317958e-01 1.986742326817339255e-01 3.613707029058556008e-01 2.067170740927852871e-02
5.388497863131481713e-01 2.210205214827251075e-01 2.123881191059923956e-01 2.774157309813440886e-02
5.886508578746351139e-01 2.412202568915219336e-01 1.361755419969813141e-01 3.395334323686163835e-02
5.461774557824119469e-01 3.033479910330356133e-01 1.050682875430019314e-01 4.540626564155032796e-02
4.245946054180058660e-01 4.222490329692458744e-01 9.220170424094585593e-02 6.095465737180227883e-02
2.790740053333676252e-01 5.732053101471653589e-01 7.721041970963851697e-02 7.051026480982837408e-02
1.776481763174624084e-01 6.925899080643328487e-01 5.906163729663827661e-02 7.070027832156622338e-02
1.408316093312084183e-01 7.349342529799197665e-01 4.893173546853187700e-02 7.530240222033982023e-02
1.562975285447413265e-01 6.983857465380038931e-01 4.912611744424635885e-02 9.619060747300857417e-02
2.095497335218364787e-01 6.008369093185713661e-01 5.429385981857912796e-02 1.353194973410128676e-01
2.723619927799495466e-01 4.888623274348359860e-01 5.935955267497049909e-02 1.794161271102441002e-01
3.213366332875558506e-01 4.043242621075163190e-01 6.639494984906961494e-02 2.079441547558581460e-01
3.562923856639520492e-01 3.532617268041637337e-01 7.919623062923858425e-02 2.112496569026457161e-01
3.822636875234610154e-01 3.239273195621401591e-01 9.833756293507400770e-02 1.954714299793248733e-01
3.978891792426963447e-01 3.052345712071594663e-01 1.225893480662709756e-01 1.742869014838731856e-01
4.005860491548064450e-01 2.893937100310963184e-01 1.513127027756481502e-01 1.587075380384490864e-01
3.824193174225351544e-01 2.755446614275438577e-01 1.882842390660876830e-01 1.537517820838333049e-01
3.473243615275443674e-01 2.562604193859355228e-01 2.363101728987128392e-01 1.601050461878070763e-01
3.048066411174242818e-01 2.247875989518036965e-01 2.958941143324700374e-01 1.745116455983025394e-01
2.580296207528435248e-01 1.880214488291791497e-01 3.647836008847508138e-01 1.891653295332269280e-01
2.112400675036373299e-01 1.527127460319354091e-01 4.402475185997746232e-01 1.957996678646526101e-01
1.671437218996249252e-01 1.259893938025742621e-01 5.150491610990195479e-01 1.918177231987812648e-01
1.268989296803612887e-01 1.103067269508938991e-01 5.827869076159194472e-01 1.800074357528251845e-01
9.074701991672722012e-02 1.022731737564000626e-01 6.463193550883716831e-01 1.606604512385008399e-01
6.026187285560312412e-02 9.540548293013172143e-02 7.127099375711264395e-01 1.316227066431383819e-01
3.820403629908454557e-02 8.642293447109397619e-02 7.748254690971487779e-01 1.005475601326723811e-01
2.476960872280541126e-02 7.644541163553100760e-02 8.211369499732108501e-01 7.764802966845277266e-02
1.702862010768029302e-02 6.678439380810403947e-02 8.527445652193577086e-01 6.344242086485793464e-02
1.237551268022669439e-02 5.776253015492875675e-02 8.757575331656417550e-01 5.410442399920273315e-02
9.509407800419644730e-03 4.939734071430861018e-02 8.942416312959714508e-01 4.685162018930015548e-02
3.854513619654195006e-02 1.472522541061936641e-01 7.049519985142624900e-01 1.092506111830017085e-01
2.716987885921033977e-02 3.383752243065378251e-01 3.423171760622017445e-01 2.921377207720497471e-01
2.594450691357748362e-02 3.645327881617285715e-01 3.581527297640778040e-01 2.513699751606158772e-01
2.539471820317498046e-02 3.820659945822124648e-01 3.759232316692727172e-01 2.166160555453398584e-01
2.484948872346665755e-02 3.906873044122752825e-01 3.974554341469181407e-01 1.870077727173399540e-01
2.366852274925448918e-02 3.951588482558085480e-01 4.190473276368537614e-01 1.621253013580834235e-01
2.186525130008190251e-02 4.029996415938119081e-01 4.326413975273119550e-01 1.424937095787942587e-01
1.985164967601116617e-02 4.183789291601752169e-01 4.332689031263598500e-01 1.285005180374534650e-01
1.791939654032256510e-02 4.395220309900119693e-01 4.233184140725573807e-01 1.192401583971079149e-01
1.622409825956427562e-02 4.610859588149479049e-01 4.085757281205316116e-01 1.141142148049562183e-01
1.486215288518421933e-02 4.763456217639640000e-01 3.945822706334435326e-01 1.142099547174082602e-01
1.391191792202134403e-02 4.787426384680013580e-01 3.855051642030036252e-01 1.218402794069732981e-01
1.353442947206062209e-02 4.646496281125541694e-01 3.825806333767543532e-01 1.392353090386310166e-01
1.379696055618506723e-02 4.353534179042991559e-01 3.843178132348851195e-01 1.665318083046308517e-01
1.461145659166070490e-02 3.958153844612671279e-01 3.887868879946056455e-01 2.007862709524664280e-01
1.577173119573340929e-02 3.526116635335892480e-01 3.944950683009348924e-01 2.371215369697424469e-01
1.692556912224342514e-02 3.133886893649841521e-01 3.981613947993301039e-01 2.715243467134426103e-01
1.762127295233989130e-02 2.844090584282868983e-01 3.945483499495623381e-01 3.034213186698106468e-01
1.755244196355078279e-02 2.673330999421436593e-01 3.809333935026076312e-01 3.341810645916977185e-01
1.694523755613079607e-02 2.603526247082763589e-01 3.580392057847922027e-01 3.646629319508006839e-01
1.619380947434777979e-02 2.590841032796441512e-01 3.286706944270699760e-01 3.960513928189380861e-01
1.534670353057939959e-02 2.568739796545543852e-01 2.958714940084014589e-01 4.319078228064646696e-01
1.418320086285800898e-02 2.473122055042837608e-01 2.618450446731562797e-01 4.766595489597020840e-01
1.259711603735374358e-02 2.267728773647214868e-01 2.285885899163840607e-01 5.320414166815405910e-01
1.088986878641429699e-02 1.985253219245127210e-01 1.988693628714016948e-01 5.917154464176712647e-01
9.669508995024887407e-03 1.724802045729294520e-01 1.774466810676493256e-01 6.404036053643964443e-01
9.484316313065311102e-03 1.573785612085165098e-01 1.681354325294390772e-01 6.650016899489789024e-01
1.046184996787748525e-02 1.549179730571168256e-01 1.704697568638712246e-01 6.641504201111348982e-01
1.233669042513663335e-02 1.616027248359188373e-01 1.800520972317460056e-01 6.460084875071986366e-01
1.456531186211995794e-02 1.718132564209818858e-01 1.904281963499714070e-01 6.231932353669267233e-01
1.669427379799511349e-02 1.829923073850246162e-01 1.958319074456230935e-01 6.044815113713571941e-01
1.857597526593473408e-02 1.973988595335298413e-01 1.916492926064791436e-01 5.923758725940563297e-01
2.024438298777985618e-02 2.189463749417531746e-01 1.760549276573370181e-01 5.847543144131297499e-01
2.164224706280958380e-02 2.496028735133553056e-01 1.518681201075078036e-01 5.768867593163273799e-01
2.226308839372344653e-02 2.867464359024382570e-01 1.244285621310017298e-01 5.665619135728364730e-01
2.131669350713930045e-02 3.265274618783861604e-01 9.832647085018761390e-02 5.538293737642869807e-01
1.939273608822926140e-02 3.714220764795273522e-01 7.847798968446087486e-02 5.307071977477822999e-01
1.729194063480512383e-02 4.322688414197186080e-01 6.396233116878884128e-02 4.864768867766873783e-01
1.576800556630374509e-02 5.096826705794266221e-01 5.329662827303051353e-02 4.212526955812394003e-01
1.465756434556228331e-02 5.883229648800183398e-01 4.409681514843964006e-02 3.529226556259797420e-01
1.377477568392522674e-02 6.486202690042436325e-01 3.484796820250012084e-02 3.027569871093309661e-01
1.275151500126119573e-02 6.803039259982873732e-01 2.668629314039000153e-02 2.802582658600616394e-01
1.129579374063092827e-02 6.803413290049286077e-01 1.967762470586280690e-02 2.886852525485775200e-01
1.018233491573376087e-02 6.427534476044801659e-01 1.374269832789218153e-02 3.333215191518937859e-01
9.200950059816467158e-03 5.654621526152389110e-01 9.401609147539442476e-03 4.159352881774051047e-01
8.165199263383259368e-03 4.539249303120052592e-01 6.342577244585431186e-03 5.315672931800257128e-01
6.945244610855642702e-03 3.190480410171291914e-01 4.222921582484522561e-03 6.697837927895305965e-01
5.513973385921442510e-03 1.902164989884188584e-01 2.714981675891817766e-03 8.015545459497679381e-01
4.163816647691734318e-03 9.892147651654531471e-02 1.677749640096198131e-03 8.952369571956669825e-01
3.432728540060615060e-03 4.844998287928743014e-02 1.046701100045462724e-03 9.470705874806063518e-01
2.190565656264539460e-03 2.424765877367550046e-02 6.547859243964051926e-04 9.729069896456636890e-01
1.620109501027095032e-03 1.252238641074611067e-02 4.517163340496365407e-04 9.854057877541769761e-01
1.288752269726169998e-03 6.643802714502765848e-03 3.312555627726386292e-04 9.917361894529986843e-01
1.063190207222059489e-03 3.649540511895488833e-03 2.513495269201699808e-04 9.950359197539624390e-01
9.053410987964411252e-04 2.141430350976103372e-03 1.968617720076450920e-04 9.967563667782197712e-01
8.048235486493545473e-04 1.409135669128017696e-03 1.634712040630486251e-04 9.976225695781596459e-01
7.676295915129820744e-04 1.093575764669851152e-03 1.507120021157818096e-04 9.979880826417010242e-01
8.093332907750413856e-04 1.034448829216702993e-03 1.605861461242302801e-04 9.979956317338841698e-01
9.358643185611335369e-04 1.166460838517722077e-03 1.964913432311832752e-04 9.977011834996899475e-01
1.134844714270649441e-03 1.469080638062980485e-03 2.642221408598471617e-04 9.971318525068064709e-01
1.350519342205067129e-03 1.917449588318304770e-03 3.663944819942380627e-04 9.963656365874820064e-01
1.475320020539754810e-03 2.400687885460498633e-03 4.802642457930573431e-04 9.956437278482068720e-01
1.448625286378020082e-03 2.749456661661323336e-03 5.695379671397739251e-04 9.952323800848209556e-01
1.312689487602896341e-03 2.819064976085295087e-03 6.173770635573835397e-04 9.952508684727542354e-01
1.164952583683719328e-03 2.621657118878548392e-03 6.420918884532362354e-04 9.955712984089842843e-01
1.096652704750918908e-03 2.349739898765236274e-03 6.910352782599221569e-04 9.958625721182239321e-01
1.156212289511633412e-03 2.181529142463397609e-03 8.161169625927464826e-04 9.958461416054323889e-01
1.336051628689256029e-03 2.138639548695057610e-03 1.041018295797219509e-03 9.954842905268184161e-01
1.565549375967480953e-03 2.116931740106960808e-03 1.334169011226587652e-03 9.949833498726990966e-01
1.732973993344186919e-03 1.990198036757486692e-03 1.610974102524625334e-03 9.946658538673738281e-01
1.767773658087342043e-03 1.735414570981126756e-03 1.787701003631346139e-03 9.947091107672999533e-01
1.659962053467626229e-03 1.421335282784538974e-03 1.804986129834604183e-03 9.951137165339130064e-01
8.088223125421806214e-02 4.213444000413482105e-01 2.764389254002714291e-01 2.213344433041624648e-01
5.771021518671631129e-02 8.166081746123192708e-01 3.549575830648585284e-02 9.018585189447873851e-02
4.696775660240088551e-02 8.550439939709126858e-01 3.167676944224730173e-02 6.631147998443912006e-02
4.033853548309888903e-02 8.776930307468416848e-01 2.955930807133303265e-02 5.240912569872654969e-02
4.050875951007344017e-02 8.790711677629398091e-01 3.115428778096587109e-02 4.926578494602095598e-02
5.095996238820157953e-02 8.543838045486362720e-01 3.792812178209362811e-02 5.672811128106854811e-02
8.091448931259011268e-02 7.918316128475860749e-01 5.070620899310642610e-02 7.654768884671744877e-02
1.502385260452511750e-01 6.705696777808562992e-01 6.644949952783095470e-02 1.127422966460616266e-01
2.702884850706506192e-01 4.928457816511725431e-01 7.228102479229614463e-02 1.645847084858807763e-01
3.920610832507661070e-01 3.250455556542735658e-01 6.161098391424330023e-02 2.212823771807170270e-01
4.479972125415749851e-01 2.276386169427433992e-01 4.763718029293004946e-02 2.767269902227514344e-01
4.320861052114184919e-01 1.956276680819069025e-01 3.887914821292009354e-02 3.334070784937546161e-01
3.684589005004000328e-01 2.093525918393096819e-01 3.514950148108759997e-02 3.870390061792029490e-01
2.831126994968015120e-01 2.619701642951296483e-01 3.480930880870309468e-02 4.201078273993654189e-01
1.959843088938039157e-01 3.521189304322975278e-01 3.625403236805726376e-02 4.156427283058415911e-01
1.231977731812197163e-01 4.694029323603109427e-01 3.734657616243600153e-02 3.700527182960332562e-01
7.316050486391996455e-02 5.925956580892891568e-01 3.618717680347158933e-02 2.980566602433193935e-01
4.300405536413160618e-02 7.024351072051796541e-01 3.257870858082973636e-02 2.219821288498591838e-01
2.589082456636553758e-02 7.900319717743859993e-01 2.781318104617969481e-02 1.562640226130686538e-01
1.658329676084241769e-02 8.534830794690486666e-01 2.346506316665832731e-02 1.064685606034505433e-01
1.174618890303210511e-02 8.942600910874354270e-01 2.070480801800378412e-02 7.328891199152863523e-02
8.849197018867611952e-03 9.167987078586838923e-01 2.038404212665295701e-02 5.396805299579539306e-02
8.064760518512615467e-03 9.246381614280970718e-01 2.310946086759571930e-02 4.418761718579446857e-02
8.052012902739333691e-03 9.214694316368715610e-01 3.015357241800329866e-02 4.032498304238581188e-02
8.696332573418438794e-03 9.062088163778300176e-01 4.463597026655966721e-02 4.045888078219183476e-02
1.023224456538735123e-02 8.717257635329599408e-01 7.411602163296787671e-02 4.392597026868468035e-02
1.309105791664803668e-02 8.041732355874503524e-01 1.330070729477907665e-01 4.972863354811100228e-02
1.896191436625226448e-02 6.868740958170548305e-01 2.386882213026061683e-01 5.547576851408735077e-02
2.657586662703894861e-02 5.259329763824830417e-01 3.898678279229179644e-01 5.762332906756009732e-02
3.550060187666512906e-02 3.592363042738791479e-01 5.517043176919561587e-01 5.355877615749957132e-02
4.519509528306572127e-02 2.283721812280157526e-01 6.822306144138827744e-01 4.420210907503588360e-02
5.644314586949727985e-02 1.428443584720079096e-01 7.676590411366766009e-01 3.305345452181814719e-02
7.160684799688400715e-02 9.321903210159981912e-02 8.119321503542090701e-01 2.324196954730705506e-02
9.510641265995513349e-02 6.780761956794889578e-02 8.208893779917145750e-01 1.619658978038140962e-02
1.306113760330482876e-01 5.639666789782724066e-02 8.013857034290678971e-01 1.160625264005663883e-02
1.784723256209392039e-01 5.101340442131110930e-02 7.618540759396489337e-01 8.660194018101049704e-03
2.322666736843206070e-01 4.999107357209727626e-02 7.108337972978071573e-01 6.908455445774899610e-03
2.861163805303363894e-01 5.235080552634892304e-02 6.554556787590466449e-01 6.077135184268185782e-03
3.402044493852146578e-01 5.899236011872360796e-02 5.947617662756318202e-01 6.041424220429949567e-03
3.992837215208508428e-01 6.970821922415533500e-02 5.243914811058458803e-01 6.616578149147922874e-03
4.645859828239567446e-01 8.272247010187269711e-02 4.450658718925859514e-01 7.625675181584606888e-03
5.278650517286775923e-01 9.597182077505062026e-02 3.671093653188570727e-01 9.053762177414574272e-03
5.788094999638030425e-01 1.110379142872165853e-01 2.991356427227130910e-01 1.101694302626737496e-02
6.212128631656799183e-01 1.230617489541766946e-01 2.424301857212167177e-01 1.329520215892639884e-02
6.590901613133052228e-01 1.319612345551211541e-01 1.932096778346133747e-01 1.573892629696044265e-02
6.954367371063537862e-01 1.358457589685360400e-01 1.506202584918803766e-01 1.809724543322957513e-02
7.258979671166989611e-01 1.366251282513499810e-01 1.169084560015848928e-01 2.056844863036610266e-02
7.503030042551879220e-01 1.333757655880574988e-01 9.279466319780632633e-02 2.352656695894825983e-02
7.646131443811930994e-01 1.302582369664058437e-01 7.710729815802848386e-02 2.802132049437271871e-02
7.670440997460636900e-01 1.296990743773415444e-01 6.799752133152317524e-02 3.525930454507143763e-02
7.615995439716291004e-01 1.308581427140162179e-01 6.177871638575517521e-02 4.576359692859947870e-02
7.418971776896444714e-01 1.381770698418522680e-01 5.865793960720820654e-02 6.126781286129499154e-02
7.101767493695460010e-01 1.515505572080410313e-01 5.655402516232255899e-02 8.171866826009019369e-02
6.655399968340665051e-01 1.722333523090666674e-01 5.477642677922024000e-02 1.074502240776463446e-01
5.972766797965991525e-01 2.057471400891389968e-01 5.391646533447476408e-02 1.430597147797872948e-01
4.942043947022671802e-01 2.561692267695795389e-01 5.404298440450036600e-02 1.955833941236529705e-01
3.684952771628630108e-01 3.149729509093348589e-01 5.351113300090835218e-02 2.630206389268940348e-01
2.531900942599082383e-01 3.697938501617279439e-01 5.057366632225796660e-02 3.264423892561058027e-01
1.726237637878190456e-01 4.203162318477122184e-01 4.536979677022565799e-02 3.616902075942428629e-01
1.188385600991258284e-01 4.767220445176524324e-01 4.054807711295916467e-02 3.638913182702623872e-01
8.273548757758859840e-02 5.375973368154667309e-01 3.703029074002447268e-02 3.426368848669203437e-01
5.865727328338526253e-02 6.012434470161959199e-01 3.476781085135285942e-02 3.053314688490657014e-01
4.288229028850506358e-02 6.675252535369238238e-01 3.340943463020696474e-02 2.561830215443638981e-01
3.250935301264192695e-02 7.337409852469014560e-01 3.256620851107847048e-02 2.011834532293782785e-01
2.561805129484074142e-02 7.929425156268321562e-01 3.192036469461657228e-02 1.495190683837103462e-01
2.098581729024145970e-02 8.397421884166897943e-01 3.089696559929716937e-02 1.083750286937714830e-01
1.786368532271111198e-02 8.730454601190500430e-01 2.919680283526311995e-02 7.989405172297556201e-02
1.590592768366762624e-02 8.922145850623698360e-01 2.823889260997580752e-02 6.364059464398671984e-02
1.705789424122915524e-02 8.949381442963106892e-01 2.969460454409438704e-02 5.830935691836554996e-02
2.249404106843656131e-02 8.794277259055580664e-01 3.609992002085361806e-02 6.197831300515135172e-02
3.515720756841460293e-02 8.424321360441395790e-01 4.983097500693752652e-02 7.257968138050792384e-02
6.182756067448781645e-02 7.737946631162093691e-01 7.558517680651972992e-02 8.879259940278314001e-02
8.100615964811904712e-01 1.494847946769970459e-01 3.733576327273570999e-02 3.117845569076870427e-03
7.873077563085395525e-01 1.583192334172553728e-01 5.096628000282859422e-02 3.406730271376227220e-03
7.526618454985837259e-01 1.741328435869524960e-01 6.962198197890910600e-02 3.583328935554357282e-03
7.049044444502933215e-01 1.991089353207216028e-01 9.238072492573824734e-02 3.605895303246881185e-03
6.418548479384494909e-01 2.372977756947234063e-01 1.172533001209807579e-01 3.594076245846166643e-03
5.652730115351580764e-01 2.894929256701329057e-01 1.413901062766467209e-01 3.843956518062240611e-03
4.807853215435952121e-01 3.498303529166011949e-01 1.646231228200327468e-01 4.761202719770692669e-03
3.974555173634428673e-01 4.070192209232645908e-01 1.887286985669790196e-01 6.796563146313566554e-03
3.268664466775255129e-01 4.507414514278212936e-01 2.119290580388192291e-01 1.046304385583383262e-02
2.751730658860920831e-01 4.754082273545694459e-01 2.329134750403611676e-01 1.650523171897741448e-02
2.412475806492130892e-01 4.804750726626627055e-01 2.522305617196921035e-01 2.604678496843201851e-02
2.161110906612939420e-01 4.770820416179862300e-01 2.669564580590905178e-01 3.985040966162949755e-02
1.958774936702162572e-01 4.756606726821676623e-01 2.708905622296950422e-01 5.757127141792116320e-02
1.792449937399238913e-01 4.781634946785975337e-01 2.637244719722465769e-01 7.886703960923231727e-02
1.645066979050288092e-01 4.831851495741158464e-01 2.481238506581102121e-01 1.041843018627449935e-01
1.568097899199061562e-01 4.754901970560453384e-01 2.320777040940235625e-01 1.356223089300251927e-01
1.552953203774534163e-01 4.560274842418410302e-01 2.143096618613678228e-01 1.743675335193377585e-01
1.622559969743965214e-01 4.213830892029201136e-01 1.972128629581028358e-01 2.191480508645801406e-01
1.774391136951000147e-01 3.774937652609081651e-01 1.811456588653780342e-01 2.639214621786136195e-01
2.010184900447345435e-01 3.315021800371172889e-01 1.670006347544590042e-01 3.004786951636892467e-01
2.335427823098776834e-01 2.883399674411984415e-01 1.565118348024564510e-01 3.216054154464673132e-01
2.742404238936425043e-01 2.533094869234125412e-01 1.487542995323060668e-01 3.236957896506387766e-01
3.272326972425956826e-01 2.249916211346774941e-01 1.414708952305051004e-01 3.063047863922218617e-01
9.306250295776004322e-02 7.899587105035832391e-01 1.046388875897486526e-01 1.233989894890804261e-02
4.271084306933158048e-02 8.664162222801227164e-01 8.267616507936054182e-02 8.196769571185274009e-03
1.768661018565521534e-02 9.137856812833219378e-01 6.338605757392633266e-02 5.141650957096662554e-03
7.502203085935557104e-03 9.389094217156944699e-01 5.014613159348869920e-02 3.442243604881518784e-03
3.599687106975795262e-03 9.511309873403103188e-01 4.259576443775682508e-02 2.673561114957222207e-03
2.002233184584939311e-03 9.563892523342947261e-01 3.918023200341824719e-02 2.428282477702074435e-03
1.283293592588996123e-03 9.577762523677016970e-01 3.847332307565645704e-02 2.467130964053093536e-03
9.210734281970686319e-04 9.567327924826320995e-01 3.969696476862235451e-02 2.649169320548215405e-03
7.111550567156893184e-04 9.539013040640291763e-01 4.251423800223077393e-02 2.873302877024276440e-03
5.778182350872333338e-04 9.490911642000291470e-01 4.724615277211449693e-02 3.084864792769250949e-03
5.034341973767940317e-04 9.405115940657108320e-01 5.565108780263681998e-02 3.333883934275142218e-03
4.897669088922896501e-04 9.244885318674652686e-01 7.122893553856939064e-02 3.792765685073020039e-03
5.489315233482169832e-04 8.962502450509901575e-01 9.847751732849348294e-02 4.723306097167993302e-03
6.996902764444417645e-04 8.537019010644593120e-01 1.393021643989670044e-01 6.296244260129077452e-03
9.541323809015321089e-04 8.034388369652057937e-01 1.871321518756580149e-01 8.474878778234671076e-03
7.051203516561193154e-04 7.592923382113022646e-01 2.285691685279682417e-01 1.143337290907356710e-02
7.429780557713046079e-04 7.294335734104765434e-01 2.540094794083121443e-01 1.581396912544031849e-02
8.176853942133970217e-04 7.142119769634631687e-01 2.623382212329637975e-01 2.263211640935973781e-02
9.520440213194235292e-04 7.088375077719167860e-01 2.568832240635298692e-01 3.332722414323400356e-02
1.169293073682408550e-03 7.071830018161990861e-01 2.419080086315366362e-01 4.973969647858210441e-02
1.507343682732279313e-03 7.025430433480163162e-01 2.219256874723820605e-01 7.402392549686948042e-02
2.429517313454894814e-03 6.910992101638724350e-01 1.994442875355588729e-01 1.070269849871138268e-01
2.684341986380501394e-03 6.766803400481707920e-01 1.746135688832258781e-01 1.460217490822229292e-01
3.465319258431542784e-03 6.641228861341440526e-01 1.456759154495129160e-01 1.867358791579116217e-01
4.165490407104408335e-03 6.553460853768765526e-01 1.138851705612709125e-01 2.266032536547482046e-01
4.526744746466044439e-03 6.531701102420706118e-01 8.235375617280087102e-02 2.599493888386619211e-01
4.460442030305738180e-03 6.631533520399163217e-01 5.580494628643629246e-02 2.765812596433417925e-01
4.165100114171000484e-03 6.914261199696347671e-01 3.716380956785950151e-02 2.672449703483344430e-01
4.202812264932341904e-03 7.363534324439779954e-01 2.570945988345937558e-02 2.337342954076304935e-01
4.001656826697497053e-03 7.850808271804305960e-01 2.006014020447853541e-02 1.908573757883934852e-01
4.207724121393852795e-03 8.251592895554351603e-01 1.769795897516856370e-02 1.529350273480025446e-01
4.952099227757950257e-03 8.513364344104802361e-01 1.766426103403289163e-02 1.260472053277289783e-01
7.020641440783007524e-03 8.620877508348979701e-01 2.012116358159224058e-02 1.107704441427267705e-01
9.741860589144906227e-03 8.591025480721399266e-01 2.547161317970298919e-02 1.056839781590119404e-01
1.336992566344945461e-02 8.434259025932261400e-01 3.379387906502757943e-02 1.094102926782968555e-01
1.742996043402360307e-02 8.162618209502834343e-01 4.447115212823823938e-02 1.218370664874550563e-01
2.142786529190036926e-02 7.784468849243335598e-01 5.660733801815368699e-02 1.435179117656122383e-01
2.507413649557196922e-02 7.320862512770585084e-01 6.980886447435435960e-02 1.730307477530151627e-01
2.819951244270668331e-02 6.832360144165142701e-01 8.443216654630014695e-02 2.041323065944789794e-01
3.071761642019671043e-02 6.373283116910450907e-01 1.010865901012620444e-01 2.308674817874959428e-01
3.278017124480665789e-02 5.913702531354304570e-01 1.205436125060145580e-01 2.553059631137484797e-01
3.424536303903201462e-02 5.384855348342465486e-01 1.425868189016225307e-01 2.846822832250989754e-01
3.442880444830781483e-02 4.745520687058836229e-01 1.650644990197726869e-01 3.259546278260356256e-01
3.273144793418462928e-02 3.969380263652176333e-01 1.845883622246863864e-01 3.857421634759113926e-01
2.899279043416728638e-02 3.070019311088723613e-01 1.950178848771293438e-01 4.689873935798312132e-01
2.375196973389056068e-02 2.173216285369461431e-01 1.881570409895786111e-01 5.707693607395849522e-01
1.833250635576989460e-02 1.446237679866160253e-01 1.636550109755636195e-01 6.733887146820505265e-01
1.393690421087276886e-02 9.530187097189131429e-02 1.326733944151229916e-01 7.580878304021130276e-01
1.096490763877763265e-02 6.510130358074756041e-02 1.067747920957149016e-01 8.171589966847602193e-01
9.334154597875558845e-03 4.748471868315859434e-02 9.087520716539952692e-02 8.523059195535662713e-01
8.727347332020513396e-03 3.716185927924287036e-02 8.367453312698361345e-02 8.704362602617530253e-01
8.696568280945641757e-03 3.030986185414028672e-02 8.109568164687835923e-02 8.798978882180356065e-01
8.810361349825497623e-03 2.462420338933063446e-02 7.901602130072242491e-02 8.875494139601214361e-01
8.768483622026710181e-03 1.925831520513623593e-02 7.477486582063727627e-02 8.971983353521996163e-01
8.468283345827146494e-03 1.446301532138992603e-02 6.819799397544910879e-02 9.088707073573337736e-01
8.082976883103509119e-03 1.073064606712503290e-02 6.175525980466103210e-02 9.194311172451106184e-01
8.106393846138293044e-03 8.225918604519016908e-03 5.915753806368748147e-02 9.245101494856552415e-01
9.013428639857835531e-03 6.759429346485450532e-03 6.286083683891188767e-02 9.213663051747448263e-01
1.096104060839011955e-02 5.929588493802799391e-03 7.364722176041628432e-02 9.094621491373907629e-01
1.415595020001373175e-02 5.484683541062490564e-03 9.360618852379117005e-02 8.867531777351325140e-01
1.903501519097309733e-02 5.327070889183627492e-03 1.265234127161661282e-01 8.491145012036768192e-01
2.563518668340479881e-02 5.326352142031890932e-03 1.748390659688574544e-01 7.941993952057060380e-01
3.277966599485876431e-02 5.363570534008712913e-03 2.360791092553821968e-01 7.257776542157505784e-01
3.819676670499799753e-02 5.420130321308878375e-03 3.000450706968463277e-01 6.563380322768468389e-01
3.953328891048502047e-02 5.484452462106624571e-03 3.522646001000575566e-01 6.027176585273504861e-01
3.612134605124453501e-02 5.463262681205496504e-03 3.835710071309767488e-01 5.748443841365734608e-01
2.991923291915651525e-02 5.293056163160363668e-03 3.898444196928304017e-01 5.749432912248528815e-01
2.313911035866315219e-02 4.871920252541827798e-03 3.687141894989809376e-01 6.032747798898140390e-01
1.890498357373693664e-02 4.384080259567328837e-03 3.240942908060774341e-01 6.526166453606180307e-01
1.737502477802194828e-02 3.932571765201258417e-03 2.736028612352145450e-01 7.050895422215621711e-01
1.906577903610501279e-02 3.790197113597651608e-03 2.365560984990991988e-01 7.405879253511981064e-01
2.267311822969080015e-02 3.861503551157911916e-03 2.185311410319463188e-01 7.549342371872046487e-01
2.989967381491183407e-02 4.329654578812202649e-03 2.154618456463971432e-01 7.503088259598788001e-01
4.403105499439755738e-02 5.430266712980404316e-03 2.214563839639200893e-01 7.290822943287018632e-01
6.879875542389445042e-02 7.285194389372065017e-03 2.232864592192903841e-01 7.006295909674431499e-01
1.041822640579085774e-01 9.642140892536505206e-03 2.129587780809666375e-01 6.732168169685888159e-01
1.498486708841352821e-01 1.213009933705990785e-02 1.916923709472088400e-01 6.463288588315958538e-01
2.036398949780285350e-01 1.432321901203408368e-02 1.645783549496818154e-01 6.174585310602552779e-01
2.622780389742201956e-01 1.599160952109593067e-02 1.383216631541585862e-01 5.834086883505252841e-01
3.268306529525509263e-01 1.760895496209890707e-02 1.133453716100279451e-01 5.422150204753219960e-01
3.899014455013969926e-01 1.984098397448602960e-02 9.079392319004295220e-02 4.994636473340742233e-01
4.353915382444462634e-01 2.294825005342879948e-02 7.260493559456550339e-02 4.690552761075592603e-01
4.530203045427850239e-01 2.680609393875823393e-02 6.117977034954875937e-02 4.589938311689079620e-01
4.469190691916357649e-01 3.131683805578946989e-02 5.700464980734100406e-02 4.647594429452334697e-01
4.270743975306522389e-01 3.624824125442357992e-02 5.845204962869331861e-02 4.782253115862308834e-01
4.000123607864374264e-01 4.083176931447390218e-02 6.260551408888895275e-02 4.965503558101999060e-01
3.654207573202830628e-01 4.404498379731551505e-02 6.594884168958579929e-02 5.245854171928153731e-01
3.200969824553464016e-01 4.482051482213571941e-02 6.556599176867183854e-02 5.695165109538458115e-01
2.674786282038025265e-01 4.303129565935066847e-02 6.142937879895339626e-02 6.280606973378936031e-01
