7.717622614993847885e-02 5.224136091952057415e-01 3.968805864471304790e-01 3.529578207725099937e-03
6.493292636963932107e-02 8.287584121695884543e-01 4.327237704397875889e-02 6.303628441679336170e-02
7.500644737722826638e-02 8.265482784798302562e-01 4.299105972957849298e-02 5.545421441336308849e-02
8.019705054510650744e-02 8.282405672125512375e-01 4.359434721460177242e-02 4.796803502774055206e-02
7.532297031688846289e-02 8.378270095566422437e-01 4.588007276023796377e-02 4.096994736623134348e-02
6.184811155111559489e-02 8.539193138917445802e-01 5.000363547407996739e-02 3.422893908305988525e-02
4.609414311276598814e-02 8.709037323694552857e-01 5.555895775756657107e-02 2.744316676021217594e-02
3.249815261744399414e-02 8.847317474159693829e-01 6.216503419084327270e-02 2.060506577574336765e-02
2.221563247172537656e-02 8.939366817787478547e-01 6.961888008545931428e-02 1.422880566406745442e-02
1.485367872534679515e-02 8.957167519028300662e-01 8.022404093791601909e-02 9.205528433907343364e-03
1.089545103032832016e-02 8.831039048775555234e-01 9.993219179668512420e-02 6.068452295431134638e-03
8.884592908530183561e-03 8.458167214353329300e-01 1.410005318788172257e-01 4.298153777319773522e-03
7.968385233443469121e-03 7.690270485204759865e-01 2.197017440261287147e-01 3.302822219951875252e-03
6.039763538052552241e-03 6.465895185905137232e-01 3.448181537987188849e-01 2.552564072715098054e-03
4.453914891896382927e-03 4.965896231173628217e-01 4.969057292256007785e-01 2.050732765140030750e-03
3.270967714420443002e-03 3.631310803459916747e-01 6.318522444477798761e-01 1.745707491807852460e-03
2.533442090710156299e-03 2.750856572550804957e-01 7.207454274138714867e-01 1.635473240337665269e-03
2.268175711644437702e-03 2.310566750169526229e-01 7.649391485253368428e-01 1.736000746066270308e-03
2.475002166438661048e-03 2.173256743376216771e-01 7.781325844357852572e-01 2.066739060154420670e-03
3.221790013085758589e-03 2.203222344585166192e-01 7.738235590282694920e-01 2.632416500128019997e-03
4.667691181275235128e-03 2.293687835079715465e-01 7.625874834631699573e-01 3.376041847583325338e-03
7.013498490908130073e-03 2.381144773488384214e-01 7.506853671594305721e-01 4.186657000822728916e-03
1.043120612173578307e-02 2.451173055900300879e-01 7.394747649045325666e-01 4.976723383701648316e-03
1.466740819664498485e-02 2.508618173128767670e-01 7.288472920315827164e-01 5.623482458895255089e-03
1.851728785533869950e-02 2.554311479015128339e-01 7.201536536297349356e-01 5.897910613413625582e-03
2.098036687296531144e-02 2.610260171253528938e-01 7.122171744096207346e-01 5.776441592061015880e-03
2.318091285650344252e-02 2.719862265081935404e-01 6.991715722930359478e-01 5.661288342267110051e-03
2.732016884625329892e-02 2.887691532865558353e-01 6.780066737895910078e-01 5.904004077599697524e-03
3.493532215614279096e-02 3.083855333674264676e-01 6.501624182362877313e-01 6.516726240142869594e-03
4.658293291328326202e-02 3.266698518034421017e-01 6.194475165131825278e-01 7.299698770092220325e-03
6.133809263835338782e-02 3.392560076668049152e-01 5.913817421290685772e-01 8.024157565772722586e-03
7.652516706568236737e-02 3.444752556245850306e-01 5.704597287906850722e-01 8.539848519047410144e-03
8.872516305840821849e-02 3.452827714421917160e-01 5.572040820620114410e-01 8.787983437388574223e-03
9.531709617051634109e-02 3.480705444514020086e-01 5.478030811641398934e-01 8.809278213941975494e-03
9.548661903514005234e-02 3.596971136610933595e-01 5.360590523429906717e-01 8.757214960775968476e-03
9.135671196112632453e-02 3.857815646686046374e-01 5.138387694784057880e-01 9.022953891863035036e-03
8.601924956471256045e-02 4.284290541885312220e-01 4.753510495490148036e-01 1.020064669774090049e-02
7.983570863288659558e-02 4.836083284732172194e-01 4.237698818228682884e-01 1.278608107102787404e-02
7.202100841771495732e-02 5.429366102379827863e-01 3.679743989173283603e-01 1.706798242697396897e-02
6.384999175130397220e-02 5.972840595491685223e-01 3.155224036116889841e-01 2.334354508783848328e-02
5.686368099971578216e-02 6.414818799247683501e-01 2.698796670843910395e-01 3.177477199112452300e-02
5.057351458200436828e-02 6.778159509674932526e-01 2.303418597241468635e-01 4.126867472635560585e-02
4.390086209169783565e-02 7.135358010669748952e-01 1.926954418195064023e-01 4.986789502182088080e-02
3.683555415110240788e-02 7.512133091875340396e-01 1.548998775509787540e-01 5.705125911038487485e-02
3.035192111168331930e-02 7.860712307071499039e-01 1.200321919457807002e-01 6.354465623538592400e-02
2.435727834697772043e-02 8.149688025958132798e-01 9.214432470444890166e-02 6.852959435276007039e-02
2.018317448854493185e-02 8.381587521578757194e-01 7.211063133967933469e-02 6.954744201390022917e-02
1.619081671965652905e-02 8.620451097887765757e-01 5.741232603243693472e-02 6.435174745912995709e-02
1.321044807355537844e-02 8.861299423095875261e-01 4.737410294385242110e-02 5.328550667300491206e-02
1.129868631446630418e-02 9.075981703040937321e-01 4.187222917245131404e-02 3.923091420898860981e-02
1.021980345638053532e-02 9.230471224197652758e-01 4.083879335804836697e-02 2.589428076580581675e-02
9.542311213185208571e-03 9.309431412112915138e-01 4.396421863715033185e-02 1.555032893837282430e-02
9.412041954496947957e-03 9.302457920361119070e-01 5.150044463895142588e-02 8.841721370440145875e-03
1.034770174393577838e-02 9.195430291799800981e-01 6.493906325329949769e-02 5.170205822784772372e-03
1.288341829527611150e-02 8.972324313524064898e-01 8.650337725553268464e-02 3.380773096784626865e-03
1.865575173501320475e-02 8.607556166994839719e-01 1.179582493605016297e-01 2.630382205001340241e-03
2.842718452330964332e-02 8.074336659747598510e-01 1.616655230668505028e-01 2.473626435080050583e-03
4.584970633011527241e-02 7.285524827211434795e-01 2.227333525863444963e-01 2.864458362396896628e-03
7.150114533424185848e-02 6.174739221731909700e-01 3.071654684945813174e-01 3.859463997985975586e-03
9.642798589847105528e-02 4.847694218554128298e-01 4.134891917080402712e-01 5.313400538075773415e-03
1.079057701561986216e-01 3.632531125126757798e-01 5.222322227549233142e-01 6.608894576202381521e-03
1.071884949257828901e-01 2.778582162760792063e-01 6.072449868777498594e-01 7.708301920387975771e-03
1.046208591251991116e-01 2.282498440356542646e-01 6.577534063801752096e-01 9.375890458971367428e-03
1.067305470098389164e-01 2.034269133241624339e-01 6.774854841829696106e-01 1.235705548302895411e-02
1.149511681573073540e-01 1.930772267287028388e-01 6.749005191330885722e-01 1.707108598090105109e-02
1.278850703254667265e-01 1.915183342067621475e-01 6.568408367841690465e-01 2.375575868360208301e-02
1.412295314336493579e-01 1.977773252582175900e-01 6.282298960819322486e-01 3.276324722620069241e-02
1.471946728582427533e-01 2.120234119132735073e-01 5.967469697854898003e-01 4.403494544299382113e-02
1.434761493737141957e-01 2.293715444278595639e-01 5.704916718784436291e-01 5.666063431998318023e-02
1.309353692097569577e-01 2.469929677707012050e-01 5.527390174010184953e-01 6.933264561852334196e-02
1.149870736120518350e-01 2.630247594203828365e-01 5.408888943100078617e-01 8.109927265755730030e-02
9.993681970305867690e-02 2.777873965733151929e-01 5.306375199766744100e-01 9.163826374695119292e-02
4.408817622729209115e-03 8.124600444235137164e-01 3.155878779259446709e-02 1.515723501611627722e-01
5.641763948592277804e-03 6.431796076182753064e-01 2.471059712612745096e-01 1.040726571718578047e-01
5.742934059413620611e-03 5.941769727852804772e-01 2.141377053559299637e-01 1.859423877993758023e-01
6.842498929045655320e-03 4.970895819459462128e-01 1.757758092823752949e-01 3.202921098426328439e-01
8.172966144329850413e-03 3.702871411418106051e-01 1.324282459917274224e-01 4.891116467221322539e-01
9.886937368189227526e-03 2.580544492600977957e-01 9.379856930664551284e-02 6.382600440650673113e-01
1.228592771149216584e-02 1.832492632504013341e-01 6.879565509106252974e-02 7.356691539470440189e-01
1.520410245939450913e-02 1.402988173572833064e-01 5.531918544466968291e-02 7.891778947386522969e-01
1.799788635680544049e-02 1.173377270659156230e-01 4.738500220291733817e-02 8.172793843743617614e-01
1.982438292297573554e-02 1.057466143958505078e-01 4.056111179840583836e-02 8.338678908827680258e-01
2.034657118351526628e-02 1.002246543245274846e-01 3.328552025415031784e-02 8.461432542378068966e-01
2.014789479550315246e-02 9.833580250132026301e-02 2.628357758323308230e-02 8.552327251199436375e-01
2.067131652930263505e-02 1.001856019622223010e-01 2.119461618860742774e-02 8.579484653198676813e-01
2.402736652587434893e-02 1.067617027567115823e-01 1.906399566715826291e-02 8.501469350502562916e-01
3.296963656342931370e-02 1.174877011603370908e-01 1.995643512958029248e-02 8.295862271466531990e-01
5.115796412079314653e-02 1.302306592564601850e-01 2.370537668744069487e-02 7.949059999353059736e-01
8.289909348197847805e-02 1.450925785837183513e-01 3.092993075148083720e-02 7.410783971828226457e-01
1.285061302434059860e-01 1.650147843465809006e-01 4.337837092991474880e-02 6.631007144800982189e-01
1.768988809078021196e-01 1.936657107369411934e-01 6.401717730421582764e-02 5.654182310510403875e-01
2.077844720295219383e-01 2.338758077264616597e-01 9.750125073616834614e-02 4.608384695078479032e-01
2.072201283274640871e-01 2.830711514173254173e-01 1.492039008412169576e-01 3.605048194139938711e-01
1.810614109463132282e-01 3.265297921695577976e-01 2.189197756161276320e-01 2.734890212680012866e-01
1.490913327768777219e-01 3.455203559975548733e-01 2.981327520539055476e-01 2.072555591716617185e-01
1.259895518046534602e-01 3.331024604751204321e-01 3.796860086346363627e-01 1.612219790855899393e-01
1.130819075234160975e-01 2.953821647600143874e-01 4.634361890971874787e-01 1.280997386193819532e-01
1.068071352125992829e-01 2.409272413823448367e-01 5.520174059746717488e-01 1.002482174303838819e-01
9.887533274496958235e-02 1.801505016868334697e-01 6.470809839697702071e-01 7.389318159842674094e-02
8.637180581900699705e-02 1.229294447394214951e-01 7.410395545958678998e-01 4.965919484570344850e-02
6.968440637103123780e-02 7.968519390359311838e-02 8.202757716910676900e-01 3.035462803430806142e-02
5.579141645449524345e-02 5.272462222519629094e-02 8.738196113185977554e-01 1.766435000171054370e-02
4.878758293341593777e-02 3.910537637041028997e-02 9.015012705628181466e-01 1.060577013335560308e-02
4.890751719664912511e-02 3.382067952711022979e-02 9.102678947321957148e-01 7.003908544044969327e-03
5.407336663014697398e-02 3.232133700095631001e-02 9.085560885415283616e-01 5.049207827368505305e-03
6.160113146726851896e-02 3.159838200524499319e-02 9.029603269832195966e-01 3.840159544266752000e-03
6.978226175711935153e-02 3.146410054950626867e-02 8.956650813540822931e-01 3.088556339292019941e-03
8.090108948679097800e-02 3.027836712456001902e-02 8.861209141494774677e-01 2.699629239171501011e-03
9.615472200817561099e-02 3.023749128495809013e-02 8.709935690860988178e-01 2.614217620767556125e-03
1.175822317078985130e-01 3.329283460414251411e-02 8.462854932241052897e-01 2.839440463853863238e-03
1.476443925166366355e-01 4.440529623131272280e-02 8.044121044169235679e-01 3.538206835126859930e-03
1.880762313329407687e-01 7.071823252785085223e-02 7.360188904024645984e-01 5.186645736743815405e-03
2.474276177345651473e-01 1.259098407185129109e-01 6.172233655016630127e-01 9.439176045259144165e-03
3.466775764251515679e-01 1.977168382115937761e-01 4.369324719095532550e-01 1.867311345370142525e-02
4.800189872885132214e-01 2.273066468814347318e-01 2.647664422715650945e-01 2.790792355848707371e-02
5.934551579415904277e-01 2.163058111431726827e-01 1.584764216033491546e-01 3.176260931188754771e-02
6.355855906135734479e-01 2.218102139384233729e-01 1.048478155929189748e-01 3.775637985508371874e-02
5.930003322779715536e-01 2.723418271521307332e-01 8.293005079733703488e-02 5.172778977256026894e-02
4.743666303036943588e-01 3.771710858406086553e-01 7.581781482024942120e-02 7.264446903544780065e-02
3.264585074976542045e-01 5.160337700515668091e-01 6.771565640591858948e-02 8.979206604486003607e-02
2.177306611154401494e-01 6.301753018961653297e-01 5.547969331267764426e-02 9.661434367571677950e-02
1.753819735431931814e-01 6.703425832764297043e-01 4.758893013429099650e-02 1.066865130460857153e-01
1.881120644467449976e-01 6.291064021051362420e-01 4.756122571249095377e-02 1.352203077356280148e-01
2.349345782276182903e-01 5.272833459214676388e-01 5.149478840703846511e-02 1.862872874438753767e-01
2.835798804995786071e-01 4.146181759369158559e-01 5.558481674179907572e-02 2.462171268217068221e-01
3.158221793004209466e-01 3.317453990510095818e-01 6.182437651635376563e-02 2.906080451322158309e-01
3.364914480822744358e-01 2.852018920564278748e-01 7.385592977435585793e-02 3.044507300869416788e-01
3.552713495365212859e-01 2.619715388624077046e-01 9.216756324426685076e-02 2.905895483568043947e-01
3.682575075196467540e-01 2.525598473734453342e-01 1.158511134778950902e-01 2.633315316290125163e-01
3.679886240830362309e-01 2.508446023492634791e-01 1.440200277265994144e-01 2.371467458411010421e-01
3.514927041539533392e-01 2.515811608877860928e-01 1.766979415047383040e-01 2.202281934535221253e-01
3.222913325509931259e-01 2.492235951754100398e-01 2.141810471110154324e-01 2.143040251625815129e-01
2.882906277053343680e-01 2.399451321485210620e-01 2.557814816850750295e-01 2.159827584610695128e-01
2.565586563966421041e-01 2.231979249431961521e-01 3.014689575687728995e-01 2.187744610913888998e-01
2.257666808351311560e-01 2.064592279863725344e-01 3.503277697325556939e-01 2.174463214459406435e-01
1.946994221892256460e-01 1.954054319554571484e-01 3.995922942440236492e-01 2.103028516112930291e-01
1.607544539529745520e-01 1.945269741731152358e-01 4.476495311834868818e-01 1.970690406904233027e-01
1.223483857248268414e-01 2.025899892915388467e-01 4.999207196537099884e-01 1.751409053299242402e-01
8.525980679909531124e-02 2.091304565740260135e-01 5.632552424895947984e-01 1.423544941372840711e-01
5.545161246097272262e-02 2.051107267972051007e-01 6.324588476069938903e-01 1.069788131348282934e-01
3.648036859650789082e-02 1.904258506993393441e-01 6.929866379619797900e-01 8.010714274217323183e-02
2.461463822534921964e-02 1.705830007622775035e-01 7.420742518399742194e-01 6.272810917239915462e-02
1.733811619799969367e-02 1.482524668757644881e-01 7.832975051335495653e-01 5.111191179268621126e-02
1.275199193792424072e-02 1.250423339217422158e-01 8.197905312287493418e-01 4.241514291158426930e-02
4.237484278130482229e-02 1.609212188360914508e-01 6.537037694095264584e-01 1.430001689730772407e-01
1.811304120127669309e-02 4.649492253127386898e-01 3.433132161921316206e-01 1.736245172938532810e-01
1.621026817582761279e-02 4.769614671186181432e-01 3.643724057817561701e-01 1.424558589237980843e-01
1.513034712980500761e-02 4.731589477582819891e-01 3.935056906720065251e-01 1.182050144399063168e-01
1.436495192833220184e-02 4.575162684863098295e-01 4.289046230043833674e-01 9.921415658097447465e-02
1.345848370137874180e-02 4.394402071838335866e-01 4.629053726516930145e-01 8.419593646309471435e-02
1.238260058141548749e-02 4.297155370845779920e-01 4.849965130012254266e-01 7.290534933278097762e-02
1.129972969049465419e-02 4.343293561046256412e-01 4.891910441983822744e-01 6.517987000649737295e-02
1.026126197942117853e-02 4.516761793285312687e-01 4.779908388334806468e-01 6.007171985856731011e-02
9.292328421631359039e-03 4.761574678671391392e-01 4.576716079630969713e-01 5.687859574813253910e-02
8.450223118103016712e-03 5.015717852945370536e-01 4.341509138637604237e-01 5.582707772359932902e-02
7.821747270833883520e-03 5.224753770483564486e-01 4.119177072888151048e-01 5.778516839199435151e-02
7.552735532476742911e-03 5.354979231678118623e-01 3.931570394742914809e-01 6.379230182542018623e-02
7.724497658795253900e-03 5.397847550839224295e-01 3.782955456229429858e-01 7.419520163433955540e-02
8.337048447189876824e-03 5.356323281656705237e-01 3.676531060088713554e-01 8.837751737826841925e-02
9.326765968153499092e-03 5.242186526805993063e-01 3.613480742931635126e-01 1.051065070580837202e-01
1.047051194960601887e-02 5.097979749310485031e-01 3.570610996095536782e-01 1.226704135097919784e-01
1.137344714194158356e-02 4.990665944655598985e-01 3.500747790506280044e-01 1.394851793418705188e-01
1.167583794898160825e-02 4.966099416777446374e-01 3.374860277461397828e-01 1.542281926271340808e-01
1.144183545140281880e-02 5.012088133131357148e-01 3.209317117434921651e-01 1.664176394919693047e-01
1.100437738019660258e-02 5.072395589617723077e-01 3.040298927656365224e-01 1.777261708923945083e-01
1.054942651414712308e-02 5.095676670978845912e-01 2.878243681006855681e-01 1.920585382872826985e-01
1.007403169984193853e-02 5.049289324833198256e-01 2.715535755194886658e-01 2.134434602973497297e-01
9.588683697451307400e-03 4.897012509663796198e-01 2.555135805667168025e-01 2.451964847694521332e-01
9.227558786496005763e-03 4.622262181739011933e-01 2.410939384282547726e-01 2.874522846113480856e-01
9.213947675703973786e-03 4.278347347994049255e-01 2.308863261209536943e-01 3.320649914039373596e-01
9.820569544547073579e-03 3.969096444928270073e-01 2.276739798931182168e-01 3.655958060695075340e-01
1.116769090350771057e-02 3.762650702986227169e-01 2.319547927494165496e-01 3.806124460484530680e-01
1.308995197440259405e-02 3.657092795905944049e-01 2.408117154565080631e-01 3.803890529784952346e-01
1.518560813127636105e-02 3.604775126695979881e-01 2.493674008436945477e-01 3.749694783554313182e-01
1.709567903304026748e-02 3.584493025044880876e-01 2.533727017039441032e-01 3.710823167585277083e-01
1.864607297601481722e-02 3.633941575166648175e-01 2.491382074642188860e-01 3.688215620431015696e-01
1.981981333954323590e-02 3.806675997610301510e-01 2.349093154922981264e-01 3.646032714071280600e-01
2.060533841201631772e-02 4.126589086305584297e-01 2.122505919787753825e-01 3.544851609786496827e-01
2.067923671057569565e-02 4.574018701493451355e-01 1.845984739247527318e-01 3.373204192153263503e-01
1.951706065645602770e-02 5.120235479580271809e-01 1.558209344988157330e-01 3.126384568867011104e-01
1.723471317608982895e-02 5.767386265739581352e-01 1.293283064803303073e-01 2.766983537696219853e-01
1.462664743979115445e-02 6.500315250542610945e-01 1.064626273525153405e-01 2.288792001534323273e-01
1.236234617319273421e-02 7.225718556968204753e-01 8.668000789041925558e-02 1.783857902395675210e-01
1.017299516552396844e-02 7.816151908697802630e-01 7.048847599873118985e-02 1.377233379659648094e-01
8.842439263065861310e-03 8.238166737631412717e-01 5.533838300329134430e-02 1.120025039705013353e-01
8.125039549341938824e-03 8.507037252228140112e-01 4.164433424357497082e-02 9.952690098426894560e-02
7.094207745198840946e-03 8.639039942870063715e-01 3.074391537036901684e-02 9.825788259742589126e-02
6.331323855894027339e-03 8.617514906946559528e-01 2.248526274958937907e-02 1.094319226998605177e-01
5.499718841969709025e-03 8.414645814705704607e-01 1.666708828567534800e-02 1.363686114017844675e-01
5.798220622341976327e-03 7.962140208331630609e-01 1.275575240283734896e-02 1.852320061416578012e-01
5.966352151485608199e-03 7.123504771315345430e-01 1.031418063160195395e-02 2.713689900853780701e-01
6.426157438552241447e-03 5.757255755794423724e-01 8.346855229089282513e-03 4.095014117529160447e-01
6.662416377889778495e-03 4.030465532555776997e-01 6.423064505166421745e-03 5.838679658613659118e-01
6.178553192506327542e-03 2.462149452103545855e-01 4.588284080918661294e-03 7.430182175162205471e-01
5.350605773024698537e-03 1.391520912492884565e-01 3.188974320510911883e-03 8.523083286571759842e-01
4.928073702339316742e-03 7.563372115915188709e-02 2.205741296921913484e-03 9.172324638415869646e-01
3.815746333200927855e-03 4.052240306610713216e-02 1.592166926466942554e-03 9.540696836742251774e-01
3.174813889356215696e-03 2.141701339887347455e-02 1.132797120782933192e-03 9.742753755909872027e-01
2.018720279329597970e-03 1.174608975958609837e-02 7.615694696737980354e-04 9.854736204914102959e-01
1.822937506120941116e-03 6.938595050437682335e-03 5.819802555766262226e-04 9.906564871878645873e-01
1.740566779984184477e-03 4.670977473827313958e-03 4.830927474881210036e-04 9.931053629987004472e-01
1.772114410652821624e-03 3.714585488165859581e-03 4.465595637507783914e-04 9.940667405374304932e-01
1.907090187145628378e-03 3.456517432872313177e-03 4.574296775732733956e-04 9.941789627024089082e-01
2.087443148586386275e-03 3.555100312076901487e-03 5.029467831730335785e-04 9.938545097561637398e-01
2.192471625672935426e-03 3.751392798195652030e-03 5.644473883385649031e-04 9.934916881877928763e-01
2.095681703474839425e-03 3.788630900815819803e-03 6.020766353645891746e-04 9.935136107603446121e-01
1.807391781748813242e-03 3.524889166846417992e-03 5.900323967167724884e-04 9.940776866546880974e-01
1.460996896770812336e-03 2.982140231869091513e-03 5.387137423228441618e-04 9.950181491290369662e-01
1.183749709627191643e-03 2.332207014220700775e-03 4.810704438629387542e-04 9.960029728322892240e-01
1.040227687472839195e-03 1.786309618498105626e-03 4.529846969099493169e-04 9.967204779971190476e-01
1.040743483967257986e-03 1.439751019510969844e-03 4.784436568550674081e-04 9.970410618396667868e-01
1.152242346426141833e-03 1.249122935633715332e-03 5.586065674994526069e-04 9.970400281504405715e-01
1.296417354117921413e-03 1.121032150113279984e-03 6.683652364364497120e-04 9.969141852593323971e-01
1.375957487494398283e-03 9.850628918836870033e-04 7.667113303004955034e-04 9.968722682903216059e-01
1.351796162425547131e-03 8.334297196067378104e-04 8.280674029914657577e-04 9.969867067149761342e-01
1.238018849392242974e-03 6.895065746481996794e-04 8.413409293425764103e-04 9.972311336466168630e-01
9.367645999674659163e-02 3.855938781432400875e-01 3.439814016291154464e-01 1.767482602308976802e-01
6.369973127755107489e-02 7.275742578948571904e-01 7.807613268704617637e-02 1.306498781405454612e-01
6.060258377331975005e-02 7.515796258824247733e-01 7.950871008706190957e-02 1.083090802571936295e-01
6.022300909355223636e-02 7.608285968965259327e-01 8.297104773837130076e-02 9.597734627155075915e-02
6.716547547190125644e-02 7.408074870447675098e-01 9.284046416070192154e-02 9.918657332262914572e-02
8.783212500808199041e-02 6.766599138244080436e-01 1.127787050574072802e-01 1.227292561101028384e-01
1.314931217363219107e-01 5.532290816771671116e-01 1.425335122207675442e-01 1.727442843657434057e-01
2.013609203994086161e-01 3.788375688311376721e-01 1.664237078895959843e-01 2.533778028798582271e-01
2.722025645596098387e-01 2.207672414980083320e-01 1.513965323010091069e-01 3.556336616413726115e-01
3.133381440145113772e-01 1.251544728512160864e-01 1.084244571325374829e-01 4.530829260017351090e-01
3.253427984986045907e-01 7.867171185629202868e-02 7.406510502453877987e-02 5.219203846205646702e-01
3.113036416429587616e-01 6.128255975506543413e-02 5.565576340329839167e-02 5.717580351986771836e-01
2.772587549129390538e-01 6.197866627745534512e-02 4.862271876777029406e-02 6.121398600418351821e-01
2.350179785076771388e-01 7.952248762547338423e-02 4.933730666789817171e-02 6.361222271989511734e-01
1.925639593490278689e-01 1.211592519648899413e-01 5.568412932473022769e-02 6.305926593613518927e-01
1.501306515485829329e-01 1.963888275375259840e-01 6.487393211595292308e-02 5.886065887979385902e-01
1.058744913347016148e-01 3.012121215858424295e-01 7.209296275198216752e-02 5.208204243274741074e-01
6.922352972672221605e-02 4.186523759568823722e-01 7.352535121491766967e-02 4.385987431014780058e-01
4.487071132662224376e-02 5.339918520554256531e-01 6.998310271411727068e-02 3.511543339038348810e-01
3.036708681821612132e-02 6.355123996379715701e-01 6.466141199655676963e-02 2.694591015472561080e-01
2.229030918802677591e-02 7.130110905373461261e-01 6.097376241563245980e-02 2.037248378589945896e-01
1.805420835662599477e-02 7.622287228737194553e-01 6.194617510506337382e-02 1.577708936645908500e-01
1.593250859569640687e-02 7.868032647526885803e-01 7.005655315322088794e-02 1.272076734983939306e-01
1.499228176192929189e-02 7.907007440600657411e-01 8.844195129410832579e-02 1.058650228838965424e-01
1.514307322237478347e-02 7.709919120826975725e-01 1.230681772221843134e-01 9.079683747274375216e-02
1.624224725183303145e-02 7.241191257437965545e-01 1.787617651344907410e-01 8.087686186987960713e-02
1.987185918931301531e-02 6.419962988018724781e-01 2.633533842395451297e-01 7.477845776926940469e-02
2.528660998086058528e-02 5.337490222056567868e-01 3.702217658286676150e-01 7.074260198481480133e-02
3.379089196726761668e-02 4.145821854751640112e-01 4.832079736009783355e-01 6.841894895659025866e-02
4.701288944114615648e-02 3.051483169144217911e-01 5.807990428378018155e-01 6.703975080663007735e-02
6.719457412155691034e-02 2.191953508295838016e-01 6.486361821083250767e-01 6.497389294053422526e-02
9.655002881376908985e-02 1.584974734140429109e-01 6.842837640738759220e-01 6.066873369831220913e-02
1.423963938204519941e-01 1.159928481591535193e-01 6.881975403454781981e-01 5.341321767491600397e-02
2.082260220949300744e-01 8.704275626525313780e-02 6.612093452092567825e-01 4.352187643056021349e-02
2.892124115024751196e-01 6.682030321174901866e-02 6.116521903074486621e-01 3.231509497832727590e-02
3.766252440599727747e-01 5.307271879533392162e-02 5.475754425137904224e-01 2.272659463090243026e-02
4.540515253315751676e-01 4.476020114062825850e-02 4.852061533902973789e-01 1.598212013749936503e-02
5.136698136080716237e-01 4.110934952663526654e-02 4.332015223274364724e-01 1.201931453785627830e-02
5.583628634992117146e-01 4.164216085883024748e-02 3.898714680000294752e-01 1.012350764192878824e-02
5.966993056674402274e-01 4.512571948314524767e-02 3.486883467205452170e-01 9.486628128869167495e-03
6.335801138460670501e-01 4.993751510826183182e-02 3.069020919725742869e-01 9.580279073096836448e-03
6.655445628772398425e-01 5.488584313114371754e-02 2.693319846813740370e-01 1.023760931024252432e-02
6.877436338338439592e-01 6.098973526448162735e-02 2.398244659633975151e-01 1.144216493827677691e-02
7.038269169427995298e-01 6.652200099085477103e-02 2.166587302337994181e-01 1.299235183254627245e-02
7.206809752932221702e-01 6.999906450682664982e-02 1.946341919265282272e-01 1.468576827342288685e-02
7.416965688224043118e-01 7.050035732897476370e-02 1.713417624836615916e-01 1.646131136495952024e-02
7.639462765340898631e-01 6.859182222443710453e-02 1.488609838566648524e-01 1.860091738480823195e-02
7.822647780597256073e-01 6.574486745275959221e-02 1.301770635777663443e-01 2.181329090974817170e-02
7.933894487800076112e-01 6.321358881747286829e-02 1.162814788702218327e-01 2.711548353229770517e-02
7.960997389088880771e-01 6.159755545076367467e-02 1.065570590609329765e-01 3.574564657941503576e-02
7.889914185313449124e-01 6.142146611716926136e-02 1.001142698519320168e-01 4.947284549955376087e-02
7.692662153626002031e-01 6.378357904973087911e-02 9.629421171851125505e-02 7.065599386915800972e-02
7.385269061532148127e-01 6.878884014550404324e-02 9.249021500814771923e-02 1.001940386931331611e-01
6.912109253026581523e-01 7.900863755589215831e-02 9.086555564908130322e-02 1.389148814923682751e-01
6.198803742459098043e-01 9.763424818557052409e-02 9.205078951054360137e-02 1.904345880579764172e-01
5.146220159537941985e-01 1.301744466071012851e-01 9.594000002678712558e-02 2.592635374123177239e-01
3.853090215996029522e-01 1.777111423368149257e-01 9.892215864733694408e-02 3.380576774162453724e-01
2.631934650622360095e-01 2.334408924009620523e-01 9.670979318859819485e-02 4.066558493482038683e-01
1.725820945803614448e-01 2.916290758038633801e-01 8.924554848412642738e-02 4.465432811316487061e-01
1.134130324232073828e-01 3.523247873973712752e-01 7.979794895632041918e-02 4.544642312231010894e-01
7.593947902527069249e-02 4.144596267604396811e-01 7.071745050145962497e-02 4.388834437128302235e-01
5.285132202598162576e-02 4.774028928043496101e-01 6.304803177941660508e-02 4.066977533902521036e-01
3.903052510989699075e-02 5.429461086349859356e-01 5.731921745669540935e-02 3.607041487984218309e-01
3.077827911275174064e-02 6.114920367607905582e-01 5.366822114040682018e-02 3.040614629860507456e-01
2.563246785539601350e-02 6.787970802802477666e-01 5.186879889991782844e-02 2.437016529644381868e-01
2.205083000300482252e-02 7.388977664826158476e-01 5.091788312970255137e-02 1.881335203846768445e-01
1.933439927312172180e-02 7.866302865550448553e-01 4.969529490699539642e-02 1.443400192648377489e-01
1.782989396028701948e-02 8.165357800766720464e-01 4.884748383557187962e-02 1.167868421274688151e-01
1.858553622505903363e-02 8.246781497912319958e-01 5.047074493600012951e-02 1.062655690477088827e-01
2.332065965689159720e-02 8.095978635083941333e-01 5.659257490987079642e-02 1.104889019248437854e-01
3.541173690852885553e-02 7.692132215240669035e-01 6.847378287239988537e-02 1.269012586950042654e-01
6.055659681107802145e-02 6.991418654349973449e-01 8.576068242537272790e-02 1.545408553285520514e-01
7.303761234619089437e-01 2.374471615691718662e-01 2.397384817528143072e-02 8.202866793637623999e-03
7.144946037907536907e-01 2.424704094205103466e-01 3.400319127418328230e-02 9.031795514552401136e-03
6.793689922413647109e-01 2.607645242259219454e-01 5.034456354337842748e-02 9.521919989334970066e-03
6.227774272064469097e-01 2.934036394720881957e-01 7.435387257363239299e-02 9.465060747832586621e-03
5.435002524386105538e-01 3.422876012858328543e-01 1.051889545717391711e-01 9.023191703817263001e-03
4.492230715926548990e-01 4.043778521445698382e-01 1.376666447327385689e-01 8.732431530036638412e-03
3.524599190546400251e-01 4.725318940519965816e-01 1.658521849215871535e-01 9.156001971775953527e-03
2.694944249986854778e-01 5.306101276862417171e-01 1.890490800474764754e-01 1.084636726759649790e-02
2.064880375493860221e-01 5.738399054382112840e-01 2.054341654346327761e-01 1.423789157777005134e-02
1.642414340483986657e-01 6.019976001471182281e-01 2.138100726713149657e-01 1.995089313316796009e-02
1.349653679094605374e-01 6.211491041188285100e-01 2.152149339138580697e-01 2.867059405785297652e-02
1.155347091838808266e-01 6.336456898367087698e-01 2.102327500858998943e-01 4.058685089351057873e-02
9.764665147774725940e-02 6.513996810088100720e-01 1.965397113716781385e-01 5.441395614176477297e-02
8.461372003978080703e-02 6.664546596350851004e-01 1.791939686638768237e-01 6.973765166125733828e-02
7.370539425457492411e-02 6.765549532678714062e-01 1.625166963466425085e-01 8.722295613091129995e-02
6.841355808218768653e-02 6.751846472981304359e-01 1.469864323900469671e-01 1.094153622296349521e-01
6.911982703600033640e-02 6.581859326136683119e-01 1.344724770464733321e-01 1.382217633038577420e-01
7.580441826338923939e-02 6.271570547311098309e-01 1.248322732219875747e-01 1.722062537835130080e-01
8.791067841759002410e-02 5.894628506182247873e-01 1.172145233994152241e-01 2.054119475647698811e-01
1.054048506899518678e-01 5.528400319876035640e-01 1.113245021938511353e-01 2.304306151285932525e-01
1.286749925345733736e-01 5.218227928310450459e-01 1.075715035220381199e-01 2.419307111123436271e-01
1.587041673440715284e-01 4.968011127825347484e-01 1.057253488754576060e-01 2.387693709979359369e-01
1.974092877089291265e-01 4.752985728126158382e-01 1.046642611476889251e-01 2.226278783307658327e-01
8.922302588283916036e-02 7.465306749717312007e-01 1.495472715036661737e-01 1.469902764176314949e-02
4.665903273866690848e-02 8.070226324119870176e-01 1.352657223369556905e-01 1.105261251239012671e-02
2.222219456313742278e-02 8.527388175836231321e-01 1.172078062910506951e-01 7.831181562188743034e-03
9.829263101275974995e-03 8.844296367425010796e-01 1.001223069043893771e-01 5.618793251833689717e-03
4.954230610523676324e-03 9.025844291279595533e-01 8.789397778775681624e-02 4.567362473759940290e-03
2.817563229906635321e-03 9.117550003562837624e-01 8.116542994567742253e-02 4.262006468132207085e-03
1.823544778658927343e-03 9.147835224102407459e-01 7.897866252612881222e-02 4.414270284971821834e-03
1.312933661861018318e-03 9.133369693821814517e-01 8.055782215684456626e-02 4.792274799112652799e-03
1.012676088865100722e-03 9.082735889861643930e-01 8.551408973118010404e-02 5.199645193790515887e-03
8.192432303962150081e-04 8.991558627648009727e-01 9.451236483202013483e-02 5.512529172782683513e-03
7.115725939230811226e-04 8.829700455617217614e-01 1.105378418437490129e-01 5.780540000606240562e-03
7.087081747901483432e-04 8.546358376252533029e-01 1.384165458335678278e-01 6.238908366388656868e-03
8.732061496919080266e-04 8.100726194897390764e-01 1.818319941912716620e-01 7.222180169297623582e-03
6.516546966571763830e-04 7.521159057603470366e-01 2.383255808191489800e-01 8.906858723846706669e-03
6.531781433286736093e-04 6.906790589777194178e-01 2.973266171583898720e-01 1.134114572056234109e-02
6.484736617824414517e-04 6.395735142797157602e-01 3.447866635105518163e-01 1.499134854795028393e-02
6.698921225327553750e-04 6.081773016626974560e-01 3.701731555995367295e-01 2.097965061523311345e-02
7.425713705025996586e-04 5.968603080288140683e-01 3.711142324952433902e-01 3.128288810543942283e-02
8.965271803490639608e-04 5.975539671929102070e-01 3.522827723514379561e-01 4.926673327530271124e-02
1.194292994918878413e-03 5.967078777980546755e-01 3.217246434108371189e-01 8.037318579618918379e-02
1.739535126423100240e-03 5.776863796215313540e-01 2.882818327937961000e-01 1.322922524582495762e-01
2.523523232306773383e-03 5.313044881067027214e-01 2.560706005163116972e-01 2.101013881446785470e-01
3.274687270127344622e-03 4.689520461066603585e-01 2.210592883471712011e-01 3.067139782760410771e-01
3.757587929013631815e-03 4.095267203954363056e-01 1.799578655585750142e-01 4.067578261169749188e-01
3.919484953624758142e-03 3.627173241079504340e-01 1.367629949559800717e-01 4.966001959824448142e-01
3.787710347756357687e-03 3.344812514519551749e-01 9.884157035004859093e-02 5.628894678502400772e-01
3.509605913932328965e-03 3.308528292961251394e-01 7.142358926944035458e-02 5.942139755205017027e-01
3.303625889869634714e-03 3.571138112684894561e-01 5.497129970535365867e-02 5.846112631362871959e-01
3.321036604509785412e-03 4.131824936870350240e-01 4.673607040651823336e-02 5.367603993019370856e-01
3.623031218162513743e-03 4.871092679311964657e-01 4.366045711479666497e-02 4.656072437358445004e-01
4.202068133548529649e-03 5.582713256716168582e-01 4.362110917935945603e-02 3.939054970154755031e-01
5.150679814118595476e-03 6.116922293167978975e-01 4.643661993890250278e-02 3.367204709301813148e-01
7.073909679590492140e-03 6.419659149471605986e-01 5.285797505430122473e-02 2.981022003189478520e-01
9.074339150064001866e-03 6.494666317878025064e-01 6.483030028252427523e-02 2.766287287796093119e-01
1.205182489679670378e-02 6.372934225858761792e-01 8.111452486182246790e-02 2.695402276555047827e-01
1.599855016255821022e-02 6.104333876193948072e-01 9.842707752453694336e-02 2.751409846935102266e-01
1.951560013640713659e-02 5.728031168151009878e-01 1.155246907694409825e-01 2.921565922790508307e-01
2.244954982032063007e-02 5.319795319035950376e-01 1.293661002449129349e-01 3.162048180311711199e-01
2.466638429773463509e-02 4.954415625915639110e-01 1.400528196401735759e-01 3.398392334705279128e-01
2.632599105873921486e-02 4.636267599870659839e-01 1.495747699571979006e-01 3.604724789969968590e-01
2.764468106446041351e-02 4.286601072363290243e-01 1.590470948261299144e-01 3.846481168730805367e-01
2.838238715556080927e-02 3.826480672291252549e-01 1.663849688929237014e-01 4.225845767223901372e-01
2.770713179371613044e-02 3.224550475675826422e-01 1.667729309062289111e-01 4.830648897324726909e-01
2.486155666533378106e-02 2.494190185900349854e-01 1.552360994156976315e-01 5.704833253289334216e-01
1.989132351708521387e-02 1.722558645184252002e-01 1.290987056001665634e-01 6.787541063643230954e-01
1.410431195059294769e-02 1.068310910848754847e-01 9.357819297771942380e-02 7.854864039868122427e-01
9.297887802216433378e-03 6.308637592360401281e-02 6.105391474776929173e-02 8.665618215264100366e-01
6.200101731248035611e-03 3.844477118693442191e-02 3.903782685191024837e-02 9.163173002299074277e-01
4.490260310421754532e-03 2.555806064229210195e-02 2.658478744833695992e-02 9.433668915989491532e-01
3.693762513166175526e-03 1.903467443834410897e-02 2.034907703228167400e-02 9.569224860162081070e-01
3.460985895401439815e-03 1.580895062169926715e-02 1.770126101024338539e-02 9.630288024726558760e-01
3.525709447877685161e-03 1.400322750577780856e-02 1.695021405748411980e-02 9.655208489888603696e-01
3.675857922054629520e-03 1.246570348255282741e-02 1.704837966062551155e-02 9.668100589347669027e-01
3.761596617526255688e-03 1.072081948069328848e-02 1.729002514257059822e-02 9.682275587592097388e-01
3.733696138241729152e-03 8.915039710574000284e-03 1.727216377131379418e-02 9.700791003798706624e-01
3.692333437116003016e-03 7.449243806102390925e-03 1.720024793353038331e-02 9.716581748232508975e-01
3.902290508258088059e-03 6.594163389243829984e-03 1.797042735237767627e-02 9.715331187501203836e-01
4.669169377744294101e-03 6.392586103159256759e-03 2.062580886032543831e-02 9.683124356587710091e-01
6.204298274490345835e-03 6.664340752693212813e-03 2.584429473177249706e-02 9.612870662410437639e-01
8.807289569487059336e-03 7.248366167579555278e-03 3.478634536532807658e-02 9.491579988976052151e-01
1.303949367037020649e-02 8.048582053862321159e-03 4.946419425966796374e-02 9.294477300160993716e-01
1.935709814662120443e-02 8.872062008776462200e-03 7.149634525830542153e-02 9.002744945862970471e-01
2.726463258995405828e-02 9.560267919361535582e-03 1.008101145990372982e-01 8.623649848916470351e-01
3.478373281912472414e-02 1.016365115988007890e-02 1.347627774861438477e-01 8.202898385348513788e-01
3.875858915864274779e-02 1.069315443437582856e-02 1.675766806312155022e-01 7.829715757757658157e-01
3.729855731649139861e-02 1.098991491158559340e-02 1.928043141925767368e-01 7.589072135793463181e-01
3.190403961673945327e-02 1.096594444486842512e-02 2.048042646074770545e-01 7.523257513309148381e-01
2.563275383253135753e-02 1.053982087633686428e-02 1.975693781144527428e-01 7.662580471766792245e-01
2.085728533871217608e-02 9.651377512329320507e-03 1.702978347830434724e-01 7.991935023659150206e-01
1.856822099213091201e-02 8.595954173507442189e-03 1.345383304961915161e-01 8.382974943381701349e-01
1.886679999212648173e-02 7.848563186172035494e-03 1.051385219579759334e-01 8.681461148637256153e-01
2.156777111668637531e-02 7.619672798837334032e-03 8.666233870695923269e-02 8.841502173775172002e-01
2.739858157380659423e-02 8.025345744606792592e-03 7.737627112820338882e-02 8.871998015533828497e-01
3.909735674233386082e-02 9.348847488486527676e-03 7.516833530210106917e-02 8.763854604670787696e-01
5.948886772284688734e-02 1.154052289617115042e-02 7.555771318453478880e-02 8.534128961964468907e-01
8.939745878684203506e-02 1.417859359727339195e-02 7.505671006501235532e-02 8.213672375508720425e-01
1.280420727375478351e-01 1.681992194024376636e-02 7.311469295826392156e-02 7.820233123639445116e-01
1.742131753441204800e-01 1.927328404976155762e-02 7.013771096101441282e-02 7.363758296451035079e-01
2.273635467425962065e-01 2.176426056920064897e-02 6.630899155705646808e-02 6.845632011311466592e-01
2.870918444422057569e-01 2.510084595318129788e-02 6.152510328742167439e-02 6.262822063171916698e-01
3.465095953897130432e-01 3.037960244533654056e-02 5.579281511716444736e-02 5.673179870477859099e-01
3.895044885324107642e-01 3.810094989175114716e-02 4.996961693158447071e-02 5.224249446442533751e-01
4.057365786021974174e-01 4.808516857847594528e-02 4.604961159919838953e-02 5.001286412201281228e-01
4.001200051335831454e-01 6.024342816156287583e-02 4.563627434785594295e-02 4.940002923569981608e-01
3.820768153831294867e-01 7.463962782496942616e-02 4.882113686577807532e-02 4.944624199261231090e-01
3.561086829646732399e-01 9.025081689183971079e-02 5.398841309139587596e-02 4.996520870520911872e-01
3.228460338467799007e-01 1.036875760617011338e-01 5.809564974292815570e-02 5.153707403485909833e-01
2.809144664748211007e-01 1.127324174073681823e-01 5.893380036161815355e-02 5.474193157561926260e-01
2.365397198418961455e-01 1.148059747722123269e-01 5.593712887467957445e-02 5.927171765112118074e-01
