4.350655394557587791e-02 7.910500996908444993e-01 1.634253258226329997e-01 2.018020540946930189e-03
1.581981094682387984e-02 9.473511173043165368e-01 1.762204946155273080e-02 1.920702228730681443e-02
1.949331686824046228e-02 9.443583147944543121e-01 1.764615404641460203e-02 1.850221429089086642e-02
2.280864957124043371e-02 9.404779160773597546e-01 1.862387420114177197e-02 1.808956015025818889e-02
2.401293270754849621e-02 9.367603236083671403e-01 2.126674780602913484e-02 1.795999587805565539e-02
2.255233615235062092e-02 9.336542967386135539e-01 2.608477645426539662e-02 1.770859065477010594e-02
1.947740796096071245e-02 9.304571203180521666e-01 3.329722071974518249e-02 1.676825100124203216e-02
1.642590211052236474e-02 9.263038016669872254e-01 4.251014807887380093e-02 1.476014814361622900e-02
1.227899285402505626e-02 9.227415888536253386e-01 5.335138930758682313e-02 1.162802898476279247e-02
9.145375428528919673e-03 9.167976824792077872e-01 6.563540305237487715e-02 8.421539039888712580e-03
7.246376892829369150e-03 9.043266723177075805e-01 8.245665668615981270e-02 5.970294103303106642e-03
6.243863199595209822e-03 8.761493323155894464e-01 1.132413123216440554e-01 4.365492163171524366e-03
5.800605438496758345e-03 8.178353471233877903e-01 1.729939445901775563e-01 3.370102847937810932e-03
4.946519276552199459e-03 7.179692400067833047e-01 2.743860481669492257e-01 2.698192549715103597e-03
4.089739090092053830e-03 5.834445759274790033e-01 4.101902444988826946e-01 2.275440483546582217e-03
3.392143293958966351e-03 4.501520574594071178e-01 5.444021957523176303e-01 2.053603494316106910e-03
2.941160168195969260e-03 3.553405087704464282e-01 6.396937248190402991e-01 2.024606242317135950e-03
2.856956172778913044e-03 3.108386214580304840e-01 6.840850967798863813e-01 2.219325589304196877e-03
3.292130224393135466e-03 3.113816227952128091e-01 6.826406931816549895e-01 2.685553798739259874e-03
4.435074190336288184e-03 3.473839563544864339e-01 6.447472359876511572e-01 3.433733467525929440e-03
6.548145218362399350e-03 4.056131063826437511e-01 5.834787886255955458e-01 4.359959773398593488e-03
9.950193120227135077e-03 4.705159414751621805e-01 5.142560688097308486e-01 5.277796594880133398e-03
1.487889852082266255e-02 5.302720305928911859e-01 4.487939561303445624e-01 6.055114755941635139e-03
2.086180869935937154e-02 5.784784376931950689e-01 3.940963644295837898e-01 6.563389177861820092e-03
2.604947896298457841e-02 6.144230317222713067e-01 3.529016687248208162e-01 6.625820589923354237e-03
2.897300352511206906e-02 6.475011238891347221e-01 3.173343094875841208e-01 6.191563098169050768e-03
3.032579421461432598e-02 6.862067840326161461e-01 2.777587016429769462e-01 5.708720109792650259e-03
3.242264809415545262e-02 7.307750405417066109e-01 2.313433884603409707e-01 5.458922903796881686e-03
3.661219829940117604e-02 7.719543272830945435e-01 1.860210220081086607e-01 5.412452409395623193e-03
4.315413849387546991e-02 8.019402379139836112e-01 1.494765875315825499e-01 5.429036060558419322e-03
5.137568791936360235e-02 8.182943304750358582e-01 1.248662939376784659e-01 5.463687667922086620e-03
6.070302683222140311e-02 8.221171556585402662e-01 1.116042631184997608e-01 5.575554390738785004e-03
6.918233634724717251e-02 8.181363595396211608e-01 1.069232217596169654e-01 5.758082353514632802e-03
7.568708310186729460e-02 8.101292854667457854e-01 1.081589619953910453e-01 6.024669435996007384e-03
7.924491942461865668e-02 8.012414283977650209e-01 1.130991919516323441e-01 6.414460225983916776e-03
8.025335805983919990e-02 7.924600230347439433e-01 1.201343521255981289e-01 7.152266779818813695e-03
7.998276842757699734e-02 7.826294441933385748e-01 1.286507337883618096e-01 8.737053590722654653e-03
7.851461728045583399e-02 7.711081923584541808e-01 1.385828258486030418e-01 1.179436451248695554e-02
7.300183461770329285e-02 7.607615566093893777e-01 1.494524022978648836e-01 1.678420647504257762e-02
6.795355547593921741e-02 7.467931478723918159e-01 1.607339282827844051e-01 2.451936836888480784e-02
6.221946701728333501e-02 7.331782002950439914e-01 1.695248641705157100e-01 3.507746851715668607e-02
5.610428828271482593e-02 7.243952417221843909e-01 1.725220219384457077e-01 4.697844805665501999e-02
4.864267913698117063e-02 7.277287432141450463e-01 1.662648364953117353e-01 5.736374115356161763e-02
3.982290026549937384e-02 7.453718090677862174e-01 1.497022959417770582e-01 6.510299472493745465e-02
3.220729099736634182e-02 7.688151779520246976e-01 1.279141117903068725e-01 7.106341926030235179e-02
2.549063342798579129e-02 7.952377747324362867e-01 1.049254852154928308e-01 7.434610662408480675e-02
2.003770062076618008e-02 8.231751864749704550e-01 8.406400016129583763e-02 7.272311274296762440e-02
1.595397598064740921e-02 8.520751143158330487e-01 6.700209223716890872e-02 6.496881746635045640e-02
1.309533014447070674e-02 8.803539439728989002e-01 5.443078711478654963e-02 5.211993876784379309e-02
1.129369154774127054e-02 9.046192678240750906e-01 4.667715296734965824e-02 3.740988766083387651e-02
1.017573131827446097e-02 9.225029413818365276e-01 4.322910189177660290e-02 2.409222540811242763e-02
9.285305036889590982e-03 9.339902189163818980e-01 4.282293403503403123e-02 1.390154201169450758e-02
8.664119846260229935e-03 9.395056233078403762e-01 4.446293919788509019e-02 7.367317648014157054e-03
8.652662479257040504e-03 9.393592564708593828e-01 4.810517098024229971e-02 3.882910069641309480e-03
9.524494308258794895e-03 9.341468542586894852e-01 5.409155055796752848e-02 2.237100875084352316e-03
1.161734565261195347e-02 9.240780149882323879e-01 6.278867409634907026e-02 1.515965262806678523e-03
1.595465480208383205e-02 9.067556332342616709e-01 7.598611479042302608e-02 1.303597173231388091e-03
2.455120171320278322e-02 8.760691027696058120e-01 9.791678768404955824e-02 1.462907833141792371e-03
3.901587361891541150e-02 8.241257117418617772e-01 1.348500225701376176e-01 2.008392069085371441e-03
5.860934476723340947e-02 7.464464889025873573e-01 1.919214136707765583e-01 3.022752659402312778e-03
7.482828978942600295e-02 6.568725911586933419e-01 2.638733436416860201e-01 4.425775410194607296e-03
8.553890793121268765e-02 5.749834087669837279e-01 3.332141674086551153e-01 6.263515893148409279e-03
9.386045320702653127e-02 5.145368211376506462e-01 3.826623380226722437e-01 8.940387632650450417e-03
1.042401923788575102e-01 4.767722555374567794e-01 4.058076189602442541e-01 1.317993312344168527e-02
1.191966115820127653e-01 4.546167212692620585e-01 4.065865371484183033e-01 1.960013000030650168e-02
1.382843908583326897e-01 4.400627022457974102e-01 3.931793711329160668e-01 2.847353576295397551e-02
1.564747297102944967e-01 4.294041221481660342e-01 3.742680465554986124e-01 3.985310158604089131e-02
1.656174908412448021e-01 4.228906103397126470e-01 3.582404470382386519e-01 5.325145178080399611e-02
1.601503190711614510e-01 4.219235485480307135e-01 3.505706146158465430e-01 6.735551776496109810e-02
1.450534675405829588e-01 4.230439116378778008e-01 3.509467374548669860e-01 8.095588336667217111e-02
1.257655431343522867e-01 4.254334888378314972e-01 3.556444180811781930e-01 9.315654994663782884e-02
1.072597548717316995e-01 4.285601909173472612e-01 3.604418942549790783e-01 1.037381599559420997e-01
7.096305149119836071e-03 6.802962708665709624e-01 7.965454599892934917e-02 2.329528779853799192e-01
2.909512895114919635e-03 7.601262168607521019e-01 1.529582849636895447e-01 8.400598528044336821e-02
2.967886426534531528e-03 7.081989882830396210e-01 1.347294263748544663e-01 1.541036989155715742e-01
3.514073209336382800e-03 6.102813115609063699e-01 1.091243256711549731e-01 2.770802895586024217e-01
4.418957340573337160e-03 4.671419075908394558e-01 7.932771089055169755e-02 4.491114241780353455e-01
5.608836337715972231e-03 3.215280627610150876e-01 5.337035035437751734e-02 6.194927505468911244e-01
6.976068015330449783e-03 2.148939466130344866e-01 3.653556707246522622e-02 7.415944182991695000e-01
8.459934556856774784e-03 1.496079868765480547e-01 2.713918539317073872e-02 8.147928931734247371e-01
9.628258316866608255e-03 1.108828179286921040e-01 2.080228060864913742e-02 8.586866431457925719e-01
1.067259577912240895e-02 8.639902005411419228e-02 1.697763714301901358e-02 8.859507470237443227e-01
1.076336276097570981e-02 6.931105394576288214e-02 1.298746440442546078e-02 9.069381188888360201e-01
1.041306875574584193e-02 5.695029882111737884e-02 9.689541923017287034e-03 9.229470905001194714e-01
1.043140491354490988e-02 4.896289537907329986e-02 7.579252152653817402e-03 9.330264475547279668e-01
1.199989708841802880e-02 4.563767617809512400e-02 6.898453848010877368e-03 9.354639728854760028e-01
1.671781652381461314e-02 4.644457550960086334e-02 7.635734224263078518e-03 9.292018737423215491e-01
2.708685223491493974e-02 5.022264800232771609e-02 9.893398908753852847e-03 9.127971008540033404e-01
4.713487569170871083e-02 5.725592066636974592e-02 1.437408435411107084e-02 8.812351192878106199e-01
8.047471121710868258e-02 6.941262910032462707e-02 2.268306345375773955e-02 8.274295962288090722e-01
1.234702772447384134e-01 8.887625492857634257e-02 3.742733027463289452e-02 7.502261375520528075e-01
1.610012556053143917e-01 1.176316235878325234e-01 6.246271850600625120e-02 6.589044023008469031e-01
1.767941082543945941e-01 1.559322940911486155e-01 1.028714203659391868e-01 5.644021772885176036e-01
1.681424433656562856e-01 1.970879238974964642e-01 1.615585200550329337e-01 4.732111126818143165e-01
1.474374687673853657e-01 2.265121085158106062e-01 2.344166450713098537e-01 3.916337776454942299e-01
1.288261328266631089e-01 2.335610642425852979e-01 3.153526303964944155e-01 3.222601725342570944e-01
1.176127972088909235e-01 2.182808304341524730e-01 4.034220557554932807e-01 2.606843166014636282e-01
1.102406414802948181e-01 1.870970527485119050e-01 5.008829537515583352e-01 2.017793520196350110e-01
9.956855460420617476e-02 1.475627521514995821e-01 6.076297520380427031e-01 1.452389412062518315e-01
8.569492897467119452e-02 1.060188450511055369e-01 7.133786507297269486e-01 9.490757524449593141e-02
6.887548699591773682e-02 7.167950670313416595e-02 8.032234252223627857e-01 5.622158107858563070e-02
5.557538249369377986e-02 4.833736465386336001e-02 8.647093609109265389e-01 3.137789194151654332e-02
4.941294758763594558e-02 3.529843205707147019e-02 8.975315232100135043e-01 1.775709714527900357e-02
5.051663160430706206e-02 2.897667605853583225e-02 9.096331729290441093e-01 1.087351940811314734e-02
5.654685272952212488e-02 2.649970215576472748e-02 9.097367969794802889e-01 7.216648135232918600e-03
6.570071238298737237e-02 2.364323591196360735e-02 9.056473879749910028e-01 5.008663730058236091e-03
7.588577126479470469e-02 2.170942773152364016e-02 8.987150295005431611e-01 3.689771503138560872e-03
8.873865399827902956e-02 2.125989564412600341e-02 8.869860556923651052e-01 3.015394665229507564e-03
1.070876654989780935e-01 2.312847125350101646e-02 8.669600667892902734e-01 2.823796458230430975e-03
1.340671535361400435e-01 3.045404329322255049e-02 8.323688153939787782e-01 3.109987776658586656e-03
1.711060734627851132e-01 4.667033668058631624e-02 7.781616043320498388e-01 4.061985524578733478e-03
2.196404770631122660e-01 8.301348534647788602e-02 6.907954089009274989e-01 6.550628689482432265e-03
2.878146717587415360e-01 1.487496349881891333e-01 5.507218444818711145e-01 1.271384877119795080e-02
3.859154722711943819e-01 2.165250047853322091e-01 3.750419861018244871e-01 2.251753684164884209e-02
4.937462883709985983e-01 2.416977959220591443e-01 2.357646589000936543e-01 2.879125680684864810e-02
5.701715934182108869e-01 2.458543793185453130e-01 1.527521468825505380e-01 3.122188038069339047e-02
5.821611126696834004e-01 2.734241709772070039e-01 1.082713885259630054e-01 3.614332782714649306e-02
5.149996145744365483e-01 3.516829401366106111e-01 8.716669793114584230e-02 4.615074735780710924e-02
3.792435167946455188e-01 4.880576287638836441e-01 7.512089041421501912e-02 5.757796402725600532e-02
2.348245518332472692e-01 6.427991472586372934e-01 6.022786911641889174e-02 6.214843179169669135e-02
1.430810634457307939e-01 7.506944902330913161e-01 4.532544260309759321e-02 6.089900371808061597e-02
1.112483244519536507e-01 7.849806569146897672e-01 3.805996225599878741e-02 6.571105637735753791e-02
1.237889012856178139e-01 7.501784986269399713e-01 3.917892511921958892e-02 8.685367496822241073e-02
1.694435305249346602e-01 6.547976245676238038e-01 4.509184499385449768e-02 1.306669999135871563e-01
2.245108932507532684e-01 5.356195890509620749e-01 5.131795741201419098e-02 1.885515602862704865e-01
2.671779788214204143e-01 4.387025875703139954e-01 5.792168522853786278e-02 2.361977483797275956e-01
2.991356553807154595e-01 3.765865613448566851e-01 6.762142955320374349e-02 2.566563537212243062e-01
3.271021929483173829e-01 3.404196001888446510e-01 8.099871879659741036e-02 2.514794880662409859e-01
3.491935779503582693e-01 3.203758714459441492e-01 9.671570440061766361e-02 2.337148462030798068e-01
3.588034076263682537e-01 3.103228434733473207e-01 1.136890532580892565e-01 2.171846956421951136e-01
3.522280851485335429e-01 3.050444582557525486e-01 1.323011624165391920e-01 2.104262941791746055e-01
3.313086110918639360e-01 2.987389780057843058e-01 1.542236316928012607e-01 2.157287792095504975e-01
3.048918296425081609e-01 2.854459719158430886e-01 1.810660970573813866e-01 2.285961013842671419e-01
2.760401406646498801e-01 2.683688119333890176e-01 2.163796020520118990e-01 2.392114453499489812e-01
2.480643609783569348e-01 2.509412301401246492e-01 2.616364278568025781e-01 2.393579810247159212e-01
2.190074307927112607e-01 2.383093403425027290e-01 3.153246934933883194e-01 2.273585353713978296e-01
1.833829424313477563e-01 2.379184569569440522e-01 3.726109632841104746e-01 2.060876373275978835e-01
1.416836615241701403e-01 2.506893705611620837e-01 4.310037430627892685e-01 1.766232248518782855e-01
1.018056241411744306e-01 2.686274840932768027e-01 4.900589941869277211e-01 1.395078975786212261e-01
6.979203105873608981e-02 2.802436874563489777e-01 5.461295413371873853e-01 1.038347401477274223e-01
4.853570414474563804e-02 2.794597145937053329e-01 5.934228930456093565e-01 7.858168821593940201e-02
3.459553742915704583e-02 2.690890769936143956e-01 6.332209094707980102e-01 6.309447610643034721e-02
2.566619367168260918e-02 2.515192981784482584e-01 6.694164673870640625e-01 5.339804076280492418e-02
1.977521201656484012e-02 2.279104216444262920e-01 7.055757974857729264e-01 4.673856885323603161e-02
2.331780604193577078e-02 1.008944517446004330e-01 7.669008670879744471e-01 1.088868751254892103e-01
2.389215596612942125e-02 3.522118863381517584e-01 3.999149363302453297e-01 2.239810213654735149e-01
2.111864166321959085e-02 3.635518230117755212e-01 4.173680530990984128e-01 1.979614822259067042e-01
1.913769761812050482e-02 3.645705553495600659e-01 4.398713718368794101e-01 1.764203751954401544e-01
1.736368880740974535e-02 3.579359091278934146e-01 4.668413292933230041e-01 1.578590727713737041e-01
1.539317313162398906e-02 3.499947024514427629e-01 4.925148624001849940e-01 1.420972620167481326e-01
1.334106838906591944e-02 3.487497342070977613e-01 5.077263451675969597e-01 1.301828522362391827e-01
1.148191491881093117e-02 3.591934424451184715e-01 5.065349682950371912e-01 1.227896743410337443e-01
9.901425209242833286e-03 3.803049286461201994e-01 4.908009087436945306e-01 1.189927374009425304e-01
8.594537558779377986e-03 4.066689262948327555e-01 4.667025092285279064e-01 1.180340269178597329e-01
7.555986434201212090e-03 4.308583349487489778e-01 4.403742358035436233e-01 1.212114428135063759e-01
6.811780032518667365e-03 4.451408213744599829e-01 4.165568386743753737e-01 1.314905599186460827e-01
6.459641804394987592e-03 4.446844790908656697e-01 3.973134287604305204e-01 1.515424503443088822e-01
6.537581953121576230e-03 4.298262675719240478e-01 3.820423000781874578e-01 1.815938503967672590e-01
6.962832878526198366e-03 4.045637759626021235e-01 3.697395049726964200e-01 2.187338861861754247e-01
7.561426976993257561e-03 3.742363446656438164e-01 3.598283357590185694e-01 2.583738925983443124e-01
8.117775187243941523e-03 3.452718911273301439e-01 3.504732449203000200e-01 2.961370887651258998e-01
8.439845810920811042e-03 3.230903413172476202e-01 3.384108798518249972e-01 3.300589330200064953e-01
8.418786039531032245e-03 3.091455229988947506e-01 3.217292258194608956e-01 3.607064651421134083e-01
8.139343848133103951e-03 3.017776563475138563e-01 3.013347988278053391e-01 3.887482009765474977e-01
7.750640897953347576e-03 2.972554840870942350e-01 2.792679037792543673e-01 4.157259712356979331e-01
7.278536747871367646e-03 2.898644815472790626e-01 2.557059355605149076e-01 4.471510461443347073e-01
6.652950536804602862e-03 2.731385352067323136e-01 2.299433531002753606e-01 4.902651611561878453e-01
5.840827963235099146e-03 2.429851094242086174e-01 2.021847942123204678e-01 5.489892684002358747e-01
4.968291742627498238e-03 2.036950533910191208e-01 1.746349390268024659e-01 6.167017158395509124e-01
4.306202849583074324e-03 1.678350990487458838e-01 1.527940516184636555e-01 6.750646464832075200e-01
4.097100884833549533e-03 1.457330143132921640e-01 1.415644062018136529e-01 7.086054786000608452e-01
4.393517887747138383e-03 1.383320646225993100e-01 1.412802315676910392e-01 7.159941859219625115e-01
5.087000937573788080e-03 1.411703748826411142e-01 1.485707357174235743e-01 7.051718884623615624e-01
5.937730682271356170e-03 1.484223786217330199e-01 1.578336027094981442e-01 6.878062879864972334e-01
6.732569667648422539e-03 1.573032831461478598e-01 1.640405007273599836e-01 6.719236464588436153e-01
7.387006255026400819e-03 1.693708212272449221e-01 1.633365290670686087e-01 6.599056434506598290e-01
7.898769484772331581e-03 1.880829808881227527e-01 1.538913737201655640e-01 6.501268759069390724e-01
8.245116558306744836e-03 2.159841239660350298e-01 1.371239293235232970e-01 6.386468301521347479e-01
8.245035758292182035e-03 2.518374842344413556e-01 1.162899591758111001e-01 6.236275208314557839e-01
7.695416214465899962e-03 2.918226051606784277e-01 9.531210784802589264e-02 6.051698707768294883e-01
6.813996798747935964e-03 3.379823958865468825e-01 7.814205235482221679e-02 5.770615549598828720e-01
6.058235724829338399e-03 3.989571583997458259e-01 6.638635762818703712e-02 5.285982482472377786e-01
5.624657098946249552e-03 4.780856889824432465e-01 5.838007920277764329e-02 4.579095747158327123e-01
5.380255506286937307e-03 5.622501502841097398e-01 5.107986122303520560e-02 3.812897329865684304e-01
5.148076666010283076e-03 6.312079579995262257e-01 4.267361252129203697e-02 3.209703528131714334e-01
4.827122104005816643e-03 6.743575397569218088e-01 3.321113758126266469e-02 2.876042005578096639e-01
4.428037278038474307e-03 6.877644368218142068e-01 2.392613670480128393e-02 2.838813891953462787e-01
4.095779222008134011e-03 6.649820028556927554e-01 1.643668433666013035e-02 3.144855335856389100e-01
3.909355138122808972e-03 6.012224987976071411e-01 1.125263766632163785e-02 3.836155083979484459e-01
3.809580767724088206e-03 4.959390336758623397e-01 7.789583597623539295e-03 4.924618019587901907e-01
3.679067638703830117e-03 3.556914078001870982e-01 5.389880798371328788e-03 6.352396437627378933e-01
3.326385828868589929e-03 2.135163526853429972e-01 3.593161835580592229e-03 7.795640996502077869e-01
2.850109307296756593e-03 1.102651177514026443e-01 2.288218979372837018e-03 8.845965539619279339e-01
2.662467766962140457e-03 5.350355490389936686e-02 1.455508796630946211e-03 9.423784685325075072e-01
1.755472685201369060e-03 2.693245600612696050e-02 9.518669851234188174e-04 9.703602043235481922e-01
1.498663337887060900e-03 1.434447199781734537e-02 6.934445383337045285e-04 9.834634201259616626e-01
1.452948636883069850e-03 8.014229830147774625e-03 5.415795432870822461e-04 9.899912419896821358e-01
1.478347769166032380e-03 4.693284054881997208e-03 4.389589589506102518e-04 9.933894092170013623e-01
1.526518223376731754e-03 2.933148136205585010e-03 3.649676133597468944e-04 9.951753660270580282e-01
1.577415356415828905e-03 2.013561767282757813e-03 3.150420138308524486e-04 9.960939808624704739e-01
1.663180219019007571e-03 1.578703133478784977e-03 2.941830848431842347e-04 9.964639335626591654e-01
1.864258703611123722e-03 1.464501820284317898e-03 3.118047338144043674e-04 9.963594347422902731e-01
2.247152855817314242e-03 1.591561550191053975e-03 3.776702642866176362e-04 9.957836153297048298e-01
2.824932404717868644e-03 1.922490102232976865e-03 5.041899294734063838e-04 9.947483875635754202e-01
3.477472420983651700e-03 2.403598978793888667e-03 6.963856995489728884e-04 9.934225429006733332e-01
3.910767368421956026e-03 2.882863270477559019e-03 9.118546214017536492e-04 9.922945147396987631e-01
3.913239852273930897e-03 3.174359046010876827e-03 1.079391258847029605e-03 9.918330098428683739e-01
3.609824868820348323e-03 3.172886817917248449e-03 1.168351159891466585e-03 9.920489371533712797e-01
3.327382785213379816e-03 2.935887357128100401e-03 1.221615061108480586e-03 9.925151147965503018e-01
3.361189469036973861e-03 2.658455052016539186e-03 1.336606550815998664e-03 9.926437489281304538e-01
3.904559284404080736e-03 2.510136765314946450e-03 1.626382182031331416e-03 9.919589217682495130e-01
5.034330377864834095e-03 2.501861625495652858e-03 2.166230948983473292e-03 9.902975770476559747e-01
6.578919635224861340e-03 2.510765286196107917e-03 2.921646494723817433e-03 9.879886685838550342e-01
8.011902288577406328e-03 2.398901610062064826e-03 3.703698769074859846e-03 9.858854973322854764e-01
8.793233266746537310e-03 2.152471164911894021e-03 4.280100763260394348e-03 9.847741948050811045e-01
8.657882332150713608e-03 1.842748529638612437e-03 4.473508524016459736e-03 9.850258606141941709e-01
9.682197133618491991e-02 3.871699390768593152e-01 3.359868943981790257e-01 1.800211951887767947e-01
4.099700396531423541e-02 8.008999156018387078e-01 3.305350755075268931e-02 1.250495728820946451e-01
3.355297046680868339e-02 8.367548371044881694e-01 3.024733478770521081e-02 9.944485764099808556e-02
2.827652125807738823e-02 8.579089360952336651e-01 2.908085595644564758e-02 8.473368669024337885e-02
2.798895029410442686e-02 8.563158144611111577e-01 3.100046544726885178e-02 8.469476979751568158e-02
3.478352884002638978e-02 8.258603502780338390e-01 3.707478129909327902e-02 1.022813395828464922e-01
5.260274071632831117e-02 7.564351637455065669e-01 4.768898568743799166e-02 1.432731098507271095e-01
9.267220835732987994e-02 6.286056808330325874e-01 5.981370555560829028e-02 2.189084052540291314e-01
1.590434184669871631e-01 4.431004657894871968e-01 6.357701589785560992e-02 3.342790998456702800e-01
2.182419204315113326e-01 2.650428133990172519e-01 5.314508788691591629e-02 4.635701782825553119e-01
2.369296815322310124e-01 1.585559875375706085e-01 3.948199684441572321e-02 5.650323340857827947e-01
2.235308291689422355e-01 1.138742288967675570e-01 3.105793379923544456e-02 6.315370081350546450e-01
1.908714457164603362e-01 1.048376374803841327e-01 2.809852069094816163e-02 6.761923961122073834e-01
1.503620719466734201e-01 1.208306305889066679e-01 2.920993621846269817e-02 6.995973612459571722e-01
1.087353736428380846e-01 1.612648232678038640e-01 3.308547473180500909e-02 6.969143283575532921e-01
7.104571041290455580e-02 2.259653735612415226e-01 3.764966033777569082e-02 6.653392556880783903e-01
4.397936498773781511e-02 3.092394260636177616e-01 4.080591001558455527e-02 6.059752989330599027e-01
2.776729810260580508e-02 3.984163850991741529e-01 4.235471475022926924e-02 5.314616020479908665e-01
1.876412364909458078e-02 4.802797402605885613e-01 4.358229873850406194e-02 4.573738373518128619e-01
1.406182702797368310e-02 5.492257338172664705e-01 4.614010415571578871e-02 3.905723349990438686e-01
1.204127339089665003e-02 6.030836971212971687e-01 5.117841896135915530e-02 3.336966105264470017e-01
1.093130243152016373e-02 6.382636938834025386e-01 6.264949777287572019e-02 2.881555059122016260e-01
1.073085184524413122e-02 6.550695455020183466e-01 8.269623463207866065e-02 2.515033680206590905e-01
1.074920386840948552e-02 6.557752838550979790e-01 1.134337667505303654e-01 2.200417455259618960e-01
1.090465881154442478e-02 6.317602609250171364e-01 1.641136948947977958e-01 1.932213853686404470e-01
1.138881586469720278e-02 5.732709400631919028e-01 2.446199746232836369e-01 1.707202694488277050e-01
1.221221808869604741e-02 4.754647102765024447e-01 3.633405269506016499e-01 1.489825446841996082e-01
1.319419749047873007e-02 3.493353135588683211e-01 5.128350061678506044e-01 1.246354827828024536e-01
1.434787687398319210e-02 2.235093653364357003e-01 6.642669188991586759e-01 9.787583889042258956e-02
1.596202428866914935e-02 1.278307322146135239e-01 7.844291732557060470e-01 7.177807024101136302e-02
1.843535586053216338e-02 6.967256527055762372e-02 8.622654964469347316e-01 4.962658242197548475e-02
2.234502759825663515e-02 3.847283303346039213e-02 9.063498302460787359e-01 3.283230912220386905e-02
2.893202440886274290e-02 2.283697484520953030e-02 9.267524928830784825e-01 2.147850786284915409e-02
4.007865718568530411e-02 1.521522729308803432e-02 9.301962762885972458e-01 1.450983923262937243e-02
5.690333818141175837e-02 1.091020150592235914e-02 9.221794175202457922e-01 1.000704279241981624e-02
7.938710684089546332e-02 9.068731558804889528e-03 9.043678244855641868e-01 7.176337114735539292e-03
1.060690201377747777e-01 8.527209453502321637e-03 8.799031904791272396e-01 5.500579929595745231e-03
1.349267932310477536e-01 8.932873909002275389e-03 8.514908199639201758e-01 4.649512896029751007e-03
1.693182573162123894e-01 1.048226607575858567e-02 8.157623048140842936e-01 4.437171793944619420e-03
2.112293681604581475e-01 1.323278291759390386e-02 7.708628644357408133e-01 4.674984486207335761e-03
2.664193950281218970e-01 1.730850122737061583e-02 7.109921212048371242e-01 5.279982539670723812e-03
3.325098702574645348e-01 2.270696922165985412e-02 6.385317132384820127e-01 6.251447282393501198e-03
4.009791220030367032e-01 2.943834237296365924e-02 5.620069456277546616e-01 7.575589996244989043e-03
4.668639739947478828e-01 3.731659040073819628e-02 4.866397342678074889e-01 9.179701336706331399e-03
5.324683016677368430e-01 4.548293229482097688e-02 4.111198762997712586e-01 1.092888973767111235e-02
5.993624058628070905e-01 5.246034421843138312e-02 3.355213272492976184e-01 1.265592266946433120e-02
6.626493057310727242e-01 5.660655644362021233e-02 2.664215407784628065e-01 1.432259704684417552e-02
7.133310748345103036e-01 5.951725259823870129e-02 2.107176033538487037e-01 1.643406921340220470e-02
7.489914233181838021e-01 6.088276323858708705e-02 1.705501315318424249e-01 1.957568191138646385e-02
7.706029824577929066e-01 6.146808102743061414e-02 1.434809563555121403e-01 2.444798015926438403e-02
7.795438693012797238e-01 6.224001118943793542e-02 1.263265987760234799e-01 3.188952073325867359e-02
7.759073563841449861e-01 6.502134354863284282e-02 1.161044099855383233e-01 4.296689008168399354e-02
7.611565719907549266e-01 7.107821344362884319e-02 1.096245438267865885e-01 5.814067073882967646e-02
7.335238448060658056e-01 8.238702473932947579e-02 1.058118224524801920e-01 7.827730800212465145e-02
6.820014497218140903e-01 1.043501017116635204e-01 1.053614952505675245e-01 1.082869533159548370e-01
5.840765687451974220e-01 1.467483975081903813e-01 1.111702243395993606e-01 1.580048094070127251e-01
4.429684946558175573e-01 2.085667759569051760e-01 1.181133853080322815e-01 2.303513440792448186e-01
3.001124180382060969e-01 2.747953263950760894e-01 1.159402553183944001e-01 3.091520002483232332e-01
1.930528274141780076e-01 3.361470541348229313e-01 1.049616013953161842e-01 3.658385170556829324e-01
1.250607437448917614e-01 3.958379650012536777e-01 9.184373412138989445e-02 3.872575571324647359e-01
8.234077261245835444e-02 4.564138887871773687e-01 8.069273994993517163e-02 3.805525986504287306e-01
5.581421033443411533e-02 5.176220529222070876e-01 7.244425178407117027e-02 3.541194849592875782e-01
3.964584793190955442e-02 5.817026445640058885e-01 6.707871356900538262e-02 3.115727939350790288e-01
2.958727170269712797e-02 6.502055705322016266e-01 6.415318906362248164e-02 2.560539687014787846e-01
2.291010923864267301e-02 7.187807374676469241e-01 6.263412620767185024e-02 1.956750270860386498e-01
1.809927328663001392e-02 7.796694076425592090e-01 6.063574874242948914e-02 1.415955703283814648e-01
1.413591034186030375e-02 8.262169646256887212e-01 5.810741419019260084e-02 1.015397108422584349e-01
1.216796429171004314e-02 8.550935392332176255e-01 5.543462238838103157e-02 7.730387408669120441e-02
1.191834895302604398e-02 8.639948908059255084e-01 5.707353641545433176e-02 6.701322382559410373e-02
1.435128133263198144e-02 8.520862903533859001e-01 6.656740698782434573e-02 6.699502132615788030e-02
2.147853005836320231e-02 8.169113921620833052e-01 8.775468348665316221e-02 7.385539429290040314e-02
3.685115888685856073e-02 7.525663659128335459e-01 1.248392910141982726e-01 8.574318418610944736e-02
7.599726366808060574e-01 3.100810858715351975e-02 2.038237933126408608e-01 5.195461419399550855e-03
6.840234589032176959e-01 3.667929223292461238e-02 2.737591987780270686e-01 5.538050085830589254e-03
5.886686062956005827e-01 4.830494951931293274e-02 3.573072618813663004e-01 5.719182303720009818e-03
4.901352948598208803e-01 6.447153449846752815e-02 4.397947683890852666e-01 5.598402252626290265e-03
4.010299813230907562e-01 8.837510484675238642e-02 5.051177657826301237e-01 5.477148047526645205e-03
3.306432704172537207e-01 1.250729112100352203e-01 5.384196599388157978e-01 5.864158433895200542e-03
2.778015644926706273e-01 1.805466279650617956e-01 5.345481943126207947e-01 7.103613229646833609e-03
2.322717005619153452e-01 2.579494695797322490e-01 5.006562939756447062e-01 9.122535882708037933e-03
1.922415589505814537e-01 3.472378843358694955e-01 4.487025874315594964e-01 1.181796928198962024e-02
1.589902120979999889e-01 4.320622845447860683e-01 3.933198488253311642e-01 1.562765453188264334e-02
1.340572596236697944e-01 5.012769495794580088e-01 3.433952226860068069e-01 2.127056811086521990e-02
1.132451694348566990e-01 5.595090000493999627e-01 2.983665753859339187e-01 2.887925512980947518e-02
9.617930066666829925e-02 6.105860866431768175e-01 2.551289662631972543e-01 3.810564642695763587e-02
8.271464380745383038e-02 6.524516902379284833e-01 2.158190877855481193e-01 4.901457816906973353e-02
7.298922550986582103e-02 6.804407867989266112e-01 1.839102193556396980e-01 6.265976833556768932e-02
6.751616763321643955e-02 6.909302788662143868e-01 1.606263030537357084e-01 8.092725044683352076e-02
6.719767691427583345e-02 6.824704537406153237e-01 1.450146145177730050e-01 1.053172548273357267e-01
7.244487675249181025e-02 6.572625656020850693e-01 1.349747301571843916e-01 1.353178274882387011e-01
8.327184382388502781e-02 6.219351405971873525e-01 1.276995811837837724e-01 1.670934343951435419e-01
1.002947160479097238e-01 5.832399150422059586e-01 1.215047343752453518e-01 1.949606345346392988e-01
1.245489317897182369e-01 5.453135345320527794e-01 1.161968267466593485e-01 2.139407069315694410e-01
1.573166346130184801e-01 5.095002902399723421e-01 1.114317147955469350e-01 2.217513603514622844e-01
2.002087347863994449e-01 4.753870896395204770e-01 1.063238909035188889e-01 2.180802846705609255e-01
5.846571771783432014e-02 8.359390172919017870e-01 9.667340519470186966e-02 8.921859795561957324e-03
2.512720460699367081e-02 8.991969833964206238e-01 6.994432794450818058e-02 5.731484052077460631e-03
9.958090629892472553e-03 9.363297701259877259e-01 5.008530927990952758e-02 3.626829964209933501e-03
4.237845812224087967e-03 9.551325829735775041e-01 3.805898704428314905e-02 2.570584169915130467e-03
2.078310386713844854e-03 9.633922446942398965e-01 3.234205942034681230e-02 2.187385498699418590e-03
1.202103417030291966e-03 9.656661137937617712e-01 3.090089652063554224e-02 2.230886268572680221e-03
5.559646291365694928e-04 9.637375890768146158e-01 3.314787656058721527e-02 2.558569733461777112e-03
6.529659478028435136e-04 9.594449409467332712e-01 3.682376525568925585e-02 3.078327849774629629e-03
4.819094831963032107e-04 9.545809727561389568e-01 4.132334796435138680e-02 3.613769796313595975e-03
4.021903688386974009e-04 9.456732631889867013e-01 4.975170055081843540e-02 4.172845891356468349e-03
3.579352958706160737e-04 9.314758321607538027e-01 6.340362207733317434e-02 4.762610466042583451e-03
3.587104143405375062e-04 9.070259483598822614e-01 8.700208855231703065e-02 5.613252673460308352e-03
4.383107307853607968e-04 8.660644209715645525e-01 1.263784469894095597e-01 7.118821308240442722e-03
6.861984255954617102e-04 8.056651672277340692e-01 1.840609624076368078e-01 9.587671939033632837e-03
4.431932090278894358e-04 7.324239794337259468e-01 2.540143465845596804e-01 1.311848077268640798e-02
4.506023448451955101e-04 6.605035230133161628e-01 3.208760659799982373e-01 1.816980866184087981e-02
4.645583035220528212e-04 6.052977508579725496e-01 3.683118576461987814e-01 2.592583319230672145e-02
5.057778569853927037e-04 5.739753482093975512e-01 3.869000611815900936e-01 3.861881275202713737e-02
5.997624825442477185e-04 5.640843472085863564e-01 3.752983092239049467e-01 6.001758108496484806e-02
7.953669810683525751e-04 5.641765010833961203e-01 3.390181192238875263e-01 9.601001271164781581e-02
1.133872120405425609e-03 5.548338529141733089e-01 2.893450928084513873e-01 1.546871821569699157e-01
1.499664516270752222e-03 5.213869741462580087e-01 2.362707764951365863e-01 2.408425848423345061e-01
1.664504284018403658e-03 4.693812321709848190e-01 1.836237272939798826e-01 3.453305362510170062e-01
1.623718668980987049e-03 4.135090098156362637e-01 1.345321520649534752e-01 4.503351194504291444e-01
1.499484579159679129e-03 3.635086398211319625e-01 9.302762496357018518e-02 5.419642506361380674e-01
1.351929065101003125e-03 3.276981715249440708e-01 6.210149128859463602e-02 6.088484081213603183e-01
1.226291571597197538e-03 3.139260543575307927e-01 4.228903615653833298e-02 6.425586179143335519e-01
1.176251575059213041e-03 3.279874365237587797e-01 3.146240367797879800e-02 6.393739082232025028e-01
1.244735101209456900e-03 3.698996759203189155e-01 2.677923973662509755e-02 6.020763492418464979e-01
1.467668084038282507e-03 4.288921033539760397e-01 2.618775554136815176e-02 5.434524730206176102e-01
1.865977666098696600e-03 4.862248881438731574e-01 2.840853885227929629e-02 4.835005953377488064e-01
2.511050569573945214e-03 5.279869443654880978e-01 3.350302722584341808e-02 4.359989778390943593e-01
3.572676887576598046e-03 5.481669165403212363e-01 4.285966784326970119e-02 4.054007387288324771e-01
5.203608658758338869e-03 5.457723099342722817e-01 5.798695972781901797e-02 3.910371216791502236e-01
7.269180668389386459e-03 5.237375614969427273e-01 7.824218456460844962e-02 3.907510732700597011e-01
9.301148836641442291e-03 4.875970702138108237e-01 9.993886111510690007e-02 4.031629198344407472e-01
1.080703750302665529e-02 4.430595453675678086e-01 1.183070559985245629e-01 4.278263611308810166e-01
1.162172258587976410e-02 3.963570173346790404e-01 1.315844780789426072e-01 4.604367820004990897e-01
1.196967605880166520e-02 3.543358399986305529e-01 1.427374670727480088e-01 4.909570168698198511e-01
1.211144426071215224e-02 3.174590258058069270e-01 1.556977085728504517e-01 5.147318213606305592e-01
1.207608217828601803e-02 2.785763826037783164e-01 1.708745697979815181e-01 5.384729654199541526e-01
1.160284772492119372e-02 2.321847361222922346e-01 1.835688523437829234e-01 5.726435638090036084e-01
1.037197602734364621e-02 1.793098559396548719e-01 1.865061807016802353e-01 6.238119873313217045e-01
8.526588440849898129e-03 1.241707924144188901e-01 1.752513114574182629e-01 6.920513076873124891e-01
6.105655254618162255e-03 7.813928123174072871e-02 1.464000833328772122e-01 7.693549801807639810e-01
4.116666778163841252e-03 4.507332431820244151e-02 1.097348095826879560e-01 8.410751993209458766e-01
2.758230514069525199e-03 2.602323115852732405e-02 7.631157542884473011e-02 8.949069628985586444e-01
1.968031460755818775e-03 1.615676617963326261e-02 5.291958904129281938e-02 9.289556133183183295e-01
1.558920836091115059e-03 1.116119480841922494e-02 3.919953533013083996e-02 9.480803490253588706e-01
1.406112760308417297e-03 8.677964597879381237e-03 3.254770039645867724e-02 9.573682222453535617e-01
1.431211530499048928e-03 7.490416169119807309e-03 3.030093353408929574e-02 9.607774387662920690e-01
1.552844620361321613e-03 6.809344213774839137e-03 2.998504727663629799e-02 9.616527638892273799e-01
1.677519682549399741e-03 6.112302195471270259e-03 2.942460551764197393e-02 9.627855726043370588e-01
1.724049980264271082e-03 5.213247730632769410e-03 2.723577487867960556e-02 9.658269274104235302e-01
1.668850328361371448e-03 4.246490438493088528e-03 2.356356708149829129e-02 9.705210921516468359e-01
1.582520778301814294e-03 3.447643268513511574e-03 1.996554459187968242e-02 9.750042913613051754e-01
1.614117023458248998e-03 2.969626364649368376e-03 1.812517242994294772e-02 9.772910841819495431e-01
1.901232588302363734e-03 2.828942215331371746e-03 1.878585229378068253e-02 9.764839729025855952e-01
2.522095456331324530e-03 2.921980981189660140e-03 2.199322043461602455e-02 9.725627031278628598e-01
3.599142309639979508e-03 3.167939907601703686e-03 2.836326915899459525e-02 9.648696486237636760e-01
5.369010881961228457e-03 3.530595976107865630e-03 3.931099894467444261e-02 9.517893941972567218e-01
8.003908888927921406e-03 3.918611736741561651e-03 5.594875449120045863e-02 9.321287248831300332e-01
1.124711953947203982e-02 4.233062368265287298e-03 7.793255624741778076e-02 9.065872618448448383e-01
1.423939349455933048e-02 4.471117400877770362e-03 1.024102585282417599e-01 8.788792305763211132e-01
1.571646157872758076e-02 4.626548830758135319e-03 1.237173589025661741e-01 8.559396306879479832e-01
1.496446354692519513e-02 4.621032018900231818e-03 1.368806647765536399e-01 8.435338396576208542e-01
1.262313618327357001e-02 4.415634535656618766e-03 1.400647889312799654e-01 8.428964403497896107e-01
9.930609087800948767e-03 3.987601078437407950e-03 1.319754231577650594e-01 8.541063666759968198e-01
7.821652598442929011e-03 3.359230086396141051e-03 1.135637536213445070e-01 8.752553636938164017e-01
6.719643158808316294e-03 2.727181967972950889e-03 9.252205642190799995e-02 8.980311184513104505e-01
6.709373581001185777e-03 2.295335745128882117e-03 7.796989731651225719e-02 9.130253933573575509e-01
7.752647451684410891e-03 2.099790816914781730e-03 7.254827226444846011e-02 9.175992894669523503e-01
1.023014564773205154e-02 2.142262549611509328e-03 7.574971524976206738e-02 9.118778765528943175e-01
1.554893601495139534e-02 2.494752684174962164e-03 8.691524957199536772e-02 8.950410617288783177e-01
2.541485697582614514e-02 3.129662412453040974e-03 1.000827303121928635e-01 8.713727502995278762e-01
4.074306228571689115e-02 3.887581156731283964e-03 1.078003063737496547e-01 8.475690501838022417e-01
6.151262474077227871e-02 4.583893667536587113e-03 1.081470405956020536e-01 8.257564409960891361e-01
8.742811485113098635e-02 5.136484897294722220e-03 1.034054902460060238e-01 8.040299100055683379e-01
1.190995616346780805e-01 5.641902283052366122e-03 9.644141804346563485e-02 7.788171180388040460e-01
1.586442659932164045e-01 6.414530383555368774e-03 8.904553720158932262e-02 7.458956664216389587e-01
2.047088870312303577e-01 8.233627998199662124e-03 8.213092920592937607e-02 7.049265557646408054e-01
2.494610320541912896e-01 1.001716994973493417e-02 7.282441027262319400e-02 6.676973877234505528e-01
2.789355849609626570e-01 1.335951405313719371e-02 6.781721254553101097e-02 6.398876884403691401e-01
2.932463849360404939e-01 1.762003910610467072e-02 6.705758530958533248e-02 6.220759906482694612e-01
2.970095478148763735e-01 2.324387120397134951e-02 7.123000128819144405e-02 6.085165796929611348e-01
2.934096939090609646e-01 2.992159191380211816e-02 7.750622359270546713e-02 5.991624905844314952e-01
2.821754120781995168e-01 3.648759945039972002e-02 8.142693346759362349e-02 5.999100550038070079e-01
2.613812318580449601e-01 4.100219935076463568e-02 7.941097338764660507e-02 6.182055954035438061e-01
2.343677768787264803e-01 4.236426503853476383e-02 7.251964489243557799e-02 6.507483131903032403e-01
