3.421478145592702497e-02 6.459198477196598231e-01 3.171314161170014079e-01 2.733954707411842891e-03
1.248624114690265186e-02 9.421316058700350826e-01 1.261011920024909978e-02 3.277203378281304952e-02
1.321647939410740442e-02 9.472541662555562514e-01 1.167369348019613000e-02 2.785566087013990194e-02
1.326508492808022195e-02 9.514965177934403551e-01 1.164712436596056569e-02 2.359127291251876882e-02
1.262842632527295256e-02 9.536741937389778823e-01 1.326003761811952834e-02 2.043734231762960041e-02
1.163267916188168508e-02 9.529615719242765515e-01 1.725601863322863763e-02 1.814973028061297317e-02
1.032247568652588064e-02 9.492729373508639323e-01 2.431845678584070719e-02 1.608613017676982851e-02
8.681905924548842177e-03 9.424702950805653456e-01 3.510994518450081397e-02 1.373785381038481607e-02
7.052399371529509409e-03 9.320248128482544470e-01 4.989177713900402183e-02 1.103101064121213108e-02
5.750809594972519992e-03 9.176882350492980844e-01 6.822701832099947739e-02 8.333937034729689206e-03
4.970440679691864871e-03 8.970560161739963290e-01 9.180901318109377374e-02 6.164529965218079263e-03
4.687234772195036404e-03 8.613841098454504408e-01 1.292864862880589716e-01 4.642169094295559018e-03
4.885328934978874250e-03 7.963724261807704208e-01 1.951085325565401485e-01 3.633712327710782869e-03
4.029982333027273822e-03 6.951431808666197476e-01 2.980003731593744432e-01 2.826463640978675498e-03
3.418124769244604896e-03 5.695722088714532116e-01 4.247066067728543226e-01 2.303059586447910728e-03
2.876195650868659543e-03 4.537644206262662072e-01 5.413437117531026965e-01 2.015671969762284060e-03
2.529872822065762101e-03 3.762265655673256992e-01 6.192776828652669652e-01 1.965878745341515400e-03
2.476773980476457224e-03 3.453777707183249834e-01 6.499704670253276806e-01 2.174988275870727832e-03
2.814446911505515559e-03 3.576446444355495524e-01 6.368522491810274522e-01 2.688659471917596942e-03
3.641754601472912359e-03 4.047929908590743864e-01 5.880432047677103258e-01 3.522049771742316072e-03
5.060367168137519175e-03 4.728707844411303984e-01 5.175104596054015405e-01 4.558388785330582706e-03
7.150174833377714520e-03 5.455385263437616539e-01 4.417502564606861082e-01 5.561042362174418476e-03
9.891308941817918490e-03 6.117596105145884922e-01 3.720197813388063657e-01 6.329299204787350308e-03
1.286315766573679735e-02 6.653524102777087501e-01 3.150752971228106269e-01 6.709134933743976514e-03
1.491040190397124356e-02 7.041145280334185630e-01 2.744153101504088754e-01 6.559759912201281601e-03
1.518042171785095699e-02 7.336296483536434154e-01 2.452509427090487359e-01 5.938987219456922859e-03
1.594097529341999622e-02 7.602716602374071098e-01 2.184061384504557835e-01 5.381226018716916276e-03
1.667842177798819700e-02 7.888691521563138132e-01 1.894438000741097972e-01 5.008625991588285496e-03
1.846700774108400722e-02 8.172966203634269844e-01 1.594090119902334679e-01 4.827359905255732171e-03
2.119672456134311447e-02 8.415288720761677776e-01 1.325604387202903023e-01 4.713964642198431761e-03
2.452101320629548539e-02 8.578338042180521095e-01 1.130002145050537921e-01 4.644968070598660785e-03
2.727097463444829589e-02 8.659645041386682118e-01 1.021385900814205244e-01 4.625931145463065865e-03
3.066918444281007197e-02 8.652077097913821735e-01 9.933244634945831431e-02 4.790659416349700439e-03
3.346041089084471343e-02 8.584302533561752879e-01 1.029815712317429244e-01 5.127764521237155801e-03
3.568240539524489274e-02 8.471175881898791449e-01 1.114640156703941981e-01 5.735990744481775545e-03
3.916053962258991827e-02 8.314409148993225918e-01 1.224227777592126337e-01 6.975767718875022783e-03
4.290149491683833971e-02 8.150316689190544306e-01 1.326404653926269994e-01 9.426370771480303140e-03
4.758837595242317725e-02 7.974029553222734545e-01 1.408087655465223853e-01 1.419990317878108178e-02
5.222156354369171527e-02 7.774746091642821266e-01 1.475536726287329514e-01 2.275015466329280422e-02
5.658950580417249077e-02 7.530533457806043440e-01 1.534135682118918931e-01 3.694358020333113335e-02
6.074549135273421552e-02 7.246510711231538560e-01 1.562444564747270670e-01 5.835898104938497255e-02
6.363341895196845954e-02 6.935271177229270778e-01 1.564267730881711838e-01 8.641269023693343154e-02
6.398914004494238306e-02 6.669369585737514594e-01 1.503517762323972329e-01 1.187221251489090634e-01
6.203323407540071999e-02 6.432355554756952198e-01 1.392758479617429157e-01 1.554553624871610196e-01
5.874354989961722701e-02 6.181129922699787338e-01 1.256954385121865636e-01 1.974480193182174548e-01
5.483685709276568676e-02 5.936075601681495284e-01 1.124055384448232331e-01 2.391500442942618987e-01
5.111752096062099210e-02 5.792606639431244764e-01 1.018157107454735338e-01 2.678061043507807271e-01
4.843102792292967168e-02 5.851182672746986224e-01 9.566044940843931865e-02 2.707902553939325330e-01
4.706345027825482863e-02 6.162258458156997243e-01 9.504128319885567222e-02 2.416694207071898304e-01
4.688096705835288064e-02 6.668482381694098571e-01 1.006498479213951691e-01 1.856209468508421001e-01
4.755148590259356683e-02 7.171466986697345725e-01 1.129490230579392324e-01 1.223527923697325104e-01
4.946508879611383885e-02 7.428378392033522237e-01 1.353171250493163391e-01 7.237994695121775790e-02
5.357972607356976252e-02 7.284557957011834617e-01 1.764147840894755015e-01 4.154969413577135062e-02
6.100838148717949161e-02 6.704712173565386957e-01 2.439031104533941341e-01 2.461729070288777924e-02
7.237453187565515145e-02 5.814753356355483183e-01 3.307337310920375195e-01 1.541640139675858577e-02
8.774262268112915930e-02 4.887122812151242224e-01 4.130847734272630190e-01 1.046032267648348835e-02
1.089540920649597899e-01 4.127357121625755410e-01 4.701811894651445334e-01 8.129006307320187780e-03
1.371692093895882092e-01 3.546346823426045347e-01 5.008624180141962867e-01 7.333690253610991062e-03
1.630831518230456412e-01 3.072419423240522751e-01 5.225435433883327541e-01 7.131362464569182200e-03
1.726004824257336423e-01 2.624987603648128442e-01 5.580549945174960724e-01 6.845762691957402862e-03
1.570531724221963799e-01 2.259280167489792768e-01 6.106985320371646209e-01 6.320278791659502196e-03
1.334494336396193637e-01 2.012964945367200775e-01 6.591813936814548969e-01 6.072678142205661933e-03
1.167022561370960609e-01 1.895796336844681462e-01 6.870958886483539141e-01 6.622221530082245643e-03
1.109519848662641750e-01 1.884686680087678534e-01 6.922586130389365433e-01 8.320734086031841142e-03
1.147582050115275032e-01 1.944822491977093726e-01 6.793471751040857098e-01 1.141237068667723918e-02
1.247845356903734271e-01 2.061964237400884803e-01 6.528821565761514512e-01 1.613688399338661025e-02
1.344915512598089946e-01 2.265039740868508011e-01 6.161297191072973023e-01 2.287475554604277705e-02
1.390199096837453629e-01 2.542460226148967606e-01 5.749241983642932041e-01 3.180986933706458908e-02
1.335383053919484975e-01 2.862784131773498109e-01 5.379624770935140798e-01 4.222080433718800735e-02
1.202948763747117844e-01 3.171596320565278626e-01 5.094965903946439001e-01 5.304890117411680678e-02
1.045763258784827149e-01 3.438480728570382783e-01 4.881300666525327792e-01 6.344553461194625543e-02
9.019214250394291810e-02 3.665636519101563295e-01 4.701781273201816047e-01 7.306607826571935582e-02
2.665957241013482137e-02 4.095806268731704836e-01 1.235701449490981402e-01 4.401896557675962773e-01
3.127309011734877384e-03 7.763466621686646585e-01 1.279689815148725984e-01 9.255704730472809338e-02
3.296668780869691385e-03 7.261536327699286142e-01 1.121207076488831417e-01 1.584289908003185809e-01
4.088698037961150701e-03 6.330671564616792146e-01 9.239471431669146750e-02 2.704494311836683762e-01
5.531653973049751108e-03 4.983269000363022005e-01 6.937298932143613761e-02 4.267684566692115933e-01
7.765020730859125905e-03 3.575976591600623644e-01 4.885102733428280802e-02 5.857862927747957693e-01
1.073365767440768483e-02 2.507091941252369560e-01 3.530895263940815598e-02 7.032481955609470869e-01
1.416852306388398548e-02 1.842763741189901439e-01 2.794822653853932040e-02 7.736068762785862640e-01
1.739880698123356245e-02 1.459795497800094599e-01 2.382344937245304065e-02 8.127981938663041417e-01
1.947807374874131747e-02 1.229092933469223964e-01 2.059876204807931446e-02 8.370138708562564478e-01
1.998983933773008231e-02 1.062282998846144910e-01 1.723831315977552084e-02 8.565435476178800966e-01
1.948856296718062472e-02 9.187647651210525956e-02 1.387390692680452731e-02 8.747610535939093213e-01
1.935743330953927643e-02 8.008062150904717014e-02 1.133804856752008462e-02 8.892238966138933387e-01
2.159321220951721659e-02 7.309616518896387694e-02 1.034134801621715803e-02 8.949692745853018438e-01
2.864271824218274365e-02 7.211447172102750103e-02 1.111269351588137222e-02 8.881301165209082304e-01
4.367826854069909587e-02 7.700225849622206742e-02 1.383133903174892793e-02 8.654881339313300614e-01
7.110795228168630133e-02 8.941408231686495678e-02 1.939641138567706549e-02 8.200815540157714301e-01
1.130639780195141081e-01 1.127994046341501133e-01 2.971617765535875672e-02 7.444204396909771537e-01
1.600621740130493686e-01 1.501094661183046686e-01 4.749647687827254078e-02 6.423318829903733596e-01
1.906562233648767257e-01 2.028930673542063412e-01 7.643782281872288364e-02 5.300128864621941327e-01
1.899321208853410881e-01 2.682311222112661042e-01 1.211559513633619634e-01 4.206808055400310664e-01
1.655260383328191198e-01 3.288084279613457950e-01 1.838749892518871942e-01 3.217905444539476689e-01
1.358343737416025931e-01 3.657434821010364101e-01 2.559777023928490602e-01 2.424444417645119643e-01
1.146409955484123250e-01 3.651079456740856100e-01 3.351943606450403235e-01 1.850566981324617277e-01
1.024355126625106083e-01 3.319632304661103706e-01 4.228843035937355777e-01 1.427169532776435823e-01
9.426494307866038758e-02 2.737927385488183596e-01 5.247598557623260884e-01 1.071824626101951089e-01
8.237599603797834957e-02 2.018172439100336113e-01 6.414138231238626364e-01 7.439293692812487535e-02
6.541318994495216865e-02 1.316493309804990519e-01 7.571644477385828242e-01 4.577303133596580254e-02
4.638438330378798907e-02 7.918733384228510142e-02 8.494562095149901237e-01 2.497207333893671291e-02
3.200025435498902310e-02 4.780077457408767050e-02 9.074042052521381629e-01 1.279476581878526489e-02
2.402795359068989750e-02 3.198575641849802503e-02 9.372307870685493425e-01 6.755502922263092319e-03
2.097826212994673839e-02 2.452639015220562518e-02 9.505357642594606249e-01 3.959583458387216232e-03
2.076517046581357120e-02 2.028804861763737477e-02 9.563681040164440095e-01 2.578676900104904905e-03
2.191449287814669147e-02 1.693972077614700616e-02 9.593213895326350160e-01 1.824396813070925955e-03
2.336624141399379698e-02 1.487336327196096646e-02 9.603302302359004727e-01 1.430165078144896322e-03
2.722066958983557217e-02 1.290733552890344950e-02 9.585922284484228451e-01 1.279766432838241050e-03
3.352344786439976493e-02 1.205287777015146868e-02 9.531023602276103013e-01 1.321314137838437578e-03
4.387136333216207218e-02 1.258371103137815444e-02 9.419707231436099670e-01 1.574202492850003453e-03
6.104778742519586382e-02 1.537468684019970173e-02 9.213986354176358917e-01 2.178890316968559639e-03
8.953617534991034632e-02 2.255507476518519086e-02 8.844210679551122167e-01 3.487681929792256930e-03
1.391490840282746388e-01 3.923202348997478078e-02 8.152622822317435736e-01 6.356610250007005067e-03
2.278191526689523350e-01 7.637015869305158189e-02 6.830379941922031239e-01 1.277269444579274583e-02
3.614488707159507208e-01 1.300631379192277171e-01 4.837707896672769903e-01 2.471720169754436369e-02
5.043501887156542907e-01 1.698828505619038864e-01 2.856716435795028097e-01 4.009531714293920746e-02
5.923119896786640526e-01 1.876433132023313244e-01 1.641869841153214826e-01 5.585771300368296693e-02
5.964263910561350412e-01 2.143682168799783128e-01 1.116820274209900238e-01 7.752336464289667772e-02
5.186389198893366359e-01 2.769135857801008904e-01 9.380990233804209488e-02 1.106375919925199763e-01
3.979312690406636710e-01 3.682430723275070261e-01 8.630700159746203248e-02 1.475186570343674786e-01
2.931282978694684238e-01 4.552360096992360550e-01 7.711973314326595053e-02 1.745159592880293487e-01
2.419085460304112312e-01 4.959207979987710901e-01 6.582607117842523281e-02 1.963445847923926679e-01
2.407105969988750926e-01 4.748864648782430420e-01 5.628284867392605029e-02 2.281200894489559539e-01
2.662768754873645616e-01 4.097295958015657047e-01 4.984586472681292596e-02 2.741476639842571061e-01
2.914075687690276806e-01 3.380653555305318525e-01 4.772050418811430578e-02 3.228065715123261126e-01
3.103312303428535923e-01 2.831915041451559256e-01 5.173345852698478520e-02 3.547438069850055165e-01
3.242679548812077428e-01 2.542749490648727462e-01 6.335491099711292040e-02 3.581021850568064102e-01
3.383642238609379516e-01 2.428261179368441935e-01 8.226974495649072572e-02 3.365399132457271847e-01
3.478777365224939855e-01 2.399736624675815888e-01 1.078115720384795334e-01 3.043370289714448784e-01
3.497196125954668000e-01 2.362422018838653270e-01 1.378409259139996568e-01 2.761972596066680774e-01
3.376158238100988584e-01 2.288432322467112146e-01 1.730423864811513612e-01 2.604985574620386490e-01
3.127878181134684521e-01 2.150776744802346263e-01 2.138818841515927049e-01 2.582526232547041611e-01
2.808856664762224842e-01 1.953798500522670734e-01 2.599258428842396440e-01 2.638086405872708262e-01
2.466302325691985542e-01 1.733574216150052527e-01 3.122877860905922121e-01 2.677245597252038700e-01
2.111477833146689076e-01 1.535244910639188276e-01 3.729604754111086606e-01 2.623672502103036597e-01
1.756920326813259936e-01 1.378565582114681942e-01 4.407103893326569932e-01 2.457410197745489022e-01
1.376963793696820426e-01 1.273249507260827418e-01 5.151987339882808659e-01 2.197799359159540999e-01
9.990967117652786722e-02 1.176818833935852626e-01 5.981221027093741593e-01 1.842863427205130022e-01
6.660967936823447566e-02 1.041573857051386193e-01 6.894541819411413863e-01 1.397787529854855881e-01
4.229833153300554399e-02 8.803259193503651381e-02 7.717090065932870058e-01 9.796006993867101276e-02
2.754198356486196181e-02 7.398664117212128133e-02 8.289319927046689962e-01 6.953938255834757332e-02
1.902897963751817509e-02 6.312870155567733288e-02 8.650809142451284517e-01 5.276140456167586340e-02
1.381912020412782299e-02 5.436678974785905116e-02 8.896497481721864498e-01 4.216434187582687731e-02
1.048164554182472522e-02 4.701847515251497689e-02 9.081881189742900817e-01 3.431176033137014331e-02
2.608024726954443970e-02 1.153331534411534270e-01 7.885244204959331871e-01 7.006217879336880394e-02
2.835243142519313850e-02 4.435321580080221482e-01 2.941399432089948918e-01 2.339754673577897903e-01
2.482484445009396079e-02 4.738350480326484759e-01 3.059670033130252875e-01 1.953731042042323729e-01
2.247918888801081830e-02 4.947092743719707086e-01 3.175585477966343384e-01 1.652529889433841936e-01
2.011039316500676938e-02 5.076776497893756845e-01 3.306711737764770342e-01 1.415407832691407131e-01
1.780497126255162904e-02 5.191686117686938884e-01 3.404810132872644890e-01 1.225454036814901254e-01
1.551042730153448339e-02 5.367670139493238013e-01 3.401305116024100350e-01 1.075920471467315259e-01
1.332942357914146739e-02 5.638012552989003501e-01 3.266975621265551522e-01 9.617175899540311712e-02
1.132250017173854102e-02 5.969905509605029081e-01 3.043533769230094554e-01 8.733357194474926366e-02
9.599740577160271668e-03 6.293642596111940213e-01 2.799532685750346639e-01 8.108273123661118020e-02
8.300128437282264585e-03 6.537265225660700008e-01 2.587683090413555043e-01 7.920503995529201702e-02
7.540107879755099385e-03 6.643098972119775292e-01 2.437008072844210060e-01 8.444918762384633071e-02
7.452193869136863359e-03 6.574604873445054620e-01 2.356559470017923485e-01 9.943137178456527836e-02
7.667549355770414063e-03 6.326325458656089085e-01 2.342963651401084313e-01 1.254035396385122236e-01
8.662171750419679281e-03 5.942854759455944436e-01 2.362310741640477607e-01 1.608212781399382674e-01
1.004083198784450244e-02 5.486822221672512656e-01 2.397127363962830437e-01 2.015642094486206348e-01
1.147793323694971078e-02 5.046709542363960743e-01 2.416550650675572676e-01 2.421960474590966195e-01
1.259120550367631014e-02 4.690971641816976123e-01 2.392792075375936023e-01 2.790324227770324406e-01
1.310114968278842940e-02 4.441415516166165589e-01 2.309499126707162675e-01 3.118073860298787303e-01
1.308082030922942500e-02 4.286313682278063419e-01 2.167769982222300662e-01 3.415108132407341235e-01
1.278919206635537563e-02 4.189003306775009317e-01 1.985999623024929106e-01 3.697105149536507596e-01
1.231199634982003271e-02 4.084991271293650916e-01 1.781272818295924487e-01 4.010615946912224339e-01
1.153746331975877455e-02 3.888514048766296138e-01 1.565456976182833526e-01 4.430654341853283440e-01
1.038859501835192982e-02 3.527638439199937137e-01 1.349015087276319858e-01 5.019460523340225633e-01
9.041851219879080276e-03 3.035732492789213754e-01 1.143080187818825283e-01 5.730768807193168390e-01
7.951278168684402375e-03 2.576343141004816539e-01 9.745474724290155433e-02 6.369596604879325108e-01
7.581723663656616923e-03 2.312561316814259194e-01 8.707052538583884282e-02 6.740916192690787900e-01
8.030602082661429317e-03 2.282437957477344292e-01 8.329242707166976956e-02 6.804331750979341065e-01
9.026987421166128220e-03 2.428688231132276332e-01 8.400825415870988300e-02 6.640959353068962567e-01
1.008480850491091582e-02 2.656146962200915396e-01 8.609740347500091651e-02 6.382030917999966801e-01
1.084071592336102730e-02 2.917387207269039329e-01 8.715504248335972926e-02 6.102655208663751996e-01
1.116401846396656086e-02 3.243978356963416187e-01 8.526901884864039605e-02 5.791691269910512752e-01
1.107091282178503285e-02 3.690244848735446115e-01 7.919202773921539540e-02 5.407125745654548510e-01
1.063525143768759285e-02 4.264766153680986105e-01 6.940753466142782213e-02 4.934805985327858080e-01
9.827964751194210799e-03 4.894966352265422427e-01 5.784178841098339824e-02 4.428336116112800425e-01
8.571092426260714867e-03 5.493776843630291395e-01 4.670956599450569457e-02 3.953416572162042342e-01
7.087501397175778768e-03 6.067955178933782667e-01 3.761281821382432555e-02 3.485041624956216610e-01
5.772068855831922682e-03 6.689119672767528391e-01 3.078461189101564660e-02 2.945313519763995691e-01
5.012459751280826971e-03 7.365080005767421500e-01 2.510078929710373927e-02 2.333787503748733783e-01
4.038646004063381478e-03 7.974964343467471073e-01 2.040564991119174845e-02 1.780592697379980160e-01
3.454898138969570744e-03 8.401876429546079050e-01 1.598194041472960833e-02 1.403755184916929966e-01
3.099140814121113200e-03 8.628429306589061598e-01 1.195439477525762038e-02 1.221035337517152874e-01
2.920289008934691486e-03 8.660713306416271129e-01 8.567024948266159512e-03 1.224413554011719862e-01
3.052594869255006570e-03 8.454352115947759705e-01 6.122069637439718146e-03 1.453901238985291777e-01
2.930332396379893654e-03 7.928953631772095445e-01 4.572607671333957409e-03 1.996016967550768018e-01
3.094629549063596455e-03 6.951151835977138482e-01 3.560865050062213353e-03 2.982293218031607518e-01
3.332150495420869128e-03 5.391106135190960602e-01 2.850859248989731903e-03 4.547063767364935560e-01
3.333673948202075122e-03 3.473139436836678029e-01 2.187496649777729164e-03 6.471648857183522896e-01
2.779297646236190012e-03 1.858276735937711144e-01 1.509624304330530603e-03 8.098834044556619816e-01
2.194977849844014905e-03 9.021631620211183200e-02 9.955728407859652795e-04 9.065931331072585309e-01
2.063082425186887805e-03 4.390855528421709619e-02 6.943287185825455961e-04 9.533340335720135172e-01
1.319222135824610776e-03 2.225398972852182106e-02 4.698124475723281109e-04 9.759569756880814850e-01
1.051471207494609388e-03 1.153480051351395662e-02 3.414700696035743912e-04 9.870722582093877095e-01
9.320806649225936089e-04 6.125989274606630057e-03 2.525862681369921668e-04 9.926893437923339780e-01
8.739935337269653937e-04 3.441953722296255125e-03 1.898433528247232729e-04 9.954942093911519629e-01
8.590369132391552842e-04 2.146042519882121209e-03 1.503166191899990263e-04 9.968446039476888121e-01
8.932462221405501959e-04 1.549487264231708345e-03 1.312880155445640294e-04 9.974259784980833432e-01
1.003854728604455836e-03 1.334951720990633535e-03 1.316573089671369532e-04 9.975295362414376976e-01
1.211910623533913375e-03 1.350120407772380324e-03 1.512845489283262798e-04 9.972866844197654235e-01
1.505509497748197837e-03 1.506998391170204796e-03 1.897870676235971423e-04 9.967977050434579933e-01
1.810111499267626038e-03 1.721988688739161657e-03 2.439038607513182970e-04 9.962239959512417808e-01
1.980987556992995155e-03 1.863613142912418953e-03 2.974130697128229777e-04 9.958579862303817976e-01
1.930910428921961408e-03 1.826348451154910296e-03 3.305560520940402066e-04 9.959121850678291921e-01
1.725985940759612331e-03 1.602320975663721649e-03 3.369151422287487664e-04 9.963347779413478378e-01
1.510423521098815244e-03 1.286941641339370496e-03 3.271946665529357288e-04 9.968754401710090418e-01
1.398469398671886577e-03 1.004382203605211745e-03 3.221395603053819391e-04 9.972750088374174871e-01
1.432259575462563198e-03 8.140141211097864276e-04 3.407523683088577431e-04 9.974129739351187407e-01
1.582859368434274020e-03 6.984749801470002727e-04 3.871275912738852899e-04 9.973315380601449620e-01
1.761967653244994689e-03 6.144150630191372092e-04 4.472071354970857493e-04 9.971764101482387677e-01
1.857336890011371255e-03 5.306471423846222980e-04 4.968158246806907673e-04 9.971152001429234302e-01
1.816841857580687699e-03 4.449060845894393067e-04 5.198550734639189241e-04 9.972183969843659845e-01
1.645795625687070541e-03 3.667765836260494252e-04 5.111886747612987957e-04 9.974762391159257557e-01
9.586128691515698186e-02 4.170079742576666693e-01 3.198887858860238187e-01 1.672419529411529882e-01
5.748246068249603102e-02 8.215309932108760815e-01 3.373639774286945475e-02 8.725014836375832861e-02
4.809719028990548650e-02 8.473697804996295213e-01 3.097994177832656681e-02 7.355308743213866129e-02
4.310590904520156946e-02 8.589033066743936295e-01 3.037421577351713878e-02 6.761656850688727016e-02
4.585344095843239820e-02 8.462511190561846641e-01 3.413739622024313664e-02 7.375804376514007166e-02
6.125102398997159248e-02 7.975628136592193274e-01 4.418231882149260825e-02 9.700384352931708254e-02
1.004705103982796166e-01 6.945351788393193671e-01 6.054412758952033846e-02 1.444501831728804142e-01
1.802931129980667457e-01 5.237575098953869412e-01 7.497652819215619435e-02 2.209728489143899799e-01
2.882446378848994573e-01 3.267406560278153793e-01 7.027576398869452012e-02 3.147389420985902686e-01
3.644166804888799294e-01 1.843933333744804670e-01 5.010321216805543182e-02 4.010867739685839428e-01
3.792553380929309381e-01 1.158191697250294805e-01 3.370076909349006139e-02 4.712247230885494020e-01
3.475239710719604247e-01 9.157952347022359219e-02 2.564636370588138647e-02 5.352501417519343052e-01
2.903784704998586541e-01 9.302529507332163439e-02 2.284305546802616396e-02 5.937531789587936482e-01
2.272191736871394807e-01 1.174756716427647479e-01 2.358044116102479132e-02 6.317247135090713339e-01
1.684553158269911921e-01 1.716261465157172816e-01 2.670097660957414590e-02 6.332175610477169814e-01
1.139996076436700784e-01 2.594687975268564761e-01 3.086604132129687483e-02 5.956655535081766262e-01
7.159592507560452734e-02 3.649498729240867045e-01 3.380571556760453289e-02 5.296484864327042352e-01
4.349972106737209215e-02 4.709138011697792114e-01 3.451954164328771557e-02 4.510669361195612237e-01
2.735277878981329583e-02 5.653381787454402341e-01 3.350278187994271822e-02 3.738062605848038178e-01
1.800602065338449340e-02 6.461007000899381403e-01 3.131862860269891274e-02 3.045746506539782072e-01
1.376022865587897201e-02 7.086378023017355643e-01 3.087392720361077994e-02 2.467280418387749474e-01
1.125884634382474242e-02 7.528532757832153699e-01 3.213154027020139608e-02 2.037563376027584916e-01
9.947328453335999021e-03 7.789409584222812821e-01 3.730808504531824693e-02 1.738036280790643540e-01
9.335471329679273164e-03 7.887337259275835066e-01 4.863118176509895196e-02 1.532996209776381902e-01
9.037658288901229825e-03 7.788729385021048168e-01 7.134535809517093818e-02 1.407440451138230186e-01
1.028716357613008309e-02 7.438334952195613248e-01 1.106131841459495058e-01 1.352661570583589823e-01
1.258727131764129578e-02 6.702665510313323693e-01 1.823356733817484698e-01 1.348105042692776812e-01
1.599623183603257268e-02 5.599191532752273437e-01 2.895348305836171199e-01 1.345497843051232656e-01
2.022652237335845204e-02 4.192279573936757431e-01 4.303189233489663756e-01 1.302265968839992627e-01
2.609578928996443212e-02 2.837070457829942716e-01 5.717469333107265683e-01 1.184502316163149743e-01
3.325679913315832126e-02 1.800878184876171795e-01 6.871325519765160150e-01 9.952283040270820669e-02
4.253516941679368057e-02 1.131880073013456223e-01 7.671944626511352228e-01 7.708236063072540500e-02
5.680139495227904539e-02 7.533784894639176943e-02 8.116518791247404607e-01 5.620887697658898813e-02
8.171224958625700197e-02 5.708337013580770669e-02 8.206432703711824539e-01 4.056110990675284439e-02
1.226835804585985346e-01 4.856876692781451205e-02 7.991758909673000177e-01 2.957176164628696341e-02
1.764755426986113207e-01 4.452023400040298895e-02 7.577240681386075982e-01 2.128015516237794988e-02
2.407564343006173557e-01 4.295384913511727382e-02 7.007660092592975509e-01 1.552370730496802076e-02
3.086617984582924468e-01 4.429288598343102124e-02 6.351003982721451502e-01 1.194491728613119273e-02
3.783565216341823745e-01 4.896422409882096594e-02 5.625783178976011545e-01 1.010093636939536459e-02
4.531376858287200493e-01 5.604396359027498387e-02 4.814243334508381822e-01 9.394017130166958107e-03
5.342626844480896642e-01 6.308683885098835542e-02 3.932979389898508260e-01 9.352537711071078064e-03
6.134878032700465944e-01 6.712947887721915086e-02 3.096293691695718997e-01 9.753348683162250954e-03
6.789414154618771402e-01 6.929618887667984839e-02 2.412510524580287752e-01 1.051134320341400724e-02
7.311838271120696398e-01 6.775422050771462423e-02 1.896514926016906188e-01 1.141045977852500962e-02
7.762769125543415027e-01 6.250075077582910310e-02 1.489329421453139402e-01 1.228939452451541584e-02
8.168895629102639333e-01 5.464742341207953075e-02 1.153636705900695364e-01 1.309934308758695792e-02
8.510398877969053144e-01 4.628252944352663489e-02 8.865770038766605798e-02 1.401988237190167179e-02
8.767859397567620006e-01 3.904953011072787722e-02 6.869908545500093278e-02 1.546544467750910617e-02
8.943335140276642559e-01 3.349112557331639095e-02 5.423336844435615312e-02 1.794199195466283925e-02
9.047156709778492178e-01 2.941641557398100293e-02 4.383652273419734458e-02 2.203139071397250057e-02
9.078155477278837537e-01 2.665519679868852410e-02 3.663850957525762592e-02 2.889074589817022115e-02
9.017428600713219833e-01 2.546272036374955944e-02 3.205447044001177859e-02 4.073994912491644277e-02
8.850570890936404478e-01 2.583710380679433635e-02 2.908376180782844614e-02 6.002204529173659625e-02
8.546039622649029832e-01 2.818144670642251312e-02 2.726952710429002627e-02 8.994506392438469944e-02
7.997952167767264919e-01 3.443709387248698045e-02 2.724247572083574737e-02 1.385252136299508219e-01
7.051762256683031804e-01 4.794347111145820517e-02 2.941939141514983078e-02 2.174609118050890300e-01
5.704213191798702676e-01 7.203054446299092528e-02 3.268345701937924730e-02 3.248646793377596986e-01
4.262660532380041500e-01 1.091015634715052779e-01 3.501033850411904014e-02 4.296220447863716707e-01
3.070260038731510432e-01 1.599367645973444607e-01 3.563801777504878310e-02 4.973992137544557268e-01
2.179676485382326390e-01 2.243933529130055504e-01 3.513844057688220168e-02 5.225005579718794424e-01
1.525671810046297927e-01 3.023996338620026925e-01 3.454388337655458358e-02 5.104893017568131741e-01
1.067395549892566908e-01 3.931653116916969948e-01 3.407744337534124313e-02 4.660176899437054043e-01
7.617991419501667083e-02 4.944191405534703598e-01 3.388016437844360018e-02 3.955207808730697994e-01
5.566779830547739782e-02 6.020316397154265031e-01 3.404458667780572295e-02 3.082559753012900639e-01
4.118524227660530501e-02 7.053551202413599341e-01 3.416383117665269115e-02 2.192958063053819795e-01
3.058797035954774826e-02 7.896596357845605541e-01 3.325218330810390810e-02 1.465002105477877514e-01
2.295209455696578180e-02 8.481701213857922861e-01 3.123210360623903531e-02 9.764568045100317784e-02
1.794486352949377014e-02 8.817965147328324926e-01 3.004635332039817808e-02 7.021226841727576384e-02
1.690642329920321110e-02 8.931907402997846246e-01 3.128922292178087233e-02 5.861361347923124687e-02
1.987494584192942004e-02 8.853256085373585327e-01 3.701599394145012323e-02 5.778345167926201426e-02
2.798762628994346316e-02 8.588877764071044529e-01 4.857910440348033737e-02 6.454549289947157653e-02
4.563021788894410652e-02 8.062572322958128090e-01 6.962240129188089488e-02 7.849014852336191894e-02
8.488662838445876213e-01 1.311388586114266008e-01 1.742716604769188257e-02 2.567691496293597348e-03
8.224254890381428318e-01 1.490997766367095079e-01 2.555617827476387022e-02 2.918556050383728107e-03
7.843884865142839447e-01 1.741998445859882227e-01 3.818102398171908940e-02 3.230644918008719786e-03
7.314243850557173854e-01 2.095001317381574857e-01 5.563783921515582515e-02 3.437643990969178453e-03
6.581389158485656532e-01 2.615474211342129762e-01 7.668557179899312959e-02 3.628091218228149915e-03
5.641260083495690525e-01 3.346622341038073545e-01 9.714395895684682647e-02 4.067798589776663344e-03
4.569926060451846017e-01 4.242147847282491391e-01 1.136500287758750866e-01 5.142580450691136215e-03
3.485494603748445774e-01 5.180572154741056590e-01 1.261812639025697846e-01 7.212060248479684049e-03
2.605788504116612336e-01 5.924621455350453925e-01 1.361473565539871033e-01 1.081164749930671291e-02
1.977665619314167567e-01 6.419749738262833239e-01 1.437677108386742064e-01 1.649075340362562286e-02
1.546458437676681563e-01 6.707428622191370371e-01 1.496497457946622811e-01 2.496154821853225486e-02
1.230296618388454916e-01 6.897934366083137148e-01 1.509813479356083288e-01 3.619555361723258979e-02
9.819128423708396725e-02 7.081762756858059893e-01 1.445809450233490334e-01 4.905149505376074637e-02
7.874500840014435343e-02 7.266722700896164344e-01 1.319893938809960920e-01 6.259332762924277316e-02
6.416170539659753203e-02 7.412255317368864338e-01 1.176511458745846811e-01 7.696161699193132533e-02
5.439885154902263792e-02 7.475914647490935483e-01 1.048562030582096266e-01 9.315348064367416636e-02
4.937556970799247824e-02 7.442275577593313596e-01 9.468905515654557625e-02 1.117078173761310161e-01
4.842451453647391574e-02 7.329431633047938099e-01 8.694662414486842295e-02 1.316856980138639832e-01
5.077196330219991421e-02 7.181964378620643297e-01 8.059024768287374740e-02 1.504413511528618352e-01
5.625739795778581659e-02 7.039946110140066216e-01 7.500693345942999191e-02 1.647410575687773548e-01
6.505610700175529226e-02 6.918136203335575329e-01 7.111952097623759628e-02 1.720107516884496479e-01
7.885480573079027555e-02 6.825886904868986305e-01 6.726543147845658044e-02 1.712910723038544580e-01
9.619556154957900618e-02 6.772608118868651550e-01 6.336518372925857567e-02 1.631784428342975268e-01
7.571361154542514960e-02 8.548734429770763477e-01 5.964966958261190555e-02 9.763275894886297088e-03
3.095515609539918958e-02 9.197830153696755495e-01 4.313515516595785998e-02 6.126673368967238721e-03
1.181833095357540976e-02 9.531277318725995817e-01 3.138304790056491156e-02 3.670889273260084795e-03
4.624681871138110710e-03 9.684149818535426890e-01 2.462719325253108146e-02 2.333143022788256287e-03
2.122502479612401512e-03 9.745818767437792740e-01 2.157862418674505456e-02 1.716996589863460741e-03
1.170341483067521187e-03 9.761671567315737263e-01 2.118195599427470308e-02 1.480545791084128321e-03
7.649038003916835320e-04 9.749125051128118002e-01 2.287487624742352843e-02 1.447714839373221221e-03
3.759988463693040694e-04 9.707977383886962075e-01 2.729825012330124034e-02 1.528012641633364746e-03
5.503599017312719478e-04 9.638403980399206095e-01 3.390978962587128109e-02 1.699452432476629546e-03
4.060482560148644181e-04 9.547819382612144912e-01 4.293142411845644879e-02 1.880589364314360365e-03
3.840419578849524600e-04 9.376254330713427176e-01 5.983061893466726233e-02 2.159906036105112455e-03
4.164935268947608793e-04 9.074852647116395943e-01 8.946958504550329982e-02 2.628656715962284299e-03
5.654093390934405083e-04 8.573477525275013944e-01 1.386254748980621787e-01 3.461363235343221760e-03
5.563423494713120579e-04 7.851826335609302099e-01 2.094827843640489906e-01 4.778239725549419253e-03
6.191825897859686749e-04 6.977685429080386914e-01 2.949929078698543816e-01 6.619366632321032999e-03
6.559167063957952511e-04 6.120370194921189722e-01 3.780500131012677900e-01 9.257050700217754613e-03
6.975973982706286033e-04 5.464811857348437218e-01 4.393339671280343528e-01 1.348724973885109119e-02
7.719458335942172090e-04 5.117612349239787362e-01 4.665945868823414555e-01 2.087223236008576427e-02
9.054622081760360869e-04 5.082344840652813778e-01 4.566771167147608557e-01 3.418293701178189842e-02
1.141733803443845336e-03 5.272776253586999307e-01 4.137456875266912193e-01 5.783495331116483146e-02
1.555128880948918437e-03 5.519258413078055314e-01 3.486959509415639702e-01 9.782307886968193145e-02
2.139121319154308788e-03 5.639137730657162173e-01 2.755263743060478721e-01 1.584207313090813807e-01
2.667968192117545125e-03 5.588303778121377352e-01 2.042903515293096883e-01 2.342113024664347620e-01
2.943845435116500178e-03 5.458023877858658723e-01 1.416960883761649581e-01 3.095576784028525874e-01
2.953913869484019357e-03 5.350349144474751961e-01 9.256432591396408782e-02 3.694468457690768259e-01
2.759713083849199729e-03 5.350116241333916500e-01 5.867059209195905900e-02 4.035580706908000193e-01
2.472942443449720196e-03 5.542877914436534770e-01 3.807802193500461896e-02 4.051612441778919549e-01
2.213622748878153225e-03 5.989840836558252279e-01 2.662823365561621872e-02 3.721740599396807792e-01
2.073357229165527765e-03 6.639001210596755520e-01 2.059724385054582940e-02 3.134292778606129759e-01
2.114444990400524225e-03 7.312875377355547712e-01 1.764786783796172889e-02 2.489501494360828182e-01
2.556000896533261804e-03 7.851494332631673290e-01 1.627190667165307261e-02 1.960226591686464181e-01
2.794337645354002045e-03 8.200882649684275716e-01 1.654849168210171043e-02 1.605689057041168322e-01
3.541436657947181783e-03 8.361804995210876390e-01 1.868858800307302698e-02 1.415894758178923574e-01
4.909500925104055662e-03 8.358043168277857760e-01 2.326019918071162845e-02 1.360259830663984038e-01
7.428525449122225580e-03 8.213782700473060139e-01 3.029224166743267263e-02 1.409009628361388988e-01
9.918981673341552979e-03 7.966659503851841739e-01 3.903920403447781046e-02 1.543758639069961469e-01
1.236948327380586569e-02 7.644919860706095305e-01 4.829916954797239953e-02 1.748393611076126675e-01
1.448085189793667411e-02 7.288103349601777747e-01 5.757108948626763617e-02 1.991377236556176322e-01
1.620176772989035188e-02 6.939499127517312349e-01 6.815553910170672747e-02 2.216927804166718696e-01
1.763286741337433822e-02 6.596821062437355776e-01 8.218380371075011126e-02 2.405012226321401325e-01
1.889661532369780669e-02 6.185704265219296172e-01 1.008672686830675291e-01 2.616656894713055848e-01
1.981273826932125268e-02 5.625811420992321565e-01 1.230622850476295882e-01 2.945438345838173322e-01
1.982420739080899622e-02 4.878811633972038875e-01 1.449378651317870526e-01 3.473567640801999978e-01
1.845202326157882600e-02 3.940444016849455333e-01 1.606294093864384098e-01 4.268741656670373419e-01
1.565693478961155405e-02 2.882759918054345616e-01 1.624168325342110752e-01 5.336502408707429757e-01
1.206500286801551539e-02 1.904410492802457722e-01 1.458649141226546486e-01 6.516290337290843171e-01
8.739390167863587272e-03 1.188788490719207003e-01 1.181598474939518917e-01 7.542219132662638659e-01
6.354220370738307075e-03 7.542709641893240169e-02 9.199179117665703953e-02 8.262268920336720557e-01
4.948445745054126134e-03 5.161941457351659074e-02 7.426821462805113794e-02 8.691639250533782501e-01
4.341593191325927685e-03 3.946383854003045200e-02 6.582170992524230546e-02 8.903728583434014077e-01
4.323025269395701364e-03 3.359575054815939349e-02 6.436414272226743949e-02 8.977170814601777016e-01
4.646798215501618881e-03 3.025575127199445907e-02 6.612355291460017548e-02 8.989738975979038038e-01
5.035788234594828182e-03 2.693179686767556771e-02 6.689493794944215144e-02 9.011374769482876079e-01
5.229533217634634891e-03 2.261512803240689137e-02 6.349519917259285884e-02 9.086601395773654666e-01
5.096068077091976505e-03 1.786273168258310090e-02 5.596272212720485723e-02 9.210784781131200472e-01
4.784168670632279845e-03 1.386638770323851341e-02 4.810445381403464365e-02 9.332449898120946941e-01
4.703533906083032581e-03 1.133231428592532467e-02 4.416395210821971035e-02 9.398001996997721319e-01
5.193425359958599163e-03 1.021012815509121825e-02 4.593838131834107608e-02 9.386580651666093233e-01
6.364968141641907766e-03 9.972526438548142899e-03 5.373314775084867684e-02 9.299293576689615648e-01
8.389056786885723885e-03 1.018856185133792253e-02 6.898395991557429441e-02 9.124384214462016862e-01
1.167502368067169227e-02 1.065549503917048897e-02 9.459375634354807993e-02 8.830757249366096850e-01
1.654019401647044765e-02 1.112928749539818241e-02 1.326291059505924907e-01 8.397014125375389382e-01
2.259204870621263350e-02 1.140186718135684577e-02 1.816395870949059355e-01 7.843664970175246998e-01
2.844698371757954994e-02 1.151257986529237963e-02 2.344083489156916222e-01 7.256320875014363736e-01
3.194579998306699975e-02 1.150426550473745632e-02 2.808181528715530395e-01 6.757317816406424038e-01
3.154457747961063319e-02 1.122602121255701982e-02 3.158835681521923733e-01 6.413458331556400882e-01
2.792340094692960517e-02 1.062119303823914722e-02 3.381594319234788593e-01 6.232959740913524005e-01
2.331382520866275704e-02 9.793165610940526844e-03 3.426028466821022245e-01 6.242901624982944986e-01
1.915399600922132808e-02 8.850874210680091322e-03 3.257183343298426514e-01 6.462767954502557366e-01
1.787236606062565097e-02 8.260276602287609099e-03 2.956379647449058901e-01 6.782293925921811795e-01
1.954283022417750357e-02 8.273174558286284716e-03 2.698541653090002490e-01 7.023298299085358742e-01
2.268987918007871196e-02 8.774080333605400323e-03 2.574714727097702771e-01 7.110645677765452533e-01
2.844030993231356011e-02 9.892746356841617891e-03 2.579987436934614853e-01 7.036682000173835050e-01
3.866502169233438507e-02 1.204822159672639705e-02 2.660603566591025482e-01 6.832264000518365465e-01
5.485048312343011878e-02 1.541556225963192951e-02 2.678037535964373772e-01 6.619302010205005971e-01
7.648460660190052607e-02 1.968519939783291983e-02 2.536240530319284203e-01 6.502061409683379534e-01
1.007044517884829876e-01 2.428948359634309356e-02 2.271860669273765287e-01 6.478199976877972999e-01
1.279793837418685132e-01 2.930178922196283522e-02 1.951461190860027395e-01 6.475727079501654160e-01
1.591970638788597070e-01 3.541999623508131773e-02 1.619527094308331194e-01 6.434302304552260710e-01
1.928762100702530180e-01 4.379158291364160932e-02 1.322132198518008728e-01 6.311189871643048122e-01
2.269363774121203048e-01 5.647334476319434277e-02 1.054512890936729619e-01 6.111389887310120228e-01
2.493015236488386466e-01 7.385816184568347320e-02 8.298649598514970527e-02 5.938538185203281472e-01
2.518446704278543002e-01 9.434349843516802447e-02 6.751900572681011903e-02 5.862928254101676950e-01
2.406120383963829823e-01 1.166559073392003515e-01 6.078972383166520582e-02 5.819423304327515645e-01
2.271099084035637372e-01 1.391765905648780222e-01 5.993772990640087311e-02 5.737757711251576520e-01
2.130301989860180767e-01 1.585682738257331859e-01 6.309132689622133638e-02 5.653102002920276092e-01
1.965346141177003181e-01 1.690404413567902775e-01 6.542232022181893036e-02 5.690026243036905296e-01
1.747167097271737357e-01 1.652118669756741653e-01 6.325184736410696673e-02 5.968195759330452432e-01
1.489713071811797074e-01 1.485274949926490839e-01 5.658054478340633631e-02 6.459206530427651360e-01
