9.153851447736151281e-03 7.649963074477102998e-01 2.227916677647083787e-01 3.058173339845256938e-03
1.934180920725246319e-02 9.407043713672880170e-01 1.568321639377261156e-02 2.427060303168663072e-02
2.390180046821929055e-02 9.373457220551106861e-01 1.594537360743989579e-02 2.280710386923011368e-02
2.722694716665713735e-02 9.343966527941587330e-01 1.690937984474910616e-02 2.146702019443509288e-02
2.710661604664647145e-02 9.335022726295153506e-01 1.910551661065968201e-02 2.028559471317873883e-02
2.365766529313474004e-02 9.341755514618914624e-01 2.320275828266785134e-02 1.896402496230588722e-02
1.899644909929447054e-02 9.338076578394713945e-01 3.007785558470837256e-02 1.711803747652607122e-02
1.516342788252236611e-02 9.298926925994416282e-01 4.041733222059709640e-02 1.452654729743894230e-02
1.098496218613436749e-02 9.226168686977318512e-01 5.518952120551354201e-02 1.120864791062049434e-02
8.259177971427040729e-03 9.073993984374163491e-01 7.621455703490896683e-02 8.126866556247627771e-03
6.849212561437441164e-03 8.778339624558244569e-01 1.094193599958576957e-01 5.897464986880620458e-03
6.330826455921357426e-03 8.208587809703890015e-01 1.683748750893854784e-01 4.435517484303791447e-03
5.801524643836863775e-03 7.178836644386978882e-01 2.729370367134140718e-01 3.377774204051262920e-03
4.680161259626918445e-03 5.633349283396665852e-01 4.294698101755120567e-01 2.515100225194120444e-03
3.439892596578674865e-03 3.938350452346881525e-01 6.008693815363634894e-01 1.855680632369548395e-03
2.390108032384521877e-03 2.635464953213186856e-01 7.326247354562372971e-01 1.438661190059631594e-03
1.782418719314403854e-03 1.895596695878435656e-01 8.073761972199278159e-01 1.281714472914187181e-03
1.633440986612938158e-03 1.589544375215010963e-01 8.380382182027540372e-01 1.373903289132037209e-03
1.909664421218618948e-03 1.573455575564321751e-01 8.390156446379311017e-01 1.729133384418288103e-03
2.743037778651867195e-03 1.758617155190965731e-01 8.190046713720677829e-01 2.390575330183942939e-03
4.451998391781343892e-03 2.076268148708034778e-01 7.845732782760785895e-01 3.347908461336339056e-03
7.494140927451397628e-03 2.463060714433416010e-01 7.417135463142624507e-01 4.486241314944470863e-03
1.232238203996720814e-02 2.874089885311145176e-01 6.946228117696121585e-01 5.645817659306047280e-03
1.867334548720728238e-02 3.263992251860784455e-01 6.483488495034318566e-01 6.578579823282439815e-03
2.457744210978145619e-02 3.579618596493331362e-01 6.105244943035609273e-01 6.936203937324369323e-03
2.812042817948546408e-02 3.830500178620180329e-01 5.821216728919151873e-01 6.707881066581058115e-03
3.062148112789337545e-02 4.099346117622390540e-01 5.530248018154806378e-01 6.419105294387065543e-03
3.489539256984013071e-02 4.425976104259684019e-01 5.159586475291791929e-01 6.548349475012239795e-03
4.314090112644869413e-02 4.865464768091839476e-01 4.634487072552854192e-01 6.863914809082091728e-03
5.497989011670591231e-02 5.269935892230581675e-01 4.107565257260887281e-01 7.269994934147427056e-03
6.890408693257057959e-02 5.562300455409427968e-01 3.673626518434980892e-01 7.503215682988283695e-03
8.185900897521532216e-02 5.698780675795556139e-01 3.407141538547684978e-01 7.548769590460347595e-03
9.065243140478004835e-02 5.700961562886069922e-01 3.317792350944623325e-01 7.472177212150516758e-03
9.320914031360888474e-02 5.626359239321576666e-01 3.367996307939308265e-01 7.355304960302270004e-03
8.924335033240611559e-02 5.541013902295750526e-01 3.493423881470546499e-01 7.312871290964572182e-03
8.135458240801453356e-02 5.502468445996347990e-01 3.607477880529197378e-01 7.650784939430786517e-03
7.309809196372893392e-02 5.544783085823404845e-01 3.635044403745685826e-01 8.919159079362059747e-03
6.538597122142277007e-02 5.663192832112251551e-01 3.565629720263296387e-01 1.173177354102295650e-02
5.773114710250988602e-02 5.822374463807150624e-01 3.433135471905049418e-01 1.671785932627002993e-02
5.082968872178691283e-02 5.982280440360899787e-01 3.262917620592304946e-01 2.465050518289263123e-02
4.536578679682140569e-02 6.117827839884880659e-01 3.067705246787017503e-01 3.608090453598910424e-02
4.047552340767345685e-02 6.237684509719534365e-01 2.860047450125722257e-01 4.975128060780081851e-02
3.502120896942311629e-02 6.396718741159943544e-01 2.623888023715686413e-01 6.291811454301374229e-02
2.898481759219262086e-02 6.630760014167917937e-01 2.334497215598294040e-01 7.448945943118581714e-02
2.313488632717864216e-02 6.909053028732572432e-01 2.009864303440473121e-01 8.497338045551668106e-02
1.776204505006618445e-02 7.193825975751075852e-01 1.699155174480757036e-01 9.293983992675054762e-02
1.379121867883971279e-02 7.478824702951534231e-01 1.437838220775670695e-01 9.454248894843972351e-02
1.047041827454112985e-02 7.807203722568594184e-01 1.220762718687706250e-01 8.673293759982896034e-02
7.821042438767229418e-03 8.170908677646979701e-01 1.047532908546639080e-01 7.033479894187082138e-02
5.860492036956122322e-03 8.500982433600182686e-01 9.373075673430485144e-02 5.031050786872064140e-02
4.485168922216703491e-03 8.726946130534430912e-01 9.066913220003054719e-02 3.215108582430963730e-02
3.518022114387335964e-03 8.828510598170510315e-01 9.509351136094580659e-02 1.853740670761604495e-02
2.881330786734640197e-03 8.810800284197199961e-01 1.061594037968952020e-01 9.879236996650383323e-03
2.618026604281138876e-03 8.678085997054585388e-01 1.243319315909234279e-01 5.241442099336936916e-03
2.822904806430813398e-03 8.446855688566278220e-01 1.494194569182646370e-01 3.072069418676811291e-03
3.594367809834014306e-03 8.154480555037423306e-01 1.787986552055043366e-01 2.158921480919407873e-03
5.205512788123129071e-03 7.824907389255303380e-01 2.104018870663876550e-01 1.901861219958805209e-03
8.429191084154061264e-03 7.423257930003214211e-01 2.471731532311538526e-01 2.071862684370841517e-03
1.444890497302419967e-02 6.859547504540741691e-01 2.969915929832687151e-01 2.604751589632990205e-03
2.336838621790931700e-02 6.075262146245230532e-01 3.656663927131335035e-01 3.439006444434290679e-03
3.302860382588481553e-02 5.179205154161095059e-01 4.445272224420801499e-01 4.523658315925564201e-03
4.227262639015308410e-02 4.408376666844709413e-01 5.108994820235894796e-01 5.990224901786401351e-03
5.208147626490326060e-02 3.845824926129836618e-01 5.549676848755771275e-01 8.368346246535767960e-03
6.457806623619902209e-02 3.496498460572568523e-01 5.736071919002541097e-01 1.216489580629020843e-02
8.123684991303961600e-02 3.298553839277499899e-01 5.710502932425687295e-01 1.785747291664175826e-02
1.020529939264291641e-01 3.201167286765363440e-01 5.519875602678723236e-01 2.584271712916203986e-02
1.223884447627238831e-01 3.199676523012691121e-01 5.210167902883440227e-01 3.662711264766312091e-02
1.360385855559841095e-01 3.271605450339868937e-01 4.863446327740128527e-01 5.045623663601643549e-02
1.368371920531193109e-01 3.384584333481096552e-01 4.582875032642361735e-01 6.641687133453455516e-02
1.264239685861062723e-01 3.501062285871388013e-01 4.403857748853200471e-01 8.308402794143522618e-02
1.109300141483898217e-01 3.601308065585462348e-01 4.298223753581498774e-01 9.911680393491423269e-02
9.541769581879634698e-02 3.687257918593013772e-01 4.220655473576802041e-01 1.137909649642222382e-01
1.527130866650930688e-02 6.083023170065261498e-01 8.585666717763448808e-02 2.905697071493303918e-01
1.977294926909612532e-03 8.603492669769339241e-01 7.906801689890856355e-02 5.860542119724794496e-02
2.339287530631292168e-03 8.191257973807943848e-01 7.263469433350960847e-02 1.059002207550645003e-01
3.538969499419662192e-03 7.400208361060917062e-01 6.479908335705424072e-02 1.916411110374344751e-01
5.240691296992470993e-03 6.193332141181305817e-01 5.250073252874779689e-02 3.229253620561292060e-01
8.696275700064412528e-03 4.773300898579963536e-01 4.010473084602998034e-02 4.738689035959092188e-01
1.409159274434464842e-02 3.563381757369183944e-01 3.074930166867256495e-02 5.988209298500644095e-01
2.139667795684897095e-02 2.741550540836406036e-01 2.530572981668693239e-02 6.791425381428234376e-01
2.971939473524346995e-02 2.232945034467819778e-01 2.230818377924073323e-02 7.246779180387341590e-01
3.702212024201727986e-02 1.900666918614259127e-01 2.002096223668909519e-02 7.528902256598677400e-01
4.159606354382535537e-02 1.641780429155445531e-01 1.755029047837341691e-02 7.766756030622564699e-01
4.381139749065488670e-02 1.415616772541304635e-01 1.503065786763092652e-02 7.995962673875840476e-01
4.637371018218519603e-02 1.231448656058644342e-01 1.325952841263900762e-02 8.172218957993112598e-01
5.422157508451615204e-02 1.117302798980430723e-01 1.307484866657963873e-02 8.209732963508611370e-01
7.413058564099278547e-02 1.081327282151800656e-01 1.492956584630757491e-02 8.028071202975195497e-01
1.138524684604161619e-01 1.104512773493927930e-01 1.885488700723114350e-02 7.568413671829599121e-01
1.788325508395381402e-01 1.165291503687041208e-01 2.475939260220648072e-02 6.798789061895512686e-01
2.605824378185054302e-01 1.254584187269546236e-01 3.270791193550739995e-02 5.812512315190325740e-01
3.313093514422481012e-01 1.402145344085482526e-01 4.373554203726390949e-02 4.847405721119399380e-01
3.630582932183442635e-01 1.666116757637036982e-01 6.057673250578986951e-02 4.097532985121624671e-01
3.461723419523407008e-01 2.093165768418735750e-01 8.693834900100702590e-02 3.575727322047788093e-01
2.925268711205661343e-01 2.648436966294224759e-01 1.248422355402189071e-01 3.177871967097927186e-01
2.318652900401198536e-01 3.160556836138624925e-01 1.711456685747329565e-01 2.809333577712844199e-01
1.850218808038728291e-01 3.439832716753591368e-01 2.265809493491401094e-01 2.444138981716279246e-01
1.565760041882301445e-01 3.414236531822374965e-01 2.933105501742226950e-01 2.086897924553093586e-01
1.381277080679470248e-01 3.130616376809154944e-01 3.754669497347785101e-01 1.733437045163593315e-01
1.184348568747281005e-01 2.663403235501981547e-01 4.779962530706197699e-01 1.372285665044539194e-01
9.570339083219009391e-02 2.078815610707596684e-01 5.959503793930904791e-01 1.004646687039600916e-01
7.170974216181404126e-02 1.500486400113608676e-01 7.115897502755875736e-01 6.665186755123746198e-02
5.267992082185185554e-02 1.044255681525608909e-01 8.022479844313465946e-01 4.064652659424055486e-02
4.031022430932991452e-02 7.587944421479447810e-02 8.596965091283568228e-01 2.411382234751896156e-02
3.447849883012692879e-02 6.007136557879803190e-02 8.905130905379866624e-01 1.493704505308839081e-02
3.230312307150690065e-02 5.061517598233312987e-02 9.072377613990298961e-01 9.843939547129807940e-03
3.143321975266222257e-02 4.387716474503861042e-02 9.178240673893005575e-01 6.865548112998746608e-03
3.108678193850312674e-02 3.956005597919888539e-02 9.241748196918547764e-01 5.178342390442926095e-03
3.186607004663574022e-02 3.860184771218611727e-02 9.251513574611137658e-01 4.380724780064240535e-03
3.442468701026164812e-02 4.226026064407605726e-02 9.190941940288795964e-01 4.220858316782794516e-03
3.901550594157145169e-02 5.358392308401144916e-02 9.027692147497038411e-01 4.631356224713277167e-03
4.567487551973018617e-02 8.082545472264153485e-02 8.676769591253896685e-01 5.822710632238732760e-03
5.501940571352037512e-02 1.434264407143545361e-01 7.931379854593639811e-01 8.416168112760845713e-03
6.992266011550539451e-02 2.715216673627982025e-01 6.449750678368274537e-01 1.358060468486887648e-02
9.185842455988629807e-02 4.583921242496463155e-01 4.276270864044937614e-01 2.212236478597360764e-02
1.159914114821316983e-01 6.127562971606984599e-01 2.386584310886590288e-01 3.259386026851063267e-02
1.387864872206532041e-01 6.804501978891468461e-01 1.372604217743269850e-01 4.350289311587309665e-02
1.487673828173147472e-01 7.045446755097390934e-01 9.229502583680740391e-02 5.439291583613856118e-02
1.293088299376692896e-01 7.410263312872086283e-01 6.666603648917047986e-02 6.299880228595160225e-02
8.768431274513757701e-02 8.007424409288502742e-01 4.652897672162806253e-02 6.504426960438393357e-02
5.063043925461114397e-02 8.569286980377541774e-01 3.159511870979527653e-02 6.084574399783924947e-02
3.143854978338366662e-02 8.865572513811590394e-01 2.346827326729133967e-02 5.853592556816587106e-02
2.699781682924737650e-02 8.858636599378562071e-01 2.072847979165012844e-02 6.641004344124612491e-02
3.419995833860644402e-02 8.502300796527878513e-01 2.225589539635985936e-02 9.331406661224619925e-02
5.753431293752984954e-02 7.641662527140129502e-01 2.766121858074816614e-02 1.506382157677086664e-01
9.364075412059107151e-02 6.388584248636733909e-01 3.530344485412248434e-02 2.321973761616133725e-01
1.295123789266857950e-01 5.232036167592566400e-01 4.351534436110753717e-02 3.037686599529501597e-01
1.586926046467542206e-01 4.474801238954787541e-01 5.424361190760988022e-02 3.395836595501571242e-01
1.821784190538717207e-01 4.063863380716160600e-01 6.963560015529626779e-02 3.417996427192161457e-01
1.976407882009655892e-01 3.842858708836673354e-01 9.043757998672606602e-02 3.276357609286410510e-01
2.041783535426972274e-01 3.654786957673830106e-01 1.156441391364026600e-01 3.146988115535169217e-01
1.971638116416044029e-01 3.436950901086204824e-01 1.450765702879011632e-01 3.140645279618741181e-01
1.797743695318916313e-01 3.130668619433124022e-01 1.786338278948959024e-01 3.285249406298999530e-01
1.590375456957120182e-01 2.752324881941914936e-01 2.142365067274731028e-01 3.514934593826232745e-01
1.401970639840882660e-01 2.349416679724048440e-01 2.552681405667342474e-01 3.695931274767724761e-01
1.235105869234370130e-01 2.008934918491338817e-01 3.041623875535414134e-01 3.714335336738877613e-01
1.069157827348323486e-01 1.768454659317995059e-01 3.627570957480026337e-01 3.534816555853653730e-01
8.708641420689466894e-02 1.625626575086915881e-01 4.317660975648312527e-01 3.185848307195825457e-01
6.396838154484243977e-02 1.535652426387556224e-01 5.139423358016974586e-01 2.685240400147043682e-01
4.185951819581413408e-02 1.427555117234441118e-01 6.103769459544030607e-01 2.050080241263383118e-01
2.533679185658726032e-02 1.264784590426698552e-01 7.048283030845297059e-01 1.433564460162129184e-01
1.542922017925617457e-02 1.081099254747439897e-01 7.767084614057968572e-01 9.975239294020300795e-02
9.962385354282562305e-03 9.126912627844666059e-02 8.253740531170860040e-01 7.339443525018510273e-02
6.859460775010295039e-03 7.667171261539611204e-02 8.594290172545501205e-01 5.703980935504319311e-02
5.049854521599526913e-03 6.400814702759302643e-02 8.851473947518475605e-01 4.579460369895989313e-02
2.224457439110965468e-02 1.552333056709588877e-01 6.435907420873340223e-01 1.789313778505973451e-01
2.110373904445332627e-02 2.779446493907989368e-01 3.653044966030585261e-01 3.356471149616895855e-01
1.824129419536406685e-02 2.909514688104124502e-01 3.914789692993020931e-01 2.993282676949211019e-01
1.639352091443184098e-02 2.989876931542702065e-01 4.164381032172928543e-01 2.681806827140052474e-01
1.503361721927673651e-02 3.050807494914100082e-01 4.382977228335573905e-01 2.415879104557556445e-01
1.373454286747579668e-02 3.141402289045412966e-01 4.529684755243115202e-01 2.191567527036710483e-01
1.243350335876398406e-02 3.326673391121758305e-01 4.542425135643418654e-01 2.006566439647184397e-01
1.120144283434021393e-02 3.641069278329581715e-01 4.390630363684073223e-01 1.856285929642945698e-01
1.004408800783293532e-02 4.055903216671173928e-01 4.114239399372098260e-01 1.729416503878398736e-01
8.975320751430520411e-03 4.494667323188290542e-01 3.787581049283926804e-01 1.627998420013477554e-01
8.038952013468493932e-03 4.858887410065645396e-01 3.481721805538803838e-01 1.579001264260865012e-01
7.299994803261510880e-03 5.064276643882199558e-01 3.243830695297470479e-01 1.618892712787714239e-01
6.876540917568834711e-03 5.075925078465841622e-01 3.085364116645127330e-01 1.769945395713343750e-01
6.829146839105629078e-03 4.914514275533389265e-01 2.994957628407157735e-01 2.022236627668397291e-01
7.120014011246054465e-03 4.638384355823160776e-01 2.957617567901192346e-01 2.332797936163188146e-01
7.631089436715665121e-03 4.314672792161425852e-01 2.961458025028828600e-01 2.647558288442586893e-01
8.155304576014229742e-03 4.003174706418807793e-01 2.988391052597897946e-01 2.926881195223154375e-01
8.445186545668365019e-03 3.744317604284227441e-01 3.009341310217943932e-01 3.161889220041145809e-01
8.342405933394692052e-03 3.552130281658478772e-01 3.005548370803204916e-01 3.358897288204369391e-01
7.968579275570686002e-03 3.418406268561820505e-01 2.980646687865919908e-01 3.521261250816551391e-01
7.562452904441855500e-03 3.312951841043912382e-01 2.938905756275418391e-01 3.672517873636250707e-01
7.212564892722670394e-03 3.188322165660970042e-01 2.864282410738149265e-01 3.875269774673653078e-01
6.841818212774741781e-03 2.999215668442910543e-01 2.734448922591747322e-01 4.197917226837595273e-01
6.365269988177814538e-03 2.718621487835735651e-01 2.544155781069012412e-01 4.673570031213469256e-01
5.842765336381829273e-03 2.375560470271245173e-01 2.319781534206700746e-01 5.246230342158237914e-01
5.481775729484626714e-03 2.069075526955214683e-01 2.123350562984267775e-01 5.752756152765667874e-01
5.533394209443724156e-03 1.896135573623656256e-01 2.014249113595362739e-01 6.034281370686541690e-01
6.108497221973185551e-03 1.879929445136444000e-01 2.008298916975664594e-01 6.050686665668159048e-01
7.105408769724102722e-03 1.983804149436753372e-01 2.075126409797010685e-01 5.870015353068994690e-01
8.244815388297572004e-03 2.141500166772680180e-01 2.157854614315185271e-01 5.618197065029156834e-01
9.299170276474914842e-03 2.314879828029999531e-01 2.204725470193617531e-01 5.387402999011631222e-01
1.019980560021878022e-02 2.523640102351729086e-01 2.171109388878003088e-01 5.203252452768083458e-01
1.096794867288178495e-02 2.815450939686515719e-01 2.030252737332284008e-01 5.044616836252382441e-01
1.161688154463073712e-02 3.222023227762890185e-01 1.793810925865428896e-01 4.867997030925375057e-01
1.198338748469373986e-02 3.720848699248095470e-01 1.504217744485318586e-01 4.655099681419647140e-01
1.173575047172689678e-02 4.264992723934128982e-01 1.213595368130730018e-01 4.404054403217873004e-01
1.086546386770740821e-02 4.877106450730954168e-01 9.651100404962327517e-02 4.049128870095740074e-01
9.777815577899792721e-03 5.627461510496399866e-01 7.722232251623127597e-02 3.502537108562287504e-01
8.856660147760968965e-03 6.485650029900832392e-01 6.199689385126254393e-02 2.805814430108933277e-01
7.707836869209134384e-03 7.281590597059672820e-01 4.914758382704430967e-02 2.149855195977793398e-01
6.932224098606070209e-03 7.867449121587539729e-01 3.769777878678175209e-02 1.686250849558580678e-01
6.327083886180164679e-03 8.226776970508413722e-01 2.760313532291681915e-02 1.433920837400618209e-01
5.816105508287475710e-03 8.382215259478110747e-01 1.921347741136153128e-02 1.367488911325397682e-01
5.558754053941273275e-03 8.312637329293947053e-01 1.312750589576979800e-02 1.500500071208943353e-01
5.725679174832062901e-03 7.972733052478753191e-01 9.250334247244636904e-03 1.877506813300480748e-01
5.499613020139488585e-03 7.296579489917489614e-01 6.883715226022760723e-03 2.579587227620885326e-01
5.609453682670667747e-03 6.142316983304577649e-01 5.335863422871784181e-03 3.748229845639996505e-01
5.825449191318107962e-03 4.518207079203905852e-01 4.194133019372051768e-03 5.381597098689192560e-01
5.725160297945867602e-03 2.833163621068343629e-01 3.171552562564993513e-03 7.077869250326546124e-01
5.284778400181088312e-03 1.579031972568714359e-01 2.325492928531805448e-03 8.344865314144156443e-01
4.912342172172988637e-03 8.448103270143991761e-02 1.759174154661601952e-03 9.088474509717252570e-01
4.413354352711416038e-03 4.518495818328806951e-02 1.344990737416700954e-03 9.490566967265837706e-01
4.511952989227726273e-03 2.431616066786857974e-02 1.147067792042082840e-03 9.700248185508617560e-01
3.811516620061180388e-03 1.362128281488208387e-02 9.016373502463582296e-04 9.816655632148103550e-01
3.850469874538142451e-03 8.023074260557956985e-03 7.821465377621868338e-04 9.873443093271416782e-01
3.889318347331600662e-03 5.216220922295828830e-03 7.011879502422153519e-04 9.901932727801305845e-01
3.950190612123042483e-03 3.904410844953331346e-03 6.665741760083073938e-04 9.914788243669153678e-01
4.165728560797495733e-03 3.460613121917594914e-03 6.966606539868905627e-04 9.916769976632980876e-01
4.584954721851565093e-03 3.566006362996313166e-03 7.989776586414143889e-04 9.910500612565107392e-01
5.106232727734450437e-03 4.031217485672568268e-03 9.686393776540698887e-04 9.898939104089389263e-01
5.463675868625562405e-03 4.649519662068710146e-03 1.177970503126595046e-03 9.887088339661792569e-01
5.346356140178787873e-03 5.099527108389847845e-03 1.349210457109943639e-03 9.882049062943214501e-01
4.717308039670888888e-03 5.117116742091260516e-03 1.416185533192019109e-03 9.887493896850459985e-01
3.889738798563781297e-03 4.658466924978946731e-03 1.389361450427978751e-03 9.900624328260291263e-01
3.219364585984573965e-03 3.934023131902453403e-03 1.339444709400305607e-03 9.915071675727128442e-01
2.898708534139788229e-03 3.264627973754156282e-03 1.357355263780701251e-03 9.924793082283254186e-01
2.953917446915991108e-03 2.826011958289173943e-03 1.517132715383901669e-03 9.927029378794107739e-01
3.299077197334164286e-03 2.579378124899824650e-03 1.838504577681483298e-03 9.922830401000843903e-01
3.751065266605489029e-03 2.385598943494958001e-03 2.257269037940050523e-03 9.916060667519595029e-01
4.073374491126370740e-03 2.132979131451860806e-03 2.637865173222389645e-03 9.911557812041992266e-01
4.143304325163531081e-03 1.827313479633623948e-03 2.870877246148272749e-03 9.911585049490547750e-01
3.947452837441750226e-03 1.526267033399108771e-03 2.894019480447171909e-03 9.916322606487120161e-01
8.173336887802623574e-02 3.718521488693704025e-01 2.999358420127079539e-01 2.464786402398954634e-01
5.695744041335327329e-02 7.901617042696906790e-01 2.835771383978591409e-02 1.245231414771700018e-01
4.375316729034170460e-02 8.322647257077097072e-01 2.564555028682613882e-02 9.833655671512260554e-02
3.487894111001457742e-02 8.577504530522335191e-01 2.452325398688391667e-02 8.284735185086782028e-02
3.199250130541467230e-02 8.600823846739252820e-01 2.623067447355134293e-02 8.169443954710854661e-02
3.646559099361206674e-02 8.347773453628839491e-01 3.146606152307893089e-02 9.729100212042519902e-02
5.370390416008110485e-02 7.722989331502621013e-01 3.959191113033307119e-02 1.344052515593236186e-01
9.316013402432050949e-02 6.563064265269679121e-01 4.806872674231817827e-02 2.024647127063935181e-01
1.614984725277557320e-01 4.824225757209001375e-01 4.952114038855857936e-02 3.065578113627852597e-01
2.276235982729379326e-01 3.080510614869733654e-01 4.050368602052836081e-02 4.238216542195601400e-01
2.551091533897558161e-01 2.002787507613359441e-01 2.994792212203955042e-02 5.146641737268689010e-01
2.446308424331555820e-01 1.570208971879534232e-01 2.437742524375046543e-02 5.739708351351406890e-01
2.066951986051067114e-01 1.560893613612900910e-01 2.356761814765935201e-02 6.136478218859436895e-01
1.555602400828134113e-01 1.885486652595126378e-01 2.625338443600776575e-02 6.296377102216661470e-01
1.026018122132866389e-01 2.526308471041551207e-01 3.107068579601947669e-02 6.136966548865389059e-01
5.897504930074227991e-02 3.410053894254596596e-01 3.570176201641371561e-02 5.643177992573844559e-01
3.143746146752563614e-02 4.387362743763926209e-01 3.861495224243167990e-02 4.912113119136501393e-01
1.672666586593986315e-02 5.301680457777390165e-01 4.002179137657082414e-02 4.130834969797503309e-01
9.371108514872548631e-03 6.091281233729299860e-01 4.085084434933170666e-02 3.406499237628658472e-01
6.105315826874812592e-03 6.768209256437640597e-01 4.173486837741283151e-02 2.753388901519484566e-01
4.077430231113417410e-03 7.320331264947004257e-01 4.487854573898922977e-02 2.190108975351970910e-01
3.068415716055306747e-03 7.708067224647553450e-01 5.139349721574189983e-02 1.747313646034472923e-01
2.585922012224837942e-03 7.914480945019956026e-01 6.365609903639915523e-02 1.423098844493803361e-01
2.263466439296399606e-03 7.952168383829362197e-01 8.334636202928229209e-02 1.191733331484848973e-01
2.286750356072841505e-03 7.747386757430032578e-01 1.189159465198121879e-01 1.040586273811118651e-01
2.441054843895307594e-03 7.293751346074439645e-01 1.730979950516675081e-01 9.508581549699321456e-02
2.443822780440282720e-03 6.519005718118301429e-01 2.555991625689235103e-01 9.005644283880617773e-02
2.893325340318208920e-03 5.455201517238981168e-01 3.655144753160401994e-01 8.607204761974340812e-02
3.589197184521616003e-03 4.219459773372093991e-01 4.929260812889684207e-01 8.153874418930071033e-02
4.546190570691431045e-03 3.030256407558966636e-01 6.175853307207259668e-01 7.484283795268607820e-02
5.737102380041916340e-03 2.082733738234685272e-01 7.208824746275626083e-01 6.510704916892728900e-02
7.257200525672776251e-03 1.424766189968569574e-01 7.970428606136776839e-01 5.322331986379266050e-02
9.567815119954253475e-03 1.011737135789973208e-01 8.477983861047861947e-01 4.146008519626231265e-02
1.389502544012696621e-02 7.870735031419592853e-02 8.750463653097581007e-01 3.235125893591919710e-02
2.275010460053718264e-02 6.988737889027868411e-02 8.802792682892021103e-01 2.708324821998189802e-02
4.038278921338835786e-02 7.121890747298698088e-02 8.629598178835689026e-01 2.543848543005571353e-02
7.075689834918393040e-02 8.053876833768874866e-02 8.230139074074228622e-01 2.569042590570438239e-02
1.136679169301228476e-01 9.642971495250846070e-02 7.637904786383804545e-01 2.611188947898811230e-02
1.648008332626397787e-01 1.179467557629744895e-01 6.905843979362884522e-01 2.666801303809743576e-02
2.200241505952676146e-01 1.436668332309734564e-01 6.085234300902711002e-01 2.778558608348782183e-02
2.778963889919451868e-01 1.704227439428723789e-01 5.221289608605156340e-01 2.955190620466683835e-02
3.360423423849413505e-01 1.936811428084886377e-01 4.383034083038470086e-01 3.197310650272288529e-02
3.916714297596758931e-01 2.094767227662504838e-01 3.638978101601371695e-01 3.495403731393635638e-02
4.459155011285689252e-01 2.156834997479717131e-01 3.001114425055194657e-01 3.828955661794025689e-02
5.033558684716837872e-01 2.109453561993891446e-01 2.440682130854410214e-01 4.163056224348594958e-02
5.653001378929332077e-01 1.956071062708132080e-01 1.944511539246303600e-01 4.464160191162315494e-02
6.259125905930950085e-01 1.733537314938678464e-01 1.531399796040946726e-01 4.759369830894284725e-02
6.754908933959563599e-01 1.506301303858980645e-01 1.220437962306009788e-01 5.183517998754440942e-02
7.114546881204111273e-01 1.293284105463109179e-01 1.003109467971038393e-01 5.890595453617386568e-02
7.306724313024840489e-01 1.129197820329465862e-01 8.560688305841865353e-02 7.080090360615065581e-02
7.335264614365076818e-01 1.016672136220964917e-01 7.474493868215877079e-02 9.006138625923672258e-02
7.138802114417319711e-01 9.751890088675413404e-02 6.799953252886399568e-02 1.206013551426497743e-01
6.740123361897860654e-01 9.932361431406071250e-02 6.333162924129481786e-02 1.633324202548583071e-01
6.157216987015976528e-01 1.069121356550464530e-01 6.005104130360715969e-02 2.173151243397486998e-01
5.319896683534044435e-01 1.228362693784603582e-01 5.894588447074956133e-02 2.862281777973857411e-01
4.151316411192686462e-01 1.493288305995408016e-01 6.068196309945114025e-02 3.748575651817394050e-01
2.864704742085367184e-01 1.796033921583782555e-01 6.173132303879053095e-02 4.721948105942947449e-01
1.792639235800750075e-01 2.116388153982030340e-01 6.125205316211826401e-02 5.478452078596035557e-01
1.095493842793800465e-01 2.548565542751664581e-01 5.935163926297358505e-02 5.762424221824796744e-01
6.716626835147569696e-02 3.152888701220432077e-01 5.702976902728315589e-02 5.605150924991979533e-01
4.145117160413375884e-02 3.877628056478344409e-01 5.472576691467265220e-02 5.160602558333589052e-01
2.625339407971763114e-02 4.678680524588819112e-01 5.287267367345935276e-02 4.530058797879412125e-01
1.739138692755362939e-02 5.550605802487281748e-01 5.172520994258099358e-02 3.758228228811373861e-01
1.189127824557048400e-02 6.477637668638257518e-01 5.077470993138591404e-02 2.895702449592179595e-01
8.741681640514750024e-03 7.356085941411556473e-01 5.040317752987902300e-02 2.052465466884509093e-01
6.093923024338312837e-03 8.081531616259866047e-01 4.898133555926681426e-02 1.367715797904083541e-01
4.765635966560535439e-03 8.592139250718442423e-01 4.562769196149557560e-02 9.039274700009966579e-02
4.049309898522312177e-03 8.892297237686400679e-01 4.226128517826392705e-02 6.445968115457337277e-02
4.016945891100693299e-03 9.008997300952490406e-01 4.156040071839328665e-02 5.352292329525704800e-02
4.961603784025800205e-03 8.973532396758595597e-01 4.544865424097793011e-02 5.223650229913688603e-02
7.640427249694775255e-03 8.796161359083730646e-01 5.537831244916006229e-02 5.736512439277186015e-02
1.363355144935132768e-02 8.448380090823518485e-01 7.293702694275849829e-02 6.859141252553856150e-02
7.275073356281805959e-01 2.159279113745077583e-01 5.167114684735323038e-02 4.893606149958063326e-03
7.042798075044527373e-01 2.249447119042876642e-01 6.561318323493764426e-02 5.162297356322171141e-03
6.610479764639871636e-01 2.446422709109873084e-01 8.885618568727206290e-02 5.453566937753665488e-03
5.937848687066580311e-01 2.787439345972117510e-01 1.218371130879423725e-01 5.634083608188227878e-03
5.020848916540670004e-01 3.315883919536781188e-01 1.605993824488862187e-01 5.727333943368762698e-03
3.987326716555922301e-01 4.021547728813880118e-01 1.931021172510467565e-01 6.010438211973223588e-03
3.013781166172929682e-01 4.833895494193590769e-01 2.082926511212999932e-01 6.939682842047878442e-03
2.188250434959622126e-01 5.655818134478441950e-01 2.066765148772924943e-01 8.916628178901092952e-03
1.614198781191486520e-01 6.303503652317762329e-01 1.957545654034015259e-01 1.247519124567318845e-02
1.261879263327655432e-01 6.745327771859980226e-01 1.810758124320758777e-01 1.820348404916061549e-02
1.048498923735828176e-01 7.020789690684374751e-01 1.660923045951744614e-01 2.697883396280492327e-02
9.094875473095727358e-02 7.184079515160961549e-01 1.513877834108929010e-01 3.925551034205385786e-02
8.128729343289797793e-02 7.291719645466018251e-01 1.349122048001238361e-01 5.462853722037622900e-02
7.411853507195458046e-02 7.343902871225388429e-01 1.186032319707228666e-01 7.288794583478361289e-02
6.948899714451371723e-02 7.306664609453664694e-01 1.049091323219826927e-01 9.493540958813720398e-02
6.822115286647852106e-02 7.142621740073779035e-01 9.502892195067444425e-02 1.224877511754693116e-01
7.125288375567460919e-02 6.840681061329682011e-01 8.870759102176298261e-02 1.559714190895939989e-01
7.936106111691142162e-02 6.419110805899652661e-01 8.581808373260768619e-02 1.929097745605156677e-01
9.081650042000560807e-02 5.982047108871554331e-01 8.313471453235994624e-02 2.278440741604788322e-01
1.093174526557410126e-01 5.547300208460402837e-01 8.033228576413566080e-02 2.556202407340827376e-01
1.331042467575749011e-01 5.150612619478950327e-01 7.914963046105673306e-02 2.726848608334729862e-01
1.660694951705370126e-01 4.783669865054249737e-01 7.775338684858552896e-02 2.778101314754527484e-01
2.068328974240641327e-01 4.463705044955050827e-01 7.639252424548907683e-02 2.704040738349421380e-01
7.739575200778373021e-02 8.586747013241714521e-01 4.869321230372759129e-02 1.523633436431683953e-02
3.445277162031446655e-02 9.198202774198361853e-01 3.517514758676214964e-02 1.055180337308708402e-02
1.490307519080071030e-02 9.529276137426395676e-01 2.510588723451713175e-02 7.063423832042434181e-03
6.410746663484777688e-03 9.690326712276613463e-01 1.950126444835907288e-02 5.055317660495065035e-03
3.150207210159105316e-03 9.753950025343742780e-01 1.718942546400559560e-02 4.265364791461083958e-03
1.813550720716042546e-03 9.767661020189523091e-01 1.721170033199155222e-02 4.208646928340087877e-03
1.196925881170336726e-03 9.752476319408290850e-01 1.898454879635487133e-02 4.570893381646024163e-03
8.709543273324365023e-04 9.717095440354750480e-01 2.227213233701480846e-02 5.147369300177807687e-03
3.971694063519285106e-04 9.665055339532155898e-01 2.728643749748720440e-02 5.810859142945316858e-03
5.925398226724099037e-04 9.585793575435771485e-01 3.438897055306382872e-02 6.439132080686583472e-03
4.499581715507682510e-04 9.488782661364457693e-01 4.362323931133317567e-02 7.048536380670324467e-03
4.127350713160675920e-04 9.325981862289322022e-01 5.885613155496712684e-02 8.132947144784795010e-03
4.285135141164350746e-04 9.065821534326528042e-01 8.273702837465851667e-02 1.025230467857241902e-02
5.022603939951333181e-04 8.680410948625959522e-01 1.174776814445553236e-01 1.397896329885357780e-02
6.563082653445706212e-04 8.173308581345253288e-01 1.623098135973768397e-01 1.970302000275330617e-02
5.188234017162403127e-04 7.587998447324056928e-01 2.123347388447838213e-01 2.834659302109407766e-02
5.477509265204664199e-04 7.009933869635655013e-01 2.567183549451945157e-01 4.174050716471936623e-02
6.066174817036337373e-04 6.519233939765665120e-01 2.844416392701085705e-01 6.302834927162154210e-02
7.263747285265134300e-04 6.128916283923317998e-01 2.892538585450719624e-01 9.712813833406977460e-02
9.438434202450552086e-04 5.772332693994133290e-01 2.713224696837862049e-01 1.505004174965554054e-01
1.241000414584333142e-03 5.347411441618091787e-01 2.356361114447102501e-01 2.283817439788962400e-01
1.483240991188071759e-03 4.834218430147489975e-01 1.898697189192074253e-01 3.252251970748556986e-01
1.606348509558850040e-03 4.341488941522960165e-01 1.434762404113574252e-01 4.207685169267876835e-01
1.680794831118350569e-03 3.947755983927797030e-01 1.038799806412346455e-01 4.996636261348670893e-01
1.711348736311098153e-03 3.647105607850534836e-01 7.342049291969747482e-02 5.601575975589379031e-01
1.672158526986255609e-03 3.444142071231081625e-01 5.192120459985903602e-02 6.019924297500465205e-01
1.591647983206096687e-03 3.388072004274261251e-01 3.823467135893864749e-02 6.213664802304287305e-01
1.542175373028177804e-03 3.554980599509788286e-01 3.067514810454238794e-02 6.122846165714508349e-01
1.600564286270741120e-03 3.987487083396275556e-01 2.753068914301156148e-02 5.721200382310902555e-01
1.824006635171769759e-03 4.630982406883435987e-01 2.733710302786319934e-02 5.077406496486215337e-01
2.227849722443165682e-03 5.327827339188384581e-01 2.887383176171308408e-02 4.361155845970047240e-01
2.872752475783699015e-03 5.916649128150293091e-01 3.203036016778337824e-02 3.734319745414036995e-01
3.927146456576925855e-03 6.299207476815239515e-01 3.770379064373583639e-02 3.284483152181629784e-01
5.560861383710856767e-03 6.446067294734454389e-01 4.662740616086304135e-02 3.032050029819806092e-01
7.854531977342054175e-03 6.376168099608882089e-01 5.783260065761817309e-02 2.966960574041516141e-01
1.006042978759394066e-02 6.128879872125895245e-01 6.977911469258575583e-02 3.072724683072307061e-01
1.223029589488068385e-02 5.761181772174094329e-01 7.915874892222934944e-02 3.324927779654806015e-01
1.403204032111147331e-02 5.346500764724679833e-01 8.462251979819457315e-02 3.666953634082258939e-01
1.541640343389723625e-02 4.962135094590493511e-01 8.782643233062759069e-02 4.005436547764256727e-01
1.650560302853329442e-02 4.622820632151306564e-01 9.153261236710373561e-02 4.296797213892324940e-01
1.740910783905809389e-02 4.260896931231638596e-01 9.682280390421599270e-02 4.596783951335620122e-01
1.794019381900570365e-02 3.791223777081115798e-01 1.021873214840545302e-01 5.007501069888282696e-01
1.755180561681748963e-02 3.170729189535135828e-01 1.043233665583481184e-01 5.610519088713207259e-01
1.575196650723899999e-02 2.420411877330153894e-01 1.000741650249834663e-01 6.421326807347625953e-01
1.256369929160049831e-02 1.654271965746108852e-01 8.632187609700792130e-02 7.356872280367808825e-01
9.168881231321862960e-03 1.015952720621930150e-01 6.745671633745589646e-02 8.217791303690289428e-01
6.270423387454321026e-03 5.973169052631140119e-02 4.915844175708689728e-02 8.848394443291471845e-01
4.296314835928652549e-03 3.639260822335785989e-02 3.560474775754810667e-02 9.237063291831656420e-01
3.128682535649217507e-03 2.420206600583532999e-02 2.716372287912901737e-02 9.455055285793865227e-01
2.534700692120229158e-03 1.803185228335100337e-02 2.279466536458232481e-02 9.566387816599466465e-01
2.301822696675360005e-03 1.493695717222016592e-02 2.111076672744062119e-02 9.616504534036640628e-01
2.245234903896277303e-03 1.307171534920325770e-02 2.057421000577557002e-02 9.641088397411248234e-01
2.225103344846306435e-03 1.134826986886180479e-02 1.976264783584697274e-02 9.666639789504446467e-01
2.164602456714021048e-03 9.406853009743929364e-03 1.782878079368908908e-02 9.705997637398527944e-01
2.059851443358410444e-03 7.472619250904925965e-03 1.493164267014915857e-02 9.755358866355873237e-01
1.981492662063049845e-03 5.932160664847438078e-03 1.205232026737873552e-02 9.800340264057109119e-01
2.079330108204021591e-03 5.018227349838263497e-03 1.018776560699605725e-02 9.827146769349617283e-01
2.535632757829684759e-03 4.751490019476827843e-03 9.721863410618264076e-03 9.829910138120752094e-01
3.530434039567098125e-03 4.971995932048869395e-03 1.056778213061432617e-02 9.809297878977695229e-01
5.398984718400721625e-03 5.565969468760979290e-03 1.289901796502547666e-02 9.761360278478127261e-01
8.809694455196493204e-03 6.494561752287056691e-03 1.741331483448902220e-02 9.672824289580272961e-01
1.452459370638952731e-02 7.578475191548543835e-03 2.503883031061161085e-02 9.528581007914502798e-01
2.242535139804999883e-02 8.511015862530550702e-03 3.659645410358835366e-02 9.324671786358313952e-01
3.037109321514300936e-02 9.103480265081866779e-03 5.229939367885116236e-02 9.082260328409244021e-01
3.423347222514350197e-02 9.215655374031087033e-03 7.047595296184078206e-02 8.860749194389846428e-01
3.141161187181251702e-02 8.706441328282918737e-03 8.761523478615894367e-02 8.722667120137453933e-01
2.412196678718793105e-02 7.686297555228551424e-03 9.998865385753598345e-02 8.682030818000476824e-01
1.658549131237790214e-02 6.395512096827492103e-03 1.036516524249956606e-01 8.733673441657989756e-01
1.124820576784727258e-02 5.076709614043255908e-03 9.705242394801727457e-02 8.866226606700919888e-01
8.307299993354709880e-03 4.029877523373465512e-03 8.537474009879665593e-02 9.022880823844751097e-01
7.049706741587881582e-03 3.428986189797706384e-03 7.677022042197823026e-02 9.127510866466361783e-01
6.761067475863868220e-03 3.237815878778914011e-03 7.463486693915294401e-02 9.153662497062041714e-01
7.277913066569558463e-03 3.448413807571599436e-03 7.860973081962144282e-02 9.106639423062374838e-01
9.065094198988552301e-03 4.246536282077060902e-03 8.734769882949726394e-02 8.993406706894369051e-01
1.254660977265235552e-02 5.757332343315039146e-03 9.548097300195294845e-02 8.862150848820794513e-01
1.794850774271089522e-02 7.963515449118663270e-03 9.707873399453377516e-02 8.770092428136369023e-01
2.561498109271844251e-02 1.081324665900115604e-02 9.101745694599171210e-02 8.725543153022887743e-01
3.639803283456091720e-02 1.436316316838253185e-02 8.001148679717355605e-02 8.692273171998832204e-01
5.209179032630420481e-02 1.893478266094554552e-02 6.791017410114842667e-02 8.610632529116017952e-01
7.584496218954353552e-02 2.549734894899272422e-02 5.810753264493766224e-02 8.405501562165260676e-01
1.095064353641729687e-01 3.535150179844697566e-02 5.133877687743958196e-02 8.038032859599404389e-01
1.460954144621439410e-01 4.807707437727130884e-02 4.625252153623569951e-02 7.595749896243491062e-01
1.731302177638478768e-01 6.133560503777222422e-02 4.273872690230547111e-02 7.227954502960742822e-01
1.864255790305552329e-01 7.369848364846172395e-02 4.191897410027882465e-02 6.979569632207042185e-01
1.901740402743720970e-01 8.442409523677033012e-02 4.423024072832487663e-02 6.811716237605326407e-01
1.862103386676642047e-01 9.406800094102570065e-02 4.844254588202706602e-02 6.712791145092829037e-01
1.757496264340599468e-01 9.839312875885447562e-02 5.185779108369154011e-02 6.739994537233938710e-01
1.592450914950253871e-01 9.363026908231637802e-02 5.096785409506637138e-02 6.961567853275920648e-01
1.363892098786518570e-01 8.291855173256783285e-02 4.751454624402009358e-02 7.331776921447599182e-01
