1.533609974689256195e-01 1.036639813799751682e-02 8.026981029439815840e-01 3.357450144909524675e-02
9.379952933380043822e-03 5.847747337001358847e-01 3.974820476189321883e-01 8.363265747551766952e-03
8.609661131025401690e-03 5.662909791344146182e-01 4.172694693310237124e-01 7.829890403536030052e-03
7.719628441860375626e-03 5.350704835695191397e-01 4.494663548583086032e-01 7.743533130311632505e-03
6.755816478743395179e-03 4.873727232285237077e-01 4.982289420652925571e-01 7.642518227440365207e-03
5.656312217887144236e-03 4.243591368710063483e-01 5.627987343863034564e-01 7.185816524803201148e-03
4.506202701903316669e-03 3.523966662706975450e-01 6.366674236863913983e-01 6.429707341007956031e-03
3.489183927182365474e-03 2.851266055316656889e-01 7.056291155317999664e-01 5.755095009352003549e-03
2.702762555717866302e-03 2.335794285673858661e-01 7.583115198271602742e-01 5.406289049735735382e-03
2.093104337845267098e-03 1.945307737683932003e-01 7.980461724318885786e-01 5.329949461872932753e-03
1.598643021866188833e-03 1.608716299117834148e-01 8.320245837255466625e-01 5.505143340803612430e-03
1.203309578307074383e-03 1.301688787859441310e-01 8.625186483629614376e-01 6.109163272787111396e-03
9.196946530645774397e-04 1.042366985417899489e-01 8.871709582038314057e-01 7.672648601314081655e-03
7.587251055574776052e-04 8.512527519357067363e-02 9.026504726656048305e-01 1.146552703526658099e-02
7.228487455823651630e-04 7.286216989126347021e-02 9.059315598704017480e-01 2.048342149275227120e-02
8.510413594006212149e-04 6.692477800226602491e-02 8.904288327388403257e-01 4.179534789949310158e-02
1.205054641004468146e-03 6.813025238647957282e-02 8.400503351275049324e-01 9.061435784501117863e-02
1.584096863698760196e-03 7.214795037872631656e-02 7.368461425167301959e-01 1.894218102408450344e-01
1.532082999438067394e-03 6.623588737947477822e-02 5.803016549845465555e-01 3.519303746365407548e-01
1.109787058821791721e-03 4.777352560608259802e-02 3.884453496669850736e-01 5.626713376681106160e-01
6.730117995343337569e-04 2.732665310224245692e-02 2.117049340357635978e-01 7.602954010624596304e-01
4.131382040020807047e-04 1.375196327086035224e-02 9.927282819001598257e-02 8.865620703351215770e-01
2.767531532383831080e-04 7.009648545689469573e-03 4.614367878367527098e-02 9.465699195173967739e-01
1.921763924848280964e-04 4.008264076048582460e-03 2.401317483417067522e-02 9.717863846972960573e-01
1.407048986206588552e-04 2.702886591515106691e-03 1.480870704201725160e-02 9.823477014678467789e-01
1.123182523759703463e-04 2.113861023307050599e-03 1.067129817331363521e-02 9.871025225510033918e-01
9.987006491309061347e-05 1.846803211219006854e-03 8.542971481546887333e-03 9.895103552423210047e-01
1.003918841434822988e-04 1.756531843643152494e-03 7.239183241747042252e-03 9.909038930304664428e-01
1.153613436951894509e-04 1.818447288235547571e-03 6.388147504486068641e-03 9.916780438635830475e-01
1.481804600322398485e-04 2.038400533431300541e-03 5.867752120339405492e-03 9.919456668861971194e-01
1.659416838536342993e-04 1.444253666922034902e-03 5.584041572445909776e-03 9.928057630767784802e-01
2.048690785544125608e-04 1.851519025015717400e-03 5.382780417432715334e-03 9.925608314789974296e-01
2.411565946589136835e-04 2.453949132035056040e-03 5.409117425716680402e-03 9.918957768475894499e-01
2.884064526836716382e-04 3.525142063266568405e-03 5.908581078439991904e-03 9.902778704056096615e-01
3.776579731838786906e-04 5.758420972908174368e-03 7.290786728757869643e-03 9.865731343251503693e-01
6.008743954548361344e-04 1.155877624480538060e-02 1.078922266430023223e-02 9.770511266954396978e-01
1.474539356734712271e-03 3.142160682256329302e-02 1.928230971021663298e-02 9.478215441104852479e-01
3.874067815221879287e-03 9.730810719972858569e-02 4.378798671684389077e-02 8.550298382682055554e-01
1.007852937521786472e-02 2.693372177019980329e-01 9.104007461834386083e-02 6.295441783044404271e-01
1.793284802692208385e-02 4.972934150584273905e-01 1.321488816520582643e-01 3.526248552625921850e-01
2.192650702267394044e-02 6.594344963199286758e-01 1.452709962634583241e-01 1.733680003939392644e-01
2.190626726679304956e-02 7.460065519780056942e-01 1.443390134461681462e-01 8.774816730903312045e-02
1.960825676705506976e-02 7.958302138541137882e-01 1.361089614801971603e-01 4.845256789863427310e-02
1.609261035026741254e-02 8.322565149221445857e-01 1.226195915534888659e-01 2.903128317409944814e-02
1.241220313037098323e-02 8.630485440456475699e-01 1.060251664841149050e-01 1.851408633986647775e-02
9.507640312181103379e-03 8.867503677013119923e-01 9.090429956409465384e-02 1.283769242241234246e-02
7.590234501036120102e-03 9.003431715905890753e-01 8.178704377277237758e-02 1.027955013560232639e-02
7.807701965353041652e-03 9.018533728104480840e-01 8.045701521276914236e-02 9.881910011429771018e-03
1.056974053767328198e-02 8.929274684538403006e-01 8.555903963165324699e-02 1.094375137683330571e-02
1.614986368919169718e-02 8.762732100070683705e-01 9.457677396783129020e-02 1.300015233590886762e-02
2.693832695977560129e-02 8.519220978033863467e-01 1.051240952340749824e-01 1.601548000276293085e-02
4.258860469820380246e-02 8.238501621684427567e-01 1.135660679421482272e-01 1.999516519120520322e-02
5.706687540403476006e-02 8.038286197888350193e-01 1.141362261716427767e-01 2.496827863548768331e-02
6.453504605477440592e-02 8.012091674273579267e-01 1.029123728600543769e-01 3.134341365781326966e-02
6.460328949851523728e-02 8.081884586723806496e-01 8.632811962046253729e-02 4.088013220864172154e-02
5.857892917509911063e-02 8.182646990063366932e-01 6.793766137897749857e-02 5.521871043958703068e-02
4.585548554796507748e-02 8.284847753714201790e-01 5.127714165996186124e-02 7.438259742065306268e-02
3.207926773648785840e-02 8.322201761981052881e-01 3.940981810701448679e-02 9.629073795839217242e-02
2.137575494283138616e-02 8.331799089802457425e-01 3.160372298429915683e-02 1.138406130926234161e-01
1.540046808148426948e-02 8.368646390575001925e-01 2.724223887600244268e-02 1.204926539850132011e-01
1.244575578649277821e-02 8.471425878943668053e-01 2.471198805491800141e-02 1.156996682642225244e-01
1.120518237085708219e-02 8.629930627849455860e-01 2.331621545922231420e-02 1.024855393849751911e-01
1.025064120300137917e-02 8.822916560219610238e-01 2.262554736143017331e-02 8.483215541360764056e-02
9.848286758636439625e-03 9.011791066464014399e-01 2.210030257574322615e-02 6.687230401921856471e-02
8.737706774400761864e-03 9.181428459495906136e-01 2.163202618808179184e-02 5.148742108792681710e-02
6.771989899006238336e-03 9.326326826201493114e-01 2.081784229569283093e-02 3.977748518515171472e-02
4.538296653438225227e-03 9.449568865965263242e-01 1.904687743267040670e-02 3.145793931736526328e-02
2.697695832063624552e-03 9.559755470011934708e-01 1.608825053025157020e-02 2.523850663649134657e-02
1.479332626747463693e-03 9.662820403596656949e-01 1.246779965414330713e-02 1.977082735944371214e-02
8.032394991940463138e-04 9.752461937812306747e-01 9.233034831756716659e-03 1.471753188781845488e-02
4.789635858273325552e-04 9.818892882813511358e-01 7.122679567721697594e-03 1.050906856509984701e-02
3.260313569597507758e-04 9.865133171234713449e-01 5.990267184580997696e-03 7.170384334988007084e-03
8.788092122001400774e-02 4.315462115997147352e-01 4.774184842873611667e-01 3.154382892909863949e-03
1.127089776955080306e-03 9.809857281507112781e-01 1.596413332273313723e-02 1.923048749600366489e-03
1.141655399654114590e-03 9.833045440220272715e-01 1.427433573215731132e-02 1.279464846161183127e-03
1.296503243710584331e-03 9.846181444001228522e-01 1.308524067704035058e-02 1.000111679125909514e-03
1.585594541738938280e-03 9.849009342357103458e-01 1.258355523735000051e-02 9.299159852009696503e-04
1.992159519300986184e-03 9.841335427714094086e-01 1.287683330860419674e-02 9.974644006855181745e-04
2.503118543063593583e-03 9.818896029830310734e-01 1.441567160990245636e-02 1.191606864002710525e-03
3.119135905357460752e-03 9.767894246014573456e-01 1.853734071399265257e-02 1.554098779192718662e-03
3.816978904399851401e-03 9.660908118534854427e-01 2.799717210975502177e-02 2.095037132359916111e-03
4.584289913880165192e-03 9.452750137587409007e-01 4.750207078030927593e-02 2.638625547070101371e-03
5.381396224868648971e-03 9.087188350249064683e-01 8.309471839254303771e-02 2.805050357681669777e-03
6.192486683154985357e-03 8.506197751388810957e-01 1.407446687132743179e-01 2.443069464689660419e-03
7.244473784957182992e-03 7.676770180185202852e-01 2.232306174876447502e-01 1.847890708877633278e-03
7.788621277226513359e-03 6.671085236491911541e-01 3.238483159981120907e-01 1.254539075469773271e-03
7.961632190745979512e-03 5.641826806385734638e-01 4.270313169769429096e-01 8.243701937377614529e-04
8.045136476484464338e-03 4.725710606121731883e-01 5.188428646822943469e-01 5.409382290478624133e-04
8.330143355043831063e-03 3.969441855080187986e-01 5.943707624130778466e-01 3.549087238595241035e-04
9.295765112366785252e-03 3.360799475346694654e-01 6.543859208177706943e-01 2.383665351931903847e-04
1.168500424337994351e-02 2.880769599407899673e-01 7.000655442488417091e-01 1.724915669881369547e-04
1.630805682911201648e-02 2.528562920711386885e-01 7.306967816560561158e-01 1.388694436933817194e-04
2.345212049117047226e-02 2.357450171669598915e-01 7.406758728368154632e-01 1.269895050540377490e-04
3.224412936084895820e-02 2.459274055902307965e-01 7.216900593559079091e-01 1.384056930124684295e-04
4.083983039035597729e-02 2.878076448786308639e-01 6.711725739067669894e-01 1.799508242462194646e-04
4.929434882919041250e-02 3.582410256463197662e-01 5.921869995993032099e-01 2.776259251865840138e-04
6.060328934326740524e-02 4.420954255773144603e-01 4.968073082436143539e-01 4.939768358036028973e-04
7.980747699418624941e-02 5.134258366795456663e-01 4.058212164745031436e-01 9.454698517651644735e-04
1.158497127143617578e-01 5.500129378168521210e-01 3.323206991686633027e-01 1.816650300122587755e-03
1.849546111869397325e-01 5.370651617100785646e-01 2.746763654249629871e-01 3.303861678019013280e-03
3.122445947143801526e-01 4.612232074750643451e-01 2.211760643917857483e-01 5.356133418769774834e-03
5.047100678046753108e-01 3.310210555923916997e-01 1.573225549569066406e-01 6.946321646026249082e-03
7.105476068227210007e-01 1.899959467174628103e-01 9.213838158962418812e-02 7.318064870192026936e-03
8.539609692343872460e-01 9.176297605802373469e-02 4.732640253699599980e-02 6.949652170593011678e-03
9.228470152201359022e-01 4.466657629190154410e-02 2.508716364347603200e-02 7.399244844486332559e-03
9.442952867497821368e-01 2.761992993913307479e-02 1.685512958743510398e-02 1.122965372364956999e-02
9.331669089184881916e-01 2.492750061509571916e-02 1.658100329715226154e-02 2.532458716926357448e-02
8.915400264272349551e-01 2.834943959358068866e-02 2.085633059666090403e-02 5.925420338252355285e-02
8.471773899901048344e-01 3.035085936053438099e-02 2.627228134295343798e-02 9.619946930640713156e-02
8.460292590658319289e-01 2.706575397635126515e-02 2.982836704405837300e-02 9.707661991375850230e-02
8.863870644205160687e-01 2.011557783541266173e-02 2.968003465802675558e-02 6.381732308604431969e-02
9.295554352636672402e-01 1.331545936711608404e-02 2.635759221077099354e-02 3.077151315844563542e-02
9.545232874591712546e-01 8.863551987908982813e-03 2.332149992571459080e-02 1.329166062720511625e-02
9.631361656616229672e-01 6.884878148753635803e-03 2.354918878924116762e-02 6.429767400382191238e-03
9.609065482000455072e-01 6.934065228818919215e-03 2.813243270689448280e-02 4.026953864241028351e-03
9.504078330910564754e-01 8.868233308296689932e-03 3.739199449898777949e-02 3.331939101658798041e-03
9.317769756123587266e-01 1.341438912164059916e-02 5.130159144549192168e-02 3.507043820508800713e-03
9.029835954573357526e-01 2.239338592988764087e-02 7.018176659809555185e-02 4.441252014680952334e-03
8.588616534761230881e-01 3.905862819724399693e-02 9.583173379517596902e-02 6.247984531456926040e-03
7.930819154400083892e-01 6.693107672087098003e-02 1.312146497898853403e-01 8.772358049235245286e-03
7.138824289518018729e-01 1.012295582779474262e-01 1.740576609328630675e-01 1.083035183738762300e-02
6.378241882435201626e-01 1.323835776583305868e-01 2.186136392654132454e-01 1.117859483273615090e-02
5.707054241529349037e-01 1.513055089584897928e-01 2.677818604428074400e-01 1.020720644576799015e-02
5.024819401722063761e-01 1.581474568097697708e-01 3.304125347429049397e-01 8.958068275118847429e-03
4.280129745063117608e-01 1.550125237602466843e-01 4.091785482283561426e-01 7.795953505085599644e-03
3.480269323831840511e-01 1.447091115441116460e-01 5.004595597684380337e-01 6.804396304266572756e-03
2.723619962001193606e-01 1.284727475090505222e-01 5.931507684210043374e-01 6.014487869825506546e-03
2.127232070661196073e-01 1.110779333040175509e-01 6.706094840992562478e-01 5.589375530606587039e-03
1.725369702631305013e-01 9.624929446451543913e-02 7.256291684530331576e-01 5.584566819320923615e-03
1.505818020485965580e-01 8.359961180337872888e-02 7.600646754485839152e-01 5.753910699440535105e-03
1.439197696190564757e-01 7.201816976738902032e-02 7.781388028179985206e-01 5.923257795555994694e-03
1.526094982424696656e-01 5.973217861495319636e-02 7.816869096631239300e-01 5.971413479453539438e-03
1.813194447932898745e-01 4.755374202005936690e-02 7.653680835381947434e-01 5.758729648456038623e-03
2.296929831716063020e-01 3.519916725870578245e-02 7.298657405100019702e-01 5.242109059686143185e-03
2.912928305683183949e-01 2.520299425584341876e-02 6.789078963905236241e-01 4.596278785314919513e-03
3.528151430205929695e-01 1.875508765234294717e-02 6.242060462752716532e-01 4.223723051792272268e-03
4.019130253612711035e-01 1.533564776188394915e-02 5.783131870173193745e-01 4.438139859525612810e-03
4.342756857752103072e-01 1.368840273063021834e-02 5.466241705410178620e-01 5.411740953141430319e-03
4.592206033679739341e-01 1.260282398832549347e-02 5.210157073044653364e-01 7.160865339235422504e-03
4.873057314631039083e-01 1.204646035442103434e-02 4.913696591237965428e-01 9.278149058678472963e-03
5.275996634589948941e-01 1.098556453120655071e-02 4.508701084200943954e-01 1.054466358970405394e-02
5.727541923347064801e-01 9.915169569880652803e-03 4.070539755601528809e-01 1.027666253525981802e-02
6.219601688193848732e-01 9.027422666974939044e-03 3.600469389453018754e-01 8.965469568338225656e-03
6.772770500795898263e-01 8.555584356945511101e-03 3.066614449197099801e-01 7.505920643754725868e-03
2.173834482817535163e-01 3.120681135306042908e-02 1.996273858705674698e-01 5.517823544946186543e-01
3.360952553958798106e-01 2.349248164185372134e-01 3.628826571237518950e-01 6.609727106183121981e-02
2.791567952681021647e-01 2.640298220481963054e-01 3.833703086995620679e-01 7.344307398413953136e-02
2.353774331360007632e-01 2.911904367830647211e-01 3.935840130306200169e-01 7.984811705031449880e-02
1.995023037567781876e-01 3.207654850416552517e-01 3.935329612015528444e-01 8.619925000001364690e-02
1.690285688068378922e-01 3.545199905570350918e-01 3.814135025539637791e-01 9.503793808216311201e-02
1.401984078279853163e-01 3.932825642734737448e-01 3.571626934964404754e-01 1.093563344021004635e-01
1.136016811096449558e-01 4.311494946182258814e-01 3.220759046293233396e-01 1.331729196428056428e-01
8.813130872033371477e-02 4.605873652747769498e-01 2.776908510676294184e-01 1.735904749372597644e-01
6.550271761586913544e-02 4.673386474966796933e-01 2.242927118487892113e-01 2.428659230386619183e-01
4.684846593827476230e-02 4.357956709069455981e-01 1.669153493403876531e-01 3.504405138143922294e-01
3.249991910062368511e-02 3.683412270143281986e-01 1.155088667280600723e-01 4.836499871569880926e-01
2.203219608420194445e-02 2.871497512908291472e-01 7.617491282100456729e-02 6.146431398039643446e-01
1.465475313414532112e-02 2.089945860672506317e-01 4.859334790562694351e-02 7.277573128929772928e-01
9.518261459936451854e-03 1.417144022515929580e-01 3.001704820043485378e-02 8.187502880880357381e-01
6.098456728926263462e-03 8.937037586908172515e-02 1.737217676330914118e-02 8.871589906386826430e-01
3.408290437318187757e-03 5.294012066220350754e-02 9.830531111478860856e-03 9.338210577889995978e-01
1.979411809869724599e-03 3.116582387204806792e-02 5.430169992924385389e-03 9.614245943251576998e-01
1.490598218295772614e-03 2.174922214158888159e-02 3.470186743437252402e-03 9.732899928966781689e-01
1.869370816874138183e-03 2.266439664889623867e-02 3.302012827611445957e-03 9.721642197066182600e-01
4.983420798793417386e-03 3.636850891939302777e-02 5.189142480385531588e-03 9.534589278014279357e-01
1.469197839532683340e-02 7.188559405752702192e-02 1.051783909401380820e-02 9.029045884531320398e-01
4.197909837265639127e-02 1.342980302728186970e-01 2.090811205756069879e-02 8.028147592969642199e-01
9.619242751751815035e-02 2.051260589579781135e-01 3.466251798971907438e-02 6.640189955347843842e-01
1.703569445972012431e-01 2.525429335749022619e-01 4.713092742931473955e-02 5.299691943985819220e-01
2.484445837728376516e-01 2.660922814110483481e-01 5.574135765355030941e-02 4.297217771625634897e-01
3.251735108779535977e-01 2.542420665149334180e-01 6.133667350418874759e-02 3.592477491029242298e-01
4.077466041272667097e-01 2.257456442049395884e-01 6.523738578431352575e-02 3.012703658834801623e-01
5.064666526949175296e-01 1.857752553142841268e-01 6.690920220873883273e-02 2.408488897820593722e-01
6.222497227639763873e-01 1.398514996789437803e-01 6.446299471819454119e-02 1.734357828388855827e-01
7.384419476511252522e-01 9.633148237025022931e-02 5.699988714044829097e-02 1.082266828381759916e-01
8.287146437072200333e-01 6.375749677443882935e-02 4.774700099514797569e-02 5.978085852319343224e-02
8.841254120373466252e-01 4.421361550078120595e-02 3.928049914316977115e-02 3.238047331870265444e-02
9.089681587017202080e-01 3.558658350435542350e-02 3.530776111732251976e-02 2.013749667660172382e-02
9.133432053007908280e-01 3.444504107746761135e-02 3.629232435705766896e-02 1.591942926468435313e-02
9.039379269932191763e-01 3.844392505133775728e-02 4.180025857763559893e-02 1.581788937780721077e-02
8.834460471387840519e-01 4.634043298547705497e-02 5.178982663611602505e-02 1.842369323962285421e-02
8.535379375293772330e-01 5.667671229931610377e-02 6.652588784952244427e-02 2.325946232178384768e-02
8.152066834673151741e-01 6.756282727808400612e-02 8.707633906336278984e-02 3.015415019123799875e-02
7.714862363111227861e-01 7.490847230765111664e-02 1.152806870420624991e-01 3.832460433916327902e-02
7.234491838089650573e-01 7.753331879615604771e-02 1.529423850117991035e-01 4.607511238308023560e-02
6.770491495043819974e-01 7.355819719561619563e-02 1.977283517848175132e-01 5.166430151518492525e-02
6.349103683864040226e-01 6.323372841185107007e-02 2.462408405060530769e-01 5.561506269569183036e-02
5.901661504325241836e-01 5.257991889998782364e-02 2.964828333990969789e-01 6.077109726839113185e-02
5.436241423442685905e-01 4.274327816665034196e-02 3.439197918996669823e-01 6.971278758941414078e-02
4.978348633259948031e-01 3.493196625451218396e-02 3.832723806113311760e-01 8.396078980816167048e-02
4.601929752794780559e-01 2.955795339523757323e-02 4.065414645290172380e-01 1.037076067962671710e-01
4.360527612565348043e-01 2.628763768675430185e-02 4.099799136644856068e-01 1.276796873922252384e-01
4.258461945042051333e-01 2.445531877451550748e-02 3.961311406870519636e-01 1.535673460342275309e-01
4.303644344208032990e-01 2.315397632585150522e-02 3.688365651053663874e-01 1.776450241479787806e-01
4.436122515676570455e-01 2.214435032496276864e-02 3.383492598705317711e-01 1.958941382368482309e-01
4.687593120844231742e-01 2.078630706474228138e-02 3.035420779986728879e-01 2.069123028521617225e-01
5.106867387343034803e-01 1.872698555291523945e-02 2.602622181125122669e-01 2.103240576002692042e-01
5.648536955055747377e-01 1.635455262222008238e-02 2.122343919138885704e-01 2.065573599583166164e-01
6.207082636000400555e-01 1.380121286618140979e-02 1.650427476952321115e-01 2.004477758385464492e-01
6.617965659888115360e-01 1.152954379825921888e-02 1.256647244936683616e-01 2.010091657192609460e-01
6.759849159928004170e-01 9.832251340883640944e-03 9.781861453818123386e-02 2.163642181281348331e-01
6.636235178242458899e-01 8.537993430983005158e-03 7.977597118443313651e-02 2.480625175603379251e-01
6.364606174067707345e-01 7.950621714671455426e-03 6.485576042357966975e-02 2.907330004549782410e-01
6.003059860527346636e-01 8.206241715678476087e-03 5.396793213718388549e-02 3.375198400944028343e-01
5.611494841907176401e-01 8.382966929371953035e-03 4.561800699885890792e-02 3.848495418810519153e-01
5.255784306493093139e-01 8.218626054407072307e-03 3.956705585304643585e-02 4.266358874432371606e-01
5.094452656718795325e-01 7.225490495808007708e-03 3.440784870625269304e-02 4.489213951260594970e-01
5.264978511652910198e-01 5.558619514412501197e-03 2.907530896759692382e-02 4.388682203526996783e-01
5.767015268128062866e-01 3.812947727451300711e-03 2.332353514261196678e-02 3.961619903171303969e-01
6.443188998915378995e-01 2.482568504991696130e-03 1.794786718432632086e-02 3.352506644191441953e-01
7.067049152107861554e-01 1.606291141604675827e-03 1.364098291181364657e-02 2.780478107357955975e-01
7.524672182236743501e-01 1.410262580207036296e-03 1.013557661485248521e-02 2.359869425812661514e-01
7.822174821126058886e-01 9.569488907259956741e-04 7.515473215808306934e-03 2.093100957808597118e-01
7.997005316460091828e-01 6.881065707866996584e-04 5.610964895462862249e-03 1.940003968877416773e-01
8.117042716677056458e-01 5.258228065820858520e-04 4.366725193221961988e-03 1.834031803324903676e-01
8.271677415638808428e-01 4.045429091231306489e-04 3.586668592792529794e-03 1.688410469342035980e-01
5.553798677735184430e-01 1.137502707743518748e-01 1.718831491964173952e-01 1.589867122557118706e-01
1.673028646869090946e-02 1.049692186046462423e-02 9.690852793295268164e-01 3.687512341317642547e-03
1.961342840378371352e-02 1.088860509394011522e-02 9.657625717286048017e-01 3.735394773671202144e-03
2.361343871673343003e-02 1.137295364439368413e-02 9.611661595971284777e-01 3.847448041744706490e-03
2.896702657790711788e-02 1.174507667944033225e-02 9.553131014372684415e-01 3.974795305383847267e-03
3.576612886008771058e-02 1.182993134021624072e-02 9.483087680895037064e-01 4.095171710192331040e-03
4.320796146517086322e-02 1.131352403461367666e-02 9.413160411377954340e-01 4.162473362419764206e-03
4.963535914091379841e-02 1.009273784981080078e-02 9.360765806180564308e-01 4.195322391219134806e-03
5.311947296658995482e-02 8.484660588318213362e-03 9.340407349314331364e-01 4.355131513658900937e-03
5.163633219867492380e-02 6.847768836219769381e-03 9.366630652384093647e-01 4.852833726696237013e-03
4.369720553001334162e-02 5.399895861390583036e-03 9.449977674530710692e-01 5.905131155525455457e-03
3.097740662778951728e-02 4.308656560641439641e-03 9.569131866704149170e-01 7.800750141153871102e-03
1.934040599280067649e-02 3.917376352147277675e-03 9.652526840781087136e-01 1.148953357694329144e-02
1.184890931684270433e-02 4.074829025547673650e-03 9.655699514504547665e-01 1.850631020715492667e-02
7.577218972537037162e-03 4.071286041980069076e-03 9.595138314255388101e-01 2.883766355994430916e-02
5.401503320771341120e-03 3.779649349186358157e-03 9.504329219346655533e-01 4.038592539537671361e-02
4.391926826789841441e-03 3.235105561738886581e-03 9.417016510417973718e-01 5.067131656967401726e-02
4.051740558900411050e-03 2.631056588298413563e-03 9.343314449887496487e-01 5.898575786405142740e-02
4.157325331238058592e-03 2.161953957873334782e-03 9.262328570377827974e-01 6.744786367310583175e-02
4.588148272767340191e-03 1.892474961480448969e-03 9.133418016357360836e-01 8.017757513001612379e-02
5.303991919798110161e-03 1.808166498515968463e-03 8.898186546348071380e-01 1.030691869468788185e-01
5.571913257609764636e-03 1.800750118374864431e-03 8.480488521346829511e-01 1.445784844893323873e-01
6.113953733690056722e-03 1.933420189852707053e-03 7.814964592286186562e-01 2.104561668478388270e-01
6.455905311801140092e-03 2.129533064099409234e-03 6.964219937809288385e-01 2.949925678431711273e-01
5.914064959826542157e-03 2.267367194003920734e-03 6.070034670729250736e-01 3.848151007732449891e-01
5.274042596742454549e-03 2.387195875655898861e-03 5.202842636936753085e-01 4.720544978339259456e-01
4.536872048926571949e-03 2.512128396424648941e-03 4.356474715134750486e-01 5.573035280411741121e-01
3.992932808763271016e-03 2.728159845489718568e-03 3.506461823610822481e-01 6.426327249846643941e-01
3.642023173460104662e-03 3.058694131718934194e-03 2.625195498583934861e-01 7.307797328364272760e-01
3.350619112984848033e-03 3.559039055909426347e-03 1.760940809433737264e-01 8.169962608877318067e-01
3.263930060651011079e-03 4.372328171815584308e-03 1.050855107884274414e-01 8.872782309791061861e-01
2.627559690732422879e-03 5.287832942262974366e-03 5.911209331745968798e-02 9.329725140495450653e-01
2.453276957625883867e-03 8.239195462395744463e-03 3.506156311743229004e-02 9.542459644625461701e-01
2.455120515797499636e-03 1.314606872876581713e-02 2.424782634561502281e-02 9.601509844098214952e-01
2.752697180346577645e-03 2.197018400045231551e-02 2.007638878403562865e-02 9.552007300351653685e-01
3.332898169374758513e-03 3.712115037100855580e-02 1.922365321498128998e-02 9.403222982446358680e-01
4.333981091753990461e-03 6.327024320697538506e-02 2.062387329139529421e-02 9.117719024098751568e-01
5.803912587739708945e-03 1.064053845637404627e-01 2.359210007373990781e-02 8.641986027747798893e-01
8.387340516952944067e-03 1.672556790513863023e-01 2.918560074943189406e-02 7.951713796822288405e-01
1.101166369279759846e-02 2.369811902070062259e-01 3.518827643930565185e-02 7.168188696608905897e-01
1.329830002385566819e-02 3.035950557361912772e-01 4.146470059539422715e-02 6.416419436445590652e-01
1.506065176867162937e-02 3.569686249049712767e-01 4.721981860413496102e-02 5.807509047222223497e-01
1.649584750248700438e-02 3.906127516561241908e-01 5.173988329099000333e-02 5.411515175503985864e-01
1.799892602890676083e-02 4.048572936141560108e-01 5.526679571769117089e-02 5.218769846392463663e-01
2.012418421549641914e-02 4.049143193914416239e-01 5.886411787671255030e-02 5.160973785163494032e-01
2.348902286853374322e-02 3.951697623851933572e-01 6.301489837319042275e-02 5.183263163730821299e-01
2.867200857729561292e-02 3.761138351189451945e-01 6.675461267971638524e-02 5.284595436240425714e-01
3.618624529274458435e-02 3.459703516147135116e-01 6.816264527700477416e-02 5.496807578155371576e-01
4.660809695067042596e-02 3.048926294037210827e-01 6.595242613599076875e-02 5.825468475096177157e-01
6.049709035263860224e-02 2.564354545189599932e-01 6.048298476922589484e-02 6.225844703591753015e-01
7.726166656794575260e-02 2.056840703213041466e-01 5.307449208949636260e-02 6.639797710212534954e-01
9.335326337920775430e-02 1.568660150670773690e-01 4.471100681391940168e-02 7.050697147397955167e-01
1.030968946486632148e-01 1.130453677473041429e-01 3.599701638966631978e-02 7.478607212143663086e-01
1.039359709415914601e-01 7.735344826216743186e-02 2.785165989398754802e-02 7.908589209022536259e-01
9.995208565369319287e-02 5.219785379407945736e-02 2.146551753745528854e-02 8.263845430147722659e-01
1.003723489620157033e-01 3.529230500368726181e-02 1.624354031081310865e-02 8.480918057234837493e-01
1.081644045409739519e-01 2.712410537505119401e-02 1.318390270479917470e-02 8.515275873791757766e-01
1.280198251784678831e-01 2.301039332377299851e-02 1.171751841444179480e-02 8.372522630833173496e-01
1.628049896948842445e-01 2.194587253001733032e-02 1.159763455253960164e-02 8.036515032225588495e-01
2.118393131654421335e-01 2.241989312352943992e-02 1.219555720410083269e-02 7.535452365069275071e-01
2.724441159698222648e-01 2.506541181329817458e-02 1.455016722287346548e-02 6.879403049940062687e-01
3.389340870174423204e-01 2.870848327046464712e-02 1.883671367878629599e-02 6.135207160333067122e-01
4.118189755886370040e-01 3.293414024179875527e-02 2.699790720063589486e-02 5.282489769689283632e-01
4.880091986846156749e-01 3.787122720407751914e-02 3.926527447891124678e-02 4.348542996323958021e-01
5.595687406015777965e-01 4.271381243909159325e-02 5.731986756968997926e-02 3.403975793896408808e-01
6.113951967954743827e-01 4.714424527189061548e-02 8.192820900119422711e-02 2.595323489314406706e-01
6.309463232681273848e-01 5.147635904916490063e-02 1.151028015317623332e-01 2.024745161509456381e-01
6.137927999042456229e-01 5.629395126586648340e-02 1.604271799198446757e-01 1.694860689100432249e-01
5.632037000256086001e-01 6.201099752155934258e-02 2.199695054311294473e-01 1.548157970217027557e-01
4.934780923749470527e-01 6.697902743316411223e-02 2.876178763325605292e-01 1.519250038593282781e-01
4.113708021074196086e-01 7.110065086293089476e-02 3.629107144895955539e-01 1.546178325400539288e-01
3.340995462732114785e-01 7.368262150445338554e-02 4.357347717154416711e-01 1.564830605068936731e-01
2.715140014395220902e-01 4.587120450533672122e-01 2.176864270457464501e-01 5.208752646136437930e-02
3.114647006005177854e-01 4.217698113975564267e-01 1.932250420010059866e-01 7.354044600091978745e-02
3.525837145948078066e-01 3.782093191324431558e-01 1.696923682820739021e-01 9.951459799067516321e-02
3.933859445051741677e-01 3.328613004637012152e-01 1.454335206312076523e-01 1.283192343999169649e-01
4.270011067123055115e-01 2.909754058673970079e-01 1.209385314162446379e-01 1.610849560040525374e-01
4.409133881286510515e-01 2.564888593139093564e-01 9.843562493491490872e-02 2.041621276225246695e-01
4.176656247257425347e-01 2.337953270469312894e-01 7.984123484639983614e-02 2.686978133809261315e-01
3.640964287674037791e-01 2.091019851533994778e-01 6.281540887883062252e-02 3.639861772003660789e-01
2.928048617978668555e-01 1.752757550624007843e-01 4.704101904069088458e-02 4.848783640990414479e-01
2.261010044145764231e-01 1.319227000293390628e-01 3.203545170533298597e-02 6.099408438507516461e-01
1.695227870050451946e-01 8.995064592701057515e-02 1.981212472983106404e-02 7.207144423381132148e-01
1.183034238028754237e-01 5.694971679649929452e-02 1.142373563580671887e-02 8.133231237648186340e-01
7.232802091998177807e-02 3.480785869122898779e-02 6.331184794104204386e-03 8.865329355946853784e-01
3.909655476034460536e-02 2.036644740677464802e-02 3.472241854340555375e-03 9.370647559785402203e-01
1.984273451334609556e-02 1.202892423407748122e-02 1.969926462019178006e-03 9.661584147905573072e-01
1.006474197156589749e-02 7.356556388406331609e-03 1.180021170726124708e-03 9.813986804693017874e-01
5.270263287952985966e-03 4.708255019108250304e-03 7.456636579536773599e-04 9.892758180349848773e-01
2.962406292539070986e-03 3.270995168244434075e-03 5.074510690128022179e-04 9.932591474702036072e-01
1.927730622291387152e-03 2.712225091275602060e-03 3.959274665782014954e-04 9.949641168198546382e-01
1.554757625087391064e-03 2.977251186961402726e-03 3.773394564111425768e-04 9.950906517315399880e-01
1.579472534213696017e-03 4.484857698771702907e-03 4.421677827449443108e-04 9.934935019842696668e-01
2.919745739155319483e-03 8.924239394740213216e-03 6.537715522682885404e-04 9.875022433138358480e-01
5.109165343463359030e-03 2.248104913270230695e-02 1.020252557416304008e-03 9.713895329664179457e-01
2.113760363528388499e-03 8.575619145824691092e-01 1.194244932058092790e-01 2.089983184819319689e-02
2.042526143005031231e-03 8.596290898132001868e-01 1.185196209957337099e-01 1.980876304806090948e-02
1.983732899961929402e-03 8.639971466544864587e-01 1.145403243648996927e-01 1.947879608065219981e-02
1.962933087758346202e-03 8.697384858959360532e-01 1.082017062801298030e-01 2.009687473617589870e-02
1.969929711163587692e-03 8.748169657857556292e-01 1.014400062382689455e-01 2.177309826481161129e-02
1.983977798537532155e-03 8.771501682712623538e-01 9.630778207763072973e-02 2.455807185256952269e-02
2.012037116851114228e-03 8.747782965916406361e-01 9.486768739903102265e-02 2.834197889247739438e-02
2.077345895441875135e-03 8.665219636024333871e-01 9.872925433679340113e-02 3.267143616533105949e-02
2.175665346830256159e-03 8.529436648953063749e-01 1.080626842889464839e-01 3.681798546891672241e-02
2.263705188878152672e-03 8.365550706224769151e-01 1.211746327527494088e-01 4.000659143589595235e-02
2.317863235986093381e-03 8.208952165239006282e-01 1.350873920259279271e-01 4.169952821418535654e-02
2.302400218365109434e-03 8.086211583950974058e-01 1.475142167651178060e-01 4.156222462141977853e-02
2.174288556562696019e-03 7.999753598640974017e-01 1.581861497083470458e-01 3.966420187099286426e-02
1.971370415733072600e-03 7.941714563318451603e-01 1.668772155002893054e-01 3.697995775213269720e-02
1.766091235978493055e-03 7.919336513384058751e-01 1.717174809518125234e-01 3.458277647380327696e-02
1.592252372224601132e-03 7.950545740168530884e-01 1.703449293397726605e-01 3.300824427115000431e-02
1.443377063690589289e-03 8.037319394973743147e-01 1.625504690096163940e-01 3.227421442931850681e-02
1.292715538731756307e-03 8.162169542431884084e-01 1.505814820338349236e-01 3.190884818424491454e-02
1.134958105304521977e-03 8.315944881965815494e-01 1.357964174210932184e-01 3.147413627702064925e-02
9.906089590884026904e-04 8.499400900778713019e-01 1.185526158355841159e-01 3.051668512745601622e-02
8.721290301194373510e-04 8.696931529270274241e-01 1.008088610650134526e-01 2.862585697783986277e-02
7.640661896476028375e-04 8.888032120695072980e-01 8.471972451195718123e-02 2.571299722888784750e-02
6.493264288634362832e-04 9.056415236172326022e-01 7.167396271011421127e-02 2.203518724379009697e-02
5.321870210068838872e-04 9.188093544623188169e-01 6.263911693457265006e-02 1.801934158210196507e-02
4.343029565439814640e-04 9.274957802571976995e-01 5.772993049762339957e-02 1.433998628863486328e-02
3.648519546071476364e-04 9.325080319409795315e-01 5.548319615983110520e-02 1.164391994458229170e-02
3.252507071726942821e-04 9.358184921408351231e-01 5.365388856469120726e-02 1.020236858730075996e-02
3.299454372015221096e-04 9.380653752196266293e-01 5.149655434518679575e-02 1.010812499798502233e-02
4.044766488670296814e-04 9.378310140203094392e-01 5.035639817237750476e-02 1.140811115844589385e-02
5.738055737232191462e-04 9.338723204739570738e-01 5.169078075375405090e-02 1.386309319856588243e-02
8.361878254786144545e-04 9.270882715745719649e-01 5.540928321025262449e-02 1.666625738969701453e-02
1.163533339215840979e-03 9.192784342357092076e-01 6.054215133501064661e-02 1.901588109006444385e-02
1.523240256867685900e-03 9.111068352931965819e-01 6.659226582334279443e-02 2.077765862659294860e-02
1.865822087212520245e-03 9.016482438006219180e-01 7.441786002102933339e-02 2.206807409113598073e-02
2.175822633968841832e-03 8.885527809109771136e-01 8.605593374673008167e-02 2.321546270832397854e-02
2.487771565322113507e-03 8.693815775542369506e-01 1.034043982810000095e-01 2.472625259944082401e-02
2.841605658090141494e-03 8.428524758942945727e-01 1.272683078464321993e-01 2.703761060118302362e-02
3.240193053356715900e-03 8.104027480510842540e-01 1.560426549846919697e-01 3.031440391086684741e-02
3.644402600108310845e-03 7.759090051231493090e-01 1.857449556865191087e-01 3.470163659022313524e-02
3.996022226089510944e-03 7.434384968433933594e-01 2.118455255882799593e-01 4.071995534223720598e-02
4.297729367726698183e-03 7.141974095756901120e-01 2.316769498346596956e-01 4.982791122192335026e-02
4.658196893010347825e-03 6.853068944960790665e-01 2.453415733999702864e-01 6.469333521094036699e-02
5.171394932321572539e-03 6.529641413938191974e-01 2.538969682154753604e-01 8.796749545838389306e-02
5.188433949592531451e-03 6.164550442955999410e-01 2.581423341157928486e-01 1.202141876390148967e-01
5.421221302546480429e-03 5.794234777142542869e-01 2.559428273623680639e-01 1.592124736208309910e-01
5.515731981382223162e-03 5.404485525509852284e-01 2.522615260182808905e-01 2.017741894493519650e-01
5.489947904480243536e-03 4.958381491484979975e-01 2.530969809780743707e-01 2.455749219689474516e-01
5.449419751873585578e-03 4.407742202866796744e-01 2.615355624868055950e-01 2.922407974746412673e-01
5.589236297915748525e-03 3.723916881063646378e-01 2.746951489124881962e-01 3.473239266832313654e-01
6.025322765839637856e-03 2.926745561975998555e-01 2.839401288898146802e-01 4.173599921467458507e-01
6.811372861963567796e-03 2.105904480850189775e-01 2.779191991276001028e-01 5.046789799254174369e-01
8.080034700959465646e-03 1.377663891465630008e-01 2.524042820167907708e-01 6.017492941356870073e-01
8.637246510428606833e-03 8.543982372870714825e-02 2.116364560698169583e-01 6.942864736910472345e-01
9.220686441925040472e-03 5.041294894837720919e-02 1.713645112470527920e-01 7.690018533626445940e-01
8.377267198682527768e-03 3.127861064964648774e-02 1.419887440562773162e-01 8.183553780953939372e-01
8.424138202123024333e-03 2.200887731527528118e-02 1.292076499368345344e-01 8.403593345457671671e-01
9.416222551196288398e-03 1.834555579903525066e-02 1.339199020677922236e-01 8.383183195819762235e-01
1.170059093551393745e-02 1.787917302278733273e-02 1.569396277473045775e-01 8.134806082943941696e-01
1.584253663262497752e-02 1.962253636266518553e-02 2.014841964579134337e-01 7.630507305467962853e-01
2.277669793111718188e-02 2.300036967158134230e-02 2.695549396777043860e-01 6.846679927195971072e-01
3.317654074927282870e-02 2.757140409150593899e-02 3.550877387385678596e-01 5.841643164206533623e-01
4.549655370562451923e-02 3.303013930486150412e-02 4.439366693545627740e-01 4.775366376349512998e-01
5.517492003692739400e-02 3.869313359299467875e-02 5.261690890692432010e-01 3.799628573008346222e-01
5.812984744003620724e-02 4.390682441971406613e-02 6.023267774218884485e-01 2.956365507183613683e-01
5.377057068137386375e-02 4.912070741889029007e-02 6.738958697799041220e-01 2.232128521198316062e-01
4.437210039061953437e-02 5.528916579619731070e-02 7.373761459494263537e-01 1.629625878637570024e-01
3.417857447417515376e-02 6.291985294268132023e-02 7.866132682605639914e-01 1.162883043225795276e-01
2.713911010041919480e-02 7.227975381905142604e-02 8.178265522796052123e-01 8.275458380092411137e-02
2.431343867478691703e-02 8.363292537786584657e-02 8.315957529403166237e-01 6.045788300703129614e-02
2.519488980674018663e-02 9.725259822062445880e-02 8.299677318276367233e-01 4.758478014499831210e-02
2.987711163100444794e-02 1.143593689597399432e-01 8.133940344673211698e-01 4.236948494193447379e-02
3.938139863582600791e-02 1.369130423294075971e-01 7.804428602507923474e-01 4.326269878397406149e-02
5.448135722192336966e-02 1.650072637375465667e-01 7.316200602131585073e-01 4.889131882737138973e-02
7.251280161067270857e-02 1.963362635022501135e-01 6.736418458887760696e-01 5.750908899830102505e-02
8.897250767658927695e-02 2.281225303107247415e-01 6.159518004714733541e-01 6.695316154121247476e-02
9.559153855683340251e-02 2.593065844388779961e-01 5.702343204726064707e-01 7.486755653168215840e-02
8.976316172356048340e-02 2.868256845532382582e-01 5.433143327391726229e-01 8.009682098402864936e-02
7.654835778512285305e-02 3.067040111376793665e-01 5.341009075789594496e-01 8.264672349823858066e-02
6.273298169676987113e-02 3.162652359018689463e-01 5.381266903234200871e-01 8.287509207794142851e-02
5.048838892552709456e-02 3.140418161303250022e-01 5.542887850951856432e-01 8.118100984896255146e-02
4.206083144822119618e-02 2.997185140808381054e-01 5.798767091239198646e-01 7.834394534702120161e-02
3.742366476093155619e-02 2.755823947668892826e-01 6.121495195464247141e-01 7.484442092575456507e-02
3.539907563376991362e-02 2.465019920011648213e-01 6.477417024072420482e-01 7.035722995782330014e-02
3.444804022479905359e-02 2.169688914223184273e-01 6.845774885918051167e-01 6.400557976107718039e-02
3.348200576115180349e-02 1.887990900535810868e-01 7.221057870269294021e-01 5.561311715833769376e-02
3.224293332114319677e-02 1.633647231702673175e-01 7.579669491855176577e-01 4.642539432307184188e-02
3.081937078442895106e-02 1.410895232236637764e-01 7.904621641762965556e-01 3.762894181561091123e-02
2.915249084962105025e-02 1.210815800077896937e-01 8.200701897732047829e-01 2.969573936938448011e-02
2.742093484823092051e-02 1.027232886536869894e-01 8.469118165811487797e-01 2.294395991693323061e-02
