1.221624348987871700e-01 1.837709435242592185e-02 7.772041083832685882e-01 8.225636236551855940e-02
8.141844973743553315e-03 1.608896773859200546e-01 8.232817065757269681e-01 7.686771064609287767e-03
7.603567596209330481e-03 1.469608970437631945e-01 8.378295098648571582e-01 7.606025495170185870e-03
6.959521079980657277e-03 1.376780197203774925e-01 8.473746818031381300e-01 7.987777396503600510e-03
6.202245329110525618e-03 1.280275195626302542e-01 8.573315936245428093e-01 8.438641483716957312e-03
5.300565865712250288e-03 1.162765675839362023e-01 8.697558492516955786e-01 8.667017298655958421e-03
4.385298194724653216e-03 1.045477879747558903e-01 8.822891779139935275e-01 8.777735916525758117e-03
3.650428502543677945e-03 9.679420317489860481e-02 8.903129252104127200e-01 9.242443112145049683e-03
3.138291035477045864e-03 9.436469173425245105e-02 8.921041254690960098e-01 1.039289176117445292e-02
2.732985910673017306e-03 9.407895380502150073e-02 8.910283565333904088e-01 1.215970375091505150e-02
2.357032734254564492e-03 9.298765214055226824e-02 8.900292222425504329e-01 1.462609288264228764e-02
2.012173817214002979e-03 9.122690659352811204e-02 8.882018936437240386e-01 1.855902594553384202e-02
1.759630366910938139e-03 9.130129307707508801e-02 8.808708277780461504e-01 2.606824877796825798e-02
1.698468930785990453e-03 9.580186023601490464e-02 8.606153531536901991e-01 4.188431767950935580e-02
1.934283503481005985e-03 1.059505363066204214e-01 8.166479596694705689e-01 7.546722052042788287e-02
2.436057822030002380e-03 1.200233234568570256e-01 7.360953213453645949e-01 1.414452973757482912e-01
2.762705984608363873e-03 1.285674516969749770e-01 6.172700609584886866e-01 2.513997813599280207e-01
2.493386279629840763e-03 1.194257080849923935e-01 4.760009788193161340e-01 4.020799268160617501e-01
1.778333352385177025e-03 9.283110042417626329e-02 3.299944870929774066e-01 5.753960791304612021e-01
1.055945930901589728e-03 6.039582737152156960e-02 1.987670127175600598e-01 7.397812139800167275e-01
6.157997381839642494e-04 3.424644278310623458e-02 1.041003453733980733e-01 8.610374121053119278e-01
3.934922484687257980e-04 1.836769152544304867e-02 5.088502244164193333e-02 9.303537937844464922e-01
2.714462246518830908e-04 1.015258434387365620e-02 2.560040653097434005e-02 9.639755629005001270e-01
1.927458255896402704e-04 6.074888346245310711e-03 1.415351162669355699e-02 9.795788542014716160e-01
1.433601458468896966e-04 4.081364185837909817e-03 8.977275068495028931e-03 9.867980005998201465e-01
1.157451827247017539e-04 3.077500876844541794e-03 6.530580772634598900e-03 9.902761731677959256e-01
1.004809061954802543e-04 1.650873660208626451e-03 5.363619432282124184e-03 9.928850260013136753e-01
9.919318235607155144e-05 1.466831423162395787e-03 4.616466636482449704e-03 9.938175087579994571e-01
1.123739254528292278e-04 1.456252728999307211e-03 4.207427264841411517e-03 9.942239460807065221e-01
1.421601289537203767e-04 1.617462113409065408e-03 4.037557462274337511e-03 9.942028202953628879e-01
1.832378924375037193e-04 1.904256422197037101e-03 3.934225706628990092e-03 9.939782799787365564e-01
2.205292006759749580e-04 2.260031083866568657e-03 3.785751413096810625e-03 9.937336883023606404e-01
2.482658628617766131e-04 2.762943181572552042e-03 3.709080994371246817e-03 9.932797099611947456e-01
2.818127393540765971e-04 3.695853248165424654e-03 3.941493331535976530e-03 9.920808406809444868e-01
3.506665010739084599e-04 5.704680835489883174e-03 4.809898881051307383e-03 9.891347537823846903e-01
5.311172201205663097e-04 1.088544615438941099e-02 7.246432814973500711e-03 9.813370038105166948e-01
1.154223875094421634e-03 2.719284973970420918e-02 1.433032235507275889e-02 9.573226040301288098e-01
3.362151514360092568e-03 8.310886917597076762e-02 3.525028745709491568e-02 8.782786918525744557e-01
9.232290308708810886e-03 2.315021133410751775e-01 8.480954863195037940e-02 6.744560477182653946e-01
1.728240065472127357e-02 4.485371263493923566e-01 1.368817528873400580e-01 3.972987201085463882e-01
2.087896813402772417e-02 6.276463152848476001e-01 1.518030497617066654e-01 1.996716668194180866e-01
2.007784388098266676e-02 7.362983757774924642e-01 1.441808685783366739e-01 9.944291176318796610e-02
1.728368595741790886e-02 8.036453870429712820e-01 1.265703899325064108e-01 5.250053706710413465e-02
1.368275674283504426e-02 8.527209299670915899e-01 1.040599867742569018e-01 2.953632651581660981e-02
9.654934606843945319e-03 8.921148455224960916e-01 8.081791263845340689e-02 1.741230723220641222e-02
7.045119193226648951e-03 9.193563285354504622e-01 6.249652190091831844e-02 1.110203037040481851e-02
5.656671574489890823e-03 9.342185375284762783e-01 5.191513226884920257e-02 8.209658628184389809e-03
5.494589001500110176e-03 9.387151561534364808e-01 4.854328066769288130e-02 7.246974177370327404e-03
6.563645853572989096e-03 9.355862156760047510e-01 5.058248547743882106e-02 7.267652992983345168e-03
9.317368896193892885e-03 9.261547735844345430e-01 5.676236825617902299e-02 7.765489263192750131e-03
1.463149776538182067e-02 9.111734979763785880e-01 6.565578602219862558e-02 8.539218236041205140e-03
2.239165393793758271e-02 8.945754826838627771e-01 7.347479751625751732e-02 9.558065861942154073e-03
2.939009083336951988e-02 8.854760022821815957e-01 7.433491191338606474e-02 1.079899497106297929e-02
3.225284886763828823e-02 8.895287516660954630e-01 6.583998537685190056e-02 1.237841408941433956e-02
3.184908997875231240e-02 9.003258457089649003e-01 5.284610982298487691e-02 1.497895448929784101e-02
2.863838310635807849e-02 9.110818560692902635e-01 4.099569213440756171e-02 1.928406868994414838e-02
2.364504532259965527e-02 9.194582764590546464e-01 3.136638605828723919e-02 2.553029216005789706e-02
1.798401813418887274e-02 9.238057839938205174e-01 2.497184420579873568e-02 3.323835366619184301e-02
1.403303302191916298e-02 9.242384202240895297e-01 2.141298281241263771e-02 4.031556394157864709e-02
1.105621519727282079e-02 9.261755990249475046e-01 1.917832766681220810e-02 4.358985811096739715e-02
9.689922393508493270e-03 9.305713811239332278e-01 1.751565574902485406e-02 4.222304073353314036e-02
9.369304133159228609e-03 9.370917497376199945e-01 1.622132922732456156e-02 3.731761690189642350e-02
9.485309103042951703e-03 9.446714242310533249e-01 1.511779876662652441e-02 3.072546789927716251e-02
9.346909096647917567e-03 9.524132455364793248e-01 1.401566857843859586e-02 2.422417678843433175e-02
8.334602456202684986e-03 9.600431798426741770e-01 1.271045533281811232e-02 1.891176236830493379e-02
6.446004981971006215e-03 9.674930295069630315e-01 1.095706419405567157e-02 1.510390131701016929e-02
4.359803986644936527e-03 9.742579748922479688e-01 8.780452237841239113e-03 1.260176888326582610e-02
2.679019536802891566e-03 9.798233456986709111e-01 6.608605302818610500e-03 1.088902946170736998e-02
1.558284114823323867e-03 9.842303527609271852e-01 4.866504801651857538e-03 9.344858322597723865e-03
9.121057202221502253e-04 9.876767149539363855e-01 3.740935991142447983e-03 7.670243334699027374e-03
5.876062773745621866e-04 9.901350712338379267e-01 3.237440462233965362e-03 6.039882026553571731e-03
2.837753328408141069e-05 9.930794999950357527e-01 2.429672293544332413e-03 4.462450178135965798e-03
8.822452102752337266e-02 2.087123847440695290e-01 7.008457560626970562e-01 2.217338165710065149e-03
1.071977957567264847e-03 9.742192305839793010e-01 2.291456461591151808e-02 1.794226842541937154e-03
1.274288754231779185e-03 9.692280768034391425e-01 2.801756999069549697e-02 1.480064451633619294e-03
1.685627415693209327e-03 9.612498415797221529e-01 3.563332025287214988e-02 1.431210751712361012e-03
2.372405195009354758e-03 9.487001664713005100e-01 4.730691858761050528e-02 1.620509746079737932e-03
3.331990827749593213e-03 9.305739222333295757e-01 6.406156739860432991e-02 2.032519540316542368e-03
4.455287422614784797e-03 9.058586360114233571e-01 8.704240373755738058e-02 2.643672828404338739e-03
5.574064161740902891e-03 8.692072053641247686e-01 1.217996108869225519e-01 3.419119587211709790e-03
6.592753937928712803e-03 8.088771295474207479e-01 1.803523383291839033e-01 4.177778185466431322e-03
7.369618577071208182e-03 7.138973155776123791e-01 2.742713168233094634e-01 4.461749022006852167e-03
7.393689609261405379e-03 5.867913113550712323e-01 4.019352082536231108e-01 3.879790782044137496e-03
6.985037780610410009e-03 4.457003478237172578e-01 5.445652877495217314e-01 2.749326646150258586e-03
6.189699065834021290e-03 3.152216168167625843e-01 6.769260595269260827e-01 1.662624590477259235e-03
5.266064005823726905e-03 2.135669899043887709e-01 7.802374139427092903e-01 9.295321470781845417e-04
4.561626905908627676e-03 1.442651538874619443e-01 8.506456016185148794e-01 5.276175881141717018e-04
4.156329865729945471e-03 9.988091821491829059e-02 8.956484842215093334e-01 3.142676978425393069e-04
4.047414764250136313e-03 7.133867757683581834e-02 9.244206106595467265e-01 1.932969993674177051e-04
4.642177751684725684e-03 5.254414998532946912e-02 9.426849906331683515e-01 1.286816298175039056e-04
5.237469564629624111e-03 4.144459320564731347e-02 9.532271960361441421e-01 9.074119357908307874e-05
7.204039785239403637e-03 3.649494809158134595e-02 9.562188690547737124e-01 8.214306840542435345e-05
1.192620105074957207e-02 3.682207763143682117e-02 9.511509906139530290e-01 1.007307038605844741e-04
1.794063473087176633e-02 4.422811151136655378e-02 9.376810504094799104e-01 1.502033482820166826e-04
2.499653331669033154e-02 6.147183816780508320e-02 9.132967025803040428e-01 2.349259352009552826e-04
3.360755077078388109e-02 9.516031407436918721e-02 8.708611228140988869e-01 3.710123407480236469e-04
4.671401545776982661e-02 1.550073907466021084e-01 7.976608114435937980e-01 6.177823520341777300e-04
6.868889169763928160e-02 2.427158697210259619e-01 6.875196772655743915e-01 1.075561315760467304e-03
1.065605038747853561e-01 3.390393574984921776e-01 5.525205325681303847e-01 1.879606058592096915e-03
1.713168914367625140e-01 4.118021819867225264e-01 4.137126838674401452e-01 3.168242709074977920e-03
2.864158397092582131e-01 4.229823817155834442e-01 2.856156112561363813e-01 4.986167319022176414e-03
4.651894406993926645e-01 3.512742892502731529e-01 1.766804118678091950e-01 6.855858182524902575e-03
6.753728739827189465e-01 2.230281275029686594e-01 9.387338204390098528e-02 7.725616470411084472e-03
8.317700209669210976e-01 1.155118801982132765e-01 4.483085830366725921e-02 7.887240531198019822e-03
9.106924814831270920e-01 5.821191917745491273e-02 2.200994689111935437e-02 9.085652448298653025e-03
9.318889066698974322e-01 3.826454261962056874e-02 1.455638985759787236e-02 1.529016085288397407e-02
9.136304562987526134e-01 3.507737831449317389e-02 1.382267682053108827e-02 3.746948856622308449e-02
8.504918227357474159e-01 3.874919600602062114e-02 1.615165017520787949e-02 9.460733108302421535e-02
7.713656952746135165e-01 3.999179685151426494e-02 1.833055920507110220e-02 1.703119486688012274e-01
7.428628205700642528e-01 3.593530533242165342e-02 1.882531815234000927e-02 2.023765559451741469e-01
7.835610014560815406e-01 2.885564931652413040e-02 1.794456101102491485e-02 1.696387882163694627e-01
8.530816771371703133e-01 2.144315372706183387e-02 1.630692470422673290e-02 1.091682444315409811e-01
9.074138323447376031e-01 1.612203703941179206e-02 1.501331172001323967e-02 6.145081889583698526e-02
9.346742517224279068e-01 1.411370924641567812e-02 1.556667038750562948e-02 3.564536864365080993e-02
9.407120480278082786e-01 1.567683672204328235e-02 1.930904777005399905e-02 2.430206748009444348e-02
9.309486363959652566e-01 2.127444557514033760e-02 2.742495214699024186e-02 2.035196588190415004e-02
9.054276063060514579e-01 3.257147227252793487e-02 4.132726246110337426e-02 2.067365896031695890e-02
8.607747285802221926e-01 5.240097822608531103e-02 6.248913782078585610e-02 2.433515537290664374e-02
7.927403667525405595e-01 8.414232037401668529e-02 9.258305383494257190e-02 3.053425903850048861e-02
7.034184311846491955e-01 1.269114208080764639e-01 1.332380870373703619e-01 3.643206096990408288e-02
6.065610612966264581e-01 1.733918486358516364e-01 1.826839890594713911e-01 3.736310100805032008e-02
5.258782289238669305e-01 2.070345533636532009e-01 2.350886083607423294e-01 3.199860935173763632e-02
4.606058088904153580e-01 2.236818836132078991e-01 2.912413115384432927e-01 2.447099595793364793e-02
3.980368879024712703e-01 2.283868805296292159e-01 3.553680612447950860e-01 1.820817032310461520e-02
3.348452043474770545e-01 2.257712453763605354e-01 4.256072746685700126e-01 1.377627560759252419e-02
2.745247795959781523e-01 2.182314711634979754e-01 4.964983282844097068e-01 1.074542095611410834e-02
2.215680814272668331e-01 2.067505890510061284e-01 5.628378124968304030e-01 8.843517024896333650e-03
1.817265613545715475e-01 1.923561112845578458e-01 6.179710023543663056e-01 7.946325006504146790e-03
1.573973950128136345e-01 1.764904572517174419e-01 6.583100164533630672e-01 7.802131282105837298e-03
1.459368320842198419e-01 1.597882651519403896e-01 6.862418236830022389e-01 8.033079080837614641e-03
1.459402865009614969e-01 1.412274744263178616e-01 7.044894359764094505e-01 8.342803096310960273e-03
1.601029719522186201e-01 1.199734162541093163e-01 7.113912563318967042e-01 8.532355461775210231e-03
1.945284684344495418e-01 9.783821985614311878e-02 6.991855389977722490e-01 8.447772711635095563e-03
2.536071273322577091e-01 7.764712271424517587e-02 6.607837456772794882e-01 7.962004276217571341e-03
3.308320489939430287e-01 6.178124866553939137e-02 6.001381534514687033e-01 7.248548889048616467e-03
4.084785224838373141e-01 5.176586229928664684e-02 5.328520501401698972e-01 6.903565076705904177e-03
4.682652883392575682e-01 4.738724713171012931e-02 4.767871382101949718e-01 7.560326318837014108e-03
5.043002445627161601e-01 4.664498873562005626e-02 4.392807582729529314e-01 9.774008428710602436e-03
5.288134949601793755e-01 4.631861531743645261e-02 4.108853601853253434e-01 1.398252953705898111e-02
5.554605024635388411e-01 4.417578817205973507e-02 3.807215958090419683e-01 1.964211355535976089e-02
5.861968572625116947e-01 4.082754625651198455e-02 3.486022855010100785e-01 2.437331097996603066e-02
6.186230016953924160e-01 3.728979977817912378e-02 3.181398149885310556e-01 2.594738353789743934e-02
6.533911600348550897e-01 3.571690435524878249e-02 2.860870163234983110e-01 2.480491928639780297e-02
6.938770785560174348e-01 3.546671702373718760e-02 2.481662994208009010e-01 2.248990499944438989e-02
1.156671356579884319e-01 3.546434089994663502e-02 1.229547111303423979e-01 7.259138123117226948e-01
2.192371989932113963e-01 1.714987435520558545e-01 5.450974719408032687e-01 6.416658551392941112e-02
1.771883833130231400e-01 1.816065336043155287e-01 5.745053192030402656e-01 6.669976387962107955e-02
1.461998159273898701e-01 1.916099277473645723e-01 5.926651034080250291e-01 6.952515291722052848e-02
1.241125795914463231e-01 2.027594976944618876e-01 5.994674957227985601e-01 7.366042699129334015e-02
1.061171957237218161e-01 2.203782901235821767e-01 5.925226507557892486e-01 8.098186339690725821e-02
9.025781794083340137e-02 2.474991791078045567e-01 5.683205856166391179e-01 9.392241733472271592e-02
7.559619628722234752e-02 2.840637431464565488e-01 5.251792578837382042e-01 1.151608026825828995e-01
6.201518972766633525e-02 3.265228905833271189e-01 4.625762735042445173e-01 1.488856461847620771e-01
4.831936603797783863e-02 3.686951193086824841e-01 3.809855864075983867e-01 2.019999282457410616e-01
3.642802188420914827e-02 3.940228185571450492e-01 2.888367327457203593e-01 2.807124268129254085e-01
2.726378015304077237e-02 3.847902398603939012e-01 2.048917700186057844e-01 3.830542099679595247e-01
2.041403150096231592e-02 3.410586827123060494e-01 1.394926943016246146e-01 4.990345914851065379e-01
1.497554088816642655e-02 2.767101694012651381e-01 9.110095097295242694e-02 6.172133387376158575e-01
1.057338402827031829e-02 2.067915376605171385e-01 5.628049390603671875e-02 7.263545844051756406e-01
7.130186889162702830e-03 1.433020998177192695e-01 3.235836469431008916e-02 8.172093485988078942e-01
4.576744411136419825e-03 9.315068025091985393e-02 1.707197791141834911e-02 8.852005974265251265e-01
3.102854471468993562e-03 6.024880474415446330e-02 8.490780389223904698e-03 9.281575603951526254e-01
2.340698802600784442e-03 4.576635152475940632e-02 5.009274625068686239e-03 9.468836750475708719e-01
2.926079896429859863e-03 4.971363525464927990e-02 4.415026181611070646e-03 9.429452586673098269e-01
6.290254518588813716e-03 7.813843474159871960e-02 6.274645533312495430e-03 9.092966652064999877e-01
1.831894596961538071e-02 1.428166349850803485e-01 1.218571988669272729e-02 8.266786991586112521e-01
4.947220786964305617e-02 2.390950937674835297e-01 2.237214340586231656e-02 6.890605549570110178e-01
1.085877742053699274e-01 3.271538719292370057e-01 3.478218430211665879e-02 5.294761695632763665e-01
1.894118541523701349e-01 3.675743820900385650e-01 4.580509476723911705e-02 3.972086689903523982e-01
2.789381353692446663e-01 3.619328500255378223e-01 5.339822173768465213e-02 3.057307928675327968e-01
3.696146510698038457e-01 3.319776059394854983e-01 5.731829187342687981e-02 2.410894511172838039e-01
4.680804026575142718e-01 2.868302927996184692e-01 5.715707704528587979e-02 1.879322274975810669e-01
5.749214576405666799e-01 2.338038962524939257e-01 5.378109242868384099e-02 1.374935536782555257e-01
6.887526765393884309e-01 1.750716040655112271e-01 4.631272910503531071e-02 8.986299029006487860e-02
7.916736276591931354e-01 1.207630953207487062e-01 3.621526111686018679e-02 5.134801590319796466e-02
8.656891799170142177e-01 8.071045361218603942e-02 2.680689863008352269e-02 2.679346784071597737e-02
9.074429088467692583e-01 5.747318053561307344e-02 2.063560882758594048e-02 1.444830179003157161e-02
9.259480116576627173e-01 4.700470843522688152e-02 1.769230610088759134e-02 9.354973806222761229e-03
9.260275846330332516e-01 4.688571263091492053e-02 1.910021988537349141e-02 7.986482850678379777e-03
9.124122579414104539e-01 5.512926594227611499e-02 2.375643979372253287e-02 8.702036322590972831e-03
8.836087882128844662e-01 7.300088908187621350e-02 3.220069851308089010e-02 1.118962419215840942e-02
8.405190628167360511e-01 9.968060724251348592e-02 4.432140248431080953e-02 1.547892745643973320e-02
7.855395029504151916e-01 1.314602385689947195e-01 6.113158499150883607e-02 2.186867348908135694e-02
7.267011994833292299e-01 1.604931722373603431e-01 8.264049194317872604e-02 3.016513633613178424e-02
6.748041414715977293e-01 1.776151175800483595e-01 1.082492509991695856e-01 3.933148994918435337e-02
6.372647140934560861e-01 1.783955320306629677e-01 1.360727431057554282e-01 4.826701077012540697e-02
6.157589107902727843e-01 1.629062696589761994e-01 1.636586096541259305e-01 5.767620989662493314e-02
5.990651823468313708e-01 1.402450264116001100e-01 1.898640086595325127e-01 7.082578258203604815e-02
5.814577058698222611e-01 1.142533926979603931e-01 2.127153606039246247e-01 9.157354082829316511e-02
5.578012540855494805e-01 9.036924622051319134e-02 2.289789775504225411e-01 1.228505221435149675e-01
5.290964897531251765e-01 7.067774340463882365e-02 2.367157263416822255e-01 1.635100405005539825e-01
5.019406896543242569e-01 5.688803402769846557e-02 2.334516104686440441e-01 2.077196658493330739e-01
4.774438996121738166e-01 4.821608040867619155e-02 2.238388790103818249e-01 2.505011409687682988e-01
4.589965685696247855e-01 4.249128323358632164e-02 2.101245832390574997e-01 2.883875649577311573e-01
4.482461009546636066e-01 3.804453508768223385e-02 1.950216452132427225e-01 3.186877187444113746e-01
4.468878972385278980e-01 3.401723837613473966e-02 1.787895956983795165e-01 3.403052686869579846e-01
4.581677066054341552e-01 3.006375286183988679e-02 1.589779574063406309e-01 3.527905831263853376e-01
4.824472063052175907e-01 2.616947168912890989e-02 1.351397226336032986e-01 3.562435993720501348e-01
5.104875089044613734e-01 2.247785219510991389e-02 1.102767210360292155e-01 3.567579178643995874e-01
5.260522680399064566e-01 1.903441989042117810e-02 8.758865067042101438e-02 3.673246613992510734e-01
5.144145470482917037e-01 1.598868452481896213e-02 6.913496948610106663e-02 4.004617989407879275e-01
4.733341876407849425e-01 1.361146860814627622e-02 5.478362261950313339e-02 4.582707211315656393e-01
4.139238191511912524e-01 1.192374872005022568e-02 4.312113300235018154e-02 5.310312991264084514e-01
3.502096482296330193e-01 1.085742018688639655e-02 3.384758910801718285e-02 6.050853424754631948e-01
2.920513947374893671e-01 1.022919517977123431e-02 2.713302186574475389e-02 6.705863882169947887e-01
2.477284326445569895e-01 9.625915221727966362e-03 2.243347335901617681e-02 7.202121787746987858e-01
2.260927232623013705e-01 8.729387665149340031e-03 1.899011998474997229e-02 7.461877690877990466e-01
2.325884128015864305e-01 7.506704572731408634e-03 1.624564531669216508e-02 7.436592373089899732e-01
2.685427509444052729e-01 6.128469084852055174e-03 1.385305207693503758e-02 7.114757278938079743e-01
3.311482024165204319e-01 4.884223673238296745e-03 1.180328147848818884e-02 6.521642924317532231e-01
4.073145459573981886e-01 3.823931571601499237e-03 1.001145480407573951e-02 5.788500676669243727e-01
4.804503176806048104e-01 2.852833563489229167e-03 8.264025125151865797e-03 5.084328236307542603e-01
5.412123128697842178e-01 2.026310538192079361e-03 6.642842999195741269e-03 4.501185335928279407e-01
5.885722783729807617e-01 1.418280876793106063e-03 5.360725402057904543e-03 4.046487153481683197e-01
6.285259554530440163e-01 1.017676206689521962e-03 4.477961286702688420e-03 3.659784070535637701e-01
6.722296574521808843e-01 7.630967565926506180e-04 3.887551025311293366e-03 3.231196947659151220e-01
5.065840324141838158e-01 1.734119210104684838e-01 1.266216202662299450e-01 1.933824263091176443e-01
7.587193441662559712e-03 4.848411753681940162e-03 9.850860423952945144e-01 2.478352409360914162e-03
8.819159502970371975e-03 5.207672988042392689e-03 9.832505067771289964e-01 2.722660731858345638e-03
1.066024808843772653e-02 5.724148112294850585e-03 9.805122011791124192e-01 3.103402620155048738e-03
1.336963445462619263e-02 6.323679990124638980e-03 9.766978049537988760e-01 3.608880601450355306e-03
1.730274392587631896e-02 6.944880596648436884e-03 9.715026166471387725e-01 4.249758830336645109e-03
2.237183459557025647e-02 7.397199979826718161e-03 9.652198488595626902e-01 5.011116565040079317e-03
2.777225180144841932e-02 7.490484009084301398e-03 9.588034603692794366e-01 5.933803820187874729e-03
3.222211017111206027e-02 7.238902852392044285e-03 9.532705107192204208e-01 7.268476257275708827e-03
3.418642737853508362e-02 6.786918665075117665e-03 9.495377391495177788e-01 9.488914806872278396e-03
3.218597692531351834e-02 6.300786031287248894e-03 9.482274408016746481e-01 1.328579624172491341e-02
2.485343493285762859e-02 6.008350014527995969e-03 9.496935825900894024e-01 1.944463246252551084e-02
1.781085376834802905e-02 5.750463722984985177e-03 9.460035021000495759e-01 3.043518040861750706e-02
1.132781856892740510e-02 5.632843292797219854e-03 9.340792764733137910e-01 4.896006166496182088e-02
7.879930603576347156e-03 5.719526216048594763e-03 9.101438415037751417e-01 7.625670167659992504e-02
6.457943067419372879e-03 5.844253000427252626e-03 8.785027173935590072e-01 1.091950865385941521e-01
5.649585696657666821e-03 5.873173239034766568e-03 8.450591735390080572e-01 1.434180675252992310e-01
5.647369171864777791e-03 5.691461117446035625e-03 8.107082252668648126e-01 1.779529444438244790e-01
6.251674949851249337e-03 5.562249837668947240e-03 7.712494405904199990e-01 2.169366346220602537e-01
7.252303485148442995e-03 5.546483969913692386e-03 7.201337597706475302e-01 2.670674527742902815e-01
8.346470915208953692e-03 5.563514948135881745e-03 6.497792448188044467e-01 3.363107693178507551e-01
8.523337758025379199e-03 5.477250968113878474e-03 5.552572962223326636e-01 4.307421150515279851e-01
8.610616737059394177e-03 5.421024856245924839e-03 4.471205880376610264e-01 5.388477703690336407e-01
8.199066750560705247e-03 5.360114302756542083e-03 3.500734548648314903e-01 6.363673640818509059e-01
7.424057644901465094e-03 5.337781838091195177e-03 2.773965348076526949e-01 7.098416257093551618e-01
6.395316354373015155e-03 5.346319395161541060e-03 2.257815119061027942e-01 7.624768523443621326e-01
5.376047928311864996e-03 5.463343838313139238e-03 1.868701167190533752e-01 8.022904915143215243e-01
5.048396321838571552e-03 5.829964213060037474e-03 1.524183021099119184e-01 8.367033373551895359e-01
4.402817348002170325e-03 6.330522594538609202e-03 1.170268501516890103e-01 8.722398099057702137e-01
4.223163319242700248e-03 7.425951049809554130e-03 8.166813454658117255e-02 9.066827510843665783e-01
3.523604674973603978e-03 8.565164038220385301e-03 5.303135670694288789e-02 9.348798745798631016e-01
3.276127796319245992e-03 1.109995747985236328e-02 3.329436643087549386e-02 9.523295482929530209e-01
3.188689883475462686e-03 1.543890773913103934e-02 2.216188937227248773e-02 9.592105130051210571e-01
3.237334788278403187e-03 2.222587723212162553e-02 1.667758599657215637e-02 9.578592019830277637e-01
3.465577109164229806e-03 3.295259527555693263e-02 1.460474143125686276e-02 9.489770861840217675e-01
4.044817388656960812e-03 5.064428607993134296e-02 1.506969543492334661e-02 9.302412010964885569e-01
5.197399226694568615e-03 8.027400212918296696e-02 1.821263977205640067e-02 8.963159588720659432e-01
7.182849901455296525e-03 1.264726682180269957e-01 2.463168628273335395e-02 8.417127955977843357e-01
9.987507492041674401e-03 1.857477350303257391e-01 3.447888784605718931e-02 7.697858696315756921e-01
1.308529262262826676e-02 2.456129019513763057e-01 4.726816394191002413e-02 6.940336414840856394e-01
1.582201863557295904e-02 2.950554116282468886e-01 6.191010103348822818e-02 6.272124687026916501e-01
1.797524058934317492e-02 3.290146173687959474e-01 7.621583941258308625e-02 5.767943026292778885e-01
1.970617011808979691e-02 3.462651746596148716e-01 8.751605617745271404e-02 5.465125990448423954e-01
2.137032129484772724e-02 3.488833154147731319e-01 9.498964913810105382e-02 5.347567141522782119e-01
2.349409262430617734e-02 3.405902637837361357e-01 9.987560798958140806e-02 5.360400356023764523e-01
2.665610424212553481e-02 3.237906049303558298e-01 1.031494031809233464e-01 5.464038876465955319e-01
3.128479478785173989e-02 2.981883386699485383e-01 1.038576452421965113e-01 5.666692213000031897e-01
3.753231849420489430e-02 2.622616947175261393e-01 9.971180315811489780e-02 6.004941836301541658e-01
4.536677403877019399e-02 2.175019262408580123e-01 8.958619795392394614e-02 6.475451017664478615e-01
5.453788193146685143e-02 1.697342061845749372e-01 7.494168768089316812e-02 7.007862242030651334e-01
6.385916610146676053e-02 1.255269831240234113e-01 5.883237356460839507e-02 7.517814772099015164e-01
7.025893978145768271e-02 8.856970045949758008e-02 4.381185800086123683e-02 7.973595017581834865e-01
7.018979872938460596e-02 5.970402183625209136e-02 3.115033734967664891e-02 8.389558420846865427e-01
6.352821428998854658e-02 3.873168546934237233e-02 2.137926701842329108e-02 8.763608332222457831e-01
5.428259114498611149e-02 2.448076777845860016e-02 1.497077075932414306e-02 9.062658703172308261e-01
4.811179194351002802e-02 1.586191423963602409e-02 1.014428767008918215e-02 9.258820061467648577e-01
4.591627218616812361e-02 1.125200577832046953e-02 7.322121256705210052e-03 9.355096007788061829e-01
4.836551997371991291e-02 9.097697864934809614e-03 5.911092852946623656e-03 9.366256893083986235e-01
5.582969826279374215e-02 8.447330899845744215e-03 5.468064176024135283e-03 9.302549066613360340e-01
6.812344139461605497e-02 8.759689201841090039e-03 5.756267099901670077e-03 9.173606023036414703e-01
8.443120368526976782e-02 1.057683814028875617e-02 7.175341390156921538e-03 8.978166167842844825e-01
1.050229603417597163e-01 1.294899237037330786e-02 9.855991081374774684e-03 8.721720562064922966e-01
1.325283201155319501e-01 1.692026368246169962e-02 1.517880059471754702e-02 8.353726156072890374e-01
1.707663279497351749e-01 2.308690998680705195e-02 2.535481440596928232e-02 7.807919476574882722e-01
2.207078999477790904e-01 3.177531554250304091e-02 4.386343533176172843e-02 7.036533491779558558e-01
2.751045365482485683e-01 4.230605966913898730e-02 7.445384708875230073e-02 6.081355566938601021e-01
3.173675181492229824e-01 5.294767044047884313e-02 1.187502768004314868e-01 5.109345346098665974e-01
3.319777063609473666e-01 6.212264825263012075e-02 1.755034644240734687e-01 4.303961809623493839e-01
3.151935288810479574e-01 6.941679547806638151e-02 2.417687224688374881e-01 3.736209531720478538e-01
2.749259801287382565e-01 7.479647873876674180e-02 3.127999897790209038e-01 3.374775513534741256e-01
2.252219240794992861e-01 7.804822190048354980e-02 3.832228650542185977e-01 3.135069889657983722e-01
1.790168743191301037e-01 7.926589926060481628e-02 4.490307022885109967e-01 2.926865241317541111e-01
3.334420163036412310e-01 4.436900007728321604e-01 1.489580614287358273e-01 7.390992149479072570e-02
3.633646261436035418e-01 4.105996567667009600e-01 1.211966695741844013e-01 1.048390475155112772e-01
3.863009234936823910e-01 3.695306957937052328e-01 9.992551212468622768e-02 1.442428685879261485e-01
4.043965846418509091e-01 3.242081468248400600e-01 8.141531287328232502e-02 1.899799556600267614e-01
4.128634978564348357e-01 2.798695950488604978e-01 6.424757505555972470e-02 2.430193320391449974e-01
3.971477481750980143e-01 2.441476495202022090e-01 4.949592322246854081e-02 3.092086790822312636e-01
3.506817029916220463e-01 2.148250750314165958e-01 3.736575014130638639e-02 3.971274718356549993e-01
2.796299092411013709e-01 1.840260910953212814e-01 2.733399346643987024e-02 5.090100061971375434e-01
2.050193786697410980e-01 1.448743264970674682e-01 1.888872197117907534e-02 6.312175728620124104e-01
1.444680105026172334e-01 1.010001470278368424e-01 1.206321401364977668e-02 7.424686284558961180e-01
1.004645439099820375e-01 6.304150286024706729e-02 7.186418076959330374e-03 8.293075351528116368e-01
6.816801165900533699e-02 3.699332776772214226e-02 4.134746334749785958e-03 8.907039142385224650e-01
4.400419095811249764e-02 2.156362886575093757e-02 2.369440898743207461e-03 9.320627392773933595e-01
2.645914729455008801e-02 1.362382475958539250e-02 1.444963520464163584e-03 9.584720644254003385e-01
1.555550202795282638e-02 8.712684599105877808e-03 9.119026494849677856e-04 9.748199107234561955e-01
9.006250835068948385e-03 5.768928341662591004e-03 5.970432935173862954e-04 9.846277775297510582e-01
5.193276436383273409e-03 3.902867792808092581e-03 3.936358970151355454e-04 9.905102198737933961e-01
3.098369349763353386e-03 2.792695164194376398e-03 2.653489431345399155e-04 9.938435865429077198e-01
2.093119834951672528e-03 2.353541324777197550e-03 1.998100011743755378e-04 9.953535288390970015e-01
1.755657412292824108e-03 2.637596883619841657e-03 1.875716309679849021e-04 9.954191740731194171e-01
1.875159991499257854e-03 4.081507932765751634e-03 2.279143571619557320e-04 9.938154177185730687e-01
2.549564065704776946e-03 8.459536539253414630e-03 3.475854002605901073e-04 9.886433139947808924e-01
5.672833815910331874e-03 2.120801730650596559e-02 6.609872352405574266e-04 9.724581616423433328e-01
1.884627741201507769e-03 9.035026832732144797e-01 7.518259516381134433e-02 1.943009382177286054e-02
1.769406239236518893e-03 9.061382553361247982e-01 7.352366990354947118e-02 1.856866852108913710e-02
1.684583484815434023e-03 9.086557047339400839e-01 7.113358873489039613e-02 1.852612304635399554e-02
1.642731894173438557e-03 9.107692219623745311e-01 6.809029067952364345e-02 1.949775546392839426e-02
1.621588257068319518e-03 9.122904307418496783e-01 6.459942206433548495e-02 2.148855893674682382e-02
1.594959735945620811e-03 9.127583360265991708e-01 6.129351388190489025e-02 2.435319035555028044e-02
1.570707584456965643e-03 9.109165681182284091e-01 5.968989056728003090e-02 2.782283373003470797e-02
1.573487142864088981e-03 9.058173925523961278e-01 6.123071733256422317e-02 3.137840297217563829e-02
1.600751122541382724e-03 8.981286629117400944e-01 6.598897739182817135e-02 3.428160857389019045e-02
1.618301459829256861e-03 8.903301405906901556e-01 7.216323700606434854e-02 3.588832094341602025e-02
1.619146044467815624e-03 8.849191761288182079e-01 7.734207264621303923e-02 3.611960518050080782e-02
1.592269323020342785e-03 8.827432634277739831e-01 8.061893475059610237e-02 3.504553249860959535e-02
1.505512606760081714e-03 8.828882106080454539e-01 8.283755597766365164e-02 3.276872080753073790e-02
1.369135122452583503e-03 8.839985091903782566e-01 8.461439910622381433e-02 3.001795658094542213e-02
1.224895496074005158e-03 8.863944941186114868e-01 8.487122728491533485e-02 2.750938310039917345e-02
1.104671436505984781e-03 8.908833424694303504e-01 8.244254684762158947e-02 2.556943924644227220e-02
1.010717988876987192e-03 8.970814259927158973e-01 7.765050004174690879e-02 2.425735597665996252e-02
9.190392239521545312e-04 9.044177536736366374e-01 7.130147273796448582e-02 2.336173436444693302e-02
8.292842404923243078e-04 9.121795496707421069e-01 6.417249076844122602e-02 2.281867532032430881e-02
7.603673508614020721e-04 9.198057726018796787e-01 5.694264539353809801e-02 2.249121465372081255e-02
7.124921675600388773e-04 9.270368717510848455e-01 5.037114730923806377e-02 2.187948877211687987e-02
6.648735365662988405e-04 9.338483541419321243e-01 4.503734540011641169e-02 2.044942692138512763e-02
6.024295036166305234e-04 9.396357293838725200e-01 4.164612898157613041e-02 1.811571213093485233e-02
5.304234065794231510e-04 9.429623735147915076e-01 4.130778669030086420e-02 1.519941638832815987e-02
4.701185186099940340e-04 9.421440059828145586e-01 4.504058976948978332e-02 1.234528572908564006e-02
4.307028441000171890e-04 9.374226692469969091e-01 5.200099662051757554e-02 1.014563128838541321e-02
4.135168763265142868e-04 9.317730644036441578e-01 5.898246438201253106e-02 8.830954338016675648e-03
4.379224072052215135e-04 9.276371596798246300e-01 6.347927260938068805e-02 8.445645303589602998e-03
5.374637953769467735e-04 9.243332431448840758e-01 6.620822874467471864e-02 8.921064315064480832e-03
7.383256733719987478e-04 9.198928981881550060e-01 6.941858917465394685e-02 9.950186963819060773e-03
1.030487621232676915e-03 9.142735025188768461e-01 7.373270467713100018e-02 1.096330518275934023e-02
1.388190863542472422e-03 9.084411997514394432e-01 7.855164004953163470e-02 1.161896933548664003e-02
1.798357179841112048e-03 9.024323620390499734e-01 8.375285882558299033e-02 1.201642195552576203e-02
2.218547739947408001e-03 8.954894461666063066e-01 9.006490217361487471e-02 1.222710391983131487e-02
2.626017492774141392e-03 8.858429563007845786e-01 9.915639718001618974e-02 1.237462902642498877e-02
3.059838270893428403e-03 8.713144602873688083e-01 1.128846540828977313e-01 1.274104735884005850e-02
3.572390416342875047e-03 8.504104515969741485e-01 1.324222702245856642e-01 1.359488776209728279e-02
4.167479874751757983e-03 8.243138563429177612e-01 1.565460158898632215e-01 1.497264789246701734e-02
4.793284552219341521e-03 7.970715956538033664e-01 1.813424445768517246e-01 1.679267521712520320e-02
5.369422088128831920e-03 7.735604270279928807e-01 2.019683807763930083e-01 1.910177010748535451e-02
5.874576092648602609e-03 7.564335572777503014e-01 2.152849447177117015e-01 2.240692191188957752e-02
6.423689829250583787e-03 7.436849463338626176e-01 2.220670951034763585e-01 2.782426873341025883e-02
7.648259000721970360e-03 7.299595968582172079e-01 2.258456534002509231e-01 3.654649074080983800e-02
8.463701951065131721e-03 7.140982257916430598e-01 2.284241849044134909e-01 4.901388735287843385e-02
9.115762501389646291e-03 6.959241065619765632e-01 2.297196333574280103e-01 6.524049757920587223e-02
9.272749405008232082e-03 6.757413753480654428e-01 2.296949801191137119e-01 8.529089512781237725e-02
9.901097171887841830e-03 6.480475762969614140e-01 2.324656375256946850e-01 1.095856890054562188e-01
1.081191236035557342e-02 6.079589711677663155e-01 2.404899919144006248e-01 1.407391245574776406e-01
1.155430694511492586e-02 5.498067592038343721e-01 2.538557954293203522e-01 1.847831384217305528e-01
1.351321326472342856e-02 4.696592926249681388e-01 2.679021973666018130e-01 2.489252967437064756e-01
1.607570178497037816e-02 3.729584252645044007e-01 2.728004322234677259e-01 3.381654407270571205e-01
1.862030122171421179e-02 2.746669583426398775e-01 2.576545973200122241e-01 4.490581431156336900e-01
2.072606483958787729e-02 1.876186774028423820e-01 2.235115048029402696e-01 5.681437529546291554e-01
2.057497872060260261e-02 1.212169705115214574e-01 1.809801581512521518e-01 6.772278926166238611e-01
1.901693642984471008e-02 7.752522835260779177e-02 1.443404457154125187e-01 7.591173895021346985e-01
1.800083514058348211e-02 5.315400430468910503e-02 1.209116912642933112e-01 8.079334692904337478e-01
1.861147112897890837e-02 4.124172613029887524e-02 1.106698038878264206e-01 8.294769988528958304e-01
2.117520349400824412e-02 3.675588932106980955e-02 1.123824251202841934e-01 8.296864820646382421e-01
2.642260250721456885e-02 3.728091043789888426e-02 1.275859624713671370e-01 8.087105245835195522e-01
3.597134877264693276e-02 4.170312674210326781e-02 1.592649944854035715e-01 7.630605299998461932e-01
5.144664262014476269e-02 4.943895949133209761e-02 2.089315346987734301e-01 6.901828631897496402e-01
7.120979090527794486e-02 5.989875869983364576e-02 2.739867673890657440e-01 5.949046830058225543e-01
8.761835422166909526e-02 7.214287303857622180e-02 3.495829164969051495e-01 4.906558562428494641e-01
9.487821780971200658e-02 8.306404082075843909e-02 4.323996622232328391e-01 3.896580791462970206e-01
9.011831586289863194e-02 9.206800230144500385e-02 5.198586465395202971e-01 2.979550352961360948e-01
7.606045118781935843e-02 9.838036104751395061e-02 6.064439937200575281e-01 2.191151940446089685e-01
5.950152770674822095e-02 1.016055588386136910e-01 6.824227399611690892e-01 1.564701734934691169e-01
4.786516243192150827e-02 1.036786878589390642e-01 7.366019443143533296e-01 1.118542053947859799e-01
4.329014856488026808e-02 1.081842108292548899e-01 7.648312130610634973e-01 8.369442754480130309e-02
4.676000848255438408e-02 1.159573498545336673e-01 7.683924068057672585e-01 6.889023485714480810e-02
5.802316888880967166e-02 1.284575432655208627e-01 7.488105021748903134e-01 6.470878567077872900e-02
7.880635200923076511e-02 1.457237099139040981e-01 7.063295606643881230e-01 6.914037741247748559e-02
1.097108080347899695e-01 1.653482711145960737e-01 6.447025805105202068e-01 8.023834034009387495e-02
1.460711302988156046e-01 1.842098708062861745e-01 5.744278977227886829e-01 9.529110117210978781e-02
1.761421735982160730e-01 2.024149776143972235e-01 5.106628655727821764e-01 1.107799832146046520e-01
1.865380212637953450e-01 2.235222193847731520e-01 4.665945923463809542e-01 1.233451670050502713e-01
1.739159866339289873e-01 2.483893514364688415e-01 4.469807309518280536e-01 1.307139309777745617e-01
1.479582422858627955e-01 2.727569108567892697e-01 4.472627994807276131e-01 1.320220473766203217e-01
1.199720514019800149e-01 2.909424556064886258e-01 4.614237983983777713e-01 1.276616945931536851e-01
9.625240087905656550e-02 2.980288781703213652e-01 4.865073169043525603e-01 1.192114040462696339e-01
7.917346754515462715e-02 2.919555310169621443e-01 5.198621020974408813e-01 1.090088993404423195e-01
6.869635054415715314e-02 2.741479594268749764e-01 5.581771793310006391e-01 9.897851069796741175e-02
6.269841824192606827e-02 2.482518829261081972e-01 5.996135984165518185e-01 8.943610041541386058e-02
5.854146020420488566e-02 2.179492922678273326e-01 6.441331602326081374e-01 7.937608729535923502e-02
5.458806298573379984e-02 1.862597643628584598e-01 6.910416738492515254e-01 6.811049880215577779e-02
5.107064220417495415e-02 1.568168814436568526e-01 7.356127878319684843e-01 5.649968852019978532e-02
4.690785872287243224e-02 1.321507986295179238e-01 7.754464568916709100e-01 4.549488575593869238e-02
4.300548303480201257e-02 1.123031206129991716e-01 8.089216480544574317e-01 3.576974829774132864e-02
3.989878435425420200e-02 9.649339925113520344e-02 8.358109449709483219e-01 2.779687142366270639e-02
