3.717344623508724022e-02 1.116741507383711696e-02 9.179800867089261684e-01 3.367905198214963397e-02
6.463857631347813375e-03 4.345257649865900129e-01 5.523489478468631697e-01 6.661429535198972775e-03
5.852253099305102305e-03 4.070276286682615874e-01 5.807708407491928293e-01 6.349277483240402947e-03
5.190950051260213687e-03 3.803659003602508082e-01 6.080452836074039524e-01 6.397865981085232995e-03
4.521009621084320571e-03 3.516845888645562246e-01 6.373194691825414537e-01 6.474932331818070499e-03
3.821921891662026591e-03 3.195587188537713508e-01 6.702676801254832117e-01 6.351679129083267344e-03
3.148425298650306577e-03 2.860350527658839237e-01 7.047065463325801193e-01 6.109975602885742325e-03
2.599507065411968409e-03 2.565937576749637850e-01 7.347287667258470822e-01 6.077968533777036893e-03
2.208297056496003313e-03 2.354342243989029082e-01 7.558873772580931849e-01 6.470101286507923960e-03
1.918499706888433364e-03 2.190117077875007312e-01 7.718064972070980412e-01 7.263295298512850197e-03
1.676694717493081932e-03 2.010280452875126689e-01 7.887725844840866030e-01 8.522675510907849403e-03
1.465103944831046669e-03 1.783320226968046485e-01 8.095492544018063619e-01 1.065361895655792326e-02
1.300651330120269769e-03 1.524940339465921113e-01 8.314362526068146408e-01 1.476906211647271809e-02
1.219365301058158253e-03 1.277500144031090967e-01 8.475381786296865005e-01 2.349244166614594329e-02
1.248613169525148673e-03 1.069769975706160448e-01 8.491668354184193079e-01 4.260755384143954244e-02
1.397179012648197506e-03 9.119533942164063933e-02 8.237145001826188251e-01 8.369298138309227975e-02
1.605865773171222732e-03 7.971905132546577843e-02 7.546327092874424158e-01 1.640423736139204891e-01
1.750493768683213320e-03 6.651078988595399144e-02 6.351819272901990665e-01 2.965567890551636943e-01
1.709712887221992005e-03 4.887019319243076504e-02 4.733040505816283883e-01 4.761160433387188751e-01
1.454966266121091771e-03 3.049938479980193740e-02 2.999839692005665803e-01 6.680616797335102719e-01
1.099550089656912890e-03 1.665769555215049907e-02 1.613959318819990774e-01 8.208468224761933385e-01
7.999574306257543595e-04 8.713591070707200209e-03 7.927878011108976941e-02 9.112076713875778555e-01
5.867937106382194439e-04 4.803421497762833982e-03 4.003254377886983351e-02 9.545772410127290053e-01
4.314491245382544738e-04 2.943001771603630592e-03 2.289782033716514578e-02 9.737277287666928904e-01
3.258999837150826362e-04 2.079689280146873598e-03 1.546956733751611753e-02 9.821248433986219384e-01
2.609969374896209198e-04 1.687514022508560972e-03 1.201162434475383685e-02 9.860398646952480695e-01
2.264987087763369370e-04 1.529603469008809476e-03 1.011458406654213230e-02 9.881293137556725892e-01
2.169149614702201891e-04 1.513037330953128897e-03 8.799504580937273640e-03 9.894705431266391793e-01
2.323502822997819493e-04 1.625836820115531337e-03 7.836822993171042168e-03 9.903049899044136239e-01
2.728770178983161670e-04 1.868353669973404560e-03 7.183434743948575313e-03 9.906753345681793554e-01
3.262637744042784721e-04 2.176279441695042234e-03 6.661005162098900499e-03 9.908364516218016727e-01
3.696517601989097643e-04 2.469336415586810551e-03 6.178675440045237888e-03 9.909823363841691046e-01
3.981048612467277250e-04 2.802840308066576174e-03 5.922983853992312350e-03 9.908760709766945007e-01
4.345268691415301427e-04 3.384693069047426447e-03 6.162864378231341748e-03 9.900179156835797745e-01
5.136154820921098657e-04 4.601229542603536837e-03 7.226822061722004177e-03 9.876583329135821820e-01
7.064585482056809146e-04 7.605016778293907653e-03 1.011385659906020168e-02 9.815746680744401598e-01
1.225298596158188019e-03 1.654783572722594645e-02 1.797112309064802238e-02 9.642557425859678011e-01
2.770788881010623119e-03 4.656589919457629345e-02 3.952952076044263796e-02 9.111337911639703080e-01
6.956255378310269126e-03 1.352415581461225980e-01 8.728713072931852668e-02 7.705150557462482341e-01
1.353321293489749555e-02 2.998259593863820127e-01 1.457922306264038403e-01 5.408485970523165820e-01
1.767588574552884581e-02 4.790393461675115372e-01 1.757220796556180908e-01 3.275626884313413978e-01
1.774470258950183038e-02 6.151396864073045423e-01 1.771064524581069111e-01 1.900091585450870979e-01
1.581775763312723293e-02 7.013963975374036819e-01 1.689137561112401265e-01 1.138720887182289587e-01
1.295759973676438061e-02 7.575198684519460768e-01 1.569556577240552864e-01 7.256687408723418165e-02
1.085655763383528913e-02 7.945198998087277253e-01 1.454633077164029231e-01 4.916023484103457936e-02
8.908561185489355383e-03 8.184143479232401930e-01 1.368547944664507965e-01 3.582229642481927351e-02
8.002557270470105066e-03 8.286013288464207927e-01 1.341834653964022461e-01 2.921264848670667227e-02
8.459586951311232755e-03 8.270831793812478683e-01 1.375083795768375361e-01 2.694885409060339757e-02
1.068412306896867649e-02 8.175792782179058804e-01 1.447338572949116997e-01 2.700274141821378329e-02
1.566397710857725042e-02 8.029749195546479479e-01 1.534312464231539219e-01 2.792985691362104284e-02
2.503294626369601331e-02 7.850975161271241953e-01 1.608510003930621879e-01 2.901853721611791226e-02
3.946978893798765153e-02 7.672907735600915657e-01 1.626608828596540768e-01 3.057855464226683778e-02
5.586376087427508824e-02 7.557656500686771306e-01 1.545864034069358017e-01 3.378418565011218760e-02
6.906523272045678175e-02 7.545158749853365654e-01 1.363596970777019024e-01 4.005919521650464638e-02
7.903277927179729045e-02 7.533871267218101853e-01 1.157894864810169039e-01 5.179060752537560652e-02
8.058769881413008207e-02 7.544350776055892549e-01 9.485751124181464322e-02 7.011971233846560347e-02
6.969572698079476436e-02 7.614729137007751891e-01 7.498488149399437641e-02 9.384647782443590602e-02
5.105502256971806985e-02 7.712686854271650905e-01 5.874233179493839468e-02 1.189339602081785768e-01
3.472288630590644049e-02 7.801049937961612724e-01 4.787029760474414974e-02 1.373018222931884358e-01
2.436915128704197561e-02 7.939777949175622629e-01 4.082167837475281919e-02 1.408313754206427515e-01
1.868609775334433704e-02 8.167592912496484114e-01 3.581743943170368621e-02 1.287371715653035376e-01
1.554103679373470930e-02 8.461489507749567762e-01 3.201974794216350118e-02 1.062902644891450255e-01
1.314705406631308006e-02 8.768100354944906583e-01 2.920886219410875201e-02 8.083404824508742814e-02
1.125325225816150784e-02 9.037940942210308526e-01 2.655090438214265450e-02 5.840174913866501977e-02
8.868256535801519180e-03 9.252937558535415663e-01 2.404090700723355775e-02 4.179708060342323533e-02
6.258306821584254560e-03 9.415740732914423816e-01 2.129816121382540825e-02 3.086945867314822706e-02
4.031399451308082665e-03 9.537693710168801964e-01 1.817075055683171209e-02 2.402847897498010254e-02
2.460893159170942073e-03 9.632478973078086870e-01 1.497067863564512796e-02 1.932053089737523210e-02
1.469213366620199940e-03 9.711599068419255465e-01 1.214428492528162734e-02 1.522659486617249612e-02
8.999264860063292595e-04 9.775417023147476847e-01 1.021878385766797695e-02 1.133958734157809733e-02
6.036061783277570959e-04 9.816197838346895077e-01 9.700666997977044903e-03 8.075942989006108796e-03
9.735808228376984354e-05 9.842433847530690505e-01 1.012917958641289251e-02 5.530077578234158034e-03
6.022537616933733989e-02 5.331394091046021133e-01 4.024856335985308453e-01 4.149581127529730108e-03
8.012637999151669575e-04 9.377382370340819895e-01 5.887107700549855382e-02 2.589422160504609247e-03
7.363600330549614683e-04 9.426170296036689988e-01 5.491888112195014715e-02 1.727729241325954342e-03
7.519890284500220685e-04 9.460562996684327430e-01 5.186242309125194822e-02 1.329288211865092394e-03
8.317424472748989822e-04 9.467521113419872236e-01 5.120026723145834624e-02 1.215878979279444742e-03
9.611030777572295188e-04 9.444378852448312989e-01 5.329915727187116425e-02 1.301854405540179204e-03
1.130692802861743866e-03 9.389944541182275728e-01 5.829720710639457043e-02 1.577645972516094697e-03
1.347388773802022819e-03 9.273605647481955039e-01 6.917082231111999768e-02 2.121224166882391265e-03
1.633655211321672317e-03 9.015373850318916249e-01 9.384152761276455534e-02 2.987432144022119686e-03
2.077085127554911727e-03 8.496157080142237028e-01 1.444009408545418593e-01 3.906266003679547370e-03
2.359691922782298622e-03 7.612967395243421809e-01 2.321994567405953336e-01 4.144111812280614100e-03
2.595698835945560619e-03 6.336813963928018545e-01 3.602977243303674970e-01 3.425180440885128644e-03
2.708663862636638379e-03 4.810972413963607308e-01 5.138761007435788120e-01 2.317993997423422898e-03
2.590206435121399260e-03 3.364716510399452520e-01 6.595315011534605976e-01 1.406641371472893819e-03
2.226305760208531145e-03 2.269894415927234399e-01 7.699607529048139165e-01 8.234997422541487670e-04
1.880005609822885462e-03 1.548133434803221631e-01 8.428229676239361590e-01 4.836832859191799307e-04
1.676548700473948304e-03 1.087259038842812164e-01 8.893127794695832034e-01 2.847679456620422233e-04
1.645371465168537443e-03 7.916593824608558760e-02 9.190190568957385953e-01 1.696333930072047762e-04
1.859208494080616912e-03 6.179627627276202545e-02 9.362361723004019032e-01 1.083429327556155984e-04
2.443970662639447823e-03 5.446881209796634177e-02 9.430082285150485077e-01 7.898872434571473946e-05
3.541009111990335318e-03 5.611496621744303109e-02 9.402749308988906929e-01 6.909377167581304973e-05
5.267027124039185687e-03 6.845247173624197101e-02 9.262027533494300302e-01 7.774779028873606305e-05
7.635440730511526553e-03 9.574533170473231714e-02 8.965094857079688451e-01 1.097418567873219086e-04
1.088895963953127356e-02 1.453663577025025300e-01 8.435646013847934999e-01 1.800812731725397230e-04
1.587163866122986294e-02 2.238879315804068459e-01 7.599141287532670264e-01 3.263010050963858566e-04
2.415315364168310261e-02 3.252189838248308318e-01 6.500107316253298517e-01 6.171309081561970758e-04
3.904907135730938117e-02 4.287619540590350553e-01 5.310334432541649052e-01 1.155531329490600608e-03
6.808631671297456223e-02 5.122076046271140104e-01 4.176160315661573974e-01 2.090047093753731166e-03
1.274003259903537522e-01 5.526578486579248883e-01 3.163069660079436130e-01 3.634859343777544893e-03
2.482042139912530587e-01 5.166963334265152197e-01 2.291070007004683273e-01 5.992451881763024776e-03
4.575868396011931183e-01 3.825109933641930304e-01 1.512648072483907813e-01 8.637359786222849681e-03
6.850509020208792599e-01 2.180791176467466730e-01 8.615594422491887339e-02 1.071403610745503068e-02
8.302466148175750016e-01 1.091496937181784671e-01 4.712563378860225999e-02 1.347805767564414468e-02
8.837393895029147517e-01 6.243466298249700230e-02 3.163294927749498581e-02 2.219299823709310407e-02
8.698507297021855766e-01 4.874490430550947051e-02 3.071516328880796731e-02 5.068920270349677043e-02
8.048320782953015673e-01 4.484614181381498671e-02 3.645179920788012978e-02 1.138699806830035383e-01
7.362835674439760503e-01 4.015524331399873692e-02 4.192976711165070230e-02 1.816314221303746423e-01
7.272213876457556125e-01 3.291737760097068755e-02 4.417874215395920651e-02 1.956824925993147501e-01
7.818958202184698170e-01 2.523590505997818853e-02 4.200269041614951293e-02 1.508655843054024226e-01
8.538807104651823243e-01 1.846563644049074859e-02 3.682331419609419926e-02 9.083033889823295681e-02
9.037351492319858348e-01 1.361420216882398490e-02 3.299253809093925099e-02 4.965811050825098827e-02
9.250282041258252042e-01 1.229704542597876045e-02 3.323553874383345513e-02 2.943921170436289772e-02
9.244169601662113323e-01 1.400808104686273800e-02 4.012733905672877244e-02 2.144761973019718160e-02
9.059519682462412460e-01 1.960294850075079004e-02 5.480937836623151621e-02 1.963570488677617368e-02
8.696340894180584202e-01 3.131943278333877700e-02 7.719356494322940354e-02 2.185291285537325351e-02
8.123227654643365714e-01 5.300179046742343331e-02 1.066738961118982726e-01 2.800154795634186497e-02
7.296367151290745756e-01 8.850703952491700832e-02 1.439883526605433561e-01 3.786789268546501830e-02
6.194130257752561430e-01 1.419138765907240196e-01 1.903282393238542869e-01 4.834485831016515495e-02
5.044666842003959761e-01 2.035116275900029637e-01 2.399617581590104964e-01 5.205993005059085521e-02
4.120977848230276130e-01 2.568668863133436453e-01 2.846776465099838394e-01 4.635768235364481210e-02
3.419383021663001121e-01 2.947320044276603990e-01 3.267511032236600776e-01 3.657859018237939047e-02
2.823798338082258996e-01 3.168502584454699345e-01 3.730229145355064557e-01 2.774699321079757489e-02
2.281031467459986584e-01 3.268139227803263935e-01 4.238584196160575801e-01 2.122451085761703493e-02
1.825936407379604443e-01 3.247667168215557787e-01 4.758721139855915938e-01 1.676752845489208610e-02
1.455074195087891487e-01 3.141065143528679049e-01 5.263433618310005002e-01 1.404270430734248093e-02
1.186943649982569460e-01 2.976657139889240522e-01 5.707761257023105106e-01 1.286379531050852419e-02
1.023604681021973994e-01 2.788039064099013808e-01 6.059859810466664554e-01 1.284964444123505405e-02
9.506004926021396906e-02 2.580436734461670212e-01 6.334425071595851664e-01 1.345377013403387112e-02
9.431179021252893147e-02 2.340575153624165072e-01 6.574401234827167428e-01 1.419057094233749580e-02
1.016595875846976194e-01 2.041275742062377552e-01 6.795179641776085688e-01 1.469487403145555010e-02
1.224890043378691756e-01 1.682912059858546749e-01 6.945355005131004233e-01 1.468428916317531668e-02
1.602243833489809810e-01 1.317252495326495521e-01 6.941028048490723856e-01 1.394756226929713162e-02
2.117431829403269294e-01 1.025006459259337477e-01 6.729672111115240218e-01 1.278896002221515879e-02
2.691662670325252193e-01 8.218934532535955573e-02 6.365543412461105444e-01 1.209004639600501189e-02
3.194885184593995175e-01 6.939495060431999374e-02 5.984641773255933161e-01 1.265235361068712573e-02
3.564047247707149979e-01 6.022539522172734583e-02 5.685178357891791379e-01 1.485204421837844381e-02
3.875370606586518996e-01 5.126615422141279910e-02 5.427094378576677869e-01 1.848734726226750752e-02
4.232522521307055530e-01 4.187709892620065932e-02 5.127948629414060822e-01 2.207578600168768820e-02
4.635006583751935527e-01 3.315321712979375779e-02 4.800629605679131995e-01 2.328316392709962185e-02
5.061652371278548834e-01 2.725233795532394643e-02 4.449948401964395339e-01 2.158758472038164317e-02
5.501183532823882283e-01 2.328651932750611456e-02 4.079789116312730335e-01 1.861621575883269653e-02
6.010986697234812492e-01 2.099846475492012782e-02 3.619175902278837786e-01 1.598527529371482694e-02
1.962739270098654565e-01 3.525036674611739529e-02 1.349788509355155930e-01 6.334968553085011944e-01
1.560300945930894745e-01 4.446260508911933917e-01 3.474060394520686601e-01 5.193781506364863326e-02
1.250537351488936744e-01 4.592324228272600117e-01 3.593816423783259273e-01 5.633219964552069192e-02
1.030637612669610403e-01 4.733128321299617247e-01 3.629952715369038074e-01 6.062813506617342058e-02
8.719071397142134916e-02 4.899118578605967667e-01 3.576192381841290513e-01 6.527818998385261084e-02
7.423082821570134437e-02 5.103210019754395033e-01 3.436979493681078246e-01 7.175022044075166083e-02
6.288416269562700778e-02 5.322923611950948208e-01 3.224798594231137461e-01 8.234361668616432817e-02
5.284806859354324732e-02 5.517450272569074388e-01 2.954261324915264386e-01 9.998077165802277122e-02
4.380629247278910315e-02 5.636336790270123354e-01 2.629562688966614048e-01 1.296037596035370387e-01
3.585325664779600435e-02 5.581996402694999748e-01 2.254396066087022699e-01 1.805074964740014942e-01
2.883484089637544656e-02 5.254690577702305632e-01 1.820159791121261639e-01 2.636801222212680207e-01
2.323167793149354468e-02 4.568552002698036962e-01 1.404512681117835726e-01 3.794618536869192038e-01
1.844328063820279903e-02 3.654787672804244436e-01 1.037799562934907105e-01 5.122979957878817103e-01
1.420268897248105379e-02 2.686960235940011321e-01 7.309863699526474023e-02 6.440026504382535544e-01
1.047372087235420510e-02 1.809311735992140124e-01 4.862052540062739014e-02 7.599745801278046109e-01
7.334033410249709423e-03 1.117828382399165543e-01 3.019477224648512217e-02 8.506883561033485863e-01
4.809399777621958805e-03 6.414456035949549217e-02 1.723777016494798878e-02 9.138082696979344943e-01
2.977079311791677643e-03 3.653983854486474864e-02 9.585158429914046943e-03 9.508979237134294049e-01
2.315631445588453140e-03 2.469776905362023461e-02 5.988130886317531883e-03 9.669984686144735830e-01
2.815511927441873442e-03 2.481258728197824684e-02 5.342268191196338119e-03 9.670296325993836817e-01
6.769895709596442102e-03 3.824204940494799893e-02 7.556023836957629324e-03 9.474320310484979357e-01
1.866102187789481573e-02 7.397942893012630916e-02 1.416551340186520368e-02 8.931940357901136940e-01
5.111589254262421250e-02 1.384169326647635145e-01 2.674973703730617811e-02 7.837174377553057791e-01
1.137851425247168452e-01 2.136435822878546276e-01 4.254817995361541427e-02 6.300230952338130574e-01
1.974901321750045791e-01 2.652488711156936740e-01 5.594693855644031905e-02 4.813140581528617679e-01
2.856826047704258964e-01 2.817192119077227552e-01 6.448535735971341887e-02 3.681128259621378462e-01
3.726290090141081701e-01 2.741466859332579165e-01 6.869764528432475981e-02 2.845266597683093202e-01
4.657390941240593385e-01 2.497703887953933721e-01 6.878747941887623785e-02 2.157030376616711209e-01
5.699592660923759047e-01 2.120588094230126952e-01 6.467897509070517914e-02 1.533029493939059296e-01
6.819559068601291907e-01 1.644247996043556037e-01 5.578309583346015288e-02 9.783619770205526089e-02
7.845339603510728121e-01 1.168380509905854042e-01 4.370226028034888965e-02 5.492572837799304664e-02
8.592882914937343131e-01 8.021375056387984592e-02 3.228753210347169722e-02 2.821042583891398767e-02
9.015056257371033555e-01 5.886070567873296494e-02 2.464290019897942205e-02 1.499076838518420204e-02
9.191119742932689629e-01 5.022049971710061678e-02 2.104268274279016970e-02 9.624843246839983463e-03
9.154536591646944554e-01 5.386055054615699472e-02 2.244036142710821580e-02 8.245428862040455470e-03
8.941260106804999053e-01 6.885008650347231030e-02 2.790722429482714664e-02 9.116678521200507687e-03
8.552893918827573216e-01 9.532267740874748874e-02 3.756518374419213352e-02 1.182274696430312723e-02
7.952324786099209675e-01 1.353256646998777513e-01 5.288608279102484377e-02 1.655577389917648606e-02
7.186165129123712747e-01 1.835000514292752516e-01 7.452180763525984020e-02 2.336162802309394229e-02
6.365568217494368408e-01 2.283670515752887487e-01 1.032433843702415255e-01 3.183274230503273239e-02
5.627327021095215320e-01 2.570027460597488211e-01 1.395438304431839138e-01 4.072072138754564974e-02
5.077689490122238025e-01 2.606338328218886224e-01 1.828759420435589755e-01 4.872127612232857868e-02
4.701993078654180813e-01 2.422777727437593620e-01 2.313144626218625599e-01 5.620845676896035759e-02
4.425564508478896930e-01 2.100695806136128885e-01 2.817237041948457144e-01 6.565026434365175967e-02
4.203547020397433998e-01 1.726459729641190988e-01 3.272749961617392178e-01 7.972432883439822815e-02
4.037810942462322639e-01 1.382043350927948389e-01 3.579364370238469761e-01 1.000781336371262403e-01
3.956674517472883457e-01 1.135054370838120275e-01 3.640247827526220670e-01 1.268023284162774211e-01
3.922467007870973354e-01 9.769336841495580848e-02 3.522492246957591444e-01 1.578107061021874757e-01
3.915523759841839091e-01 8.887261185523860629e-02 3.286557029998414259e-01 1.909193091607357395e-01
3.944320432577511637e-01 8.316804400361028915e-02 2.986817760330698346e-01 2.237181367055688097e-01
4.065067010220704824e-01 7.783626529594882271e-02 2.616559884754419141e-01 2.540010452065385449e-01
4.245546135949698763e-01 7.188118788816699745e-02 2.225535421348564802e-01 2.810106563820067849e-01
4.535903510723160448e-01 6.477972224038081039e-02 1.788182339527838449e-01 3.028116927345191889e-01
4.946671267876151523e-01 5.658110936343117847e-02 1.333500236776196113e-01 3.154017401713341551e-01
5.392865483742971255e-01 4.788063768798694192e-02 9.247473407075523788e-02 3.203580798669610208e-01
5.717046205155503769e-01 3.942999699663503332e-02 6.073731866866504542e-02 3.281280638191494958e-01
5.768643705311713443e-01 3.217200304208731043e-02 3.945631362038041351e-02 3.515073128063608277e-01
5.499649938969376484e-01 2.705163694587611745e-02 2.592763882996919692e-02 3.970557303272172489e-01
4.976834716000603231e-01 2.335666141868302306e-02 1.857934314527085601e-02 4.603805238359857666e-01
4.292825131131098870e-01 2.115436675249431075e-02 1.359323104723292146e-02 5.359698890871626986e-01
3.539787757477726449e-01 1.958075232656593737e-02 1.042107957477919795e-02 6.160193923508822111e-01
2.854900169520713238e-01 1.769942054646832241e-02 8.203761853752818828e-03 6.886068006477074066e-01
2.400022991225808089e-01 1.507972495145994303e-02 6.431705988668583000e-03 7.384862699372903849e-01
2.255335792216662527e-01 1.208625397993858333e-02 4.973759722169926629e-03 7.574064070762251966e-01
2.413948392559841782e-01 9.270602561887652041e-03 3.833335653414609526e-03 7.455012225287135363e-01
2.830458109911434539e-01 7.042183855303290468e-03 3.038600203736867462e-03 7.068734049498164307e-01
3.396357513679822970e-01 5.330000980839343441e-03 2.496811076601661902e-03 6.525374365745765237e-01
3.977923911090783804e-01 3.886927785402584639e-03 2.057396768782228814e-03 5.962632843367370317e-01
4.477118064434750799e-01 2.733023001249212328e-03 1.695371243714369853e-03 5.478597993115613685e-01
4.855769192110908627e-01 1.938160508043022118e-03 1.450188727710101638e-03 5.110347315531563739e-01
5.169420451088758695e-01 1.458974912227092077e-03 1.333762595225965143e-03 4.802652173836712279e-01
5.579695303403514606e-01 1.183157051156086747e-03 1.320251194274348061e-03 4.395270614142183230e-01
2.840108113407834867e-01 2.858374831431755303e-01 1.701451782656054346e-01 2.600065272504356040e-01
7.072013049936474484e-03 8.461501153919227802e-03 9.809461050794969772e-01 3.520380716647233781e-03
8.559079999638292968e-03 8.991467470879510246e-03 9.786058822475562913e-01 3.843570281925886428e-03
1.069058710599529900e-02 9.653811774669420614e-03 9.753591953155479333e-01 4.296405803787575230e-03
1.368487458595532558e-02 1.032172769018605690e-02 9.711430711922751646e-01 4.850326531583497129e-03
1.779448366179224236e-02 1.095261307133972573e-02 9.657361428471475939e-01 5.516760419720538600e-03
2.302097466495241218e-02 1.142195218804063772e-02 9.592507331192563491e-01 6.306340027750599250e-03
2.900564550654835885e-02 1.162716867226515349e-02 9.520615896555127966e-01 7.305596165673854982e-03
3.493173457444447710e-02 1.150357103136054500e-02 9.447803614759621160e-01 8.784332918232884424e-03
3.916997902183391722e-02 1.088345847933710857e-02 9.387959090816196950e-01 1.115065341720896351e-02
3.906450502146621012e-02 9.669732955562051688e-03 9.364219256723448348e-01 1.484383635062680451e-02
3.166613238775486949e-02 8.348529975996070787e-03 9.399634496706058551e-01 2.002188796564335904e-02
2.230364541751964774e-02 6.674332250920361580e-03 9.430345596546608755e-01 2.798746267689907960e-02
1.317397607778364108e-02 5.444702302240269319e-03 9.403372814257699996e-01 4.104404019420603011e-02
8.338161764505710657e-03 4.657401404369057585e-03 9.259271116840417370e-01 6.107732514708364563e-02
6.202190248214915422e-03 4.113665282428020931e-03 9.047192954276810362e-01 8.496484904167599106e-02
5.428112701567448795e-03 3.630033443653833247e-03 8.831348128524902918e-01 1.078070410022882453e-01
4.794359296227973348e-03 3.161401220596310631e-03 8.640634181167341499e-01 1.279808213664418715e-01
4.949816850389519331e-03 2.841565753600614527e-03 8.427823555912220543e-01 1.494262618047877966e-01
5.491123733079588884e-03 2.727584509839919326e-03 8.113696830929176818e-01 1.804116086641626981e-01
6.249625387020071345e-03 2.769530506812378605e-03 7.591270435744534861e-01 2.318538005317138384e-01
7.043550429653361485e-03 2.905718626324476934e-03 6.776398465895973056e-01 3.124108843544248226e-01
6.839350446339893114e-03 2.963799058225741970e-03 5.758800121575617936e-01 4.143168383378720843e-01
6.500797993311597037e-03 3.002290334519837085e-03 4.794703646530951713e-01 5.110265470190734627e-01
5.842978789935225278e-03 2.984347473353863526e-03 4.078972765223369823e-01 5.832753972143741583e-01
5.059241169054402333e-03 2.925079025196051109e-03 3.596117786443536746e-01 6.324039011613956651e-01
4.362155056741529383e-03 2.905922187606967307e-03 3.228194617611169215e-01 6.699124609945344977e-01
3.950530470830181107e-03 3.032588761680796684e-03 2.836035998791861523e-01 7.094132808883022445e-01
3.802109339441522330e-03 3.307909908767001691e-03 2.317608558166331101e-01 7.611291249351580523e-01
4.300332563550982382e-03 3.806074606410386318e-03 1.690349377458133240e-01 8.228586550842249547e-01
3.878608067046201459e-03 4.448964983768987844e-03 1.090630051856808502e-01 8.826094217635042094e-01
3.513709251495448875e-03 5.547382946677829885e-03 6.520294295585087052e-02 9.257359648459758672e-01
3.279124343746379899e-03 7.380748440563919890e-03 4.001922228507909240e-02 9.493209049306106095e-01
3.257292650814492315e-03 1.038284980918375601e-02 2.772486029349323713e-02 9.586349972465086910e-01
3.562117413645037554e-03 1.524881040560595660e-02 2.247803681503024453e-02 9.587110353657191109e-01
4.312091886901257831e-03 2.368887950476175272e-02 2.156556011170698839e-02 9.504334684966301294e-01
5.733371960272099811e-03 3.928562567305207004e-02 2.434606706511076996e-02 9.306349353015648251e-01
8.160668753254905761e-03 6.674934430554506359e-02 3.107150714815228379e-02 8.940184797930476046e-01
1.159709839142552407e-02 1.075399638138011954e-01 4.202841604670481956e-02 8.388345217480680516e-01
1.533754040035125062e-02 1.567241280335176790e-01 5.711088109171951616e-02 7.708274504744112576e-01
1.844434896743412516e-02 2.069838281369677513e-01 7.509788075007105268e-02 6.994739421455273831e-01
2.054469040074489300e-02 2.515512581334957698e-01 9.266114192035121433e-02 6.352429095454079633e-01
2.191181516149087044e-02 2.848442865082042585e-01 1.059223285556634975e-01 5.873215697746416719e-01
2.310193252094910540e-02 3.053831452698085869e-01 1.139859404019595707e-01 5.575289818072827197e-01
2.473320305076616432e-02 3.150576137157182210e-01 1.186070455981521332e-01 5.416021376353634675e-01
2.739695818543971123e-02 3.148973023255137171e-01 1.211962348543656753e-01 5.365095046346810559e-01
3.153717609882917411e-02 3.032744538279152913e-01 1.213272751535508232e-01 5.438610949197048017e-01
3.738961535347373050e-02 2.780156374157081722e-01 1.173584805992948510e-01 5.672362666315233781e-01
4.515861242685242916e-02 2.405717219068692070e-01 1.082596403408375152e-01 6.060100253254406821e-01
5.503376074330165041e-02 1.967707490258221725e-01 9.469133325990825023e-02 6.535041569709679754e-01
6.628598694778678468e-02 1.531458192233089433e-01 7.866389084287762901e-02 7.019043029860265737e-01
7.599139523778163097e-02 1.135950504519915305e-01 6.222246790844126324e-02 7.481910864017856655e-01
8.000456680908810125e-02 7.989001783690161118e-02 4.695657042637899764e-02 7.931488449276313801e-01
7.704625733926608044e-02 5.353208346117301064e-02 3.423526279155120894e-02 8.351863964080096236e-01
7.087938541761176769e-02 3.503663809299419063e-02 2.469637458808571912e-02 8.693876019013084822e-01
6.675805969659161232e-02 2.357057794621638877e-02 1.830427403608464107e-02 8.913670883211075591e-01
6.782673699398084066e-02 1.718031462648458157e-02 1.450089857098135412e-02 9.004920498085534630e-01
7.576213072913962066e-02 1.411155952632351003e-02 1.273022466941666105e-02 8.973960850751201423e-01
9.192881404861905081e-02 1.314826521348593479e-02 1.254874629221586560e-02 8.823741744456794489e-01
1.168070427350558771e-01 1.351533904913182482e-02 1.373507445696298471e-02 8.559425437588498164e-01
1.491607425614558946e-01 1.494310385644522475e-02 1.664180019138640845e-02 8.192543533907127307e-01
1.881139007829385201e-01 1.755300141304332040e-02 2.233895360254324960e-02 7.719941442014750521e-01
2.357709824590310532e-01 2.157791890977591928e-02 3.255882509537810776e-02 7.100922735358148330e-01
2.945288104677660224e-01 2.714381020217852131e-02 4.958124087273701325e-02 6.287461384573183043e-01
3.605921113871199957e-01 3.390640422221356809e-02 7.555494115142520617e-02 5.299465432392411746e-01
4.210221530085518915e-01 4.073305305118352787e-02 1.115673110004404833e-01 4.266774829398238822e-01
4.567592225047671373e-01 4.652594009538146141e-02 1.589696052275343108e-01 3.377452321723171669e-01
4.528976335867011538e-01 5.136720652569320977e-02 2.209764869278328658e-01 2.747586729597729094e-01
4.104730066110670594e-01 5.569258121280305091e-02 2.978609667072795175e-01 2.359734454688506844e-01
3.448490073716515836e-01 5.890798649879029625e-02 3.830699910580716017e-01 2.131730150714867267e-01
2.715054705179130168e-01 6.057818682987225339e-02 4.706663930433822585e-01 1.972499496088325477e-01
2.074663752712944953e-01 6.010576475416891384e-02 5.509536583067365934e-01 1.814742016677995118e-01
9.024466011450456293e-02 6.060294323863121280e-01 2.069403524706952546e-01 9.678555502848799896e-02
9.825003959860595382e-02 5.724055696885740341e-01 1.816552357451926281e-01 1.476891549676272730e-01
1.062243212977415918e-01 5.131255384005062314e-01 1.606487153469859375e-01 2.200014249547659895e-01
1.137358894575487972e-01 4.375925622913082735e-01 1.367948879448641353e-01 3.118766603062787524e-01
1.179681980269240843e-01 3.554382106301951505e-01 1.079210494288320721e-01 4.186725419140487348e-01
1.134844188639262119e-01 2.741174562523642222e-01 7.796209208584836681e-02 5.344360327978613379e-01
9.605598868699100068e-02 1.998959539287038512e-01 5.176754337344478124e-02 6.522805140108601796e-01
6.978795499999428109e-02 1.366468379939089484e-01 3.154767966017799075e-02 7.620175273459187659e-01
4.485631371964172304e-02 8.706856114373898170e-02 1.759484839243054613e-02 8.504802767441888012e-01
2.708542851491273565e-02 5.168048645224324056e-02 8.958368748791150152e-03 9.122757162840527956e-01
1.586559076559855910e-02 2.902823287899236257e-02 4.250294226676675641e-03 9.508558821287322882e-01
8.976913388194956642e-03 1.597816224637355412e-02 1.970576303488537177e-03 9.730743480619430397e-01
4.893156678979846373e-03 8.995471732404447529e-03 9.384954756998686214e-04 9.851728761129159295e-01
1.918082335113849637e-03 5.550814494534092765e-03 4.650826727654704660e-04 9.920660204975866314e-01
1.064549328474106776e-03 3.528784370979651166e-03 2.660890771780046620e-04 9.951405772233682390e-01
6.341403991646984159e-04 2.341686814781646173e-03 1.655631427162187531e-04 9.968586096433373900e-01
4.012795880073514055e-04 1.582738697650797142e-03 1.069718627867077089e-04 9.979090098515552842e-01
1.404776209567450740e-06 2.003055929328779697e-06 8.469575873311978136e-07 9.999957452102736788e-01
8.892350138458411213e-07 1.291824210547192610e-06 5.482500571914498782e-07 9.999972706907184206e-01
9.216985330723400815e-07 1.364112737599793062e-06 5.800162859860611752e-07 9.999971341724432916e-01
2.321503739939804567e-04 1.298031542944157570e-03 6.125753221237784660e-05 9.984085605508495886e-01
3.489522574083626125e-04 2.368030767926334636e-03 9.234475993547764587e-05 9.971906722147297897e-01
6.578595088221842607e-04 5.300886120226655333e-03 1.612301835809706288e-04 9.938800241873704255e-01
2.036398891929005941e-03 8.843145686847159181e-01 9.054444011061540953e-02 2.310459231273981687e-02
1.896293543574682945e-03 8.786274622600007689e-01 9.780683014242225193e-02 2.166941405400222426e-02
1.789825110089007017e-03 8.709687908249965638e-01 1.060215519617388885e-01 2.121983210317565302e-02
1.731597716048582708e-03 8.628914193117983578e-01 1.135150225096915461e-01 2.186196046246155836e-02
1.708073735843996686e-03 8.550248488935963120e-01 1.196913429376064014e-01 2.357573443295319510e-02
1.704509328658253275e-03 8.463644322994298141e-01 1.256271972207480825e-01 2.630386115116413806e-02
1.730843311200304380e-03 8.343102942847887560e-01 1.340086056980804297e-01 2.995025670593053774e-02
1.807604667742717438e-03 8.167740905179942112e-01 1.472392517091026531e-01 3.417905310516036049e-02
1.929977001110105969e-03 7.949872417186248930e-01 1.646984747129333626e-01 3.838430656733154284e-02
2.051169734755192275e-03 7.743626933644111032e-01 1.817078209861163474e-01 4.187831591471746079e-02
2.129026819078432692e-03 7.604993990919171054e-01 1.931254535271286765e-01 4.424612056187561537e-02
2.136037991092631927e-03 7.530854878577120104e-01 1.996389113933018100e-01 4.513956275789333256e-02
2.056042747193632166e-03 7.481564689245023825e-01 2.054868838971624367e-01 4.430060443114122726e-02
1.921346973728007071e-03 7.442253266627291142e-01 2.113877088938791726e-01 4.246561746966391604e-02
1.774004481757774547e-03 7.442261164702380638e-01 2.132201132025910717e-01 4.077976584541326277e-02
1.634490679205856650e-03 7.509369914764063569e-01 2.074350556164841763e-01 3.999346222790355065e-02
1.518170549163996071e-03 7.629692936885795751e-01 1.951857278737335888e-01 4.032680788852304604e-02
1.420733666735216711e-03 7.775669019564714901e-01 1.796443208313001361e-01 4.136804354549301899e-02
1.338142263085108233e-03 7.934758970372659537e-01 1.625083703654468525e-01 4.267759033420226444e-02
1.277541149444747252e-03 8.108501703071099298e-01 1.443288985284530423e-01 4.354339001499227951e-02
1.232963979757696095e-03 8.288756871265940962e-01 1.270288050661110557e-01 4.286254382753720837e-02
1.171761433427521851e-03 8.464278662086551774e-01 1.125058226738121503e-01 3.989454968410503788e-02
1.064623103405836413e-03 8.624718088244935910e-01 1.017649632733935855e-01 3.469860479870699732e-02
9.152473420859187289e-04 8.754785161779482516e-01 9.555497130363670155e-02 2.805126517632910987e-02
7.652775982020768204e-04 8.842256986656443773e-01 9.348775084360781695e-02 2.152127289254550033e-02
6.462991436345293193e-04 8.909176277805741506e-01 9.184479241892894164e-02 1.659128065686244283e-02
5.692089317447329927e-04 9.005244572737154396e-01 8.520036294823726819e-02 1.370597084630245134e-02
5.587293001663881610e-04 9.144616108245660069e-01 7.229269102633499589e-02 1.268696884893271565e-02
6.522004844497336076e-04 9.284709023930468597e-01 5.763494897914395870e-02 1.324194814335956545e-02
1.257651506738289822e-03 9.374516701887666281e-01 4.620483057646181807e-02 1.508584772803319395e-02
1.004860944089383925e-03 9.447573427003910229e-01 3.724083255644993623e-02 1.699696379906972046e-02
1.621982097909198438e-03 9.469501057948936928e-01 3.305247015191600107e-02 1.837544195528111046e-02
2.076986507203193357e-03 9.483838068043544123e-01 3.024103496501998056e-02 1.929817172342246021e-02
2.527417279338424472e-03 9.485796552607863585e-01 2.924337413205618796e-02 1.964955332781900474e-02
2.957045762001876688e-03 9.474093639155359847e-01 2.991990669064463135e-02 1.971368363181755234e-02
3.387143314804173626e-03 9.442224530521198256e-01 3.238487008705553949e-02 2.000553354602060269e-02
3.825907702084809479e-03 9.383180249199425393e-01 3.688920702035624472e-02 2.096686035761645070e-02
4.255162824256345303e-03 9.297959001844576798e-01 4.320245474023456239e-02 2.274648225105141766e-02
4.654422302450825742e-03 9.196468791314698077e-01 5.028722083587029018e-02 2.541147773020912062e-02
5.020836842462084344e-03 9.090762094013037364e-01 5.663782690938160697e-02 2.926512684685236843e-02
5.408772553104862317e-03 8.976179031941411424e-01 6.166655197912983277e-02 3.530677227362398474e-02
5.956657091766821323e-03 8.816360464640221606e-01 6.675176488943040942e-02 4.565553155478049852e-02
6.765416132057927752e-03 8.563551995601295097e-01 7.386440532650725976e-02 6.301497898130542508e-02
7.738972083930378484e-03 8.195178756133404407e-01 8.358130120625135995e-02 8.916185109647804807e-02
8.560272234269684227e-03 7.732910267540101801e-01 9.406698578305199010e-02 1.240817152286678438e-01
9.358541019929521310e-03 7.163555270813674047e-01 1.074315360682277926e-01 1.668543958304749553e-01
9.903486464358597988e-03 6.500435080351442130e-01 1.235791197443866091e-01 2.164738857561104568e-01
1.034507577999838231e-02 5.703781660968872957e-01 1.441916973844426519e-01 2.750850607386715052e-01
1.092917106646438402e-02 4.722773085120809955e-01 1.695675296688778366e-01 3.472259907525773182e-01
1.149333831161200234e-02 3.583375605830481092e-01 1.950241069013040895e-01 4.351449942040360175e-01
1.147776170996585993e-02 2.448820234113139038e-01 2.106647110699530479e-01 5.329755038087671259e-01
1.105875641565949412e-02 1.517613680425738965e-01 2.089390619278663763e-01 6.282408136139006061e-01
9.942382282326970439e-03 8.884755293003693266e-02 1.885683003191020168e-01 7.126417644685343333e-01
8.340031029159629059e-03 5.079912199466542905e-02 1.593194030963933638e-01 7.815414438797816388e-01
6.792214909571353543e-03 3.047536285968623776e-02 1.333314117537408028e-01 8.294010104770013214e-01
5.902699177867305920e-03 2.092419711111253092e-02 1.179870173812235801e-01 8.551860863297963133e-01
5.281175741729821592e-03 1.708393876194575292e-02 1.140802265304517310e-01 8.635546589658725791e-01
5.859738321824955326e-03 1.667660245520253062e-02 1.206103871401545125e-01 8.568532720828182514e-01
7.829433251253323928e-03 1.904246927296576394e-02 1.388396904210374150e-01 8.342884070547437192e-01
1.062088422484737740e-02 2.402243767367766986e-02 1.711735070861611363e-01 7.941831710153139934e-01
1.525411327869506325e-02 3.200718521785576171e-02 2.187863009691203564e-01 7.339524005343291968e-01
2.148275079878867941e-02 4.329924485089602787e-02 2.812389637147522103e-01 6.539790406355628916e-01
2.761770600085904775e-02 5.737226324282750783e-02 3.563815267195951653e-01 5.586285040367183763e-01
3.150576001619515010e-02 7.295940803328632152e-02 4.414572475955827469e-01 4.540775843549356150e-01
3.191039583770161059e-02 8.950935694078840377e-02 5.297636070817602905e-01 3.488166401397499450e-01
2.872084648326042947e-02 1.082713095844313050e-01 6.075878617422585393e-01 2.554199821900497991e-01
2.464315428568564573e-02 1.321262432125909492e-01 6.585002771757886286e-01 1.847303253259346412e-01
2.173737554414427800e-02 1.682861658571555008e-01 6.710039258683067054e-01 1.389725327303934777e-01
2.144790704327223171e-02 2.224058156643459183e-01 6.451164320465860857e-01 1.110298452457958857e-01
2.405955243040527533e-02 2.923400973631347655e-01 5.897453601948555724e-01 9.385499001160478583e-02
3.000336247241011667e-02 3.707445328211582125e-01 5.141940375722311440e-01 8.505806713420055454e-02
4.017703136772904360e-02 4.456595849056885772e-01 4.311436350810394225e-01 8.301974864554326206e-02
5.552622862222451189e-02 5.045113962441318822e-01 3.544352341967463849e-01 8.552714093689740837e-02
7.578808028298525401e-02 5.429056568279713169e-01 2.910786550839867814e-01 9.022760780505655054e-02
9.751424325935620363e-02 5.659385824979126234e-01 2.419259396431106268e-01 9.462123459962079597e-02
1.142095784268187114e-01 5.839876678031624690e-01 2.053185800278424511e-01 9.648417374217632680e-02
1.186288802560654804e-01 6.017503236793949606e-01 1.845256927383766010e-01 9.509510332616270822e-02
1.130961065208562766e-01 6.206628135314331551e-01 1.751527450047158652e-01 9.108833494299459210e-02
1.016109580441274390e-01 6.369045297629056801e-01 1.763876405407193149e-01 8.509687165224755212e-02
8.826681545938870610e-02 6.466062789530100385e-01 1.871652650224704117e-01 7.796164056513096852e-02
7.792705193699182853e-02 6.390929906887486966e-01 2.119456660983273233e-01 7.103429127593210990e-02
7.039455027709902446e-02 6.140239574348188567e-01 2.508848098675395266e-01 6.469668242054242568e-02
6.504242721574403363e-02 5.678269501150606802e-01 3.084914493345811692e-01 5.863917333461426268e-02
5.980785024502860425e-02 5.015656213961399157e-01 3.866518216331727986e-01 5.197470672565879246e-02
5.377978031477635007e-02 4.217253650842467394e-01 4.801293344690168441e-01 4.436552013195999705e-02
4.749789504715647842e-02 3.410490070507837812e-01 5.748354354055910109e-01 3.661766249646851434e-02
4.193249445623425942e-02 2.713201194888206214e-01 6.571804649220589489e-01 2.956692113288649296e-02
3.746226904337204844e-02 2.171904148816222457e-01 7.218503058939650385e-01 2.349701018104069505e-02
3.424283422059943433e-02 1.776438314551858355e-01 7.695743945557006471e-01 1.853893976851405528e-02
