3.234257168244559361e-02 3.920206319756276009e-03 9.252791861229424653e-01 3.845803587485564085e-02
1.124436548393525047e-02 4.292035166373254773e-01 5.514013390916758794e-01 8.150778787063333794e-03
1.039192956527520278e-02 3.995154348121028320e-01 5.822298700340937661e-01 7.862765588527899016e-03
9.296976158918815805e-03 3.728391758324381966e-01 6.099328085999620175e-01 7.931039408681084604e-03
8.086430559783558403e-03 3.450617860270533410e-01 6.389020730485718280e-01 7.949710364591345418e-03
6.761785162282464567e-03 3.138642973047185425e-01 6.717357391860616644e-01 7.638178346937259978e-03
5.450676005512191183e-03 2.806712457313951803e-01 7.067808809887625721e-01 7.097197274330186573e-03
4.339483114765846881e-03 2.507459601923565651e-01 7.382232843933322908e-01 6.691272299545549668e-03
3.487698578997580363e-03 2.284794219188534814e-01 7.614326198307477256e-01 6.600259671400869610e-03
2.811797315148972885e-03 2.110993654394401897e-01 7.793821303477344031e-01 6.706706897676135461e-03
2.240301283463638944e-03 1.931995705720356282e-01 7.975993023228789003e-01 6.960825821621686831e-03
1.754188810507868995e-03 1.718909358086366523e-01 8.188197642535808285e-01 7.535111127274697444e-03
1.374145511175781618e-03 1.483701549863070679e-01 8.413428524399122477e-01 8.912847062604997359e-03
1.127588370631232850e-03 1.265108682353241754e-01 8.602692178493003272e-01 1.209232554474398355e-02
1.012697579534745400e-03 1.090915664891398268e-01 8.708558488022645205e-01 1.903988712906093742e-02
1.024036006613212018e-03 9.666167151811252967e-02 8.686470881477227346e-01 3.366720432755156145e-02
1.194086821276711370e-03 8.929810602304964762e-02 8.457893491598901248e-01 6.371845799578386427e-02
1.530437827124246858e-03 8.705338105742702060e-02 7.880284142224179833e-01 1.233877668930306731e-01
1.834736320390137386e-03 8.453021128399927642e-02 6.814726597039905132e-01 2.321623926916202563e-01
1.783722312186626982e-03 7.224656743290246153e-02 5.228445408683423112e-01 4.031251693865683383e-01
1.381090810332387528e-03 4.988949436538984289e-02 3.358402620133014715e-01 6.128891528109758902e-01
9.386484811987136226e-04 2.836304020711629195e-02 1.803326453906161642e-01 7.903656659210689384e-01
6.399953180487848734e-04 1.495436912461791529e-02 9.085403922960808010e-02 8.935515963277250728e-01
4.476220848689073709e-04 8.268463385362781817e-03 4.975940900477562878e-02 9.415245055249926720e-01
3.281089755405608996e-04 5.174651874986134492e-03 3.195085435134561308e-02 9.625463847981278187e-01
2.587867870537370694e-04 3.698512301220459753e-03 2.374019183593446825e-02 9.723025090757912992e-01
2.233008166151327807e-04 2.971703551998113469e-03 1.936776524818159886e-02 9.774372303832050690e-01
2.130958029482496973e-04 2.649995565799607294e-03 1.648548643771130875e-02 9.806514221935408449e-01
2.263884376099590135e-04 2.622904610282892485e-03 1.437025391529911031e-02 9.827804530368081659e-01
2.620350876568081707e-04 2.840565467450799613e-03 1.281902733706490570e-02 9.840783721078275592e-01
3.081306886889843594e-04 3.201800941199536583e-03 1.157301531805723406e-02 9.849170530520539035e-01
3.467789325170747409e-04 3.637781905228654276e-03 1.059577359199526982e-02 9.854196655702588403e-01
3.803414345308556567e-04 4.297246285505485798e-03 1.022534402180361006e-02 9.850970682581601245e-01
4.358740894692201130e-04 5.563736580113960023e-03 1.086883199830815903e-02 9.831315573321085521e-01
5.585634850736753308e-04 8.240716008231160905e-03 1.313679683702516539e-02 9.780639236696698768e-01
8.644233023666336984e-04 1.483400674210513456e-02 1.895285081928490406e-02 9.653487191362433162e-01
1.744861796422070982e-03 3.406473545032764894e-02 3.382682883911587030e-02 9.303635739141340455e-01
4.557481467134191951e-03 9.325967118532219047e-02 6.957230917146897675e-02 8.326105381760743329e-01
1.192419318261922490e-02 2.348953544572356111e-01 1.284172032560073062e-01 6.247632491041376079e-01
2.196417598295016121e-02 4.337576857238409356e-01 1.670941474704268070e-01 3.771839908227823668e-01
2.805772317994242870e-02 6.089553322993472850e-01 1.595950021852150791e-01 2.033919423354954847e-01
2.954611192485084858e-02 7.292491142426764661e-01 1.316751077724060137e-01 1.095296660600666439e-01
2.769323065369517015e-02 8.101865088223517697e-01 1.002775399332269946e-01 6.184272059072619399e-02
2.425580501807100831e-02 8.659934796578175886e-01 7.291940344513933581e-02 3.683131187897184522e-02
2.010642640755983326e-02 9.050611292838932620e-01 5.186526581302082495e-02 2.296717849552604163e-02
1.644966286362438759e-02 9.298404597065590416e-01 3.823882047407024115e-02 1.547105695574612326e-02
1.464034900273613465e-02 9.418479094960240383e-01 3.138013308101240961e-02 1.213160842022743130e-02
1.562906336288978973e-02 9.435571101677593386e-01 2.931680031328380565e-02 1.149702615606697405e-02
2.079370432133838265e-02 9.362033961978101226e-01 3.026556387285612992e-02 1.273733560799515836e-02
3.291828397587788502e-02 9.172874450903042431e-01 3.415098072736397899e-02 1.564329020645386856e-02
5.876284107621240760e-02 8.782416163498120154e-01 4.232357292852349795e-02 2.067196964545180843e-02
9.760953023672450102e-02 8.190975335999651774e-01 5.559869174081197990e-02 2.769424442249832780e-02
1.318949559939811556e-01 7.652843751189645216e-01 6.723048150525391675e-02 3.559018738180031588e-02
1.457739475473370239e-01 7.389416245096310787e-01 7.073418391995935084e-02 4.455024402307285192e-02
1.431621504633775188e-01 7.315191332520302181e-01 6.814864138817812445e-02 5.717007489641396517e-02
1.292213391485203255e-01 7.334010119527036853e-01 6.208441837533579255e-02 7.529323052344039091e-02
1.036387362776754612e-01 7.465372484171328704e-01 5.278212554462550360e-02 9.704188976056617177e-02
7.402092649158463489e-02 7.647402894074382118e-01 4.308196477485201625e-02 1.181568193261254146e-01
5.070975172129287695e-02 7.803727565608634675e-01 3.613281770254698350e-02 1.327846740152969218e-01
3.682404393048149815e-02 7.966925552889460027e-01 3.119016312779710615e-02 1.352932376527752611e-01
2.909418133060171288e-02 8.184446273193910493e-01 2.765029550192613442e-02 1.248108958480811936e-01
2.497210223915902194e-02 8.458513841964516722e-01 2.480235359230432632e-02 1.043741599720846847e-01
2.192628435188126793e-02 8.764229073124145675e-01 2.231593236096447372e-02 7.933487597473994068e-02
1.914743371934801361e-02 9.054287525473317944e-01 1.968897377310613317e-02 5.573483996021430520e-02
1.491700086784392663e-02 9.307439362701734886e-01 1.698024828377183576e-02 3.735881457821058071e-02
9.999412542315481642e-03 9.506697252265124964e-01 1.434096496440147132e-02 2.498989726677042222e-02
5.887712077915650301e-03 9.649284053480904344e-01 1.179210700099125354e-02 1.739177557300228619e-02
3.173217528527174595e-03 9.749242846598155099e-01 9.248934672203522334e-03 1.265356313945380402e-02
1.629870277371333644e-03 9.821273484942091292e-01 6.898316747603721807e-03 9.344464480815696528e-03
8.530722403080713686e-04 9.870670104792736987e-01 5.183874283019558084e-03 6.896042997398999126e-03
4.202970976948920164e-05 9.913300076345245015e-01 3.553351190166809115e-03 5.074611465539252686e-03
2.710717389672315228e-05 9.926047726087620093e-01 3.608747092752100961e-03 3.759373124589049028e-03
9.376576206685145742e-02 4.085716898519110019e-01 4.947035175962821718e-01 2.959030484955351131e-03
1.181456342987285193e-04 9.842684541161810241e-01 1.423470276956849238e-02 1.378697479951665125e-03
1.208184690980207708e-04 9.846621939019170044e-01 1.429966432279185760e-02 9.173233061930008035e-04
1.341456053667524240e-04 9.842552124592924834e-01 1.491747940291921794e-02 6.931625324216829018e-04
8.122667288527202212e-04 9.821247326385329490e-01 1.637484936291453905e-02 6.881512696998672756e-04
1.039905543842253172e-03 9.787922779243390936e-01 1.944015926908788244e-02 7.276572627309528139e-04
1.328048622720474871e-03 9.733399764020420619e-01 2.447822720922991635e-02 8.537477660072153099e-04
1.678617135717615184e-03 9.634965246145772433e-01 3.373643377913115859e-02 1.088424470573900972e-03
2.083053863242647144e-03 9.440190986464978007e-01 5.245973490491814134e-02 1.438112585341307396e-03
2.544192048111789967e-03 9.064125167681253981e-01 8.924162381830279267e-02 1.801667365459936904e-03
3.178893535430247792e-03 8.415477373262324479e-01 1.533150270144180427e-01 1.958342123919159291e-03
3.606398400477404519e-03 7.455026371935492557e-01 2.491505915003193183e-01 1.740372905654126359e-03
3.888817428384031948e-03 6.243910912258061607e-01 3.703999486948274522e-01 1.320142650982312820e-03
3.993269759328364754e-03 4.961782177648959569e-01 4.989150327403993335e-01 9.134797353763929447e-04
3.949001102360104494e-03 3.798099900575106491e-01 6.156291720666069445e-01 6.118367735223505981e-04
3.834079643029949386e-03 2.854487195941241562e-01 7.103150198933541049e-01 4.021808694916063475e-04
3.823848422598520331e-03 2.139348348431042990e-01 7.819834187301935025e-01 2.578980041034387291e-04
4.176376761784383711e-03 1.621469145786969823e-01 8.335109899331034633e-01 1.657187264154213330e-04
5.278005917506078601e-03 1.281050800353301655e-01 8.665025785229135691e-01 1.143355242503163308e-04
7.634119807574860257e-03 1.101951051737748571e-01 8.820817231261645075e-01 8.905189248542536473e-05
1.158946937022541437e-02 1.068434455479983503e-01 8.814877189269548774e-01 7.936615482153989152e-05
1.690103179987904186e-02 1.190727217871727917e-01 8.639412767331385856e-01 8.496967980969682239e-05
2.280468778639165028e-02 1.505576154545345269e-01 8.265256741983502131e-01 1.120225607237178701e-04
2.970232345673448279e-02 2.077730418540125745e-01 7.623441185109117724e-01 1.805161783411243705e-04
3.981263561271487783e-02 2.937308900265702682e-01 6.661135670877204040e-01 3.429072729944842657e-04
5.649728126722927679e-02 3.945269921330528673e-01 5.482666057865326348e-01 7.091208131852449852e-04
8.557591390609536885e-02 4.802219421781629416e-01 4.327262465850655326e-01 1.475897330675984961e-03
1.382121778655227284e-01 5.207843866437593672e-01 3.380586273283460730e-01 2.944808162372108962e-03
2.411679423073920803e-01 4.866426983107327020e-01 2.669765369162005464e-01 5.212822465674702560e-03
4.195279459535859456e-01 3.720940725272077754e-01 2.012712903644956752e-01 7.106691154710687887e-03
6.418267787817146797e-01 2.249641328815822072e-01 1.258765336265645629e-01 7.332554710138351577e-03
8.140139022981053296e-01 1.125554544374468141e-01 6.624959411794419106e-02 7.181049146503740675e-03
9.007933805591897825e-01 5.564306750191575640e-02 3.535869530115343107e-02 8.204856637741387432e-03
9.285609301371174906e-01 3.424211561710306662e-02 2.393036581104290156e-02 1.326658843473676498e-02
9.152748006878722586e-01 3.013155949342442852e-02 2.339034693269355716e-02 3.120329288600958567e-02
8.624314703370832280e-01 3.243347958556126731e-02 2.908269832147415690e-02 7.605235175588172247e-02
8.000201086727974920e-01 3.275043185485228270e-02 3.645574796667967049e-02 1.307737115056704369e-01
7.858332041020279490e-01 2.833412739201903244e-02 4.188244591635979092e-02 1.439502225895932797e-01
8.274340954140952942e-01 2.122462439501118098e-02 4.383566317884070307e-02 1.075056170120530369e-01
8.818748650871623962e-01 1.447206030418879928e-02 4.251082199689509844e-02 6.114225261175341292e-02
9.170620685733091859e-01 9.999486725434686418e-03 4.106784122049588620e-02 3.187060348076038024e-02
9.300536337232483408e-01 7.966703520404181879e-03 4.357728586244882102e-02 1.840237689389883149e-02
9.260372914301716607e-01 8.073022137469985926e-03 5.265850978516757597e-02 1.323117664719036281e-02
9.087976116575761099e-01 1.039142086223371862e-02 6.865731972683758455e-02 1.215364775335261646e-02
8.803404714384578389e-01 1.592853210282599297e-02 8.974964511365814135e-02 1.398135134505806496e-02
8.403395527934792719e-01 2.690142089838233261e-02 1.136108982011305862e-01 1.914812810700812148e-02
7.846720784252604330e-01 4.682738301345341914e-02 1.399494985363383126e-01 2.855104002494809889e-02
7.101906842677712106e-01 7.874587359236005779e-02 1.702695293756516515e-01 4.079391276421732992e-02
6.322569004538411974e-01 1.166027192053208511e-01 2.023171193673859170e-01 4.882326097345216637e-02
5.692228272497023012e-01 1.520291590300912321e-01 2.315944460469402666e-01 4.715356767326624871e-02
5.205132570948355353e-01 1.793546819137838422e-01 2.608272629741238413e-01 3.930479801725684369e-02
4.731846282686210658e-01 2.017575931751534601e-01 2.940466244471786061e-01 3.101115410904685399e-02
4.238533036257843278e-01 2.227882177548509979e-01 3.288114264965628086e-01 2.454705212280183443e-02
3.751902560755189242e-01 2.442599873306367797e-01 3.604699771097283345e-01 2.007977948411600322e-02
3.291996302002090369e-01 2.664927934608854465e-01 3.869068559289625675e-01 1.740072040994304278e-02
2.905300608798885853e-01 2.865183839199979543e-01 4.067094432820785865e-01 1.624211191803478366e-02
2.648437972850747335e-01 2.985172112104432229e-01 4.204470824960935826e-01 1.619190900838842276e-02
2.525592335395481225e-01 2.989391186960639324e-01 4.317625646050222699e-01 1.673908315936570301e-02
2.605618597052919427e-01 2.795570543845108391e-01 4.424344144210506924e-01 1.744667148914654659e-02
2.898402870295936351e-01 2.427652547906908598e-01 4.497231494929209705e-01 1.767130868679437847e-02
3.485127662653110803e-01 1.923086713768495937e-01 4.424416972607014276e-01 1.673686509713797135e-02
4.340365112346377674e-01 1.405389441496578962e-01 4.110049740990551759e-01 1.441957051664896280e-02
5.290105247244295539e-01 9.643384501163071443e-02 3.630183970595720067e-01 1.153723320436759840e-02
6.003512865346690708e-01 7.002900633761684202e-02 3.200305524572840676e-01 9.589154670430179161e-03
6.385905584107467448e-01 5.592446503216886439e-02 2.962388437431313082e-01 9.246132813953360230e-03
6.522582089662957161e-01 4.929233991271669141e-02 2.878606290232655907e-01 1.058882209772203480e-02
6.630553097601720181e-01 4.393341954608857847e-02 2.797553761919489568e-01 1.325589450179016394e-02
6.844371072232167119e-01 3.850293416264451152e-02 2.610062253801388454e-01 1.605373323400010113e-02
7.162050181970052165e-01 3.264181445932955866e-02 2.341350473524727860e-01 1.701811999119237639e-02
7.514546747560545414e-01 2.757351739089042644e-02 2.053713330439065898e-01 1.560047480914810401e-02
7.874814828128975375e-01 2.370110053746200818e-02 1.757293895927788951e-01 1.308802705686158176e-02
8.242360019000873894e-01 2.109541554026861734e-02 1.439140743773655029e-01 1.075450818227841401e-02
1.668555114391904459e-01 3.150503835748579007e-02 1.564096508398948038e-01 6.452297993634288353e-01
2.230472004205923953e-01 2.888254025589665486e-01 4.177460940715658766e-01 7.038130294887545713e-02
1.841864637835816665e-01 3.126285994017760639e-01 4.269407356852202295e-01 7.624420112942224825e-02
1.554547693467400182e-01 3.376537983329537806e-01 4.249564403421561276e-01 8.193499197814999024e-02
1.328284269802106898e-01 3.649010570667124975e-01 4.139768830683238643e-01 8.829363288475326754e-02
1.126939046253283561e-01 3.957106904965673189e-01 3.940735734829788339e-01 9.752183139512549115e-02
9.442262568334859607e-02 4.282467971712640709e-01 3.646521493012751525e-01 1.126784278441124998e-01
7.660510108629053905e-02 4.590175389704740927e-01 3.267001335606214418e-01 1.376772263826137876e-01
6.007930343719223437e-02 4.802508940909006596e-01 2.801964984008843973e-01 1.794733040710229377e-01
4.509220406077115578e-02 4.804784580953058160e-01 2.251306956565736206e-01 2.492986421873495673e-01
3.248039043972616308e-02 4.464419505145674760e-01 1.663194071524627671e-01 3.547582518932434481e-01
2.258310885847376187e-02 3.803108899999673720e-01 1.144097651111253000e-01 4.826962360304337118e-01
1.573535555513549261e-02 3.027716262271091807e-01 7.431905637120772568e-02 6.071739618465473720e-01
1.086468922620904484e-02 2.280643660958614760e-01 4.696582916893676102e-02 7.141051155089928049e-01
7.466766159059702590e-03 1.625946541006741131e-01 2.889093214677256397e-02 8.010476475934935614e-01
5.045092009364504984e-03 1.090326332674389775e-01 1.710150364597128395e-02 8.688207710772253289e-01
3.706313474474954694e-03 6.850237649942084173e-02 9.276756674587353577e-03 9.185145533515168825e-01
2.258108463332802237e-03 4.289421758962021214e-02 5.025632708622924591e-03 9.498220412384241751e-01
1.760204476874472007e-03 3.168675663902912470e-02 3.126355174817027106e-03 9.634266837092796409e-01
2.293833342589516114e-03 3.440623956190763666e-02 2.919972006343026644e-03 9.603799550891598535e-01
5.247588005469960501e-03 5.593830801095991262e-02 4.497340467279423333e-03 9.343167635162905604e-01
1.763054951998273973e-02 1.072396651149364333e-01 9.655694555601376794e-03 8.654740908094795682e-01
5.284180084779695197e-02 1.880866196456450756e-01 1.960712287024729550e-02 7.394644566363106630e-01
1.240283403071242296e-01 2.638428636948538242e-01 3.240547785384836205e-02 5.797233181441733274e-01
2.206378752099700802e-01 2.967908722313880032e-01 4.340883697494540144e-02 4.391624155836965082e-01
3.204277627373821602e-01 2.890698946467012420e-01 5.032082506356069102e-02 3.401815175523558166e-01
4.113554699429233241e-01 2.625462781891744757e-01 5.365610624186584188e-02 2.724421456260363028e-01
5.011815825927253831e-01 2.260863680694361333e-01 5.416340763138063202e-02 2.185686417064578169e-01
5.991501978331872369e-01 1.828401675039180163e-01 5.174220304343214033e-02 1.662674316194625024e-01
7.048899824849892415e-01 1.358128476878218138e-01 4.564411367847582418e-02 1.136530561487130164e-01
8.027891581143101751e-01 9.268325060169252394e-02 3.663266967158995691e-02 6.789492161240752444e-02
8.746200532326477983e-01 6.108080286186801100e-02 2.760038873348942892e-02 3.669875517199498033e-02
9.154511507206332110e-01 4.296775412170221464e-02 2.132876411765835187e-02 2.025233104000638898e-02
9.320856066715743626e-01 3.570433736973525202e-02 1.879943082407537630e-02 1.341062513461522242e-02
9.322749856879911645e-01 3.615640607608375939e-02 1.989294614728612937e-02 1.167566208863899530e-02
9.196989892068482275e-01 4.273056339075107651e-02 2.462476021473302898e-02 1.294568718766770689e-02
8.935202891307987283e-01 5.569018536261794577e-02 3.401757881427193431e-02 1.677194669231160326e-02
8.518494183336176029e-01 7.502439138550896780e-02 4.991375852920264949e-02 2.321243175167078676e-02
7.944031419679570272e-01 9.837734681711948759e-02 7.492222898105051210e-02 3.229728223387311192e-02
7.264792293219203279e-01 1.185506857041311313e-01 1.119515615618507376e-01 4.301852341209791430e-02
6.540808759899858771e-01 1.296439601963416399e-01 1.635129432614806366e-01 5.276222055219192270e-02
5.869897436021147552e-01 1.265760308301257520e-01 2.276952173113992450e-01 5.873900825636019229e-02
5.276712409168312634e-01 1.116102664049307691e-01 2.993320592489562837e-01 6.138643342928177399e-02
4.752945822219392658e-01 9.035459722518936199e-02 3.705747487320468769e-01 6.377607182082435655e-02
4.254854686776682327e-01 6.995485022232608707e-02 4.364343418480718384e-01 6.812533925193377249e-02
3.889091781829967509e-01 5.255726008922018827e-02 4.835202356057483608e-01 7.501332612203497063e-02
3.692358732799354004e-01 4.075747717859553448e-02 5.062266146995569871e-01 8.378003484191161310e-02
3.661383709840856371e-01 3.394473109066855482e-02 5.061068236502543893e-01 9.381007427499112039e-02
3.739828888637728443e-01 3.042478351172167236e-02 4.903467386355973012e-01 1.052455889889082064e-01
3.886667140515391305e-01 2.853973740269535181e-02 4.650712728657483419e-01 1.177222756800171272e-01
4.089766008903646943e-01 2.708341559931049317e-02 4.333895363065464745e-01 1.305504472037784802e-01
4.360846699642594859e-01 2.551387340442399371e-02 3.942477025171461924e-01 1.441537541141706402e-01
4.755017656267749304e-01 2.350582416426111668e-02 3.416181929761727964e-01 1.593742172327911877e-01
5.212458496727210289e-01 2.165756150137742100e-02 2.812146401540967511e-01 1.758819486718048164e-01
5.700919359775632467e-01 1.932682245742165308e-02 2.152129765009996032e-01 1.953682650640157226e-01
6.015723363248233202e-01 1.704447059176166998e-02 1.568417947771692800e-01 2.245413983062456709e-01
5.995947750047146974e-01 1.491873231132773321e-02 1.127227200507568694e-01 2.727637726332006185e-01
5.610986952199223943e-01 1.283243058408381487e-02 8.190339675865261626e-02 3.441654774373409387e-01
4.970122276686539942e-01 1.178493082752207419e-02 6.039460307366860403e-02 4.308082384301555323e-01
4.245881635318963787e-01 1.074183595220951255e-02 4.478243922980437719e-02 5.198875612860894835e-01
3.549762912888086985e-01 9.876697356481287451e-03 3.410214048577474982e-02 6.010448708689349884e-01
2.995127341464605686e-01 8.845215149607581553e-03 2.676375118897521277e-02 6.648782995149566943e-01
2.708635690674546792e-01 7.517150311128564973e-03 2.143303621681908258e-02 7.001862444045978684e-01
2.771456448170868114e-01 6.050355146008296048e-03 1.731376566326747399e-02 6.994902343736372208e-01
3.205202310953396139e-01 4.659368812514051369e-03 1.392178303016317932e-02 6.608986170619829403e-01
3.960461804139424058e-01 3.541733397551081932e-03 1.116650486784474643e-02 5.892455813206617377e-01
4.856166137247444059e-01 2.669210379610172275e-03 8.930660630777475378e-03 5.027835152648680861e-01
5.705846753464784982e-01 1.928054371690344094e-03 6.968797062973282504e-03 4.205184732188578800e-01
6.427023135923802810e-01 1.328453702337755501e-03 5.276718224180706671e-03 3.506925144811013917e-01
7.002086053492714290e-01 8.995686177508682583e-04 3.980612434764778558e-03 2.949112135982127625e-01
7.457198305398272664e-01 6.227650359929711409e-04 3.105381630300824928e-03 2.505520227938790589e-01
7.868290829405608644e-01 4.514137268505942621e-04 2.542491408044802829e-03 2.101770119245437163e-01
4.718977204188969932e-01 1.954474397425370602e-01 1.968874769269243763e-01 1.357673629116414871e-01
8.396220529169164462e-03 1.019316590215378279e-02 9.780872926520927102e-01 3.323320916583943126e-03
9.499598811937199488e-03 1.078093561385076553e-02 9.760992594036304038e-01 3.620206170581874525e-03
1.114666906864671472e-02 1.156172814208339047e-02 9.732156210701317089e-01 4.075981719138134680e-03
1.363967516036802829e-02 1.234771162482096313e-02 9.693163665273707430e-01 4.696246687440342772e-03
1.734233636895446407e-02 1.289201226800764863e-02 9.642595425462864300e-01 5.506108816751827638e-03
2.219971440390119261e-02 1.270057842930886333e-02 9.586473331605609438e-01 6.452374006228985513e-03
2.746938958797387823e-02 1.151926875530365386e-02 9.535266393244941074e-01 7.484702332228582514e-03
3.182852767576635489e-02 9.715966453993035365e-03 9.497096741520899554e-01 8.745831718150718498e-03
3.352958363921495349e-02 7.813683522857151759e-03 9.481114936450687480e-01 1.054523919285894375e-02
3.077661491792251305e-02 6.112972892884913079e-03 9.499292653025833699e-01 1.318114688660898016e-02
2.358660580427018177e-02 4.726170709449600653e-03 9.549308953796534771e-01 1.675632810662689223e-02
1.497277464426557438e-02 3.681772947798020879e-03 9.594979616958166924e-01 2.184749071211965904e-02
8.801383895643189251e-03 2.969571141699626268e-03 9.578258823600031002e-01 3.040316260265406995e-02
5.814350181250974546e-03 2.610979995310199094e-03 9.481076197268329953e-01 4.346705009660575825e-02
4.574395550727300766e-03 2.387213510274995877e-03 9.332564984486660942e-01 5.978189249033173669e-02
4.241349584145989553e-03 2.165760409575207164e-03 9.165423361900402188e-01 7.705055381623847344e-02
4.482064620661366933e-03 1.956512018490500892e-03 8.994476585876821639e-01 9.411376477316567291e-02
5.205404896588590111e-03 1.821664266960708713e-03 8.801390962178954336e-01 1.128338346185552565e-01
5.668517580353788117e-03 1.694506653422823365e-03 8.543773694024944243e-01 1.382596063637289152e-01
6.830641003149968277e-03 1.683161250332063747e-03 8.130433780493084850e-01 1.784428196972094871e-01
7.981998732059698148e-03 1.731272179912195881e-03 7.478537550242924103e-01 2.424329740637356234e-01
8.783625350917654076e-03 1.826600962376042844e-03 6.605055357695762686e-01 3.288842379171297847e-01
9.003226428760335853e-03 1.950778525242379989e-03 5.697735705977972076e-01 4.192724244482000096e-01
7.903604080054549633e-03 2.016138358119444040e-03 4.955903973064951784e-01 4.944898602553304823e-01
6.944451990094659827e-03 2.163524437821215483e-03 4.401575939571463203e-01 5.507344296149376817e-01
5.998435936578811779e-03 2.421537677746405954e-03 3.955618108720457271e-01 5.960182155136286575e-01
5.408476957032774812e-03 2.908190421548891447e-03 3.506645692148080973e-01 6.410187634066106810e-01
5.190913423217014509e-03 3.722472983045314529e-03 2.958455292139695048e-01 6.952410843797682816e-01
5.199467841341153147e-03 5.064234257533487514e-03 2.302449817257024856e-01 7.594913161754232034e-01
5.728168197454107380e-03 7.324277591964569942e-03 1.636718820791499274e-01 8.232756721314316017e-01
5.447961866545308895e-03 1.101282750892612974e-02 1.106106013546501732e-01 8.729286092698785859e-01
5.372630449853406896e-03 1.761108133642881601e-02 7.760328436086277870e-02 8.994130038528548310e-01
5.653702766516729462e-03 2.953192495193338735e-02 6.160956289386019386e-02 9.032048093876898776e-01
6.360270017200808819e-03 4.912956864434857296e-02 5.618013804163113356e-02 8.883300232968195376e-01
7.493056637365583597e-03 7.804993366267722055e-02 5.660457277857572356e-02 8.578524369213814671e-01
9.204804341173026053e-03 1.182889982752253766e-01 6.073528932393292695e-02 8.117709080596687832e-01
1.145668657566177757e-02 1.687249727974845237e-01 6.738555853799885198e-02 7.524327820888548901e-01
1.455635973468140561e-02 2.211549970101844564e-01 7.407809985654829898e-02 6.902105433985856742e-01
1.724909422963106370e-02 2.657508058575467902e-01 8.274970956063579242e-02 6.342503903521865549e-01
1.926515286371381294e-02 3.008133823461214273e-01 9.343234519170522112e-02 5.864891195984595074e-01
2.116237739340702528e-02 3.262891910419641328e-01 1.041949169994803165e-01 5.483535145651483589e-01
2.215757136618334497e-02 3.413701752850878957e-01 1.119207571034940563e-01 5.245514962452347829e-01
2.314758425297759950e-02 3.452251972026452176e-01 1.165281649493183080e-01 5.150990535950590310e-01
2.471029459541038489e-02 3.400268359420168252e-01 1.194769695422704670e-01 5.157858999203021044e-01
2.747650087382422918e-02 3.278911673396775472e-01 1.217505604802673891e-01 5.228817713062308137e-01
3.195985331610502050e-02 3.086068775954071697e-01 1.223165774539013845e-01 5.371166916345863074e-01
3.845350902404034987e-02 2.804540573223018862e-01 1.187627123362575837e-01 5.623297213173999998e-01
4.713119403204429209e-02 2.436660697854703961e-01 1.095538299515821379e-01 5.996489062309033891e-01
5.785487771119660061e-02 2.015406383883963370e-01 9.534402643960795953e-02 6.452604574607986310e-01
6.905903922558484509e-02 1.584443109575508490e-01 7.833470322263748342e-02 6.941619465942269196e-01
7.689105872053560164e-02 1.178614470525170682e-01 6.078674002884903310e-02 7.444607541980980958e-01
7.748650535779379178e-02 8.233067784406726541e-02 4.452395855223686277e-02 7.956588582459022119e-01
7.111136596227901618e-02 5.415633052532353026e-02 3.106276193101951966e-02 8.436695415813781906e-01
6.251038056013517863e-02 3.429062481323687239e-02 2.108658741372756995e-02 8.821124072129002958e-01
5.650719069869541977e-02 2.122939727878548830e-02 1.485773875302303509e-02 9.074056732694959493e-01
5.499146136585626038e-02 1.492595274277354681e-02 1.061003730598113377e-02 9.194725485853894043e-01
5.882434871825177602e-02 1.137317107862614689e-02 8.667150056158822585e-03 9.211353301469632493e-01
6.873173916862175548e-02 9.906172781908086436e-03 8.116575754150468641e-03 9.132455122953195836e-01
8.508531511916275769e-02 9.677814861386751719e-03 8.658390928734081143e-03 8.965784790907161961e-01
1.073538047501800957e-01 1.034919127690464222e-02 1.044974619362665398e-02 8.718472577792887312e-01
1.356370944787554378e-01 1.196499397716701413e-02 1.426354120608275267e-02 8.381343703379948717e-01
1.729581931329566558e-01 1.479618775382547137e-02 2.169351782773643045e-02 7.905521012854811458e-01
2.239075009952604944e-01 1.921593396298548750e-02 3.547764380516044841e-02 7.213989212365932158e-01
2.886542941984890365e-01 2.533642877021531972e-02 5.916839708547145388e-02 6.268408799458239367e-01
3.562989963657109405e-01 3.245032384207709869e-02 9.509569351858716824e-02 5.161549862736247718e-01
4.052480527039662994e-01 3.924433463048461468e-02 1.426237944527425638e-01 4.128838182128065637e-01
4.172034664002450821e-01 4.512261863574104637e-02 2.005127077220948129e-01 3.371612072419188921e-01
3.902343189954673996e-01 5.050339374250092245e-02 2.681107775544996352e-01 2.911515097075323411e-01
3.361698581295701760e-01 5.541011840497552660e-02 3.427981798232799249e-01 2.656218436421746154e-01
2.718035329261997424e-01 5.907217616960887957e-02 4.204478132135102686e-01 2.486764776906810470e-01
2.147593933295056656e-01 6.114790727210493715e-02 4.930450064224997653e-01 2.310476929758895626e-01
3.154239035391458446e-01 3.336049671629323643e-01 2.717252171840449648e-01 7.924591211387703449e-02
3.336977240477765339e-01 3.203840963302878042e-01 2.333069728558138656e-01 1.126112067661217825e-01
3.470027878696165247e-01 2.996223750786669027e-01 1.958890573305643867e-01 1.574857797211524357e-01
3.528667075067520864e-01 2.780555806549005471e-01 1.579051282525194000e-01 2.111725835858279943e-01
3.470493158138049927e-01 2.587200794558734418e-01 1.214464267005554293e-01 2.727841780297663443e-01
3.237374563919873105e-01 2.409087176048396728e-01 8.889778189375915907e-02 3.464560441094134968e-01
2.753248192320483789e-01 2.219062134980198941e-01 6.314380853602302723e-02 4.396251587339087274e-01
2.097532087306909210e-01 1.936836242268640818e-01 4.275976406729825596e-02 5.538034029751466303e-01
1.461281107720521777e-01 1.517107030071873641e-01 2.683452716250122119e-02 6.753266590582592821e-01
9.835314054058397204e-02 1.039425480883373748e-01 1.527646539224709020e-02 7.824278459788315265e-01
6.616848486755291803e-02 6.381292244365692479e-02 8.034031555669887345e-03 8.619845611331201640e-01
4.377877717308778505e-02 3.707232212472765659e-02 4.114070464791696503e-03 9.150348302373929599e-01
2.760524234071533300e-02 2.151874538376130630e-02 2.153407203658267745e-03 9.487226050718647885e-01
1.661973746958221934e-02 1.304187541283344069e-02 1.207594506005630177e-03 9.691307926115784177e-01
9.146280749502858770e-03 8.985694219769590346e-03 7.710504031460481324e-04 9.810969746275814973e-01
5.485938753330340048e-03 6.092459891469863796e-03 5.108081904523204377e-04 9.879107931647473917e-01
3.379710099151742118e-03 4.259747101933963366e-03 3.521903995214831174e-04 9.920083523993926677e-01
2.178626652418719223e-03 3.108978346450755326e-03 2.523060640933937797e-04 9.944600889370369678e-01
1.561024961237207067e-03 2.559233605271048727e-03 1.989767029809488841e-04 9.956807647305108144e-01
1.331568696177366177e-03 2.643151589258644751e-03 1.874993878164177481e-04 9.958377803267477457e-01
1.384602902295576981e-03 3.603461525563925356e-03 2.177682232292621890e-04 9.947941673489111292e-01
1.791434003966476621e-03 6.465620285554214870e-03 3.050138863532410489e-04 9.914379318241259842e-01
3.761971412718469882e-03 1.409586492937306076e-02 5.100658615954415612e-04 9.816320977963129968e-01
2.027645049640692393e-03 8.830000441678410583e-01 1.018190167433670051e-01 1.315329403915097874e-02
1.900967052566645199e-03 8.863171276509563823e-01 1.006109131708645271e-01 1.117099212561233762e-02
1.821740098182555914e-03 8.866112579306857366e-01 1.016305025542958984e-01 9.936499416835794726e-03
1.806892725304711737e-03 8.840799043686133896e-01 1.047244767333358473e-01 9.388726172746209714e-03
1.834327798795933441e-03 8.793055134139075024e-01 1.094661009033951332e-01 9.394057883901272415e-03
1.872291565515561132e-03 8.726942385521457846e-01 1.156230649368523156e-01 9.810404945486459957e-03
1.921915953103844497e-03 8.633153843575140929e-01 1.242371376564008340e-01 1.052556203298120156e-02
2.010538138839064893e-03 8.494429630035478240e-01 1.371052459589352790e-01 1.144125289867795395e-02
2.146191548053943358e-03 8.306903038432950082e-01 1.547437834139662738e-01 1.241972119468479421e-02
2.294215227624522152e-03 8.099217291491251913e-01 1.745364875207904010e-01 1.324756810246004689e-02
2.418090423469760903e-03 7.922216018368460899e-01 1.915621210726635160e-01 1.379818666702040467e-02
2.471820670881500967e-03 7.795350562934210137e-01 2.040771972145445368e-01 1.391592582115310124e-02
2.421043167444252801e-03 7.695647508442964302e-01 2.145954311011572246e-01 1.341877488710216566e-02
2.293240673376562618e-03 7.614772602913960631e-01 2.237426075798405745e-01 1.248689145538700064e-02
1.665050387978630727e-03 7.591086411347588436e-01 2.277063959142278382e-01 1.151991256303411607e-02
1.928382214561375797e-03 7.644622072143754110e-01 2.227171502436154082e-01 1.089226032744770520e-02
1.718432795270508724e-03 7.776148949617847084e-01 2.100469888402272389e-01 1.061968340271749432e-02
1.495281453681000100e-03 7.947276990872450542e-01 1.933138146028378912e-01 1.046320485623624015e-02
1.269371826959035795e-03 8.136546271320567181e-01 1.748326237896369317e-01 1.024337725134698632e-02
1.071764065148106317e-03 8.331540044166830805e-01 1.558579116876646353e-01 9.916319830504435884e-03
9.158368889973435723e-04 8.516913777466372792e-01 1.380052585062191417e-01 9.387526858146059625e-03
7.855642283965378909e-04 8.682929608329251758e-01 1.223695189288569879e-01 8.551956009821287327e-03
6.665760719492671779e-04 8.817596894005170771e-01 1.101054509686950622e-01 7.468283558838745284e-03
5.622648984645724169e-04 8.903079268866275209e-01 1.028047817651979445e-01 6.325026449709739151e-03
4.873092302926732293e-04 8.931391202690922571e-01 1.010071255939667956e-01 5.366444906648084462e-03
4.419589640425546605e-04 8.926040277276791057e-01 1.021966811644575007e-01 4.757332143820817635e-03
4.213547263654564214e-04 8.927266873012289494e-01 1.022418447127218105e-01 4.610113259684101364e-03
4.432252978650064765e-04 8.947773046386329199e-01 9.966104847768499087e-02 5.118421585817152335e-03
5.459980256873692367e-04 8.961152197064375935e-01 9.680081340362382825e-02 6.537968864251438549e-03
7.668749726452298368e-04 8.935034246519052425e-01 9.678305583914675880e-02 8.946644536302665596e-03
1.108433820635883280e-03 8.868362600518234773e-01 1.001462228052253933e-01 1.190908332231507480e-02
1.543012792607269821e-03 8.783154669352746247e-01 1.053489482898657126e-01 1.479257198225213295e-02
2.030414461749857451e-03 8.697409430433977739e-01 1.109378110403319989e-01 1.729083145452056311e-02
2.491680774565570126e-03 8.616912850552530534e-01 1.166508222904201197e-01 1.916621187976110322e-02
2.882144300027421856e-03 8.534778680877511681e-01 1.232246290575530479e-01 2.041535855466833360e-02
3.236330530142718289e-03 8.438441101671292355e-01 1.314691379018737838e-01 2.145042140085430538e-02
3.609374978114830278e-03 8.317848097104291183e-01 1.418083292258222605e-01 2.279748608563405762e-02
4.013118952911455019e-03 8.180481775600568772e-01 1.532363894385903313e-01 2.470231404844119502e-02
4.413778929178512923e-03 8.047066325717254776e-01 1.635940985322847929e-01 2.728548996681116542e-02
4.761610151452450729e-03 7.937246293084389004e-01 1.706347427439564024e-01 3.087901779615240608e-02
5.061767436457279175e-03 7.850491128377929950e-01 1.733849251120287982e-01 3.650419461372063357e-02
5.426489676399820321e-03 7.750796054806741164e-01 1.732875657775599376e-01 4.620633906536626007e-02
5.954958494176323773e-03 7.584153642085224023e-01 1.731018230046448003e-01 6.252785429265660111e-02
6.579717857061938464e-03 7.314028498623861285e-01 1.745051955826715517e-01 8.751223669788013582e-02
7.202598538702382341e-03 6.923055035200494922e-01 1.780635091551628357e-01 1.224283887860854320e-01
7.227414269828620098e-03 6.424152462287495702e-01 1.831962957492758171e-01 1.671610437521459380e-01
7.505103590675536208e-03 5.788218855753752834e-01 1.937439118682062478e-01 2.199290989657425588e-01
7.966525332431161066e-03 5.016308064786133558e-01 2.106840973367318237e-01 2.797185708522239023e-01
8.747890151469936773e-03 4.108581072148073665e-01 2.320582439927579566e-01 3.483357586409647211e-01
9.641819245844384170e-03 3.114784112458111043e-01 2.501582600114410915e-01 4.287215094969034079e-01
1.022882887153571743e-02 2.158491101218427133e-01 2.528137471398857472e-01 5.211083138667359504e-01
1.094375820097713385e-02 1.359553912701658152e-01 2.335695866119945618e-01 6.195312639168625291e-01
1.057652676521908530e-02 7.950938230635756776e-02 1.969860457831270895e-01 7.129280451452965073e-01
9.057732912216096693e-03 4.361135362556309292e-02 1.577855034886975483e-01 7.895454099735234044e-01
7.386670370898597120e-03 2.404852579351884553e-02 1.276000720393585530e-01 8.409647317962242186e-01
6.180147477325644706e-03 1.481014774864915749e-02 1.120014350315224616e-01 8.670082697425024465e-01
6.704849194989238002e-03 1.095099945823682641e-02 1.103803180265117423e-01 8.719638333202620606e-01
8.292008830346994305e-03 9.780118135923693279e-03 1.217537832512557705e-01 8.601740897824733389e-01
1.141585766254598656e-02 1.026611089937299985e-02 1.482151725490859495e-01 8.301028588889949322e-01
1.726322821609332925e-02 1.204879025956195893e-02 1.931433521436617118e-01 7.775446293806833609e-01
2.743505025799766739e-02 1.508657524983638559e-02 2.571449604127464816e-01 7.003334140794197360e-01
4.187829470268724513e-02 1.939142401781458400e-02 3.360063519212946881e-01 6.027239293582036250e-01
5.647634937139587447e-02 2.454319851121847945e-02 4.240357919086405469e-01 4.949446602087447800e-01
6.528734949709290303e-02 2.975114432608753912e-02 5.180770034973525284e-01 3.868845026794671682e-01
6.496891438447191525e-02 3.448931924907714525e-02 6.138392533926764205e-01 2.867025129737742484e-01
5.672487600871824187e-02 3.854633309672867575e-02 7.027303931103255907e-01 2.019983977842273459e-01
4.626626856638658275e-02 4.206315115238280777e-02 7.736846707203938189e-01 1.379859095608366726e-01
3.966398095138198854e-02 4.605766501190658446e-02 8.186451993395427174e-01 9.563315469716852923e-02
3.898700330328990632e-02 5.168973605478751482e-02 8.385046060570958693e-01 7.081865458482675124e-02
4.394003319053257917e-02 5.957364552679213915e-02 8.381750887447790843e-01 5.831123253789624594e-02
5.480168841908897304e-02 7.048114796553851813e-02 8.200421526841871200e-01 5.467501093118540267e-02
7.264879725497046248e-02 8.548083910303580502e-02 7.839425446608906389e-01 5.792781898110302419e-02
9.720317200077800701e-02 1.047304380632543414e-01 7.315349805804035599e-01 6.653140935556423052e-02
1.240546529030460698e-01 1.276501434671001856e-01 6.695200994057025623e-01 7.877510422415147373e-02
1.443365032543653392e-01 1.545091290244932636e-01 6.087994069735112035e-01 9.235496074763049901e-02
1.474422343756407183e-01 1.876916099625807743e-01 5.606999547991347033e-01 1.041662008626436514e-01
1.341418139499805096e-01 2.252099962534140354e-01 5.295317223999980172e-01 1.111164673966074656e-01
1.116341084797746047e-01 2.638181704244976777e-01 5.129985749711050147e-01 1.115491461246228694e-01
8.899801443201792173e-02 2.977868740398669223e-01 5.072623637261883811e-01 1.059527478019269275e-01
7.102263669970396154e-02 3.219530806481976093e-01 5.105566196599641282e-01 9.646766299213432871e-02
5.972518269109584194e-02 3.331425472503254936e-01 5.212196775235165003e-01 8.591259253506193516e-02
5.347433482920779108e-02 3.310811896000934729e-01 5.392547170069479368e-01 7.618975856375116706e-02
5.134576115627060428e-02 3.167367743701535732e-01 5.643673811921625649e-01 6.755008328141345886e-02
5.117067514121561439e-02 2.929241375439187722e-01 5.967928241891793384e-01 5.911236312568649010e-02
5.136191602210011392e-02 2.631531753995981493e-01 6.351268728386540996e-01 5.035803573964751922e-02
5.147937392020186798e-02 2.322295138785958613e-01 6.744354440079646240e-01 4.185566819323772308e-02
5.173729197387256368e-02 2.042170095461086632e-01 7.098879334743455338e-01 3.415776500567330176e-02
5.217625600174720379e-02 1.805279629321088763e-01 7.398951201908486874e-01 2.740066087529510058e-02
5.301286818863765182e-02 1.609561907872844866e-01 7.642519634319699939e-01 2.177897759210762826e-02
