2.257400662515699624e-02 2.341855127292122307e-02 7.988046657678740115e-01 1.552027763340481370e-01
5.251023380149184329e-03 2.289081438007469771e-01 7.595114785374089683e-01 6.329354281695000368e-03
4.716222614205365336e-03 2.048839678987596502e-01 7.845854657932401777e-01 5.814343693794841485e-03
4.173618971068088386e-03 1.847139826669816631e-01 8.054474815897457729e-01 5.664916772204572730e-03
3.610692826930681897e-03 1.638291578998843367e-01 8.270254446568139350e-01 5.534704616370982565e-03
2.994889609395010727e-03 1.409577536177928359e-01 8.508569876639132668e-01 5.190369108898987283e-03
2.399305149562668254e-03 1.186337893053792253e-01 8.742397394481440376e-01 4.727166096914496053e-03
1.928830446365751954e-03 1.012648433881540855e-01 8.923404946640867141e-01 4.465831501393338274e-03
1.595973133576917636e-03 9.061387638987561388e-02 9.032095638326510523e-01 4.580586643896441580e-03
1.337213884102122097e-03 8.375230319756718500e-02 9.099040369795811101e-01 5.006445938749982255e-03
1.111928167244599554e-03 7.728270413743522360e-02 9.158707726520796122e-01 5.734595043240503509e-03
9.161888179429588785e-04 6.984239587104401625e-02 9.222488007701775681e-01 6.992614540835252745e-03
7.688687824994490513e-04 6.234330646045482816e-02 9.274008127151809333e-01 9.487012041864719553e-03
6.938237522705563822e-04 5.666019205138408260e-02 9.276839356134110037e-01 1.496204858293453954e-02
7.087182614920579330e-04 5.401241847640071703e-02 9.178369331161604361e-01 2.744193014594646651e-02
8.357206141123638002e-04 5.518569970659895768e-02 8.884234827080917940e-01 5.555509697119657281e-02
1.070397624953497648e-03 5.994992189405082966e-02 8.246404219359225740e-01 1.143392585450731247e-01
1.291550399563701820e-03 6.345757168338740650e-02 7.138803004058282831e-01 2.213705775112204677e-01
1.315530586534189141e-03 5.922708370766013170e-02 5.537732034333563425e-01 3.856841822724492719e-01
1.094947721900165274e-03 4.599131337705361644e-02 3.649712995038022489e-01 5.879424393972437768e-01
7.627908220262970274e-04 2.978139974212334201e-02 1.992264411345379682e-01 7.702293683013129444e-01
5.291800877038767932e-04 1.747685314713529406e-02 9.569413724216543904e-02 8.862998295229955747e-01
3.909251828419604054e-04 1.037500249025022532e-02 4.606315130414687792e-02 9.431709210227610107e-01
2.950842347749334173e-04 6.724138824295852225e-03 2.492757242506671300e-02 9.680532045158626309e-01
2.307786967007499938e-04 4.936245934235403143e-03 1.587016261293133779e-02 9.789628127561326165e-01
1.926547039604718130e-04 4.033787641043503486e-03 1.151802889638591822e-02 9.842555287586103319e-01
1.750666814206639345e-04 3.541859856949775964e-03 8.970639826660267019e-03 9.873124336349689001e-01
1.754746470029271263e-04 3.256224672910025715e-03 7.130458651387807517e-03 9.894378420286993325e-01
1.960192306862344866e-04 3.135191203663603189e-03 5.720271925272988299e-03 9.909485176403771689e-01
2.060520644116886548e-04 2.362703891683751427e-03 4.842176843801926887e-03 9.925890672001027593e-01
2.556737874487538162e-04 2.731281833472634559e-03 4.116165176750208841e-03 9.928968792023283862e-01
3.007547701342506161e-04 3.154982856269033728e-03 3.609008529094301712e-03 9.929352538445025411e-01
3.346075097264651415e-04 3.749759623191574378e-03 3.384602548371614186e-03 9.925310303187103722e-01
3.734017715486973119e-04 4.858218561186787229e-03 3.544664825500848555e-03 9.912237148417636368e-01
4.472739100685243227e-04 7.236236421109985481e-03 4.274002463849957412e-03 9.880424872049714535e-01
6.330842550422404857e-04 1.334417203928071720e-02 6.254142963833690672e-03 9.797686007418434651e-01
1.262103499573906428e-03 3.241496551507561802e-02 1.165712170256751577e-02 9.546658092827833286e-01
2.880662863020421599e-03 9.620096282899302798e-02 2.657005484272204066e-02 8.743483194652645896e-01
6.846312228144362140e-03 2.614031436930703278e-01 5.603361635433407734e-02 6.757169277244510219e-01
1.182634566696683272e-02 4.959821271053466152e-01 8.154787094483749443e-02 4.106436562828489900e-01
1.344188392671972175e-02 6.881807430105750800e-01 8.419123604603440114e-02 2.141861370166705802e-01
1.271405010503653780e-02 8.054811130425090226e-01 7.334832111752630224e-02 1.084565157349278719e-01
1.101362231810037486e-02 8.678314429644947703e-01 6.302580929037991664e-02 5.812912542702491914e-02
8.920142462934937608e-03 9.021055597095346545e-01 5.498469441674277980e-02 3.398960341078788305e-02
6.909019508258953772e-03 9.232044181837006924e-01 4.832456331888963785e-02 2.156199898915070121e-02
5.356246597738596738e-03 9.356273431823647346e-01 4.385165911073782979e-02 1.516475110915889608e-02
4.536076993982989664e-03 9.401750265247725835e-01 4.277905227420342876e-02 1.250984420704093041e-02
4.539381040973372583e-03 9.379693851361703416e-01 4.523318840311264105e-02 1.225804541974371761e-02
5.498577395615759054e-03 9.306146682072454768e-01 5.036590015397793274e-02 1.352085424316092944e-02
7.968268830722390755e-03 9.191443267477048540e-01 5.708478399409756820e-02 1.580262042747504134e-02
1.298658432234515991e-02 9.043725940182155698e-01 6.384321462198351560e-02 1.879760703745562977e-02
2.075836606849745108e-02 8.893748386196256295e-01 6.769759517693782480e-02 2.216920013493942423e-02
2.835189524960290627e-02 8.807626680025844035e-01 6.508868768334413746e-02 2.579674906446824054e-02
3.124585114180324780e-02 8.821322267855730148e-01 5.632747172109058703e-02 3.029445035153303240e-02
3.060105430392195611e-02 8.861673167833092890e-01 4.535079782171456964e-02 3.788083109105440383e-02
2.730224896972644616e-02 8.851122058451015295e-01 3.661264658852989018e-02 5.097289859664228678e-02
2.204936784767553767e-02 8.774296464151142283e-01 3.076680880430012616e-02 6.975417693291015298e-02
1.509963415566759753e-02 8.674593567892794344e-01 2.698355045663186971e-02 9.045745859842112269e-02
1.079282314831442324e-02 8.586518475549416163e-01 2.462679683105873166e-02 1.059285324656854960e-01
7.654724980032598380e-03 8.588767327987392175e-01 2.332461535341362469e-02 1.101439268678148092e-01
6.374258689305236855e-03 8.683355160025757469e-01 2.231158349849886660e-02 1.029786418096201445e-01
5.915311349140726233e-03 8.844312532259536175e-01 2.156783664896153377e-02 8.808559877594390741e-02
5.814071607814714875e-03 9.031791280776418906e-01 2.102136291672681775e-02 6.998543739781665218e-02
5.620385679932509045e-03 9.208746165127549288e-01 2.065155982464111223e-02 5.285343798267155141e-02
4.932094701150151542e-03 9.355969384139033451e-01 2.036930867260823910e-02 3.910165821233845679e-02
3.723430680910883028e-03 9.473503199197524927e-01 1.968919484621169461e-02 2.923705455312496787e-02
2.438747395305397581e-03 9.568390649511149260e-01 1.810226556693163638e-02 2.261992208664810253e-02
1.464520529519872799e-03 9.648255165070843686e-01 1.572132756857162750e-02 1.798863539482396454e-02
8.512971139630188091e-04 9.717241414546422540e-01 1.323222577026044247e-02 1.419233566113395698e-02
5.078067414305362931e-04 9.770029414930732070e-01 1.159100780355861934e-02 1.089824396193765123e-02
1.363358939208985548e-04 9.810092823262797079e-01 1.057125993221029459e-02 8.283121847589147366e-03
1.289962092327772997e-04 9.807138398042714034e-01 1.290180787898115647e-02 6.255356107514584152e-03
4.504222721006458097e-02 6.553566346793698871e-01 2.955173889661262265e-01 4.083749144439292357e-03
4.411474201410261055e-04 9.242843475625445171e-01 7.192158699965602031e-02 3.352918017658417134e-03
3.779358452151001450e-04 9.233822709267914819e-01 7.369881341614978321e-02 2.540979811843634920e-03
3.569911191873618821e-04 9.230423940026935004e-01 7.438297636592450246e-02 2.217638512194493490e-03
3.648853880726541038e-04 9.223916040669137839e-01 7.498343367256221637e-02 2.260076872451449812e-03
3.895512624416989315e-04 9.214380406974455040e-01 7.556766896404643052e-02 2.604739076066309948e-03
4.219912778115566697e-04 9.203708630309680450e-01 7.596941281912766852e-02 3.237732872092778744e-03
4.611881133451968518e-04 9.168999807375847189e-01 7.843973747927364404e-02 4.199093669796595887e-03
5.094549215773770245e-04 9.061711619769576842e-01 8.793901062615841480e-02 5.380372475306266153e-03
5.762266817412558910e-04 8.834004566274341608e-01 1.097660168250271240e-01 6.257299865797235142e-03
7.002646162127557647e-04 8.449030096782670363e-01 1.482838054550661977e-01 6.112920250453852955e-03
1.042517300618843153e-03 7.857252042653077861e-01 2.082968298965117704e-01 4.935448537561650841e-03
6.102333293361507545e-04 7.023420482363721407e-01 2.936310482938244149e-01 3.416670140467064753e-03
6.252342270882091423e-04 5.971445154642045505e-01 4.000362614802528971e-01 2.193988828454345071e-03
6.933617627425736141e-04 4.864509682571049320e-01 5.114614415447751306e-01 1.394228435377532381e-03
8.015741023916836665e-04 3.885829686147168061e-01 6.097150554512614784e-01 9.004018316300837002e-04
9.008252486653345889e-04 3.100714328492453764e-01 6.884387950780245236e-01 5.889468240647611130e-04
9.769374335425837653e-04 2.493289065903629420e-01 7.493010299975021438e-01 3.931259785922567901e-04
1.095975925227531209e-03 2.072449978226129641e-01 7.913834819971279355e-01 2.755442550314067085e-04
1.398413588659870024e-03 1.850791363535326250e-01 8.133111725016762827e-01 2.112775561313139908e-04
1.957582306285857165e-03 1.820744010452416406e-01 8.157862058995732912e-01 1.818107488991951219e-04
2.717792473847503460e-03 1.997586111330543479e-01 7.973388910186246514e-01 1.847053744731928392e-04
3.525488274017094404e-03 2.410902123681463172e-01 7.551603617696738269e-01 2.239375881630480580e-04
4.382515113030048017e-03 3.101746122874261546e-01 6.851295980222928961e-01 3.132745772505770329e-04
5.588692593767007923e-03 4.066676054171501908e-01 5.872546829983945615e-01 4.890189906881602230e-04
7.753940564538131484e-03 5.169061677918398434e-01 4.745220370493671846e-01 8.178545942551746026e-04
1.203154169140875987e-02 6.206856945347392074e-01 3.658908254208270705e-01 1.391938353025209225e-03
2.081457227797190584e-02 7.039665071983169931e-01 2.728960464387555906e-01 2.322874084955288410e-03
3.999637610113846581e-02 7.566637995201052069e-01 1.995809070194540236e-01 3.758917359302429029e-03
8.481132998811898027e-02 7.637442767958074752e-01 1.456382985868928670e-01 5.806094629180471103e-03
1.912221165232744768e-01 6.945112550201525403e-01 1.058293234228986773e-01 8.437305033674182345e-03
3.925024835526058076e-01 5.239885301118634153e-01 7.230219387780841001e-02 1.120679245772252842e-02
6.187561141317138302e-01 3.242768509656886455e-01 4.351956798942287902e-02 1.344746691317455153e-02
7.521838331309065317e-01 2.020358984050155682e-01 2.774395516765214287e-02 1.803631329642579537e-02
7.840965019514777312e-01 1.585788455354425475e-01 2.426650405482016007e-02 3.305814845825975207e-02
7.542454420798886394e-01 1.492341273486871844e-01 2.831293078720156092e-02 6.820749978422270543e-02
7.181076885168758972e-01 1.373450767433359587e-01 3.447325870255053826e-02 1.100739760372376197e-01
7.328251600030596391e-01 1.096483382713638460e-01 3.776370207868941925e-02 1.197627996468871442e-01
8.005911031994744631e-01 7.368439102322749124e-02 3.603021285413863378e-02 8.969429292315937718e-02
8.747430850121907797e-01 4.328167817047289673e-02 3.077242439194190216e-02 5.120281242539447691e-02
9.213993075290696222e-01 2.549555054470485638e-02 2.633873842078353344e-02 2.676640350544219615e-02
9.408189707005133462e-01 1.772970632064117813e-02 2.585504869366285832e-02 1.559627428518279603e-02
9.418003976809711242e-01 1.594350094843854926e-02 3.079134146451766377e-02 1.146475990607287269e-02
9.286188658077573210e-01 1.827600067869027470e-02 4.230599977919126398e-02 1.079913373436104142e-02
9.009762768259159671e-01 2.491801851589414696e-02 6.155190385527763153e-02 1.255380080291222146e-02
8.556704119475636583e-01 3.747645368313597819e-02 8.983657485594677417e-02 1.701655951335364486e-02
7.869576812328080706e-01 5.844518234705274595e-02 1.298558772308416043e-01 2.474125918929753060e-02
6.941906717160787332e-01 8.780569238667221277e-02 1.837260078819960285e-01 3.427762801525292141e-02
5.959607768916639348e-01 1.206185836864531041e-01 2.433033998859041036e-01 4.011723953597925302e-02
5.189245665865132029e-01 1.456235918777886995e-01 2.971546491903912512e-01 3.829719234530699207e-02
4.606749710555798627e-01 1.600021191093271844e-01 3.473658190536978441e-01 3.195709078139509496e-02
4.045194708607495193e-01 1.666632321905220926e-01 4.034309155865660745e-01 2.538638136216251825e-02
3.442155790569186302e-01 1.675771976785987161e-01 4.680936603261180440e-01 2.011356293836461667e-02
2.825008408910157365e-01 1.634351401070862075e-01 5.378478630455451048e-01 1.621615595635252441e-02
2.255303675614764858e-01 1.553108738441246750e-01 6.055113414996041721e-01 1.364741709479453877e-02
1.817739557062673095e-01 1.451503402133634546e-01 6.606908183121081857e-01 1.238488576826100862e-02
1.545706998502282270e-01 1.343367022392962518e-01 6.989317079286566647e-01 1.216088998181845231e-02
1.407709917005821598e-01 1.226689901670666577e-01 7.240847227526627794e-01 1.247529537968830940e-02
1.386362144664949059e-01 1.088965568815891544e-01 7.395635667415927372e-01 1.290366191032316957e-02
1.507621013770980845e-01 9.247262593405418396e-02 7.436107401646311343e-01 1.315453252421654347e-02
1.833798315929693612e-01 7.507764269345387764e-02 7.285177840224020818e-01 1.302474169117447123e-02
2.404053887620073160e-01 5.926512359479212122e-02 6.880194537406973954e-01 1.231003390250289854e-02
3.121523874934323817e-01 4.716359586201893106e-02 6.295224643127695918e-01 1.116155233177894279e-02
3.762179391152764008e-01 3.987042877678981245e-02 5.735470085430343090e-01 1.036462356489953329e-02
4.117147508480786255e-01 3.690026230400719059e-02 5.406810814216876926e-01 1.070390542622638892e-02
4.135365487408216301e-01 3.636295986855372919e-02 5.375050149506891417e-01 1.259547643993553546e-02
3.983720914928020607e-01 3.575695139698777808e-02 5.498052769081295255e-01 1.606568020208052477e-02
3.866363960813174461e-01 3.391452322483685250e-02 5.591246676647618763e-01 2.032441302908382860e-02
3.863488934063366576e-01 3.152614856319976150e-02 5.586206072356033614e-01 2.350435079486024037e-02
3.955833737599233069e-01 2.935332902388797238e-02 5.509655705019503857e-01 2.409772671423829338e-02
4.143741657554669833e-01 2.721299255956685995e-02 5.357370899252965613e-01 2.267575175966971349e-02
4.546961400348505378e-01 2.691645510701830279e-02 4.975138620404853662e-01 2.087354281764574812e-02
1.724657266250175236e-01 4.057672439142472054e-02 1.174499455257040359e-01 6.695076034578537616e-01
2.631747607049182980e-01 2.677925654990779281e-01 3.623593870354983038e-01 1.066732867605055396e-01
2.187276343709977366e-01 2.888981734537576784e-01 3.789113284144775551e-01 1.134628637607669882e-01
1.858856222473186381e-01 3.111597244746845403e-01 3.828288684364620220e-01 1.201257848415346469e-01
1.617020770572878685e-01 3.342325757231897065e-01 3.761793790243838087e-01 1.278859681951384775e-01
1.408557103240517250e-01 3.594728409698195182e-01 3.603207435190349250e-01 1.393507051870940538e-01
1.194167270511267143e-01 3.873306254070253418e-01 3.352097521560912230e-01 1.580428953857568042e-01
9.857234341449198911e-02 4.126913940683898385e-01 3.000269618567057983e-01 1.887093006604124157e-01
7.859667248074515833e-02 4.266733381002792425e-01 2.553386809109196576e-01 2.393913085080559833e-01
5.986736071423434669e-02 4.178596541619741256e-01 2.002321064523829297e-01 3.220408786714086813e-01
4.335355712643616799e-02 3.727185302384167787e-01 1.434703416825494904e-01 4.404575709525972438e-01
3.001812095279610473e-02 3.026058084624836386e-01 9.501569130293832655e-02 5.723603792817817393e-01
2.027662012540372080e-02 2.305319758329569257e-01 6.030013062531338480e-02 6.888912734163260554e-01
1.350900305422219304e-02 1.679889109923872192e-01 3.743580210136304709e-02 7.810662838520274764e-01
8.836358468761962293e-03 1.170559675305418990e-01 2.277804107160084218e-02 8.513296329290949149e-01
5.619531294679814930e-03 7.757256246264969402e-02 1.314197226871269275e-02 9.036659339739577801e-01
3.313649594107161579e-03 4.900948405816604736e-02 7.501443843991223263e-03 9.401754225037353141e-01
2.036426508969521945e-03 3.112828510941358789e-02 4.224177214723324157e-03 9.626111111668934628e-01
1.599705199009416028e-03 2.352497340184630040e-02 2.750573219432308775e-03 9.721247481797117285e-01
2.047044534730623096e-03 2.616525335392638762e-02 2.634265424984944589e-03 9.691534366863580052e-01
5.144625600589545870e-03 4.348454849788269821e-02 4.158899342247594604e-03 9.472119265592801041e-01
1.516020508171657746e-02 8.613534975504145985e-02 8.506173023378475057e-03 8.901982721398635778e-01
4.383367767915261060e-02 1.582906702497073603e-01 1.735520508027916728e-02 7.805204469908608722e-01
1.022088036606454003e-01 2.355509256454277056e-01 2.975586174214425034e-02 6.324844089517825951e-01
1.836197578147760467e-01 2.811955606813827391e-01 4.201759640896528258e-02 4.931670850948757789e-01
2.708093181077977363e-01 2.882562054271362584e-01 5.165390728261187725e-02 3.892805691824541281e-01
3.579220089384618220e-01 2.706154887299002110e-01 5.817418071619086251e-02 3.132883216154471184e-01
4.507986714907573078e-01 2.389365736800614093e-01 6.203737064707763593e-02 2.482273841821035776e-01
5.628096639054915862e-01 1.926592995032846978e-01 6.133666756623753352e-02 1.831943690249865642e-01
6.840917394089497394e-01 1.406004432951786787e-01 5.610193538433824734e-02 1.192058819115330431e-01
7.932901521507951248e-01 9.292223405313181084e-02 4.697885244681048594e-02 6.680876134926280741e-02
8.714958393911154122e-01 5.848898563148086094e-02 3.629943444537536701e-02 3.371574053202806842e-02
9.145429620951636140e-01 3.940264867148373512e-02 2.852307957628439500e-02 1.753130965706837727e-02
9.323240765855905776e-01 3.165848249589061497e-02 2.497771831135598905e-02 1.103972260716299530e-02
9.338182876256962972e-01 3.158319806476601183e-02 2.542193320298432799e-02 9.176581106553430636e-03
9.226298872999116885e-01 3.795322717781284688e-02 2.960569702956812946e-02 9.811188492707373365e-03
8.968607186856530911e-01 5.236077084255968267e-02 3.821979801342124256e-02 1.255871245836618494e-02
8.521802012643669988e-01 7.769333708019396378e-02 5.243521996414953618e-02 1.769124169128969901e-02
7.846070699112195346e-01 1.160884912083882115e-01 7.369980897949630905e-02 2.560462990089624677e-02
6.955522087350016758e-01 1.652662351843038890e-01 1.032187855650672503e-01 3.596277051562741384e-02
5.966543412383922274e-01 2.154562589339867329e-01 1.409967540094808902e-01 4.689264581814005239e-02
5.065714716640347115e-01 2.513138182550807564e-01 1.857934782847465716e-01 5.632123179613786335e-02
4.329846825692671430e-01 2.662020909861249618e-01 2.362082261206627787e-01 6.460500032394518588e-02
3.760590578762067482e-01 2.591504268834834979e-01 2.904182046586445409e-01 7.437231058166524078e-02
3.358160819008311759e-01 2.341661607915436205e-01 3.418595871841978995e-01 8.815817012342724857e-02
3.154421840405453037e-01 2.002332568433147497e-01 3.771233750377570026e-01 1.072011840783825137e-01
3.178416417185206400e-01 1.689772556349992128e-01 3.825014416448970223e-01 1.306796610015829030e-01
3.394098942596540103e-01 1.460233779953689914e-01 3.591463038120656370e-01 1.554204239329112780e-01
3.699759633475079856e-01 1.310820141813942297e-01 3.207416802256484178e-01 1.782003422454495611e-01
4.020886334026032571e-01 1.195545386403442933e-01 2.815273258237052101e-01 1.968295021333472672e-01
4.385492481841068990e-01 1.095917078215797036e-01 2.420450458325647536e-01 2.098139981617488103e-01
4.790058923295425486e-01 9.988196509858418559e-02 2.044126368470946531e-01 2.166995057247783907e-01
5.281159722770819576e-01 8.906033807413961390e-02 1.658754784744112531e-01 2.169482111743672448e-01
5.847032088166762565e-01 7.706225417361781127e-02 1.271462960062612890e-01 2.110882410034446433e-01
6.381952427701298447e-01 6.483218779278060451e-02 9.261056348656289405e-02 2.043620059505266429e-01
6.748066926780237340e-01 5.346148988902469507e-02 6.588203016619260943e-02 2.058497872667589823e-01
6.845355624007644080e-01 4.336194664534737120e-02 4.791896163737937447e-02 2.241835293165087561e-01
6.646101652220197664e-01 3.639376856678318978e-02 3.621740382431778982e-02 2.627786623868793581e-01
6.209056445904971300e-01 3.183759127100059538e-02 2.861989349214763903e-02 3.186368706463548195e-01
5.625096287196542644e-01 2.852384659041339032e-02 2.380593290173224630e-02 3.851605917881997798e-01
4.973079586747082836e-01 2.618661179426895122e-02 2.003253247225935535e-02 4.564728970587633161e-01
4.380890067303866986e-01 2.366221748469309744e-02 1.700818047787007806e-02 5.212405953070502473e-01
4.047453287294615620e-01 2.011551792914416728e-02 1.408807539396795573e-02 5.610510779474258136e-01
4.110443019801209852e-01 1.568213528353830377e-02 1.111889888187602392e-02 5.621546638544646646e-01
4.559706304852925163e-01 1.115719490694982649e-02 8.296504389096303472e-03 5.245756702186614717e-01
5.241834498100443884e-01 7.482313248752951382e-03 5.995527020078814107e-03 4.623387099211238582e-01
5.918881501521000565e-01 4.931551490180476234e-03 4.338156773161913962e-03 3.988421415845577744e-01
6.445262611381560314e-01 3.224272852296004854e-03 3.141340822007915139e-03 3.491081251875399749e-01
6.789435278965382237e-01 2.122160503461510001e-03 2.285151455414751072e-03 3.166491601445853843e-01
6.971179668290764520e-01 1.458769321219670822e-03 1.723082383585026502e-03 2.997001814661185981e-01
7.064573230888523403e-01 1.083685336908823786e-03 1.390343946009043501e-03 2.910686476282297042e-01
7.208447009182387122e-01 8.734651148320170776e-04 1.207116210192083405e-03 2.770747177567375319e-01
5.954494559687364408e-01 1.392230058794725056e-01 7.145730729538328496e-02 1.938702308564078103e-01
1.260745768432991465e-02 1.761676802671980832e-02 9.591160168736563296e-01 1.065975741529389363e-02
1.314250387008326047e-02 1.809363311861537926e-02 9.578952742301743983e-01 1.086858878112679366e-02
1.488490103988689833e-02 1.768430006764795670e-02 9.560645958814829592e-01 1.136620301098197235e-02
1.741821019116603433e-02 1.732595492879449028e-02 9.531054059785128985e-01 1.215042890152654743e-02
2.108477068099915558e-02 1.714367590288691859e-02 9.483987387117537304e-01 1.337281470436041571e-02
2.605393252102543994e-02 1.718000280369029811e-02 9.415424125764246810e-01 1.522365209885940748e-02
3.212643116706887653e-02 1.749034906208303541e-02 9.323137152999118049e-01 1.806950447093596049e-02
3.842474461041242573e-02 1.812077042357021148e-02 9.207606192049562210e-01 2.269386576106109665e-02
4.170457470254854832e-02 1.875789527873986465e-02 9.095424147912891666e-01 2.999511522742259392e-02
3.974766941316938695e-02 1.832778031082860776e-02 9.009859204297171464e-01 4.093862984628484497e-02
3.092497106972306314e-02 1.637787954872553173e-02 8.973258550334468620e-01 5.537129434810481726e-02
1.877373660901279773e-02 1.309633564637474080e-02 8.943050774039201789e-01 7.382485034069229124e-02
1.057058943625797248e-02 1.077318556637744604e-02 8.791844014764502724e-01 9.947182352091424318e-02
6.370142474901577777e-03 9.095356623094578291e-03 8.523699911173303612e-01 1.321645097846735617e-01
4.687011734813228969e-03 8.259798687907844023e-03 8.189060669350238797e-01 1.681471226422548981e-01
4.070907890749310594e-03 7.321592217782704227e-03 7.848163679490465228e-01 2.037911319424215439e-01
4.169398620430455650e-03 6.509138656133562663e-03 7.508797828950675157e-01 2.384416798283682803e-01
4.871245044621548385e-03 5.933131085380404478e-03 7.141158843009276502e-01 2.750797395690701697e-01
6.095160367610074834e-03 5.599498064006805560e-03 6.702348028374202071e-01 3.180705387309628596e-01
7.573828308255286211e-03 5.366249916949553632e-03 6.151617002169347259e-01 3.718982215578607309e-01
8.090880720344209576e-03 5.017656973508025607e-03 5.502206397790034842e-01 4.366708225271443977e-01
8.338512228787862968e-03 4.700497511730367811e-03 4.864072023267863587e-01 5.005537879326954487e-01
7.878972363109812763e-03 4.401580969156171537e-03 4.379952680965318312e-01 5.497241785712023709e-01
6.950624474225706312e-03 4.142205781658552487e-03 4.090750778398147824e-01 5.798320919043010724e-01
5.811024268852321185e-03 3.899333408405390722e-03 3.934209061094066651e-01 5.968687362133358043e-01
4.806225093370660069e-03 3.753005726498775431e-03 3.793858643148686483e-01 6.120549048652619284e-01
4.211580356779879436e-03 3.834942903088672892e-03 3.524788429492918818e-01 6.394746337908397971e-01
3.950463798477757416e-03 4.169628402304236675e-03 3.029711795564676291e-01 6.889087282427500680e-01
3.808658381546839618e-03 4.813222122655684033e-03 2.335887084971851602e-01 7.577894109986123006e-01
3.963121041763089519e-03 5.908263192053796881e-03 1.596909941044360737e-01 8.304376216617472828e-01
3.410685180224039791e-03 7.625618482506956938e-03 1.009405551282664126e-01 8.880231412090023868e-01
3.031653090558875541e-03 1.061861972518058847e-02 6.505032880017734553e-02 9.212993983840830348e-01
2.927363746404676881e-03 1.593589411149803556e-02 4.718500324258897982e-02 9.339517388995078884e-01
3.164435291719015862e-03 2.499981636144381347e-02 3.980409503135933641e-02 9.320316533154776595e-01
3.795665182769473751e-03 3.984936318420138901e-02 3.861889595657045510e-02 9.177360756764588734e-01
4.967917616449141378e-03 6.429898235049540112e-02 4.239313769589771186e-02 8.883399623371577292e-01
6.873058938323786324e-03 1.022654086538985624e-01 5.054587607460440946e-02 8.403156563331731777e-01
9.487938433394932369e-03 1.512394223739752241e-01 6.201730197935029221e-02 7.772553372132795513e-01
1.201255164027598653e-02 2.028108983295611456e-01 7.439043762898750467e-02 7.107861124011752851e-01
1.314523804690261553e-02 2.483217044199855505e-01 8.832891767942549488e-02 6.502041398536863026e-01
1.390587737859037311e-02 2.835429891034648153e-01 1.004594645664915742e-01 6.020916689514532738e-01
1.434571773996444650e-02 3.056767488440482738e-01 1.088652574118714328e-01 5.711122760041159596e-01
1.489511702176928194e-02 3.145126292530164847e-01 1.135844548850622193e-01 5.570077988401521685e-01
1.636398699785862609e-02 3.116612488487693899e-01 1.171069270370933141e-01 5.548678371162787393e-01
1.783786152500525107e-02 3.019217516905360332e-01 1.177071663897715642e-01 5.625332203946870058e-01
2.075714961145602375e-02 2.828339971012178711e-01 1.160808199900940918e-01 5.803280332972319266e-01
2.472330505190225430e-02 2.541808764200169657e-01 1.088205898313311520e-01 6.122752286967499957e-01
2.979758972644394946e-02 2.169781675436604773e-01 9.529187279548469169e-02 6.579323699344108434e-01
3.622723746415881796e-02 1.753635806906472250e-01 7.789715250943317348e-02 7.105120293357607419e-01
4.398449361743941854e-02 1.345649199965646414e-01 6.029609650108817831e-02 7.611544898849079699e-01
5.179641316598006945e-02 9.825411286548146883e-02 4.491713927463707873e-02 8.050323346939015634e-01
5.707970316136333488e-02 6.820872690737890542e-02 3.244137455023585193e-02 8.422701953810218800e-01
5.849527699295548749e-02 4.551010954353865851e-02 2.298171070858638990e-02 8.730129027549197174e-01
5.750394755486121223e-02 3.007404213247984875e-02 1.688000594589482428e-02 8.955420043667637886e-01
5.975729432686582854e-02 1.992146494638645168e-02 1.205526385072007781e-02 9.082659768760275032e-01
6.554042034204107803e-02 1.509314902332277095e-02 9.280076261035006061e-03 9.100863543736013028e-01
7.738820189969809749e-02 1.235412728195342015e-02 7.995544461290197275e-03 9.022621263570582695e-01
9.597610175245696595e-02 1.067432295606686107e-02 7.478834784950274227e-03 8.858707405065260332e-01
1.204329261323410227e-01 1.074510220179959730e-02 7.987242545883697920e-03 8.608347291199759388e-01
1.477004577378029093e-01 1.160060474840570767e-02 9.513334282398883818e-03 8.311856032313925668e-01
1.762675398921978720e-01 1.382430923283678795e-02 1.332244967710244539e-02 7.965857011978626501e-01
2.059429115634550944e-01 1.677184730562495188e-02 1.979166265861924054e-02 7.574935784723009213e-01
2.407351219413436660e-01 2.129368415805067347e-02 3.168921250900886416e-02 7.062819813915967027e-01
2.798810685179128899e-01 2.763955464822796110e-02 5.253803360130021582e-02 6.399413432325588014e-01
3.145437498108508700e-01 3.547898333195366460e-02 8.614321432565663628e-02 5.638340525315387319e-01
3.311994286879170191e-01 4.380455860261174561e-02 1.348226585448607240e-01 4.901733541646106640e-01
3.221928798934615146e-01 5.135395495483798672e-02 1.977992938488809249e-01 4.286538713028195668e-01
2.898119529435969066e-01 5.727245163292223745e-02 2.707927118829526747e-01 3.821228835405284241e-01
2.431078543264071912e-01 6.113458198209634903e-02 3.473557270820820109e-01 3.484018366094145391e-01
1.935897893690594895e-01 6.289267597078684879e-02 4.217792150468200330e-01 3.217383196133336565e-01
1.506171073364379887e-01 6.311063088812132738e-02 4.896801532500756338e-01 2.965921085253651057e-01
7.079716461736473843e-02 6.298965360056518747e-01 1.900149823615163158e-01 1.092913170154675151e-01
9.532542547292997825e-02 5.745027585787094715e-01 1.742046897987219178e-01 1.559671261496384520e-01
1.269958924352528329e-01 4.985173373676932695e-01 1.599366662314673782e-01 2.145501039655864084e-01
1.643530089940395678e-01 4.146263587327839173e-01 1.414104554848045758e-01 2.796101767883717448e-01
1.989880255513398200e-01 3.358340233260830310e-01 1.173804443491719141e-01 3.477975067734053183e-01
2.152396276909165906e-01 2.714405499781764042e-01 9.143287527764634715e-02 4.218869470532606858e-01
2.008687412913311154e-01 2.221635972162911976e-01 6.772402629166372756e-02 5.092436352007139178e-01
1.626020333307124366e-01 1.795658980114340775e-01 4.733162221964851146e-02 6.105004464382047802e-01
1.202668297378252371e-01 1.372615988232434026e-01 3.049329950491671062e-02 7.119782719340145283e-01
8.702269309298689415e-02 9.667155306535206438e-02 1.779700482270255013e-02 7.985087490189584081e-01
6.341793755644037356e-02 6.335909481954415945e-02 9.585299586473913086e-03 8.636376680375413839e-01
4.558001210198980857e-02 4.019635470426907720e-02 5.033190445455014775e-03 9.091904427482858653e-01
3.122642341996318197e-02 2.583044266301270583e-02 2.726844982291102594e-03 9.402162889347331909e-01
2.022947086916807372e-02 1.735209362619348841e-02 1.596627300512388397e-03 9.608218082041262154e-01
1.267039222415175005e-02 1.221423538381878442e-02 1.021251603173948435e-03 9.740941207888553777e-01
7.799754302200681902e-03 8.857869154197719683e-03 6.899487041058823380e-04 9.826524278394959122e-01
3.948578201670121038e-03 6.905296714692266309e-03 4.574832613263489175e-04 9.886886418223110873e-01
2.353359128364643314e-03 5.263084334953630275e-03 3.095290880098747351e-04 9.920740274486721244e-01
1.537739688033528144e-03 4.565977339150201555e-03 2.281116259356760648e-04 9.936681713468807908e-01
1.191062183679706104e-03 4.992427977478161583e-03 2.019983373439144668e-04 9.936145115014981544e-01
1.131760396674484593e-03 7.123018463511749006e-03 2.254649862749427192e-04 9.915197561535390447e-01
1.365879263691795360e-03 1.295317878812737508e-02 3.149429239257700054e-04 9.853659990242549238e-01
2.901723724832040458e-03 2.765579563831011001e-02 5.710704662256489272e-04 9.688714101706320525e-01
2.167615623541208156e-03 8.089158562191924862e-01 1.652022990325228702e-01 2.371422912474338909e-02
2.235286169913464766e-03 7.898381805328532623e-01 1.847223111967238596e-01 2.320422210050954864e-02
2.353190877867848523e-03 7.696197597703872129e-01 2.042604068612563217e-01 2.376664249048887276e-02
2.526233746197301122e-03 7.501965204633034290e-01 2.215630619965107406e-01 2.571418379398859866e-02
2.708120234207289038e-03 7.331947701015378849e-01 2.350337477776699713e-01 2.906336188658496453e-02
2.399528311545035594e-03 7.194264408989005100e-01 2.446030792935001141e-01 3.357095149605398426e-02
2.424159284273726036e-03 7.072791037863996877e-01 2.515785838499227101e-01 3.871815307940364159e-02
2.426438965151599646e-03 6.945429652031246404e-01 2.593048360398620966e-01 4.372575979186175965e-02
2.412686282394273588e-03 6.809151532805204354e-01 2.688563556894338347e-01 4.781580474765110417e-02
2.358956897190705136e-03 6.692953197558957346e-01 2.778549868362462094e-01 5.049073651066735002e-02
2.266766561934298926e-03 6.633072673134210451e-01 2.826973842501352974e-01 5.172858187450948830e-02
2.114826397643500364e-03 6.610809560939956420e-01 2.852921419999211450e-01 5.151207550843954486e-02
1.867361244099138146e-03 6.566628287646744111e-01 2.916787003830396130e-01 4.979110960818695919e-02
1.572849030009118533e-03 6.477380414240841988e-01 3.031734987485893984e-01 4.751561079731744103e-02
1.316912145147991660e-03 6.386717260282168684e-01 3.140342061205054769e-01 4.597715570612959102e-02
1.140439541708169460e-03 6.353115869870099575e-01 3.175624692173388275e-01 4.598550425394296037e-02
1.028391789949222599e-03 6.394180112444233233e-01 3.119441976539334416e-01 4.760939931169406308e-02
9.353522258118195185e-04 6.500770842689751472e-01 2.990423924838341296e-01 4.994517102137871478e-02
8.421344266153455056e-04 6.676862376566099488e-01 2.794529092478143517e-01 5.201871866896021213e-02
7.591631971415253085e-04 6.927342265144802447e-01 2.535885878300505047e-01 5.291802245832761403e-02
6.892140877621570844e-04 7.223364554330488074e-01 2.253264982705185104e-01 5.164783220867091851e-02
9.342940978456129152e-04 7.527209566100653282e-01 1.986554661978428837e-01 4.768928309424626255e-02
7.452639933758025380e-04 7.793162065943377570e-01 1.784440080227139014e-01 4.149452138957267222e-02
6.044509668730031846e-04 7.991834047184233070e-01 1.662455448882090847e-01 3.396659942649455505e-02
5.107773672483653096e-04 8.118821348643058267e-01 1.609884117167806050e-01 2.661867605166500297e-02
4.406329352819067643e-04 8.226424799998173221e-01 1.560539470647921423e-01 2.086294000010868732e-02
3.678970420059730862e-04 8.391393060886523925e-01 1.432082978667715834e-01 1.728449900256989052e-02
3.160890514988307282e-04 8.626716260683755522e-01 1.211068551374838570e-01 1.590542974264189113e-02
3.388358935599820876e-04 8.861379633892774166e-01 9.701962056479469798e-02 1.650358015236814968e-02
4.685594129039825006e-04 9.027301005178014481e-01 7.826999336396699147e-02 1.853134670532758863e-02
7.072950155052596570e-04 9.124005273791766513e-01 6.595456257764482910e-02 2.093761502767342575e-02
1.035724546986720044e-03 9.179533443768763679e-01 5.823307253576037040e-02 2.277785854037663385e-02
1.423046298653027081e-03 9.206064655258232587e-01 5.413312144901522710e-02 2.383736672650831404e-02
1.910943978943199090e-03 9.207284723415931627e-01 5.290366042232835797e-02 2.445692325713530110e-02
2.076990041043429418e-03 9.174198190672697706e-01 5.618103311582125364e-02 2.432215777586576450e-02
2.470130579131114227e-03 9.094996725416256700e-01 6.349664939303871491e-02 2.453354748620448222e-02
2.895510871174707904e-03 8.989507636769553667e-01 7.284865740168502968e-02 2.530506805018510261e-02
3.301632056845507125e-03 8.834545726863112236e-01 8.559668244950589810e-02 2.764711280733713958e-02
3.720522534554688687e-03 8.672246748783151160e-01 9.792074297267662486e-02 3.113405961445345899e-02
4.130676835001559008e-03 8.533493492515906720e-01 1.065145890654315697e-01 3.600538484797623923e-02
4.558232322841781689e-03 8.413273492169519585e-01 1.107000526184926392e-01 4.341436584171345925e-02
5.124169136904655614e-03 8.255285008722245133e-01 1.133772052151241078e-01 5.597012477574687256e-02
5.919869187695945070e-03 7.989229314418195838e-01 1.181445269084143018e-01 7.701267246207046946e-02
6.817279694167860220e-03 7.583432664716499572e-01 1.262754291924448047e-01 1.085640246417373389e-01
7.258709276952270487e-03 7.076799174429093675e-01 1.350804008727873318e-01 1.499809724073508654e-01
7.573566384299889979e-03 6.481206863824562348e-01 1.455442157348701970e-01 1.987615314983736114e-01
7.604164216349761085e-03 5.838249818796897861e-01 1.562509144542283124e-01 2.523199394497320780e-01
7.522697467071273215e-03 5.125190250406567172e-01 1.672000219887852801e-01 3.127582555034866263e-01
7.498900150438723294e-03 4.290005547204659986e-01 1.763600325677128489e-01 3.871405125613821552e-01
7.429549736587219740e-03 3.324954188094826346e-01 1.777731583875971355e-01 4.823018730663329867e-01
7.155060955289092167e-03 2.326693051486106445e-01 1.649075632069345321e-01 5.952680706891657625e-01
6.755478573203639592e-03 1.470396755657258636e-01 1.390053896912473441e-01 7.071994561698232706e-01
6.202903804049078249e-03 8.582804157248132004e-02 1.091761588543249950e-01 7.987928957691448062e-01
5.889498576512187770e-03 4.731787874567443958e-02 8.336931864689105243e-02 8.634233040309220453e-01
5.142019094268169936e-03 2.705362800328678374e-02 6.467826687185239398e-02 9.031260860305926341e-01
4.760856100560022924e-03 1.740964999272889141e-02 5.389271936990996242e-02 9.239367745368007867e-01
4.336896171840015982e-03 1.329431254268763872e-02 4.951371446186180608e-02 9.328550768236103519e-01
4.944797145269517677e-03 1.216136306800198394e-02 5.052753118404869348e-02 9.323663086026801050e-01
6.887363658225815512e-03 1.321169946081307035e-02 5.760777283395911857e-02 9.222931640470020120e-01
9.744776379862105445e-03 1.634988542145971932e-02 7.265716399052839225e-02 9.012481742081498437e-01
1.514446647482859711e-02 2.212612289683494812e-02 9.835540717144548861e-02 8.643740034568909714e-01
2.369162417910472551e-02 3.146147136894099361e-02 1.385010341130996081e-01 8.063458703388547422e-01
3.379950019227204866e-02 4.465029174957427238e-02 1.967034134316932026e-01 7.248467946264605111e-01
4.166703199130317864e-02 6.072354386637657947e-02 2.757592042089018758e-01 6.218502199334179359e-01
4.344820002351403032e-02 7.816218539099084595e-02 3.752773534450417059e-01 5.031122611404533762e-01
3.783842545698398036e-02 9.516091194543523091e-02 4.848325655575310145e-01 3.821680970400500588e-01
2.825759289207095334e-02 1.106936884472574656e-01 5.830962527749966595e-01 2.779524658856749597e-01
2.092693181698954130e-02 1.253870768428866911e-01 6.508299026107640106e-01 2.028560887293601456e-01
1.731276263133018842e-02 1.427812652407251803e-01 6.831650084654401489e-01 1.567409636625041736e-01
1.684646277403021100e-02 1.653940000095994456e-01 6.836920105602545261e-01 1.340675266561157097e-01
1.895458894245558717e-02 1.950265307562430439e-01 6.559266483311972928e-01 1.300922319701038610e-01
2.347965655731733270e-02 2.311488895741758420e-01 6.046034244270451774e-01 1.407680294414615230e-01
2.985366834317128640e-02 2.689235654705864342e-01 5.398890784944935239e-01 1.613336876917488560e-01
3.629260696446748313e-02 3.031809983322108493e-01 4.748040548550676032e-01 1.857223398482542587e-01
3.981821167576344439e-02 3.327356239602732302e-01 4.207985287170466493e-01 2.066476356469166831e-01
3.770898276350531653e-02 3.604804111207338124e-01 3.843070134774630997e-01 2.175035926382976326e-01
3.225339277219032436e-02 3.803252203126577524e-01 3.715566326102902051e-01 2.158647543048616280e-01
2.539878315302905587e-02 3.912607687526929445e-01 3.790462204902111387e-01 2.042942276040669303e-01
1.978919570061063102e-02 3.936858455418834057e-01 4.001861226948605910e-01 1.863388360626455909e-01
1.574150483659021368e-02 3.844300065875749239e-01 4.343309253327600761e-01 1.654975632430744359e-01
1.318311352339954223e-02 3.625888436648331825e-01 4.793762096407198636e-01 1.448518331710472173e-01
1.184105924986717136e-02 3.291631318157662300e-01 5.328149282711970303e-01 1.261808806631698476e-01
1.119994532022359005e-02 2.866469971335734446e-01 5.930686168515286738e-01 1.090844406946743228e-01
1.066629375959320634e-02 2.385549067375303811e-01 6.586469385191984216e-01 9.213186098367817656e-02
9.882092977669015496e-03 1.897609497938289591e-01 7.253108510268991838e-01 7.504610620160309664e-02
8.891948293899262779e-03 1.465518597335774553e-01 7.852196896411395288e-01 5.933650233138387103e-02
7.865924283395501343e-03 1.122616707482836373e-01 8.338186547742840737e-01 4.605375019403661063e-02
6.860177109002687373e-03 8.625345625175989683e-02 8.717064147647668459e-01 3.517995187447024025e-02
6.118786513091383807e-03 6.830475544231058571e-02 8.989117597052290742e-01 2.666469833936895364e-02
