1.033551335023668860e-01 3.049374431718557960e-02 7.966561379385393993e-01 6.949498424190773960e-02
5.484796734353899854e-03 3.084700108861453960e-01 6.819454996337389607e-01 4.099692745762001031e-03
4.953800956893853608e-03 2.724676912770598314e-01 7.188212732482059941e-01 3.757234517840061985e-03
4.377205141675561371e-03 2.348243802056080853e-01 7.571954841539443315e-01 3.602930498771930289e-03
3.714575190240309525e-03 1.914809700771369083e-01 8.013894899121624116e-01 3.414964820460093895e-03
2.952466459137585535e-03 1.447433912733065708e-01 8.492453080405043542e-01 3.058834227051224035e-03
2.215310728893221236e-03 1.019434667402985273e-01 8.932238542640339451e-01 2.617368266774440337e-03
1.656292391816288363e-03 7.038312938540890185e-02 9.256547359082484272e-01 2.305842314526271135e-03
1.294750252139625262e-03 5.054397068539546317e-02 9.459334425775804966e-01 2.227836484884316258e-03
1.361866371806088509e-03 3.735202256885183925e-02 9.589327247381249641e-01 2.353386321217251862e-03
9.954883921870693805e-04 2.749134710524855918e-02 9.689141288627618476e-01 2.599035639802508690e-03
7.490981495215529246e-04 1.984241731602283745e-02 9.763092092646780129e-01 3.099275269777570802e-03
6.020402210810922106e-04 1.462169174294179926e-02 9.806026592015180121e-01 4.173608834458982474e-03
5.456131672442650089e-04 1.192395690185465811e-02 9.808573022314566181e-01 6.673127699444662830e-03
5.631184803827377506e-04 1.144201334526401617e-02 9.753357911894040555e-01 1.265907698494927840e-02
6.359160158472277604e-04 1.294353092406627832e-02 9.598766525673018135e-01 2.654390049278435373e-02
7.393030383643202580e-04 1.562468553842858744e-02 9.276194340221330936e-01 5.601657740107416489e-02
8.819032099855784752e-04 1.769748456053929844e-02 8.676210352462091491e-01 1.137995769832660237e-01
9.508645564410172276e-04 1.844352837841593470e-02 7.600908699612614061e-01 2.205147371038811976e-01
1.016726283182997582e-03 1.608717750602425833e-02 5.875925075884325111e-01 3.953035886223601469e-01
1.012351159727010791e-03 1.160970926574215155e-02 3.734848399322214241e-01 6.138930996423095365e-01
7.706206782211882673e-04 7.075943939536148870e-03 1.963217180345752377e-01 7.958317173476672224e-01
5.249130449854681572e-04 4.064865976487621636e-03 9.707802152702571519e-02 8.983321994515014453e-01
3.635913577034272852e-04 2.477467567775358537e-03 5.260570940447471117e-02 9.445532316700461228e-01
5.065059021668683135e-04 1.699651454001453559e-03 3.356686594829207809e-02 9.642269766955395838e-01
3.232378186559555075e-04 1.169939304248819980e-03 2.472024426653500126e-02 9.737865786105601718e-01
2.371580649053483029e-04 8.969587118107105262e-04 1.961104331161088454e-02 9.792548399116730584e-01
1.921024891570059009e-04 7.448794880527348852e-04 1.587411942251403668e-02 9.831888986002762509e-01
1.755205925254413638e-04 6.807041854108375825e-04 1.295866988219320295e-02 9.861851053398706934e-01
1.835868680312692730e-04 6.909728225483256596e-04 1.077715632933718554e-02 9.883482839800831199e-01
2.063199578566023856e-04 7.470297684629169637e-04 9.131212617978700860e-03 9.899154376557018908e-01
2.290041802282881769e-04 8.271505248198835359e-04 7.961324510956031483e-03 9.909825207839956240e-01
2.487042039634852438e-04 9.645972184713504744e-04 7.458791703949719902e-03 9.913279068736152722e-01
2.809591064574007337e-04 1.257178036185085382e-03 7.873650065032719927e-03 9.905882127923248959e-01
5.321679676766710547e-04 2.814177502872046693e-03 9.534339592708843125e-03 9.871193149367424313e-01
8.224443012151395026e-04 5.106392510601746176e-03 1.433746945561739303e-02 9.797336937325656914e-01
1.667996704331850153e-03 1.211435991438488541e-02 2.802204579968393602e-02 9.581955975815993343e-01
4.444381931657211300e-03 3.570587919988559011e-02 6.799644458678794079e-02 8.918532942816692621e-01
1.233437222167993973e-02 9.969953488640938277e-02 1.629762515445163096e-01 7.249898413473945258e-01
2.522490636174564566e-02 1.948815474133812620e-01 2.986462615575740109e-01 4.812472846672992133e-01
3.578127881884685113e-02 2.700174488131162343e-01 4.117079770377124470e-01 2.824932953303245231e-01
3.931242126012447075e-02 3.167620814064748269e-01 4.770971869843422808e-01 1.668283103490584562e-01
3.823925776039973495e-02 3.532997607582394894e-01 5.025772787017714904e-01 1.058837027795890423e-01
3.472949917253461555e-02 3.893461696029893448e-01 5.029750824498261386e-01 7.294924877464999124e-02
3.012162647310853009e-02 4.259926518352438740e-01 4.903141492611643448e-01 5.357157243048351475e-02
2.574353277369745285e-02 4.564429023410739861e-01 4.757217574435962382e-01 4.209180744163256577e-02
2.330249931476038525e-02 4.698931647687915603e-01 4.699427955029065185e-01 3.686154041354153948e-02
2.402230454971854973e-02 4.604239327949495308e-01 4.789121913356470528e-01 3.664157131968483888e-02
2.881600312532904898e-02 4.342738290243018939e-01 4.971676916474441765e-01 3.974247620292513383e-02
3.913886710734332947e-02 4.064028573754248641e-01 5.102206726415912108e-01 4.423760287564022092e-02
5.632573443650054634e-02 3.906316542719825979e-01 5.046429519172437317e-01 4.839965937427294362e-02
7.821758904134736012e-02 3.927852743038400818e-01 4.769075498873152075e-01 5.208958676749746164e-02
9.692207095515541215e-02 4.144286008630218565e-01 4.313259781888131306e-01 5.732334999300944811e-02
1.091106538047845326e-01 4.540188096936872975e-01 3.699628527776629427e-01 6.690768372386537988e-02
1.151604075704715929e-01 5.013432265819273148e-01 2.998238633840188960e-01 8.367250246358184929e-02
1.114334051643278284e-01 5.457282671531409335e-01 2.336606200604033068e-01 1.091777076221279869e-01
9.437078535813932245e-02 5.868502436981180015e-01 1.775751352053600296e-01 1.412038357383826048e-01
6.944878719687698487e-02 6.230885001393343670e-01 1.348228647774538658e-01 1.726398478863350183e-01
4.859046982001206938e-02 6.512056591960762031e-01 1.065415144441984180e-01 1.936623565397130320e-01
3.596439542937694689e-02 6.770367130240511067e-01 8.937085720619122875e-02 1.976280343403806483e-01
2.984613446019577024e-02 7.060227619155302614e-01 7.918851960768528986e-02 1.849425840165888624e-01
2.756985139287209535e-02 7.393080453201598123e-01 7.320373878774458221e-02 1.599183644992236975e-01
2.680259394360923891e-02 7.734693645048085209e-01 7.042633019915707504e-02 1.293017113524253248e-01
2.625851137671645838e-02 8.062458897160857951e-01 6.752593005928969605e-02 9.996966884790803309e-02
2.268110346612225298e-02 8.364392819402255430e-01 6.443125568295714201e-02 7.644835891069490241e-02
1.791317148376424598e-02 8.589380036334021140e-01 6.244180078987435906e-02 6.070702409295927054e-02
1.337952500525070414e-02 8.745128776065413945e-01 6.039035107166517563e-02 5.171724631654271015e-02
9.022639674092034628e-03 8.880324183871374233e-01 5.655887464755217364e-02 4.638606729121853844e-02
5.812075590831957891e-03 9.020400644065582618e-01 5.083816141435955338e-02 4.130969858825023905e-02
3.650683312946594906e-03 9.177931126027396580e-01 4.429641337276638696e-02 3.425979071154713201e-02
2.357316085971135518e-03 9.317745766136799057e-01 3.987457395040754082e-02 2.599353334994138759e-02
1.621850466056084334e-03 9.404495068772075195e-01 3.955816014992131341e-02 1.837048250681518405e-02
5.627921117201385715e-02 3.737200968744247565e-01 5.662699991617793360e-01 3.730692791782124536e-03
1.199477155111540157e-03 9.478773844896416501e-01 4.763483400466775319e-02 3.288304350578939283e-03
1.236277396186773311e-03 9.431659419081569462e-01 5.298599852422656437e-02 2.611782171429445285e-03
1.408364523394692661e-03 9.364557693058810361e-01 5.976033061836190374e-02 2.375535552362475437e-03
1.721976429087798124e-03 9.269244117535810901e-01 6.885386655305020254e-02 2.499745264280738618e-03
2.161069118637293403e-03 9.143102026872999000e-01 8.058051534857085807e-02 2.948212845492077360e-03
2.695652369928403218e-03 8.972763034451520792e-01 9.628763190672876005e-02 3.740412278190939285e-03
3.318439314665955469e-03 8.702670758129769091e-01 1.214645862840363355e-01 4.949898588320857627e-03
4.080891981256757825e-03 8.229804869062127270e-01 1.665467625961023490e-01 6.391858516428147036e-03
4.751523686409245967e-03 7.457919242813709770e-01 2.422635785300493450e-01 7.192973502170286332e-03
5.249921981896554790e-03 6.376378434351468449e-01 3.506769265075482811e-01 6.435308075408905509e-03
5.481801336824659865e-03 5.106053851588364667e-01 4.794153896491786804e-01 4.497423855160514843e-03
5.331206121368599858e-03 3.882700971709835969e-01 6.037885094132833252e-01 2.610187294364268995e-03
4.840932135040092003e-03 2.921615146019067022e-01 7.016124960716566550e-01 1.385057191396428956e-03
4.291894105856184152e-03 2.261658103595746983e-01 7.688058632778607127e-01 7.364322567083511628e-04
3.856355835857042981e-03 1.811019676063022610e-01 8.146351389549342237e-01 4.065376029065200653e-04
3.613308999180585897e-03 1.472755073660380054e-01 8.488797347559732254e-01 2.314488788083450077e-04
3.697497804922290823e-03 1.198679137810998580e-01 8.762957564918397724e-01 1.388319221381275888e-04
4.359133695621088787e-03 9.905213912419927325e-02 8.964949608824219762e-01 9.376629775748492447e-05
5.924892364822208213e-03 8.642791612509430343e-02 9.075722876054148625e-01 7.490390466893663036e-05
8.760438140227540249e-03 8.320123850175560609e-02 9.079625757349440995e-01 7.574762307276482871e-05
1.221582313721378960e-02 9.387630864157162081e-02 8.938152632834601707e-01 9.260493775469031612e-05
1.787070070053408191e-02 1.232201473210483705e-01 8.587765202890014216e-01 1.326316894160086812e-04
2.444804747640804549e-02 1.776865519132800331e-01 7.976436527989346770e-01 2.217478113776177927e-04
3.410019613077917844e-02 2.629002953317463032e-01 7.025913513550462453e-01 4.081571824283994018e-04
4.953026905754307624e-02 3.689922573221491309e-01 5.806855610678485213e-01 7.919125524592379468e-04
7.568918942220788371e-02 4.698449251865464138e-01 4.529384607664557749e-01 1.527424624789705532e-03
1.227197698613395477e-01 5.370658523695642783e-01 3.373963314879786513e-01 2.818046281117789469e-03
2.093879461635072270e-01 5.446004205123067266e-01 2.411252906166425625e-01 4.886342707543727716e-03
3.683986568907380299e-01 4.641244583057510531e-01 1.601401072088341204e-01 7.336777594676617900e-03
5.887041384174371839e-01 3.099064879592768884e-01 9.231976640383160460e-02 9.069607219454543443e-03
7.815342407646281853e-01 1.633009780968714686e-01 4.561828163099612005e-02 9.546499507504037016e-03
8.877693469220270250e-01 7.968640148096163556e-02 2.205391747677635378e-02 1.049033412023503593e-02
9.252171982285496421e-01 4.637369400911673517e-02 1.284453554584314740e-02 1.556457221649062798e-02
9.176493697576190156e-01 3.736015713810617034e-02 1.075666450447231720e-02 3.423380859980248297e-02
8.695341936676782568e-01 3.655267947710081483e-02 1.164653489266655011e-02 8.226659196255431405e-02
8.084580925106905624e-01 3.389000793557858660e-02 1.286493644532188396e-02 1.447869631084087172e-01
7.944438881524329421e-01 2.697236501406895942e-02 1.295512398720322957e-02 1.656286228462949817e-01
8.406721146091054031e-01 1.838818384772341816e-02 1.177287470693166166e-02 1.291668268362393679e-01
9.031737765891546532e-01 1.114763037932868690e-02 9.898730374758765369e-03 7.577986265675804023e-02
9.449984524692688348e-01 6.843897192364844367e-03 8.474227300356291029e-03 3.968342303800973664e-02
9.637018649696568184e-01 5.141004064749619094e-03 8.498496206775578779e-03 2.265863475881830028e-02
9.677470557197783707e-01 5.338756730818304368e-03 1.064400755587563766e-02 1.627017999352724231e-02
9.620056985019379558e-01 7.420261444628082660e-03 1.549997955939080678e-02 1.507406049404301507e-02
9.468496181709082915e-01 1.245281625877023637e-02 2.349873709866940122e-02 1.719882847165209519e-02
9.195804947216451586e-01 2.306168064666308873e-02 3.470769893550286478e-02 2.265012569618883934e-02
8.755131811086001026e-01 4.373050330256542106e-02 4.920089674693042120e-02 3.155541884190433966e-02
8.119793092767474407e-01 7.902568539368914902e-02 6.755772852487434976e-02 4.143727680468899804e-02
7.401880573649542994e-01 1.254272552711419575e-01 8.874616374121448159e-02 4.563852362268962931e-02
6.797808812683794333e-01 1.684263902711271577e-01 1.108340322034438857e-01 4.095869625704969680e-02
6.319929471202353488e-01 1.991839646363417204e-01 1.363759519335167869e-01 3.244713630990619241e-02
5.865544747374483725e-01 2.184492820321100037e-01 1.698585530143102429e-01 2.513769021613154048e-02
5.366645136693545259e-01 2.304504098657122746e-01 2.127568332998551470e-01 2.012824316507798306e-02
4.859632964373120645e-01 2.325873592947318158e-01 2.646244307254806416e-01 1.682491354247563076e-02
4.361043244472375124e-01 2.239279335166458607e-01 3.251757489749000363e-01 1.479199306121643451e-02
3.909590248721059313e-01 2.058440372243004468e-01 3.893795122347217252e-01 1.381742566887218977e-02
3.578622085897421590e-01 1.815210865233874982e-01 4.470475869205401409e-01 1.356911796632977001e-02
3.411463514392930052e-01 1.547602312132859981e-01 4.905299333297921671e-01 1.356348401762890246e-02
3.434675678586935899e-01 1.277112390786624696e-01 5.153826440980467938e-01 1.343854896459726993e-02
3.723156882405014856e-01 1.012429497476419055e-01 5.136262474663761957e-01 1.281511454548078278e-02
4.292893001133800124e-01 7.488787845930461318e-02 4.842676915160705753e-01 1.155512991124473150e-02
5.085436015134826571e-01 5.098654054184865309e-02 4.307954595087264416e-01 9.674398435942319421e-03
5.898119800881717056e-01 3.250064359475168807e-02 3.699148312564249919e-01 7.772545060651483463e-03
6.545073618906050994e-01 2.205496151046020328e-02 3.168164737733956682e-01 6.621202825538947609e-03
6.962144229213629298e-01 1.634719205285610488e-02 2.808542514178770100e-01 6.584133607904051576e-03
7.209043261567210648e-01 1.296231787050854643e-02 2.583793188959038756e-01 7.754037076866382265e-03
7.407371067347470195e-01 1.021111677018019491e-02 2.390155127999104845e-01 1.003626369516276776e-02
7.626747057002628560e-01 7.681874355138279022e-03 2.170175596876001423e-01 1.262586025699879121e-02
7.851164098051793827e-01 5.692373579305127010e-03 1.952453744143775038e-01 1.394584220113803674e-02
8.054198374901392343e-01 4.383647694952141904e-03 1.769544035200261711e-01 1.324211129488249428e-02
8.248144088278205333e-01 3.642771890913229418e-03 1.602427128410623958e-01 1.130010644020401286e-02
8.455850797207125069e-01 3.357286395647393878e-03 1.418518808547676036e-01 9.205753028872422361e-03
2.458963834881609800e-01 1.684841334701319207e-02 1.130248417451841236e-01 6.242303614196419437e-01
2.178977499135612561e-01 2.869113176801852960e-01 4.552146180745293425e-01 3.997631433172366827e-02
1.818901471782681523e-01 3.091831676333050005e-01 4.662047195289288903e-01 4.272196565949774871e-02
1.556773281159921640e-01 3.348932890984594457e-01 4.638136742523254474e-01 4.561570853322265834e-02
1.351980002710873319e-01 3.668593070268329481e-01 4.491525998381465934e-01 4.879009286393335559e-02
1.166959943346033424e-01 4.084462331539928659e-01 4.217971849306170751e-01 5.306058758078675136e-02
9.931672654455554750e-02 4.582756819028940276e-01 3.827550539453807854e-01 5.965253760716939663e-02
8.173454092132173554e-02 5.117553341753030560e-01 3.366794641837839164e-01 6.983066071959140309e-02
6.523069647577349472e-02 5.618973030934765189e-01 2.865544546565263473e-01 8.631754577422340313e-02
5.052872764216419926e-02 6.005486219882816279e-01 2.338145695409478697e-01 1.151080808286064072e-01
3.899854553176559241e-02 6.120842563047839135e-01 1.826707397964877355e-01 1.662464583669630847e-01
3.016826931803131759e-02 5.875475497488596988e-01 1.350200120890838740e-01 2.472641688440251895e-01
2.353683461623182899e-02 5.232370359687675831e-01 9.704287067451432269e-02 3.561832587404862305e-01
1.785234485152962722e-02 4.329798558973216860e-01 6.628824779642346343e-02 4.828795514547253309e-01
1.297183175048348402e-02 3.301626391511429670e-01 4.239019194841297383e-02 6.144753371499608319e-01
8.947638247828574448e-03 2.300478835458947824e-01 2.507352114388125899e-02 7.359309570623953078e-01
5.822075463214571207e-03 1.471674169421155198e-01 1.354962499379168232e-02 8.334608826008780280e-01
3.783734116143213071e-03 9.164284399037780915e-02 6.952488660742265313e-03 8.976209332327367285e-01
3.460291625265531947e-03 6.502216151877383832e-02 3.902078022266766352e-03 9.276154688336939458e-01
4.019839482464919456e-03 6.451558407430231512e-02 3.190686007038490320e-03 9.282738904361941268e-01
7.858974438330236165e-03 9.111085991281749064e-02 4.060189695094055737e-03 8.969699759537582695e-01
1.926489181949206375e-02 1.515861280985599246e-01 6.678378828865084646e-03 8.224706012530828003e-01
5.169779839587618220e-02 2.406259123999980043e-01 1.177567996901403811e-02 6.959006092351119888e-01
1.107017882109179452e-01 3.220026401300083441e-01 1.745913272604565636e-02 5.498364389330276936e-01
1.885043756072554422e-01 3.647342574079707189e-01 2.217010830446874275e-02 4.245912586803050615e-01
2.698943773128444912e-01 3.708567608834784646e-01 2.492690393325320414e-02 3.343219578704242356e-01
3.513329365336380072e-01 3.535038004462189853e-01 2.573581082475217413e-02 2.694274521953910484e-01
4.349121758011489924e-01 3.241294436585225869e-01 2.542070351878553125e-02 2.155376770215428062e-01
5.385566956676294259e-01 2.751999830739695341e-01 2.331889527663358330e-02 1.629244259817671514e-01
6.562914249354857565e-01 2.134612988909250220e-01 1.992663670906238624e-02 1.103206394645270538e-01
7.713977571892051133e-01 1.481775521735183287e-01 1.543755155119216904e-02 6.498713908608430567e-02
8.581047048090930662e-01 9.613782774164399136e-02 1.127026419744043585e-02 3.448720325182259849e-02
9.078745688905324185e-01 6.493765463879173916e-02 8.589264323858531239e-03 1.859851214681719142e-02
9.287321160213426463e-01 5.166667383822873272e-02 7.655481786360062574e-03 1.194572835406885504e-02
9.302344311141984567e-01 5.142500947148999357e-02 8.343042420792092309e-03 9.997516993519485126e-03
9.168249960309897695e-01 6.195068929676666308e-02 1.066064182244538631e-02 1.056367284979812908e-02
8.878575638600757491e-01 8.408917024026288378e-02 1.507187379444374122e-02 1.298139210521771780e-02
8.417862674750996588e-01 1.187176682701003155e-01 2.241933774718377070e-02 1.707672650761626540e-02
7.792302475342676171e-01 1.639529565458338056e-01 3.408524928430288481e-02 2.273154663559570632e-02
7.069327767666357953e-01 2.116877766873609956e-01 5.207096903126588044e-02 2.930847751473743268e-02
6.380067597000670387e-01 2.480859774918054428e-01 7.853200726615425231e-02 3.537525554197366168e-02
5.829567977480877294e-01 2.627685283960927709e-01 1.144993685677084122e-01 3.977530528811101806e-02
5.419408357394849274e-01 2.558716080309934582e-01 1.592275322312858843e-01 4.296002399823536932e-02
5.136185718662884536e-01 2.293374394762440205e-01 2.104419567433019056e-01 4.660203191416550927e-02
4.902834159621793364e-01 1.933115365864736812e-01 2.644079693265202202e-01 5.199707812482706748e-02
4.736044184151139702e-01 1.538901229986879837e-01 3.133022806680671457e-01 5.920317791813076852e-02
4.646939989770608181e-01 1.207321867042005087e-01 3.471301879803427304e-01 6.744362633839579013e-02
4.627069645209029303e-01 9.601500911001424610e-02 3.657255618911552930e-01 7.555246447792736408e-02
4.609108534134065405e-01 8.182424977588231840e-02 3.741425100792086789e-01 8.312238673150232349e-02
4.647527013204885704e-01 7.273649184544904445e-02 3.722500234933763252e-01 9.026078334068600439e-02
4.744217706079820740e-01 6.607765496675523098e-02 3.623439602535731829e-01 9.715661417168945657e-02
4.930586361628656600e-01 6.022965618987821679e-02 3.423932624487858734e-01 1.043184451984700278e-01
5.280710538452434433e-01 5.378532719909949467e-02 3.062443072811354972e-01 1.118993116745214955e-01
5.745671083920035338e-01 4.797925994821736206e-02 2.577959697428376384e-01 1.196576619169414935e-01
6.246471880126014398e-01 4.216412810744083611e-02 2.036758682546316035e-01 1.295128156253262108e-01
6.643721272229570207e-01 3.630989440220467462e-02 1.528210712385354442e-01 1.464969071363028674e-01
6.751349764414305010e-01 3.160256593418146048e-02 1.148441594595265708e-01 1.784182981648616273e-01
6.521255986859360032e-01 2.804675900306784556e-02 8.823309943913937303e-02 2.315945428718566290e-01
6.021436373196531466e-01 2.527264867963236253e-02 6.719621733464829771e-02 3.053874966660664048e-01
5.344266900547560706e-01 2.306594777588280576e-02 4.989520360739956029e-02 3.926121585619616328e-01
4.580520821646691387e-01 2.111055952978270478e-02 3.694227514366463933e-02 4.838950831618836768e-01
3.873782852396657761e-01 1.859846910358062960e-02 2.756953319383267584e-02 5.664537124629211995e-01
3.405225849217635159e-01 1.512368225813550716e-02 2.043635760359815284e-02 6.239173752165029230e-01
3.286123671460686735e-01 1.126933423652374568e-02 1.484751853343255733e-02 6.452707800839752039e-01
3.521949979428807276e-01 7.868983226465529890e-03 1.054563150771594369e-02 6.293903873229379498e-01
4.040359950077772599e-01 5.391576863353363981e-03 7.479506598377256947e-03 5.830929215304919699e-01
4.670683036870632576e-01 3.689525136274756159e-03 5.374414617996648748e-03 5.238677565586654650e-01
5.232148790914056269e-01 2.441777411163847337e-03 3.817810460453474868e-03 4.705255330369770839e-01
5.631796344980136704e-01 1.557444995509344506e-03 2.654289512945089829e-03 4.326086309935317509e-01
5.865836601030378628e-01 9.986038002069751521e-04 1.859894546583266235e-03 4.105578415501713874e-01
6.016585109633300066e-01 6.734512831085069477e-04 1.371020974492927463e-03 3.962970167790686449e-01
6.244524333278163031e-01 4.814280607038461373e-04 1.087950854920044334e-03 3.739781877565600543e-01
7.303789623244539841e-01 4.699434503539857977e-02 1.114974772242607742e-01 1.111292154158865231e-01
5.848728939177962917e-03 4.745275855856543809e-03 9.875453404631211463e-01 1.860654741844186555e-03
6.755759640069487933e-03 4.623979870123968820e-03 9.866315635459612654e-01 1.988696943845211489e-03
8.133723684856614816e-03 4.629564995417028393e-03 9.850500748945640872e-01 2.186636425162231858e-03
1.015498833697303996e-02 4.743252074052639773e-03 9.826627572847124181e-01 2.439002304261823212e-03
1.300529092779944412e-02 4.942500569926492129e-03 9.793030719351624169e-01 2.749136567111491996e-03
1.652159720265873599e-02 5.050607172892840162e-03 9.753237270165393547e-01 3.104068607909224887e-03
2.007593191248444736e-02 4.864783680643195579e-03 9.715358740230505274e-01 3.523410383821837417e-03
2.279087647843723585e-02 4.358459521388825635e-03 9.687045307912953707e-01 4.146133208878716170e-03
2.366379525136061077e-02 3.658357905739226777e-03 9.674515672916796927e-01 5.226279551220373507e-03
2.177022832866072968e-02 2.935082335047147460e-03 9.681751932607919331e-01 7.119496075500302522e-03
1.727973083783404182e-02 2.334185128025660725e-03 9.700751926866505448e-01 1.031089134748980340e-02
1.196719295293938862e-02 1.939682538343638412e-03 9.702687437886432509e-01 1.582438072007344779e-02
7.624276203173206701e-03 1.648029199339533018e-03 9.657655978081708392e-01 2.496209678931638962e-02
5.066312256453396612e-03 1.465443078778084184e-03 9.556359967071518247e-01 3.783224795761671450e-02
3.825139883244716051e-03 1.378431571099387022e-03 9.422796023216520878e-01 5.251682622400351969e-02
3.361781411611720286e-03 1.340258960575198798e-03 9.288082767621060887e-01 6.648968286570711150e-02
3.400027662812826670e-03 1.335379411756901832e-03 9.156727728168182479e-01 7.959182010861172440e-02
3.874517027159803551e-03 1.383526667618989112e-03 8.997552567090821851e-01 9.498669959613888214e-02
4.146636280617203504e-03 1.399965002871176581e-03 8.764774423516167312e-01 1.179759563648947046e-01
5.073792776952947003e-03 1.521103747872601516e-03 8.372539573210416863e-01 1.561511461541328083e-01
6.181998790355338648e-03 1.698102433437053554e-03 7.735630194442488783e-01 2.185568793319586645e-01
7.307230451897937969e-03 1.938481703397317100e-03 6.857339783705914682e-01 3.050203094741132936e-01
7.581625061976562593e-03 2.143496913786763648e-03 5.911900872538423668e-01 3.990847907703944375e-01
7.683356480503781422e-03 2.373841477919524066e-03 5.083175650526164935e-01 4.816252369889602591e-01
7.355280972426177406e-03 2.580057875724692164e-03 4.411421516853021307e-01 5.489225094665471927e-01
6.832967774958086972e-03 2.789067462918274135e-03 3.810892237432462193e-01 6.092887410188772002e-01
6.418013473424649500e-03 3.022034773065037597e-03 3.162770574171372973e-01 6.742828943363727845e-01
6.108348273266046499e-03 3.216518207385026928e-03 2.400989520664184584e-01 7.505761814529307019e-01
6.219604327446327102e-03 3.422473092564568952e-03 1.603091402499996487e-01 8.300487823299894652e-01
5.307900095058722990e-03 3.548194232469705986e-03 9.413521545223396680e-02 8.970086902202378809e-01
4.466895152117229643e-03 3.835396406877510014e-03 5.179821070347254836e-02 9.398994977375324522e-01
3.845343845538883032e-03 4.480189194133292648e-03 3.013803464921274364e-02 9.615364323111152967e-01
3.557946792154344055e-03 5.852532380356987793e-03 2.074153674290192886e-02 9.698479840845869449e-01
3.699623841418048925e-03 8.509140123341986037e-03 1.752695717093359987e-02 9.702642788643064398e-01
4.355686536085063600e-03 1.331785082772414010e-02 1.776135904126534965e-02 9.645651035949253105e-01
5.719007839577048419e-03 2.182296735359131462e-02 2.083466063898685439e-02 9.516233641678443211e-01
8.096796188543345721e-03 3.614866510864825355e-02 2.689994719680971133e-02 9.288545915059988056e-01
1.145149120900011350e-02 5.691507737667459571e-02 3.569440564439815139e-02 8.959390257699270110e-01
1.505880403003888139e-02 8.169509365764197895e-02 4.656944666885479839e-02 8.566766556434644020e-01
1.807212126090264326e-02 1.070441570363572514e-01 5.876362407508661789e-02 8.161200976276535846e-01
2.017940001110164402e-02 1.297114438191854513e-01 7.058479304416467870e-02 7.795243631255484029e-01
2.151239987144130950e-02 1.464026747684915863e-01 7.939315662653541328e-02 7.526917687335312745e-01
2.252659294421447203e-02 1.559813969222562380e-01 8.404470838926682286e-02 7.374473017442624290e-01
2.388385936152565350e-02 1.595895282515236713e-01 8.563906877319286959e-02 7.308875436137578507e-01
2.615533788088357167e-02 1.579349784933970768e-01 8.499653574975267467e-02 7.309131478759666178e-01
2.961596414959902918e-02 1.507709725722533867e-01 8.109074266878156523e-02 7.385223206093658455e-01
3.423202706960738750e-02 1.376580362779778466e-01 7.242652819441362799e-02 7.556834084580010824e-01
3.989838497105677867e-02 1.192728299418836097e-01 5.968537912740880247e-02 7.811434059596505941e-01
4.643487751117217344e-02 9.785209700706951064e-02 4.578364317569743464e-02 8.099293823060607078e-01
5.288064584356660242e-02 7.623151211540969696e-02 3.346849479422362578e-02 8.374193472467996724e-01
5.688243551119454705e-02 5.629306996768655702e-02 2.370002252762964598e-02 8.631244719934891840e-01
5.606916423450036824e-02 3.905154219899508589e-02 1.625744405189216354e-02 8.886218495146123164e-01
5.023574904794006479e-02 2.594498449345947894e-02 1.126712065981346107e-02 9.125521457987869622e-01
4.422003396612332604e-02 1.633326433184520074e-02 7.474069237067848710e-03 9.319726324649637572e-01
4.010543846094617726e-02 1.075485650203716718e-02 5.208278993894043668e-03 9.439314260431226344e-01
3.959462728047499769e-02 7.853951583718125559e-03 3.984874531442894260e-03 9.485665466043641247e-01
4.338351359600296775e-02 6.617336619681687612e-03 3.485909767282076559e-03 9.465132400170332971e-01
5.217833325260617938e-02 6.452799127382419231e-03 3.538221149999006953e-03 9.378306464700123524e-01
6.643954042018203332e-02 7.051396238115374346e-03 4.108204286035829420e-03 9.224008590556668219e-01
8.612679973241306464e-02 8.397650026297080392e-03 5.426338296113335409e-03 9.000492119451765083e-01
1.122436370106923431e-01 1.159456049579643197e-02 8.655067039928934086e-03 8.675067354535821451e-01
1.481967480549374883e-01 1.596777430502362843e-02 1.477662668908468271e-02 8.210588509509542110e-01
1.992052763802989457e-01 2.268441148332574556e-02 2.700760681203590724e-02 7.511027053243393148e-01
2.663611238372248780e-01 3.160613229038546079e-02 4.925235458070544026e-02 6.527803892916842488e-01
3.401202797412051781e-01 4.093101885733534812e-02 8.343616402758136097e-02 5.355125373738780503e-01
4.001239737309972844e-01 4.822333988385724135e-02 1.274619773215983909e-01 4.241907090635472777e-01
4.270686333188121742e-01 5.307990787736550226e-02 1.794777940044771924e-01 3.403736647993450548e-01
4.158522124823663679e-01 5.700591994839052795e-02 2.398593560958862947e-01 2.872825114733566498e-01
3.753914702051064367e-01 6.095741929847418861e-02 3.072324714416613811e-01 2.564186390547579242e-01
3.207609635163616302e-01 6.460719216302779344e-02 3.782611386691245303e-01 2.363707056514861848e-01
2.674410669515345784e-01 6.757323886970219295e-02 4.469772836696435103e-01 2.180084105091196767e-01
5.426705655624034508e-01 1.396220066553187644e-01 2.144974959522142621e-01 1.032099318300635227e-01
5.672041068819823062e-01 1.269520517320990582e-01 1.615507033244074631e-01 1.442931380615110337e-01
5.687416352465206604e-01 1.144648637579428890e-01 1.205987956812401285e-01 1.961947053142963360e-01
5.543315596141669133e-01 1.019069896511250739e-01 8.933828265108147149e-02 2.544231680836265830e-01
5.293599068945743502e-01 8.740189096258096924e-02 6.513370424691358740e-02 3.181044978959309821e-01
4.846755111607246591e-01 7.395436407402805612e-02 4.608155168086989356e-02 3.952885730843772039e-01
4.077097826091753419e-01 6.074314538035320565e-02 3.221046853628716650e-02 4.993366034741845150e-01
3.010413643681399409e-01 4.731221178784841830e-02 2.143960751947869212e-02 6.302068163245329036e-01
1.942483459158829140e-01 3.349376016457537159e-02 1.301874196758172689e-02 7.592391519519600118e-01
1.158037749621416007e-01 2.097405641046272765e-02 7.024482506513525862e-03 8.561976861208823175e-01
6.689180398598751354e-02 1.134817219625101556e-02 3.343033892898806571e-03 9.184169899248629809e-01
3.699602797213357580e-02 6.048271670996461548e-03 1.591805463676261405e-03 9.553638948931938435e-01
1.910595424184349800e-02 3.209222070935541585e-03 7.634810469127376823e-04 9.769213426403083878e-01
9.359925823567621928e-03 1.812540956308510316e-03 3.916082443642648209e-04 9.884359249757593835e-01
4.585925921285077984e-03 1.113950669539086986e-03 2.220204321214962651e-04 9.940781029770544563e-01
2.317859118245117495e-03 7.222422808088932835e-04 1.361068463619669619e-04 9.968237917545842430e-01
2.574814823284928739e-06 1.776544620994721534e-06 9.656181612408204001e-07 9.999946830223943595e-01
8.509776127839297145e-07 6.149697109697140897e-07 3.247754741519091324e-07 9.999982092772021769e-01
3.786352150025924116e-07 2.872656028694410303e-07 1.475114777163680166e-07 9.999991865877043695e-01
2.845551396050767126e-07 2.300511057485679183e-07 1.136981736830958834e-07 9.999993716955810630e-01
4.072500481623670170e-07 3.596125559685843781e-07 1.684118700473738557e-07 9.999990647255257992e-01
1.133596481916731774e-06 1.110331628357969193e-06 4.883975694460419668e-07 9.999972676743202893e-01
7.337646304455286038e-04 1.728613607772429327e-03 1.511806707202546448e-04 9.973864410910618927e-01
2.322313399852132636e-03 8.414847192308489987e-01 1.337789130749906796e-01 2.241405429430820898e-02
2.173536046562542668e-03 8.430326409322104197e-01 1.339526921922392921e-01 2.084113082898782221e-02
2.065916212517436047e-03 8.431368305030344512e-01 1.344435865228210958e-01 2.035366676162703170e-02
2.025639719602727318e-03 8.419366727720040133e-01 1.347804460515279190e-01 2.125724145686561442e-02
2.034537959307648400e-03 8.395538340639571162e-01 1.346889611169412304e-01 2.372266685979393039e-02
2.069997821180318259e-03 8.352375376299540077e-01 1.347608123648748601e-01 2.793165218399108057e-02
2.148279832776345179e-03 8.263567210019558962e-01 1.373835486268424888e-01 3.411145053842565278e-02
2.305651310557426271e-03 8.103896175183854522e-01 1.450883528841097891e-01 4.221637828694716627e-02
2.545523401279747334e-03 7.878064402297102475e-01 1.580661960248333220e-01 5.158184034417662156e-02
2.809499345396473599e-03 7.634006951625958992e-01 1.729761112722664196e-01 6.081369421974115036e-02
3.037302796584200049e-03 7.440833769818285814e-01 1.845909076381841429e-01 6.828841258340324905e-02
3.182539383012820099e-03 7.321531439779866979e-01 1.919473022991320943e-01 7.271701433986867136e-02
3.206987060505932848e-03 7.248997697103213289e-01 1.983387955950667580e-01 7.355444763410599884e-02
3.136567018707895737e-03 7.202490101804046585e-01 2.045177646314493280e-01 7.209665816943812422e-02
3.034590673991178177e-03 7.196612198006449024e-01 2.066909862518263308e-01 7.061320327353752535e-02
2.956573074661763851e-03 7.252028459397767968e-01 2.009701072990266457e-01 7.087047368653466572e-02
2.944932142643638586e-03 7.338722826862204007e-01 1.893699173753072840e-01 7.381286779582857394e-02
3.002568112415391396e-03 7.381789183450714331e-01 1.790521536949872816e-01 7.976635984752580844e-02
3.131812077062505126e-03 7.328428569801422876e-01 1.751280109065301571e-01 8.889732003626504842e-02
3.352220636237388234e-03 7.179915886686280002e-01 1.784698483129069091e-01 1.001863423822276500e-01
3.666489962128714579e-03 6.959509406940301846e-01 1.887696098834295289e-01 1.116129594604117065e-01
3.552813078536353787e-03 6.688633697442660786e-01 2.059562977409650497e-01 1.216275194362326506e-01
3.739361692736539646e-03 6.355771295222589767e-01 2.322537370694638392e-01 1.284297717155407359e-01
3.837378368032989730e-03 5.952856921197734463e-01 2.718608396214370893e-01 1.290160898907569131e-01
3.849254258846024779e-03 5.469425044444897743e-01 3.273309646181344901e-01 1.218772766785297529e-01
3.769609521331555337e-03 4.928193494617086334e-01 3.921433002414629332e-01 1.112677407754971148e-01
3.688717592407045505e-03 4.423733774507710437e-01 4.497757584023561184e-01 1.041621465544663172e-01
3.819501627420787519e-03 4.076654120306708595e-01 4.840868111581477784e-01 1.044282751837604800e-01
4.306866276018833997e-03 3.926673996879248563e-01 4.923398148218794956e-01 1.106859192141765452e-01
5.100584792845043978e-03 3.919117416843256874e-01 4.859586116232239017e-01 1.170290618996055049e-01
6.003215732439932603e-03 3.995177876009530227e-01 4.765523277472022978e-01 1.179266689194046619e-01
6.855512699378401784e-03 4.157483608990398816e-01 4.647900478321391193e-01 1.126060785694424637e-01
7.573775590282694724e-03 4.405582072774796853e-01 4.484817279505828314e-01 1.033862891816547808e-01
8.051641370191537153e-03 4.654034428596696138e-01 4.342789679527903624e-01 9.226594781734849537e-02
8.337382294295453411e-03 4.796458054215227973e-01 4.305812981819879814e-01 8.143551410219405928e-02
8.622035441687773277e-03 4.771320870573950712e-01 4.411714986942655292e-01 7.307437880665187957e-02
9.030799135440635214e-03 4.565355655899483445e-01 4.662355729636926682e-01 6.819806231091839199e-02
9.539785185162956427e-03 4.209280384296167354e-01 5.027007563223337971e-01 6.683142006288636527e-02
1.003916426055927007e-02 3.756356785561229539e-01 5.453581823199168399e-01 6.896697486340051808e-02
1.044156843596644700e-02 3.264194366753802035e-01 5.879244733518635968e-01 7.521452153678988284e-02
1.083836827663956469e-02 2.803020172512155628e-01 6.213611641687559750e-01 8.749845030338895824e-02
1.150599417237245514e-02 2.430053566051114389e-01 6.359646402820896549e-01 1.095240089404264372e-01
1.253117801219015733e-02 2.147149135159615307e-01 6.275809449574875076e-01 1.451729635143605979e-01
1.354785422780216755e-02 1.920007735473079069e-01 5.989494526104546246e-01 1.955019196144354710e-01
1.413057705633945400e-02 1.707480849247613730e-01 5.572553219626091847e-01 2.578660160562901149e-01
1.410576984473279304e-02 1.470599278090659046e-01 5.123777638980907545e-01 3.264565384481104005e-01
1.341691319453881120e-02 1.184024306301224849e-01 4.735293716986904711e-01 3.946512844766486006e-01
1.234243829145915787e-02 8.714084972533601980e-02 4.408696021204964732e-01 4.596471098627084029e-01
1.144633954262150657e-02 5.865753287917420400e-02 4.047821865475497716e-01 5.251139410306545630e-01
1.102512665940911379e-02 3.618986619324487258e-02 3.540416125671627112e-01 5.987433945801832191e-01
1.098162690515762548e-02 2.065198981128601660e-02 2.857425932886358821e-01 6.826237899949205712e-01
1.087533379250739049e-02 1.125338404083733521e-02 2.116585770610877049e-01 7.662127051055673821e-01
1.042802925300566862e-02 6.113708927569300698e-03 1.484667751233225697e-01 8.349914866961027915e-01
9.644175698062291621e-03 3.498508871354407898e-03 1.041782304315519020e-01 8.826790849990313603e-01
8.880401827239552473e-03 2.262036252492846330e-03 7.827112955258777593e-02 9.105864323676797767e-01
8.742407999098670765e-03 1.744396366726054526e-03 6.661305027716218907e-02 9.229001453570132574e-01
9.526485572688406581e-03 1.608603241278049739e-03 6.501382561427382356e-02 9.238510855717596559e-01
1.140002939004513063e-02 1.748402196755222821e-03 7.168736482690987732e-02 9.151642035862896929e-01
1.489282631778208500e-02 2.208008328798452893e-03 8.753884830951663698e-02 8.953603170439025094e-01
2.109956156277006944e-02 3.135906928098530690e-03 1.142669472951567816e-01 8.614975842139745987e-01
3.131250016427827854e-02 4.795407429627173909e-03 1.523655782474187259e-01 8.115265141586758268e-01
4.542716736473791095e-02 7.528755105639484829e-03 2.011834759220927360e-01 7.458606016075298717e-01
6.023332970874526598e-02 1.143756561287799164e-02 2.606422165614082354e-01 6.676868881169686354e-01
7.093886430499383999e-02 1.617100208745679904e-02 3.332600740590871413e-01 5.796300595484620288e-01
7.407065898337265863e-02 2.121959934225680147e-02 4.221573590537952558e-01 4.825523826205749822e-01
6.869443364780797312e-02 2.592466150455668625e-02 5.236769770848073158e-01 3.817039277628277438e-01
5.843042639884066247e-02 2.952236522783534267e-02 6.223833328837219403e-01 2.896638754896024293e-01
5.010654418274958916e-02 3.193175032982430855e-02 6.993327372893235472e-01 2.186289681981025690e-01
4.769352990408980836e-02 3.375217023642211600e-02 7.466849687553618331e-01 1.718693311041260829e-01
5.167901189639238779e-02 3.552330225995255220e-02 7.659494772800560236e-01 1.468482085635987311e-01
6.259447506251740456e-02 3.788270734118961286e-02 7.589036752715452305e-01 1.406191423247476480e-01
8.180833399848352894e-02 4.181884569549689651e-02 7.256837680228919174e-01 1.506890522831276225e-01
1.117510510231872339e-01 4.598426467915311261e-02 6.680587926320217251e-01 1.742058916656379353e-01
1.464009020714795439e-01 4.927390808701957725e-02 5.975557166745748550e-01 2.067694731669261210e-01
1.744677778882138264e-01 5.123513763233288054e-02 5.312007158089625536e-01 2.430963686704908921e-01
1.851493015645884477e-01 5.376299714874669539e-02 4.836265249978312086e-01 2.774611762888334332e-01
1.726343684070771878e-01 5.744656615561581636e-02 4.665179524197500260e-01 3.034011130175570670e-01
1.472776177070966031e-01 6.372004021350800851e-02 4.753672400097349038e-01 3.136351020696606096e-01
1.207781630405182216e-01 7.197756640023746100e-02 5.023271672700889701e-01 3.049171032891552779e-01
9.876395492076169014e-02 7.971710792546397861e-02 5.404549836834695586e-01 2.810639534703049947e-01
8.285378577640908904e-02 8.456425462205879873e-02 5.829162447052029794e-01 2.496657148963290218e-01
7.290377810805813430e-02 8.608955461092891726e-02 6.242803953941103989e-01 2.167262718869025218e-01
6.715625434573960217e-02 8.541603789775148448e-02 6.634750893117535853e-01 1.839526184447554946e-01
6.322208157487818614e-02 8.317940005385758562e-02 7.028747308261187321e-01 1.507237875451454545e-01
5.947166917440282335e-02 7.884217034824306247e-02 7.437837770924025094e-01 1.179023833849515562e-01
5.554305370967749927e-02 7.249558774139068518e-02 7.832286148965267314e-01 8.873274365240495232e-02
5.169511140527700138e-02 6.485947915017994947e-02 8.181583786662480762e-01 6.528703077829497992e-02
4.807424972151302933e-02 5.642216049519589022e-02 8.481342061225991547e-01 4.736938366069178702e-02
4.517132377150796102e-02 4.791053901377628765e-02 8.726983627024001988e-01 3.421977451231534434e-02
