3.212258586475907288e-03 4.209878623924833904e-03 2.288566211563681785e-01 7.637212416332315179e-01
6.751451028087351869e-02 7.127842889871183196e-02 3.434577172882580798e-01 5.177493435321569581e-01
6.214011829429317429e-02 7.099935268068474636e-02 3.544356721752267014e-01 5.124248568497954404e-01
5.903286267536329845e-02 6.905794268408868564e-02 3.794985124146596500e-01 4.924106822258884630e-01
5.706403020114730884e-02 6.488616532071593557e-02 4.169581872921354071e-01 4.610916171860014456e-01
5.504901240627931708e-02 5.835145996330747681e-02 4.676309614480860244e-01 4.189685661823272511e-01
5.286624869576064811e-02 5.034974501145225712e-02 5.309607339519439861e-01 3.658232723408428311e-01
5.064490337726099828e-02 4.212962682978548673e-02 6.011581418278160172e-01 3.060673279651374701e-01
4.750661760136331430e-02 3.412562726084349823e-02 6.717451279549854215e-01 2.466226271828076966e-01
4.294512142573982116e-02 2.648158086496938887e-02 7.379472358571487201e-01 1.926260618521422330e-01
3.801018771608513647e-02 1.975852094174657819e-02 7.947680222934737637e-01 1.474632690486942233e-01
3.376600994742400691e-02 1.441076870157149276e-02 8.397977840561252627e-01 1.120254372948792654e-01
2.957663725476051761e-02 1.025346126385756444e-02 8.746705569877765152e-01 8.549934449360542532e-02
2.747383578998628326e-02 7.674914175173617494e-03 8.968674521140074241e-01 6.798379792083272810e-02
2.719935394462624778e-02 6.234488005532941995e-03 9.074043385043225607e-01 5.916181954551803790e-02
2.949736790123770255e-02 5.763135174850959191e-03 9.067976622808193721e-01 5.794183464309200088e-02
3.475532582661992886e-02 6.081801893597531435e-03 8.960232568639225903e-01 6.313961541585993986e-02
4.243406571045883757e-02 7.099632424881311375e-03 8.764425014192089858e-01 7.402380044545057991e-02
5.374957108157657482e-02 8.903701959106207625e-03 8.475522345303777572e-01 8.979449242893966510e-02
6.617616885714794339e-02 1.117326945285239924e-02 8.143153159811078456e-01 1.083352457088919557e-01
7.819217943141150429e-02 1.355583714577855876e-02 7.793571235179095336e-01 1.288948599049006272e-01
8.954810011781740020e-02 1.564303734156379661e-02 7.424688383100820355e-01 1.523400242305366636e-01
9.760882399109695184e-02 1.743911970150012133e-02 7.056446950042286614e-01 1.793073613031741786e-01
1.042611246193616004e-01 1.908496733026288431e-02 6.667254166175184960e-01 2.099284914328566065e-01
1.079502821300974136e-01 2.036792314629819883e-02 6.288666637479529697e-01 2.428151309756513276e-01
1.082671633567689196e-01 2.156590364414349634e-02 5.960206403414904930e-01 2.741462926575968240e-01
1.046641795092663613e-01 2.247029413763373951e-02 5.714804613399732114e-01 3.013850650131263409e-01
9.778855227918664683e-02 2.312153952876708218e-02 5.534223658588945938e-01 3.256675423331516495e-01
8.907029490616136247e-02 2.405655598037511472e-02 5.359843263326081741e-01 3.508888227808554805e-01
8.033688716563716636e-02 2.616031475554871782e-02 5.108272715101035422e-01 3.826755265687107332e-01
7.213099003627931882e-02 3.025491095211313083e-02 4.743831925867871835e-01 4.232309064248202524e-01
6.312186165284351669e-02 3.650899986466588781e-02 4.291895186619409941e-01 4.711796198205495667e-01
5.164373440927194636e-02 4.408574506354840522e-02 3.776532749917869691e-01 5.266172455353924642e-01
3.886585634475375056e-02 5.169462984515072607e-02 3.190437373053434111e-01 5.903957765047519457e-01
2.671255917459294804e-02 5.937921118482083344e-02 2.557075490531320883e-01 6.582006805874538458e-01
1.714935980765936938e-02 6.855022278181581441e-02 1.943983210667438177e-01 7.199020963437811060e-01
1.133857199255909609e-02 7.883004184347568166e-02 1.403075787351752424e-01 7.695238074287902297e-01
7.695547510856328224e-03 9.058701849615637125e-02 9.540179695305961438e-02 8.063156370399275907e-01
5.397484292808237862e-03 1.052914424026342444e-01 6.146496776973515985e-02 8.278461055348224074e-01
4.001812739776375999e-03 1.255426683431965229e-01 3.889108936973851433e-02 8.315644295472884862e-01
3.297145927699519658e-03 1.537862882249466656e-01 2.595741239526054567e-02 8.169591534520932452e-01
3.051141479625562626e-03 1.930370540708931382e-01 1.939829099204464294e-02 7.845135134574369173e-01
3.137188326389526039e-03 2.433776381794125476e-01 1.635537929117992020e-02 7.371297942030182737e-01
3.481884672354848206e-03 2.964283181495332986e-01 1.508049014961447380e-02 6.850093070284973829e-01
3.965156934288574520e-03 3.382528462134787306e-01 1.452084497332781395e-02 6.432611518789046468e-01
4.502843956188590409e-03 3.567338216285645958e-01 1.397958799792590155e-02 6.247837464173211508e-01
5.141950715329825922e-03 3.502003285302952573e-01 1.324854316840938517e-02 6.314091775859651534e-01
6.065671453437133237e-03 3.241989684130230365e-01 1.264638102092330643e-02 6.570889791126164337e-01
7.590212222910175388e-03 2.851083842162983051e-01 1.255503409238948286e-02 6.947463694684017366e-01
1.015071250907247612e-02 2.440657197419780211e-01 1.311811658082407892e-02 7.326654511681256476e-01
1.440522977619853456e-02 2.130715050669521049e-01 1.436382876753472190e-02 7.581594363893148225e-01
2.162302624664796599e-02 1.948405712195529216e-01 1.641553766378291840e-02 7.671208648700164057e-01
3.350666123829744436e-02 1.835174299824726130e-01 1.925544010165318801e-02 7.637204686775767026e-01
5.110795626890857202e-02 1.703797658522742398e-01 2.241733789025737722e-02 7.560949399885598110e-01
7.364765827074493121e-02 1.511098940093050791e-01 2.533639198755215788e-02 7.499060557323977694e-01
9.943832608429181708e-02 1.282833521358332507e-01 2.784687733638438814e-02 7.444314444434901867e-01
1.288504772762849859e-01 1.059015789314632222e-01 3.023847470136724683e-02 7.350094690908846040e-01
1.629871211506394857e-01 8.645128962396776695e-02 3.317327511944625357e-02 7.173883141059467228e-01
1.993638406591544399e-01 7.069811874607061231e-02 3.698543148715101314e-02 6.929526091076237959e-01
2.314516268870485394e-01 5.802041035924557222e-02 4.104236778119238482e-02 6.694855949725133648e-01
2.505267513930457546e-01 4.791366967332313931e-02 4.394786317726016855e-02 6.576117157563706739e-01
2.513552297134626912e-01 4.069063554859289611e-02 4.525614448707476756e-02 6.626979902508697284e-01
2.348057892754065179e-01 3.688220795864494833e-02 4.619080338445699652e-02 6.821211993814917385e-01
2.034130089423961951e-01 3.627803033568186702e-02 4.721557991228214624e-02 7.130933808096394655e-01
1.637193024066281588e-01 3.762846704798668285e-02 4.731332460063036871e-02 7.513389059447548313e-01
1.260333261830505203e-01 3.918997337195131991e-02 4.601747732106693106e-02 7.887592231239314300e-01
9.543793458826456411e-02 3.957313966310158082e-02 4.373341592924195192e-02 8.212555098193921044e-01
7.141289939804422449e-02 3.827205988695433353e-02 4.050867040328014895e-02 8.498063703117213485e-01
5.226382670920711598e-02 3.599520498937327367e-02 3.640519318167454582e-02 8.753357751197450298e-01
3.685946902329753638e-02 3.423750432353610956e-02 3.214416638567207940e-02 8.967588602674942955e-01
2.475041718454716599e-02 3.406410590792957604e-02 2.852434737405016088e-02 9.126611295334730034e-01
1.594272702386945878e-02 3.515329098856018186e-02 2.589938332839875762e-02 9.230045986591718377e-01
1.594739128082689472e-02 2.029362582161158002e-01 1.232765416506328010e-01 6.578398088524243237e-01
1.288846715683857336e-01 5.117497527288159681e-02 5.876320213982055840e-01 2.323083317605268150e-01
1.075084069464187775e-01 4.450038751838092388e-02 5.805068276280935802e-01 2.674843779071066074e-01
9.028567867505785105e-02 3.767761164350254960e-02 5.578460934637440305e-01 3.141906162176956174e-01
7.697420996636715473e-02 3.109764399461799680e-02 5.201087704426953229e-01 3.718193755963196123e-01
6.770490761959488402e-02 2.524839591402241665e-02 4.701259660077389269e-01 4.369207304586437135e-01
6.299831902996841371e-02 2.175002924678735156e-02 4.136189038289810327e-01 5.016327478942629314e-01
6.391262043093490219e-02 2.014569398898723857e-02 3.575573298226072394e-01 5.583843557574701411e-01
7.206104259325156469e-02 2.093038734218041416e-02 3.074116560180734647e-01 5.995969140464945113e-01
8.907597011651695318e-02 2.434279697699845077e-02 2.681551576014900018e-01 6.184260753049944936e-01
1.161922456774398954e-01 3.106471118276878801e-02 2.457189300852245795e-01 6.070241130545663832e-01
1.533292274661533228e-01 4.180487018720986658e-02 2.415686824513681719e-01 5.632972198952685972e-01
1.980272322203985302e-01 5.595225644119254660e-02 2.509753354655729352e-01 4.950451758728359186e-01
2.480249888905132205e-01 7.084126486111280707e-02 2.665895510769273891e-01 4.145441951714466944e-01
3.023097305223835796e-01 8.264100344609569271e-02 2.816565690765930885e-01 3.333926969549276809e-01
3.566284879463484381e-01 8.927577726267747760e-02 2.938506364539004712e-01 2.602450983370735993e-01
4.019219838565807335e-01 9.335275298768511143e-02 3.061539507081752487e-01 1.985713124475587676e-01
4.319429713750925770e-01 9.951286958774928360e-02 3.200452270540377064e-01 1.484989319831205856e-01
4.412694494025953817e-01 1.106794535449051459e-01 3.382099156577588195e-01 1.098411813947405696e-01
4.393285169446372040e-01 1.294102963283758900e-01 3.501607538011319298e-01 8.110043292585498997e-02
4.316823670931682067e-01 1.546335354109082960e-01 3.536642250205679905e-01 6.001987247535568032e-02
4.221910916060034324e-01 1.849139035324117719e-01 3.484237753919807168e-01 4.447122946960381518e-02
4.141021342124017734e-01 2.175414548836632489e-01 3.353845974249489159e-01 3.297181347898625603e-02
4.106377273648953996e-01 2.483438972611001494e-01 3.165339661024968443e-01 2.448440927150737426e-02
4.140365715927761814e-01 2.720629208416366906e-01 2.955938678248616336e-01 1.830663974072567479e-02
4.275537399062188104e-01 2.819611370231253078e-01 2.764607607476596285e-01 1.402436232299610584e-02
4.540726593095133490e-01 2.737203798916574282e-01 2.610034972676972820e-01 1.120346353113191307e-02
4.905437985042277460e-01 2.504126158606674313e-01 2.496908728450600579e-01 9.352712790044603527e-03
5.281390351447582399e-01 2.215220231354929348e-01 2.422722138244724766e-01 8.066727895276149321e-03
5.595091163814442936e-01 1.961259189367750566e-01 2.372935236192392217e-01 7.071441062541414246e-03
5.840746814553970934e-01 1.765800807815291196e-01 2.330971565332246864e-01 6.248081229848790122e-03
6.049260168091118439e-01 1.602315929751697010e-01 2.292554760487674481e-01 5.586914166950839554e-03
6.249955568111651427e-01 1.445377479343032678e-01 2.253705317455891033e-01 5.096163508942689116e-03
6.431522968243210681e-01 1.300985077492960162e-01 2.219730536597898374e-01 4.776141766593130361e-03
6.548132654678112674e-01 1.193864139129280216e-01 2.211300483257569449e-01 4.670272293504073961e-03
6.584901050588041205e-01 1.133161926476441705e-01 2.233101587292813939e-01 4.883543564270656848e-03
6.607776636322958419e-01 1.100347700731925255e-01 2.236984883446730965e-01 5.489077949838623745e-03
6.712486979046551339e-01 1.071424322145870384e-01 2.151040788807305204e-01 6.504791000027412319e-03
6.926512805161755271e-01 1.037759436912721323e-01 1.956307353182922815e-01 7.942040474260395749e-03
7.215112758530622949e-01 9.991499153306111769e-02 1.688587434609492566e-01 9.714989152927556298e-03
7.542195956772970167e-01 9.628976502157701733e-02 1.380791508850159333e-01 1.141148841610956609e-02
7.853193912437572699e-01 9.506654894832386460e-02 1.073028905779565001e-01 1.231116922996219887e-02
8.061649384261032614e-01 9.985744288244131905e-02 8.192410857777826516e-02 1.205351011367709717e-02
8.151171758874501405e-01 1.101845344501427848e-01 6.387710852101757819e-02 1.082118114138942537e-02
8.093321961015262911e-01 1.292516143288801045e-01 5.210749235127216245e-02 9.308697218321856579e-03
7.907058926907023499e-01 1.571477550636864173e-01 4.419167423795508642e-02 7.954678007656063032e-03
7.676835016910187326e-01 1.873910185085844171e-01 3.802072266708811377e-02 6.904757133308433818e-03
7.556220578961823087e-01 2.056389313965379384e-01 3.248640494181521260e-02 6.252605765464372065e-03
7.653391473887714014e-01 2.014925372279449678e-01 2.712483308584482528e-02 6.043482297438462943e-03
7.894483633266747846e-01 1.827250170898098713e-01 2.177635689799264918e-02 6.050262685522768587e-03
8.129067670968976866e-01 1.641148140293188229e-01 1.692033657439804065e-02 6.058082299385252056e-03
8.250143392099552608e-01 1.553634798541163597e-01 1.336798898991496329e-02 6.254191946013447356e-03
8.155963019265953795e-01 1.658027375311477147e-01 1.152232305410788409e-02 7.078637488148939276e-03
7.731236983924514305e-01 2.065566316333307395e-01 1.128495798735705026e-02 9.034711986860797031e-03
6.856993077863428043e-01 2.893368364276475702e-01 1.234208875871240126e-02 1.262176702729709069e-02
5.559350821755320027e-01 4.114233327872422463e-01 1.436967416361679441e-02 1.827191087360886118e-02
4.201295692463989928e-01 5.369645005521295200e-01 1.654865509588480596e-02 2.635727510558670203e-02
3.076222041348651848e-01 6.349031395614878059e-01 1.967240119217301964e-02 3.780225511147398271e-02
2.276790950118310342e-01 6.954910138242763606e-01 2.333992508433295476e-02 5.348996607955994187e-02
1.718449026660221757e-01 7.278955493192050819e-01 2.700949884739449122e-02 7.325004916737834493e-02
1.307898112472160590e-01 7.449438334562058506e-01 2.969905520792729889e-02 9.456730008865069093e-02
9.816165271165123996e-02 7.592419348410379687e-01 3.045483840166145206e-02 1.121415740456491450e-01
7.143812724125313263e-02 7.791439905716049941e-01 2.906000244039108268e-02 1.203578797467509398e-01
5.030637807877412493e-02 8.066950413023572519e-01 2.590578749222072902e-02 1.170927931266478594e-01
3.452969947619427549e-02 8.369695148467948265e-01 2.161231599106332169e-02 1.068884696859472849e-01
2.500457799641288975e-02 8.614009270126226081e-01 1.778373215730609178e-02 9.581076283365812241e-02
1.936743208786540285e-02 8.793078475583803177e-01 1.530388827092346929e-02 8.602083208283094196e-02
1.591757714514356950e-02 8.909060631368802552e-01 1.436176122652607634e-02 7.881459849145010244e-02
1.372392454064778021e-02 8.956005489817431275e-01 1.482185728566985487e-02 7.585366919193929636e-02
1.299396133809580314e-02 8.919863083419893313e-01 1.658464312845822630e-02 7.843508719145633745e-02
1.195404288202796955e-02 8.818385487871531758e-01 1.958791116273059935e-02 8.661949716808813038e-02
1.103480626137566187e-02 8.635739354655970201e-01 2.415930273334379944e-02 1.012319555396836296e-01
8.914694572049108867e-01 8.275252689907208747e-02 8.477776900862618245e-03 1.730023899515452379e-02
2.000762857202608436e-01 6.777183269881845717e-01 9.757081404217014808e-03 1.124483058873375629e-01
1.986051163215120652e-01 6.896069137679751160e-01 7.874591520746583237e-03 1.039133783897663588e-01
1.919802238683424589e-01 7.037164981326982094e-01 6.393934736071082113e-03 9.790934326288865119e-02
1.826128890906074387e-01 7.183095484308784640e-01 5.305952618602910280e-03 9.377160985991120357e-02
1.704825562601335887e-01 7.360476283750722049e-01 4.464761129104558024e-03 8.900505423568971786e-02
1.529258903401677083e-01 7.632826650163412330e-01 3.720809739404993665e-03 8.007063490408576623e-02
1.301469568432835067e-01 8.004319103623692699e-01 3.040112060775154636e-03 6.638102073357188271e-02
1.078405672772919793e-01 8.376482538329769190e-01 2.497969936124062439e-03 5.201320895360697638e-02
9.134832184722226078e-02 8.658661571431403026e-01 2.138346400935146798e-03 4.064717460870215238e-02
8.056891145704707380e-02 8.851655564465729098e-01 1.892274741907233777e-03 3.237325735447280778e-02
7.355553913124267262e-02 8.989597833453436548e-01 1.615363072787692408e-03 2.586931445062582921e-02
6.566032195534890481e-02 9.131016651946293194e-01 1.323439725819038374e-03 1.991457312420259404e-02
5.956020363603287820e-02 9.243387824041763290e-01 1.012885329688648604e-03 1.508812863010196639e-02
5.809181241972913301e-02 9.292720664043188084e-01 7.640185892899530864e-04 1.187210258666178408e-02
6.417742956592102643e-02 9.249150884057760758e-01 6.173301316610553492e-04 1.029015189664196119e-02
7.925940675303562444e-02 9.102920190988861293e-01 5.571646000019973800e-04 9.891409548076553204e-03
1.005394954725245815e-01 8.890281802585521254e-01 5.342836845979413588e-04 9.898040584325380059e-03
1.216623819127575917e-01 8.681640155151040261e-01 5.046430271352981721e-04 9.668959545003049175e-03
1.407691068194609763e-01 8.495463039858095478e-01 4.443715698300640393e-04 9.240217624899316542e-03
1.559105870355427248e-01 8.346748309317704173e-01 4.285799558634647189e-04 8.986002076823387807e-03
1.705245376683955094e-01 8.197394497807880542e-01 4.607616957330817301e-04 9.275250855083627677e-03
1.859222787666648946e-01 8.033529618804189365e-01 5.232741870018086825e-04 1.020148516591424387e-02
2.018812160526839983e-01 7.858521366677170272e-01 5.816811342063815931e-04 1.168496614539220844e-02
2.179452156741429614e-01 7.676878892005501998e-01 6.279579662561997865e-04 1.373893715905071672e-02
2.344194854538385886e-01 7.484367839648795595e-01 6.860295593042260894e-04 1.645770102197742502e-02
2.522964710584483239e-01 7.270120278263260127e-01 7.828040344091183583e-04 1.990869708081666536e-02
2.736279901854017926e-01 7.011502452137207131e-01 9.431890151149423772e-04 2.427857558576235544e-02
3.001367942360796959e-01 6.688797256222331900e-01 1.177726376517833004e-03 2.980575376516912678e-02
3.302045619321376524e-01 6.318891555485574019e-01 1.439878375945546300e-03 3.646640414335968611e-02
3.577931076447734005e-01 5.971419541495643912e-01 1.613610719277877407e-03 4.345132748638416004e-02
3.740252522716707717e-01 5.755307631324376727e-01 1.637483220884478801e-03 4.880650137500719410e-02
3.829388726674927135e-01 5.645852737788142894e-01 1.547555676127397280e-03 5.092829787756553844e-02
3.893948951498568123e-01 5.596009910908101848e-01 1.465833424221776350e-03 4.953828033511107481e-02
3.999857407436412382e-01 5.529548133058458381e-01 1.406659708497043360e-03 4.565278624201581092e-02
4.201408514774855885e-01 5.373696419103167754e-01 1.341838580142107242e-03 4.114766803205571061e-02
4.532910320374356483e-01 5.081194742093212424e-01 1.253717046972964476e-03 3.733577670627025863e-02
4.988007709137280976e-01 4.657718931818264352e-01 1.146176930563560072e-03 3.428115897388198802e-02
5.512868221464573004e-01 4.161534632467645545e-01 1.025531053637442893e-03 3.153418355314062393e-02
6.051296033139077490e-01 3.652143417151415550e-01 8.847082885659823077e-04 2.877134668238474219e-02
6.590679486121545638e-01 3.143066206412151176e-01 7.240020216929898096e-04 2.590142872493728793e-02
7.124626782844887263e-01 2.640945753401129914e-01 5.673128555739369392e-04 2.287543351982419121e-02
7.587260455127736725e-01 2.214730488496072236e-01 4.300790349354203742e-04 1.937082660268384451e-02
7.909272855422763149e-01 1.934138430204243586e-01 3.181098141743283927e-04 1.534076162312478751e-02
8.056376543500120002e-01 1.827065196661795676e-01 2.392884914877484929e-04 1.141653749232070421e-02
8.011710507654403735e-01 1.903059818841263129e-01 1.965780219267719087e-04 8.326389328506603876e-03
7.798135741400965548e-01 2.136262589317332594e-01 1.891381971929538509e-04 6.371028730977265631e-03
7.479980913398459608e-01 2.463968755091108520e-01 2.193901144185476872e-04 5.385643036624490620e-03
7.142089772185337138e-01 2.804577908006129494e-01 2.933089175518561000e-04 5.039923063301416165e-03
6.870740332221351165e-01 3.074748193573168531e-01 4.120617623393993140e-04 5.039085658208747494e-03
6.719330356517793090e-01 3.222844407922560439e-01 5.728947487727868368e-04 5.209628807192002477e-03
6.706984290141629890e-01 3.229863112745380294e-01 7.804748359436382808e-04 5.534784875355132187e-03
6.795536438394831347e-01 3.133247144539640372e-01 1.054271501065679470e-03 6.067370205487145410e-03
6.917838646395761959e-01 3.000209206653840499e-01 1.394943369976236114e-03 6.800271325063781541e-03
7.037972259373934669e-01 2.867586812478713498e-01 1.742808776036913103e-03 7.701284038698344089e-03
7.138365889498757832e-01 2.753785635788549846e-01 2.009964726100434487e-03 8.774882745168747361e-03
7.183674091461627054e-01 2.694223164054794784e-01 2.145569820588626511e-03 1.006470462776912211e-02
7.137584095213971302e-01 2.722827235805664881e-01 2.167501404651113461e-03 1.179136549338524048e-02
6.962074294302001976e-01 2.872703401110640598e-01 2.126282090884390897e-03 1.439594836785121693e-02
6.596647693490884645e-01 3.198535512853322715e-01 2.074974092890242636e-03 1.840670527268912018e-02
6.025041734000016191e-01 3.710504182728752709e-01 2.050152116354383124e-03 2.439525621076878495e-02
5.324876860272049761e-01 4.327537970656725186e-01 2.038023450376908862e-03 3.272049345674533233e-02
4.599247217517864472e-01 4.950751887208126867e-01 1.989753807042704287e-03 4.301033572035822816e-02
3.905007987478435472e-01 5.537972073376036253e-01 1.869119930451241477e-03 5.383287398410190050e-02
3.237300847667297643e-01 6.119766044920256221e-01 1.678165732388659610e-03 6.261514500885595469e-02
2.580845366600743040e-01 6.744695498221345842e-01 1.423172819505349974e-03 6.602274069828564795e-02
1.956120767915051073e-01 7.416524421681277568e-01 1.108374312643412756e-03 6.162710672772368781e-02
1.378412565412961421e-01 8.116423071357977692e-01 8.063363259022162917e-04 4.971009999700384124e-02
9.297729528083575889e-02 8.714467152148179796e-01 5.255781113350565864e-04 3.505041139301162678e-02
6.151371226912684398e-02 9.153152297695170692e-01 3.541617953225842386e-04 2.281689616603376977e-02
4.205186365986738478e-02 9.426296076860422035e-01 2.450757673320039069e-04 1.507345288675821307e-02
2.861423417356733639e-02 9.605078978457434191e-01 2.232571124289516810e-04 1.065461086826030579e-02
9.745688034612619566e-01 1.976172959670982610e-02 5.429329021919215674e-03 2.401379201089160278e-04
5.655388902667864842e-02 2.911339513811581625e-01 1.049697544604967225e-01 5.473424051316665429e-01
6.073531350821773783e-02 3.332418920140570728e-01 7.944633177578279415e-02 5.265764627019423605e-01
6.874329914395164998e-02 3.776760628111308638e-01 6.204997075897432379e-02 4.915306672859432457e-01
8.388290307201487495e-02 4.196742499089404221e-01 5.082985852488540457e-02 4.456129884941590902e-01
1.101466974905684765e-01 4.525594796399065589e-01 4.443574303131208464e-02 3.928580798382130257e-01
1.494235143204231397e-01 4.701958798361393077e-01 4.156448929166557671e-02 3.388161165517718509e-01
2.002226703828578480e-01 4.694704067123057212e-01 4.093271367305986730e-02 2.893742092317765913e-01
2.591151842662049454e-01 4.526582123902149757e-01 4.175574940638557275e-02 2.464708539371945062e-01
3.285469902258631447e-01 4.203813099353941318e-01 4.251646463135048959e-02 2.085552352073925253e-01
4.137908352107581011e-01 3.718781202779826156e-01 4.185647964455278813e-02 1.724745648667063702e-01
5.120672982635807724e-01 3.138575360974332207e-01 3.898711610473592354e-02 1.350880495342497711e-01
6.125382551009601606e-01 2.557974952850076700e-01 3.403813273689584862e-02 9.762611687713636244e-02
7.082851429460288450e-01 2.001434377406738352e-01 2.709242984065546311e-02 6.447898947264205094e-02
7.876844867897191405e-01 1.520836285290387002e-01 2.056099108542654846e-02 3.967089359581538188e-02
8.459075180496526958e-01 1.148718082559105208e-01 1.514829412848674173e-02 2.407237956594987169e-02
8.804409057774853498e-01 9.217004647255309935e-02 1.165173159010465809e-02 1.573731615985691015e-02
8.934167699058894740e-01 8.453483613424006560e-02 1.003538985913461981e-02 1.201300410073593249e-02
8.866993375256655430e-01 9.236582428583500759e-02 9.895272823657859027e-03 1.103956536484173787e-02
8.589231051077013124e-01 1.183917483841039481e-01 1.080880242052207479e-02 1.187634408767252424e-02
8.067365090536885441e-01 1.667850272996777017e-01 1.237595264970989088e-02 1.410251099692393442e-02
7.279459421854933554e-01 2.401688826014638234e-01 1.433775012692380980e-02 1.754742508611914845e-02
6.222421245297319325e-01 3.386993882611814555e-01 1.682014662265800264e-02 2.223834058642857464e-02
4.958517093178403390e-01 4.559586430006262736e-01 1.995381011115331116e-02 2.823583757038019421e-02
3.698741989078239145e-01 5.713818697660185686e-01 2.339499698642439826e-02 3.534893433973292781e-02
2.569899005204632769e-01 6.731850052255136108e-01 2.663803540278671111e-02 4.318705885123644284e-02
1.739875139145872773e-01 7.439935150404405340e-01 3.042935965182457306e-02 5.158961139314744565e-02
1.165469350313476649e-01 7.906894719297155039e-01 3.255962994530794269e-02 6.020396309362864573e-02
7.818833740875059946e-02 8.208234688273314816e-01 3.288669966411298523e-02 6.810149409980513491e-02
5.213648163846953260e-02 8.433069912049602213e-01 3.119471553388619700e-02 7.336181162268434752e-02
3.553387910254842547e-02 8.611189787999515843e-01 2.839332975156347305e-02 7.495381234593677389e-02
2.370558279990397574e-02 8.779140413240612562e-01 2.508744934827884104e-02 7.329292652775581951e-02
1.698607583184490524e-02 8.900437677874485365e-01 2.222352297248526148e-02 7.074663340822107127e-02
1.407175474571890385e-02 8.955796892334851877e-01 2.011086543913291613e-02 7.023769058166307033e-02
1.257885936960263101e-02 8.924236206728377585e-01 1.944147647623433936e-02 7.555604348132513581e-02
1.241728921588838852e-02 8.773184417536361579e-01 2.031193227147807395e-02 8.995233675899752535e-02
1.302044610648518154e-02 8.490642646702434293e-01 2.235133164838545849e-02 1.155639575748857728e-01
1.390417468695871912e-02 8.098320669151398699e-01 2.455090379249190782e-02 1.517128546054093974e-01
1.467826652800449834e-02 7.671291688462181790e-01 2.571758228975622868e-02 1.924749823360213385e-01
1.550224712305616100e-02 7.298347532934071902e-01 2.537123110370471946e-02 2.292917684798319311e-01
1.682980505021846110e-02 7.053169416476852138e-01 2.365932389433146946e-02 2.541939294077651401e-01
1.900345353324199224e-02 6.962464067131327594e-01 2.097628829486615151e-02 2.637738514587590899e-01
2.212338170838668017e-02 6.989851018538252303e-01 1.790080778564362776e-02 2.609907086521442987e-01
2.580420585943775727e-02 7.073112069173844718e-01 1.494035802584653058e-02 2.519442291973313930e-01
2.892901847324987757e-02 7.163507999776229651e-01 1.228943288677332261e-02 2.424307486623537566e-01
3.020186687706199330e-02 7.238425522605478335e-01 9.947795703858397509e-03 2.360077851585319630e-01
2.972116139235100526e-02 7.287040008006147040e-01 8.051062458129667337e-03 2.335237753489047552e-01
2.859942908258697111e-02 7.320701190592940888e-01 6.679170141461420601e-03 2.326512817166575819e-01
2.739855076308328474e-02 7.390586569601451661e-01 5.636918252595373748e-03 2.279058740241765579e-01
2.678259068016662983e-02 7.533736188812721890e-01 4.745726908855192085e-03 2.150980635297059795e-01
2.780799931585745469e-02 7.737816744000527436e-01 3.996199477678930023e-03 1.944141268064109584e-01
3.072528716063842660e-02 7.974569146806971265e-01 3.410462467307034170e-03 1.684073356913575181e-01
3.562321547411402556e-02 8.176131156003428879e-01 3.016867041426774670e-03 1.437468018841162043e-01
4.330058088506102271e-02 8.268925726632719853e-01 2.843912209228602415e-03 1.269629342424384022e-01
5.547145422887352767e-02 8.256995425051377735e-01 2.831838216372033288e-03 1.159971650496165602e-01
6.621357926547905004e-02 8.257741873973383218e-01 2.893823736382311693e-03 1.051184096007998781e-01
7.697729675319009424e-02 8.279585455240285885e-01 2.987247581663896034e-03 9.207691014111726857e-02
8.859334416949452007e-02 8.310642287817353591e-01 3.127499340705835237e-03 7.721492770806447081e-02
1.065873880541252511e-01 8.280101648057249797e-01 3.372965793547330615e-03 6.202948134660230678e-02
1.396242099987106966e-01 8.089263002485562737e-01 3.818667089816689657e-03 4.763082266291609329e-02
1.906297472454730746e-01 7.704951187041461091e-01 4.252307432449590335e-03 3.462282661793132654e-02
2.499759747152620060e-01 7.212470778823532047e-01 4.902544738456924948e-03 2.387440266392792249e-02
2.918554776578319854e-01 6.872021627710399594e-01 4.803062298509896792e-03 1.613929727261793901e-02
3.099861737051182731e-01 6.741898842826915539e-01 4.309025819014150084e-03 1.151491619317597699e-02
3.072949161889717007e-01 6.797698499814333051e-01 3.779038576627275631e-03 9.156195252968029122e-03
2.911192457019279867e-01 6.972377448178688208e-01 3.416364411664276311e-03 8.226645068539057554e-03
2.742302453420808472e-01 7.142853091060096249e-01 3.261127416149689744e-03 8.223318135759527178e-03
2.619363809978630941e-01 7.260601507338934058e-01 3.259182996743703858e-03 8.744285271499938061e-03
2.500381866748688786e-01 7.373338924340570033e-01 3.295065896879151475e-03 9.332854994195024720e-03
2.362039953766577050e-01 7.508770320401515486e-01 3.266746506172692795e-03 9.652226077017697636e-03
2.170340920848224942e-01 7.703180998715795091e-01 3.128633043595967569e-03 9.519175000001942402e-03
1.842661560522657616e-01 8.039881567191952128e-01 2.892650800960902286e-03 8.853036427577950368e-03
4.687026091375036119e-01 3.839399957283601283e-01 1.623963912389011013e-02 1.311177560102460282e-01
3.602224042241614632e-01 4.935095482085887775e-01 1.758598591288385374e-02 1.286820616543656870e-01
2.734363157967690250e-01 5.904701476337510524e-01 1.913926170533675891e-02 1.169542748641433649e-01
2.131131251378017288e-01 6.662878508948618661e-01 2.082832059358611862e-02 9.977070337375038012e-02
1.772004583602544148e-01 7.187638650521914752e-01 2.268897678257542419e-02 8.134669980497896691e-02
1.585549428420749696e-01 7.515812381635400552e-01 2.499492869460530689e-02 6.486889029978011589e-02
1.501370477095247125e-01 7.700048977792858240e-01 2.820157478185698202e-02 5.165647972933263415e-02
1.466508823958717345e-01 7.791601538397789906e-01 3.260400349827602406e-02 4.158496026607360480e-02
1.447206935734489108e-01 7.826646876640054318e-01 3.851572628932960207e-02 3.409889247321599287e-02
1.416673316559647067e-01 7.836207875624763286e-01 4.616187911017718970e-02 2.855000167138181666e-02
1.357254574595835039e-01 7.844829976348645095e-01 5.523634275192022824e-02 2.455520215363174788e-02
1.284781858276368427e-01 7.843518369942622526e-01 6.504113441999540002e-02 2.212884275810577187e-02
1.238858687957086757e-01 7.805855870355541404e-01 7.441040426001016561e-02 2.111813990872683788e-02
1.235086178036113036e-01 7.742651705677942031e-01 8.138584279971070035e-02 2.084036882888368886e-02
1.253069243576670488e-01 7.699446194200189053e-01 8.426976906878011486e-02 2.047868715353383731e-02
1.272181845221813934e-01 7.696380051212211582e-01 8.335312922723234208e-02 1.979068112936510290e-02
1.288009004943113656e-01 7.718375132651729142e-01 8.039457440197882165e-02 1.896701183853684303e-02
1.311822649319304146e-01 7.733009795318380730e-01 7.730718034015338080e-02 1.820957519607817321e-02
1.380488815823786575e-01 7.689582407385938678e-01 7.521628871099263203e-02 1.777658896803469002e-02
1.536591133151093969e-01 7.550041465930200646e-01 7.354839566330904910e-02 1.778834442856163170e-02
1.806443430970237352e-01 7.301372107666455058e-01 7.108081549203730531e-02 1.813763064429317617e-02
2.176656075537707624e-01 6.954985054907523168e-01 6.830955629302766507e-02 1.852633066244929391e-02
2.573326066827732461e-01 6.572979682758804953e-01 6.710751578351591140e-02 1.826190925783047550e-02
6.831663447284981594e-02 2.667562554925587137e-02 5.543142211631547633e-01 3.506935188147394800e-01
7.392286966651290259e-02 3.012848585127847825e-02 4.946211837243476017e-01 4.013274607578612430e-01
8.428770248982937752e-02 3.349643415327011736e-02 4.365592849718660240e-01 4.456565783850345297e-01
1.007081800723557269e-01 3.647134843982719615e-02 3.847275533577711459e-01 4.780929181300455078e-01
1.238311399472842578e-01 3.889607308266655739e-02 3.458354153009797760e-01 4.914373716690694782e-01
1.531416905486849556e-01 4.046311884901047928e-02 3.220543946199934671e-01 4.843407959823111120e-01
1.875624609946150156e-01 4.038443370039019459e-02 3.079535773284057809e-01 4.640995279765887660e-01
2.262391641268456655e-01 3.793022486473587862e-02 2.950407708905057325e-01 4.407898401179129455e-01
2.662085133623454669e-01 3.323752858343101413e-02 2.784575049964189142e-01 4.220964530578047436e-01
2.973143993499828275e-01 2.741038146859028565e-02 2.604819448742244359e-01 4.147932743072026418e-01
3.049215721477316898e-01 2.197138325859523608e-02 2.482745062030315419e-01 4.248325383906415009e-01
2.820352880729194989e-01 1.793972788585438891e-02 2.487761146104472409e-01 4.512488694307788539e-01
2.342528068241482853e-01 1.535892624626679706e-02 2.672768438823209802e-01 4.831114230472641768e-01
1.800568561379839172e-01 1.408093127324049933e-02 2.990614629457249429e-01 5.068007496430505521e-01
1.300180677318053535e-01 1.336026826997569091e-02 3.367242426694193602e-01 5.198974213287995694e-01
8.837520331094210480e-02 1.265287097736472050e-02 3.723053789417381521e-01 5.266665467699547243e-01
5.565498948690085490e-02 1.160782310665170805e-02 4.045451016454952309e-01 5.281920857609517794e-01
3.369568076370586807e-02 1.060172758742544512e-02 4.339758203165245409e-01 5.217267713323443523e-01
2.071597063473048020e-02 9.962080346403567183e-03 4.608693964673855614e-01 5.084525525514802524e-01
1.303360174667182909e-02 9.754491100719634572e-03 4.798240915101418258e-01 4.973878156424665908e-01
9.244210025294350916e-03 9.972914077250821449e-03 4.837457732683475564e-01 4.970371026291070526e-01
7.281225902722646311e-03 1.055327328138088577e-02 4.712364338622135884e-01 5.109290669536828977e-01
6.442625140766420656e-03 1.152510324208339161e-02 4.477836812047814585e-01 5.342485904123690510e-01
6.387839309273475943e-03 1.291257990014493991e-02 4.246678188519047437e-01 5.560317619386766497e-01
6.974241196548059026e-03 1.476386561100087938e-02 4.150789329712153974e-01 5.631829602212359287e-01
8.727664333547689030e-03 1.713227521002878839e-02 4.268669563053787419e-01 5.472731041510450201e-01
1.076462444064262870e-02 1.989753948344405790e-02 4.571731459618484372e-01 5.121646901140649577e-01
1.384507716202501224e-02 2.236439180997892157e-02 4.952434514022858170e-01 4.685470796257099613e-01
1.803271587493340475e-02 2.397463779352318122e-02 5.350572206712737033e-01 4.229354256602697593e-01
2.367987163897344871e-02 2.486828404910185891e-02 5.763050489963751355e-01 3.751467953155493418e-01
3.221731987892520466e-02 2.560939446798696922e-02 6.152991881303943034e-01 3.268740975226936962e-01
4.644704353864130553e-02 2.659082849185963326e-02 6.431130290381882331e-01 2.838490989313107726e-01
7.087668771984563520e-02 2.799633603468025880e-02 6.496503349745920142e-01 2.514766412708818732e-01
1.118842033182887719e-01 3.009049857666108718e-02 6.287701097478249901e-01 2.292551883572248039e-01
1.767339204269663677e-01 3.338314702079382690e-02 5.788515189142637851e-01 2.110314136379762007e-01
2.698923363546064658e-01 3.833714689282043814e-02 5.019733670521300262e-01 1.897971497004431185e-01
3.866255400472831116e-01 4.461568137392882966e-02 4.060999207042593206e-01 1.626588578745287450e-01
5.129379991799358773e-01 5.063274879310923626e-02 3.041066761457138501e-01 1.323225758812410779e-01
6.247421899006780910e-01 5.452883362168464004e-02 2.179566342362879161e-01 1.027723422413489851e-01
7.137159622167432715e-01 5.582878467654880245e-02 1.539090633567749278e-01 7.654618974993264435e-02
7.789745502342527717e-01 5.561257057660899672e-02 1.099665615793838230e-01 5.544631760975432533e-02
8.226178785710334118e-01 5.561059384596758748e-02 8.122001407119361360e-02 4.055151351180576874e-02
8.459808357000530021e-01 5.833992466294022489e-02 6.397603039542283654e-02 3.170320924158372133e-02
8.502720396443784745e-01 6.644083913976407685e-02 5.524185576066084624e-02 2.804526545519657466e-02
8.371935051121843774e-01 8.130312995810064225e-02 5.263304730837391893e-02 2.887031762134122104e-02
8.092561706962756451e-01 1.022409155973505041e-01 5.446468624327366337e-02 3.403822746309994457e-02
7.688331686674586551e-01 1.275288790016764484e-01 6.002146343586817201e-02 4.361648889499681464e-02
7.193106869342758003e-01 1.549092586491916668e-01 6.906284327548313506e-02 5.671721114104946726e-02
6.691309257424513657e-01 1.789569966989807137e-01 8.094110398258856642e-02 7.097097357597959011e-02
6.275301890922093673e-01 1.938830375465921407e-01 9.524271371117241924e-02 8.334405965002618377e-02
5.958416456250652526e-01 1.996974878594665881e-01 1.130233082425035201e-01 9.143755827296499994e-02
5.689827500847222108e-01 1.998292206080805877e-01 1.367103516575005062e-01 9.447767764969670912e-02
5.438595142633799728e-01 1.951242001603182841e-01 1.676822851127196812e-01 9.333400046358217295e-02
5.278263419227472442e-01 1.808852702133833257e-01 2.019098214246745626e-01 8.937856643919472877e-02
5.239532948720132532e-01 1.605553186242114627e-01 2.313599960766581920e-01 8.413139042711670346e-02
5.302912743246729343e-01 1.397304037616857453e-01 2.516447451592979667e-01 7.833357675434352019e-02
5.384891927547206247e-01 1.242612408814210978e-01 2.643367823579221843e-01 7.291278400593602382e-02
5.408954961415991525e-01 1.157333337003574464e-01 2.748387789599153752e-01 6.853239119812826186e-02
5.323882558753931793e-01 1.127335354146279528e-01 2.896241719640884615e-01 6.525403674589004555e-02
5.120514483160160113e-01 1.096823599900046825e-01 3.156288528490155953e-01 6.263733884496343329e-02
4.809575861201466629e-01 1.042831580815094805e-01 3.541618785836479488e-01 6.059737721469594246e-02
4.438113226834618508e-01 9.586036363094606327e-02 4.009586353954963100e-01 5.936967829009583142e-02
4.051714733729847029e-01 8.743308084573611638e-02 4.483148190111259646e-01 5.908062677015326475e-02
3.706087207326382860e-01 7.844701310547680384e-02 4.920986162991763391e-01 5.884564986270854337e-02
3.380236486972946763e-01 6.995847480811567820e-02 5.344785215709956239e-01 5.753935492359400772e-02
3.068205927916206610e-01 6.172709527523088241e-02 5.767214021745337149e-01 5.473090975861453350e-02
2.754457108598860060e-01 5.353939467264017676e-02 6.206206150020153745e-01 5.039427946545858156e-02
2.403498691327618231e-01 4.589938666612591173e-02 6.691261297094998062e-01 4.462461449161236882e-02
1.994269301160436769e-01 3.970702110803828871e-02 7.229369256590012505e-01 3.792912311691667288e-02
1.581473607021814387e-01 3.566804255638511556e-02 7.745565237736385944e-01 3.162807296779484439e-02
1.261606931294855238e-01 3.389166803493297297e-02 8.127962836432971461e-01 2.715135519228474917e-02
1.073377606102415421e-01 3.367392963083618018e-02 8.340209983968309704e-01 2.496731136209119975e-02
9.981507596390604142e-02 3.406773371911318155e-02 8.412897259756704216e-01 2.482746434131016811e-02
9.873066915788383802e-02 3.375988991984311960e-02 8.414889361687681868e-01 2.602050475350495967e-02
9.641364925064772884e-02 3.340920749289524178e-02 8.431052693999928627e-01 2.707187385646459346e-02
8.590894296897572113e-02 3.112839161256873710e-02 8.568602235400002431e-01 2.610244187845545127e-02
6.723645783527694431e-02 2.625017965405709169e-02 8.842270322041930752e-01 2.228633030647273958e-02
4.671252651177620202e-02 1.977693579744356500e-02 9.167375549842530225e-01 1.677298270652693990e-02
3.003208118653796083e-02 1.380378481779122313e-02 9.446279042357154099e-01 1.153622975995547556e-02
1.860355600748822905e-02 9.517942236002063100e-03 9.642265502510360964e-01 7.651951505473562898e-03
1.120385357702367163e-02 6.769279713620906733e-03 9.769525781757292249e-01 5.074288533626286971e-03
6.690329663547141779e-03 5.039952111193376875e-03 9.847896216955787096e-01 3.480096529680817233e-03
4.294459128338421958e-03 3.974146881684558277e-03 9.891143509375548426e-01 2.617043052422006293e-03
3.184300891933613490e-03 3.347940844338280052e-03 9.912288611876320932e-01 2.238897076096078333e-03
2.734837893235205798e-03 3.011673901386841771e-03 9.921017937475534731e-01 2.151694457824430279e-03
2.596232995059170445e-03 2.855770856494966193e-03 9.923294182912411054e-01 2.218577857204862870e-03
2.545861183976354074e-03 2.780009887289775026e-03 9.923628038526941531e-01 2.311325076039645859e-03
2.392510321169346362e-03 2.671577915030560069e-03 9.926468490350205398e-01 2.289062728779526872e-03
2.071631492860645084e-03 2.457546171027941498e-03 9.933795915684677791e-01 2.091230767643776581e-03
