1.863205874017734298e-02 3.173455045903860079e-03 4.682473604914809406e-02 9.313697501647705268e-01
1.350196792026811532e-01 5.390141334356079311e-02 2.721745969462812109e-01 5.389043105074767803e-01
1.355302878060361260e-01 5.172732609154363087e-02 2.840772439625029455e-01 5.286651421399174433e-01
1.399765339080694393e-01 4.913099863281234631e-02 3.026842109460254893e-01 5.082082565130927598e-01
1.461378025917873247e-01 4.586932264700562673e-02 3.254837941240869004e-01 4.825090806371198360e-01
1.516624272218385361e-01 4.181330452109809082e-02 3.530461790436316138e-01 4.534780892134316344e-01
1.563698743016798121e-01 3.734990363328270779e-02 3.868370787856882376e-01 4.194431432793490622e-01
1.611952680653387093e-01 3.294151136869236107e-02 4.261836721353851609e-01 3.796795484305836021e-01
1.653974605090856587e-01 2.851511754076811733e-02 4.698824918246655158e-01 3.362049301254806943e-01
1.686847160972853032e-01 2.394150092373074912e-02 5.161873883703563815e-01 2.911863946086277188e-01
1.726354286616400557e-01 1.950559639140091173e-02 5.610605067538463331e-01 2.467984681931123525e-01
1.829061514907503183e-01 1.574025630871375356e-02 5.956644647110951318e-01 2.056891274894407651e-01
1.961508361911650788e-01 1.268138869775002446e-02 6.207687272874706785e-01 1.703990478236140360e-01
2.145620520827254407e-01 1.049617793541093164e-02 6.315633493360129913e-01 1.433784206458506572e-01
2.411628448284383053e-01 9.274046059125925709e-03 6.241562360412333810e-01 1.254068730712026292e-01
2.772935097468913757e-01 8.943245078832550571e-03 5.987283612968896662e-01 1.150348838773862375e-01
3.209978676530090280e-01 9.329307837452281357e-03 5.599834403449412967e-01 1.096893841645977391e-01
3.687845255637263731e-01 1.028793903109218554e-02 5.137708711573255593e-01 1.071566642478559983e-01
4.160511235211977188e-01 1.165668612560120769e-02 4.663367508663960326e-01 1.059554394868049282e-01
4.588818063523193991e-01 1.308445922383021098e-02 4.225842100731721507e-01 1.054495243506784752e-01
4.973712190048559800e-01 1.425341912007015155e-02 3.822352033958004713e-01 1.061401584792734387e-01
5.319569596094915198e-01 1.505871259774954618e-02 3.439889313126997528e-01 1.089953964800593617e-01
5.620052226117551175e-01 1.541890003389472311e-02 3.073268788912124072e-01 1.152489984631378667e-01
5.782896911437057641e-01 1.617566234240117029e-02 2.785223679503044947e-01 1.270122785635885987e-01
5.793512860026095446e-01 1.752704202800951447e-02 2.558778517381609663e-01 1.472438202312199018e-01
5.645400385977419333e-01 1.963043520516341914e-02 2.376268573391755734e-01 1.782026688579192442e-01
5.330919556504264412e-01 2.229336590934104592e-02 2.245290213255845824e-01 2.200856571146482810e-01
4.884576206854349678e-01 2.535529360356121240e-02 2.148232934403589145e-01 2.713637922706448324e-01
4.352537686464268973e-01 2.909796873536049308e-02 2.049340754263171971e-01 3.307141871918953813e-01
3.787904303727724908e-01 3.417087192885277791e-02 1.906687538971983953e-01 3.963699438011762388e-01
3.227211418917619867e-01 4.131307418757684119e-02 1.713673469520282100e-01 4.645984369686330662e-01
2.674624554649043251e-01 5.076306807119142228e-02 1.495970190391195109e-01 5.321774574247848388e-01
2.115383592734028650e-01 6.184645679037184540e-02 1.272764793094063873e-01 5.993387046268187079e-01
1.563322567348830183e-01 7.352844021031731958e-02 1.050143481745721696e-01 6.651249548802274925e-01
1.086155488530918950e-01 8.580468915583688849e-02 8.459124359466990706e-02 7.209885183964011013e-01
7.320135262866268866e-02 9.972648486846902305e-02 6.810298715655155322e-02 7.589691753463166934e-01
4.888965257171619394e-02 1.151540156021336608e-01 5.485960212551496684e-02 7.810967297006352617e-01
3.260673532401604097e-02 1.300522588260846213e-01 4.306948405507760730e-02 7.942715217948219664e-01
2.197668517990064921e-02 1.433038563363869533e-01 3.255005700055851187e-02 8.021694014831538544e-01
1.544490325029873080e-02 1.566576492665500975e-01 2.445431533057658424e-02 8.034431321525743463e-01
1.179116581303808926e-02 1.744072162790718250e-01 1.965610037723798664e-02 7.941455175306519898e-01
9.830197448072230948e-03 2.007692124309243820e-01 1.791977325608735266e-02 7.714808168649159859e-01
8.855546792004377610e-03 2.349513012786206834e-01 1.858285746499065486e-02 7.376102944643841974e-01
8.513844206733015701e-03 2.690797796145060206e-01 2.101239492735660491e-02 7.013939812514040639e-01
8.522045316822929664e-03 2.941256671315405358e-01 2.454211674989305314e-02 6.728101708017435456e-01
8.758751983922766562e-03 3.058737726647124955e-01 2.840451769652519234e-02 6.569629576548394745e-01
9.402073511603568912e-03 3.081304640864503952e-01 3.224498706545861348e-02 6.502224753364873600e-01
1.096164201567326885e-02 3.067596323534067526e-01 3.674352848948534561e-02 6.455351971414347023e-01
1.431929303502739448e-02 3.036819649972783974e-01 4.327847466817843353e-02 6.387202672995155872e-01
2.076167074630391740e-02 3.009338146461889019e-01 5.309850618414954648e-02 6.252060084233573845e-01
3.195584667031719367e-02 3.018139889568730583e-01 6.648857972049541931e-02 5.997415846523140859e-01
5.006754049478052276e-02 3.043890863766057220e-01 8.228966746518939779e-02 5.632537056634241424e-01
7.696587479409772170e-02 3.018047978573250023e-01 9.850482262968605907e-02 5.227245047188908700e-01
1.129078838867380724e-01 2.882198972240287982e-01 1.131852817879566153e-01 4.856869371012765835e-01
1.560814299809026029e-01 2.641433057809122742e-01 1.253421578752107468e-01 4.544331063629743483e-01
2.036904128051029439e-01 2.348378488234350026e-01 1.347116068810257361e-01 4.267601314904361232e-01
2.539517195810885863e-01 2.042911192018841970e-01 1.406891084760917010e-01 4.010680527409354323e-01
3.043259834659818308e-01 1.754440131141246917e-01 1.438930223669450947e-01 3.763369810529483273e-01
3.500367290628303985e-01 1.508522137015251285e-01 1.460745011402425630e-01 3.530365560954020210e-01
3.867576620746288607e-01 1.311095003713613483e-01 1.471528855563067339e-01 3.349799519977030848e-01
4.109867394339159485e-01 1.163076940932436659e-01 1.451178080790414826e-01 3.275877583937987225e-01
4.198540144954895914e-01 1.068886217094251884e-01 1.404058799064410723e-01 3.328514838886443838e-01
4.118076681876882139e-01 1.037943753495594867e-01 1.373509370637162608e-01 3.470470193990358165e-01
3.864906412874917763e-01 1.083450679643153947e-01 1.384233860773003699e-01 3.667409046708925979e-01
3.464486336051517679e-01 1.194791903303309005e-01 1.414317227047272862e-01 3.926404533597899760e-01
2.983761564473243477e-01 1.316226765346993899e-01 1.430853635716634042e-01 4.269158034463123585e-01
2.487286897470973313e-01 1.383310938487198050e-01 1.423901061410471625e-01 4.705501102631358679e-01
2.015193815296912883e-01 1.366989643527140863e-01 1.381222516046096971e-01 5.236594025129850394e-01
1.583897473213980167e-01 1.286966898648146673e-01 1.290973397718179760e-01 5.838162230419690069e-01
1.191820573722503357e-01 1.195228551071696732e-01 1.175938459566705091e-01 6.437012415639093987e-01
8.415499309448196130e-02 1.131615812175538471e-01 1.074954065392711711e-01 6.951880191486933258e-01
5.545380840086406443e-02 1.088008105426869487e-01 1.004364485823164288e-01 7.353089324741330923e-01
3.060629908501917226e-02 3.384354458784717967e-01 1.939807913075596857e-01 4.369774637289492447e-01
1.778839521846704574e-01 5.087814160889896076e-02 4.294142495634509227e-01 3.418236566429795342e-01
1.424925367188642211e-01 4.343979706282646153e-02 4.107696167079675775e-01 4.032980495103417051e-01
1.110247688417509565e-01 3.546113276184950647e-02 3.741158719944150945e-01 4.793982264019840955e-01
8.481131647477332947e-02 2.772030402861523288e-02 3.247632093304151368e-01 5.627051701661961447e-01
6.531918705016526161e-02 2.139124012072018619e-02 2.715999987255162673e-01 6.416895741035983924e-01
5.297953013742449924e-02 1.723214889353839874e-02 2.224806634734945721e-01 7.073076574955426965e-01
4.735424025943692217e-02 1.542861387703513623e-02 1.816317147644492536e-01 7.555854310990786082e-01
4.766124994533810916e-02 1.588659937125309549e-02 1.494958836262318125e-01 7.869562670571768059e-01
5.348450252718352921e-02 1.871724297998074785e-02 1.259150504512686064e-01 8.018832040415670992e-01
6.517378963629485988e-02 2.472572433361211811e-02 1.118897396599984884e-01 7.982107463700942596e-01
8.356104059211263979e-02 3.536674419142937092e-02 1.075250171043106856e-01 7.735471981121472274e-01
1.093230846787773686e-01 5.174483163985241913e-02 1.115113065139234361e-01 7.274207771674466860e-01
1.436837719829060500e-01 7.295204867647876734e-02 1.219143633703709678e-01 6.614498159702439928e-01
1.883881060604576108e-01 9.494668749438300859e-02 1.366950305342334027e-01 5.799701759109257004e-01
2.436787117799011082e-01 1.127203263237418762e-01 1.548878576225617976e-01 4.887131042737953845e-01
3.070956957843944957e-01 1.247022312450876275e-01 1.764247160465650666e-01 3.917773569239529352e-01
3.728493854494605575e-01 1.329117110725791806e-01 1.999145512576725459e-01 2.943243522202879103e-01
4.304943072391336223e-01 1.403102761318582858e-01 2.217825619743853394e-01 2.074128546546227247e-01
4.766908665326203276e-01 1.491141612112862336e-01 2.341602859530413361e-01 1.400346863030518252e-01
5.046804281828308758e-01 1.612232081066325984e-01 2.414068654529626934e-01 9.268949825757399896e-02
5.191541197302254051e-01 1.754975284004753888e-01 2.443430245991314309e-01 6.100532727016779594e-02
5.267910030626424822e-01 1.898805663564331059e-01 2.427668634857113039e-01 4.056156709521330922e-02
5.342561300562645998e-01 2.031040690531067394e-01 2.349334726302710064e-01 2.770632826035729357e-02
5.445283448149791372e-01 2.149042784041272636e-01 2.208261251153834370e-01 1.974125166551020730e-02
5.590694973967802461e-01 2.231868711836854646e-01 2.027984230712747971e-01 1.494520834825934473e-02
5.802839174365637120e-01 2.241613998062574331e-01 1.833746886326523273e-01 1.217999412452651364e-02
6.079805550336633280e-01 2.165790561117654500e-01 1.647836143759193184e-01 1.065677447865201466e-02
6.367915462560831408e-01 2.045254153813595432e-01 1.488242293625951229e-01 9.858808999961700403e-03
6.609490856526125668e-01 1.939332243344247531e-01 1.356559604321183887e-01 9.461729580844685170e-03
6.788809515727475263e-01 1.873327407066410766e-01 1.244795481073905641e-01 9.306759613220737595e-03
6.978183693984397751e-01 1.786519141021766788e-01 1.142782220667606236e-01 9.251494432622955552e-03
7.183218990249377045e-01 1.670772832761634186e-01 1.052970749978278664e-01 9.303742701070986248e-03
7.383167034792549321e-01 1.542277850014174556e-01 9.792646497649397375e-02 9.529046542833534417e-03
7.544055994965923606e-01 1.429407626632126227e-01 9.256210855687523054e-02 1.009152928331964912e-02
7.655796323559604932e-01 1.343343965095508963e-01 8.882915808505890964e-02 1.125681304942939033e-02
7.747614297892975177e-01 1.273578821494402435e-01 8.464682163904271861e-02 1.323386642221932585e-02
7.859837655696491066e-01 1.202049365640460998e-01 7.773557176085656162e-02 1.607572610544823893e-02
8.000980452428531065e-01 1.117919749439300614e-01 6.841434069646383509e-02 1.969563911675271256e-02
8.158953193667080050e-01 1.019037170335736903e-01 5.849732298748519521e-02 2.370364061223301233e-02
8.315389299772677489e-01 9.238582386856124262e-02 4.875742195609056306e-02 2.731782419808054599e-02
8.440087237410597298e-01 8.665407198434148250e-02 3.973140042852758153e-02 2.960580384607078980e-02
8.507593632450596299e-01 8.679963257549715150e-02 3.240356653042755081e-02 3.003743764901544919e-02
8.505811779772205483e-01 9.329296811520905452e-02 2.721798224189750023e-02 2.890787166567281713e-02
8.428744410965165468e-01 1.062033962171263501e-01 2.380614197153319012e-02 2.711602071482396153e-02
8.272438521789845511e-01 1.257937185604362240e-01 2.150321675161729132e-02 2.545921250896182250e-02
8.057224427388995913e-01 1.503498217748128196e-01 1.960775221193433726e-02 2.431998327435308180e-02
7.847510733285237849e-01 1.736280234418682844e-01 1.758828730848716396e-02 2.403261592112092282e-02
7.719592937316714920e-01 1.880141560345892360e-01 1.524912105505572477e-02 2.477742917868373806e-02
7.680403169056205792e-01 1.934467491969606989e-01 1.269434555368447425e-02 2.581858834373457895e-02
7.671561999773892637e-01 1.962078896212773316e-01 1.019830121666859095e-02 2.643760918466476345e-02
7.614297805830723131e-01 2.030797368411011994e-01 8.123830977264901235e-03 2.736665159856152552e-02
7.393503007184055731e-01 2.236295166798700773e-01 6.732398274689035955e-03 3.028778432703535528e-02
6.887078537085613572e-01 2.683674862403263583e-01 6.028880334327284957e-03 3.689577971678496826e-02
6.021501813251586288e-01 3.437889819742444564e-01 5.850079426119785507e-03 4.821075727447723946e-02
4.894802278581217303e-01 4.401248293448212778e-01 6.113562466419183994e-03 6.428138033063790502e-02
3.785547933338110349e-01 5.300070592595184094e-01 6.860461432265973006e-03 8.457768597440444569e-02
2.858756155748485295e-01 5.980821099516729911e-01 8.316721029927472836e-03 1.077255534435512391e-01
2.184359751843966968e-01 6.376741447787611650e-01 1.010261069494116336e-02 1.337872693419010217e-01
1.689146263424979866e-01 6.589218030743709820e-01 1.216132551290697618e-02 1.600022450702236199e-01
1.316170510746858258e-01 6.719833394846262964e-01 1.407971702165684152e-02 1.823198924190308490e-01
1.014879067355361209e-01 6.876467544607417492e-01 1.532660915157922805e-02 1.955387296521429452e-01
7.775229589038891442e-02 7.110908967072341325e-01 1.568799253505596958e-02 1.954688148673209003e-01
5.779666924332683975e-02 7.456993926856333443e-01 1.495756677282737875e-02 1.815463712982124111e-01
4.259537668334480165e-02 7.832191196666846711e-01 1.332278154211889026e-02 1.608627221078518521e-01
3.253852007529766527e-02 8.140817120954096930e-01 1.152471018101565089e-02 1.418550576482766612e-01
2.650414810588161765e-02 8.353386472883660430e-01 1.032129003215822433e-02 1.278359145735941116e-01
2.311939444791654211e-02 8.470259705986145082e-01 1.006383689427631581e-02 1.197907980591925714e-01
2.133034055549977090e-02 8.490991438379532630e-01 1.080144770737549546e-02 1.187690678991713406e-01
2.045101504036974868e-02 8.409549839904761903e-01 1.254405362111418905e-02 1.260499473480397870e-01
1.975970847992241514e-02 8.226076247354138227e-01 1.530764654901831806e-02 1.423250202356455274e-01
1.885220834862369119e-02 7.925772295854937033e-01 1.928199035209276352e-02 1.692885717137898594e-01
7.932599905271963125e-01 1.037607323775751877e-01 1.005948090203373675e-02 9.291979619319477857e-02
3.179460032943640657e-01 5.081853614621919535e-01 2.267721712424701844e-02 1.511914181191973405e-01
3.207076060395032679e-01 5.176905762755190654e-01 1.804753134015715105e-02 1.435542863448206752e-01
3.157725999801485606e-01 5.321509101663927099e-01 1.464299253735935891e-02 1.374334973160993845e-01
3.052563761416552945e-01 5.506012808975800921e-01 1.216676481311727148e-02 1.319755781476474876e-01
2.897158723019446214e-01 5.751582329207060029e-01 1.026315605663617042e-02 1.248627387207133094e-01
2.669205304675519863e-01 6.116013041463650435e-01 8.643380066617283725e-03 1.128347853194658218e-01
2.361451288302522933e-01 6.614345112927852988e-01 7.194745078951539537e-03 9.522561479801075479e-02
2.021249661988568647e-01 7.157032605870933262e-01 5.989203974506856522e-03 7.618256923954321025e-02
1.715073559253113000e-01 7.633288696870098589e-01 5.073695633049462271e-03 6.009007875462914899e-02
1.469190451414504606e-01 8.010228742195818485e-01 4.202497031060242402e-03 4.785558360790769655e-02
1.228358748346513596e-01 8.363865745964169651e-01 3.458969999452933281e-03 3.731858056947880836e-02
9.966670747166192501e-02 8.695994294337217045e-01 2.644745392407716993e-03 2.808911770220872545e-02
7.947622268648749100e-02 8.980845647938813237e-01 1.860305444861363924e-03 2.057890707476998232e-02
6.560957079834812966e-02 9.176840469635668684e-01 1.262864433310295674e-03 1.544351780477490853e-02
5.984831952750139378e-02 9.265647750517294057e-01 8.993680834638542081e-04 1.268753733730524670e-02
6.158622353974452929e-02 9.260203636647748038e-01 7.089316627926462800e-04 1.168448113268830656e-02
6.749047324779154644e-02 9.204492532881460853e-01 5.978380902746098947e-04 1.146243537378799186e-02
7.313949293621173353e-02 9.151375305275488703e-01 5.013440943008812614e-04 1.122163244193869619e-02
7.677916493566830369e-02 9.119232511786627970e-01 4.168922848894752705e-04 1.088069160077941716e-02
7.997678793569187872e-02 9.087331009670318593e-01 3.740245574928953627e-04 1.091608653978329291e-02
8.416964099576972058e-02 9.036864093318848212e-01 3.831375231653038043e-04 1.176081214918021228e-02
8.898548208683838834e-02 8.969717748116745604e-01 4.278891749483151484e-04 1.361485392653879849e-02
9.306616487610103183e-02 8.899723936271115576e-01 4.805475297610609250e-04 1.648089396702653517e-02
9.647736836660190940e-02 8.825070025104603255e-01 5.330129833171543983e-04 2.048261613962050823e-02
1.010541359243581766e-01 8.722897892768647354e-01 6.031858440150378786e-04 2.605288895476199837e-02
1.090607105609351785e-01 8.562391398471923543e-01 7.161268342455156394e-04 3.398402275762690827e-02
1.210285307141563821e-01 8.330767293909647764e-01 8.684777571791021727e-04 4.502626213769997388e-02
1.409565960295546261e-01 7.979357806342028958e-01 1.110118480602287567e-03 5.999750485564029484e-02
1.644740920888844438e-01 7.568011921116304386e-01 1.373980711675490147e-03 7.735073508780949958e-02
1.838715402748827554e-01 7.213035362257143035e-01 1.543311018648442067e-03 9.328161248075432510e-02
1.921740537049396458e-01 7.038057265404834562e-01 1.536061089302375631e-03 1.024841586652746606e-01
1.918188945244496402e-01 7.036878672446923444e-01 1.429978659274517942e-03 1.030632595715836458e-01
1.903271281850622276e-01 7.109976605419884299e-01 1.340522062614632904e-03 9.733468921033451571e-02
1.918089434720068043e-01 7.180088700608837637e-01 1.296355658581558549e-03 8.888583080852788254e-02
1.974112591714653753e-01 7.199065175598357014e-01 1.269065645327161710e-03 8.141315762337217321e-02
2.081971673567185876e-01 7.135293061595422426e-01 1.236383653467540682e-03 7.703714283027165988e-02
2.252769194392086893e-01 6.982262673989639845e-01 1.199422921066533709e-03 7.529739024076048670e-02
2.502330294007975020e-01 6.737967799985509210e-01 1.277539215695682080e-03 7.469265138495569112e-02
2.793929910433500252e-01 6.469429495076971515e-01 1.202863051447412065e-03 7.246119639750524255e-02
3.166147166119478440e-01 6.141191394127626380e-01 1.072431510277862274e-03 6.819371246501143569e-02
3.654361843569926549e-01 5.719983064194668065e-01 9.013436910817148370e-04 6.166416553245891025e-02
4.206298854872941861e-01 5.267858697895180242e-01 7.019490088027905252e-04 5.188229571438485871e-02
4.693350238676474717e-01 4.907770832003653383e-01 5.101421045245118713e-04 3.937775082746252514e-02
5.017246654176378273e-01 4.707431628219174713e-01 3.759041775677251021e-04 2.715626758287726511e-02
5.156781703591318822e-01 4.661649998662429351e-01 3.137353488512376553e-04 1.784309442577417665e-02
5.195699031242563271e-01 4.680094138197732345e-01 3.087600524887945523e-04 1.211192300348178791e-02
5.257528284320269751e-01 4.648375060729324493e-01 3.420391330670126862e-04 9.067626361973732743e-03
5.421445063185279523e-01 4.499167936631572884e-01 4.014663003692653300e-04 7.537233717945436562e-03
5.712182230030792285e-01 4.215998034116005821e-01 4.780338395712393487e-04 6.703939745748838455e-03
6.109294820224104861e-01 3.823398277150152347e-01 5.690769600744112044e-04 6.161613302500075148e-03
6.571093395180935826e-01 3.363774628336931860e-01 6.857957388237980421e-04 5.827401909389249082e-03
7.020249618385928647e-01 2.914034546348257537e-01 8.549222506096140458e-04 5.716661275971811861e-03
7.372323059549122926e-01 2.558845249511555453e-01 1.086156814281453694e-03 5.797012279650519580e-03
7.593174801504958271e-01 2.332994446536477418e-01 1.340182614747068663e-03 6.042892581109544393e-03
7.690018673197780430e-01 2.229736425501683272e-01 1.554421054503510270e-03 6.470069075550208618e-03
7.679296895492184749e-01 2.232614650864207517e-01 1.689194495960048403e-03 7.119650868400839890e-03
7.583696110150411895e-01 2.317193342014499946e-01 1.752586198112064718e-03 8.158468585396859776e-03
7.413053538702466527e-01 2.470086556684229773e-01 1.774565740518788300e-03 9.911424720811684921e-03
7.143697953691888758e-01 2.710326129370504433e-01 1.791154151853864215e-03 1.280643754190694331e-02
6.773376415796572569e-01 3.033877801353120907e-01 1.837387448167421148e-03 1.743719083686312912e-02
6.339836861729034601e-01 3.397088239714182722e-01 1.911665362013051372e-03 2.439582449366534470e-02
5.863146494053073088e-01 3.779798561095424336e-01 1.969297472385554779e-03 3.373619701276469457e-02
5.323453530195865202e-01 4.212347104153850719e-01 1.955116836454049486e-03 4.446481972857459219e-02
4.676319300346871710e-01 4.764804876298566749e-01 1.840536707047910709e-03 5.404704562840804971e-02
3.901586037070004509e-01 5.497374787229891702e-01 1.607500252333100366e-03 5.849641731767690755e-02
3.052449950234732978e-01 6.387775597163515284e-01 1.260902443262858219e-03 5.471654281691219757e-02
2.234781441392214851e-01 7.320347198566105051e-01 8.759122934714896891e-04 4.361122371069639514e-02
1.556135225544856560e-01 8.134636340610243987e-01 5.716831395691579021e-04 3.035116024492068992e-02
1.069811534776057838e-01 8.727008794677643122e-01 4.005428334046029124e-04 1.991742422122532233e-02
7.507755354271174186e-02 9.110585744143934184e-01 3.356027071962670448e-04 1.352826933569834661e-02
5.405207441940854812e-02 9.355887410622195643e-01 3.429098052571951999e-04 1.001627471311470653e-02
9.822511054012996734e-01 1.512687584255607669e-02 2.388966348873941634e-03 2.330524072703034507e-04
5.473215097889998909e-02 1.133344242729084350e-01 2.363513151091914677e-01 5.955821096390002678e-01
5.815889601268166981e-02 1.447476246472763906e-01 1.757913405498816029e-01 6.213021387901604964e-01
6.433430864584754882e-02 1.891228380078778526e-01 1.322117580235772361e-01 6.143310953226976956e-01
7.423212968619370689e-02 2.487694325141026064e-01 1.025902928109714007e-01 5.744081449887323831e-01
8.973030801401851719e-02 3.169725575486308511e-01 8.317719513908515550e-02 5.101199392982653791e-01
1.121974946305353132e-01 3.797285014468129716e-01 7.109752295935084510e-02 4.369764809633007729e-01
1.416947171537126793e-01 4.230817988175383237e-01 6.397172340263201917e-02 3.712517606261171443e-01
1.781792573022122628e-01 4.412976332906724530e-01 5.976002298194725559e-02 3.207630864251682090e-01
2.237159963399560358e-01 4.344480133684575640e-01 5.651518800039909141e-02 2.853208022911871700e-01
2.824022325734724115e-01 4.040090921621766751e-01 5.262080075535253976e-02 2.609678745089984986e-01
3.547789252824919415e-01 3.584313159017193939e-01 4.711504497338429853e-02 2.396747138424044909e-01
4.368848137842022417e-01 3.082725379959628809e-01 3.993189364270233882e-02 2.149107545771322125e-01
5.255270120237580667e-01 2.570509444125780862e-01 3.138988124299754018e-02 1.860321623206663000e-01
6.101815951151687845e-01 2.100209377423899459e-01 2.376492849121638121e-02 1.560325386512249890e-01
6.828795876937348019e-01 1.701125115540136901e-01 1.756157106933792234e-02 1.294463296829135024e-01
7.342754598940740562e-01 1.424896138493432496e-01 1.337907629037782438e-02 1.098558499662046356e-01
7.607245505762536553e-01 1.297639385189091887e-01 1.105865238386771233e-02 9.845285852096938295e-02
7.625629374995852583e-01 1.331786440457543574e-01 1.008785172665184818e-02 9.417056672800851180e-02
7.404045412374370416e-01 1.547760430449862668e-01 9.935216126100569409e-03 9.488419959147599558e-02
6.941934087420887911e-01 1.975559371485116067e-01 1.013463702800863897e-02 9.811601708139111588e-02
6.240911268914259846e-01 2.640424183212422560e-01 1.042679113599153350e-02 1.014396636513404948e-01
5.296738981796309531e-01 3.567881661027789142e-01 1.127815789730748919e-02 1.022597778202824909e-01
4.228341032510549158e-01 4.654003153381793823e-01 1.207654372118883122e-02 9.968903768957707023e-02
3.172775315302785448e-01 5.753020953247620639e-01 1.331673644000967889e-02 9.410363670494949206e-02
2.273895584026764949e-01 6.705443722359016867e-01 1.500844037844930624e-02 8.705762898297264574e-02
1.599955223416380246e-01 7.425186019199774279e-01 1.697624104702538314e-02 8.050963469135943851e-02
1.131496406359819157e-01 7.925740886461452028e-01 1.879525533713662100e-02 7.548101538073630212e-02
8.092148224214841534e-02 8.281577644433858465e-01 1.975122060043193323e-02 7.116953271403364534e-02
5.803224958949844414e-02 8.568637667920290246e-01 1.925178752512810010e-02 6.585219609334426460e-02
4.199060370837095352e-02 8.813685434712518196e-01 1.755233347989899190e-02 5.908851934047822801e-02
3.161055589497230311e-02 9.008226748972955056e-01 1.552128737710294255e-02 5.204548183062931987e-02
2.537370278571335000e-02 9.148639510840891331e-01 1.374136957484136876e-02 4.602097655535626608e-02
2.219905074960457775e-02 9.227976886754492014e-01 1.254568813230158564e-02 4.245757244264436459e-02
2.259448021841646906e-02 9.215233742955863949e-01 1.245681527563930607e-02 4.342533021035768770e-02
2.433763811514925990e-02 9.121206780725193974e-01 1.349089229031004249e-02 5.005079152202129150e-02
2.753079209625949528e-02 8.931866597165879496e-01 1.558546388967434887e-02 6.369708429747815426e-02
3.115133105453289641e-02 8.654036677104272046e-01 1.831474275269726754e-02 8.513025848234261062e-02
3.485036559759675800e-02 8.309255070637288076e-01 2.100185062074666140e-02 1.132222767179275474e-01
3.787900264761179248e-02 7.942334123306535876e-01 2.306648836965760965e-02 1.448210966520767362e-01
4.118229121623590699e-02 7.605212644913059705e-01 2.379546359933696134e-02 1.745009806931217267e-01
4.561908723772504365e-02 7.354672119796291652e-01 2.285734320801941638e-02 1.960563575746264720e-01
5.151509952659546338e-02 7.212581714579685555e-01 2.065607106944407703e-02 2.065706579459921644e-01
5.834671567289410887e-02 7.162285146291957894e-01 1.807159895507540887e-02 2.073531707428346027e-01
6.473832152582445487e-02 7.175482291883719110e-01 1.579605008354990209e-02 2.019173992022539610e-01
6.916112136863514226e-02 7.236589375919398881e-01 1.398306413215222831e-02 1.931968769072727188e-01
7.171328351221727126e-02 7.330087069600393912e-01 1.262418208933427377e-02 1.826538274384092719e-01
7.384978417728742250e-02 7.441472026205994128e-01 1.167833191509311079e-02 1.703246812870201632e-01
7.569567810192170954e-02 7.586379451102696070e-01 1.090605213381417964e-02 1.547603246539944744e-01
8.080076659410649620e-02 7.729180281169418798e-01 1.008764902569966176e-02 1.361935562632517471e-01
8.556975934940870554e-02 7.883286059203894469e-01 9.185233041078150543e-03 1.169164016891235808e-01
9.127972261525477138e-02 8.019923909593636990e-01 8.193697497144486822e-03 9.853418892823710695e-02
9.555235847003562544e-02 8.147373388360503732e-01 7.196328436660837796e-03 8.251397425725306989e-02
9.898114139777738907e-02 8.240550454017858684e-01 6.354295760313041080e-03 7.060951744012404496e-02
1.004072047194669720e-01 8.325124442847602335e-01 5.714134687810746779e-03 6.136621630796239291e-02
9.820927183671179783e-02 8.435064872904972644e-01 5.275249148110914242e-03 5.300899172467996023e-02
9.388810308476937261e-02 8.559188012805712953e-01 5.047545440279078456e-03 4.514555019438067085e-02
9.137721914477062168e-02 8.657497263535212095e-01 5.025077996361818761e-03 3.784797650534662411e-02
9.546352071452018917e-02 8.686739105080494294e-01 4.833801373537798332e-03 3.102876740389248073e-02
1.052426656427643131e-01 8.655337289990814309e-01 5.190629958511125928e-03 2.403297539964312224e-02
1.211017615097353395e-01 8.555215665003963466e-01 5.753642781687418571e-03 1.762302920818082513e-02
1.356051258164186757e-01 8.459603089899934147e-01 6.104742826238084702e-03 1.232982236734956813e-02
1.375000277416421335e-01 8.483655506478253727e-01 5.733412947465852533e-03 8.401008663067002086e-03
1.294293540400696940e-01 8.594215590261918836e-01 5.152480674484035544e-03 5.996606259254450184e-03
1.180900623511822733e-01 8.723858578826071408e-01 4.758567696344168096e-03 4.765512069866368293e-03
1.079828206405384350e-01 8.827322743864135512e-01 4.936190859618634109e-03 4.348714113429671957e-03
1.059585787688145375e-01 8.843226723826690394e-01 5.203828333901528574e-03 4.514920514614884951e-03
1.098723316110614412e-01 8.792723737081453717e-01 5.750758820251868075e-03 5.104535860541437042e-03
1.143871913026971721e-01 8.734586553407218679e-01 6.329622109502617937e-03 5.824531247078225914e-03
1.141847930220560858e-01 8.728358395028209538e-01 6.606687393278147871e-03 6.372680081844892333e-03
1.057398608065320406e-01 8.813706761629155340e-01 6.390383110587083242e-03 6.499079919965494029e-03
8.773297063218825353e-02 9.004261140819672660e-01 5.769002663515110547e-03 6.071912622329349134e-03
4.788785641912050584e-01 2.311942450857606135e-01 2.277916018359195383e-02 2.671480305394423049e-01
3.983498986418793075e-01 3.039431287045507024e-01 2.524711589568491912e-02 2.724598567578851438e-01
3.304138935607775496e-01 3.832993495330725975e-01 2.866026878149998888e-02 2.576264881246497773e-01
2.796392902166471295e-01 4.586255175870275758e-01 3.260276116144693315e-02 2.291324310348784310e-01
2.468755233053137044e-01 5.217639289719794293e-01 3.692121045880861208e-02 1.944393372638983375e-01
2.277898265787337007e-01 5.702936246428695899e-01 4.176046639924547305e-02 1.601560823791517152e-01
2.164968237228112879e-01 6.060271613757789444e-01 4.756636017717875281e-02 1.299096547242311050e-01
2.082899422149211421e-01 6.322387453129727497e-01 5.468413536570448236e-02 1.047871771064017715e-01
2.007395381473144891e-01 6.508648087491095691e-01 6.367508537900204435e-02 8.472056772457382812e-02
1.921106112059045024e-01 6.641534700075228947e-01 7.483865429944641656e-02 6.889726448712626961e-02
1.809007662768857272e-01 6.751963955715180044e-01 8.711233157368197810e-02 5.679050657791438750e-02
1.686241015694426582e-01 6.839571004813402855e-01 9.885003345201281988e-02 4.856876449720434752e-02
1.593139543260817803e-01 6.877986832267786177e-01 1.089214254355048289e-01 4.396593701163440532e-02
1.534266948962569044e-01 6.887208488961236164e-01 1.162439829339231567e-01 4.160847327369600335e-02
1.464598675923760307e-01 6.939102010271629428e-01 1.198106398525531635e-01 3.981929152790764787e-02
1.350260781970882284e-01 7.072143569495267235e-01 1.198834560221511136e-01 3.787610883123390670e-02
1.198477557929649717e-01 7.263407057734759809e-01 1.180091370697518433e-01 3.580240136380708621e-02
1.040491384782911699e-01 7.458394028107068197e-01 1.163785521065212325e-01 3.373290660448077793e-02
9.129502742795882198e-02 7.594793199349567647e-01 1.170786158744534095e-01 3.214703676263123977e-02
8.305657620007128594e-02 7.650066985828638533e-01 1.204607988226679555e-01 3.147592639439675960e-02
7.830888151641550443e-02 7.644342877555601046e-01 1.255003150050456318e-01 3.175651572297897435e-02
7.511621404279260339e-02 7.593512201735111988e-01 1.330143559464851966e-01 3.251820983721098041e-02
7.131598999283979279e-02 7.506654177666919336e-01 1.458467165196606907e-01 3.217187572080779795e-02
9.363055490219142352e-02 2.631077950465097320e-02 3.500274076553626101e-01 5.300312579377949307e-01
8.952956929317845702e-02 2.820953949627695231e-02 3.122656441153569551e-01 5.699952470951878958e-01
8.849682240561139446e-02 3.024374293897591839e-02 2.768966970855812892e-01 6.043627375698309434e-01
8.983463286784962309e-02 3.221757833144007349e-02 2.438412939675317914e-01 6.341064948331782691e-01
9.313341967527880016e-02 3.399194759487062650e-02 2.166218220875524292e-01 6.562528106422984564e-01
9.803885676217512224e-02 3.531664979760103240e-02 1.964627912593667203e-01 6.701817021808568198e-01
1.037991603332113766e-01 3.559706797335782102e-02 1.802033270369075013e-01 6.804004446565231623e-01
1.095195114063143432e-01 3.420876675384643129e-02 1.637827910030466294e-01 6.924889308367924157e-01
1.141906499752062126e-01 3.101204374908933525e-02 1.462700808423476051e-01 7.085272254333563335e-01
1.155644962247016350e-01 2.640262816190266232e-02 1.303292115200039569e-01 7.277036640933917111e-01
1.112870069464744899e-01 2.129876155273103741e-02 1.201365347611182133e-01 7.472776967396761449e-01
1.017254818021752077e-01 1.679514536893986221e-02 1.195721203796963894e-01 7.619072524491882215e-01
8.965443596598507425e-02 1.351529888964781573e-02 1.316888992675166736e-01 7.651413658768506654e-01
7.736815581863042135e-02 1.140313361846807122e-02 1.571710318415915353e-01 7.540576787213097987e-01
6.435264460018622068e-02 9.913615535823636082e-03 1.912663083884758031e-01 7.344674314755140765e-01
4.990764405983159208e-02 8.564350217669059948e-03 2.277444547901986971e-01 7.137835509323008365e-01
3.575797331883522057e-02 7.240659155005165805e-03 2.651689496500320709e-01 6.918324178761275922e-01
2.438477257841720550e-02 6.074201122033053360e-03 3.089402510457849305e-01 6.606007752537647049e-01
1.663402221344785145e-02 5.180490340941585996e-03 3.634414033751915962e-01 6.147440840704186948e-01
1.099818210648833769e-02 4.448136838089441700e-03 4.236519658898908469e-01 5.609017151655313338e-01
7.918534964295721040e-03 3.957228724845500596e-03 4.795117422576921085e-01 5.086124940531669969e-01
6.098651466129405112e-03 3.644516237875615027e-03 5.248218291636725930e-01 4.654350031323220005e-01
5.218716176462092314e-03 3.565021868417426760e-03 5.584433855260682034e-01 4.327728764290524333e-01
5.637410344268299449e-03 3.813198157957275580e-03 5.857704455357342077e-01 4.047789459620405594e-01
5.914526470592989735e-03 4.256896525530317645e-03 6.182573662947400406e-01 3.715712107091368455e-01
6.699928811683072277e-03 4.982345051287519373e-03 6.605305745778605742e-01 3.277871515591686546e-01
8.096618975076986038e-03 5.957522438798643939e-03 7.066671641772199752e-01 2.792786944089046819e-01
1.015521113814040963e-02 7.022824965357968470e-03 7.478590742012648507e-01 2.349628896952367374e-01
1.268712383505600852e-02 7.944505828408639572e-03 7.820373535099134354e-01 1.973310168266216857e-01
1.529003506963061594e-02 8.161785996134604884e-03 8.110878710350077903e-01 1.654603078992271381e-01
1.971748491066778117e-02 9.457017127049294550e-03 8.303837050331092096e-01 1.404417929291735534e-01
2.657220006569789572e-02 1.066287048715518562e-02 8.380119165754223998e-01 1.247530128717244252e-01
3.875707316860819290e-02 1.261215143895365667e-02 8.288584182636996589e-01 1.197723571287385158e-01
6.017286999942697556e-02 1.549729165599299241e-02 7.990345164308396697e-01 1.252953219137405150e-01
9.647417943817232500e-02 2.036312859545998111e-02 7.442391580257827766e-01 1.389235339405850700e-01
1.543255915664357714e-01 2.735633108184626697e-02 6.626762471059456372e-01 1.556418302457723557e-01
2.366572128978113587e-01 3.688567251732635666e-02 5.588466484113253641e-01 1.676104661735368095e-01
3.369188530487554067e-01 4.809600897368686290e-02 4.462116606138298858e-01 1.687734773637274699e-01
4.405541755476051202e-01 5.934365532419050987e-02 3.419415403775285522e-01 1.581606287506757136e-01
5.284775433422049806e-01 7.014797831812476236e-02 2.625185138616625835e-01 1.388559644780079372e-01
6.005800746606303475e-01 8.026664681728462591e-02 2.031270781315941409e-01 1.160262003904909550e-01
6.541506535583009319e-01 9.222181969254897305e-02 1.592393333353863405e-01 9.438819341376392114e-02
6.880930599564496486e-01 1.068317322378433271e-01 1.282621140094376277e-01 7.681309379626954925e-02
7.017161451699598373e-01 1.251823686326741791e-01 1.085033653449912067e-01 6.459812085237469359e-02
7.039737558190058975e-01 1.419899525442678834e-01 9.692543804431753840e-02 5.711085359240868770e-02
6.999172013755488031e-01 1.534594608162499763e-01 9.295239539008490204e-02 5.367094241811640881e-02
6.935847975743303362e-01 1.599891498862093253e-01 9.360013544611468783e-02 5.282591709334549107e-02
6.846618129462737068e-01 1.618960381744497246e-01 1.002544635660998912e-01 5.318768531317667053e-02
6.726692483960908797e-01 1.621981844704085685e-01 1.115486140098085749e-01 5.358395312369187286e-02
6.579692881504006774e-01 1.622569067594951953e-01 1.262013161605236300e-01 5.357248892958021286e-02
6.406811713762334826e-01 1.631259193130517871e-01 1.433820713730473151e-01 5.281083793766721407e-02
6.165042487900114221e-01 1.685793403948627200e-01 1.634316150328720685e-01 5.148479578225346326e-02
5.891361638261620737e-01 1.760834804535818532e-01 1.849873741024350149e-01 4.979298161782082233e-02
5.674912475446751703e-01 1.815771395686791023e-01 2.026619894412950429e-01 4.826962344535086491e-02
5.601451841271812837e-01 1.817064561652378951e-01 2.108841513261155154e-01 4.726420838146499354e-02
5.654179327372255148e-01 1.773513275173609072e-01 2.105175301534958632e-01 4.671320959191754829e-02
5.740823244661171776e-01 1.724623683228138360e-01 2.067002383154952772e-01 4.675506889557375090e-02
5.769600665742122825e-01 1.703370625345015099e-01 2.050288170872132942e-01 4.767405380407298970e-02
5.699195774724685748e-01 1.707466198563944992e-01 2.098233295820061683e-01 4.951047308913064660e-02
5.540078525715297353e-01 1.702421927877142138e-01 2.233160918878083767e-01 5.243386275294775745e-02
5.326255014766062557e-01 1.650137662384305037e-01 2.454291429277559444e-01 5.693158935720724761e-02
5.095689453673372116e-01 1.536147193242316245e-01 2.731286391311620876e-01 6.368769617726961763e-02
4.876647982655662461e-01 1.379223989932931438e-01 3.013916445448248660e-01 7.302115819631561922e-02
4.666411474558057049e-01 1.219232296930331666e-01 3.274709319480521019e-01 8.396469090310886008e-02
4.434874031128106520e-01 1.054152876087768448e-01 3.568393094933447474e-01 9.425799978506775589e-02
4.107438857972752766e-01 9.037327753727071589e-02 3.970200772308103421e-01 1.018627594346434434e-01
3.689062900814112367e-01 7.646710457196363719e-02 4.497715645378412286e-01 1.048550408087835784e-01
3.145710464271348483e-01 6.384122905198312548e-02 5.207296819198387050e-01 1.008580426010433628e-01
2.493242295114203311e-01 5.304784669659477758e-02 6.087809876165563017e-01 8.884693617542815947e-02
1.841803076410475359e-01 4.444686792964409883e-02 6.994909886686837552e-01 7.188183576062466551e-02
1.340693445883780199e-01 3.810918616164249428e-02 7.718097314078106175e-01 5.601173784216890300e-02
1.041165017205378934e-01 3.353783741587550160e-02 8.174795876338302181e-01 4.486607322975619261e-02
9.074661164462768936e-02 3.008355945961116440e-02 8.405672583397979514e-01 3.860257055596343773e-02
8.778265303419476029e-02 2.734754413806752757e-02 8.493505650279766783e-01 3.551923779976097484e-02
8.764040389388851049e-02 2.476721480644989912e-02 8.546155969636004546e-01 3.297678433606138909e-02
8.320347663747039435e-02 2.157239262957494005e-02 8.664742944712272577e-01 2.874983626172709916e-02
7.242915021303318601e-02 1.687571552886904525e-02 8.881256359288429714e-01 2.256949832925451288e-02
5.643517981404547884e-02 1.237785682281697906e-02 9.154382959950293497e-01 1.574866736810814211e-02
4.160979366249992900e-02 8.589514762426968264e-03 9.396191232811045291e-01 1.018156829396857019e-02
3.015036881584597095e-02 5.982267544082172858e-03 9.574723709447567899e-01 6.394992695315240665e-03
2.152291044014247728e-02 4.340861135646018401e-03 9.701178015548715949e-01 4.018426869340104533e-03
1.531017021542691210e-02 3.335872179719395324e-03 9.787341634587825023e-01 2.619794146071066643e-03
1.161755488847265351e-02 2.762987833513624175e-03 9.837257451943242081e-01 1.893712083689452590e-03
9.978840635904250370e-03 2.476603623464165675e-03 9.859658930178719638e-01 1.578662722759982930e-03
9.699907359717025931e-03 2.373540181579788903e-03 9.864286466384931673e-01 1.497905820209678718e-03
1.023552726390667550e-02 2.389017694898464949e-03 9.858226856489419321e-01 1.552769392252967805e-03
1.103461535130968035e-02 2.463526809583380973e-03 9.848317050599335598e-01 1.670152779173718436e-03
1.141058389662576167e-02 2.510021120870970651e-03 9.843202524071222870e-01 1.759142575380867731e-03
1.103369553914940356e-02 2.464374021871726730e-03 9.847387102344912213e-01 1.763220204487448480e-03
