1.081712388392896268e-02 6.768753624982455294e-03 1.444845867808024487e-01 8.379295357102859443e-01
1.182381387814573082e-01 5.227098797127011781e-02 2.754458050000712088e-01 5.540450682472014554e-01
1.218558640033499119e-01 5.250870662890912838e-02 2.867008170273667167e-01 5.389346123403743194e-01
1.286615878365837962e-01 5.125519994204428414e-02 3.073513152120382896e-01 5.127318970093337480e-01
1.361108605706705943e-01 4.814064297927406200e-02 3.363984495752487813e-01 4.793500468748064791e-01
1.413858781640155438e-01 4.326188561485052458e-02 3.749784601660246519e-01 4.403737760551093006e-01
1.440558854659450272e-01 3.738620310697918225e-02 4.228046464598095855e-01 3.957532649672664826e-01
1.453569767509463040e-01 3.142881576852873254e-02 4.755117554731055907e-01 3.477024520074194491e-01
1.451465618024863069e-01 2.569788118206147928e-02 5.293917922251859531e-01 2.997637647902659519e-01
1.433296333848658455e-01 2.024974528159594750e-02 5.822753415137554844e-01 2.541452798197828544e-01
1.424269506799777651e-01 1.543280760791133216e-02 6.296754867030951441e-01 2.124647550090152659e-01
1.425398308404876302e-01 1.150596334414409963e-02 6.705451801945915280e-01 1.754090256207766485e-01
1.439675313178263028e-01 8.556994674186123653e-03 7.037928110987995423e-01 1.436826629091881025e-01
1.471927983656447503e-01 6.568750392324458447e-03 7.263276782712126955e-01 1.199107729708181330e-01
1.561251905567310749e-01 5.498375749481317944e-03 7.318987777503579428e-01 1.064776559434301578e-01
1.741821105591807584e-01 5.202439969654689550e-03 7.172045672341353928e-01 1.034108822370292669e-01
2.020257749259699032e-01 5.520129141865489329e-03 6.833131607316048628e-01 1.091409352005597577e-01
2.378965200169343153e-01 6.358349068705696633e-03 6.338453856295215294e-01 1.218997452848383789e-01
2.769120501384315092e-01 7.622115167380061687e-03 5.761217699606859810e-01 1.393440647335026650e-01
3.126170195287089060e-01 9.068494511593588533e-03 5.196182347770719190e-01 1.586962511826257305e-01
3.420711265478029728e-01 1.044123919048681355e-02 4.681279646928708793e-01 1.793596695688395581e-01
3.640963302296723048e-01 1.158460355464446465e-02 4.217062701689026638e-01 2.026127960467805078e-01
3.761222465754030519e-01 1.277360025793204852e-02 3.814794419458956698e-01 2.296247112207695784e-01
3.767160266183807171e-01 1.302983864545006511e-02 3.493765143804389850e-01 2.608776203557306439e-01
3.652000229572299195e-01 1.363096961782953552e-02 3.263022610521803535e-01 2.948667463727602245e-01
3.434308099724325825e-01 1.438967333088789387e-02 3.130475820674659682e-01 3.291319346292134185e-01
3.144138288219013866e-01 1.524968783963484391e-02 3.077794099235808267e-01 3.625570734148825802e-01
2.824047358623009707e-01 1.618547593861047185e-02 3.059425515935850770e-01 3.954672366055035360e-01
2.513093868851074553e-01 1.736738708383506191e-02 3.020506709518097632e-01 4.292725550792477196e-01
2.227440687250330231e-01 1.901420455131843518e-02 2.916662781027921647e-01 4.665754486208564256e-01
1.998200090369354753e-01 2.198168599698492598e-02 2.708528303827653083e-01 5.073454745833142487e-01
1.783018706422004052e-01 2.661747575367163360e-02 2.448296993869868154e-01 5.502509542171412082e-01
1.550238134726323325e-01 3.339447884160091917e-02 2.164848670403382302e-01 5.950968406454286708e-01
1.260472032516928298e-01 4.145577074425298852e-02 1.886814891087147950e-01 6.438155368953396573e-01
9.604823805920621738e-02 5.077705249943999938e-02 1.598443846501517995e-01 6.933303247912016021e-01
7.082798028985343164e-02 6.373778103087912594e-02 1.307245146420072390e-01 7.347097240372599813e-01
5.187571530770804240e-02 8.202848129589734860e-02 1.038046345275924348e-01 7.622911688688021048e-01
3.962509307723184604e-02 1.054846885645655402e-01 8.059851475477715355e-02 7.742917036034256961e-01
3.185449481280956674e-02 1.374391597192992920e-01 6.106432708147971344e-02 7.696420183864112197e-01
2.699081790412207957e-02 1.799138992206561205e-01 4.586566402952523686e-02 7.472296188456967192e-01
2.423538774277755881e-02 2.338027086190613557e-01 3.563990918413594694e-02 7.063219944540252149e-01
2.266937158137970545e-02 2.998511339350319882e-01 2.972441071736503515e-02 6.477550837662229277e-01
2.214538927072660229e-02 3.707567648695420659e-01 2.648947119613764140e-02 5.806083746635936071e-01
2.132492623521336367e-02 4.346987992065556305e-01 2.528936559229224071e-02 5.186869089659383869e-01
2.194052793512202976e-02 4.761568960359275904e-01 2.497503514134617394e-02 4.769275408876041955e-01
2.223410308948268327e-02 4.919774163379762588e-01 2.486794331371745825e-02 4.609205372588236482e-01
2.335118943987246620e-02 4.816497222825237845e-01 2.483995405839589318e-02 4.701591342192078526e-01
2.656535142964785642e-02 4.477769655043303265e-01 2.512440067460358292e-02 5.005332823914182550e-01
3.263093350174786633e-02 3.898360792873950542e-01 2.630123952760790237e-02 5.512317476832495622e-01
4.188109592792006036e-02 3.185505174910647774e-01 2.794581662124525495e-02 6.116225699597699350e-01
5.324397492905814239e-02 2.530037774925094074e-01 2.937861527810616338e-02 6.643736323003263111e-01
6.580974121226863816e-02 2.022866044174850275e-01 3.014584571644564337e-02 7.017578086538003301e-01
7.979234326562373303e-02 1.648466449772295617e-01 3.009751213916551926e-02 7.252634996179810889e-01
9.631740290335227828e-02 1.359308013604180188e-01 2.926608542056683901e-02 7.384857103156629021e-01
1.164049334520707579e-01 1.122875951246866816e-01 2.796251516849236965e-02 7.433449562547497225e-01
1.402687557136459429e-01 9.290888477638671594e-02 2.659470449224623709e-02 7.402276550177212533e-01
1.688425268308857696e-01 7.682566492006986936e-02 2.526408608496943584e-02 7.290677221640751160e-01
2.013164410613102195e-01 6.458378551042134874e-02 2.459804827152153872e-02 7.095017251567469208e-01
2.367720734930405246e-01 5.550922855873712675e-02 2.444768144755082515e-02 6.832710165006714575e-01
2.700206013190345478e-01 4.904719286692888619e-02 2.464740995636071491e-02 6.562847958576756291e-01
2.957109285650035280e-01 4.455941890105880737e-02 2.486556260254894207e-02 6.348640899313883201e-01
3.101458632951736294e-01 4.218548584351821534e-02 2.537851592866909381e-02 6.222901349326391829e-01
3.123537830262932413e-01 4.271471816100774060e-02 2.696839068286292426e-02 6.179631081298357920e-01
3.018183329973107565e-01 4.711699595571781918e-02 2.991313600465773589e-02 6.211515350423134629e-01
2.805802681264857323e-01 5.593832923315832789e-02 3.387870754481977359e-02 6.296026950955361245e-01
2.544738101698892918e-01 6.858585186851930138e-02 3.864446789459599629e-02 6.382958700669952856e-01
2.289329910927971334e-01 8.292156555431703935e-02 4.407102551959272280e-02 6.440744178332932224e-01
2.038980069454132404e-01 9.951637638243723827e-02 5.046484186057108995e-02 6.461207748115781468e-01
1.807058445888210796e-01 1.169178328706682868e-01 5.674006121930487423e-02 6.456362613212055512e-01
1.558025478071334569e-01 1.390705024377078824e-01 6.324526431504748358e-02 6.418816854401110383e-01
1.282386010312046298e-01 1.703576055348527407e-01 7.096870208141921321e-02 6.304350913525238465e-01
1.011407418248790463e-01 2.103099937589807122e-01 8.021548712887696664e-02 6.083337772872631222e-01
1.967506860207597977e-02 2.771282895128892587e-01 6.394927479117454294e-02 6.392473670938602082e-01
1.841357862957982150e-01 3.721669792430072621e-02 2.895009778568261583e-01 4.891465379230748867e-01
1.414718310197323192e-01 2.997414791643841434e-02 2.785951631612676449e-01 5.499588579025614932e-01
1.044061875080342788e-01 2.282630430087606230e-02 2.564873966819330442e-01 6.162801115091569581e-01
7.513452266978086491e-02 1.662893801810433336e-02 2.274020415205818546e-01 6.808344977915328222e-01
5.462052784360790780e-02 1.208390197447382908e-02 1.967541235387400833e-01 7.365414466431781104e-01
4.204814897418085451e-02 9.306968289470939071e-03 1.681629889005058220e-01 7.804818938358424329e-01
3.602894546830364558e-02 8.084882760852507566e-03 1.429609419706766860e-01 8.129252298001673482e-01
3.541679956549646791e-02 8.195243991037786183e-03 1.211707275894481906e-01 8.352172288540176126e-01
3.987007839112118729e-02 9.663850085039808399e-03 1.041530123522452778e-01 8.463130591715936069e-01
5.022156809025977303e-02 1.302247479714206159e-02 9.486145578693871983e-02 8.418945013256595722e-01
6.842451125728325756e-02 1.933877843452174936e-02 9.502015709798947163e-02 8.172165532102053653e-01
9.684366928390476803e-02 2.962609073432491760e-02 1.042833144833110459e-01 7.692469254984594107e-01
1.385244092155224760e-01 4.364280653346353650e-02 1.208441593034073752e-01 6.969886249476067164e-01
1.966572154495545288e-01 5.893131118819732589e-02 1.415676043891025138e-01 6.028438689731454581e-01
2.700428746364736954e-01 7.225673648870362120e-02 1.628823875274640898e-01 4.948180013473581496e-01
3.493718182255370897e-01 8.310208548085111502e-02 1.828272133122705867e-01 3.846988829813410282e-01
4.195508493681460171e-01 9.434486593253586795e-02 2.015322418950004357e-01 2.845720428043179151e-01
4.677799056844381687e-01 1.098916509391646840e-01 2.191268646356457628e-01 2.032015787407514817e-01
4.977591684608985156e-01 1.316828312087195696e-01 2.285168498380701352e-01 1.420411504923114188e-01
5.081719227207095457e-01 1.631583062824264185e-01 2.304961178414408618e-01 9.817365315542356252e-02
5.033331393731117487e-01 2.059705357397269287e-01 2.234609208444313100e-01 6.723540404273027626e-02
4.858557155063795152e-01 2.589122742139576827e-01 2.093879143925134190e-01 4.584409588714970230e-02
4.595686262324482629e-01 3.168712013928556281e-01 1.921237419099271204e-01 3.143643046476882891e-02
4.377862377114854486e-01 3.654629523679899239e-01 1.747532040694459443e-01 2.199760585107847846e-02
4.266357238539016383e-01 3.965238708880221008e-01 1.606350602277213380e-01 1.620534503035500271e-02
4.342469975682273775e-01 4.016226018172532330e-01 1.512647006410202388e-01 1.286569997349907776e-02
4.618071633115652941e-01 3.805716925763732439e-01 1.466303371620469864e-01 1.099080695001454153e-02
5.013918951244847877e-01 3.432483266314847459e-01 1.454873724658017897e-01 9.872405778228541401e-03
5.424005160318855490e-01 3.029608088018996837e-01 1.455719837959251195e-01 9.066691370289571561e-03
5.807313198766463902e-01 2.658533169664160645e-01 1.450191700683867435e-01 8.396193088550813963e-03
6.177184552593720790e-01 2.309463345933364664e-01 1.434933334109504965e-01 7.841876736340991014e-03
6.574106302316774508e-01 1.946646963704129762e-01 1.405816381974830664e-01 7.343035200426386785e-03
6.955827092169649672e-01 1.608995960730075780e-01 1.365987292027570910e-01 6.918965507270078384e-03
7.298721713881726192e-01 1.311801280971439387e-01 1.323096432475436013e-01 6.638057267139889361e-03
7.579094527781338186e-01 1.068891994693909053e-01 1.285285111765794575e-01 6.672836575895835926e-03
7.829320850659059472e-01 8.704851370347117812e-02 1.229806691540132335e-01 7.038732076609684543e-03
8.105499665569849688e-01 7.024636475026642402e-02 1.116479560617825717e-01 7.555712630965889798e-03
8.404608542685474415e-01 5.712738876958484147e-02 9.433692957165372428e-02 8.074827390214091641e-03
8.708580204418232551e-01 4.604355426790970179e-02 7.472292238558594923e-02 8.375502904680984587e-03
8.973814134339663795e-01 3.807075442185006708e-02 5.623647830691608229e-02 8.311353837267601227e-03
9.183142640995873851e-01 3.309798068846743491e-02 4.086025545139664039e-02 7.727499760548792868e-03
9.321497614455438452e-01 3.120274345153334697e-02 2.982405077195567425e-02 6.823444330967026912e-03
9.383275460182112226e-01 3.275231740989190815e-02 2.293161360292282278e-02 5.988522968973805302e-03
9.370080444042926393e-01 3.851627190078366070e-02 1.903526786736594451e-02 5.440415827557921156e-03
9.284839171322051277e-01 4.954075952645387720e-02 1.681264465294426969e-02 5.162678688396850346e-03
9.136843678775237176e-01 6.553337994258391641e-02 1.570949394514689276e-02 5.072758234745348288e-03
8.981087658872605184e-01 8.213767547631634081e-02 1.464460644124826287e-02 5.108952195174936046e-03
8.883631615754633559e-01 9.298790207227886073e-02 1.334185142236541700e-02 5.307084929891936996e-03
8.863612367592935692e-01 9.651662613220821085e-02 1.156582726697303817e-02 5.556309841525086321e-03
8.872312116322602638e-01 9.742867924756666576e-02 9.553254772810663292e-03 5.786854347362530362e-03
8.844374735323854431e-01 1.014683808424814149e-01 7.852371213340222575e-03 6.241774411793176228e-03
8.706884878882329426e-01 1.150385061378738499e-01 6.860704586784133890e-03 7.412301387108647700e-03
8.377867601054180824e-01 1.455410506769964640e-01 6.689508406531308009e-03 9.982680811054142969e-03
7.764856652846255924e-01 2.013128755316289098e-01 7.307454462735420847e-03 1.489400472100996936e-02
6.806316132524706797e-01 2.871714053349471718e-01 8.768975891279919693e-03 2.342800552130208658e-02
5.571705010559685478e-01 3.950479440238380269e-01 1.110098159624696608e-02 3.668057332394640546e-02
4.286649377058546762e-01 5.030485458003124410e-01 1.403263598451924554e-02 5.425388050931356093e-02
3.166118651516583449e-01 5.921070254755745887e-01 1.754801466408540886e-02 7.373309470868198712e-02
2.275800293108194705e-01 6.596103598521919631e-01 2.006396419304904213e-02 9.274564664393949998e-02
1.606083285105185388e-01 7.093240557170864546e-01 2.135078416561682346e-02 1.087168316067782109e-01
1.111025541624632434e-01 7.498327485465132725e-01 2.106341712984708889e-02 1.180012801611764195e-01
7.465564234726480841e-02 7.892054819138207833e-01 1.930272255366837983e-02 1.168361531852459417e-01
4.901059211891413414e-02 8.296556905619334454e-01 1.643048932208088925e-02 1.049032279970718157e-01
3.098508057428128737e-02 8.679820907031278177e-01 1.309597773655078387e-02 8.793685098604001049e-02
2.083845497142020053e-02 8.958254204889312122e-01 1.034098444696595134e-02 7.299514009268256998e-02
1.539552991953790917e-02 9.135942148944703467e-01 8.674462893001812225e-03 6.233579229299026497e-02
1.249094290722599886e-02 9.234449449645811825e-01 8.107666418932086422e-03 5.595644570926053274e-02
1.094832176336986082e-02 9.268386543839403080e-01 8.500474003879860893e-03 5.371254984881006223e-02
1.016417353966306107e-02 9.240824353989567363e-01 9.799687262329975085e-03 5.595370379904994473e-02
9.674785666407951373e-03 9.152617744258911836e-01 1.204590374134372269e-02 6.301753616635752397e-02
9.318247675924004256e-03 8.987794508288816653e-01 1.557870929972684712e-02 7.632359219546776263e-02
8.783654434462270233e-01 8.201082310330594372e-02 1.735907526382522367e-02 2.226465818664184401e-02
2.549665278419854797e-01 6.429434066147624582e-01 2.500297571401078819e-02 7.708708982924156183e-02
2.729030518504896308e-01 6.288346360140584235e-01 2.013284292812492562e-02 7.812946920732728728e-02
2.884264322813082648e-01 6.148282508682120229e-01 1.665643089810371624e-02 8.008888595237555197e-02
3.010808573274976752e-01 6.018475699100691578e-01 1.423321394918986710e-02 8.283835881324318196e-02
3.073462672302966769e-01 5.954968121041825935e-01 1.238827017462854757e-02 8.476865049089229998e-02
3.005189039352259006e-01 6.054614269871827492e-01 1.073989862845914182e-02 8.327977044913199844e-02
2.796427552792873916e-01 6.338069994686886810e-01 8.875375810419973768e-03 7.767486944160408024e-02
2.486666784274023656e-01 6.742220891215346956e-01 7.610035257160452891e-03 6.950119719390221440e-02
2.210405310954467462e-01 7.102490421125231546e-01 6.649897963786717200e-03 6.206052882824360933e-02
1.994453909219355003e-01 7.390989568871160209e-01 5.854783094385705537e-03 5.560086909656284521e-02
1.789970770157960356e-01 7.674743246622608428e-01 4.984031841171328650e-03 4.854456648077183634e-02
1.565962914667188288e-01 7.992582651569138941e-01 3.936632494832064018e-03 4.020881088153507171e-02
1.350985322525444787e-01 8.303121424409004581e-01 2.866397104145549952e-03 3.172292820240951022e-02
1.207405805733816617e-01 8.523470625033514603e-01 2.028781171871159132e-03 2.488357575139557576e-02
1.182442177533260669e-01 8.596151429017224732e-01 1.523505634137567845e-03 2.061713371081387927e-02
1.279767292648983368e-01 8.521501746439272829e-01 1.279900610983099882e-03 1.859319548019109161e-02
1.464133917718144773e-01 8.347393896357918619e-01 1.154539624684417258e-03 1.769267896770919044e-02
1.642924008775116240e-01 8.179217435443116857e-01 1.053398051949600098e-03 1.673245752622705418e-02
1.805974654447206340e-01 8.027339397767967455e-01 9.687363325659878672e-04 1.569985844591672078e-02
1.980037264142593678e-01 7.856527251539240364e-01 9.540476450300418255e-04 1.538950078678700747e-02
2.182540573897774616e-01 7.642962031717779325e-01 1.037608756978322449e-03 1.641213068146640461e-02
2.411027392254076751e-01 7.389651922849422849e-01 1.181684451691045147e-03 1.875038403795913425e-02
2.646135992159614481e-01 7.121775920566586482e-01 1.309435231079196646e-03 2.189937349630074678e-02
2.874543847611216174e-01 6.856087391762480943e-01 1.392066042400221318e-03 2.554481002023009303e-02
3.101775733521348055e-01 6.586120986399279786e-01 1.464906525910421959e-03 2.974542148202666617e-02
3.360225494811459601e-01 6.276666503832506461e-01 1.575377247647783991e-03 3.473542288795555127e-02
3.696645075081466669e-01 5.878938591072351283e-01 1.762114952925253200e-03 4.067951843169335252e-02
4.103406626787270972e-01 5.404818974848245583e-01 2.068155529970286746e-03 4.710928430647826765e-02
4.564621047884556693e-01 4.885649421372634249e-01 2.326626621599691899e-03 5.264632645268115668e-02
4.942700394545542775e-01 4.477571182691393314e-01 2.453365601660850801e-03 5.551947667464560837e-02
5.124102536273352770e-01 4.304743139394994200e-01 2.371416948676372590e-03 5.474401548448903920e-02
5.093423799582170730e-01 4.370084866887068431e-01 2.180826866239055604e-03 5.146830648683692333e-02
4.920613111685607777e-01 4.585256776389988187e-01 2.007063389952919684e-03 4.740594780248777451e-02
4.701299372770936791e-01 4.846382242395833040e-01 1.873050580644738472e-03 4.335878790267834459e-02
4.542370839514895398e-01 5.043821523409728336e-01 1.739439769126766141e-03 3.964132393841084817e-02
4.522483283654176733e-01 5.097576664228488097e-01 1.585103452804146858e-03 3.640890175892950997e-02
4.653929799962204239e-01 4.996566574468557231e-01 1.425259989847930736e-03 3.352510256707584568e-02
4.899704979884462741e-01 4.781599571095078161e-01 1.272037046156655922e-03 3.059750785588908825e-02
5.232822200437212690e-01 4.484482870176578206e-01 1.107592464457225626e-03 2.716190047416357917e-02
5.667949089162829246e-01 4.091379734109961142e-01 9.201646466540857553e-04 2.314695302606711511e-02
6.211430783255794674e-01 3.591901001775340552e-01 7.357470842034975018e-04 1.893107441268307781e-02
6.765030270278487023e-01 3.081663244317678352e-01 5.788251691894371340e-04 1.475182337119407446e-02
7.204746678218857392e-01 2.681240309064647498e-01 4.580550339860350330e-04 1.094324623766319317e-02
7.478834921760775245e-01 2.437974261196387549e-01 3.771747988773181161e-04 7.941906905406616313e-03
7.595744000211420710e-01 2.341879673110104920e-01 3.378482707710221081e-04 5.899784397076414215e-03
7.626747164931455547e-01 2.322824679320482644e-01 3.422407076267194306e-04 4.700574867179473093e-03
7.648355126618694433e-01 2.306700755996774488e-01 3.938505952295253418e-04 4.100561143223645580e-03
7.704143968920250662e-01 2.252539832985087087e-01 4.936604127390788492e-04 3.837959396727168206e-03
7.819653492598012123e-01 2.136988648476506325e-01 6.337992628337390339e-04 3.701986629714131092e-03
7.990094391147327668e-01 1.965718310301695637e-01 8.086729317374892175e-04 3.610056923360238472e-03
8.188478458473564814e-01 1.765113058629019793e-01 1.031429874689809238e-03 3.609418415051721379e-03
8.370175246917638257e-01 1.578716007785443132e-01 1.330619131963121319e-03 3.780255397728632741e-03
8.496081191940865196e-01 1.445530231503238949e-01 1.705835344660379177e-03 4.133022310929578176e-03
8.556454522361021109e-01 1.376151005611077338e-01 2.100538599445075927e-03 4.638908603345206876e-03
8.554336708595694505e-01 1.368109011413866649e-01 2.444812135977800834e-03 5.310615863066266325e-03
8.483408339313684987e-01 1.427503933140681358e-01 2.703303622481974602e-03 6.205469132081552208e-03
8.336280174413843724e-01 1.560096734766768245e-01 2.890407859442987917e-03 7.471901222495787830e-03
8.100814164102242421e-01 1.775293457834922484e-01 3.031100377039008635e-03 9.358137429244373431e-03
7.738806391187968980e-01 2.108012219743321258e-01 3.149835723250414554e-03 1.216830318362055637e-02
7.229362203099338746e-01 2.575965575461583446e-01 3.270598757653060077e-03 1.619662338625477843e-02
6.622668260307621457e-01 3.129349700703040194e-01 3.361586800042834673e-03 2.143661709889099418e-02
6.001734421008007025e-01 3.691796094337926326e-01 3.348174558096142853e-03 2.729877390731041270e-02
5.412201358993523614e-01 4.228530380300718483e-01 3.188306888272606637e-03 3.273851918230349239e-02
4.824976569380489133e-01 4.780484315740302637e-01 2.915177755139592916e-03 3.653873373278122144e-02
4.184354312786822683e-01 5.415807004891873833e-01 2.568823369480499608e-03 3.741504486264993212e-02
3.519371565728113826e-01 6.113757630966899503e-01 2.118963141718589304e-03 3.456811718878006340e-02
2.807472578756736725e-01 6.891626189826205451e-01 1.646726825401846096e-03 2.844339631630387125e-02
2.125920434937418335e-01 7.648853321389939008e-01 1.247804743335966925e-03 2.127481962392833298e-02
1.543714472652663594e-01 8.291916028033213815e-01 9.942864421894263924e-04 1.544266348922311571e-02
1.084663970834767455e-01 8.790449717238927319e-01 8.581553212156396845e-04 1.163047587141464306e-02
7.608824962508484169e-02 9.136423612733143296e-01 8.048410809744997165e-04 9.464548020626380523e-03
9.889735570210814730e-01 7.733394252317681711e-03 3.098804538291316177e-03 1.942441883095884551e-04
4.463260393764114514e-02 1.844260519846468160e-01 2.486089463128666466e-01 5.223323977648451910e-01
4.808152257981374716e-02 2.198377862699394392e-01 1.936825687014394060e-01 5.383981224488072481e-01
5.473258940784221649e-02 2.568369962558826880e-01 1.545875024330750636e-01 5.338429119032001013e-01
6.649322129269837067e-02 2.897753360552381974e-01 1.279232776945863903e-01 5.158081649574769445e-01
8.582649440722779632e-02 3.119122503528582446e-01 1.102227558523998646e-01 4.920384993875136503e-01
1.144102965058371585e-01 3.193838422037256763e-01 9.908443194949786981e-02 4.671214293409393647e-01
1.516985099389848990e-01 3.121764019432855530e-01 9.261187009673535475e-02 4.435132180209941377e-01
1.961746423777527559e-01 2.937328250781185424e-01 8.904663028884868270e-02 4.210459022552797692e-01
2.492151247901423228e-01 2.663685501773045972e-01 8.609868437354309401e-02 3.983176406590098750e-01
3.157966555022101440e-01 2.302705280196001569e-01 8.131162589437775090e-02 3.726211905838117122e-01
3.969205008348757890e-01 1.913855907352739749e-01 7.439834798507266589e-02 3.372955604447778200e-01
4.919647664495228612e-01 1.532894618676576004e-01 6.490170460768408811e-02 2.898440670751351589e-01
5.920869172232203770e-01 1.189733057784719827e-01 5.373279013933628806e-02 2.352069868589716228e-01
6.863180223379425904e-01 8.954239749287003225e-02 4.203467630082676626e-02 1.821049038683605348e-01
7.609163292619050001e-01 6.741896668304199480e-02 3.198822759700113705e-02 1.396764764580519236e-01
8.079216006474159162e-01 5.410282210794721547e-02 2.518124887558850777e-02 1.127943283690486242e-01
8.278900900809349483e-01 4.944326880645406874e-02 2.172082585084034179e-02 1.009458152617708215e-01
8.244803313661838162e-01 5.331584296054558275e-02 2.093308467466448164e-02 1.012707409986060569e-01
7.993865578555047202e-01 6.716394251524121506e-02 2.217142169002534260e-02 1.112780779392289060e-01
7.529845685476656003e-01 9.380004753873372181e-02 2.482686158788750819e-02 1.283885223257133501e-01
6.872340695797211074e-01 1.357832852605467266e-01 2.839765278977629537e-02 1.485849923699559816e-01
6.050320468984432543e-01 1.950412119488147966e-01 3.297452481612439534e-02 1.669522163366176370e-01
5.070358348432767448e-01 2.738385126738375197e-01 3.957330230030414731e-02 1.795523501825816437e-01
4.007079679580951015e-01 3.672740084103701119e-01 4.800616333297112043e-02 1.840118602985637564e-01
2.984418293231466679e-01 4.640641803899710482e-01 5.703857729738599780e-02 1.804554129894960779e-01
2.125294585140291848e-01 5.502805149719658395e-01 6.471682864055272599e-02 1.724731978734521942e-01
1.483704009182827410e-01 6.190293882750335097e-01 6.919326716697934976e-02 1.634069436397043162e-01
1.034952781110395348e-01 6.741975905932623414e-01 6.921434229275558181e-02 1.530927890029422644e-01
7.230282660847552056e-02 7.238564612388939112e-01 6.455760971937495041e-02 1.392831024332554513e-01
5.171834772200287894e-02 7.691288227230470564e-01 5.722328623393901220e-02 1.219295433210112189e-01
3.749303367867998227e-02 8.107059575577227895e-01 4.818061350268736803e-02 1.036203952609096590e-01
2.891281357010857048e-02 8.434505801658848112e-01 3.994913029824734979e-02 8.768747596575938996e-02
2.407055883735298094e-02 8.653952067029034856e-01 3.358271910300678065e-02 7.695151535673676324e-02
2.216923766560118317e-02 8.736794574536065339e-01 2.994103507053783725e-02 7.421026981025435898e-02
2.228551694738813843e-02 8.683649285439276611e-01 2.894009590833230075e-02 8.040945860035196568e-02
2.415050894216574928e-02 8.509831349954265489e-01 2.950449338460953141e-02 9.536186267779822590e-02
2.560782334468817562e-02 8.262747122137427125e-01 3.082711674669182805e-02 1.172903476948773949e-01
2.606891652202621493e-02 8.009221370348783564e-01 3.155967855035875930e-02 1.414492678927364022e-01
2.568732170343148921e-02 7.812122510164769551e-01 3.112365627061389542e-02 1.619767710094775215e-01
2.524944450006086707e-02 7.719780497538192288e-01 2.929080051521779429e-02 1.734817052309021723e-01
2.524075006641430044e-02 7.752370658367213618e-01 2.619715865878987845e-02 1.733250254380745425e-01
2.566656954816637012e-02 7.884421058859851783e-01 2.248787944788148072e-02 1.634034451179668390e-01
2.605344809316750138e-02 8.067611655092288281e-01 1.890677716841688422e-02 1.482786092291865643e-01
2.570228503917275018e-02 8.262981736703643998e-01 1.582201621137279898e-02 1.321775250790899192e-01
2.424238757110485157e-02 8.452024266573826550e-01 1.317485584192767609e-02 1.173803299295847757e-01
2.163885029511835104e-02 8.626343874375036469e-01 1.094034687045957258e-02 1.047864153969183670e-01
2.020594180108473831e-02 8.765904469048700909e-01 9.224286859082339932e-03 9.397932443496297139e-02
1.918111883516120109e-02 8.901989826425789065e-01 7.822193919435083478e-03 8.279770460282459554e-02
1.872303704351536632e-02 9.041677321072436602e-01 6.630068621955650422e-03 7.047916222728518865e-02
1.943174845379388310e-02 9.166305492544654099e-01 5.717701538575277638e-03 5.822000075316539902e-02
2.154173482039312137e-02 9.264525872146032182e-01 5.093681916943476953e-03 4.691199604806023382e-02
2.421275967873520729e-02 9.332561092086845145e-01 4.796204529062888210e-03 3.773492658351714629e-02
3.081647199265692347e-02 9.320713097860192642e-01 4.918862574521643341e-03 3.219335564680172318e-02
4.187763148418698761e-02 9.235394472130876720e-01 5.439447790824378237e-03 2.914347351190089280e-02
5.698961573882945636e-02 9.096229096293761973e-01 6.244505543340533177e-03 2.714296908845360151e-02
7.561744861986929855e-02 8.917964810335843318e-01 7.243820177769132521e-03 2.534225016877698564e-02
1.005024766376005768e-01 8.682824732737290940e-01 7.930545998701271637e-03 2.328450408996913384e-02
1.345245198158828148e-01 8.353330019677510654e-01 9.545186203001394115e-03 2.059729201336478119e-02
1.879658918293065917e-01 7.825831281715850407e-01 1.191223239085981503e-02 1.753874760824835830e-02
2.573284605219087195e-01 7.139750175470354066e-01 1.452558236707615462e-02 1.417093956397955448e-02
3.231102911739304751e-01 6.490431656443874653e-01 1.694450560430888625e-02 1.090203757737312137e-02
3.631864849192805722e-01 6.103971552404845458e-01 1.814232680118764082e-02 8.274033039047308871e-03
3.724502146263388713e-01 6.028778815841366878e-01 1.808707627761891451e-02 6.584827511905654712e-03
3.529141232539793060e-01 6.240721509491768959e-01 1.734733260466083879e-02 5.666393192182760628e-03
3.119493961410944594e-01 6.664600947762264749e-01 1.635838767860574305e-02 5.232121404073602870e-03
2.661471759986075991e-01 7.134212775104565862e-01 1.534391785160418333e-02 5.087628639331734544e-03
2.249923020109396155e-01 7.555851101292396788e-01 1.435647901675255432e-02 5.066108843068058663e-03
1.873722879756758997e-01 7.945292819385730843e-01 1.314623347143770507e-02 4.952196614313280655e-03
1.520040939463883078e-01 8.318781898921953077e-01 1.150134148281107757e-02 4.616374678605664195e-03
1.161693359125010039e-01 8.700942174216796943e-01 9.689853881157162868e-03 4.046592784662182349e-03
8.158117786470261978e-02 9.075084633331871320e-01 7.597606631695538563e-03 3.312752170414924330e-03
5.182426372527814129e-01 3.319794691575490564e-01 3.104873540908133570e-02 1.187291581805882956e-01
4.161856632142258983e-01 4.192848741264951218e-01 3.393600190506869396e-02 1.305934607542102721e-01
3.312974890289978047e-01 5.006293093101924496e-01 3.732546088808619267e-02 1.307477407727235252e-01
2.713543403373520069e-01 5.660028256651612466e-01 4.108772771005557434e-02 1.215551062874311167e-01
2.374703976154860507e-01 6.097876488393517702e-01 4.533011133794628833e-02 1.074118422072156548e-01
2.233860975004303417e-01 6.339448386970153448e-01 5.046223411576296336e-02 9.220682968679155822e-02
2.207541714533757249e-01 6.439547053018143119e-01 5.702836678613096982e-02 7.826275645867920849e-02
2.227684140296032900e-01 6.456910464006561101e-01 6.536474796155523903e-02 6.617579160818563844e-02
2.255516623180044700e-01 6.426435267440989696e-01 7.597085520403111525e-02 5.583395573386559091e-02
2.263643910667048342e-01 6.376718045086894326e-01 8.909589642982661262e-02 4.686790799477943276e-02
2.227641211484394923e-01 6.339719507210596072e-01 1.040357277616711651e-01 3.922820036882951333e-02
2.162714983815158531e-01 6.306895435707087216e-01 1.196253335801361339e-01 3.341362446763922883e-02
2.124012608953191883e-01 6.237506514662435331e-01 1.343322185593764928e-01 2.951586907906083787e-02
2.132473874061671937e-01 6.139493170926958454e-01 1.459313553539371977e-01 2.687194014719982912e-02
2.147841106508587838e-01 6.075981885088092005e-01 1.528635391519307385e-01 2.475416168840130146e-02
2.129571437880881102e-01 6.083589393257856637e-01 1.556859818224519687e-01 2.299793506367454887e-02
2.071032927845673777e-01 6.150273676865127825e-01 1.561979638810397364e-01 2.167137564788014503e-02
1.993317411897609082e-01 6.236776599707098967e-01 1.562073276374555397e-01 2.078327120207337786e-02
1.948590406746218695e-01 6.277762222568116224e-01 1.568633438433722493e-01 2.050139322519425183e-02
1.988865273842579107e-01 6.225243696047257913e-01 1.576141277693993148e-01 2.097497524161701446e-02
2.139409941232374712e-01 6.065812718544492110e-01 1.573778188584409876e-01 2.209991516387226768e-02
2.383187499960216504e-01 5.802861265626263476e-01 1.578975527319108063e-01 2.349757070944104645e-02
2.628371443679752284e-01 5.499059052838765060e-01 1.629520513782084790e-01 2.430489896993955415e-02
9.734438778648978052e-02 2.435084694344294073e-02 3.597500999121119869e-01 5.185546653579558019e-01
1.001664370216818756e-01 2.658636198711046214e-02 3.137696653497522581e-01 5.594775356414554146e-01
1.084021798090385874e-01 2.874211260069039001e-02 2.717882822687258670e-01 5.910674253215451035e-01
1.223740518591298898e-01 3.057882349615315132e-02 2.348517769809587430e-01 6.121953476637582714e-01
1.409495916823759187e-01 3.179117588878342671e-02 2.063839347670861357e-01 6.208752976617544217e-01
1.614603652643604170e-01 3.187758439852361736e-02 1.869179198334948444e-01 6.197441305036210935e-01
1.808762623179474005e-01 3.017925517346937980e-02 1.728382089683691003e-01 6.161062735402142998e-01
1.972553442989233852e-01 2.649271406141925564e-02 1.599566337493495694e-01 6.162953078903078419e-01
2.091728547015437312e-01 2.152063754342870006e-02 1.466947167288363552e-01 6.226117910261910193e-01
2.129874848646833019e-01 1.646363072006028910e-02 1.343341785071502648e-01 6.362147059081063594e-01
2.038870112992626216e-01 1.229482514285796038e-02 1.255329483603442875e-01 6.582852151975350230e-01
1.811334309411724575e-01 9.371659819713953898e-03 1.231683854629287145e-01 6.863265237761848603e-01
1.499874425610325523e-01 7.575800263979414438e-03 1.299573367924187206e-01 7.124794203825693950e-01
1.186297770827083875e-01 6.626086909777815365e-03 1.479870525859496577e-01 7.267570834215641984e-01
9.092434039241278909e-02 6.141974653963746568e-03 1.765008781315815511e-01 7.264328068220420320e-01
6.646953488282629496e-02 5.770448346490062407e-03 2.127517019794903375e-01 7.150083147911930892e-01
4.583035093269904880e-02 5.376736391717027753e-03 2.552357449890041430e-01 6.935571676865797119e-01
3.028752790575748102e-02 5.021963490713206996e-03 3.049208980094254562e-01 6.597696105941038835e-01
2.002908967222395004e-02 4.807064597932439454e-03 3.614337893298489313e-01 6.137300563999943392e-01
1.318156183677444450e-02 4.674242163654597146e-03 4.182770806892548432e-01 5.638671153103163025e-01
9.531102006152437564e-03 4.693885803616614297e-03 4.660511928944544580e-01 5.197238192957763792e-01
7.514709910790090541e-03 4.828919512092102323e-03 4.991030984972120166e-01 4.885532720799058981e-01
6.645540429184458933e-03 5.166335680934688174e-03 5.177794462158301636e-01 4.704086776740508680e-01
6.645125715699569911e-03 5.790756040519985139e-03 5.301862595315103288e-01 4.573778587122702133e-01
7.344611291244445249e-03 6.764875873557719271e-03 5.484615037191817866e-01 4.374290091160164540e-01
9.233294550465656961e-03 8.173968792245580109e-03 5.784466916983421747e-01 4.041460449589462933e-01
1.131200342575320282e-02 9.810022446114638126e-03 6.149881845789093582e-01 3.638897895492226864e-01
1.450115769984717563e-02 1.139081415426013155e-02 6.479355294349092853e-01 3.261724987109834717e-01
1.875646768031314152e-02 1.254408277080056207e-02 6.760101490185349560e-01 2.926893005303513040e-01
2.403082209393740676e-02 1.322212470931443014e-02 7.031668778339830173e-01 2.595801753627648978e-01
3.116377424315444275e-02 1.371678949749905244e-02 7.287123820852604572e-01 2.264070541740859088e-01
4.197180631541378576e-02 1.430716918465149701e-02 7.472359501319797426e-01 1.964850743679550649e-01
5.899303191141386932e-02 1.514875306900793916e-02 7.526715179501541897e-01 1.731866970694239394e-01
8.550895023546233042e-02 1.626948266060704307e-02 7.420880107196553555e-01 1.561335563842753127e-01
1.239980681761909814e-01 1.860253766750338475e-02 7.147241680519481610e-01 1.426752261043572889e-01
1.805147047318872711e-01 2.221267397274494584e-02 6.658767790275632592e-01 1.313958422678045412e-01
2.576972634269908968e-01 2.748975225362448871e-02 5.940797462436780974e-01 1.207332380757065449e-01
3.515512206281191099e-01 3.379588631638884982e-02 5.053834038304592102e-01 1.092694892250329758e-01
4.483797704366971892e-01 3.960466967689154488e-02 4.158725547033713110e-01 9.614300518304019771e-02
5.340158759924341636e-01 4.370152875804552556e-02 3.407481339608512960e-01 8.153446128866924381e-02
6.060113907106861042e-01 4.524613401847879524e-02 2.821398341704780544e-01 6.660264110035712948e-02
6.616912967235475396e-01 4.603217446037856375e-02 2.387556700260795861e-01 5.352085878999424812e-02
7.030322731804319325e-01 4.682750941488098700e-02 2.063947589399749150e-01 4.374545846471205451e-02
7.293708715067189763e-01 4.953510353472821010e-02 1.831374614897171849e-01 3.795656346883576060e-02
7.411767295911488862e-01 5.559260439521953451e-02 1.671930856905147478e-01 3.603758032311689397e-02
7.393725353883677798e-01 6.576112472655763763e-02 1.572386298223529544e-01 3.762771006272178087e-02
7.238556701959388828e-01 7.989139139992913752e-02 1.540591957106116905e-01 4.219374269352046264e-02
6.916772376481580276e-01 1.005120507942790647e-01 1.588983371447700021e-01 4.891237441279294718e-02
6.461662113096108273e-01 1.261394310260769702e-01 1.714641394751142689e-01 5.623021818919834297e-02
5.964864806681521303e-01 1.521368161388383100e-01 1.887514550248360623e-01 6.262524816817352513e-02
5.511805675286721717e-01 1.738663806303690218e-01 2.075742754078105656e-01 6.737877643314835185e-02
5.140316888446159194e-01 1.893478361178861091e-01 2.257313821159957212e-01 7.088909292150226416e-02
4.869275276330505275e-01 1.980990837300777851e-01 2.410068250413678892e-01 7.396656359550392301e-02
4.737923699250475296e-01 1.997646344717963207e-01 2.495715562173351776e-01 7.687143938582129132e-02
4.768689205281944066e-01 1.945345708006120666e-01 2.493339493635872428e-01 7.926255930760651991e-02
4.894467701335560306e-01 1.856315888593934593e-01 2.440701096922992530e-01 8.085153131475160404e-02
5.008873572818131059e-01 1.774257195850604540e-01 2.397293982380061805e-01 8.195752489512025951e-02
5.035861221324507975e-01 1.719113184988091403e-01 2.415041247248114475e-01 8.299843464392894776e-02
4.957784857170183801e-01 1.669595272813246267e-01 2.533951909745496556e-01 8.386679602710778170e-02
4.802473457302277038e-01 1.577368421866474912e-01 2.777380382177039864e-01 8.427777386542108229e-02
4.597669322495228639e-01 1.411400520482711529e-01 3.148141373825712463e-01 8.427887831963488952e-02
4.351721913512648920e-01 1.188611852478479863e-01 3.612492532127344336e-01 8.471737018815270193e-02
4.088769317208165166e-01 9.614056486341256147e-02 4.081382333140557428e-01 8.684427010171530403e-02
3.787896524137348009e-01 7.624733069096117921e-02 4.544700793752194934e-01 9.049293752008440161e-02
3.482351367144687071e-01 6.127238879200039290e-02 4.963783427264117920e-01 9.411413176711923290e-02
3.161126226878232526e-01 5.006544660594812457e-02 5.382877534541801179e-01 9.553417725204842170e-02
2.817128927868731147e-01 4.117217335731845201e-02 5.839603981726986248e-01 9.315453568310951005e-02
2.429724814359124352e-01 3.397996171295406681e-02 6.368339371759380585e-01 8.621361967519558522e-02
1.991384057825868747e-01 2.860874110632820322e-02 6.968241781983018912e-01 7.542867491278293368e-02
1.560771478578902027e-01 2.528849557354887270e-02 7.549946616393629073e-01 6.363969492919789583e-02
1.233523124965866802e-01 2.396252757875598841e-02 7.983624289280735198e-01 5.432273099658394000e-02
1.051184771892149511e-01 2.417950475494528781e-02 8.215317788284569600e-01 4.917023922738262415e-02
1.003110615423072477e-01 2.538866737200840343e-02 8.260003526251734618e-01 4.829991846051109872e-02
1.050828021832968667e-01 2.713404987692520989e-02 8.172134372517583234e-01 5.056971068801961039e-02
1.118911699440990476e-01 2.864345782638414578e-02 8.065047467414275806e-01 5.296062548808920523e-02
1.119405736062372425e-01 2.867746827423735267e-02 8.076106329290944075e-01 5.177132519043102510e-02
1.013021423911044522e-01 2.631677845984624689e-02 8.268681054802418107e-01 4.551297366880784068e-02
8.382926572548303479e-02 2.200166935753979092e-02 8.580160069227340536e-01 3.615305799424289868e-02
6.672528410005215682e-02 1.731136147732609612e-02 8.888642449866611672e-01 2.709910943596048963e-02
5.123927088208383995e-02 1.357599402308914266e-02 9.154591007906358602e-01 1.972563430419096292e-02
3.841851508222302730e-02 1.092260175231186091e-02 9.362317166339895191e-01 1.442716653147553367e-02
2.819830740366798677e-02 9.034861223211582831e-03 9.519224852359018385e-01 1.084434613721831434e-02
2.151513332791123168e-02 7.674522039385499664e-03 9.620299645272692990e-01 8.780380105433993956e-03
1.818377626070847436e-02 6.723083533341256066e-03 9.671905658659718519e-01 7.902574339978611986e-03
1.722264155699597399e-02 6.124556592110115029e-03 9.688152849917945897e-01 7.837516859099330838e-03
1.767761889513606507e-02 5.823670495077910500e-03 9.682456883577761353e-01 8.253022252009672294e-03
1.855762892555534380e-02 5.720631799265479649e-03 9.669485773346339075e-01 8.773161940545377499e-03
1.872587626298830715e-02 5.642935424333608146e-03 9.666964414571963538e-01 8.934746855481696254e-03
1.765176034626821100e-02 5.432850022914204741e-03 9.684292356707467908e-01 8.486153960070720592e-03
