1.293678251844445314e-02 2.127312384054508374e-03 4.321551235226573501e-02 9.417203927452356682e-01
8.763173976129867704e-02 2.339534407134449823e-02 2.263366645108736419e-01 6.626362516564830996e-01
8.784094468729546079e-02 2.234761051787391775e-02 2.311730089638018570e-01 6.586384358310287679e-01
9.197375253048997723e-02 2.118332214296297575e-02 2.433776273914184940e-01 6.434652979351284108e-01
9.865887824830384123e-02 1.978606395339204196e-02 2.617130163921129182e-01 6.198420414061912576e-01
1.060315709111918914e-01 1.807709013850935728e-02 2.875348216054250394e-01 5.883565173448738195e-01
1.132731272524380994e-01 1.617746622167232085e-02 3.236774556402314817e-01 5.468719508856580980e-01
1.199674922027599983e-01 1.421162622472411582e-02 3.710627728792879609e-01 4.947581086932281158e-01
1.243811171040394292e-01 1.209352209806419977e-02 4.287346431256119361e-01 4.347907176722839440e-01
1.256338070691970232e-01 9.807331465297709078e-03 4.948263919270868283e-01 3.697324695384184290e-01
1.256829687422785502e-01 7.607430248865586220e-03 5.641360801084179810e-01 3.025735209004378756e-01
1.266660680740946121e-01 5.782387972158345088e-03 6.285620041754410581e-01 2.389895397783061148e-01
1.284986324570021876e-01 4.415388251942654364e-03 6.819814393643408579e-01 1.851045399267144398e-01
1.326723527310085249e-01 3.522674472868519892e-03 7.188703600597823318e-01 1.449346127363404235e-01
1.429325348840379539e-01 3.090192231786434082e-03 7.345657378336031273e-01 1.194115350505725731e-01
1.624953091108923275e-01 3.073604048404243467e-03 7.281622049753969650e-01 1.062688818653067940e-01
1.926385026020238644e-01 3.439014504051795748e-03 7.021534752448792549e-01 1.017690076490449375e-01
2.333872069616142741e-01 4.204071742832906494e-03 6.597370779289185583e-01 1.026716433666346739e-01
2.820914660746868807e-01 5.390413271776947450e-03 6.062370901284910296e-01 1.062810305250453252e-01
3.333147236554152570e-01 6.904871251073756329e-03 5.496423174800763034e-01 1.101380876134345488e-01
3.841812428631178333e-01 8.617406828084789305e-03 4.938629229423328049e-01 1.133384273664646280e-01
4.334119797582715594e-01 1.044830652249936938e-02 4.399551240222271398e-01 1.161845896970019332e-01
4.771344650143517496e-01 1.238157263706117679e-02 3.909682417915905095e-01 1.195157205569968017e-01
5.097532097860455469e-01 1.456423759434496285e-02 3.508660815687655310e-01 1.248164710508441883e-01
5.272987635038138832e-01 1.732901648641613571e-02 3.217904632681818922e-01 1.335817567415877039e-01
5.300341168761433241e-01 2.080580336695202898e-02 3.029511881139401175e-01 1.462088916429644392e-01
5.158844353633721402e-01 2.492219528372192558e-02 2.966822268785584971e-01 1.625111424743470867e-01
4.890140650861763416e-01 2.936359498892867487e-02 2.988563882703662022e-01 1.827659516545288299e-01
4.519393135576978415e-01 3.458615111404364506e-02 3.056619908645803463e-01 2.078125444636781671e-01
4.107927804120701798e-01 4.176662480927399723e-02 3.085627402116353779e-01 2.388778545670203202e-01
3.658864061565567094e-01 5.192864176925224978e-02 3.054557784018903654e-01 2.767291736723010431e-01
3.179330489744944255e-01 6.608221325056508333e-02 2.947347069896213423e-01 3.212500307853193293e-01
2.652843940612739648e-01 8.461870690667569472e-02 2.775455229378306354e-01 3.725513760942198438e-01
2.086462094687028812e-01 1.079608582631983726e-01 2.535440402525017678e-01 4.298488920155969506e-01
1.542909811216180427e-01 1.369448482115591670e-01 2.209783242363447253e-01 4.877858464304780095e-01
1.094154588458313981e-01 1.726592401478304617e-01 1.820696611753659377e-01 5.358556398309722857e-01
7.648015264729710050e-02 2.157420232986385911e-01 1.419149018315892241e-01 5.658629222224750288e-01
5.357182113194610545e-02 2.654802173531167764e-01 1.039871205164793339e-01 5.769608409984579023e-01
3.791251176647743998e-02 3.197920795565591390e-01 7.131282966287036396e-02 5.709825790140927726e-01
2.767751572187689829e-02 3.767834224861669190e-01 4.714996232600098675e-02 5.483890994659553764e-01
2.128325103534678062e-02 4.378471947464934177e-01 3.226158702016078406e-02 5.086079671979991668e-01
1.704895555606716559e-02 5.065998508980855686e-01 2.428422642039253232e-02 4.520669671254546329e-01
1.421035732198814780e-02 5.764613504803715038e-01 2.049390129369377256e-02 3.888343909039466140e-01
1.255300456163242068e-02 6.340238969541476255e-01 1.920001960197392776e-02 3.342230788822457832e-01
1.174421685109814512e-02 6.727298997762893862e-01 1.936447976120032541e-02 2.961614036114121884e-01
1.193614850913190736e-02 6.919091496395722851e-01 2.012047178647844575e-02 2.760342300648173652e-01
1.222508333834610925e-02 6.974233252118876569e-01 2.106335565762132433e-02 2.692882357921451697e-01
1.348310657292673895e-02 6.929081206349917421e-01 2.250457984409866621e-02 2.711041929479827695e-01
1.631663793274951840e-02 6.767811592569935586e-01 2.543511897443465411e-02 2.814670838358221405e-01
2.279434607998435600e-02 6.501749712591274877e-01 3.101088872874098457e-02 2.960197939321472793e-01
3.181360117078976812e-02 6.233342787065109247e-01 3.906323005722227293e-02 3.057888900654770481e-01
4.486250364146648906e-02 5.967511567565010333e-01 4.959008360578786440e-02 3.087962559962444953e-01
6.316945639466754747e-02 5.637713689002039619e-01 6.218497067393728706e-02 3.108742040311910926e-01
8.696188573952901013e-02 5.191142548246108213e-01 7.617720123258628351e-02 3.177466582032738018e-01
1.146748602740164519e-01 4.646733937727712815e-01 9.094924156525678594e-02 3.297025043879552864e-01
1.446698759229581022e-01 4.077733892867119181e-01 1.058422116337106172e-01 3.417145231566194874e-01
1.775739791605665252e-01 3.531799688659082448e-01 1.210633373207818109e-01 3.481827146527435857e-01
2.162934045511311354e-01 3.023952494651153122e-01 1.368477708796511372e-01 3.444635751041024152e-01
2.532673912785556869e-01 2.594684871546057980e-01 1.546525446308216756e-01 3.326115769360168950e-01
2.815714639788232665e-01 2.254738401431098660e-01 1.725475021895735150e-01 3.204071936884934080e-01
2.974265505192849046e-01 2.020654008107415911e-01 1.853244644777118921e-01 3.151835841922615566e-01
2.977964509699922435e-01 1.880182855281406218e-01 1.932226600963707352e-01 3.209626034054964272e-01
2.829031680943576155e-01 1.820901288260543538e-01 1.980323335266263307e-01 3.369743695529616168e-01
2.538229154895543793e-01 1.841534759391630915e-01 2.015984381138625769e-01 3.604251704574200632e-01
2.161340839766664745e-01 1.921154807950514465e-01 2.018301429928988366e-01 3.899202922353830481e-01
1.788295317398839457e-01 1.995835098546656083e-01 1.966464180069693313e-01 4.249405403984809482e-01
1.464215159129605981e-01 2.016633435479345815e-01 1.875730523109642722e-01 4.643420882281404372e-01
1.193246058043510860e-01 1.975857320086167879e-01 1.754345589496825175e-01 5.076551032373493033e-01
9.612796406446812159e-02 1.895830916627437579e-01 1.596582425502306168e-01 5.546307017225574620e-01
7.450272565033445871e-02 1.819399338716812253e-01 1.418599783284379412e-01 6.016973621495466107e-01
5.380667282158110160e-02 1.777182727995374745e-01 1.253090672153406304e-01 6.431659871635410086e-01
3.606607569655075063e-02 1.740353791871785405e-01 1.118749122188188033e-01 6.780236328974520443e-01
4.652532822246047833e-02 3.660509219014994042e-01 6.161136363476064914e-02 5.258123862412796834e-01
1.288604024340003484e-01 2.203001622828481068e-02 5.231616750044221220e-01 3.259479063332926807e-01
1.023581890264244343e-01 1.898342478680151851e-02 5.153942482391962177e-01 3.632641379475777255e-01
8.093156494019926317e-02 1.599234767145807715e-02 4.887323223205892742e-01 4.143437650677537221e-01
6.449728864348204527e-02 1.324243327815339405e-02 4.452008787171868320e-01 4.770593993611777495e-01
5.298415558589842506e-02 1.103450109008667461e-02 3.907513436409376650e-01 5.452299996830772821e-01
4.619429241348906034e-02 9.626120280957389461e-03 3.332360545324450918e-01 6.109435327731079779e-01
4.409917945695288749e-02 9.220070204695122312e-03 2.793099253762915679e-01 6.673708249620604605e-01
4.683070856822950379e-02 9.995347023985272014e-03 2.320582888294489832e-01 7.111156555783364475e-01
5.473229939529051374e-02 1.229518214843976047e-02 1.938192498817883636e-01 7.391532685744814923e-01
6.846206014969580256e-02 1.698557686918943446e-02 1.680140241750117114e-01 7.465383388061030967e-01
8.868590380220318925e-02 2.557895795960745886e-02 1.558036985839868493e-01 7.299314396542027072e-01
1.150332819395323836e-01 3.967465855982781064e-02 1.554573441449825510e-01 6.898347153556574352e-01
1.467028082651043730e-01 5.970229895972442580e-02 1.640106354279701750e-01 6.295842573472010262e-01
1.825637193850938589e-01 8.366464403693628371e-02 1.788256485328542644e-01 5.549459880451154126e-01
2.180037732190591437e-01 1.084102590998270582e-01 1.990101104522261077e-01 4.745758572288880650e-01
2.438899881121537605e-01 1.340797019016984892e-01 2.260034287185092305e-01 3.960268812676385197e-01
2.510323391769058721e-01 1.651994360893807856e-01 2.614749476937214823e-01 3.222932770399916658e-01
2.379937151542492191e-01 2.051550809559390953e-01 3.019453829028564962e-01 2.549058209869553004e-01
2.157795415923374205e-01 2.513080856978420208e-01 3.375727699312727759e-01 1.953396027785477829e-01
1.907108588712101427e-01 3.031788503621371533e-01 3.616699107504198762e-01 1.444403800162332163e-01
1.681834176844449469e-01 3.593374839325114145e-01 3.696174928362669920e-01 1.028616055467764384e-01
1.502027631261844687e-01 4.166166373968431813e-01 3.620092351822623011e-01 7.117136429471034031e-02
1.376820239459328188e-01 4.691368347989890442e-01 3.443992358944424348e-01 4.878190536063567451e-02
1.310427169521352631e-01 5.101098238233250370e-01 3.247851933831794047e-01 3.406226584136039237e-02
1.317035957009978775e-01 5.323735064561908592e-01 3.107809410246719084e-01 2.514195681813892122e-02
1.417326658948776241e-01 5.314337719831717655e-01 3.066628568156719581e-01 2.017070530627885008e-02
1.615449572100968456e-01 5.086823649107470313e-01 3.121735964348753556e-01 1.759908144428084381e-02
1.882146604631391162e-01 4.725531878128957364e-01 3.229241216956009186e-01 1.630803002836405183e-02
2.166024997287369358e-01 4.354206339435653383e-01 3.323848932049732752e-01 1.559197312272462589e-02
2.439076052502099634e-01 4.042084968325663219e-01 3.366994563479758229e-01 1.518444156924807220e-02
2.707254215402128406e-01 3.776819147963851875e-01 3.365265369276104757e-01 1.506612673579149457e-02
2.985209512789023800e-01 3.526162314448470503e-01 3.336429676547251200e-01 1.521984962152571688e-02
3.266902041609664464e-01 3.281530420842285189e-01 3.295745872957776545e-01 1.558216645902746333e-02
3.516231473007486730e-01 3.059439840721008275e-01 3.261701889045153790e-01 1.626267972263515868e-02
3.714332593512422176e-01 2.874408933850457482e-01 3.234561794741156460e-01 1.766966778959650278e-02
3.903289123979507003e-01 2.730712714463371382e-01 3.163314756517274229e-01 2.026834050398464843e-02
4.159447599855284339e-01 2.623295791592360482e-01 2.972990088367098993e-01 2.442665201852544168e-02
4.527740630852741255e-01 2.525646509143118501e-01 2.643637464284279703e-01 3.029753957198602979e-02
4.998025108637670910e-01 2.403061020777491896e-01 2.225459552183031708e-01 3.734543184018046524e-02
5.497584830727116900e-01 2.288287200537104937e-01 1.772982269464345173e-01 4.411456992714343078e-02
5.959002109105251410e-01 2.227838035021861007e-01 1.332558388149868989e-01 4.806014677230174836e-02
6.224189676067398702e-01 2.323853328015667574e-01 9.689691727098938279e-02 4.829878232070392019e-02
6.220027152067167941e-01 2.617051333405236990e-01 7.083762652888628275e-02 4.545452492387351551e-02
5.946248031155265679e-01 3.110826416293603347e-01 5.354531701807244137e-02 4.074723823704078790e-02
5.444899904938289570e-01 3.779247898628375069e-01 4.216584657324160684e-02 3.541937307009206115e-02
4.845415959430288133e-01 4.507137925851839033e-01 3.423645112456041167e-02 3.050816034722698966e-02
4.392565589270959747e-01 5.057755326391928374e-01 2.802520863218961253e-02 2.694269980152140878e-02
4.181358117361346771e-01 5.328205222725186374e-01 2.361873103905439558e-02 2.542493495229223438e-02
4.180812031895989045e-01 5.372805067725189287e-01 1.992078946783153517e-02 2.471750057005062812e-02
4.239225030883517209e-01 5.362685112285844324e-01 1.631537568334956792e-02 2.349360999971425792e-02
4.247909958393835672e-01 5.400395079054207681e-01 1.304224819552005088e-02 2.212724805967550279e-02
4.086277458306444843e-01 5.591650115705029123e-01 1.055552543457620625e-02 2.165171716427632259e-02
3.660155290175323706e-01 6.024402689419485757e-01 8.945714263226250268e-03 2.259848777729269939e-02
3.005297980464293195e-01 6.667070614853239929e-01 7.981668499317308776e-03 2.478147196892942564e-02
2.315322038519584957e-01 7.328048785263741038e-01 7.594763822098398939e-03 2.806815379956935017e-02
1.769864857605223385e-01 7.825344109102615464e-01 7.595553355012374212e-03 3.288354997420384063e-02
1.430768709336303623e-01 8.079416960641293555e-01 9.075047749173923567e-03 3.990638525306598045e-02
1.211340040527321693e-01 8.191157611869445132e-01 1.098767419617691435e-02 4.876256056414633028e-02
1.055155381379865032e-01 8.229269654371031972e-01 1.335513231099277540e-02 5.820236411391735420e-02
9.188688512467918512e-02 8.263495678460386351e-01 1.561417413012782841e-02 6.614937289915465146e-02
7.736402094832339760e-02 8.356958932473089741e-01 1.703699264196757712e-02 6.990309316239985693e-02
6.179948616119530086e-02 8.531738776454902418e-01 1.722119292881708896e-02 6.780544326449733372e-02
4.672448780573607713e-02 8.765914703325180524e-01 1.614244453956177952e-02 6.054159732218410139e-02
3.468479652915154587e-02 8.990209488732650023e-01 1.433200207606748038e-02 5.196225252151626811e-02
2.690872958825716102e-02 9.147346743180476691e-01 1.272149647029633020e-02 4.563509962339896281e-02
2.328751758462986252e-02 9.221885921652945850e-01 1.202849256583060807e-02 4.249539768424501207e-02
2.054773170110888933e-02 9.248009643605841212e-01 1.247592091144259473e-02 4.217538302686424379e-02
1.896383764820039688e-02 9.216371915177030694e-01 1.427149441808119382e-02 4.512747641601527748e-02
1.802509062113732269e-02 9.124155613531735876e-01 1.759406266044759651e-02 5.196528536524176733e-02
1.720479763092689837e-02 8.969961448710878082e-01 2.258150793695475750e-02 6.321754956103058098e-02
1.632146139885273101e-02 8.733308461504352138e-01 2.966482533420927020e-02 8.068286711650261844e-02
8.226356421640662608e-01 1.126900240842892004e-01 1.451530564599344542e-02 5.015902810565124603e-02
1.414851669469880113e-01 6.872203485365316888e-01 2.051179465870163129e-02 1.507826898577785679e-01
1.399661806273073683e-01 7.063114108646023626e-01 1.555739414440147038e-02 1.381650143636890815e-01
1.344846642160710815e-01 7.258086452040983794e-01 1.196310483148317790e-02 1.277435857483474324e-01
1.271610591531898982e-01 7.441833446714358757e-01 9.433451051027113773e-03 1.192221451243475755e-01
1.181709367437234481e-01 7.648678558920456449e-01 7.543833373762185053e-03 1.094173739904690801e-01
1.057597194305417848e-01 7.941020443308528520e-01 5.953410105282989917e-03 9.418482613332185283e-02
9.009368231993818144e-02 8.311524329535671107e-01 4.584345180628843566e-03 7.416953954586620601e-02
7.510066032434548067e-02 8.658683137455543966e-01 3.547599975453035858e-03 5.548342595464719057e-02
6.439867168788998564e-02 8.906891824737515062e-01 2.868786111499114534e-03 4.204335972685943612e-02
5.755149811670455529e-02 9.072753414633080160e-01 2.401128050947734082e-03 3.277203236903983297e-02
5.193719985194310967e-02 9.208286799166671699e-01 1.974062596577411122e-03 2.526005763481250013e-02
4.715696997400688206e-02 9.325694933789382413e-01 1.488678904682697035e-03 1.878485774237204087e-02
4.146738844482631553e-02 9.440740471954031099e-01 1.061304054805887152e-03 1.339726030496449748e-02
3.862285849781040004e-02 9.506914086634835614e-01 7.515671559001163527e-04 9.934165682806030476e-03
4.039789367073470805e-02 9.507024555859068249e-01 5.823298201300628483e-04 8.317320923228522719e-03
4.722341035471652737e-02 9.442546629994243990e-01 5.160557807302435483e-04 8.005870865128755093e-03
5.676580427731272444e-02 9.345935414958400633e-01 4.913527757789600816e-04 8.149301451068168348e-03
6.485592507039618371e-02 9.267084364601626545e-01 4.578287550450888649e-04 7.977809714395928467e-03
7.000435455751326252e-02 9.221364252457536770e-01 4.151319007821763956e-04 7.444088295951115791e-03
7.450601190257830075e-02 9.180183459551004566e-01 3.994189238137984795e-04 7.076223218507527585e-03
8.048669833098394399e-02 9.117981822139593628e-01 4.302488811690038570e-04 7.284870573887701831e-03
8.804777576675806849e-02 9.032710239145538278e-01 4.926874877208686906e-04 8.188512830967061007e-03
9.582966599725331602e-02 8.938616418983234002e-01 5.525392319785954074e-04 9.756152872444684779e-03
1.032929845853685358e-01 8.839576679351945909e-01 6.003867881337825825e-04 1.214896069130329444e-02
1.114254581463946792e-01 8.721040818736284228e-01 6.601366262971807529e-04 1.581032335367967001e-02
1.222817037672409568e-01 8.554875459738527921e-01 7.624966911928253996e-04 2.146825356771334820e-02
1.391028886332686954e-01 8.296883518816416947e-01 9.402666619747747324e-04 3.026849282311442138e-02
1.639707644155854738e-01 7.917086187102347905e-01 1.210430169925504193e-03 4.311018670425394855e-02
1.936577559194123666e-01 7.457779777165846058e-01 1.522637271501235635e-03 5.904162909250175451e-02
2.168813481756682593e-01 7.079565880116645005e-01 1.686602245963404528e-03 7.347546156670410611e-02
2.284944989855106356e-01 6.893743454078409272e-01 1.659924489495090416e-03 8.047123111715361043e-02
2.295629776971890856e-01 6.904608499460757054e-01 1.495188151052972373e-03 7.848098420568221101e-02
2.296863905621696900e-01 6.974950829331055813e-01 1.391119654026238238e-03 7.142740685069853823e-02
2.295524155407382694e-01 7.063064770589168040e-01 1.250125177555215907e-03 6.289098222278986794e-02
2.346708264823902934e-01 7.081415530070217512e-01 1.125638786632993538e-03 5.606198172395489981e-02
2.472144530144398666e-01 6.998157147648557119e-01 1.007253282860586137e-03 5.196257893784381188e-02
2.674402413317197857e-01 6.817540988403630875e-01 9.027499859543070210e-04 4.990290984196287666e-02
2.933838641471403497e-01 6.573859504030593603e-01 8.129996356648535585e-04 4.841718581413541334e-02
3.250388942468865339e-01 6.281208963647053611e-01 6.554917561144801797e-04 4.618471763229384935e-02
3.602764092912522087e-01 5.964349431287447878e-01 5.489858152742238800e-04 4.273966176472888956e-02
4.019102895177438239e-01 5.593656075419151108e-01 5.052525051372244551e-04 3.821885043520383690e-02
4.471510553231701768e-01 5.203911725006906686e-01 4.107483118458188126e-04 3.204702386429376243e-02
4.784166663320639223e-01 4.968630835741072449e-01 3.389926981642096414e-04 2.438125739566456354e-02
4.841938645047263456e-01 4.984905652014443578e-01 3.057920301246529237e-04 1.700977826370454749e-02
4.660186906036709042e-01 5.223675545604072878e-01 2.002351836777334197e-04 1.141351965224438915e-02
4.313181077800973262e-01 5.604674682510598638e-01 1.904334596803116352e-04 8.023990509162375398e-03
3.973573218477909341e-01 5.961150137913964198e-01 2.072295892960658201e-04 6.320434771516364458e-03
3.719018445048359878e-01 6.222524080327989093e-01 2.526576916932565353e-04 5.593089770672229899e-03
3.575627875698952907e-01 6.367698560841444921e-01 3.272757203763725672e-04 5.340080625583780612e-03
3.547290445761329125e-01 6.394862854539810071e-01 4.375037585391436628e-04 5.347166211346635924e-03
3.647851393099486028e-01 6.289522973737082800e-01 6.064944395769236458e-04 5.656068876766469529e-03
3.865018445736577712e-01 6.062515822813808741e-01 8.720136511007250263e-04 6.374559493860385007e-03
4.126527022878937467e-01 5.785924068625156735e-01 1.249248652649419429e-03 7.505642196940804679e-03
4.348679696049557730e-01 5.544261520637756568e-01 1.694059105344292897e-03 9.011819225924483021e-03
4.487019631583287760e-01 5.382754742244683088e-01 2.118789689066149021e-03 1.090377292813691015e-02
4.523358797162799760e-01 5.320476773984477159e-01 2.431691970281183238e-03 1.318475091499139371e-02
4.472693059498136781e-01 5.340527173289126850e-01 2.602370750698874274e-03 1.607560597057450941e-02
4.345189176533589270e-01 5.427282610177969202e-01 2.653366474796084711e-03 2.009945485404808149e-02
4.109496240915415655e-01 5.606822880414606969e-01 2.619849159023208279e-03 2.574823870797431774e-02
3.782785953806427903e-01 5.856311211551759044e-01 2.563783868861204806e-03 3.352649959532019025e-02
3.435989507132118925e-01 6.102296002507432426e-01 2.518988401672859687e-03 4.365246063437203811e-02
3.093930823334924418e-01 6.330117208444602239e-01 2.374286101441494285e-03 5.522091072060580919e-02
2.780266036537408225e-01 6.536450756029703602e-01 2.208599961443312009e-03 6.611972078184528978e-02
2.422979872507950716e-01 6.824754607308515242e-01 1.953043193616288810e-03 7.327350882473707139e-02
1.962654454210589761e-01 7.293218398898929644e-01 1.649084332797129578e-03 7.276363035625102449e-02
1.474450045361919981e-01 7.879987153236851505e-01 1.236785442175847164e-03 6.331949469794710683e-02
1.007551686854418899e-01 8.512973797714324942e-01 8.447775653568151888e-04 4.710267397776896070e-02
6.374986780686246746e-02 9.051647537691348555e-01 5.538591888574817068e-04 3.053151923514518112e-02
3.958934943968001052e-02 9.411944366079307844e-01 3.917108197470213233e-04 1.882450313264251787e-02
2.631271722830064164e-02 9.609350893840553631e-01 2.977421061171827863e-04 1.245445128152680193e-02
1.778827089551916416e-02 9.726644629921562535e-01 2.994655776833647469e-04 9.247800534641272691e-03
8.903760047523890941e-01 1.031027377575904902e-01 5.915889897653080903e-03 6.053675923674184563e-04
4.581711510312397317e-02 1.411498913379263809e-01 2.817090158446663994e-01 5.313239777142835241e-01
5.760562345682181812e-02 1.924522965222663362e-01 2.236112449107361122e-01 5.263308351101757543e-01
7.575686325659977682e-02 2.545502205960966657e-01 1.803321928568540344e-01 4.893607232904493842e-01
1.035339565697728503e-01 3.195130542357229042e-01 1.471323706434957412e-01 4.298206185510085597e-01
1.448987995878075197e-01 3.739863721003642283e-01 1.214744154554040778e-01 3.596404128564242852e-01
2.002741187086010677e-01 4.079964598778431650e-01 1.031320514709516273e-01 2.885973699426040429e-01
2.626346635260919937e-01 4.203195098989895295e-01 9.099244497863413772e-02 2.260533815962841031e-01
3.236673023653154901e-01 4.158547356199351341e-01 8.307273597602941873e-02 1.774052260387203594e-01
3.829223708212656785e-01 3.982419016443233262e-01 7.704151547746647399e-02 1.417942120569446462e-01
4.465245529956813897e-01 3.670054896444328585e-01 7.090640759549732275e-02 1.155635497643884846e-01
5.138025188212156369e-01 3.273285985802098508e-01 6.409982952089156305e-02 9.476905307768300479e-02
5.792132117768741262e-01 2.864249340636850771e-01 5.691089250667476923e-02 7.745096165276610378e-02
6.431947572242748823e-01 2.448675380189375417e-01 4.885579513783632616e-02 6.308190961895140947e-02
6.993046550568915443e-01 2.066418912970910959e-01 4.175614356834807944e-02 5.229731007766928036e-02
7.444992611762547563e-01 1.738965953127412922e-01 3.579923776033486910e-02 4.580490575066927667e-02
7.717003098845507392e-01 1.515901694345381523e-01 3.214299152464679399e-02 4.456652915626424516e-02
7.759077647648756626e-01 1.428586886847211801e-01 3.141147611952910257e-02 4.982207043087420739e-02
7.532374372504433424e-01 1.501691824860821312e-01 3.356145691239392770e-02 6.303192335108061262e-02
7.013738871196426583e-01 1.759713544984181921e-01 3.790705096453022421e-02 8.474770741740844660e-02
6.240334278472526863e-01 2.197556778437456670e-01 4.307949057970252710e-02 1.131314037292991265e-01
5.289871201492055697e-01 2.780351031969504061e-01 4.869823171648766935e-02 1.442795449373560912e-01
4.327803363551556703e-01 3.392876211147315968e-01 5.423284651758739083e-02 1.736991960125250367e-01
3.442228816569078975e-01 3.958518822026623196e-01 6.125773308908584458e-02 1.986675030513439799e-01
2.704469567841260580e-01 4.403599343686019352e-01 7.038972058138910637e-02 2.188033882658831919e-01
2.128099131648150955e-01 4.712316373586452611e-01 8.108291661302195752e-02 2.348755328635177553e-01
1.689685203919873979e-01 4.908227924696115796e-01 9.184750908102001787e-02 2.483611780573809769e-01
1.350489492773179201e-01 5.044000593712089087e-01 1.005980249266091447e-01 2.599529664248638738e-01
1.079480148272892598e-01 5.198659058590467952e-01 1.050894677178001585e-01 2.670966115958636200e-01
8.570461699499366814e-02 5.453130462937276768e-01 1.040303311834592098e-01 2.649520055278193897e-01
6.805857597490780342e-02 5.832447738623892652e-01 9.789294324073842535e-02 2.508037069219647419e-01
5.532658797063814277e-02 6.292180194709331431e-01 8.843933921246337204e-02 2.270160533459657792e-01
4.675696737627389049e-02 6.750912296516405897e-01 7.763055408644017885e-02 2.005212488856453756e-01
4.170116962164906876e-02 7.095893846519972792e-01 6.771881853570255183e-02 1.809906271906513708e-01
4.016935429687450848e-02 7.214319932251478384e-01 6.112892964331104184e-02 1.772697228346666043e-01
4.120884325265099929e-02 7.078103494154805997e-01 5.820588948431848486e-02 1.927749178475495484e-01
4.318073538118400584e-02 6.726350423717493143e-01 5.737195552306890295e-02 2.268122667239977075e-01
4.422431843877772106e-02 6.255529723458793656e-01 5.650851916906202144e-02 2.737141900462811139e-01
4.302969773689524491e-02 5.815295968472422583e-01 5.426968327091380440e-02 3.211710221449486924e-01
4.042811215937536923e-02 5.522633735985731374e-01 5.064636868358636523e-02 3.566621455584654266e-01
3.810164384862187170e-02 5.440242963651482633e-01 4.606889789626240211e-02 3.718051618899674837e-01
3.685826846641913207e-02 5.573654130872838230e-01 4.081382890702071192e-02 3.649624895392764579e-01
3.643356001453899873e-02 5.874413348874213403e-01 3.523009258704815072e-02 3.408950125109918572e-01
3.579159487696129127e-02 6.275449114843328902e-01 2.975730365420183390e-02 3.069061899845040853e-01
3.374961695091752839e-02 6.721737628102663065e-01 2.462570483329683951e-02 2.694509154055191869e-01
2.998339573472437805e-02 7.171068962941409275e-01 1.985012439911235799e-02 2.330595835720225550e-01
2.567664842503152023e-02 7.576043321324431590e-01 1.571992667198304772e-02 2.009990927705424257e-01
2.205187436838340967e-02 7.914064737286820028e-01 1.251829222976497819e-02 1.740233596731695920e-01
1.916920950891008724e-02 8.213536737912081609e-01 1.005670002783792816e-02 1.494204166720441429e-01
1.699915642094707025e-02 8.485099075646241884e-01 8.110700104434934860e-03 1.263802359099937545e-01
1.521638621137042478e-02 8.711894790628572638e-01 6.618070342617376513e-03 1.069760643831546842e-01
1.508070993344699622e-02 8.878593420136107195e-01 5.638803894773491802e-03 9.142114415816872397e-02
1.587612680746575133e-02 8.984698987938403159e-01 5.063180556668214587e-03 8.059079384202583185e-02
1.831080254933907525e-02 9.002816716068847702e-01 4.932331575774394176e-03 7.647519426800163111e-02
2.258160490366310086e-02 8.955921839544307428e-01 5.159634161226864073e-03 7.666657698067923243e-02
2.833738342780817154e-02 8.887849626568709027e-01 5.605926496810128418e-03 7.727172741851072446e-02
3.547597024217132022e-02 8.821202405708798988e-01 6.208631312599808064e-03 7.619515787434874565e-02
4.298820562644632692e-02 8.773271967025061402e-01 7.009841999765039147e-03 7.267475567128271752e-02
5.568333936716282628e-02 8.694785422287444332e-01 8.167974065517039431e-03 6.667014433857570976e-02
7.744711242937517282e-02 8.547881193153514801e-01 9.916579175702109131e-03 5.784818907957144790e-02
1.121720666479022743e-01 8.285101125137165345e-01 1.227470786097780917e-02 4.704311297740337849e-02
1.529439952701144023e-01 7.975541816136065831e-01 1.383517663407790067e-02 3.566664648220117112e-02
1.811130023339819206e-01 7.783662464613495535e-01 1.470848441887329279e-02 2.581226678579495379e-02
1.969910898683132072e-01 7.695136353446263566e-01 1.420510216190780037e-02 1.929017262515263578e-02
1.988575484788537850e-01 7.723789063087108664e-01 1.308477046179669541e-02 1.567877475063884571e-02
1.948737219781528640e-01 7.786772776784723904e-01 1.221185921988814614e-02 1.423714112348680068e-02
1.942554078862942790e-01 7.794192363732496132e-01 1.185911796878305786e-02 1.446623777167335180e-02
1.990534060752456591e-01 7.732139482662914176e-01 1.191714599671966218e-02 1.581549966174292804e-02
2.038553413054252639e-01 7.667908639760204759e-01 1.195577769398263601e-02 1.739801702457160690e-02
2.050253335977816338e-01 7.649889350130035792e-01 1.156419279108783331e-02 1.842153859812698316e-02
1.993033754159545534e-01 7.716478500026022758e-01 1.065458592728743895e-02 1.839418865415588800e-02
1.814507253366448858e-01 7.919241200104543132e-01 9.476359075725705391e-03 1.714879557717508343e-02
3.365860102632125539e-01 4.302852018818481561e-01 1.420325597964404614e-02 2.189255318752948709e-01
2.675951188591250696e-01 4.966452520120477332e-01 1.642535551842010458e-02 2.193342736104068047e-01
2.156516389139985224e-01 5.570681321918610207e-01 1.943698982540503079e-02 2.078432390687351972e-01
1.804658751088839275e-01 6.082079250849299346e-01 2.317644440396846722e-02 1.881497554022176222e-01
1.606828216136050036e-01 6.470311056072284295e-01 2.765362858847783892e-02 1.646324441906882319e-01
1.528005353447111636e-01 6.726392812757685524e-01 3.303027675676217800e-02 1.415299066227582447e-01
1.532178291842200002e-01 6.865643685209645852e-01 3.946871069966828571e-02 1.207490915951470595e-01
1.584484326116777919e-01 6.924685723107830704e-01 4.675024809402135439e-02 1.023327469835180054e-01
1.660455736360789691e-01 6.927620580564900488e-01 5.480414576719339764e-02 8.638822254023764691e-02
1.739849262151196008e-01 6.892548658651725946e-01 6.376525194019859455e-02 7.299495597950918235e-02
1.796203041181489712e-01 6.847689532608293161e-01 7.325609077290816396e-02 6.235465184811331968e-02
1.832366195903993300e-01 6.790425072221556446e-01 8.259207875642342322e-02 5.512879443102143562e-02
1.892815961319475326e-01 6.686421506962318961e-01 9.077145080348915374e-02 5.130480236833133423e-02
2.001110744701222188e-01 6.541700577613623890e-01 9.628235931941947490e-02 4.943650844909576458e-02
2.127579834896883015e-01 6.411507175502444422e-01 9.835500611925582226e-02 4.773629284081119806e-02
2.242766501979051863e-01 6.318729299544162403e-01 9.814940624110476963e-02 4.570101360657352618e-02
2.352090429996571697e-01 6.234023191092575855e-01 9.770348041000569139e-02 4.368515748107984487e-02
2.482199408408475028e-01 6.109875934803120634e-01 9.881408908762459586e-02 4.197837659121590043e-02
2.674205814593617614e-01 5.889438442671360852e-01 1.025484796747765243e-01 4.108709459872534470e-02
2.956662373638075381e-01 5.547218622238273555e-01 1.082190380651632533e-01 4.139286234720234575e-02
3.320122668574702618e-01 5.112460105727829607e-01 1.139737715750977765e-01 4.276795099464902189e-02
3.702527312780107271e-01 4.651377850776417522e-01 1.201365871611340258e-01 4.447289648321336303e-02
3.997973521634339278e-01 4.250705589456545419e-01 1.302573049017183571e-01 4.487478398919315936e-02
5.942097295165060800e-02 1.427439783670508833e-02 4.362649639588536687e-01 4.900396652527906349e-01
6.311281440373564533e-02 1.688466240972295862e-02 4.131526495190098180e-01 5.068498736675318694e-01
7.135755214988394324e-02 2.010497910037397501e-02 3.965590651215054052e-01 5.119784036282367667e-01
8.529965836073480356e-02 2.392149337098779110e-02 3.850489484694814002e-01 5.057298997987964562e-01
1.060279858771548539e-01 2.829543938968329120e-02 3.816708671299188227e-01 4.840057076032432959e-01
1.340397175631569404e-01 3.298356330650236562e-02 3.884744783254036604e-01 4.445022408049371654e-01
1.692094568038247093e-01 3.728633733154374658e-02 4.015772410936616632e-01 3.919269647709697213e-01
2.109886192783126113e-01 4.016087959794158169e-02 4.128502076898957207e-01 3.360002934338501834e-01
2.566559087064271272e-01 4.055137694130991899e-02 4.162050967096689313e-01 2.865876176425939392e-01
2.961040849782668460e-01 3.780342498854631639e-02 4.148341989291653431e-01 2.512582911040213141e-01
3.154245266651022339e-01 3.280225859985540227e-02 4.180685340121373939e-01 2.337046807229050671e-01
2.994378483209394481e-01 2.723783662692305998e-02 4.403294234420270237e-01 2.329948916101103884e-01
2.493749590258250992e-01 2.246664302114994086e-02 4.848790511440639328e-01 2.432793468089608779e-01
1.839277937613461311e-01 1.861469636602510955e-02 5.417293875857434049e-01 2.557281222868850179e-01
1.269001637191847220e-01 1.533662093794705555e-02 5.918542610431601902e-01 2.659089542997081779e-01
8.198775379793275808e-02 1.272108094011449760e-02 6.322898858943226674e-01 2.730012793676298566e-01
5.004317344432473308e-02 1.038633026380672737e-02 6.633561468659118221e-01 2.762143494259565735e-01
2.935516952061296980e-02 8.376103127245239713e-03 6.885801385338582437e-01 2.736885888182835069e-01
1.724358924503648430e-02 6.799201049698395949e-03 7.097717518939297143e-01 2.661854578113353464e-01
1.071000005328187274e-02 5.664481140474080141e-03 7.238777317600343375e-01 2.597477870462096550e-01
7.266062500314078576e-03 4.885135691040561230e-03 7.277641786060307094e-01 2.600846232026147176e-01
5.502786769288198210e-03 4.396752733301283710e-03 7.186596977456416457e-01 2.714407627517689270e-01
4.770010388344165728e-03 4.183195388872487826e-03 6.958250424125622668e-01 2.952217518102208116e-01
4.706287786802621290e-03 4.203128492561310735e-03 6.650535622259479140e-01 3.260370214946881062e-01
5.069800213190725664e-03 4.404062998705529121e-03 6.393027148795723535e-01 3.512234219085313414e-01
5.778633466033003020e-03 4.773507338706505301e-03 6.301214662067989858e-01 3.593263929884613073e-01
6.929151250867777653e-03 5.273538214747646238e-03 6.380943250203829908e-01 3.497029855140015853e-01
8.666612029375565102e-03 5.783608542379487655e-03 6.566007563015530124e-01 3.289490231266921638e-01
1.099602005105017495e-02 6.179753719563294868e-03 6.821875976803352115e-01 3.006366285490512102e-01
1.399538532204123650e-02 6.482387847961100687e-03 7.134634811055340364e-01 2.660587457244635856e-01
1.832950968398884550e-02 6.859507705146639794e-03 7.446469057619103937e-01 2.301640768489539579e-01
2.480050253354193143e-02 7.146413274305860042e-03 7.682499784203696835e-01 1.998031057717826187e-01
3.696416455753211844e-02 8.552364927798542654e-03 7.747966500676256585e-01 1.796868204470442043e-01
5.584115599820198284e-02 1.026943952376489604e-02 7.633984100611601598e-01 1.704909944168731539e-01
8.482453992307348312e-02 1.283356462764653240e-02 7.332537110320976881e-01 1.690881844171819304e-01
1.282065783349982113e-01 1.775148273693506751e-02 6.822332779082305176e-01 1.718086610198362174e-01
1.885903031479627401e-01 2.532779153820931273e-02 6.110899860759619884e-01 1.749919192378661392e-01
2.661136314081923304e-01 3.638869885124543235e-02 5.222932982700222437e-01 1.752043714705400768e-01
3.529848680992685450e-01 4.999279235757542877e-02 4.285093319489315933e-01 1.685130075942249395e-01
4.395271553423883426e-01 6.483233605798667532e-02 3.429670646648935728e-01 1.526734439347314509e-01
5.154695636165989026e-01 7.901761805763138358e-02 2.753276601739396701e-01 1.301851581518296275e-01
5.791505021851302004e-01 9.490888933311057707e-02 2.196411989665550402e-01 1.062994095152035995e-01
6.208512339295562121e-01 1.160749873313011160e-01 1.765744246340406054e-01 8.649935410510248279e-02
6.300356339593710109e-01 1.495260486122884369e-01 1.461344148916698671e-01 7.430390253667014389e-02
6.075426148145970373e-01 1.951411354761071471e-01 1.272336705040647831e-01 7.008257920523097706e-02
5.605757585787056740e-01 2.484309677060274613e-01 1.179695035797836966e-01 7.302377013548329299e-02
5.010814129596488087e-01 3.001086543215468749e-01 1.172262218649332555e-01 8.158371085387090826e-02
4.447480480459631846e-01 3.394248721943678437e-01 1.233632441354359371e-01 9.246383562423314550e-02
3.985779426241430334e-01 3.628075309022733008e-01 1.360068060518377642e-01 1.026077204217460820e-01
3.662979106720867795e-01 3.701104233679347599e-01 1.543958648596964189e-01 1.091958011002821943e-01
3.447837449592444092e-01 3.675992733025030823e-01 1.778603006218284766e-01 1.097566811164241013e-01
3.308624453433657298e-01 3.594645600604243207e-01 2.057595278194661037e-01 1.039134667767437070e-01
3.183700504776265650e-01 3.496084771291400606e-01 2.374024401137795059e-01 9.461903227945400729e-02
3.142580163321742615e-01 3.345044100433265943e-01 2.659277302228457152e-01 8.530984340165363722e-02
3.263227724642983607e-01 3.122153364038241508e-01 2.837495337273782114e-01 7.771235740449904117e-02
3.465043645335230682e-01 2.911695125564766062e-01 2.902535213197232067e-01 7.207260159027691071e-02
3.683146926397087850e-01 2.736731127694440602e-01 2.898342996665584370e-01 6.817789492428888432e-02
3.846304308995224797e-01 2.607411413822869894e-01 2.885799932471482809e-01 6.604843447104244425e-02
3.933655931950219009e-01 2.497411520358039094e-01 2.916620500302701813e-01 6.523120473890388349e-02
3.975642635195128505e-01 2.356856926166314425e-01 3.015859616190752490e-01 6.516408224478043021e-02
4.015266950374585253e-01 2.148564436005262202e-01 3.180385105490847741e-01 6.557835081293031387e-02
4.074609306324580293e-01 1.875336350909341254e-01 3.382184408705780077e-01 6.678699340602980983e-02
4.143605771846375352e-01 1.580046376850538503e-01 3.580173740197520327e-01 6.961741111055631814e-02
4.184269289738407060e-01 1.311073862015360580e-01 3.759124990038286707e-01 7.455318582079481504e-02
4.165901738542490684e-01 1.093963061825710265e-01 3.925095257739960042e-01 8.150399418918403971e-02
4.077256697037727196e-01 9.064565962105174124e-02 4.119044807032123945e-01 8.972418997196313084e-02
3.884005973732169714e-01 7.495498935702399335e-02 4.389868878708573230e-01 9.765752539890179551e-02
3.598495667110648832e-01 6.213111673429232845e-02 4.745355771215957752e-01 1.034837394330470894e-01
3.171955157274577997e-01 5.230737337383354474e-02 5.251476523823541687e-01 1.053494585163545771e-01
2.639303782246731900e-01 4.529068849809544245e-02 5.876620209608258705e-01 1.031169123164057816e-01
2.132698056656287811e-01 4.045193225907219720e-02 6.473197943907308405e-01 9.895846768456835474e-02
1.765293449669376735e-01 3.701757803717580647e-02 6.904243275578222372e-01 9.602874943806470609e-02
1.559685874960851371e-01 3.428823715827869489e-02 7.134680800896930908e-01 9.627509525594291073e-02
1.463932926636972165e-01 3.186795388579539978e-02 7.234628443501581740e-01 9.827590910034929295e-02
1.381288442508352143e-01 2.937224903294786624e-02 7.357060956596659373e-01 9.679281105655096473e-02
1.229657732933518988e-01 2.624446209918122538e-02 7.638693917146089918e-01 8.692037289285806101e-02
9.927490928096467659e-02 2.209599863123407407e-02 8.096406268339197965e-01 6.898846525388166451e-02
7.257033823386628557e-02 1.731890407275304272e-02 8.615827371000099877e-01 4.852802059337090607e-02
4.962328451727145151e-02 1.296296321977278600e-02 9.061190400567986636e-01 3.129471220615707289e-02
3.366964086269026712e-02 9.953105004606870726e-03 9.368078457846706897e-01 1.956940834803203716e-02
2.192335197812846775e-02 7.497330883741744681e-03 9.585643039745255223e-01 1.201501316360412130e-02
1.452728118204231304e-02 5.681233334171678986e-03 9.721668224342420173e-01 7.624663049543873618e-03
1.058643241616746312e-02 4.399998885393757893e-03 9.796362729597127839e-01 5.377295738725960429e-03
8.982874865520198981e-03 3.576193094691264458e-03 9.830313816666899074e-01 4.409550373098656065e-03
8.780958309098505638e-03 3.099322796241153147e-03 9.839743652636864235e-01 4.145353630974088141e-03
9.372172054532980356e-03 2.853394643532360195e-03 9.835330825224961604e-01 4.241350779438826483e-03
1.020030776788721262e-02 2.725530313250150091e-03 9.826424048320170357e-01 4.431757086845376954e-03
1.059905443361479523e-02 2.606841826618106362e-03 9.823333400588488695e-01 4.460763680918370701e-03
1.021755522718895658e-02 2.437663637630461521e-03 9.831257551079347623e-01 4.219026027245737637e-03
