2.904639592095932879e-02 1.518850622049514737e-03 3.308332502581552981e-01 6.386015031988359070e-01
7.095904209891709669e-02 3.225574987722104603e-02 4.819464935389249916e-01 4.148387144849368657e-01
6.730435286472012668e-02 3.048994357727868171e-02 4.957926620423714903e-01 4.064130415156299581e-01
6.590798209911806482e-02 2.841644836836556415e-02 5.210664717853488170e-01 3.846090977471673389e-01
6.561307432453834798e-02 2.595188106810492404e-02 5.550395227441283774e-01 3.533955218632282569e-01
6.476531623280876171e-02 2.296505143861463094e-02 5.978627204929849448e-01 3.144069118355913295e-01
6.269259359603369941e-02 1.962813654945870165e-02 6.484677577526675174e-01 2.692115121018401891e-01
5.956998340900523936e-02 1.627930506856093903e-02 7.022000385924660470e-01 2.219506729299677295e-01
5.515238631076636172e-02 1.302417738987960739e-02 7.549085147934521123e-01 1.769149215059020452e-01
4.901620909556844013e-02 9.691579765695693127e-03 8.046249150948692197e-01 1.366672960438662932e-01
4.498027122997952376e-02 7.240702593934945398e-03 8.444427760825607976e-01 1.033362500935247758e-01
4.127829959509726060e-02 5.292474331007811575e-03 8.760497173861765408e-01 7.737950868771846513e-02
3.918986741102783306e-02 3.877966286111440147e-03 8.985236614808420619e-01 5.840850482201929289e-02
3.907756457930330191e-02 2.988155307667464573e-03 9.116405007308540087e-01 4.629377938217520833e-02
4.239131671872708312e-02 2.563108017541912073e-03 9.144016263618474083e-01 4.064394890188339354e-02
5.056870703452099464e-02 2.527397078842651395e-03 9.063731565952546365e-01 4.053073929138178294e-02
6.483217311120169357e-02 2.821345728297160269e-03 8.873824065900109970e-01 4.496407457049016176e-02
8.647353203960479739e-02 3.428672163496216795e-03 8.569679311593496607e-01 5.312986463754908184e-02
1.154836938652454570e-01 4.312471819810129517e-03 8.165837436109277814e-01 6.362009070401632160e-02
1.488781386794108541e-01 5.296307986931858384e-03 7.716681495278502334e-01 7.415740380580686242e-02
1.841331090145586491e-01 6.172850216420057781e-03 7.260400529686481530e-01 8.365398780037287818e-02
2.203669178556444952e-01 6.815232741846980608e-03 6.804001282300251585e-01 9.241772117248342466e-02
2.556225470874899375e-01 7.194999870106416270e-03 6.361056412369135993e-01 1.010768118054895665e-01
2.864312072098799122e-01 7.442294024826940323e-03 5.954384013126934327e-01 1.106880974525995820e-01
3.090840220795495474e-01 7.792218093624580372e-03 5.603996271493328907e-01 1.227241326774932834e-01
3.205716061194094357e-01 8.355627540557577018e-03 5.333284948611272114e-01 1.377442714789056943e-01
3.207990015504649239e-01 9.033650813611984048e-03 5.154599195770431797e-01 1.547074280588799644e-01
3.119697374908032006e-01 9.784107507484885932e-03 5.059396593082425841e-01 1.723064956934692304e-01
2.972421528524675782e-01 1.076036853756109045e-02 5.007393802188846443e-01 1.912580983910867616e-01
2.808419328987465935e-01 1.225750822789948603e-02 4.922376827417868639e-01 2.146628761315674816e-01
2.641299493565503753e-01 1.499447687073499763e-02 4.756591111382258985e-01 2.452164626344888743e-01
2.448816628540244345e-01 1.773504788201037477e-02 4.532088683276018770e-01 2.841744209363635254e-01
2.193387969392575632e-01 2.122534123700292943e-02 4.273778069276429892e-01 3.320580548960965772e-01
1.864849108740372075e-01 2.441943424441972085e-02 3.989426181280070205e-01 3.901530367535359645e-01
1.497016354824498019e-01 2.720741639818801544e-02 3.660467664511297126e-01 4.570441816682322411e-01
1.142013656135593136e-01 2.989287700145456736e-02 3.291088346354485994e-01 5.267969227495373774e-01
8.414128931207343065e-02 3.274612263457143957e-02 2.878945305875905136e-01 5.952180574657646162e-01
6.110780571106793485e-02 3.593500367952969649e-02 2.393088544009930874e-01 6.636483362084092397e-01
4.424945178957052916e-02 3.950611596772433953e-02 1.840881416407239568e-01 7.321562906019811745e-01
3.291891154282582804e-02 4.320138528890839907e-02 1.312780992544742842e-01 7.926016039137911973e-01
2.425439330958310824e-02 4.929932092733748522e-02 9.225841675331439284e-02 8.341878690097649374e-01
1.902149677367507424e-02 5.879031445380506621e-02 6.948955911412209308e-02 8.526986296583977110e-01
1.560131480381699368e-02 7.337278699129236303e-02 5.842165652576015306e-02 8.526042416791304035e-01
1.324840121701873277e-02 9.113057291299042628e-02 5.325087124488511736e-02 8.423701546251055605e-01
1.136039922501360169e-02 1.074423677007669553e-01 4.961530613510695131e-02 8.315819269391122592e-01
9.686523547857794555e-03 1.175303707405521841e-01 4.496974562945392495e-02 8.278133600821360183e-01
8.325162903056317759e-03 1.207392159181477492e-01 3.924320152936604245e-02 8.316924196494301924e-01
7.477059335089129496e-03 1.199114678101083908e-01 3.397571170481555880e-02 8.386357611499869469e-01
7.253051855271179342e-03 1.172959260982580354e-01 3.028256597726511692e-02 8.451684560692054315e-01
7.620860198698824022e-03 1.159798261956334620e-01 2.850824020910274273e-02 8.478910733965649982e-01
8.518290306830517133e-03 1.203103734933011482e-01 2.866403796268071624e-02 8.425072982371876185e-01
1.002885542102414929e-02 1.310982257146101060e-01 3.050516639081374271e-02 8.283677524735520992e-01
1.220310069120991020e-02 1.440030981244997677e-01 3.345739259741184468e-02 8.103364085868786093e-01
1.485075153648840636e-02 1.517864658469798567e-01 3.660367800410078282e-02 7.967591046124308241e-01
1.753387691390468836e-02 1.499565255152828236e-01 3.917175931150348317e-02 7.933378382593087030e-01
1.987606797311254267e-02 1.401469465027661565e-01 4.084817719940216779e-02 7.991288083247189977e-01
2.216236268613011595e-02 1.268950180039953024e-01 4.194680117445635792e-02 8.089958181354183209e-01
2.496623350485305259e-02 1.145819801371605329e-01 4.356029611150827319e-02 8.168914902464780026e-01
2.837010445033799969e-02 1.049017813281928335e-01 4.646257048748569235e-02 8.202655437339835265e-01
3.182185181962864789e-02 9.657021601082586837e-02 5.005196164553849664e-02 8.215559705240068622e-01
3.438454234208671023e-02 8.848866060838476988e-02 5.265918253575316982e-02 8.244676145137752599e-01
3.581745502126491842e-02 8.156448246360234466e-02 5.372014588322272105e-02 8.288979166319099257e-01
3.669600457224848206e-02 7.818365063436341633e-02 5.488611273614808772e-02 8.302342320572400070e-01
3.697118144189172340e-02 8.024218951364774088e-02 5.730954867430837485e-02 8.254770803701526605e-01
3.637813429394957249e-02 8.720582592036089931e-02 6.038098435346623410e-02 8.160350554322234329e-01
3.534375973425088469e-02 9.548433882796876493e-02 6.311179876065196870e-02 8.060601026771282429e-01
3.385410085167579741e-02 1.008091683273346501e-01 6.485905505746700217e-02 8.004776757635224671e-01
3.155917363997627623e-02 1.011292938791886337e-01 6.487938721544644904e-02 8.024321452653886411e-01
2.834459400067940171e-02 9.804492951201439210e-02 6.298687013817269587e-02 8.106236063491334409e-01
2.420125211444030394e-02 9.576709058138585529e-02 6.041011305381550206e-02 8.196215442503580473e-01
1.939482563056901809e-02 9.730968121678024163e-02 5.885736197097088396e-02 8.244381311816797453e-01
1.467456393919406091e-02 1.012825159385376955e-01 5.925652970227087563e-02 8.247863904199971286e-01
2.678896770481760045e-02 1.366857518449613174e-01 1.656891892102020647e-01 6.708360912400189724e-01
1.226521181972598518e-01 1.859820052146796479e-02 6.525518170031154863e-01 2.061978642781567006e-01
1.023820382636832088e-01 1.501155964226680295e-02 6.491489137219862426e-01 2.334574883720635929e-01
8.556139987291043469e-02 1.184078011253197546e-02 6.311823275030852276e-01 2.714154925114725114e-01
7.250964897134867804e-02 9.307556887549270005e-03 6.002352697147719240e-01 3.179475244263301192e-01
6.355926341180516415e-02 7.505753859091966393e-03 5.598068480060169883e-01 3.691281347230855325e-01
5.914032468072097370e-02 6.480660924808249145e-03 5.128930616111807561e-01 4.214859527832897079e-01
6.001993077109998853e-02 6.258058319073371394e-03 4.615411042196557179e-01 4.721809066901710428e-01
6.727507241148668327e-02 6.892484577055033035e-03 4.076694137059366230e-01 5.181630293055218273e-01
8.199416886138785610e-02 8.568401308958303181e-03 3.560835465064140504e-01 5.533538833232396481e-01
1.046588812360909060e-01 1.178062321997933211e-02 3.153408366823582387e-01 5.682196588615713306e-01
1.338468524268099646e-01 1.719585829476551544e-02 2.921507082507000530e-01 5.568065810277246230e-01
1.702781803450203191e-01 2.593494136889976445e-02 2.842582751674472830e-01 5.195286031186324704e-01
2.146312961867872515e-01 3.833605968122120317e-02 2.862713916630239552e-01 4.607612524689675970e-01
2.656245905699406995e-01 5.205842544409051281e-02 2.956940427067275001e-01 3.866229412792412390e-01
3.202658610796973448e-01 6.448608533694322187e-02 3.089628626819189150e-01 3.062851909014407958e-01
3.665082643487160285e-01 7.501326906752556201e-02 3.274892992779632195e-01 2.309891673057951345e-01
3.991428385648483901e-01 8.724454760227456918e-02 3.455029358831455677e-01 1.681096779497313343e-01
4.108849589181836626e-01 1.031177306200425914e-01 3.657511047113356506e-01 1.202462057504382481e-01
4.149059274067022907e-01 1.252112366569236024e-01 3.740851391313605445e-01 8.579769680501350693e-02
4.180103211251048889e-01 1.532606261618444654e-01 3.672744072967522033e-01 6.145464541629846317e-02
4.236574979272184627e-01 1.870624768648826985e-01 3.450346122352928591e-01 4.424541297260591033e-02
4.319436879204676116e-01 2.256395631271592150e-01 3.102528526605961567e-01 3.216389629177672516e-02
4.408576829213798343e-01 2.667178695077884187e-01 2.686197944907079416e-01 2.380465308012349318e-02
4.477625574492531402e-01 3.067749330293209065e-01 2.273080617827441807e-01 1.815444773868178652e-02
4.542337162794112815e-01 3.393647798394882065e-01 1.918466607248678624e-01 1.455484315623280928e-02
4.720870764313622181e-01 3.521899705786117329e-01 1.633660830591224522e-01 1.235686993090354298e-02
5.013554604382893798e-01 3.453772825977850514e-01 1.421848086107295461e-01 1.108244835319602273e-02
5.359041409239594378e-01 3.266298006718624802e-01 1.271357440146375639e-01 1.033031438954060133e-02
5.662409778658430426e-01 3.077292769448464749e-01 1.162052184971203161e-01 9.824526692190298227e-03
5.906148854297145201e-01 2.928502827980315470e-01 1.071390442143538568e-01 9.395787557899645814e-03
6.139182241841887322e-01 2.787285581451671712e-01 9.839796584115649558e-02 8.955251829487613155e-03
6.404632041242318552e-01 2.619315671828323921e-01 8.914596904629754071e-02 8.459259646638156438e-03
6.692196343320604424e-01 2.434112702124437977e-01 7.941865268684962509e-02 7.950442768645945776e-03
6.941671439009715616e-01 2.274010483884638667e-01 7.080592779448624530e-02 7.625879916078223165e-03
7.116221351389914185e-01 2.157633438507849666e-01 6.488562621835892996e-02 7.728894791864671099e-03
7.253676902956301964e-01 2.053819268096562511e-01 6.091791409436483201e-02 8.332468800348661470e-03
7.419348431972584423e-01 1.919408763239034144e-01 5.675352327097628324e-02 9.370757207861714344e-03
7.635677638549892565e-01 1.742502392113189635e-01 5.136949454575386736e-02 1.081250238793783451e-02
7.886986865246876643e-01 1.537974808518551839e-01 4.489735777830255320e-02 1.260647484515447017e-02
8.132936728249126057e-01 1.346675740248189090e-01 3.749838340876472664e-02 1.454036974150389218e-02
8.313090956453185187e-01 1.225032637132181801e-01 2.991900614178190712e-02 1.626863449968140793e-02
8.382046928764077531e-01 1.206910082621139441e-01 2.353071069815967573e-02 1.757358816331868953e-02
8.318804104427275359e-01 1.303259225472297445e-01 1.920573742464812272e-02 1.858792958539458653e-02
8.120179812155187138e-01 1.513984004344874901e-01 1.688580132940311132e-02 1.969781702059068829e-02
7.796624178314897069e-01 1.830065507817313641e-01 1.608001914301276231e-02 2.125101224376613543e-02
7.409469905855166072e-01 2.193633449138864822e-01 1.622936725553343965e-02 2.346029724506346753e-02
7.082665182646760149e-01 2.478725340167079461e-01 1.696096658753002903e-02 2.689998113108623551e-02
6.926854954536689757e-01 2.570642076253341624e-01 1.792079923683946238e-02 3.232949768415729896e-02
6.928669831699904025e-01 2.499656255343719324e-01 1.826006499726385776e-02 3.890732629837378304e-02
6.983258103786408322e-01 2.392204002798212770e-01 1.743607062675603739e-02 4.501771871478171122e-02
6.984974838376466488e-01 2.340357367203612371e-01 1.599076877076699779e-02 5.147601067122508506e-02
6.803455922630687880e-01 2.432634786153428097e-01 1.481228618000680897e-02 6.157864294158169050e-02
6.326264734288671310e-01 2.738622387232975131e-01 1.434984564785491204e-02 7.916144219998053067e-02
5.513315914776699689e-01 3.271614673978912591e-01 1.504807720168506099e-02 1.064588639227539574e-01
4.561119160020148944e-01 3.838964881291309639e-01 1.588806580105821611e-02 1.441035300677958597e-01
3.672705685158628719e-01 4.226914162543011222e-01 1.760968439106051428e-02 1.924283308387754743e-01
2.959926828720279013e-01 4.330389360344134575e-01 2.037717555127113028e-02 2.505912055422877538e-01
2.398734901680153186e-01 4.220401588982072294e-01 2.393506132512516690e-02 3.141512896086522955e-01
1.961065337262242747e-01 4.012047354013636435e-01 2.753381031593412839e-02 3.751549205564782552e-01
1.601295108228373287e-01 3.837695246434115193e-01 3.039972922952141263e-02 4.257012353042297637e-01
1.308351854703832806e-01 3.779855860608140050e-01 3.178178214095243176e-02 4.593974463278504006e-01
1.071787346950359293e-01 3.900895616685295941e-01 3.149392907861028185e-02 4.712377745578241184e-01
8.828781242773256488e-02 4.215983782345700814e-01 2.957347891146801938e-02 4.605403304262295494e-01
7.436365412869409830e-02 4.612131803683459652e-01 2.658183085970019024e-02 4.378413346432598607e-01
6.606858477102324489e-02 4.925398631003560235e-01 2.387300565035043245e-02 4.175185464782705247e-01
6.238854994767688289e-02 5.102867779823392347e-01 2.259687496529881601e-02 4.047277971046850942e-01
6.151366184223851924e-02 5.158222435559328689e-01 2.323797248795714254e-02 3.994261221138711848e-01
6.178197932470192583e-02 5.084211500847738430e-01 2.582518943542628717e-02 4.039716811550978504e-01
6.201940543180908816e-02 4.856212305838525922e-01 3.027372626169700862e-02 4.220856377226413492e-01
6.060231888765901798e-02 4.493138378157929824e-01 3.635584867251792640e-02 4.537279946240300732e-01
5.663839738579148908e-02 4.010838050280233769e-01 4.408818442576294822e-02 4.981896131604225952e-01
8.321364704523954714e-01 1.079775162813975953e-01 3.563471671408562341e-03 5.632254159479832545e-02
2.259119312241774369e-01 5.539512033227683707e-01 3.091957302494223805e-02 1.892172924281120827e-01
2.211274375894546895e-01 5.807658113617215623e-01 2.481000716896868130e-02 1.732967438798550808e-01
2.119564677211857873e-01 6.062845951225287466e-01 2.023181342140920394e-02 1.615271237348764322e-01
1.998525057384021308e-01 6.306527337145235723e-01 1.694357105703403477e-02 1.525511894900401511e-01
1.834150154440604419e-01 6.600180699542056439e-01 1.438587695300880785e-02 1.421810376487253058e-01
1.592541475477887158e-01 7.034380650790851286e-01 1.202288034906402910e-02 1.252849070240620866e-01
1.281984629111047047e-01 7.602466737727612278e-01 9.730050226430590060e-03 1.018248130897035642e-01
9.738270399272529187e-02 8.163742519512137141e-01 7.782017829178198773e-03 7.846102622688296002e-02
7.320625346348436091e-02 8.598375397953758048e-01 6.361168395237426498e-03 6.059503834590246329e-02
5.571927581284206316e-02 8.913221880002061281e-01 5.275960929163214796e-03 4.768257525778852451e-02
4.195647272286557455e-02 9.169154509819265053e-01 4.232974368662808205e-03 3.689510192654500698e-02
3.040507891703580698e-02 9.392638206540815382e-01 3.128887108681561481e-03 2.720221332020092420e-02
2.147236028206491246e-02 9.569821148930538479e-01 2.113396520362893858e-03 1.943212830451827161e-02
1.678095016014173949e-02 9.671958410939137663e-01 1.377431893947818255e-03 1.464577685199694446e-02
1.411586853951367869e-02 9.725741028461343252e-01 9.710264954609909701e-04 1.233900211889086933e-02
1.389072149460700289e-02 9.733151512867419530e-01 7.753018104154932267e-04 1.201882540823568692e-02
1.480953302626179455e-02 9.719635247025144587e-01 6.673759719226958617e-04 1.255956629930094805e-02
1.557140981647471903e-02 9.709229269538108831e-01 5.701877436880930898e-04 1.293547548602617080e-02
1.586183259825013278e-02 9.706339499711724716e-01 4.843676502786611925e-04 1.301984978029842310e-02
1.641725331924423145e-02 9.696589172750688101e-01 4.475991261196996668e-04 1.347623027956736455e-02
1.797678047819872491e-02 9.666389694001048527e-01 4.728206738376834490e-04 1.491142944785887187e-02
1.955415713433578812e-02 9.625308518882896847e-01 5.383728289824598950e-04 1.737661814839185428e-02
2.335955871210404142e-02 9.547181161755606826e-01 6.075462675313302464e-04 2.131477884480400750e-02
2.859988678271418311e-02 9.439779167434593221e-01 6.695225043380443946e-04 2.675267396948843857e-02
3.608649430943505765e-02 9.287697469743820822e-01 7.507572916819611449e-04 3.439300142450085751e-02
4.718497728757233695e-02 9.064044571786563642e-01 8.888704184668254739e-04 4.552169511530436419e-02
6.425922259132478553e-02 8.724633051512538096e-01 1.129593213684356584e-03 6.214787904373727384e-02
8.986764038209246741e-02 8.229006654181910685e-01 1.506593185987709690e-03 8.572510101372879388e-02
1.234187089423493533e-01 7.601644514933989516e-01 1.963684277152762375e-03 1.144531552870991092e-01
1.578786302921767470e-01 6.988575678102194599e-01 2.309991344071021194e-03 1.409538105535327879e-01
1.828427826222763508e-01 6.599857420971136923e-01 2.388039682254308391e-03 1.547834355983554178e-01
1.964288685153050829e-01 6.485120832119263268e-01 2.297583923879740683e-03 1.527614643488889312e-01
2.048727076770641975e-01 6.532099548668658384e-01 2.199235741295022233e-03 1.397181017147749171e-01
2.146486551563484280e-01 6.604964456640131099e-01 2.134804067311559667e-03 1.227200951123272460e-01
2.306964661386928794e-01 6.590487552700211582e-01 2.074790821421992892e-03 1.081799877698640805e-01
2.563798191130536308e-01 6.425372105057198802e-01 2.006196269977827008e-03 9.907677411124889144e-02
2.925611700338021648e-01 6.110014651500134120e-01 1.943168219567735630e-03 9.449419659661668913e-02
3.368416736790740273e-01 5.694001351819106826e-01 1.874672598116764637e-03 9.188351854089882309e-02
3.884534557407691158e-01 5.201007132797373922e-01 1.933735698117221161e-03 8.951209528137618610e-02
4.444562880692795592e-01 4.688260204881564697e-01 1.686751850044518287e-03 8.503093959251953327e-02
5.073807860697309158e-01 4.133546812289514705e-01 1.343029589405693230e-03 7.792150311191170520e-02
5.677662922081218033e-01 3.646332161979413677e-01 9.607556791065391096e-04 6.663973591483006442e-02
6.126108229475661915e-01 3.348656790845765951e-01 6.288530908062619964e-04 5.189464487705101187e-02
6.335885748634578762e-01 3.287054313767394653e-01 4.068938811655174737e-04 3.729909987863706117e-02
6.283293232392093142e-01 3.453987501087796841e-01 2.930674657653343325e-04 2.597885918624566817e-02
6.052028701208831407e-01 3.757208670019658303e-01 2.590369534231073143e-04 1.881722592372810782e-02
5.776185976610108685e-01 4.071225074728430648e-01 2.804707396332033198e-04 1.497842412651297951e-02
5.552432003523642967e-01 4.312423957025381949e-01 3.406464352974276650e-04 1.317375750980015643e-02
5.433731102933614387e-01 4.438277750418817558e-01 4.276987981028146412e-04 1.237141586665403692e-02
5.431371871103385374e-01 4.442759566143634209e-01 5.421094897230698591e-04 1.204474678557491615e-02
5.539151845543187624e-01 4.332168173169488323e-01 7.050354543983828682e-04 1.216296267433403418e-02
5.715264907454012944e-01 4.147475704834447940e-01 9.536000888255162554e-04 1.277233868232843274e-02
5.885812655116602343e-01 3.964029808112596864e-01 1.304567159891704877e-03 1.371118651718850057e-02
5.999125110280535411e-01 3.835168096360285217e-01 1.720634879513816343e-03 1.485004445640411043e-02
6.034711056673460750e-01 3.781624706292638360e-01 2.125460656206297656e-03 1.624096304718357711e-02
5.972043857365948449e-01 3.822804848387713617e-01 2.439893764826120241e-03 1.807523565980779720e-02
5.802614892742689046e-01 3.962202712121030146e-01 2.631852721645756236e-03 2.088638679198244821e-02
5.511525252413110865e-01 4.205714011573735700e-01 2.709237147402724331e-03 2.556683645391253507e-02
5.046097636101476436e-01 4.596442979051833522e-01 2.689377504025979113e-03 3.305656098064295445e-02
4.409962776426410436e-01 5.121363661268315548e-01 2.605448535950927527e-03 4.426190769457622604e-02
3.705395820662600870e-01 5.674789073642128034e-01 2.481578089405429149e-03 5.949993248012194758e-02
3.036840197328493085e-01 6.166757043070048017e-01 2.306660900312142853e-03 7.733361505983379902e-02
2.407961652361839955e-01 6.635417502045536375e-01 2.044878546430854097e-03 9.361720601283123055e-02
1.861792896247508877e-01 7.085541644103913184e-01 1.670937784272475682e-03 1.035956081805857187e-01
1.374922811990272331e-01 7.600153403269509500e-01 1.263623082911883265e-03 1.012287553911099119e-01
9.545065674836866743e-02 8.189736232754744050e-01 8.654120138249192648e-04 8.471030796233221249e-02
6.135525896456969774e-02 8.786378268140933034e-01 5.297982318908560709e-04 5.947711598944609157e-02
3.697496359404534721e-02 9.268209372213083164e-01 3.084280403298072246e-04 3.589567114431657657e-02
2.214367887976338017e-02 9.571785250174064119e-01 1.962226145185798408e-04 2.048157348831134220e-02
1.486382490442367428e-02 9.723996346786660805e-01 1.455763036528082914e-04 1.259096411325744645e-02
1.003382485092026849e-02 9.812038791159961582e-01 1.385001043740917317e-04 8.623795928709376835e-03
9.711921300682881952e-01 2.711336825552179350e-02 1.368842253370274953e-03 3.256594228196610721e-04
3.363555179434890574e-02 2.443045217260695900e-01 2.408575787218245334e-01 4.812023477577569430e-01
3.657934164822920775e-02 3.053230664081171275e-01 1.864129957963018280e-01 4.716845961473520310e-01
4.123375921389386967e-02 3.683307276484948933e-01 1.442503892818242650e-01 4.461851238557867361e-01
4.853276027772353285e-02 4.247528445868480884e-01 1.129553567939781122e-01 4.137590383414502249e-01
5.984194755529901461e-02 4.676912045375808402e-01 9.120446557872853577e-02 3.812623823283919910e-01
7.628216187679091875e-02 4.944647805139183450e-01 7.775943368679003043e-02 3.514936239225008308e-01
9.714355331826210471e-02 5.058590531720493777e-01 7.067352122310850693e-02 3.263238722865801078e-01
1.200535024677921309e-01 5.059362745777175041e-01 6.767448610435260192e-02 3.063357368501377631e-01
1.451640395841592435e-01 4.968307574608379906e-01 6.642280426209254407e-02 2.915823986929103606e-01
1.781950831064172402e-01 4.754089407873494100e-01 6.481041985570540342e-02 2.815855562505277798e-01
2.209514338455568216e-01 4.466507028699434056e-01 6.191087901736949672e-02 2.704869842671303592e-01
2.783568928614797433e-01 4.123802040448985573e-01 5.730476633902857608e-02 2.519581367545934425e-01
3.539636284736310534e-01 3.703267437909754656e-01 5.073486064087433245e-02 2.249747670945188571e-01
4.492379398391979084e-01 3.161685065124647531e-01 4.239918042599686437e-02 1.921943732223405088e-01
5.537879503039809803e-01 2.542659788482051764e-01 3.326298323672631507e-02 1.586830876110872368e-01
6.398875625787499022e-01 2.025266146725348826e-01 2.648947333920027500e-02 1.310963494095149784e-01
6.945164010840391144e-01 1.688642663198826888e-01 2.233766350465856212e-02 1.142816690914199851e-01
7.141423780011009192e-01 1.566221422854389145e-01 2.070588854186653990e-02 1.085295911715935535e-01
7.018099559091366402e-01 1.654102588114304828e-01 2.096769247173910916e-02 1.118120928076936638e-01
6.644828586117946800e-01 1.919820464501497403e-01 2.238116090677631786e-02 1.211539340312794838e-01
6.122593839097735247e-01 2.295488562087882045e-01 2.460320360149336263e-02 1.335885562799450088e-01
5.509116327500375165e-01 2.733752756516157900e-01 2.868450743727083210e-02 1.470285841610757538e-01
4.880324637601387572e-01 3.160015839100838164e-01 3.508770267024505229e-02 1.608782496595324574e-01
4.250442469364778542e-01 3.545076316248917392e-01 4.541327178747644328e-02 1.750348496511538454e-01
3.649262426515428315e-01 3.853366603389837830e-01 6.049464695239636924e-02 1.892424500570771273e-01
3.114249577595136764e-01 4.041198852195618807e-01 7.988075496873797698e-02 2.045744020521865492e-01
2.667422214452370710e-01 4.090322092432750467e-01 1.012836470759635316e-01 2.229419222355242536e-01
2.301796403217113984e-01 4.050270618015590629e-01 1.210710656109219019e-01 2.437222322658080254e-01
1.994924292106919350e-01 4.012261010346565571e-01 1.361711280569838367e-01 2.631103416976676157e-01
1.740716451169530832e-01 4.031916400770163555e-01 1.457260242019677854e-01 2.770106906040628592e-01
1.545012273162891248e-01 4.121509485945655804e-01 1.504180220510577815e-01 2.829298020380875966e-01
1.400926955576637378e-01 4.273382627563508396e-01 1.509319101766366522e-01 2.816371315093491590e-01
1.303035251938998440e-01 4.414137815684818777e-01 1.485059013842806031e-01 2.797767918533377030e-01
1.249938285444724684e-01 4.420166083209421948e-01 1.461133330491655447e-01 2.868762300854197922e-01
1.212594718750450440e-01 4.265976583601366334e-01 1.451185762515914690e-01 3.070242935132269091e-01
1.158380412891964473e-01 4.018120117712795092e-01 1.435174909635528462e-01 3.388324559759713361e-01
1.073252262753121300e-01 3.767731409589338276e-01 1.382119496060691399e-01 3.776896831596847637e-01
9.603483598960292633e-02 3.610237113739329096e-01 1.277549446382636178e-01 4.151865079982007267e-01
8.468161195805966324e-02 3.593615947392531096e-01 1.126393316936467326e-01 4.433174616090405640e-01
7.598998180437292749e-02 3.729977712324247241e-01 9.439802883697047398e-02 4.566142181262319855e-01
7.073852501834740347e-02 4.015754843066404178e-01 7.514535386116719118e-02 4.525406368138448765e-01
6.801283894628629145e-02 4.432767567729777314e-01 5.728023256677812480e-02 4.314301717139579773e-01
6.578417439299477643e-02 4.952995443232728889e-01 4.249081523388586329e-02 3.964254660498465199e-01
6.178433634670705416e-02 5.542540608644083155e-01 3.103183760390391954e-02 3.529297651849808148e-01
5.518594075739279708e-02 6.159281814711463632e-01 2.217176415549243843e-02 3.067141136159686199e-01
4.755744859724080065e-02 6.752866890357180907e-01 1.545293320107778492e-02 2.617029291659634382e-01
4.066189283474407057e-02 7.298879093638132032e-01 1.060982428378545381e-02 2.188403735176574216e-01
3.463286073478463040e-02 7.819801740525660350e-01 7.130264601926809484e-03 1.762567006107226275e-01
2.962597295129099431e-02 8.304461694191457299e-01 4.666882976078345555e-03 1.352609746534849666e-01
2.582021910302148907e-02 8.702128711869039357e-01 3.064798348260706819e-03 1.009021113618140120e-01
2.472359438430947812e-02 8.978983785391585482e-01 2.120182131453274450e-03 7.525784494507861688e-02
2.506064849132382671e-02 9.148634350466938736e-01 1.585597268955531896e-03 5.849031919302687121e-02
2.651492438122286105e-02 9.222861857195165936e-01 1.333145510254306679e-03 4.986574438900584494e-02
3.065514888410226721e-02 9.219020821786420017e-01 1.239285926166856008e-03 4.620348301108880701e-02
3.559754900065544708e-02 9.190093686180387245e-01 1.221039071308543424e-03 4.417204330999710549e-02
4.092186332309262486e-02 9.154240092585307353e-01 1.254069530481536970e-03 4.240005788789515812e-02
4.829859554839004143e-02 9.097109327867587414e-01 1.351717514658059335e-03 4.063875415019302384e-02
6.153840306428379203e-02 8.984439266269695912e-01 1.545826793215365714e-03 3.847184351553130377e-02
8.664695772236435944e-02 8.762898641342361516e-01 1.893288486836927891e-03 3.516988965656281385e-02
1.279026262000305669e-01 8.394992932077844916e-01 2.260061623213370941e-03 3.033801896897173403e-02
1.762868651122744823e-01 7.964047565213947522e-01 2.991021322881066459e-03 2.431735704344962015e-02
2.170046937623953953e-01 7.607919208670435030e-01 3.350900417158282282e-03 1.885248495340258526e-02
2.459924812656698878e-01 7.351868107372406813e-01 3.519776132399744448e-03 1.530093186468962398e-02
2.689285230127086423e-01 7.135884630864947065e-01 3.672199080184361877e-03 1.381081482061218522e-02
2.939049820359102005e-01 6.880394474077221600e-01 3.941658946935734480e-03 1.411391160943188845e-02
3.310861155822517610e-01 6.484644429038789459e-01 4.379608187829110884e-03 1.606983332604018655e-02
3.808811903044163616e-01 5.949029587188260360e-01 4.943835460345287654e-03 1.927201551641202076e-02
4.309004669074208427e-01 5.408638722911477403e-01 5.487581011988190011e-03 2.274807978944320963e-02
4.682310278022080441e-01 5.003418598604416623e-01 5.943659733892548737e-03 2.548345260345795740e-02
4.897787312583728458e-01 4.772897399554875131e-01 6.022169934626253086e-03 2.690935885151330212e-02
4.810434002651639562e-01 4.858732163210702781e-01 6.108379402755349623e-03 2.697500401101025208e-02
4.129298957243202062e-01 1.808152675926315567e-01 2.939799341234278218e-02 3.768568432707055660e-01
3.628916424519272876e-01 2.183983165612735367e-01 3.561217555071455321e-02 3.830978654360847058e-01
3.252495259242900727e-01 2.628463936845058524e-01 4.424513854035085070e-02 3.676589418508532381e-01
3.004490669365527111e-01 3.110547521512221913e-01 5.478992882194460429e-02 3.337062520902805973e-01
2.936167523682025604e-01 3.525711051651913008e-01 6.604632135984939145e-02 2.877658211067566918e-01
3.006499098456010821e-01 3.824682087865479696e-01 7.780850536115470339e-02 2.390733760066960090e-01
3.181210345353383540e-01 3.970262216000014499e-01 9.017127836903653104e-02 1.946814654956233182e-01
3.416508199432949366e-01 3.976322697811601192e-01 1.031358348357565846e-01 1.575810754397882762e-01
3.671048064252204757e-01 3.880665531741521179e-01 1.170059467940088027e-01 1.278226936066185482e-01
3.891168601132567462e-01 3.744875966387697930e-01 1.319979801045154943e-01 1.043975631434577445e-01
4.027603271741999613e-01 3.630018087874937183e-01 1.473564087408959777e-01 8.688145529741016226e-02
4.088204597638502857e-01 3.544202579560931654e-01 1.615370441915930377e-01 7.522223808846352500e-02
4.178886050296479748e-01 3.419711405021208517e-01 1.716024796692581511e-01 6.853777479897295299e-02
4.312670185085141772e-01 3.281360891289672455e-01 1.754908349788206756e-01 6.510605738369745765e-02
4.486409797709837721e-01 3.167927313288848579e-01 1.713725037306682852e-01 6.319378516946320967e-02
4.632218213562238618e-01 3.136207086535260924e-01 1.609871875717002465e-01 6.217028241854991033e-02
4.712795163648588193e-01 3.195340590042849982e-01 1.473148444567187187e-01 6.187158017413714461e-02
4.703840561357657268e-01 3.339973743868860367e-01 1.336788311971648657e-01 6.193973828018332212e-02
4.708611220472347370e-01 3.457774596781211796e-01 1.210222855906601114e-01 6.233913268398419416e-02
4.777227561058854932e-01 3.488960141221813527e-01 1.098874944203396403e-01 6.349373535159348603e-02
4.930304681599931849e-01 3.415032779575429833e-01 9.996656040860096848e-02 6.549969347386276619e-02
5.095789056723901700e-01 3.303206941785455930e-01 9.251257443565182037e-02 6.758782571341255541e-02
5.155710647485556297e-01 3.272757666555048406e-01 8.969315503741800977e-02 6.746001355852171422e-02
4.613721846686275052e-02 1.289993453240214673e-02 5.335857746133901847e-01 4.073770723873449406e-01
4.491455476575029193e-02 1.486999853222495047e-02 4.555882479132001284e-01 4.846271987888244870e-01
4.589434805239072518e-02 1.711843740052803112e-02 3.836434838805426462e-01 5.533437306665387467e-01
4.920458078126371815e-02 1.966054715006599132e-02 3.212987538776868046e-01 6.098361181909834894e-01
5.468164570949381187e-02 2.257069766426136881e-02 2.731431787398684863e-01 6.496044778863763192e-01
6.186921483781420567e-02 2.580179697826761112e-02 2.398541868578869807e-01 6.724748013260311019e-01
7.024484841739075947e-02 2.880926369263237669e-02 2.160449008832790452e-01 6.849009870066974370e-01
7.989100879976124281e-02 3.068135857476018621e-02 1.948549675691766681e-01 6.945726650563017746e-01
9.130880938030801197e-02 3.068727002464198550e-02 1.735775429508051027e-01 7.044263776442448721e-01
1.029559502550073669e-01 2.856103787630618479e-02 1.544121585746060787e-01 7.140708532940802655e-01
1.099124212705330367e-01 2.480332333260987579e-02 1.416785596962495397e-01 7.236056957006076207e-01
1.070003143951229752e-01 2.062591633236216318e-02 1.393331305471747772e-01 7.330406387253399769e-01
9.389651138283125476e-02 1.710827314475389313e-02 1.504699713745945300e-01 7.385252440978206101e-01
7.610235379769914044e-02 1.455275906504943824e-02 1.769483907364599595e-01 7.323964964007917411e-01
5.820199534705204625e-02 1.256217275304270103e-02 2.158458631300588237e-01 7.133899687698466163e-01
4.162390698593643884e-02 1.070435605770350684e-02 2.607650420833156346e-01 6.869066948730441213e-01
2.768275307024454027e-02 8.884657139652708466e-03 3.068236785179856985e-01 6.566089112721170684e-01
1.690892327464998957e-02 7.203886081036138360e-03 3.543736819892639445e-01 6.215135086550501731e-01
1.038536501874166157e-02 5.855148899332104570e-03 4.038380617779390724e-01 5.799214243039869654e-01
6.724144372133399224e-03 4.827616040516125029e-03 4.505596920467532240e-01 5.378885475405970062e-01
4.729857353142419459e-03 4.038781674078819640e-03 4.880115949872872450e-01 5.032197659854912297e-01
3.665197344223912208e-03 3.455609841764224841e-03 5.127225760495889295e-01 4.801566167644228944e-01
3.189562763920092067e-03 3.092314058110152194e-03 5.266487388709001349e-01 4.670693843070692908e-01
3.118592777127532790e-03 2.939466697486421438e-03 5.379292080352050531e-01 4.560127324901809831e-01
3.340452022539211214e-03 2.970889093905391271e-03 5.587301942242985930e-01 4.349584646592565274e-01
4.402661076923082041e-03 3.228955005922570527e-03 5.950786183662875040e-01 3.972897655508669246e-01
5.029640747425307562e-03 3.509734059758783890e-03 6.405710033874771892e-01 3.508896218053387250e-01
6.122594234504376287e-03 3.796077396686216125e-03 6.821290478295450876e-01 3.079522805392644891e-01
7.681814514781233616e-03 4.006584871022195876e-03 7.157878728973002813e-01 2.725237277168962025e-01
9.717276455535970442e-03 4.173979397609660878e-03 7.441808219493872834e-01 2.419279221974672545e-01
1.267821943735194558e-02 4.424103824649965912e-03 7.675576894083508961e-01 2.153399873296470979e-01
1.732816450705746553e-02 4.704177146716803128e-03 7.826688504133967328e-01 1.952988079328289717e-01
2.643016755503886650e-02 5.639970983129957878e-03 7.825311180324431293e-01 1.853987434293881686e-01
4.189572689558627300e-02 6.910534601338071646e-03 7.637903066760525217e-01 1.874034318270234589e-01
6.766381163524347320e-02 9.042888527232310555e-03 7.234413039278794200e-01 1.998519959096444754e-01
1.072311841305142593e-01 1.256574137937388133e-02 6.606220985310836680e-01 2.195809759590284516e-01
1.608623373084689112e-01 1.793558103690744490e-02 5.797748427629951795e-01 2.414272388916284817e-01
2.270493849948710674e-01 2.551267413904046225e-02 4.884747267844945506e-01 2.589632140815938399e-01
2.982561308606999084e-01 3.461087515960174776e-02 4.023645695763862218e-01 2.647684244033119971e-01
3.755941313252763591e-01 4.586848548814134729e-02 3.254513775050371649e-01 2.530860056815454895e-01
4.562382971720541636e-01 5.767312953732516012e-02 2.611878825806090987e-01 2.249006907100114805e-01
5.350401491288959699e-01 7.052544407633519474e-02 2.067200671094155673e-01 1.877143396853536705e-01
5.965468081333815675e-01 8.689223886468294689e-02 1.644740426993150373e-01 1.520869103026208369e-01
6.266500537055416098e-01 1.112130383855688548e-01 1.359085090982112276e-01 1.262283988106787380e-01
6.218061075688465777e-01 1.454503028651132346e-01 1.202302426045952360e-01 1.125133469614450626e-01
5.967056580302045887e-01 1.826021062710205256e-01 1.127299177211379122e-01 1.079623179776371539e-01
5.627135692569891212e-01 2.149785112819568855e-01 1.133638898316608329e-01 1.089440296293931881e-01
5.271549089999169047e-01 2.390925090371807116e-01 1.217733451661760780e-01 1.119792367967261532e-01
4.952403362077729687e-01 2.539010944017895954e-01 1.365299898417997038e-01 1.143285795486376349e-01
4.691701568157879976e-01 2.612221363999945312e-01 1.551316412788232291e-01 1.144760655053943810e-01
4.441137995020276175e-01 2.676015175963309400e-01 1.759449561089851954e-01 1.123397267926562609e-01
4.144390265552638786e-01 2.779232600517594909e-01 1.987436972749831998e-01 1.088940161179937499e-01
3.814586808977477594e-01 2.902437648212237709e-01 2.229328567499813119e-01 1.053646975310473938e-01
3.573744914458010236e-01 2.953842944770254664e-01 2.447364015998064746e-01 1.025048124773669384e-01
3.468757766970281819e-01 2.919846873921655428e-01 2.603458579272847628e-01 1.007936779835210961e-01
3.492320653621722726e-01 2.817797282583804352e-01 2.695043919921995546e-01 9.948381438724797354e-02
3.561948801145518595e-01 2.697105453877162717e-01 2.759108788772460241e-01 9.818369562048596955e-02
3.603951548437157038e-01 2.584728199180298391e-01 2.842780577969374889e-01 9.685396744131720415e-02
3.584631901736490822e-01 2.471862401728196768e-01 2.991450676589661462e-01 9.520550199456517815e-02
3.504010280090750218e-01 2.320501477036508720e-01 3.245567749628018861e-01 9.299204932447220628e-02
3.355735860192186060e-01 2.100616461040236693e-01 3.639174466997435187e-01 9.044732117701419216e-02
3.108363165380937931e-01 1.821019290277841596e-01 4.184424773844100387e-01 8.861927704971200859e-02
2.740841623510582026e-01 1.526775775591005524e-01 4.842921490844800392e-01 8.894611100536115034e-02
2.286626422334933073e-01 1.258844027273922916e-01 5.539292700252443913e-01 9.152368501387043997e-02
1.825654822030026714e-01 1.025418786668754745e-01 6.205649568988054199e-01 9.432768223131639262e-02
1.427304377371949040e-01 8.166315339163071618e-02 6.813660180843306158e-01 9.424039078684377790e-02
1.106078725449381184e-01 6.266565065169286963e-02 7.380887000522199370e-01 8.863777675114950516e-02
8.419256632022979747e-02 4.627635148441829743e-02 7.925450876528570276e-01 7.698599454249471785e-02
6.220345206499141438e-02 3.355794176588335759e-02 8.425821362080673227e-01 6.165646996105797473e-02
4.545758954914855959e-02 2.478448667436303904e-02 8.826497916188279502e-01 4.710813215766040257e-02
3.464409774793357488e-02 1.921707976441403357e-02 9.094365309021894550e-01 3.670229158546286369e-02
2.885583619626790400e-02 1.567825202109289148e-02 9.245792980865676913e-01 3.088661369607146462e-02
2.686677077204688985e-02 1.328631265706787384e-02 9.310691803840323022e-01 2.877773618685312493e-02
2.748706668646847331e-02 1.159514499653218136e-02 9.319017350821974244e-01 2.901605323480172319e-02
2.960266537398578354e-02 1.083003329946547258e-02 9.300851573544526296e-01 2.948214397209639528e-02
2.968087354538484490e-02 9.315463163801331395e-03 9.336214129459255995e-01 2.738225034488822249e-02
2.707717616543021261e-02 7.525805934016183835e-03 9.431392391030738453e-01 2.225777879747930024e-02
2.283561444889585512e-02 5.653052941394949397e-03 9.554897834997883033e-01 1.602154910992103706e-02
1.869383324476176986e-02 4.093006925338752398e-03 9.664230370794721914e-01 1.079012275042726988e-02
1.540091763834448499e-02 3.032436744642463041e-03 9.743175947627792377e-01 7.249050854233739238e-03
1.262919059728961554e-02 2.375365827920786557e-03 9.799729623816031410e-01 5.022481193186586167e-03
1.019851092081059535e-02 1.965448291985269144e-03 9.841710110230759145e-01 3.665029764128446919e-03
8.491767511120310030e-03 1.710392593824670024e-03 9.868551703065707725e-01 2.942669588484202528e-03
7.646000403681556083e-03 1.553958613008652552e-03 9.881360914780070726e-01 2.663949505302340426e-03
7.459861395531588307e-03 1.461631182549237573e-03 9.884090050567454488e-01 2.669502365173808105e-03
7.646639943996520923e-03 1.413036823611888001e-03 9.881044371083267386e-01 2.835886124064480179e-03
7.860003932787943196e-03 1.386172143551001783e-03 9.877218082148024880e-01 3.032015708858819183e-03
7.706444168274180842e-03 1.345412340688411767e-03 9.878513701199315156e-01 3.096773371105646360e-03
7.070707869571781629e-03 1.263508331452152609e-03 9.887162961045049547e-01 2.949487694471405498e-03
