2.801920602076468300e-02 3.346696386179995666e-03 1.871154158596908812e-01 7.815186817333643621e-01
1.239309336834928804e-01 4.071447811315166004e-02 4.644664509204793346e-01 3.708881372828761180e-01
1.198050758107445241e-01 3.579109050114854390e-02 4.569381163234182419e-01 3.874657173646885999e-01
1.189892861228172144e-01 3.056657110569259081e-02 4.512665640312101822e-01 3.991775787402801479e-01
1.200512467624061524e-01 2.562601443434723084e-02 4.503912098225512084e-01 4.039315289806954534e-01
1.208653132102181782e-01 2.122928051929113061e-02 4.597036494230254400e-01 3.982017568474653380e-01
1.211654832191344372e-01 1.754488536960013834e-02 4.817097364909966317e-01 3.795798949202690564e-01
1.217978108260814596e-01 1.456678602010037966e-02 5.138310526835798697e-01 3.498043504702384454e-01
1.222540752794376989e-01 1.199017918637700769e-02 5.523713309589787235e-01 3.133844145752067156e-01
1.224086988377460911e-01 9.590896249454220965e-03 5.934819328437023200e-01 2.745184720690980185e-01
1.244377159745213152e-01 7.461035383821226948e-03 6.316400403774818928e-01 2.364612082641752155e-01
1.300837467780409651e-01 6.014961971570084026e-03 6.634275131883925480e-01 2.004737780619963716e-01
1.369817371017221785e-01 4.451330857156265974e-03 6.911890724030812505e-01 1.673778596380399719e-01
1.465555132146219020e-01 3.593103898181187247e-03 7.096193435825343121e-01 1.402320393046624925e-01
1.619296097025368919e-01 3.169777797825329597e-03 7.128451237885580216e-01 1.220554887110797820e-01
1.861363348565667764e-01 3.121649978386514378e-03 6.979432948123802660e-01 1.127987203526665677e-01
2.195539288546735079e-01 3.374595492080591751e-03 6.671098564390193220e-01 1.099616192142266607e-01
2.601379704011836380e-01 3.885847368234687099e-03 6.252842887883218737e-01 1.106918934422601031e-01
3.024692216524852428e-01 4.610288490063287406e-03 5.802405819500343620e-01 1.126799079074174426e-01
3.395530507727468894e-01 5.414573380709017912e-03 5.401362401110093581e-01 1.148961357355346852e-01
3.687499752430419830e-01 6.157757183475014509e-03 5.068166445495212447e-01 1.182756230239617734e-01
3.894915543059311314e-01 6.784422505242825897e-03 4.792662942179199415e-01 1.244577289709061230e-01
3.992811388931865046e-01 7.337987694157721563e-03 4.585096780128098959e-01 1.348711953998458501e-01
3.953951045872218795e-01 7.987741102007749061e-03 4.457577614403566146e-01 1.508593928704137221e-01
3.781381906931293724e-01 8.988204018866706446e-03 4.394678958049772488e-01 1.734057094830264434e-01
3.502697183115739965e-01 1.049647281225936368e-02 4.373113785531572706e-01 2.019224303230092721e-01
3.152577576939908366e-01 1.240437475960329446e-02 4.383047867060348990e-01 2.340330808403710827e-01
2.765095781587281198e-01 1.454749650185990437e-02 4.416363530446625885e-01 2.673065722947497447e-01
2.389345978352138966e-01 1.703981398197648364e-02 4.421515332268396437e-01 3.018740549559696951e-01
2.081819765416494661e-01 2.042578943972113079e-02 4.302720853048430105e-01 3.411201487137866528e-01
1.844684507434517229e-01 2.554213901873817610e-02 4.030134486583894504e-01 3.869759615794206020e-01
1.627111483416825988e-01 3.294005260274858460e-02 3.661328218985875349e-01 4.382159771569814066e-01
1.372630104840863452e-01 4.235155252855630353e-02 3.257281156815718948e-01 4.946573213057854912e-01
1.070334045304622561e-01 5.314069729018400245e-02 2.830633752024589445e-01 5.567625229768946582e-01
7.717977729863240155e-02 6.575988875057385552e-02 2.381379223094381992e-01 6.189224116413556409e-01
5.387265862646146986e-02 8.088636374321753197e-02 1.942119020737426704e-01 6.710290755565783138e-01
3.701450940252604127e-02 1.008353525304702264e-01 1.529568251326683392e-01 7.091933129343355180e-01
2.556851307804162629e-02 1.251631627573164540e-01 1.138354499481345622e-01 7.354328742165074928e-01
1.847259801150471017e-02 1.513254009397578814e-01 8.037632419857664023e-02 7.498256768501607716e-01
1.386019334311289729e-02 1.800161163018562938e-01 5.485718474758840418e-02 7.512665056074422365e-01
1.109518202020491097e-02 2.105994032129962501e-01 3.855793372197207497e-02 7.397474810448264604e-01
9.442025369337801385e-03 2.426042542942963842e-01 2.976663441159446352e-02 7.181870859247712069e-01
8.482083946645631312e-03 2.718421330192535845e-01 2.575321396035723867e-02 6.939225690737437224e-01
7.977974014244271217e-03 2.882071127487627060e-01 2.439759296676428935e-02 6.794173202702287195e-01
7.627246885327986121e-03 2.829221525394750025e-01 2.424254892610166676e-02 6.852080516490953732e-01
7.252240150715677861e-03 2.540616318683712738e-01 2.418375190108871739e-02 7.145023760798244750e-01
6.878775530873243102e-03 2.094650219816106551e-01 2.358445559080735165e-02 7.600717468967087553e-01
6.675168240093393504e-03 1.616249506695003058e-01 2.256272271729380802e-02 8.091371583731122863e-01
6.840285820824002286e-03 1.195364814084657334e-01 2.156085489009329850e-02 8.520623778806171167e-01
7.433229329084254169e-03 8.705090191908727848e-02 2.077184212901803800e-02 8.847440266228103756e-01
8.458189094532934937e-03 6.438332973583778263e-02 2.019698418812423610e-02 9.069614969815052996e-01
1.025405907950332346e-02 4.968385181973177661e-02 1.999908489337042655e-02 9.200630042073943970e-01
1.348805584114378710e-02 4.041262974535060615e-02 2.042826226353680955e-02 9.256710521499688094e-01
1.904100215227423967e-02 3.432382046727798508e-02 2.153366967239631405e-02 9.251015077080514404e-01
2.791974638148463778e-02 3.005119743926843931e-02 2.326510398527609907e-02 9.187639521939706677e-01
4.122322940745546532e-02 2.701008469260629888e-02 2.563376039177946153e-02 9.061329255081588263e-01
6.046017004559425811e-02 2.499267169140910461e-02 2.885385432559239502e-02 8.856933039374041972e-01
8.663867278652742643e-02 2.387665487984441323e-02 3.332971428394949920e-02 8.561549580496786715e-01
1.186316715623364770e-01 2.332423488356594882e-02 3.893491847174024301e-02 8.191091750823569217e-01
1.526712059109262831e-01 2.286450333531848955e-02 4.432595339590492817e-02 7.801383373578504310e-01
1.823162783993649838e-01 2.233724286413906607e-02 4.734424351877191545e-02 7.480022352177242428e-01
2.020883070992980091e-01 2.222247402313569029e-02 4.758588405830242729e-02 7.281033348192639254e-01
2.096878397523291582e-01 2.325965463688235355e-02 4.707815948868500355e-02 7.199743461221034257e-01
2.031220662821539014e-01 2.580053243524978862e-02 4.706078704654604455e-02 7.240166142360502377e-01
1.833985333096828374e-01 2.963219842650188091e-02 4.686517375041826527e-02 7.401040945133969817e-01
1.564911112410399263e-01 3.401330468957069336e-02 4.555087158794016849e-02 7.639447124814494616e-01
1.277158170831364792e-01 3.787025504413027432e-02 4.285599127910080797e-02 7.915579365936321610e-01
1.005127674011697669e-01 4.007546262621282385e-02 3.872369614878960753e-02 8.206880738238276907e-01
7.665191386221840986e-02 4.005527037606134572e-02 3.349269514435195688e-02 8.498001206173683153e-01
5.579159095338274282e-02 3.833056751509196503e-02 2.810092242305467156e-02 8.777769191084707767e-01
3.757076245653857838e-02 3.614896203290923066e-02 2.342924748554837608e-02 9.028510280250040543e-01
2.327810743702849600e-02 3.452074873217054335e-02 1.992371729693461282e-02 9.222774265338664623e-01
1.131573491359477365e-02 3.970884370128737739e-01 1.288715938886580703e-01 4.627242341848732954e-01
1.261699436877000702e-01 4.027209035097210205e-02 5.458207583547038944e-01 2.877372076066241346e-01
9.426362992476171321e-02 3.494991015584193034e-02 5.224605041162925234e-01 3.483259558031038816e-01
6.806450545963919907e-02 2.877546874705099247e-02 4.733017789098216688e-01 4.298582468834880044e-01
4.782747660621902708e-02 2.225781289084945852e-02 4.028508262272423868e-01 5.270638842756893983e-01
3.366971259984897352e-02 1.640505484507103623e-02 3.228703841945628206e-01 6.270548483605172807e-01
2.485421934267764005e-02 1.200143961450312984e-02 2.473966740917342422e-01 7.157476669510851597e-01
2.033826867326226154e-02 9.249026625979827471e-03 1.858700591495196786e-01 7.845426455512383157e-01
1.922246502893407843e-02 7.883681292244537619e-03 1.398931320380951415e-01 8.330007216407262494e-01
2.109114546039102256e-02 7.598984106069501740e-03 1.079214023861064797e-01 8.633884680474331885e-01
2.638720137319780848e-02 8.384783110936867151e-03 8.900679173999785643e-02 8.762212237758677524e-01
3.678983369858144364e-02 1.053632973049915822e-02 8.157072170282243795e-02 8.711031148680969949e-01
5.547225427599709185e-02 1.451295244913438677e-02 8.350094824310708153e-02 8.465138450317616359e-01
8.803930932679644716e-02 2.080205610544149167e-02 9.280887654961328392e-02 7.983497580181487807e-01
1.425305418028649795e-01 2.957001546586883120e-02 1.074561622056717375e-01 7.204432805255945871e-01
2.227243414116402698e-01 4.027579041439343505e-02 1.247940022079311734e-01 6.122058659660348789e-01
3.169806896680636976e-01 5.259578313293192253e-02 1.426569013515266160e-01 4.877666258474779304e-01
4.004270807366271945e-01 6.829027985869100259e-02 1.620128762133861977e-01 3.692697631912956746e-01
4.547937096445068272e-01 9.053816562910509125e-02 1.840416380604149582e-01 2.706264866659732204e-01
4.768468833385062222e-01 1.221945729596152774e-01 2.064004493642262461e-01 1.945580943376523098e-01
4.712548118124614827e-01 1.660207825129381420e-01 2.248694656749242182e-01 1.378549399996762681e-01
4.449949456967343675e-01 2.239871100339177190e-01 2.349216534987809690e-01 9.609629077056724977e-02
4.072394842983275698e-01 2.935328463108453079e-01 2.331176046684933223e-01 6.611006472233388331e-02
3.663738914321025830e-01 3.681086358764605881e-01 2.199745056145236688e-01 4.554296707691340290e-02
3.358840269200699669e-01 4.326405907791064376e-01 1.994461975613999738e-01 3.202918473942365646e-02
3.156601511273460225e-01 4.827907638416120695e-01 1.777867467396689605e-01 2.376233829137307241e-02
3.150350260644459999e-01 5.051009587986694527e-01 1.607167000440493654e-01 1.914731509283549432e-02
3.337995410315893752e-01 4.996381985435980333e-01 1.497414949325655553e-01 1.682076549224701192e-02
3.662290722572036916e-01 4.741836509815396949e-01 1.438597523024691405e-01 1.572752445878753194e-02
4.055143891743269169e-01 4.389857556830357721e-01 1.403808653994581823e-01 1.511898974317908532e-02
4.432311760080459018e-01 4.056716702522402129e-01 1.364581462901579556e-01 1.463900744955596786e-02
4.843165268922352551e-01 3.693869289304888559e-01 1.320699631396390072e-01 1.422658103763711594e-02
5.323752905202683294e-01 3.265754585803579135e-01 1.272018988491236957e-01 1.384735205025015674e-02
5.854993057090057684e-01 2.791414215537529331e-01 1.218575943448488297e-01 1.350167839239268912e-02
6.369830140817390740e-01 2.326414287624574695e-01 1.169792303175508780e-01 1.339632683825267394e-02
6.827304783928476173e-01 1.902430256631116312e-01 1.131328479677635029e-01 1.389364797627749663e-02
7.243302887286426905e-01 1.523270920340824008e-01 1.081317798563365823e-01 1.521083938093836102e-02
7.647556537916152530e-01 1.195060472563549275e-01 9.841654982629614856e-02 1.732174912573337944e-02
8.029896528600346528e-01 9.322054491020363709e-02 8.372521903483075290e-02 2.006458319493082884e-02
8.357458929224879096e-01 7.385100134459189614e-02 6.724936946856763242e-02 2.315373626435280469e-02
8.612966142471923936e-01 6.106962824894939662e-02 5.145911184310830722e-02 2.617464566074993379e-02
8.781733334228183363e-01 5.500508299741770774e-02 3.794653047137352270e-02 2.887505310839039163e-02
8.840594563776934534e-01 5.628921534614345079e-02 2.802731802103010719e-02 3.162401025513331826e-02
8.768490822315507804e-01 6.642243000104143535e-02 2.169803907902501106e-02 3.503044868838300213e-02
8.549107268646896074e-01 8.793981167027081769e-02 1.788943646542124136e-02 3.926002499961848274e-02
8.170276420099825687e-01 1.236779111755201971e-01 1.543705488427888142e-02 4.385739193021837706e-02
7.659356697475573350e-01 1.723995141896404182e-01 1.356470146650899655e-02 4.810011459629334046e-02
7.131476580240353469e-01 2.227565994489230650e-01 1.203449828073465885e-02 5.206124424630699521e-02
6.742725915101505096e-01 2.583252637361524440e-01 1.087970902184885388e-02 5.652243573184815434e-02
6.517385066650011050e-01 2.772762179357556866e-01 1.004730467053337531e-02 6.093797072870974635e-02
6.353800877625970234e-01 2.905912328385183985e-01 9.431127740892679759e-03 6.459755165799203891e-02
6.148395307656263631e-01 3.067039111102217719e-01 9.086235921404610394e-03 6.937032220274702565e-02
5.764793661494718169e-01 3.350306773389381543e-01 9.595443917211786064e-03 7.889451259437826880e-02
5.168074725392347579e-01 3.761016861145388690e-01 1.028778875742800310e-02 9.680305258879859376e-02
4.374738529260048248e-01 4.255122185954213765e-01 1.149033384285480866e-02 1.255235946357191879e-01
3.541053084946410578e-01 4.662821834486417516e-01 1.322018463487458460e-02 1.663923234218427638e-01
2.827595965854103888e-01 4.825961840223165766e-01 1.565634349842250431e-02 2.189878758938502423e-01
2.291663304423472158e-01 4.730718892213945370e-01 1.886288800872642710e-02 2.788988923275320109e-01
1.851384213032593595e-01 4.534741871387597545e-01 2.269426971548742580e-02 3.386931218424934498e-01
1.504324383526528808e-01 4.323060423809388375e-01 2.650837365409667440e-02 3.907531456123115587e-01
1.217040045783346902e-01 4.212630361599934981e-01 2.954326265367369919e-02 4.274896966079982374e-01
9.746659170212844392e-02 4.297344876705223582e-01 3.101361068665082002e-02 4.417853099406982564e-01
7.663266426229084494e-02 4.660013819749395103e-01 3.054117447749476327e-02 4.268247792852750688e-01
5.835536482497704486e-02 5.330424940267185496e-01 2.788141112557211698e-02 3.807207300227322677e-01
4.328243139081022761e-02 6.166894124184008064e-01 2.338019555407334915e-02 3.166479606367157418e-01
3.240799294311880879e-02 6.948036601941155466e-01 1.865044053499436902e-02 2.541379063277710015e-01
2.516264033528748528e-02 7.571541635341811904e-01 1.517099947954958679e-02 2.025121966509814131e-01
2.037743909131222581e-02 8.027876664076010194e-01 1.332534390140634357e-02 1.635095505996806697e-01
1.712225544392793897e-02 8.327089578953522642e-01 1.287961192162900836e-02 1.372891747390908579e-01
1.491196475254975319e-02 8.482208352004740881e-01 1.358416757854645496e-02 1.232830324684293238e-01
1.330450801345866782e-02 8.518330586615463496e-01 1.527989889086276039e-02 1.195825344341321511e-01
1.211862030730043865e-02 8.441416909638574939e-01 1.815750107440631395e-02 1.255821876544356008e-01
8.572811315739293780e-01 6.206488214672825632e-02 1.200461808518960352e-02 6.864936819415287661e-02
3.346572336000477321e-01 5.738132596879140790e-01 2.080189411419025580e-02 7.072761259784814125e-02
3.392023136166640862e-01 5.764553757402998135e-01 1.617159335756735913e-02 6.817071728546865439e-02
3.348560799686317591e-01 5.866414021421667568e-01 1.281441561094044494e-02 6.568810227826046844e-02
3.249262158134242351e-01 6.013499432928096633e-01 1.003484197924140939e-02 6.368899891452482753e-02
3.091114634325054511e-01 6.214679977639590014e-01 8.474771352047230644e-03 6.094576745148843483e-02
2.841207741766585970e-01 6.523894129393249530e-01 7.234090937535928544e-03 5.625572194648045810e-02
2.509656424713111456e-01 6.932770688766889400e-01 6.207567232892170599e-03 4.954972141910760769e-02
2.192406040418701796e-01 7.323306944666780893e-01 5.467070453427732950e-03 4.296163103802396604e-02
1.982310884923724481e-01 7.583890293785082726e-01 5.037195952182484289e-03 3.834268617693657039e-02
1.881005906753877854e-01 7.717403721930984339e-01 4.756286427408332879e-03 3.540275070410522223e-02
1.828210000419094872e-01 7.800567810279811498e-01 4.398056146387056137e-03 3.272416278372224097e-02
1.781320345411336881e-01 7.885742883460176156e-01 3.831729375335540290e-03 2.946194773751290713e-02
1.771841070429224230e-01 7.935704188524196345e-01 3.164141943820193096e-03 2.608133216083804648e-02
1.835146887606721178e-01 7.903820150822765678e-01 2.497903455703641157e-03 2.360539270134756618e-02
2.058209488849694069e-01 7.690902854750453210e-01 2.049302088639160489e-03 2.303946355134598584e-02
2.480197712329539061e-01 7.255644855388116987e-01 1.816920799581977965e-03 2.459882242865250868e-02
3.051039277600144373e-01 6.655838619527318922e-01 1.697736178640917633e-03 2.761447410861302132e-02
3.657872832150610987e-01 6.015141667740885323e-01 1.594383481845005300e-03 3.110416652900539064e-02
4.214732846024524249e-01 5.422031201852942628e-01 1.515351182926631159e-03 3.480824402932636286e-02
4.653859998557346445e-01 4.936568645540693745e-01 1.592448572320205981e-03 3.936468701787576574e-02
4.969426717711673547e-01 4.559735473383340065e-01 1.778916953243513599e-03 4.530486393725529498e-02
5.126286912740907198e-01 4.325751726582966472e-01 2.057862100264151294e-03 5.273827396734859230e-02
5.138164878551005899e-01 4.227469113809990131e-01 2.285547935228744460e-03 6.115105282867185771e-02
5.022535296676724492e-01 4.253450921030233478e-01 2.394066794590475264e-03 7.000731143471372597e-02
4.805216417581564814e-01 4.380828032774632952e-01 2.416684071754421088e-03 7.897887089262592419e-02
4.517633147092656176e-01 4.578588208609241095e-01 2.346638420356311674e-03 8.803122600945381682e-02
4.291620019429591149e-01 4.711660516148495348e-01 2.314239589802277817e-03 9.735770685238900879e-02
4.173266541208278668e-01 4.732125854963468159e-01 2.304951805128007195e-03 1.071558085776976171e-01
4.147828756668066053e-01 4.661784117418836249e-01 2.291588611617234074e-03 1.167471239796928489e-01
4.127110859397308262e-01 4.613566955035289796e-01 2.196446872775543145e-03 1.237357716839648236e-01
4.009714640774107997e-01 4.726625255484111499e-01 1.978889444287138932e-03 1.243871209298908903e-01
3.798533611375755625e-01 5.010623133974833054e-01 1.716018492910285865e-03 1.173683069720308503e-01
3.565204283121827800e-01 5.373451386936577423e-01 1.489637855063183271e-03 1.046447951390959002e-01
3.360926377910283813e-01 5.730585449909484375e-01 1.308312142994198140e-03 8.954050507502903100e-02
3.233853613241278180e-01 5.995121163632507466e-01 1.234722198550304833e-03 7.586780011407126545e-02
3.195137828303089012e-01 6.139090595797218608e-01 1.076134416013653722e-03 6.550102317395570251e-02
3.289810281909938960e-01 6.116870099025075724e-01 9.504387116556883277e-04 5.838152319484290337e-02
3.490731762103507774e-01 5.970856726919226976e-01 8.558588740826133948e-04 5.298529222364373875e-02
3.759542519106086056e-01 5.752106294500016759e-01 7.680879602859301807e-04 4.806703067910394339e-02
4.105328270605049235e-01 5.456009544837325809e-01 6.703176450372069425e-04 4.319590081072541277e-02
4.550311313140438796e-01 5.061365201508220002e-01 5.727127541473107496e-04 3.825963578098648399e-02
4.997003464937224138e-01 4.672704930051026495e-01 4.852571708966019973e-04 3.254390333027828985e-02
5.302533065680021807e-01 4.434021414035853037e-01 4.175997292755789965e-04 2.592695229913699259e-02
5.390081478318842212e-01 4.411293976782929005e-01 3.816483069333310215e-04 1.948080618288946034e-02
5.236921823469870008e-01 4.615494308924099065e-01 3.885186512579566031e-04 1.436986810934508599e-02
4.943908253732616220e-01 4.942248119701809772e-01 3.154014784887687736e-04 1.106896117806881880e-02
4.565983834998957880e-01 5.336691668200592709e-01 3.644037043187293295e-04 9.368045975726203151e-03
4.164459680657753293e-01 5.744470675084051292e-01 4.671626044644797962e-04 8.639801821354970920e-03
3.766544348256233854e-01 6.143817603269252636e-01 6.290044584475074519e-04 8.334800389003518481e-03
3.419848373307807776e-01 6.489923724071039457e-01 8.584255614681156072e-04 8.164364700647200324e-03
3.179158938523043432e-01 6.727373683610455846e-01 1.184999332744620651e-03 8.161738453905390683e-03
3.056729213969070491e-01 6.842601139018392731e-01 1.650971912981365197e-03 8.415992788272347314e-03
3.020557615117764327e-01 6.868583686609559535e-01 2.240585811142924329e-03 8.845284016124934853e-03
3.034060207480436255e-01 6.844241091558180834e-01 2.834641285546335432e-03 9.335228810592103091e-03
3.070302477119101758e-01 6.798141376815320935e-01 3.285943500507168633e-03 9.869671106050569367e-03
3.087168906398778945e-01 6.772783799383821357e-01 3.514158046734663747e-03 1.049057137500502938e-02
3.064583877636961606e-01 6.785446963368074735e-01 3.558067752168005658e-03 1.143884814732789613e-02
2.987028860064162572e-01 6.846729556641466541e-01 3.497481956482200935e-03 1.312667637295484267e-02
2.801937874977617482e-01 7.004744570269618720e-01 3.388133841866072717e-03 1.594362163341028760e-02
2.512144580489437673e-01 7.250346881746955185e-01 3.297939030345308897e-03 2.045291474601533196e-02
2.183882534882220783e-01 7.510142985212845401e-01 3.251331422446400443e-03 2.734611656804686666e-02
1.854231323649816743e-01 7.746746970255705689e-01 3.084418935477601861e-03 3.681775167397004223e-02
1.588439671014214571e-01 7.900264137132626541e-01 2.871939642526884131e-03 4.825767954278901289e-02
1.315526578015224490e-01 8.065553887081017281e-01 2.732304650554409024e-03 5.915964883982115924e-02
1.067271948675079934e-01 8.250511279959632516e-01 2.325860035464618562e-03 6.589581710106395818e-02
8.296855574746707374e-02 8.507441945874023581e-01 1.829530622360041325e-03 6.445771904277031172e-02
6.091319496504631753e-02 8.833661731981385934e-01 1.319694624804360755e-03 5.440093721201103710e-02
4.280947259620800777e-02 9.157396437438930503e-01 9.224308899736310486e-04 4.052845276992529666e-02
3.038921938417795884e-02 9.401952502760672070e-01 7.028527819637431185e-04 2.871267755779083677e-02
2.284713298300076675e-02 9.554037897735687679e-01 6.362251603275163739e-04 2.111285208310320627e-02
1.931756394504415345e-02 9.630933946936809376e-01 6.551643573986247644e-04 1.693387700387599670e-02
8.933167970985486095e-01 9.363051391685088543e-02 1.202366001146695784e-02 1.029028973133825232e-03
5.256911099877474569e-02 8.173176567008436089e-02 2.925577809651764283e-01 5.731413423659640349e-01
6.020605426433520840e-02 7.839183220584505785e-02 2.241081186395453839e-01 6.372939948902741625e-01
7.293844413307223884e-02 7.401472644530142364e-02 1.689983683151720095e-01 6.840484611064542309e-01
9.513379845962341430e-02 7.016363104720216293e-02 1.288039845381223625e-01 7.058985859550520603e-01
1.337037410933015757e-01 6.804942047539699890e-02 1.028213057551044252e-01 6.954255326761967781e-01
1.939158073523310766e-01 6.740135683297245051e-02 8.769709968394662214e-02 6.509857361307495038e-01
2.706304708951317028e-01 6.668910283899233404e-02 7.874923942672761024e-02 5.839311868391481308e-01
3.519836486369286033e-01 6.511100664457787623e-02 7.290643145452066487e-02 5.099989132639729528e-01
4.321284893777216918e-01 6.242770231133165648e-02 6.783868895170654112e-02 4.376051193592402355e-01
5.117257191772365266e-01 5.843787182849874418e-02 6.169720702649073019e-02 3.681392019677741656e-01
5.875998419881557355e-01 5.425482760088234241e-02 5.471984939827283928e-02 3.034254810126893465e-01
6.544247350282662579e-01 5.078014728347439444e-02 4.820830984895480703e-02 2.465868078393045337e-01
7.097952115306588317e-01 4.967159605923751609e-02 4.246799841547256593e-02 1.980651939946311002e-01
7.549676597182362059e-01 4.967856787666975055e-02 3.720231243484686118e-02 1.581514599702471269e-01
7.876808403842410211e-01 5.073287970542848802e-02 3.276871340018243373e-02 1.288175665101480294e-01
8.052239834982969358e-01 5.354362691410522596e-02 2.981405768213237287e-02 1.114183319054653232e-01
8.059678386925523963e-01 5.993905957079162516e-02 2.877561627878000294e-02 1.053174854578759201e-01
7.888766808951186427e-01 7.294603960228192296e-02 2.965409222820699145e-02 1.085231872743925435e-01
7.524593234397937147e-01 9.669346894995575759e-02 3.211166990913235514e-02 1.187355377011181934e-01
6.966789725317101833e-01 1.347924459853661883e-01 3.531586375742673534e-02 1.332127177254969486e-01
6.246251100644980569e-01 1.880819494163253891e-01 3.850057233177875404e-02 1.487923681873978832e-01
5.373131867017965080e-01 2.577167588004428134e-01 4.256378555505250377e-02 1.624062689427081541e-01
4.399705606621529541e-01 3.407930013178195883e-01 4.828482808876518456e-02 1.709516099312624327e-01
3.421648132630748518e-01 4.303853635008903500e-01 5.558296463576828383e-02 1.718668586002668475e-01
2.556080727151901488e-01 5.167651834083669682e-01 6.329383252865385112e-02 1.643329113477887959e-01
1.877485965522796008e-01 5.913953748119694653e-01 6.971001515074132238e-02 1.511460134850098336e-01
1.384122607853049969e-01 6.517573775883452880e-01 7.316502616123564395e-02 1.366653354651140018e-01
1.026509788920659944e-01 7.023673246882993215e-01 7.218472840716663730e-02 1.227969680124676444e-01
7.552277586772879192e-02 7.494625777617003326e-01 6.628709946904359773e-02 1.087275469015275692e-01
5.511312492199595819e-02 7.943250249508759797e-01 5.678865801628292520e-02 9.377319211084486628e-02
4.095978531968669928e-02 8.338865387264869922e-01 4.618251918505704434e-02 7.897115676876913237e-02
3.183217786452739034e-02 8.654369018036830452e-01 3.653993628731228710e-02 6.619098404447684714e-02
2.745574856926240315e-02 8.852101920609540819e-01 2.952252255271663878e-02 5.781153681706656389e-02
2.529475686297895376e-02 8.937983749638271913e-01 2.529230324565167817e-02 5.561456492754184716e-02
2.543670908875094241e-02 8.901087182637834605e-01 2.394115487121257352e-02 6.051341777625305479e-02
2.677910232666662685e-02 8.759608353834954508e-01 2.457932457951096661e-02 7.268073771032723673e-02
2.829332315019635405e-02 8.536801954814375870e-01 2.628068669893195153e-02 9.174579466943431905e-02
3.002302105817197114e-02 8.263936403174222400e-01 2.811792100917572326e-02 1.154654176152300898e-01
3.064421005256130759e-02 7.991260836992999383e-01 2.972036818651167811e-02 1.405093380616267151e-01
3.142519859805509297e-02 7.753997090792829061e-01 3.030587558170901724e-02 1.628692167409529767e-01
3.308915178270782631e-02 7.586986904319149572e-01 2.945824897106978299e-02 1.787539088143076382e-01
3.590630011198061439e-02 7.496390428873481726e-01 2.748247165704411493e-02 1.869721853436274173e-01
3.937354323682807494e-02 7.467629734589309454e-01 2.510301232606896443e-02 1.887604709781719736e-01
4.206281869730668643e-02 7.492433564851798122e-01 2.277214040510316603e-02 1.859216844124103041e-01
4.232919659268429002e-02 7.579926886864341018e-01 2.044634524092562092e-02 1.792317694799562544e-01
4.007761098547139855e-02 7.725596394327187699e-01 1.813967478021743379e-02 1.692230748015925434e-01
3.644703091057228950e-02 7.905407964276480737e-01 1.601555122581822116e-02 1.569966214359614365e-01
3.219545199732998936e-02 8.105180861030848449e-01 1.402530537051973648e-02 1.432611565290653199e-01
2.832957799073866981e-02 8.301940355816571637e-01 1.214805514592335982e-02 1.293283312816807251e-01
2.602731179179364543e-02 8.460865355267337407e-01 1.059611686305796281e-02 1.172900358184143371e-01
2.464633876772725704e-02 8.587622101713022760e-01 9.473791242196874171e-03 1.071176598187734696e-01
2.550985750802902199e-02 8.656801395012866385e-01 8.888311792728594007e-03 9.992169119795593635e-02
2.821000365752581243e-02 8.647215053350683078e-01 8.872304891879815789e-03 9.819618611552595466e-02
3.200227210687160012e-02 8.589340310694992819e-01 9.290420462966037657e-03 9.977327636066274374e-02
3.530481515050749169e-02 8.546293868410781425e-01 9.878532477590682911e-03 1.001872655308237575e-01
3.748694448756715453e-02 8.555475126238750727e-01 1.040392609420195784e-02 9.656161679435577849e-02
3.940447467587635672e-02 8.613328936390776125e-01 1.074873834813725761e-02 8.851389333690841410e-02
4.131150373292209049e-02 8.709379662770275754e-01 1.096222315917235075e-02 7.678830683087743691e-02
4.745019488484897296e-02 8.778775306792331312e-01 1.136391721397407052e-02 6.330835722194412540e-02
5.930569025194191990e-02 8.785045920924943186e-01 1.213033610334823646e-02 5.005938155221572455e-02
7.674679993210446749e-02 8.718340826512916975e-01 1.283965960837170697e-02 3.857945780823223564e-02
9.674313967812922521e-02 8.605821795503496574e-01 1.294644242965987263e-02 2.972823834186149455e-02
1.177050375172142560e-01 8.462306111124853203e-01 1.216943179234823529e-02 2.389491957795207566e-02
1.358032981545345130e-01 8.318261483533860856e-01 1.177396218346345690e-02 2.059659130861622722e-02
1.504738513579240988e-01 8.190193470024463851e-01 1.136986048794451538e-02 1.913694115168502324e-02
1.654267232205348936e-01 8.045073599969096989e-01 1.104952857154404416e-02 1.901638821101126267e-02
1.802394023229430264e-01 7.897919157899021547e-01 1.059965533268573783e-02 1.936902655446914867e-02
1.945483077430075480e-01 7.763195419344108839e-01 9.924283444386238634e-03 1.920786687819540234e-02
2.067110908572882544e-01 7.663669217588667815e-01 8.898571533295459093e-03 1.802341585054955883e-02
2.131711564153812022e-01 7.633469134244932341e-01 7.605146146538120308e-03 1.587678401358712243e-02
2.043210197678888840e-01 7.763299396466680768e-01 6.265593015220669200e-03 1.308344757022232747e-02
4.913781441574630593e-01 3.105521086812316756e-01 1.376699925345855127e-02 1.843027479078466757e-01
4.168969202477952885e-01 3.825265674683087092e-01 1.553011857962322516e-02 1.850463937042728657e-01
3.503915732066373301e-01 4.581750269235029815e-01 1.789001743944017286e-02 1.735433824304196404e-01
2.973884493202978985e-01 5.296042943991177143e-01 2.044255099443447951e-02 1.525647052861494879e-01
2.618444396550565489e-01 5.879777497642213469e-01 2.282337966028905388e-02 1.273544309204326097e-01
2.418013686312336097e-01 6.297445689601250951e-01 2.503307432464046273e-02 1.034209880840008533e-01
2.315208178601346756e-01 6.576113222072320630e-01 2.739566420117274179e-02 8.347219573146012761e-02
2.250545103235694899e-01 6.772988503965087226e-01 3.010529146538635722e-02 6.754134781453549619e-02
2.189206559079196479e-01 6.929820987319375014e-01 3.331686090759504448e-02 5.478038445254795885e-02
2.105990343384382402e-01 7.080681535922069836e-01 3.699823708816749740e-02 4.433457498118717477e-02
1.996329891660627853e-01 7.241924192146019790e-01 4.008240447046944321e-02 3.609218714886581331e-02
1.849498779674801641e-01 7.407342322700453119e-01 4.405671183948269010e-02 3.025917792299194151e-02
1.763052882144237887e-01 7.500279626341628259e-01 4.671637552100619400e-02 2.695037363040707346e-02
1.737034947751513181e-01 7.529127643796442726e-01 4.818228038401233676e-02 2.520146046119197542e-02
1.722937302382797353e-01 7.558436578837658404e-01 4.797115023769442377e-02 2.389146164026004562e-02
1.677267775225093349e-01 7.633366741555579482e-01 4.631638539070090377e-02 2.262016293123177146e-02
1.610091934066952835e-01 7.736344129091173860e-01 4.376495962313321775e-02 2.159143406105374155e-02
1.523083785615467756e-01 7.854107261509445381e-01 4.143998770474813242e-02 2.084090758276038388e-02
1.481291379144083209e-01 7.910619216938880038e-01 4.002361250557865541e-02 2.078532788612507884e-02
1.520757943272073587e-01 7.866781777612623650e-01 3.958450329460047601e-02 2.166152461692993567e-02
1.645808691014170599e-01 7.724888555092345177e-01 3.950640406848248548e-02 2.342387132086581544e-02
1.830269071985111407e-01 7.513848293858933491e-01 3.984622123592197751e-02 2.574204217967360209e-02
2.016114030573868676e-01 7.291739835826432925e-01 4.165438943576602049e-02 2.756022392420379510e-02
2.454196471439418215e-02 7.405927420188190315e-03 3.218161089366658456e-01 6.462359989287520534e-01
2.408608796523736134e-02 6.913236864575190641e-03 2.649525525620884947e-01 7.040481226080989030e-01
2.494855395373116180e-02 6.537167948881506332e-03 2.173721602389814544e-01 7.511421178584060110e-01
2.705843282712725242e-02 6.286019400854815815e-03 1.787626383126898755e-01 7.878929094593278837e-01
3.026391369103955536e-02 6.191021001206381894e-03 1.511614771226409415e-01 8.123835881851131369e-01
3.397879657851351348e-02 6.205198158433202632e-03 1.340083695983712575e-01 8.258076356646820715e-01
3.701441316826308003e-02 6.139798853629346159e-03 1.228771294859580115e-01 8.339686584921495172e-01
3.829812650325476603e-02 5.802474545786821293e-03 1.126709899378983970e-01 8.432284090130599541e-01
3.772591864471643019e-02 5.178690597619037272e-03 1.009851890327539969e-01 8.561102017249108131e-01
3.571491494705347769e-02 4.391806174760180120e-03 8.868522538247373965e-02 8.712080534957125089e-01
3.265500437646674109e-02 3.612685488871283761e-03 7.862558445799314177e-02 8.851067256766688152e-01
2.888349800889043403e-02 2.992154840046170119e-03 7.380473859777149370e-02 8.943196085532918449e-01
2.485565106582833181e-02 2.608204992308085779e-03 7.639300100432278029e-02 8.961431429375412705e-01
2.120280732437725135e-02 2.456339147519785542e-03 8.715183715054372615e-02 8.891890163775593159e-01
1.780342662236165593e-02 2.420507879870344246e-03 1.038115342332402991e-01 8.759645312645277793e-01
1.416520526384274989e-02 2.361267447847575657e-03 1.230502214071960004e-01 8.604233058811135981e-01
1.056437351833765768e-02 2.244217054134691261e-03 1.440547498748773469e-01 8.431366595526501584e-01
7.695841404053244995e-03 2.148875014992836143e-03 1.700750812069367346e-01 8.200802023740174640e-01
5.114966890531114432e-03 2.075371654833876259e-03 2.044955488874029281e-01 7.883141125672320504e-01
3.871612254643086535e-03 2.198613967487009213e-03 2.431749971486349970e-01 7.507547766292342883e-01
3.161955601579294339e-03 2.467204731882016982e-03 2.775081719045092155e-01 7.168626677620294485e-01
2.818922553721886666e-03 2.920100721278017040e-03 2.999572694550208807e-01 6.943037072699792533e-01
2.825585675692555542e-03 3.680161173585016522e-03 3.098710642642922286e-01 6.836231888864301443e-01
3.231483463267903911e-03 4.934768997972240404e-03 3.150207722899854290e-01 6.768129752487744843e-01
4.142293388054983996e-03 6.942267545868211973e-03 3.280086757907921813e-01 6.609067632752843036e-01
5.776441363897241547e-03 1.002980426734087147e-02 3.572887054772341808e-01 6.269050488915276498e-01
8.448318766042595476e-03 1.423158774536284997e-02 3.988315387372668441e-01 5.784885547513277659e-01
1.275449792777685019e-02 1.881129116111243671e-02 4.411097508182437732e-01 5.273244600928665982e-01
1.767204792943339112e-02 2.289856505482598323e-02 4.807113091846655917e-01 4.787180778310750617e-01
2.373785170219626026e-02 2.610436109991530820e-02 5.211698244541252967e-01 4.289879627437631071e-01
3.175036889836294063e-02 2.871757346815852902e-02 5.617719244103892562e-01 3.777601332230892117e-01
4.365908625113446712e-02 3.119260349775388255e-02 5.941310173316353138e-01 3.310172929194765690e-01
6.239538347220145720e-02 3.395580375526865285e-02 6.074176258502028691e-01 2.962311869223273608e-01
9.134011781036638356e-02 3.752025217544211616e-02 5.967264948075340358e-01 2.744131352066572771e-01
1.338767827169208280e-01 4.255971204935960622e-02 5.631117815739897781e-01 2.604517236597300722e-01
1.930087812284669579e-01 4.931903312622891444e-02 5.094122257384319230e-01 2.482599599068723017e-01
2.725466278538463683e-01 5.896162784376720450e-02 4.358281469615120085e-01 2.326635973408744118e-01
3.675762198173707085e-01 6.856059227514563204e-02 3.527581223001950428e-01 2.111050656072886444e-01
4.667713013194958460e-01 7.570471058265852704e-02 2.740774022434557256e-01 1.834465858543899985e-01
5.550413155810375310e-01 8.042389959859311266e-02 2.121109766087446724e-01 1.524238082116246562e-01
6.237963644529394003e-01 8.499003614918632099e-02 1.684904051123988222e-01 1.227231942854757202e-01
6.715907911879350767e-01 9.149811689322565056e-02 1.385598779250467871e-01 9.835121399379248563e-02
6.891790419346666141e-01 1.068914935074274514e-01 1.216256573151053844e-01 8.230380724280060567e-02
6.795768651435746266e-01 1.328313263419286239e-01 1.131784621438915867e-01 7.441334637060512125e-02
6.415696736522649157e-01 1.721645755555075985e-01 1.124927170428664247e-01 7.377303374936124147e-02
5.837165627865817941e-01 2.231135780481621755e-01 1.150270395541529433e-01 7.814281961110339236e-02
5.165321804598346223e-01 2.771813802828091422e-01 1.210695415087428700e-01 8.521689774861340716e-02
4.475820430901676361e-01 3.291681258146840761e-01 1.308169165655920507e-01 9.243291452955629262e-02
3.919168094996738350e-01 3.670885326917882052e-01 1.438974200698746875e-01 9.709723773866336949e-02
3.531717949638052412e-01 3.857957523379479947e-01 1.625515093777020748e-01 9.848094332054456446e-02
3.282274061974801427e-01 3.857807809377315489e-01 1.895584888734034579e-01 9.643332399138479505e-02
3.121347404036180495e-01 3.697591233891387996e-01 2.265973218982057780e-01 9.150881430903722025e-02
3.033609621456516137e-01 3.402706679972961612e-01 2.711725008521860825e-01 8.519586900486608716e-02
3.050662061976164297e-01 3.034120706556161506e-01 3.120300934757379019e-01 7.949162967102971211e-02
3.208284977062713650e-01 2.660984549945034638e-01 3.375110505913119230e-01 7.556199670791341472e-02
3.472854784073552414e-01 2.340099475135387075e-01 3.456526695443558617e-01 7.305190453475035595e-02
3.761312852907162108e-01 2.094930362238922039e-01 3.428610293187957514e-01 7.151464916659615312e-02
3.987909848318113015e-01 1.916905511766153203e-01 3.386473383117954428e-01 7.087112567977819910e-02
4.095366101430025774e-01 1.770135523158975210e-01 3.423645197108868277e-01 7.108531783021329598e-02
4.075922200272492080e-01 1.605662532309125312e-01 3.595974010713763880e-01 7.224412567046191447e-02
3.950476996338684876e-01 1.399995425336531263e-01 3.902439485339962988e-01 7.470880929848228158e-02
3.776115807070996588e-01 1.140155298480461099e-01 4.291451946575194354e-01 7.922769478733457382e-02
3.549312652434458704e-01 8.924010710697313775e-02 4.686621616593633632e-01 8.716646599021776742e-02
3.308703877091673240e-01 6.896322103599636377e-02 5.014978023149155861e-01 9.866858893992103141e-02
3.043157524800843006e-01 5.413025426711404187e-02 5.299823441194371210e-01 1.115716491333647448e-01
2.759002454550686934e-01 4.375415253721525594e-02 5.577944677584605326e-01 1.225511342492551781e-01
2.451958725473177003e-01 3.636965176280117923e-02 5.899334697506767311e-01 1.285010059392042991e-01
2.104531018963290701e-01 3.111348913943978375e-02 6.314385993558514487e-01 1.269948096083796107e-01
1.715655252374066464e-01 2.771409710388061248e-02 6.837407790514578032e-01 1.169795986072547783e-01
1.345810209455372275e-01 2.611159169812109909e-02 7.374671498860558838e-01 1.018402374702859214e-01
1.084396919496901368e-01 2.627347441147257628e-02 7.761652092881320408e-01 8.912162435070528077e-02
9.686418225359923195e-02 2.795226322319046067e-02 7.907248727002097466e-01 8.445868182300086957e-02
9.914236499408755898e-02 3.064088134052473170e-02 7.804943710435189308e-01 8.972238262186868485e-02
1.125845666099068443e-01 3.375044640833106679e-02 7.507144202664841615e-01 1.029505667152781634e-01
1.302228353483171064e-01 3.647652224835712387e-02 7.168490052225218179e-01 1.164516371808041878e-01
1.419065589941291006e-01 3.794366578603596690e-02 6.999427335531891448e-01 1.202070416666455449e-01
1.409986833209373736e-01 3.750054246514322037e-02 7.111871029873433336e-01 1.103136712265760655e-01
1.291810493241177527e-01 3.504650857833799260e-02 7.443764722424688340e-01 9.139596985507536520e-02
1.125336448941783168e-01 3.143577611548221962e-02 7.854253883487769539e-01 7.060519064156230151e-02
9.504187231750450826e-02 2.780067975556863025e-02 8.246712061935298488e-01 5.248624173339689475e-02
7.698225019328049090e-02 2.444143534639295345e-02 8.605707614994543286e-01 3.800555296087233803e-02
6.028098899762263790e-02 2.114332753047930280e-02 8.911757534522833923e-01 2.739993001961429572e-02
4.696607156649655612e-02 1.788222778258759943e-02 9.146918618074485474e-01 2.045983884346721723e-02
3.979596840017974452e-02 1.514611688415445565e-02 9.281425838138441797e-01 1.691533090182160623e-02
3.732979887092282428e-02 1.320120411094071605e-02 9.338392483205538719e-01 1.562974869758251839e-02
3.749963267605243428e-02 1.199532437981842836e-02 9.349683835845529201e-01 1.553665935957630403e-02
3.807615714456536599e-02 1.126386511814027325e-02 9.350434787652099899e-01 1.561649897208457205e-02
3.689747538500647711e-02 1.065960846444243687e-02 9.374800776232916633e-01 1.496283852725959276e-02
3.336863130349591866e-02 9.971356952284054359e-03 9.432726374377976564e-01 1.338737430642254582e-02
