6.126604238032858953e-03 3.116413711706401135e-01 5.017322575257648909e-01 1.804997670655623943e-01
1.073162491534112029e-01 1.097321786825295048e-01 1.449059102970027546e-01 6.380456618670566904e-01
7.269504644286936546e-02 1.057725087217409321e-01 1.097238457784459609e-01 7.118085990569438248e-01
4.638700395334090232e-02 9.804266903013604539e-02 8.329241675418083690e-02 7.722779102623423819e-01
2.863529830775857904e-02 8.798680920001264449e-02 6.558537064747514689e-02 8.177925218447538169e-01
1.822950668639073887e-02 7.840161344906999841e-02 5.476538355109288048e-02 8.486034963134463371e-01
1.284028006474878351e-02 7.122631893136197045e-02 4.905703900051804067e-02 8.668763620033712591e-01
1.028324716304153744e-02 6.710399340769521159e-02 4.735202964508920809e-02 8.752607297841736855e-01
9.173192530060915451e-03 6.634400737405195259e-02 4.957945841513449609e-02 8.749033416807524555e-01
8.816290128876616908e-03 6.939373396575614084e-02 5.661512848335694542e-02 8.651748474220103402e-01
8.919130076258469098e-03 7.683185855508702089e-02 7.071929198998047617e-02 8.435297193786743808e-01
9.404166175329905369e-03 8.927718908355722349e-02 9.754353094557671744e-02 8.037751137955361225e-01
1.027134269947256942e-02 1.079094225180465549e-01 1.481235785832659413e-01 7.336956561992148407e-01
1.126604918804775986e-02 1.312656426546408295e-01 2.353616598978338081e-01 6.221066482594778124e-01
1.140825180643461820e-02 1.504071925151542755e-01 3.621283757927647451e-01 4.760561798856462468e-01
9.520858348116160996e-03 1.548995906637420095e-01 5.092904740611903236e-01 3.262890769269514712e-01
6.199331096507964579e-03 1.472220949154959269e-01 6.429359457808335732e-01 2.036426282071624183e-01
3.318330301320089083e-03 1.391349472981981694e-01 7.385199615869295631e-01 1.190267608135523875e-01
1.733979938705066878e-03 1.396631536708207999e-01 7.899202835615862783e-01 6.868258282888796418e-02
1.100566226493571165e-03 1.549790485303466636e-01 8.011486672286894928e-01 4.277171801447027938e-02
9.256301992135253275e-04 1.916698854187737222e-01 7.765040678039429878e-01 3.090041657806975178e-02
9.600850630394038368e-04 2.537851187956639554e-01 7.193685938232755595e-01 2.588620231802097466e-02
1.085699535564619211e-03 3.354672160195563135e-01 6.396626909968682329e-01 2.378439344801087235e-02
1.237889956542461171e-03 4.238376936546699447e-01 5.525667231258548640e-01 2.235769326293325990e-02
1.392918880700774829e-03 5.087081585745182322e-01 4.695238250415183501e-01 2.037509750326279082e-02
1.539911172471498816e-03 5.776822808945019094e-01 4.030452029089413579e-01 1.773260502408519068e-02
1.690036610575811060e-03 6.151607304889171735e-01 3.679908477084343765e-01 1.515838519207281070e-02
1.852634161986362830e-03 6.227940333011837692e-01 3.624773646934886240e-01 1.287596784334113682e-02
2.018491769878552264e-03 6.245435416781932592e-01 3.629012831059347799e-01 1.053668344599338440e-02
2.207904108974128015e-03 6.332524516998282449e-01 3.562163985000771360e-01 8.323245691120756060e-03
2.433567968559868788e-03 6.373931619193592413e-01 3.535921983881855635e-01 6.581071723895148655e-03
2.669156382504178290e-03 6.187554196918865212e-01 3.732331576267523543e-01 5.342266298857067594e-03
2.856355933377208080e-03 5.709103948811076190e-01 4.218537005739233514e-01 4.379548611591875702e-03
2.913814181642406659e-03 4.975693032307329511e-01 4.960254093780414597e-01 3.491473209582777928e-03
2.746735752263272223e-03 4.034140888004025816e-01 5.912174945954418170e-01 2.621680851892285811e-03
2.286136848855751993e-03 2.944650004088321116e-01 7.014309590207791212e-01 1.817903721532774554e-03
1.619037542927003089e-03 1.901545165873231302e-01 8.070664117029243689e-01 1.160034166825228003e-03
1.026601733734201468e-03 1.119343740494523343e-01 8.863319706429514389e-01 7.070535738622229539e-04
6.262910283043338772e-04 6.279205543753700602e-02 9.361516236795560664e-01 4.300298546026044074e-04
8.048837402710823331e-04 3.490833778029783785e-02 9.639731377684374047e-01 3.136407109934803033e-04
3.717412696532054490e-04 2.034291956532162035e-02 9.790991505766436509e-01 1.861885883817202718e-04
2.016868936173254751e-04 1.273232192162596609e-02 9.869431702788019622e-01 1.228209059546428136e-04
1.267390252180079736e-04 8.480997084568578370e-03 9.913027856211432676e-01 8.947826907016649700e-05
8.800223133354872747e-05 5.878438316010221182e-03 9.939638714100619277e-01 6.968804259405465417e-05
6.340716009236034610e-05 4.183533334041099165e-03 9.956981345554863916e-01 5.492495038047912601e-05
4.637882734340708350e-05 3.073145179762571365e-03 9.968369937809692383e-01 4.348221192481183431e-05
3.650323671697775846e-05 2.475052299973671058e-03 9.974509516918286245e-01 3.749277148078153387e-05
3.288907839722571925e-05 2.333403616106445762e-03 9.975956495937733370e-01 3.805771172294298974e-05
3.347605988430061213e-05 2.553359763826767732e-03 9.973684922911333350e-01 4.467188515595164791e-05
3.605529827808564105e-05 3.043434069774710992e-03 9.968649020929354343e-01 5.560853901166655879e-05
3.923467698170868539e-05 3.731016079269972290e-03 9.961611833922828785e-01 6.856585146538046673e-05
4.215433102044032333e-05 4.469253770720413126e-03 9.954075080202239301e-01 8.108387803527139840e-05
4.381052410126704000e-05 5.025209167934617700e-03 9.948404686092440219e-01 9.051169871978695923e-05
4.463728697272370760e-05 5.333820421538769570e-03 9.945242793711671636e-01 9.726292032132672054e-05
4.658331862341770702e-05 5.531836082615618384e-03 9.943162248712763551e-01 1.053557274848275022e-04
5.110114066383899292e-05 5.728034906652899362e-03 9.941022120658190575e-01 1.186518868640689718e-04
5.790335506413848895e-05 5.916118709411713125e-03 9.938884314994830271e-01 1.375464360408682352e-04
6.453721451595919071e-05 5.973466667661464502e-03 9.938046908196142004e-01 1.573052982080060038e-04
6.735354660168764906e-05 5.686679058447966992e-03 9.940763226445785694e-01 1.696447503715552737e-04
6.515276331244008589e-05 5.043343235213494126e-03 9.947213119089737265e-01 1.701920925002902232e-04
5.922008811776218384e-05 4.284733665191424283e-03 9.954958334628084549e-01 1.602127838824303648e-04
5.082760295971816496e-05 3.573418312616460576e-03 9.962336670851532627e-01 1.420869992705174687e-04
4.257391905740456911e-05 3.007695239684941933e-03 9.968270094871223286e-01 1.227213541354430632e-04
3.644626913678135252e-05 2.616704189374226015e-03 9.972385444205772442e-01 1.083051209120733773e-04
3.248577814796671482e-05 2.327784975772487393e-03 9.975403602152633775e-01 9.936903081631868443e-05
3.032111260123491567e-05 2.087074467775406044e-03 9.977878479335610118e-01 9.475648606235978011e-05
3.019707020834307506e-05 1.923219791237015244e-03 9.979518458246028345e-01 9.473731395187095442e-05
3.167845444388511474e-05 1.826946853516588217e-03 9.980441533740810334e-01 9.722131795878547703e-05
3.247252597057323075e-05 1.705898978562245521e-03 9.981666066439776053e-01 9.502185148967337721e-05
3.076109330727932827e-05 1.510705452180523050e-03 9.983741908207711679e-01 8.434263374111272888e-05
2.726033356213292499e-05 1.278499395124727640e-03 9.986248261881927046e-01 6.941408312060867258e-05
5.667689104618352934e-07 1.169890891304761930e-06 9.999691236004630834e-01 2.913973973514718437e-05
2.718780292823438569e-02 6.437993230356121865e-02 6.069602139920327044e-01 3.014720507761715074e-01
1.986047805640890965e-02 2.303172893029574453e-01 3.705263530760008472e-02 7.127695973330335777e-01
1.992486807190047352e-02 1.866197413227145829e-01 3.731179614003488076e-02 7.561435944653501773e-01
1.957700839299136505e-02 1.427921744900757239e-01 3.563986761310160983e-02 8.019909495038314295e-01
1.885645985399336116e-02 1.019300341541185956e-01 3.319358974497584741e-02 8.460199162469121958e-01
1.710526434099027965e-02 6.903005689248041532e-02 3.049258159249028377e-02 8.833720971740390837e-01
1.483953980394319208e-02 4.580631725997364595e-02 2.985944720101202723e-02 9.094946957350709127e-01
1.271356676644316147e-02 3.097228809550475401e-02 3.465117069057667420e-02 9.216629744474755803e-01
1.099534237069558704e-02 2.194494192400063201e-02 5.038320449526243611e-02 9.166765112100414559e-01
9.639377686068839948e-03 1.655012635191778839e-02 8.641313081097326543e-02 8.873973651510403959e-01
8.760188469276135662e-03 1.342867594968596978e-02 1.578318648965662263e-01 8.199792706844717394e-01
8.312808235357755510e-03 1.159415304566463988e-02 2.749478402134256094e-01 7.051451985055517957e-01
7.417056449254257056e-03 1.031392370330563163e-02 4.206128038942081870e-01 5.616562159532315635e-01
7.399271610377703909e-03 9.596075230983065057e-03 5.544859934911614552e-01 4.285186596674780968e-01
7.127811690128644725e-03 9.235210764370510236e-03 6.518687954719228905e-01 3.317681820735778331e-01
7.222187700137711400e-03 9.292335411980328849e-03 7.153960914088084433e-01 2.680893854790734054e-01
7.461462986002173441e-03 9.717687053770306810e-03 7.608228750685861463e-01 2.219979748916413864e-01
7.376233374000328372e-03 1.023636849124585739e-02 8.031713096376813521e-01 1.792160884970726009e-01
6.585414600792390168e-03 1.014298999639054108e-02 8.469085314632406325e-01 1.363630639395764510e-01
5.403451797165092704e-03 1.030170376320413417e-02 8.842705531119251505e-01 1.000242913277057111e-01
5.134395962194065674e-03 1.122560910062274028e-02 9.085238528447302508e-01 7.511614209245316698e-02
4.824882892724782942e-03 1.276970790941420707e-02 9.215976788598083669e-01 6.080773033805284000e-02
4.853420158233295173e-03 1.571252920880748458e-02 9.251713357724166142e-01 5.426271486054281418e-02
5.194820605595854013e-03 2.042904632561698755e-02 9.212206323398673957e-01 5.315550072891981476e-02
5.925682784309120078e-03 2.730836571015627171e-02 9.110361927327740306e-01 5.572975877276070689e-02
7.144834219541937662e-03 3.653569116397778482e-02 8.959096345556615271e-01 6.040984006081857177e-02
8.939487146680325305e-03 4.777123821386637659e-02 8.770896214314500838e-01 6.619965320800330622e-02
1.123577720143792945e-02 6.036855440643220522e-02 8.566004482615835469e-01 7.179522013054608076e-02
1.384577778897924834e-02 7.504167329814345755e-02 8.350043586406631357e-01 7.610819027221406297e-02
1.681703031148777672e-02 9.477862505806250448e-02 8.084325569505528275e-01 7.997178767989700232e-02
2.025168274777369715e-02 1.222481977363889943e-01 7.721249457745030798e-01 8.537517374133431203e-02
2.399288453500907081e-02 1.559500896984510054e-01 7.264406919808876761e-01 9.361633378565213659e-02
2.790257539286976687e-02 1.895911925388310826e-01 6.773100658113995198e-01 1.051961662568999256e-01
3.196673603615328429e-02 2.162289317011933387e-01 6.318293908701334560e-01 1.199749413925198377e-01
3.606505112586084333e-02 2.318871841473281736e-01 5.962358846391307976e-01 1.358118800876801369e-01
3.982525192202267944e-02 2.338958108047249629e-01 5.779035660704128219e-01 1.483753712028394456e-01
4.257082232158012486e-02 2.211719246687485485e-01 5.844344290098277828e-01 1.518228239998437867e-01
4.267558526495956323e-02 1.953819107007448708e-01 6.210105429533884225e-01 1.409319610809073031e-01
4.073125141002646721e-02 1.591800261447174902e-01 6.830959725414978978e-01 1.169927499037582280e-01
3.804432349851202128e-02 1.224359530290033971e-01 7.497726481992315062e-01 8.974707527325294365e-02
3.556249497629511425e-02 9.636606768192713945e-02 7.998671883513222003e-01 6.820424899045547662e-02
3.466046836010432119e-02 8.447201909539678311e-02 8.276040313368694390e-01 5.326348120762915139e-02
3.521965530843579328e-02 8.551821452726093842e-02 8.363095418795737368e-01 4.295258828472959395e-02
3.701575795500777061e-02 9.681861578044179129e-02 8.305728638797152952e-01 3.559276238483482374e-02
3.920162239823214018e-02 1.159853944149606131e-01 8.155478936510283106e-01 2.926508953577918251e-02
4.123869903890062943e-02 1.404659529384622574e-01 7.947899597544954009e-01 2.350538826814168106e-02
4.337454286073181425e-02 1.647390437184798606e-01 7.728551616920489309e-01 1.903125172873928322e-02
4.627765583834293761e-02 1.802169614707376799e-01 7.571841449200990004e-01 1.632123777082028493e-02
5.066485131499832983e-02 1.843304221499388051e-01 7.496534310153599723e-01 1.535129551970254927e-02
5.665752640186770550e-02 1.831805379262408662e-01 7.440757779251245818e-01 1.608615774676699917e-02
6.364364755198020918e-02 1.835019440125214563e-01 7.340563709807415016e-01 1.879803745475640622e-02
7.109912826563788424e-02 1.874436673531898190e-01 7.171010848163134055e-01 2.435611956485877680e-02
7.879595132343433783e-02 1.937320602827604932e-01 6.928922559774880474e-01 3.457973241631681627e-02
8.529277807221853636e-02 2.007374683137148064e-01 6.614350613372006471e-01 5.253469227686608650e-02
9.115893357345419834e-02 2.071493849180269520e-01 6.172486395968582729e-01 8.444304191166061846e-02
9.396044127355276943e-02 2.128515675876088420e-01 5.505488349080036592e-01 1.426391562308350347e-01
9.141115656590295679e-02 2.101907117243378142e-01 4.528701292781304732e-01 2.455280024316285892e-01
7.976730425540694280e-02 1.897620036257520182e-01 3.312322919684089761e-01 3.992384001504319935e-01
6.138936436859899343e-02 1.499481118851441475e-01 2.144880642816802407e-01 5.741744594645762367e-01
4.221197238546571529e-02 1.041562603794887742e-01 1.283117166633700179e-01 7.253200505716754787e-01
2.715439141985955332e-02 6.662277946044374566e-02 7.568280614174868748e-02 8.305400229779478227e-01
1.725479381293703457e-02 4.197386156961004089e-02 4.701150690262947268e-02 8.937598377148234796e-01
1.131505532962737669e-02 2.765188257469784402e-02 3.199347915223584027e-02 9.290395829434392461e-01
7.795142935651450979e-03 1.938723495858606094e-02 2.380986032021985277e-02 9.490077617855421366e-01
5.685352183585423193e-03 1.431104567327450006e-02 1.911418262379548094e-02 9.608894195193445897e-01
4.465486076331792731e-03 1.102953803102760602e-02 1.649686817768424019e-02 9.680081077149563784e-01
3.832850237568503123e-03 8.921206857813021238e-03 1.530059747931430437e-02 9.719453454253040858e-01
3.577719435480264300e-03 7.648860356865457705e-03 1.509160329689515113e-02 9.736818169107590570e-01
3.550444481268642382e-03 6.980834032947055671e-03 1.560836042155689003e-02 9.738603610642274644e-01
3.651451667348056592e-03 6.744662148847885633e-03 1.677259038570277916e-02 9.728312957981014586e-01
3.864549062913287536e-03 6.873519836525123286e-03 1.873065258556662338e-02 9.705312785149952104e-01
4.311740683288559084e-03 7.516397100544306570e-03 2.200088391564613763e-02 9.661709783005208996e-01
1.158137079574358408e-01 6.042867596408700859e-01 2.542088612746804532e-01 2.569067112701371378e-02
5.524415946201634287e-02 4.096567581666574892e-02 1.042850680879151004e-01 7.995050966334030784e-01
5.882478741805759193e-02 4.677742377167579818e-02 1.294615298397559788e-01 7.649362589705104298e-01
6.424657393717339571e-02 5.415272594285519547e-02 1.605522395990419404e-01 7.210484605209294129e-01
7.154855502657311850e-02 6.332634513203701243e-02 1.954694306310567065e-01 6.696556692103333708e-01
8.058088160750383200e-02 7.392587304999656550e-02 2.307505302727494712e-01 6.147427150697504228e-01
9.121702090196315282e-02 8.492786665362028753e-02 2.621187269135369369e-01 5.617363855308795673e-01
1.034267670622197044e-01 9.524885747205566466e-02 2.852785497711871066e-01 5.160458256945372746e-01
1.165615455982313559e-01 1.041523899328530983e-01 2.989860738781937588e-01 4.802999905907217593e-01
1.286605830115428450e-01 1.112419688481087049e-01 3.062418971261987033e-01 4.538555510141495941e-01
1.374833827042594436e-01 1.167249450264455229e-01 3.118011224612837196e-01 4.339905498080114943e-01
1.420328977128014758e-01 1.217385901435861645e-01 3.193062551769462187e-01 4.169222569666659606e-01
1.423463126717130489e-01 1.278258128280517214e-01 3.319891910567247528e-01 3.978386834435103103e-01
1.386579517372873716e-01 1.360495463597652666e-01 3.537601403768517727e-01 3.715323615260953671e-01
1.311978200534833772e-01 1.468537233606328485e-01 3.868345600630411774e-01 3.351138965228424027e-01
1.206023175876996673e-01 1.605907969972925620e-01 4.295819042422502898e-01 2.892249811727575781e-01
1.080582362302395100e-01 1.778725436942051596e-01 4.755444866517898883e-01 2.385247334237655947e-01
9.521263376496838515e-02 2.001772520319509974e-01 5.143472075043380443e-01 1.902629066987424900e-01
8.246939526310148594e-02 2.315633139362168469e-01 5.371355210530928126e-01 1.488317697475886880e-01
7.135713226165062151e-02 2.737390304731055490e-01 5.413349083603578027e-01 1.135689289048861794e-01
6.131897537011832267e-02 3.287552248074814276e-01 5.267955688392611524e-01 8.313023098313920833e-02
5.135849437519557359e-02 3.983552924828306363e-01 4.923077338527138136e-01 5.797847928925976835e-02
4.210379231970143299e-02 4.873936018816590332e-01 4.321094567073976433e-01 3.839314909124168923e-02
3.303016167198696146e-02 5.979216261467196203e-01 3.452072780042467759e-01 2.384093417704669440e-02
2.423122995250199044e-02 7.141471453716206064e-01 2.478435260084899394e-01 1.377809866738759388e-02
1.663316857964564077e-02 8.100974767844619784e-01 1.657204350486183309e-01 7.548919587274348364e-03
1.115331886601164321e-02 8.717608132940323218e-01 1.129114271204607611e-01 4.174440719495133359e-03
7.472240380605536456e-03 9.036655991615319961e-01 8.634897234091880314e-02 2.513188116943823082e-03
5.860291286044057475e-03 9.159357227327682427e-01 7.644710536164533998e-02 1.756880619542335129e-03
5.041262136536320791e-03 9.182498642149272694e-01 7.534172988894705103e-02 1.367143759589037420e-03
4.666475517200054275e-03 9.145191919561914684e-01 7.965997399167169812e-02 1.154358534936913202e-03
4.553630894163645387e-03 9.050106507350241802e-01 8.938678114189206603e-02 1.048937228919814097e-03
4.560979661126812745e-03 8.878749965911884034e-01 1.065510785545317335e-01 1.012945193153236799e-03
4.668586763949346234e-03 8.574764731367794379e-01 1.367990350341805605e-01 1.055905065090805570e-03
5.019991760001310706e-03 8.056878711644072100e-01 1.880835166492096922e-01 1.208620426381875864e-03
4.886937671304219730e-03 7.305961722148193171e-01 2.631367370351778701e-01 1.380153078698568778e-03
4.510860299033939320e-03 6.397533311065193296e-01 3.542656380053419429e-01 1.470170589104722713e-03
3.938359796187868023e-03 5.378497914463971075e-01 4.567810184498587445e-01 1.430830307556146472e-03
3.323481262913049929e-03 4.222674960096044483e-01 5.731135683917076840e-01 1.295454335774680983e-03
2.602437905533741720e-03 2.962611787466011837e-01 7.000648576197240347e-01 1.071525728141038388e-03
1.798122008180394384e-03 1.807841333830585984e-01 8.166213352933688885e-01 7.964093153922938628e-04
1.175235430686140782e-03 9.955476097883679543e-02 8.987150805389533259e-01 5.549230515240695426e-04
7.838476964977565556e-04 5.386096096936962563e-02 9.449765234475137055e-01 3.786678866190249545e-04
8.258118396605843058e-04 3.036478130140150139e-02 9.685165288562143093e-01 2.928780027236176607e-04
4.804136195150138971e-04 1.826220434402219678e-02 9.810542475559600462e-01 2.031344805025430517e-04
3.439812538187873164e-04 1.165016872866619056e-02 9.878395993236311901e-01 1.662506938838616939e-04
2.975006194531341539e-04 7.862880184317586410e-03 9.916810602101654437e-01 1.585589860637037210e-04
2.978561979751640832e-04 5.627205437209010022e-03 9.939062995246302767e-01 1.686388401855417251e-04
3.335763770178980540e-04 4.352735816421308968e-03 9.951200563883279004e-01 1.936314182332076860e-04
4.216676622526777996e-04 3.814871775327296349e-03 9.955188064088337230e-01 2.446541535865769069e-04
6.108347787644323760e-04 3.875137187490360329e-03 9.951674236583493149e-01 3.466043753958087618e-04
9.963202093640122128e-04 4.391148915602119396e-03 9.940777984932828160e-01 5.347323817508781987e-04
1.757018471116912573e-03 5.272470593847677217e-03 9.921161212880710289e-01 8.543896469642911625e-04
3.255777118674473523e-03 6.653413880180811431e-03 9.887009027306993270e-01 1.389906270445672798e-03
6.287441385581063122e-03 9.069768357865109695e-03 9.822940964611850401e-01 2.348693795368715555e-03
1.336677474711183387e-02 1.317623550068877311e-02 9.692099835238620065e-01 4.247006228337096845e-03
2.587431160311971790e-02 2.080395862927126790e-02 9.456033129287102490e-01 7.718416838898705355e-03
4.877511259818030631e-02 3.367525226376055086e-02 9.032750634141709645e-01 1.427457172388777763e-02
8.772321225021090241e-02 5.327605252026985927e-02 8.327853136457329386e-01 2.621542158378646972e-02
1.476863314815726469e-01 7.964632415980710256e-02 7.263416760384865389e-01 4.632566832013384345e-02
2.242143911764410413e-01 1.084861736746515898e-01 5.921620169653166732e-01 7.513741818359050140e-02
3.019292836641681577e-01 1.395741550331815739e-01 4.476339132700250523e-01 1.108626480326251745e-01
3.594239616669078763e-01 1.716865267671391082e-01 3.205622300853555595e-01 1.483272814805974837e-01
3.860129631514869764e-01 2.041508468594903924e-01 2.268225790221964078e-01 1.830136109668260014e-01
3.921925385856402935e-01 2.305288070562870051e-01 1.657851815143590035e-01 2.114934728437138645e-01
3.843375016523344345e-01 2.539609108554535255e-01 1.296630170437327312e-01 2.320385704484792255e-01
3.750460800881245671e-01 2.725298268992127904e-01 1.086741115128281865e-01 2.437499814998344838e-01
3.734784904400931804e-01 2.839181343534922242e-01 9.501114508992454522e-02 2.475922301164898420e-01
3.884508080329159285e-01 2.797082267986269466e-01 8.407610333338508268e-02 2.477648618350718757e-01
4.251642378746429696e-01 2.527780121547780201e-01 7.412925166399481069e-02 2.479284983065841719e-01
4.709705716936217201e-01 2.147799615518183602e-01 6.696467853287690897e-02 2.472847882216831772e-01
5.160059388957320969e-01 1.799818679169507829e-01 6.138985054939309627e-02 2.426223426379241765e-01
8.245451835562543907e-01 7.772633650105831293e-02 2.252640425613361766e-02 7.520207568655373764e-02
1.088213867100333359e-03 3.390485894587981323e-03 9.922885881678734643e-01 3.232712070437980968e-03
7.195546323358061828e-04 2.517038892280276229e-03 9.927638432039914695e-01 3.999563271392352418e-03
5.102205485224860356e-04 2.030954513989469221e-03 9.917243397400172800e-01 5.734485197470948550e-03
4.085337621805308606e-04 1.825352622287032154e-03 9.885419107073569744e-01 9.224202908175284030e-03
3.807046028020299100e-04 1.812034826105302131e-03 9.820485369021270117e-01 1.575872366896552412e-02
4.115816249210090395e-04 1.974447108757087371e-03 9.708158974286640319e-01 2.679807383765781675e-02
4.966975025980324655e-04 2.345125113179596325e-03 9.545585528387493524e-01 4.259962454547330107e-02
6.135153079837862844e-04 2.900075852055390441e-03 9.366354566799242054e-01 5.985095216003661484e-02
7.073841242226702655e-04 3.534473459651349750e-03 9.238888025299708540e-01 7.186933988615527846e-02
7.267444702520857317e-04 4.148717359361108262e-03 9.216297050781897537e-01 7.349483309219716209e-02
6.761120524574845171e-04 4.742522305306205548e-03 9.287498540651603074e-01 6.583151157707624324e-02
6.074585434502816940e-04 5.469440954200753893e-03 9.393611657777699575e-01 5.456193472457897958e-02
5.761356856734652435e-04 6.696138528552132534e-03 9.481354489575989364e-01 4.459227682817541727e-02
6.122993597277807259e-04 8.899507193416821699e-03 9.532852349990303953e-01 3.720295844782497280e-02
7.310533754732694012e-04 1.260673879804693337e-02 9.550992404739530039e-01 3.156296735252694247e-02
9.663752524967689390e-04 1.865532121474520327e-02 9.531515397431837844e-01 2.722676378957417098e-02
1.312387353675320296e-03 2.694243107204295773e-02 9.474246342454033520e-01 2.432054732887825588e-02
1.960665339218404125e-03 4.405951979902347077e-02 9.307079028118785402e-01 2.327191204987972759e-02
3.048437035619743895e-03 7.463154123995895117e-02 8.988388574674428533e-01 2.348116425697832285e-02
4.861764311565450712e-03 1.261743801466063408e-01 8.442051438901789773e-01 2.475871165164893889e-02
7.835703573811005074e-03 2.042714987617814115e-01 7.610199870212288609e-01 2.687281064317841375e-02
1.251324540586775530e-02 3.003974363437117989e-01 6.572892255035268638e-01 2.980009274689354032e-02
1.995680382275709722e-02 3.871991986385736606e-01 5.576764541617161841e-01 3.516754337695320726e-02
3.311394444870072173e-02 4.436457473812168151e-01 4.761492339393590956e-01 4.709107423072347864e-02
5.652774858298004190e-02 4.719376197880569834e-01 4.023218772731936843e-01 6.921275435576917934e-02
9.495236090043951416e-02 4.756692865567557216e-01 3.258207797788674753e-01 1.035575727639373583e-01
1.519442715280405753e-01 4.500425977354287621e-01 2.490918414869553177e-01 1.489212892495752338e-01
2.232818602126508400e-01 3.951264316991763281e-01 1.848975351865601302e-01 1.966941729016127294e-01
3.010810516133272108e-01 3.288016890864056130e-01 1.341633244812593939e-01 2.359539348190074493e-01
3.717487032577698747e-01 2.667892037344018474e-01 9.760752297857162862e-02 2.638545700292566076e-01
4.251757490327684463e-01 2.176637756903784249e-01 7.172466270314309389e-02 2.854358125737102014e-01
4.596075919873576776e-01 1.799303299855462279e-01 5.399716976927965845e-02 3.064649082578163597e-01
4.752090960155823107e-01 1.535697850190313740e-01 4.217915263437390511e-02 3.290419663310125697e-01
4.780254156422916734e-01 1.386018220468702156e-01 3.475240212509914800e-02 3.486203601857389422e-01
4.775544830660249374e-01 1.341685358743631706e-01 3.057070863560094540e-02 3.577062724240107627e-01
4.789324585853126925e-01 1.389149827804354864e-01 2.902033502572173851e-02 3.531322236085303046e-01
4.795997406191206958e-01 1.517059402822718839e-01 2.999780622079008946e-02 3.386965128778174350e-01
4.757318160624632308e-01 1.704043884633540951e-01 3.319217223434788033e-02 3.206716232398347244e-01
4.699231592368493526e-01 1.911981945757550982e-01 3.738505861955717519e-02 3.014935875678383392e-01
4.627392027604545488e-01 2.125453499621495490e-01 4.213010359316517878e-02 2.825853436842307165e-01
4.504223802450394443e-01 2.352694488293159691e-01 4.800245625582442999e-02 2.663057146698198374e-01
4.301223607461329146e-01 2.611319115706001170e-01 5.553103466210640438e-02 2.532146930211608971e-01
4.050247507697328775e-01 2.889534414389759998e-01 6.419419179254848284e-02 2.418276159987427509e-01
3.712200149286157269e-01 3.242208976925113340e-01 7.436975630532689785e-02 2.301893310735460829e-01
3.333176319947254718e-01 3.648829645334327187e-01 8.485864617679117483e-02 2.169407572950505514e-01
2.956045702253501939e-01 4.090857338745882421e-01 9.392521536210234057e-02 2.013844805379591818e-01
2.640584088822352515e-01 4.539478960972945232e-01 9.913874651053891651e-02 1.828549485099312255e-01
2.430652273595023671e-01 4.970490754514330090e-01 9.834649139213919034e-02 1.615392057969253503e-01
2.356650984437595464e-01 5.331291644482646364e-01 9.113624873372705437e-02 1.400694883742490682e-01
2.458448761756454881e-01 5.508566126381028161e-01 7.995912125406846871e-02 1.233393899321830328e-01
2.783913753095032528e-01 5.392297697999878237e-01 6.785564036403088362e-02 1.145232145264779289e-01
3.362593159715352442e-01 4.940449723998046605e-01 5.617145230656137023e-02 1.135242593220985308e-01
4.173193513218155237e-01 4.187486624050054118e-01 4.518063470426608719e-02 1.187513515689127275e-01
5.093743654380195052e-01 3.262051674850451333e-01 3.535279561392178083e-02 1.290676714630135391e-01
5.913729869424311225e-01 2.364425974897230998e-01 2.736570930718133093e-02 1.448187062606642317e-01
6.446135502159031638e-01 1.666385574578087281e-01 2.160226500643331118e-02 1.671456273198550224e-01
6.677148315481210572e-01 1.191917664832534557e-01 1.755743193608134620e-02 1.955359700325442485e-01
6.667298294431748262e-01 9.076720960771056390e-02 1.505643242806235099e-02 2.274465285210522936e-01
6.559460416484249601e-01 7.287472709291263617e-02 1.352981154970726158e-02 2.576494197089551630e-01
6.447861169568750439e-01 6.287168783056064358e-02 1.285512931825492401e-02 2.794870658943091057e-01
6.398640368834513925e-01 5.756069176695930573e-02 1.268373525954898974e-02 2.898915360900403693e-01
6.397115200552676573e-01 5.507602851766011526e-02 1.288699454336371744e-02 2.923254568837084233e-01
6.392009168280929909e-01 5.417933445675535142e-02 1.337553176491181745e-02 2.932442169502399443e-01
6.338255431680515084e-01 5.444211735533303897e-02 1.415515445521921788e-02 2.975771850213961844e-01
6.221856892809621842e-01 5.554423250858097488e-02 1.524000810727903568e-02 3.070300701031778989e-01
6.046513461761072739e-01 5.701283059589250940e-02 1.669655993755656334e-02 3.216392632904436222e-01
5.827197481074597452e-01 5.849833365454416151e-02 1.870800748773715494e-02 3.400739107502588898e-01
5.589616310168878943e-01 6.008171319178119002e-02 2.160488505948789800e-02 3.593517707318429899e-01
5.374679406788335223e-01 6.182862237961042617e-02 2.553120953020567713e-02 3.751722274113500899e-01
5.216796981899949337e-01 6.312008883904926537e-02 2.998737804917881236e-02 3.852128349217768255e-01
5.105025881804866605e-01 6.415301953802007850e-02 3.479209745720807795e-02 3.905522948242849957e-01
1.245913654037758035e-02 7.190775134054532003e-02 9.140373560834831324e-01 1.595756035593868822e-03
1.504402211705881467e-02 1.055265640060200905e-01 8.776394057285775707e-01 1.790008148343745107e-03
1.743054417162785003e-02 1.659403387800001961e-01 8.145639734131586707e-01 2.065143635213160037e-03
2.156920255232283243e-02 2.557858836333801733e-01 7.201869009996323401e-01 2.458012814664436475e-03
2.638157333204362714e-02 3.716406088808995589e-01 5.990725425920376823e-01 2.905275195019026233e-03
3.118299925508763101e-02 5.009511570818299120e-01 4.644295250954043053e-01 3.436318567678015544e-03
3.554757784642174900e-02 6.307574133869894295e-01 3.297766560181597528e-01 3.918352748428909071e-03
3.875284791851627691e-02 7.349518941026028651e-01 2.218152797572932045e-01 4.479978221587479180e-03
4.119787443579112085e-02 8.046775533312816586e-01 1.489901859468655276e-01 5.134386286061343348e-03
4.340906820277680433e-02 8.457058829237124042e-01 1.049480128462024625e-01 5.937036027308406107e-03
4.486493044822743165e-02 8.684212456506207323e-01 7.978328779856846964e-02 6.930536102583489608e-03
4.666475312776703632e-02 8.785552829069077641e-01 6.664166656344867878e-02 8.138297401876387269e-03
4.895418687119342666e-02 8.795280220571585206e-01 6.196274141100237276e-02 9.555049660645721643e-03
5.229198467500909692e-02 8.721298248397723052e-01 6.418043982584419049e-02 1.139775065937421832e-02
5.639634434263992441e-02 8.585835542363160489e-01 7.133462848164354164e-02 1.368547293940042264e-02
5.986619983081467589e-02 8.438352466776513072e-01 8.030289342005780817e-02 1.599566007147609770e-02
6.139886553490537385e-02 8.324599471026864483e-01 8.829727905465285798e-02 1.784390830775535453e-02
6.074246494962357718e-02 8.266864043390997896e-01 9.362993201344535499e-02 1.894119869783105967e-02
5.881969261615120625e-02 8.255081905033888612e-01 9.624333845516322428e-02 1.942877842529637175e-02
5.681884702754146782e-02 8.260378520150686299e-01 9.741361565526224231e-02 1.972968530212765997e-02
5.552054653981166460e-02 8.256570019988234144e-01 9.862721656360186329e-02 2.019523489776267264e-02
5.543859831256164189e-02 8.223269659353381611e-01 1.011155182184281937e-01 2.111891753367183683e-02
5.649236802943166658e-02 8.161885382335447581e-01 1.049349105887216610e-01 2.238418314830189354e-02
4.383831562647590163e-02 2.232826996349108750e-01 3.551047672690139934e-02 6.973685080117116852e-01
4.144402429837109464e-02 2.433754274430602882e-01 3.253387651897435284e-02 6.826466717395943684e-01
4.099641035255383731e-02 2.643978648268679454e-01 2.983304647960519432e-02 6.647726783409731999e-01
4.291454805168302966e-02 2.862067678144800675e-01 2.784850185039194209e-02 6.430301822834451064e-01
4.703995278719813600e-02 3.075181572988841538e-01 2.670260216795866670e-02 6.187392877459590990e-01
5.251192680638661764e-02 3.258150256395972999e-01 2.640333681094016866e-02 5.952697107430756640e-01
5.776539214842103809e-02 3.348295386413920882e-01 2.702057871955341334e-02 5.803844904906335644e-01
6.103964942164702423e-02 3.293680634306999089e-01 2.843156769647844917e-02 5.811607194511745345e-01
6.155503214810012502e-02 3.143257797720629965e-01 3.043964945131215696e-02 5.936795386285249609e-01
5.976377239682301862e-02 2.999985034360461156e-01 3.321984523626145269e-02 6.070178789308694478e-01
5.661774765069408494e-02 2.928793071202663856e-01 3.685365060319288621e-02 6.136492946258464976e-01
5.281451819577135526e-02 2.927535410579503172e-01 4.107376440228750064e-02 6.133581763439909240e-01
4.833980321647741302e-02 2.945103973476587145e-01 4.578951826785926382e-02 6.113602811680046711e-01
4.277319622622362955e-02 2.936690459850392343e-01 5.179479794646812268e-02 6.117629598422689163e-01
3.643738949235277025e-02 2.894697272212659600e-01 6.125778054814130791e-02 6.128351027382401561e-01
3.056574980257409369e-02 2.843779787373293400e-01 7.798826606661601879e-02 6.070680053934804921e-01
2.608022197486202856e-02 2.807337754017387721e-01 1.083919568431176150e-01 5.847940457802816017e-01
2.288680091601956804e-02 2.799544178227736935e-01 1.615193626082508938e-01 5.356394186529558343e-01
2.027304010601196915e-02 2.823898149730227902e-01 2.437155359378017916e-01 4.536216089831636711e-01
1.740317306924146420e-02 2.834744303653163322e-01 3.490440077301513733e-01 3.500783888352911322e-01
1.386480767547364212e-02 2.762093010375834545e-01 4.601203272825368784e-01 2.498055640044060943e-01
1.010801690853959170e-02 2.578576628062294596e-01 5.634379897520864766e-01 1.685963305331448503e-01
6.934914062695154979e-03 2.352089537497741301e-01 6.492022096598267789e-01 1.086539225277036169e-01
4.780472308474394486e-03 2.176085079109719989e-01 7.093448408549112294e-01 6.826617892564212919e-02
3.498838190277877430e-03 2.090014663068874845e-01 7.442877755594767830e-01 4.321191994335812220e-02
2.801822618206192220e-03 2.081026664813467597e-01 7.607254166131824924e-01 2.837009428726462376e-02
2.507142752631889501e-03 2.104405738030657447e-01 7.672054419284892735e-01 1.984684151581312186e-02
2.525239319984818893e-03 2.116685331635597411e-01 7.707767836348364821e-01 1.502944388161873458e-02
2.847942110298678185e-03 2.091312184208067304e-01 7.756833568911735144e-01 1.233748257772118023e-02
3.556642963216645383e-03 1.997407779092358338e-01 7.856568076904988374e-01 1.104577143704887736e-02
4.939117598924950246e-03 1.838055278167667894e-01 8.001947494442948061e-01 1.106060514001355050e-02
7.740673473986166286e-03 1.689999498785130783e-01 8.105788715834113534e-01 1.268050506408915229e-02
1.334824051916178901e-02 1.639044912860104786e-01 8.063525634070486392e-01 1.639470478777888332e-02
2.381625825236645053e-02 1.703602049702521437e-01 7.828139508047237127e-01 2.300958597265773814e-02
4.089651291573632996e-02 1.835700506958751199e-01 7.422373793586791724e-01 3.329605702970925285e-02
6.369200923482251642e-02 1.983417936533609094e-01 6.910877006429201330e-01 4.687849646889648975e-02
8.761590528434987091e-02 2.133502631208692712e-01 6.367405483306973757e-01 6.229328326408373889e-02
1.098443625117584560e-01 2.262672327850479281e-01 5.857535828065688621e-01 7.813482189662475375e-02
1.265997604741640470e-01 2.344297669828022124e-01 5.460096654198697275e-01 9.296080712316406869e-02
1.367235728558918451e-01 2.370446914355328616e-01 5.202578853395926073e-01 1.059738503689835187e-01
1.409002279120425971e-01 2.359159557470797419e-01 5.059554909954634416e-01 1.172283253454142748e-01
1.406099940661209580e-01 2.335282453623352128e-01 4.986159078638899844e-01 1.272458527076540669e-01
1.374801454413875634e-01 2.315091415500349914e-01 4.947740798776028015e-01 1.362366331309745049e-01
1.331923227666073906e-01 2.305262947355818381e-01 4.921235295103419949e-01 1.441578529874689429e-01
1.290007691735041429e-01 2.311399616165063509e-01 4.884682617341743471e-01 1.513910074758147428e-01
1.253568780231618107e-01 2.343463174714028596e-01 4.820682317154614260e-01 1.582285727899739591e-01
1.221377348193572049e-01 2.407197867814629411e-01 4.731630515401427650e-01 1.639794268590368254e-01
1.188127330337121201e-01 2.485793822345919446e-01 4.643389193506913815e-01 1.682689653810049424e-01
1.139900203867716955e-01 2.531887517897442597e-01 4.616769879863968917e-01 1.711442398370873474e-01
1.063502709179390548e-01 2.502254864870129270e-01 4.716294386486492018e-01 1.717948039463989274e-01
9.590009045230790674e-02 2.390436310524038932e-01 4.963559378394632460e-01 1.687003406558249541e-01
8.346638059571838408e-02 2.226409733398520552e-01 5.337046819744963866e-01 1.601879640899329382e-01
6.989882056511967368e-02 2.036467023893135664e-01 5.801165599676708640e-01 1.463379170778955074e-01
5.658684176180558273e-02 1.822284021280599631e-01 6.326260429806560559e-01 1.285587131294788077e-01
4.361883282325255962e-02 1.607809772602298848e-01 6.863934423636476323e-01 1.092067475528695208e-01
3.301857755323963500e-02 1.403112437319034844e-01 7.359387858944997918e-01 9.073139282035706799e-02
2.553650069396085076e-02 1.240365034538059158e-01 7.751545087981319693e-01 7.527248705410109764e-02
2.121788266882120716e-02 1.164083931540226130e-01 7.973785950361481634e-01 6.499512914100830097e-02
1.945212684938213768e-02 1.201795838812738798e-01 7.994421966174756200e-01 6.092609265186849782e-02
1.924648316435425069e-02 1.349715478391307899e-01 7.836560814158013422e-01 6.212588758071360684e-02
1.949665077086956688e-02 1.581332257664731789e-01 7.561328485579944525e-01 6.623727490466263523e-02
1.954252161428661136e-02 1.859343921430422208e-01 7.232164642826696133e-01 7.130662196000146780e-02
1.951682775360884942e-02 2.153579929731085085e-01 6.880835373217870643e-01 7.704164195149564021e-02
1.996726916081604380e-02 2.455221829122947175e-01 6.501288343111094603e-01 8.438171361577959106e-02
2.123414931284790114e-02 2.772359689308643294e-01 6.075034619419125148e-01 9.402641981437551144e-02
2.349664321512845433e-02 3.106872731726059156e-01 5.595152938707400603e-01 1.063007897415255698e-01
2.743889374918483462e-02 3.435552484029424369e-01 5.063494168902210602e-01 1.226564409576513387e-01
3.391900864371961977e-02 3.732632098791919817e-01 4.485931876605777635e-01 1.442245938165107877e-01
4.356578152905507539e-02 3.990316886765309934e-01 3.876707337504619044e-01 1.697317960439520268e-01
5.625685204852469423e-02 4.220399569480716151e-01 3.265021888473523259e-01 1.952010021560512676e-01
7.341465616110154357e-02 4.379063882862066492e-01 2.735656941887857907e-01 2.151132613639061275e-01
9.414441022414694882e-02 4.520536647494710625e-01 2.284447526552104146e-01 2.253571723711715324e-01
1.168292813441639266e-01 4.636448434179359368e-01 1.928384372393936175e-01 2.266874379985066301e-01
1.417010845215451176e-01 4.649221793492229748e-01 1.697982092445099178e-01 2.235785268847217955e-01
1.661816057694116000e-01 4.556732191835468626e-01 1.571120620568318693e-01 2.210331129902096681e-01
1.873964128558453790e-01 4.380112947743453611e-01 1.509462238241218723e-01 2.236460685456871933e-01
2.037843651438318304e-01 4.146732454200458551e-01 1.466835969684268104e-01 2.348587924676956151e-01
2.149805774522729473e-01 3.877151085605448633e-01 1.414702439352982788e-01 2.558340700518841326e-01
2.213968508740681018e-01 3.592077231803634807e-01 1.350355192615218525e-01 2.843599066840467038e-01
2.254388524169074481e-01 3.291979942623562416e-01 1.300195930335655836e-01 3.153435602871706434e-01
2.260890704927809303e-01 3.001569260878885759e-01 1.305832660247428778e-01 3.431707373945876993e-01
2.253152110772354833e-01 2.721812306107749824e-01 1.388768452720437196e-01 3.636267130399457592e-01
2.208661896132500524e-01 2.481038380955199463e-01 1.559393557501896621e-01 3.750906165410404225e-01
2.122808292037099143e-01 2.288681910756165394e-01 1.799644802150296152e-01 3.788864995056437368e-01
2.016853104209495595e-01 2.127805124737810749e-01 2.088584664324713569e-01 3.766757106727980919e-01
1.919928324817818666e-01 1.984789033604801856e-01 2.401203059399919792e-01 3.694079582177457466e-01
1.850852655135591385e-01 1.857950624885716662e-01 2.719727663517210736e-01 3.571469056461480385e-01
1.811635470658633229e-01 1.757469345187110676e-01 3.023525846854748234e-01 3.407369337299506751e-01
1.791587144937465681e-01 1.694617275751807706e-01 3.274159402886896442e-01 3.239636176423830727e-01
