1.572293134489134020e-02 8.308357873641118718e-02 6.913638320015368377e-01 2.098296579171608223e-01
1.238389947111063621e-01 3.852447536027840680e-02 1.118142640268411647e-01 7.258222659017741218e-01
1.059274714075720270e-01 2.936222848292676171e-02 7.397438979774505208e-02 7.907359103117560517e-01
8.674625932827102759e-02 2.259137815050316425e-02 4.985769405104134577e-02 8.408046684701847573e-01
6.841696631388544114e-02 1.760951976928309265e-02 3.558616645736913803e-02 8.783873474594628972e-01
5.392018152820979293e-02 1.410465568839967994e-02 2.763497536247036188e-02 9.043401874209201496e-01
4.451762726147921734e-02 1.190795161914409879e-02 2.387483961026731771e-02 9.196995815091087989e-01
3.939709081560736209e-02 1.079924654437837243e-02 2.313645891749732328e-02 9.266672037225167635e-01
3.688859871239630328e-02 1.059089255230319729e-02 2.499063604042127754e-02 9.275298726948791872e-01
3.549696329304233289e-02 1.119955902489556607e-02 2.979648950856162229e-02 9.235069881735007424e-01
3.421382156585638795e-02 1.264199921929273426e-02 3.916602681007807368e-02 9.139781524047725370e-01
3.223264201078516328e-02 1.513149152331728746e-02 5.734088441810594738e-02 8.952949820477916765e-01
2.915570037994089092e-02 1.936083448481493163e-02 9.255938859160733889e-02 8.589240765436368941e-01
2.519161179589304161e-02 2.649652236002316211e-02 1.558480499024709476e-01 7.924638159416128591e-01
2.011115587093640147e-02 3.703641858983854757e-02 2.550771441712471055e-01 6.877752813679780530e-01
1.536239834326472327e-02 5.025129608158195732e-02 3.880399285440543911e-01 5.463463770310990064e-01
1.030937979700372042e-02 6.154080538915646104e-02 5.289148279472672964e-01 3.992349868665724388e-01
6.347930494953717660e-03 6.878977670547645196e-02 6.538140608753869598e-01 2.710482319241830917e-01
3.912350241446606834e-03 7.449597429611917732e-02 7.443567878356041057e-01 1.772348876268301232e-01
2.761260331160487243e-03 8.555907804443738107e-02 7.905427294575999575e-01 1.211369321668020055e-01
2.446984505787605513e-03 1.091168609612243184e-01 7.937896566700968215e-01 9.464649786289140720e-02
2.664955388219539516e-03 1.481998027071530499e-01 7.620383167320903262e-01 8.709692517253697641e-02
3.267384500327694553e-03 1.993626348965575334e-01 7.064191150018815923e-01 9.095086560123305519e-02
4.173798980615612414e-03 2.567283251564829727e-01 6.382398763231211802e-01 1.008579995397802243e-01
5.302526653548524441e-03 3.140000407080734135e-01 5.688810117984283155e-01 1.118164208399496790e-01
6.490698522470167431e-03 3.594804542657735746e-01 5.152351816352818137e-01 1.187936655764742916e-01
7.538507436978775927e-03 3.792599826236743854e-01 4.948627518659409752e-01 1.183387580734056865e-01
8.304032743442844866e-03 3.769523156854925339e-01 5.053988018379247382e-01 1.093448497331400843e-01
8.813933903534132419e-03 3.765343283268589025e-01 5.208272778010509807e-01 9.382445996855616477e-02
9.127561173728719959e-03 3.903887769057373114e-01 5.239282174122662505e-01 7.655544450826819169e-02
9.063561890960726564e-03 4.082848942999353081e-01 5.218571509065691449e-01 6.079439290253471628e-02
8.416944765805614223e-03 4.120363802110356688e-01 5.323955366275050505e-01 4.715113839565356763e-02
7.265018919428300678e-03 3.936390452545550089e-01 5.639621923950889348e-01 3.513374343092808688e-02
5.831928058953605998e-03 3.563111823025434943e-01 6.132396033852148820e-01 2.461728625328787196e-02
4.314766179141420709e-03 3.029070985235405855e-01 6.768093859494702658e-01 1.596874934784789021e-02
2.886150286910174525e-03 2.340552818782156708e-01 7.535437488057881161e-01 9.514819029086216823e-03
1.728293893516352590e-03 1.605578019162289538e-01 8.324809996439638260e-01 5.232904546290773062e-03
9.517212352559951223e-04 9.944667009379380695e-02 8.968847320630273234e-01 2.716876607922863538e-03
5.027528067993340200e-04 5.830782112775098613e-02 9.398208793451903187e-01 1.368546720259353677e-03
6.102409267296469726e-04 3.473183516999132220e-02 9.639392758526584837e-01 7.186480506205453070e-04
2.973505183702126304e-04 2.276473980103930345e-02 9.765491607451384226e-01 3.887489354518291833e-04
1.730290389507513154e-04 1.678983652590895076e-02 9.827998374710804619e-01 2.372969640598271803e-04
1.192047581098351817e-04 1.377500147052151958e-02 9.859394899982757421e-01 1.663037730928445396e-04
9.490008070230074766e-05 1.243769872273710331e-02 9.873360130383495026e-01 1.313881582109102978e-04
8.306635592460994203e-05 1.206420037347859416e-02 9.877423017341528944e-01 1.104315364439289375e-04
7.761225976931496054e-05 1.224189136872505176e-02 9.875846010686005760e-01 9.589530290486963286e-05
8.067653547979698986e-05 1.311362340009072057e-02 9.867154603820839087e-01 9.023968234554095164e-05
9.701298260473818855e-05 1.503036168859035564e-02 9.847761009882362027e-01 9.652434056854741610e-05
1.297832360354464921e-04 1.804071778719764513e-02 9.817153216902069213e-01 1.141772865600342615e-04
1.792929525735711060e-04 2.187742493257315360e-02 9.778042410600392698e-01 1.390410548141481062e-04
2.414936619575984227e-04 2.605817267405765789e-02 9.735343087353761637e-01 1.660249286085058401e-04
2.995556455049837893e-04 2.956454395330691820e-02 9.699459239712779901e-01 1.899764299102274111e-04
3.309262362096218992e-04 3.137710041963004404e-02 9.680850284755775359e-01 2.069448685828142911e-04
3.346920184048507094e-04 3.162068255174709658e-02 9.678239663009221561e-01 2.206591289262355214e-04
3.273176327658242047e-04 3.115161856178448596e-02 9.682799107887616330e-01 2.411530166880939134e-04
3.180841743725973609e-04 3.041186008233372554e-02 9.689926033987350529e-01 2.774523445582728360e-04
3.016413829469240704e-04 2.909039757524735023e-02 9.702774418281265856e-01 3.305192136792735325e-04
2.682035290679758515e-04 2.663098669917557393e-02 9.727121305764603321e-01 3.886791952963335314e-04
2.174067216463246863e-04 2.290485251536500746e-02 9.764468625705928773e-01 4.308781923955848597e-04
1.608297369149425885e-04 1.840676403648838083e-02 9.809925009840736454e-01 4.399052425229864316e-04
1.107764801488612608e-04 1.389052821255929923e-02 9.855894532581715994e-01 4.092420491201975295e-04
7.302978289191010882e-05 1.001944245656454478e-02 9.895603981660269222e-01 3.471295945166050570e-04
4.859508141294529204e-05 7.211612995059294567e-03 9.924599881724600614e-01 2.798037510674991190e-04
3.437800484501074024e-05 5.425673795970730080e-03 9.943135119931824084e-01 2.264362060016435576e-04
2.622953723086690511e-05 4.322157580749158047e-03 9.954632099708079496e-01 1.884029112123079765e-04
2.161944960446194805e-05 3.632654922561180146e-03 9.961834833886885621e-01 1.622422391459499736e-04
1.964717334115053245e-05 3.267328889340273199e-03 9.965658877741583321e-01 1.471361631601794543e-04
1.943460506486503661e-05 3.107977831822714490e-03 9.967342230113328538e-01 1.383645517794829770e-04
1.918804503907875578e-05 2.932060558741803047e-03 9.969236604635590693e-01 1.250909326598155719e-04
1.765348639521309605e-05 2.627665320311445285e-03 9.972508696699108333e-01 1.038115233825460964e-04
1.522896071940518216e-05 2.252272182087583334e-03 9.976512365514138558e-01 8.126230577922814605e-05
1.285699390894043382e-05 1.887401754334830416e-03 9.980364616754944240e-01 6.327957626175267339e-05
2.118989243749722778e-02 1.417201644765670593e-02 9.001440789839826317e-01 6.449401213086396190e-02
8.527682460350967386e-02 4.828326082608378617e-02 3.296995531016506248e-02 8.334699592602414775e-01
8.908679200015025279e-02 4.241807003953002031e-02 3.410552290878847426e-02 8.343896150515310861e-01
8.990533940591668993e-02 3.670937067047753966e-02 3.484552130178634327e-02 8.385397686218195590e-01
8.626354841994478273e-02 3.100511926900675896e-02 3.542847559374789207e-02 8.473028567173006564e-01
7.739559306813434403e-02 2.565853278935795179e-02 3.677939324501159485e-02 8.601664808974962551e-01
6.413097354218381951e-02 2.097604210011019474e-02 4.029305289923321848e-02 8.745999314584727014e-01
4.932593947723363376e-02 1.700580766012111181e-02 4.880851998884704751e-02 8.848597328737981549e-01
3.611611791495656504e-02 1.380374149398954850e-02 6.820146066157141418e-02 8.818786799294823231e-01
2.596431266537055360e-02 1.139696299446799239e-02 1.076862190768528432e-01 8.549525052633089039e-01
1.920001430595694863e-02 9.838757901397994499e-03 1.794946909784926048e-01 7.914665368141524660e-01
1.419956698808687301e-02 8.794767348694582099e-03 2.916736741910450625e-01 6.853319914721736072e-01
1.116312658441540907e-02 8.103608376593542800e-03 4.317126756056438586e-01 5.490205894333468617e-01
9.095888687475269310e-03 7.547554998977240928e-03 5.689090158459446656e-01 4.144475404676030705e-01
7.923588446309807326e-03 7.070954309584457850e-03 6.782876266535816656e-01 3.067178305905242097e-01
6.766669397096218216e-03 6.629460259352635068e-03 7.579066866017792892e-01 2.286971837417716147e-01
5.897791553526362217e-03 6.322486661223791424e-03 8.176143037185287232e-01 1.701654180667214189e-01
5.144231469095907928e-03 5.918261434957438304e-03 8.674711242929142863e-01 1.214663828030324855e-01
3.744863785692580192e-03 5.485485579665488366e-03 9.093765184265778512e-01 8.139313220806400351e-02
2.741526332295404073e-03 5.167120186547224589e-03 9.387136502223482060e-01 5.337770325880889649e-02
2.159572273138812577e-03 5.218472035561356852e-03 9.554074124203456586e-01 3.721454327095388009e-02
1.904250935215295957e-03 5.857160198444548264e-03 9.627742934598770841e-01 2.946429540646288217e-02
1.857600271482847754e-03 7.217466338389798459e-03 9.639131094502749741e-01 2.701182393985215521e-02
2.451915341185389660e-03 9.213088444142217281e-03 9.603227519969338433e-01 2.801224421773854806e-02
2.771252875237531412e-03 1.224800529767066000e-02 9.535152259828106880e-01 3.146551584428126241e-02
3.272731583294284478e-03 1.642345713812124255e-02 9.438204773815506154e-01 3.648333389703368318e-02
3.967645381281961411e-03 2.157658057262959797e-02 9.321200549823294157e-01 4.233571906375897809e-02
4.798231530771736482e-03 2.711108436134738314e-02 9.201045142679354916e-01 4.798616983994517804e-02
5.700463806232902719e-03 3.282119163181533572e-02 9.087883729106307484e-01 5.268997165132063148e-02
6.798445699830061272e-03 3.963885428747144363e-02 8.962215455927461383e-01 5.734115441995265433e-02
8.323115958309985907e-03 4.863229459235281910e-02 8.792268218877781205e-01 6.381776756155928265e-02
1.047278316671192838e-02 6.020135221578906681e-02 8.554061444050015117e-01 7.391972021249768043e-02
1.346080453282803499e-02 7.417815093542499960e-02 8.236222079886530434e-01 8.873883654309389080e-02
1.722122171317821970e-02 8.865958066777555879e-02 7.867391712846912855e-01 1.073800263343550471e-01
2.100591749672068090e-02 9.976736563958038539e-02 7.537839844735401140e-01 1.254427323901587399e-01
2.366561429600911801e-02 1.035092413913526049e-01 7.370584640425320577e-01 1.357666802701059661e-01
2.436167491935967849e-02 9.853824891013224230e-02 7.452043546099724747e-01 1.318957215605354449e-01
2.292586852147203424e-02 8.679890102181535283e-02 7.774929014474005751e-01 1.127823290093118158e-01
2.015541605296831962e-02 7.224127605823577047e-02 8.209105976864853327e-01 8.669271020231059111e-02
1.766495177451504750e-02 5.984165701818967842e-02 8.581603477311952055e-01 6.433304347609998530e-02
1.659341831860084229e-02 5.275988078980588247e-02 8.811336765743472688e-01 4.951302431724603076e-02
1.698383133974719003e-02 5.190296233279263066e-02 8.907495111691844381e-01 4.036369515827561288e-02
1.877003556120006994e-02 5.775166637316608842e-02 8.884982324893647698e-01 3.498006557626900936e-02
2.212212232155953001e-02 7.099952269937262472e-02 8.748322792568936634e-01 3.204607572217413325e-02
2.681473918039153220e-02 9.274196643047218080e-02 8.507423536531065755e-01 2.970094073602930554e-02
3.238265180083974709e-02 1.244086899257171169e-01 8.162907231783573803e-01 2.691793509508548510e-02
3.851713255656920298e-02 1.649397313670721565e-01 7.725436616442464821e-01 2.399947443211237347e-02
4.538179477347859675e-02 2.072179563968207794e-01 7.257287433148168487e-01 2.167150551488345941e-02
5.369194858783222363e-02 2.438878933585644226e-01 6.819850332532021442e-01 2.043512480040144894e-02
6.398854736013087630e-02 2.724632223937912268e-01 6.429450107643179813e-01 2.060321948175980813e-02
7.605976473291975459e-02 2.918781461482469197e-01 6.095011260244154183e-01 2.256096309441787615e-02
8.958303996597834218e-02 2.992849957480768208e-01 5.841233737567226303e-01 2.700859052922234896e-02
1.036415234263697305e-01 2.921620032325523142e-01 5.692904383818051528e-01 3.490603495927289968e-02
1.197179466647585871e-01 2.698261232497664031e-01 5.629792640874118348e-01 4.747666599806307092e-02
1.359176417195519238e-01 2.384353471507886235e-01 5.588656814447457988e-01 6.678132968491337640e-02
1.489892408705048299e-01 2.059044860690539824e-01 5.462983332818975857e-01 9.880793977854339383e-02
1.565604162955944179e-01 1.744607103324817277e-01 5.138916399070847518e-01 1.550872334648392137e-01
1.546567711804338052e-01 1.454302374394403630e-01 4.538113352521379595e-01 2.461016561279880388e-01
1.435175446429300949e-01 1.174018043175852621e-01 3.702258065821442123e-01 3.688548444573400142e-01
1.241157410879245859e-01 8.985892647162375957e-02 2.831065256426272825e-01 5.029188067978239696e-01
9.985149778186780400e-02 6.623692730626655478e-02 2.102367949298248051e-01 6.236747799820407945e-01
7.646754582182872795e-02 4.869946960949184805e-02 1.572137975709077540e-01 7.176191869977717186e-01
5.754968420551290903e-02 3.608038585095629802e-02 1.211332748750600236e-01 7.852366550684707347e-01
4.337692289727874267e-02 2.769997791063295856e-02 9.573376501027637542e-02 8.331893341818120691e-01
3.310956715547622858e-02 2.195605438525345329e-02 7.699802830289181887e-02 8.679363501563787109e-01
2.596418805266166932e-02 1.792545161260257480e-02 6.290210299933253479e-02 8.932082573354033217e-01
2.127147074144985356e-02 1.518248033693502669e-02 5.246584428717850079e-02 9.110802046344363969e-01
1.831999231653011484e-02 1.347083443644531316e-02 4.491485988086459796e-02 9.232943133661600799e-01
1.644972690362215065e-02 1.256943223124776764e-02 3.950907265451999995e-02 9.314717682106101737e-01
1.514623789194684961e-02 1.227052557564512966e-02 3.563304590472102240e-02 9.369501906276871406e-01
1.411511916353350854e-02 1.245779913509778569e-02 3.286235281486771242e-02 9.405647288865004452e-01
1.338228049163989707e-02 1.327179754734553185e-02 3.103896612739040842e-02 9.423069558336244489e-01
7.050500560566561048e-02 5.180535794343174016e-01 3.851579112561979712e-01 2.628350370381896117e-02
7.419541089065707917e-02 2.442781389176304843e-02 1.103068238569086673e-01 7.910699513606709310e-01
8.128402528373261660e-02 2.396588984621991075e-02 1.304002965387466850e-01 7.643497883313006280e-01
9.061592725028812245e-02 2.434741718276234312e-02 1.553654646291387498e-01 7.296711909378108540e-01
1.011722897965528639e-01 2.544112164940513440e-02 1.836149357459451736e-01 6.897716528080970466e-01
1.145631004643407336e-01 2.761822353795703039e-02 2.108976039041610684e-01 6.469210720935409942e-01
1.292317598022520719e-01 3.079389566328314537e-02 2.347536412019201046e-01 6.052207033325447405e-01
1.447431723224475164e-01 3.490617159654681861e-02 2.520492628815562131e-01 5.683013931994498336e-01
1.604269649831458755e-01 3.980557009140485436e-02 2.617857437746815563e-01 5.379817211507675889e-01
1.741448712602501614e-01 4.540178997194018601e-02 2.660349511058281435e-01 5.144183876619817797e-01
1.843105432478590600e-01 5.170849442112048638e-02 2.675272089126344843e-01 4.964537534183859901e-01
1.870625266453680435e-01 5.818985778292938560e-02 2.722197998568864352e-01 4.825278157148162328e-01
1.831300967823188408e-01 6.585019207471511093e-02 2.821442254946777695e-01 4.688754856482879041e-01
1.727760463200586349e-01 7.592492947992064700e-02 3.007633268088669709e-01 4.505356973911538443e-01
1.570746693291754925e-01 8.979623865905049518e-02 3.298681522552329159e-01 4.232609397565411657e-01
1.380524308339239892e-01 1.090911199029118012e-01 3.685413611305553006e-01 3.843150881326088397e-01
1.179151946111767629e-01 1.355930796933746130e-01 4.121187852294157516e-01 3.343729404660322202e-01
9.857318509195026057e-02 1.708903014204475879e-01 4.513290212828536263e-01 2.792074922047484975e-01
8.125766225441756474e-02 2.168896321528231141e-01 4.763799213060653792e-01 2.254727842866939558e-01
6.569579862388810754e-02 2.766556624872736347e-01 4.821245609144669819e-01 1.755239779743709150e-01
5.144619814271520625e-02 3.526227252653812427e-01 4.662840294553667331e-01 1.296470471365371302e-01
3.919056464137062046e-02 4.443816793805166476e-01 4.263648173941598229e-01 9.006293858395283958e-02
2.913899909718876968e-02 5.512726228213764568e-01 3.609609410321190648e-01 5.862743704931550059e-02
2.082070170435448841e-02 6.675990867366827786e-01 2.760082976967201396e-01 3.557191386224262813e-02
1.409376476096973682e-02 7.753920030918793893e-01 1.902514830849206251e-01 2.026274906223004407e-02
9.128988031804048317e-03 8.564263490053704020e-01 1.232680973896407572e-01 1.117656557318483755e-02
5.642842007484141255e-03 9.069018703596729569e-01 8.115704091003381193e-02 6.298246722808930297e-03
3.962810471458353898e-03 9.333757873440013952e-01 5.872501207759322356e-02 3.936390106947199041e-03
3.128746986956019473e-03 9.459094252204777176e-01 4.814785225673012814e-02 2.813975535835913644e-03
2.783778501073312824e-03 9.510818412246954123e-01 4.387691477921275285e-02 2.257465495018831647e-03
2.751870625170939333e-03 9.516090655785754970e-01 4.363894260569260025e-02 2.000121190560982896e-03
2.949969559268083002e-03 9.481853691232239312e-01 4.693677930476699428e-02 1.927882012740931477e-03
3.296222703473907292e-03 9.405236798730148839e-01 5.422210805263951577e-02 1.957989370871662197e-03
3.752791460160288025e-03 9.259324232223082873e-01 6.822890259555307313e-02 2.085882721978546232e-03
4.298737600908398952e-03 8.990389255246192812e-01 9.431541182135867729e-02 2.346925053113750517e-03
4.846433582653113942e-03 8.545482366540642083e-01 1.379258917194048917e-01 2.679438043877844632e-03
5.366038424495165639e-03 7.907245538936970020e-01 2.010357543738734987e-01 2.873653307934591339e-03
4.711455547172011503e-03 7.057353802650072616e-01 2.868572884174487303e-01 2.695875770371876454e-03
4.235606516282355676e-03 5.897707891771413191e-01 4.036254529104876809e-01 2.368151396088630407e-03
3.622695411483274966e-03 4.389877213189015692e-01 5.554944184514065686e-01 1.895164818208473594e-03
2.755016739792947277e-03 2.770918636056647344e-01 7.188217801611025415e-01 1.331339493439763402e-03
1.794526262604926150e-03 1.494889779010950270e-01 8.478994168812106214e-01 8.170789550894927899e-04
1.097718703980983231e-03 7.398675598670095832e-02 9.244542224440361888e-01 4.613028652819832400e-04
1.103610395149708405e-03 3.592251841329380940e-02 9.626718224329898765e-01 3.020487585667874742e-04
5.310921684981013665e-04 1.809107163975277530e-02 9.812163329072647322e-01 1.615032844844027388e-04
3.319043197684044084e-04 9.705375005608031860e-03 9.898572836090461236e-01 1.054370655777419811e-04
2.596008040096704945e-04 5.669686287490371956e-03 9.939873345227033807e-01 8.337838579645436715e-05
2.367615180114763975e-04 3.647607668965650429e-03 9.960396222507786890e-01 7.600856224432971521e-05
2.398278796441598597e-04 2.628807479797225320e-03 9.970546387995786741e-01 7.672584097987823293e-05
2.705577966136223892e-04 2.199086488213468187e-03 9.974433735608446705e-01 8.698215432844543763e-05
3.423484961908220686e-04 2.136900694563243896e-03 9.974085839693046518e-01 1.121668399415872130e-04
4.741815141106056554e-04 2.291844110689931525e-03 9.970757004073731444e-01 1.582739678263168719e-04
6.970520612290997866e-04 2.592175609687863511e-03 9.964792449353487847e-01 2.315273937342856615e-04
1.088278740386514716e-03 3.098625149716260040e-03 9.954648368582756923e-01 3.482592516218583462e-04
1.852331533694562748e-03 4.020367549969453176e-03 9.935691127127695976e-01 5.581882035665205631e-04
3.470981009098030642e-03 5.660098457129176218e-03 9.898975023121596717e-01 9.714182216132046096e-04
7.027607270458540063e-03 8.425179457469152491e-03 9.827397079922933765e-01 1.807505279779100978e-03
1.596721419847117740e-02 1.251175195634628146e-02 9.679165541660862404e-01 3.604479679096402652e-03
3.363881779510534409e-02 1.955089145901972927e-02 9.397708095535158845e-01 7.039481192359293635e-03
6.813614519935094760e-02 2.984115316534105555e-02 8.887030008188384622e-01 1.331970081646932820e-02
1.295263215814622393e-01 4.080626237983928789e-02 8.061251058476970321e-01 2.354231019100131231e-02
2.182574409468201748e-01 5.425219578071850679e-02 6.896483840252454200e-01 3.784197924721583589e-02
3.272205639797824972e-01 6.695901109665319817e-02 5.511227561244337325e-01 5.469766879913089824e-02
4.325256986161100659e-01 7.883994054687396003e-02 4.173348580100431082e-01 7.129950282697314345e-02
5.147790272916948906e-01 9.009155262450795065e-02 3.095369117812828419e-01 8.559250830251433073e-02
5.628241579622476065e-01 1.027038328333054196e-01 2.364465173215428706e-01 9.802549188290439475e-02
5.828432434320164335e-01 1.195541438260285250e-01 1.863609861954360625e-01 1.112416265465190623e-01
5.767037804708612381e-01 1.416834208630819436e-01 1.535536960919668403e-01 1.280591025740902555e-01
5.609903261224711279e-01 1.612111647432585559e-01 1.284611612122458224e-01 1.493373479220245770e-01
5.390731126029061349e-01 1.742887813061909097e-01 1.106555977885387149e-01 1.759825083023643932e-01
5.151596038826459223e-01 1.802804659423983269e-01 9.760819126620219610e-02 2.069517389087538739e-01
4.881210694698728814e-01 1.863068976573441504e-01 8.776438757719244588e-02 2.378076452955906195e-01
7.398845884546554341e-01 7.009880602064585964e-02 2.143301410338758345e-02 1.685835914213110742e-01
9.285483477294212808e-04 3.270616369342710991e-03 9.920012923177075059e-01 3.799542965220392265e-03
6.166744585676263608e-04 2.155453603616665648e-03 9.931571417703938254e-01 4.070730167422004046e-03
4.318391149101145150e-04 1.472278058146962981e-03 9.933601813051962104e-01 4.735701521746913181e-03
3.301163386196419107e-04 1.071621707473957921e-03 9.927026094268838197e-01 5.895652527022433864e-03
2.800701556540225422e-04 8.443147917077965239e-04 9.912463632086508936e-01 7.629251843987494563e-03
7.238078315320903939e-05 8.055054212187788575e-05 9.899039428643144900e-01 9.943125810410359186e-03
1.151614976232961300e-04 1.234957952334954508e-04 9.872070698545249989e-01 1.255427285261823296e-02
1.573337125797072693e-04 1.655266066298884261e-04 9.850268294715978090e-01 1.465031020919274271e-02
2.754795603893839002e-04 8.464309487909906643e-04 9.838718803195872775e-01 1.500620917123245308e-02
2.478468048941922836e-04 9.238419876550529094e-04 9.849955594154105043e-01 1.383275179203987543e-02
2.097967176552523584e-04 1.027438203037011775e-03 9.869340790510455763e-01 1.182868602826184397e-02
1.758454272572551505e-04 1.208499361219378008e-03 9.885912789730162409e-01 1.002437623850739243e-02
1.596584089546588961e-04 1.592004833664016888e-03 9.892820091536170812e-01 8.966327603764121662e-03
1.703943001560483811e-04 2.438983959585395121e-03 9.886276180248697587e-01 8.763003715388762230e-03
2.209339279435822514e-04 4.332158649080440453e-03 9.859881045712970415e-01 9.458802851678783583e-03
3.513526411703744769e-04 8.714490882107383748e-03 9.794624237957187951e-01 1.147173268100356788e-02
6.886831086970820895e-04 1.906702153186063883e-02 9.644804309549556143e-01 1.576386440448655085e-02
1.632297804077462167e-03 4.153617747704955315e-02 9.339546932854368988e-01 2.287683143343600956e-02
3.271354139269599080e-03 9.266255942282806968e-02 8.705781180899271332e-01 3.348796834797489186e-02
6.274581924089993323e-03 1.868520826381501465e-01 7.610102018076875252e-01 4.586313363007239741e-02
1.101949014587408869e-02 3.215946611389828846e-01 6.109950839372799702e-01 5.639076477786283959e-02
1.751794091617711602e-02 4.603501639130721523e-01 4.590297266322659886e-01 6.310216853848475693e-02
2.681109968497657689e-02 5.575416654888492030e-01 3.458645744005848788e-01 6.978266042558942117e-02
4.189977880067369265e-02 6.019646449450303249e-01 2.725750102669786123e-01 8.356056598731760598e-02
6.651117300257466947e-02 6.083765504368552346e-01 2.186852066563092500e-01 1.064270699042607210e-01
1.069110138021338863e-01 5.848004620615877558e-01 1.721593123190099661e-01 1.361292118172686694e-01
1.638642184792497292e-01 5.399440529874752759e-01 1.289753819690565850e-01 1.672163465642182989e-01
2.354049324569171542e-01 4.791283242699865830e-01 9.317751482991261380e-02 1.922892284431835519e-01
3.112306602515387821e-01 4.141173431428725182e-01 6.665402634838352158e-02 2.079979702572050670e-01
3.778268542447518752e-01 3.562139434250247150e-01 4.853927688306201166e-02 2.174199254471612108e-01
4.276627797259016650e-01 3.096774922642964167e-01 3.643199304574894215e-02 2.262277349640531288e-01
4.535662410714308979e-01 2.787137704348357503e-01 2.886373658233909803e-02 2.388562519113944793e-01
4.591484807272276369e-01 2.597784036405211827e-01 2.408155916763400975e-02 2.569915564646174100e-01
4.494274721222452085e-01 2.520914062412640266e-01 2.120198445314444222e-02 2.772791371833466800e-01
4.271345368111968410e-01 2.593046011160307640e-01 2.002661550495602252e-02 2.935342465678165147e-01
3.998513527970163350e-01 2.782053371081642523e-01 2.021525094590208987e-02 3.017280591489169272e-01
3.686861946713785310e-01 3.064793485881624480e-01 2.197651647838606837e-02 3.028579402620728556e-01
3.375834731096726826e-01 3.366392357573489424e-01 2.503077783056881916e-02 3.007465133024094794e-01
3.082567448964713130e-01 3.662656082874846120e-01 2.885611532153020686e-02 2.966215314945138681e-01
2.826581833601046201e-01 3.932528367644186340e-01 3.323781640149654076e-02 2.908511634739802121e-01
2.576241977946938100e-01 4.189100756649106749e-01 3.883023763912023252e-02 2.846354889012753797e-01
2.345674217138197237e-01 4.414065442800908512e-01 4.560250028225068530e-02 2.784235337238384900e-01
2.106302407680653299e-01 4.647077401043780975e-01 5.365014794455418706e-02 2.710118711830020732e-01
1.853012619517819815e-01 4.914553104307769482e-01 6.249730440055913799e-02 2.607461232168816201e-01
1.600151438059106979e-01 5.215920178080600822e-01 7.101149809082446529e-02 2.473813402952048102e-01
1.375050764914053092e-01 5.531313726131590336e-01 7.731978785465996873e-02 2.320437630407757579e-01
1.199221056402985791e-01 5.854803024885580909e-01 7.943926517384514163e-02 2.151583266972983688e-01
1.086970027728399457e-01 6.182608761198841174e-01 7.625252906171801903e-02 1.967895920455579872e-01
1.056326410375095920e-01 6.469977040700722881e-01 6.831108786223667739e-02 1.790585670301816368e-01
1.142491786393922265e-01 6.606825493415529049e-01 5.805014574119968240e-02 1.670181262778549502e-01
1.392366421839010548e-01 6.487097845178637634e-01 4.777064972029475276e-02 1.642829235779401098e-01
1.849958918881371150e-01 6.060456342125813967e-01 3.819836062310084240e-02 1.707601132761805973e-01
2.532745800555671334e-01 5.330356614724174324e-01 2.937246283959523210e-02 1.843172956324199974e-01
3.388366185622108118e-01 4.369219793885037451e-01 2.165586358271312170e-02 2.025855384665724845e-01
4.267552651078503900e-01 3.341105702521975918e-01 1.555964393828812055e-02 2.235745207016638370e-01
4.984860026011233014e-01 2.442360158526295510e-01 1.120086550086069228e-02 2.460771160453861794e-01
5.437902522208000189e-01 1.782874056222905068e-01 8.327793656324845167e-03 2.695945485005850073e-01
5.642448265384260031e-01 1.358674110046899364e-01 6.607511407482161668e-03 2.932802510494021409e-01
5.682224765702624802e-01 1.118682529789446767e-01 5.839412047816088316e-03 3.140698584029769092e-01
5.690778379816961996e-01 9.795672255037793374e-02 5.433791983835594037e-03 3.275316474840902492e-01
5.723158955143696769e-01 9.118448008634133517e-02 5.300340919404503658e-03 3.311992834798846985e-01
5.796467514647645203e-01 8.835407897547131739e-02 5.332546918882011787e-03 3.266666226408822538e-01
5.892184405509915957e-01 8.710388607875475808e-02 5.477793302976393872e-03 3.181998800672772298e-01
5.970867078594997990e-01 8.658137084265811467e-02 5.752824895854092430e-03 3.105790964019880529e-01
6.001069196502252234e-01 8.664924451668229444e-02 6.155977372364691141e-03 3.070878584607278361e-01
5.964300806003285382e-01 8.717618589232033199e-02 6.663144928303941714e-03 3.097305885790471724e-01
5.855564510992127270e-01 8.811297383599804578e-02 7.278191694483452344e-03 3.190523833703058365e-01
5.685085979979465076e-01 8.975407740997748407e-02 8.081354809902699388e-03 3.336559697821734893e-01
5.485586295423429126e-01 9.215042184268383563e-02 9.138754612005504235e-03 3.501521940029677094e-01
5.291243220934700453e-01 9.440787291675459270e-02 1.030969292540144001e-02 3.661581120643738196e-01
5.102954430985323642e-01 9.548908422699273202e-02 1.136524665013198543e-02 3.828502260243429323e-01
2.631031960155443342e-02 1.052435017189517763e-01 8.642099179629593175e-01 4.236260716534666175e-03
3.100612894043715956e-02 1.168246160618080232e-01 8.474339260220277170e-01 4.735328975727179195e-03
3.835864753590681464e-02 1.397333188609972965e-01 8.161922206840408478e-01 5.715812919055198935e-03
4.833381798110489291e-02 1.766546031615744416e-01 7.677849440100222855e-01 7.226634847298503937e-03
5.998213226728900394e-02 2.316551549057657144e-01 6.991082546496549810e-01 9.254458177290279808e-03
7.162539276167861901e-02 3.118131628379627873e-01 6.047576867158007685e-01 1.180375768455791015e-02
8.038077022991867160e-02 4.196866966095246232e-01 4.851827169058444134e-01 1.474981625471204379e-02
8.352822143885373085e-02 5.397529227489146209e-01 3.589999288183400306e-01 1.771892699389177733e-02
8.136110855857787982e-02 6.455946017559902605e-01 2.526657567410323657e-01 2.037853294439935861e-02
7.659072334403201066e-02 7.233293194778656066e-01 1.774202447345004097e-01 2.265971244360151168e-02
7.186103643771170335e-02 7.738791254038264178e-01 1.295247839237218812e-01 2.473505423474038969e-02
6.847693905520756130e-02 8.036229002186435766e-01 1.013018066137076206e-01 2.659835411244155720e-02
6.674527659588511130e-02 8.186795923391750884e-01 8.647835608315751488e-02 2.809677498178237906e-02
6.669548390780526137e-02 8.230208217647683178e-01 8.085239729138120335e-02 2.943129703604571018e-02
6.750733327883400026e-02 8.214298698616966377e-01 8.055464071812103166e-02 3.050815614134827145e-02
6.752934742875575658e-02 8.198581581932500306e-01 8.183891438551586794e-02 3.077357999247791118e-02
6.562628340041956609e-02 8.220011722533504539e-01 8.243073342670684256e-02 2.994181091952312704e-02
6.190736107664428223e-02 8.282293240127610590e-01 8.165186745410976665e-02 2.821144745648493379e-02
5.752560321155571893e-02 8.360415572346169277e-01 8.019040205198227356e-02 2.624243750184514223e-02
5.362980665600160929e-02 8.424075375174566727e-01 7.924538000852558717e-02 2.471727581801585333e-02
5.076195196695534179e-02 8.455898328164217492e-01 7.964364947571740683e-02 2.400456574090549522e-02
4.909165715969125710e-02 8.446925650695631393e-01 8.189680500473583979e-02 2.431897276600968744e-02
4.819307128433084758e-02 8.408138517236980469e-01 8.564900447907104752e-02 2.534407251290015858e-02
1.937267575916894191e-01 1.761649516188571740e-01 5.438274752356455494e-02 5.757255432658890948e-01
2.034670853669990898e-01 1.758108497312980412e-01 5.052989966828082963e-02 5.701921652334220880e-01
2.210370389660925583e-01 1.741810682730736970e-01 4.598790986654962415e-02 5.587939828942840581e-01
2.480017656714955665e-01 1.695401857746189900e-01 4.170948599782808158e-02 5.407485625560575215e-01
2.833386624176558177e-01 1.613188487515932190e-01 3.820632778785103267e-02 5.171361610428998334e-01
3.226355175006514475e-01 1.505524786812916516e-01 3.576268688226347942e-02 4.910493169357934562e-01
3.558757364199985895e-01 1.383133014763630597e-01 3.469170156213854939e-02 4.711192605414996071e-01
3.725210038130564172e-01 1.257233598476142078e-01 3.493053620368912621e-02 4.668251001356402141e-01
3.736736905349603011e-01 1.125541730276428537e-01 3.614339260173161233e-02 4.776287438356650594e-01
3.640846209642744080e-01 1.023465183928728567e-01 3.818346389074201569e-02 4.953853967521108514e-01
3.488873417670450561e-01 9.685124067660116909e-02 4.134473229839735059e-02 5.129166852579561953e-01
3.335498231023897309e-01 9.335148723064828902e-02 4.458434206940214278e-02 5.285143475975599969e-01
3.144306552098823926e-01 9.146736881556621901e-02 4.866243624791792566e-02 5.454395397266335044e-01
2.847569961957287510e-01 9.133461608914444918e-02 5.490151479657757322e-02 5.690068729185490115e-01
2.415725377221938364e-01 9.420806382217764008e-02 6.559004305364866949e-02 5.986293554019798124e-01
1.913996970413739951e-01 1.017335121451120178e-01 8.391593182126511064e-02 6.229508589922486683e-01
1.450252050615054300e-01 1.149826431760052198e-01 1.150327083065845885e-01 6.249594434559047063e-01
1.086029710245909469e-01 1.332045829952207550e-01 1.663045168967187404e-01 5.918879290834690998e-01
8.133753895627782171e-02 1.528076664982810084e-01 2.417919156308268591e-01 5.240628789146143385e-01
5.988125913229951081e-02 1.690880862633607207e-01 3.374217958780055815e-01 4.336088587263342564e-01
4.165711895348476329e-02 1.769739214016154694e-01 4.443388646335456049e-01 3.370300950113540028e-01
2.672180784962371186e-02 1.723207621403521628e-01 5.543522852733286932e-01 2.466051447366951754e-01
1.632422090087443448e-02 1.604187332369311492e-01 6.539577897380378646e-01 1.692992561241567218e-01
1.010883157893057750e-02 1.517658257829652690e-01 7.270174623194698427e-01 1.111078803186347219e-01
6.631902384197637529e-03 1.519006458229084089e-01 7.689474179560823464e-01 7.252003383681185356e-02
4.731634603517225098e-03 1.610953113765034306e-01 7.852783869893075197e-01 4.889466703067171793e-02
3.758658303909494583e-03 1.764001120263541389e-01 7.845938749379339772e-01 3.524735473180267559e-02
3.369837635446923906e-03 1.936615691337742751e-01 7.752764983777671315e-01 2.769209485301164092e-02
3.409645290179080628e-03 2.093783490600607256e-01 7.635598086410572138e-01 2.365219700870262523e-02
3.851458028452588254e-03 2.193016483503202607e-01 7.549312307841670178e-01 2.191566283706005910e-02
4.872121924526058231e-03 2.224733873516174520e-01 7.502326650872648273e-01 2.242182563659209094e-02
7.046267199781240317e-03 2.257145929915664317e-01 7.414506339870343687e-01 2.578850582161795399e-02
1.146450383370253324e-02 2.375084036483204042e-01 7.181822987722301654e-01 3.284479374574710703e-02
2.018358303745381235e-02 2.583947313501156473e-01 6.766747125295240473e-01 4.474697308290651737e-02
3.291681951051209087e-02 2.854422855952186144e-01 6.194732653003646172e-01 6.216762959390461502e-02
5.045998636128017079e-02 3.078799459830107166e-01 5.577902745150499220e-01 8.386979314065934332e-02
6.918036461278179172e-02 3.239964277132021953e-01 4.994062769692217407e-01 1.074169307047945499e-01
8.763566845006551254e-02 3.317992895249395890e-01 4.498564280217363098e-01 1.307086140032583388e-01
1.032207880790516896e-01 3.311802946310014595e-01 4.136648358393097968e-01 1.519340814506374981e-01
1.150973612282406439e-01 3.233969460511456617e-01 3.912770839715061233e-01 1.702286087491076405e-01
1.213061202032508085e-01 3.125265924883696700e-01 3.803345681834676140e-01 1.858327191249120602e-01
1.232568608502526558e-01 3.000460029897734637e-01 3.770755320024561930e-01 1.996216041575178402e-01
1.220510159664478095e-01 2.880551310351222583e-01 3.777863338848898023e-01 2.121075191135404214e-01
1.193146714813375364e-01 2.781576258137603563e-01 3.785364470756216182e-01 2.239912556292805446e-01
1.166971514651907321e-01 2.706122194374994683e-01 3.756876444436880180e-01 2.370029846536216844e-01
1.152632043455470157e-01 2.652094358679132347e-01 3.672732566976010249e-01 2.522541030889386970e-01
1.151916350132463629e-01 2.619325972787467371e-01 3.543371830444405068e-01 2.685385846635661711e-01
1.155584450508182065e-01 2.596792521441825818e-01 3.408618635139174513e-01 2.839004392910817742e-01
1.144111005592251817e-01 2.555000484417672135e-01 3.330940389521090950e-01 2.969948120468985375e-01
1.100346932656115495e-01 2.467100096829956679e-01 3.366747653513913474e-01 3.065805317000016017e-01
1.025120324490807894e-01 2.329528147721646736e-01 3.534549479807607697e-01 3.110802047979938645e-01
9.332373210736163993e-02 2.165500956933818222e-01 3.818978183899998657e-01 3.082283538092566166e-01
8.340444054744870772e-02 1.997578350599803487e-01 4.200766670025914418e-01 2.967610573899790993e-01
7.281310103154474411e-02 1.831127841122374422e-01 4.673223097022736749e-01 2.767518051539440416e-01
6.189662427841476772e-02 1.665250746321395026e-01 5.218125940937363705e-01 2.497657069957093801e-01
5.157488976702720440e-02 1.505695165583998962e-01 5.791006945058856381e-01 2.187548991686870115e-01
4.316108261317555539e-02 1.374523406663775427e-01 6.309371021717163908e-01 1.884494745487306500e-01
3.771951826905194788e-02 1.311951533489776334e-01 6.657523425592135613e-01 1.653329858227570448e-01
3.512586538448153606e-02 1.353830751682845446e-01 6.762810435645965068e-01 1.532100158826375236e-01
3.415604274289669312e-02 1.509805619195614956e-01 6.643790117945975737e-01 1.504843835429439114e-01
3.315551120876432389e-02 1.762174717944632596e-01 6.384591313440131088e-01 1.521678856527594326e-01
3.116033135406875987e-02 2.077256159468131302e-01 6.068988026352928333e-01 1.542152500638250545e-01
2.858558414424330202e-02 2.418042609349577154e-01 5.735064529655706789e-01 1.561037019552285188e-01
2.652749545020928815e-02 2.744267640862971258e-01 5.394905103109903788e-01 1.595552301525033911e-01
2.572681762155338767e-02 3.011952064377968474e-01 5.077048901520748725e-01 1.653730857885751249e-01
2.660771434820695738e-02 3.190379186232827347e-01 4.808543229647068706e-01 1.735000440638034824e-01
2.979877452559188261e-02 3.282618256135000356e-01 4.556638043566579865e-01 1.862755955042501022e-01
3.578452133267637919e-02 3.310130380195803745e-01 4.266844227899082020e-01 2.065180178578348846e-01
4.484283010291094385e-02 3.284757120414400489e-01 3.925461699943150751e-01 2.341352878613340849e-01
5.711345922916009205e-02 3.211045866907203394e-01 3.560319590004508705e-01 2.657499950796690102e-01
7.378648335227380728e-02 3.065842508031781932e-01 3.235250159625866484e-01 2.961042498819614344e-01
9.520958642415026929e-02 2.915696665373901375e-01 2.929933238976014098e-01 3.202274231408581140e-01
1.194737005843663213e-01 2.757036157666518106e-01 2.688492865719803726e-01 3.359733970770012457e-01
1.441372667874514790e-01 2.593314782981521738e-01 2.521356122375749131e-01 3.443956426768212675e-01
1.658340761888781600e-01 2.400802013968504900e-01 2.439964221423421009e-01 3.500893002719296931e-01
1.829624675319833083e-01 2.157944701226023054e-01 2.416274443855562781e-01 3.596156179598581915e-01
1.959253994400624588e-01 1.877320404351006666e-01 2.380258702399288551e-01 3.783166898849075199e-01
2.050501924628320705e-01 1.597107209743513223e-01 2.276764542564898020e-01 4.075626323063268330e-01
2.102184598511930291e-01 1.343979557113700596e-01 2.113423734320519498e-01 4.440412110053845729e-01
2.115897311872322328e-01 1.126362621095344380e-01 1.950108473422296762e-01 4.807631593610034448e-01
2.087489271689132730e-01 9.551124300845853510e-02 1.861968656642768449e-01 5.095429641583517633e-01
2.013384730004766643e-01 8.420688139346999002e-02 1.892907048439576023e-01 5.251639407620956046e-01
1.902957676416773825e-01 7.837183231956747209e-02 2.044390960299315441e-01 5.268933040088239483e-01
1.768815139196792952e-01 7.619602207032664942e-02 2.301669023956015303e-01 5.167555616143926223e-01
1.631222299938063780e-01 7.554590319318327252e-02 2.636559547360203815e-01 4.976759120769900235e-01
1.510571989962547490e-01 7.512503495646069562e-02 3.010091836617536099e-01 4.728085823855314174e-01
1.422217178139062455e-01 7.495968661787569265e-02 3.387185190389751521e-01 4.441000765292431596e-01
1.372772689038119220e-01 7.610681470570154761e-02 3.728534313419609170e-01 4.137624850485255856e-01
1.357960471530339774e-01 7.986110438870352990e-02 3.975915195439334027e-01 3.867513289143293953e-01
