5.297397068800909110e-03 1.185890367174628618e-01 6.431884025417977657e-01 2.329251636719384955e-01
2.197390553142773983e-01 5.509673238912046744e-02 1.230008209023490118e-01 6.021633913942530114e-01
1.827392027414214415e-01 5.569599277234953821e-02 8.425757508085554570e-02 6.773072294053736897e-01
1.398792080684003736e-01 5.453454248306920105e-02 5.810862426496676142e-02 7.474776251835635321e-01
9.807400686724616901e-02 5.050189234837081792e-02 4.128181787702316780e-02 8.101422829073601228e-01
6.524566788624640290e-02 4.446102098464024127e-02 3.070092961935405942e-02 8.595923815097595844e-01
4.374182703012955559e-02 3.847234458763744425e-02 2.447052292287150640e-02 8.933153054593616638e-01
3.097702580497388100e-02 3.391655103047343245e-02 2.127131813404526881e-02 9.138351050305069112e-01
2.340811595152310007e-02 3.113935556646849068e-02 2.023065454708114497e-02 9.252218739349272747e-01
1.867062625716576010e-02 3.020105426085527289e-02 2.102177931879097364e-02 9.301065401631879448e-01
1.553714241255513447e-02 3.134894413930017221e-02 2.396905367746565707e-02 9.291448597706789547e-01
1.328941458989292557e-02 3.510680627556148764e-02 3.050436600555651856e-02 9.210994131289890197e-01
1.163144001553659962e-02 4.308471459791266001e-02 4.407595342740452254e-02 9.012078919591466342e-01
1.045730953764392561e-02 5.783830806760478782e-02 7.063301521951725892e-02 8.610713671752341369e-01
9.515335185564972875e-03 8.102311686786116407e-02 1.180538007080653429e-01 7.914077472385087075e-01
8.444724875633715516e-03 1.102106195034484454e-01 1.920388854330696560e-01 6.893057701878479993e-01
6.982917586199936626e-03 1.380573514283075787e-01 2.886305077066886327e-01 5.663292232788039726e-01
5.187016453316722724e-03 1.576948641796414308e-01 3.953933598694581719e-01 4.417247594975836633e-01
3.524463217078299595e-03 1.718308208946678350e-01 4.919373653080830744e-01 3.327073505801708131e-01
2.453848454678020721e-03 1.940877237582611103e-01 5.508221198274519947e-01 2.526363079596086747e-01
1.994150448979476950e-03 2.390537898702013997e-01 5.549950616267885772e-01 2.039569980540304195e-01
1.943510975489902252e-03 3.107830160329422831e-01 5.089733169224326392e-01 1.783001560691353515e-01
2.133292033886278940e-03 3.975952712898532804e-01 4.350657854714616302e-01 1.652056512047990477e-01
2.462148905077678109e-03 4.859183801342747966e-01 3.564022750686036134e-01 1.552171958920441630e-01
2.864685331209045061e-03 5.696283507611078489e-01 2.853575451409102182e-01 1.421494187667728393e-01
3.295004937332502229e-03 6.391742407930494085e-01 2.318740107571152231e-01 1.256567435125028886e-01
3.774104816345941714e-03 6.812338333136475077e-01 2.053625335772333860e-01 1.096295282927736703e-01
4.627960044729751560e-03 6.982343552451220070e-01 2.025815560009927851e-01 9.455612870915541812e-02
4.999119939604968268e-03 7.093591177895971489e-01 2.082175415167358823e-01 7.742422075406193982e-02
5.240564644323586312e-03 7.202635069297895765e-01 2.143441497209220281e-01 6.015177870496464518e-02
5.471096665299541098e-03 7.181856963854093001e-01 2.296955282942144405e-01 4.664767865507677552e-02
5.192725578499743366e-03 6.880704920178221107e-01 2.695120765790655626e-01 3.722470582461266664e-02
5.052653819797529172e-03 6.238977253559535585e-01 3.414807691065460671e-01 2.956885171770269952e-02
4.642262880764421763e-03 5.285691489754406058e-01 4.447037832352684350e-01 2.208480490852685746e-02
3.929777765614737156e-03 4.116096651418424401e-01 5.695231436805362479e-01 1.493741341200668926e-02
2.961362443268755404e-03 2.875592118392074625e-01 7.004057218347263802e-01 9.073703882797115594e-03
1.935524058394949782e-03 1.793861247768977207e-01 8.136511412256837161e-01 5.027209939023260556e-03
1.141192481640312777e-03 1.040412815431617927e-01 8.921604581230277997e-01 2.657067852170009840e-03
6.407481612274050281e-04 5.933496282027828084e-02 9.386192917916122980e-01 1.404997226881360330e-03
7.163328649341249446e-04 3.494947110220823078e-02 9.635495383414608428e-01 7.846576913970601747e-04
3.506916090352476157e-04 2.225433118137960103e-02 9.769462636819953305e-01 4.487135275899475852e-04
1.923268539182090256e-04 1.532740016999918804e-02 9.842009786644335678e-01 2.792943116489768882e-04
1.191545104612660484e-04 1.137519298397265087e-02 9.883123347266780101e-01 1.933177788880090274e-04
8.413753503082699954e-05 9.248224991315142154e-03 9.905174307333513006e-01 1.502067403026578578e-04
6.515066482351198176e-05 8.183365540604031763e-03 9.916249655767769289e-01 1.265182177957188214e-04
5.321921810621482420e-05 7.625765539484011778e-03 9.922085253540808836e-01 1.124898883288126224e-04
4.714520662129427606e-05 7.460034433959832414e-03 9.923827379617691236e-01 1.100823976499341064e-04
4.712853968028523607e-05 7.762868468986626469e-03 9.920663107906751987e-01 1.236922006579608765e-04
5.217402253379938991e-05 8.502231358842661166e-03 9.912910975841039418e-01 1.544970345195971636e-04
6.027705290687110324e-05 9.519244923402472164e-03 9.902220779727267663e-01 1.984000509639035595e-04
6.872137225298022593e-05 1.051861904680181058e-02 9.891654401858585022e-01 2.472193950866656055e-04
7.341937542852239979e-05 1.100288556537354877e-02 9.886329376482271281e-01 2.907574109705682807e-04
7.146812824663271535e-05 1.061986034316726203e-02 9.889891817461010648e-01 3.194897824849469038e-04
6.597814686865799340e-05 9.632503539004523899e-03 9.899659578415164196e-01 3.355604726103188738e-04
6.275205467790887306e-05 8.620107061810480462e-03 9.909622912893207847e-01 3.548495941906805082e-04
6.448110547347505488e-05 7.847375217277168663e-03 9.916946298223440204e-01 3.935138549050583236e-04
7.011816134190750776e-05 7.177954729433894641e-03 9.922980990292579184e-01 4.538280799658149273e-04
7.628909306992427263e-05 6.367816085116483407e-03 9.930383965992904960e-01 5.174982225234973747e-04
7.934505662888332504e-05 5.328756788364644864e-03 9.940390330377619765e-01 5.528651172446502268e-04
7.793807201381744703e-05 4.204152797990223442e-03 9.951763893068699129e-01 5.415198231262512586e-04
7.216277133018532874e-05 3.167558521790586872e-03 9.962737089061548534e-01 4.865698007244843946e-04
6.287646625034291230e-05 2.318144604039388233e-03 9.972155982253346762e-01 4.033807043756245628e-04
5.316812087940405769e-05 1.720163818631275645e-03 9.979070335013530135e-01 3.196345591362107028e-04
4.552198968633344869e-05 1.350509659944597839e-03 9.983504405284634453e-01 2.535278219057855373e-04
6.503758394322719073e-07 1.406458148364481680e-06 9.998349778212225480e-01 1.629653447894910618e-04
4.899261916586725071e-07 1.058469680346326604e-06 9.998620293968352168e-01 1.364222072927499980e-04
4.193261212260113076e-07 9.056365071859631554e-07 9.998782760540231296e-01 1.203989833484638629e-04
4.100775897680878015e-07 8.856760862459667379e-07 9.998878807503929211e-01 1.108234959310369248e-04
4.121778773153492584e-07 8.902867080247672793e-07 9.998994715364163399e-01 9.922599899833366827e-05
3.891715313257842025e-07 8.406798557973999247e-07 9.999166862919149912e-01 8.208385669779804923e-05
3.416694108345369270e-07 7.382043380046827612e-07 9.999351778737196605e-01 6.374225253144277911e-05
2.816779237342882576e-07 6.087752377509900614e-07 9.999502437766412122e-01 4.886577019719826244e-05
3.081347704496559953e-03 1.622100262448445546e-02 8.367337173862562372e-01 1.439639322847629799e-01
2.035243140676018525e-02 1.477567268974371850e-01 3.133699002263209271e-02 8.005538516731702803e-01
1.852266196916889721e-02 1.147923776185188344e-01 3.005007112801965502e-02 8.366348892842925267e-01
1.709173371041311160e-02 8.192868746443399131e-02 2.729014111658872518e-02 8.736894377085639984e-01
1.445803425635747153e-02 5.412337280589412519e-02 2.366630206254550020e-02 9.077522908752032604e-01
1.130470469136622864e-02 3.376063786930668525e-02 2.094035585725799106e-02 9.339943015820687533e-01
8.248067717042154370e-03 2.102126841036008539e-02 2.123049094278437604e-02 9.495001729298132576e-01
5.791632727296452780e-03 1.367519214089407166e-02 2.717531424542260834e-02 9.533578608863867432e-01
4.040126826850435129e-03 9.422840019204636181e-03 4.321163195100873738e-02 9.433254012029358426e-01
2.900017137567945710e-03 6.954406329727434374e-03 7.864223843570228301e-02 9.115033380970022359e-01
2.265782563252426510e-03 5.599325689618425347e-03 1.512453935361116331e-01 8.408894982110174388e-01
1.987299822625192454e-03 4.885043459791151704e-03 2.768485557317638124e-01 7.162791009858198166e-01
1.716798227136105779e-03 4.378894417572090983e-03 4.389186616686552855e-01 5.549856456866363308e-01
1.354186177356920444e-03 3.983167176022137969e-03 5.897965202251482797e-01 4.048661264214726829e-01
1.116892563377063722e-03 3.738888754482777143e-03 6.992643863543337446e-01 2.958798323278060693e-01
1.004226174138537998e-03 3.642709395066097509e-03 7.713748772791231278e-01 2.239781871516721978e-01
9.396757101900535258e-04 3.683972756170566902e-03 8.225397669719128890e-01 1.728365845617266805e-01
1.164719729145385820e-03 3.721043024927710770e-03 8.659292855408933232e-01 1.291849517050334684e-01
7.979511868716963711e-04 3.617821246586089452e-03 9.048563598646190975e-01 9.072786770192317607e-02
5.806153942299409386e-04 3.510268608813498295e-03 9.338543675439945346e-01 6.205474845296187619e-02
4.674538166223428251e-04 3.545951505489788359e-03 9.512355001354898532e-01 4.475109454239808993e-02
4.268023943555814448e-04 3.861235952949124313e-03 9.592667715820359930e-01 3.644519007065933486e-02
4.364679689625264336e-04 4.517600924756487620e-03 9.606437946203281175e-01 3.440213648595324969e-02
4.806509355015707412e-04 5.535254440034263236e-03 9.569583211366993192e-01 3.702577348776491667e-02
5.537300208709473306e-04 6.974310922058713294e-03 9.488067663678196872e-01 4.366519268925066893e-02
6.529599147578917699e-04 8.857397265766304290e-03 9.366099750520306966e-01 5.387966776744503722e-02
7.750575801642504113e-04 1.104559704719442620e-02 9.208226027299578620e-01 6.735674264268319555e-02
9.087633113370412576e-04 1.324519609688996555e-02 9.028458109120597319e-01 8.300022967971325272e-02
1.057479640508089333e-03 1.549885675901822857e-02 8.837366596424541809e-01 9.970700395801949945e-02
1.301389714946009748e-03 1.932714174325830814e-02 8.606400303256032114e-01 1.187314382161924892e-01
1.619601252715725109e-03 2.424051065200038754e-02 8.312181298976929478e-01 1.429217581975910645e-01
2.103723882342589235e-03 3.085908107550514382e-02 7.930793919722116669e-01 1.739578030699404365e-01
2.783537078741936139e-03 3.900188670985682560e-02 7.470067307122928435e-01 2.112078454991082321e-01
3.660044814634469575e-03 4.793582494492207302e-02 6.975081377131026050e-01 2.508959925273407388e-01
4.614234776035668929e-03 5.546663569465681842e-02 6.548464847098235397e-01 2.850726448194841334e-01
5.396884466668422885e-03 5.877377501217532357e-02 6.317349522272424078e-01 3.040943882939137755e-01
5.775920411055986484e-03 5.652910572843725806e-02 6.386029918329286792e-01 2.990919820275780294e-01
5.689880414040168061e-03 4.947102642638410291e-02 6.799835500596672633e-01 2.648555430999082194e-01
5.317001175123176396e-03 3.986403003680211860e-02 7.460909276097985598e-01 2.087280411782760914e-01
4.963475175410868301e-03 3.116008236385755387e-02 8.141729711091104660e-01 1.497034713516206261e-01
4.812198894878038161e-03 2.555154761528301635e-02 8.663711503593107821e-01 1.032651031305277245e-01
4.856225340901767357e-03 2.351151177123294439e-02 8.997659889617265483e-01 7.186627392613838261e-02
5.086868604133513647e-03 2.524630035173736423e-02 9.173730498838880143e-01 5.229378116024138018e-02
5.469611593777887193e-03 3.111640984149221384e-02 9.227560934276409776e-01 4.065788513708904622e-02
5.834275810645249589e-03 4.148472724007812307e-02 9.196342378180040189e-01 3.304675913127261278e-02
6.028729735058840217e-03 5.621879338397028220e-02 9.102079111858183413e-01 2.754456569515250502e-02
5.935698204382559157e-03 7.457099245991501146e-02 8.954821023770294097e-01 2.401120695867329374e-02
6.263563104151447652e-03 9.027940176317722498e-02 8.813414896956235367e-01 2.211554543704789474e-02
5.811133742084527085e-03 1.024802479205372679e-01 8.695371958743838281e-01 2.217142246299477412e-02
5.696733090864980302e-03 1.119080784301850484e-01 8.576834400677887382e-01 2.471174841116103443e-02
5.672129305473646091e-03 1.190293859135435756e-01 8.447795569921697778e-01 3.051892778881280452e-02
5.843817310636492506e-03 1.236679991525048150e-01 8.289739144673492488e-01 4.151426906950914097e-02
6.291324335413035068e-03 1.257318929647087413e-01 8.066626799937803849e-01 6.131410270609771729e-02
6.972912505762198995e-03 1.256621785688035731e-01 7.715129729367997680e-01 9.585193598863457620e-02
7.825330680127657451e-03 1.244599493278824298e-01 7.119618730709222909e-01 1.557528469210679167e-01
8.833085718093550837e-03 1.217141633485774865e-01 6.125034777115827556e-01 2.569492732217462105e-01
9.712076167894427570e-03 1.126217671418456856e-01 4.720554506477539491e-01 4.056107060425060418e-01
9.729780814480736700e-03 9.410857740779954295e-02 3.214531769678803941e-01 5.747084648098392812e-01
8.728126675059556111e-03 7.089003862443309101e-02 1.998148360318230676e-01 7.205669986686841222e-01
7.269694370343160808e-03 4.963183723816124576e-02 1.207724983042971767e-01 8.223259700871984323e-01
5.856917888753310208e-03 3.348014615097862079e-02 7.552995174116010346e-02 8.851329842191077990e-01
4.746246024498225469e-03 2.280287332111202020e-02 5.119556006959190275e-02 9.212553205847980875e-01
3.963495541496932402e-03 1.634707668640107345e-02 3.819832455088541245e-02 9.414911032212165409e-01
3.401619356584448858e-03 1.237240149729053502e-02 3.069690302708615037e-02 9.535290761190386988e-01
2.984061589640521397e-03 9.682402526936926060e-03 2.584652785066398825e-02 9.614870080327588830e-01
2.704818006184150306e-03 7.730880483026483264e-03 2.251428350084486857e-02 9.670500180099443899e-01
2.575626197989449185e-03 6.329444834674686181e-03 2.023610659924738459e-02 9.708588223680882923e-01
2.593857378452856920e-03 5.376714625128732085e-03 1.867056823086809744e-02 9.733588597655501440e-01
2.733724159824963904e-03 4.759916581670425688e-03 1.758258962421398522e-02 9.749237696342909487e-01
2.948722644764415445e-03 4.353843838154336336e-03 1.689349515046598485e-02 9.758039383666152755e-01
3.217825418295332512e-03 4.079300926509365002e-03 1.668054079988881555e-02 9.760223328553063737e-01
3.629704189655864454e-03 3.988710125474802769e-03 1.728943371607552862e-02 9.750921519687936190e-01
1.503274220330607647e-01 3.055214675194354301e-01 4.855189466985044833e-01 5.863216374899968969e-02
5.751173065159035508e-02 1.937751230761083909e-02 9.127738060347606597e-02 8.318333764373228023e-01
6.307429017428017870e-02 2.338075600391718162e-02 1.048122394370568367e-01 8.087327143847459210e-01
7.152719015060365892e-02 2.849401545098856001e-02 1.206592453769230050e-01 7.793195490214850363e-01
8.329703944505276181e-02 3.519823380860952894e-02 1.374291328396249345e-01 7.440755939067129621e-01
9.831334150232037827e-02 4.368104827507084814e-02 1.537237526291894696e-01 7.042818575934194358e-01
1.158446142375824245e-01 5.352356286712742217e-02 1.680089223846564228e-01 6.626229005106339942e-01
1.348557102373551531e-01 6.381751744921453084e-02 1.785398732846992798e-01 6.227868990287308559e-01
1.537906315157462622e-01 7.358360958285758979e-02 1.852012456601926094e-01 5.874245132412037051e-01
1.697389311495073050e-01 8.212228186656519990e-02 1.900996064965057575e-01 5.580391804874218487e-01
1.802527429841374318e-01 8.934429709299253342e-02 1.956186894028134893e-01 5.347842705200567259e-01
1.847219216704631684e-01 9.618060184259587253e-02 2.031758609936580862e-01 5.159216154932828591e-01
1.833353010883259637e-01 1.042398193362156500e-01 2.144328542538646853e-01 4.979920253215935899e-01
1.768093360841429540e-01 1.148971015921414346e-01 2.317397067091579166e-01 4.765538556145579863e-01
1.661244738453943048e-01 1.290083205305609659e-01 2.568149270802257966e-01 4.480522785438189604e-01
1.522813112262573487e-01 1.474007246262734050e-01 2.900928849954531041e-01 4.102250791520165585e-01
1.360507932081380100e-01 1.709398084967539699e-01 3.295629758094306139e-01 3.634464224856774339e-01
1.185230852027056719e-01 2.005948172783668659e-01 3.687757437381280479e-01 3.121063537807993726e-01
1.014365361941523686e-01 2.385540572825007588e-01 3.986958468260676236e-01 2.613135596972790964e-01
8.548153282774345607e-02 2.879134157615131362e-01 4.141901613541564831e-01 2.124148900565866749e-01
7.027214893387392913e-02 3.502439474235953254e-01 4.148560430341300953e-01 1.646278606084006502e-01
5.594134919981044729e-02 4.254717265830803008e-01 3.987189383927149389e-01 1.198679858243941465e-01
4.295496643694223654e-02 5.157979188465127152e-01 3.596735078518268902e-01 8.157360686471810951e-02
3.157307738134089437e-02 6.198854621026713696e-01 2.966347414373606828e-01 5.190671907862708795e-02
2.211625640701746567e-02 7.230985498605905226e-01 2.234858088059371584e-01 3.129938492645473191e-02
1.496602120117191716e-02 8.062190756331439889e-01 1.603175146323164157e-01 1.849738853336779093e-02
1.019850496975532005e-02 8.603744746988085668e-01 1.180804069306635867e-01 1.134661340077232176e-02
7.042435380494884399e-03 8.894420821272527311e-01 9.585951983637996943e-02 7.655962655872420274e-03
5.699183271298999785e-03 9.010445594314588913e-01 8.737547219934464759e-02 5.880785097897245350e-03
5.043719619719358623e-03 9.030805728761560625e-01 8.691977896432426243e-02 4.955928539800182921e-03
4.793280216200762611e-03 8.982749485726182481e-01 9.246506359578372802e-02 4.466707615397203998e-03
4.815552432397381642e-03 8.863515266412438365e-01 1.046030861721314736e-01 4.229834754227264002e-03
5.026129260720926459e-03 8.651237597158433212e-01 1.257475936335465672e-01 4.102517389888952690e-03
5.473528076759420075e-03 8.277278896901567595e-01 1.627050839679542171e-01 4.093498265129713425e-03
6.398975010789904883e-03 7.630851641672691255e-01 2.262265709158307325e-01 4.289289906110549389e-03
6.323303669648102331e-03 6.664092551330815795e-01 3.228768484090948632e-01 4.390592788175249478e-03
6.179543449258188825e-03 5.442207385090371830e-01 4.453924521658076396e-01 4.207265875897370222e-03
5.604505313515185244e-03 4.130503772171824073e-01 5.777305548372764221e-01 3.614562632025987085e-03
4.688827367099243811e-03 2.867929972439007824e-01 7.057331218210903812e-01 2.785053567909823776e-03
3.541659475340104470e-03 1.764403767914223820e-01 8.181122032553199697e-01 1.905760477917609183e-03
2.460379386581685451e-03 9.496450101990061565e-02 9.014006547917235990e-01 1.174464801793936213e-03
1.659111736115199617e-03 4.692865451023986445e-02 9.507216428197402536e-01 6.905909339048740478e-04
1.203194829226018241e-03 2.299984047335287482e-02 9.753809139202187506e-01 4.160507772023877907e-04
7.799699777422384496e-04 1.177605087880672849e-02 9.871946298928513386e-01 2.493492505994259769e-04
5.950738755909660508e-04 6.431537923620641098e-03 9.928025491889868048e-01 1.708390118016358628e-04
5.322148468544915176e-04 3.780654122255379043e-03 9.955478268688940924e-01 1.393041619962556634e-04
5.467565505947609948e-04 2.390378550416557678e-03 9.969289565718085777e-01 1.339083271801928159e-04
6.227709002186354505e-04 1.620140584542010447e-03 9.976118845714437855e-01 1.452039437958173220e-04
7.683923178631095431e-04 1.192754390759999091e-03 9.978672647173015831e-01 1.715885740752175095e-04
1.044802352754509688e-03 1.007380477571189186e-03 9.977232048511127660e-01 2.246123185611203371e-04
1.600737707266059601e-03 1.022160547608508057e-03 9.970448051121643118e-01 3.322966329611024678e-04
2.709881501126098439e-03 1.208517366467494469e-03 9.955437031274629867e-01 5.378980049435997616e-04
4.758956833386867279e-03 1.494973303694006710e-03 9.928644601290005367e-01 8.816097339185457234e-04
8.237370358224707645e-03 1.780965274104504090e-03 9.885937746710430352e-01 1.387889696627814251e-03
1.401163389094297988e-02 2.060868389985464049e-03 9.818040063617180513e-01 2.123491357353691263e-03
2.367835899711085226e-02 2.415073288387080495e-03 9.706538917586754467e-01 3.252675955826357743e-03
3.977970603160940061e-02 2.935054654622890925e-03 9.522184772173013512e-01 5.066762096466305258e-03
6.638019121913649179e-02 3.755315217370440179e-03 9.217364730365659176e-01 8.128020526927249786e-03
1.093171453018708938e-01 5.027798251928052194e-03 8.723293868051171795e-01 1.332566964108401752e-02
1.760703283632761851e-01 6.890261066673506948e-03 7.952744370604738489e-01 2.176497350957656840e-02
2.721373243799176667e-01 9.420593431469606246e-03 6.840201061050532605e-01 3.442197608355959670e-02
3.897948022942248070e-01 1.244966040471311500e-02 5.468452821370325401e-01 5.091025516402999246e-02
5.026745208982897895e-01 1.672739220370248261e-02 4.109174695477871841e-01 6.968061735022060277e-02
5.874686857015395391e-01 2.175406674546167748e-02 2.999348661728653553e-01 9.084238138013338293e-02
6.286304227652360632e-01 2.984039420474855417e-02 2.267510325751878886e-01 1.147781504548275183e-01
6.347957209884604879e-01 4.101841995454133527e-02 1.830684057449313007e-01 1.411174533120665153e-01
6.218587406282536367e-01 5.573362660784817596e-02 1.550471125772975856e-01 1.673605201866008307e-01
5.973069946887203940e-01 7.391319480140493003e-02 1.381581494786649489e-01 1.906216610312099213e-01
5.745637947790760425e-01 9.085551264124530624e-02 1.260592492603523351e-01 2.085214433193261219e-01
5.643084924494103927e-01 9.985554673225066624e-02 1.160966420920723080e-01 2.197393187262670078e-01
5.692854999393271997e-01 9.952193316451503347e-02 1.080493013964171911e-01 2.231432654997408116e-01
5.858217417290143558e-01 9.532342733221810249e-02 1.012316258130326746e-01 2.176232051257348810e-01
8.018738562757951049e-01 3.427150411642725103e-02 2.450536481127033386e-02 1.393492747965074940e-01
8.689501000153339663e-04 1.278494552624978142e-03 9.956987380270309052e-01 2.153817320328769731e-03
5.491716415802404229e-04 8.645196878157385091e-04 9.962252307715855348e-01 2.361077899018501625e-03
7.332501123756203531e-06 9.028581592826238688e-06 9.971091947368834196e-01 2.874444180399928373e-03
1.319138397781898708e-05 1.533608858069627557e-05 9.958199677986642184e-01 4.151504728777240250e-03
2.959480044355929245e-05 3.297686732361188082e-05 9.935186500865570425e-01 6.418778245675835561e-03
7.296667345157463653e-05 7.913318187148827708e-05 9.896031519995869274e-01 1.024474814508997619e-02
1.766458473403208608e-04 1.886746787542371991e-04 9.834985802467086646e-01 1.613609922719679013e-02
3.691837933240781750e-04 3.916027653659794245e-04 9.756309370717888285e-01 2.360827636952124789e-02
6.016920229271205140e-04 6.383006871463381589e-04 9.682889600232159610e-01 3.047104726671058528e-02
1.922693702083299867e-04 9.745971344038921024e-04 9.655745334979974892e-01 3.325859999739035761e-02
1.693156515915940905e-04 1.189450402418883689e-03 9.649110183206147662e-01 3.373021562537451695e-02
1.472880877093725102e-04 1.492145793948606138e-03 9.653925752703966801e-01 3.296799084794523049e-02
1.373017983220862451e-04 2.033082326970601927e-03 9.648986236952920015e-01 3.293099217941528045e-02
1.471032022864864888e-04 3.084216744982594578e-03 9.623378094876469113e-01 3.443087056508383620e-02
1.869668002913358576e-04 5.107562096560099713e-03 9.572435402935840498e-01 3.746193080956453092e-02
2.883811645761901756e-04 9.090435305349729017e-03 9.480984929368754255e-01 4.252269059319867262e-02
5.469639442891062464e-04 1.749447780785135659e-02 9.307576123814453872e-01 5.120094586641411871e-02
9.505183923475143092e-04 3.430586110351676460e-02 9.012244545032999099e-01 6.351916600083599984e-02
1.876994558174450989e-03 6.962930232792877150e-02 8.504384729927442210e-01 7.805523012115252179e-02
3.684602052888728916e-03 1.383322940064456996e-01 7.650334339741503564e-01 9.294966996651518598e-02
6.856531946773338458e-03 2.525562661650014307e-01 6.356371994123178881e-01 1.049500024759073835e-01
1.172093922778010694e-02 3.937799826699520112e-01 4.834528072850862723e-01 1.110462708171816026e-01
1.898208248904181827e-02 5.116671103567806966e-01 3.535163516285220742e-01 1.158344555256550640e-01
3.127101203475176477e-02 5.761455050304558068e-01 2.638258706924681007e-01 1.287576122423245428e-01
5.308455339039976073e-02 5.957094722018561050e-01 2.002686388112745741e-01 1.509373355964694907e-01
8.897876625058759315e-02 5.846663114404281325e-01 1.492012575589580503e-01 1.771536647500261963e-01
1.455632837081653475e-01 5.425320970655184150e-01 1.101525628210422159e-01 2.017520564052740217e-01
2.222365527732733104e-01 4.776862835411749830e-01 8.138230467612291019e-02 2.186948590094287825e-01
3.083494451297166816e-01 4.055437628608890566e-01 6.041572662070838345e-02 2.256910653886861629e-01
3.886133124096012859e-01 3.402795207450709514e-01 4.537815940270975568e-02 2.257290074426180071e-01
4.533250022323790374e-01 2.882589000255333933e-01 3.469622540755648576e-02 2.237198723345312779e-01
4.981585021009827807e-01 2.510264029445383738e-01 2.745469432030685220e-02 2.233604006341719239e-01
5.279197546111138450e-01 2.234533692894515866e-01 2.241649829111540260e-02 2.262103778083192074e-01
5.400911617102244211e-01 2.096915410568457594e-01 1.944561856624411542e-02 2.307716786666856312e-01
5.393556906999176226e-01 2.091502721187415148e-01 1.807827169734695441e-02 2.334157654839937590e-01
5.279818617609397524e-01 2.212795359672418416e-01 1.822109913621043631e-02 2.325175031356075672e-01
5.024075807815567840e-01 2.465046782384335000e-01 2.026576138031409985e-02 2.308219795996955259e-01
4.670126586609416042e-01 2.780272516779090930e-01 2.402113448778040242e-02 2.309389551733688761e-01
4.289273672707999974e-01 3.120866234820744989e-01 2.890235134635751879e-02 2.300836579007680405e-01
3.905011043517920832e-01 3.483106236129153710e-01 3.470870876873503874e-02 2.264795632665576597e-01
3.545407033844127920e-01 3.829815820083692923e-01 4.115405511992536319e-02 2.213236594872924623e-01
3.195773831560007050e-01 4.170890362872567425e-01 4.833049693410401693e-02 2.150030836226386743e-01
2.856074026680031630e-01 4.516483315699402756e-01 5.584117681658560400e-02 2.069030889454707145e-01
2.523972911407121322e-01 4.882553324235055503e-01 6.298659310335980033e-02 1.963607833324224894e-01
2.209031552098011941e-01 5.260900863545512340e-01 6.905692523278365857e-02 1.839498332028642602e-01
1.938127931100984136e-01 5.618454519272980674e-01 7.338033218720838025e-02 1.709614227753950833e-01
1.735436597229576827e-01 5.936856365216351961e-01 7.521540180875911641e-02 1.575553019466479909e-01
1.615810640134821008e-01 6.212752947225137490e-01 7.388884081971958118e-02 1.432548004442843748e-01
1.600524826082322105e-01 6.415099299010956768e-01 6.930485919499455860e-02 1.291327282956776512e-01
1.735022928095301953e-01 6.451567796085740936e-01 6.269909655761377043e-02 1.186418310242820379e-01
2.084596705173961118e-01 6.220017790124938717e-01 5.532602982069900754e-02 1.142125206494111617e-01
2.711767918316144166e-01 5.663357133198547722e-01 4.739569729505220541e-02 1.150917975534789806e-01
3.634926140373357373e-01 4.793312854163035985e-01 3.885030255903081098e-02 1.183257979873297144e-01
4.757684400158991300e-01 3.729214817277359262e-01 3.041163206892503329e-02 1.208984461874398758e-01
5.879464583160946001e-01 2.675305992264105925e-01 2.306790581215929087e-02 1.214550366453356067e-01
6.734048553851811336e-01 1.873144874707838858e-01 1.807953816417344137e-02 1.212011189798617855e-01
7.318716136274933115e-01 1.318952714299607698e-01 1.444801384858366948e-02 1.217851010939619005e-01
7.618057720214291839e-01 9.999192856503709426e-02 1.241740048577695196e-02 1.257848989277569052e-01
7.711041464912676835e-01 8.370194831045439654e-02 1.168136032787672231e-02 1.335125448704012618e-01
7.691727319750546465e-01 7.647988510252079486e-02 1.183456955980904599e-02 1.425128133626151761e-01
7.630955801005063766e-01 7.426281353595713675e-02 1.248667147690526134e-02 1.501549348866310640e-01
7.558163560351037757e-01 7.487981916785307890e-02 1.344498356297031683e-02 1.558588412340726204e-01
7.489143181764640333e-01 7.661576749192167135e-02 1.453353022561930906e-02 1.599363841059947278e-01
7.423660504570464003e-01 7.860949137052218594e-02 1.568631817876390416e-02 1.633381399936674749e-01
7.357515185075873543e-01 8.040833466153611553e-02 1.690117931340337151e-02 1.669389675174730026e-01
7.282271434472674665e-01 8.178140131647668176e-02 1.829537069762866841e-02 1.716960845386272250e-01
7.184608055348707945e-01 8.280801552839327229e-02 2.014687802554209622e-02 1.785843009111942326e-01
7.037657541967337060e-01 8.487926119689617743e-02 2.308987965217278518e-02 1.882651049541972377e-01
6.874769687766318915e-01 8.639842367858999173e-02 2.688350615119760451e-02 1.992411013935805053e-01
6.728889331123746320e-01 8.764735465285260207e-02 3.121904053368903392e-02 2.082446717010838777e-01
6.629246626703527712e-01 8.788652498173703254e-02 3.550487058775627508e-02 2.136839417601540114e-01
3.180721043418746619e-02 1.209542253777729504e-01 8.434535097652650082e-01 3.785054422775059688e-03
3.879470732084523005e-02 1.508003780826659146e-01 8.060874833809433815e-01 4.317431215545531990e-03
4.836030634269133238e-02 1.993433026977719791e-01 7.470326987350047743e-01 5.263692224532168402e-03
5.914437591781236681e-02 2.665072402486755587e-01 6.678367554307801379e-01 6.511628402731903589e-03
6.857394656341575523e-02 3.478868330930732777e-01 5.756232982140835341e-01 7.915922129427082482e-03
7.443605737545391787e-02 4.391819573109659869e-01 4.768245535012198832e-01 9.557431812360610984e-03
7.559409552384768749e-02 5.339605822053978823e-01 3.787215836599169272e-01 1.172373861083743710e-02
7.264245958554270410e-02 6.198962877652491876e-01 2.927575544021610576e-01 1.470369824704681992e-02
6.735434187276248541e-02 6.870153227902578985e-01 2.269941182975718230e-01 1.863621703940790061e-02
6.138364087191458540e-02 7.343466673519949417e-01 1.807784926022023841e-01 2.349119917388790141e-02
5.518768527910083294e-02 7.659539961363367455e-01 1.496952686721263470e-01 2.916304991243610228e-02
5.187136894036800672e-02 7.806205867049490488e-01 1.319262619023979510e-01 3.558178245228501430e-02
4.954759616158047747e-02 7.827131645459323162e-01 1.257680116153399030e-01 4.197122767714706743e-02
4.820678026175262421e-02 7.739716827293167123e-01 1.298345657009023768e-01 4.798697130802806465e-02
4.746580481221727293e-02 7.591089125393233328e-01 1.404746019970287418e-01 5.295068065143059693e-02
4.671224367221546436e-02 7.453241211470035266e-01 1.521165804271703281e-01 5.584705475361063931e-02
4.558905621771800615e-02 7.373239767211049456e-01 1.608387858819972094e-01 5.624818117917974175e-02
4.504704762242128790e-02 7.342435003397794757e-01 1.660183359334393427e-01 5.469111610435967163e-02
4.376770744429567261e-02 7.365373604993739054e-01 1.674589213744482052e-01 5.223601068188217511e-02
4.301358771181468948e-02 7.384529571604094844e-01 1.681447335708234347e-01 5.038872155695247462e-02
4.323214645777413712e-02 7.372144590635717476e-01 1.696527354815213495e-01 4.990065899713280045e-02
4.477700184598967792e-02 7.315499152546629524e-01 1.726239508121712452e-01 5.104913208717619388e-02
4.763262240736299002e-02 7.220429080867156735e-01 1.770384415481905116e-01 5.328602795773091511e-02
9.255710135514121084e-02 2.727600971306362587e-01 2.708540402377080866e-02 6.075973974904514963e-01
1.067019187713377920e-01 3.042707119775330260e-01 2.607938319562644325e-02 5.629479860555026693e-01
1.260900846541613829e-01 3.271860654436596350e-01 2.549852922800243879e-02 5.212253206741769285e-01
1.520345215426526786e-01 3.394603683506917657e-01 2.571212673449448788e-02 4.827929833721610886e-01
1.840165408256825008e-01 3.407070084112032160e-01 2.663466532636751469e-02 4.486417854367468205e-01
2.191722403387772466e-01 3.326163107848715828e-01 2.795294659757117939e-02 4.202585022787801439e-01
2.505512753668467929e-01 3.170851599605513660e-01 2.949554150313579703e-02 4.028680231694659608e-01
2.709813113439934473e-01 2.968417030003919210e-01 3.125529619884315907e-02 4.009216894567714795e-01
2.802425712346200970e-01 2.766217507282077714e-01 3.329573760811311428e-02 4.098399404290591908e-01
2.827556917142331483e-01 2.615122407149557127e-01 3.583343783857197151e-02 4.198986297322389039e-01
2.828159083187456457e-01 2.536496841880770958e-01 3.898121016505876751e-02 4.245531973281183591e-01
2.820012332644568631e-01 2.511692466125381995e-01 4.260033390113825841e-02 4.242291862218668386e-01
2.773971763093646126e-01 2.503319628584427803e-01 4.673136366658952462e-02 4.255394971656030756e-01
2.626499255958837376e-01 2.493061346190336980e-01 5.198274139174061115e-02 4.360611983933420088e-01
2.331368017822609828e-01 2.485020512885761923e-01 5.946513699910182388e-02 4.588960099300611883e-01
1.918035894135803332e-01 2.482800118213528695e-01 7.063125800039675439e-02 4.892851407646698347e-01
1.474114478858505883e-01 2.475866253727198596e-01 8.908424444035017986e-02 5.159176823010793722e-01
1.093640656878049899e-01 2.466351394838282862e-01 1.241388078043033777e-01 5.198619870240632768e-01
8.159889519605457997e-02 2.487658449118152759e-01 1.881709163779578808e-01 4.814643435141719996e-01
6.106836136346711214e-02 2.520335254741837283e-01 2.856547232055705043e-01 4.012433899567786066e-01
4.359427685590420987e-02 2.444465352060771202e-01 4.089352017678278828e-01 3.030239861701908288e-01
2.815608532266166558e-02 2.215252474659626936e-01 5.391895476330075265e-01 2.111291195783680796e-01
1.711777600433106797e-02 1.889408175839545068e-01 6.563833411399985218e-01 1.375580652717159069e-01
1.051498416138928714e-02 1.628477814408376689e-01 7.395732086894271085e-01 8.706402570834581578e-02
6.905041941815108324e-03 1.484390317500154099e-01 7.881719804168395571e-01 5.648394589133018395e-02
4.974768872091698407e-03 1.439645257575124238e-01 8.121178765321686033e-01 3.894282883822725028e-02
3.998735914590471723e-03 1.452207470140679524e-01 8.216608290880145216e-01 2.911968798332701183e-02
3.627826656486582337e-03 1.484425248086175264e-01 8.242292534302406715e-01 2.370039510465515864e-02
3.728646855970645015e-03 1.508003960897590645e-01 8.247148927692105058e-01 2.075606428505967146e-02
4.290519464130806288e-03 1.480682597008271817e-01 8.282308846938348790e-01 1.941033614120741407e-02
5.536347400293808139e-03 1.395396338822083304e-01 8.352656835154861348e-01 1.965833520201189927e-02
8.209063689666369970e-03 1.321437060281240583e-01 8.376235865666503688e-01 2.202364371555868769e-02
1.374245956889516042e-02 1.335674514399799173e-01 8.255277165076640999e-01 2.716237248346077202e-02
2.413579709393387507e-02 1.461734422168154413e-01 7.936798816390061573e-01 3.601087905024467906e-02
4.080829052988625694e-02 1.670263075478517212e-01 7.429700686396203402e-01 4.919533328264163313e-02
6.250122296065398209e-02 1.913524018509288882e-01 6.804332434450149902e-01 6.571313174340209784e-02
8.451582487044272118e-02 2.162491671679173111e-01 6.157043576930146811e-01 8.353065026862531439e-02
1.041872615535102964e-01 2.381351351771455738e-01 5.566971682826687973e-01 1.009804349866755546e-01
1.182477688114966508e-01 2.549057807983037272e-01 5.100863916241367146e-01 1.167600587660630462e-01
1.262754413330793857e-01 2.653967959185095649e-01 4.778493536475778014e-01 1.304784091008328317e-01
1.291272118538105418e-01 2.697670273595276225e-01 4.584221268404990446e-01 1.426836339461625969e-01
1.280258287506384207e-01 2.686633467733473002e-01 4.489544783069388534e-01 1.543563461690753147e-01
1.244946208691441181e-01 2.637957947375057510e-01 4.458712957143396438e-01 1.658382886790104593e-01
1.209254399040474021e-01 2.575239832097525050e-01 4.447381546535688623e-01 1.768124222326312445e-01
1.168429368506202909e-01 2.541890190947483918e-01 4.415846115237838099e-01 1.873834325308472992e-01
1.136601532809673326e-01 2.551166602844799347e-01 4.335953338359259668e-01 1.976278525986270573e-01
1.117652287312501380e-01 2.615774957280599389e-01 4.203962800786362752e-01 2.062609954620536756e-01
1.110761313653434584e-01 2.715505523524350262e-01 4.048860873129467852e-01 2.124872289692749661e-01
1.104590911340733866e-01 2.784382316291505455e-01 3.942267881100171012e-01 2.168758891267588973e-01
1.084997603627458757e-01 2.756528660914593920e-01 3.961804228045185949e-01 2.196669507412760403e-01
1.047191099754559429e-01 2.615781011935552347e-01 4.135744612790099861e-01 2.201283275519788640e-01
9.952322665297572146e-02 2.405310805803933250e-01 4.436302678474555172e-01 2.163154249191756584e-01
9.300169815136348495e-02 2.171680225344242987e-01 4.824654221564722012e-01 2.073648571577398902e-01
8.481205639129160700e-02 1.934522277631897658e-01 5.279612906199532274e-01 1.937744252255648170e-01
7.513021646780095042e-02 1.702000958090831850e-01 5.774325072394522751e-01 1.772371804836641029e-01
6.488523580824612225e-02 1.483201024390942424e-01 6.267950287830210687e-01 1.599996329696388164e-01
5.571371063771954346e-02 1.300403826726216905e-01 6.700827105749017631e-01 1.441631961147571139e-01
4.914553005710412675e-02 1.190421196192645165e-01 6.996471414272812384e-01 1.321652088963503058e-01
4.519301596979797414e-02 1.174286750491846248e-01 7.116061495320630259e-01 1.257721594489541184e-01
4.274142840742227445e-02 1.240087105309921056e-01 7.088877669499547007e-01 1.243620941116310857e-01
4.050426414803075248e-02 1.354248769453562096e-01 6.991227945145181977e-01 1.249480643920949097e-01
3.777305766331279235e-02 1.479670622004963521e-01 6.890286430087732006e-01 1.252312371274179881e-01
3.486228290074479957e-02 1.593321800599029614e-01 6.801552705567585067e-01 1.256502664825936422e-01
3.261812603536419497e-02 1.686637878574556992e-01 6.704769318653851506e-01 1.282411542417949413e-01
3.158792396301363797e-02 1.758526116424307395e-01 6.587001482032908140e-01 1.338593161912648433e-01
3.199908745143514865e-02 1.818726972189371738e-01 6.443042738583899531e-01 1.418239414712379465e-01
3.426730461150125084e-02 1.892456142409420505e-01 6.234806245603841113e-01 1.530064565871727400e-01
3.870544924347469468e-02 1.996592593907582092e-01 5.922713995157474764e-01 1.693638918500196267e-01
4.546119783372448014e-02 2.126104601990130571e-01 5.506763110948557083e-01 1.912520308724067197e-01
5.472618688335863929e-02 2.259553827759238354e-01 5.036937807808832268e-01 2.156246495598342916e-01
6.697704536934855069e-02 2.382339290237322216e-01 4.574729967518672002e-01 2.373160288550523467e-01
8.267936374520892806e-02 2.493093578132422883e-01 4.154021357618224997e-01 2.526091426797265616e-01
1.017323607229071031e-01 2.576491397160073360e-01 3.796849869699442381e-01 2.609335125911415587e-01
1.230772472975751874e-01 2.599186867097403875e-01 3.535849821748984212e-01 2.634190838177860039e-01
1.445220342383231327e-01 2.531800751206969569e-01 3.394130442397974012e-01 2.628848464011826480e-01
1.640061155112052249e-01 2.380338827565575965e-01 3.336957131905103346e-01 2.642642885417267884e-01
1.806743321502062016e-01 2.190766295055155966e-01 3.276337422088918538e-01 2.726152961353862647e-01
1.930196547749543634e-01 2.004503455966411551e-01 3.164470742106273993e-01 2.900829254177773042e-01
2.031908418324157584e-01 1.841418185546755404e-01 2.987703609792972670e-01 3.138969786336112677e-01
2.093171973478223924e-01 1.683309225931314268e-01 2.846360944082167999e-01 3.377157856508294920e-01
2.116605080441179287e-01 1.520602244143295645e-01 2.812192181287286319e-01 3.550600494128238749e-01
2.084455945142048017e-01 1.358811645302646920e-01 2.932886920103676132e-01 3.623845489451627544e-01
1.994714105078175537e-01 1.214272214463881921e-01 3.199017870345001735e-01 3.591995810112940113e-01
1.860304813906591415e-01 1.090806164413878343e-01 3.576523299536523148e-01 3.472365722143007094e-01
1.710437615087572749e-01 9.804267250801874944e-02 4.020812806691075325e-01 3.288322853141164015e-01
1.572595168040580305e-01 8.765637757173828926e-02 4.488228321961017508e-01 3.062612734281019988e-01
1.461388958257684723e-01 7.818130323116441460e-02 4.946375508707636093e-01 2.810422500723033234e-01
1.377175144932547279e-01 7.075977356210869096e-02 5.358055949349116442e-01 2.557171170097248813e-01
1.302093043027831853e-01 6.630865454903300815e-02 5.679539853951571793e-01 2.355280557530265717e-01
