1.241322045933421908e-02 8.918713241389727986e-02 8.150097346397874309e-01 8.338991248698122971e-02
2.632162654116434464e-01 7.632456181530504480e-02 1.458475703684566915e-01 5.146116024045948034e-01
2.483260998480818771e-01 7.655933632972801439e-02 1.140369997696849269e-01 5.610775640525050845e-01
2.192259159797030899e-01 7.609808793513292424e-02 8.989053808557037617e-02 6.147854579995936097e-01
1.803669010365357428e-01 7.323980527656073769e-02 7.254338956094205648e-02 6.738499041259616851e-01
1.422010958652605295e-01 6.780179035957600853e-02 6.064353732122942930e-02 7.293535764539339494e-01
1.124405319331982789e-01 6.105452519144385914e-02 5.339048285485199080e-02 7.731144600205056561e-01
9.260178541468784552e-02 5.469321575791884216e-02 5.042509718408091229e-02 8.022799016433124208e-01
8.039949457128663102e-02 4.995174376473631578e-02 5.179595729816111049e-02 8.178528043658158664e-01
7.291177887979620464e-02 4.748499297879678338e-02 5.802552434201446729e-02 8.215777037993926557e-01
6.784634275107528922e-02 4.764762185566042557e-02 7.095829273385770297e-02 8.135477426594065475e-01
6.263623936163545403e-02 5.055347430185493096e-02 9.547277402129719648e-02 7.913375123152124324e-01
5.512269068739200639e-02 5.645227387700454263e-02 1.403552460074127262e-01 7.480697894281906901e-01
4.532870241906721692e-02 6.515139323318547282e-02 2.149434679840230011e-01 6.745764363637243299e-01
3.456104653313949587e-02 7.450412940601822132e-02 3.214922131148816864e-01 5.694426109459606034e-01
2.410732010887365120e-02 8.030498654232537392e-02 4.500285702578162295e-01 4.455591230909848321e-01
1.523999808713035788e-02 7.943301785666713466e-02 5.830470767548813216e-01 3.222799073013210558e-01
8.803993926163985323e-03 7.299293792622564558e-02 7.029386590647597188e-01 2.152644090828510492e-01
5.294424855008576791e-03 6.821709710388441927e-02 7.910741354717484297e-01 1.354143425693585534e-01
3.047268812339917667e-03 7.034669254411776707e-02 8.414004744550140913e-01 8.520556418852812119e-02
2.329399594097018768e-03 8.955493385494084357e-02 8.500272453755051139e-01 5.808842117545699735e-02
2.246326715415319312e-03 1.306181402294915306e-01 8.225108183966123310e-01 4.462471465848069641e-02
2.549547276814608226e-03 1.955713380962063597e-01 7.641448844070883872e-01 3.773423021989055770e-02
3.099896620763890800e-03 2.825786930271085851e-01 6.812845848531861037e-01 3.303682549894129683e-02
3.771443698916640466e-03 3.842320777520800701e-01 5.838970786513408839e-01 2.809939989766248314e-02
4.423495981177464308e-03 4.807063993962800708e-01 4.925105294672321721e-01 2.235957515531040996e-02
4.945873481386142689e-03 5.470668308943434921e-01 4.311111495104913427e-01 1.687614611377909885e-02
5.278435101064102124e-03 5.803127520954243224e-01 4.019963890731638179e-01 1.241242373034789556e-02
5.430264365291372422e-03 6.019517203183271103e-01 3.836751415581416969e-01 8.942873758239482107e-03
5.439633847306424817e-03 6.219870799120924554e-01 3.660501470835257343e-01 6.523139157075321347e-03
5.307934102061710908e-03 6.278879899324851799e-01 3.617367789224885666e-01 5.067297042964652790e-03
5.050141281419134702e-03 6.030315892398794286e-01 3.876515907939833139e-01 4.266678684718285854e-03
4.689081176609608340e-03 5.427424343716065192e-01 4.488350078274644384e-01 3.733476624319352621e-03
4.202004631625477250e-03 4.537315836407049274e-01 5.388897489313863032e-01 3.176662796283336813e-03
3.505215682980737830e-03 3.457817679787399401e-01 6.482299066185706060e-01 2.483109719708530456e-03
2.554714134502070102e-03 2.315722601018800342e-01 7.641570216119273340e-01 1.716004151690839067e-03
1.587201439355292922e-03 1.344555298823457701e-01 8.629105510770112009e-01 1.046717601287883159e-03
8.950652837205748218e-04 7.094816306669379791e-02 9.275640858418814361e-01 5.926858077044467503e-04
9.381219646621111359e-04 3.642182621396700820e-02 9.622617412529057557e-01 3.783105684652720625e-04
3.847525012536097779e-04 1.957352129918533273e-02 9.798428773859867436e-01 1.988488135742709723e-04
1.842614954584068489e-04 1.159819855561236568e-02 9.881019548105988148e-01 1.155851383303872911e-04
1.026895901138668486e-04 7.726811965252108373e-03 9.920954164804034470e-01 7.508196423067256921e-05
6.548010854517163351e-05 5.717742732763524821e-03 9.941621948647401119e-01 5.458229395107967085e-05
4.658181773753493983e-05 4.672113498300365687e-03 9.952375219544619123e-01 4.378272950024305861e-05
3.521874631976195231e-05 4.172668706114465546e-03 9.957549358483848145e-01 3.717669918093362020e-05
2.782454771058025209e-05 4.014184519164616313e-03 9.959247907829850144e-01 3.320015013966515281e-05
2.431692989340809621e-05 4.210081796432614369e-03 9.957322637087028250e-01 3.333756497119607715e-05
2.481548965555322781e-05 4.826035497380418322e-03 9.951097685927485781e-01 3.938042021527957771e-05
2.869143544099658094e-05 5.801775536571219215e-03 9.941176109566650654e-01 5.192207132287238083e-05
3.472087964133409695e-05 6.976361538000113577e-03 9.929193337907875616e-01 6.958379157085743281e-05
4.173088003228965064e-05 8.203098202784857296e-03 9.916653536145902947e-01 8.981730259238147386e-05
4.808081474533497368e-05 9.253317069927451469e-03 9.905892894431270745e-01 1.093126722000033283e-04
5.183055899996596885e-05 9.891363905960457933e-03 9.899323800747278357e-01 1.244254603115120810e-04
5.390809604932695910e-05 1.024058294256696873e-02 9.895692197820039615e-01 1.362891793796321561e-04
5.755971417601406524e-05 1.065777992175106874e-02 9.891328955410009227e-01 1.517648230718614049e-04
6.475697338309432971e-05 1.130308968282550154e-02 9.884538466256842515e-01 1.783067181069734723e-04
7.404429642850234765e-05 1.194896048763370230e-02 9.877588092137212783e-01 2.181860022166081780e-04
8.034681812350380438e-05 1.207698779387582702e-02 9.875778158370280835e-01 2.648495509723890217e-04
7.857233416896085992e-05 1.124399034279706389e-02 9.883733949966635457e-01 3.040423263705899237e-04
6.971644615175934376e-05 9.583929941827665916e-03 9.900240200950262137e-01 3.223335169941900853e-04
5.848960116697149095e-05 7.669959795898737172e-03 9.919590853948109244e-01 3.124652081230523725e-04
4.762390982619790303e-05 5.965580310744110840e-03 9.937107950778781840e-01 2.760007015515277408e-04
3.901488108986151478e-05 4.729966552267374572e-03 9.950002373006957557e-01 2.307812659470577499e-04
3.335421761432536957e-05 3.973436255265525192e-03 9.957997495884471917e-01 1.934599386728911435e-04
2.993932873922338966e-05 3.510922619101293756e-03 9.962911688291730128e-01 1.679692229862829933e-04
2.813528151488685564e-05 3.175274403002976541e-03 9.966427874518933860e-01 1.538028635887499652e-04
2.821597894341325053e-05 2.947525790788672276e-03 9.968720168193313524e-01 1.522414109366093747e-04
3.015455336352663131e-05 2.820682290009062908e-03 9.969885281739393479e-01 1.606349826878019206e-04
3.229517968034990546e-05 2.693708445575753330e-03 9.971072094096494753e-01 1.667869650944396793e-04
3.295688467009923585e-05 2.507295511359443601e-03 9.972984047530368823e-01 1.613428509336002224e-04
3.225061712156415504e-05 2.283523242863882193e-03 9.975364718911456929e-01 1.477542488690464326e-04
3.130703664014304458e-05 2.038109463062770174e-03 9.977974074236940494e-01 1.331760766032538375e-04
1.871227734527222686e-02 7.743692303938316292e-03 8.994394401036294173e-01 7.410459024715990162e-02
8.332455462785411104e-02 8.828175294730861156e-02 4.619675171707604555e-02 7.821969407077612457e-01
8.263317734958727789e-02 6.782394740549532730e-02 4.370005766993943080e-02 8.058428175749778877e-01
7.865432165312810642e-02 5.008129104217502042e-02 4.145168920778141003e-02 8.298126980969156019e-01
7.093900481098147637e-02 3.562192066258824952e-02 4.039912816659877587e-02 8.530399463598311582e-01
5.950932983208807175e-02 2.482440275014899736e-02 4.202933469228144897e-02 8.736369327254818185e-01
4.589834096854739087e-02 1.731410533767004101e-02 4.849270488433647663e-02 8.882948488094464246e-01
3.307684978410903309e-02 1.228589488687154528e-02 6.451487167315091142e-02 8.901223836558685987e-01
2.318461591322921317e-02 8.944623350391808086e-03 9.815022296985986827e-02 8.697205377665189197e-01
1.656732215959888510e-02 6.798838894136491166e-03 1.608627661374939510e-01 8.157710728087705920e-01
1.154947818516398501e-02 5.346201241241589283e-03 2.653951873430397956e-01 7.177091332305544080e-01
8.515006146412934171e-03 4.412903227165549530e-03 4.072301267571300509e-01 5.798419638692915434e-01
6.578682926994322208e-03 3.756248900896517334e-03 5.542545370535008065e-01 4.354105311186082794e-01
5.814876169371978321e-03 3.363110802692108412e-03 6.724463917997457463e-01 3.183756212281899090e-01
4.970024765513871012e-03 3.043870418399357430e-03 7.540056352126602857e-01 2.379804696034265310e-01
4.560929767176855922e-03 2.849205031648241807e-03 8.087366776210752617e-01 1.838531875800996362e-01
4.310535420219802419e-03 2.721379734192220807e-03 8.503802929709980418e-01 1.425877918745899475e-01
4.279074655587781877e-03 2.615250413824019276e-03 8.878538939498523686e-01 1.052517809807359261e-01
3.429274955434855748e-03 2.355723035649368979e-03 9.220031929972757334e-01 7.221180901163984367e-02
2.741193808327169364e-03 2.160756779888904546e-03 9.469556148047805211e-01 4.814243460700323718e-02
2.292328604632861734e-03 2.125354587680526510e-03 9.616755504601541826e-01 3.390676634753250068e-02
2.065788761708477368e-03 2.318561289694303935e-03 9.687193351849923140e-01 2.689631476360489562e-02
2.004558784924467471e-03 2.779185607567821563e-03 9.706410164469518875e-01 2.457523916055587287e-02
2.076242718163186750e-03 3.528374532547528565e-03 9.688506267720647935e-01 2.554475597722425523e-02
2.291056817048986709e-03 4.582073421525661473e-03 9.639103616084475634e-01 2.921650815297768128e-02
2.653561229256749029e-03 5.870556028561696275e-03 9.563229516109342798e-01 3.515293113124736551e-02
3.152413800212755177e-03 7.188328910120694859e-03 9.465953381664838906e-01 4.306391912318267151e-02
3.725722282190680867e-03 8.272719173550727167e-03 9.357827669289708883e-01 5.221879161528779345e-02
4.888467034802797435e-03 9.274294267884368101e-03 9.242063733080320143e-01 6.163086538928053831e-02
5.686331125974035221e-03 1.032737418969416864e-02 9.127003207317929689e-01 7.128597395253853664e-02
6.841926268416719317e-03 1.197035124827419000e-02 8.990443531121048437e-01 8.214336937120417237e-02
8.472066057025669228e-03 1.453586409562294610e-02 8.815523906893849571e-01 9.543967915796647272e-02
1.068219215539320359e-02 1.832507117829680968e-02 8.587187498349464487e-01 1.122739868313635814e-01
1.351082524652463118e-02 2.329612289379725046e-02 8.310318879892544253e-01 1.321611638704235370e-01
1.671055643343582336e-02 2.857162942681899104e-02 8.027914446633801493e-01 1.519263694763652861e-01
1.971257723137628814e-02 3.238145939054688782e-02 7.813807406564167168e-01 1.665252227216595104e-01
2.185336376588108143e-02 3.319212773202220162e-02 7.737637948666565846e-01 1.711907136354397507e-01
2.265362477198031368e-02 3.097752211968014119e-02 7.822058336582887739e-01 1.641630194500508233e-01
2.230137542685960844e-02 2.733139969964341887e-02 8.005287807539256395e-01 1.498384441195713956e-01
2.193175688433319365e-02 2.458827459694266221e-02 8.173284029650199622e-01 1.361515655537040015e-01
2.280155043481542701e-02 2.416622841954343265e-02 8.257016049253623757e-01 1.273306162202786918e-01
2.546092973679773760e-02 2.699375683445047469e-02 8.258238921070917282e-01 1.217214213216597646e-01
3.002621267661442772e-02 3.452913122975441451e-02 8.175067112403103797e-01 1.179379448533209862e-01
3.622516812987504331e-02 4.847025043617250728e-02 7.996175429636046550e-01 1.156870384703477250e-01
4.312745456642064906e-02 7.058237390121734067e-02 7.734548573376879288e-01 1.128353141946741162e-01
4.988330380354965427e-02 1.021581626112575414e-01 7.390698044065062700e-01 1.088887291786860556e-01
5.605459324054866410e-02 1.402937624968093044e-01 6.977043347775992999e-01 1.059473094850428843e-01
6.069223267628246626e-02 1.751727825288338924e-01 6.580436694372485684e-01 1.060913153576354406e-01
6.527332303202768027e-02 1.957037697072288029e-01 6.282348671317353750e-01 1.107880401290082667e-01
6.887970735577353398e-02 2.003046722395280532e-01 6.096684897471278397e-01 1.211471306575707257e-01
7.093674410769194860e-02 1.903855128473898595e-01 6.010966047714779714e-01 1.375811382734402621e-01
7.224131425468476031e-02 1.678901103198247591e-01 5.995359400334973055e-01 1.603326353919934388e-01
7.229456927886024342e-02 1.395772361820157847e-01 5.980974802760391507e-01 1.900307142630849044e-01
7.288162404604282829e-02 1.109628350464069713e-01 5.884843854164306665e-01 2.276711554911194646e-01
7.417196454464106137e-02 8.641280825881540728e-02 5.616876915322985830e-01 2.777275356642449622e-01
7.466258659438824996e-02 6.752870174252179059e-02 5.085674496334505745e-01 3.492412620296395653e-01
7.217217942550821497e-02 5.310621159930460633e-02 4.272369486323354670e-01 4.474846603428516145e-01
6.600408051639966578e-02 4.155432556879416761e-02 3.304158723561815281e-01 5.620257215586245136e-01
5.700843496000070759e-02 3.231067641430513532e-02 2.389044905971589583e-01 6.717763980285353931e-01
4.673989327569887803e-02 2.504584827756384247e-02 1.679796108426508949e-01 7.602346476040862111e-01
3.697859858528246280e-02 1.949385888706058403e-02 1.208129972507602651e-01 8.227145452768963585e-01
2.899548790065270554e-02 1.561402725156013638e-02 9.288585612067271069e-02 8.625046287271146417e-01
2.316340554842921326e-02 1.321653778028913928e-02 7.774325738102348671e-02 8.858767992902580879e-01
1.903614216215389690e-02 1.179260591709364002e-02 6.987486783148355585e-02 8.992963840892685967e-01
1.605797228543113381e-02 1.089158235053337698e-02 6.591976641066947529e-02 9.071306789533660764e-01
1.395978607023864310e-02 1.029513446220048020e-02 6.415168619276621909e-02 9.115933932747950497e-01
1.262568237785047405e-02 9.971570807323576827e-03 6.347442928845338506e-02 9.139283175263728243e-01
1.188969770066780271e-02 9.968680487243919419e-03 6.278656366570888048e-02 9.153550581463797409e-01
1.150945667737211450e-02 1.029393771984548657e-02 6.126123491632860796e-02 9.169353706864540321e-01
1.123880794892699944e-02 1.088287357932983881e-02 5.878671273800290670e-02 9.190916057337401579e-01
1.090367664472387949e-02 1.170382840449452934e-02 5.573930990122615003e-02 9.216531850495555123e-01
1.055062888549682630e-02 1.297657068146947611e-02 5.301669863984838360e-02 9.234561017931856020e-01
1.165638199961038235e-01 6.484015286490850682e-01 2.001125106069578663e-01 3.492214074785309624e-02
9.577628945451915898e-02 4.713367451735228641e-02 1.042887577514031716e-01 7.528012782767254940e-01
1.042471376975285385e-01 5.400486580284342281e-02 1.257611609428732069e-01 7.159868355567544640e-01
1.153166621743273307e-01 6.204851015983735285e-02 1.491136314073118752e-01 6.735211962585234691e-01
1.288583037504887063e-01 7.140751202189790647e-02 1.717168896221613617e-01 6.280172946054520811e-01
1.442074423760643376e-01 8.182886971234458462e-02 1.912907611302775701e-01 5.826729267813135493e-01
1.605969543997384230e-01 9.250714418068996248e-02 2.063600497609534290e-01 5.405358516586185047e-01
1.776627087340498790e-01 1.024524181475327395e-01 2.159247707414666539e-01 5.039601023769508803e-01
1.944237960047783542e-01 1.109278457902279635e-01 2.205296256315381065e-01 4.741187325734555480e-01
2.080054739629107752e-01 1.176756399781954537e-01 2.225647775338013279e-01 4.517541085250924571e-01
2.161882642230432416e-01 1.231768888317224114e-01 2.247532113929040232e-01 4.358816355523301711e-01
2.187783835483905204e-01 1.287165562575797728e-01 2.290632864425916349e-01 4.234417737514378222e-01
2.159981974810541439e-01 1.359629037432539822e-01 2.376336545644107678e-01 4.104052442112809951e-01
2.081844682772189814e-01 1.463597886196184583e-01 2.530594648565342442e-01 3.923962782466282051e-01
1.956732728850489877e-01 1.611703112233522639e-01 2.767085394937812137e-01 3.664478763978176179e-01
1.788582804748427013e-01 1.819965686651371373e-01 3.077549011134715906e-01 3.313902497465485153e-01
1.583265791359441399e-01 2.105526841651921000e-01 3.424117632697479263e-01 2.887089734291154453e-01
1.357169527665171016e-01 2.485603140945912004e-01 3.729440660651714978e-01 2.427786670737201447e-01
1.136635205755982814e-01 2.990379360410819753e-01 3.896006438088679968e-01 1.976978995744518297e-01
9.315507237233727755e-02 3.657227388860959105e-01 3.862637573792765955e-01 1.548584313622899944e-01
7.381507771279879893e-02 4.490935645329875436e-01 3.622123033584998542e-01 1.148790543957139559e-01
5.611966715046543680e-02 5.448284370007204780e-01 3.190629949631324513e-01 7.998890088568152978e-02
4.072394981376613321e-02 6.493715277824142484e-01 2.580720284381644580e-01 5.183249396565503542e-02
2.785244710858885558e-02 7.549139316496867869e-01 1.862565958564011415e-01 3.097702538532323691e-02
1.789935350867692676e-02 8.445109065666432935e-01 1.203051918741704640e-01 1.728454805050922208e-02
1.063307453469241118e-02 9.068138748711538355e-01 7.323465565945611044e-02 9.318394934697420834e-03
6.704442883243810249e-03 9.419919238892198177e-01 4.606917124514599976e-02 5.234461982390691513e-03
4.506637145516617822e-03 9.595374388751474193e-01 3.268801055260580485e-02 3.267913426730227871e-03
3.382949987506128631e-03 9.672389138401431552e-01 2.703656749735332959e-02 2.341568674997325863e-03
2.826533629276076123e-03 9.699617642928387573e-01 2.533837381978456746e-02 1.873328258100500883e-03
2.581327989399690662e-03 9.695106582330279554e-01 2.627148309607209992e-02 1.636530681500571443e-03
2.519814726909976217e-03 9.660724335858608125e-01 2.986917795323031435e-02 1.538573733998806724e-03
2.547757158829347997e-03 9.590443614081483048e-01 3.689135077659237705e-02 1.516530656430092449e-03
2.638901477131111017e-03 9.459226046346704830e-01 4.986599883006907763e-02 1.572495058129335689e-03
2.807741979887794052e-03 9.218806226943373483e-01 7.357640422630218335e-02 1.735231099472586908e-03
3.040757888660366049e-03 8.830494745180476057e-01 1.119567741743193456e-01 1.952993418972946054e-03
3.318812427919962896e-03 8.323682240249774544e-01 1.622580767738490415e-01 2.054886773253539450e-03
3.036886552915578266e-03 7.733773582902943033e-01 2.216730224687337714e-01 1.912732688056087470e-03
2.897698880360665644e-03 6.979642189002573938e-01 2.974553819109542752e-01 1.682700308427775371e-03
2.729257314369158867e-03 5.909446704177413467e-01 4.049281130789119665e-01 1.397959188977510340e-03
2.515184065639052523e-03 4.471765738561097603e-01 5.492169555106859447e-01 1.091286567565323421e-03
2.124493575046695459e-03 2.950907881239007713e-01 7.020012398187923663e-01 7.834784822599498520e-04
1.580306190867519127e-03 1.771278481921031989e-01 8.207809155733923889e-01 5.109300436371960047e-04
1.153074862181130769e-03 1.041509711022795132e-01 8.943718050108578899e-01 3.241490246814552061e-04
9.058674872012025371e-04 6.292253254345550606e-02 9.359494007169709695e-01 2.221992523723112186e-04
1.347895036850937011e-03 3.960399926958328709e-02 9.588117936518004703e-01 2.363120417652216218e-04
9.996715159119261805e-04 2.639729680039709994e-02 9.724184479949874449e-01 1.845836887035979667e-04
9.227380774226082421e-04 1.874157806160255124e-02 9.801618409585551861e-01 1.738429024197628650e-04
1.008430570536704082e-03 1.456540442902102932e-02 9.842390914253060785e-01 1.870735751363256658e-04
1.266259719436642036e-03 1.287754458485015040e-02 9.856299322473811575e-01 2.262634483320583392e-04
1.790106574893810367e-03 1.289163638971591377e-02 9.850150850143899461e-01 3.031720210003731428e-04
2.745485546039884948e-03 1.377636159803194080e-02 9.830478425356127259e-01 4.303103203154484734e-04
4.399886497095826729e-03 1.496038825464512251e-02 9.800187202252764740e-01 6.210050229823124452e-04
8.171154527112953897e-03 1.603596291007945360e-02 9.748213021998146655e-01 9.715803629926039568e-04
1.388040202031867731e-02 1.833878813974606711e-02 9.663227896837787156e-01 1.458020156156669385e-03
2.439872442674237765e-02 2.226245749694994239e-02 9.510832597907001862e-01 2.255558285607433926e-03
4.349659689041462246e-02 2.813681253494049184e-02 9.248325035123028393e-01 3.534087062342183058e-03
7.680132778126828874e-02 3.606590665653034572e-02 8.815274679423548143e-01 5.605297619846721230e-03
1.311375796165296648e-01 4.533655293493049632e-02 8.145913432487270622e-01 8.934524199812932804e-03
2.122559654426917908e-01 5.438285963749244639e-02 7.193927422703085828e-01 1.396843264950697883e-02
3.192427376647327120e-01 6.218095488837734747e-02 5.975871102983203453e-01 2.098919714856985891e-02
4.372047085946914602e-01 6.865172042903855409e-02 4.644918714979505148e-01 2.965169947831964442e-02
5.430033041757442724e-01 7.453097887704264457e-02 3.429793508347934172e-01 3.948636611241971434e-02
6.184471039619092725e-01 8.109787652556063597e-02 2.494351828628739720e-01 5.101983664965621668e-02
6.558219451953923862e-01 9.014717561469984264e-02 1.886532165975068620e-01 6.537766259240088140e-02
6.636225878197897776e-01 1.006985519134408480e-01 1.524615498953944270e-01 8.321731037137525266e-02
6.465591310164905403e-01 1.159352227422177639e-01 1.327292906949227025e-01 1.047763555463690072e-01
6.223309190911663347e-01 1.305285895281213249e-01 1.189136445791145053e-01 1.282268468015979324e-01
5.975328515496235449e-01 1.412745212009011153e-01 1.090682309692301705e-01 1.521243962802449889e-01
5.807579862015858074e-01 1.431475422614097159e-01 1.003084829539408890e-01 1.757859885830636293e-01
5.693826447570295990e-01 1.380501972326935722e-01 9.304706035356943850e-02 1.995200976567074735e-01
5.601554842136388102e-01 1.319428461579827960e-01 8.673411181224273403e-02 2.211675578161355904e-01
6.885042852225646826e-01 1.215879885049140074e-01 2.516936586632439674e-02 1.647383604061966877e-01
1.521101794110080825e-03 5.716867850861440808e-03 9.902235337009768212e-01 2.538496654051692041e-03
9.151178655039377387e-04 3.569150361264758226e-03 9.930856871735455060e-01 2.430044599685830635e-03
5.985027858183379146e-04 2.360411055118937819e-03 9.943059610054926223e-01 2.735125153570054386e-03
4.247608319576176442e-04 1.716138835945511896e-03 9.942596632885867258e-01 3.599437043510542427e-03
3.341467972538197744e-04 1.409478564468120282e-03 9.929868293294210613e-01 5.269545308857031575e-03
2.981525648167053836e-04 1.261718319804444426e-03 9.904227733729658034e-01 8.017355742412943936e-03
2.990487122148964344e-04 1.205635483372531061e-03 9.864489646179126492e-01 1.204635118649978812e-02
3.142563360837825025e-04 1.203658689148472691e-03 9.816476921835080027e-01 1.683439279125970717e-02
3.184141365572727505e-04 1.210714681538848899e-03 9.777060330731843774e-01 2.076483810871981861e-02
2.979115036772577666e-04 1.210410573201596519e-03 9.761902012486807223e-01 2.230147667444029938e-02
2.575528245904820266e-04 1.222853965504480493e-03 9.770999206594149777e-01 2.141967255049002233e-02
2.145748099203592229e-04 1.293764067798703265e-03 9.791043343076437644e-01 1.938732681463730539e-02
1.874279719032245057e-04 1.505002997730763752e-03 9.807447153268696871e-01 1.756285370349633737e-02
1.845700351986345647e-04 1.972388800960616240e-03 9.813877628995363311e-01 1.645527826430427318e-02
2.104771331652660702e-04 2.904329496962675203e-03 9.808963142835538385e-01 1.598887908631791213e-02
2.842213916617346487e-04 4.876802507965675992e-03 9.783890183407503160e-01 1.644995775962226209e-02
4.665694650969896872e-04 9.623741334125858818e-03 9.712033462536960871e-01 1.870634294708097695e-02
9.111155643859780500e-04 2.032601323298004192e-02 9.557382435955026345e-01 2.302462760713110471e-02
1.728837552645418356e-03 4.956782760332194282e-02 9.186035936702571236e-01 3.009974117377564248e-02
3.327890867736168524e-03 1.215557336006924255e-01 8.350458720931003276e-01 4.007050343847109314e-02
6.008612763859900660e-03 2.638890305099368949e-01 6.796070415361783468e-01 5.049531519002482122e-02
9.466720250041608595e-03 4.530133729037293389e-01 4.804750959767757901e-01 5.704481086945328849e-02
1.327702065483791875e-02 6.091277471728200332e-01 3.157679580510514006e-01 6.182727412129086775e-02
1.963746739915819828e-02 6.909938638518796639e-01 2.162009446167816873e-01 7.316772413218036730e-02
3.021532140794298132e-02 7.190101613027687355e-01 1.556434930166305797e-01 9.513102427265777983e-02
4.798642188655526802e-02 7.110813375527942348e-01 1.133009851802795620e-01 1.276312553803710670e-01
7.691113914931704820e-02 6.713257402207398750e-01 8.306907206189954873e-02 1.686940485680435697e-01
1.189094930717313481e-01 6.064102769413666216e-01 6.220423627452256743e-02 2.124759937123793796e-01
1.706468918054233341e-01 5.292108410535184548e-01 4.778891228808612029e-02 2.523533548529720005e-01
2.253101186275204004e-01 4.518641166548021948e-01 3.737158226996283028e-02 2.854541824477146994e-01
2.704537580887602100e-01 3.864819163894975262e-01 2.984099810544052836e-02 3.132233274163014891e-01
3.036376949814886261e-01 3.323056219814085610e-01 2.421423806528471764e-02 3.398424449718179807e-01
3.186740358380371618e-01 2.930894330979511575e-01 2.030024206084634839e-02 3.679362890031653843e-01
3.176052482897331330e-01 2.708732528279970686e-01 1.785279175042662342e-02 3.936687071318430431e-01
3.079316403223134047e-01 2.658868544443878656e-01 1.663293806537950031e-02 4.095485671679196527e-01
2.959733639398024474e-01 2.761062920888409100e-01 1.657876418238520347e-02 4.113415797889716230e-01
2.829396196423636378e-01 2.983614009578972603e-01 1.786689089006129882e-02 4.008320885096774977e-01
2.684544814153339565e-01 3.277629023161508504e-01 2.054535282379325520e-02 3.832372634447220316e-01
2.549892033458304730e-01 3.591880717728752059e-01 2.401253831282066861e-02 3.618101865684739127e-01
2.427411812086710252e-01 3.906310654021437623e-01 2.801853916632082719e-02 3.386092142228643853e-01
2.277616032860422246e-01 4.233992380801061550e-01 3.288054948502540376e-02 3.159586091488261750e-01
2.111138426674820934e-01 4.555796314713268513e-01 3.869008266347799541e-02 2.946164431977131293e-01
1.902533615938165612e-01 4.907039410164391047e-01 4.541252747776671622e-02 2.736301699119775277e-01
1.647351046780085593e-01 5.309214885562369979e-01 5.267551834143588407e-02 2.516678884243188641e-01
1.392562016181831397e-01 5.717898792738099756e-01 5.980510631024922585e-02 2.291488127977575062e-01
1.159689873550283218e-01 6.107465792473280031e-01 6.579678749386516645e-02 2.074876459037785226e-01
9.724937161151793463e-02 6.467214561567929954e-01 6.922501965457773798e-02 1.868041525771113043e-01
8.413444295530631001e-02 6.801083291722166413e-01 6.879345737721863363e-02 1.669637704952583179e-01
7.725423103351762577e-02 7.083411421826404375e-01 6.427010749948508517e-02 1.501345192843568377e-01
7.801415059625751991e-02 7.235190646510639700e-01 5.733787095032204933e-02 1.411289138023567036e-01
8.878015229830592270e-02 7.173133195293491804e-01 5.018633890685642723e-02 1.437201892654881852e-01
1.129593417265877114e-01 6.835628030143033884e-01 4.387302005777639347e-02 1.596048352013325344e-01
1.547901358568048447e-01 6.172379183206264663e-01 3.834222037465383898e-02 1.896297254479146488e-01
2.156231825770397181e-01 5.178361139462281937e-01 3.318881699636384158e-02 2.333518864803683368e-01
2.877261096131744633e-01 3.976807898804020636e-01 2.811815026380162438e-02 2.864749502426218730e-01
3.481208868103479737e-01 2.875764280128206285e-01 2.340543849593308343e-02 3.408972466808980473e-01
3.878810117926638212e-01 2.030248762848907984e-01 1.926097364427179631e-02 3.898331382781735077e-01
4.053497332004163400e-01 1.479436773469557653e-01 1.622641612371594072e-02 4.304801733289119192e-01
4.081003077469083085e-01 1.153336746782829408e-01 1.453417324104487249e-02 4.620318443337639303e-01
4.072035569080042494e-01 9.663591016119449373e-02 1.382920299527693776e-02 4.823313299355245776e-01
4.089710420227893328e-01 8.825800333964244071e-02 1.393571770319390092e-02 4.888352369343744175e-01
4.165373462660386106e-01 8.380941519817300400e-02 1.451010114422556820e-02 4.851431373915629508e-01
4.266398681654156588e-01 8.132316280212099902e-02 1.534662945266027957e-02 4.766903395798030019e-01
4.340848410733224028e-01 7.968912053041833643e-02 1.637216943350084178e-02 4.698538689627584919e-01
4.343519073255151519e-01 7.859869585238776768e-02 1.758572986821581655e-02 4.694636669538815865e-01
4.246719604444034180e-01 7.796592783960507034e-02 1.905203960375397715e-02 4.783100721122377497e-01
4.052987839958971938e-01 7.796148883781965633e-02 2.093841547055072180e-02 4.958013116957322164e-01
3.798333256522304358e-01 7.906925758963403994e-02 2.352647208258831779e-02 5.175709446755473175e-01
3.542036415317081355e-01 8.149474128423488117e-02 2.686828802799107879e-02 5.374333291560658976e-01
3.330261703601052337e-01 8.432828473803320735e-02 3.039492195818645215e-02 5.522506229436747738e-01
3.172965593513510374e-01 8.617457787217883136e-02 3.350465424467231196e-02 5.630242085317976874e-01
3.473721286922135804e-02 1.204882445923950995e-01 8.420277289581624691e-01 2.746813580221490071e-03
4.138177070149567927e-02 1.559631044720438675e-01 7.996557958062303628e-01 2.999329020230142879e-03
5.046711466203789714e-02 2.140994450200832400e-01 7.319700085716228655e-01 3.463431746256175232e-03
6.030457145561048810e-02 2.973038470197204020e-01 6.383645651029620227e-01 4.027016421707126266e-03
6.808515165364174837e-02 4.024068762462262860e-01 5.249150757622647046e-01 4.592896337867211597e-03
7.149836490667943467e-02 5.223589551500997796e-01 4.009007158578689611e-01 5.241964085351755176e-03
6.961697337833760990e-02 6.425562614156481445e-01 2.816529678708299955e-01 6.173797335184378482e-03
6.401200210408208857e-02 7.417833259846171590e-01 1.866486611729942791e-01 7.556010738306477743e-03
5.781428142314547214e-02 8.092911233449048281e-01 1.234009668574376495e-01 9.493628374512104104e-03
5.155519679029855334e-02 8.510738501810292123e-01 8.536260035415781100e-02 1.200835267451410421e-02
4.705753573518066391e-02 8.740129989146089295e-01 6.366373237809015706e-02 1.526573297212064848e-02
4.392795369040734116e-02 8.846353506938097189e-01 5.222354533116337766e-02 1.921315028461990232e-02
4.212697152867114075e-02 8.864689325771298867e-01 4.775933407461312868e-02 2.364476181958564960e-02
4.175640674703078037e-02 8.810162780702804897e-01 4.863196997998725513e-02 2.859534520270108973e-02
4.220326613993752307e-02 8.713561687760774666e-01 5.276280124167043173e-02 3.367776384231469661e-02
4.229088414035817728e-02 8.625891712218864971e-01 5.723914933850143133e-02 3.788079529925404004e-02
4.120276938854734033e-02 8.586244541823170318e-01 5.979620961925657951e-02 4.037656680987905533e-02
3.888340347702651245e-02 8.607276014580487189e-01 5.949175407320326375e-02 4.089724099172118571e-02
3.598914596760750817e-02 8.670839640587404418e-01 5.689125159641148649e-02 4.003563837724011948e-02
3.328760735916034413e-02 8.745038553491044642e-01 5.338306029550939774e-02 3.882547699622578008e-02
3.124878159474836145e-02 8.806800543079049692e-01 5.008875921538968878e-02 3.798240488195756687e-02
3.017363054791966440e-02 8.841208387545504976e-01 4.776188448017840843e-02 3.794364621735181464e-02
2.995643671373300967e-02 8.853439125122362086e-01 4.634058187748892055e-02 3.835906889654124019e-02
3.261950266016647171e-01 1.620725464584647224e-01 8.396517501660605287e-02 4.277672519232647574e-01
3.486425395007113903e-01 1.710147204120674724e-01 7.767360998001694716e-02 4.026691301072043983e-01
3.769426207700905529e-01 1.772622578788041192e-01 7.018552750219886338e-02 3.756095938489067976e-01
4.123828958217803931e-01 1.802301558140586846e-01 6.286716615802960539e-02 3.445197822061314419e-01
4.522547167099698062e-01 1.799756567090318171e-01 5.655665372220287923e-02 3.112129728587955113e-01
4.906288159235229207e-01 1.772760968634103096e-01 5.173223446511781426e-02 2.803628527479486987e-01
5.183515203860737941e-01 1.733000325692238830e-01 4.925059015223479802e-02 2.590978568924673930e-01
5.306310339210189575e-01 1.687224968261333002e-01 4.971384293248862218e-02 2.509326263203588980e-01
5.300295707562102665e-01 1.645437902323162171e-01 5.281181792386235863e-02 2.526148210876108524e-01
5.192314082269540165e-01 1.632133778398522084e-01 5.804215708796592321e-02 2.595130568452277409e-01
5.019025796018354857e-01 1.656732896082371842e-01 6.469258558887897026e-02 2.677315452010482488e-01
4.817364640479773197e-01 1.704556053089162360e-01 7.208688475571148335e-02 2.757210458873951553e-01
4.567866331135352898e-01 1.756495462485471448e-01 8.073715108857419664e-02 2.868266695493431606e-01
4.188871800964264480e-01 1.811549748641449464e-01 9.251808718396255238e-02 3.074397578554655119e-01
3.611483766370258142e-01 1.884220213848636916e-01 1.097617134345501705e-01 3.406678885435606152e-01
2.879686594475907024e-01 1.977063126311410513e-01 1.343601083518503603e-01 3.799649195694175252e-01
2.138043624020188049e-01 2.070310897908805570e-01 1.700442616815162622e-01 4.091202861255843759e-01
1.523163864295160319e-01 2.148220559563726595e-01 2.255390389466744583e-01 4.073225186674368503e-01
1.074821838255610729e-01 2.219167797764914352e-01 3.082878565731545506e-01 3.623131798247928859e-01
7.460920187369997347e-02 2.280933258634015581e-01 4.125225184617011820e-01 2.847749538011971615e-01
4.875279932436212688e-02 2.280534187808628266e-01 5.217937495878224308e-01 2.014000323069528586e-01
2.843141011917306449e-02 2.178755458071756912e-01 6.214842388011679875e-01 1.322088052724836316e-01
1.638037363369127669e-02 2.028708194448551327e-01 6.978736844196166134e-01 8.287512250183678986e-02
9.632337719277463475e-03 1.971992179347537011e-01 7.410116851947927685e-01 5.215675915117625600e-02
6.208686352203170861e-03 2.054446103941116597e-01 7.538764342484300940e-01 3.447026900525498178e-02
4.433282299479018168e-03 2.269340978666437580e-01 7.442444821305052027e-01 2.438813770337220493e-02
3.535439757029741874e-03 2.571403228395457430e-01 7.206512086840571873e-01 1.867302871936700123e-02
3.181311714581632182e-03 2.901260539362405244e-01 6.912120128059476842e-01 1.548062154323030619e-02
3.239207750173540498e-03 3.198343904265409932e-01 6.632008561305012817e-01 1.372554569278421760e-02
3.706126784729006727e-03 3.388251979705722561e-01 6.444682181139799182e-01 1.300045713071906750e-02
4.774470773697843048e-03 3.453776971100753768e-01 6.363655319578520597e-01 1.348230015837484884e-02
6.989538666255134397e-03 3.498568927654960858e-01 6.275127723966961169e-01 1.564079617155258312e-02
1.130598581156531425e-02 3.660169622463623762e-01 6.026956141803743172e-01 1.998143776169789346e-02
1.889941879731212027e-02 3.963779453079481763e-01 5.575387705460602694e-01 2.718386534867929180e-02
3.037460887181674118e-02 4.299057988172499956e-01 5.019935765998546628e-01 3.772601571107855184e-02
4.471782794327143484e-02 4.558450478554099683e-01 4.485260555061508780e-01 5.091106869516723310e-02
5.969297009181850217e-02 4.712248126502567858e-01 4.036527998680644047e-01 6.542941738986005062e-02
7.282426445779895119e-02 4.773305406980457577e-01 3.696411003537066198e-01 8.020409449044865746e-02
8.229033481571694508e-02 4.763682770979837389e-01 3.472637141070581968e-01 9.407767397924103603e-02
8.760831538561630882e-02 4.705126208013274969e-01 3.356350430577837995e-01 1.062440207552718952e-01
8.938582885219020779e-02 4.613307703180601349e-01 3.325310248467077123e-01 1.167523759830417784e-01
8.870131437570863420e-02 4.497108510027731376e-01 3.354391458504823453e-01 1.261486887710361049e-01
8.663620199015764634e-02 4.377021767220786730e-01 3.411305833684573630e-01 1.345310379193063177e-01
8.422976838245781195e-02 4.282332712913284323e-01 3.459140655835828970e-01 1.416228947426310114e-01
8.241685154370033406e-02 4.226050404312589603e-01 3.473909258700684233e-01 1.475871821549723795e-01
8.181768996567743979e-02 4.212128570476867395e-01 3.444393941055248765e-01 1.525300588811107638e-01
8.256939662957728243e-02 4.252947854769144054e-01 3.368541508617561853e-01 1.552816670317523351e-01
8.417946742916482261e-02 4.336371045130528179e-01 3.271809652273434676e-01 1.550024628304387253e-01
8.541344873747845623e-02 4.403998431226263666e-01 3.221371755888254862e-01 1.520495325510697049e-01
8.498364176073749943e-02 4.395680351554099863e-01 3.286504874673221721e-01 1.467978356165303699e-01
8.235655009559737783e-02 4.284858141886326854e-01 3.499065273562805278e-01 1.392511083594895893e-01
7.767544836714755652e-02 4.098942836340523366e-01 3.840442249669063224e-01 1.283860430318942425e-01
7.110613595276532584e-02 3.872145353906749077e-01 4.273116045846217514e-01 1.143677240719381816e-01
6.279519825538711075e-02 3.618527691387916079e-01 4.765899133870467042e-01 9.876211921877439681e-02
5.351552843599447634e-02 3.346594702949875488e-01 5.282596359245289586e-01 8.356536534448927300e-02
4.454057832134213774e-02 3.071443615428860463e-01 5.779297528104122561e-01 7.038530732535995538e-02
3.722333483679505367e-02 2.835778510898999127e-01 6.191545090487137193e-01 6.004430502459107144e-02
3.244583989434711435e-02 2.713498855394148590e-01 6.432084743289901985e-01 5.299580023724764083e-02
2.947699040252844266e-02 2.757623794411517837e-01 6.453373755750609897e-01 4.942325458125862436e-02
2.867665832423174632e-02 2.966298411773468091e-01 6.258217783489404829e-01 4.887172214948076049e-02
2.782979699279252220e-02 3.305630281170196527e-01 5.918414681418177059e-01 4.976570674837021979e-02
2.634807796788737194e-02 3.707333263992093619e-01 5.520506822488269183e-01 5.086791338407651436e-02
2.447232336968477306e-02 4.097283620648484725e-01 5.132742544539348195e-01 5.252506011153175447e-02
2.287469781687938297e-02 4.411331250277089056e-01 4.798991838927612053e-01 5.609299326265045765e-02
2.204234052511628433e-02 4.622139489612500651e-01 4.535826604824175212e-01 6.216105003121618483e-02
2.218360788106900003e-02 4.751896291863720312e-01 4.322373671092622494e-01 7.038939582329675759e-02
2.364686320331631231e-02 4.828653287029643359e-01 4.116807413238943170e-01 8.180706676982509029e-02
2.745511076941293399e-02 4.844531406776650950e-01 3.899912366715950207e-01 9.810051188132702660e-02
3.290964977657399870e-02 4.861475573693594954e-01 3.614888789828644700e-01 1.194539138712019943e-01
4.040146328063283498e-02 4.860978137602151583e-01 3.301583804010160272e-01 1.433423425581363264e-01
5.013120484230302459e-02 4.848273796880242514e-01 2.998403602752088282e-01 1.652010551944636807e-01
6.150727290623030780e-02 4.855939604557004130e-01 2.722562004456646756e-01 1.806425661924046244e-01
7.570675529199105691e-02 4.849819369930777890e-01 2.508449454951980906e-01 1.884663622197332578e-01
9.130522441440877546e-02 4.804814172859109833e-01 2.377983705081866683e-01 1.904149877914936562e-01
1.068975157189718667e-01 4.683824325647878428e-01 2.348700440260789724e-01 1.898500076901613598e-01
1.211569630007634374e-01 4.489448886575428954e-01 2.393591593411689422e-01 1.905389890005248221e-01
1.339502783297677191e-01 4.257384038978880847e-01 2.445420194692141669e-01 1.957692983031298350e-01
1.453590116966386458e-01 4.021610577130581010e-01 2.452311087067492457e-01 2.072488218835540075e-01
1.551163653068693138e-01 3.791604569629457577e-01 2.419761247344153487e-01 2.237470529957695242e-01
1.633878681196354876e-01 3.537326128189902663e-01 2.405968120874709404e-01 2.422827069739034167e-01
1.698582330152065001e-01 3.211851541408796695e-01 2.489351845870870772e-01 2.600214282568266699e-01
1.725926565021958792e-01 2.829678484520651849e-01 2.707822572883095691e-01 2.736572377574292836e-01
1.698103412767868747e-01 2.468925084387924851e-01 3.036963128891368435e-01 2.796008373952835746e-01
1.630362504834943771e-01 2.171711311251462440e-01 3.432473278189969723e-01 2.765452905723624344e-01
1.531452949357762772e-01 1.943767759482030733e-01 3.871181328191057869e-01 2.653597962969150292e-01
1.439895038889767998e-01 1.762151506583298777e-01 4.316825933006485094e-01 2.481127521520448409e-01
1.372775546672452829e-01 1.611445271934417722e-01 4.744794613047550458e-01 2.270984568345581212e-01
1.333500487772374676e-01 1.501941178018624257e-01 5.107800642287907422e-01 2.056757691921091979e-01
1.316995439295718939e-01 1.460939586004570689e-01 5.331079982444077991e-01 1.890984992255627939e-01
