6.848899158548252958e-03 2.112229203256373866e-01 4.456436709880279845e-01 3.362845095277864904e-01
2.181345117452514470e-01 1.335677646295550247e-01 9.180890143158014494e-02 5.564888221936131751e-01
1.639725565194355139e-01 1.278192221888217184e-01 6.435406682243104137e-02 6.438541544693118235e-01
1.141995943169124006e-01 1.160789274821370648e-01 4.496201334148875600e-02 7.247594648594618549e-01
7.482682097703731439e-02 9.985967324047320681e-02 3.232027847514395980e-02 7.929932273073452276e-01
4.794813491570908831e-02 8.333376363463518288e-02 2.460609082613077550e-02 8.441120106235247000e-01
3.156196439990270608e-02 6.950688200015092688e-02 2.035590163276679992e-02 8.785752519671794492e-01
2.200911513606687575e-02 5.903885505344425022e-02 1.828814358153093775e-02 9.006638862289577663e-01
1.620020317560416645e-02 5.154188825840646387e-02 1.749451239118032797e-02 9.147633961748087295e-01
1.229782119348703934e-02 4.671805023076404384e-02 1.760088726517270927e-02 9.233832413105763637e-01
9.412977262725549105e-03 4.456227560724655701e-02 1.864788671115379104e-02 9.273768604188739051e-01
7.174586774034846792e-03 4.523294422612279125e-02 2.117317755643673485e-02 9.264192914434056236e-01
5.500558137273009809e-03 5.002973299327002216e-02 2.636912202525175039e-02 9.181005868442051465e-01
4.322061926610160434e-03 6.121039025598692257e-02 3.587409532957962915e-02 8.985934524878230745e-01
3.491258773586634109e-03 8.060109963855183191e-02 5.155944543483271386e-02 8.643481961530287139e-01
2.853754991363225031e-03 1.079744549500393364e-01 7.511419275978697963e-02 8.140575972988104425e-01
2.307793071864717993e-03 1.407104863949792672e-01 1.071186395197139679e-01 7.498630810134417901e-01
1.864197180168958475e-03 1.764828650415810607e-01 1.490824826484502263e-01 6.725704551297994049e-01
1.555865354401206975e-03 2.176153465540421328e-01 2.018723146237982602e-01 5.789564734677583591e-01
1.355382183132100007e-03 2.704893958578002966e-01 2.549277609770891906e-01 4.732274609819779876e-01
1.243387682732167553e-03 3.415163031599697252e-01 2.837887188865517163e-01 3.734515902707464252e-01
1.204841801201609513e-03 4.316466646960110398e-01 2.725075787662556426e-01 2.946409147365320891e-01
1.213201150675709879e-03 5.285204191779968586e-01 2.334657969550925360e-01 2.368005827162351085e-01
1.259082523178652871e-03 6.193238020795328591e-01 1.892513432820614461e-01 1.901657721152265612e-01
1.324337779490447967e-03 7.009861658615290647e-01 1.501723475272884745e-01 1.475171488316921187e-01
1.394322094902657704e-03 7.685395216233111837e-01 1.206012623353184543e-01 1.094648939464679810e-01
1.576270112020229089e-03 8.130024156275499347e-01 1.054560494631808926e-01 7.996526479724878900e-02
1.664809265504284957e-03 8.399060052533604548e-01 1.006189563157993544e-01 5.781022916533590239e-02
1.711168093111727854e-03 8.597734375689988218e-01 9.857230278837601778e-02 3.994309154951307395e-02
1.686647298086968189e-03 8.762345471772923222e-01 9.540638090021448525e-02 2.667242462440624906e-02
1.643197344681851307e-03 8.838884086585196975e-01 9.598677533678205698e-02 1.848161866001677561e-02
1.632841261008104129e-03 8.774858434065124779e-01 1.068755397631194759e-01 1.400577556935995831e-02
1.670887108897761708e-03 8.565075972721620801e-01 1.304448051951124787e-01 1.137671042382768991e-02
1.778000935510013489e-03 8.226833378516874573e-01 1.661587708958160714e-01 9.379890316986484039e-03
1.489566418249046618e-03 7.731654471946146634e-01 2.178073113474537914e-01 7.537675039682906024e-03
1.352321620214886472e-03 6.930419570428026921e-01 2.997390366519519511e-01 5.866684685030587425e-03
1.186777515583561492e-03 5.671543131678062899e-01 4.273433150035851336e-01 4.315594313024843746e-03
9.946425237095360330e-04 4.061945978915549871e-01 5.899343394722694756e-01 2.876420112465766492e-03
7.033605437561675760e-04 2.547631451829877047e-01 7.428315324027081612e-01 1.701961870547837475e-03
4.133898778478683534e-04 1.493453873563345968e-01 8.493134794201080418e-01 9.277433457098436436e-04
2.423197089406508220e-04 8.980161282296339476e-02 9.094492831332904315e-01 5.067843348054742840e-04
1.537594555119707292e-04 5.841957150510467683e-02 9.411266355965144381e-01 3.000334428690978449e-04
1.081646966598878891e-04 4.138120357047321562e-02 9.583089633721544320e-01 2.016683607124885051e-04
4.059305919592519460e-04 3.178488127707561339e-02 9.676391903443128939e-01 1.699977866523303446e-04
2.893276523325432107e-04 2.633851014544433614e-02 9.732356979915907091e-01 1.364642106325051577e-04
2.251960196032350950e-04 2.310793586329407817e-02 9.765510499836327352e-01 1.158181334696453376e-04
1.948789626225752656e-04 2.160893516545102366e-02 9.780883311386896484e-01 1.078547332366789892e-04
1.904168253883577059e-04 2.161942227596315089e-02 9.780762793900719121e-01 1.138815085765526190e-04
1.989193960773773956e-04 2.237569804791435940e-02 9.772947566330664193e-01 1.306259229417717994e-04
2.082471802107782393e-04 2.313324716376677359e-02 9.765070602874026395e-01 1.514453686197276216e-04
2.120336829207976651e-04 2.353549611599985159e-02 9.760812540598665654e-01 1.712161412127519362e-04
2.038666872565931903e-04 2.315868087124496946e-02 9.764499759542631940e-01 1.874764872351541111e-04
1.824258950641555535e-04 2.183842386268802088e-02 9.777797269756801635e-01 1.994232665678153792e-04
1.572699780534750433e-04 2.010247071337261521e-02 9.795295485671698943e-01 2.107107414040004421e-04
1.376217179929546035e-04 1.856344945000082056e-02 9.810703832142670944e-01 2.285456177390286054e-04
1.249543577826045244e-04 1.736733356141269627e-02 9.822486035147890426e-01 2.591085660156583611e-04
1.154937368382209724e-04 1.626343905100515602e-02 9.833190721881550633e-01 3.019950240015576294e-04
1.039176882694929952e-04 1.484681727639851519e-02 9.847038968597140451e-01 3.453681756178186043e-04
8.694700643307613753e-05 1.280199955414309046e-02 9.867426715000472415e-01 3.683819393767780062e-04
6.683506034477090752e-05 1.022981863826459038e-02 9.893466775019799098e-01 3.566687994108111285e-04
4.850090018167481316e-05 7.646796148437679658e-03 9.919918331799343347e-01 3.128697714462124824e-04
3.438313965771423226e-05 5.544025924356870728e-03 9.941676791426367066e-01 2.539117933485795955e-04
2.490483812501008233e-05 4.125729823494437426e-03 9.956478259128084263e-01 2.015394255720262236e-04
1.920092295976359110e-05 3.299364326764650003e-03 9.965158955368061955e-01 1.655392134693984640e-04
1.589978142210279714e-05 2.844471411800196699e-03 9.969963442829525846e-01 1.432845238249737729e-04
1.411622107638365198e-05 2.612547366971458649e-03 9.972424048737507096e-01 1.309315382013245279e-04
1.372358320570362196e-05 2.596298004594428926e-03 9.972610783968839376e-01 1.289000153156779954e-04
1.444045256447670711e-05 2.757995813240904370e-03 9.970928844749891162e-01 1.346792592055473688e-04
1.505236497126802173e-05 2.909446048314367692e-03 9.969380650775123698e-01 1.374365092020556870e-04
1.448704491413854541e-05 2.887049133731283898e-03 9.969690913625359752e-01 1.293724588183777348e-04
1.299431942790124189e-05 2.695375365215489649e-03 9.971772656153324865e-01 1.143647000240973958e-04
1.141780648745776000e-05 2.424448913592362406e-03 9.974642751616389358e-01 9.985811828133996852e-05
3.404923729149320153e-03 7.520404942948630267e-03 9.475455942277223320e-01 4.152907710017968851e-02
2.709292569605221968e-02 7.280652088439784619e-02 3.163586247249766670e-02 8.684646909470521425e-01
2.503944132888385674e-02 5.697763675430600472e-02 3.014285648445103397e-02 8.878400654323590491e-01
2.254625350010542803e-02 4.223838956876168477e-02 2.841511931631892848e-02 9.068002376148137644e-01
1.960909139634136461e-02 2.971218162233446591e-02 2.718157513479231221e-02 9.234971518465319162e-01
1.651611365785642105e-02 2.052228051615638885e-02 2.805003457558255878e-02 9.349115712504045828e-01
1.363410086884637301e-02 1.465079080264823294e-02 3.356174448937829236e-02 9.381533638391270635e-01
1.121147485692842137e-02 1.104558074407363359e-02 4.862749564101759292e-02 9.291154487579805776e-01
9.294566028395935542e-03 8.720199382791166479e-03 8.333197174150695774e-02 8.986532628473057338e-01
7.799096404043604283e-03 7.180815008361120071e-03 1.562997313185756909e-01 8.287203572690194919e-01
6.074441421244937238e-03 6.091628191737254519e-03 2.899020324150355932e-01 6.979318979719818516e-01
4.747503512323594278e-03 5.252100381826369131e-03 4.740064284025074515e-01 5.159939677033423822e-01
3.872045192972768581e-03 4.606279680066731677e-03 6.495802267602779345e-01 3.419414483666824434e-01
3.040756274885588178e-03 4.171690645040676722e-03 7.742840383028937179e-01 2.185035147771799136e-01
3.029347734349123120e-03 3.954961163901040203e-03 8.509570131975691121e-01 1.420586779041807524e-01
2.402670576260415667e-03 3.699887289843890870e-03 8.987457053908852744e-01 9.515173674301055651e-02
2.113612295116141983e-03 3.638460056578023127e-03 9.297128293212089112e-01 6.453509832709691807e-02
1.875345421875548434e-03 3.625793385458786836e-03 9.518826428613696988e-01 4.261621833129616149e-02
1.593179261734752918e-03 3.556835607559091089e-03 9.681420446352334563e-01 2.670794049547280460e-02
1.327489145160161942e-03 3.495778387317624320e-03 9.787180093857636987e-01 1.645872308175878526e-02
1.161005751831450071e-03 3.646636909121195400e-03 9.843770402590754642e-01 1.081531707997181353e-02
1.102593053198549968e-03 4.194563765773913142e-03 9.865533569598053942e-01 8.149486221222388554e-03
1.122345259269466426e-03 5.297223891914058444e-03 9.863344574813449617e-01 7.245973367471232433e-03
1.210409148350386193e-03 7.161330902470853729e-03 9.841223543687908082e-01 7.505905580388045999e-03
1.402055570250788571e-03 1.021442176582484929e-02 9.795503889106955686e-01 8.833133753228984350e-03
1.745503253948784339e-03 1.505640257153720470e-02 9.717728251004795759e-01 1.142526907403421110e-02
2.573527586118881660e-03 2.094144986245767906e-02 9.610786842061013191e-01 1.540633834532192763e-02
3.271940298878649352e-03 2.985225457304824595e-02 9.457696866294474924e-01 2.110611849862586292e-02
4.029726270603601126e-03 4.155898099255688621e-02 9.261309470060756777e-01 2.828034573076416286e-02
4.945720665675793805e-03 5.856710872266221446e-02 8.987472057785723667e-01 3.773996483308949407e-02
6.137888885384478604e-03 8.383484982008286568e-02 8.589903434310246499e-01 5.103691786350809251e-02
7.592745536286664085e-03 1.176758230829936386e-01 8.050187129154882104e-01 6.971271846523142968e-02
9.343391292607547069e-03 1.560325023708624415e-01 7.395343500214104360e-01 9.508975631511919213e-02
1.139738162988523755e-02 1.911700819084552749e-01 6.705394289507914385e-01 1.268931075108681861e-01
1.348033146775825218e-02 2.152469243597593951e-01 6.110456133523802791e-01 1.602271308201021205e-01
1.520418488156414540e-02 2.235866018953453216e-01 5.759837600081710862e-01 1.852254532149191224e-01
1.635820792077303035e-02 2.163671525209309165e-01 5.764372237658874631e-01 1.908374157924088432e-01
1.684080044053646100e-02 1.963252780033813427e-01 6.158889885589740043e-01 1.709449329971083065e-01
1.671843842514181624e-02 1.663820141515546525e-01 6.837301689588440867e-01 1.331693784644596978e-01
1.648325996636470364e-02 1.335891366213393661e-01 7.554277926020386280e-01 9.449981081025693452e-02
1.664417675066929073e-02 1.075371191718677705e-01 8.101081094056147291e-01 6.571059467184817149e-02
1.715113232697277820e-02 9.457414368505219493e-02 8.410444678072681590e-01 4.723025618070711418e-02
1.790854928428008142e-02 9.502709932241269752e-02 8.510828080873529267e-01 3.598154330595412786e-02
1.888514416167958940e-02 1.056954807586645978e-01 8.466770764505908708e-01 2.874229862906498359e-02
1.984248534310861095e-02 1.239125656757535249e-01 8.331497609523178527e-01 2.309518802882016067e-02
2.084275699398637632e-02 1.480157904828535986e-01 8.127014566834148690e-01 1.843999583974509360e-02
2.184835841635768966e-02 1.734250358722509988e-01 7.897059342633738765e-01 1.502067144801747488e-02
2.451094005095410741e-02 1.971608114883359186e-01 7.651066378358867270e-01 1.322161062482325733e-02
2.758648249415288772e-02 2.126762952361086756e-01 7.471417966586136883e-01 1.259542561112482820e-02
3.134386789076638175e-02 2.222346888480588312e-01 7.332941244290722693e-01 1.312731883210220725e-02
3.519323563385914205e-02 2.255565363789867883e-01 7.243660058117787903e-01 1.488422217537549094e-02
3.851988692418670257e-02 2.195573030909718504e-01 7.237872819379692624e-01 1.813552804687209447e-02
4.082488807358324728e-02 2.020249241240757720e-01 7.339659912523813778e-01 2.318419654995962711e-02
4.152873412000250564e-02 1.752747641574029513e-01 7.530802627319019837e-01 3.011623899069230254e-02
4.040212570596877356e-02 1.464172162056374960e-01 7.734096773925851487e-01 3.977098069580820017e-02
3.799475319485979413e-02 1.224438560131600878e-01 7.836996158651605704e-01 5.586177492681983908e-02
3.558046236304206883e-02 1.045719188633692509e-01 7.730604232534825648e-01 8.678719552010603910e-02
3.370176134247705735e-02 9.154562903711158106e-02 7.292207296793414839e-01 1.455318799410699748e-01
3.126473348780484801e-02 8.055976686716499746e-02 6.441820373173193781e-01 2.439934623277105752e-01
2.694032627275692524e-02 6.797614583384041509e-02 5.274689239943254337e-01 3.776146038990773612e-01
2.114793046916539632e-02 5.370236584419806058e-02 4.085738366993599269e-01 5.165758669872766440e-01
1.569300955750801627e-02 4.098947570880510927e-02 3.152579959386834774e-01 6.280595187950033242e-01
1.172357009294011654e-02 3.189983093627947464e-02 2.529975741273191581e-01 7.033790248434613757e-01
9.121901308486529691e-03 2.573827493865935359e-02 2.120431196023775666e-01 7.530967041504763593e-01
7.460999322604505019e-03 2.120657126169289697e-02 1.826565298129385617e-01 7.886758996027637414e-01
6.461355464162729309e-03 1.758539618381777664e-02 1.597583714871091964e-01 8.161948768649101016e-01
5.924773183885619771e-03 1.470959313175033978e-02 1.409032827693613432e-01 8.384623509150029852e-01
5.648743793679388177e-03 1.258656150122063229e-02 1.240689772494521226e-01 8.576957174556475438e-01
5.462757346085055955e-03 1.112494819789798875e-02 1.083322756548929511e-01 8.750800188011239600e-01
5.446361625840155998e-03 9.795052612066810702e-03 9.369007078443596093e-02 8.910685149776570446e-01
5.060688445624995056e-03 9.443585096577736260e-03 8.210360774687056051e-02 9.033921187109265061e-01
4.980831181684968086e-03 9.191872450449774939e-03 7.342940927937391393e-02 9.123978870884912329e-01
1.604350748582141495e-01 5.919181539256286317e-01 2.140613683847506221e-01 3.358540283140684646e-02
1.924697358115355916e-01 1.034076844379206717e-01 2.548668420446466576e-01 4.492557377058969958e-01
1.885991934274429127e-01 1.074924560364228787e-01 2.721572743193482746e-01 4.317510762167860450e-01
1.896512258961325359e-01 1.123925756428870992e-01 2.874557929344436213e-01 4.105004055265366048e-01
1.944970389538606681e-01 1.180143853238226903e-01 2.992309268264008448e-01 3.882576488959158523e-01
2.012349947927166982e-01 1.239009450787319083e-01 3.067596315750365510e-01 3.681044285535148286e-01
2.080438191546182536e-01 1.297673098908622702e-01 3.096313237675521468e-01 3.525575471869672461e-01
2.142387245366343118e-01 1.358270924861410545e-01 3.071569840634698068e-01 3.427771989137550768e-01
2.196490759290479766e-01 1.419735375045803327e-01 3.004546185999880659e-01 3.379227679663832640e-01
2.231960899045296320e-01 1.473309225967887881e-01 2.932024496339656894e-01 3.362705378647160015e-01
2.238878696433978244e-01 1.516784414517375612e-01 2.883496887511203810e-01 3.360840001537443444e-01
2.208308220050171633e-01 1.564214498170013457e-01 2.865109308452276626e-01 3.362367973327536341e-01
2.130059475891401544e-01 1.635242208494619987e-01 2.880315812745263271e-01 3.354382502868716309e-01
2.004764278824879287e-01 1.746815702081132848e-01 2.939093103760563874e-01 3.309326915333422048e-01
1.842971635096367911e-01 1.915500075560470639e-01 3.041813016477159515e-01 3.199715272866002769e-01
1.658480301041665439e-01 2.162335050890293320e-01 3.169242710614540992e-01 3.009941937453498584e-01
1.462770107275154774e-01 2.511275757752930993e-01 3.283660653674486118e-01 2.742293481297424229e-01
1.266674882756108900e-01 2.983681674016028795e-01 3.328848981886593505e-01 2.420794461341266302e-01
1.082390090011786099e-01 3.605718471672612613e-01 3.244286005421941899e-01 2.067605432893662998e-01
9.116356722692968428e-02 4.400759053028350243e-01 3.000094848371064882e-01 1.687510426331287061e-01
7.489410203990752579e-02 5.344100527473372164e-01 2.614686859375987549e-01 1.292271592751562115e-01
5.940417336901138157e-02 6.339601503752981815e-01 2.144809885056676024e-01 9.215468775002290391e-02
4.485807954144539061e-02 7.298308662357498866e-01 1.642220667127169964e-01 6.108898751008776107e-02
3.158520913991214041e-02 8.152076571413150452e-01 1.154171200253658325e-01 3.779001369340708599e-02
2.145978679860986033e-02 8.805347619869118292e-01 7.558182711635662299e-02 2.242362409812178464e-02
1.403266216157956180e-02 9.250210097054352154e-01 4.775125029453553688e-02 1.319507783844968071e-02
9.164108047949811459e-03 9.515988036372475811e-01 3.118033427440834726e-02 8.056754040394270566e-03
6.351482075369179088e-03 9.655438838595964413e-01 2.271123851329421781e-02 5.393395551740014400e-03
4.906943982818015755e-03 9.719276420502029890e-01 1.909077955900876852e-02 4.074634407970017733e-03
4.227703614688868572e-03 9.741694927718230756e-01 1.820318516490924271e-02 3.399618448579041618e-03
3.999232727645323469e-03 9.734883390395537850e-01 1.943912716195607404e-02 3.073301070844857829e-03
4.066833572824645089e-03 9.698831092769369944e-01 2.308682007636204264e-02 2.963237073876138789e-03
4.308418250835238487e-03 9.626353957290986196e-01 3.009154573836243102e-02 2.964640281703867421e-03
4.687664264063738997e-03 9.489171133435165828e-01 4.331149637666371899e-02 3.083726015756009086e-03
5.189850704678818961e-03 9.230534845197275740e-01 6.838248823488544959e-02 3.374176540708072932e-03
5.677489666283288064e-03 8.788922138269492645e-01 1.116946291157322885e-01 3.735667391035256933e-03
6.033017740199020026e-03 8.140854050596513236e-01 1.760239907965195361e-01 3.857586403630145020e-03
5.577062445989896741e-03 7.270325328742214266e-01 2.638411648083217043e-01 3.549239871466849244e-03
4.973621988106790084e-03 6.100734105144740571e-01 3.819544614684216022e-01 2.998506028997637799e-03
4.239821002582791140e-03 4.591413040749043328e-01 5.343161204294740729e-01 2.302754493039076752e-03
3.297046372396486135e-03 2.954992569656499923e-01 6.996350215367960201e-01 1.568675125157621957e-03
2.245999978124441077e-03 1.639069082441460823e-01 8.328958117723497256e-01 9.512800053798132257e-04
1.458379391110748271e-03 8.441556089440876987e-02 9.135821840735866006e-01 5.438756408939446644e-04
9.653556688215350363e-04 4.339149283328663786e-02 9.553305249839461055e-01 3.126265139455590555e-04
8.727078099893897066e-04 2.311747439673561555e-02 9.757928772403714479e-01 2.169405529035128974e-04
6.053272974915651413e-04 1.309809291527689462e-02 9.861472443833253498e-01 1.493354039063021549e-04
5.284233450447772340e-04 8.047817473918061557e-03 9.912978576655525620e-01 1.259015154844265875e-04
5.437534856267033567e-04 5.481381921989671689e-03 9.938510858293068129e-01 1.237787630769741464e-04
6.308608789220182967e-04 4.242850497662140064e-03 9.949906232080629742e-01 1.356654153529719697e-04
8.267589088345225334e-04 3.869943514731963036e-03 9.951373200198286861e-01 1.659775566047229920e-04
1.231155930987114493e-03 4.159834844877705398e-03 9.943813474786468154e-01 2.276617454884380040e-04
2.039311787564986132e-03 4.994324876912688803e-03 9.926276081160980702e-01 3.387552194244257235e-04
3.619071265589306370e-03 6.326015598188508213e-03 9.895353898608244547e-01 5.195232753976726904e-04
6.734111190030042139e-03 8.384713647391848698e-03 9.840723898543158876e-01 8.087853082620026371e-04
1.311014713563936167e-02 1.190404992523247905e-02 9.736712185068010506e-01 1.314584432326901210e-03
2.625148099609549493e-02 1.785929413626059781e-02 9.536297661449120167e-01 2.259458722731775247e-03
5.195757837018219472e-02 2.673300917268675234e-02 9.173014200884563873e-01 4.007992368674662999e-03
9.801522889430581975e-02 3.791641193414076877e-02 8.569531720722987078e-01 7.115187099254824225e-03
1.724766895992651539e-01 4.956553219763758927e-02 7.657117733984147856e-01 1.224600480468277484e-02
2.813973936903589879e-01 6.154329758366919312e-02 6.370371928346811874e-01 2.002211589129063510e-02
4.178359708382978210e-01 6.902853835709379937e-02 4.830107876268747713e-01 3.012470317773355624e-02
5.545874512905818454e-01 7.186811261471441614e-02 3.326485715187149639e-01 4.089586457598860803e-02
6.583525922987726320e-01 7.488177730982897851e-02 2.155649386864635919e-01 5.120069170493497107e-02
7.187779383160715074e-01 7.926215697889121836e-02 1.398499350358446691e-01 6.210996966919254264e-02
7.423735246076786920e-01 8.684178067832412640e-02 9.547841243462380778e-02 7.530628227937345709e-02
7.401603322105325677e-01 9.923727483601536836e-02 6.895569263106321456e-02 9.164670032238934894e-02
7.159004809091790156e-01 1.176431292663903672e-01 5.434135811132229793e-02 1.121150317131082846e-01
6.792837860040430442e-01 1.383661666511332156e-01 4.587507914369239742e-02 1.364749682011312526e-01
6.428244511461821409e-01 1.533008175413746454e-01 3.966425963928208592e-02 1.642104716731608849e-01
6.154715721136820861e-01 1.545538447725731124e-01 3.529630578644887828e-02 1.946782773272959510e-01
5.938549198325344669e-01 1.470376230825937158e-01 3.375795962855544091e-02 2.253494974563161335e-01
5.774414413584528782e-01 1.381783950934009075e-01 3.394984373495505553e-02 2.504303198131911934e-01
3.151223021043165207e-01 2.156193426258182777e-01 2.877809368970796200e-02 4.404802615801575172e-01
1.136817041756482205e-03 3.988548253730864190e-03 9.927565830281824821e-01 2.118051676330271003e-03
6.569723346528564493e-04 2.695871034553909071e-03 9.944368051304658396e-01 2.210351500327440658e-03
3.936384737232398630e-04 1.889698548669884034e-03 9.951986700500617955e-01 2.517992927544911250e-03
2.454602737820903938e-04 1.368999169901315323e-03 9.953201923074486146e-01 3.065348248867688901e-03
1.659099338074171339e-04 1.037250293351071710e-03 9.949059757124707470e-01 3.890864060371032780e-03
1.276896473569508986e-04 8.496565715232327768e-04 9.939961909926536832e-01 5.026462788466237383e-03
1.126411765258575380e-04 7.835142703063731166e-04 9.926406682128915415e-01 6.463176340276082649e-03
1.068615278697736005e-04 7.983279186139552366e-04 9.911644541981824430e-01 7.930356355333777543e-03
1.012377866967957264e-04 8.496027079350152713e-04 9.901669900802524404e-01 8.882169425115951644e-03
9.305981206162305551e-05 9.177887469548978933e-04 9.900073934217349381e-01 8.981758019248548344e-03
8.336977785519973367e-05 1.014530183517354340e-03 9.904378310412087494e-01 8.464268997418767856e-03
7.491900714079836128e-05 1.183530047537760966e-03 9.909186909800971055e-01 7.822859965223957768e-03
7.272653415511909727e-05 1.535060382903366332e-03 9.909364236829274475e-01 7.455789400014119044e-03
8.185749953882923255e-05 2.273814674205486882e-03 9.901158801244800411e-01 7.528447701775784796e-03
1.089448928592077440e-04 3.782893217381383573e-03 9.880387354231567887e-01 8.069426466602700257e-03
1.719599417138019208e-04 6.916668679634488393e-03 9.836310989118572934e-01 9.280272466794324548e-03
3.249874310752048261e-04 1.371079514873861475e-02 9.742518721373510937e-01 1.171234528283497667e-02
7.309913207445979362e-04 2.880242610964917072e-02 9.546195000120715202e-01 1.584708255753480843e-02
1.087896819802092619e-03 6.097003020902552750e-02 9.161145635575479451e-01 2.182750941362464683e-02
2.193327270805191763e-03 1.302031955022125154e-01 8.376163595328156575e-01 2.998711769416627718e-02
4.219104764545967765e-03 2.516401457897357585e-01 7.054389680936723472e-01 3.870178135204588310e-02
7.463066175750421131e-03 4.086160865787532015e-01 5.382326847607415976e-01 4.568816248475492114e-02
1.270805351198639639e-02 5.451653127656623798e-01 3.900324699354859592e-01 5.209416378686534954e-02
2.248036638785472913e-02 6.249910089708285987e-01 2.892204287685222197e-01 6.330819587279437610e-02
4.069895180709757337e-02 6.557034658238566349e-01 2.217562617342569709e-01 8.184132063478874453e-02
7.185232017494420920e-02 6.510461437393811890e-01 1.707193091862815038e-01 1.063822268993934034e-01
1.212216631458739452e-01 6.142293335719990477e-01 1.309891684056839201e-01 1.335598348764434340e-01
1.915161846729979134e-01 5.502043472663773471e-01 1.008712471475773226e-01 1.574082209130471810e-01
2.761028086902233003e-01 4.734101442435834639e-01 7.793034609922744327e-02 1.725567009669656537e-01
3.608562198663338161e-01 3.998448434950671038e-01 6.048727905372067865e-02 1.788116575848784362e-01
4.329213296067848660e-01 3.393525270992474585e-01 4.744652791386905905e-02 1.802796153800985401e-01
4.862294779594031335e-01 2.947866249495382229e-01 3.791055792735538443e-02 1.810733391637030232e-01
5.189428105046607342e-01 2.659941943765533057e-01 3.130961779145258195e-02 1.837533773273333226e-01
5.299489446436225215e-01 2.551353064716373464e-01 2.744192040152475601e-02 1.874738284832155599e-01
5.267155819538007488e-01 2.589009369709638908e-01 2.546395995052559008e-02 1.889195211247095552e-01
5.136109841691723910e-01 2.745530264561436562e-01 2.519535741627749667e-02 1.866406319584062723e-01
4.885259726769491939e-01 3.017106575025026438e-01 2.720989221981379158e-02 1.825534776007340931e-01
4.562546045077757739e-01 3.343633808707131005e-01 3.130752930103848641e-02 1.780744853204727918e-01
4.241195055629774502e-01 3.677823651656325632e-01 3.646416061345785636e-02 1.716339686579321788e-01
3.946869279438187661e-01 3.994917016127949028e-01 4.200476859344872554e-02 1.638166018499374044e-01
3.646296262737938609e-01 4.306031359903166322e-01 4.823268967072423530e-02 1.565345480651651744e-01
3.314905191120592898e-01 4.634608440385047379e-01 5.502669540693347350e-02 1.500219414425024711e-01
2.944747684393950182e-01 5.004839346601730465e-01 6.167163117048909959e-02 1.433696657299425303e-01
2.545471797734159547e-01 5.426748983669965609e-01 6.720324558209962718e-02 1.355746762774876213e-01
2.150182210870845434e-01 5.875384462996464663e-01 7.082744910954469342e-02 1.266158835037238528e-01
1.806097977182740955e-01 6.305142727268241432e-01 7.187443079812250168e-02 1.170014987567792597e-01
1.546669902146439457e-01 6.689495399856311142e-01 6.989210783366393842e-02 1.064913619660606409e-01
1.388665129952758315e-01 7.009341900153066574e-01 6.509302209685510765e-02 9.510627489256226474e-02
1.350070651824520074e-01 7.217767765371539967e-01 5.858759651774870375e-02 8.462856176264528518e-02
1.468625974645952625e-01 7.225086075962630083e-01 5.219153528816355275e-02 7.843725965097780861e-02
1.802206528162167420e-01 6.946452555598354728e-01 4.667686680944167776e-02 7.845722481450621844e-02
2.420412924186668979e-01 6.325587655361039063e-01 4.128674356202059054e-02 8.411319848320865378e-02
3.370724591136796122e-01 5.347197782302660629e-01 3.508560201590746330e-02 9.312216064014663952e-02
4.574579679850243052e-01 4.119942536233675567e-01 2.826271645390497286e-02 1.022850619377034809e-01
5.763398910756923899e-01 2.923362904809469476e-01 2.199967005157763694e-02 1.093241483917829771e-01
6.676107548550864745e-01 2.006034875982986299e-01 1.716144717108998574e-02 1.146243103755248544e-01
7.244587206916714983e-01 1.417288246615980851e-01 1.391753319087676508e-02 1.198949214558536619e-01
7.532050281973459160e-01 1.079329376193072509e-01 1.210811534345842058e-02 1.267539188398880412e-01
7.626787110659226654e-01 9.034161863624752542e-02 1.152412400646199778e-02 1.354555462913677732e-01
7.627548671555476334e-01 8.188528134193180652e-02 1.177833836816094201e-02 1.435815131343598228e-01
7.608525343048269107e-01 7.821393365004780662e-02 1.249114417609321383e-02 1.484423878690320220e-01
7.587451676863895544e-01 7.707008598627114460e-02 1.346913007041476880e-02 1.507156162569242841e-01
7.553845419754486867e-01 7.708254450219785558e-02 1.456236748810008086e-02 1.529705460342534462e-01
7.484797783414726124e-01 7.801376434426084139e-02 1.578707853871723354e-02 1.577193787755489796e-01
7.370969077804924163e-01 7.980462119475326133e-02 1.719961063849984387e-02 1.658988603862545097e-01
7.214597849495276716e-01 8.224340955873803150e-02 1.891834520640735262e-02 1.773784602853269721e-01
7.024641568232542488e-01 8.527258810536379741e-02 2.120546351614518293e-02 1.910577915552371109e-01
6.814636819292614334e-01 8.927343123995562513e-02 2.449145737063306016e-02 2.047714294601498120e-01
6.607387641559117064e-01 9.433569114960949076e-02 2.890435442799738769e-02 2.160211902664812833e-01
6.429960032835400074e-01 9.935088259761669371e-02 3.370036488501440552e-02 2.239527492338287129e-01
6.285962165900231824e-01 1.030086013490157243e-01 3.797331901540047100e-02 2.304218630455605599e-01
2.350521265677525673e-02 1.084361381876699226e-01 8.651020617542399815e-01 2.956587401314713769e-03
2.923446444987163467e-02 1.460347406773750412e-01 8.208082569904696646e-01 3.922537882283759318e-03
3.731209761883799714e-02 2.111351646786407410e-01 7.460341858893071443e-01 5.518551813214173096e-03
4.689816545199010367e-02 3.088554699591284369e-01 6.366576730812256724e-01 7.588691507655723721e-03
5.593117175171437305e-02 4.313659227994524059e-01 5.030837905219557316e-01 9.619114926877194577e-03
6.183548369627994007e-02 5.600407023179595489e-01 3.668594748224654478e-01 1.126433916329538584e-02
6.306546839749671562e-02 6.733128740758305142e-01 2.509123682351683260e-01 1.270928929150450838e-02
6.085663437257404773e-02 7.559401921859871809e-01 1.687777632541670181e-01 1.442541018727170818e-02
5.832764464822819822e-02 8.066638449192555793e-01 1.181785762752658453e-01 1.682993415725054370e-02
5.497153675648721455e-02 8.356107957712285428e-01 8.940509505959015613e-02 2.001257241269384368e-02
5.331369951062642221e-02 8.488261460691995941e-01 7.360314140353177437e-02 2.425701301664215728e-02
5.261273237105370398e-02 8.517438499497811399e-01 6.622926704660814234e-02 2.941415063255713169e-02
5.294750676390472949e-02 8.468545052606509804e-01 6.518457064889741914e-02 3.501341732654732197e-02
5.467287054109673528e-02 8.348835389212819758e-01 6.979074729029849378e-02 4.065284324732280213e-02
5.710598029091173283e-02 8.191101064452284142e-01 7.830427492799418854e-02 4.547963833586589344e-02
5.873340803699448470e-02 8.053996631156465913e-01 8.747006173757808367e-02 4.839686710978111789e-02
5.849649443935271698e-02 7.978853001917574073e-01 9.468903550216259402e-02 4.892916986672735113e-02
5.627331755883047126e-02 7.975243345731005684e-01 9.886127957618129347e-02 4.734106829188754195e-02
5.283818355032759984e-02 8.019407993956509939e-01 1.005888856503751594e-01 4.463213140364623299e-02
4.921244494313090079e-02 8.073086282742548692e-01 1.015546024898825728e-01 4.192432429273153238e-02
4.613740559451551260e-02 8.108510698123144733e-01 1.032521888766326501e-01 3.975933571653773174e-02
4.411335013421116558e-02 8.110835691740817532e-01 1.065516447136701933e-01 3.825143597803701973e-02
4.370040098916755378e-02 8.089968056088052695e-01 1.104356790614259565e-01 3.686711434060129661e-02
1.810707820107344823e-01 3.526885317889220106e-01 2.732624114368293125e-02 4.389144450566603850e-01
2.022155550948640523e-01 3.751576936334427015e-01 2.621639359099869199e-02 3.964103576806945473e-01
2.300159662313218112e-01 3.823407918499547309e-01 2.562673485209375490e-02 3.620165070666296336e-01
2.641340123072674628e-01 3.766170502959246269e-01 2.557533270105073059e-02 3.336736046957574087e-01
3.020692341866763053e-01 3.622088162370767916e-01 2.590650099219644550e-02 3.098154485840505790e-01
3.420056932795448312e-01 3.425576799755440938e-01 2.620048598114108410e-02 2.892361407637699666e-01
3.773076371853905098e-01 3.216711732164113657e-01 2.691374296362605140e-02 2.741074466345721494e-01
4.020646595381135446e-01 3.020162690627130608e-01 2.850113175822201195e-02 2.674179396409512854e-01
4.150737715777734205e-01 2.868812962021684565e-01 3.118314812904609407e-02 2.668617840910119110e-01
4.188688233114014059e-01 2.790525943758521699e-01 3.512263576061892822e-02 2.669559465521275099e-01
4.176607900978969723e-01 2.787279654345454216e-01 4.017516574907843696e-02 2.634360787184793495e-01
4.142598874999479652e-01 2.838708692435836234e-01 4.598786585590894371e-02 2.558813774005593844e-01
4.061713069292193223e-01 2.928204618355965683e-01 5.281890284812932462e-02 2.481893283870546252e-01
3.865553332474218062e-01 3.063560655313067871e-01 6.193260402761829181e-02 2.451559971936528859e-01
3.485722413423023580e-01 3.274632433205992288e-01 7.520355972406907175e-02 2.487609556130294663e-01
2.895329533480739959e-01 3.603560956431419160e-01 9.425800895703856375e-02 2.558529420517453024e-01
2.211493139962972254e-01 3.998824546498071508e-01 1.196768245730965990e-01 2.592914067807990386e-01
1.563602304654436725e-01 4.385786539561168929e-01 1.560974950708093612e-01 2.489636205076301290e-01
1.052622567321075536e-01 4.670345179663811241e-01 2.096552744659285483e-01 2.180479508355828433e-01
6.758857582772981321e-02 4.773454392735788643e-01 2.819543440389147282e-01 1.731116408597762890e-01
4.021608652389038752e-02 4.598208992068767986e-01 3.719939749082186164e-01 1.279690393610146693e-01
2.200796602913793198e-02 4.108277995531094406e-01 4.769732340723845110e-01 9.019100034536779720e-02
1.177051407876370664e-02 3.476532841375549743e-01 5.798123787377594818e-01 6.076382304592180955e-02
6.728834528185532148e-03 2.939199234149403872e-01 6.594911862715876483e-01 3.986005578528668825e-02
4.316608253736064701e-03 2.589176528249946263e-01 7.104038147650094670e-01 2.636192415626012128e-02
3.136057659214461484e-03 2.410814088358204932e-01 7.376703910957499444e-01 1.811214240921497215e-02
2.597357169800209274e-03 2.351344429630412569e-01 7.489612383632076043e-01 1.330696150395081767e-02
2.468381780695876829e-03 2.358574682678919177e-01 7.510715494681856619e-01 1.060260048322668111e-02
2.679684684435435296e-03 2.386371868731713142e-01 7.495859552200221376e-01 9.097173222371272502e-03
3.260311887370141454e-03 2.370197445657625801e-01 7.513497405738110979e-01 8.370202973056278112e-03
4.414187448416300591e-03 2.284646258340182201e-01 7.586923833277212648e-01 8.428803389844370664e-03
6.711416580521513235e-03 2.207099373371499140e-01 7.630588593288998300e-01 9.519786753428505915e-03
1.117791780835370070e-02 2.227710630607989128e-01 7.541557668572393958e-01 1.189525227360822661e-02
1.917580252183772802e-02 2.355435117028180647e-01 7.293761990806764128e-01 1.590448669466772505e-02
3.168356175595932883e-02 2.533982284911720506e-01 6.931178285607231260e-01 2.180038119214532458e-02
4.796489863677636661e-02 2.713047383427792947e-01 6.515791508034303181e-01 2.915121221701396162e-02
6.550675242736868353e-02 2.876656964993540844e-01 6.097562589882534745e-01 3.707129208502389639e-02
8.125232367719174842e-02 3.009847156369140353e-01 5.729689369586805636e-01 4.479402372721384695e-02
9.299791173626820173e-02 3.091414457869462451e-01 5.461262794716388314e-01 5.173436300514631936e-02
9.926464756605959949e-02 3.117659616130140088e-01 5.313990949666872465e-01 5.757029585423928397e-02
1.022680758463196948e-01 3.085969132736092191e-01 5.264273384603704864e-01 6.270767241970071071e-02
1.021860705673791059e-01 3.011898270262245991e-01 5.289753801809362610e-01 6.764872222545999236e-02
1.000009323084749685e-01 2.924779919213800206e-01 5.350345899848011344e-01 7.248648578534373776e-02
9.685035646571601986e-02 2.861710049610425299e-01 5.399168436020457262e-01 7.706179497119587662e-02
9.374033870522291423e-02 2.844900138237028697e-01 5.401365711205854403e-01 8.163307635048859534e-02
9.111162778077407098e-02 2.890698075711373716e-01 5.334767763038890109e-01 8.634178834419957427e-02
8.882269129658061646e-02 3.018536182154377689e-01 5.188607119455951322e-01 9.046297854238675995e-02
8.642012729401926663e-02 3.220134003347249751e-01 4.982086049651012760e-01 9.335786740615430179e-02
8.313029264406825158e-02 3.431049603110306601e-01 4.791488215448104215e-01 9.461592550009038927e-02
7.906292937850935287e-02 3.572369473746993540e-01 4.698216932212402330e-01 9.387843002555117111e-02
7.313216384772640299e-02 3.616364492909378003e-01 4.742267603995981573e-01 9.100462646173751446e-02
6.654982311568857778e-02 3.584896941061196385e-01 4.891987038114159470e-01 8.576177896677597556e-02
5.960318870678908004e-02 3.512994865491202989e-01 5.106071912164772408e-01 7.849013352761348428e-02
5.236039489998974006e-02 3.417285071861176360e-01 5.359111994429452963e-01 6.999989847094761908e-02
4.511074442558344472e-02 3.312874305338817660e-01 5.622205246858484884e-01 6.138130035468641887e-02
3.835807889525218867e-02 3.220043102527757051e-01 5.860833884034084562e-01 5.355422244856396230e-02
3.280188891444272420e-02 3.180485952338399924e-01 6.019117533105087237e-01 4.723776254120817114e-02
2.936846284130633852e-02 3.240317268615993118e-01 6.030139828898770649e-01 4.358582740721720500e-02
2.789394780627931988e-02 3.454879960059077937e-01 5.830848584593236739e-01 4.353319772848906338e-02
2.717848068283293395e-02 3.788902782128424351e-01 5.468494109114714341e-01 4.708183019285327314e-02
2.664149931765823209e-02 4.181246423934039669e-01 5.021135870277394497e-01 5.312027126119815007e-02
2.604034121538693902e-02 4.555843279938868728e-01 4.581466278463313113e-01 6.022870294439507804e-02
2.628737320225879928e-02 4.839270748276200407e-01 4.219616782120026999e-01 6.782387375811835262e-02
2.639284216167975261e-02 5.027996951983372265e-01 3.948170149722494138e-01 7.599044766773377368e-02
2.710804857565660489e-02 5.123758878097692815e-01 3.760803597716911306e-01 8.443570384288297259e-02
2.881925957409734243e-02 5.135779883735194229e-01 3.652399777972351602e-01 9.236277425514793915e-02
3.238681725425494873e-02 5.063189303831950872e-01 3.609616272492588429e-01 1.003326251132911906e-01
3.844395546041527029e-02 4.941895523798340295e-01 3.581059931022976262e-01 1.092604990574534835e-01
4.699591906452078860e-02 4.832737299415075238e-01 3.511470212658448498e-01 1.185833297281267545e-01
5.764952009045162806e-02 4.762307168541432545e-01 3.396906432231290851e-01 1.264291198322762266e-01
6.982205402028571206e-02 4.734144486545578401e-01 3.259666554966446084e-01 1.307968418285117562e-01
8.269542225333484375e-02 4.752196396372695419e-01 3.115869280038388589e-01 1.304980101055570330e-01
9.568948674503530150e-02 4.794512150740758427e-01 2.990438632120852591e-01 1.258154349688035412e-01
1.088290348695576115e-01 4.805772034442443719e-01 2.924059538146561166e-01 1.181878078715419139e-01
1.221750517890426158e-01 4.727866796623271806e-01 2.954286448215944216e-01 1.096096237270357265e-01
1.351992993896334871e-01 4.551366687238474484e-01 3.074736968848979513e-01 1.021903350016210160e-01
1.469348681257238165e-01 4.325047002329187040e-01 3.226949770043246457e-01 9.786545463703308356e-02
1.566895611331072247e-01 4.103184595063351092e-01 3.354150163091119685e-01 9.757696305144561433e-02
1.641401205867812907e-01 3.908655537834587190e-01 3.447415307518081340e-01 1.002527948779517036e-01
1.696186541875721876e-01 3.710423908649802538e-01 3.550998080721624595e-01 1.042391468752850714e-01
1.733276295797125388e-01 3.441287481847951080e-01 3.734753545835196586e-01 1.090682676519728056e-01
1.728024688174167323e-01 3.100289746598678953e-01 4.030498916639891904e-01 1.141186648587266261e-01
1.682977432668105178e-01 2.744302479376911630e-01 4.395792784653091978e-01 1.176927303301895794e-01
1.593296246631751290e-01 2.430598425379466576e-01 4.787503857488445425e-01 1.188601470500335322e-01
1.486217047486629583e-01 2.160251920849258489e-01 5.179074962069887267e-01 1.174456069594225216e-01
1.397027206130674049e-01 1.910652392363986485e-01 5.557460746338472868e-01 1.134859655166865350e-01
1.319589725539202785e-01 1.690506157812136923e-01 5.916589716284424982e-01 1.073314400364238502e-01
1.263866629894865590e-01 1.506446244511325527e-01 6.229800080498847370e-01 9.998870450949579047e-02
1.218604989795818300e-01 1.385927512083492130e-01 6.460154529205077711e-01 9.353129689156117199e-02
