9.439912814475060268e-03 1.442582458636687825e-01 5.787775495812235160e-01 2.675242917406323584e-01
1.908116120011837391e-01 7.860005466817922282e-02 8.992900298979619733e-02 6.406593303408409934e-01
1.602000076552396457e-01 7.765741338649183312e-02 7.651213859397774930e-02 6.856304403642906609e-01
1.303442019800279961e-01 7.578993597147225258e-02 6.583013451675687189e-02 7.280357275317425048e-01
1.030175410197992081e-01 7.143768261573149592e-02 5.863996133253052134e-02 7.669048150319388579e-01
8.100247711888700075e-02 6.474238968421833218e-02 5.500663292739659677e-02 7.992485002694978968e-01
6.553731727182238176e-02 5.687342193489317715e-02 5.483453975677908543e-02 8.227547210365057095e-01
5.537334610989830264e-02 4.904481836354841751e-02 5.794205763215005967e-02 8.376397778944032479e-01
4.795749362928627968e-02 4.221336788453758371e-02 6.442182268999448180e-02 8.454073157961816687e-01
4.123557226907345608e-02 3.692146223932479127e-02 7.477452928423755640e-02 8.470684362073647167e-01
3.433369368994938775e-02 3.309787517357666575e-02 9.047634196967564713e-02 8.420920891667981190e-01
2.722394453251292604e-02 3.035532040192985212e-02 1.157692736146954532e-01 8.266514614508617687e-01
2.056929823539645555e-02 2.909207950727697375e-02 1.585530251266944746e-01 7.917855971306319018e-01
1.499179910064018378e-02 2.982352821875359702e-02 2.278482905800460478e-01 7.273363821005603969e-01
1.053991200144082686e-02 3.181218163507302382e-02 3.284377505432350408e-01 6.292101558202514155e-01
6.994036997178635154e-03 3.297068121649730787e-02 4.526406304472790909e-01 5.073946513390450441e-01
4.284576734142034500e-03 3.151115699867888115e-02 5.809403722258646985e-01 3.832638940413142237e-01
2.483476853923715245e-03 2.775841079932399313e-02 6.959524781089050371e-01 2.738056342378470398e-01
1.482779786737263702e-03 2.417275700147092019e-02 7.835666152619744640e-01 1.907778479498172530e-01
1.138949999495861938e-03 2.277294269986883737e-02 8.370290163754968704e-01 1.390590909251381846e-01
1.034652809374525789e-03 2.759140556819416473e-02 8.577852601912138164e-01 1.135886814312173088e-01
1.323546979258872222e-03 4.104115727883269477e-02 8.512110567505363212e-01 1.064242389913720305e-01
1.156122184409812386e-03 6.606336270299088820e-02 8.215931382531251881e-01 1.111873768594740242e-01
1.512227653514145245e-03 1.098493215299798514e-01 7.674075473113641799e-01 1.212309035051416656e-01
2.006030243917596850e-03 1.777818253589752151e-01 6.913164155484600171e-01 1.288957288486470010e-01
2.540258582587582876e-03 2.647900109672150504e-01 6.055491409934086189e-01 1.271205894567888350e-01
2.987143193805556936e-03 3.440776959692363191e-01 5.389664340910625961e-01 1.139687267458955461e-01
3.324173573124707560e-03 3.936121617590386812e-01 5.085870446250360111e-01 9.447662004280039938e-02
3.610431202281749394e-03 4.228067026552293495e-01 4.993805877179316455e-01 7.420227842455745515e-02
3.896800937752493456e-03 4.415961728388062002e-01 4.976285810332644055e-01 5.687844519017697109e-02
4.140081284006072448e-03 4.398667026922217782e-01 5.120347599162127228e-01 4.395845610755926697e-02
4.208924418684287933e-03 4.032934222049510131e-01 5.582689710417005902e-01 3.422868233466413307e-02
3.963578774849585255e-03 3.351956749581624373e-01 6.352576258937829845e-01 2.558312037320484983e-02
3.356483754800090435e-03 2.533910818902878059e-01 7.258074382955613801e-01 1.744499605935078204e-02
2.497634830011067134e-03 1.730567844352417506e-01 8.138464808466263634e-01 1.059909988812102015e-02
1.618925731324319037e-03 1.038851923083005530e-01 8.887688610695387847e-01 5.727020890836201882e-03
9.361438882366366525e-04 5.471817362132257168e-02 9.415265355946501602e-01 2.819146895790554386e-03
6.515504579624783587e-04 2.663097482708480512e-02 9.713680634250767554e-01 1.349411289876065005e-03
2.749224588530861505e-04 1.285630758743267280e-02 9.862271450185167154e-01 6.416249351976060231e-04
1.328352462577621048e-04 6.564679364933668701e-03 9.929804697975013195e-01 3.220155913069366687e-04
7.217926432781747502e-05 3.770548371597765448e-03 9.959809228192316732e-01 1.763495448424939990e-04
4.378442076600525559e-05 2.506260370624936729e-03 9.973411751974996520e-01 1.087800111094211209e-04
2.972579790391488344e-05 1.929268213730582970e-03 9.979638826395798024e-01 7.712334878575632599e-05
2.212837074426934244e-05 1.700463398595984492e-03 9.982149878676607191e-01 6.242036299879247154e-05
1.706109115457883426e-05 1.647786019007185191e-03 9.982803585454403938e-01 5.479434439787156033e-05
1.336798368365082195e-05 1.697346030696292264e-03 9.982384987286386790e-01 5.078725698133566607e-05
1.139268365055120751e-05 1.903126948967050983e-03 9.980331528045981448e-01 5.232756278399083925e-05
1.139647218700453425e-05 2.375438080628818407e-03 9.975506203393884608e-01 6.254510779574600800e-05
1.329556587868410819e-05 3.167659610775647692e-03 9.967363061477407804e-01 8.273867560501296705e-05
1.680905242009188223e-05 4.230764640118986168e-03 9.956415211031081069e-01 1.109052043528831085e-04
2.160685115173020858e-05 5.449811591063101826e-03 9.943852841883001892e-01 1.432973694855621213e-04
2.691411773762954180e-05 6.620733292634646723e-03 9.931766664502569286e-01 1.756861393709184364e-04
3.151240219553095461e-05 7.543185006006278802e-03 9.922221269829326618e-01 2.031756088655355097e-04
3.550919156704531631e-05 8.257155202391851939e-03 9.914819479504219935e-01 2.253876556194234042e-04
4.014235134099305855e-05 8.916833163045720032e-03 9.907945465430885168e-01 2.484779425248405502e-04
4.591180903102745490e-05 9.537317264383652141e-03 9.901367996299607066e-01 2.799712966247157363e-04
5.137263112298135891e-05 9.913280039408729760e-03 9.897147120568391410e-01 3.206352726292180789e-04
5.334561683308558424e-05 9.698957874057228742e-03 9.898886331344185496e-01 3.590633746910360251e-04
4.938631223410421071e-05 8.636743595616383148e-03 9.909376437409881389e-01 3.762263511614245500e-04
4.116837172321938113e-05 6.892862727473456075e-03 9.927039826176795589e-01 3.619862831237479297e-04
3.236940018157094697e-05 4.978392620593154010e-03 9.946695939844361067e-01 3.196439947890331468e-04
2.483960067561401944e-05 3.340408605370316381e-03 9.963733345413040565e-01 2.614172526498629526e-04
1.939832023466419133e-05 2.196688561027490983e-03 9.975762905574867556e-01 2.076225612512170226e-04
1.610552531111619960e-05 1.510010088353060543e-03 9.983034812312574502e-01 1.704031550784114988e-04
6.614420331302472390e-07 1.414013036193525848e-06 9.999180429894604094e-01 7.988155547015955032e-05
4.462287283698611031e-07 9.527071947923123405e-07 9.999247096291297154e-01 7.389143494709499746e-05
3.728993507731914557e-07 7.941841573209243460e-07 9.999263240766308458e-01 7.250883986120295406e-05
3.752948798465149711e-07 7.962992056529878418e-07 9.999253174728903737e-01 7.351093302415601571e-05
3.919907612042892716e-07 8.286055837852482708e-07 9.999272241202097344e-01 7.155528344518831570e-05
3.813019096154752056e-07 8.040846906459343062e-07 9.999345328554438694e-01 6.428175795585617679e-05
3.502322314958576136e-07 7.379652364819214732e-07 9.999440999641702188e-01 5.481183836170349202e-05
3.214524329304366726e-07 6.774524097469096543e-07 9.999523587569020266e-01 4.664233825527358844e-05
6.404876782614079764e-03 8.536348287342303623e-03 9.483462393264416868e-01 3.671253560360206863e-02
6.404107299649638985e-02 3.428611654956312260e-01 8.904582937135015197e-02 5.040519321365222183e-01
7.699987642862533843e-02 2.913295076784149784e-01 1.025311705424050146e-01 5.291394453505544604e-01
8.831255678442775925e-02 2.299530283808180475e-01 1.122589355179392095e-01 5.694754793168149698e-01
9.446522173860946725e-02 1.675813157783559992e-01 1.183390293997253068e-01 6.196144330833092129e-01
9.246881438785015117e-02 1.132337496332099930e-01 1.254573812937072042e-01 6.688400546852328876e-01
8.237409240654465503e-02 7.243484086441034919e-02 1.420701699656482242e-01 7.031208967633968410e-01
6.700959059264818829e-02 4.415480852071764634e-02 1.778235184743051367e-01 7.110120824123288275e-01
5.042465818127177951e-02 2.558981081996913876e-02 2.407422625390633897e-01 6.832432684596955186e-01
3.591141108872641929e-02 1.444405283198434489e-02 3.372549170720199330e-01 6.123896190072691814e-01
2.392911660550772410e-02 8.121562108246003012e-03 4.673009451338218101e-01 5.006483761524241904e-01
1.652075234171259191e-02 4.866874101680877460e-03 6.078169896423392116e-01 3.707953839142671959e-01
1.134094646485745740e-02 3.129387067543416574e-03 7.282011496760513181e-01 2.573285167915477789e-01
8.394275554847532156e-03 2.270366600786761710e-03 8.126220758064557348e-01 1.767132820379095082e-01
7.188637802611401277e-03 1.959060563059542882e-03 8.646480126671739486e-01 1.262042889671554091e-01
5.934630201793042979e-03 1.638055007719223287e-03 8.973806811561184649e-01 9.504663363436929857e-02
5.121565082328360073e-03 1.482900096167515678e-03 9.202492633463114080e-01 7.314627147519274508e-02
4.297976717857640745e-03 1.369401543989480540e-03 9.398887191126010787e-01 5.444390262555182103e-02
3.371976424867976791e-03 1.240349015610325498e-03 9.570917270469196936e-01 3.829594751260190222e-02
2.554651328427678947e-03 1.125870882329954928e-03 9.695785466089501536e-01 2.674093118029248831e-02
2.005610039376831341e-03 1.093046803355086742e-03 9.767580744908803680e-01 2.014326866638760719e-02
1.706871750535233784e-03 1.184973438731812354e-03 9.797794852498306062e-01 1.732866956090216640e-02
1.583922504349889087e-03 1.430932905728609077e-03 9.797536556644218519e-01 1.723148892549946840e-02
1.590721665742419544e-03 1.858743994088127294e-03 9.771923178664759790e-01 1.935821647369345005e-02
1.722979994536290261e-03 2.498478303628580768e-03 9.722228347627140943e-01 2.355570693912115154e-02
1.967526453477242126e-03 3.328515510946968969e-03 9.652166534371282580e-01 2.948730459844753002e-02
2.285646225926685898e-03 4.229786797350303974e-03 9.569333188858302197e-01 3.655124809089275312e-02
2.584619402070708130e-03 5.027014673397402732e-03 9.487975624168054622e-01 4.359080350772646939e-02
2.783306781650814968e-03 5.753213199800754143e-03 9.417384596433274746e-01 4.972502037522087692e-02
2.936181646619398164e-03 6.804408118924229476e-03 9.344633685176111371e-01 5.579604171684501152e-02
3.143602303683382809e-03 8.641138025783876367e-03 9.241349105881412340e-01 6.408034908239149119e-02
3.464555313633210787e-03 1.148788372991551426e-02 9.079329568154851371e-01 7.711460414096647786e-02
3.964337143089642634e-03 1.521942887979449432e-02 8.844615600979222059e-01 9.635467387919346982e-02
5.112664470552375114e-03 2.023099162672096010e-02 8.540658249152928150e-01 1.205905189874340033e-01
5.851242840486375364e-03 2.399452069340669152e-02 8.257352543707490167e-01 1.444189820953581394e-01
6.378961382553076723e-03 2.568287039733281596e-02 8.091504212437650168e-01 1.587877469763491756e-01
6.472376493818832351e-03 2.451032347385001184e-02 8.139861460579043140e-01 1.550311539744270162e-01
6.053803402180043571e-03 2.107745632436116429e-02 8.414883719658633465e-01 1.313803683075956685e-01
5.348213961609159586e-03 1.703722150202106184e-02 8.790970648144685873e-01 9.851749972190088078e-02
4.790278627017990724e-03 1.396581486309518387e-02 9.108184358657629431e-01 7.042547064412406355e-02
4.613516333885569164e-03 1.238304251687212011e-02 9.309497633955539087e-01 5.205367775368886091e-02
4.721979665277965810e-03 1.217606875367701659e-02 9.424118926953362063e-01 4.069005888570915302e-02
5.050293612049910723e-03 1.334450887547957050e-02 9.481046471046864488e-01 3.350055040778388699e-02
5.647992715998641569e-03 1.594234344708316334e-02 9.494116555820171222e-01 2.899800825490091855e-02
6.444891420209762287e-03 1.976695361727174097e-02 9.481678775944215598e-01 2.562027736809713990e-02
7.376874001956686827e-03 2.430240490201085110e-02 9.455744537981571884e-01 2.274626729787541241e-02
8.525110365953309996e-03 2.851331500372639161e-02 9.422343203857374005e-01 2.072725424458273652e-02
1.005092409128379057e-02 3.101532238422004262e-02 9.389139743939116656e-01 2.001977913058457931e-02
1.221791610009113904e-02 3.159155657952412988e-02 9.351573953665884842e-01 2.103313195379671527e-02
1.534439851366898450e-02 3.137863296254350676e-02 9.288663089245046134e-01 2.441065959928311047e-02
1.967134669940497071e-02 3.161394789180074077e-02 9.174571391215232685e-01 3.125756628727112407e-02
2.530854749020915867e-02 3.286182448477383694e-02 8.984742258362677925e-01 4.335540218874895518e-02
3.200014203285215381e-02 3.489827843422927539e-02 8.701132664774616776e-01 6.298831305545668502e-02
3.877576746917182904e-02 3.701924422163219153e-02 8.319253234190778779e-01 9.227966489011797668e-02
4.457666100687771721e-02 3.904977862169168451e-02 7.813740057580275122e-01 1.349995546134027391e-01
4.867889774422303611e-02 4.151828701570911551e-02 7.107338808373728778e-01 1.990689344026948804e-01
5.032386870313918653e-02 4.408363638352212621e-02 6.136569330522099186e-01 2.919355618611286785e-01
4.867770297549819242e-02 4.516299784252233995e-02 4.958603974525558900e-01 4.102989017294233487e-01
4.352225717966066304e-02 4.354238686974308548e-02 3.755003917884274789e-01 5.374349641621688489e-01
3.593357034080159329e-02 3.904435108443390229e-02 2.729524421970926928e-01 6.520696363776716797e-01
2.790258872397009121e-02 3.279015272640685430e-02 1.984884937703853547e-01 7.408187647792378039e-01
2.110820727514935158e-02 2.678026658894009163e-02 1.503283286826159193e-01 8.017831974532945161e-01
1.616496657808824330e-02 2.233028030558457944e-02 1.201423352050994403e-01 8.413624179112277890e-01
1.273495474582878560e-02 1.935321946443968946e-02 9.929967586088078724e-02 8.686121499288508296e-01
1.033035989657446127e-02 1.720873686278873854e-02 8.275570838496661141e-02 8.897051948556702339e-01
8.664932492610891504e-03 1.544043844283764060e-02 6.875198181874989101e-02 9.071426472458020696e-01
7.558196528273049102e-03 1.394603485455100760e-02 5.702081192650083202e-02 9.214749566906751399e-01
6.853560973151982469e-03 1.278541241331954473e-02 4.731819263622638605e-02 9.330428339773019220e-01
6.405732147254967687e-03 1.197408309737171134e-02 3.932025272305415819e-02 9.422999320323188766e-01
6.075585150392241729e-03 1.140991237526185753e-02 3.271558361809746157e-02 9.497989188562486751e-01
5.787943344841406552e-03 1.099898516830757900e-02 2.731312080383550833e-02 9.558999506830155868e-01
5.633133379158665639e-03 1.089998708057104623e-02 2.330752933908125657e-02 9.601593502011893655e-01
1.400059617018115654e-01 6.034812015591189960e-01 2.265179728758181799e-01 2.999486386325101936e-02
1.327710924882574139e-01 1.295477084712140514e-01 4.476851466889267273e-02 6.929126843716361117e-01
1.431230488445539573e-01 1.461763346288884047e-01 5.266728048805208173e-02 6.580333360385057784e-01
1.572681241573479216e-01 1.657924112132484473e-01 6.297831281216702271e-02 6.139611518172360949e-01
1.752511090055332843e-01 1.876676544808948410e-01 7.588740872038049479e-02 5.611938277931917129e-01
1.955819082916104845e-01 2.094269818194914867e-01 9.109702906379188447e-02 5.038940808251057835e-01
2.159662329403896908e-01 2.278286744372057249e-01 1.077319764730352986e-01 4.484731161493693552e-01
2.357071627190013841e-01 2.405478962487437866e-01 1.244316467853499586e-01 3.993132942469054258e-01
2.551787738337433775e-01 2.464634129505299254e-01 1.402421003724980964e-01 3.581157128432289061e-01
2.732655822942710033e-01 2.444333355741166447e-01 1.560465750768033621e-01 3.262545070548088511e-01
2.877919588655885041e-01 2.397795337204768340e-01 1.704908390726597167e-01 3.019376683412748341e-01
2.982607952401604146e-01 2.361645609967515658e-01 1.848881988599454240e-01 2.806864449031426512e-01
3.039474164933420597e-01 2.369178046715874897e-01 2.001431116091370310e-01 2.589916672259334196e-01
3.032196864677387249e-01 2.435470541213926310e-01 2.180108415330908878e-01 2.352224178777775621e-01
2.937654661482100305e-01 2.564987056095349161e-01 2.400378943461173586e-01 2.096979338961377504e-01
2.743450282274845775e-01 2.739974209080972001e-01 2.679559281595380038e-01 1.837016227048803296e-01
2.437173440768131971e-01 2.967413148084958596e-01 3.005804531352902487e-01 1.589608879794008611e-01
2.052250919319610345e-01 3.230171072013897637e-01 3.348566241483170169e-01 1.369011767183322403e-01
1.643037890323974792e-01 3.544974250130550897e-01 3.640718213116068691e-01 1.171269646429409367e-01
1.275390396537018078e-01 3.912259757384178305e-01 3.829936003355546292e-01 9.824138427232567694e-02
9.660860850677187306e-02 4.323302915886843012e-01 3.915412053289776262e-01 7.951989457556615792e-02
7.087219670304183150e-02 4.765795624320288693e-01 3.908238920308826914e-01 6.172434883404654543e-02
5.132922700282553652e-02 5.266890687173920726e-01 3.759726171258953031e-01 4.600908715388708076e-02
3.679083994775076555e-02 5.874122492625495351e-01 3.426455277443032910e-01 3.315138304539645003e-02
2.615995739585984595e-02 6.545242727047619891e-01 2.958347518362826056e-01 2.348101806309551426e-02
1.863520850011836025e-02 7.162157598352847376e-01 2.484015331694825468e-01 1.674749849511451144e-02
1.366204871656751321e-02 7.605254036363754411e-01 2.133238003740506317e-01 1.248874727300628394e-02
1.027048971933880624e-02 7.821202722642303096e-01 1.974915935817494195e-01 1.011764443468153585e-02
9.080406262879479537e-03 7.808307593635396282e-01 2.009581772498173213e-01 9.130657123763499805e-03
8.930656322897563212e-03 7.594861620812697334e-01 2.226897493593125721e-01 8.893432236520481746e-03
9.727606147893801125e-03 7.162060192950836512e-01 2.649275432913829609e-01 9.138831265639415016e-03
1.008835605768442292e-02 6.487761728918385318e-01 3.316754719580372046e-01 9.459999092440047122e-03
1.087193965929794150e-02 5.549688611764465040e-01 4.245897258162110166e-01 9.569473348044671424e-03
1.107940449621860196e-02 4.412048585448757887e-01 5.385972365691391595e-01 9.118500389766416928e-03
1.029054614119834232e-02 3.252520797408805509e-01 6.563261607807979736e-01 8.131213337123219947e-03
8.606485007688399053e-03 2.306196471127224812e-01 7.540043187706007011e-01 6.769549108988291188e-03
6.546956654114447112e-03 1.652354661568456728e-01 8.230324621415058273e-01 5.185115047533919198e-03
4.693923422809324897e-03 1.203209121363611328e-01 8.713022896023683295e-01 3.682874838461521177e-03
3.250864554032439728e-03 8.550342362019582032e-02 9.087938677822690048e-01 2.451844043502765958e-03
2.168514015751826351e-03 5.624817903514484074e-02 9.400666272589368599e-01 1.516679690166551457e-03
1.572516161832300530e-03 3.361780369940874091e-02 9.639090527523200835e-01 9.006273864386145963e-04
9.328952766661926599e-04 1.903653309253204237e-02 9.795227577318584844e-01 5.078138989434436345e-04
6.222397508875871517e-04 1.078801551495255258e-02 9.882918005114573745e-01 2.979442227027317091e-04
4.651569210869753446e-04 6.438229405916575700e-03 9.929086806915148333e-01 1.879329814818224398e-04
3.986280526009452932e-04 4.256709087763535168e-03 9.952080264682735544e-01 1.366363913618019721e-04
4.013394809216960899e-04 3.230565471281201910e-03 9.962474802965404219e-01 1.206147512568676356e-04
4.699007821767295107e-04 2.843817304238886474e-03 9.965580488289860206e-01 1.282330845981349517e-04
6.185938639313046062e-04 2.870571478893942010e-03 9.963546885670180320e-01 1.561460901566548659e-04
8.950552380291079951e-04 3.290838836049369415e-03 9.956056786583310503e-01 2.084272675906503913e-04
1.442142842564983051e-03 4.338810630284344917e-03 9.939139837683146350e-01 3.050627588360541476e-04
2.610933668340734929e-03 6.459605775334222380e-03 9.904427652246849956e-01 4.866953316401552670e-04
5.176846078947971996e-03 1.010768286939955560e-02 9.839063802331518005e-01 8.090908185010031338e-04
1.175343933469077951e-02 1.480532819881140612e-02 9.720519558801697935e-01 1.389276586328138004e-03
2.383374722411148866e-02 2.164014687302912715e-02 9.522992943198934634e-01 2.226811582965605458e-03
4.720198503951349156e-02 3.103222847477081839e-02 9.182142919133072789e-01 3.551494572408598911e-03
8.853818480411822234e-02 4.340522652835802214e-02 8.624472185685958525e-01 5.609370098927846625e-03
1.521948134960870169e-01 5.798792396901655821e-02 7.812042614229032234e-01 8.613001111993152936e-03
2.376158571260332253e-01 7.272716337282368604e-02 6.768523576255829344e-01 1.280462187556044747e-02
3.375906523959792405e-01 8.570108227382644550e-02 5.584020506434054232e-01 1.830621468678883534e-02
4.424433813997490361e-01 9.500946462381622271e-02 4.377309186719648415e-01 2.481623530446993089e-02
5.409864592533822902e-01 1.016371422712899070e-01 3.256039010653058452e-01 3.177249741002195066e-02
6.201828747162723143e-01 1.083617888104269900e-01 2.327740170570282707e-01 3.868131941627209192e-02
6.710893398828186029e-01 1.185940388425592990e-01 1.640624789747158752e-01 4.625414229990628540e-02
6.885380470414759202e-01 1.353432707475777375e-01 1.193212004641133195e-01 5.679748174683311307e-02
6.798854936156677464e-01 1.553581917855335892e-01 9.220363595755265429e-02 7.255267864124587129e-02
6.492474061028984389e-01 1.795160950470920946e-01 7.630129964567645973e-02 9.493519920433310388e-02
6.056364036973429510e-01 2.042667737570354747e-01 6.649580781853420275e-02 1.236010147270875242e-01
5.618407224056408689e-01 2.216151307864346887e-01 5.942743007244322140e-02 1.571167167354811378e-01
5.290315659857552921e-01 2.224601079941507520e-01 5.362631995447227767e-02 1.948820060656213660e-01
5.111931482058610365e-01 2.033746388692258544e-01 4.898990007604908659e-02 2.364423128488639392e-01
5.063915778588796712e-01 1.707654792993981152e-01 4.520929549431527972e-02 2.776336473474070865e-01
5.040749171561389463e-01 1.417899874627457923e-01 4.361894251979227255e-02 3.105161528613229471e-01
8.019939660721713270e-01 4.073934063799099919e-02 3.534550408023554025e-02 1.219211892096018907e-01
2.170877952801537197e-03 4.374939353364327814e-03 9.855110061759599915e-01 7.943176517874158196e-03
1.245106508349284706e-03 2.479844357382341314e-03 9.880680006924136283e-01 8.207048441855081811e-03
7.608012491962892233e-04 1.468948059513044968e-03 9.888477679569620538e-01 8.922482734328881365e-03
5.129620909618305691e-04 9.204398904331081077e-04 9.885168223369791285e-01 1.004977568162598173e-02
1.033102223039927717e-04 1.083565107196190385e-04 9.881785124564320677e-01 1.160982081054436066e-02
1.348593868093498813e-04 1.361290363214882947e-04 9.863882810058413053e-01 1.334073057102783816e-02
1.714961687460314567e-04 1.693264749373549584e-04 9.845944601158298504e-01 1.506471724048655259e-02
1.981017993672773740e-04 1.939196034116704272e-04 9.834002878806894499e-01 1.620769071653163640e-02
1.933990191911007174e-04 1.899067327809747280e-04 9.835732267217175417e-01 1.604346752631039333e-02
1.566007993235269758e-04 1.557959205999844498e-04 9.852090755463676075e-01 1.447852773370905156e-02
1.116754779146856267e-04 1.134993161913691947e-04 9.874896020981258626e-01 1.228522310776788279e-02
7.879290339267554049e-05 8.230008733043527708e-05 9.894485363656102539e-01 1.039037064366669927e-02
6.252042975971093628e-05 6.736654505177940456e-05 9.905477073894655149e-01 9.322405635723039069e-03
5.966990786182467874e-05 6.655636215638966629e-05 9.907209945913914018e-01 9.152779138590387206e-03
1.510874180407583941e-04 8.353488719998696356e-04 9.892891977441636842e-01 9.724365965795492631e-03
2.047522864616265490e-04 1.406193837479808835e-03 9.871991048257899859e-01 1.118994905026864280e-02
3.293996583365448603e-04 2.666804035216415771e-03 9.830335382620895013e-01 1.397025804435752735e-02
6.034179707615261500e-04 5.556947385399226003e-03 9.754503783344593559e-01 1.838925630938018779e-02
1.201670681665904664e-03 1.225586987930315022e-02 9.618912273422217662e-01 2.465123209680919122e-02
2.663209372793278601e-03 2.576903877204247267e-02 9.386888694043101777e-01 3.287888245085380384e-02
5.489862324138511038e-03 5.547415218116248659e-02 8.955340373328491976e-01 4.350194816184986546e-02
1.100702479084440626e-02 1.086110455772045374e-01 8.246643090436063250e-01 5.571762058834473647e-02
2.104232217440666491e-02 1.816098486657869160e-01 7.281945113740280195e-01 6.915331778577851751e-02
3.936722301144451874e-02 2.584754548685140874e-01 6.158553099519914475e-01 8.630201216804984921e-02
7.189585214609320318e-02 3.237057454818229041e-01 4.958918227994770778e-01 1.085065795726069121e-01
1.248290696338105743e-01 3.641068218496385511e-01 3.769126620186757926e-01 1.341514464978750543e-01
2.011487619951956018e-01 3.682454412743075278e-01 2.709242343530865460e-01 1.596815623774103521e-01
2.982451570773543836e-01 3.313256112936170950e-01 1.905667571132376170e-01 1.798624745157907934e-01
3.977997985644159407e-01 2.784883217598776994e-01 1.318478511463305747e-01 1.918640285293757852e-01
4.812009984155629083e-01 2.273869492152744698e-01 9.220865679707318519e-02 1.992033955720893257e-01
5.383730090891186704e-01 1.875040558749128949e-01 6.551889525508669543e-02 2.086040397808814617e-01
5.679409535329884573e-01 1.584189885306828693e-01 4.874389560756614559e-02 2.248961623287625000e-01
5.726854072195437517e-01 1.391240389795295462e-01 3.852629749863430153e-02 2.496642563022925809e-01
5.594917138189912098e-01 1.286409794380294624e-01 3.272130966733900748e-02 2.791459970756406950e-01
5.388789412393192313e-01 1.258409523730140422e-01 2.987612847305147826e-02 3.054039779146156541e-01
5.185026318356881214e-01 1.298679393540664029e-01 2.941143027770684940e-02 3.222179985325384632e-01
4.982551445048014060e-01 1.408737957092818793e-01 3.153095057995117245e-02 3.293401092059653479e-01
4.752524761659930319e-01 1.586780366669867381e-01 3.634740076292978378e-02 3.297220864040905086e-01
4.527400108408528023e-01 1.804660144787278153e-01 4.285122437888131547e-02 3.239427503015380183e-01
4.328191378899364783e-01 2.037621995987429768e-01 5.058239922535427702e-02 3.128362632859663095e-01
4.127894004187783739e-01 2.279155149992951324e-01 6.017710915266497040e-02 2.991179754292611626e-01
3.894705420450054190e-01 2.534912999459787430e-01 7.233927160460508488e-02 2.846988864044106005e-01
3.648124001258435944e-01 2.790000360967955784e-01 8.615955273850411933e-02 2.700280110388570409e-01
3.344338184468089170e-01 3.089254102455519790e-01 1.019393262995379607e-01 2.547014450081012682e-01
3.030354019885041494e-01 3.403308996186939495e-01 1.181491523159701185e-01 2.384845460768313663e-01
2.737547718033833122e-01 3.728171869592717957e-01 1.320519914336936163e-01 2.213760498036513036e-01
2.507026241151552592e-01 4.063563991203665293e-01 1.400219083992091662e-01 2.029190683652691563e-01
2.371604132155256672e-01 4.406999921969799172e-01 1.393116395348017178e-01 1.828279550526924757e-01
2.366620204070947753e-01 4.706665339741075704e-01 1.297131851141864745e-01 1.629582605046109856e-01
2.548267361260563857e-01 4.835997132215508199e-01 1.140226310059106324e-01 1.475509196464818151e-01
2.985504461973692569e-01 4.663925349329552383e-01 9.558293037668431913e-02 1.394740884929908387e-01
3.720107168192189340e-01 4.139176701855991070e-01 7.614683030479449388e-02 1.379247826903874652e-01
4.702019307112565993e-01 3.328940468978832667e-01 5.694750066773390795e-02 1.399565217231261427e-01
5.742835311082145067e-01 2.418616466021128730e-01 4.016405162627705722e-02 1.436907706633954729e-01
6.560437827489131735e-01 1.653491863357755831e-01 2.812665873473180547e-02 1.504803721805797467e-01
7.048975409605695575e-01 1.119720014320281787e-01 2.045550634127708475e-02 1.626749512661249952e-01
7.230733066402559306e-01 7.961081294058154623e-02 1.591296429012418329e-02 1.814029161290384440e-01
7.181868762689914698e-01 6.181119517608705399e-02 1.346609402038946579e-02 2.065358345345320035e-01
6.997020628694172739e-01 5.203522866947116188e-02 1.239628172876139356e-02 2.358664267323502262e-01
6.756196569091081905e-01 4.737530462173764056e-02 1.228924902201273574e-02 2.647157894471415807e-01
6.525360849377592753e-01 4.548384455557477613e-02 1.271976957038902130e-02 2.892603009362771926e-01
6.332544271088892396e-01 4.500695040296713578e-02 1.349875305728894491e-02 3.082398694308546294e-01
6.182511231545552155e-01 4.484686467747101002e-02 1.447985023501288659e-02 3.224221619329608601e-01
6.055198996144628421e-01 4.456229186548171795e-02 1.564945884027572898e-02 3.342683496797795861e-01
5.920780696101751728e-01 4.411261166013046714e-02 1.706215617404656729e-02 3.467471625556477477e-01
5.750139728521811433e-01 4.366035860686293818e-02 1.886778387066456036e-02 3.624578846702913859e-01
5.528094891477021156e-01 4.358585429025728375e-02 2.136704173404609455e-02 3.822376148279947872e-01
5.256586676375084588e-01 4.446348224417073086e-02 2.502150126975384234e-02 4.048563488485668604e-01
4.955644152275058278e-01 4.729205044240970823e-02 3.077217370151053705e-02 4.263713606285739477e-01
4.672411557710232088e-01 4.989069671136399375e-02 3.674736022588141748e-02 4.461207872917317130e-01
4.406151099510360880e-01 5.168613439431639367e-02 4.274861349594494958e-02 4.649501421587024508e-01
2.334873519422918375e-02 1.356032642963291845e-01 8.381148495932111420e-01 2.933150916230291110e-03
2.723052329563050572e-02 1.701633147563675896e-01 7.995426353976466949e-01 3.063526550355154254e-03
3.195715898090005502e-02 2.296453685016085766e-01 7.350208640339574995e-01 3.376608483534159454e-03
3.749466738771339153e-02 3.202866907515576900e-01 6.384360280177904245e-01 3.782613842938558138e-03
4.234809018739415371e-02 4.384944887078993103e-01 5.149897274354992005e-01 4.167693669207353686e-03
4.497387340477438517e-02 5.680813543415835776e-01 3.823640214026681194e-01 4.580750850974088691e-03
4.494757163853772136e-02 6.852421069799493614e-01 2.646013746674844569e-01 5.208946714028557523e-03
4.344214555786175130e-02 7.717099604112016564e-01 1.785972498724681390e-01 6.250644158468448078e-03
4.107382829471203922e-02 8.265585738283566242e-01 1.245435642911183194e-01 7.824033585813029365e-03
4.137509091586780152e-02 8.553931890263941629e-01 9.310212610459064897e-02 1.012959395314745603e-02
4.061307158222120933e-02 8.709068667100788863e-01 7.541867162974237593e-02 1.306139007795733588e-02
4.112914267322751588e-02 8.758347287742738185e-01 6.642934064004114847e-02 1.660678791245753447e-02
4.214648476112258652e-02 8.734824173691337901e-01 6.391027575688407181e-02 2.046082211285947874e-02
4.377737628874978776e-02 8.645417472231867739e-01 6.705463822230876836e-02 2.462623826575462832e-02
4.557595882373471213e-02 8.515633519858968326e-01 7.403734367646096215e-02 2.882334551390751398e-02
4.642118688948067978e-02 8.397615700279598139e-01 8.158117911522150267e-02 3.223606396733798285e-02
4.561834313673355373e-02 8.333358705749868145e-01 8.690068759837198120e-02 3.414509868990708158e-02
4.336485883171600081e-02 8.334866584740578954e-01 8.876501045471602014e-02 3.438347223951038895e-02
4.054872910092618965e-02 8.380497021895990661e-01 8.782455027939986558e-02 3.357701843007499659e-02
3.803717929694132305e-02 8.435703904741376213e-01 8.574093356967048274e-02 3.265149665925029532e-02
3.634352242577870012e-02 8.475846252177373641e-01 8.383090010637979372e-02 3.224095225010419064e-02
3.583034483420575317e-02 8.485732747078876814e-01 8.286545767697299503e-02 3.273092278093345936e-02
3.633621763898482737e-02 8.474382223137781889e-01 8.243972119777351337e-02 3.378583884946349813e-02
7.119628040158065829e-02 3.562296891229747020e-01 1.525974824889357595e-02 5.573142822265509944e-01
8.467358621621073889e-02 4.043619875112594575e-01 1.591344979909515428e-02 4.950509764734346563e-01
1.026625473492060736e-01 4.443986936625637374e-01 1.683565245994601833e-02 4.361031065282839903e-01
1.262115844089228001e-01 4.719392508399188890e-01 1.827803385662997090e-02 3.835711308945284892e-01
1.546241627392564433e-01 4.844523199329622276e-01 2.035050088740119820e-02 3.405730164403802940e-01
1.847629585045469647e-01 4.833830639391409889e-01 2.291891331364994538e-02 3.089350642426622606e-01
2.104678975693674015e-01 4.712356083172383747e-01 2.602011873799990258e-02 2.922763753753940819e-01
2.287315568992736858e-01 4.496254636263637972e-01 2.948504617049659340e-02 2.921579333038658577e-01
2.361686147731809626e-01 4.272646570798535604e-01 3.354536511361275175e-02 3.030213630333527530e-01
2.361426174584175253e-01 4.104097980317578664e-01 3.805311803605700843e-02 3.153944664737673986e-01
2.329755650991924831e-01 4.015781563085887851e-01 4.284472582669796720e-02 3.226015527655207715e-01
2.307494270476994902e-01 3.973490129412162730e-01 4.764184196353885709e-02 3.242597180475454421e-01
2.258672370546892794e-01 3.950657032929272283e-01 5.299337882921475312e-02 3.260736808231687323e-01
2.158782696138159540e-01 3.904207252493921421e-01 5.970547609123472849e-02 3.339955290455571824e-01
1.969267167913175409e-01 3.827910376692468253e-01 6.937867950832850295e-02 3.509035660311067284e-01
1.689375973117322738e-01 3.723250390223710737e-01 8.419361239435177446e-02 3.745437512715447670e-01
1.360556860588795214e-01 3.568877380040740843e-01 1.080222108478510745e-01 3.990343650891951532e-01
1.044880589080054850e-01 3.345947068681583980e-01 1.477151631615797323e-01 4.132020710622563153e-01
7.833412727523965391e-02 3.086051838940764847e-01 2.097724586971005389e-01 4.032882301335836139e-01
5.723471423799465080e-02 2.803926704226824551e-01 2.948494278573729477e-01 3.675231874819501754e-01
3.964257991137721399e-02 2.458811718054580153e-01 3.983147681653425587e-01 3.161614801178221912e-01
2.567216626350297959e-02 2.042210252229947343e-01 5.121905052456141583e-01 2.579163032678875034e-01
1.607156437806412860e-02 1.661024287382607267e-01 6.198037103527156422e-01 1.980222965309592076e-01
1.032035651765563118e-02 1.403426079122850334e-01 7.049556275226726010e-01 1.443814080473865002e-01
7.055730155022968061e-03 1.260161961411075948e-01 7.641475576329297414e-01 1.027805160709396870e-01
5.241344917371918224e-03 1.195512600629855537e-01 8.015136975926333562e-01 7.369369742700877801e-02
4.355598531700520873e-03 1.181649219422813563e-01 8.225236278240403154e-01 5.495585170197823249e-02
4.151127109176920224e-03 1.202922281472477428e-01 8.319397170360467442e-01 4.361692770752807757e-02
4.541450092925569844e-03 1.249139732782134221e-01 8.334472230530602932e-01 3.709735357580078857e-02
5.604804079281813442e-03 1.301354895920107668e-01 8.303793961766406939e-01 3.388031015206637020e-02
7.749050724590317817e-03 1.356029735082993348e-01 8.230993375369125564e-01 3.354863823019783864e-02
1.205091632623906533e-02 1.458460235050176856e-01 8.057280615692195003e-01 3.637499859952367937e-02
2.024093107264994876e-02 1.670724075797560271e-01 7.699199716608225996e-01 4.276668968677158067e-02
3.512216128299953943e-02 1.964633829686505684e-01 7.156853368547847483e-01 5.272911889356506759e-02
5.729497528022484132e-02 2.315647196396523055e-01 6.450681233363542155e-01 6.607218174376852660e-02
8.395783234705592180e-02 2.655137458473103007e-01 5.699065464213555199e-01 8.062187538427827149e-02
1.119392744000244216e-01 2.953462347651964470e-01 4.984796219523174865e-01 9.423486888246188076e-02
1.368275171655549405e-01 3.194457163945033096e-01 4.381844470289609217e-01 1.055423194109807034e-01
1.560340393309489759e-01 3.364722703925737690e-01 3.932710536267845503e-01 1.142226366496926354e-01
1.699280041478525849e-01 3.458913241864381982e-01 3.632334795407589079e-01 1.209471921249505588e-01
1.769386554197250605e-01 3.500406295132269530e-01 3.462106184875243242e-01 1.268100965795239399e-01
1.789984488100656856e-01 3.483804525180111411e-01 3.395302658207388080e-01 1.330908328511846150e-01
1.769506416977602303e-01 3.427546627342132890e-01 3.400991086959020415e-01 1.401955868721244947e-01
1.723587213865473700e-01 3.362878026258290798e-01 3.436025032062527962e-01 1.477509727813708929e-01
1.670946698352766546e-01 3.314179206751936557e-01 3.458596234748336773e-01 1.556277860146959846e-01
1.623936436238543890e-01 3.303792920201170658e-01 3.435227311942135597e-01 1.637043331618150688e-01
1.588140217627878881e-01 3.360222994547716890e-01 3.342971373919674805e-01 1.708665413904728869e-01
1.561278270381677713e-01 3.483481521417667870e-01 3.191311252864840187e-01 1.763928955335810622e-01
1.531578198381277345e-01 3.620088160242935782e-01 3.041005010669018960e-01 1.807328630706765971e-01
1.487544326759747404e-01 3.702684329942226849e-01 2.965114684802141465e-01 1.844656658495885115e-01
1.425711654170043197e-01 3.699133308221816963e-01 2.998260129801529339e-01 1.876894907806612445e-01
1.347423189765505069e-01 3.632213637908549564e-01 3.129504150297050535e-01 1.890859022028894554e-01
1.253530584716895380e-01 3.530177173606486862e-01 3.340432262699271626e-01 1.875859978977344467e-01
1.144235053554048531e-01 3.398142330001770461e-01 3.626927275832022568e-01 1.830695340612158717e-01
1.023197901346250688e-01 3.233472241354001242e-01 3.983103874376145437e-01 1.760225982923603327e-01
8.996408027181471145e-02 3.042932706273423493e-01 4.386741493331972608e-01 1.670684997676458727e-01
7.904282569045165130e-02 2.866673832432148905e-01 4.776982488173764363e-01 1.565915422489567999e-01
7.132995256100196912e-02 2.779516182370635469e-01 5.048612918440363861e-01 1.458571373578984032e-01
6.706531660667611194e-02 2.844588156464558648e-01 5.110234205528509932e-01 1.374524471940168913e-01
6.487652071373688212e-02 3.083998205697634498e-01 4.937549208404720669e-01 1.329687378760273930e-01
6.268251717290192204e-02 3.482415909994001080e-01 4.577329485467189762e-01 1.313429432809790909e-01
5.910721641254335773e-02 3.992036782822591112e-01 4.106091717187868029e-01 1.310799335864105131e-01
5.437523452455472056e-02 4.548394439539873435e-01 3.591818971002718741e-01 1.316034244211859439e-01
4.971971088316631121e-02 5.083407538652224833e-01 3.094059296164473616e-01 1.325336056351638925e-01
4.617540906959952118e-02 5.555123438968767591e-01 2.658500316320200341e-01 1.324622154015039632e-01
4.386652652953323267e-02 5.966280613950664113e-01 2.294125503334234761e-01 1.300928617419766231e-01
4.524378060655162570e-02 6.280500764141032644e-01 1.994234095624399516e-01 1.272827334169052693e-01
4.972950283824336543e-02 6.515428794754628550e-01 1.724070312283141893e-01 1.263205864579794169e-01
5.603947702711140760e-02 6.700006620583743855e-01 1.465567963727777145e-01 1.274030645417365548e-01
6.538897224764503302e-02 6.810704482103394630e-01 1.243545115336725793e-01 1.291860680083428969e-01
7.719119251928296954e-02 6.873339665286828382e-01 1.064811872010917176e-01 1.289936537509425440e-01
9.082506991889351122e-02 6.914674415179630218e-01 9.240794579273775566e-02 1.252995427704056697e-01
1.056249304683089252e-01 6.934203842182772304e-01 8.155895092511666888e-02 1.193957343882971894e-01
1.211863455269223538e-01 6.917592574441657760e-01 7.387568387633752787e-02 1.131787131525744533e-01
1.364911047687873136e-01 6.867619187765230393e-01 6.916338014935233258e-02 1.075835963053375088e-01
1.503479629897039316e-01 6.797890950126656007e-01 6.645165249256385076e-02 1.034112895050667141e-01
1.621587865494996394e-01 6.714253750058734038e-01 6.456739469904702877e-02 1.018484437455801916e-01
1.714908888062318670e-01 6.616965062779585072e-01 6.310267151733689461e-02 1.037099333984730642e-01
1.780253253478673026e-01 6.515307517234801837e-01 6.217699518454167240e-02 1.082669277441107025e-01
1.831503380712157514e-01 6.398284737051881388e-01 6.285927803782218048e-02 1.141619101857737351e-01
1.895894567804447817e-01 6.211548125241687091e-01 6.769398347148707085e-02 1.215617472238993135e-01
1.978763104675970996e-01 5.921927842622424221e-01 7.889760118521649268e-02 1.310333040849440689e-01
2.051909729309742692e-01 5.569784009322449325e-01 9.645423594050413219e-02 1.413763901962770131e-01
2.086774255618132623e-01 5.213248796368942228e-01 1.189989860594406756e-01 1.509987087418517560e-01
2.078965847275004164e-01 4.892582171797193458e-01 1.442171888849698991e-01 1.586280092078099502e-01
2.042633174932112772e-01 4.622869068287119854e-01 1.699424580000045981e-01 1.635073176780720006e-01
1.998772241960967144e-01 4.396573479714321331e-01 1.953097867970266244e-01 1.651556410354448612e-01
1.955100219189076505e-01 4.217209510603474598e-01 2.187860796705685396e-01 1.639829473501765722e-01
1.899623249717145579e-01 4.104197208546425668e-01 2.369349446216038879e-01 1.626830095520390429e-01
