6.609105791371296945e-01 3.184481515905748794e-01 1.911765075512283224e-02 1.523618517172635250e-03
1.027048761329540510e-01 5.649637880103992593e-01 3.217805668319050350e-01 1.055076902474152284e-02
7.991490111566826315e-02 5.577888524423237904e-01 3.540773378986436515e-01 8.218908543364471936e-03
6.399623806711088325e-02 5.401186886236853946e-01 3.891283097884179476e-01 6.756763520785773712e-03
5.335184398073840317e-02 5.131842094806834398e-01 4.275860481911217259e-01 5.877898347456279350e-03
4.655242337044841056e-02 4.808351761024257653e-01 4.671925195325729030e-01 5.419880994552906360e-03
4.257263807732512839e-02 4.490095174155636637e-01 5.030756148221838808e-01 5.342229684927188305e-03
4.076638665915581494e-02 4.243712366585557505e-01 5.291726988437467361e-01 5.689677838541647333e-03
4.070879182829372639e-02 4.115723463434813878e-01 5.411731723828527851e-01 6.545689445372319254e-03
4.191845580526988579e-02 4.099365731775015398e-01 5.400968773611345419e-01 8.048093656093954426e-03
4.372654474601234131e-02 4.124827484347397544e-01 5.333293747781351346e-01 1.046133204111267603e-02
4.541397168068530416e-02 4.082191083833671130e-01 5.324313128883474411e-01 1.393560704760068644e-02
4.657529522334693389e-02 3.887960272482834378e-01 5.461940184729149328e-01 1.843465905545468159e-02
4.718241764981283975e-02 3.548448978827013489e-01 5.745637557748796143e-01 2.340892869260581544e-02
4.782243871204977514e-02 3.136815478897850840e-01 6.105753931485476960e-01 2.792062024961725064e-02
4.910787869369374198e-02 2.717643891962819302e-01 6.480407525524126688e-01 3.108697955761135015e-02
5.086617179225697005e-02 2.318138525096864189e-01 6.850785893679620653e-01 3.224138633009449029e-02
5.242617152047410883e-02 1.952513331817339326e-01 7.213149556294546905e-01 3.100753966833743464e-02
5.321921824056367184e-02 1.629859040432815598e-01 7.561601481954102200e-01 2.763472952074428474e-02
5.306732521351848614e-02 1.350784788160003247e-01 7.890702813301729845e-01 2.278391464030827401e-02
5.222742923397544895e-02 1.115871250295789874e-01 8.186462737645568977e-01 1.753917197188881172e-02
5.088535096147746295e-02 9.291515318080133257e-02 8.431679327830534643e-01 1.303156307466799523e-02
4.883421913971427997e-02 7.846312351877031410e-02 8.629976275507326156e-01 9.705029790782708846e-03
4.542557985476210203e-02 6.641076741778849379e-02 8.808087927384329330e-01 7.354859989016545793e-03
4.024159728452855744e-02 5.531040105076000246e-02 8.988049187474307367e-01 5.643082917280660936e-03
3.416524268995679847e-02 4.598592591366491150e-02 9.153358581812790495e-01 4.512973215099714934e-03
2.920322958855641957e-02 4.103704107643599275e-02 9.257007630608635740e-01 4.058966274143947783e-03
2.656211415263040609e-02 4.246125766954367275e-02 9.267302085670530154e-01 4.246419610772774779e-03
2.603196755673552881e-02 5.190837801794791206e-02 9.170066913117742580e-01 5.052963113542532740e-03
2.689537080398087324e-02 7.146678742547647734e-02 8.951369161332070057e-01 6.500925637335485882e-03
2.863355160141905012e-02 1.041730516902455717e-01 8.583806463988952196e-01 8.812750309440026825e-03
3.086519369243054603e-02 1.532295488109270687e-01 8.034110019061082575e-01 1.249425559053399769e-02
3.295474604909632427e-02 2.186812208469266772e-01 7.302608751127687148e-01 1.810315799120830807e-02
3.407966788040189821e-02 2.905151464361191427e-01 6.496143217794611013e-01 2.579086390401787859e-02
3.386133447519033834e-02 3.454161160151735799e-01 5.846581447369774143e-01 3.606440477265840383e-02
3.301232719075853500e-02 3.589420832250408422e-01 5.560882835498203169e-01 5.195730603438036832e-02
3.240464775882670456e-02 3.256920580717929670e-01 5.632387741759974364e-01 7.866451999338283652e-02
3.177380907374868085e-02 2.667257540329469045e-01 5.802323960093821453e-01 1.212680408839227203e-01
3.042716766214974972e-02 2.105524530966850771e-01 5.760322626762701681e-01 1.829881165648951924e-01
2.827725121654411575e-02 1.705284193460272768e-01 5.398477021788404828e-01 2.613466272585881489e-01
2.606161163418056412e-02 1.445029407876637362e-01 4.856530566625144041e-01 3.437823909156410562e-01
2.419838576234827759e-02 1.288162881953829053e-01 4.289760479066577759e-01 4.180092781356107845e-01
2.285575975540219545e-02 1.184926393357297325e-01 3.787059910447482247e-01 4.799456098641198265e-01
2.271891080577104552e-02 1.115224468773290956e-01 3.413175325278221539e-01 5.244411097890774309e-01
2.331918602412526298e-02 1.112862724458125868e-01 3.207253403856915597e-01 5.446692011443711179e-01
2.568433386578707067e-02 1.190899692532016441e-01 3.178032994986600968e-01 5.374223973823515355e-01
3.026451903280363842e-02 1.356410972841875229e-01 3.281463380866310731e-01 5.059480455963779599e-01
3.785740006299772448e-02 1.612502015814470946e-01 3.442920060293323536e-01 4.566003923262230146e-01
4.923401441993259520e-02 1.965939599429183116e-01 3.561921965372607524e-01 3.979798290998879939e-01
6.537537792000508441e-02 2.380146981386383753e-01 3.554945550355994577e-01 3.411153689057572769e-01
8.334082086839501857e-02 2.862765204347650916e-01 3.393076783124250873e-01 2.910749803844150385e-01
1.007610047722109770e-01 3.427413009650482345e-01 3.099770190624597799e-01 2.465206752002812585e-01
1.168452794947075629e-01 4.070861327512904082e-01 2.708100664999035234e-01 2.052585212540986026e-01
1.341283039351316986e-01 4.717922653345382744e-01 2.273737665579914358e-01 1.667056641723385912e-01
1.512243128209428134e-01 5.337986226152988678e-01 1.838324488824135405e-01 1.311446156813449448e-01
1.667391948074587182e-01 5.864755087745389117e-01 1.467510103640647379e-01 1.000342860539375073e-01
1.777307938974942714e-01 6.285123667526274494e-01 1.191031575430283040e-01 7.465368180684975319e-02
1.816764669324839598e-01 6.630810511506838312e-01 1.002245596886970069e-01 5.501792222813552818e-02
1.773313265382247261e-01 6.946827891195529459e-01 8.785312185818844322e-02 4.013276248403409296e-02
1.624090010155277153e-01 7.295830311307134330e-01 7.919634395356238421e-02 2.881162390019676584e-02
1.365409695041405747e-01 7.704376967825572464e-01 7.234562072800505839e-02 2.067571298529747789e-02
1.079841160125328964e-01 8.102787416436845191e-01 6.665124527993522563e-02 1.508589706384703966e-02
8.451364691281564034e-02 8.422574261709370180e-01 6.208029539239173777e-02 1.114863152385515456e-02
6.656905125993099748e-02 8.673508408513170842e-01 5.771270430265112994e-02 8.367403586100647869e-03
5.379018892096257970e-02 8.872324802142227407e-01 5.255381928399792402e-02 6.423511580817042703e-03
4.658684587697371760e-02 9.009593529536734646e-01 4.724810757048730769e-02 5.205693598865193499e-03
4.444289299328286341e-02 9.088105723490744747e-01 4.222843286678460567e-02 4.518101790857873175e-03
4.622039427198167821e-02 9.128093135176316153e-01 3.692087710820607382e-02 4.049415102180659552e-03
5.108433091382460350e-02 9.143000510971399653e-01 3.106221742729498372e-02 3.553400561740449257e-03
5.995774959441495938e-02 9.110586897376692361e-01 2.592440929362443622e-02 3.059151374291617636e-03
7.648896426884317645e-02 8.979194764754487856e-01 2.285981312436493468e-02 2.731746131343130990e-03
1.010386332684023863e-01 8.745554387289710130e-01 2.178906337558506393e-02 2.616864627041417049e-03
7.407947897901855372e-01 1.845364660014934821e-01 7.174475058061720312e-02 2.923993627703689539e-03
5.723831859679466838e-01 1.235480092590147405e-01 2.977705146815519122e-01 6.298290091486636634e-03
5.531963648192664840e-01 8.699539153465905839e-02 3.502576091992051222e-01 9.550634446869567945e-03
5.124767290376143203e-01 6.702948135784252137e-02 4.061755518860832859e-01 1.431823771845996615e-02
4.650858953979019605e-01 5.634769907380836329e-02 4.575920169312052699e-01 2.097438859708426404e-02
4.215179642837293406e-01 5.262874875344633607e-02 4.956462683478791709e-01 3.020701861494497209e-02
3.892108228097672096e-01 5.419290998416330385e-02 5.137250243299340546e-01 4.287124287613518214e-02
3.706047411063184693e-01 6.034121552515175207e-02 5.089982168774149773e-01 6.005582649111487759e-02
3.648082795843914372e-01 7.071738664566196153e-02 4.825945471294295630e-01 8.187978664051726030e-02
3.655136159254816497e-01 8.507296596536428890e-02 4.423247928763416326e-01 1.070886252328128313e-01
3.629361413482565801e-01 1.042393133819073253e-01 3.988118821673355963e-01 1.340126631025004844e-01
3.561694420682768869e-01 1.289919753400161906e-01 3.556267706333348655e-01 1.592118119583719460e-01
3.538688469027360672e-01 1.583536598574078746e-01 3.099529088680244571e-01 1.778245843718315455e-01
3.558980883884902413e-01 1.923691025900821361e-01 2.623558686439438903e-01 1.893769403774835658e-01
3.632067139789405541e-01 2.260353682737478997e-01 2.162368135152666071e-01 1.945211042320446615e-01
3.761930528100639881e-01 2.574458441044708001e-01 1.745416123729151558e-01 1.918194907125501392e-01
3.996174708514253493e-01 2.837211282589705008e-01 1.376959215501475098e-01 1.789654793394565846e-01
4.297835873098937998e-01 3.066107063785552533e-01 1.066255319647553962e-01 1.569801743467955646e-01
4.635250719400955677e-01 3.237689192965174101e-01 8.054317703789427851e-02 1.321628317254929519e-01
4.936157428192456398e-01 3.373847908142139640e-01 6.014167229105794182e-02 1.088577940754825307e-01
5.216319802534821193e-01 3.468199477566373812e-01 4.397104695531862256e-02 8.757702503456125942e-02
5.473893651174958075e-01 3.525493007630665088e-01 3.141353609506306738e-02 6.864779802437447065e-02
5.705284741787289837e-01 3.553930769314505023e-01 2.210346525713565227e-02 5.197498363268473337e-02
5.920585463521537140e-01 3.553690985851111206e-01 1.504711571422060259e-02 3.752523934851452470e-02
6.138422019710539912e-01 3.497922167947710159e-01 1.106264350844387082e-02 2.530293772573156616e-02
6.411480250942288572e-01 3.345408073357727385e-01 8.664912806785591767e-03 1.564625476321296685e-02
6.710890414496410994e-01 3.119357131514899351e-01 7.624130224318848015e-03 9.351115174550232029e-03
6.976862813931350438e-01 2.881140644358520242e-01 8.033689858463484434e-03 6.165964312549279333e-03
7.251459802657425069e-01 2.603936505623498099e-01 9.786114363997617041e-03 4.674254807910082667e-03
7.588030701589072446e-01 2.246454299851991798e-01 1.264174354602664620e-02 3.909756309866749789e-03
7.971217118901385845e-01 1.834305130286770780e-01 1.596184870889205340e-02 3.485926372292255052e-03
8.329476050884102589e-01 1.446782667600725880e-01 1.903504178464532001e-02 3.339086366871961420e-03
8.623215994319530786e-01 1.124472033448345870e-01 2.177060936186031234e-02 3.460587861351864612e-03
8.848751425632839229e-01 8.697317831487040574e-02 2.440795340072876574e-02 3.743725721116850091e-03
8.975664795045603661e-01 6.991358187153563775e-02 2.837114641154356298e-02 4.148792212360296119e-03
8.987522032976319464e-01 6.245275480409000907e-02 3.401916583670867161e-02 4.775876061569605396e-03
8.826474367497907370e-01 6.541431489248218656e-02 4.597720340738067207e-02 5.961044950346258697e-03
8.456083433774816971e-01 8.052684407534266287e-02 6.583491346901480801e-02 8.029899078160743567e-03
7.848296771162692753e-01 1.127515129752511558e-01 9.133075930540608678e-02 1.108805060307322711e-02
7.005575513599223703e-01 1.702126666598368920e-01 1.142555316836223744e-01 1.497425029661816898e-02
6.039077753789893199e-01 2.542620125556764865e-01 1.232624159799646790e-01 1.856779608536933066e-02
5.099737716666635778e-01 3.528342116226921843e-01 1.166219697815930600e-01 2.057004692905112925e-02
4.306963861719110831e-01 4.479924424756856483e-01 1.010278188317571407e-01 2.028335252064589894e-02
3.697605162721487315e-01 5.302476064771308728e-01 8.238578566384671675e-02 1.760609158687348116e-02
3.208066572777472092e-01 6.015538825045263494e-01 6.413064647544414187e-02 1.350881374228239673e-02
2.764282131590453662e-01 6.653320309403619737e-01 4.866925127967530740e-02 9.570504620917344094e-03
2.313443562135863996e-01 7.238427837485706950e-01 3.813022367263186468e-02 6.682636365211055453e-03
1.909320476588843851e-01 7.712684771305016174e-01 3.285745230969878278e-02 4.942022900915022179e-03
1.600644425460640841e-01 8.016927460246671133e-01 3.392119023286657015e-02 4.321621196402157007e-03
1.437413602906784937e-01 8.090502694124409588e-01 4.247428402519026758e-02 4.734086271690306734e-03
1.359185572980042278e-01 7.985820115226571758e-01 5.943216340462859071e-02 6.067267774710274550e-03
1.373694793633012112e-01 7.714467317887232500e-01 8.337269150133799767e-02 7.811097346637282599e-03
1.475698931860149055e-01 7.368798266480675041e-01 1.068891714532236165e-01 8.661108712693942752e-03
1.674977399679125623e-01 6.992644140717748646e-01 1.248620560356853842e-01 8.375789924627105587e-03
1.910979399516762878e-01 6.647901331641897782e-01 1.364201777253568615e-01 7.691749158776754226e-03
2.051352357237340163e-01 6.461282921864239803e-01 1.416712000052530174e-01 7.065272084588953942e-03
2.031682306501185198e-01 6.491745427231792043e-01 1.412081265232374983e-01 6.449100103464893916e-03
1.911958301938681826e-01 6.646162151685848229e-01 1.383436707747609240e-01 5.844283862786223138e-03
1.807917703868016646e-01 6.751263761532315666e-01 1.385348647397455224e-01 5.546988720220935934e-03
1.818962943863090820e-01 6.672206344682437562e-01 1.450595703090218069e-01 5.823500836425322784e-03
1.988565242915501796e-01 6.382099712090240073e-01 1.563000375235815420e-01 6.633466975843990004e-03
2.298310002336313163e-01 5.939647537944331424e-01 1.683314756248417698e-01 7.872770347093861754e-03
2.679795636824936489e-01 5.447965153117898529e-01 1.776577999873727998e-01 9.566121018343604759e-03
3.063536052822342648e-01 4.994163687717878553e-01 1.827075093704101649e-01 1.152251657556765084e-02
3.432652221106379242e-01 4.582021122872690921e-01 1.849674664729218931e-01 1.356519912917114948e-02
3.836327437018339226e-01 4.146081803403239840e-01 1.858172418202762299e-01 1.594183413756579751e-02
4.214583667095789798e-01 3.722408797404612169e-01 1.867965097449145184e-01 1.950424380504545835e-02
4.388149524728889861e-01 3.385288474037980166e-01 1.959251341841800331e-01 2.673106593913287046e-02
4.239635610539720378e-01 3.202647438351148290e-01 2.158358434599887410e-01 3.993585165092437134e-02
3.917119581422320307e-01 3.102239911747545209e-01 2.398762644082463313e-01 5.818778627476708931e-02
3.550799865068487438e-01 3.057282763145746651e-01 2.621204747074558639e-01 7.707126247112090767e-02
3.247748449613406252e-01 3.011587403659531370e-01 2.817826447598859585e-01 9.228376991282005726e-02
1.073257407614976178e-01 4.667708926786521273e-01 8.993913312654494563e-02 3.359642334333054481e-01
5.116474229989367156e-04 8.737315296467909956e-03 3.598368049261298825e-03 9.871526692312717621e-01
4.629705769400111132e-04 7.435299810567548226e-03 3.157958580512206220e-03 9.889437710319802788e-01
4.130373671537556366e-04 5.934541843584142419e-03 2.672417588437947522e-03 9.909800032008241333e-01
3.772485552110019604e-04 4.669842870028161931e-03 2.267431236612619128e-03 9.926854773381482699e-01
3.599499004594222283e-04 3.777148788504325339e-03 1.985120531230930279e-03 9.938777807798054864e-01
3.524249445129221375e-04 3.132294995517094852e-03 1.781233845225056733e-03 9.947340462147449269e-01
3.410339685768639761e-04 2.555047073343297108e-03 1.587016103209309493e-03 9.955169028548704890e-01
3.171694707348690656e-04 1.954080155925957008e-03 1.361477314425991797e-03 9.963672730589132609e-01
2.830799330299178579e-04 1.373487098781829563e-03 1.117728933636456898e-03 9.972257040345516854e-01
1.890650081835229578e-06 2.898043721871778301e-06 2.742453408245839849e-06 9.999924688527880301e-01
1.171173880549417774e-06 1.674645928853286991e-06 1.685808501111191968e-06 9.999954683716895110e-01
8.636860263019285044e-07 1.145661058592475700e-06 1.223123088381514110e-06 9.999967675298266911e-01
8.059065386069599704e-07 9.940281077238384934e-07 1.115646379250994876e-06 9.999970844189743913e-01
9.924211099147043564e-07 1.146718310448370218e-06 1.338910199850393600e-06 9.999965219503796909e-01
1.569829171529214995e-06 1.718202996065249048e-06 2.066697931681688578e-06 9.999946452699006727e-01
3.952201574060385078e-04 3.801139777519076069e-04 1.431132622538907250e-03 9.977935332423029102e-01
5.197886042962625297e-04 4.857260095325704433e-04 2.048829568605167132e-03 9.969456558175660010e-01
6.804753774935401629e-04 6.514924284718938592e-04 2.970683282065710203e-03 9.956973489119689269e-01
8.838167809027063729e-04 8.971207491668799563e-04 4.305410036557514794e-03 9.939136524333728184e-01
1.138793517634963462e-03 1.255535631412269372e-03 6.226416612038281409e-03 9.913792542389144868e-01
1.465478065668521495e-03 1.788307310565227879e-03 9.009359394636226245e-03 9.877368552291300174e-01
2.416899558483545565e-03 3.397597097594714025e-03 1.272368394221577194e-02 9.814618194017059594e-01
3.199627325357055126e-03 4.945424687334002561e-03 1.807687434733296072e-02 9.737780736399757053e-01
4.225053808135518021e-03 7.107828746914332529e-03 2.476241654541174592e-02 9.639047008995385024e-01
5.504550533126422764e-03 9.978969316553757893e-03 3.228662211127253379e-02 9.522298580390475831e-01
7.050045624573922538e-03 1.365948616016851580e-02 4.004949192191618185e-02 9.392409762933415784e-01
8.826384593676165138e-03 1.814615546200279775e-02 4.728666208813788602e-02 9.257407978561831285e-01
1.057142474200152213e-02 2.296326537034579923e-02 5.281852560862471124e-02 9.136467842790279015e-01
1.176590169685617221e-02 2.698689395995943277e-02 5.546361310797218169e-02 9.057835912352122376e-01
1.204332631796373870e-02 2.918465593708498979e-02 5.496012392993217255e-02 9.038118938150190296e-01
1.153622945066646970e-02 2.944088051799731431e-02 5.223673628168330751e-02 9.067861537496531010e-01
1.060677459422549457e-02 2.822697133222881738e-02 4.841250463137679316e-02 9.127537494421685826e-01
9.403951226191210530e-03 2.585441789117744540e-02 4.378044845714015171e-02 9.209611824254912982e-01
7.997397074129013531e-03 2.262345505745159274e-02 3.837324802088954573e-02 9.310058998475300163e-01
6.498260944833662324e-03 1.879529977404890279e-02 3.224905867102723783e-02 9.424573806100903228e-01
4.987538291418853152e-03 1.457880416166897931e-02 2.547969363943418733e-02 9.549539639074781094e-01
3.594829631608616009e-03 1.045274141287899118e-02 1.865681670861603705e-02 9.672956122468965301e-01
2.500968485709983632e-03 7.115947516979646663e-03 1.290096210264256825e-02 9.774821218946679879e-01
1.743931243547456504e-03 4.798857722678901219e-03 8.746939500123890668e-03 9.847102715336500944e-01
9.442077615157276138e-04 2.656466875128548743e-03 6.219626473219406169e-03 9.901796988901364616e-01
6.874083768706141725e-04 1.823948630093445667e-03 4.288601490878426840e-03 9.932000415021574602e-01
5.069537532855541420e-04 1.260288964832919972e-03 3.025941137868567131e-03 9.952068161440126293e-01
3.832792401659237025e-04 8.907460557785612260e-04 2.200480856079152329e-03 9.965254938479763958e-01
3.095402671065206794e-04 6.754633302465645316e-04 1.695889688427145272e-03 9.973191067142196387e-01
2.822322428512538000e-04 5.838423521322626914e-04 1.445283456850646837e-03 9.976886419481659773e-01
2.994419933899777615e-04 5.904714637105798816e-04 1.390847387911065425e-03 9.977192391549881689e-01
3.656736419289301578e-04 6.801089059890240516e-04 1.488434967245610280e-03 9.974657824848364163e-01
5.028067010828277074e-04 8.577739818336530507e-04 1.740790201079130432e-03 9.968986291160042423e-01
7.641809739171299314e-04 1.149943606118946976e-03 2.200525681412925268e-03 9.958853497385508069e-01
1.295346009596004934e-03 1.647253002705162048e-03 3.027707861023505240e-03 9.940296931266754399e-01
2.602267626835140773e-03 2.675633245559180372e-03 4.738092286652578582e-03 9.899840068409531124e-01
7.275563382045237108e-03 5.793045910606834867e-03 8.036048885898199046e-03 9.788953418214495494e-01
1.893625407376273509e-02 1.175812605293481694e-02 1.547478561745051565e-02 9.538308342558519115e-01
4.701242286721525609e-02 2.275686476086689891e-02 2.836035563615764421e-02 9.018703567357603257e-01
1.008479253111132651e-01 3.862725774405566942e-02 4.590794630381959951e-02 8.146168706410115146e-01
1.791018320875180092e-01 5.600806022128475281e-02 6.425949938117307692e-02 7.006306083100244386e-01
2.609209114739385327e-01 7.075094501924315826e-02 7.990604786953629801e-02 5.884220956372820943e-01
3.186364619803100928e-01 8.146521992726149519e-02 9.329433481463107747e-02 5.066039832777974317e-01
3.383545237999148747e-01 8.962527138270057203e-02 1.074676859153556735e-01 4.645525189020290324e-01
3.238887712348834103e-01 9.735002543498486038e-02 1.243887088539934599e-01 4.543724944761383666e-01
2.877813261208424511e-01 1.058831481521610718e-01 1.436931346263430331e-01 4.626423911006534162e-01
2.430853728649990109e-01 1.149819313088923378e-01 1.630462888008067379e-01 4.788864070253020522e-01
2.023788698723419932e-01 1.238646379663811414e-01 1.792851290191485314e-01 4.944713631421283062e-01
1.709091955208441038e-01 1.324869730457372830e-01 1.907545943396630750e-01 5.058492370937552884e-01
1.467525508463110584e-01 1.411173388111655602e-01 1.968153704546903859e-01 5.153147398878331620e-01
1.272243111982007957e-01 1.495312170399764051e-01 1.973430645305976061e-01 5.259014072312253596e-01
1.117499771378257928e-01 1.568872266277638317e-01 1.937834726384225492e-01 5.375793235959879235e-01
9.975278194050768432e-02 1.623220858562625102e-01 1.883299414156161811e-01 5.495951907876137632e-01
8.992184374673217739e-02 1.652295870125552457e-01 1.822937486209217084e-01 5.625548206197906742e-01
8.104429656143985472e-02 1.653203005931622172e-01 1.760168324064114442e-01 5.776185704389862341e-01
7.318891600644732154e-02 1.630689091120749723e-01 1.697520039487636911e-01 5.939901709327140011e-01
5.116474229989367156e-04 8.737315296467909956e-03 3.598368049261298825e-03 9.871526692312717621e-01
4.629705769400111132e-04 7.435299810567548226e-03 3.157958580512206220e-03 9.889437710319802788e-01
4.130373671537556366e-04 5.934541843584142419e-03 2.672417588437947522e-03 9.909800032008241333e-01
3.772485552110019604e-04 4.669842870028161931e-03 2.267431236612619128e-03 9.926854773381482699e-01
3.599499004594222283e-04 3.777148788504325339e-03 1.985120531230930279e-03 9.938777807798054864e-01
3.524249445129221375e-04 3.132294995517094852e-03 1.781233845225056733e-03 9.947340462147449269e-01
3.410339685768639761e-04 2.555047073343297108e-03 1.587016103209309493e-03 9.955169028548704890e-01
3.171694707348690656e-04 1.954080155925957008e-03 1.361477314425991797e-03 9.963672730589132609e-01
2.830799330299178579e-04 1.373487098781829563e-03 1.117728933636456898e-03 9.972257040345516854e-01
1.890650081835229578e-06 2.898043721871778301e-06 2.742453408245839849e-06 9.999924688527880301e-01
1.171173880549417774e-06 1.674645928853286991e-06 1.685808501111191968e-06 9.999954683716895110e-01
8.636860263019285044e-07 1.145661058592475700e-06 1.223123088381514110e-06 9.999967675298266911e-01
8.059065386069599704e-07 9.940281077238384934e-07 1.115646379250994876e-06 9.999970844189743913e-01
9.924211099147043564e-07 1.146718310448370218e-06 1.338910199850393600e-06 9.999965219503796909e-01
1.569829171529214995e-06 1.718202996065249048e-06 2.066697931681688578e-06 9.999946452699006727e-01
3.952201574060385078e-04 3.801139777519076069e-04 1.431132622538907250e-03 9.977935332423029102e-01
5.197886042962625297e-04 4.857260095325704433e-04 2.048829568605167132e-03 9.969456558175660010e-01
6.804753774935401629e-04 6.514924284718938592e-04 2.970683282065710203e-03 9.956973489119689269e-01
8.838167809027063729e-04 8.971207491668799563e-04 4.305410036557514794e-03 9.939136524333728184e-01
1.138793517634963462e-03 1.255535631412269372e-03 6.226416612038281409e-03 9.913792542389144868e-01
1.465478065668521495e-03 1.788307310565227879e-03 9.009359394636226245e-03 9.877368552291300174e-01
2.416899558483545565e-03 3.397597097594714025e-03 1.272368394221577194e-02 9.814618194017059594e-01
3.199627325357055126e-03 4.945424687334002561e-03 1.807687434733296072e-02 9.737780736399757053e-01
4.225053808135518021e-03 7.107828746914332529e-03 2.476241654541174592e-02 9.639047008995385024e-01
5.504550533126422764e-03 9.978969316553757893e-03 3.228662211127253379e-02 9.522298580390475831e-01
7.050045624573922538e-03 1.365948616016851580e-02 4.004949192191618185e-02 9.392409762933415784e-01
8.826384593676165138e-03 1.814615546200279775e-02 4.728666208813788602e-02 9.257407978561831285e-01
1.057142474200152213e-02 2.296326537034579923e-02 5.281852560862471124e-02 9.136467842790279015e-01
1.176590169685617221e-02 2.698689395995943277e-02 5.546361310797218169e-02 9.057835912352122376e-01
1.204332631796373870e-02 2.918465593708498979e-02 5.496012392993217255e-02 9.038118938150190296e-01
1.153622945066646970e-02 2.944088051799731431e-02 5.223673628168330751e-02 9.067861537496531010e-01
1.060677459422549457e-02 2.822697133222881738e-02 4.841250463137679316e-02 9.127537494421685826e-01
9.403951226191210530e-03 2.585441789117744540e-02 4.378044845714015171e-02 9.209611824254912982e-01
7.997397074129013531e-03 2.262345505745159274e-02 3.837324802088954573e-02 9.310058998475300163e-01
6.498260944833662324e-03 1.879529977404890279e-02 3.224905867102723783e-02 9.424573806100903228e-01
4.987538291418853152e-03 1.457880416166897931e-02 2.547969363943418733e-02 9.549539639074781094e-01
3.594829631608616009e-03 1.045274141287899118e-02 1.865681670861603705e-02 9.672956122468965301e-01
2.500968485709983632e-03 7.115947516979646663e-03 1.290096210264256825e-02 9.774821218946679879e-01
1.743931243547456504e-03 4.798857722678901219e-03 8.746939500123890668e-03 9.847102715336500944e-01
9.442077615157276138e-04 2.656466875128548743e-03 6.219626473219406169e-03 9.901796988901364616e-01
6.874083768706141725e-04 1.823948630093445667e-03 4.288601490878426840e-03 9.932000415021574602e-01
5.069537532855541420e-04 1.260288964832919972e-03 3.025941137868567131e-03 9.952068161440126293e-01
3.832792401659237025e-04 8.907460557785612260e-04 2.200480856079152329e-03 9.965254938479763958e-01
3.095402671065206794e-04 6.754633302465645316e-04 1.695889688427145272e-03 9.973191067142196387e-01
2.822322428512538000e-04 5.838423521322626914e-04 1.445283456850646837e-03 9.976886419481659773e-01
2.994419933899777615e-04 5.904714637105798816e-04 1.390847387911065425e-03 9.977192391549881689e-01
3.656736419289301578e-04 6.801089059890240516e-04 1.488434967245610280e-03 9.974657824848364163e-01
5.028067010828277074e-04 8.577739818336530507e-04 1.740790201079130432e-03 9.968986291160042423e-01
7.641809739171299314e-04 1.149943606118946976e-03 2.200525681412925268e-03 9.958853497385508069e-01
1.295346009596004934e-03 1.647253002705162048e-03 3.027707861023505240e-03 9.940296931266754399e-01
2.602267626835140773e-03 2.675633245559180372e-03 4.738092286652578582e-03 9.899840068409531124e-01
7.275563382045237108e-03 5.793045910606834867e-03 8.036048885898199046e-03 9.788953418214495494e-01
1.893625407376273509e-02 1.175812605293481694e-02 1.547478561745051565e-02 9.538308342558519115e-01
4.701242286721525609e-02 2.275686476086689891e-02 2.836035563615764421e-02 9.018703567357603257e-01
1.008479253111132651e-01 3.862725774405566942e-02 4.590794630381959951e-02 8.146168706410115146e-01
1.791018320875180092e-01 5.600806022128475281e-02 6.425949938117307692e-02 7.006306083100244386e-01
2.609209114739385327e-01 7.075094501924315826e-02 7.990604786953629801e-02 5.884220956372820943e-01
3.186364619803100928e-01 8.146521992726149519e-02 9.329433481463107747e-02 5.066039832777974317e-01
3.383545237999148747e-01 8.962527138270057203e-02 1.074676859153556735e-01 4.645525189020290324e-01
3.238887712348834103e-01 9.735002543498486038e-02 1.243887088539934599e-01 4.543724944761383666e-01
2.877813261208424511e-01 1.058831481521610718e-01 1.436931346263430331e-01 4.626423911006534162e-01
2.430853728649990109e-01 1.149819313088923378e-01 1.630462888008067379e-01 4.788864070253020522e-01
2.023788698723419932e-01 1.238646379663811414e-01 1.792851290191485314e-01 4.944713631421283062e-01
1.709091955208441038e-01 1.324869730457372830e-01 1.907545943396630750e-01 5.058492370937552884e-01
1.467525508463110584e-01 1.411173388111655602e-01 1.968153704546903859e-01 5.153147398878331620e-01
1.272243111982007957e-01 1.495312170399764051e-01 1.973430645305976061e-01 5.259014072312253596e-01
1.117499771378257928e-01 1.568872266277638317e-01 1.937834726384225492e-01 5.375793235959879235e-01
9.975278194050768432e-02 1.623220858562625102e-01 1.883299414156161811e-01 5.495951907876137632e-01
8.992184374673217739e-02 1.652295870125552457e-01 1.822937486209217084e-01 5.625548206197906742e-01
8.104429656143985472e-02 1.653203005931622172e-01 1.760168324064114442e-01 5.776185704389862341e-01
7.318891600644732154e-02 1.630689091120749723e-01 1.697520039487636911e-01 5.939901709327140011e-01
2.130873302217902165e-01 1.120549426784145097e-01 2.351584833165830668e-01 4.396992437832122347e-01
2.037516977407088925e-01 1.060962113152272152e-01 2.411774508984157739e-01 4.489746400456483544e-01
2.064394322626458833e-01 1.032336168938839116e-01 2.566147312580684403e-01 4.337122195854019591e-01
2.253075611653253540e-01 1.030157812557928043e-01 2.780245259752697762e-01 3.936521316036118989e-01
2.572061900590686956e-01 1.027330138427564044e-01 3.001223515574515943e-01 3.399384445407237498e-01
2.965387788931728164e-01 9.974862015611545007e-02 3.178895171504643180e-01 2.858230838002475127e-01
3.380086425607682354e-01 9.337960675027276447e-02 3.298656697120258552e-01 2.387460809769330339e-01
3.801742684481719259e-01 8.523632701079741913e-02 3.336371981247343577e-01 2.009522064162962696e-01
4.138168082068503506e-01 7.716002841323649220e-02 3.365014063237870556e-01 1.725217570561261016e-01
4.352142753730300351e-01 7.141949651883609806e-02 3.419343701145221015e-01 1.514318579936118070e-01
4.487420216193301337e-01 6.903487094420243664e-02 3.497912317176079533e-01 1.324318757188595597e-01
4.663366449798840296e-01 6.866312967463565620e-02 3.528064173560015448e-01 1.121938079894786444e-01
4.807283623989562216e-01 7.030658652603652414e-02 3.561021468718587046e-01 9.286290420314886884e-02
4.845347855506034751e-01 7.495298502954633735e-02 3.638128971562353819e-01 7.669933226361498602e-02
4.809238623781652566e-01 8.365174490016799580e-02 3.727662227506652326e-01 6.265816997100157049e-02
4.758611709025780678e-01 9.810846782227845841e-02 3.755959530514209055e-01 5.043440822372249194e-02
4.701129188212621601e-01 1.233521050000467578e-01 3.658964331852452845e-01 4.063854299344586002e-02
4.738464563437873034e-01 1.535868580477281198e-01 3.395534104414318910e-01 3.301327516705267889e-02
4.873597663050102113e-01 1.801081520677710046e-01 3.052644575871308330e-01 2.726762404008814880e-02
5.191424895183845978e-01 1.908635319982323886e-01 2.680708711586141657e-01 2.192310732476899018e-02
5.719908551565334731e-01 1.836979852844090044e-01 2.276381273372991842e-01 1.667303222175810229e-02
6.377902783642874773e-01 1.644652309539926527e-01 1.856390183986154352e-01 1.210547228310466551e-02
7.054783643534267012e-01 1.401122524900926813e-01 1.459546911651503631e-01 8.454691991330420819e-03
2.583918532344517405e-01 2.949793660068107948e-01 4.394839684945032743e-01 7.144812264234003986e-03
2.740850204999469297e-01 2.882845702186944692e-01 4.309738934696235035e-01 6.656515811735055042e-03
2.929911132956357633e-01 2.734958793935031718e-01 4.267106378441086756e-01 6.802369466752982569e-03
3.070436785160984838e-01 2.520803378427435848e-01 4.332170108874087155e-01 7.658972753749475164e-03
3.109456989222955658e-01 2.304911510239362749e-01 4.492181736849167883e-01 9.344976368851539220e-03
3.121281106326013743e-01 2.137890333535178156e-01 4.624207881196316094e-01 1.166206789424945739e-02
3.217649344406610101e-01 2.035616773220146891e-01 4.608536165016451358e-01 1.381977173567902964e-02
3.444160795999582914e-01 1.986533171592801128e-01 4.422631704277643627e-01 1.466743281299723485e-02
3.739450905870914665e-01 1.974659134997508170e-01 4.145514738984789060e-01 1.403752201467877228e-02
3.970567202155244058e-01 2.007337982350135552e-01 3.891668102139198560e-01 1.304267133554220387e-02
4.063248934860737571e-01 2.096331887049778520e-01 3.716342734573138684e-01 1.240764435163421719e-02
4.041058267778345203e-01 2.228701593414696980e-01 3.609199340572056269e-01 1.210407982349011660e-02
3.989242557126199684e-01 2.359302282178771804e-01 3.531711984949662542e-01 1.197431757453636982e-02
4.012027369853121139e-01 2.421127390959427472e-01 3.445434395714496723e-01 1.214108434729543710e-02
4.185390133957820891e-01 2.340448337037282223e-01 3.346060789603904073e-01 1.281007394009959360e-02
4.511830438596196036e-01 2.080212318964932972e-01 3.267981184872762457e-01 1.399760575661095768e-02
4.875977380494921354e-01 1.703954360811354152e-01 3.261099922356098801e-01 1.589683363376291972e-02
5.132158651846868702e-01 1.326971039071683789e-01 3.353021471185495539e-01 1.878488378959488475e-02
5.244391886881064613e-01 1.007727976474554199e-01 3.523350719975488210e-01 2.245294166688933946e-02
5.246997894638386617e-01 7.623611128878099441e-02 3.727448652796698791e-01 2.631923396771045087e-02
5.178021730910878917e-01 5.911982705797739351e-02 3.930502592243170779e-01 3.002774062661759877e-02
5.039501277519922162e-01 4.925256976801335035e-02 4.128325090379740270e-01 3.396479344202045503e-02
4.871355526735344776e-01 4.546603509317949376e-02 4.291502422184853005e-01 3.824817001480063094e-02
4.705284165514212469e-01 4.713344858427113981e-02 4.392899554014344510e-01 4.304817946287298885e-02
4.531348144395407895e-01 5.386047580499581794e-02 4.441998821928582752e-01 4.880482756260495075e-02
4.326620917342841044e-01 6.408213236087598186e-02 4.476326253083045548e-01 5.562315059653549082e-02
4.067756200965104707e-01 7.470147443370570017e-02 4.547136776317398654e-01 6.380922783804397758e-02
3.751064045522226609e-01 8.114237546205280149e-02 4.703082846529892391e-01 7.344293533273525687e-02
3.390764223394629462e-01 7.942653232125411467e-02 4.980043105237548229e-01 8.349273481552828280e-02
3.006596873618674337e-01 6.969041957216788596e-02 5.380677317320243791e-01 9.158216133394027347e-02
2.635940536879989304e-01 5.600073368831939152e-02 5.858600517048356826e-01 9.454516091884612727e-02
2.320508943685055114e-01 4.238428160067885669e-02 6.349033953184438639e-01 9.066142871237188594e-02
2.079289755452268240e-01 3.100416894261747922e-02 6.796193925636588862e-01 8.144746294849644630e-02
1.913326276205763732e-01 2.264001341091378267e-02 7.150440780182535372e-01 7.098328095025618900e-02
1.803963833113967075e-01 1.717584249202330424e-02 7.388540238953942296e-01 6.357375030118581072e-02
1.736405193731015983e-01 1.397152078811962801e-02 7.525894610934203977e-01 5.979849874535841242e-02
1.755780816783564791e-01 1.188721381235646746e-02 7.589403199639948028e-01 5.359438454529228540e-02
1.911257006064647490e-01 1.027838804157200393e-02 7.555784839657199159e-01 4.301742738624364515e-02
2.224524982499657966e-01 8.665840914166120582e-03 7.375734338074217966e-01 3.130822702844644062e-02
2.795956026798718796e-01 7.397157660537955620e-03 6.917165034982333260e-01 2.129073616135663052e-02
3.644070854161545747e-01 6.125945768542652957e-03 6.154776538105521944e-01 1.398931500475054934e-02
4.801557387280359634e-01 5.151936200512302264e-03 5.055260019351033307e-01 9.166323136348389702e-03
6.098246277171535112e-01 4.491726107135276050e-03 3.795487405158574079e-01 6.134905659854033785e-03
7.201118673524505853e-01 4.614114728865640475e-03 2.708587267619307903e-01 4.415291156753009885e-03
7.913836884223437451e-01 4.361860181038807599e-03 2.007057877342067476e-01 3.548663662410576989e-03
8.235616185978493764e-01 4.694924773807641720e-03 1.683824803017421046e-01 3.360976326600800118e-03
8.267655682246464188e-01 5.462606108604719027e-03 1.641334459981300675e-01 3.638379668618756460e-03
8.096275527931648952e-01 6.652929482352059470e-03 1.794826430636132231e-01 4.236874660869564650e-03
7.840392941637893687e-01 8.231715041877306002e-03 2.028179067496174437e-01 4.911084044715709022e-03
7.678260724758899647e-01 1.022100932718526117e-02 2.165989926674222465e-01 5.353925529502658563e-03
7.737173747962231563e-01 1.263340925084985474e-02 2.083142537143425066e-01 5.334962238584399150e-03
7.944357573374721815e-01 1.590227485704000590e-02 1.844911611804468665e-01 5.170806625041038905e-03
8.171049156424722293e-01 2.054586409638143457e-02 1.571384105284523713e-01 5.210809732693919699e-03
8.363334080035123019e-01 2.649611739269100777e-02 1.317615521208019835e-01 5.408922482994854217e-03
8.506923780373487620e-01 3.349564457696194847e-02 1.102342640181855488e-01 5.577713367503673962e-03
8.579577513442980807e-01 4.174682878974900202e-02 9.460970388633413442e-02 5.685715979618712577e-03
8.580266063647620234e-01 5.107327722477162518e-02 8.518913491366357504e-02 5.710981496802938588e-03
8.553052632437596614e-01 6.005853865686951176e-02 7.915102163065150520e-02 5.485176468719503776e-03
8.551553249516676836e-01 6.665187149471216155e-02 7.326297852700966451e-02 4.929825026610374153e-03
8.620977307296401326e-01 6.847575512235931638e-02 6.532645268310796616e-02 4.100061464892698453e-03
8.781548870402777762e-01 6.454107903963945958e-02 5.419049768757869256e-02 3.113536232504269391e-03
9.017381552902608011e-01 5.579156440677814077e-02 4.038452527911728929e-02 2.085755023843817012e-03
9.268952920098973980e-01 4.470268149036694255e-02 2.718006096721054671e-02 1.221965532525090634e-03
9.460314648944314619e-01 3.543188193024537219e-02 1.785122886292537722e-02 6.854243123976497569e-04
9.565844269930841026e-01 3.034819015809702564e-02 1.265206245303448530e-02 4.153203957841744239e-04
9.597056606220906172e-01 2.957513760188285046e-02 1.041987840240900243e-02 2.993233736175272093e-04
9.581697654283947152e-01 3.143283501461537066e-02 1.013200714622991376e-02 2.653924107601713018e-04
9.507534444300451693e-01 3.747173218860823385e-02 1.148530357616319234e-02 2.895198051834334545e-04
9.386676323902850561e-01 4.659452905916814519e-02 1.436500944821684882e-02 3.728291023299189840e-04
9.223897030925298779e-01 5.828471211364418675e-02 1.879186458850006999e-02 5.337202053258856401e-04
9.050125711613572488e-01 6.994533371027378266e-02 2.426479087820231431e-02 7.773042501667807745e-04
8.903159673626150905e-01 7.836422710068098596e-02 3.021977820090825106e-02 1.100027335795753999e-03
8.808619025881725406e-01 8.121025094203933314e-02 3.643807475360986980e-02 1.489771716178396512e-03
8.771588496970172955e-01 7.957568348801902225e-02 4.142312324352447755e-02 1.842343571439219920e-03
8.785908561930926286e-01 7.276686511227428711e-02 4.657556507217899822e-02 2.066713622454015818e-03
8.798273554433819754e-01 6.518002422895731451e-02 5.283580834641986301e-02 2.156811981240816262e-03
8.754737735974278401e-01 5.893841656756837466e-02 6.328555796872001316e-02 2.302251866283754316e-03
8.641000013948724190e-01 5.385865222999104696e-02 7.940462065206663200e-02 2.636725723069737251e-03
8.463346176479302763e-01 4.996540920109126399e-02 1.004912384592397817e-01 3.208734691738578722e-03
8.248519961020784885e-01 4.774086627378786724e-02 1.234488396042026648e-01 3.958298019931026299e-03
8.047513385885868287e-01 4.718218418741499526e-02 1.433933274182401241e-01 4.673149805758116185e-03
7.895105019336583485e-01 4.779895894631702724e-02 1.575415206673402013e-01 5.149018452684248591e-03
7.795802780944586230e-01 4.881334411263113515e-02 1.663084139709338494e-01 5.297963821976428914e-03
7.730872452095295388e-01 5.020769194381875106e-02 1.715463080566285992e-01 5.158754790023319103e-03
7.666453840219759064e-01 5.301109639759306325e-02 1.754503811088570231e-01 4.893138471574175544e-03
7.562464654460843150e-01 5.864310927432655335e-02 1.804166877118733303e-01 4.693737567715916721e-03
7.408480355302369258e-01 6.793012038202628222e-02 1.866104233842516280e-01 4.611420703485378213e-03
7.228485858214594995e-01 8.105686179477177011e-02 1.915308902981428529e-01 4.563662085625711830e-03
7.007322890634981594e-01 9.899274383769329777e-02 1.956462079027002088e-01 4.628759196108328013e-03
6.700737498324536023e-01 1.258803825894034834e-01 1.991093368310561107e-01 4.936530747086755044e-03
