7.830645000959577384e-01 1.958498444853523646e-01 1.925035108678720130e-02 1.835304331902701128e-03
6.939725229947596441e-02 2.265176795891456485e-01 6.951203808372360404e-01 8.964687274142117690e-03
5.006919999830981849e-02 1.981192541791948203e-01 7.451886525177530141e-01 6.622893304742407880e-03
3.660972890628105131e-02 1.698386443674041735e-01 7.884064713286988990e-01 5.145155397616015848e-03
2.766950869603523530e-02 1.428924929828767065e-01 8.252100485847055911e-01 4.227949736382542560e-03
2.208684190735060379e-02 1.194894426108582958e-01 8.547167561798211244e-01 3.706959301969679852e-03
1.907235671411654926e-02 1.018180288311052034e-01 8.755752933849911823e-01 3.534321069787229805e-03
1.817942282292335510e-02 9.135814622654421513e-02 8.867235220069970003e-01 3.738908943535196577e-03
1.917150863227293917e-02 8.852041895905522761e-02 8.879089419339805112e-01 4.399130474691335078e-03
2.178915260920207334e-02 9.241909505951985404e-02 8.801267650090573991e-01 5.664987322220746413e-03
2.546263224652849100e-02 1.001418281447349484e-01 8.665936743230712169e-01 7.801865285665691464e-03
2.927503522505835523e-02 1.056243358897887008e-01 8.541283898033377175e-01 1.097223908181504427e-02
3.261703974174182119e-02 1.032972692990892921e-01 8.489573137833529293e-01 1.512837717581596089e-02
3.531895709490789903e-02 9.282198420597373434e-02 8.521363223705470391e-01 1.972273632857124079e-02
3.769324066550975433e-02 7.870522738011150043e-02 8.597050588306710539e-01 2.389647312370730275e-02
4.008056843468631864e-02 6.518815971666484799e-02 8.678578454647903895e-01 2.687342638385844043e-02
4.216191392786796527e-02 5.384561877572588418e-02 8.759889616016264258e-01 2.800350569477967622e-02
4.333116364612701193e-02 4.472551645523625830e-02 8.850369809192003556e-01 2.690633897943626313e-02
4.317057582448520503e-02 3.746508392300724327e-02 8.955067966214413921e-01 2.385754363106610404e-02
4.163769411250959479e-02 3.170250565167564982e-02 9.071038983471026995e-01 1.955590188871222240e-02
3.914444365525902858e-02 2.734863915530307346e-02 9.184906386305814463e-01 1.501627855885653319e-02
3.599221019231526458e-02 2.439621833802693013e-02 9.284496960880244121e-01 1.116187538163368291e-02
3.198658673942900155e-02 2.244919227767805739e-02 9.372879332419741250e-01 8.276287740918835192e-03
2.675359463264356807e-02 2.067311453180078334e-02 9.464290384380332766e-01 6.144252397522496044e-03
2.073935746088529861e-02 1.849338259305279356e-02 9.562377242896313856e-01 4.529535656430446790e-03
1.549236903492078390e-02 1.656637669208511215e-02 9.644783804291379159e-01 3.462873843856359782e-03
1.236738763351937637e-02 1.643964517255840432e-02 9.681542669562994696e-01 3.038700237622593992e-03
1.157418919155231950e-02 1.965498176292582860e-02 9.655423992035505609e-01 3.228429841971472685e-03
1.283389976288622399e-02 2.846715203125136859e-02 9.546330490126427870e-01 4.065899193219309031e-03
1.595196704232968582e-02 4.680828050541751412e-02 9.315517457195531259e-01 5.688006732699643804e-03
2.092469417873339677e-02 8.127356121063186722e-02 8.893360640025039787e-01 8.465680608130819740e-03
2.769000698421375528e-02 1.402974631851718335e-01 8.188928227631292467e-01 1.311970706748520621e-02
3.562308794577821736e-02 2.280138729182306367e-01 7.158349311543631410e-01 2.052810798162771344e-02
4.328918109394833819e-02 3.323791228088231464e-01 5.931331726679848204e-01 3.119852342924375743e-02
4.923750680047260520e-02 4.210032741421001479e-01 4.834665451793661028e-01 4.629267387806112327e-02
5.384543052287755344e-02 4.602275740968361228e-01 4.146779170196059905e-01 7.124907836068011813e-02
5.822987941646535354e-02 4.392319538235838206e-01 3.860839992314278324e-01 1.164541675285229588e-01
6.100183304328095357e-02 3.763019661301665875e-01 3.709878572953041465e-01 1.917083435312481876e-01
6.003505489838158182e-02 3.016289081956225471e-01 3.421025633377731689e-01 2.962334735682229381e-01
5.531700606441970758e-02 2.395799419680294806e-01 2.923843813161700056e-01 4.127186706513808478e-01
4.951960212225178098e-02 1.933216471000841485e-01 2.420950319509024562e-01 5.150637188267618294e-01
4.475439080578307721e-02 1.625046226655732506e-01 2.029626203477167268e-01 5.897783661809268274e-01
4.133763712556082909e-02 1.417153798784413776e-01 1.770273088770973613e-01 6.399196741189006055e-01
3.930325095559772386e-02 1.294777765772397171e-01 1.633920222765015973e-01 6.678269501906608507e-01
3.987396228086983324e-02 1.263290194620524942e-01 1.624670235057603107e-01 6.713299947513171606e-01
4.292524358990325306e-02 1.352038502979287515e-01 1.717598977828846407e-01 6.501110083292837016e-01
4.968187478430658582e-02 1.553944517014451132e-01 1.885282592958738845e-01 6.063954142183743956e-01
6.065614208891693948e-02 1.882611761475322942e-01 2.074035041524844303e-01 5.436791776110663221e-01
7.856567047016206617e-02 2.300618086565550113e-01 2.237871359035625840e-01 4.675853849697201303e-01
1.012599949937690175e-01 2.778507618195111828e-01 2.296366009313195455e-01 3.912526422554002958e-01
1.247913458028143269e-01 3.299181221523781460e-01 2.224958227235635244e-01 3.227947093212441554e-01
1.461135177708443311e-01 3.865757331668447927e-01 2.051721287784137038e-01 2.621386202838971169e-01
1.652304633771780606e-01 4.451757536653513925e-01 1.817173768837145320e-01 2.078764060737561536e-01
1.840116539975910070e-01 5.002323645369998184e-01 1.553374621555206614e-01 1.604185193098884576e-01
2.028396959797280907e-01 5.481036168417081633e-01 1.286670993253598572e-01 1.203895878532036529e-01
2.196281859284320570e-01 5.870133668841828189e-01 1.049378018060677237e-01 8.842064538131741425e-02
2.328059919570905911e-01 6.160978362913085427e-01 8.660158737695848596e-02 6.449458437464250515e-02
2.441780306294956404e-01 6.337542492965655416e-01 7.443032538601920822e-02 4.763739468791961668e-02
2.560898033237789528e-01 6.398619742121944842e-01 6.791448235069875994e-02 3.613374011332780300e-02
2.660615300014182449e-01 6.406097401560122417e-01 6.519103382646375400e-02 2.813769601610571769e-02
2.635016987973414770e-01 6.481093626650941131e-01 6.587125891530856703e-02 2.251767962225607184e-02
2.509908244006733846e-01 6.625015854671867377e-01 6.803536045145898437e-02 1.847222968068095578e-02
2.365605715388832408e-01 6.775458911847441756e-01 7.067744359082840655e-02 1.521609368554398267e-02
2.212036120801592065e-01 6.934114188244294708e-01 7.289308848026608556e-02 1.249188061514521289e-02
2.100295316745532104e-01 7.052128754156349322e-01 7.439210862294318161e-02 1.036548428686845727e-02
2.050788680480029047e-01 7.117596422589438365e-01 7.431335594106629194e-02 8.848133751987192347e-03
2.086160948056684505e-01 7.121325122748427550e-01 7.141067654772857709e-02 7.840716371760116793e-03
2.198460115905163936e-01 7.092566208900330516e-01 6.392203562502667136e-02 6.975331894423859175e-03
2.324257098983395498e-01 7.109804584008176942e-01 5.076321208376544103e-02 5.830619617077483288e-03
2.524664980011402937e-01 7.067217303387897109e-01 3.619915555832114995e-02 4.612616101748801163e-03
2.801701208741668170e-01 6.915540697686650695e-01 2.464553340245302995e-02 3.630275954714935662e-03
3.183577505811684971e-01 6.615648143199203135e-01 1.707071138139537939e-02 3.006723717515701576e-03
6.154490030203400019e-01 2.885619679912604374e-01 9.230698119695301962e-02 3.682047791446524995e-03
4.075367582291167246e-01 7.560566715999607335e-02 5.108277042660654965e-01 6.029870344821723800e-03
3.945880277779592049e-01 5.527283585519895265e-02 5.421127778202721181e-01 8.026358546569896044e-03
3.655552692820012162e-01 4.389361419016464538e-02 5.791438851003339883e-01 1.140723142750045549e-02
3.258780712796284229e-01 3.843229405887867156e-02 6.195993309783304204e-01 1.609030368316245047e-02
2.834011556880713378e-01 3.672639938573300095e-02 6.577375142666915808e-01 2.213493065950396937e-02
2.459569092291367387e-01 3.741562752465614483e-02 6.869247329715505446e-01 2.970273027465652332e-02
2.190564486229512609e-01 4.022946022727807297e-02 7.012343189289254042e-01 3.947977222084531751e-02
2.055100024947814075e-01 4.586736742968187952e-02 6.962471411154239620e-01 5.237548896011290367e-02
2.033386724274201529e-01 5.546728412332999764e-02 6.720379019074554927e-01 6.915614154179429429e-02
2.071682448602832072e-01 7.078434040693862284e-02 6.318167661524094481e-01 9.023064858036861091e-02
2.137083481235113880e-01 9.312712680161457091e-02 5.797650323302901976e-01 1.133994927445835244e-01
2.240758388570153470e-01 1.219768489605204259e-01 5.203712950875817311e-01 1.335760170948827319e-01
2.379228773450186574e-01 1.566464017868234304e-01 4.564382269770710931e-01 1.489924938910865970e-01
2.533775037893647997e-01 1.946698853364046411e-01 3.928795580012547362e-01 1.590730528729760729e-01
2.712252631922953960e-01 2.306412550685235374e-01 3.365428742039094923e-01 1.615906075352721016e-01
2.960038297209249825e-01 2.599684671322903262e-01 2.895119290723358607e-01 1.545157740744485531e-01
3.302246290563314313e-01 2.824434378270275769e-01 2.479404911302328374e-01 1.393914419864082099e-01
3.688011926332430690e-01 3.014056972870920448e-01 2.084163974706583489e-01 1.213767126090064263e-01
4.088091744529920302e-01 3.159792422413248425e-01 1.712850625721518416e-01 1.039265207335311469e-01
4.467541824438940878e-01 3.302106450125252834e-01 1.358242759641810349e-01 8.721089657939966322e-02
4.772323070532794032e-01 3.469100623020324736e-01 1.046360560959763708e-01 7.122157454871162752e-02
5.053131892732874997e-01 3.602622148156605641e-01 7.828210333825391665e-02 5.614249257279838035e-02
5.340365938974164228e-01 3.651773442428062899e-01 5.846314193176758989e-02 4.232291992800981534e-02
5.698486402936897566e-01 3.533238030533703000e-01 4.680596813794146022e-02 3.002158851499854911e-02
6.229134896057808568e-01 3.155795693371187260e-01 4.169194707657288002e-02 1.981499398052731162e-02
6.829374752975029272e-01 2.623703444725492551e-01 4.199176479193903605e-02 1.270041543800881113e-02
7.305889192694119405e-01 2.132040842082733312e-01 4.732451576968330076e-02 8.882480752631163878e-03
7.627680987391047829e-01 1.729516909657815016e-01 5.718554016745281549e-02 7.094670127661118625e-03
7.831544322828994931e-01 1.401304097977077168e-01 7.043886890769068820e-02 6.276289011702225994e-03
7.950313595010792822e-01 1.151607341538365137e-01 8.386572549924317665e-02 5.942180845840963274e-03
8.021676571763795005e-01 9.753067883580712749e-02 9.431270703250957399e-02 5.988956955303648827e-03
8.067153130109353532e-01 8.451624243979878603e-02 1.023467693434119558e-01 6.421675205853919800e-03
8.086180394511026659e-01 7.380225033492210374e-02 1.104834886038361247e-01 7.096221610138872364e-03
8.047487105521088369e-01 6.551797532991283923e-02 1.218669476771410964e-01 7.866366440837125121e-03
7.890751795486943276e-01 6.109753448801889114e-02 1.409828418656731419e-01 8.844444097613405123e-03
7.563283187420783982e-01 6.179014611763437165e-02 1.714922281248399405e-01 1.038930701544722550e-02
7.075835923208121381e-01 6.874709588429465945e-02 2.108293277401062649e-01 1.283998405478706251e-02
6.534006896724295910e-01 8.417176951772556426e-02 2.462966813229883201e-01 1.613085948685663920e-02
6.068455408449272559e-01 1.108825487897348583e-01 2.622926139674443546e-01 1.997929639789298301e-02
5.755043782458341139e-01 1.516509121228176715e-01 2.496620595975952983e-01 2.318265003375280520e-02
5.564955568111276119e-01 2.030026522206702655e-01 2.161040774537764664e-01 2.439771351442588526e-02
5.417199182443716010e-01 2.597069438742192204e-01 1.755365031879426718e-01 2.303663469346648937e-02
5.342054152790940424e-01 3.113218993930402800e-01 1.352259981693131330e-01 1.924668715855229820e-02
5.232872357891984461e-01 3.631131430815887629e-01 9.933871211412280411e-02 1.426090901509037556e-02
4.972030030858372585e-01 4.217761635239611340e-01 7.122811998814680690e-02 9.792713402054786798e-03
4.500524172519332344e-01 4.908937115613934976e-01 5.240529770084488559e-02 6.648573485828465635e-03
3.897504205627753127e-01 5.634152344180248795e-01 4.208647276539083382e-02 4.747872253808751129e-03
3.239457918073593845e-01 6.318070748139857917e-01 4.026229996701649605e-02 3.984833411638267001e-03
2.655589860673701064e-01 6.839714004486145971e-01 4.632883399998127122e-02 4.140779484033882234e-03
2.218036275410079916e-01 7.131671641254069272e-01 5.996645533612580264e-02 5.062752997459426911e-03
1.943394827497541832e-01 7.217315962490146175e-01 7.771409213832672358e-02 6.214828862904480007e-03
1.850883506196483452e-01 7.136079487927203813e-01 9.452816344984907304e-02 6.775537137782504903e-03
1.921637380999513256e-01 6.950288784755023208e-01 1.062036342530757599e-01 6.603749171470565948e-03
2.083503672651967897e-01 6.728665676172436161e-01 1.125293030142141409e-01 6.253762103345497474e-03
2.211348033880904673e-01 6.587745380117107086e-01 1.140509272811150859e-01 6.039731319083776334e-03
2.237785727970650895e-01 6.589951790925862030e-01 1.113541109093862946e-01 5.872137200962609764e-03
2.209403899027781726e-01 6.657341583589866385e-01 1.076023351011007462e-01 5.723116637134379424e-03
2.226326385922191842e-01 6.633528234454961758e-01 1.081242356555821849e-01 5.890302306702423912e-03
2.364694020340812886e-01 6.409113760787694680e-01 1.159220675897903036e-01 6.697154297359285066e-03
2.635423137439767416e-01 5.994857178042430901e-01 1.288467841577846662e-01 8.125184293995361615e-03
2.979224071277226105e-01 5.491758253725554928e-01 1.428629878823053923e-01 1.003877961741701276e-02
3.298666268986304995e-01 5.020456240854457297e-01 1.555930284096912752e-01 1.249472060623275232e-02
3.544341500103701526e-01 4.638680938178032509e-01 1.663504847946314369e-01 1.534727137719482139e-02
3.765297985783358503e-01 4.278737609413309495e-01 1.771335853039675834e-01 1.846285517636555781e-02
3.977371178976669697e-01 3.911520128719591649e-01 1.891159271065529779e-01 2.199494212382082509e-02
4.196524493116698951e-01 3.495595738794805563e-01 2.039560108942456429e-01 2.683196591460398905e-02
4.267224072317604699e-01 3.103039271355750306e-01 2.275004988396858996e-01 3.547316679297848191e-02
4.041464594568661139e-01 2.841745029989433124e-01 2.618602809136659770e-01 4.981875663052433983e-02
3.634836304832145815e-01 2.694044783007799038e-01 2.992383836687578236e-01 6.787350754724776059e-02
3.209129060533528754e-01 2.617160526855898395e-01 3.326540785046364079e-01 8.471696275642087715e-02
2.841435101106573602e-01 2.577917836044305022e-01 3.614142477815686094e-01 9.665045850334350042e-02
8.624796335403223102e-02 5.005473135499894921e-01 7.518909268385354228e-02 3.380156304121246236e-01
5.733229370807696674e-04 7.715463188342538275e-03 4.124166008428964414e-03 9.875870478661475937e-01
5.234389033774636399e-04 6.435559370938817407e-03 3.556995425629561405e-03 9.894840063000540642e-01
4.709113564006497878e-04 5.049173327599931239e-03 2.970505737090120297e-03 9.915094095789094286e-01
4.363181142700934341e-04 3.945996009455624877e-03 2.509643354619724414e-03 9.931080425216545216e-01
4.258284472857007765e-04 3.217530187872221815e-03 2.204735871030405556e-03 9.941519054938117161e-01
4.291283725153871098e-04 2.728136886016765527e-03 1.988688406690181706e-03 9.948540463347778084e-01
4.275440517780105610e-04 2.303683145623960753e-03 1.769625053737065076e-03 9.954991477488608353e-01
4.070482957757418129e-04 1.847234905424088901e-03 1.494702883050058302e-03 9.962510139157499944e-01
3.694800966703284191e-04 1.377832706813823457e-03 1.190472234767669859e-03 9.970622149617481833e-01
2.512280326427589073e-06 3.396656820574028387e-06 3.428723458473128104e-06 9.999906623393945981e-01
1.587226303977354090e-06 2.038780673938854656e-06 2.129144459801621070e-06 9.999942448485622526e-01
1.175628970093843702e-06 1.423506755460201101e-06 1.546261084057644607e-06 9.999958546031904039e-01
1.092289824461981132e-06 1.242889203271176223e-06 1.404784112807308423e-06 9.999962600368594856e-01
1.334171077509731170e-06 1.428346636261268082e-06 1.675365983410813348e-06 9.999955621163028052e-01
2.093490829929696193e-06 2.121302308897014486e-06 2.571349678319373193e-06 9.999932138571827611e-01
5.795799390304034451e-04 4.998272112585337755e-04 1.435667586689762373e-03 9.974849252630212382e-01
7.674404048496536769e-04 6.244413550478190465e-04 2.113438317634393649e-03 9.964946799224680962e-01
1.009879755381525978e-03 8.129019120757507424e-04 3.162989135984989927e-03 9.950142291965576868e-01
1.311867333425418116e-03 1.078509730601031561e-03 4.747356259461057992e-03 9.928622666765124505e-01
1.680783628257070429e-03 1.447017752861710351e-03 7.153856673318461853e-03 9.897183419455626296e-01
2.145074605396715683e-03 1.976251965939790443e-03 1.088911614595479242e-02 9.849895572827084278e-01
3.526795684346118072e-03 3.552095273794033357e-03 1.639470657615551413e-02 9.765264024657042130e-01
4.670856306704018225e-03 5.025021140111570958e-03 2.522473682170681131e-02 9.650793857314774460e-01
6.192391356749621378e-03 7.035388557746188702e-03 3.802754601954099617e-02 9.487446740659634115e-01
8.079020123336425399e-03 9.635303316396571713e-03 5.533449929874426076e-02 9.269511772615227629e-01
1.025653746002599780e-02 1.286850302218688069e-02 7.709302126330183635e-02 8.997819382544856026e-01
1.253376932994111626e-02 1.667659408703220728e-02 1.017379351116051295e-01 8.690517014714214117e-01
1.446121350155942994e-02 2.065942761621873680e-02 1.249641728003358376e-01 8.399151860818858673e-01
1.546782310496744826e-02 2.401450120574989341e-02 1.413132631981734444e-01 8.192044124911093128e-01
1.534676176579941910e-02 2.606893911465984690e-02 1.478418819348673585e-01 8.107424171846733252e-01
1.441766245721359634e-02 2.678330116298820521e-02 1.450915935013257496e-01 8.137074428784727420e-01
1.311443693715202800e-02 2.642778701040690223e-02 1.352670194196532449e-01 8.251907566327879584e-01
1.157373796850069865e-02 2.504050129910393580e-02 1.201804875908438347e-01 8.432052731415513591e-01
9.844491838993567681e-03 2.267099745177076145e-02 1.014888018434693812e-01 8.659957088657662672e-01
8.021139141599945357e-03 1.941170750599843092e-02 8.107260550043010605e-02 8.914945478519714639e-01
6.173981624186513500e-03 1.541257771287186419e-02 6.061945759695760300e-02 9.177939830659842535e-01
4.451485322069836763e-03 1.121856604530176507e-02 4.199527940223333339e-02 9.423346692303951055e-01
3.083158104384855699e-03 7.692923825187118238e-03 2.737705233514742612e-02 9.618468657352806650e-01
2.130752124006270176e-03 5.194468453082591239e-03 1.745652559997680139e-02 9.752182538229342557e-01
1.489099037633194109e-03 3.515755072944607134e-03 1.117749162642361210e-02 9.838176542629986088e-01
7.866420051925811143e-04 1.888067440124356448e-03 7.444575966100491424e-03 9.898807145885825109e-01
5.681753918037837263e-04 1.308076345269264164e-03 4.942744611822601046e-03 9.931810036511045103e-01
4.194149464691000403e-04 9.270978634810055465e-04 3.367335533235522958e-03 9.952861516568145550e-01
3.292164836269459590e-04 7.024798969371210322e-04 2.421807247698749745e-03 9.965464963717370894e-01
2.909981372121146575e-04 6.031467030337779372e-04 1.922351663117317661e-03 9.971835034966368694e-01
2.993478987348305808e-04 6.018797952311428058e-04 1.723186598867016556e-03 9.973755857071668895e-01
3.545457718451663410e-04 6.807592873545406263e-04 1.718645755968374903e-03 9.972460491848317288e-01
4.718807086653937165e-04 8.433019464253514686e-04 1.874029000381184380e-03 9.968107883445280759e-01
6.894554988108238681e-04 1.115047465841820934e-03 2.211215612065378297e-03 9.959842814232821029e-01
1.108764661336989876e-03 1.577082232605064600e-03 2.848260664118926547e-03 9.944658924419389479e-01
2.082089779559923633e-03 2.512345785711596943e-03 4.206372242661623323e-03 9.911991921920667581e-01
5.483969929459705378e-03 5.248389766534443564e-03 6.874978650168152294e-03 9.823926616538376511e-01
1.361613035885894142e-02 1.053784215418794058e-02 1.304767131489180734e-02 9.627983561720609984e-01
3.328065367067088026e-02 2.065164432501208000e-02 2.435504192651033115e-02 9.217126600778063894e-01
7.239413042714906710e-02 3.629024544397156660e-02 4.138253184373864857e-02 8.499330922851405790e-01
1.324465243742811715e-01 5.491275289874768262e-02 6.165748338094118736e-02 7.509832393460298405e-01
1.997378326579467844e-01 7.188214223579153517e-02 8.110757045837167778e-02 6.472724546478898500e-01
2.522243019912739359e-01 8.429296784267036047e-02 9.790205516890151949e-02 5.655806749971540315e-01
2.762159639588327997e-01 9.237982555582095745e-02 1.131396827450628501e-01 5.182645277402835315e-01
2.729026360267961526e-01 9.811258934711730717e-02 1.281909859940552621e-01 5.007937886320310561e-01
2.517510464732397590e-01 1.032782673682581254e-01 1.434053941095952966e-01 5.015652920489069855e-01
2.222996439792713774e-01 1.083812194364639075e-01 1.583382112681487042e-01 5.109809253161161635e-01
1.937761368713888932e-01 1.135332553053960414e-01 1.719587751811623155e-01 5.207318326420524723e-01
1.702984925599917432e-01 1.191998178873093367e-01 1.834507670880164143e-01 5.270509224646823254e-01
1.504649642627619022e-01 1.258091895112636860e-01 1.917405459140586743e-01 5.319853003119155987e-01
1.328216308981984284e-01 1.322750497941220515e-01 1.961499320187758411e-01 5.387533872889038733e-01
1.175139304479768249e-01 1.395066267711638774e-01 1.955367433715710646e-01 5.474426994092881360e-01
1.051214271766743313e-01 1.453998502026052353e-01 1.922408750943360445e-01 5.572378475263844999e-01
9.446944746781126001e-02 1.499652953965074365e-01 1.870423660135361321e-01 5.685228911221454906e-01
8.522909526850887263e-02 1.505371398398367422e-01 1.818776976419190783e-01 5.823560672497349877e-01
7.717404958350984612e-02 1.485247802232486369e-01 1.764824708149585475e-01 5.978186993782830250e-01
5.733229370807696674e-04 7.715463188342538275e-03 4.124166008428964414e-03 9.875870478661475937e-01
5.234389033774636399e-04 6.435559370938817407e-03 3.556995425629561405e-03 9.894840063000540642e-01
4.709113564006497878e-04 5.049173327599931239e-03 2.970505737090120297e-03 9.915094095789094286e-01
4.363181142700934341e-04 3.945996009455624877e-03 2.509643354619724414e-03 9.931080425216545216e-01
4.258284472857007765e-04 3.217530187872221815e-03 2.204735871030405556e-03 9.941519054938117161e-01
4.291283725153871098e-04 2.728136886016765527e-03 1.988688406690181706e-03 9.948540463347778084e-01
4.275440517780105610e-04 2.303683145623960753e-03 1.769625053737065076e-03 9.954991477488608353e-01
4.070482957757418129e-04 1.847234905424088901e-03 1.494702883050058302e-03 9.962510139157499944e-01
3.694800966703284191e-04 1.377832706813823457e-03 1.190472234767669859e-03 9.970622149617481833e-01
2.512280326427589073e-06 3.396656820574028387e-06 3.428723458473128104e-06 9.999906623393945981e-01
1.587226303977354090e-06 2.038780673938854656e-06 2.129144459801621070e-06 9.999942448485622526e-01
1.175628970093843702e-06 1.423506755460201101e-06 1.546261084057644607e-06 9.999958546031904039e-01
1.092289824461981132e-06 1.242889203271176223e-06 1.404784112807308423e-06 9.999962600368594856e-01
1.334171077509731170e-06 1.428346636261268082e-06 1.675365983410813348e-06 9.999955621163028052e-01
2.093490829929696193e-06 2.121302308897014486e-06 2.571349678319373193e-06 9.999932138571827611e-01
5.795799390304034451e-04 4.998272112585337755e-04 1.435667586689762373e-03 9.974849252630212382e-01
7.674404048496536769e-04 6.244413550478190465e-04 2.113438317634393649e-03 9.964946799224680962e-01
1.009879755381525978e-03 8.129019120757507424e-04 3.162989135984989927e-03 9.950142291965576868e-01
1.311867333425418116e-03 1.078509730601031561e-03 4.747356259461057992e-03 9.928622666765124505e-01
1.680783628257070429e-03 1.447017752861710351e-03 7.153856673318461853e-03 9.897183419455626296e-01
2.145074605396715683e-03 1.976251965939790443e-03 1.088911614595479242e-02 9.849895572827084278e-01
3.526795684346118072e-03 3.552095273794033357e-03 1.639470657615551413e-02 9.765264024657042130e-01
4.670856306704018225e-03 5.025021140111570958e-03 2.522473682170681131e-02 9.650793857314774460e-01
6.192391356749621378e-03 7.035388557746188702e-03 3.802754601954099617e-02 9.487446740659634115e-01
8.079020123336425399e-03 9.635303316396571713e-03 5.533449929874426076e-02 9.269511772615227629e-01
1.025653746002599780e-02 1.286850302218688069e-02 7.709302126330183635e-02 8.997819382544856026e-01
1.253376932994111626e-02 1.667659408703220728e-02 1.017379351116051295e-01 8.690517014714214117e-01
1.446121350155942994e-02 2.065942761621873680e-02 1.249641728003358376e-01 8.399151860818858673e-01
1.546782310496744826e-02 2.401450120574989341e-02 1.413132631981734444e-01 8.192044124911093128e-01
1.534676176579941910e-02 2.606893911465984690e-02 1.478418819348673585e-01 8.107424171846733252e-01
1.441766245721359634e-02 2.678330116298820521e-02 1.450915935013257496e-01 8.137074428784727420e-01
1.311443693715202800e-02 2.642778701040690223e-02 1.352670194196532449e-01 8.251907566327879584e-01
1.157373796850069865e-02 2.504050129910393580e-02 1.201804875908438347e-01 8.432052731415513591e-01
9.844491838993567681e-03 2.267099745177076145e-02 1.014888018434693812e-01 8.659957088657662672e-01
8.021139141599945357e-03 1.941170750599843092e-02 8.107260550043010605e-02 8.914945478519714639e-01
6.173981624186513500e-03 1.541257771287186419e-02 6.061945759695760300e-02 9.177939830659842535e-01
4.451485322069836763e-03 1.121856604530176507e-02 4.199527940223333339e-02 9.423346692303951055e-01
3.083158104384855699e-03 7.692923825187118238e-03 2.737705233514742612e-02 9.618468657352806650e-01
2.130752124006270176e-03 5.194468453082591239e-03 1.745652559997680139e-02 9.752182538229342557e-01
1.489099037633194109e-03 3.515755072944607134e-03 1.117749162642361210e-02 9.838176542629986088e-01
7.866420051925811143e-04 1.888067440124356448e-03 7.444575966100491424e-03 9.898807145885825109e-01
5.681753918037837263e-04 1.308076345269264164e-03 4.942744611822601046e-03 9.931810036511045103e-01
4.194149464691000403e-04 9.270978634810055465e-04 3.367335533235522958e-03 9.952861516568145550e-01
3.292164836269459590e-04 7.024798969371210322e-04 2.421807247698749745e-03 9.965464963717370894e-01
2.909981372121146575e-04 6.031467030337779372e-04 1.922351663117317661e-03 9.971835034966368694e-01
2.993478987348305808e-04 6.018797952311428058e-04 1.723186598867016556e-03 9.973755857071668895e-01
3.545457718451663410e-04 6.807592873545406263e-04 1.718645755968374903e-03 9.972460491848317288e-01
4.718807086653937165e-04 8.433019464253514686e-04 1.874029000381184380e-03 9.968107883445280759e-01
6.894554988108238681e-04 1.115047465841820934e-03 2.211215612065378297e-03 9.959842814232821029e-01
1.108764661336989876e-03 1.577082232605064600e-03 2.848260664118926547e-03 9.944658924419389479e-01
2.082089779559923633e-03 2.512345785711596943e-03 4.206372242661623323e-03 9.911991921920667581e-01
5.483969929459705378e-03 5.248389766534443564e-03 6.874978650168152294e-03 9.823926616538376511e-01
1.361613035885894142e-02 1.053784215418794058e-02 1.304767131489180734e-02 9.627983561720609984e-01
3.328065367067088026e-02 2.065164432501208000e-02 2.435504192651033115e-02 9.217126600778063894e-01
7.239413042714906710e-02 3.629024544397156660e-02 4.138253184373864857e-02 8.499330922851405790e-01
1.324465243742811715e-01 5.491275289874768262e-02 6.165748338094118736e-02 7.509832393460298405e-01
1.997378326579467844e-01 7.188214223579153517e-02 8.110757045837167778e-02 6.472724546478898500e-01
2.522243019912739359e-01 8.429296784267036047e-02 9.790205516890151949e-02 5.655806749971540315e-01
2.762159639588327997e-01 9.237982555582095745e-02 1.131396827450628501e-01 5.182645277402835315e-01
2.729026360267961526e-01 9.811258934711730717e-02 1.281909859940552621e-01 5.007937886320310561e-01
2.517510464732397590e-01 1.032782673682581254e-01 1.434053941095952966e-01 5.015652920489069855e-01
2.222996439792713774e-01 1.083812194364639075e-01 1.583382112681487042e-01 5.109809253161161635e-01
1.937761368713888932e-01 1.135332553053960414e-01 1.719587751811623155e-01 5.207318326420524723e-01
1.702984925599917432e-01 1.191998178873093367e-01 1.834507670880164143e-01 5.270509224646823254e-01
1.504649642627619022e-01 1.258091895112636860e-01 1.917405459140586743e-01 5.319853003119155987e-01
1.328216308981984284e-01 1.322750497941220515e-01 1.961499320187758411e-01 5.387533872889038733e-01
1.175139304479768249e-01 1.395066267711638774e-01 1.955367433715710646e-01 5.474426994092881360e-01
1.051214271766743313e-01 1.453998502026052353e-01 1.922408750943360445e-01 5.572378475263844999e-01
9.446944746781126001e-02 1.499652953965074365e-01 1.870423660135361321e-01 5.685228911221454906e-01
8.522909526850887263e-02 1.505371398398367422e-01 1.818776976419190783e-01 5.823560672497349877e-01
7.717404958350984612e-02 1.485247802232486369e-01 1.764824708149585475e-01 5.978186993782830250e-01
1.614504937499397774e-01 8.950728123059722985e-02 1.888011393503084001e-01 5.602410856691545371e-01
1.661243250631143364e-01 7.794940613356396431e-02 1.920072758609820129e-01 5.639189929423396030e-01
1.814849734777125023e-01 7.081511031905374232e-02 2.051987432784307674e-01 5.425011729248028214e-01
2.131264233846960343e-01 6.764610430773068672e-02 2.259286353886459653e-01 4.932988369189275635e-01
2.590087818785064555e-01 6.654108520016036032e-02 2.490245518579953798e-01 4.254255810633378321e-01
3.121859837242125235e-01 6.525537435967701527e-02 2.685109558354001336e-01 3.540476860807102999e-01
3.663320307435971590e-01 6.249935438948419492e-02 2.809274443779842256e-01 2.902411704889343302e-01
4.160508027440751322e-01 5.833825288324286096e-02 2.865659593088328849e-01 2.390449850638491913e-01
4.542880123828761940e-01 5.394826483975472681e-02 2.899907372785858195e-01 2.017729854987831695e-01
4.828269613890187606e-01 5.047065229334338904e-02 2.909652841774506560e-01 1.757371021401872846e-01
5.084003765424481847e-01 4.863387104586796433e-02 2.891479063267387017e-01 1.538178460849451978e-01
5.391428443377836999e-01 4.825218958522948381e-02 2.816845088748483050e-01 1.309204572021383239e-01
5.694293554466898222e-01 4.960167568520305187e-02 2.716912466636012269e-01 1.092777222045055174e-01
5.924854611774417190e-01 5.352250050536064979e-02 2.626006855061226442e-01 9.139135281107475806e-02
6.116143433758861603e-01 6.027282403754311013e-02 2.525119318128701829e-01 7.560090077370071326e-02
6.289941777909642262e-01 7.078199132923451709e-02 2.390103592171178293e-01 6.121347166268366335e-02
6.440526130372371538e-01 8.831289572329641124e-02 2.188265213995118363e-01 4.880796983995460553e-02
6.586101374623597460e-01 1.137473791510887899e-01 1.895081421687729584e-01 3.813434121777833918e-02
6.673970810102852758e-01 1.450439293334482016e-01 1.577899475286699826e-01 2.976904212759668919e-02
6.825353636926231315e-01 1.675753113997150434e-01 1.273842170661298734e-01 2.250510784153158389e-02
7.127300728631725812e-01 1.723731986226547108e-01 9.873661497906166540e-02 1.616011353511078233e-02
7.541883797380183330e-01 1.612246216331511550e-01 7.335876032239245503e-02 1.122823830643854617e-02
7.947115914580354934e-01 1.447072796978634002e-01 5.289496934212930407e-02 7.686159501971811039e-03
1.499949671636233439e-01 1.343883790590758021e-01 7.085022756743942773e-01 7.114378102906687706e-03
1.615192808611328468e-01 1.345928589927631591e-01 6.971433784970721970e-01 6.744481649031831838e-03
1.705709515284833389e-01 1.338141902960302554e-01 6.886236301781147873e-01 6.991227997371759866e-03
1.719101179587073647e-01 1.300331555347457868e-01 6.900469047804723699e-01 8.009821726074343312e-03
1.645574992567022388e-01 1.244085854289935095e-01 7.010644802334784487e-01 9.969435080825579318e-03
1.543545775983539703e-01 1.196585817784129452e-01 7.134009004921377795e-01 1.258594013109502058e-02
1.476680331480727804e-01 1.182616749530722017e-01 7.191438670871330707e-01 1.492642481172201142e-02
1.465516515167992473e-01 1.209082708878604084e-01 7.167501108125364784e-01 1.578996678280350854e-02
1.493939776614796600e-01 1.277852177297657821e-01 7.077700636717864091e-01 1.505074093696811763e-02
1.542559539216762365e-01 1.405578259348115311e-01 6.913086718895640193e-01 1.387754825394820445e-02
1.610945710269804654e-01 1.607373124054057856e-01 6.651142006248095262e-01 1.305391594280424540e-02
1.705948537619303707e-01 1.877264311144134501e-01 6.290919577071778512e-01 1.258675741647837659e-02
1.829933629470048562e-01 2.195154158144995427e-01 5.851847361637873002e-01 1.230648507470798701e-02
2.042087559105072170e-01 2.474674657219854690e-01 5.359457553727868806e-01 1.237802299472040742e-02
2.397227082890924232e-01 2.607625925749308404e-01 4.865677320198352751e-01 1.294696711614137102e-02
2.906517406944154058e-01 2.519909905325491972e-01 4.434800042654554741e-01 1.387726450757983780e-02
3.552960152601533084e-01 2.193699487651544489e-01 4.100834084893085763e-01 1.525062748538354163e-02
4.233302309462176338e-01 1.741105087060776102e-01 3.854099595451014881e-01 1.714930080260372233e-02
4.865751812609918625e-01 1.297851622379364855e-01 3.644102313581801256e-01 1.922942514289132168e-02
5.476128998893687871e-01 9.067200751865084341e-02 3.408289040358411515e-01 2.088618855613934636e-02
6.043492589992784936e-01 6.284889298554656445e-02 3.109413689953965387e-01 2.186047901977877794e-02
6.563096340040535104e-01 4.555454290566847420e-02 2.754815076966938836e-01 2.265431539358420121e-02
7.066683517778871160e-01 3.607751548392248292e-02 2.337717093402997270e-01 2.348242339789084407e-02
7.543168363488681472e-01 3.204827650957406404e-02 1.891240036355228138e-01 2.451088350603506522e-02
7.921780227729372514e-01 3.185176656594625871e-02 1.497187245136216704e-01 2.625148614749476389e-02
8.167372221494136886e-01 3.397750865915698248e-02 1.201907415355738251e-01 2.909452765585556280e-02
8.286733584848762213e-01 3.701698344886361625e-02 1.007822259957893568e-01 3.352743207047071544e-02
8.308774308958860599e-01 3.950147416496410657e-02 8.972546677972975671e-02 3.989562815941997270e-02
8.271702500843831629e-01 4.012181893823727613e-02 8.481293263325874465e-02 4.789499834412064283e-02
8.206396771449212535e-01 3.856570009965979567e-02 8.436304043114965789e-02 5.643158232426902926e-02
8.137580545501579277e-01 3.545430901915141292e-02 8.725551556154380328e-02 6.353212086914705736e-02
8.090207334861417854e-01 3.146543933800360210e-02 9.241256998378959142e-02 6.710125719206472272e-02
8.075132674711879011e-01 2.726308664733814377e-02 9.853068283395646776e-02 6.669296304751752558e-02
8.080087675810976311e-01 2.359860417595960672e-02 1.040779282544714440e-01 6.431469998847139102e-02
8.060363852437075760e-01 2.119558903816230050e-02 1.090744779952694810e-01 6.369354772286082988e-02
7.995166804044671061e-01 2.038000954325580247e-02 1.143973536431016069e-01 6.570595640917539781e-02
8.030706106579488246e-01 2.018283092210081814e-02 1.144272423404001787e-01 6.231931607955007446e-02
8.224609559368317724e-01 1.995363000573147777e-02 1.066068968514717885e-01 5.097851720596482950e-02
8.493349214304323214e-01 1.932638498802547594e-02 9.432100203068477517e-02 3.701769155085732343e-02
8.767298265984846406e-01 1.791594039398312563e-02 8.080422679961067611e-02 2.455000620792134255e-02
8.999852041637784739e-01 1.610439761780799173e-02 6.839999081523016888e-02 1.551040740318369339e-02
9.179165941102653825e-01 1.457929373585742198e-02 5.771497095216389372e-02 9.789141201713260146e-03
9.306282007203010576e-01 1.374473642798699526e-02 4.911859846954270969e-02 6.508464382169686785e-03
9.379539895541734174e-01 1.368067433623821293e-02 4.353334734520226956e-02 4.831988764385788775e-03
9.390387047551275179e-01 1.434713104159348988e-02 4.237642808249435233e-02 4.237736120784574810e-03
9.325678371628741692e-01 1.560828086799648413e-02 4.735658185296452716e-02 4.467300116164621762e-03
9.165594156448458873e-01 1.737233743398723662e-02 6.064344681330027104e-02 5.424800107866457541e-03
8.898478374262929202e-01 1.958245135967719500e-02 8.357024475094221305e-02 6.999466463087378534e-03
8.588109507347330140e-01 2.177436987411525762e-02 1.107446882636071300e-01 8.669991127544929635e-03
8.389438851744609460e-01 2.339619684564015270e-02 1.280645197447188577e-01 9.595398235180128618e-03
8.411376280679887518e-01 2.414426636115746608e-02 1.254428914514508775e-01 9.275214119402828278e-03
8.559711266407352692e-01 2.515312986227538281e-02 1.103782669117573112e-01 8.497476585232047186e-03
8.699977431478073120e-01 2.760038825730803252e-02 9.432658310090488718e-02 8.075285493979886264e-03
8.797681186792305486e-01 3.127542391419733253e-02 8.094363453251568474e-02 8.012822874056564279e-03
8.870145698412704727e-01 3.512266875407297345e-02 6.986772703483447311e-02 7.995034369822070358e-03
8.927002444135924142e-01 3.806945257112198666e-02 6.134451839303562554e-02 7.885784622249905965e-03
8.983323160463991819e-01 3.894962226748348300e-02 5.512519815080812319e-02 7.592863535309215400e-03
9.069922962037010317e-01 3.685225468440536667e-02 4.925312319933189409e-02 6.902325912561724057e-03
9.200231258214718322e-01 3.204158644576912685e-02 4.214474996288372632e-02 5.790537769875505475e-03
9.362300028780780048e-01 2.559755705126037090e-02 3.371820486938848643e-02 4.454235201273239360e-03
9.529472259143597634e-01 1.907246226627426836e-02 2.484277002655045641e-02 3.137541792815499216e-03
9.681150120074089038e-01 1.341184147891475754e-02 1.649836199810524387e-02 1.974784515571098662e-03
9.798872389768653601e-01 8.964456095524087759e-03 1.003794047523108059e-02 1.110364452379685330e-03
9.871822722801292249e-01 6.011660788594149450e-03 6.189542819167034686e-03 6.165241121097024025e-04
9.918410467927446517e-01 3.582359592617840888e-03 4.204922233075935982e-03 3.716713815613861241e-04
9.932105006254180468e-01 2.898096601103735109e-03 3.611553184599920405e-03 2.798495888780632118e-04
9.931803032533528253e-01 2.697839787714969260e-03 3.861696154634557294e-03 2.601608042976745797e-04
9.919004778740161399e-01 2.862231922733960224e-03 4.949927060010182386e-03 2.873631432396825999e-04
9.880508260154224898e-01 4.247955241593039284e-03 7.325758039645761423e-03 3.754607033387475810e-04
9.826677435616518741e-01 5.495534109207833584e-03 1.131112812076608305e-02 5.255942083741339159e-04
9.746042412647605291e-01 7.358956544828538886e-03 1.727285837713472480e-02 7.639438132762155784e-04
9.635187775591602666e-01 1.004324853726722318e-02 2.530874544113000807e-02 1.129228462442204237e-03
9.488295187650044316e-01 1.389760583200867934e-02 3.559151515492226664e-02 1.681360248064791597e-03
9.311053614209693352e-01 1.896257677406240280e-02 4.754811115946749878e-02 2.383950645500567626e-03
9.110776979497348105e-01 2.503864985635877866e-02 6.080984552187493342e-02 3.073806672031457500e-03
8.853908162296251216e-01 3.248912040796413797e-02 7.839603707556115630e-02 3.724026286849555466e-03
8.465459624967200947e-01 4.197395962406472170e-02 1.068821141220570731e-01 4.597963757158026431e-03
7.894744518597733851e-01 5.253126391008627188e-02 1.520277149197287181e-01 5.966569310411768030e-03
7.147740649975159455e-01 6.182816366945675240e-02 2.154689083335018240e-01 7.928862999525674096e-03
6.313276265240446161e-01 6.837175448649181198e-02 2.900418576312820407e-01 1.025876135818140807e-02
5.546520246379176289e-01 7.272108111003142139e-02 3.602082978377507128e-01 1.241859641430036708e-02
4.942992671070624011e-01 7.721208107164084788e-02 4.144576811486512802e-01 1.403097067264555929e-02
4.513886898156820315e-01 8.103774554187248569e-02 4.526687284917514931e-01 1.490483615069406603e-02
4.220320388280320856e-01 8.600383519181842296e-02 4.767934842457464129e-01 1.517064173440303351e-02
4.035895943700699151e-01 9.422903925378466050e-02 4.869884197226291844e-01 1.519294665351637701e-02
3.959327750808747104e-01 1.074259556205343913e-01 4.812415919987491630e-01 1.539967729984177865e-02
3.994654081950020363e-01 1.289477827741350724e-01 4.556572262212260083e-01 1.592958280963678586e-02
4.147860579067517706e-01 1.561790338557730862e-01 4.126473255809425256e-01 1.638758265653252402e-02
4.314694813001299645e-01 1.884678223909144468e-01 3.634025035167195994e-01 1.666019279223593386e-02
4.410776226630551689e-01 2.228306824108327033e-01 3.193953407188190874e-01 1.669635420729308553e-02
