6.265272287539972451e-01 3.522459190310793797e-01 1.973131639841560134e-02 1.495535816507743022e-03
3.543469893223454709e-02 7.123115712124704624e-01 2.470534177806456566e-01 5.200312074649486582e-03
2.608344074800006754e-02 7.127882357229807786e-01 2.573114909391947536e-01 3.816832589824359530e-03
2.012918736719911464e-02 7.073972863824304902e-01 2.694300983938058280e-01 3.043427856564659504e-03
1.598941462333429084e-02 6.946697276701481183e-01 2.867047109257227500e-01 2.636146780794931550e-03
1.471929512286291979e-02 6.719237602198433468e-01 3.108159107860587467e-01 2.541033871235263020e-03
1.462518978478005369e-02 6.398003516311395744e-01 3.428917626020173137e-01 2.682695982063114989e-03
1.401761803242341023e-02 6.033067367695102989e-01 3.797003877662535887e-01 2.975257431812716475e-03
1.443496920950811460e-02 5.679601134734728607e-01 4.140404200312606808e-01 3.564497285758095376e-03
1.511307829754885389e-02 5.418066152118676815e-01 4.386384089421101473e-01 4.441897548473256602e-03
1.608625098952444835e-02 5.247157627444714034e-01 4.534905455097312799e-01 5.707440756272829339e-03
1.742292388261624386e-02 5.090314016983057410e-01 4.661594025589977930e-01 7.386271860080569074e-03
1.910464641660792814e-02 4.846803968512428673e-01 4.867876478529684636e-01 9.427308879180612555e-03
2.095259356931648137e-02 4.481211503766635573e-01 5.193000184433547162e-01 1.162623761066528677e-02
2.300495199602748883e-02 4.024801554027566119e-01 5.608146659270136780e-01 1.370022667420211018e-02
2.549480040039649870e-02 3.514934026889677821e-01 6.076689086483382241e-01 1.534288826229773459e-02
2.829505711858617753e-02 2.981993946989675570e-01 6.573754094590542607e-01 1.613013872339151902e-02
3.093633491837630145e-02 2.472742816541457500e-01 7.061200799881871548e-01 1.566930343929058209e-02
3.301110888081079664e-02 2.029228796544166602e-01 7.500735070664944493e-01 1.399250439827821532e-02
3.421779568382006531e-02 1.666623870885364511e-01 7.876398408385612004e-01 1.147997638908253640e-02
3.438751743722913423e-02 1.380087015203181888e-01 8.188470481537220014e-01 8.756732888730692915e-03
3.340709282439872224e-02 1.156797567798617532e-01 8.444927910294514062e-01 6.420359366288138324e-03
3.120529959904811551e-02 9.728690127115034725e-02 8.668101451139610392e-01 4.697654015840552720e-03
2.772395675800404941e-02 7.987667694015596065e-02 8.889123605981285037e-01 3.487005703711716989e-03
2.325986409503306637e-02 6.233195183371850745e-02 9.117888397077777984e-01 2.619344363470555315e-03
1.883225943706521091e-02 4.708068064029390098e-02 9.320290222377332068e-01 2.058037684907874313e-03
1.573367651887561114e-02 3.763008048658938315e-02 9.448027184961960145e-01 1.833524498338579608e-03
1.455042393323346950e-02 3.531293378753341122e-02 9.482144737362356857e-01 1.922168542997498017e-03
1.506509946046342453e-02 4.042557006870842878e-02 9.422030119811166671e-01 2.306318489711248459e-03
1.664934519724623960e-02 5.399624605103792163e-02 9.263978480681623884e-01 2.956560683553606950e-03
1.853198948018346462e-02 7.837624320759639662e-02 8.992266222333425985e-01 3.865145078877728520e-03
1.996303226698326744e-02 1.166137236499931729e-01 8.583488192494903579e-01 5.074424833532860044e-03
2.038497562940104479e-02 1.703460042341598257e-01 8.026514933308369626e-01 6.617526805602286580e-03
1.968120487432057156e-02 2.335285009718231775e-01 7.383549753619585987e-01 8.435318791897572499e-03
1.828214682739000632e-02 2.856068370063638562e-01 6.854599452746122923e-01 1.065107089163389205e-02
1.702427431255874521e-02 3.010677491785189175e-01 6.678330939173326986e-01 1.407488259158943579e-02
1.652269454015529992e-02 2.732341896773099466e-01 6.901933878503889730e-01 2.004972793214570073e-02
1.668684485231787876e-02 2.220189161953022572e-01 7.311025371577718479e-01 3.019170179460784267e-02
1.731155710337659720e-02 1.734331080720506180e-01 7.625568059120114706e-01 4.669852891256123101e-02
1.845658154364670026e-02 1.404145022589959324e-01 7.684711401648235407e-01 7.265777603253370520e-02
2.017101864313418716e-02 1.239648197692361925e-01 7.456408460212198275e-01 1.102233155664099767e-01
2.261981310774726153e-02 1.186170594601171635e-01 6.995079267203101470e-01 1.592552007118255009e-01
2.586258940810026719e-02 1.175834287052572036e-01 6.387629610264566882e-01 2.177910208601855635e-01
2.981465000981105284e-02 1.174340871062308916e-01 5.749822989702726428e-01 2.777689639136851629e-01
3.470734324214985039e-02 1.185801705595857791e-01 5.218930182183567634e-01 3.248194679799077389e-01
4.121002728589722580e-02 1.230655303846218129e-01 4.894042881592806649e-01 3.463201541702005670e-01
5.004793892139105388e-02 1.324180178968825672e-01 4.768241119008157503e-01 3.407099312809108160e-01
6.223136925595373903e-02 1.469095566046656753e-01 4.757829630206716343e-01 3.150761111187090902e-01
7.915967088617613390e-02 1.658890678375310179e-01 4.747769333365070565e-01 2.801743279397858610e-01
9.985734797827494624e-02 1.890743522734237014e-01 4.639398535750701713e-01 2.471284461732310700e-01
1.207716497879719325e-01 2.191390701050374978e-01 4.407572953191865039e-01 2.193319847878041073e-01
1.385307407723554429e-01 2.606107145672833525e-01 4.065964495818401581e-01 1.942620950785212686e-01
1.519863855637089145e-01 3.169613709010097868e-01 3.624400346757431501e-01 1.686122088595380930e-01
1.608010545616866405e-01 3.897091715765189091e-01 3.087924431240242629e-01 1.406973307377699933e-01
1.617796882837971573e-01 4.801225688275145842e-01 2.477500438067797850e-01 1.103476990819085429e-01
1.518250686926000681e-01 5.771461938948182491e-01 1.910607861868266200e-01 7.996795122575496573e-02
1.308002577948898515e-01 6.740334119338038388e-01 1.419125414272806585e-01 5.325378884402540147e-02
1.050245513532842567e-01 7.567461691995087669e-01 1.051112914062782705e-01 3.311798804092863646e-02
8.023095911272767888e-02 8.203653995388782150e-01 7.969565159601099680e-02 1.970798975238345283e-02
5.811947733106799518e-02 8.681615035023448890e-01 6.228195714449327736e-02 1.143706202209371185e-02
3.992024693723716239e-02 9.025437003280373238e-01 5.073928990583800175e-02 6.796762828887438317e-03
2.750790193586474114e-02 9.242309971075859387e-01 4.390898607775598622e-02 4.352114878793417185e-03
2.128530835455691786e-02 9.348575025930592197e-01 4.077435524114763482e-02 3.082833811236398037e-03
1.740825350818996087e-02 9.403592764646807600e-01 3.989710393010762607e-02 2.335366097021690339e-03
1.595867015440769962e-02 9.420565934588238655e-01 4.006126865921752489e-02 1.923467727550977682e-03
1.662445665103233841e-02 9.409795410057185672e-01 4.065379654706095802e-02 1.742205796188233324e-03
1.946289062952817617e-02 9.378692977175941969e-01 4.095218035701778114e-02 1.715631295859885649e-03
2.335901461451700065e-02 9.357837399213302376e-01 3.916339321951035901e-02 1.693852244642168317e-03
2.998819288084215995e-02 9.339611952006020568e-01 3.442559866146512049e-02 1.625013257090599265e-03
4.011880085833504500e-02 9.303032254929923806e-01 2.809101104353319001e-02 1.486962605138933847e-03
5.719859157381704945e-02 9.189345911015286417e-01 2.249361898514279715e-02 1.373198339511496995e-03
8.638840086102952953e-02 8.935717547249525383e-01 1.867862185970726660e-02 1.361222554310595727e-03
8.358696479025293780e-01 1.136533980395574850e-01 4.948528582209694299e-02 9.916682358161676113e-04
2.638250448273468107e-01 4.440659754245955826e-01 2.841839836453035062e-01 7.924996102754034571e-03
2.942482124623421735e-01 3.312801227602922838e-01 3.622422305550429544e-01 1.222943422232285887e-02
2.970173788971728901e-01 2.514350786394206061e-01 4.337727486715018399e-01 1.777479379190475064e-02
2.825223183981465103e-01 2.007484927948604558e-01 4.923138306849682011e-01 2.441535812202479463e-02
2.626182827067499725e-01 1.694969633294167444e-01 5.356582285400557364e-01 3.222652542377765772e-02
2.447021267940745204e-01 1.499597184289078455e-01 5.639166916170773591e-01 4.142146315994069128e-02
2.316454136351783211e-01 1.377912182387280582e-01 5.779535107426517770e-01 5.260985738344176738e-02
2.251441574252516786e-01 1.320921158133379347e-01 5.764391037256918482e-01 6.632462303571864948e-02
2.238567670933579445e-01 1.331771063057634319e-01 5.602740000486876593e-01 8.269212655219072838e-02
2.233538117455010630e-01 1.420914902287880033e-01 5.330953832446035934e-01 1.014593147811071461e-01
2.232694253025580833e-01 1.593430133922263958e-01 4.968842267373188570e-01 1.205033345678964973e-01
2.284059921699061191e-01 1.842977252499358176e-01 4.516664335872719871e-01 1.356298489928861872e-01
2.393631047078891294e-01 2.165894796882408824e-01 3.986283077738532743e-01 1.454191078300164641e-01
2.535297930302987113e-01 2.544974813653836376e-01 3.424225377058777720e-01 1.495501878984394906e-01
2.699379786720129126e-01 2.939403489622584575e-01 2.892237633249968853e-01 1.468979090407314947e-01
2.910143276424316805e-01 3.320148403499720291e-01 2.404601599090812059e-01 1.365106720985150290e-01
3.183553461155790854e-01 3.643992603659816365e-01 1.974076287162013221e-01 1.198377648022379005e-01
3.477022856033583076e-01 3.926064300027153342e-01 1.585903587619340582e-01 1.011009256319925498e-01
3.763695675563591969e-01 4.158410879883585043e-01 1.249243106946052173e-01 8.286503376067713700e-02
4.041609738025389587e-01 4.351148514027016745e-01 9.525322253846628395e-02 6.547095225629305515e-02
4.300120804893122761e-01 4.511554430316100373e-01 6.927121364150465310e-02 4.956126283757286699e-02
4.433690744316350352e-01 4.724504194753564312e-01 4.883205906797272872e-02 3.534844702503586733e-02
4.447804882849024644e-01 4.979340085621212220e-01 3.358672267502451486e-02 2.369878047795185433e-02
4.376754107631192214e-01 5.240378392334447133e-01 2.327170440571686358e-02 1.501504559771914618e-02
4.332395700417224771e-01 5.408621172248506692e-01 1.673397233027628175e-02 9.164340403150917150e-03
4.310436881335875103e-01 5.501574986076355200e-01 1.309019297664637017e-02 5.708620282130422510e-03
4.363423133403739329e-01 5.481035451176667905e-01 1.149929143451083359e-02 4.054850107448438636e-03
4.602133092599886011e-01 5.250892459653305755e-01 1.130473323243347261e-02 3.392711542247294886e-03
5.107384185340269056e-01 4.738626568776707626e-01 1.216915349003914321e-02 3.229771098263220248e-03
5.915280841033488946e-01 3.921279950193056751e-01 1.309408448995786137e-02 3.249836387387604938e-03
6.814735951348924736e-01 3.011223302977805716e-01 1.398532476790569079e-02 3.418749799421073182e-03
7.625181064545998311e-01 2.188772442359644965e-01 1.488522615938318860e-02 3.719423150052556231e-03
8.263626964048071954e-01 1.538070121793954359e-01 1.578688828528207813e-02 4.043403130515267098e-03
8.688783505218512504e-01 1.098249261739703414e-01 1.695358847018619761e-02 4.343134833992024976e-03
8.894479903129096643e-01 8.646750522166128661e-02 1.929978238894885373e-02 4.784722076480131189e-03
8.897765865463111989e-01 8.048428965122615686e-02 2.407396093141410051e-02 5.665162871048502052e-03
8.705217562306952761e-01 9.006349002428333528e-02 3.214869686740874644e-02 7.266056877612893719e-03
8.315241196295779513e-01 1.162541367462301134e-01 4.259776666583992011e-02 9.623976958351775773e-03
7.740820908115705334e-01 1.605141843085425846e-01 5.282701444981877104e-02 1.257671043006792881e-02
7.098417845777102997e-01 2.156490947667638325e-01 5.921911540517241224e-02 1.529000525035331681e-02
6.541856253450570868e-01 2.681948600488220369e-01 6.071361394916619664e-02 1.690590065695449576e-02
6.151571694526729583e-01 3.100176772432059469e-01 5.793965595529179669e-02 1.688549734882903441e-02
5.920493124354578862e-01 3.418060785655809841e-01 5.125972463099389559e-02 1.488488436796736418e-02
5.764351843637650630e-01 3.699214993633760384e-01 4.213871454652302895e-02 1.150460172633584362e-02
5.565257435028728716e-01 4.019392239326298188e-01 3.341147539888147944e-02 8.123557165615847425e-03
5.282864546284020690e-01 4.390227109633474956e-01 2.712197918652576104e-02 5.568855221724279721e-03
4.979567423530043002e-01 4.739532084227691677e-01 2.413091724398210014e-02 3.959131980244424108e-03
4.725872960098786435e-01 4.987446807163697926e-01 2.543172119190948918e-02 3.236302081842226935e-03
4.532744248881602211e-01 5.113111465446277260e-01 3.217185542133187137e-02 3.242573145880159845e-03
4.355486013685569979e-01 5.158029191507185196e-01 4.484478009001959670e-02 3.803699390704807712e-03
4.176583380243861776e-01 5.169340224545645457e-01 6.084101621814218264e-02 4.566623302907229370e-03
4.066406288098675659e-01 5.149832066113627649e-01 7.346350939773266253e-02 4.912655181037223553e-03
4.055397437485659395e-01 5.102546971965540301e-01 7.941682277852531169e-02 4.788736276354631054e-03
4.049080714960298089e-01 5.099240421230082365e-01 8.062715181210931836e-02 4.540734568852808871e-03
3.896721339533197881e-01 5.262763752811843165e-01 7.969600100585315372e-02 4.355489759642800635e-03
3.562293402940922560e-01 5.623583320900669147e-01 7.726668856762171356e-02 4.145639048219395932e-03
3.161164316886064807e-01 6.055859621510587543e-01 7.441133538755088928e-02 3.886270772783632921e-03
2.872188297632057852e-01 6.349204227124872757e-01 7.406182038049209659e-02 3.798927143815056338e-03
2.822939311224142434e-01 6.354827290061323408e-01 7.812621713855112671e-02 4.097122732902064475e-03
3.028744861359906060e-01 6.075624291833514601e-01 8.482172979679537816e-02 4.741354883862325918e-03
3.408102151688282011e-01 5.624324815083581175e-01 9.113422667931533883e-02 5.623076643498279258e-03
3.819125360302699779e-01 5.156364119139432711e-01 9.568938333894119741e-02 6.761668716845302060e-03
4.141969487680108863e-01 4.794767393667638822e-01 9.826771064856137938e-02 8.058601216663673419e-03
4.369572210840113602e-01 4.535831610811353332e-01 1.000422914899474491e-01 9.417326344905968538e-03
4.590715422287766079e-01 4.275928491632091655e-01 1.023026084779807970e-01 1.103300013003345216e-02
4.844281265466486297e-01 3.946631334740817176e-01 1.072145465513989343e-01 1.369419342787070275e-02
5.005493937062707177e-01 3.596318562248095874e-01 1.203680639973017802e-01 1.945068607161789392e-02
4.966764871719778207e-01 3.291766498593262646e-01 1.436913584932220378e-01 3.045550447547369990e-02
4.766291662096879822e-01 3.045572204102877656e-01 1.722601289859100326e-01 4.655348439411386569e-02
4.514317410528520536e-01 2.842293693319580816e-01 1.999189192570146045e-01 6.441997035817527417e-02
4.314019081116570731e-01 2.641833929362951694e-01 2.243042590551340143e-01 8.011043989691347955e-02
2.415662445030543892e-01 3.208758530963348177e-01 1.204668019290321551e-01 3.170911004715788462e-01
1.216630034948140530e-03 7.221537289827934317e-03 1.253383631713162784e-02 9.790279963580920120e-01
1.119819547646874443e-03 6.625392503416979023e-03 1.163590117546258948e-02 9.806188867734735304e-01
1.008917109282720043e-03 5.754116134454104192e-03 1.022096514378420355e-02 9.830160016124792621e-01
9.171171507940076599e-04 4.938886812527359602e-03 8.847083551348748284e-03 9.852969124853295790e-01
6.980241115062603852e-04 3.657098824795454277e-03 8.142595981365944105e-03 9.875022810823324004e-01
6.675097165852765177e-04 3.296639613058055789e-03 7.318672220756002045e-03 9.887171784496006088e-01
6.352511216742264466e-04 2.924268501562085534e-03 6.520059064834969782e-03 9.899204213119285889e-01
5.863715106398276504e-04 2.453945284715093426e-03 5.589694143672200091e-03 9.913699890609729559e-01
5.226805597805120676e-04 1.916891201330215514e-03 4.565402444629361629e-03 9.929950257942598002e-01
4.601381600192610980e-04 1.418534496357254501e-03 3.638122815477707207e-03 9.944832045281456478e-01
4.143591550889335522e-04 1.040521398294259100e-03 2.968757379014897845e-03 9.955763620676019166e-01
3.915241193855619026e-04 7.931091252906274404e-04 2.581892686635760530e-03 9.962334740686880075e-01
3.992559271448453792e-04 6.570400002755202862e-04 2.473102992000615358e-03 9.964706010805793879e-01
4.509119552994091508e-04 6.143589022476636952e-04 2.675231960186613949e-03 9.962594971822662515e-01
5.600209222507380666e-04 6.539141750093439452e-04 3.254848076413149535e-03 9.955312168263266148e-01
7.318711343255737082e-04 7.705558529693854689e-04 4.299215491910660103e-03 9.941983575207944401e-01
9.659202022569590056e-04 9.710517694817138177e-04 5.941026383981855286e-03 9.921220016442795497e-01
1.278901187150872096e-03 1.283767135376617796e-03 8.431068576531457887e-03 9.890062631009410854e-01
1.697620884635832198e-03 1.741998446441800656e-03 1.209904907914000072e-02 9.844613315897824402e-01
2.259747117668500262e-03 2.402985792697647817e-03 1.746558013391786429e-02 9.778716869557155800e-01
3.717606161776433864e-03 3.949335428912175740e-03 2.507957625180435440e-02 9.672534821575067276e-01
4.933757754120432319e-03 5.533440535683990802e-03 3.658141033492987026e-02 9.529513913752658549e-01
6.537978500013948494e-03 7.766832903974710614e-03 5.317509883025734602e-02 9.325200897657539567e-01
8.545623769551461205e-03 1.074645787533606150e-02 7.602514227223269860e-02 9.046827760828799470e-01
1.051299830201937215e-02 1.388546019177854321e-02 1.051861426077409789e-01 8.704153988984609791e-01
1.359238607815707080e-02 1.846092527763440808e-02 1.391705715592314319e-01 8.287761170849771153e-01
1.561242075948077006e-02 2.366303822111840219e-02 1.757081231305646918e-01 7.850164178888363598e-01
1.746508813850253597e-02 2.809379221776860808e-02 2.052545994783303851e-01 7.491865201653983286e-01
1.836462726788033392e-02 3.126886892182769578e-02 2.225295739091397995e-01 7.278369299011521187e-01
1.814327149069431752e-02 3.262670083752112343e-02 2.259759069428313727e-01 7.232541207289530094e-01
1.712435385908036081e-02 3.230238293850488940e-02 2.172965876685228614e-01 7.332766755338918641e-01
1.575037151679808262e-02 3.071046283598524024e-02 1.993237147807954135e-01 7.542154508664214996e-01
1.411862260863223223e-02 2.802939726389157629e-02 1.747840831012554552e-01 7.830678970262205940e-01
1.220160809416350259e-02 2.443797416254801097e-02 1.462395896045392274e-01 8.171208281387490890e-01
1.006390331656029438e-02 2.018283389722581866e-02 1.160618889320622904e-01 8.536913738541513919e-01
7.803614626576176744e-03 1.555448707982755828e-02 8.619930680715592874e-02 8.904425914864405600e-01
5.638351804120778424e-03 1.108196019478615776e-02 5.904499396183406079e-02 9.242346940392589527e-01
3.891124899161318897e-03 7.478430157629166984e-03 3.782052151383652472e-02 9.508099234293728719e-01
2.676762531710260087e-03 4.995292869931846312e-03 2.370625250137048043e-02 9.686216920969874522e-01
1.451073874393633010e-03 2.820151843990106443e-03 1.528275327398613201e-02 9.804460210076300086e-01
1.034753628197910159e-03 1.940418855473374608e-03 1.000556481304287586e-02 9.870192627032857713e-01
7.587712017187918335e-04 1.361974807993159096e-03 6.764327408317265082e-03 9.911149265819706455e-01
5.760236451599942730e-04 9.875112985483058131e-04 4.747527114301501941e-03 9.936889379419903134e-01
4.707930330938271072e-04 7.711966742924080765e-04 3.565531618698249139e-03 9.951924786739155815e-01
4.371348514959991368e-04 6.849878276796210952e-04 3.000369084579812898e-03 9.958775082362447684e-01
4.747685950591877752e-04 7.087583939991836269e-04 2.897863496607897254e-03 9.959186095143337525e-01
5.970065704350563645e-04 8.346262190443055765e-04 3.169560718280537998e-03 9.953988064922399959e-01
8.486382636560024957e-04 1.080681061151971944e-03 3.837833994219439111e-03 9.942328466809726706e-01
1.330000223403090100e-03 1.493452281871079142e-03 5.020082998656851155e-03 9.921564644960692014e-01
2.300528380736827083e-03 2.192592390749876184e-03 7.038819927904631582e-03 9.884680593006085481e-01
5.509487890999327682e-03 4.096319945520699238e-03 1.036365457726131159e-02 9.800305375862187196e-01
1.274708733768644374e-02 7.461108029210104971e-03 1.788154148904920124e-02 9.619102631440544782e-01
3.173808472065425129e-02 1.422544568228773301e-02 3.224279380841076764e-02 9.217936757886471266e-01
7.433332641480333569e-02 2.523785082783351619e-02 5.423342235110206050e-02 8.461954004062610668e-01
1.485761501596759571e-01 3.838653002926153968e-02 7.823862111146730192e-02 7.347986986995951320e-01
2.460780769219235442e-01 4.955538617002012980e-02 9.532574822328089559e-02 6.090407886847755137e-01
3.404284931935717684e-01 5.654883813668698522e-02 1.027954675479297170e-01 5.002272011218111825e-01
4.051873190864904717e-01 6.027112393650640304e-02 1.052979158010751704e-01 4.292436411759278925e-01
4.294600536234400856e-01 6.286291653624952180e-02 1.083689171892921188e-01 3.993081126510181766e-01
4.178499110429543251e-01 6.600291036395936062e-02 1.144542681489711805e-01 4.016929104441152587e-01
3.821188882628762662e-01 7.043681445171723343e-02 1.235950934077243851e-01 4.238492038776819903e-01
3.341576828607531469e-01 7.596036027372707333e-02 1.348361453202527871e-01 4.550458115452667984e-01
2.870987579805706069e-01 8.190153744711053951e-02 1.461967779429185488e-01 4.848029266294004436e-01
2.479448444070415647e-01 8.804255402919561324e-02 1.563095493304645367e-01 5.077030522332983686e-01
2.158073198431786632e-01 9.458309702460489243e-02 1.646163959853903791e-01 5.249931871468259681e-01
1.887265155209868484e-01 1.014337171379952607e-01 1.702978427223973967e-01 5.395419246186202722e-01
1.670740892081836737e-01 1.077965188738296692e-01 1.727609051313247490e-01 5.523684867866621717e-01
1.502480976687184111e-01 1.127892043777424524e-01 1.727102765810708818e-01 5.642524213724678939e-01
1.363374545954941508e-01 1.151013163000675493e-01 1.717844726565973257e-01 5.767767564478407660e-01
1.233105504485094567e-01 1.163885188101904944e-01 1.691681274400834711e-01 5.911328033012168692e-01
1.114450773858563781e-01 1.162209979422371975e-01 1.660176896940982749e-01 6.063162349778081772e-01
1.216630034948140530e-03 7.221537289827934317e-03 1.253383631713162784e-02 9.790279963580920120e-01
1.119819547646874443e-03 6.625392503416979023e-03 1.163590117546258948e-02 9.806188867734735304e-01
1.008917109282720043e-03 5.754116134454104192e-03 1.022096514378420355e-02 9.830160016124792621e-01
9.171171507940076599e-04 4.938886812527359602e-03 8.847083551348748284e-03 9.852969124853295790e-01
6.980241115062603852e-04 3.657098824795454277e-03 8.142595981365944105e-03 9.875022810823324004e-01
6.675097165852765177e-04 3.296639613058055789e-03 7.318672220756002045e-03 9.887171784496006088e-01
6.352511216742264466e-04 2.924268501562085534e-03 6.520059064834969782e-03 9.899204213119285889e-01
5.863715106398276504e-04 2.453945284715093426e-03 5.589694143672200091e-03 9.913699890609729559e-01
5.226805597805120676e-04 1.916891201330215514e-03 4.565402444629361629e-03 9.929950257942598002e-01
4.601381600192610980e-04 1.418534496357254501e-03 3.638122815477707207e-03 9.944832045281456478e-01
4.143591550889335522e-04 1.040521398294259100e-03 2.968757379014897845e-03 9.955763620676019166e-01
3.915241193855619026e-04 7.931091252906274404e-04 2.581892686635760530e-03 9.962334740686880075e-01
3.992559271448453792e-04 6.570400002755202862e-04 2.473102992000615358e-03 9.964706010805793879e-01
4.509119552994091508e-04 6.143589022476636952e-04 2.675231960186613949e-03 9.962594971822662515e-01
5.600209222507380666e-04 6.539141750093439452e-04 3.254848076413149535e-03 9.955312168263266148e-01
7.318711343255737082e-04 7.705558529693854689e-04 4.299215491910660103e-03 9.941983575207944401e-01
9.659202022569590056e-04 9.710517694817138177e-04 5.941026383981855286e-03 9.921220016442795497e-01
1.278901187150872096e-03 1.283767135376617796e-03 8.431068576531457887e-03 9.890062631009410854e-01
1.697620884635832198e-03 1.741998446441800656e-03 1.209904907914000072e-02 9.844613315897824402e-01
2.259747117668500262e-03 2.402985792697647817e-03 1.746558013391786429e-02 9.778716869557155800e-01
3.717606161776433864e-03 3.949335428912175740e-03 2.507957625180435440e-02 9.672534821575067276e-01
4.933757754120432319e-03 5.533440535683990802e-03 3.658141033492987026e-02 9.529513913752658549e-01
6.537978500013948494e-03 7.766832903974710614e-03 5.317509883025734602e-02 9.325200897657539567e-01
8.545623769551461205e-03 1.074645787533606150e-02 7.602514227223269860e-02 9.046827760828799470e-01
1.051299830201937215e-02 1.388546019177854321e-02 1.051861426077409789e-01 8.704153988984609791e-01
1.359238607815707080e-02 1.846092527763440808e-02 1.391705715592314319e-01 8.287761170849771153e-01
1.561242075948077006e-02 2.366303822111840219e-02 1.757081231305646918e-01 7.850164178888363598e-01
1.746508813850253597e-02 2.809379221776860808e-02 2.052545994783303851e-01 7.491865201653983286e-01
1.836462726788033392e-02 3.126886892182769578e-02 2.225295739091397995e-01 7.278369299011521187e-01
1.814327149069431752e-02 3.262670083752112343e-02 2.259759069428313727e-01 7.232541207289530094e-01
1.712435385908036081e-02 3.230238293850488940e-02 2.172965876685228614e-01 7.332766755338918641e-01
1.575037151679808262e-02 3.071046283598524024e-02 1.993237147807954135e-01 7.542154508664214996e-01
1.411862260863223223e-02 2.802939726389157629e-02 1.747840831012554552e-01 7.830678970262205940e-01
1.220160809416350259e-02 2.443797416254801097e-02 1.462395896045392274e-01 8.171208281387490890e-01
1.006390331656029438e-02 2.018283389722581866e-02 1.160618889320622904e-01 8.536913738541513919e-01
7.803614626576176744e-03 1.555448707982755828e-02 8.619930680715592874e-02 8.904425914864405600e-01
5.638351804120778424e-03 1.108196019478615776e-02 5.904499396183406079e-02 9.242346940392589527e-01
3.891124899161318897e-03 7.478430157629166984e-03 3.782052151383652472e-02 9.508099234293728719e-01
2.676762531710260087e-03 4.995292869931846312e-03 2.370625250137048043e-02 9.686216920969874522e-01
1.451073874393633010e-03 2.820151843990106443e-03 1.528275327398613201e-02 9.804460210076300086e-01
1.034753628197910159e-03 1.940418855473374608e-03 1.000556481304287586e-02 9.870192627032857713e-01
7.587712017187918335e-04 1.361974807993159096e-03 6.764327408317265082e-03 9.911149265819706455e-01
5.760236451599942730e-04 9.875112985483058131e-04 4.747527114301501941e-03 9.936889379419903134e-01
4.707930330938271072e-04 7.711966742924080765e-04 3.565531618698249139e-03 9.951924786739155815e-01
4.371348514959991368e-04 6.849878276796210952e-04 3.000369084579812898e-03 9.958775082362447684e-01
4.747685950591877752e-04 7.087583939991836269e-04 2.897863496607897254e-03 9.959186095143337525e-01
5.970065704350563645e-04 8.346262190443055765e-04 3.169560718280537998e-03 9.953988064922399959e-01
8.486382636560024957e-04 1.080681061151971944e-03 3.837833994219439111e-03 9.942328466809726706e-01
1.330000223403090100e-03 1.493452281871079142e-03 5.020082998656851155e-03 9.921564644960692014e-01
2.300528380736827083e-03 2.192592390749876184e-03 7.038819927904631582e-03 9.884680593006085481e-01
5.509487890999327682e-03 4.096319945520699238e-03 1.036365457726131159e-02 9.800305375862187196e-01
1.274708733768644374e-02 7.461108029210104971e-03 1.788154148904920124e-02 9.619102631440544782e-01
3.173808472065425129e-02 1.422544568228773301e-02 3.224279380841076764e-02 9.217936757886471266e-01
7.433332641480333569e-02 2.523785082783351619e-02 5.423342235110206050e-02 8.461954004062610668e-01
1.485761501596759571e-01 3.838653002926153968e-02 7.823862111146730192e-02 7.347986986995951320e-01
2.460780769219235442e-01 4.955538617002012980e-02 9.532574822328089559e-02 6.090407886847755137e-01
3.404284931935717684e-01 5.654883813668698522e-02 1.027954675479297170e-01 5.002272011218111825e-01
4.051873190864904717e-01 6.027112393650640304e-02 1.052979158010751704e-01 4.292436411759278925e-01
4.294600536234400856e-01 6.286291653624952180e-02 1.083689171892921188e-01 3.993081126510181766e-01
4.178499110429543251e-01 6.600291036395936062e-02 1.144542681489711805e-01 4.016929104441152587e-01
3.821188882628762662e-01 7.043681445171723343e-02 1.235950934077243851e-01 4.238492038776819903e-01
3.341576828607531469e-01 7.596036027372707333e-02 1.348361453202527871e-01 4.550458115452667984e-01
2.870987579805706069e-01 8.190153744711053951e-02 1.461967779429185488e-01 4.848029266294004436e-01
2.479448444070415647e-01 8.804255402919561324e-02 1.563095493304645367e-01 5.077030522332983686e-01
2.158073198431786632e-01 9.458309702460489243e-02 1.646163959853903791e-01 5.249931871468259681e-01
1.887265155209868484e-01 1.014337171379952607e-01 1.702978427223973967e-01 5.395419246186202722e-01
1.670740892081836737e-01 1.077965188738296692e-01 1.727609051313247490e-01 5.523684867866621717e-01
1.502480976687184111e-01 1.127892043777424524e-01 1.727102765810708818e-01 5.642524213724678939e-01
1.363374545954941508e-01 1.151013163000675493e-01 1.717844726565973257e-01 5.767767564478407660e-01
1.233105504485094567e-01 1.163885188101904944e-01 1.691681274400834711e-01 5.911328033012168692e-01
1.114450773858563781e-01 1.162209979422371975e-01 1.660176896940982749e-01 6.063162349778081772e-01
8.739201042697819499e-02 1.969631170994068925e-01 3.338981529271995985e-01 3.817467195464151475e-01
9.314579649610842116e-02 1.769531515005896560e-01 3.466595626445015399e-01 3.832414893588003135e-01
1.032554388406519835e-01 1.643765206868415540e-01 3.722835096935121491e-01 3.600845307789943828e-01
1.206763559292512861e-01 1.578776820283411264e-01 4.071144332815393452e-01 3.143315287608684505e-01
1.453904584338390760e-01 1.520102017060251665e-01 4.438170979825416529e-01 2.587822418775941880e-01
1.761207717034340425e-01 1.424065730305064670e-01 4.752757851021468527e-01 2.061968701639127766e-01
2.124973533428354822e-01 1.283684438531816074e-01 4.966489294911953789e-01 1.624852733127876148e-01
2.539299191008432266e-01 1.121220604652833075e-01 5.053816275580075290e-01 1.285663928758661589e-01
2.967485031132915951e-01 9.690984051894983853e-02 5.028384734447999271e-01 1.035031829229586253e-01
3.364643258322126962e-01 8.562034240821414510e-02 4.925086964220394270e-01 8.540663533753396763e-02
3.750561265667987643e-01 7.947541765495100274e-02 4.745441510795140871e-01 7.092430469873636789e-02
4.144871615728961678e-01 7.805782726440235741e-02 4.496458999408503021e-01 5.780911122185113105e-02
4.452372241477641213e-01 8.169010383455807545e-02 4.263470724853867244e-01 4.672559953229103030e-02
4.574238926044297271e-01 9.271771997500077855e-02 4.116979923992836743e-01 3.816039502128571598e-02
4.530345284128421968e-01 1.145253805897114285e-01 4.014533125293766047e-01 3.098677846806966590e-02
4.330040763175050933e-01 1.532501669079693318e-01 3.889101183031777875e-01 2.483563847134779776e-02
3.966216304472885423e-01 2.132636456336723663e-01 3.700404026265546320e-01 2.007432129248479941e-02
3.489741071520084947e-01 2.885403612310597499e-01 3.458496194199349727e-01 1.663591219699681045e-02
3.063546954382977416e-01 3.577703097184168901e-01 3.217563127431431469e-01 1.411868210014229769e-02
2.821091167952245460e-01 4.068929336493936622e-01 2.992494177817398571e-01 1.174853177364182030e-02
2.737898273018845585e-01 4.383136783330731090e-01 2.784181018451839518e-01 9.478392519858588883e-03
2.706181826465727802e-01 4.619506967836867761e-01 2.598581497890563030e-01 7.572970780684337537e-03
2.609128447946950646e-01 4.886406840747025138e-01 2.443170302730888754e-01 6.129440857513837604e-03
9.102367576601853860e-02 3.557047060957749252e-01 5.490418359150954775e-01 4.229782223111189753e-03
9.452494562103702647e-02 3.587412043828421271e-01 5.431345532321648628e-01 3.599296763955560797e-03
1.028449845789713296e-01 3.489024819839537384e-01 5.448296688896125950e-01 3.422864547461880371e-03
1.142260784371450233e-01 3.224035989326438090e-01 5.596449224187745042e-01 3.725400211436747256e-03
1.251691113625211516e-01 2.879356511781034911e-01 5.823766142660211642e-01 4.518623193354592144e-03
1.383092490888087334e-01 2.573771008306294239e-01 5.986332601039446866e-01 5.680389976617850924e-03
1.552948506684142527e-01 2.398535320675225513e-01 5.980742552512354759e-01 6.777362012827573522e-03
1.770092545129484662e-01 2.356612033206967882e-01 5.801178409899304667e-01 7.211701176424585059e-03
2.022691118190217963e-01 2.393995555672035480e-01 5.514215072682496777e-01 6.909825345524918221e-03
2.237566248168912919e-01 2.494457782285073588e-01 5.204002078856866387e-01 6.397389068914879733e-03
2.396179229572146796e-01 2.621071654897482728e-01 4.922679097700431439e-01 6.007001782994031251e-03
2.502725606019706728e-01 2.750024737338333525e-01 4.690234421532613607e-01 5.701523510934636621e-03
2.597559395397160964e-01 2.844479070127133857e-01 4.503666642564515543e-01 5.429489191119140495e-03
2.755326930776350602e-01 2.852513513021073810e-01 4.339065371790668535e-01 5.309418441190595118e-03
3.051199483679445379e-01 2.709252787212834690e-01 4.184557005099491245e-01 5.499072400822773224e-03
3.510987911444136689e-01 2.379692470662441439e-01 4.048871674350750793e-01 6.044794354267016799e-03
4.056779266381529969e-01 1.924699286337875903e-01 3.948480993885319923e-01 7.004045339527673747e-03
4.565460560140391366e-01 1.472029870599221024e-01 3.878461352424848463e-01 8.404821683553642328e-03
5.009079495561314932e-01 1.097099909939289603e-01 3.793239300998432761e-01 1.005812935009617673e-02
5.423955222586123170e-01 8.230557160767021374e-02 3.636546748060159318e-01 1.164423132770162420e-02
5.824843742693178728e-01 6.389612809135120086e-02 3.405933220299680042e-01 1.302617560936301412e-02
6.160912824458694148e-01 5.397203039441989675e-02 3.154666225773136157e-01 1.447006458239649511e-02
6.401331693118247346e-01 5.106220930008825709e-02 2.925740013790649741e-01 1.623062000902192673e-02
6.497058319272728255e-01 5.699133084993045911e-02 2.746135417356819208e-01 1.868929548711490904e-02
6.418690600844465521e-01 7.189292653287875090e-02 2.641225900654834979e-01 2.211542331719162577e-02
6.182127379203916639e-01 9.472356500580102201e-02 2.608491986014546127e-01 2.621449847235249320e-02
5.865884883696301788e-01 1.187185249480828403e-01 2.642496282179571665e-01 3.044335846432963052e-02
5.548738134859548810e-01 1.366804468370388104e-01 2.742018464213956119e-01 3.424389325561068287e-02
5.320036269957630903e-01 1.398482401364489758e-01 2.914146246431529863e-01 3.673350822463452431e-02
5.195301957407217897e-01 1.276419879933326507e-01 3.158128984511624493e-01 3.701491781478302712e-02
5.129726252249948715e-01 1.072457531503322598e-01 3.450496038945010668e-01 3.473201773017198929e-02
5.086349399888372425e-01 8.476685090228963659e-02 3.763122061331721779e-01 3.028600297570116853e-02
5.029024669092798661e-01 6.668983726431591819e-02 4.055992284365123601e-01 2.480846738989192501e-02
4.953853375857143471e-01 5.220017487714458115e-02 4.328291576349053704e-01 1.958532990223546544e-02
4.801976648320093743e-01 4.234688052166591526e-02 4.617170400055610191e-01 1.573841464076338598e-02
4.578780200355695440e-01 3.602945962838594030e-02 4.927411274975945221e-01 1.335139283844996236e-02
4.495778041103815070e-01 3.284442605414066713e-02 5.064346673648724151e-01 1.114310247060553913e-02
4.653785055239595403e-01 3.041056839124819250e-02 4.955992007451747727e-01 8.611725339617461519e-03
5.054750137740071647e-01 2.719435332924383802e-02 4.612146871744445820e-01 6.115945722304212337e-03
5.703268167212468542e-01 2.248725692771808352e-02 4.032112073076600800e-01 3.974719043374729845e-03
6.533366334017588484e-01 1.724729573287781328e-02 3.269831226099016441e-01 2.432948255462006465e-03
7.391716372880879904e-01 1.289242855339558548e-02 2.464503791791350928e-01 1.485554979381296156e-03
8.109708404658056979e-01 1.001942165257113486e-02 1.780346415457167430e-01 9.750963359062013490e-04
8.604789107016524996e-01 8.467062604536574472e-03 1.303213584007256176e-01 7.326682930854405869e-04
8.885482661887852407e-01 7.855325473649522189e-03 1.029474191584653919e-01 6.489891790997286353e-04
8.994129723006039079e-01 7.847246267838713443e-03 9.207321704590826217e-02 6.665643856490015805e-04
8.965118852943959604e-01 8.300355914718044945e-03 9.442571302537618172e-02 7.620457655099304416e-04
8.830360542977133687e-01 9.276923500664155386e-03 1.067634044188026793e-01 9.236177828199161523e-04
8.666575867867588601e-01 1.085079538329367620e-02 1.213848468672902442e-01 1.106770962657362654e-03
8.584656200661534564e-01 1.315383039298507854e-02 1.271256788191817144e-01 1.254870721679737615e-03
8.640778209333939142e-01 1.615714174199051750e-02 1.184485314626818608e-01 1.316505861933491310e-03
8.749341063663118589e-01 2.029310695847316715e-02 1.034114461366815035e-01 1.361340538533612615e-03
8.816951767058406331e-01 2.633135742696348161e-02 9.049260373403143765e-02 1.480862133164616810e-03
8.826795601178657469e-01 3.464169154485013946e-02 8.100803049944572953e-02 1.670717837838115024e-03
8.784930941849988795e-01 4.556336641548761057e-02 7.405677210426096779e-02 1.886767295252424420e-03
8.675589124023924681e-01 6.008974031829773799e-02 7.022052398391943895e-02 2.130823295390501561e-03
8.487064432968051131e-01 7.902835418817683033e-02 6.987033138493556339e-02 2.394871130082617226e-03
8.236052045320566561e-01 1.022061629730403598e-01 7.159957481102391386e-02 2.589057683879069770e-03
7.947955341206628388e-01 1.289530660963381370e-01 7.360601998944671376e-02 2.645379793552030297e-03
7.660586735141095005e-01 1.571637156959498904e-01 7.421568678433411448e-02 2.561924005606660681e-03
7.423052106943200945e-01 1.837345641590842349e-01 7.160124214837665368e-02 2.358982998218956632e-03
7.259167901155246794e-01 2.074460544400430484e-01 6.462668961874160067e-02 2.010465825690701484e-03
7.131829564608302974e-01 2.302110855067712736e-01 5.505107826536091015e-02 1.554879767037294904e-03
6.958336925550461238e-01 2.569101160851378074e-01 4.611442589693216104e-02 1.141765462884079688e-03
6.682874357543109323e-01 2.915933644262840851e-01 3.927326992366749620e-02 8.459298957374818389e-04
6.325768125898373340e-01 3.320301718587393425e-01 3.471661163077698758e-02 6.764039206465724411e-04
5.994582997620562237e-01 3.676678313925172414e-01 3.225860176260116063e-02 6.152670828254221558e-04
5.804721960287292370e-01 3.873929494091461478e-01 3.149517537278197221e-02 6.396791893427489304e-04
5.797472603483564413e-01 3.873188895817403221e-01 3.218411073268016148e-02 7.497393372231992608e-04
5.970793015282257477e-01 3.680794811827511337e-01 3.388477229166660110e-02 9.564449973566201222e-04
6.321148312750367593e-01 3.310745885127899246e-01 3.556178142548254567e-02 1.248798786690968410e-03
6.809262598941265843e-01 2.809196816936950225e-01 3.654521278291603115e-02 1.608845629262076280e-03
7.348429240250006211e-01 2.262309420443429364e-01 3.691670460935546350e-02 2.009429321301184086e-03
7.858698597581161849e-01 1.753079159408288956e-01 3.649822229679747926e-02 2.324002004257430705e-03
8.283427588096823335e-01 1.339561528008470781e-01 3.530693984044085826e-02 2.394148549029909232e-03
8.588534846415183388e-01 1.042122035529409602e-01 3.466114965647668772e-02 2.273162149063999871e-03
8.776505093264967972e-01 8.375406201217525104e-02 3.639052522911328386e-02 2.204903432214768994e-03
8.870199483274221475e-01 6.921512818314523585e-02 4.141639609799920713e-02 2.348527391433699683e-03
8.880074918767532077e-01 5.921907232548270783e-02 5.001357083011441496e-02 2.759864967649632624e-03
8.820094739640150783e-01 5.323463476614267303e-02 6.135776646508905169e-02 3.398124804753037843e-03
8.727919324049019378e-01 5.029341391599004285e-02 7.283492511611149023e-02 4.079728562996541227e-03
8.647587310436576358e-01 4.908741017606848417e-02 8.157553335020338581e-02 4.578325430070396239e-03
8.606867082218452314e-01 4.857791447321577194e-02 8.600979327655726425e-02 4.725584028382053339e-03
8.601272757584558226e-01 4.898116239494888779e-02 8.640715229407112952e-02 4.484409552524170478e-03
8.600637585774245641e-01 5.152277153116568281e-02 8.442112762152606531e-02 3.992342269883435331e-03
8.569502908329024171e-01 5.754826539886569864e-02 8.204517316107126645e-02 3.456270607160482483e-03
8.496839386039984898e-01 6.759377519259079925e-02 7.975471057244221118e-02 2.967575630968656737e-03
8.395862910809348545e-01 8.125962808775916146e-02 7.662819935163235618e-02 2.525881479673582324e-03
8.249923604568931701e-01 9.925924420162035577e-02 7.351916796621256467e-02 2.229227375273954998e-03
8.049232141449963462e-01 1.219788750428090346e-01 7.095699441675562547e-02 2.140916395439119903e-03
