7.293718358208373109e-01 2.585736824455223126e-01 1.072945560929984554e-02 1.325026124340379120e-03
1.000333471178774386e-01 6.833025811764814605e-01 2.066151169039095181e-01 1.004895480173132426e-02
8.021700812774623657e-02 6.605826517360406935e-01 2.515226805108587982e-01 7.677659625354269109e-03
6.511535980387735123e-02 6.232087603936640186e-01 3.055463182841363090e-01 6.129561518322595298e-03
5.364459360970264684e-02 5.746369218293965186e-01 3.666073670548175012e-01 5.111117506083270000e-03
4.530068434186099169e-02 5.197650864456647701e-01 4.304569348150494301e-01 4.477294397424798518e-03
3.992157900667527709e-02 4.646639341842306314e-01 4.912219601884729170e-01 4.192526620621487600e-03
3.747349994375073767e-02 4.157181428563221925e-01 5.425295495589723682e-01 4.278807640954667736e-03
3.784878996580840621e-02 3.773378647611942416e-01 5.800328182476286454e-01 4.780527025368648715e-03
4.069586013014703241e-02 3.493227048626002529e-01 6.041840675035634600e-01 5.797367503689755154e-03
4.526134822093222376e-02 3.275784677110071264e-01 6.196046874007140604e-01 7.555496667346521013e-03
5.037064964543085804e-02 3.049673556253014728e-01 6.344542253307262625e-01 1.020776939854088974e-02
5.517254603443019767e-02 2.746677385890589629e-01 6.564361845130481932e-01 1.372353086346263240e-02
5.939765500182431907e-02 2.366378630995795151e-01 6.863374295183900520e-01 1.762705238020621443e-02
6.364071198375723104e-02 1.974078946812698465e-01 7.177439282923527841e-01 2.120746504261974974e-02
6.863464897243744256e-02 1.628377594894580560e-01 7.446302616872559899e-01 2.389732985084850811e-02
7.413360279050283663e-02 1.345946228931233779e-01 7.660028368725224635e-01 2.526893744385114507e-02
7.944484888215790075e-02 1.122761602412564591e-01 7.832475565649256177e-01 2.503143431166044222e-02
8.427116159287899311e-02 9.498980237733341270e-02 7.973993435999812140e-01 2.333969242980638709e-02
8.869166410334067274e-02 8.140789818971397307e-02 8.093588151058674907e-01 2.054162260107791904e-02
9.283920576376260281e-02 7.043400970228316793e-02 8.195414905111271242e-01 1.718529402282758384e-02
9.605598960611357040e-02 6.147130142519968005e-02 8.285061690386871236e-01 1.396653992999966586e-02
9.628811233262700442e-02 5.378057190408120497e-02 8.386745722198543085e-01 1.125674354343731212e-02
9.079453083510988232e-02 4.638774734089753937e-02 8.538089510285634676e-01 9.008770795429161052e-03
7.886358758178943495e-02 3.887759371033328720e-02 8.751779589453433372e-01 7.080859762533884237e-03
6.394324438771872843e-02 3.229082572842723042e-02 8.981460105825215257e-01 5.619919301332727997e-03
5.192467435872993864e-02 2.873200771972790266e-02 9.144332430066558492e-01 4.910074914886576603e-03
4.645748840073089803e-02 2.997497525313342834e-02 9.185201189217129247e-01 5.047417424422563290e-03
4.783432515905618881e-02 3.774333336063727395e-02 9.082812372789583755e-01 6.141104201348270182e-03
5.506562211647393623e-02 5.431206436845938124e-02 8.822544493658465159e-01 8.367864149220007042e-03
6.685222955399128253e-02 8.252754576934843989e-02 8.385148046846075953e-01 1.210541999205225032e-02
8.127957673174440734e-02 1.238223378242570422e-01 7.768796304738939673e-01 1.801845497010470809e-02
9.440588315837421252e-02 1.740321510900943724e-01 7.048267041050436665e-01 2.673526164648768258e-02
1.044860932092611522e-01 2.174235159306615039e-01 6.396927811030257427e-01 3.839760975705175383e-02
1.074447617989796600e-01 2.353011055838982457e-01 6.041266805091188852e-01 5.312745210800359080e-02
1.022547120273783611e-01 2.173136848318541481e-01 6.072362346628822349e-01 7.319536847788506162e-02
9.049330643527349338e-02 1.731787021347994115e-01 6.348344203856112200e-01 1.014935710443159167e-01
7.620598063866598770e-02 1.261737773249471672e-01 6.564908538569367291e-01 1.411293881794503380e-01
6.383451431240176610e-02 9.149113083404993019e-02 6.488427143448439738e-01 1.958316405087040524e-01
5.421612920657357948e-02 6.988771212041425263e-02 6.111164496123939749e-01 2.647797090606179848e-01
4.838486945284894286e-02 5.733137004418657062e-02 5.553672952804149521e-01 3.389164652225494789e-01
4.552206063207044767e-02 5.075384518911793541e-02 4.959417933600702155e-01 4.077823008187413945e-01
4.433637574033377077e-02 4.761274240176974898e-02 4.412786478996081896e-01 4.667722339582882629e-01
4.441054125235239375e-02 4.676918973967422732e-02 3.970425216817589642e-01 5.117777473262142829e-01
4.660395217322028244e-02 4.842276480667093153e-02 3.674747362190139977e-01 5.374985468010946565e-01
5.227392119199893161e-02 5.285061174180475524e-02 3.543535312861007536e-01 5.405219357800955526e-01
6.284209964319695252e-02 6.018451182911042918e-02 3.549683152346892467e-01 5.220050732930034965e-01
8.048212178735376920e-02 7.110429222752240319e-02 3.637464075614267323e-01 4.846671784236970537e-01
1.079857627780146795e-01 8.699305778522534172e-02 3.718001935311311956e-01 4.332209859056287971e-01
1.448014348725637501e-01 1.082001137491842846e-01 3.685801277477619431e-01 3.784183236304898279e-01
1.871780497631982398e-01 1.346856651578171860e-01 3.504947823113042649e-01 3.276415027676805036e-01
2.313086112581820286e-01 1.665107314708185737e-01 3.210842892974292706e-01 2.810963679735702936e-01
2.790427143646649899e-01 2.044503579336795773e-01 2.807273233852924377e-01 2.357796043163632727e-01
3.298603352354911311e-01 2.440790432271480459e-01 2.359095862371178021e-01 1.901510353002428266e-01
3.813522645603689698e-01 2.818191739427481357e-01 1.916346907793609333e-01 1.451938707175220999e-01
4.249956437276805610e-01 3.161087507952422548e-01 1.542358360042573595e-01 1.046597694728194916e-01
4.512342881960160756e-01 3.494714087616938025e-01 1.270870206140834457e-01 7.220728242820684262e-02
4.571918288611753756e-01 3.845056174632419110e-01 1.094433474315097826e-01 4.885920624407317364e-02
4.447371685563278887e-01 4.229068509814438714e-01 9.925659478899788446e-02 3.309938567323039010e-02
4.157328770529001849e-01 4.663428379134748614e-01 9.513558897811674742e-02 2.278869605550780386e-02
3.746123456245016303e-01 5.118893711027658888e-01 9.694808099195349749e-02 1.655020228077891398e-02
3.295773125278188553e-01 5.535416116907450057e-01 1.041796718414792072e-01 1.270140393995728388e-02
2.908264950765086509e-01 5.824145712704205113e-01 1.167943535726369275e-01 9.964580080433813047e-03
2.553758610314809663e-01 6.045292105641554281e-01 1.321862560410075604e-01 7.908672363356178750e-03
2.240766253088561921e-01 6.240680915745154822e-01 1.454464351314031234e-01 6.408847985224942062e-03
2.014207549961408994e-01 6.390710029331448938e-01 1.540746188213656109e-01 5.433623249348699946e-03
1.914378199796926971e-01 6.454210531240328619e-01 1.582312299917439102e-01 4.909896904530623545e-03
1.963892443138046950e-01 6.424753307445157935e-01 1.564682419320872486e-01 4.667183009592494429e-03
2.177440122253132271e-01 6.318364746576135005e-01 1.459115122401050957e-01 4.508000876968361499e-03
2.578955979099212814e-01 6.100354045285478755e-01 1.277002763720821166e-01 4.368721189448622477e-03
3.189537575159989147e-01 5.698846425945902627e-01 1.068465723152452890e-01 4.315027574165439077e-03
3.980013954511564811e-01 5.094461252179098842e-01 8.808124235160187665e-02 4.471236979331673876e-03
7.966464760053987293e-01 1.809105092657093128e-01 2.092345090842262847e-02 1.519563820469526988e-03
2.422356872137066963e-01 7.197719432303952003e-02 6.833099130711538516e-01 2.477205392100002325e-03
2.468939832901850817e-01 4.946816361825066150e-02 6.995471107356064921e-01 4.090742355957484484e-03
2.425253530144663994e-01 3.693378919572431335e-02 7.138210399545039664e-01 6.719817835305129210e-03
2.330624426885543610e-01 3.089195573650161883e-02 7.253575604494102436e-01 1.068804112553355112e-02
2.244167221583235894e-01 2.913060334956176986e-02 7.299614150266879875e-01 1.649125946542675039e-02
2.229380001945875656e-01 3.042936734062959628e-02 7.218346369777438598e-01 2.479799548703931836e-02
2.339195413571123205e-01 3.443175792315440742e-02 6.948830006810217119e-01 3.676570003871102582e-02
2.604667073445509073e-01 4.115176196419725180e-02 6.448030731570461027e-01 5.357845753420537038e-02
2.985192145091408733e-01 5.030789258498770400e-02 5.752400417805244581e-01 7.593285112534670089e-02
3.359216629074718852e-01 6.174734942212213584e-02 4.981309977992922078e-01 1.041999898711138961e-01
3.633444336752807979e-01 7.560708748448551064e-02 4.255079728720171928e-01 1.355405059682164293e-01
3.854762106424666213e-01 9.229743229705870966e-02 3.593845518156207897e-01 1.628418052448538933e-01
4.013046548249887824e-01 1.118047479331316513e-01 3.038631217594163214e-01 1.830274754824633698e-01
4.159188483556026661e-01 1.328965446040378251e-01 2.553833782153011600e-01 1.958012288250583488e-01
4.326021573450939961e-01 1.542205868611571384e-01 2.152088613574513198e-01 1.979683944362976566e-01
4.563443624758768413e-01 1.755761907088849716e-01 1.822302315952515628e-01 1.858492152199866243e-01
4.868980792659483026e-01 1.974457463106184807e-01 1.535526300035561231e-01 1.621035444198771214e-01
5.169238035534751141e-01 2.188544881156870847e-01 1.280798311354735541e-01 1.361418771953643858e-01
5.435334963207903991e-01 2.374956985769352547e-01 1.054020207780263368e-01 1.135687843242479816e-01
5.666835313794191809e-01 2.537726018197753453e-01 8.526969238472162371e-02 9.427417441608382243e-02
5.901746177150446471e-01 2.652407911543187558e-01 6.717899717485503741e-02 7.740559395578125446e-02
6.120938186039175388e-01 2.732236395613069080e-01 5.260072271312093983e-02 6.208181912165489785e-02
6.346391818879512092e-01 2.763193926553824120e-01 4.128969805793058362e-02 4.775172739873565636e-02
6.550588633643343872e-01 2.763015113559866842e-01 3.452999342959235662e-02 3.410963185008640541e-02
6.753778219758936885e-01 2.713767328906485643e-01 3.129846519846907205e-02 2.194697993498891109e-02
6.936900166441508642e-01 2.614817396126293825e-01 3.148239486595979381e-02 1.334584887725997343e-02
7.100799040566161402e-01 2.461028362163307781e-01 3.507385198758938838e-02 8.743407739463736686e-03
7.299966240275409524e-01 2.222924827171117723e-01 4.127065111853490953e-02 6.440242136812434313e-03
7.556666735259189860e-01 1.904703053060911866e-01 4.872218968272512551e-02 5.140831485264876245e-03
7.857856151668317635e-01 1.550086398204063021e-01 5.489104184379976076e-02 4.314703168962319424e-03
8.177249783252868998e-01 1.208507121193118650e-01 5.758911555830855539e-02 3.835193997092688125e-03
8.473778121628607884e-01 9.160981172344888346e-02 5.737869044364055787e-02 3.633685670049815759e-03
8.711620940863789020e-01 6.923334253901979041e-02 5.605135473350105618e-02 3.553208641100462188e-03
8.860419965675980780e-01 5.458689143804655586e-02 5.585204180974302768e-02 3.519070184612385285e-03
8.888346561201335705e-01 4.760825924406466431e-02 5.992195973766855505e-02 3.635124898133560139e-03
8.774325206782934705e-01 4.767951791825417174e-02 7.079993075117427259e-02 4.088030652277918620e-03
8.529591322631836503e-01 5.464900332040785458e-02 8.735072797013172796e-02 5.041136446276660472e-03
8.225087805539320618e-01 6.862019528699388193e-02 1.023559684611346637e-01 6.515055697939558209e-03
7.874039852601059097e-01 9.552518127125468606e-02 1.085155280085363105e-01 8.555305460102965304e-03
7.476266875966461889e-01 1.392971773262318136e-01 1.023839522763473481e-01 1.069218280077484547e-02
7.029726584688971158e-01 1.968931449064643957e-01 8.792851244095568897e-02 1.220568418368273358e-02
6.524780086961825543e-01 2.637647932042399002e-01 7.120979687397786806e-02 1.254740122559971915e-02
6.049077149543411469e-01 3.286621743573028831e-01 5.506307520627309188e-02 1.136703548208281740e-02
5.648390352639818257e-01 3.849206573272782594e-01 4.108714260858298967e-02 9.153164800156763856e-03
5.294204120927016310e-01 4.329932523608901462e-01 3.064124617113323304e-02 6.945089375274828350e-03
4.959857988031950993e-01 4.746684391990468321e-01 2.403256804409571734e-02 5.313193953662398092e-03
4.682417740518129978e-01 5.068740609242016193e-01 2.056586181762736637e-02 4.318303206358187381e-03
4.447270005340340782e-01 5.300218166425852973e-01 2.108617782719407127e-02 4.165004996186682552e-03
4.317250187880924406e-01 5.376777262102940824e-01 2.563585029838941556e-02 4.961404703223908780e-03
4.281665739607711241e-01 5.310957423138579214e-01 3.396742166488147391e-02 6.770262060489766823e-03
4.293531788891195577e-01 5.179839935856261901e-01 4.366622646642109168e-02 8.996601058833033834e-03
4.411397062835379912e-01 5.000274936068571652e-01 4.893482294169049923e-02 9.897977167914196947e-03
4.589962189151507443e-01 4.829734216356209586e-01 4.891276290228539075e-02 9.117596546942855970e-03
4.747208245698580908e-01 4.709059980878718688e-01 4.657554522386950918e-02 7.797632118400476577e-03
4.769364539349397192e-01 4.719487836718238016e-01 4.437241396747789585e-02 6.742348425758696966e-03
4.637136738098993627e-01 4.876634710664833894e-01 4.267935456322271420e-02 5.943500560394553676e-03
4.464800610657389535e-01 5.068681354325368371e-01 4.138234769096453547e-02 5.269455810759608033e-03
4.322023567568112901e-01 5.208339334938956178e-01 4.199174799620897236e-02 4.971961753084046948e-03
4.318627530580215756e-01 5.186310928444516355e-01 4.434382901483326089e-02 5.162325082693511487e-03
4.473733251538022926e-01 4.996373899184903267e-01 4.723627323149454105e-02 5.753011696212628930e-03
4.784451746113794757e-01 4.662823023896515706e-01 4.872929949541267985e-02 6.543223503556102119e-03
5.122260726574218159e-01 4.312798344452347110e-01 4.884559819832127309e-02 7.648494699022082011e-03
5.431286488225575138e-01 4.003114253215390717e-01 4.759092649803060848e-02 8.968999357872852948e-03
5.729754231432442335e-01 3.710695600588606591e-01 4.557292228150799235e-02 1.038209451638713934e-02
6.054030431678990576e-01 3.390798779303218491e-01 4.350214623468793423e-02 1.201493266709115389e-02
6.368669457758021624e-01 3.057269296096832845e-01 4.284551292463753547e-02 1.456061168987701424e-02
6.523223738823554774e-01 2.805609032946214110e-01 4.690828499441464239e-02 2.020843782860882662e-02
6.436169887106591991e-01 2.678851747931325078e-01 5.703733077906239513e-02 3.146050571714605060e-02
6.173501083961213665e-01 2.630869856040316535e-01 7.114732324816132325e-02 4.841558275168555275e-02
5.830894653446777598e-01 2.625271860952064218e-01 8.687513183983187892e-02 6.750821672028353704e-02
5.541776475067149432e-01 2.604203115386385936e-01 1.012962058029038825e-01 8.410583515174242797e-02
1.640104764225216449e-01 5.357792654906137209e-01 4.469255044099468971e-02 2.555177076458694518e-01
8.969951659653233392e-04 1.121778886704678964e-02 3.100695839959223370e-03 9.847845201270286619e-01
7.886899773013728281e-04 9.361046648760718361e-03 2.674585203537518160e-03 9.871756781704004169e-01
6.782721890501899453e-04 7.248575245265641287e-03 2.187819104215442834e-03 9.898853334614686750e-01
6.006337085510400457e-04 5.541539189808321678e-03 1.788329182808071375e-03 9.920694979188324769e-01
5.648057644117395653e-04 4.410927617216264460e-03 1.517443750716772647e-03 9.935068228676553481e-01
5.559980556733828266e-04 3.673386005381324565e-03 1.338259654648555263e-03 9.944323562842967146e-01
5.490866336204024102e-04 3.072554455197773048e-03 1.192824270570814115e-03 9.951855346406109915e-01
5.253450429076483331e-04 2.452295756189652298e-03 1.040701629110107320e-03 9.959816575717925780e-01
4.856744225041306523e-04 1.824355484648085063e-03 8.834533621537971580e-04 9.968065167306937591e-01
4.450686916838397225e-04 1.288521327958140183e-03 7.521194289171746587e-04 9.975142905514406966e-01
2.011056241480471054e-06 2.719513788871416492e-06 2.272360494159047051e-06 9.999929970694755310e-01
1.539108789550074019e-06 1.923917732436530146e-06 1.738008892665685510e-06 9.999947989645853186e-01
1.468083328042379020e-06 1.687788418834338338e-06 1.648219356419823269e-06 9.999951959088966280e-01
1.823820759530822455e-06 1.935219689753745686e-06 2.029225058671625169e-06 9.999942117344919890e-01
2.867984550120604757e-06 2.843022348768120285e-06 3.166803159650645426e-06 9.999911221899414615e-01
7.935267035646324622e-04 5.951514308748763948e-04 1.510601566184235651e-03 9.971007202993762419e-01
1.032990036763410365e-03 7.384409170439045021e-04 2.221037413290450398e-03 9.960075316329023432e-01
1.346795496380550185e-03 9.640410843183608953e-04 3.308564744612183927e-03 9.943805986746889758e-01
1.751130849423783529e-03 1.301490156404843269e-03 4.950966116377634313e-03 9.919964128777938317e-01
2.258684275718133173e-03 1.797970194341927397e-03 7.431528762927983554e-03 9.885118167670121636e-01
3.717993066309979375e-03 3.422107013879744763e-03 1.080699944557502248e-02 9.820529004742354351e-01
4.912975750490710357e-03 4.970765589364539196e-03 1.637984064570732409e-02 9.737364180144375547e-01
6.602580708336796590e-03 7.309892625236681131e-03 2.477351068588639141e-02 9.613140159805401153e-01
8.934173362567396359e-03 1.068240111536080186e-02 3.691419759205695483e-02 9.434692279300149753e-01
1.192597351796813830e-02 1.525567162380468689e-02 5.328690281702237047e-02 9.195314520412047887e-01
1.547002135612428678e-02 2.115585947352071131e-02 7.370905389702531174e-02 8.896650652733295583e-01
1.925623488193137223e-02 2.831228547695185949e-02 9.649169069881957661e-02 8.559397889422972749e-01
2.252363113350612511e-02 3.586198659455112209e-02 1.171452702201741664e-01 8.244691120517687599e-01
2.487528594625467923e-02 4.173414219983951484e-02 1.301875671661986145e-01 8.032030046877067786e-01
2.475291623441297495e-02 4.510128126134268362e-02 1.333033552689497636e-01 7.968424472352940713e-01
2.322498854043476488e-02 4.557332483485036778e-02 1.275835068050451548e-01 8.036181798196694315e-01
2.048758388757801821e-02 4.420171169884572204e-02 1.160809515575016021e-01 8.192297528560747999e-01
1.798549380425559438e-02 4.071770027990658652e-02 1.014191895694584594e-01 8.398776163463798072e-01
1.522589153762755193e-02 3.596342609336568297e-02 8.520848467942153392e-02 8.636021976895850161e-01
1.236464320874058019e-02 3.024966637649870518e-02 6.852248921266249071e-02 8.888632012020983852e-01
9.493693002482020762e-03 2.376152652784566457e-02 5.202349246418762341e-02 9.147212880054845785e-01
6.808643125795967033e-03 1.713935700874684789e-02 3.667800084062115828e-02 9.393739990248359817e-01
4.659854057871399245e-03 1.158270694087391167e-02 2.426097778185607248e-02 9.594964612193986886e-01
3.170162502649617482e-03 7.683969250350945399e-03 1.569312029253227062e-02 9.734527479544672346e-01
2.184130293622037547e-03 5.132779322243177962e-03 1.025364306536613070e-02 9.824294473187684673e-01
1.105257593323476185e-03 2.727647875085083534e-03 7.128024449409918299e-03 9.890390700821816150e-01
7.805743405807110107e-04 1.844080229411304301e-03 4.841688131891726948e-03 9.925336572981162675e-01
5.621909988639321688e-04 1.270212354688260480e-03 3.374260174249110820e-03 9.947933364721988081e-01
4.335643911284602385e-04 9.393537722551236488e-04 2.493302325510024509e-03 9.961337795111062654e-01
3.821040047355008635e-04 7.966296735209685764e-04 2.047340421580816621e-03 9.967739259001626717e-01
3.997966448704542964e-04 7.998288528350081666e-04 1.912982507841981929e-03 9.968873919944526429e-01
4.924907530305214524e-04 9.290573970430430345e-04 2.004471635275174770e-03 9.965739802146513782e-01
6.947322377343236434e-04 1.194467280790734685e-03 2.302378368859435507e-03 9.958084221126154434e-01
1.090177527687361588e-03 1.631733632551998422e-03 2.844183761971426621e-03 9.944339050777892819e-01
1.907960594294856593e-03 2.359243883106320293e-03 3.801523606669935870e-03 9.919312719159290026e-01
3.960737502956405455e-03 3.818282738959393342e-03 5.776102633125318637e-03 9.864448771249587633e-01
1.111372065690106534e-02 7.919782744161251928e-03 9.472651989066223355e-03 9.714938446098714264e-01
2.903904866602731102e-02 1.541856793647028261e-02 1.763411700113361180e-02 9.379082663963690392e-01
7.152045144788793385e-02 2.798880389328565685e-02 3.075057710608308792e-02 8.697401675527435261e-01
1.499076006655214455e-01 4.356769001240815703e-02 4.660025055867316607e-02 7.599244587633970927e-01
2.567379069491553256e-01 5.713865275203094257e-02 6.056179160120171018e-02 6.255616486976121049e-01
3.604403855142003787e-01 6.525708212614382553e-02 7.026896621857926795e-02 5.040335661410765278e-01
4.304081328331452183e-01 6.889201591560717430e-02 7.763830973761590148e-02 4.230615415136319557e-01
4.560900027422626901e-01 7.110325581265568295e-02 8.595767398305628748e-02 3.868490674620250758e-01
4.433343147576867538e-01 7.423459954031234875e-02 9.697799831772493939e-02 3.854530873842759164e-01
4.043084861300528243e-01 7.925381403627979049e-02 1.107843310589433500e-01 4.056533687747240213e-01
3.514006441901914579e-01 8.591808871023749739e-02 1.261953409088686362e-01 4.364859261907021448e-01
2.991460785634281749e-01 9.336017348031165619e-02 1.405786700670822731e-01 4.669150778891776876e-01
2.556989522638250523e-01 1.012380451224574873e-01 1.519354550195459175e-01 4.911275475941713764e-01
2.203195928417047700e-01 1.096802252271951439e-01 1.594157381038756593e-01 5.105844438272246766e-01
1.906594943049247370e-01 1.184267446179271266e-01 1.625837894539130246e-01 5.283299716232350285e-01
1.666720260185820535e-01 1.265382283832208743e-01 1.621119678056050506e-01 5.446777777925916331e-01
1.476747657937801661e-01 1.331436262056055198e-01 1.595857315825257583e-01 5.595958764180883893e-01
1.318106893283834125e-01 1.375601917648828498e-01 1.559340006755327301e-01 5.746951182312008966e-01
1.175247527363666306e-01 1.392824161609926281e-01 1.512578097063969340e-01 5.919350213962435436e-01
1.051097444742046388e-01 1.385449567179770358e-01 1.458435737114883446e-01 6.105017250963300501e-01
8.969951659653233392e-04 1.121778886704678964e-02 3.100695839959223370e-03 9.847845201270286619e-01
7.886899773013728281e-04 9.361046648760718361e-03 2.674585203537518160e-03 9.871756781704004169e-01
6.782721890501899453e-04 7.248575245265641287e-03 2.187819104215442834e-03 9.898853334614686750e-01
6.006337085510400457e-04 5.541539189808321678e-03 1.788329182808071375e-03 9.920694979188324769e-01
5.648057644117395653e-04 4.410927617216264460e-03 1.517443750716772647e-03 9.935068228676553481e-01
5.559980556733828266e-04 3.673386005381324565e-03 1.338259654648555263e-03 9.944323562842967146e-01
5.490866336204024102e-04 3.072554455197773048e-03 1.192824270570814115e-03 9.951855346406109915e-01
5.253450429076483331e-04 2.452295756189652298e-03 1.040701629110107320e-03 9.959816575717925780e-01
4.856744225041306523e-04 1.824355484648085063e-03 8.834533621537971580e-04 9.968065167306937591e-01
4.450686916838397225e-04 1.288521327958140183e-03 7.521194289171746587e-04 9.975142905514406966e-01
2.011056241480471054e-06 2.719513788871416492e-06 2.272360494159047051e-06 9.999929970694755310e-01
1.539108789550074019e-06 1.923917732436530146e-06 1.738008892665685510e-06 9.999947989645853186e-01
1.468083328042379020e-06 1.687788418834338338e-06 1.648219356419823269e-06 9.999951959088966280e-01
1.823820759530822455e-06 1.935219689753745686e-06 2.029225058671625169e-06 9.999942117344919890e-01
2.867984550120604757e-06 2.843022348768120285e-06 3.166803159650645426e-06 9.999911221899414615e-01
7.935267035646324622e-04 5.951514308748763948e-04 1.510601566184235651e-03 9.971007202993762419e-01
1.032990036763410365e-03 7.384409170439045021e-04 2.221037413290450398e-03 9.960075316329023432e-01
1.346795496380550185e-03 9.640410843183608953e-04 3.308564744612183927e-03 9.943805986746889758e-01
1.751130849423783529e-03 1.301490156404843269e-03 4.950966116377634313e-03 9.919964128777938317e-01
2.258684275718133173e-03 1.797970194341927397e-03 7.431528762927983554e-03 9.885118167670121636e-01
3.717993066309979375e-03 3.422107013879744763e-03 1.080699944557502248e-02 9.820529004742354351e-01
4.912975750490710357e-03 4.970765589364539196e-03 1.637984064570732409e-02 9.737364180144375547e-01
6.602580708336796590e-03 7.309892625236681131e-03 2.477351068588639141e-02 9.613140159805401153e-01
8.934173362567396359e-03 1.068240111536080186e-02 3.691419759205695483e-02 9.434692279300149753e-01
1.192597351796813830e-02 1.525567162380468689e-02 5.328690281702237047e-02 9.195314520412047887e-01
1.547002135612428678e-02 2.115585947352071131e-02 7.370905389702531174e-02 8.896650652733295583e-01
1.925623488193137223e-02 2.831228547695185949e-02 9.649169069881957661e-02 8.559397889422972749e-01
2.252363113350612511e-02 3.586198659455112209e-02 1.171452702201741664e-01 8.244691120517687599e-01
2.487528594625467923e-02 4.173414219983951484e-02 1.301875671661986145e-01 8.032030046877067786e-01
2.475291623441297495e-02 4.510128126134268362e-02 1.333033552689497636e-01 7.968424472352940713e-01
2.322498854043476488e-02 4.557332483485036778e-02 1.275835068050451548e-01 8.036181798196694315e-01
2.048758388757801821e-02 4.420171169884572204e-02 1.160809515575016021e-01 8.192297528560747999e-01
1.798549380425559438e-02 4.071770027990658652e-02 1.014191895694584594e-01 8.398776163463798072e-01
1.522589153762755193e-02 3.596342609336568297e-02 8.520848467942153392e-02 8.636021976895850161e-01
1.236464320874058019e-02 3.024966637649870518e-02 6.852248921266249071e-02 8.888632012020983852e-01
9.493693002482020762e-03 2.376152652784566457e-02 5.202349246418762341e-02 9.147212880054845785e-01
6.808643125795967033e-03 1.713935700874684789e-02 3.667800084062115828e-02 9.393739990248359817e-01
4.659854057871399245e-03 1.158270694087391167e-02 2.426097778185607248e-02 9.594964612193986886e-01
3.170162502649617482e-03 7.683969250350945399e-03 1.569312029253227062e-02 9.734527479544672346e-01
2.184130293622037547e-03 5.132779322243177962e-03 1.025364306536613070e-02 9.824294473187684673e-01
1.105257593323476185e-03 2.727647875085083534e-03 7.128024449409918299e-03 9.890390700821816150e-01
7.805743405807110107e-04 1.844080229411304301e-03 4.841688131891726948e-03 9.925336572981162675e-01
5.621909988639321688e-04 1.270212354688260480e-03 3.374260174249110820e-03 9.947933364721988081e-01
4.335643911284602385e-04 9.393537722551236488e-04 2.493302325510024509e-03 9.961337795111062654e-01
3.821040047355008635e-04 7.966296735209685764e-04 2.047340421580816621e-03 9.967739259001626717e-01
3.997966448704542964e-04 7.998288528350081666e-04 1.912982507841981929e-03 9.968873919944526429e-01
4.924907530305214524e-04 9.290573970430430345e-04 2.004471635275174770e-03 9.965739802146513782e-01
6.947322377343236434e-04 1.194467280790734685e-03 2.302378368859435507e-03 9.958084221126154434e-01
1.090177527687361588e-03 1.631733632551998422e-03 2.844183761971426621e-03 9.944339050777892819e-01
1.907960594294856593e-03 2.359243883106320293e-03 3.801523606669935870e-03 9.919312719159290026e-01
3.960737502956405455e-03 3.818282738959393342e-03 5.776102633125318637e-03 9.864448771249587633e-01
1.111372065690106534e-02 7.919782744161251928e-03 9.472651989066223355e-03 9.714938446098714264e-01
2.903904866602731102e-02 1.541856793647028261e-02 1.763411700113361180e-02 9.379082663963690392e-01
7.152045144788793385e-02 2.798880389328565685e-02 3.075057710608308792e-02 8.697401675527435261e-01
1.499076006655214455e-01 4.356769001240815703e-02 4.660025055867316607e-02 7.599244587633970927e-01
2.567379069491553256e-01 5.713865275203094257e-02 6.056179160120171018e-02 6.255616486976121049e-01
3.604403855142003787e-01 6.525708212614382553e-02 7.026896621857926795e-02 5.040335661410765278e-01
4.304081328331452183e-01 6.889201591560717430e-02 7.763830973761590148e-02 4.230615415136319557e-01
4.560900027422626901e-01 7.110325581265568295e-02 8.595767398305628748e-02 3.868490674620250758e-01
4.433343147576867538e-01 7.423459954031234875e-02 9.697799831772493939e-02 3.854530873842759164e-01
4.043084861300528243e-01 7.925381403627979049e-02 1.107843310589433500e-01 4.056533687747240213e-01
3.514006441901914579e-01 8.591808871023749739e-02 1.261953409088686362e-01 4.364859261907021448e-01
2.991460785634281749e-01 9.336017348031165619e-02 1.405786700670822731e-01 4.669150778891776876e-01
2.556989522638250523e-01 1.012380451224574873e-01 1.519354550195459175e-01 4.911275475941713764e-01
2.203195928417047700e-01 1.096802252271951439e-01 1.594157381038756593e-01 5.105844438272246766e-01
1.906594943049247370e-01 1.184267446179271266e-01 1.625837894539130246e-01 5.283299716232350285e-01
1.666720260185820535e-01 1.265382283832208743e-01 1.621119678056050506e-01 5.446777777925916331e-01
1.476747657937801661e-01 1.331436262056055198e-01 1.595857315825257583e-01 5.595958764180883893e-01
1.318106893283834125e-01 1.375601917648828498e-01 1.559340006755327301e-01 5.746951182312008966e-01
1.175247527363666306e-01 1.392824161609926281e-01 1.512578097063969340e-01 5.919350213962435436e-01
1.051097444742046388e-01 1.385449567179770358e-01 1.458435737114883446e-01 6.105017250963300501e-01
3.488674377309765595e-01 1.098710213982265343e-01 3.540877710469466089e-01 1.871737698238504777e-01
3.440849956831816270e-01 1.017330107693761032e-01 3.635039917051783309e-01 1.906780018422637724e-01
3.493457455328978778e-01 9.407438820936665780e-02 3.799109266518529426e-01 1.766689396058826189e-01
3.664980396491671066e-01 8.677743419796252189e-02 3.989778574557680813e-01 1.477466686971020959e-01
3.924960191572435808e-01 7.972390954905000937e-02 4.120641971837804562e-01 1.157158741099258425e-01
4.176882420883380465e-01 7.199949415058258528e-02 4.210723209453023919e-01 8.923994281577736498e-02
4.391465782144726715e-01 6.391711064065190573e-02 4.265471552047844783e-01 7.038915594009091670e-02
4.555486290563012797e-01 5.620948636473332982e-02 4.300285388856998625e-01 5.821334569326532676e-02
4.638816101585965801e-01 4.971095182133951351e-02 4.350086141750246216e-01 5.139882384503913909e-02
4.635762830581068306e-01 4.514934546190191300e-02 4.428387453291037779e-01 4.843562615088765205e-02
4.611190781936494454e-01 4.259756212481240895e-02 4.496629469276555713e-01 4.662041275388225520e-02
4.598398281091664597e-01 4.173102294516354421e-02 4.548011494986539116e-01 4.362799944701617472e-02
4.533308232674009841e-01 4.256458592126570462e-02 4.643041506799472362e-01 3.980044013138621384e-02
4.375437703065517825e-01 4.514182364896803662e-02 4.812047869947759793e-01 3.610961904970395181e-02
4.190006595196211214e-01 4.899939322082069726e-02 4.998240631458436001e-01 3.217588411371440776e-02
4.054536920389085752e-01 5.436029686977881387e-02 5.120518103484941186e-01 2.813420074281871436e-02
4.050060948989301912e-01 6.300886618541218231e-02 5.072329973710796303e-01 2.475204154457779498e-02
4.242125507632917847e-01 7.562904870259945511e-02 4.780789595720202900e-01 2.207944096208869222e-02
4.587482885852932624e-01 8.946645532482876140e-02 4.319550170666656697e-01 1.983023902321230311e-02
5.074779335291940141e-01 9.894934632431492960e-02 3.766086055611196359e-01 1.696411458537157649e-02
5.674235608767955741e-01 1.039131028128913725e-01 3.151603925210162971e-01 1.350294378929686560e-02
6.329639185547496494e-01 1.027212435326868151e-01 2.541290007295018416e-01 1.018583718306149619e-02
6.955738466880665438e-01 9.625215605012085729e-02 2.007853209310394016e-01 7.388676330773320464e-03
2.052202743247514560e-01 3.286471947309380637e-01 4.592961417442510408e-01 6.836389200059345833e-03
2.220689317657339457e-01 3.252856261428874185e-01 4.459318983047824703e-01 6.713543786596418844e-03
2.419372000940232526e-01 3.183921498966134633e-01 4.326334258480892814e-01 7.037224161273835342e-03
2.620374700894887998e-01 3.031101606680907112e-01 4.269340032310536825e-01 7.918366011367026711e-03
2.782377270254690060e-01 2.826774898594505703e-01 4.295037051583258658e-01 9.581077956754573480e-03
2.929049980381262519e-01 2.649345557976727217e-01 4.302013174508679816e-01 1.195912871333296677e-02
3.121660581731295347e-01 2.544460432040503983e-01 4.191511291467953648e-01 1.423676947602485823e-02
3.379790413029681861e-01 2.507281687044809471e-01 3.962075210883235221e-01 1.508526890422743835e-02
3.645439580814999192e-01 2.514185677655393913e-01 3.697945652857209109e-01 1.424290886723987223e-02
3.829271100143786799e-01 2.554548944594406401e-01 3.487418580256032574e-01 1.287613750057742777e-02
3.910168613003144888e-01 2.626888671167370570e-01 3.345055202497273505e-01 1.178875133322141756e-02
3.938203969876191146e-01 2.717420157066446906e-01 3.233912637856628525e-01 1.104632352007320524e-02
3.994613972078374653e-01 2.781409472588107223e-01 3.118568605788345494e-01 1.054079495451753362e-02
4.171056023170700011e-01 2.745409382433455225e-01 2.980476312549686924e-01 1.030582818461560704e-02
4.532840775152121027e-01 2.538246196212606276e-01 2.825244671768820104e-01 1.036683568664544842e-02
5.066748702086328882e-01 2.151166234969931756e-01 2.676133975262491305e-01 1.059510876812479359e-02
5.647072555480635581e-01 1.679059157130832203e-01 2.563375814164788324e-01 1.104924732237429381e-02
6.134329372593069207e-01 1.245177555147087417e-01 2.502116483787640844e-01 1.183765884722015257e-02
6.492676174312889126e-01 9.089236204022690946e-02 2.471728324173221580e-01 1.266718811116197829e-02
6.782120296769719170e-01 6.533567892696930113e-02 2.434245189520988228e-01 1.302777244395980638e-02
7.023902168164447568e-01 4.834900518199419794e-02 2.365197088699442507e-01 1.274106913161684139e-02
7.218674947332270886e-01 3.887401595038976476e-02 2.270525576547233193e-01 1.220593166165988286e-02
7.385854565598923838e-01 3.562657812456750117e-02 2.141444468657267564e-01 1.164351844981318176e-02
7.520462701665969751e-01 3.818796815669449340e-02 1.985291144179684442e-01 1.123664725874028852e-02
7.577689427191335314e-01 4.688561978252907964e-02 1.841087690515001707e-01 1.123666844683698582e-02
7.528069900859752916e-01 6.121955394537838963e-02 1.742562196158486953e-01 1.171723635279756266e-02
7.379445278592003943e-01 7.843079512457575009e-02 1.708693233061547578e-01 1.275535371006910647e-02
7.199851079500309003e-01 9.162158238592556236e-02 1.740430460619612207e-01 1.435026360208195226e-02
7.055907580202797069e-01 9.567574644289522645e-02 1.823373309568209477e-01 1.639616458000434096e-02
6.997936685532277767e-01 8.833301795836213943e-02 1.931837831692420071e-01 1.868953031916764304e-02
7.037741978507907614e-01 7.200019355746417604e-02 2.033224771413394971e-01 2.090313145040533990e-02
7.127381840718128858e-01 5.400407221453375900e-02 2.105786379933255181e-01 2.267910572032769134e-02
7.225317580170266263e-01 3.861322005586433764e-02 2.151101669748911871e-01 2.374485495221807102e-02
7.302902985888543030e-01 2.730755607636205576e-02 2.180454416398358020e-01 2.435670369494788781e-02
7.322420976507740820e-01 1.988105829648103770e-02 2.222177624429215737e-01 2.565908160982336914e-02
7.264355785179519298e-01 1.544380674842227297e-02 2.299870499267145652e-01 2.813356480691123554e-02
7.255393537181504815e-01 1.243754421799301950e-02 2.337520176857270648e-01 2.827108437812949834e-02
7.375859675946248029e-01 1.005407637685483413e-02 2.278135622332527754e-01 2.454639379526751125e-02
7.615082753084402301e-01 7.957213892017563420e-03 2.115164971358801937e-01 1.901801366366207002e-02
7.958321163179977731e-01 5.988601052575961460e-03 1.847679960118533693e-01 1.341128661757302019e-02
8.364640999501852248e-01 4.336210582633500538e-03 1.503455651042535368e-01 8.854124362928220138e-03
8.778988815498183218e-01 3.164358520547324791e-03 1.132583119247016767e-01 5.678448004932874424e-03
9.131099917126729304e-01 2.467229834632156393e-03 8.070108221426056105e-02 3.721696238434374707e-03
9.375442279888591690e-01 2.138424986479916731e-03 5.766096124482950058e-02 2.656385779831448805e-03
9.509950459950268220e-01 2.084914459578975782e-03 4.471664926460126172e-02 2.203390280792726693e-03
9.554849966031256914e-01 2.264768184832446993e-03 4.007395269079792877e-02 2.176282521243938072e-03
9.528249609684927846e-01 2.712054580480067860e-03 4.199556322694054933e-02 2.467421224086775635e-03
9.441261483421247158e-01 3.522646090463288273e-03 4.935416563844548937e-02 2.997039928966097576e-03
9.322274743365744909e-01 4.751940079192228800e-03 5.945529754428481584e-02 3.565288039948761104e-03
9.229994311964896392e-01 6.431448403694865062e-03 6.669201821460782331e-02 3.877102185207500270e-03
9.219717026629190570e-01 8.507059130308101957e-03 6.578031709473175503e-02 3.740921112041265505e-03
9.264833677137275236e-01 1.131395600279869011e-02 5.871475141116596491e-02 3.487924872307915456e-03
9.306195955173355294e-01 1.557817017371208868e-02 5.034918848965382748e-02 3.453045819298509317e-03
9.316373176663701461e-01 2.187643345301610101e-02 4.285272205910697907e-02 3.633526821506662813e-03
9.288027807587243556e-01 3.060239995409016339e-02 3.670100696729657747e-02 3.893812319888923044e-03
9.210886868418014517e-01 4.224603382745571040e-02 3.249099672526499505e-02 4.174282605477974695e-03
9.079570921087138924e-01 5.715592804798388937e-02 3.046881939289545690e-02 4.418160450406911390e-03
8.907019021713347140e-01 7.434609634364802710e-02 3.049120642116313895e-02 4.460795063854033210e-03
8.726970650037934041e-01 9.318408618888300576e-02 2.991051559635008947e-02 4.208333210973142467e-03
8.585556426908856897e-01 1.082701500947094858e-01 2.948952302527341543e-02 3.684684189131306672e-03
8.541799255411051117e-01 1.153693171404146928e-01 2.747605773295115975e-02 2.974699585528923877e-03
8.632086961741597397e-01 1.116828842821851187e-01 2.297326697631699513e-02 2.135152567338310416e-03
8.822461872864703070e-01 9.922078605937226237e-02 1.719182358241753972e-02 1.341203071739934969e-03
9.008392276532231069e-01 8.595873833626427318e-02 1.240137939166408541e-02 8.006546188483612634e-04
9.118408991868001134e-01 7.814949304614174364e-02 9.500130329689333852e-03 5.094774373690300322e-04
9.144833007345244402e-01 7.682606579951908876e-02 8.311847812843531011e-03 3.787856531131650849e-04
9.109053224826411110e-01 8.025702432419482002e-02 8.496329913682066151e-03 3.413232794821317037e-04
9.035319871039408923e-01 8.629022625231712318e-02 9.813154974931294697e-03 3.646316688107593506e-04
8.937880873772520163e-01 9.358536140762681310e-02 1.218036083644834407e-02 4.461903786726917364e-04
8.837181063774741663e-01 1.002719668986996049e-01 1.541811676444621373e-02 5.918099593798152808e-04
8.765898564937858461e-01 1.037114210691408855e-01 1.890621612267552598e-02 7.925063143975877213e-04
8.738101793036755494e-01 1.031216384592038848e-01 2.202282686895833119e-02 1.045355368162329164e-03
8.745352414254659035e-01 9.954090798687166564e-02 2.456643519045450391e-02 1.357415397207712305e-03
8.782042738500932533e-01 9.377963829261044826e-02 2.635035499843858472e-02 1.665732858857849269e-03
8.833751212362818128e-01 8.718613152822186907e-02 2.758062828651746193e-02 1.858118948978983685e-03
8.846921223876257345e-01 8.297692787875723952e-02 3.035085738558783094e-02 1.980092348029093962e-03
8.834283428163460794e-01 7.936874504871864466e-02 3.507055481398802660e-02 2.132357320947123134e-03
8.751093062061559014e-01 7.957644785961504041e-02 4.281131821304853119e-02 2.502927721180633284e-03
8.614382245939590232e-01 7.985828497750276089e-02 5.553995596052900552e-02 3.163534468009196465e-03
8.433761256155097863e-01 8.104670603080781077e-02 7.153028161757922498e-02 4.046886736102994937e-03
8.245504492700075350e-01 8.296640038418744145e-02 8.757183137595843381e-02 4.911318969846659166e-03
8.052564392713134067e-01 8.830869297365986914e-02 1.008596462429155322e-01 5.575221512111368932e-03
7.890742195869896447e-01 9.529839611712664915e-02 1.097384399989659864e-01 5.888944296917894908e-03
7.753466401018327403e-01 1.040970808617526361e-01 1.147094048694265456e-01 5.846874166988078915e-03
7.601204251886867214e-01 1.168100516047624604e-01 1.174792234363340598e-01 5.590299770216458283e-03
7.388429098807833828e-01 1.359793631504097045e-01 1.198776276551702102e-01 5.300099313636670410e-03
7.107188442578723508e-01 1.623959172291419562e-01 1.218838115329261007e-01 5.001426980059462193e-03
6.774052769603344792e-01 1.959482469863886023e-01 1.220299887416017998e-01 4.616487311675106578e-03
6.422106088295147508e-01 2.332400718483402247e-01 1.202980163245297301e-01 4.251302997615113120e-03
6.067043002074825608e-01 2.722821453225007238e-01 1.169448174238667676e-01 4.068737046149764787e-03
