6.437488876695771634e-01 3.455025534970333490e-01 9.583006986587316867e-03 1.165551846802209430e-03
8.972704452337322556e-02 6.470173687316128630e-01 2.567352174835932366e-01 6.520369261420540415e-03
7.164619334374125459e-02 6.239057479027644293e-01 2.991884498131638370e-01 5.259608940330556294e-03
6.060554985947616546e-02 5.780375014271822431e-01 3.568018827591459829e-01 4.555065954195260634e-03
5.416867198651269255e-02 5.137563914896333683e-01 4.279000889653979400e-01 4.174847558455921891e-03
5.048708825281372076e-02 4.395864144646829952e-01 5.059347538552345647e-01 3.991743427268732401e-03
4.849296111805669746e-02 3.668247560940615659e-01 5.806966451664339335e-01 3.985637621447315690e-03
4.776863380234122602e-02 3.058052740443130135e-01 6.422128439959926549e-01 4.213248157353331053e-03
4.818079708624911639e-02 2.618250633029495233e-01 6.852372331702576425e-01 4.756906440544043935e-03
4.944383324084903469e-02 2.332933549546612195e-01 7.115613342081159587e-01 5.701477596373826992e-03
5.098667082139072410e-02 2.143521629187605249e-01 7.275182558600501448e-01 7.142910399798390285e-03
5.199311654563493201e-02 1.970310568700867626e-01 7.419758477827536058e-01 8.999978801524477490e-03
5.207444161634359331e-02 1.745758652647571019e-01 7.623082046983095106e-01 1.104148842058997465e-02
5.137213648305657965e-02 1.475792523604542716e-01 7.881699885292012819e-01 1.287862262728816688e-02
5.065324543959429104e-02 1.215961627368973147e-01 8.135345905772237707e-01 1.421600124628455766e-02
5.050862263255248563e-02 9.970708297150510102e-02 8.348461072117844273e-01 1.493818718415789240e-02
5.049793697250976737e-02 8.133754638542645132e-02 8.532669270850139487e-01 1.489758955704956721e-02
4.978321284090009985e-02 6.581146144384138197e-02 8.704152278255343766e-01 1.399009788972430980e-02
4.790029712163967890e-02 5.328532747847668227e-02 8.864344996788324771e-01 1.237987572105121031e-02
4.484012481080622975e-02 4.363611867168355057e-02 9.012029465976392206e-01 1.032080991987114824e-02
4.103187849433367201e-02 3.638242815015299558e-02 9.144181225515088940e-01 8.167570804004655252e-03
3.682902187955348905e-02 3.105142302304757587e-02 9.258213573028479804e-01 6.298197794551140330e-03
3.215110760872390977e-02 2.698082738611619347e-02 9.360189183693090609e-01 4.849146635850933897e-03
2.666616374471060882e-02 2.323978517286368756e-02 9.463755606928231368e-01 3.718490389602828374e-03
2.059343418554109711e-02 1.926642602587477077e-02 9.573472070203880024e-01 2.792932768195811790e-03
1.519391221238846658e-02 1.571797304776803919e-02 9.669485476674436475e-01 2.139567072399637272e-03
1.175836105993356175e-02 1.394989238540414629e-02 9.724221143237932186e-01 1.869632230869145611e-03
1.045312657752207712e-02 1.487696688138148010e-02 9.726842777633533110e-01 1.985628777743210244e-03
1.089668425564483366e-02 1.953476848759116286e-02 9.670493381817428791e-01 2.519209075021201609e-03
1.266067832654582496e-02 2.970931906250394439e-02 9.540794574623256974e-01 3.550545148624573589e-03
1.531796894383553528e-02 4.829582125324719671e-02 9.311212396649343193e-01 5.264970137982774405e-03
1.847594245796472731e-02 7.966846940450852954e-02 8.937943418139815410e-01 8.061246323545030387e-03
2.170140529450259939e-02 1.289625968824610058e-01 8.368380261752289551e-01 1.249797164780775890e-02
2.435708913630440717e-02 1.955898922700120557e-01 7.611309390434669586e-01 1.892207955021710242e-02
2.612216038053776293e-02 2.630320600143359333e-01 6.829335740874080685e-01 2.791220551771844693e-02
2.766036374516914892e-02 3.040955895823274080e-01 6.260527443845264051e-01 4.219130228797720455e-02
2.981440697537010923e-02 3.040235083330906085e-01 5.991872850263090244e-01 6.697479966523052497e-02
3.217209625100698328e-02 2.723679066146605376e-01 5.874030143531612236e-01 1.080569827811710820e-01
3.343331966133682859e-02 2.308414097692671474e-01 5.663900010567756160e-01 1.693352695126202623e-01
3.306524051774358680e-02 1.953913268066295450e-01 5.227643934439272222e-01 2.487790392316999166e-01
3.177430125178707515e-02 1.703652669495953897e-01 4.644281788533229927e-01 3.334322529452943829e-01
3.054232192546505603e-02 1.536815933911901133e-01 4.064772717718580508e-01 4.092988129114865092e-01
3.037139539873890196e-02 1.403134761956209564e-01 3.568725021986976498e-01 4.724426262069423843e-01
3.033042365941177043e-02 1.311221491178828635e-01 3.181738904837916881e-01 5.203735367389136224e-01
3.146222335415037319e-02 1.280680042854703271e-01 2.940606316409503096e-01 5.464091407194293648e-01
3.444916325019445336e-02 1.337253882640149216e-01 2.857832475622936186e-01 5.460422009234968677e-01
3.988800987784261315e-02 1.486933107165392953e-01 2.899365482351874412e-01 5.214821311704306295e-01
4.880777114918465748e-02 1.724922619198428764e-01 3.009542158502627185e-01 4.777457510807099350e-01
6.273779839244927881e-02 2.040329941166124372e-01 3.121913726697282399e-01 4.210378348212096000e-01
8.087844262165365394e-02 2.416702445167506208e-01 3.160935599797742301e-01 3.613577528818215923e-01
1.008457003807658320e-01 2.832323112859544412e-01 3.110669519005128114e-01 3.048550364327670681e-01
1.206540724166231260e-01 3.345735943950934321e-01 2.922384322948047841e-01 2.525339008934784357e-01
1.376546925112913378e-01 3.926643065458613191e-01 2.653973562062733049e-01 2.042836447365743158e-01
1.537735481331000409e-01 4.525152454046564299e-01 2.333226474874059708e-01 1.603885589748377527e-01
1.675243525672441003e-01 5.131662770118117223e-01 1.979933465505369639e-01 1.213160238704071858e-01
1.750769439285006779e-01 5.713094278954099492e-01 1.653103764480192417e-01 8.830325172807008960e-02
1.727986599693882297e-01 6.263856952125124167e-01 1.384442482337605862e-01 6.237139658433887152e-02
1.613383848465541615e-01 6.773955677574424739e-01 1.179987491340614425e-01 4.326729826194208872e-02
1.439086261042009929e-01 7.231712199981406020e-01 1.032271175845981409e-01 2.969303631306004221e-02
1.224810114926391108e-01 7.647594404314510541e-01 9.245290432709722672e-02 2.030664374881272632e-02
1.000882391713677627e-01 8.006446819669876813e-01 8.489506914801632498e-02 1.437200971362825701e-02
8.179241210882073898e-02 8.268323160557898843e-01 8.060178412675421400e-02 1.077348770863501178e-02
6.967613325762714305e-02 8.427824629604016016e-01 7.914986394119251367e-02 8.391539840778941203e-03
6.210743518969556037e-02 8.528531150455136434e-01 7.835955201589543673e-02 6.679897748895163509e-03
5.747319891252380963e-02 8.618624779602822583e-01 7.533560050273860331e-02 5.328722624455235930e-03
5.613944420810892261e-02 8.696726867516945125e-01 6.985989590973457064e-02 4.327973130462373259e-03
5.872267716086249090e-02 8.750106990429604714e-01 6.261546801867715062e-02 3.651155777500067912e-03
6.413891949227469580e-02 8.798142353508954239e-01 5.293968749615432512e-02 3.107157660675573859e-03
7.023978189375038039e-02 8.863309499483168485e-01 4.090600244650816758e-02 2.523265711424603919e-03
7.720798785042043422e-02 8.914196573931582046e-01 2.941446942561860151e-02 1.957885330802718472e-03
8.848703051708098344e-02 8.887803286073807651e-01 2.118035432646229663e-02 1.552286549076054315e-03
1.059840173841882088e-01 8.763735862604636884e-01 1.630453653221514490e-02 1.337859823132869861e-03
7.327910626391291871e-01 1.701123606010682410e-01 9.494069507715052758e-02 2.155881682652153238e-03
4.164425056935362468e-01 8.937599333963316961e-02 4.911126416009523044e-01 3.068859365877989100e-03
3.850258474302106770e-01 6.557008585244736287e-02 5.456195901871089271e-01 3.784476530232973573e-03
3.403751319447008150e-01 5.165059539676246370e-02 6.026290386732141569e-01 5.345233985322443877e-03
2.931414038760302709e-01 4.428929533205120533e-02 6.546236817711554856e-01 7.945619020763039844e-03
2.521711193845180832e-01 4.140927301487894868e-02 6.944398204180054490e-01 1.197978718259740637e-02
2.224933302417372305e-01 4.202254659464820657e-02 7.175012170467035544e-01 1.798290611691092875e-02
2.060651579932060717e-01 4.623820321303007130e-02 7.208436553835837479e-01 2.685298341017990781e-02
2.029975868030373110e-01 5.516084275935183301e-02 7.020843745525375823e-01 3.975719588507344721e-02
2.097632305806054476e-01 7.003813424989648040e-02 6.624242117146347253e-01 5.777442345486313163e-02
2.193894337274297779e-01 9.231012125633443477e-02 6.068284613863120791e-01 8.147198362992372211e-02
2.279500430665241661e-01 1.225964403360547544e-01 5.407907106410999587e-01 1.086628059563212317e-01
2.376312423674562802e-01 1.594699725126597079e-01 4.691243954249076920e-01 1.337743896949762368e-01
2.485920412796373269e-01 2.013144450962127963e-01 3.961356600425181562e-01 1.539578535816317206e-01
2.586798816509867094e-01 2.450531566027788488e-01 3.285380964064006926e-01 1.677288653398338325e-01
2.697006173468740609e-01 2.852093220987650390e-01 2.726197630195784649e-01 1.724702975347821576e-01
2.885101529936366371e-01 3.181819356412965427e-01 2.273751014533577086e-01 1.659328099117093058e-01
3.154179798630853404e-01 3.442747049442203555e-01 1.905706551798258819e-01 1.497366600128685610e-01
3.476591151694373716e-01 3.653411106410364151e-01 1.570144325537515817e-01 1.299853416357746594e-01
3.778278934017083590e-01 3.849357359059299988e-01 1.266476204920745086e-01 1.105887502002870365e-01
4.001626519283025818e-01 4.093228134786769945e-01 9.857070587023279706e-02 9.194382872278782093e-02
4.084408185685330372e-01 4.435930125088681786e-01 7.368068468752138334e-02 7.428548423507704002e-02
4.005982131210503727e-01 4.884100136568808592e-01 5.345256871830365852e-02 5.753920450376527607e-02
3.824126770329873692e-01 5.376684980301651429e-01 3.794138446028074568e-02 4.197744047656688099e-02
3.659515819297805561e-01 5.772397254914128917e-01 2.864319167647488493e-02 2.816550090233187198e-02
3.719627904469838264e-01 5.871350541125791578e-01 2.363298806865096399e-02 1.726916737178608649e-02
3.995339385969626789e-01 5.682988998276251591e-01 2.196876695497890566e-02 1.019839462043293545e-02
4.475953319164149291e-01 5.227474036334324170e-01 2.308269566695556052e-02 6.574568783196988418e-03
5.148058217071043163e-01 4.541094648198895078e-01 2.626228414263859223e-02 4.822429330367783949e-03
6.009029796862436212e-01 3.650931673337908245e-01 3.016674472149384958e-02 3.837108258471808725e-03
6.871029518211350107e-01 2.759974433253314929e-01 3.365368311399299928e-02 3.245921739540371352e-03
7.570376698806272620e-01 2.039573246934381356e-01 3.604180378518982708e-02 2.963201640744782695e-03
8.069499844285864532e-01 1.519196360716046912e-01 3.818233084980811320e-02 2.948048650000622758e-03
8.398795097343692007e-01 1.159103762868731874e-01 4.111759336220453809e-02 3.092520616553214377e-03
8.570223165428113576e-01 9.343633070925465300e-02 4.620722149668051587e-02 3.334131251253440956e-03
8.561782095285365157e-01 8.371865780195288098e-02 5.634241966716856120e-02 3.760713002341855172e-03
8.324507040753285070e-01 8.716610981670204483e-02 7.578839436748451008e-02 4.594791740485080350e-03
7.812541482948615057e-01 1.056448896802941878e-01 1.070088081976531963e-01 6.092153827191285412e-03
7.068825822353572708e-01 1.412116896301810198e-01 1.435914833563882997e-01 8.314244778073475589e-03
6.176423359787740486e-01 2.012578630967802318e-01 1.699885271922001451e-01 1.111127373224569254e-02
5.332288526171143905e-01 2.811148487776810589e-01 1.719417629122115543e-01 1.371453569299288695e-02
4.682677158545087148e-01 3.630580826766745539e-01 1.533252010266782095e-01 1.534900044213847320e-02
4.189158523391728339e-01 4.394133837111175445e-01 1.261739697017925377e-01 1.549679424791722097e-02
3.867563458706746449e-01 5.002532928326263173e-01 9.906248004029030718e-02 1.392788125640888677e-02
3.538497231473981541e-01 5.612290441373553040e-01 7.392436330489018936e-02 1.099686941035618593e-02
3.134372570537067304e-01 6.248240863281742108e-01 5.374920650981589859e-02 7.989450108303089090e-03
2.677615961780290821e-01 6.868402919027948306e-01 3.971861508466777158e-02 5.679496834508139698e-03
2.209991530288554218e-01 7.425034213787491399e-01 3.223181151152963025e-02 4.265614080865494026e-03
1.842581921775525711e-01 7.808315805142468369e-01 3.113716552054389061e-02 3.773061787656633789e-03
1.669882051611700502e-01 7.925686927677955129e-01 3.628407836314326979e-02 4.159023707890853981e-03
1.649887186625698943e-01 7.823218929279016631e-01 4.731380432425162652e-02 5.375584085276821286e-03
1.704231489182155279e-01 7.616841772699954882e-01 6.102476434277381845e-02 6.867909469015870579e-03
1.826936212062976739e-01 7.373852167610075448e-01 7.243897827800070688e-02 7.482183754694315611e-03
2.004151204923957097e-01 7.145210059049171836e-01 7.806973733395752846e-02 6.994136268729746544e-03
2.170461342242386016e-01 6.982683944086808259e-01 7.854746513421911880e-02 6.138006232861210887e-03
2.206990546196751224e-01 6.988075980310247681e-01 7.513426569722890525e-02 5.359081652071305719e-03
2.091292090549127236e-01 7.169953245153986021e-01 6.922586542541978027e-02 4.649601004268813335e-03
1.887207657275479511e-01 7.446883389048903901e-01 6.264006206254099651e-02 3.950833305020670129e-03
1.743556265649048309e-01 7.629820517625504062e-01 5.914997982766210388e-02 3.512341844882376288e-03
1.792797217682093880e-01 7.560782258955880408e-01 6.108812762995709938e-02 3.553924706245657414e-03
2.065188097762339081e-01 7.224097187379044938e-01 6.705373425943250698e-02 4.017737226429223853e-03
2.499930630082643490e-01 6.715121128856259558e-01 7.373644618299136921e-02 4.758377923118761385e-03
3.029865486725511481e-01 6.120310812502506304e-01 7.918353306715780748e-02 5.798837010040230194e-03
3.552143520711695257e-01 5.556526742954976950e-01 8.213882783917374197e-02 6.994145794159144919e-03
4.046254065912009423e-01 5.036895933649350177e-01 8.347130247500776645e-02 8.213697568856054981e-03
4.571404270758492872e-01 4.491142323551147730e-01 8.419409606505444399e-02 9.551244503981461131e-03
5.123655551615643455e-01 3.904074798611486541e-01 8.571244792266212442e-02 1.151451705462475800e-02
5.528184537302983648e-01 3.387981518963533722e-01 9.273029263809220990e-02 1.565310173525631329e-02
5.651330604953498371e-01 3.037330392195503048e-01 1.075359246846588623e-01 2.359797560044113451e-02
5.547176306070312757e-01 2.829491893517077639e-01 1.271459530107779956e-01 3.518722703048271505e-02
5.348370678893002994e-01 2.697818675134120991e-01 1.475574031751775705e-01 4.782366142210991294e-02
5.148050004200304119e-01 2.593777914202500812e-01 1.672594254067395481e-01 5.855778275297978536e-02
1.181704255276818105e-01 6.203956023728269820e-01 5.363916424820687479e-02 2.077948078512842911e-01
3.583921818344393013e-03 2.963471771645877217e-02 1.620067772887487031e-02 9.505806827363219025e-01
3.124677040598788837e-03 2.495844588176771711e-02 1.376829486458806297e-02 9.581485822130453300e-01
2.661667836366161596e-03 1.981212310197894011e-02 1.121756629959264236e-02 9.663086427620619645e-01
2.308614517647764562e-03 1.549345346914529804e-02 9.160366668708563864e-03 9.730375653444983675e-01
2.089920620197806191e-03 1.239864889744942897e-02 7.712151830387022587e-03 9.777992786519658086e-01
1.943282849750638079e-03 1.010781691997463851e-02 6.633417976632668793e-03 9.813154822536419575e-01
1.777760282933298509e-03 8.030838921052200000e-03 5.615750643618079053e-03 9.845756501523964532e-01
1.020811581387778139e-03 5.576553096212209792e-03 4.759407328662031839e-03 9.886432279937377166e-01
8.526072012559144037e-04 3.660767149663251511e-03 3.552166121665342562e-03 9.919344595274156573e-01
6.972928496317403607e-04 2.238227618412171917e-03 2.561698677144794069e-03 9.945027808548112525e-01
5.859650182609592913e-04 1.369604352358761270e-03 1.912459767440314673e-03 9.961319708619398305e-01
5.242586173475984913e-04 8.979853513683991274e-04 1.558924582628981028e-03 9.970188314486553294e-01
3.953870233458898177e-06 3.850450141438540403e-06 4.586711139658273691e-06 9.999876089684854863e-01
5.676900030855195050e-04 5.710553166822376165e-04 1.518691644139069739e-03 9.973425630360931438e-01
6.895857155688163778e-04 5.693326321284542663e-04 1.828526508117989330e-03 9.969125551441846422e-01
8.770888091070438855e-04 6.297029809145980248e-04 2.402924805960954518e-03 9.960902834040173959e-01
1.122209186862678639e-03 7.411718421917440737e-04 3.310088402702481263e-03 9.948265305682429949e-01
1.438390455034211377e-03 9.151033181663850670e-04 4.684467169634306052e-03 9.929620390571651800e-01
1.838025482082324222e-03 1.162903574108771444e-03 6.687355086334066494e-03 9.903117158574746837e-01
2.333732082223885940e-03 1.504591585559747393e-03 9.572512599089075258e-03 9.865891637331273278e-01
3.754378620030204752e-03 2.626023974630345079e-03 1.345320282306297806e-02 9.801663945822766122e-01
4.854421568796797246e-03 3.543246272045423844e-03 1.957026481483063393e-02 9.720320673443271220e-01
6.375477790226737398e-03 4.833353906942637612e-03 2.863458090248641175e-02 9.601565874003444856e-01
8.420533736928874705e-03 6.556591110111735336e-03 4.161989786480637527e-02 9.434029772881531439e-01
1.100357026177011845e-02 8.745565357082856622e-03 5.907762928237417915e-02 9.211732350987729134e-01
1.407333062428329021e-02 1.142830088622779836e-02 8.074702341241161985e-02 8.937513450770775414e-01
1.743279696254490529e-02 1.458372222095919574e-02 1.045938305658196121e-01 8.633896502506764881e-01
2.051158835503892261e-02 1.798093871209574188e-02 1.261665444225093524e-01 8.353409285103560178e-01
2.244208622118835234e-02 2.103515487260072467e-02 1.404919840651190077e-01 8.160307748410920992e-01
2.272252257513679777e-02 2.310916662808733257e-02 1.450889012805725020e-01 8.090794095162033850e-01
2.163566981728816743e-02 2.399013105890919484e-02 1.405761630772693338e-01 8.137980360465331131e-01
1.976894731617851939e-02 2.377599285010339319e-02 1.291170567164603156e-01 8.273380031172580251e-01
1.738395587290523375e-02 2.248634280305718616e-02 1.127958154545113667e-01 8.473338858695260711e-01
1.465178042891555552e-02 2.025354511096255986e-02 9.366593034386905270e-02 8.714287441162529291e-01
1.177769180084778551e-02 1.727954747526398716e-02 7.368102936175043027e-02 8.972617313621377155e-01
8.898763035616286468e-03 1.374544519187213300e-02 5.428646194788472323e-02 9.230693298246266387e-01
6.259980040537721675e-03 1.008902382025868814e-02 3.701995393828109299e-02 9.466310422009224235e-01
4.208642584826183426e-03 7.000635999154117793e-03 2.373384656269088983e-02 9.650568748533286945e-01
2.818243642220020009e-03 4.784673749372417122e-03 1.490860887943627755e-02 9.774884737289711856e-01
1.910272207658545926e-03 3.280613274230396569e-03 9.445172307297961325e-03 9.853639422108128043e-01
9.298681162426608235e-04 1.749201909205701320e-03 6.288277530293378756e-03 9.910326524442581997e-01
6.456793924998407031e-04 1.229142182397532750e-03 4.147048490651427874e-03 9.939781299344512266e-01
4.567878382536210867e-04 8.796667502327271560e-04 2.803158098002380989e-03 9.958603873135113416e-01
3.460005907151171827e-04 6.725555849086976758e-04 2.013147270873102013e-03 9.969682965535027197e-01
3.009296999624224062e-04 5.849582019145446602e-04 1.624917853225073304e-03 9.974891942448982363e-01
3.129872832344792496e-04 5.961091568194840963e-04 1.521415463336295900e-03 9.975694880966099465e-01
3.851381269402013360e-04 6.956815020952603025e-04 1.629658771684770096e-03 9.972895215992797491e-01
5.449898786428804135e-04 8.976259169721434927e-04 1.947691648105944655e-03 9.966096925562791808e-01
8.604723830573839192e-04 1.242333899014325853e-03 2.530183820873372832e-03 9.953670098970547331e-01
1.512810274836812446e-03 1.838137547241203628e-03 3.548290326047842756e-03 9.931007618518741253e-01
3.136184017613377530e-03 3.041666328897190460e-03 5.586343037556867029e-03 9.882358066159323551e-01
8.993322176203464788e-03 6.520384035219347132e-03 9.386291253018897232e-03 9.751000025355582856e-01
2.320673391547471362e-02 1.286408987150717761e-02 1.792535767623144177e-02 9.460038185367867225e-01
5.657082160357452399e-02 2.385379631301509304e-02 3.246547277637840123e-02 8.871099093070321517e-01
1.182406525870183522e-01 3.831132525084435941e-02 5.164253969063750671e-02 7.918054824714996220e-01
2.038279592481510583e-01 5.209096654956329314e-02 7.062639379948205953e-02 6.734546804028034295e-01
2.897299610263124880e-01 6.147742955508964102e-02 8.565200819964219336e-02 5.631406012189557053e-01
3.493774393178709081e-01 6.614694873877086101e-02 9.736455858848956646e-02 4.871110533548690391e-01
3.713292860509857518e-01 6.809830514478877606e-02 1.085328065250832918e-01 4.520396022791421387e-01
3.607621227442958101e-01 6.942050611610160737e-02 1.206837024712085760e-01 4.491336686683937707e-01
3.303120934077459769e-01 7.138494875676783258e-02 1.339609900980671953e-01 4.643419677374190924e-01
2.917393225542956325e-01 7.425285618352074624e-02 1.477222682559556632e-01 4.862855530062280551e-01
2.560435012831290824e-01 7.782487486166847490e-02 1.604617993255811892e-01 5.056698245296212813e-01
2.279212493151517305e-01 8.215575526903598491e-02 1.710696574901213740e-01 5.188533379256908828e-01
2.052281551857963737e-01 8.743263469936969623e-02 1.786568677862013510e-01 5.286823423286324264e-01
1.851595160855410704e-01 9.267125787060967457e-02 1.828810110932237165e-01 5.392882149506251777e-01
1.678413648634875799e-01 9.841243296947140007e-02 1.826474631166810914e-01 5.510987390503599981e-01
1.535462840085565772e-01 1.030252631865352930e-01 1.799643519065347030e-01 5.634641008983732879e-01
1.412458788890529615e-01 1.059608815387085151e-01 1.758623104963843164e-01 5.769309290758540820e-01
1.295605344848551055e-01 1.070540013832385895e-01 1.706238623378259212e-01 5.927616017940808835e-01
1.186926653635026335e-01 1.065610913931565179e-01 1.646103961490041623e-01 6.101358470943367696e-01
3.583921818344393013e-03 2.963471771645877217e-02 1.620067772887487031e-02 9.505806827363219025e-01
3.124677040598788837e-03 2.495844588176771711e-02 1.376829486458806297e-02 9.581485822130453300e-01
2.661667836366161596e-03 1.981212310197894011e-02 1.121756629959264236e-02 9.663086427620619645e-01
2.308614517647764562e-03 1.549345346914529804e-02 9.160366668708563864e-03 9.730375653444983675e-01
2.089920620197806191e-03 1.239864889744942897e-02 7.712151830387022587e-03 9.777992786519658086e-01
1.943282849750638079e-03 1.010781691997463851e-02 6.633417976632668793e-03 9.813154822536419575e-01
1.777760282933298509e-03 8.030838921052200000e-03 5.615750643618079053e-03 9.845756501523964532e-01
1.020811581387778139e-03 5.576553096212209792e-03 4.759407328662031839e-03 9.886432279937377166e-01
8.526072012559144037e-04 3.660767149663251511e-03 3.552166121665342562e-03 9.919344595274156573e-01
6.972928496317403607e-04 2.238227618412171917e-03 2.561698677144794069e-03 9.945027808548112525e-01
5.859650182609592913e-04 1.369604352358761270e-03 1.912459767440314673e-03 9.961319708619398305e-01
5.242586173475984913e-04 8.979853513683991274e-04 1.558924582628981028e-03 9.970188314486553294e-01
3.953870233458898177e-06 3.850450141438540403e-06 4.586711139658273691e-06 9.999876089684854863e-01
5.676900030855195050e-04 5.710553166822376165e-04 1.518691644139069739e-03 9.973425630360931438e-01
6.895857155688163778e-04 5.693326321284542663e-04 1.828526508117989330e-03 9.969125551441846422e-01
8.770888091070438855e-04 6.297029809145980248e-04 2.402924805960954518e-03 9.960902834040173959e-01
1.122209186862678639e-03 7.411718421917440737e-04 3.310088402702481263e-03 9.948265305682429949e-01
1.438390455034211377e-03 9.151033181663850670e-04 4.684467169634306052e-03 9.929620390571651800e-01
1.838025482082324222e-03 1.162903574108771444e-03 6.687355086334066494e-03 9.903117158574746837e-01
2.333732082223885940e-03 1.504591585559747393e-03 9.572512599089075258e-03 9.865891637331273278e-01
3.754378620030204752e-03 2.626023974630345079e-03 1.345320282306297806e-02 9.801663945822766122e-01
4.854421568796797246e-03 3.543246272045423844e-03 1.957026481483063393e-02 9.720320673443271220e-01
6.375477790226737398e-03 4.833353906942637612e-03 2.863458090248641175e-02 9.601565874003444856e-01
8.420533736928874705e-03 6.556591110111735336e-03 4.161989786480637527e-02 9.434029772881531439e-01
1.100357026177011845e-02 8.745565357082856622e-03 5.907762928237417915e-02 9.211732350987729134e-01
1.407333062428329021e-02 1.142830088622779836e-02 8.074702341241161985e-02 8.937513450770775414e-01
1.743279696254490529e-02 1.458372222095919574e-02 1.045938305658196121e-01 8.633896502506764881e-01
2.051158835503892261e-02 1.798093871209574188e-02 1.261665444225093524e-01 8.353409285103560178e-01
2.244208622118835234e-02 2.103515487260072467e-02 1.404919840651190077e-01 8.160307748410920992e-01
2.272252257513679777e-02 2.310916662808733257e-02 1.450889012805725020e-01 8.090794095162033850e-01
2.163566981728816743e-02 2.399013105890919484e-02 1.405761630772693338e-01 8.137980360465331131e-01
1.976894731617851939e-02 2.377599285010339319e-02 1.291170567164603156e-01 8.273380031172580251e-01
1.738395587290523375e-02 2.248634280305718616e-02 1.127958154545113667e-01 8.473338858695260711e-01
1.465178042891555552e-02 2.025354511096255986e-02 9.366593034386905270e-02 8.714287441162529291e-01
1.177769180084778551e-02 1.727954747526398716e-02 7.368102936175043027e-02 8.972617313621377155e-01
8.898763035616286468e-03 1.374544519187213300e-02 5.428646194788472323e-02 9.230693298246266387e-01
6.259980040537721675e-03 1.008902382025868814e-02 3.701995393828109299e-02 9.466310422009224235e-01
4.208642584826183426e-03 7.000635999154117793e-03 2.373384656269088983e-02 9.650568748533286945e-01
2.818243642220020009e-03 4.784673749372417122e-03 1.490860887943627755e-02 9.774884737289711856e-01
1.910272207658545926e-03 3.280613274230396569e-03 9.445172307297961325e-03 9.853639422108128043e-01
9.298681162426608235e-04 1.749201909205701320e-03 6.288277530293378756e-03 9.910326524442581997e-01
6.456793924998407031e-04 1.229142182397532750e-03 4.147048490651427874e-03 9.939781299344512266e-01
4.567878382536210867e-04 8.796667502327271560e-04 2.803158098002380989e-03 9.958603873135113416e-01
3.460005907151171827e-04 6.725555849086976758e-04 2.013147270873102013e-03 9.969682965535027197e-01
3.009296999624224062e-04 5.849582019145446602e-04 1.624917853225073304e-03 9.974891942448982363e-01
3.129872832344792496e-04 5.961091568194840963e-04 1.521415463336295900e-03 9.975694880966099465e-01
3.851381269402013360e-04 6.956815020952603025e-04 1.629658771684770096e-03 9.972895215992797491e-01
5.449898786428804135e-04 8.976259169721434927e-04 1.947691648105944655e-03 9.966096925562791808e-01
8.604723830573839192e-04 1.242333899014325853e-03 2.530183820873372832e-03 9.953670098970547331e-01
1.512810274836812446e-03 1.838137547241203628e-03 3.548290326047842756e-03 9.931007618518741253e-01
3.136184017613377530e-03 3.041666328897190460e-03 5.586343037556867029e-03 9.882358066159323551e-01
8.993322176203464788e-03 6.520384035219347132e-03 9.386291253018897232e-03 9.751000025355582856e-01
2.320673391547471362e-02 1.286408987150717761e-02 1.792535767623144177e-02 9.460038185367867225e-01
5.657082160357452399e-02 2.385379631301509304e-02 3.246547277637840123e-02 8.871099093070321517e-01
1.182406525870183522e-01 3.831132525084435941e-02 5.164253969063750671e-02 7.918054824714996220e-01
2.038279592481510583e-01 5.209096654956329314e-02 7.062639379948205953e-02 6.734546804028034295e-01
2.897299610263124880e-01 6.147742955508964102e-02 8.565200819964219336e-02 5.631406012189557053e-01
3.493774393178709081e-01 6.614694873877086101e-02 9.736455858848956646e-02 4.871110533548690391e-01
3.713292860509857518e-01 6.809830514478877606e-02 1.085328065250832918e-01 4.520396022791421387e-01
3.607621227442958101e-01 6.942050611610160737e-02 1.206837024712085760e-01 4.491336686683937707e-01
3.303120934077459769e-01 7.138494875676783258e-02 1.339609900980671953e-01 4.643419677374190924e-01
2.917393225542956325e-01 7.425285618352074624e-02 1.477222682559556632e-01 4.862855530062280551e-01
2.560435012831290824e-01 7.782487486166847490e-02 1.604617993255811892e-01 5.056698245296212813e-01
2.279212493151517305e-01 8.215575526903598491e-02 1.710696574901213740e-01 5.188533379256908828e-01
2.052281551857963737e-01 8.743263469936969623e-02 1.786568677862013510e-01 5.286823423286324264e-01
1.851595160855410704e-01 9.267125787060967457e-02 1.828810110932237165e-01 5.392882149506251777e-01
1.678413648634875799e-01 9.841243296947140007e-02 1.826474631166810914e-01 5.510987390503599981e-01
1.535462840085565772e-01 1.030252631865352930e-01 1.799643519065347030e-01 5.634641008983732879e-01
1.412458788890529615e-01 1.059608815387085151e-01 1.758623104963843164e-01 5.769309290758540820e-01
1.295605344848551055e-01 1.070540013832385895e-01 1.706238623378259212e-01 5.927616017940808835e-01
1.186926653635026335e-01 1.065610913931565179e-01 1.646103961490041623e-01 6.101358470943367696e-01
2.564678601584768902e-01 1.002447616077220272e-01 3.108945410994217173e-01 3.323928371343796706e-01
2.414488120099722579e-01 9.262706674875673118e-02 3.137899350521632380e-01 3.521341861891080782e-01
2.392097752650557685e-01 8.723845391106758995e-02 3.266495443108492491e-01 3.469022265130273786e-01
2.533371662617062703e-01 8.417946110383525693e-02 3.446317258381075277e-01 3.178516467963509728e-01
2.794199538485627188e-01 8.188507955089781298e-02 3.612656449520776358e-01 2.774293216484616798e-01
3.108904258638639506e-01 7.898126825536634643e-02 3.721849968536358744e-01 2.379433090271336482e-01
3.459405299761693087e-01 7.546832164316226443e-02 3.737220538156755811e-01 2.048690945649929429e-01
3.789849167136015162e-01 7.135689285292239059e-02 3.705911694256596722e-01 1.790670210078164903e-01
4.020541498334701536e-01 6.791160186768603613e-02 3.700949565706471156e-01 1.599392917281969029e-01
4.171662509316633183e-01 6.611554038292406787e-02 3.713184226845069880e-01 1.453997860009055842e-01
4.296162887871669001e-01 6.651077728273441236e-02 3.732694859186438396e-01 1.306034480114549312e-01
4.465262267162682375e-01 6.899988502807370694e-02 3.716656388223255059e-01 1.128082494333325914e-01
4.626064933788863742e-01 7.412705647838370437e-02 3.682316910473288907e-01 9.503475909540119726e-02
4.722307648753731324e-01 8.313413887796708424e-02 3.645353593849044449e-01 8.009973686175531071e-02
4.687872851471072688e-01 1.009194376932934650e-01 3.633750535971007611e-01 6.691822356249862991e-02
4.540789404940526186e-01 1.313250665554690222e-01 3.597138008877938109e-01 5.488219206268434014e-02
4.295052063544319565e-01 1.829376669342933359e-01 3.430004538025889782e-01 4.455667290868587510e-02
3.992249593974714350e-01 2.569088913182389078e-01 3.079715946885939748e-01 3.589455459569533546e-02
3.696754409690843346e-01 3.348431459910670704e-01 2.662742643002428689e-01 2.920714873960606611e-02
3.536291605889752554e-01 3.956094519226828199e-01 2.273121527906726558e-01 2.344923469766942506e-02
3.629959270991079956e-01 4.268391149379086591e-01 1.918555900354500243e-01 1.830936792753309894e-02
3.859825702867122899e-01 4.398623209741839291e-01 1.600351279842105456e-01 1.411998075489361883e-02
4.203403316891940467e-01 4.366209811282943387e-01 1.321510000672536933e-01 1.088768711525803755e-02
2.790036766954243630e-01 1.204055353552325736e-01 5.964642594217895999e-01 4.126528527553486106e-03
2.959035190064316923e-01 1.144427097383766273e-01 5.861341830382701401e-01 3.519588216921624470e-03
3.152527332565595586e-01 1.077168083156959250e-01 5.737141268148344686e-01 3.316331612910178393e-03
3.286872418971455434e-01 9.870441198830720575e-02 5.690109783143980637e-01 3.597367800149576991e-03
3.326782043685735379e-01 9.034840567788053611e-02 5.725878516494389281e-01 4.385538304106392435e-03
3.350460620759298513e-01 8.464637673634958781e-02 5.747362984825773458e-01 5.571262705143418918e-03
3.455413100261471859e-01 8.148307272422081193e-02 5.662908621831944656e-01 6.684755066437481075e-03
3.657613575307970821e-01 7.932710690448874225e-02 5.479011238492886848e-01 7.010411715425513349e-03
3.886031927189699808e-01 7.718759502298960795e-02 5.277181321431624328e-01 6.491080114878095518e-03
4.048885676058063821e-01 7.592878187714156846e-02 5.133076873286930297e-01 5.874963188359042313e-03
4.123815691910223125e-01 7.658241718387202857e-02 5.054307436650889995e-01 5.605269960016649039e-03
4.153176430414513010e-01 7.879584510292662880e-02 5.002439330336684309e-01 5.642578821953224757e-03
4.206261473282580376e-01 8.100724939887586629e-02 4.925100329741421978e-01 5.856570298723919044e-03
4.356789765349843857e-01 8.133623695706727885e-02 4.767078062967526897e-01 6.276980211195527792e-03
4.642645405572062844e-01 7.770699445096646008e-02 4.510600646745726583e-01 6.968400317254670913e-03
5.030585436459357185e-01 6.910885983715858716e-02 4.199829437457490156e-01 7.849652771156612890e-03
5.415337217389384339e-01 5.779934688630457978e-02 3.917028313062638767e-01 8.964100068493083620e-03
5.705560427292265535e-01 4.699362068927046693e-02 3.720068534939744431e-01 1.044348308752830572e-02
5.902789739016230941e-01 3.784503952590421300e-02 3.597464429547916898e-01 1.212954361768058160e-02
6.060812640460989664e-01 3.048012420383448134e-02 3.497565279649295089e-01 1.368208378513683342e-02
6.219104768320612431e-01 2.448066326613831944e-02 3.387354018704626379e-01 1.487345803133780300e-02
6.368780730792769074e-01 2.156890692752293573e-02 3.255898927850533475e-01 1.596312720814701061e-02
6.541627371114030476e-01 2.083788142796009352e-02 3.080627432283628564e-01 1.693663823227400944e-02
6.745953802710140668e-01 2.245205208018986182e-02 2.850787148610842703e-01 1.787385278771184624e-02
6.936153879403570421e-01 2.672565127651188588e-02 2.606033147863172639e-01 1.905564599681398852e-02
7.072090966741252371e-01 3.330447144554680994e-02 2.388616488353119405e-01 2.062478304501597082e-02
7.135738793406872782e-01 4.079978125977866410e-02 2.228334438745842305e-01 2.279289552494994514e-02
7.129674876441192133e-01 4.673940709405970118e-02 2.145964076397109954e-01 2.569669762210997910e-02
7.072634074516251923e-01 4.858481953139693471e-02 2.150124332130233240e-01 2.913933980395460796e-02
6.980418880038112839e-01 4.585325347335572621e-02 2.235140333422118708e-01 3.259082518062138972e-02
6.864907568559928119e-01 4.040016366310483775e-02 2.379587777833393480e-01 3.515030169756323125e-02
6.744416861361024473e-01 3.415359839858619212e-02 2.555274263447830929e-01 3.587728912052827457e-02
6.630344722313296080e-01 2.821826877093742622e-02 2.741838295803495362e-01 3.456342941738359265e-02
6.520836349462659776e-01 2.330888270310983029e-02 2.924346894826311272e-01 3.217279286799341192e-02
6.391135174171508337e-01 1.991999005511173662e-02 3.103256713046166904e-01 3.064082122312091969e-02
6.243679533240958923e-01 1.822113418856884798e-02 3.265573168803618254e-01 3.085359560697370496e-02
6.219840471065020138e-01 1.752052976762457498e-02 3.307272178781585636e-01 2.976820524771499332e-02
6.402225158048739928e-01 1.727395840261602630e-02 3.164101542244411314e-01 2.609337156806871422e-02
6.764068268424043850e-01 1.700936038557678692e-02 2.853164635201169141e-01 2.126734925190225042e-02
7.261724498072913425e-01 1.620419118459994964e-02 2.413351628052742004e-01 1.628819620283452480e-02
7.822852897713317155e-01 1.495046518290732082e-02 1.908868848489071179e-01 1.187736019685392032e-02
8.361222038037384729e-01 1.372955953024499777e-02 1.417569591492239822e-01 8.391277516792486346e-03
8.792620573941813955e-01 1.291215665495421515e-02 1.018868383028293245e-01 5.938947648034924309e-03
9.075829655771044946e-01 1.265564757256020662e-02 7.531363274090262239e-02 4.447754109432752734e-03
9.215419491820365794e-01 1.301986131349062124e-02 6.168291812280633779e-02 3.755271381666193571e-03
9.231855853886986596e-01 1.401194529277959705e-02 5.911934621230171411e-02 3.683123106220012339e-03
9.137403492295933516e-01 1.576239691308655572e-02 6.639946753138967206e-02 4.097786325930667835e-03
8.944552973198969248e-01 1.855900490342365580e-02 8.208208767566713138e-02 4.903610101012233387e-03
8.714507511754128188e-01 2.257460494067962259e-02 1.001199845048327541e-01 5.854659379074991787e-03
8.552926751083432810e-01 2.810297193496101922e-02 1.100597622522287433e-01 6.544590704466959029e-03
8.514688086935340294e-01 3.551696826088239500e-02 1.063749387794775264e-01 6.639284266105760328e-03
8.511680654328713791e-01 4.648013299538220761e-02 9.576345198973816586e-02 6.588349582008192797e-03
8.437675535467907828e-01 6.297537493407887044e-02 8.636270531371360859e-02 6.894366205416931591e-03
8.271250160161462972e-01 8.522030772641218943e-02 8.016478442512309233e-02 7.489891832318511244e-03
8.036664875598964475e-01 1.121304523928695757e-01 7.615207462799422622e-02 8.050985419239892887e-03
7.756146476830058090e-01 1.419489685005288493e-01 7.402639343845736353e-02 8.409990378007794337e-03
7.464724695072296745e-01 1.713240375842569885e-01 7.372826227793871645e-02 8.475230630574925872e-03
7.212119094221969284e-01 1.967329710864354486e-01 7.397625077138664240e-02 8.078868719980881671e-03
7.048712199812646739e-01 2.150530985533327388e-01 7.288024624485849035e-02 7.195435220544251290e-03
7.041175543705280315e-01 2.213910660333500702e-01 6.855138328101857692e-02 5.939996315103216427e-03
7.225592367204536348e-01 2.134119451101464116e-01 5.954991814394349631e-02 4.478900025456564009e-03
7.557489366633335370e-01 1.946240629303024605e-01 4.664239375410570571e-02 2.984606652258254677e-03
7.940815081974227363e-01 1.704558956225582789e-01 3.371785419811337142e-02 1.744741981905648109e-03
8.256935888934641143e-01 1.489313968279205591e-01 2.440632896917102265e-02 9.686853094441575263e-04
8.431335060502591627e-01 1.369250587016677401e-01 1.936835863570463001e-02 5.730766123684754264e-04
8.459300546720004421e-01 1.359226780950634483e-01 1.774636953301986231e-02 4.008976999162786829e-04
8.377304378312516731e-01 1.432085618051266995e-01 1.870949576219764834e-02 3.515046014237412542e-04
8.237669199401995712e-01 1.542703342118426357e-01 2.158060093556156758e-02 3.821449123965706823e-04
8.083519679484044707e-01 1.653601031125945531e-01 2.579744743946778968e-02 4.904814995331756430e-04
7.952318460203775530e-01 1.735249501391228077e-01 3.055726568314477351e-02 6.859381573548655516e-04
7.876975267328062413e-01 1.767389234227498274e-01 3.460290487255816144e-02 9.606449718859176373e-04
7.860869135548476105e-01 1.753299411867917101e-01 3.727466263952965847e-02 1.308482618830800106e-03
7.887679257930532151e-01 1.706711526432952430e-01 3.882585659573819376e-02 1.735064967913487561e-03
7.945011048608480175e-01 1.638582742515319046e-01 3.946581494954944092e-02 2.174805938070934006e-03
8.004745728890519940e-01 1.571943987517707420e-01 3.982586965671019996e-02 2.505158702467227133e-03
8.022016620405659770e-01 1.534397206528076152e-01 4.162520229565624952e-02 2.733415010969859893e-03
7.986512883651301076e-01 1.516425378880825736e-01 4.667024684962766540e-02 3.035926897159831658e-03
7.932590283581176793e-01 1.475699987943015212e-01 5.562056565766127642e-02 3.550407189919433694e-03
7.868364947635511086e-01 1.403958714319381573e-01 6.842725910954725044e-02 4.340374694963372582e-03
7.773172990116562486e-01 1.335540478901575678e-01 8.377480970845271879e-02 5.353843389733079633e-03
7.654100911276240371e-01 1.300375377342848082e-01 9.820588136704527793e-02 6.346489771045931393e-03
7.556126399068272548e-01 1.288467314925270391e-01 1.085127508436855986e-01 7.027877756960146556e-03
7.460969942573285607e-01 1.317329400413283225e-01 1.148289635579106405e-01 7.341102143432594318e-03
7.351963344464718109e-01 1.391666292761499779e-01 1.183042093599666889e-01 7.332826917411511096e-03
7.164962452219928446e-01 1.557520346816434476e-01 1.205154084228193950e-01 7.236311673544412564e-03
6.822157217169856347e-01 1.876034942801459993e-01 1.228664736007745867e-01 7.314310402093804515e-03
6.347367465318556334e-01 2.334567672873820166e-01 1.242734520168346374e-01 7.533034163927452426e-03
5.779408845991053090e-01 2.913089450131012836e-01 1.230500939727113552e-01 7.700076415081886540e-03
5.164936691402165492e-01 3.559656262619968481e-01 1.197013096583612601e-01 7.839394939425283620e-03
4.583336825448338092e-01 4.188326523908623145e-01 1.147453443185179195e-01 8.088320745786352350e-03
