6.474919569659292051e-01 3.412194201141590111e-01 9.373570619648252319e-03 1.915052300263554025e-03
8.308596742739429719e-02 6.025112687499963871e-01 3.019545919300018477e-01 1.244817189260754610e-02
6.557345604073783196e-02 5.824311013807774717e-01 3.420572509554460350e-01 9.938191623038624897e-03
5.399157761618845336e-02 5.509415900517795617e-01 3.866484660881507884e-01 8.418366243881434188e-03
4.699142876698411686e-02 5.131194725619402375e-01 4.322966223202360792e-01 7.592476350839806772e-03
4.343338035478785941e-02 4.759628453914026003e-01 4.732963504306084146e-01 7.307423823201192499e-03
4.256965341879467846e-02 4.459842295570092263e-01 5.038901031199339853e-01 7.556013904262088264e-03
4.386185795967905560e-02 4.271343715894792004e-01 5.205848674303293899e-01 8.418903020512576163e-03
4.673371873747293737e-02 4.195319232691662736e-01 5.237477001669315069e-01 9.986657826429276921e-03
5.034453328590593468e-02 4.189494997024268419e-01 5.183336311872692725e-01 1.237233582439789190e-02
5.362364765822089790e-02 4.174642460281034473e-01 5.130963765688183464e-01 1.581572974485683999e-02
5.553914126140151175e-02 4.058360453185116956e-01 5.183061791901136806e-01 2.031863422997310167e-02
5.546039115128312963e-02 3.788721765209940862e-01 5.401890048314913484e-01 2.547842749623112357e-02
5.347627076319237671e-02 3.406346963377201442e-01 5.756276550564399797e-01 3.026137784264767289e-02
5.067918280145472520e-02 2.998902194917764663e-01 6.158620386817440506e-01 3.356855902502468847e-02
4.814194203032588770e-02 2.616630741844656050e-01 6.554166294697844064e-01 3.477835431542405931e-02
4.583653485779223824e-02 2.256956698400481576e-01 6.949142598271864646e-01 3.355353547497322980e-02
4.308392788573825460e-02 1.914903797415114239e-01 7.355672444910762442e-01 2.985844788167404951e-02
3.948220705747361448e-02 1.603939412471484249e-01 7.756504966421702285e-01 2.447335505320771126e-02
3.530381364414078571e-02 1.340920638936996812e-01 8.120169880250415195e-01 1.858713443711790952e-02
3.123025652414038872e-02 1.133066605440404967e-01 8.421578833801951491e-01 1.330519955162377983e-02
2.768448689345626157e-02 9.757960006850495416e-02 8.654620857410956214e-01 9.273827296943157675e-03
2.459592637388537464e-02 8.497227337288627835e-02 8.839359446531083186e-01 6.495855600119880904e-03
2.153054281558606370e-02 7.267275023220676200e-02 9.011830214190784671e-01 4.613685533128802571e-03
1.816885130182087360e-02 5.919849773745614052e-02 9.193341299436158520e-01 3.298521017107315569e-03
1.490194956123676306e-02 4.659804772661188532e-02 9.360465984850186993e-01 2.453404227132696940e-03
1.263597071344225650e-02 3.880086389190982865e-02 9.464930463326788335e-01 2.070119061968993344e-03
1.181278877386418048e-02 3.794439788554890974e-02 9.481661823882846507e-01 2.076630952302152382e-03
1.230507776096653912e-02 4.521370478755161459e-02 9.400455287244915414e-01 2.435688726990058953e-03
1.376232364796190107e-02 6.258511713517689312e-02 9.205003096548264319e-01 3.152249562034415298e-03
1.590256166283252059e-02 9.348805704365563407e-02 8.862786337701986650e-01 4.330747523312939232e-03
1.856803971588957478e-02 1.417062786065639846e-01 8.335188570284092213e-01 6.206824649137125671e-03
2.153942508305435946e-02 2.076575872851940952e-01 7.617776964943988594e-01 9.025291137352862980e-03
2.434498917314434352e-02 2.811775199856496044e-01 6.816995336349600532e-01 1.277795720624620365e-02
2.654419159715513260e-02 3.385722051809529343e-01 6.173600737000342065e-01 1.752352952185778565e-02
2.830479665630772704e-02 3.560108386117821211e-01 5.912734446791996223e-01 2.441092005271040116e-02
2.990503744546074011e-02 3.287718313464996767e-01 6.058182991591697375e-01 3.550483204886981797e-02
3.095993772533483027e-02 2.759326934980709800e-01 6.402914313236335309e-01 5.281593745296094683e-02
3.107795324953289626e-02 2.230901117087298602e-01 6.680147137975271932e-01 7.781722124421008857e-02
3.044125160603525573e-02 1.847616443959995414e-01 6.741380651169566196e-01 1.106590388810088227e-01
2.959548729772823114e-02 1.635096906266051142e-01 6.593768381742947104e-01 1.475179839013718019e-01
2.914574957625309243e-02 1.545865481086272364e-01 6.334569798839541077e-01 1.828107224311659729e-01
2.930409353423916313e-02 1.524394299115847118e-01 6.038338961326410459e-01 2.144225804215351139e-01
3.013680717074233503e-02 1.557789350556589569e-01 5.737210784892283755e-01 2.403631792843703707e-01
3.193426873814846079e-02 1.666121615903051190e-01 5.454086416612407007e-01 2.560449280103058167e-01
3.516896949708108594e-02 1.870917162378119558e-01 5.205490150567260166e-01 2.571902992083813233e-01
4.039008341923215617e-02 2.184770465285053587e-01 4.962622052491558189e-01 2.448706648031063748e-01
4.844107614181489274e-02 2.607312339016712444e-01 4.666766341985692512e-01 2.241510557579445839e-01
6.027850992745954067e-02 3.118827902376492545e-01 4.271792068332002090e-01 2.006594930016911138e-01
7.482516291266876063e-02 3.683107894498187651e-01 3.784352171857268132e-01 1.784288304517860357e-01
8.874445446654162517e-02 4.294567223193785366e-01 3.247252309580618834e-01 1.570735922560179965e-01
9.903192221732863565e-02 4.958371602285275848e-01 2.702325138911875202e-01 1.348984036629563288e-01
1.053859247080509709e-01 5.639918194334233581e-01 2.187514019324659775e-01 1.118708539260596518e-01
1.094197557876384758e-01 6.286621139010789561e-01 1.724725972914433747e-01 8.944553301983911020e-02
1.119377650078738629e-01 6.869000392302783142e-01 1.324582528778294188e-01 6.870394288401870941e-02
1.125355569013472418e-01 7.364013666218276466e-01 1.003438767342986898e-01 5.071919974252617203e-02
1.105273443653870674e-01 7.764090961833870486e-01 7.680388147510965047e-02 3.625967797611615029e-02
1.059673854321948883e-01 8.075278670742779275e-01 6.105644998033375737e-02 2.544829751319362815e-02
9.952279362065710733e-02 8.313789313240418366e-01 5.138049506506153774e-02 1.771777999023961200e-02
9.079465006382723968e-02 8.512035418219131566e-01 4.577301315596741388e-02 1.222879495829203890e-02
7.986713360875016821e-02 8.683961086730405121e-01 4.319691250499253787e-02 8.539845213217033340e-03
6.995738151812766481e-02 8.803314894452950456e-01 4.352704825253853049e-02 6.184080784038925582e-03
6.391917148401460302e-02 8.845906700059226191e-01 4.683248298400008447e-02 4.657675526062901583e-03
6.130245064571278324e-02 8.828160869154215717e-01 5.222327756601694015e-02 3.658184872848913027e-03
6.147507874258155425e-02 8.777918615801799662e-01 5.771593564893654632e-02 3.017124028301838238e-03
6.549830948198127889e-02 8.697082178456183588e-01 6.210543694677540111e-02 2.688035725624734421e-03
7.438339693962948973e-02 8.587507573522904503e-01 6.428950656292693744e-02 2.576339145153326831e-03
8.700644502607790542e-02 8.486441039286084509e-01 6.185618276252398406e-02 2.493268282789592397e-03
1.001984431215953569e-01 8.442042471522566149e-01 5.334646740016857347e-02 2.250842325979586500e-03
1.126239051177382322e-01 8.438130686807456815e-01 4.169503943172354898e-02 1.867986769792648327e-03
1.265425828331083191e-01 8.405573778380931449e-01 3.139410796575367590e-02 1.505931363044797850e-03
1.431353541202741719e-01 8.313246738284543191e-01 2.428868956687086494e-02 1.251282484400759133e-03
3.314346435090495535e-01 5.271387109010839955e-01 1.378482277770745057e-01 3.578417812791921410e-03
6.357612470115697745e-01 2.215311040293287473e-02 3.405162764246957852e-01 1.569366160801558907e-03
6.203862332309305616e-01 1.680405262135074504e-02 3.605614185429921736e-01 2.248295604726393507e-03
5.873493700503576997e-01 1.485401809931304919e-02 3.944976646060471270e-01 3.298947244282011710e-03
5.420940411417268789e-01 1.477625177296715622e-02 4.382895881023739504e-01 4.840118982931894756e-03
4.930528160013394889e-01 1.622100729037076125e-02 4.836377769169655783e-01 7.088399791324076146e-03
4.526631042021050932e-01 1.998088711505126638e-02 5.169646433233843208e-01 1.039136535945964744e-02
4.266853363161998147e-01 2.588448294343190584e-02 5.321191721650463391e-01 1.531100857532198892e-02
4.207358604082349629e-01 3.600843438398027702e-02 5.207667268137533556e-01 2.248897839403127957e-02
4.301412762689190150e-01 5.263801785595507987e-02 4.850412867800437677e-01 3.217941909508189452e-02
4.420138196785932116e-01 7.897442503800619629e-02 4.350414695976200230e-01 4.397028568578039559e-02
4.479222571239235839e-01 1.174969567817435168e-01 3.785686753842808505e-01 5.601211071005238185e-02
4.498203505689032378e-01 1.665623269703431775e-01 3.184956353002355023e-01 6.512168716051809636e-02
4.462562757598189100e-01 2.230767797422689713e-01 2.601137949255752924e-01 7.055314957233681239e-02
4.362344724762182158e-01 2.815986229302741006e-01 2.093060713328766809e-01 7.286083326063089172e-02
4.274684898306575498e-01 3.323757870512713541e-01 1.683092109009771131e-01 7.184651221709388580e-02
4.258810783382053211e-01 3.705244552280825832e-01 1.367593962448914457e-01 6.683507018882074713e-02
4.360907501516746998e-01 3.951385920080187075e-01 1.100669448529860150e-01 5.870371298732043885e-02
4.508608654162808427e-01 4.118285519893614688e-01 8.762104316007610083e-02 4.968953943428155995e-02
4.684791110171178663e-01 4.224572338014219719e-01 6.802728666824651993e-02 4.103636851321344065e-02
4.837796044609231072e-01 4.323925853693085242e-01 5.124100702257504414e-02 3.258680314719340776e-02
4.969533750240803793e-01 4.410490137593021664e-01 3.715748599061003549e-02 2.484012522600741874e-02
5.084133259414976846e-01 4.470562459568522273e-01 2.639751297953859405e-02 1.813291512211140377e-02
5.236189662528921707e-01 4.446980721577550866e-01 1.898516825038482417e-02 1.269779333896807472e-02
5.537996585903754987e-01 4.231880690575617887e-01 1.446820962176573362e-02 8.544062730296968569e-03
6.093604108127692598e-01 3.729153991047730599e-01 1.220656226419210982e-02 5.517627818265665070e-03
6.827933729802205809e-01 3.020241152164961362e-01 1.163958207007854267e-02 3.542929733204727184e-03
7.539573681952927986e-01 2.310193645524242501e-01 1.252274567030681358e-02 2.500521581976160746e-03
8.151659865570599628e-01 1.683978601657490637e-01 1.444342535260034407e-02 1.992727924590646793e-03
8.647043047971408880e-01 1.167635842279824421e-01 1.680661795435875808e-02 1.725493020517542128e-03
9.000256467413513262e-01 7.957170063419925776e-02 1.880949620323190546e-02 1.593156421217481987e-03
9.206173526683479880e-01 5.730078929142114891e-02 2.048141458514130334e-02 1.600443455089591667e-03
9.354194553765421416e-01 4.146558968590178390e-02 2.138487548872320884e-02 1.730079448832893196e-03
9.418326168659293396e-01 3.389494191303982218e-02 2.232670784160109903e-02 1.945733379429788858e-03
9.447251205561113530e-01 2.852783725143350282e-02 2.454979974978463084e-02 2.197242442670561523e-03
9.414834391322591811e-01 2.649397462146334606e-02 2.949713307663775000e-02 2.525453169639759257e-03
9.289843297059237059e-01 2.832194609313089598e-02 3.964017115129339630e-02 3.053553049651924148e-03
9.036664762026830333e-01 3.549354350225945864e-02 5.690539944270331385e-02 3.934580852353995566e-03
8.641489365018122371e-01 5.143408436774851711e-02 7.916239314705215968e-02 5.254585983387136464e-03
8.120248924764494891e-01 8.194944457662324544e-02 9.890529415375722000e-02 7.120368793169838152e-03
7.461205128333119330e-01 1.380235922839774532e-01 1.065514597113843831e-01 9.304435171326090256e-03
6.732708220756398187e-01 2.157182089734455688e-01 9.982593663792468930e-02 1.118503231298991797e-02
5.975583057374839191e-01 3.055684047068231157e-01 8.483451121588653221e-02 1.203877833980660991e-02
5.281496093024252714e-01 3.936049735018053441e-01 6.702893416986260844e-02 1.121648302590662685e-02
4.643587879295544840e-01 4.764398571813442396e-01 5.018648517962649713e-02 9.014869709474682136e-03
4.003646726386870802e-01 5.563690556410724186e-01 3.673426382703642162e-02 6.532007893203903466e-03
3.308683672937619002e-01 6.364633707249327532e-01 2.807982893131225413e-02 4.588433049993283219e-03
2.662093240419547979e-01 7.065010100630547685e-01 2.391582826125899022e-02 3.373837633731491085e-03
2.168119958609502906e-01 7.558268704043932251e-01 2.444861645599911287e-02 2.912517278657195726e-03
1.860761338691172551e-01 7.805566298594946995e-01 3.021782119194981950e-02 3.149415079438387319e-03
1.704197885422894243e-01 7.839607707425505501e-01 4.159230499813237891e-02 4.027135717027547843e-03
1.658498106840985142e-01 7.730148910222471859e-01 5.598378952838727052e-02 5.151508765267243627e-03
1.707358863850537978e-01 7.551207930547653158e-01 6.843480421270962955e-02 5.708516347470884815e-03
1.845594566332884323e-01 7.339439645284573377e-01 7.601933999164303679e-02 5.477238846611142895e-03
2.007450735835854816e-01 7.150845773996704624e-01 7.924551913073443754e-02 4.924829886009525655e-03
2.065612179518327152e-01 7.107085007222869733e-01 7.837524163851605774e-02 4.355039687364090778e-03
1.961556975512339929e-01 7.264864090797139573e-01 7.360912480927732371e-02 3.748768559775063954e-03
1.769111440914449551e-01 7.522485987707177024e-01 6.768306437756355098e-02 3.157192760274043011e-03
1.614593117747800677e-01 7.707292257207905006e-01 6.500612832635639660e-02 2.805334178073094504e-03
1.584696480743640334e-01 7.706966808122771573e-01 6.799619599042394658e-02 2.837475122934672751e-03
1.700662533824624512e-01 7.512410139137335463e-01 7.548639361784355295e-02 3.206339085960471704e-03
1.938213634453805623e-01 7.174468540786462789e-01 8.488073947131907770e-02 3.851043004653913714e-03
2.244763043834226979e-01 6.767154179725153318e-01 9.400879554683566619e-02 4.799482097226363125e-03
2.573549011809969089e-01 6.351794066136438044e-01 1.014980958855994098e-01 5.967596319759990546e-03
2.930469227119213982e-01 5.914979790278268590e-01 1.081722758887988384e-01 7.282822371452859350e-03
3.360084625006753978e-01 5.397454819491374067e-01 1.153114803296965973e-01 8.934575220490601627e-03
3.843082415070654401e-01 4.795584717287450505e-01 1.245583219209090153e-01 1.157496484328076822e-02
4.202882164073279414e-01 4.222621065497093040e-01 1.406035695669843877e-01 1.684610747597854383e-02
4.313315646049458163e-01 3.776131578299588565e-01 1.646649903960383521e-01 2.639028716905731514e-02
4.176463499172889948e-01 3.510833541334376084e-01 1.915998513102165901e-01 3.967044463905675111e-02
3.950041092548791655e-01 3.342691421241424377e-01 2.172473435895015681e-01 5.347940503147693286e-02
3.737546517276570945e-01 3.203392599369919158e-01 2.412757750300285053e-01 6.463031330532260921e-02
8.380643233045363683e-02 5.853619991540461864e-01 7.563529088267362255e-02 2.551962776328266513e-01
1.223947934639691348e-03 2.571467972034279653e-02 8.909723703352120938e-03 9.641516486416654708e-01
1.076524104646489318e-03 2.170115005211450954e-02 7.862426528347534610e-03 9.693598993148915266e-01
9.168152231793874835e-04 1.693965796281372491e-02 6.623964472450716116e-03 9.755195623415561235e-01
7.940483818799659067e-04 1.283605837174306256e-02 5.548825648357927527e-03 9.808210675980190141e-01
7.191171578411416528e-04 9.894113644294712587e-03 4.749618630296140523e-03 9.846371505675679536e-01
6.707049490599981730e-04 7.806360280772746234e-03 4.132781757497930135e-03 9.873901530126693027e-01
6.208020940682712355e-04 6.092667754030898011e-03 3.551631074008635130e-03 9.897348990778921385e-01
5.541985697141792568e-04 4.493570989457225905e-03 2.919728444873761000e-03 9.920325019959546076e-01
4.756220409571295955e-04 3.053808232654915602e-03 2.267627482907074929e-03 9.942029422434810471e-01
4.013489390863071368e-04 1.946519484139155485e-03 1.707383431923467729e-03 9.959447481448511219e-01
3.447472635472336355e-04 1.233582662634264727e-03 1.315075872397679672e-03 9.971065942014206707e-01
2.382868474468762722e-06 3.186743562658920658e-06 3.368125714795627247e-06 9.999910622622480982e-01
1.832746837528288531e-06 2.293303293894924728e-06 2.536645753034129756e-06 9.999933373041155482e-01
1.864166183558001927e-06 2.198229734229205897e-06 2.521801976804174044e-06 9.999934158021054342e-01
2.468552407294943869e-06 2.769239807729047797e-06 3.269856030659789727e-06 9.999914923517542187e-01
4.535117140559447187e-04 5.878950301766453163e-04 1.609779594282332747e-03 9.973488136614849786e-01
5.610999716975057861e-04 7.053725098326714231e-04 2.244869979169118648e-03 9.964886575393009371e-01
7.016173522192134049e-04 8.994957999496188544e-04 3.251576349182798940e-03 9.951473104986483520e-01
8.790674133157869554e-04 1.190810589171858698e-03 4.774182673613047365e-03 9.931559393238993394e-01
1.100969207786546902e-03 1.618580870010133052e-03 7.055855248997949629e-03 9.902245946732055604e-01
1.390681605660517997e-03 2.262751071659079623e-03 1.053097043726318981e-02 9.858155968854172002e-01
2.328373157852630607e-03 4.148310420418078494e-03 1.552297595844206665e-02 9.780003404632870989e-01
3.051508976904669223e-03 5.998948060666189561e-03 2.326918823052497032e-02 9.676803547319040577e-01
3.982780941829210976e-03 8.548808391094503759e-03 3.410621269602985561e-02 9.533621979710467098e-01
5.102648810814877471e-03 1.185321834615526634e-02 4.822888158401625325e-02 9.348152512590138796e-01
6.386841053778400876e-03 1.594253339323935259e-02 6.532987383437388607e-02 9.123407517186085114e-01
7.778394091012777282e-03 2.073696817323973651e-02 8.391966727144545279e-02 8.875649704643017168e-01
9.078708404203153157e-03 2.576841989600724137e-02 1.006911081737136004e-01 8.644617635260758437e-01
9.956377739510713712e-03 3.007520600556961091e-02 1.119532360562542073e-01 8.480151801986653970e-01
1.021254795859218717e-02 3.281315832677553224e-02 1.161021794475936009e-01 8.408721142670387838e-01
9.961599873507080705e-03 3.387739964305853946e-02 1.139856403677654145e-01 8.421753601156691804e-01
9.423603654749587027e-03 3.355688245213146736e-02 1.071905815252865019e-01 8.498289323678324125e-01
8.649977962708957357e-03 3.191176512729423931e-02 9.653281293951145037e-02 8.629054439704854085e-01
7.662766044427256687e-03 2.902188918364577430e-02 8.283668859098865245e-02 8.804786561809382350e-01
6.514767854472621432e-03 2.501988174916170912e-02 6.724208256327672550e-02 9.012232678330893698e-01
5.238186906034516220e-03 2.007055052726901268e-02 5.088098617801886658e-02 9.238102763886775204e-01
3.947261165733868121e-03 1.479242729829581202e-02 3.537479328244243215e-02 9.458855182535280681e-01
2.858415621488956653e-03 1.026311218319991142e-02 2.294205955741939612e-02 9.639364126378918707e-01
2.070074317800620328e-03 7.023585953226649248e-03 1.450795831812667740e-02 9.763983814108461168e-01
1.524906460234185966e-03 4.860918674336998230e-03 9.249982010293639548e-03 9.843641928551353226e-01
8.711907197027556017e-04 2.870465915490188428e-03 6.318062027744691250e-03 9.899402813370624665e-01
6.769890719958150367e-04 2.080449763256562827e-03 4.257534111431156287e-03 9.929850270533164824e-01
5.376687928190525311e-04 1.548174052532144684e-03 2.971139590173815879e-03 9.949430175644750074e-01
4.503752671850066330e-04 1.227053336749607234e-03 2.210977590133055525e-03 9.961115938059325048e-01
4.170535431291087650e-04 1.087636140222324101e-03 1.832760984885975410e-03 9.966625493317626816e-01
4.377973326050601621e-04 1.098645747454537374e-03 1.720299109825214898e-03 9.967432578101151908e-01
5.156934169145651649e-04 1.231948981796699566e-03 1.784141854964474373e-03 9.964682157463242707e-01
6.698931802196955764e-04 1.482002424280326643e-03 1.997398444665724002e-03 9.958507059508342474e-01
9.455041682557268484e-04 1.866367086434868013e-03 2.384561415867010419e-03 9.948035673294424175e-01
1.464056091255183352e-03 2.471410021965451866e-03 3.062199935777930662e-03 9.930023339510015701e-01
2.637372555207735930e-03 3.623173656923440490e-03 4.436018613839742830e-03 9.893034351740291887e-01
6.655983226403724626e-03 6.613526856632252759e-03 6.943811782582610080e-03 9.797866781343815834e-01
1.534274648308560363e-02 1.184207609218217855e-02 1.244273584526456311e-02 9.603724415794672176e-01
3.436507901157821732e-02 2.047450411417913591e-02 2.159652990826381805e-02 9.235638869659785755e-01
6.895495566143342026e-02 3.191220652510641520e-02 3.421332548988492706e-02 8.649195123235751126e-01
1.199250985212081816e-01 4.388339479477732646e-02 4.861326098690711001e-02 7.875782456971072154e-01
1.786850131266725372e-01 5.385102382062717519e-02 6.269904235825858596e-02 7.047649206944417433e-01
2.292247075611321683e-01 6.072026715104612143e-02 7.534244371742396251e-02 6.347125815703978935e-01
2.579654184044781751e-01 6.525297280668682087e-02 8.693006625785718033e-02 5.898515425309776017e-01
2.622499962936192253e-01 6.927964912936329656e-02 9.854516051899064877e-02 5.699251940580271070e-01
2.483870640387830508e-01 7.429489933700549054e-02 1.110624616558975042e-01 5.662555749683138018e-01
2.246556251582850772e-01 8.060225228425881017e-02 1.243820695923343461e-01 5.703600529651217110e-01
2.001714530510467771e-01 8.788195101203395698e-02 1.371982016831540252e-01 5.747483942537656709e-01
1.794955265006748790e-01 9.598787444798981272e-02 1.484205690201924610e-01 5.760960300311425142e-01
1.615773946599297073e-01 1.048654809470110777e-01 1.572010799323214081e-01 5.763560444607376265e-01
1.449428741516396169e-01 1.132064884681273087e-01 1.631096140864639610e-01 5.787410232937687526e-01
1.301430982611256615e-01 1.216664574137980293e-01 1.646227751919883964e-01 5.835676691330876631e-01
1.176001047104080488e-01 1.294907213425633419e-01 1.628909621395790153e-01 5.900182118074495108e-01
1.069623015728324300e-01 1.342109902845944891e-01 1.605062336476146545e-01 5.983204744949588427e-01
9.692428364691826892e-02 1.364735670996528871e-01 1.573937156534668258e-01 6.092084335999619071e-01
8.773572542773752647e-02 1.365391375276818198e-01 1.539440659437666670e-01 6.217810711008139313e-01
1.223947934639691348e-03 2.571467972034279653e-02 8.909723703352120938e-03 9.641516486416654708e-01
1.076524104646489318e-03 2.170115005211450954e-02 7.862426528347534610e-03 9.693598993148915266e-01
9.168152231793874835e-04 1.693965796281372491e-02 6.623964472450716116e-03 9.755195623415561235e-01
7.940483818799659067e-04 1.283605837174306256e-02 5.548825648357927527e-03 9.808210675980190141e-01
7.191171578411416528e-04 9.894113644294712587e-03 4.749618630296140523e-03 9.846371505675679536e-01
6.707049490599981730e-04 7.806360280772746234e-03 4.132781757497930135e-03 9.873901530126693027e-01
6.208020940682712355e-04 6.092667754030898011e-03 3.551631074008635130e-03 9.897348990778921385e-01
5.541985697141792568e-04 4.493570989457225905e-03 2.919728444873761000e-03 9.920325019959546076e-01
4.756220409571295955e-04 3.053808232654915602e-03 2.267627482907074929e-03 9.942029422434810471e-01
4.013489390863071368e-04 1.946519484139155485e-03 1.707383431923467729e-03 9.959447481448511219e-01
3.447472635472336355e-04 1.233582662634264727e-03 1.315075872397679672e-03 9.971065942014206707e-01
2.382868474468762722e-06 3.186743562658920658e-06 3.368125714795627247e-06 9.999910622622480982e-01
1.832746837528288531e-06 2.293303293894924728e-06 2.536645753034129756e-06 9.999933373041155482e-01
1.864166183558001927e-06 2.198229734229205897e-06 2.521801976804174044e-06 9.999934158021054342e-01
2.468552407294943869e-06 2.769239807729047797e-06 3.269856030659789727e-06 9.999914923517542187e-01
4.535117140559447187e-04 5.878950301766453163e-04 1.609779594282332747e-03 9.973488136614849786e-01
5.610999716975057861e-04 7.053725098326714231e-04 2.244869979169118648e-03 9.964886575393009371e-01
7.016173522192134049e-04 8.994957999496188544e-04 3.251576349182798940e-03 9.951473104986483520e-01
8.790674133157869554e-04 1.190810589171858698e-03 4.774182673613047365e-03 9.931559393238993394e-01
1.100969207786546902e-03 1.618580870010133052e-03 7.055855248997949629e-03 9.902245946732055604e-01
1.390681605660517997e-03 2.262751071659079623e-03 1.053097043726318981e-02 9.858155968854172002e-01
2.328373157852630607e-03 4.148310420418078494e-03 1.552297595844206665e-02 9.780003404632870989e-01
3.051508976904669223e-03 5.998948060666189561e-03 2.326918823052497032e-02 9.676803547319040577e-01
3.982780941829210976e-03 8.548808391094503759e-03 3.410621269602985561e-02 9.533621979710467098e-01
5.102648810814877471e-03 1.185321834615526634e-02 4.822888158401625325e-02 9.348152512590138796e-01
6.386841053778400876e-03 1.594253339323935259e-02 6.532987383437388607e-02 9.123407517186085114e-01
7.778394091012777282e-03 2.073696817323973651e-02 8.391966727144545279e-02 8.875649704643017168e-01
9.078708404203153157e-03 2.576841989600724137e-02 1.006911081737136004e-01 8.644617635260758437e-01
9.956377739510713712e-03 3.007520600556961091e-02 1.119532360562542073e-01 8.480151801986653970e-01
1.021254795859218717e-02 3.281315832677553224e-02 1.161021794475936009e-01 8.408721142670387838e-01
9.961599873507080705e-03 3.387739964305853946e-02 1.139856403677654145e-01 8.421753601156691804e-01
9.423603654749587027e-03 3.355688245213146736e-02 1.071905815252865019e-01 8.498289323678324125e-01
8.649977962708957357e-03 3.191176512729423931e-02 9.653281293951145037e-02 8.629054439704854085e-01
7.662766044427256687e-03 2.902188918364577430e-02 8.283668859098865245e-02 8.804786561809382350e-01
6.514767854472621432e-03 2.501988174916170912e-02 6.724208256327672550e-02 9.012232678330893698e-01
5.238186906034516220e-03 2.007055052726901268e-02 5.088098617801886658e-02 9.238102763886775204e-01
3.947261165733868121e-03 1.479242729829581202e-02 3.537479328244243215e-02 9.458855182535280681e-01
2.858415621488956653e-03 1.026311218319991142e-02 2.294205955741939612e-02 9.639364126378918707e-01
2.070074317800620328e-03 7.023585953226649248e-03 1.450795831812667740e-02 9.763983814108461168e-01
1.524906460234185966e-03 4.860918674336998230e-03 9.249982010293639548e-03 9.843641928551353226e-01
8.711907197027556017e-04 2.870465915490188428e-03 6.318062027744691250e-03 9.899402813370624665e-01
6.769890719958150367e-04 2.080449763256562827e-03 4.257534111431156287e-03 9.929850270533164824e-01
5.376687928190525311e-04 1.548174052532144684e-03 2.971139590173815879e-03 9.949430175644750074e-01
4.503752671850066330e-04 1.227053336749607234e-03 2.210977590133055525e-03 9.961115938059325048e-01
4.170535431291087650e-04 1.087636140222324101e-03 1.832760984885975410e-03 9.966625493317626816e-01
4.377973326050601621e-04 1.098645747454537374e-03 1.720299109825214898e-03 9.967432578101151908e-01
5.156934169145651649e-04 1.231948981796699566e-03 1.784141854964474373e-03 9.964682157463242707e-01
6.698931802196955764e-04 1.482002424280326643e-03 1.997398444665724002e-03 9.958507059508342474e-01
9.455041682557268484e-04 1.866367086434868013e-03 2.384561415867010419e-03 9.948035673294424175e-01
1.464056091255183352e-03 2.471410021965451866e-03 3.062199935777930662e-03 9.930023339510015701e-01
2.637372555207735930e-03 3.623173656923440490e-03 4.436018613839742830e-03 9.893034351740291887e-01
6.655983226403724626e-03 6.613526856632252759e-03 6.943811782582610080e-03 9.797866781343815834e-01
1.534274648308560363e-02 1.184207609218217855e-02 1.244273584526456311e-02 9.603724415794672176e-01
3.436507901157821732e-02 2.047450411417913591e-02 2.159652990826381805e-02 9.235638869659785755e-01
6.895495566143342026e-02 3.191220652510641520e-02 3.421332548988492706e-02 8.649195123235751126e-01
1.199250985212081816e-01 4.388339479477732646e-02 4.861326098690711001e-02 7.875782456971072154e-01
1.786850131266725372e-01 5.385102382062717519e-02 6.269904235825858596e-02 7.047649206944417433e-01
2.292247075611321683e-01 6.072026715104612143e-02 7.534244371742396251e-02 6.347125815703978935e-01
2.579654184044781751e-01 6.525297280668682087e-02 8.693006625785718033e-02 5.898515425309776017e-01
2.622499962936192253e-01 6.927964912936329656e-02 9.854516051899064877e-02 5.699251940580271070e-01
2.483870640387830508e-01 7.429489933700549054e-02 1.110624616558975042e-01 5.662555749683138018e-01
2.246556251582850772e-01 8.060225228425881017e-02 1.243820695923343461e-01 5.703600529651217110e-01
2.001714530510467771e-01 8.788195101203395698e-02 1.371982016831540252e-01 5.747483942537656709e-01
1.794955265006748790e-01 9.598787444798981272e-02 1.484205690201924610e-01 5.760960300311425142e-01
1.615773946599297073e-01 1.048654809470110777e-01 1.572010799323214081e-01 5.763560444607376265e-01
1.449428741516396169e-01 1.132064884681273087e-01 1.631096140864639610e-01 5.787410232937687526e-01
1.301430982611256615e-01 1.216664574137980293e-01 1.646227751919883964e-01 5.835676691330876631e-01
1.176001047104080488e-01 1.294907213425633419e-01 1.628909621395790153e-01 5.900182118074495108e-01
1.069623015728324300e-01 1.342109902845944891e-01 1.605062336476146545e-01 5.983204744949588427e-01
9.692428364691826892e-02 1.364735670996528871e-01 1.573937156534668258e-01 6.092084335999619071e-01
8.773572542773752647e-02 1.365391375276818198e-01 1.539440659437666670e-01 6.217810711008139313e-01
1.563811357030810700e-01 1.726405241361435583e-01 3.063812806009755252e-01 3.645970595597997632e-01
1.524900317490990032e-01 1.575986793982875611e-01 3.212455145104913257e-01 3.686657743421223876e-01
1.571120826715332319e-01 1.468506136398319284e-01 3.455518866749668905e-01 3.504854170136678659e-01
1.738592211150137568e-01 1.393352395335255567e-01 3.750875358449071162e-01 3.117180035065535981e-01
2.008722871620393646e-01 1.318265101491700453e-01 4.044241241308729196e-01 2.628770785579176428e-01
2.378642071637884770e-01 1.215075324179941962e-01 4.249600079972972733e-01 2.156682524209201923e-01
2.803296474123856963e-01 1.095243792999493065e-01 4.340806101965301589e-01 1.760653630911345191e-01
3.264610348015787866e-01 9.749264974102911374e-02 4.312242221250880414e-01 1.448220933323041415e-01
3.706890401315899863e-01 8.738538177425396458e-02 4.211769075843741494e-01 1.207486705097820801e-01
4.089416811616679026e-01 8.075625488975854416e-02 4.084950006981408199e-01 1.018070632504324835e-01
4.460118327294734231e-01 7.774011666857594260e-02 3.916952637079997857e-01 8.455278689395077929e-02
4.859628500391554584e-01 7.729761596326724382e-02 3.695139738113454309e-01 6.722556018623193630e-02
5.221051126146727395e-01 7.867248652521965924e-02 3.475097769566923289e-01 5.171262390341518911e-02
5.428895416751963188e-01 8.473820318185802669e-02 3.330198453388755753e-01 3.935240980406981559e-02
5.538443342056947882e-01 9.530490379108221000e-02 3.214377115273420737e-01 2.941305047588097660e-02
5.595852220063980420e-01 1.116838301009840106e-01 3.070973519098398330e-01 2.163359598277814905e-02
5.660990550764116724e-01 1.342380738488831160e-01 2.835511273098374474e-01 1.611174376486793069e-02
5.761175929756080505e-01 1.629394864005053456e-01 2.485131454832580078e-01 1.242977514062842612e-02
5.905713069749398691e-01 1.879120491379169533e-01 2.114322841224683669e-01 1.008435976467474300e-02
6.184470909643424719e-01 1.980849165294877035e-01 1.752947541192436953e-01 8.173238386925589863e-03
6.635392763015057760e-01 1.904592985320259224e-01 1.396242478707876156e-01 6.377177295680753685e-03
7.163308975355410224e-01 1.720874219764221558e-01 1.067480835412116941e-01 4.833596946825508521e-03
7.676248360898562106e-01 1.494276256878206977e-01 7.935260999971374685e-02 3.594928222609098528e-03
1.805028777526786754e-01 2.388404401872915861e-01 5.743641865070971964e-01 6.292495552932478829e-03
1.936159188136151454e-01 2.467745785816503334e-01 5.536236379614055680e-01 5.985864643328919245e-03
2.057684652704187822e-01 2.539431476010892696e-01 5.341048446132931060e-01 6.183542515198674726e-03
2.134307947332052813e-01 2.537881550665684327e-01 5.258844120043963954e-01 6.896638195829779550e-03
2.144841247386176375e-01 2.463644554030294531e-01 5.309415230512809503e-01 8.209896807071839428e-03
2.142153097205909407e-01 2.369103874316902947e-01 5.388469042951667953e-01 1.002739855255194330e-02
2.192501226418210325e-01 2.305839089429137789e-01 5.384157459880921648e-01 1.175022242717336379e-02
2.308662245286494386e-01 2.287822692337380115e-01 5.279594402577851842e-01 1.239206597982749590e-02
2.439278050209671145e-01 2.306227215016780074e-01 5.137166610351121543e-01 1.173281244224277063e-02
2.514303424564359735e-01 2.368878166956725206e-01 5.010324464494502195e-01 1.064939439844100715e-02
2.518294563347960313e-01 2.497282728501776516e-01 4.886699080292355446e-01 9.772362785790680503e-03
2.488320732051427508e-01 2.692870745406314437e-01 4.727280093783227111e-01 9.152842875903200240e-03
2.486325789045260026e-01 2.916957289368967143e-01 4.509411508721360984e-01 8.730541286441326904e-03
2.590210701864250620e-01 3.089657581449839485e-01 4.233754026048804908e-01 8.637769063710264497e-03
2.877905809120194780e-01 3.091912624192778014e-01 3.939810192336311578e-01 9.037137435071673774e-03
3.394327264834727798e-01 2.821657949551492628e-01 3.684818804796489156e-01 9.919598081729407921e-03
4.080770989417996097e-01 2.307447735107935050e-01 3.498363536652788208e-01 1.134177388212821540e-02
4.784804133928801106e-01 1.711309949330214464e-01 3.370533097741046924e-01 1.333528189999379915e-02
5.394090935437804157e-01 1.185767468588391355e-01 3.264905343426925399e-01 1.552362525468796786e-02
5.920321451834341664e-01 7.660054556351286736e-02 3.141050636624005410e-01 1.726224559065222056e-02
6.347967667046067186e-01 4.895595367326716074e-02 2.979976331981058491e-01 1.824964642402010159e-02
6.677947189085625679e-01 3.283547717814039313e-02 2.804788716723278785e-01 1.889093224096908760e-02
6.942521460865835881e-01 2.444021207609551119e-02 2.617948370860283536e-01 1.951280475129268596e-02
7.152703773785569208e-01 2.104205108527719068e-02 2.431501199055638718e-01 2.053745163060213125e-02
7.279230182659199855e-01 2.105651402132723352e-02 2.284901161937324954e-01 2.253035151902047298e-02
7.310431541150257395e-01 2.333319693090662658e-02 2.199425275446357242e-01 2.568112140943173624e-02
7.249318687017857199e-01 2.688853188144301604e-02 2.181597173381047139e-01 3.001988207866630731e-02
7.108158801715522834e-01 3.048709000981955630e-02 2.234556293709132890e-01 3.524140044771503777e-02
6.911028539561742123e-01 3.262097443757795701e-02 2.358782747311034822e-01 4.039789687514429295e-02
6.688086489297344617e-01 3.240030631512376413e-02 2.546933574449105619e-01 4.409768731023117755e-02
6.468412704703099259e-01 3.079123269027656679e-02 2.774145469287496724e-01 4.495294991066357826e-02
6.327853178363629372e-01 2.656842025602619214e-02 2.984498022101400583e-01 4.219645969747084363e-02
6.233600547548346915e-01 2.242147722873238935e-02 3.173145962292375777e-01 3.690387178719517491e-02
6.167605034015735121e-01 1.835840945044974609e-02 3.340219582245256280e-01 3.085912892345108946e-02
6.075592718975116879e-01 1.506648756663093829e-02 3.515033378000829156e-01 2.587090273577475827e-02
5.928215666599849776e-01 1.297068914557160044e-02 3.718203627588896332e-01 2.238738143555348351e-02
5.843642427209260193e-01 1.162657568558297244e-02 3.855693027376793647e-01 1.843987885581183789e-02
5.933983185377716962e-01 9.861078390864428181e-03 3.830007541041302033e-01 1.373984896723361680e-02
6.197717603913251994e-01 8.877102737255124568e-03 3.618320011743225706e-01 9.519135697097239057e-03
6.645402257950118186e-01 8.468134848726494024e-03 3.207460978501557869e-01 6.245541506105995941e-03
7.257955469883371480e-01 7.317716101929647166e-03 2.629823065410223926e-01 3.904430368711033460e-03
7.929960525257601089e-01 6.566727058830439286e-03 1.980029781858563265e-01 2.434242229553295733e-03
8.523714825963538688e-01 6.379852459609720167e-03 1.396532058981142244e-01 1.595459045922232840e-03
8.941185466310798136e-01 6.703877712703188579e-03 9.801041088326059580e-02 1.167164772956473182e-03
9.169842442601521260e-01 7.519762792998065798e-03 7.449335781903990150e-02 1.002635127810115991e-03
9.243023409341520891e-01 8.885493184636730768e-03 6.579344136265467824e-02 1.018724518556728739e-03
9.189229517017839521e-01 1.098675660916869495e-02 6.891325578118991102e-02 1.177035907857238058e-03
9.025258995294244135e-01 1.413921467422146055e-02 8.187947582977034289e-02 1.455409966583899031e-03
8.799829630643062339e-01 1.847439130805816898e-02 9.975847118019388893e-02 1.784174447441509758e-03
8.608209558600271594e-01 2.397855496270891174e-02 1.131343702067391238e-01 2.066118970524975090e-03
8.530167039373367510e-01 3.046907493142169548e-02 1.143121261453608206e-01 2.202094985880715533e-03
8.516663304295140069e-01 3.919838378524825168e-02 1.068360334100644515e-01 2.299252375173465538e-03
8.468913426103509279e-01 5.246370044284514450e-02 9.811708976249503000e-02 2.527867184309064152e-03
8.344773824989168975e-01 7.163075088514238298e-02 9.098874268722634273e-02 2.903123928714247074e-03
8.140307511597871803e-01 9.714999409633122418e-02 8.547767058694169529e-02 3.341584156939747963e-03
7.854446985529512926e-01 1.288517174963969836e-01 8.191710089788596660e-02 3.786483052765816232e-03
7.520276541027527406e-01 1.638013186539065413e-01 8.002903152427158495e-02 4.141995719068792235e-03
7.214852607659456574e-01 1.963565937409557649e-01 7.793792658603715395e-02 4.220218907061559950e-03
7.022309381882883006e-01 2.201551585671674416e-01 7.367759129994852496e-02 3.936311944595870770e-03
7.032238109244295376e-01 2.275275671616465711e-01 6.588710054911381397e-02 3.361521364810054254e-03
7.289056600565561039e-01 2.144890982964119674e-01 5.397199468780955467e-02 2.633246959221879988e-03
7.740191805671129410e-01 1.848477151608621527e-01 3.929275548633192477e-02 1.840348785693148893e-03
8.252061770145526776e-01 1.478222918316988987e-01 2.584059131117323604e-02 1.130939842574964519e-03
8.667531083869444153e-01 1.158598511457362840e-01 1.672455773979453220e-02 6.624827275248306802e-04
8.921068940325244112e-01 9.566064138272097062e-02 1.181828280957344934e-02 4.141817751810606828e-04
9.034010472411708736e-01 8.649326647962563008e-02 9.803164760212649403e-03 3.025215189907376869e-04
9.050582967405361723e-01 8.498412843139727113e-02 9.689406413584436897e-03 2.681684144821610476e-04
9.006303191927237384e-01 8.812538959162995178e-02 1.096048717775558075e-02 2.838040378905731342e-04
8.920192748726016863e-01 9.414301921682551033e-02 1.348931836133644008e-02 3.483875492359857630e-04
8.813882003135402599e-01 1.010239031936228521e-01 1.711933499538254369e-02 4.685614974542365915e-04
8.718177851513162491e-01 1.063347951932270830e-01 2.120948231631000769e-02 6.379373391468161954e-04
8.645581453378794468e-01 1.094569420192468973e-01 2.513376150972424297e-02 8.511511331493796205e-04
8.590257680633319737e-01 1.111432183979769450e-01 2.872045861405140774e-02 1.110554924639742735e-03
8.550690791419953696e-01 1.117970471187096637e-01 3.176489475809458202e-02 1.368978981200180212e-03
8.513666910810311350e-01 1.126564624763060768e-01 3.443859283461409709e-02 1.538253608048615207e-03
8.444917405843663794e-01 1.158133930271446066e-01 3.807971884714964061e-02 1.615147541339386449e-03
8.324300831917452737e-01 1.211933169217277173e-01 4.465173053325553754e-02 1.724869353271300636e-03
8.172956617515428901e-01 1.254636807397834786e-01 5.525489250524216744e-02 1.985765003431396239e-03
8.012138210671297944e-01 1.264009348875775873e-01 6.992514042177315481e-02 2.460103623519686779e-03
7.840215271924165785e-01 1.255335882507144785e-01 8.732043323771862542e-02 3.124451319150558723e-03
7.679879857928484377e-01 1.241772231214459676e-01 1.040283363756229346e-01 3.806454710082575986e-03
7.526197714659887961e-01 1.256631657664051827e-01 1.173817436480451420e-01 4.335319119560432539e-03
7.410727466307474032e-01 1.282521225238850149e-01 1.260991077365255231e-01 4.576023108842079690e-03
7.317107435366659862e-01 1.331810146646744963e-01 1.305887913606799122e-01 4.519450437979790833e-03
7.197808493500298388e-01 1.441287471176100898e-01 1.318141055905923675e-01 4.276297941767529497e-03
7.003403025815502225e-01 1.648232327593302238e-01 1.308425540999934578e-01 3.993910559126184409e-03
6.715214232323928334e-01 1.973843796649743521e-01 1.273724237366065937e-01 3.721773366026579107e-03
6.410178030842476060e-01 2.360004427877630540e-01 1.195829951018494292e-01 3.398759026139818069e-03
6.076776233274264749e-01 2.797483042116549745e-01 1.094454087260828129e-01 3.128663734835695608e-03
5.742396721062000831e-01 3.236659612673901676e-01 9.908902953097839528e-02 3.005337095431294663e-03
