3.210836837063035243e-01 1.160673199266433198e-01 1.073072818182275873e-01 4.555417145488256381e-01
4.732991092341658906e-02 3.265812258331700080e-01 1.400025106642005523e-01 4.860863525792128992e-01
3.185447426376711993e-02 2.546906806231101217e-01 1.552714771433945096e-01 5.581833679697286721e-01
2.036104251371934418e-02 1.823638024534889601e-01 1.652645275458753948e-01 6.320106274869163876e-01
1.243711874041161271e-02 1.212904518914607044e-01 1.744569901362126862e-01 6.918154392319150192e-01
7.618610166192419687e-03 7.974101617942093434e-02 1.900050911510168805e-01 7.226352825033699467e-01
5.037586462663942027e-03 5.697020584285179823e-02 2.137810477373498497e-01 7.242111599571343650e-01
3.697530393472899749e-03 4.658343465239846160e-02 2.415546746834993375e-01 7.081643602706291230e-01
3.045761801965356664e-03 4.346882226011331701e-02 2.649669904403672560e-01 6.885184254975540430e-01
2.795089532394078209e-03 4.460396640918315447e-02 2.757128994881319906e-01 6.768880445702907256e-01
2.736022701494081420e-03 4.831113449413552280e-02 2.720197890301009891e-01 6.769330537742697107e-01
2.846820325351760630e-03 5.541342078430414736e-02 2.603841817531102332e-01 6.813555771372337144e-01
3.282064149540116303e-03 6.912025320462163169e-02 2.539691641893299101e-01 6.736285184565081741e-01
4.204531337790773718e-03 9.305509426145135154e-02 2.647565667024187608e-01 6.379838076983392892e-01
5.712402752057066033e-03 1.303293274753934972e-01 2.955617371078360645e-01 5.683965326647135718e-01
8.483766207766205505e-03 1.863183032279897289e-01 3.290797918196309846e-01 4.761181387446132285e-01
1.201344303719068321e-02 2.546244077062099209e-01 3.453725578015811593e-01 3.879895914550182678e-01
1.565692463232652709e-02 3.302025283853488036e-01 3.355726148790477703e-01 3.185679321032768851e-01
1.843360416813674338e-02 4.063887440295531617e-01 3.081703531839302124e-01 2.670072986183800179e-01
2.003809795444601999e-02 4.737650952005154625e-01 2.781083825128751741e-01 2.280884243321631977e-01
2.073660212419606644e-02 5.203150966388190302e-01 2.599790576508350659e-01 1.989692435861498965e-01
2.090635732408907890e-02 5.368589350659742632e-01 2.635098840480106230e-01 1.787248235619262049e-01
2.075729688487821731e-02 5.159088288702280423e-01 2.977433216595014032e-01 1.655905525853920424e-01
1.984333038610095606e-02 4.489259864087071783e-01 3.752844489981638776e-01 1.559462342070279117e-01
1.729048060893874361e-02 3.384050491253265402e-01 4.994312886781550054e-01 1.448731815875797524e-01
1.316268936827344298e-02 2.170482178024427389e-01 6.391179568510955145e-01 1.306711359781882742e-01
8.917395289703993269e-03 1.270453511632473886e-01 7.473358260982359003e-01 1.167014274488126779e-01
5.763264077623944312e-03 7.668216260129788464e-02 8.095612304353039246e-01 1.079933428857740574e-01
3.819925440853956695e-03 5.225864173476670038e-02 8.367169683307964512e-01 1.072044644935830904e-01
2.852150095229723323e-03 4.031874588241915469e-02 8.458649912194323717e-01 1.109641128029187351e-01
1.955699442150413917e-03 3.299996693874106268e-02 8.537583745537504765e-01 1.112859590653581671e-01
1.418621977833448879e-03 2.770109150736879342e-02 8.679019408066490637e-01 1.029783457081486914e-01
1.151529487423924450e-03 2.310482164075031500e-02 8.885323476521143071e-01 8.721130121971140681e-02
1.066407895049647798e-03 1.854497946997944388e-02 9.123004504690215288e-01 6.808816216594920645e-02
1.090027904370500936e-03 1.388571677804832649e-02 9.348269521678506111e-01 5.019730314973059465e-02
1.221708598367159809e-03 1.004540487266669321e-02 9.511649220226987556e-01 3.756796450626725264e-02
1.540976885744530780e-03 7.700355474922373003e-03 9.599416163333356344e-01 3.081705130599763504e-02
2.236587340647952504e-03 6.827293753587142244e-03 9.624426811889350564e-01 2.849343771682981766e-02
3.713877147655901372e-03 7.311274164089240878e-03 9.595645358473214870e-01 2.941031284093324413e-02
6.619639156315659280e-03 9.140836420848730270e-03 9.515464041573313825e-01 3.269312026550422190e-02
1.156650172805828540e-02 1.200130075213064543e-02 9.395063122338688233e-01 3.692588528594213659e-02
1.874081302141289082e-02 1.505633629687276251e-02 9.256454154948433599e-01 4.055743518687091043e-02
2.772102829449814634e-02 1.760066541735440943e-02 9.118575628691477641e-01 4.282074341899986397e-02
3.787048883618011896e-02 1.950749006154431711e-02 8.983174874358950124e-01 4.430453366638054807e-02
4.920128598738380404e-02 2.116274926453442021e-02 8.828218720388351093e-01 4.681409270924657973e-02
6.043488235947857418e-02 2.243995762707139477e-02 8.656058642285101579e-01 5.151929578493966155e-02
7.054427032580193324e-02 2.420488370938682354e-02 8.459910410938479286e-01 5.925980487096325910e-02
7.391149039245750729e-02 2.529148248502830626e-02 8.310988762134703389e-01 6.969815090904377120e-02
6.913556549083001157e-02 2.546009275310981076e-02 8.225662826638499014e-01 8.283805909221031438e-02
5.950372780266151296e-02 2.556937462270065034e-02 8.156017910309301122e-01 9.932510654370786674e-02
4.852104518574946318e-02 2.541178408081309903e-02 8.076469137333380788e-01 1.184202570000992549e-01
3.826599609976915478e-02 2.583296618363604621e-02 7.981116915308753557e-01 1.377893461857198076e-01
3.007283124219975110e-02 2.714523411642629641e-02 7.868154097482644715e-01 1.559665248931091375e-01
2.434839399427580001e-02 3.010536495118433173e-02 7.733903888135891247e-01 1.721558522409506464e-01
2.096783448212397385e-02 3.546732497997381883e-02 7.581326251500826174e-01 1.854322153878196489e-01
1.950524945783475156e-02 4.462995323375614637e-02 7.405159867253162664e-01 1.953488105830928911e-01
1.930759357070134519e-02 6.038562236359607677e-02 7.199315335777145552e-01 2.003752504879882379e-01
2.007215854000375665e-02 8.791298664847840838e-02 6.934900024708577915e-01 1.985248523406601406e-01
2.155300265944924687e-02 1.357183888322651688e-01 6.524876821657218384e-01 1.902409263425635655e-01
2.293708326755413904e-02 2.150360084826661855e-01 5.875603689251579498e-01 1.744665393246215834e-01
2.288239877721435361e-02 3.327429848995580031e-01 4.954514044285375229e-01 1.489232118946897110e-01
2.045357994921162201e-02 4.799386234413769992e-01 3.851010932518715846e-01 1.145067033575398741e-01
1.590247687531024662e-02 6.329490598557133696e-01 2.741076128791209432e-01 7.704085038985543366e-02
1.121638989315186866e-02 7.595780423017898242e-01 1.836490560477890277e-01 4.555651175726910945e-02
7.674170343200260869e-03 8.457333567292276699e-01 1.210808121622528877e-01 2.551166076531939317e-02
5.590253342892253542e-03 8.929313421283054941e-01 8.570135740213359610e-02 1.577704712666835180e-02
4.726329178236834613e-03 9.114505824860712480e-01 7.131462312585416796e-02 1.250846520983771651e-02
4.626961985547811511e-03 9.106624371409349772e-01 7.171512792851568452e-02 1.299547294500146520e-02
4.960903942420395209e-03 8.945688188214387937e-01 8.420686872138435919e-02 1.626340851475645971e-02
5.609287122657803312e-03 8.615812254908514767e-01 1.107151935743558302e-01 2.209429381213503379e-02
6.588528339447408295e-03 8.072180010909453252e-01 1.562683149723967935e-01 2.992515559721001250e-02
7.938809968322487962e-03 7.298542502912972463e-01 2.233540618395414845e-01 3.885287790083893217e-02
2.215133509023877456e-01 2.373574115960300768e-01 4.760990093977837678e-01 6.503022810379864571e-02
1.987430046256620161e-03 1.646256490962069996e-01 6.287975524138773586e-01 2.045893684436590476e-01
1.623167641480698217e-03 1.252668007232557446e-01 6.913028361193404026e-01 1.818071955159230035e-01
1.284421514080462227e-03 9.025054712578613192e-02 7.402441511552123599e-01 1.682208802049214857e-01
9.823852310448057991e-04 6.185269146071351032e-02 7.751971102156504090e-01 1.619678130925912563e-01
7.423057736400491199e-04 4.145987148300881581e-02 7.933311648712060293e-01 1.644666578721447059e-01
5.654363295812588758e-04 2.808831566663762616e-02 7.878525765439223782e-01 1.834936714598586205e-01
4.517304988843906803e-04 1.994789111723058866e-02 7.465846575725567646e-01 2.330157208113282918e-01
3.970826538014803932e-04 1.497963855681846632e-02 6.563614908906924006e-01 3.282617878986877624e-01
4.086512083581922460e-04 1.133979345703848250e-02 5.191961713078920848e-01 4.690553840267113195e-01
4.018179211764467593e-04 8.314374604316197154e-03 3.679488532312143456e-01 6.233349542432931045e-01
3.016084546390879629e-04 6.096866777762691321e-03 2.459909674359812004e-01 7.476105573316169650e-01
2.057967467785279381e-04 4.885358962495089073e-03 1.701313369726271119e-01 8.247775073180992900e-01
1.587666786970937691e-04 4.543746879900311016e-03 1.314966441735276881e-01 8.638008422678749021e-01
1.424987613017569496e-04 4.900552219699450332e-03 1.155714325509144824e-01 8.793855164680842718e-01
1.400154365535556547e-04 6.005220788329925993e-03 1.128907688619095878e-01 8.809639949132068715e-01
1.488414637528823756e-04 8.330268242834625719e-03 1.201611681430799078e-01 8.713597221503327495e-01
1.870522140276648646e-04 1.326921927291812610e-02 1.400052029339019510e-01 8.465385255791522123e-01
2.916754857504547539e-04 2.316123233592194339e-02 1.781963296214729431e-01 7.983507625568545540e-01
5.260752449793891852e-04 4.019402851645585695e-02 2.374369184999977345e-01 7.218429777385669821e-01
9.777103396919010342e-04 6.500350707190352684e-02 3.115079616720586864e-01 6.225108209163459083e-01
1.684677081933323066e-03 9.578355440620231476e-02 3.849401036217756644e-01 5.175916648900886763e-01
2.562453866658950894e-03 1.277726693481959774e-01 4.416051579460235077e-01 4.280597188391214725e-01
3.404303595164354448e-03 1.552434348240378792e-01 4.746382844078130825e-01 3.667139771729847619e-01
4.030388746316626754e-03 1.763405597434607175e-01 4.834621443179271671e-01 3.361669071922956942e-01
4.418078420647128871e-03 1.932361553430249623e-01 4.681784307207839113e-01 3.341673355155440617e-01
4.543576204168332106e-03 2.073636487635851788e-01 4.308042135960737373e-01 3.572885614361727136e-01
4.354354017130193481e-03 2.173853968654593793e-01 3.780580556641566781e-01 4.002021934532536407e-01
3.955626131680182664e-03 2.240164608452783201e-01 3.203190405410822894e-01 4.517088724819588452e-01
3.615937812168226826e-03 2.321740164250609140e-01 2.699835703858588509e-01 4.942264753769123886e-01
3.608744138925304521e-03 2.480285403740073724e-01 2.344247258942760981e-01 5.139379895927912445e-01
4.026722915017245941e-03 2.720883807001490129e-01 2.122500944089078245e-01 5.116348019759260346e-01
4.642839667172523124e-03 2.967041931446012804e-01 1.983526554667360275e-01 5.003003117214900319e-01
5.112762997436312226e-03 3.162775347423848471e-01 1.870946702416384222e-01 4.915150320185404653e-01
5.282760521898069959e-03 3.295709675658713422e-01 1.748088274976697665e-01 4.903374444145607303e-01
5.316199653434636012e-03 3.342224313069574460e-01 1.613060477338952581e-01 4.991553213057123295e-01
5.495316114050049876e-03 3.259279869236418881e-01 1.490278759936542186e-01 5.195488209686539571e-01
5.885487559073163642e-03 3.000792138612207172e-01 1.415516937239512385e-01 5.524836048557549839e-01
6.281362736471437190e-03 2.542345004125866614e-01 1.412724569805317854e-01 5.982116798704106841e-01
6.285381270426681523e-03 1.933315978662597245e-01 1.484593573440584902e-01 6.519236635192551255e-01
5.635540067209770382e-03 1.311747941698721553e-01 1.634158551538507365e-01 6.997738106090674037e-01
4.643235852576596892e-03 8.271119069389615275e-02 1.885062345670793227e-01 7.241393388864484360e-01
3.902526774780595495e-03 5.312817870649974572e-02 2.251901523654270265e-01 7.177791421532924154e-01
3.645858342094944037e-03 3.765256251497888645e-02 2.715146379825668088e-01 6.871869411603592770e-01
3.724323160738701732e-03 2.933021494620099631e-02 3.158872284822308307e-01 6.510582334108296898e-01
3.850596347556015618e-03 2.296894756309869612e-02 3.398756127537825300e-01 6.333048433355628060e-01
3.788504945928686772e-03 1.615635194265052296e-02 3.398341088875150295e-01 6.402210342239058605e-01
3.093242796508007507e-03 9.856709560127687245e-03 3.302203975130779678e-01 6.568296501302862689e-01
2.594095869101930869e-03 5.403971666793433437e-03 3.265531309126980530e-01 6.654488015514070653e-01
2.126839395092577304e-03 2.791474038667147127e-03 3.368333328583718589e-01 6.582483537078684943e-01
1.640216748963001106e-03 1.361287982914671400e-03 3.615239191699558541e-01 6.354745760981662661e-01
1.132435322621734011e-03 6.278996244681018081e-04 3.965506359594498376e-01 6.016890290934603369e-01
7.180935896312096861e-04 2.907828206982626673e-04 4.364400128800596801e-01 5.625511107096111685e-01
4.561596245769673828e-04 1.480844535943435234e-04 4.726323664439706640e-01 5.267633894778585013e-01
3.229655804790831312e-04 9.177552426891524904e-05 4.883437379962201619e-01 5.112415208990317428e-01
2.741149956648714580e-04 7.404029674441803526e-05 4.712625607674421069e-01 5.283892839401481689e-01
2.719571567058714492e-04 7.450334263549587778e-05 4.241478097554943205e-01 5.755057297451644516e-01
2.914425406326859097e-04 8.366155395661309499e-05 3.562312806670758225e-01 6.433936152383349372e-01
3.149753425170266218e-04 9.501089148017124542e-05 2.791175285973692133e-01 7.204724851686336029e-01
3.390328804596294283e-04 1.067908999594542754e-04 2.097217568834037760e-01 7.898324193361773160e-01
3.702830667715990517e-04 1.234640245907226829e-04 1.596773843362242762e-01 8.398288685724133451e-01
8.852271185246932475e-04 2.135468964563654439e-04 1.279754484588065122e-01 8.709257775262125856e-01
8.448348919736385415e-04 2.541407373366595863e-04 1.085188328401123087e-01 8.903821915305777379e-01
8.646942029623875094e-04 3.456240180493698293e-04 9.754859082495344336e-02 9.012410909540348181e-01
9.338146047912321106e-04 5.161942963786291970e-04 9.408028685542135783e-02 9.044697042434088896e-01
1.057943718930981145e-03 8.283237742473094443e-04 9.841393300424571000e-02 8.996997995025758366e-01
1.268169450613944576e-03 1.410919783007985118e-03 1.110801899765435918e-01 8.862407207898342909e-01
1.602704600014159602e-03 2.453733947685469638e-03 1.294129013183582533e-01 8.665306601339420878e-01
2.073568402248615519e-03 4.065145287754313476e-03 1.459150502184562159e-01 8.479462360915409613e-01
2.639285787944293041e-03 6.049146945988016257e-03 1.530589787712065553e-01 8.382525884948616168e-01
3.229695596299888248e-03 7.993713088362872088e-03 1.478010665537330404e-01 8.409755247616043095e-01
3.830974203196795772e-03 9.724156613309857186e-03 1.324868255653151583e-01 8.539580436181777312e-01
9.000315826948609432e-01 8.293069300827592139e-02 7.599805893470957217e-03 9.437918403392074954e-03
1.291288835059024309e-01 3.514852428436068821e-01 3.975520942822512449e-01 1.218337793682392756e-01
9.778866506443036066e-02 3.231037513665157568e-01 4.765208039530470230e-01 1.025867796160067624e-01
7.622758717600019995e-02 2.985722589720077869e-01 5.441804322399613758e-01 8.101972161203030431e-02
6.250866824693494805e-02 2.819403956914018905e-01 5.959375152856671853e-01 5.961342077599605938e-02
5.355039988691859265e-02 2.750089489500220918e-01 6.297512021478861577e-01 4.168944901517283863e-02
4.921356265227619375e-02 2.761609508967168281e-01 6.453814035614161559e-01 2.924408288959062102e-02
4.900579646341134826e-02 2.765227257879622758e-01 6.526339942213676970e-01 2.183748352725881081e-02
5.227553986953737547e-02 2.613052547094848466e-01 6.686353849222645973e-01 1.778382049871307657e-02
5.780483915363711367e-02 2.246853997407118331e-01 7.018523781174602627e-01 1.565738298819059279e-02
6.426827289197829807e-02 1.761489613675802646e-01 7.450189133470417335e-01 1.456385239339984608e-02
6.990062697310116258e-02 1.274060358814385618e-01 7.888944678527854970e-01 1.379886929267496766e-02
7.307275355520821691e-02 8.585982893329639765e-02 8.280874484566883575e-01 1.297996905480710596e-02
7.438124130344889173e-02 5.597801903589968292e-02 8.573785698465390404e-01 1.226216981411264347e-02
7.674715053018360544e-02 3.901673013696155268e-02 8.720075041760484424e-01 1.222861515680631270e-02
8.474082978866097349e-02 3.084655339907326627e-02 8.712719927469902981e-01 1.314062406527548299e-02
9.565010859854945757e-02 3.142631110291625729e-02 8.580941684153069460e-01 1.482941188322740335e-02
1.090664958613276059e-01 3.830580997823569006e-02 8.356270021748312127e-01 1.700069198560544628e-02
1.252482216975259188e-01 5.369051661152553223e-02 8.007577064781206122e-01 2.030355521282830450e-02
1.436243245573375626e-01 8.344477960417391593e-02 7.469541611915752055e-01 2.597673464691342693e-02
1.695325236003721869e-01 1.308230438236193394e-01 6.644899980495493352e-01 3.515443452645939520e-02
2.052534383101634330e-01 1.941428944895067510e-01 5.541849256681931069e-01 4.641874153213661203e-02
2.547490105802139304e-01 2.593720426177252847e-01 4.303790226773377414e-01 5.549992412472283532e-02
3.226734327322657858e-01 3.075470664000998222e-01 3.117154630800040849e-01 5.806403778763026546e-02
4.045630072330599902e-01 3.295553320203014058e-01 2.137333290537890840e-01 5.214833169284976977e-02
4.823984091942463137e-01 3.349717501543278964e-01 1.417046653601143902e-01 4.092517529131135118e-02
5.293064929743369618e-01 3.479128059822176877e-01 9.281241466954828767e-02 2.996828637389724326e-02
5.432054326266154698e-01 3.739829711725902173e-01 6.122693433379550187e-02 2.158466186699845371e-02
5.338013699366800369e-01 4.094456389191038492e-01 4.133299851867285046e-02 1.541999262554347161e-02
5.123413042879624291e-01 4.473800117294057799e-01 2.918581437265302392e-02 1.109286960997879663e-02
4.918336074738871022e-01 4.775553941728556961e-01 2.221011963004428102e-02 8.400878723213002150e-03
4.892334588625016356e-01 4.857150560051183286e-01 1.809049789628116092e-02 6.960987236098997201e-03
5.060816468772346699e-01 4.696516620257460972e-01 1.760310369070712186e-02 6.663587406312215106e-03
5.508821133101480250e-01 4.235893880438353909e-01 1.831092496746588097e-02 7.217573678550757814e-03
6.161042876887642405e-01 3.540958442005399109e-01 2.072239163301733272e-02 9.077476477678520991e-03
6.874637498021463067e-01 2.739614714272708973e-01 2.505173886238982323e-02 1.352303990819322607e-02
7.432009471961362745e-01 2.025524682437933044e-01 3.111147478128204955e-02 2.313510977878843744e-02
7.692771925181384196e-01 1.516911682983738408e-01 3.795832419168181787e-02 4.107331499180624790e-02
7.645451902105234732e-01 1.205827704211365481e-01 4.502663777419558394e-02 6.984540159414429072e-02
7.360185156296762399e-01 1.017772305258315968e-01 5.112482097830826910e-02 1.110794328661835612e-01
6.887833145063878559e-01 8.900754263569364555e-02 5.726961722465096633e-02 1.649395256332674420e-01
6.308255273369316463e-01 7.843873682140509174e-02 6.282090210855520440e-02 2.279148337331079466e-01
5.708553222374496139e-01 6.809754484373230221e-02 6.741423504005381040e-02 2.936328978787642319e-01
5.177433834737101837e-01 5.812639871170199174e-02 7.072106915086094625e-02 3.534091486637270241e-01
4.788490809257783254e-01 4.959940204127441521e-02 7.250107246824785689e-02 3.990504445646994580e-01
4.558285228092998631e-01 4.324705732467631208e-02 7.274088142942974899e-02 4.281835384365941244e-01
4.470989006014372547e-01 3.947416704118805048e-02 7.136153321445694309e-02 4.420653991429177032e-01
4.527760714515274287e-01 3.836676667815362707e-02 6.808023610215893640e-02 4.407769257681598551e-01
4.732943220530569928e-01 3.938556526833678767e-02 6.260278775615928104e-02 4.247173249224465152e-01
5.087359403618733067e-01 4.184061179792136764e-02 5.547071883630840666e-02 3.939527290038971619e-01
5.583567332108895220e-01 4.478661545830117663e-02 4.773868519593379295e-02 3.491179661348759455e-01
6.155566521641512301e-01 4.653690522180477240e-02 4.007554910339876375e-02 2.978308935106452338e-01
6.710232273567957595e-01 4.595148557452388011e-02 3.282520795713748940e-02 2.502000791115426837e-01
7.172728600069160354e-01 4.524583692205770558e-02 2.683956654395584090e-02 2.106417365270703279e-01
7.545439341052062598e-01 4.400414765146991314e-02 2.192288911051756481e-02 1.795290291328062449e-01
7.823062351593016439e-01 4.245044535146984960e-02 1.810076582972171971e-02 1.571425536595068562e-01
7.999082971738824543e-01 4.113258130475341834e-02 1.534089243892735634e-02 1.436182290824367658e-01
8.079994991868582055e-01 4.082846447299294523e-02 1.345478923005743663e-02 1.377172471100915063e-01
8.069735455231663579e-01 4.238694905029019577e-02 1.226312736604745664e-02 1.383763780604961857e-01
7.942967689732587377e-01 4.702859675581978760e-02 1.176388380860217409e-02 1.469107504623192451e-01
7.655835802636348220e-01 5.594343833413125550e-02 1.193944716671435473e-02 1.665335342355196702e-01
7.173720885433243488e-01 6.931145737026846165e-02 1.262451885129963793e-02 2.006919352351078656e-01
6.474291977646261520e-01 8.560015002993096034e-02 1.358716418461610766e-02 2.533834880208268303e-01
5.562058096838979893e-01 1.016380068537979936e-01 1.462823221987577006e-02 3.275279512424283390e-01
4.538720420096241659e-01 1.129848572776127047e-01 1.539142925775442879e-02 4.177516714550088550e-01
3.627208615487232946e-01 1.174736987427004442e-01 1.563942399234529920e-02 5.041660157162307643e-01
3.040314620954067126e-01 1.196289578209347587e-01 1.610174411684728302e-02 5.602378359668113150e-01
2.846461169582857886e-01 1.266906649554784270e-01 1.801429064072119016e-02 5.706489274455143201e-01
3.012597554701368363e-01 1.407949545632642685e-01 2.197838862279581987e-02 5.359669013438029816e-01
3.420156915354816141e-01 1.632672514337695502e-01 2.823158623414113305e-02 4.664854707966079039e-01
3.910241286446205500e-01 1.905302870154258754e-01 3.596273094874590653e-02 3.824828533912077444e-01
4.254158092061307017e-01 2.205403869088191637e-01 4.483554549420391139e-02 3.092082583908461468e-01
3.375147807683006630e-03 3.795237094068940747e-02 9.413991323003263467e-01 1.727334895130119147e-02
1.201121521229202765e-04 8.332405313721228551e-05 3.984971501960849621e-02 9.599468487751313672e-01
3.774845528135492567e-04 4.456155160976154445e-04 3.018054386637880615e-02 9.689963560647100183e-01
2.523887193612741448e-04 3.047545634769873086e-04 2.489776758213550420e-02 9.745450891350262435e-01
1.951214341010484876e-04 2.414612111080174039e-04 2.220736440645419696e-02 9.773560529483366066e-01
1.728405393571911034e-04 2.192829364015088831e-04 2.125826677505118778e-02 9.783496097491900523e-01
1.804950194797955696e-04 2.342085745244037369e-04 2.213062429391993158e-02 9.774546721120757065e-01
2.198551920598103586e-04 2.901039902715758919e-04 2.487140850744849405e-02 9.746186323102201676e-01
2.905029684833248323e-04 3.865017073051967033e-04 2.902132075193920163e-02 9.703016745722722325e-01
3.901869102590819170e-04 5.187707836975084677e-04 3.399216232366366469e-02 9.650988799823797537e-01
3.984764624240678938e-05 1.251805360752852273e-05 3.968210534347312024e-02 9.602655289566771613e-01
5.700707856380969184e-05 1.839021363657819701e-05 4.596858111962215387e-02 9.539560215881772720e-01
7.963788880643281407e-05 2.645390391035787152e-05 5.347958731334634397e-02 9.464143208939370666e-01
1.099910095861162003e-04 3.820546720534404435e-05 6.261252934106836809e-02 9.372392741821401474e-01
1.493259992615945421e-04 5.574825712303417688e-05 7.409933774471817725e-02 9.256955879988972846e-01
1.983340024842860402e-04 8.180290449027544314e-05 9.132336833040137491e-02 9.083964947626240738e-01
2.627862503977104747e-04 1.246243619790686724e-04 1.205582079662225053e-01 8.790543814214006879e-01
3.428671038057898193e-04 2.013801992097937073e-04 1.641105925815690980e-01 8.353451601154153749e-01
4.251652721234276591e-04 3.295467985558492730e-04 2.151046879438836545e-01 7.841405999854373920e-01
5.041849155614274228e-04 5.276303693674765614e-04 2.656432550482586974e-01 7.333249296668126194e-01
5.763162932997872379e-04 8.107166741904033285e-04 3.115319755899145782e-01 6.870809914425954901e-01
6.314150074307057613e-04 1.171023608039124895e-03 3.473529997635813604e-01 6.508445616209487250e-01
6.693121012280572185e-04 1.589081159341809062e-03 3.712308681909761710e-01 6.265107385484538494e-01
6.985629057367557897e-04 2.023066434048622578e-03 3.867263313744974673e-01 6.105520392857168854e-01
7.266436640638746511e-04 2.384514175769264065e-03 3.961914167502235684e-01 6.006974254099433086e-01
7.537659780309289128e-04 2.568046794260633869e-03 3.939072849782763175e-01 6.027709022494323055e-01
7.789531831177161749e-04 2.572158992944939115e-03 3.700075729765782140e-01 6.266413148473589656e-01
7.813974781977012446e-04 2.459788638869997348e-03 3.241373500220270376e-01 6.726214638609053775e-01
7.416875296929019423e-04 2.298186202754050767e-03 2.698490505827411678e-01 7.271110756848121470e-01
6.814384055742241922e-04 2.157639790366961373e-03 2.219640908514666222e-01 7.751968309525922862e-01
6.359834339343628474e-04 2.061784812011233526e-03 1.829147200790233740e-01 8.143875116750313170e-01
6.194444387939728640e-04 1.982449725925367404e-03 1.509481201796258609e-01 8.464499856556546575e-01
6.372719527890731341e-04 1.912737401114536842e-03 1.269810200314973048e-01 8.704689706145989359e-01
6.845393906975694165e-04 1.838683990313632341e-03 1.087799213558724443e-01 8.886968552631163698e-01
7.450608621978890107e-04 1.723348368531130289e-03 9.223673941169227564e-02 9.052948513575790335e-01
8.139727791180991845e-04 1.577177766847752535e-03 7.673733754898762194e-02 9.208715119050466802e-01
9.063489213589513357e-04 1.459013895338374511e-03 6.540817184695868480e-02 9.322264653363439013e-01
1.023725868455412471e-03 1.399242983564227870e-03 6.077516012163904774e-02 9.368018710263411597e-01
1.111887776513133730e-03 1.362517261044201601e-03 6.262719097498016529e-02 9.348984039874620455e-01
1.117937303980752299e-03 1.323069722383157050e-03 6.931039198533979484e-02 9.282486009882960909e-01
1.064537165568046418e-03 1.320529639993519742e-03 7.906097509709104909e-02 9.185539580973474116e-01
9.928590913342899733e-04 1.402489261549707926e-03 9.026309693306502901e-02 9.073415547140507575e-01
9.440206261804148704e-04 1.626518020767616333e-03 1.019709613105355683e-01 8.954585000425162589e-01
9.532519111318877225e-04 2.090223276672865168e-03 1.140979559508671498e-01 8.828585688613279636e-01
1.039790774633998511e-03 2.953454550964182152e-03 1.258464972339470300e-01 8.701602574404546653e-01
1.214709211451300494e-03 4.460664470728513062e-03 1.364823712183447779e-01 8.578422550994753149e-01
1.506457055669431630e-03 7.007643144515489017e-03 1.464046844247268997e-01 8.450812153750882905e-01
1.944875678460838715e-03 1.112681064461005717e-02 1.562713187251713320e-01 8.306569949517577101e-01
2.586549479111803235e-03 1.768846700319029117e-02 1.671267806437268799e-01 8.125982028739714425e-01
3.542964936075213445e-03 2.806532333143994806e-02 1.803421945997695786e-01 7.880495171327155379e-01
4.892077612413127906e-03 4.330874505210675213e-02 1.959486181644984615e-01 7.558505591709818727e-01
6.555520445942081449e-03 6.275062819097172728e-02 2.110406421449025627e-01 7.196532092181836537e-01
8.546181260602681712e-03 8.547373281700208769e-02 2.204981924773574686e-01 6.854818934450375156e-01
1.156234955046375919e-02 1.133224217906922265e-01 2.185238892287587054e-01 6.565913394300852968e-01
1.657737122231564206e-02 1.526943846537960614e-01 2.006200233937319166e-01 6.301082207301565985e-01
2.501527246301085000e-02 1.953375419074365460e-01 1.765272433470463365e-01 6.031199422825059830e-01
3.789274362964252518e-02 2.300857054666237411e-01 1.539463382365563182e-01 5.780752126671772073e-01
5.523636363146124800e-02 2.449235148362330361e-01 1.367864583234465747e-01 5.630536632088590787e-01
7.447298544306531209e-02 2.338442473512550024e-01 1.242869166141496312e-01 5.673958505915297490e-01
9.098763989805759567e-02 2.020245256431713876e-01 1.142292406605881078e-01 5.927585937981830755e-01
1.011752425067551087e-01 1.626400740425835434e-01 1.052280150068975045e-01 6.309566684437639683e-01
1.038970357457416060e-01 1.255442797709473979e-01 9.650345524104429751e-02 6.740552292422664626e-01
9.977959242668678341e-02 9.406468075219008573e-02 8.717632313455256354e-02 7.189794036865704285e-01
8.924419995134559580e-02 6.841237777946329590e-02 7.695708905287761137e-02 7.653863332163136635e-01
7.388194086493750368e-02 4.879716748085632244e-02 6.648631914111563512e-02 8.108345725130905457e-01
5.736974112526102565e-02 3.537896278088939472e-02 5.689912305708526297e-02 8.503521730367641362e-01
4.312915463157927787e-02 2.724463779320115964e-02 4.863286705274363908e-02 8.809933405224756875e-01
3.191392044931078836e-02 2.242270129479426860e-02 4.084424661088845165e-02 9.048191316450068244e-01
2.313230747123932313e-02 1.916902281541833092e-02 3.356747891728437128e-02 9.241311907960575445e-01
1.648054634481482469e-02 1.645055828681635246e-02 2.766407285581238759e-02 9.394048225125563034e-01
1.166869703288859854e-02 1.370917643027304983e-02 2.342217533454092268e-02 9.511999512022973891e-01
8.341040215789890383e-03 1.094266208991540035e-02 2.112797173739387052e-02 9.595883259569009116e-01
1.070129885730622399e-01 1.130421705423975687e-01 1.304512629819592762e-01 6.494935779025808875e-01
1.123999429493823671e-01 1.217735173705176144e-01 1.463512196693573242e-01 6.194753200107425695e-01
1.139180156894012558e-01 1.342251838735249447e-01 1.598007092069222423e-01 5.920560912301519041e-01
1.113063602702668159e-01 1.498262239703641863e-01 1.677152870738363721e-01 5.711521286855326673e-01
1.069276307333493631e-01 1.698732592601380764e-01 1.722032812565311988e-01 5.509958287499813201e-01
1.033310936391632490e-01 1.946758016798652846e-01 1.776948178804094447e-01 5.242982868005621189e-01
1.025892250728462907e-01 2.219436593139877401e-01 1.870227041945507207e-01 4.884444114186153874e-01
1.055136452141616915e-01 2.474923555219008531e-01 2.003355236240038362e-01 4.466584756399336054e-01
1.105801648771299883e-01 2.663911127906291032e-01 2.164290843098137518e-01 4.065996380224272122e-01
1.152324236396148754e-01 2.736185494635277049e-01 2.329885129177324266e-01 3.781605139791255898e-01
1.179639372418715415e-01 2.652888395519764630e-01 2.486740642809459334e-01 3.680731589252064784e-01
1.194508221138768228e-01 2.412696429546661026e-01 2.659849121298806240e-01 3.732946228015767143e-01
1.215142180792552484e-01 2.066025743440809137e-01 2.916829046530636793e-01 3.802003029236002418e-01
1.231427417316506290e-01 1.675514912227843711e-01 3.343517423184581561e-01 3.749540247271063720e-01
1.200119602999956125e-01 1.287412984562239793e-01 3.983761263722138679e-01 3.528706148715665125e-01
1.083858065233858498e-01 9.483813657354998872e-02 4.804485704075256436e-01 3.163274864955388233e-01
8.822686466762692803e-02 6.922431044896973362e-02 5.702426962276720968e-01 2.723061286557310057e-01
6.378147290955787918e-02 5.106255189048619636e-02 6.591728520070100350e-01 2.259831231929461948e-01
4.100179186253127828e-02 3.750140069387783437e-02 7.411758951650483374e-01 1.803209122785425222e-01
2.420826354579636019e-02 2.699845678717167907e-02 8.085978297058491471e-01 1.401954499611826610e-01
1.411062862084680458e-02 1.928104996619898689e-02 8.565630383055308217e-01 1.100452831074234805e-01
8.593871798071108653e-03 1.389480150922039504e-02 8.866241186125889406e-01 9.088720808011981067e-02
5.452286450551168187e-03 1.010888043634077492e-02 9.039098671871710344e-01 8.052896592593701552e-02
1.721561477452743238e-02 2.777566549594767675e-01 6.098650694291655183e-01 9.516266083683035115e-02
1.533030757593179319e-02 2.578087547580233951e-01 6.563014064558253535e-01 7.055953121021925345e-02
1.434763931507187194e-02 2.507538524741043107e-01 6.821194578164986311e-01 5.277905039432521928e-02
1.413981537420884796e-02 2.470100951459199834e-01 6.972712165507795046e-01 4.157887292909155652e-02
1.450090311914538702e-02 2.394029227533376880e-01 7.115054590992075934e-01 3.459071502830909917e-02
1.485731560827049935e-02 2.242434904807934781e-01 7.315431537462754319e-01 2.935604016466047267e-02
1.454755492514944043e-02 2.012812352172453911e-01 7.591739772537087205e-01 2.499723260389655893e-02
1.349220651004258593e-02 1.725148383815233721e-01 7.923262628083187487e-01 2.166669230011572522e-02
1.192915120938169843e-02 1.398962627662642400e-01 8.290999779678747128e-01 1.907460805647939392e-02
1.002333651897676509e-02 1.074619945241361563e-01 8.659138997018736017e-01 1.660076925501329306e-02
8.207611137869200504e-03 8.024361074074146116e-02 8.971558872402251028e-01 1.439289088116396491e-02
6.120924014997997445e-03 6.004257293752686409e-02 9.209484096458601110e-01 1.288809340161494593e-02
5.390133205935399019e-03 4.523791221768502097e-02 9.369503568272132821e-01 1.242159774916645754e-02
4.960419609454709555e-03 3.514458591948782518e-02 9.468032062267758286e-01 1.309178824428163142e-02
4.911329288529289738e-03 2.684543208480127605e-02 9.536307567022740406e-01 1.461248192439532599e-02
4.983683115500851975e-03 1.966884171095424974e-02 9.587083696898535123e-01 1.663910548369108150e-02
5.161681784634687513e-03 1.465668469750273581e-02 9.607718573408113860e-01 1.940977617705105795e-02
5.484026708830217964e-03 1.207109789928076035e-02 9.591975103906692501e-01 2.324736500121961716e-02
5.701264417972471896e-03 1.091437403046242177e-02 9.555304083079115829e-01 2.785395324365377151e-02
5.584230460504828637e-03 1.011990556677131066e-02 9.514360312334001479e-01 3.285983273932373272e-02
5.374540590789215859e-03 9.096961976839642791e-03 9.469974696246310497e-01 3.853102780774003006e-02
4.700127564825649050e-03 7.341120805785705111e-03 9.434340547874331406e-01 4.452469684195548005e-02
4.670881595732209214e-03 5.137348514936809253e-03 9.404202938438848136e-01 4.977147604544629456e-02
4.539941173803511976e-03 3.189642214133752741e-03 9.376624925525807175e-01 5.460792405948207417e-02
4.316928392314519670e-03 1.946108290255584104e-03 9.319644221429849162e-01 6.177254117444509057e-02
4.104169545447903383e-03 1.307418121118587894e-03 9.213045932807769622e-01 7.328381905265643481e-02
3.944314637589805585e-03 1.025349763367597051e-03 9.057196390826748322e-01 8.931069651636765194e-02
3.872196277929704483e-03 9.562990460697272160e-04 8.846784399771909779e-01 1.104930646988096371e-01
3.102765224661465163e-03 8.969752988825166603e-04 8.581406399932757223e-01 1.378596194831804289e-01
2.888016657383816414e-03 1.002150627167141400e-03 8.244013974272220713e-01 1.717084352882264908e-01
2.808871343162425670e-03 1.227318263145379647e-03 7.865987288236632180e-01 2.093650815700288659e-01
2.818660422336738674e-03 1.572793656085069583e-03 7.519021226666450231e-01 2.437064232549332465e-01
2.759654083585995170e-03 1.959994270322358307e-03 7.298873168291124536e-01 2.653930348169792341e-01
2.585424473600147176e-03 2.307058145911258622e-03 7.247690486335514048e-01 2.703384687469371772e-01
2.399950759204177043e-03 2.578977437673132204e-03 7.318854936976768588e-01 2.631355781054456888e-01
2.291924469996332522e-03 2.772548138562396045e-03 7.461247173645372266e-01 2.488108100269041667e-01
2.326087764306640233e-03 2.976374134391698671e-03 7.658702636100858108e-01 2.288272744912160095e-01
2.607661144789655359e-03 3.323330524261792172e-03 7.867485270655736329e-01 2.073204812653747786e-01
3.293005429408897219e-03 3.925121392596953376e-03 8.027952396892260589e-01 1.899866334887677366e-01
4.552946639042001163e-03 4.870436301111500874e-03 8.114681502139706737e-01 1.791084668458758633e-01
6.549483657412587950e-03 6.231968325021665020e-03 8.148553604372554826e-01 1.723631875803103286e-01
9.987109416552541682e-03 7.806170079138565789e-03 8.167434658608960785e-01 1.654632546434128271e-01
1.424628329192017574e-02 1.160974431489457913e-02 8.159699635577454258e-01 1.581740088354397222e-01
2.179219463072364429e-02 1.769077496408259786e-02 8.056411413963335821e-01 1.548758890088602069e-01
3.406768970315005030e-02 2.747857434094552742e-02 7.799282949957007105e-01 1.585254409602036563e-01
5.353279897121853564e-02 3.930337002793746204e-02 7.374705783046976437e-01 1.696932526961462406e-01
8.258149031221946601e-02 4.900161812339855899e-02 6.842412569749325435e-01 1.841756345894492997e-01
1.217907278270530941e-01 5.500899111460246654e-02 6.306852593063703161e-01 1.925150217519739637e-01
1.663332333451318368e-01 5.831065733761060105e-02 5.882608352359749437e-01 1.870952740812825976e-01
2.134263174478328584e-01 6.251140411499342409e-02 5.569322727626715430e-01 1.671300056745027574e-01
2.621255413076920560e-01 6.984223880498242887e-02 5.293925154856048421e-01 1.386397044017206037e-01
3.138526805621039695e-01 8.271155942002444972e-02 4.911861473628914565e-01 1.122496126549800965e-01
3.665313587596283340e-01 1.027535366983373666e-01 4.364572123187411834e-01 9.425789222329310213e-02
4.175274583833408215e-01 1.287792712059044609e-01 3.681045388113136085e-01 8.558873159944103970e-02
4.609801857971047023e-01 1.580949913585929789e-01 2.955964151951785412e-01 8.532840764912374976e-02
4.809436051167970683e-01 1.944080961893309423e-01 2.335391663844100518e-01 9.110913230946184049e-02
4.652203491805962932e-01 2.448158444852777671e-01 1.903447897067894745e-01 9.961901662733636809e-02
4.314239083385933426e-01 2.964116805058850668e-01 1.645262796364414803e-01 1.076381315190798743e-01
4.025043603109677570e-01 3.311622910401720299e-01 1.509334171656038781e-01 1.153999314832562934e-01
3.850481375121404537e-01 3.415587755800939540e-01 1.457662785679184336e-01 1.276268083398470754e-01
3.738257678955773100e-01 3.309610801186146922e-01 1.450202711072800799e-01 1.501928808785279457e-01
3.610201327124018533e-01 3.040005345073138465e-01 1.469968075899981130e-01 1.879825251902859373e-01
3.449964171843384886e-01 2.647471859748470879e-01 1.498471082275097954e-01 2.404092886133048501e-01
3.378416149342091668e-01 2.181265109113607326e-01 1.476444869458574671e-01 2.963873872085726058e-01
3.479359238627325324e-01 1.752437588660702150e-01 1.368110826917479927e-01 3.400092345794491488e-01
3.688298325010336276e-01 1.442603214324164884e-01 1.214089367662177510e-01 3.655009093003320220e-01
3.935171925180907526e-01 1.254956688033673495e-01 1.046432951192708682e-01 3.763438435592706410e-01
4.139223576926252535e-01 1.173741727493733261e-01 9.087497238495020890e-02 3.778284971730510589e-01
4.280426991440430817e-01 1.164865796988919927e-01 8.041288844634790489e-02 3.750578327107169652e-01
4.312413645014996355e-01 1.183281360019072664e-01 7.395158227055380340e-02 3.764789172260393779e-01
4.199081028188534348e-01 1.165008811424614321e-01 6.982840421634002592e-02 3.937626118223450100e-01
3.960973378191178784e-01 1.068205899920226520e-01 6.528699052842006079e-02 4.317950816604395614e-01
3.654610924454454457e-01 9.196908692777540362e-02 5.911811559533415583e-02 4.834517050314448561e-01
3.388389711317074116e-01 7.665359221994737238e-02 5.299233736137363981e-02 5.315150992869713820e-01
3.252026756347183856e-01 6.514438064441137322e-02 4.899286183183915178e-02 5.606600818890309368e-01
3.259431728361024128e-01 5.956313432059825996e-02 4.709688830311917901e-02 5.673968045401801552e-01
3.377384955527412691e-01 6.084430886115623632e-02 4.652801935064596744e-02 5.548891762354565271e-01
3.571860912065022986e-01 7.061156368473125999e-02 4.684547363824847349e-02 5.253568714705179055e-01
3.825502990721152408e-01 9.251482109724702696e-02 4.836868079870356579e-02 4.765661990319342567e-01
4.086341957060204977e-01 1.312548723638462811e-01 5.134001786007839907e-02 4.087709140700550026e-01
4.237456681846870632e-01 1.913153505884538641e-01 5.477806728722210000e-02 3.301609139396369241e-01
4.151805867609149603e-01 2.783372918203628754e-01 5.661124089809066451e-02 2.498708805206312500e-01
3.826210827755115451e-01 3.869969506398749926e-01 5.467234447189042029e-02 1.757096221127227853e-01
3.387163829759588518e-01 4.954370138252085498e-01 4.945469382672504355e-02 1.163919093721074022e-01
2.968978287618685430e-01 5.841717006398969847e-01 4.374887539727494862e-02 7.518159520095947512e-02
2.588434451121833790e-01 6.536143898389380480e-01 3.945384970410964476e-02 4.808831534476912944e-02
2.204238363354717734e-01 7.123533893675685347e-01 3.662516798339363056e-02 3.059760631356605448e-02
1.804788718130075909e-01 7.637908983292633902e-01 3.590909762188233822e-02 1.982113223584682990e-02
1.433372070368695295e-01 8.073651550581627534e-01 3.599845790919252442e-02 1.329917999577536099e-02
