5.392474354077528842e-01 1.356426988376145115e-01 4.626784815620327979e-02 2.788420175984290816e-01
4.487958314069606658e-02 4.226991339653642932e-01 9.637183848080715931e-02 4.360494444131324809e-01
3.290841444409663835e-02 3.342842068966131452e-01 1.128895033588924596e-01 5.199178753003977915e-01
2.373586143592002970e-02 2.425959330776656653e-01 1.239563869087656062e-01 6.097118185776484456e-01
1.664277434276520418e-02 1.643684868917676956e-01 1.291812113390840844e-01 6.898075274263830714e-01
1.169665298251892915e-02 1.116596336980958670e-01 1.349825266504167953e-01 7.416611866689681865e-01
8.658748278576815227e-03 8.275792875321191788e-02 1.446626287731389293e-01 7.639206941950722474e-01
6.729093637882015665e-03 6.900307258824478485e-02 1.539415220527041439e-01 7.703263117211690547e-01
5.451722573428170390e-03 6.382065932193170532e-02 1.574835788970325168e-01 7.732440392076080915e-01
4.607800261023698753e-03 6.292432230592923115e-02 1.535182231655025653e-01 7.789496542675446999e-01
4.016778071661655271e-03 6.394677188377259625e-02 1.448820985898393032e-01 7.871543514547265641e-01
3.744398628261215965e-03 6.863296647223084135e-02 1.376322783092231439e-01 7.899903565902848257e-01
4.025566408547075030e-03 8.273886257884864592e-02 1.403736006448171036e-01 7.728619703677869213e-01
5.069217622447204016e-03 1.145978856672735108e-01 1.614035481221635371e-01 7.189293485881157464e-01
7.037737038881871320e-03 1.763381828960504105e-01 2.036879390007116652e-01 6.129361410643561214e-01
9.377758710432924222e-03 2.748677658472706842e-01 2.508019003735645902e-01 4.649525750687319992e-01
1.079821721441174415e-02 3.967135435076852845e-01 2.691631660161057926e-01 3.233250732617971024e-01
1.082733010983449179e-02 5.190885775662633650e-01 2.499151728740848510e-01 2.201689194498171742e-01
9.843648744828209507e-03 6.224569997947674294e-01 2.135013810887189667e-01 1.541979703716854777e-01
8.802836995562900863e-03 6.943898845793734509e-01 1.821928869609792390e-01 1.146143914640842670e-01
7.604004452047744868e-03 7.348226803350682568e-01 1.658697074844819597e-01 9.170360772840215058e-02
6.765647560570816829e-03 7.459780029395332024e-01 1.681785113774037221e-01 7.907783812249234712e-02
6.233962803635324963e-03 7.265475478633449669e-01 1.939441631827782953e-01 7.327432615024158380e-02
5.618389549268409076e-03 6.653418501157545295e-01 2.566415162613714940e-01 7.239824407360559433e-02
4.919642912702645345e-03 5.517321054356147947e-01 3.687250535171717192e-01 7.462319813451083472e-02
3.955910471675592663e-03 3.980724871829387501e-01 5.203870597199838910e-01 7.758454262540193103e-02
2.864792514895937638e-03 2.558726019998699974e-01 6.629496564741922393e-01 7.831294901104200734e-02
1.932064962884400081e-03 1.611858360706418247e-01 7.590039305520546176e-01 7.787816841441876081e-02
1.309611291357562881e-03 1.094550324136111669e-01 8.079758172789802684e-01 8.125953901605068030e-02
9.079047537581913475e-04 8.257752072863426551e-02 8.259354827543994304e-01 9.057909176320813605e-02
6.393468699217196754e-04 6.721433282319369540e-02 8.293501554377978868e-01 1.027961648690870339e-01
4.903719677054568619e-04 5.707248552516302337e-02 8.296799532171846847e-01 1.127571892899467271e-01
4.474320444792845622e-04 4.926598233825579126e-02 8.345526527327630228e-01 1.157339328845021359e-01
4.864521263748869113e-04 4.157338435536133553e-02 8.494467691724184588e-01 1.084933943458454148e-01
8.657867123225736553e-04 3.281248940778437595e-02 8.731040386438776446e-01 9.321768523601529910e-02
9.223484173635146518e-04 2.517454040901828324e-02 8.949048565313012515e-01 7.899825464231666206e-02
1.228378638072027311e-03 2.012515015731812171e-02 9.068540757923898576e-01 7.179239541222004473e-02
2.012336144787696575e-03 1.808798416251010399e-02 9.084117305672980702e-01 7.148794912540405722e-02
3.764492096279566710e-03 1.901427096778694065e-02 9.012012008537780838e-01 7.602003608215535113e-02
7.913959473981888385e-03 2.324320333501447844e-02 8.854922143715955318e-01 8.335062281940783246e-02
1.429564227877111807e-02 2.878163899232684397e-02 8.651645271759625944e-01 9.175819155293954421e-02
2.336355739132096529e-02 3.407490821454377955e-02 8.428289866329922164e-01 9.973254776114326425e-02
3.477841066769646328e-02 3.762960958914263188e-02 8.222128516629446660e-01 1.053791280802163915e-01
4.844077049458077322e-02 3.957823473167454420e-02 8.023806686641523633e-01 1.096003261095923748e-01
6.545821221615670538e-02 4.123750016717412509e-02 7.754335173536759385e-01 1.178707702629931964e-01
8.595953910019121791e-02 4.382257670156140816e-02 7.348208337608932439e-01 1.353970504373540884e-01
1.041299961150784631e-01 4.561153115167199817e-02 6.849914235439337196e-01 1.652670491893160898e-01
1.078142207524375035e-01 4.601993878951707306e-02 6.352580875012916461e-01 2.109077529567534304e-01
9.554567179326976800e-02 4.474883923019058046e-02 5.832093083614836582e-01 2.764961806150559864e-01
7.559248273048922717e-02 4.247233721229901754e-02 5.215245926587190883e-01 3.604105873984925767e-01
5.594642380151416267e-02 4.008491997394238171e-02 4.546063558268518823e-01 4.493623003976918162e-01
4.051197115931005205e-02 3.832834036436164049e-02 3.936808650709329727e-01 5.274788234053954250e-01
3.008545243245756493e-02 3.808367127424808901e-02 3.449585954743206728e-01 5.868722808189736906e-01
2.399328882491975554e-02 4.024596865035801052e-02 3.104040864601047556e-01 6.253566560646173222e-01
2.145955119562710858e-02 4.585346115829285613e-02 2.899560357095001262e-01 6.427309519365799195e-01
2.269194526795700884e-02 5.719452439118136167e-02 2.828808388714191824e-01 6.372326914694425026e-01
2.669119799169451107e-02 7.938030083999710051e-02 2.876980741441422240e-01 6.062304270241661852e-01
3.428724551514623908e-02 1.212274668415539020e-01 2.960781797440452667e-01 5.484071078992540649e-01
4.509565808149819388e-02 1.946999954703657887e-01 2.946274949277372657e-01 4.655768515203986269e-01
5.693032448628220638e-02 3.034533093176202123e-01 2.761787233091144156e-01 3.634376428869837139e-01
6.313999557842513155e-02 4.406733803246361547e-01 2.365821295883310249e-01 2.596044945086076194e-01
6.159185369744635957e-02 5.834996175552163988e-01 1.845344806138281279e-01 1.703740481335091761e-01
5.313005294154549835e-02 7.141161613158837351e-01 1.315910617636658342e-01 1.011627239789050503e-01
4.306786256541794700e-02 8.136010388152223882e-01 8.903068724400900469e-02 5.430041137535089601e-02
3.400592796958997605e-02 8.788361826629157436e-01 5.891546026443383183e-02 2.824242910306050403e-02
2.846259619764995169e-02 9.137045754076431603e-01 4.094637285503800045e-02 1.688645553966889104e-02
2.680496790201919444e-02 9.267742737058130009e-01 3.279094454755312332e-02 1.362981384461462234e-02
2.763088668643173471e-02 9.260768597293286275e-01 3.142416469611835489e-02 1.486808888812131413e-02
2.966484298034820222e-02 9.153359388050535950e-01 3.524640767606836145e-02 1.975281053853001831e-02
3.266480021690872093e-02 8.940539267889202613e-01 4.473163518681914225e-02 2.854963780735190332e-02
3.645803182385520119e-02 8.608499341728329535e-01 6.160410939872042191e-02 4.108792460459151363e-02
4.003736448515549107e-02 8.153855984126210377e-01 8.751445095147572517e-02 5.706258615074748936e-02
3.090045571786603218e-01 3.454871864788771063e-01 2.401251440894148770e-01 1.053831122530476255e-01
1.862999546299635902e-03 1.113643916481538571e-01 6.913807801000129150e-01 1.953918287055338987e-01
1.459463454499278744e-03 8.343801548715285010e-02 7.465039992033249971e-01 1.685985218550228593e-01
1.092890578359151377e-03 5.860404653362729505e-02 7.876763847104899519e-01 1.526266781775234005e-01
7.900522951229580447e-04 3.887555109168984446e-02 8.156818058846353470e-01 1.446525907285517443e-01
5.690204163269245918e-04 2.518819136911193413e-02 8.283445505537884168e-01 1.458982376607725617e-01
4.171393051649219426e-04 1.648946852287482348e-02 8.191398286067439471e-01 1.639535635652163148e-01
3.264806787053711246e-04 1.136483140906859035e-02 7.741173452608250960e-01 2.141913426514008845e-01
2.972059314530293289e-04 8.357758060595960395e-03 6.728466808100787011e-01 3.184983551978721739e-01
3.635771126453876657e-04 6.161568579399804256e-03 5.106814943580596511e-01 4.827933599498953621e-01
3.899436045905629606e-04 4.299670234502966752e-03 3.322059783196599225e-01 6.631044078412465792e-01
2.713976692234561011e-04 2.932697872418877760e-03 1.984790496631807788e-01 7.983168547951771110e-01
1.769997012962147077e-04 2.223312778496190113e-03 1.241178963389400480e-01 8.734817911812677860e-01
1.423721073677170509e-04 2.018845844277944879e-03 9.054025111136193571e-02 9.072985309369925311e-01
1.376326433391339454e-04 2.158741863958959107e-03 7.938818424829463538e-02 9.183154412444075598e-01
1.449831699866907433e-04 2.638626027042944959e-03 8.150811833470504586e-02 9.157082724682653607e-01
1.608802118322631204e-04 3.701102841822147098e-03 9.481723030963155885e-02 9.013207866367138887e-01
2.021335381064066667e-04 6.173835771963729832e-03 1.231139063973512582e-01 8.705101242925785687e-01
2.972145999137990480e-04 1.177785033237746526e-02 1.734331772065904609e-01 8.144917578611182707e-01
4.769581730470796865e-04 2.295872723489767592e-02 2.488813428533401262e-01 7.276829717387151009e-01
7.963183844175773752e-04 4.197955653506754009e-02 3.404976755854334791e-01 6.167264494950814857e-01
1.320053477218806857e-03 6.918642282706354008e-02 4.274161082922935395e-01 5.020774154034238768e-01
2.009596887621151705e-03 1.014354275850118392e-01 4.892094861987552057e-01 4.073454893286119760e-01
2.720041483638254744e-03 1.341014938383490451e-01 5.188726755028816306e-01 3.443057891751311050e-01
3.319409437747106086e-03 1.663722730139967632e-01 5.186908758104379347e-01 3.116174417378182460e-01
3.784423190722556972e-03 2.012108927418500004e-01 4.928789590297883438e-01 3.021257250376392922e-01
4.077172163912793496e-03 2.391813271757321779e-01 4.489161234843895842e-01 3.078253771759658086e-01
4.109177814653809137e-03 2.750812666385906713e-01 3.986164521676700545e-01 3.221931033790852994e-01
3.902605257182807565e-03 3.053748066654203286e-01 3.533375548878103789e-01 3.373850331895864585e-01
3.642712585060680665e-03 3.345123618867340554e-01 3.196090708922468271e-01 3.422358546359580700e-01
3.561754644282474035e-03 3.706501538100749893e-01 2.956407067427295754e-01 3.301473848029131131e-01
3.739720862189645396e-03 4.126981885770757419e-01 2.765347712989421614e-01 3.070273192617925528e-01
4.030019009948686975e-03 4.466336657762027817e-01 2.630856547261883338e-01 2.862506604876601801e-01
4.237370851613034284e-03 4.611486049811983623e-01 2.568878164753601867e-01 2.777262076918282085e-01
4.300966079090639237e-03 4.541234609556583646e-01 2.553802506049098198e-01 2.861953223603410090e-01
4.407485117504399488e-03 4.293080653041808081e-01 2.531326949219124822e-01 3.131517546564022147e-01
4.881227092503472031e-03 3.933795468883584112e-01 2.456582208885421670e-01 3.560810051305959845e-01
5.832422500340259108e-03 3.499728847086611139e-01 2.346540312664075756e-01 4.095406615245908988e-01
6.937817092489931281e-03 2.960739315444188557e-01 2.260204122313733410e-01 4.709678391317178581e-01
7.471285277728497570e-03 2.299055638145226232e-01 2.232770189785454884e-01 5.393461319292033318e-01
6.817529966963952609e-03 1.600778074613073976e-01 2.276602488572135041e-01 6.054444137145151839e-01
5.346311656427814307e-03 1.029144821003276089e-01 2.438727189205518175e-01 6.478664873226926968e-01
4.084353336644972951e-03 6.715430709900635509e-02 2.784594289250556520e-01 6.503019106392931015e-01
3.444704937921692824e-03 4.825325721337024587e-02 3.304101800169604863e-01 6.178918578317476040e-01
3.221339207748730692e-03 3.743278017397282803e-02 3.849074001294627290e-01 5.744384804888155172e-01
3.090344275324004991e-03 2.822336417821556462e-02 4.207028878422830465e-01 5.479834037041775296e-01
2.839441485471863938e-03 1.874813087356004548e-02 4.309370437131880838e-01 5.474753839277798351e-01
2.502077709776159842e-03 1.086463592948224213e-02 4.276361034275258932e-01 5.589971829332156528e-01
1.720636006777901371e-03 5.823595570231649213e-03 4.297631548423926362e-01 5.626926135805981888e-01
1.370976710305300567e-03 3.071077579082573741e-03 4.523707886467039363e-01 5.431871570639079660e-01
1.089702182663283055e-03 1.592907138086908404e-03 5.046727449730497028e-01 4.926446457062003681e-01
8.154412677379435518e-04 7.946727425417465795e-04 5.869164555634548419e-01 4.114734304262656628e-01
9.475554265903075564e-04 4.402494525619831474e-04 6.861968142076927402e-01 3.124153809131551274e-01
5.368106129319852012e-04 2.175243484981193595e-04 7.776530868675245456e-01 2.215925781710453013e-01
3.480178270919459830e-04 1.286751956562004397e-04 8.371986724146860404e-01 1.623246345625657117e-01
2.963978419664606376e-04 1.035997598958277082e-04 8.629506411119384213e-01 1.366493612861994222e-01
3.302678092856241657e-04 1.118845575170878900e-04 8.613698512291515508e-01 1.381879964040455266e-01
4.566017198680230485e-04 1.465999396650796032e-04 8.304970388717461960e-01 1.688997594687205728e-01
7.559605126721743182e-04 2.129634996269148600e-04 7.576791054377028933e-01 2.413519705499980461e-01
8.161508464775694320e-04 2.550616598321216156e-04 6.330870476426079252e-01 3.658417398510821483e-01
1.108072991779038329e-03 3.209897499139742743e-04 4.770372411579241190e-01 5.215336961003826932e-01
1.381604681653466563e-03 3.850992040289987948e-04 3.375453461024338075e-01 6.606879500118837401e-01
1.677600917118871960e-03 4.713092460515056641e-04 2.422128442750285382e-01 7.556382455618012584e-01
2.063469967954806219e-03 6.103643466609616139e-04 1.881431803120416080e-01 8.091829853733421007e-01
2.545318848511570874e-03 8.320577798115378048e-04 1.629693016104926118e-01 8.336533217611840074e-01
3.689241776997023801e-03 1.261870691101358438e-03 1.579990432510927356e-01 8.370498442808087525e-01
3.764722865489301181e-03 1.752987139226563559e-03 1.690037983908438124e-01 8.254784916044396459e-01
4.579700327242169043e-03 2.633505294396888338e-03 1.889192400637756397e-01 8.038675543145852309e-01
5.506459394040476470e-03 3.826572423544570816e-03 2.069229240137477888e-01 7.837440441686669423e-01
6.385665397745292002e-03 5.135664602600034830e-03 2.129487432759420151e-01 7.755299267237125704e-01
7.064812038040162341e-03 6.280644343518310309e-03 2.012560191309598068e-01 7.853985244874818195e-01
8.053305515161949743e-03 7.229810950841506802e-03 1.736210221131933018e-01 8.110958614208032547e-01
9.280533056849702422e-01 5.867555486703185386e-02 8.684875001790767074e-03 4.586264446207060502e-03
1.189417717692188986e-01 4.063389994458891374e-01 1.405351243437510667e-01 3.341841044411409389e-01
1.152915376809125481e-01 3.870325491495874570e-01 1.513932181552538059e-01 3.462826950142464666e-01
1.169919949407690063e-01 3.759040598622339635e-01 1.619968323855149606e-01 3.451071128114822084e-01
1.236856266332817533e-01 3.763487716308722697e-01 1.745881470431306648e-01 3.253774546927156175e-01
1.359452008735135553e-01 3.856267229750754977e-01 1.891600023103408579e-01 2.892680738410700614e-01
1.504744445870645764e-01 4.052694030603141151e-01 1.984233631786094798e-01 2.458327891740113569e-01
1.710677548718385621e-01 4.183736888509906326e-01 2.031791254982775186e-01 2.073794307788930091e-01
1.988984074990639006e-01 4.136462427802132247e-01 2.046853667090900719e-01 1.827699830116326640e-01
2.352372087021636360e-01 3.841719539343185219e-01 2.057363281867783944e-01 1.748545091767398363e-01
2.807601424046503591e-01 3.343235476217410462e-01 2.051650821475787256e-01 1.797512278260300078e-01
3.375923615750685558e-01 2.737233872691384184e-01 1.998218204590417046e-01 1.888624306967515154e-01
4.037653365621718948e-01 2.122182124997846475e-01 1.888809701138055297e-01 1.951354808242380112e-01
4.788932941932520504e-01 1.571595743783915644e-01 1.681092312752575646e-01 1.958379001530990982e-01
5.513459294460810733e-01 1.153728674547620514e-01 1.408469339904162565e-01 1.924342691087409796e-01
6.083993078431508827e-01 9.018009768666124248e-02 1.143133542631299959e-01 1.871072402070582397e-01
6.415664147044904952e-01 8.111463528354004304e-02 9.641529275432710044e-02 1.809036572576425417e-01
6.507967213755029290e-01 8.619321776513104438e-02 8.809853934778365259e-02 1.749115215115823740e-01
6.383659015276615945e-01 1.039636758148720780e-01 8.553607739707407009e-02 1.721343452603926183e-01
6.055667907022963536e-01 1.341662530854456636e-01 8.459171419908567691e-02 1.756752420131719172e-01
5.587693321031157456e-01 1.760471784050547939e-01 8.289560874960763548e-02 1.822878807422218528e-01
5.222672094542349930e-01 2.208343395475926840e-01 7.622921990890330068e-02 1.806692310892689113e-01
5.173402535126531143e-01 2.557151880258916599e-01 6.430676757846041924e-02 1.626377908829950147e-01
5.460957393633125712e-01 2.738558346675269983e-01 4.954301389547420553e-02 1.305054120736863221e-01
6.007621383133623372e-01 2.720856400152276144e-01 3.465749387777600221e-02 9.249472779363386576e-02
6.625760998573492211e-01 2.563307924853993058e-01 2.241894598547517284e-02 5.867416167177602615e-02
7.154863316643380600e-01 2.344735785612047652e-01 1.476073460186379943e-02 3.527935517259359055e-02
7.566093235160195052e-01 2.120969359792153897e-01 1.010670789712919335e-02 2.118703260763588059e-02
7.860122334206517403e-01 1.938101539997653944e-01 7.284850003896921680e-03 1.289276257568546490e-02
8.046128681807938055e-01 1.817333094074765343e-01 5.573102572233283244e-03 8.080719839496559170e-03
8.158835891333776624e-01 1.741225465003811701e-01 4.583726161464997395e-03 5.410138204776438094e-03
8.266202833301714570e-01 1.652787663587585443e-01 4.090148768821426709e-03 4.010801542248493105e-03
8.418806601874440076e-01 1.507962364243737030e-01 3.956147255655246241e-03 3.366956132527110322e-03
8.612480504527707525e-01 1.313887263368712921e-01 4.110245464589326429e-03 3.252977745768639330e-03
8.810528887672798293e-01 1.106851046474863626e-01 4.541149916663868476e-03 3.720856668570039858e-03
8.965934939524544678e-01 9.288658615690191522e-02 5.311076826857137091e-03 5.208843063786350661e-03
9.031799699531278813e-01 8.148916564886073133e-02 6.550664740102525585e-03 8.780199657908957164e-03
8.998704240732281479e-01 7.592957293167497401e-02 8.315772387543707983e-03 1.588423060755342342e-02
8.888845307102460902e-01 7.320244963971518637e-02 1.054306226739607985e-02 2.736995738264277889e-02
8.723639065076038701e-01 7.126372523702939610e-02 1.312316810938149794e-02 4.324920014598505197e-02
8.511956605443546930e-01 6.939905002534520195e-02 1.592205207479168230e-02 6.348323735550860658e-02
8.264840941311701883e-01 6.700053639286633611e-02 1.874185408989218274e-02 8.777351538607143511e-02
8.002263440780317261e-01 6.332193277631791017e-02 2.135659546370491380e-02 1.150951276819457553e-01
7.747821555161977791e-01 5.842474153812354104e-02 2.344769664370300113e-02 1.433454063019756197e-01
7.531250439775102334e-01 5.316929914835598348e-02 2.457681658861751370e-02 1.691288402855163631e-01
7.364157057281390806e-01 4.876966676299734210e-02 2.457158964738757889e-02 1.902430378614760054e-01
7.242818116023668207e-01 4.636780175104486534e-02 2.360711987660177313e-02 2.057432667699865270e-01
7.188850404369246938e-01 4.643403068127767430e-02 2.202728394075868096e-02 2.126536449410392215e-01
7.232403836448461076e-01 4.852713295744481847e-02 2.023521238692261442e-02 2.079972710107863276e-01
7.380932785934105622e-01 5.179058407450220364e-02 1.854007365001418897e-02 1.915760636820732499e-01
7.622721113404685722e-01 5.482240068517949677e-02 1.694927592425935284e-02 1.659562120500926163e-01
7.915987353084104061e-01 5.569872457905021557e-02 1.525924790914000295e-02 1.374432922033994864e-01
8.196306193973036391e-01 5.431432769719419379e-02 1.349043185848945378e-02 1.125646210470127723e-01
8.426724584238224347e-01 5.216301089420827264e-02 1.178553755620087747e-02 9.337899312576800059e-02
8.611615909311191031e-01 4.986826500777302024e-02 1.018211799547057324e-02 7.878802606563711786e-02
8.753505349559485005e-01 4.751402183983868127e-02 8.762863082207406756e-03 6.837258012200528312e-02
8.845825439618614228e-01 4.557276014074249787e-02 7.632582911591815657e-03 6.221211298580407029e-02
8.890249099593655613e-01 4.476918746694609486e-02 6.807431713133050948e-03 5.939847086055525388e-02
8.890583631930449870e-01 4.591462038850572386e-02 6.266134030920262471e-03 5.876088238752894682e-02
8.828748134656957403e-01 5.046058563087353621e-02 6.069797658876539305e-03 6.059480324455417122e-02
8.676762640817760053e-01 5.988357563848364234e-02 6.285380598343781773e-03 6.615477968139665821e-02
8.420143448821197918e-01 7.447709283171594086e-02 6.915208269124414539e-03 7.659335401703984414e-02
8.055091988718706686e-01 9.314770828766838484e-02 7.950443095198872837e-03 9.339264974526216567e-02
7.565319347001567829e-01 1.148674204057798104e-01 9.482449171809738744e-03 1.191181957222536142e-01
6.950868477212363006e-01 1.383804693873028346e-01 1.153647511682300182e-02 1.549962077746381006e-01
6.346015592656427673e-01 1.581305283998474531e-01 1.369070901976734110e-02 1.935772033147424298e-01
5.928436102455747481e-01 1.726544097676356304e-01 1.583323478052729716e-02 2.186687452062620052e-01
5.834280240323255207e-01 1.795989444873647700e-01 1.782953493457067190e-02 2.191434965457389195e-01
5.992934730810730581e-01 1.822365909626365021e-01 1.967487879781861307e-02 1.987950571584720105e-01
6.254806650480515540e-01 1.832883105339082053e-01 2.099731332009248039e-02 1.702337110979476043e-01
6.427234284472774783e-01 1.917626691492269331e-01 2.211346013021420198e-02 1.434004422732813588e-01
6.399353265212347486e-01 2.122135602471927340e-01 2.356403587330360705e-02 1.242870773582687993e-01
3.625608866940255998e-02 3.633997773833531897e-02 8.982614404898447980e-01 2.914249310241705596e-02
9.324223734302760930e-05 5.755026513054243539e-05 7.780858838384507523e-03 9.920683486591420630e-01
5.041151595697895995e-05 2.850603136069999115e-05 5.368544145933742788e-03 9.945525383067483904e-01
2.969980270834898339e-05 1.579690663368327536e-05 3.993794706945543067e-03 9.959607085837127727e-01
1.961609350768387869e-05 1.000419388900625792e-05 3.230492812966296017e-03 9.967398868996369954e-01
1.469387012450374625e-05 7.286810353133188330e-06 2.835529831187681444e-03 9.971424894883349488e-01
1.277786433414719790e-05 6.322591674229547103e-06 2.751898753043012080e-03 9.972290007909484499e-01
1.320673684317153268e-05 6.706081446982913845e-06 2.961293354525709829e-03 9.970187938271840578e-01
1.615378602230428445e-05 8.484443615282478667e-06 3.440227180378334793e-03 9.965351345899838842e-01
2.234712653827475653e-05 1.209769161465809430e-05 4.187130714616100514e-03 9.957784244672309715e-01
3.261380399365995192e-05 1.839023453075183261e-05 5.235179580764650308e-03 9.947138163807108802e-01
4.708168546460934787e-05 2.841448614786539858e-05 6.622146176347278555e-03 9.933023576520402242e-01
6.665088946425311279e-05 4.387243872285013217e-05 8.408643823445159649e-03 9.914808328483677435e-01
9.374061838465455208e-05 6.720219958980183715e-05 1.062472297763318585e-02 9.892143342043921983e-01
1.324490682007966864e-04 1.039406034986212050e-04 1.348747374500582075e-02 9.862761365832943827e-01
1.994417580225505077e-04 1.759712232001109540e-04 1.803754825968359801e-02 9.815870387590936996e-01
3.536735356597263597e-04 3.535956984602374605e-04 2.652009131864081423e-02 9.727726394472391291e-01
1.280542342551148490e-04 5.100175355868692809e-05 4.117998304206949706e-02 9.586409609701166401e-01
1.814774613404865214e-04 8.241945037822085394e-05 6.123465910350541636e-02 9.385014439847761958e-01
2.496918271342648534e-04 1.428497674755416019e-04 8.384153603317986980e-02 9.157659223722102171e-01
3.263371476407709768e-04 2.483403813911425149e-04 1.070646472360010787e-01 8.923606752349669824e-01
3.984088243032672975e-04 4.078136370632785748e-04 1.291881287594365546e-01 8.700056487791967275e-01
4.564283630199089344e-04 6.263035508390881389e-04 1.484117211818557769e-01 8.505055469042850369e-01
5.057701112460304040e-04 9.049978222563224333e-04 1.632746551584006445e-01 8.353145769080968508e-01
5.561808267922217948e-04 1.209253384206781167e-03 1.730612617723770452e-01 8.251733040166241429e-01
6.020670825412179680e-04 1.442420885736360589e-03 1.753650597577484371e-01 8.225904522739742042e-01
6.268278833503806297e-04 1.528237757144327918e-03 1.665558230367352177e-01 8.312891113227702800e-01
6.132613740640409546e-04 1.463145292929033574e-03 1.478481282374643213e-01 8.500754650955426595e-01
5.710104641572920792e-04 1.315226166315451714e-03 1.271337982233103070e-01 8.709799651462167835e-01
5.350186619834008820e-04 1.175594131245836539e-03 1.116403267247309677e-01 8.866490604820396193e-01
5.276949938469887484e-04 1.077945400684425167e-03 1.007986013151336291e-01 8.975957582903348886e-01
5.463763994756806177e-04 1.003446857171834015e-03 9.177599526193017110e-02 9.066741814814220923e-01
5.864860302674044634e-04 9.381355365347781835e-04 8.487478916122905004e-02 9.136005892719689658e-01
6.464970840503025257e-04 8.712324228093230307e-04 7.980249715785389664e-02 9.186797733352866091e-01
7.199382866855267085e-04 7.914348998060251935e-04 7.436654753382911098e-02 9.241220792796792649e-01
8.096048012647870601e-04 7.127697690809671298e-04 6.740209200050323313e-02 9.310755334291511698e-01
9.316433236386872582e-04 6.619883347923942929e-04 6.083811677649565708e-02 9.375682515650730631e-01
1.078800023912470296e-03 6.452542878630694806e-04 5.755338395421114028e-02 9.407225617340135848e-01
1.184328955175221586e-03 6.430011574487916673e-04 5.936015647244961141e-02 9.388125134149265527e-01
1.208818874281908330e-03 6.489553441554792848e-04 6.718590663997266177e-02 9.309563191415903827e-01
1.221078397701897897e-03 6.884272784205590964e-04 8.184339360632356120e-02 9.162471007175537752e-01
1.299419150915158199e-03 7.951820894922781349e-04 1.039557927036674628e-01 8.939496060559252166e-01
1.506861761568818606e-03 1.026050813744950685e-03 1.343114050720468633e-01 8.631556823526395084e-01
1.343510456443653290e-03 1.399105912953493283e-03 1.746476554881943033e-01 8.226097281424085139e-01
1.886613227538530644e-03 2.217583156136806576e-03 2.232196825343005231e-01 7.726761210820243253e-01
2.821775108869395594e-03 3.592164394395413584e-03 2.744250629549581100e-01 7.191609975417774248e-01
4.269558328046901829e-03 5.653041787532153348e-03 3.229056217214080760e-01 6.671717781630126520e-01
6.269615102160816349e-03 8.454971118324791299e-03 3.667689322412857611e-01 6.185064815382284031e-01
9.376817289775711203e-03 1.231195128211566570e-02 4.074414119124737943e-01 5.708698195156347577e-01
1.269973220433296551e-02 1.790010833888131675e-02 4.479438971351320520e-01 5.214562623216540960e-01
1.701581118449276703e-02 2.553790828170724933e-02 4.881539547207689456e-01 4.692923258130310415e-01
2.186050158260258169e-02 3.420020404022468263e-02 5.246079443412713372e-01 4.193313500359012735e-01
2.706675964367224324e-02 4.298094165302283887e-02 5.499462167305294580e-01 3.800060819727751338e-01
3.480749693722623439e-02 5.366997031779659894e-02 5.511546335391283025e-01 3.603678992058490516e-01
4.901001657592918281e-02 6.817040768976939669e-02 5.193197043075387098e-01 3.634998714267623776e-01
7.348399046363018883e-02 8.478246464785221814e-02 4.605992369756256588e-01 3.811343079128918232e-01
1.102215589341191265e-01 9.838907485875367231e-02 3.935927726093078061e-01 3.977965935978193257e-01
1.564331109896897609e-01 1.037905593744171961e-01 3.343054766456868832e-01 4.054708529902059655e-01
2.024820863954223671e-01 9.932272887269909256e-02 2.857625302036629344e-01 4.124326545282154255e-01
2.371547433670915805e-01 8.820730742885096731e-02 2.447519667498075369e-01 4.298859824542498043e-01
2.552821014794563470e-01 7.535707769627371377e-02 2.090100768758746674e-01 4.603507439483950359e-01
2.579685238479667575e-01 6.323514447033974639e-02 1.772051704507647263e-01 5.015911612309291723e-01
2.484838562845550491e-01 5.201352822200260018e-02 1.478095226488486402e-01 5.516930928445935578e-01
2.260250881112866317e-01 4.133244664415955394e-02 1.206793849783208694e-01 6.119630802662324731e-01
1.898915181897686266e-01 3.156586050346937150e-02 9.634714800636168253e-02 6.821954733004002014e-01
1.468506492953433329e-01 2.363238839513102235e-02 7.544695364621251121e-02 7.540700086633129740e-01
1.075944221272942813e-01 1.793730821017742658e-02 5.831525097200138119e-02 8.161530186905270323e-01
7.617090066016833638e-02 1.388310358880290654e-02 4.413117225400243343e-02 8.658148234970264312e-01
5.121865428870679693e-02 1.070039176241463323e-02 3.244569408710377273e-02 9.056352598617745109e-01
3.257661376682863957e-02 8.066394133971348940e-03 2.345956345554613132e-02 9.358974286436535506e-01
2.025280164998239513e-02 5.934615695014044436e-03 1.714292157299855679e-02 9.566696610820050184e-01
1.292626023314176302e-02 4.347229490557336269e-03 1.326458318005695886e-02 9.694619270962437918e-01
6.292912242962230007e-02 3.078551925355590413e-01 1.633862897414951609e-01 4.658293952933231785e-01
6.034304822205772967e-02 3.279177043610979614e-01 1.871614793830440604e-01 4.245777680338003734e-01
5.609360905095516631e-02 3.521660746753209059e-01 2.047213116030751068e-01 3.870190046706486475e-01
5.073726348972107392e-02 3.810297179231164066e-01 2.124064284950691051e-01 3.558265900920934421e-01
4.584413060292436004e-02 4.169274178308484124e-01 2.115096604005501646e-01 3.257187911656771462e-01
4.273372319514789214e-02 4.590934736766871249e-01 2.060971270835645075e-01 2.920756760446003852e-01
4.213024726425833311e-02 5.023055006890516649e-01 2.005888673883390039e-01 2.549753846583509009e-01
4.380787380075971960e-02 5.399854616412645969e-01 1.985890868877070448e-01 2.176175776702687636e-01
4.679059791564948306e-02 5.658777399316008427e-01 2.029074251388072736e-01 1.844242370139425324e-01
4.902695057417336827e-02 5.801699249941646430e-01 2.108043168057512073e-01 1.599988076259106773e-01
5.057315651358590403e-02 5.765190510128117563e-01 2.260036837813576283e-01 1.469041086922447392e-01
5.328757145744163898e-02 5.512276945582582632e-01 2.520831255467628207e-01 1.434016084375374089e-01
5.776214733695681641e-02 5.077327229580336221e-01 2.901976273282156349e-01 1.443075023767937948e-01
6.395396420720871056e-02 4.488713327739460857e-01 3.419975343921144995e-01 1.451771686267314121e-01
6.886971295671946713e-02 3.762858353154518998e-01 4.093423183195625814e-01 1.455021334082661488e-01
6.876992043418710121e-02 2.962060661735728684e-01 4.888352510037802245e-01 1.461887623884599030e-01
6.147298038632782041e-02 2.219563247171315590e-01 5.684374295721440484e-01 1.481332653243966069e-01
5.091506547592251908e-02 1.609701873554665041e-01 6.375162628416797261e-01 1.505984843269315976e-01
3.849103145054027370e-02 1.159005754146391481e-01 6.943828413879906680e-01 1.512255517468301114e-01
2.788283823932736008e-02 8.317846739398683520e-02 7.401312906902627331e-01 1.488074036764233388e-01
2.053735331493342781e-02 6.059670533019435174e-02 7.742238375366544689e-01 1.446421038182174879e-01
1.588352540229147347e-02 4.532104212966044793e-02 7.976888501715143631e-01 1.411065822965338612e-01
1.259281902270012118e-02 3.447262571736239151e-02 8.135722883122118443e-01 1.393622669477255771e-01
2.310504514345183835e-02 2.294195008231758870e-01 3.855756451333598456e-01 3.618998089000123874e-01
2.317914272885927482e-02 2.240638635956138658e-01 4.255816474704680608e-01 3.271753462050590588e-01
2.379793480296776495e-02 2.244387644625644163e-01 4.546240449907064107e-01 2.971392557437615434e-01
2.513772574109673918e-02 2.249610372159118465e-01 4.684704722535692478e-01 2.814307647894223052e-01
2.713131102858481331e-02 2.232232223495514145e-01 4.717053774009008493e-01 2.779400892209628604e-01
2.882417936905013606e-02 2.189113324298955776e-01 4.788333365268010455e-01 2.734311516742533588e-01
2.858235442903590134e-02 2.114085834747788661e-01 5.014613430067352828e-01 2.585477190894500121e-01
2.564109736575016091e-02 1.984989284742408877e-01 5.436903569026391159e-01 2.321696172573699257e-01
2.079912186718387360e-02 1.779257281584688266e-01 6.042995878186424585e-01 1.969755621557045533e-01
1.549613188869925287e-02 1.524130141702610963e-01 6.738704793788664604e-01 1.582203745621729440e-01
1.085211384350657712e-02 1.272613813031417129e-01 7.372707527570158126e-01 1.246157520963360882e-01
7.393585181952606888e-03 1.061232588427192675e-01 7.834211476332416657e-01 1.030620083420865224e-01
5.197820557175687230e-03 9.001545443819654324e-02 8.116512560708256663e-01 9.313546893380236780e-02
3.990906066003956434e-03 7.773443297982347844e-02 8.275346506161084248e-01 9.074001033806369798e-02
3.333728050259610921e-03 6.675996557886867966e-02 8.384489442982230312e-01 9.145736207264887341e-02
2.942913254152388063e-03 5.676305224246978171e-02 8.466977289993294908e-01 9.359630550404839100e-02
2.744501509520441349e-03 5.029485062210074797e-02 8.482308196363947950e-01 9.872982823198404867e-02
2.960164627369742466e-03 4.969389339993896676e-02 8.392561427094219484e-01 1.080897992632691984e-01
2.902934005812074156e-03 5.102654941272716932e-02 8.266108895795578615e-01 1.194596270019032680e-01
2.717205391746539168e-03 5.134877492051439368e-02 8.146700228428641610e-01 1.312639968448750527e-01
2.509893368145967290e-03 4.831156554870906505e-02 8.022058029626202291e-01 1.469727381205246930e-01
2.228651716135295925e-03 4.285023465176691221e-02 7.847758510775054708e-01 1.701452625545924191e-01
2.266582312754394056e-03 3.332243211688543788e-02 7.642148160210378016e-01 2.001961695493224280e-01
2.202600256932543688e-03 2.284909901788300182e-02 7.397824685534134526e-01 2.351658321717708389e-01
2.007107813735158411e-03 1.438924326288434745e-02 7.123609371583117245e-01 2.712427117650684782e-01
1.770418154792062146e-03 9.090697413204810659e-03 6.889213882838204350e-01 3.002174961481822169e-01
1.545876666191891430e-03 6.162553738250303205e-03 6.755690670642779949e-01 3.167225025312797038e-01
1.334345095608386027e-03 4.585315701255032739e-03 6.675421444297326978e-01 3.265381947734035673e-01
1.158314776769167132e-03 3.770169912900122548e-03 6.566628622888732725e-01 3.384086530214572841e-01
1.043538013492518622e-03 3.460056019335998063e-03 6.380593550543161019e-01 3.574370509128554918e-01
9.892113136132437042e-04 3.540662495027084838e-03 6.156184979323743311e-01 3.798516282589852189e-01
9.561129732558320020e-04 3.893153470918006738e-03 6.020424594706723642e-01 3.931082740851537527e-01
8.861375331308662257e-04 4.291771917674343413e-03 6.100629767381553492e-01 3.847591138110393882e-01
7.777481204817004437e-04 4.598940281575279732e-03 6.409159991879254115e-01 3.537073124100172383e-01
6.806609452975631320e-04 4.800914559528802507e-03 6.828643410505901290e-01 3.116540834445836738e-01
6.301487803205128206e-04 4.950837065009207685e-03 7.240729942173247391e-01 2.703460199373454165e-01
6.502861606737746604e-04 5.280099281250922628e-03 7.584131953653405755e-01 2.356564191927344454e-01
7.830322387526975373e-04 6.103811783872526570e-03 7.813968278594750627e-01 2.117163281178994771e-01
1.108961144937952803e-03 7.773542644604618419e-03 7.916341366371335564e-01 1.994833595733236931e-01
1.756146547532074246e-03 1.076427265828149189e-02 7.909109535483290765e-01 1.965686272458571915e-01
2.908350854280002291e-03 1.578038955725366219e-02 7.818465722194285483e-01 1.994646873690378575e-01
4.913365396636993482e-03 2.436366305969243570e-02 7.675678499501866758e-01 2.031551215934841170e-01
8.563521195993633803e-03 4.044487515414618706e-02 7.458479641508654057e-01 2.051436394989945844e-01
1.551011955024319752e-02 7.208422566941294352e-02 7.026723444500340143e-01 2.097333103303097024e-01
2.840542197645160721e-02 1.278345975254370492e-01 6.215622075392959189e-01 2.221977729588153760e-01
4.990596315551394657e-02 2.007444963208306621e-01 5.072126086171300230e-01 2.421369319065251047e-01
8.286948861719198312e-02 2.610565514735930792e-01 3.918422942447122859e-01 2.642316656645025685e-01
1.300814158873711823e-01 2.868149109231213911e-01 3.035071142394107913e-01 2.795965589500965520e-01
1.959061856907165222e-01 2.830638015064091406e-01 2.452864362631070883e-01 2.757435765397673877e-01
2.758095618356931067e-01 2.686612137864097249e-01 2.113665552976538298e-01 2.441626690802430333e-01
3.616570816426999957e-01 2.545147080659749816e-01 1.933004120039075180e-01 1.905277982874173937e-01
4.345409690954311066e-01 2.477355197698112854e-01 1.823640104097444259e-01 1.353595007250129878e-01
4.713465343803815433e-01 2.606111862836194004e-01 1.727823425470693675e-01 9.525993678892998029e-02
4.637667761732917060e-01 3.040894980127159530e-01 1.601158513182009135e-01 7.202787449579131640e-02
4.204328551017202376e-01 3.785757213943609090e-01 1.407793561765296464e-01 6.021206732738920014e-02
3.551073500348129741e-01 4.720233587187387392e-01 1.174001381240586395e-01 5.546915312238926560e-02
2.889464886175388547e-01 5.583308221575561392e-01 9.668728493669281887e-02 5.603540428821240232e-02
2.390605819960952838e-01 6.163991548129910125e-01 8.409325142945713039e-02 6.044701176145700350e-02
2.124456846203218729e-01 6.397151069175339710e-01 7.954556965874369501e-02 6.829363880340072468e-02
2.025110723598499973e-01 6.335520370838666482e-01 8.167250966642171373e-02 8.226438088986169628e-02
1.973153559612485786e-01 6.043114075766371496e-01 9.008261615194505800e-02 1.082906203101692139e-01
1.879627310835055576e-01 5.538297515236162427e-01 1.038709183272810976e-01 1.543365990655970743e-01
1.750789542854437608e-01 4.811959467065733409e-01 1.184990718293140732e-01 2.252260271786687695e-01
1.632268038975142610e-01 3.997224897736520455e-01 1.254059057128893984e-01 3.116448006159445727e-01
1.551905085231736203e-01 3.352066948450044825e-01 1.175602489946579038e-01 3.920425476371637852e-01
1.506730403977694366e-01 2.959684113169804842e-01 1.023271529703545651e-01 4.510313953148954447e-01
1.479190769669622429e-01 2.812235459593042108e-01 8.630575487093848641e-02 4.845516222027950182e-01
1.452516758214869308e-01 2.862055895392164317e-01 7.343505819100241971e-02 4.951076764482946202e-01
1.413327462122137557e-01 3.052922186936065096e-01 6.410797146825986115e-02 4.892670636259197070e-01
1.343128869988243212e-01 3.284417714538461208e-01 5.761423866630859675e-02 4.796311028810211208e-01
1.232410276038347074e-01 3.412785466973984883e-01 5.366860605349822733e-02 4.818118196452682023e-01
1.107912271302491231e-01 3.348210604524539669e-01 5.153597372769956608e-02 5.028517386895972052e-01
1.006311262857968875e-01 3.130923685814068214e-01 5.040447834183783837e-02 5.358720267909581336e-01
9.469521421975152231e-02 2.882516340340315897e-01 5.030942041779729035e-02 5.667437313284197087e-01
9.278946373376741052e-02 2.708525957351597402e-01 5.104530720674652078e-02 5.853126333243268142e-01
9.355085887018645130e-02 2.679500925343734075e-01 5.165534913342172130e-02 5.868436994620181979e-01
9.569340566378847779e-02 2.850539898670483296e-01 5.137740357712455852e-02 5.678752008920388006e-01
9.746892240441687449e-02 3.287720279840095627e-01 4.989475666018280270e-02 5.238642929513906976e-01
9.635303988937816977e-02 4.046168276939682840e-01 4.722095180954058447e-02 4.518091806071128369e-01
9.009186737517999033e-02 5.059864617728687675e-01 4.310193868295548320e-02 3.608197321689955994e-01
7.870053166654226995e-02 6.149544831440625359e-01 3.727799351540869027e-02 2.690669916739863998e-01
6.521467522520120463e-02 7.175969429446299452e-01 3.020948205039669654e-02 1.869788997797718344e-01
5.449632227198554502e-02 8.021939345189897930e-01 2.323687285894485491e-02 1.200728703500795191e-01
4.893870166045143077e-02 8.598231927022463861e-01 1.766664212798496961e-02 7.357146350931755008e-02
4.874095142535617847e-02 8.916271706066164482e-01 1.420542439432288112e-02 4.542645357370417997e-02
5.101082569768668196e-02 9.083349863505530974e-01 1.215583968808507491e-02 2.849834826367540763e-02
5.291690893939460932e-02 9.185772686912261342e-01 1.052408236381814112e-02 1.798174000556099217e-02
5.027201702978414261e-02 9.283791570091493028e-01 9.785128956585056534e-03 1.156369700448167323e-02
4.528832068159864555e-02 9.371290970339879456e-01 9.584885979427458860e-03 7.997696304985911844e-03
