4.233494363074356559e-01 2.352304199032669296e-01 2.176271597585947570e-01 1.237929840307027685e-01
3.718531484154870975e-02 4.751619279567827481e-01 1.259252630062765166e-01 3.617274941953920186e-01
3.063978664208983141e-02 4.019305039152333836e-01 1.575578189504972249e-01 4.098718904921795358e-01
2.582353155488656404e-02 3.189257381002452707e-01 1.922530900859794056e-01 4.629976402588885653e-01
2.191250881639841483e-02 2.406565224973579442e-01 2.252320675679291839e-01 5.121989011183145646e-01
1.886807466294348340e-02 1.821363487950815041e-01 2.532419372653813561e-01 5.457536392765938160e-01
1.668987549895359704e-02 1.482995761954319092e-01 2.772391680873939612e-01 5.577713802182203695e-01
1.485648823943727659e-02 1.340903336706809335e-01 2.988370307292493866e-01 5.522161473606322923e-01
1.323614478235053682e-02 1.332731880573061745e-01 3.141062949235235435e-01 5.393843722368193427e-01
1.191999916861683807e-02 1.405856444435862884e-01 3.175782333183691519e-01 5.299161230694280356e-01
1.084120405010867948e-02 1.524086633669284874e-01 3.088484401338748575e-01 5.279016924490879115e-01
1.018455747762687762e-02 1.703568399590294491e-01 2.913289030145507774e-01 5.281296995487931856e-01
1.020621248647331399e-02 2.010805455316801438e-01 2.742174339236178593e-01 5.144958080582284765e-01
1.078916579874386085e-02 2.523858270075583499e-01 2.672788112752923495e-01 4.695461959184054068e-01
1.161615553429095303e-02 3.320963596658689787e-01 2.668212228374392536e-01 3.894662619624011946e-01
1.211413801596268082e-02 4.398944992352886718e-01 2.546872091091662571e-01 2.933041536395821769e-01
1.167732322652860130e-02 5.575673985141036404e-01 2.219809874494012292e-01 2.087742908099664285e-01
1.050915048530588584e-02 6.618072429838840476e-01 1.810532712727763727e-01 1.466303352580337338e-01
8.130826180730528485e-03 7.439839790635498495e-01 1.430813326984971545e-01 1.048038620572225299e-01
6.169632461355080422e-03 7.983743123734986513e-01 1.166544786775199072e-01 7.880157648762625699e-02
4.823450348364133507e-03 8.281774330636006987e-01 1.031124251937121650e-01 6.388669139432312516e-02
3.985483461309875450e-03 8.389063101411018408e-01 1.009632317874045032e-01 5.614497461018384816e-02
3.497431751461878031e-03 8.328486074589351862e-01 1.103724507509867003e-01 5.328151003861616997e-02
3.251758123691347088e-03 8.061353490218234885e-01 1.357903223441651319e-01 5.482257051032018297e-02
3.306647248224638125e-03 7.487672573483378224e-01 1.858676666732505256e-01 6.205842873018700689e-02
3.239733291653361467e-03 6.491771589524124586e-01 2.704211604681014958e-01 7.716194728783312695e-02
3.416175324292656124e-03 5.163896293198727561e-01 3.818560740216485061e-01 9.833812133418631807e-02
3.464151878053016963e-03 3.818592302413930106e-01 4.950728082521568263e-01 1.196038096283971175e-01
3.271284986937001912e-03 2.725491153064544814e-01 5.863636086468013708e-01 1.378159910598071858e-01
2.790633027420401716e-03 1.938706005026980539e-01 6.510181020684373543e-01 1.523206644014443722e-01
2.158184001510793284e-03 1.385890259705494509e-01 6.981213689810638057e-01 1.611314210468760555e-01
1.664076284497216810e-03 9.970532017213741549e-02 7.347320245345446699e-01 1.638985790088207939e-01
1.490471063932029315e-03 7.290900087260715479e-02 7.617656346651666688e-01 1.638348933982942679e-01
1.682584060043956125e-03 5.367688917386040370e-02 7.819971446367709467e-01 1.626433821293245818e-01
2.297092037526534975e-03 3.865894470764306284e-02 7.984195616630543890e-01 1.606244015917761003e-01
3.528354529870826508e-03 2.745404198953318997e-02 8.067019039767614474e-01 1.623156995038345651e-01
5.853219766102052239e-03 2.022738584178682478e-02 8.012118869138256105e-01 1.727075074782852548e-01
1.035364885137263907e-02 1.647800774872501192e-02 7.801498126399503130e-01 1.930185307599521782e-01
1.903321502640391988e-02 1.546799823644563407e-02 7.455195558689329260e-01 2.199792308682174680e-01
3.393119376351140526e-02 1.630209640328891818e-02 7.048232390573431205e-01 2.449434707758566254e-01
5.522981199704313920e-02 1.779016951209137776e-02 6.679186112180116597e-01 2.590614072728536499e-01
8.107027338390956905e-02 1.868186587054338973e-02 6.408423954293902547e-01 2.594054653161566026e-01
1.089346793105092082e-01 1.842791882040931487e-02 6.250695706664634033e-01 2.475678312026181882e-01
1.369416211008924744e-01 1.722060973161852054e-02 6.141279994421907640e-01 2.317097697252982480e-01
1.698979695702804993e-01 1.625024573307804268e-02 5.894842661893995306e-01 2.243675185072421530e-01
2.032745893639759382e-01 1.557734252610123299e-02 5.483942491903299743e-01 2.327538189195926255e-01
2.241485167728732852e-01 1.534761069810511476e-02 5.009746651209622259e-01 2.595292074080594591e-01
2.210635428203036323e-01 1.496003550160959240e-02 4.559091646414755727e-01 3.080672570366112528e-01
1.904283443878994897e-01 1.453526458315467125e-02 4.187459220899028001e-01 3.762904689390426660e-01
1.480242905820663146e-01 1.360430446675563697e-02 3.851130506300644019e-01 4.532583543211137767e-01
1.078197954373040640e-01 1.228231542674545172e-02 3.552207547768153617e-01 5.246771343591352110e-01
7.660483897768163852e-02 1.080455001658912895e-02 3.299053868794411537e-01 5.826852241262879817e-01
5.533884863434548884e-02 9.495516606679018506e-03 3.093392173879012663e-01 6.258264173710746947e-01
4.237018707123634681e-02 8.594943278966876363e-03 2.947437432278187108e-01 6.542911264219782863e-01
3.585920306833457333e-02 8.196135850730501896e-03 2.858017854337920327e-01 6.701428756471430326e-01
3.459372170397827240e-02 8.444410975121403179e-03 2.810072735660930632e-01 6.759545937548071537e-01
3.798908692270733939e-02 9.678666693393858655e-03 2.829942314025669647e-01 6.693380149813314972e-01
4.659644451059663517e-02 1.254584464167357756e-02 2.948494431497294954e-01 6.460082676980003491e-01
6.157513691763012720e-02 1.811104637662887609e-02 3.121293472512907119e-01 6.081844694544503716e-01
8.295035680536050338e-02 2.819917103067156455e-02 3.274375227675744293e-01 5.614129493963934125e-01
1.089686834297202700e-01 4.534901754460934908e-02 3.361378634311985025e-01 5.095444355944717119e-01
1.397584187735559369e-01 7.200406912019051420e-02 3.384161141196362910e-01 4.498213979866170775e-01
1.796931392879609624e-01 1.103390366039028458e-01 3.349533414710928469e-01 3.750144826370430118e-01
2.298856955122910439e-01 1.607539353483893041e-01 3.211667853672377504e-01 2.881935837720818738e-01
2.812711571970606950e-01 2.234449868160161834e-01 2.871657573729380353e-01 2.081180986139852251e-01
3.074207234159785918e-01 2.923695110670371244e-01 2.466835238496517257e-01 1.535262416673325025e-01
2.976931571532169252e-01 3.564122646028254349e-01 2.182985993518150036e-01 1.275959788921427751e-01
2.594941468856170608e-01 4.091781669238870323e-01 2.084037444054818722e-01 1.229239417850138683e-01
2.114718183471758772e-01 4.393513339789582028e-01 2.179060167962802164e-01 1.312708308775855093e-01
1.686467388381835963e-01 4.400343440256267447e-01 2.467238345065389249e-01 1.445950826296504288e-01
1.357432122431774524e-01 4.138082299478313963e-01 2.955307992287424246e-01 1.549177585802486712e-01
1.099297155996944025e-01 3.690986419284609243e-01 3.617611018121351107e-01 1.592105406597094652e-01
3.743352459924069175e-01 2.119696384868452188e-01 2.858488677846748871e-01 1.278462477360727823e-01
2.396543979095471909e-03 2.157787491804034341e-01 7.018031997807234745e-01 8.002150705977757739e-02
1.976251967481280469e-03 1.712633795063495390e-01 7.543003400848053985e-01 7.246002844136366361e-02
1.579411927255987454e-03 1.335172868217276432e-01 7.970703238574275984e-01 6.783297739358891409e-02
1.238363643666297699e-03 1.022420983389538129e-01 8.305548822851306356e-01 6.596465573224925827e-02
9.756411517609644372e-04 7.787935513187706216e-02 8.526463846141840719e-01 6.849861910217786010e-02
7.793029956254227640e-04 5.973539302403111512e-02 8.600725308333575514e-01 7.941277314698610978e-02
6.567656310703708913e-04 4.749724224284713331e-02 8.447941437538190046e-01 1.070518483722635028e-01
6.157696703406504530e-04 3.994100626223544281e-02 7.947353094890837744e-01 1.647079145783398868e-01
6.154220710986074878e-04 3.433069375936421974e-02 7.025172638485194243e-01 2.625366203210176552e-01
6.187472535865765457e-04 2.877999556225248334e-02 5.778617847006646269e-01 3.927394724834965545e-01
6.202663806643231564e-04 2.368118532445885951e-02 4.464598721456227159e-01 5.292386761492545721e-01
5.803993998410197745e-04 2.028388771930530673e-02 3.334168288421530679e-01 6.457188840387003692e-01
5.170737547136042755e-04 1.896977694588584951e-02 2.514038634881263223e-01 7.291092858112742103e-01
4.597023413091266700e-04 1.957457081483724923e-02 1.999865024775440148e-01 7.799792243663095093e-01
4.145218718236275569e-04 2.216287263855480985e-02 1.728067012824571203e-01 8.046159042071643341e-01
3.923141598491877583e-04 2.768994370666365973e-02 1.639656334617256850e-01 8.079521086717614820e-01
4.355396963386889996e-04 3.914115088161368439e-02 1.706433876155420415e-01 7.897799218065053584e-01
6.032996869608736688e-04 6.102893505793561407e-02 1.912701565601099551e-01 7.470976086949939754e-01
9.521437989661314487e-04 9.668497568920200735e-02 2.231780176602826959e-01 6.791848628515492203e-01
1.478813888335291657e-03 1.457822549266402368e-01 2.621211005008247108e-01 5.906178306841998182e-01
2.077416619390671897e-03 2.038072308792643617e-01 3.009723097274045744e-01 4.931430427739402211e-01
2.582633773071022106e-03 2.631507749761091697e-01 3.305721313724578336e-01 4.036944598783618332e-01
2.888501443315541744e-03 3.174106435811070992e-01 3.445929130346981339e-01 3.351079419408791171e-01
3.052870315749955758e-03 3.660508313410492653e-01 3.410431576085888317e-01 2.898531407346119360e-01
3.205442843973869277e-03 4.110679316640774017e-01 3.221503199800493933e-01 2.635763055118993670e-01
3.414264834178696358e-03 4.516132779113496976e-01 2.940333996366824021e-01 2.509390576177892296e-01
3.658662777596058749e-03 4.835181919338877865e-01 2.650181064662079922e-01 2.478050388223083655e-01
3.903766707241682239e-03 5.068434875285759977e-01 2.414038384042103413e-01 2.478489073599723924e-01
4.168989326584492637e-03 5.292088649252908450e-01 2.244715784825113414e-01 2.421505672656133479e-01
4.602778264338110506e-03 5.599945371319110521e-01 2.103755331704174336e-01 2.250271514333336553e-01
5.349667112331314180e-03 5.986090962981509556e-01 1.964585568550536454e-01 1.995826797344638914e-01
6.248030562564859183e-03 6.340963433965242091e-01 1.858157756415181605e-01 1.738398503993928701e-01
6.926277017327267006e-03 6.579518080905882860e-01 1.815830623435054914e-01 1.535388525485785749e-01
7.542010135383410245e-03 6.656734878854907445e-01 1.853335093723847138e-01 1.414509926067412104e-01
7.526830581402444396e-03 6.600339887173590769e-01 1.938749969540760343e-01 1.385641837471627558e-01
7.318258334500743305e-03 6.420289398556320304e-01 2.058823522799136663e-01 1.447704495299534933e-01
8.087577932251248727e-03 6.105116287810377074e-01 2.221718604020497534e-01 1.592289328846615282e-01
9.330447289156123050e-03 5.626192196350076058e-01 2.460208196804597736e-01 1.820295133953765965e-01
1.048365895980210398e-02 4.923123790416537582e-01 2.841050671495934932e-01 2.130988948489504764e-01
1.059200078029372619e-02 4.005918424899561625e-01 3.402733438749663275e-01 2.485428128547836901e-01
9.176805665004362025e-03 3.030653276692125142e-01 4.111936457029902736e-01 2.765642209627926507e-01
7.038957501030845484e-03 2.223292629593160707e-01 4.892207185757520005e-01 2.814110609639007277e-01
5.301406853590843668e-03 1.673893624292198679e-01 5.646466845990669725e-01 2.626625461181222865e-01
4.252142647576444279e-03 1.302472405809616540e-01 6.259416179347765397e-01 2.395589988366854384e-01
3.593266253781188680e-03 9.771894841740366711e-02 6.706751399308132910e-01 2.280126453980017842e-01
2.997388381119482029e-03 6.420149207521942680e-02 7.055253249895238055e-01 2.272757945541373503e-01
2.409740127438333816e-03 3.553419270553084819e-02 7.339553014276816167e-01 2.281007657393491206e-01
1.958483125350278346e-03 1.735930687098286018e-02 7.567089903168384701e-01 2.239732196868284564e-01
1.686454945866062765e-03 7.965829394439540717e-03 7.760207117610042893e-01 2.143270038986902493e-01
1.487450262916572164e-03 3.483704995202361720e-03 7.944365166776976572e-01 2.005923280641834228e-01
1.227202807863093199e-03 1.439472506223755206e-03 8.134875287251512876e-01 1.838457959607616987e-01
9.141420538335055281e-04 5.810492920729625355e-04 8.339110235406134164e-01 1.645937851134797736e-01
6.574527736098450138e-04 2.504844848250017963e-04 8.531212994775689840e-01 1.459707632639959674e-01
5.166685983065927128e-04 1.328036945630449591e-04 8.610162402959198324e-01 1.383342874112105381e-01
4.898810960507085730e-04 9.655655862705423017e-05 8.493224907806432578e-01 1.500910715646786853e-01
5.627292179055291095e-04 9.378081370722711398e-05 8.135999324448532910e-01 1.857435575235340808e-01
7.485519471611779083e-04 1.088391402437813429e-04 7.473088406025264474e-01 2.518337683100689839e-01
1.100378102669297923e-03 1.386700417086947107e-04 6.444799380952185297e-01 3.542810137604033294e-01
1.607976377170166303e-03 1.884891712168132872e-04 5.180594712947812486e-01 4.801440631568317241e-01
2.016380969265782995e-03 2.427569287285448658e-04 4.042738252721501113e-01 5.934670368298555765e-01
2.292193174314445352e-03 2.895256503181133827e-04 3.275168738187688167e-01 6.699014073565984217e-01
2.627732331420871027e-03 3.620567478207136424e-04 2.866213770350743428e-01 7.103888338856839679e-01
3.145595811422965005e-03 5.043463111363215940e-04 2.764073795155538305e-01 7.199426783618868564e-01
3.880090568745025569e-03 7.703532180653832303e-04 2.961851160497753765e-01 6.991644401634141692e-01
3.961924738877141243e-03 1.134655092369232093e-03 3.476809459528201751e-01 6.472224742159339295e-01
4.677761360765646421e-03 1.898700654795164615e-03 4.277726322146510052e-01 5.656509057697877152e-01
5.365940047642013197e-03 3.080367681805633306e-03 5.188760249076898035e-01 4.726776673628625414e-01
6.607650788679871913e-03 4.715697078290261891e-03 5.942402990843214106e-01 3.944363530487085545e-01
7.049453514878396658e-03 6.471079382792776016e-03 6.425292937940615401e-01 3.439501733082676038e-01
7.599950163977097807e-03 8.298539483961574550e-03 6.614625363892301380e-01 3.226389739628310327e-01
8.497794473670295182e-03 1.033622703367987998e-02 6.509928014295780496e-01 3.301731770630716989e-01
9.773274703610476122e-01 1.218625601561226096e-02 2.660529936896722115e-03 7.825743686443585589e-03
1.327036157549179862e-01 3.589437428301797128e-01 2.792709712981673587e-01 2.290816701167348868e-01
1.155132271399593874e-01 3.273256700978163791e-01 3.217414431797667729e-01 2.354196595824573079e-01
1.023987456502260529e-01 3.031666827059007474e-01 3.597196682670785184e-01 2.347149033767945703e-01
9.363807101884269457e-02 2.869808719766833716e-01 3.965794594776953508e-01 2.228015975267783055e-01
8.893839566327631230e-02 2.780466811533134353e-01 4.325488844341536798e-01 2.004660387492568918e-01
8.771607864008877653e-02 2.743239174472178465e-01 4.642423627910989836e-01 1.737176411215946015e-01
9.226406369247376615e-02 2.663684442762034310e-01 4.910298263616693637e-01 1.503376656696536195e-01
1.021644397702370505e-01 2.425494151219561856e-01 5.208313309000573987e-01 1.344548142077496289e-01
1.150174265741165103e-01 1.989001531907253484e-01 5.602291053094335949e-01 1.258533149257239359e-01
1.286551947100509907e-01 1.452175466098777901e-01 6.047339918900447309e-01 1.213932667900266826e-01
1.402627771487394148e-01 9.735448827126313986e-02 6.450311786833462513e-01 1.173515558966514022e-01
1.555553745323411396e-01 6.183326611654385574e-02 6.698795676558215728e-01 1.127317916952939175e-01
1.781340276261701994e-01 3.865283667688654279e-02 6.750902951406094754e-01 1.081228405563335326e-01
2.103667011221865002e-01 2.524472594721534000e-02 6.597112917477141458e-01 1.046772811828839966e-01
2.512676791639612550e-01 1.864919109384190546e-02 6.277325125322548161e-01 1.023506172099419437e-01
2.912491358649109685e-01 1.631127235245920931e-02 5.931133623515565390e-01 9.932622943107384528e-02
3.210342999801141795e-01 1.682023289679807423e-02 5.658748364499071037e-01 9.627063067318047951e-02
3.413454511965372529e-01 1.964114492180921503e-02 5.414161719447213583e-01 9.759723193693257970e-02
3.583740845875943437e-01 2.447759544642814575e-02 5.099745133508619688e-01 1.071738066151153024e-01
3.792323423569695651e-01 3.093475340225615086e-02 4.658344178989032303e-01 1.239984863418710781e-01
4.144310210416576323e-01 3.798871222968708272e-02 4.089059601847636061e-01 1.386743065438917066e-01
4.791612264176131619e-01 4.408247779896239116e-02 3.380117878095751927e-01 1.387445079738493792e-01
5.810495055748259308e-01 4.727507055356608423e-02 2.520903594958127103e-01 1.195850643757956078e-01
7.019337946471109202e-01 4.573685018359274768e-02 1.656342375948016421e-01 8.669511757449466227e-02
8.120719176951828322e-01 3.883168417390683164e-02 9.577470200330980010e-02 5.332169612760045974e-02
8.865034337064744419e-01 3.117425623563930756e-02 5.206977337416175688e-02 3.025253668372458044e-02
9.261992057281915880e-01 2.705286120940793293e-02 2.923548032038236072e-02 1.751245274201797264e-02
9.447969702493067556e-01 2.645909020228221289e-02 1.793898995461560078e-02 1.080494959379544109e-02
9.541859463566499944e-01 2.703766003854040853e-02 1.162171810350021844e-02 7.154675501309243346e-03
9.547319392293853735e-01 3.064851151768516191e-02 9.272122675159746516e-03 5.347426577769516000e-03
9.540166876184011935e-01 3.309405042091884824e-02 8.420836566618031260e-03 4.468425394062077068e-03
9.541535753319035917e-01 3.311588503827934266e-02 8.557486598522111645e-03 4.173053031295099677e-03
9.556338081698477760e-01 3.050879353972118721e-02 9.481144459108753128e-03 4.376253831322308822e-03
9.555845880090655386e-01 2.733756225334627726e-02 1.167730806243077492e-02 5.400541675157385750e-03
9.536374151903102003e-01 2.365207136710351446e-02 1.459860512395603181e-02 8.111908318630104212e-03
9.448963645483624552e-01 2.130898199594938661e-02 1.887538697745896193e-02 1.491926647822885803e-02
9.258648446166152235e-01 2.041171429129487458e-02 2.424865150328929173e-02 2.947478958880037775e-02
8.956847398302713037e-01 1.995016994061621016e-02 3.009744787276387792e-02 5.426764235634879557e-02
8.543664953572873699e-01 1.997188218890278560e-02 3.578195143065960454e-02 8.987967102315042034e-02
8.022285845702024076e-01 1.917833159941609300e-02 4.193512757697060583e-02 1.366579562534108450e-01
7.395012089257398946e-01 1.817611229109036483e-02 4.822092081872550451e-02 1.941017579644441771e-01
6.699286704923983482e-01 1.693031030629060796e-02 5.435196489729784974e-02 2.587890543040132774e-01
6.012106025348825655e-01 1.556217138673344699e-02 5.961976859913458576e-02 3.236074574792494052e-01
5.430349346936685917e-01 1.432620583887255460e-02 6.314427783969946140e-02 3.794945816277594530e-01
5.004857294172965210e-01 1.348904506328876124e-02 6.445206438572724517e-02 4.215731611336875351e-01
4.746325185746079200e-01 1.334799885255045192e-02 6.341018802652360897e-02 4.486092945463179826e-01
4.679054813267820578e-01 1.410492202389253096e-02 6.002151049688952272e-02 4.579680861524357827e-01
4.817256263142479233e-01 1.567919143380726993e-02 5.458570403445640179e-02 4.480094782174882662e-01
5.154154462285333027e-01 1.785754669922914178e-02 4.813497322200214340e-02 4.185920338502353011e-01
5.667605956458439120e-01 2.020804707756145013e-02 4.175846542025063446e-02 3.712728918563435454e-01
6.284172651301118684e-01 2.126004791274121661e-02 3.525222881571940525e-02 3.150704581414276451e-01
6.864976062560873560e-01 2.166822776547800561e-02 3.032540060640690968e-02 2.615087653720279404e-01
7.349226870138080292e-01 2.150062902418789501e-02 2.605622858994759150e-02 2.175204553720564704e-01
7.728035490360690707e-01 2.117418970217711111e-02 2.239830731644116071e-02 1.836239539453126957e-01
8.001290229575890312e-01 2.072321487926047368e-02 1.941655808774124872e-02 1.597312040754095275e-01
8.168235400977362781e-01 2.019764264346579977e-02 1.721793297452492433e-02 1.457608842842733343e-01
8.241700313887433405e-01 1.985768577394841569e-02 1.568847058659565002e-02 1.402838122507126528e-01
8.234974781429823532e-01 2.009824719272516880e-02 1.463141390516166720e-02 1.417728607591309808e-01
8.131091569666414332e-01 2.137777601324726551e-02 1.404864410530872083e-02 1.514644229148024990e-01
7.893019518453086025e-01 2.378385323874781035e-02 1.394118442431208256e-02 1.729730104916316624e-01
7.490040321924346101e-01 2.666530801881681137e-02 1.411366478961048783e-02 2.102169949991383735e-01
6.890011136926869062e-01 2.884108322340142583e-02 1.434579400504586849e-02 2.678120090788658758e-01
6.062224819323104308e-01 2.929039249488299412e-02 1.461384642039547169e-02 3.498732791524111208e-01
5.079955747431716961e-01 2.665604352950639092e-02 1.469287903420815784e-02 4.506555026931137187e-01
4.160672221998270581e-01 2.258777843330748297e-02 1.456999773581382773e-02 5.467750016310515271e-01
3.574055879477129327e-01 1.876894948097872565e-02 1.481533741475506843e-02 6.090101251565528395e-01
3.403746755439805427e-01 1.725320295450602157e-02 1.624655069388259918e-02 6.261255708076310933e-01
3.629144586288165497e-01 1.686969382202578235e-02 1.950485526269704617e-02 6.007109922864607432e-01
4.082853610555967627e-01 1.778176632040465513e-02 2.508042921843553139e-02 5.488524434055629397e-01
4.576926868999485198e-01 1.983397681767212414e-02 3.459522888742531249e-02 4.878781073949540747e-01
4.894871719428613432e-01 2.314515201770633163e-02 4.889173549320718209e-02 4.384759405462251292e-01
5.661163901534292664e-02 4.572478190366168621e-02 8.535753697281909247e-01 4.408820935280453185e-02
3.701061912727392753e-04 3.687264134087282503e-04 2.544575406388326910e-01 7.448036267564861479e-01
2.325799671486676677e-04 1.870679193401187789e-04 1.737200811568719583e-01 8.258602709566397193e-01
5.620210111063934791e-04 1.631411600274578399e-04 1.217146934939480618e-01 8.775601443349179132e-01
3.714666578700724750e-04 9.617127667218047088e-05 8.941610863859504599e-02 9.101162534268628646e-01
2.558630483242652163e-04 6.209088919345748215e-05 6.768271681000680162e-02 9.319993292524751949e-01
1.905116828216455046e-04 4.495238813394100886e-05 5.325881995868237545e-02 9.465057159703621492e-01
1.607493089650980690e-04 3.786761080555014271e-05 4.428648945843985385e-02 9.555148936217895406e-01
1.576264639049629855e-04 3.788939597019741598e-05 3.900116654929786791e-02 9.608033175908268220e-01
6.428884097081331850e-04 6.029968083992884396e-04 3.609748570759120645e-02 9.626566290743014953e-01
6.320078954264420545e-04 5.697821304228568818e-04 3.476939221694224508e-02 9.640288177572087225e-01
6.311215757409605531e-04 5.475987664524554826e-04 3.368621403139734904e-02 9.651350656264093830e-01
6.237584690397987271e-04 5.223148857587684834e-04 3.235872376135631723e-02 9.664952028838450504e-01
6.231331487251859196e-04 5.073844441581441215e-04 3.122866640695608556e-02 9.676408160001604974e-01
6.574419814440380554e-04 5.386920377355512409e-04 3.161683669737021252e-02 9.671870292834501281e-01
7.669769194392220745e-04 6.749707163130161695e-04 3.548911739452548925e-02 9.630689349697221235e-01
4.650492234353350521e-04 2.588703392069764925e-04 4.476855524564247318e-02 9.545075251917152226e-01
5.086875466329128341e-04 3.717673150891256961e-04 5.819420191670317266e-02 9.409253432215749502e-01
5.824750325608840521e-04 5.750477577820133253e-04 7.128516892094932667e-02 9.275573082887079712e-01
7.122906250523544647e-04 9.383998409069363401e-04 8.143538743681869030e-02 9.169139220972217785e-01
9.256355911925640435e-04 1.550504257489149652e-03 9.053218662958227581e-02 9.069916735217361525e-01
1.228961279138789976e-03 2.483337757783635278e-03 1.004996264764951575e-01 8.957880744865821532e-01
1.620537691445168718e-03 3.776844044749705798e-03 1.104947565726408926e-01 8.841078616911641763e-01
2.110515359711072000e-03 5.396231151131775094e-03 1.171937099802150273e-01 8.752995435089422349e-01
2.706002111253763033e-03 7.121883983830403289e-03 1.189997510100429118e-01 8.711723628948729869e-01
3.344901110140392850e-03 8.499132475374364393e-03 1.164988761719462640e-01 8.716570902425389011e-01
3.901007206845507041e-03 9.194758090104674514e-03 1.111847121398593929e-01 8.757195225631905222e-01
4.205957361998107456e-03 9.176321710795912884e-03 1.051800599579900547e-01 8.814376609692158304e-01
4.226973847761733398e-03 8.682829594524805669e-03 1.012771918859721593e-01 8.858130046717413997e-01
4.159793800031048525e-03 8.072769645717405365e-03 1.013573108984305859e-01 8.864101256558206687e-01
4.246623769687416818e-03 7.510011876204339583e-03 1.040661928190621532e-01 8.841771715350462690e-01
4.582260890160929669e-03 6.985948450971246962e-03 1.086514344370617946e-01 8.797803562218060591e-01
5.183978425249845430e-03 6.568596223208486747e-03 1.183422063377332911e-01 8.699052190138082397e-01
6.003914005576827147e-03 6.248139021279786737e-03 1.346392090285492560e-01 8.531087379445942975e-01
6.858364501470006619e-03 5.851687251363313358e-03 1.537496699138289624e-01 8.335402783333376586e-01
7.591542914962030354e-03 5.332616228184218141e-03 1.686747747988065205e-01 8.184010660580471885e-01
8.173943212563965915e-03 4.834184381093192644e-03 1.766676110327488891e-01 8.103242613735940347e-01
8.504468728283450310e-03 4.449864431189607013e-03 1.833318006016540214e-01 8.037138662388729760e-01
7.630020124847082703e-03 4.042799219620511579e-03 1.979931461990180608e-01 7.903340344565144004e-01
6.696584833890494200e-03 3.741916887284158551e-03 2.266987851367309459e-01 7.628627131420939733e-01
5.618137017608351887e-03 3.604032634104437863e-03 2.719320676232982459e-01 7.188457627249889015e-01
4.762008129102692812e-03 3.723672568493277546e-03 3.291432219969139816e-01 6.623710973054901530e-01
4.317120059412342913e-03 4.230039273293124784e-03 3.874011365929699857e-01 6.040517040743246246e-01
4.386289770239935881e-03 5.361665474538058855e-03 4.376094670405347165e-01 5.526425777146868334e-01
5.038928152513480821e-03 7.475552007150440721e-03 4.746693948791607665e-01 5.128161249611751238e-01
6.631085386109762322e-03 1.098525046778872291e-02 4.982293437948265846e-01 4.841543203512748139e-01
8.374027171225900679e-03 1.629123461486209345e-02 5.112725610946228239e-01 4.640621771192893208e-01
1.071957961224886610e-02 2.386947020080142090e-02 5.165994553059077843e-01 4.488114948810420501e-01
1.375734271279039148e-02 3.482441306682539789e-02 5.151997031526361903e-01 4.362185410677481001e-01
1.787067892719319123e-02 5.122631581047929622e-02 5.082750585331018423e-01 4.226279467292257119e-01
2.312051983967531449e-02 7.444604266713472640e-02 5.002931916520148015e-01 4.021402458411748593e-01
2.860839539541564294e-02 1.034980807580998946e-01 4.949426582879431491e-01 3.729508655585414001e-01
3.350042229110637010e-02 1.377961239255180992e-01 4.893840654617308550e-01 3.393193883216445994e-01
3.890102244161233042e-02 1.818179093242050792e-01 4.696784541024173198e-01 3.096026141317657077e-01
4.658218813350905457e-02 2.383429208099988039e-01 4.249159302146606199e-01 2.901589608418316812e-01
5.789863393424438121e-02 2.989338990508230154e-01 3.618325326612248372e-01 2.813349343537081548e-01
7.319312044906975401e-02 3.481143474558708872e-01 2.994048483937592486e-01 2.792876837012998048e-01
9.363849238845928236e-02 3.747095841771397873e-01 2.495362835442081484e-01 2.821156398901926710e-01
1.187845902367226925e-01 3.735186477513929293e-01 2.141681281646968527e-01 2.935286338471874146e-01
1.483241645142580611e-01 3.436184577191525036e-01 1.924193782743095216e-01 3.156379994922798859e-01
1.813198918278608185e-01 2.978957859919977302e-01 1.769346026890532830e-01 3.438497194910878907e-01
2.154976849595493515e-01 2.486396752327815485e-01 1.632896722223020625e-01 3.725729675853672318e-01
2.472723256857108087e-01 2.029790380543696204e-01 1.497956468745760272e-01 3.999529893853436269e-01
2.685552931589624825e-01 1.629412688126489206e-01 1.386278708476174348e-01 4.298755671807710788e-01
2.694434681530480380e-01 1.294503511948618402e-01 1.326879530324854561e-01 4.684182276196046657e-01
2.476866579874558716e-01 1.038312591726702344e-01 1.325206297008461320e-01 5.159614531390277481e-01
2.122933342591530326e-01 8.600264568087392925e-02 1.351455514854010553e-01 5.665584685745721494e-01
1.725322245445606584e-01 7.302398163378547025e-02 1.348196041991865657e-01 6.196241896224675694e-01
1.306515706050994652e-01 6.088758254304363349e-02 1.281010549347960104e-01 6.803597919170607522e-01
9.059112478147442193e-02 4.756296531383354814e-02 1.154722245807642822e-01 7.463736853239280045e-01
5.867315378367124468e-02 3.421756387060924387e-02 1.002308902473729030e-01 8.068783920983464419e-01
3.756537348640236890e-02 2.334392381739911967e-02 8.729539787683979202e-02 8.517953048193590559e-01
1.218408379037518446e-01 1.795216272747802988e-01 4.424194175552231267e-01 2.562181172662448270e-01
1.162016450261163514e-01 1.845783035829841046e-01 4.701098325169522640e-01 2.291102188739474188e-01
1.076040103621306587e-01 1.964265841881291941e-01 4.905812583379750014e-01 2.053881471117650070e-01
9.677686449041607297e-02 2.166085568426278363e-01 4.984714074301550557e-01 1.881431712368010489e-01
8.711929652028733984e-02 2.448687975542921391e-01 4.927786283415956370e-01 1.752332775838248424e-01
7.954957412543994799e-02 2.794782828158864363e-01 4.772515911338253147e-01 1.637205519248483288e-01
7.597606877983875684e-02 3.146170696748744056e-01 4.565694372052019889e-01 1.528374243400847377e-01
7.503640980389422732e-02 3.462909777519939669e-01 4.357494372217756151e-01 1.429231752223362184e-01
7.536190713592907930e-02 3.709229310834341597e-01 4.196064890688228632e-01 1.341086727118136201e-01
7.474474323471588799e-02 3.856504968774714381e-01 4.122122713540494199e-01 1.273924885337632262e-01
7.237799814880167826e-02 3.849392213206712099e-01 4.190853992680038664e-01 1.235973812625231483e-01
6.905393449705807263e-02 3.653311700347637858e-01 4.436526379628606409e-01 1.219622575053176117e-01
6.630838769546644473e-02 3.295527719956485302e-01 4.835944910357072302e-01 1.205443492731778643e-01
6.282499978393631113e-02 2.825661254082769691e-01 5.370616277663593507e-01 1.175472470414271886e-01
5.704769563152461975e-02 2.271883016599381688e-01 6.037254138278435045e-01 1.120385888806934571e-01
4.705471908862092489e-02 1.704302879673296189e-01 6.789769495671386101e-01 1.035380433769107905e-01
3.531846036592249660e-02 1.204429776305196709e-01 7.512366494135465089e-01 9.300191259001100441e-02
2.368291690758628221e-02 8.283744266084153152e-02 8.121315369811522578e-01 8.134810345041938728e-02
1.477726275868320414e-02 5.597755514372735469e-02 8.599231051867870512e-01 6.932207691080229106e-02
9.075418645705154302e-03 3.763191402437886940e-02 8.945029310065298889e-01 5.878973632338623662e-02
6.000132805561284380e-03 2.597206260407639022e-02 9.162184085629496710e-01 5.180939602741221894e-02
4.520677136195463616e-03 1.884452031173864534e-02 9.273899695929962439e-01 4.924483295906994379e-02
3.798900716962861929e-03 1.431265939939602508e-02 9.311853388185108438e-01 5.070310106513026271e-02
2.098589163553598105e-02 1.878932024806450607e-01 7.149206354652988260e-01 7.620027041852019123e-02
2.077593778889929438e-02 1.790610979675260339e-01 7.324441136703314648e-01 6.771885057324331103e-02
2.180362712655823862e-02 1.754324048037722017e-01 7.392788817642480526e-01 6.348508630542161468e-02
2.420074370426295030e-02 1.700099338171286723e-01 7.421436970808791278e-01 6.364562539772936067e-02
2.797735179908307154e-02 1.605556249745907493e-01 7.443962744932379749e-01 6.707074873308814522e-02
3.205459899261116352e-02 1.486020871428058721e-01 7.488030120218390762e-01 7.054030184274420745e-02
3.428688126570297867e-02 1.352665866696632080e-01 7.588046659902244473e-01 7.164186607440933829e-02
3.348647183509564917e-02 1.202119070108070842e-01 7.758206577191749664e-01 7.048096343492234184e-02
3.016547838583513025e-02 1.022499362744457158e-01 8.001318419828858941e-01 6.745274335683366929e-02
2.543106838301074576e-02 8.259260770518964123e-02 8.292369024264453214e-01 6.273942148535427421e-02
2.034593522725271914e-02 6.425329342012975342e-02 8.574926045391240148e-01 5.790816681349337386e-02
1.575257761358981462e-02 4.917180737481630787e-02 8.801305960983278887e-01 5.494501891326602355e-02
1.236381761722155082e-02 3.766486272399934693e-02 8.955766644737126470e-01 5.439465518506668429e-02
1.030428993480925551e-02 2.895678311239580430e-02 9.051361891804389215e-01 5.560273777235632403e-02
9.006717815455143536e-03 2.182044916640795210e-02 9.123794787389954974e-01 5.679335427914133233e-02
8.000575350496709134e-03 1.602845948610991458e-02 9.197390804471352599e-01 5.623188471625802792e-02
7.244512861343470334e-03 1.212543294383762460e-02 9.273827906329484838e-01 5.324726356187024778e-02
6.762718187062276287e-03 1.012942206731404574e-02 9.353689506064180037e-01 4.773890913920628837e-02
6.319447480442955123e-03 9.293998961889607391e-03 9.442045479886500559e-01 4.018200556901701387e-02
5.746108443269956970e-03 8.717802929675638746e-03 9.534300031156149879e-01 3.210608551143960543e-02
5.256345458243519460e-03 7.845502455707812489e-03 9.614710590197600437e-01 2.542709306628867724e-02
4.366349172808543788e-03 6.527883609526105753e-03 9.688344264162797037e-01 2.027134080138561639e-02
4.160029105734529623e-03 4.590797955485123941e-03 9.750975522109842641e-01 1.615162072779605454e-02
3.801961928090573546e-03 2.847991932262692195e-03 9.801615026457726199e-01 1.318854349387411223e-02
3.332660199795836001e-03 1.730304881665697264e-03 9.831808362566718529e-01 1.175619866186674613e-02
2.874723293697589287e-03 1.149922111405429640e-03 9.842967518046669140e-01 1.167860279023015882e-02
2.452620090543565674e-03 8.693336552988602250e-04 9.841844232568520701e-01 1.249362299730547715e-02
2.059402768896516876e-03 7.386354322883255429e-04 9.831687324669526884e-01 1.403322933186252654e-02
1.738423637245164414e-03 6.922406298919272453e-04 9.810709020184618101e-01 1.649843371440115614e-02
1.536569562069858320e-03 7.126827904348270390e-04 9.773146551407989602e-01 2.043609250669634753e-02
1.464196586051908031e-03 8.002363535568304733e-04 9.712782998089795061e-01 2.645726725141197416e-02
1.103258270678112059e-03 7.479659748526230629e-04 9.624512232957523894e-01 3.569755245871684968e-02
1.483942435180534000e-03 1.085445589824218749e-03 9.540867093013263300e-01 4.334390267366874244e-02
1.435858449062514747e-03 1.189782062557043435e-03 9.467766854417947187e-01 5.059767404658548767e-02
1.381356356392329310e-03 1.248094660060003989e-03 9.416686175613366849e-01 5.570193142221084581e-02
1.364071167121705700e-03 1.269284606631118032e-03 9.384984579115264181e-01 5.886818631472055807e-02
1.438925767735149512e-03 1.311681785761353858e-03 9.362484649595291808e-01 6.100092748697415190e-02
1.708936410452843680e-03 1.448637119959857817e-03 9.326228556583315843e-01 6.421957081125588551e-02
2.321617348434075641e-03 1.726633915548921819e-03 9.261449706606486032e-01 6.980677807536821156e-02
3.436732699300213290e-03 2.164661802998033534e-03 9.176018487903736531e-01 7.679675670732798165e-02
5.174231541908804778e-03 2.767688500382015256e-03 9.095110768738703388e-01 8.254700308383902674e-02
7.645138912810148756e-03 3.622813809019801139e-03 9.048039939837173584e-01 8.392805329445258977e-02
1.107154822185362625e-02 5.056147679916060504e-03 9.034103685548463547e-01 8.046193554338412768e-02
1.600973524347349894e-02 7.740339784332091189e-03 9.003053688096187557e-01 7.594455616257560215e-02
2.386264912087395634e-02 1.252496500614351700e-02 8.887983627778538454e-01 7.481402309512870386e-02
3.751047813825970911e-02 1.955106482178467150e-02 8.630068022469022937e-01 7.993165479305321119e-02
5.913873749296290339e-02 2.654396323381066902e-02 8.241246095810872418e-01 9.019268969213928289e-02
9.345932743255436215e-02 3.339885550909046236e-02 7.729545798036895343e-01 1.001872372546661338e-01
1.362143990876914235e-01 3.949877443536908145e-02 7.219083778295464215e-01 1.023784486473929556e-01
1.779123491207895147e-01 4.602589898391275247e-02 6.820765861119155726e-01 9.398516578338222960e-02
2.107144823194080641e-01 5.522810073553145738e-02 6.546085082813253297e-01 7.944890866373523208e-02
2.337070548202848652e-01 7.036620738018016519e-02 6.293198273968558798e-01 6.660691040267904817e-02
2.474828724949590109e-01 9.521692179957882973e-02 5.980625597291603368e-01 5.923764597630152423e-02
2.555528166477622487e-01 1.328374372640336865e-01 5.536433500399556840e-01 5.796639604824846415e-02
2.598684361579555735e-01 1.823558984051835696e-01 4.950434629002358200e-01 6.273220253662539769e-02
2.602177783349003404e-01 2.446843234749825624e-01 4.241576817036625813e-01 7.094021648645461309e-02
2.446098205576043572e-01 3.147073124934008925e-01 3.621590354914410170e-01 7.852383145755360838e-02
2.181788673823898683e-01 3.734133451999753217e-01 3.241847403165806774e-01 8.422304710105424363e-02
1.963176905373911485e-01 4.023164642516132150e-01 3.102027015155456313e-01 9.116314369544983864e-02
1.832844441222078735e-01 3.976535225449729372e-01 3.149004773203077368e-01 1.041615560125113832e-01
1.729335320883012561e-01 3.636602198703917654e-01 3.363014147951568500e-01 1.271048332461500452e-01
1.596876127348856034e-01 3.073235774423384026e-01 3.710115282128343961e-01 1.619772816099416535e-01
1.456896234679035673e-01 2.400068693654353880e-01 4.066532906263330971e-01 2.076502165403285582e-01
1.371396025628462967e-01 1.795905208878165460e-01 4.214519166811648287e-01 2.618179598681720233e-01
1.374862864614859181e-01 1.368052779973829847e-01 4.034600125208315236e-01 3.222484230202998789e-01
1.455248862835591128e-01 1.100889653858728168e-01 3.601039301746382093e-01 3.842822181559297778e-01
1.576019923186582350e-01 9.438561068994170966e-02 3.071583793380428529e-01 4.408540176533570776e-01
1.693373256969298302e-01 8.534142670707860201e-02 2.592346090718557483e-01 4.860866385241355836e-01
1.779374770939649852e-01 8.207892218809094420e-02 2.204124594938162707e-01 5.195711412241278415e-01
1.791284206038158133e-01 7.846583335709260421e-02 1.922111292499676660e-01 5.501946167891238471e-01
1.697200727532624243e-01 7.024138400825855055e-02 1.686096151769620743e-01 5.914289280615168121e-01
1.515997207343256492e-01 5.599513318245432497e-02 1.428199337314368655e-01 6.495852123517826815e-01
1.310686812055589789e-01 4.010285910665737502e-02 1.146275532581680912e-01 7.142009064296155341e-01
1.145145930458987965e-01 2.767725482898834161e-02 9.208285066201210567e-02 7.657253014631009158e-01
1.051328956391525266e-01 1.998281033446779043e-02 7.923657834886592422e-02 7.956477156775138004e-01
1.029386795045434261e-01 1.605702352727646220e-02 7.406021432920896486e-02 8.069440826389711052e-01
1.068464565886404760e-01 1.489171992716694336e-02 7.410041709304257540e-02 8.041614063911498578e-01
1.160240110132051694e-01 1.621887101796566644e-02 7.832425787053422239e-02 7.894328600982950528e-01
1.307301769479637110e-01 2.084679660583842881e-02 8.792398895418244986e-02 7.604990374920154173e-01
1.501244597250731005e-01 3.081197126962952754e-02 1.046459733139886439e-01 7.144175956913088044e-01
1.706301295087005454e-01 4.985365432751831527e-02 1.288004077101087552e-01 6.507158084536723841e-01
1.902153215774838035e-01 8.473159990442473422e-02 1.594484370229669878e-01 5.656046414951249046e-01
2.120550602599833856e-01 1.429986751132015788e-01 1.909295842397295551e-01 4.540166803870854251e-01
2.368441310152168688e-01 2.222791064162503716e-01 2.114883245496506914e-01 3.293884380188819017e-01
2.564898138949269213e-01 3.135107439389237527e-01 2.110846950973689351e-01 2.189147470687803909e-01
2.573190335846330945e-01 4.079109620703437744e-01 1.994111526800091960e-01 1.353588516650138518e-01
2.374670060044480890e-01 5.037433298517436375e-01 1.802898806862144876e-01 7.849978345759374421e-02
1.989667677735637019e-01 5.957129806459887655e-01 1.606208564178717713e-01 4.469939516257559475e-02
1.536305329608857462e-01 6.742518799869646751e-01 1.454521896597720243e-01 2.666539739237683976e-02
