3.922172303272997707e-01 1.631514129091938548e-01 1.533294733657243891e-01 2.913018833977819577e-01
8.154879559970044933e-02 5.665188688111307824e-01 9.406844137278327911e-02 2.578638942163854475e-01
6.385663262997284817e-02 5.067316953342108077e-01 1.212661255556140710e-01 3.081455464802024813e-01
5.031981243800988379e-02 4.270993263108721072e-01 1.531628977065851160e-01 3.694179635445330456e-01
3.970484110395735428e-02 3.402627274718247885e-01 1.860937714865281423e-01 4.339386599376898190e-01
3.133839206389017751e-02 2.677195879664119316e-01 2.157727585227874056e-01 4.851692614469104714e-01
2.482195276494133726e-02 2.234623786045824567e-01 2.400018453675755448e-01 5.117138232629006023e-01
1.955523000499729408e-02 2.051258706025769762e-01 2.559417982000786185e-01 5.193771011923468128e-01
1.553124934328579780e-02 2.050592160511441608e-01 2.601399083905870380e-01 5.192696262149829600e-01
1.275635471824455858e-02 2.159280666507049640e-01 2.528878368930673748e-01 5.184277417379827835e-01
1.091694490716232577e-02 2.333773352627213915e-01 2.393515157089446399e-01 5.163542041211718336e-01
9.878745122953539251e-03 2.619953206834808035e-01 2.267970476508988642e-01 5.013288865426663854e-01
9.465315195431776851e-03 3.121363025756899168e-01 2.228168173002532115e-01 4.555815649286253377e-01
9.092026468404850945e-03 3.884438174925369247e-01 2.289791752021745064e-01 3.734849808368838064e-01
8.216623435325681041e-03 4.861933663801270011e-01 2.341623727600346538e-01 2.714276374245124801e-01
7.095565138623913422e-03 5.926647027729292638e-01 2.213499266333897597e-01 1.788898054550568661e-01
6.587239537288919894e-03 6.904101035058539670e-01 1.896244196915180258e-01 1.133782372653391463e-01
5.513316980377811795e-03 7.693993948040462882e-01 1.523393517575315492e-01 7.274793645804446263e-02
4.608689958713414227e-03 8.242072980074613975e-01 1.220459166449967547e-01 4.913809538882843442e-02
3.936192343542705384e-03 8.558098792997670401e-01 1.039967778614467458e-01 3.625715049524334127e-02
3.560417695741960320e-03 8.669421469186888718e-01 9.950096262187180240e-02 2.999647276369735507e-02
3.432015369129864761e-03 8.593842040062765752e-01 1.093744314535881473e-01 2.780934917100556097e-02
3.506233510224154686e-03 8.292903577134421722e-01 1.388974549766965327e-01 2.830595379963709787e-02
3.836920277858306416e-03 7.630300444905017132e-01 2.023619619602633757e-01 3.077107327137672266e-02
3.598137114540774818e-03 6.411080532062416459e-01 3.205875776278780953e-01 3.470623205133964440e-02
3.187514266036348565e-03 4.663798996863146584e-01 4.911834685611563001e-01 3.924911748649273502e-02
2.430309333448718578e-03 2.958035770557362332e-01 6.590552591496735557e-01 4.271085446114131212e-02
1.646825774969669148e-03 1.800438397205652852e-01 7.730184188496980191e-01 4.529091565476702635e-02
1.103030331922353821e-03 1.164734566172483943e-01 8.333335675934712139e-01 4.908994545735769627e-02
7.529985885371290278e-04 8.280164133620200595e-02 8.623458954866224380e-01 5.409946458863852670e-02
5.168298906404937641e-04 6.328974928342408213e-02 8.783744286174635096e-01 5.781899220847196846e-02
3.824928591883453174e-04 5.092144867221393145e-02 8.902556945642142727e-01 5.844036390438349382e-02
3.424436912354770070e-04 4.275968225140971274e-02 9.009362675786841690e-01 5.596160647867076676e-02
3.825647086105849284e-04 3.654235575294187410e-02 9.120753538733469279e-01 5.099972566510056760e-02
5.040742331928760051e-04 3.061366056280772144e-02 9.241580670989537616e-01 4.472419810504552062e-02
7.631696460630209636e-04 2.555544552145466719e-02 9.335970759439848887e-01 4.008430888849729562e-02
1.334759141910583794e-03 2.267226409941048085e-02 9.363644944764528688e-01 3.962848228222589503e-02
2.471283259891154938e-03 2.350641719750213091e-02 9.292157368088417302e-01 4.480656273376520948e-02
5.941857516541089457e-03 2.664923907032235029e-02 9.105619597565512979e-01 5.684694365658506804e-02
1.331848953007255636e-02 3.446707626903400962e-02 8.752614702927982160e-01 7.695296390809507059e-02
2.714494498603680500e-02 4.447306978034452907e-02 8.256906305537956570e-01 1.026913546798230437e-01
4.820275518547400412e-02 5.308912514989359149e-02 7.705112604366061158e-01 1.281968592280265384e-01
7.555196085096692327e-02 5.822195826138295421e-02 7.185353977005296544e-01 1.476906831871206693e-01
1.085053022652087834e-01 6.023448575411571859e-02 6.699505221059176563e-01 1.613096898747582442e-01
1.483775932045040269e-01 6.042382222456221808e-02 6.157835195709326914e-01 1.754150650000014522e-01
1.940520772147776574e-01 5.938470801610225280e-02 5.512716711371897782e-01 1.952915436319301312e-01
2.317344891846511434e-01 5.671270711825521227e-02 4.864087227457054019e-01 2.251440809513882979e-01
2.394202895760427496e-01 5.143392672682119832e-02 4.367986189129204888e-01 2.723471647842157783e-01
2.155608144241203949e-01 4.579072749035710543e-02 3.973009162832386032e-01 3.413475418022839381e-01
1.719663790900046452e-01 3.925672058499444367e-02 3.611621077183762019e-01 4.276147926066247162e-01
1.269473874821577253e-01 3.331351002279431955e-02 3.231871143562059512e-01 5.165519881388425105e-01
9.060947792966748959e-02 2.840643293325038551e-02 2.887005657762192756e-01 5.922835233608626515e-01
6.556903875794246883e-02 2.499164690772694847e-02 2.641492328308454041e-01 6.452900815034847692e-01
5.044004819985049154e-02 2.342278853399884855e-02 2.540062766376057768e-01 6.721308866285448103e-01
4.311760015077024250e-02 2.395482634948923120e-02 2.584815037845832331e-01 6.744460697151569706e-01
4.205544263282095380e-02 2.729768663943072868e-02 2.742247352598185528e-01 6.564221354679301568e-01
4.627837682399562474e-02 3.512401176438981892e-02 2.976093966025561421e-01 6.209882148090583032e-01
5.593331578868631498e-02 5.092579341620245142e-02 3.224656788439071997e-01 5.706752119512040755e-01
7.243227393120503510e-02 8.035667841741536699e-02 3.364207916579911029e-01 5.107902559933886755e-01
9.215883407491143320e-02 1.339773293189766845e-01 3.298645187115183952e-01 4.439993178945933483e-01
1.113839993543070395e-01 2.186529329185925574e-01 3.019714292729183125e-01 3.679916384541818131e-01
1.215010796545289151e-01 3.369314969200563614e-01 2.589363884096871349e-01 2.826310350157273943e-01
1.194448381702513662e-01 4.824465761952288489e-01 2.038269544164650893e-01 1.942816312180547234e-01
1.072153373127313070e-01 6.271379761107976902e-01 1.479289428442809029e-01 1.177177437321902109e-01
9.011939902088372811e-02 7.409075895010216462e-01 1.021624027116816574e-01 6.681060876641300994e-02
7.580204292161675517e-02 8.085912122259180101e-01 7.386849407099843612e-02 4.173825078146684020e-02
6.769713485929786112e-02 8.362357142543973554e-01 6.244287931176240036e-02 3.362427157454238313e-02
6.369072739371200997e-02 8.368393545661046984e-01 6.389858074732893134e-02 3.557133729285420071e-02
6.152562613832045224e-02 8.166517922624122461e-01 7.653481800650221989e-02 4.528776359276492913e-02
6.042199202391310142e-02 7.756076819231562114e-01 1.020811797463620080e-01 6.188914630656890126e-02
5.939398760741403105e-02 7.139752376935227796e-01 1.440872819918912195e-01 8.254349270717190046e-02
5.634695395774509674e-02 6.346171971315953675e-01 2.052484315524675529e-01 1.037874173581921078e-01
4.332499152976041490e-01 1.461082950840299766e-01 3.483662947460411385e-01 7.227549487232497183e-02
5.143222116054638367e-03 8.288469021683021742e-02 7.795909493776114196e-01 1.323811382895039301e-01
3.951005086962237380e-03 6.188458969429080914e-02 8.202301820539364963e-01 1.139342231648105969e-01
2.890919659477457493e-03 4.484397682388538420e-02 8.504340553960797466e-01 1.018310481205574602e-01
2.005529239188045924e-03 3.048446919274437963e-02 8.732881921339961107e-01 9.422180943407143516e-02
1.420879827160128912e-03 2.054415294957718727e-02 8.869519396547648205e-01 9.108302756849762094e-02
1.064095499786130161e-03 1.417483999782494404e-02 8.895719774758330534e-01 9.518908702655574927e-02
9.251663370172562772e-04 1.051454456899272860e-02 8.757715372902858952e-01 1.127887518037037212e-01
1.117667883241931339e-03 8.707757926920418889e-03 8.375703496962946248e-01 1.526042244935429115e-01
7.467181894332197093e-04 8.148279547866356040e-03 7.688132231400163219e-01 2.222917791226839967e-01
7.353177845622179071e-04 7.222981895032368378e-03 6.711545689578223284e-01 3.208871313625833999e-01
7.850860518487201394e-04 6.397002569229418532e-03 5.602102718992277852e-01 4.326076394796938285e-01
8.419416284096415109e-04 5.921638115918452690e-03 4.624159995703379100e-01 5.308204206853338603e-01
8.505599049482181128e-04 5.912166078801323922e-03 3.986103577853223334e-01 5.946269162309282263e-01
8.324273564579070866e-04 6.356639730210838710e-03 3.710758155651401324e-01 6.217351173481914239e-01
7.976525520421084633e-04 7.286247312686228508e-03 3.743336006807599370e-01 6.175824994545118241e-01
7.547220188974048966e-04 8.936665350946568567e-03 4.042715546994338771e-01 5.860370579307222494e-01
7.454227958741833221e-04 1.202685968512102500e-02 4.595373025708175962e-01 5.276904149481873585e-01
8.115595945450637888e-04 1.728709182027165364e-02 5.380224443651919763e-01 4.438789042199911550e-01
9.992051172500212956e-04 2.473080017963927985e-02 6.267533703963372727e-01 3.475166243067734362e-01
1.343817613935438049e-03 3.410148006284895172e-02 7.053056659693709429e-01 2.592490363538449971e-01
1.830215116237863572e-03 4.551322807519470742e-02 7.607687528015103506e-01 1.918878040070567947e-01
2.375382732371379788e-03 5.860825267585687698e-02 7.919017315718541727e-01 1.471146330199177565e-01
2.842704358043231933e-03 7.229287134441243767e-02 8.038964202912943779e-01 1.209680040062499073e-01
3.209182492187198643e-03 8.723629367880086916e-02 8.003093342476799155e-01 1.092451895813317808e-01
3.580790437488679760e-03 1.062749696205659428e-01 7.813230076550823355e-01 1.088212322868628429e-01
4.009671721302574335e-03 1.311057826897704670e-01 7.485456194779449568e-01 1.163389261109818856e-01
4.438489602450938418e-03 1.602185991667823550e-01 7.074141774208879685e-01 1.279287338098786808e-01
4.801436489136779763e-03 1.928726509208460449e-01 6.627210779026743159e-01 1.396048346873429991e-01
5.098582942871662631e-03 2.326025378703036051e-01 6.154018129798566328e-01 1.468970662069678801e-01
5.471229058274882512e-03 2.864475923523780998e-01 5.604695443936591470e-01 1.476116341956875966e-01
5.997884680347221470e-03 3.546215002942074146e-01 4.962618027707733637e-01 1.431188122546721286e-01
6.438541621258177597e-03 4.207862275925864370e-01 4.361906383082936323e-01 1.365845924778615883e-01
6.585283695743709975e-03 4.681851900852947446e-01 3.929287687251813432e-01 1.323007574937801190e-01
6.494219571511613935e-03 4.913922176514622930e-01 3.686239954371710592e-01 1.334895673398548976e-01
6.467747725164735804e-03 4.934814834124156557e-01 3.581552073302931016e-01 1.418955615321267349e-01
6.886340359003417615e-03 4.816549934717168080e-01 3.534945714007087236e-01 1.579640947685710117e-01
7.958932602014965815e-03 4.606318083337482827e-01 3.504610766663320276e-01 1.809481823979045834e-01
9.609854048836123652e-03 4.275925522346117891e-01 3.520829593818892711e-01 2.107146343346628092e-01
1.126653607182666154e-02 3.762802137724496343e-01 3.641240396376961841e-01 2.483292105180275322e-01
1.191425424048343090e-02 3.074208385555672329e-01 3.874127508964498867e-01 2.932521563074997339e-01
1.100249991832503646e-02 2.357711283874429908e-01 4.147994016109941007e-01 3.384269700832379657e-01
9.277068485129024919e-03 1.795980231214394929e-01 4.406637746593248250e-01 3.704611337341067734e-01
7.775009298979804716e-03 1.437529790848983691e-01 4.651423471892208172e-01 3.833296644269010289e-01
6.776644369039862975e-03 1.198625146642514211e-01 4.866986376292779526e-01 3.866622033374307876e-01
5.993010538476514250e-03 9.564609670668006158e-02 5.025981000241501739e-01 3.957627927306934246e-01
5.082855403674152103e-03 6.611317661823060132e-02 5.122942479928610515e-01 4.165097199852343390e-01
4.127095076998208920e-03 3.820273551182112870e-02 5.154978264991070258e-01 4.421723429120734683e-01
3.423650286272913665e-03 1.934598024848087350e-02 5.133331388451504163e-01 4.638972306200957463e-01
3.068646018471759673e-03 9.184861868952908653e-03 5.105045295411058115e-01 4.772419625714695024e-01
2.174749121729307316e-03 4.124595616034264396e-03 5.134063847058953911e-01 4.802942705563405523e-01
1.673808108525711357e-03 1.771259542321248527e-03 5.256192397700976127e-01 4.709356925790559867e-01
1.223977314238073070e-03 7.494391712266104373e-04 5.493750810120343608e-01 4.486515025025010761e-01
8.920744357143452164e-04 3.346521367050907226e-04 5.789553285243912439e-01 4.198179449031894106e-01
1.214233668102257437e-03 2.278103217773567155e-04 5.938452398787100739e-01 4.047127161314103549e-01
1.114875406054406876e-03 1.658412084317147724e-04 5.785906613808387000e-01 4.201286220046750453e-01
1.240836899294944437e-03 1.621303604714820581e-04 5.323120803566460113e-01 4.662849523835874144e-01
1.500868948671209117e-03 1.864595093185612417e-04 4.597232541161140884e-01 5.385894174258963885e-01
1.751368937676232558e-03 2.127313625350274093e-04 3.678585257808527076e-01 6.301773739189363566e-01
1.881821025557872760e-03 2.142505523367878556e-04 2.743931670889330765e-01 7.235107613331723808e-01
1.940355503481841449e-03 2.016772403416219710e-04 1.995985775106767501e-01 7.982593897454997034e-01
2.026851211429407489e-03 2.065981313577414189e-04 1.513546779133007059e-01 8.464118727439124967e-01
2.220369540946333115e-03 2.452137958587762728e-04 1.258301387264903204e-01 8.717042779367050187e-01
2.570263429649390866e-03 3.288279465487706937e-04 1.176694450365279587e-01 8.794314635872738650e-01
3.105197321604094129e-03 4.773040181913340823e-04 1.244820048221011444e-01 8.719354938381032039e-01
3.876370113816146688e-03 7.321415076214337746e-04 1.474441723887758293e-01 8.479473159897866763e-01
5.004726332670275148e-03 1.168774672127952498e-03 1.891521755289085061e-01 8.046743234662934174e-01
6.558584987210671832e-03 1.864620909253085360e-03 2.447271508612026691e-01 7.468496432423338272e-01
7.758436091876830427e-03 2.738784453570890232e-03 2.979835048723512569e-01 6.915192745822013043e-01
9.806453302069325847e-03 3.881013167555619117e-03 3.340397780477446510e-01 6.522727554826303065e-01
1.200779329556433093e-02 5.140529729464935957e-03 3.466549138463556057e-01 6.361967631286153946e-01
1.510934360910274124e-02 6.674010935780441169e-03 3.340330385760804655e-01 6.441836068790364189e-01
9.534606428382113030e-01 3.593595498600125893e-02 4.520998993802165591e-03 6.082403181985388679e-03
2.344878346987186446e-01 1.847460713131424959e-01 3.932737484771413605e-01 1.874923455109976378e-01
1.964106311515237402e-01 1.475057945837956741e-01 4.627809735003940994e-01 1.933026007642864863e-01
1.657069394527717621e-01 1.177842956121101375e-01 5.235587565356165651e-01 1.929500083995018267e-01
1.419679204449249554e-01 9.492811224211200605e-02 5.805974684267578567e-01 1.825064988862053206e-01
1.246410517647441457e-01 7.728337831626724830e-02 6.347454473720757218e-01 1.633301225469130924e-01
1.139565549523039040e-01 6.400692152422753078e-02 6.803263532432480831e-01 1.417101702802204266e-01
1.096269325857875260e-01 5.340681976799055430e-02 7.133946203369693206e-01 1.235716273092524325e-01
1.098551393437102730e-01 4.291860914556139273e-02 7.368016665177368196e-01 1.104245849929915979e-01
1.123907383949279276e-01 3.202253324297617276e-02 7.537791435140305252e-01 1.018075848480655132e-01
1.169191215359606656e-01 2.266766628654278207e-02 7.634900247491501757e-01 9.692318742834656053e-02
1.239223738966273164e-01 1.575619147475014817e-02 7.665686329371022012e-01 9.375280169152025445e-02
1.344046278224859392e-01 1.090706158376746233e-02 7.638261288832876028e-01 9.086218171045883085e-02
1.502939077256091605e-01 7.700064040896167049e-03 7.533759380706281927e-01 8.863009016286654829e-02
1.755146089061927206e-01 5.950823630767817368e-03 7.297471657621438235e-01 8.878740170089538530e-02
2.117556970774561731e-01 5.492776687867570624e-03 6.912556439361603466e-01 9.149588229851582377e-02
2.505936935807668853e-01 6.167824876929153995e-03 6.496496788155006197e-01 9.358880272680340784e-02
2.806807943447699460e-01 8.137057368737944316e-03 6.175926050858809857e-01 9.358954320061113608e-02
2.993189959692919566e-01 1.204999223170085884e-02 5.933821557487303222e-01 9.524885605027640090e-02
3.108616972611719653e-01 1.913186708729666674e-02 5.666593665009014291e-01 1.033470691506301192e-01
3.232248759994526544e-01 3.139319980876923571e-02 5.270692015755652493e-01 1.183127226162129092e-01
3.480074959653622346e-01 5.095175403923318802e-02 4.683391232959346340e-01 1.327016266994700266e-01
4.012762176962903493e-01 7.792917074316005333e-02 3.856692286946297732e-01 1.351253828659201017e-01
4.974507566849847295e-01 1.046779242221567430e-01 2.795379473092114986e-01 1.183333717836470567e-01
6.291972981703408685e-01 1.118062403266057298e-01 1.744006842779043664e-01 8.459577722514911857e-02
7.448557651065520480e-01 1.069007454495029263e-01 9.734107790854316933e-02 5.090241153540190494e-02
8.051598640024401066e-01 1.125170311986661009e-01 5.310464862392051677e-02 2.921845617497320982e-02
8.255856073891881808e-01 1.271249868808750905e-01 2.997708170831472202e-02 1.731232402162216980e-02
8.257591231530074793e-01 1.454904953783990318e-01 1.803280086965676141e-02 1.071758059893689920e-02
8.149503295125707369e-01 1.661624453577449367e-01 1.187119591915343324e-02 7.016029210531004104e-03
8.004960048026810160e-01 1.857036482041256875e-01 8.785390419814166629e-03 5.014956573379283390e-03
7.931941461632511237e-01 1.953358793920676462e-01 7.434797676842704213e-03 4.035176767838633514e-03
8.015157119821992859e-01 1.875686536883085787e-01 7.199996377789765790e-03 3.715637951702236482e-03
8.241860374578482418e-01 1.639954422145625257e-01 7.861887930998708376e-03 3.956632396590315133e-03
8.533267307652333544e-01 1.322011321383412263e-01 9.479743718668021471e-03 4.992393377757448070e-03
8.792287212030106547e-01 1.007039210711063171e-01 1.237485943312177997e-02 7.692498292760981127e-03
8.921410982525636024e-01 7.681980041142708049e-02 1.686339122607958749e-02 1.417571010992966715e-02
8.866023689343212055e-01 6.275985891690324947e-02 2.277193422099484457e-02 2.786583792778040206e-02
8.612155660543416857e-01 5.689197527829603640e-02 2.964476595877555548e-02 5.224769270858634768e-02
8.186162378403867290e-01 5.533080127662332037e-02 3.694628870970602386e-02 8.910667217328382961e-02
7.634446161059980085e-01 5.446803616350533866e-02 4.417742248270607741e-02 1.379099252477901938e-01
7.001519926001797955e-01 5.252725257457406538e-02 5.065538611615783005e-02 1.966653687090882119e-01
6.322423810958825996e-01 4.999888500261464447e-02 5.550416974791977376e-02 2.622545641535830030e-01
5.682287043690052997e-01 4.521144455005512292e-02 5.838603056935519342e-02 3.281738205115843909e-01
5.160185653643649673e-01 4.001739744139201638e-02 5.857642583264430908e-02 3.853876113615989918e-01
4.794812522937950128e-01 3.559676748936536905e-02 5.624358354145859301e-02 4.286783966753810460e-01
4.593262011165829550e-01 3.293848232003830645e-02 5.173549380795663954e-02 4.559998227554223904e-01
4.579242430173265377e-01 3.254837381480197439e-02 4.577232030586698280e-02 4.637550628620045745e-01
4.763882152929621583e-01 3.415838954322078513e-02 3.941142385980551943e-02 4.500419713040116343e-01
5.137960826488765509e-01 3.716676119869437994e-02 3.360646454611766060e-02 4.154306916063115751e-01
5.680568433883448343e-01 4.015181049103380001e-02 2.819895790795586693e-02 3.635923882126654849e-01
6.284411139516576927e-01 4.240543120503509344e-02 2.414193144214787229e-02 3.050115234011594456e-01
6.841068585426758331e-01 4.271824534135188617e-02 2.053582994777888859e-02 2.526390661681934269e-01
7.292214405334999094e-01 4.212502431416793175e-02 1.747137476981002954e-02 2.111821603825222993e-01
7.635767201271701499e-01 4.133596584121412842e-02 1.493362464151915328e-02 1.801536893900966829e-01
7.873784566506721871e-01 4.054540159409999317e-02 1.295083731769452670e-02 1.591253044375334214e-01
8.005483108788563618e-01 4.006145322781447943e-02 1.158400072116230403e-02 1.478062351721668166e-01
8.043255245614365778e-01 4.043776150641438527e-02 1.075824597030399128e-02 1.444784679618449641e-01
7.998611258745816910e-01 4.234463839342923752e-02 1.035044103051185709e-02 1.474437947014770323e-01
7.849911813647508785e-01 4.678209454866630312e-02 1.038510162320619400e-02 1.578416224633766851e-01
7.552204177348403880e-01 5.450697296902124594e-02 1.094686552210806171e-02 1.793257437740303217e-01
7.065831798145580933e-01 6.510453455858453142e-02 1.201239550894709143e-02 2.162998901179102040e-01
6.351713398808721545e-01 7.672627410759207123e-02 1.343549036224646505e-02 2.746668956492894775e-01
5.396604096549305618e-01 8.609244290443349157e-02 1.493736156478273763e-02 3.593097858758529384e-01
4.315220070920892104e-01 8.891642727302026539e-02 1.590807518452164865e-02 4.636534904503687993e-01
3.349433187910802467e-01 8.612012638365514061e-02 1.600120833636334977e-02 5.629353464889013114e-01
2.747332208607845550e-01 8.128493684546633791e-02 1.629016541441981672e-02 6.276916768793293633e-01
2.563022182146065808e-01 8.111622972366704099e-02 1.783649219675128086e-02 6.447450598649751008e-01
2.739213961095286476e-01 8.750582424108649393e-02 2.128385833424807291e-02 6.172889213151366850e-01
3.180094677539308523e-01 9.833123852895442329e-02 2.657035379060570385e-02 5.570889399265090969e-01
3.705622957649689075e-01 1.134552925399126000e-01 3.394515509406296344e-02 4.820372566010553417e-01
4.152200201914822419e-01 1.271403124021652509e-01 4.350482125644571096e-02 4.141348461499068101e-01
2.022120352180706293e-02 3.257861575122546205e-02 9.380639228822114095e-01 9.136257844755793153e-03
7.266056703881520681e-04 7.013193566739360984e-04 3.634790570434687229e-02 9.622241692685910008e-01
3.525195293711832047e-04 3.482929237010218043e-04 2.469105283188157557e-02 9.746081347150461482e-01
1.928135143164682512e-04 1.916011704002470377e-04 1.799875402235419017e-02 9.816168312929292039e-01
1.258979594609260506e-04 1.231538490656640275e-04 1.442625128977745134e-02 9.853246969016957735e-01
1.010406428252293886e-04 9.584716146194127565e-05 1.288493939323700523e-02 9.869181728024758460e-01
1.033283188920816836e-04 9.550140199750702509e-05 1.313621915154829581e-02 9.866649511275620288e-01
1.348646898271459009e-04 1.240892318730930433e-04 1.532500347746550834e-02 9.844160426008341513e-01
2.134611627403396722e-04 1.997158209138698889e-04 1.985862326693599300e-02 9.797281997494095007e-01
3.782514065923698742e-04 3.652866294402355956e-04 2.743278768528792377e-02 9.718236742786793281e-01
1.468902498054596004e-04 3.812727179384361228e-05 3.917766760242670510e-02 9.606373148759739244e-01
2.334510087500190993e-04 6.367228509735071214e-05 5.629264124207078446e-02 9.434102354640818699e-01
3.575289946724198652e-04 1.053931570037852292e-04 8.007927571485665141e-02 9.194578021334673945e-01
5.252431395383395409e-04 1.704532670430947659e-04 1.103025626891678684e-01 8.890017409042505481e-01
7.267190532173928600e-04 2.612093583004465353e-04 1.471285936411591833e-01 8.518834779473231089e-01
3.948432846409682668e-04 2.665103441320338176e-04 1.977345370725583362e-01 8.016041092986686545e-01
4.222107598833767196e-04 3.389779936704444469e-04 2.754572663779951136e-01 7.237815448684511432e-01
4.284545462614080570e-04 4.324546779122380945e-04 3.821011098908960735e-01 6.170379808849305592e-01
8.723831454886155252e-04 6.634103567140659657e-04 4.976180564478471791e-01 5.008461500499499230e-01
7.157007244400012550e-04 8.462848227118630355e-04 6.054632391625069943e-01 3.929747752903409164e-01
6.734255971274510661e-04 1.128277527188412078e-03 7.007575631273418315e-01 2.974407337483425118e-01
7.086554136347765877e-04 1.440188258605972372e-03 7.780505719772228268e-01 2.198005843505364265e-01
7.844228885085441968e-04 1.758738777975646069e-03 8.326172656053756338e-01 1.648395727281404544e-01
1.216019653208079681e-03 2.119324505958405068e-03 8.661548079799922251e-01 1.305098478608412438e-01
1.230656894477461395e-03 2.372624723489748840e-03 8.865814225041072083e-01 1.098152958779256561e-01
1.352070646919578591e-03 2.529374023127501682e-03 8.988273131770421198e-01 9.729124215291078126e-02
1.521897781074816073e-03 2.547099289225941091e-03 9.035298706312129280e-01 9.240113229848623266e-02
1.702621856540624101e-03 2.480092094961495412e-03 9.004475366031755579e-01 9.536974944532253251e-02
1.886809108600421767e-03 2.391516710272090923e-03 8.903124681083304237e-01 1.054092060727967739e-01
2.147252517583899886e-03 2.356003594270386983e-03 8.732376292576088384e-01 1.222591146305369580e-01
2.116232879971929100e-03 2.384044340681286227e-03 8.465085612225463629e-01 1.489911615568005610e-01
2.514962255388663269e-03 2.459704211601514146e-03 8.072987680971132063e-01 1.877265654358965530e-01
3.047995140056907436e-03 2.545005539100636885e-03 7.613895623832088733e-01 2.330174369376337429e-01
3.685881540209901778e-03 2.594609010678709544e-03 7.171353523636121441e-01 2.765841570854993270e-01
4.438677835623106548e-03 2.596506293193527777e-03 6.745587044633464258e-01 3.184061114078368671e-01
5.401937855821948783e-03 2.603940105788807302e-03 6.256632042300337426e-01 3.663309178083556938e-01
5.800136392373920688e-03 2.550724093853184212e-03 5.684933412335105851e-01 4.231557982802620077e-01
6.649557332117197843e-03 2.593741696330554083e-03 5.133424514337286970e-01 4.774142495378233542e-01
6.897869147630470398e-03 2.566060605229329109e-03 4.785538973133819374e-01 5.119821729337583616e-01
6.306331345311130473e-03 2.457265285486746366e-03 4.730856288418425759e-01 5.181507745273596921e-01
5.319965613345556052e-03 2.388074562896312907e-03 4.927696069083516983e-01 4.995223529154062536e-01
4.434024072282651170e-03 2.468428826360343376e-03 5.286216627702430282e-01 4.644758843311135865e-01
3.916584154777742570e-03 2.806315304512070705e-03 5.732660753810682186e-01 4.200110251596425037e-01
4.344582774602824202e-03 3.627739880992885031e-03 6.239905137390834300e-01 3.680371636053207385e-01
4.534289190280159192e-03 5.003664711317368403e-03 6.791643957103092877e-01 3.112976503880932055e-01
5.265184465587440139e-03 7.309214212231055288e-03 7.328732369776838063e-01 2.545523643444977946e-01
6.509325979486937572e-03 1.082139089086685789e-02 7.778033799108620139e-01 2.048659032187841178e-01
8.165430011403898222e-03 1.581749894497951753e-02 8.093869569435261369e-01 1.666301141000903208e-01
1.028228057299532087e-02 2.303010181399243669e-02 8.270988681105526652e-01 1.395887495024595304e-01
1.317186506810579145e-02 3.371195669310600440e-02 8.327052039406618311e-01 1.204109742981265829e-01
1.694606798585518090e-02 4.815394974788936994e-02 8.290633248785094223e-01 1.058366573877463773e-01
2.111365331329945541e-02 6.437229318387484300e-02 8.203133391695575094e-01 9.420071433326798749e-02
2.554166017429299398e-02 8.103133134595721931e-02 8.073027864167833245e-01 8.612422206296641014e-02
3.219624412704678168e-02 1.023366944056226940e-01 7.817249683478337818e-01 8.374209311949672163e-02
4.425370614780029660e-02 1.330035937876526964e-01 7.355692443208461384e-01 8.717345574370066741e-02
6.443964015750044960e-02 1.697751799400664119e-01 6.717320691761561324e-01 9.405311072627711710e-02
9.272253495926779943e-02 2.025352328331171958e-01 6.035894616933434875e-01 1.011527705142711009e-01
1.278954219015296656e-01 2.196082980141641772e-01 5.453771833487723875e-01 1.071190967355336726e-01
1.627317053021273274e-01 2.179181279722025300e-01 5.047454142529590460e-01 1.146047524727109718e-01
1.911967429967090792e-01 2.011603201849740119e-01 4.800016845668725884e-01 1.276412522514445147e-01
2.083805922088233509e-01 1.798018424115489233e-01 4.633216752833676511e-01 1.484958900962602413e-01
2.158960693466117908e-01 1.587107563114784348e-01 4.472597658263685605e-01 1.781334085155411862e-01
2.153432726171198852e-01 1.391594224845352501e-01 4.280945915043776751e-01 2.174027133939670509e-01
2.043238100552953462e-01 1.198560610003406163e-01 4.085496318836975838e-01 2.672704970606661345e-01
1.832078338630541148e-01 1.009163122538961760e-01 3.885922345610142159e-01 3.272836193220354795e-01
1.519663388853619845e-01 8.418071778648103520e-02 3.711936382462107109e-01 3.926593050819459640e-01
1.191160311123940774e-01 7.152798292084190657e-02 3.521069680660865453e-01 4.572490179006774014e-01
8.950096397703319329e-02 6.226128669355943113e-02 3.254704882235712193e-01 5.227672611058362673e-01
6.373966129191351027e-02 5.402244314235087747e-02 2.904077160293559445e-01 5.918301795363796192e-01
4.288588795122117575e-02 4.531745869311725600e-02 2.509241243305925795e-01 6.608725290250686557e-01
2.783367383531044903e-02 3.621063315627915530e-02 2.116061673817075384e-01 7.243495256267025173e-01
1.798905719671499079e-02 2.766523909920716104e-02 1.783913885248855635e-01 7.759543151791922222e-01
1.648263950596279559e-01 1.055234934094429061e-01 4.498407447968502670e-01 2.798093667340788571e-01
1.585017456711998174e-01 1.126692106684362288e-01 4.731458075266538055e-01 2.556832361337103565e-01
1.505907703018046773e-01 1.243020242296775102e-01 4.907636634608162907e-01 2.343435420077014941e-01
1.402493937619535835e-01 1.426736763813423736e-01 4.994643718838308044e-01 2.176125579728732939e-01
1.309791048024801230e-01 1.694796214243468602e-01 4.976948229200134910e-01 2.018464508531598312e-01
1.247609094395970702e-01 2.044839726631375865e-01 4.881283791180686671e-01 1.826267387791966901e-01
1.220447738193372600e-01 2.448013989651792732e-01 4.739322234824863700e-01 1.592216037329973743e-01
1.248224265327711469e-01 2.840581200728232725e-01 4.564822202444839272e-01 1.346372331499219588e-01
1.295969467795455576e-01 3.176356479316764791e-01 4.401666026586698588e-01 1.126008026301080905e-01
1.333587865652473559e-01 3.393530977521247438e-01 4.310241669778417939e-01 9.626394870478612031e-02
1.349217052763390379e-01 3.411160155985215603e-01 4.374244338298967083e-01 8.653784529524301272e-02
1.353755234686283282e-01 3.196062048395931221e-01 4.636944391989953340e-01 8.132383249278286874e-02
1.361006926360024127e-01 2.810215357935215152e-01 5.056645355876913106e-01 7.721323598278508060e-02
1.339645984821434543e-01 2.337613639276586164e-01 5.604434399897499919e-01 7.183059760044846476e-02
1.232114861259286237e-01 1.822165131660294646e-01 6.301198619516674704e-01 6.445213875637408052e-02
1.022450179456327740e-01 1.322155583774714538e-01 7.098563363169757556e-01 5.568308735991959330e-02
7.703300950560044991e-02 9.108714686523734783e-02 7.846184169395841179e-01 4.726142668957789006e-02
5.260013258223800170e-02 6.227457884777976016e-02 8.456156814227816509e-01 3.950960714720076761e-02
3.361502192009643147e-02 4.259950620638025542e-02 8.917079103449844224e-01 3.207756152853880049e-02
2.090449878771329789e-02 2.929008179322184491e-02 9.243162345905332478e-01 2.548918482853143597e-02
1.355560512821603857e-02 2.069347949091318584e-02 9.450698209387622395e-01 2.068109444210845457e-02
9.556685104632438657e-03 1.519358640718609064e-02 9.573768375744846626e-01 1.787289091369658953e-02
7.144828171341630757e-03 1.140249537148964321e-02 9.648211359796499131e-01 1.663154047751905576e-02
4.550909440172770659e-02 1.030780124086933813e-01 7.283462410275609589e-01 1.230666521620180781e-01
4.366587452239924921e-02 9.796798810217714759e-02 7.564347859520369477e-01 1.019313514233867318e-01
4.366905656054340806e-02 9.506328660396233532e-02 7.735872453708502183e-01 8.768041146464398972e-02
4.529813288007146499e-02 8.999995305335625750e-02 7.846117625631295889e-01 8.009015150344274414e-02
4.807611791394805073e-02 8.171211765965817608e-02 7.934164928231038916e-01 7.679527160328993018e-02
5.005201133449599382e-02 7.153488096558009712e-02 8.050031765429473962e-01 7.340993115697637406e-02
4.884513557126508865e-02 6.088005597880125769e-02 8.224018930199724631e-01 6.787291542996143345e-02
4.396184860215760631e-02 5.044251859715104258e-02 8.443630172238055787e-01 6.123261557688571693e-02
3.657104314365041547e-02 3.997113236040747419e-02 8.692949379887967565e-01 5.416288650714546488e-02
2.830504610913210650e-02 2.985837265170688398e-02 8.954091598526069395e-01 4.642742138655391038e-02
2.067223735558026271e-02 2.127174532148362607e-02 9.189837375598133296e-01 3.907227976312298290e-02
1.461773654596216880e-02 1.486126702197667140e-02 9.369398180286107047e-01 3.358117840345044985e-02
1.054451633194153533e-02 1.047261919254764868e-02 9.487651414360841473e-01 3.021772303942678317e-02
7.602451379253618614e-03 7.758001779881212173e-03 9.561172780107463076e-01 2.852226883011906716e-02
6.396690975735754361e-03 5.600308922864996250e-03 9.602627500009388584e-01 2.774025010046050205e-02
5.638051550775323613e-03 4.086254179790989489e-03 9.630934699455121484e-01 2.718222432392136678e-02
5.187365958698414263e-03 3.202185672357616385e-03 9.648357356837348187e-01 2.677471268520904835e-02
4.979404507743420000e-03 2.849640742066764446e-03 9.659081528593927990e-01 2.626280189079738953e-02
4.769354895852507582e-03 2.738322829004993190e-03 9.675150202761174656e-01 2.497730199902517545e-02
4.428566329414491444e-03 2.601224456805704879e-03 9.699519335308040002e-01 2.301827568297560439e-02
4.174284010464131625e-03 2.358367739017743804e-03 9.719007391095593196e-01 2.156660914095888046e-02
4.065666332877983756e-03 1.967691307174983511e-03 9.729187756061935533e-01 2.104786675375351634e-02
3.917463053583056763e-03 1.465172706006120798e-03 9.732896460532221017e-01 2.132771818718850326e-02
3.606797447313710072e-03 1.006077612952542858e-03 9.723896913569484157e-01 2.299743358278558830e-02
3.242231148604377434e-03 7.080385930291811271e-04 9.683544767937579678e-01 2.769525346460827847e-02
2.945594031552214130e-03 5.653603551602201299e-04 9.592547483919717788e-01 3.723429722131556263e-02
2.711611082275783898e-03 5.245434474010159023e-04 9.437567192835326635e-01 5.300712618679044585e-02
2.540414379719505358e-03 5.540535281633043136e-04 9.202646592702253825e-01 7.664087282189176176e-02
2.572876856922444444e-03 6.645925463044265917e-04 8.872526749987988959e-01 1.095098555979743399e-01
1.976944816617530118e-03 7.153066738031598317e-04 8.453293731597946170e-01 1.519783753497845613e-01
1.893550328358216189e-03 8.718924548726325954e-04 7.969718581183300454e-01 2.002626990984388566e-01
1.890567954007301007e-03 1.075929670687335304e-03 7.534090531733291796e-01 2.436244492019758179e-01
1.834121441910279825e-03 1.263543240289091360e-03 7.287407624340732637e-01 2.681615728837272172e-01
1.672752768222344902e-03 1.396321150775355372e-03 7.284381999561763132e-01 2.684927261248257757e-01
1.483573374366036184e-03 1.479410740681689389e-03 7.453506068872154389e-01 2.516864089977369767e-01
1.345534693750787512e-03 1.524953194978413088e-03 7.701209317404750232e-01 2.270085803707958261e-01
1.324476237783926659e-03 1.595806041274638399e-03 7.967946285077053270e-01 2.002850892132363170e-01
1.489916630584823490e-03 1.767826757622213566e-03 8.218153311815951101e-01 1.749269254301979437e-01
1.930941052451104912e-03 2.092389903121679925e-03 8.446400809196503712e-01 1.513365881247769884e-01
3.310413955789660422e-03 2.533294377497185591e-03 8.650713682602949595e-01 1.290849234064180284e-01
4.146343763406484112e-03 3.115342740564965365e-03 8.846210915775577499e-01 1.081172219184708960e-01
5.704337080864741415e-03 4.006630633850001739e-03 9.024416886302448759e-01 8.784734365504022480e-02
8.267724672397834193e-03 5.542947311179411557e-03 9.163900083590692525e-01 6.979931965735364230e-02
1.257338177082039515e-02 8.465322837482027254e-03 9.218242071400498672e-01 5.713708825164754562e-02
2.026860077063821763e-02 1.362752910771354575e-02 9.147268381521950209e-01 5.137703196945296591e-02
3.323622506825013589e-02 1.944622501649375529e-02 8.955995797889905186e-01 5.171797012626536821e-02
5.525617636877421662e-02 2.499347175188278841e-02 8.642073396888840797e-01 5.554301219045863075e-02
8.847003170023826080e-02 2.799295079309688239e-02 8.252767764622849223e-01 5.826024104438025375e-02
1.295761865354338738e-01 2.868772787176133293e-02 7.856996976114244413e-01 5.603638798138034505e-02
1.706523446713647529e-01 2.904082659254038010e-02 7.518203179039777417e-01 4.848651083211751034e-02
2.045445231686533749e-01 3.143993441254704091e-02 7.253802328925778031e-01 3.863530952622186432e-02
2.283790480291676417e-01 3.855211333906582993e-02 7.024747015414767315e-01 3.059413709028989750e-02
2.413738064332081878e-01 5.386070266229692899e-02 6.787164029731669324e-01 2.604908793132757958e-02
2.475274625299357656e-01 8.144702695365051148e-02 6.457479756811538296e-01 2.527753483525966433e-02
2.579444225993769990e-01 1.229430205539842613e-01 5.902387904773416238e-01 2.887376636929704990e-02
2.764243574038175999e-01 1.742612104985895860e-01 5.131688473161556407e-01 3.614558478143740927e-02
2.888845165348269406e-01 2.284412242452515396e-01 4.384661047061997330e-01 4.420815451372186317e-02
2.864032517122122035e-01 2.755433856534038606e-01 3.871001059695970414e-01 5.095325666478667942e-02
2.783886049920106243e-01 3.050650726201599716e-01 3.597372102630734814e-01 5.680911212475606847e-02
2.716051776932548179e-01 3.142117628727640888e-01 3.499416641014521656e-01 6.424139533252927470e-02
2.632234691191133735e-01 3.037676852641195135e-01 3.566745991949882844e-01 7.633424642177889796e-02
2.504638490912612925e-01 2.750849645688733247e-01 3.789386947728225485e-01 9.551249156704255672e-02
2.373832419324779230e-01 2.327845693552854367e-01 4.070022418564123723e-01 1.228299468558243651e-01
2.306638594982808876e-01 1.893427268236982652e-01 4.214618186372155462e-01 1.585315950408049679e-01
2.329203345796652669e-01 1.556634728215007257e-01 4.089807432248916963e-01 2.024354493739422001e-01
2.411187354601229127e-01 1.339436916551102752e-01 3.724462756279710018e-01 2.524912972567959768e-01
2.539273438921414439e-01 1.207014456336176628e-01 3.227649533197238796e-01 3.026062571545170554e-01
2.656919307302559874e-01 1.150065095395800402e-01 2.751260376183188305e-01 3.441755221118449337e-01
2.742395884112451276e-01 1.145289833477185631e-01 2.379399976920870963e-01 3.732914305489493101e-01
2.745944815083513624e-01 1.146526917870717838e-01 2.132966678963524321e-01 3.974561588082245467e-01
2.618064794009410390e-01 1.084502070156181663e-01 1.981072148042949954e-01 4.316360987791456050e-01
2.379684500102542122e-01 9.274821125520688048e-02 1.847368927465945221e-01 4.845464459879443297e-01
2.101209211431237234e-01 7.244107135677366194e-02 1.673633984106309702e-01 5.500746090894717000e-01
1.851622535642718503e-01 5.463868718170833416e-02 1.503124606944296060e-01 6.098865985595900430e-01
1.680687991901435863e-01 4.250226647334540836e-02 1.404165761190932782e-01 6.490123582174172068e-01
1.606069548411832304e-01 3.625422650308066791e-02 1.388194644773546038e-01 6.643193541783812828e-01
1.614458090094562093e-01 3.516478228131004330e-02 1.438444355755946480e-01 6.595449731336391341e-01
1.683672262568365885e-01 3.900149966974066768e-02 1.540107921371464406e-01 6.386204819362761853e-01
1.802081792909821234e-01 4.804373351457003061e-02 1.708405852180297502e-01 6.009075019764177350e-01
1.955662681200613373e-01 6.444175983453918899e-02 1.936828357981040527e-01 5.463091362472957124e-01
2.090440780553178557e-01 8.871977924690117867e-02 2.211017032787728487e-01 4.811344394190085194e-01
2.172555763761756520e-01 1.248131267290886748e-01 2.485358444043185011e-01 4.093954524904169778e-01
2.230143421054515407e-01 1.753435475309683966e-01 2.692199720578732913e-01 3.324221383057069934e-01
2.302293965140174425e-01 2.402556749921166690e-01 2.745044588413037556e-01 2.550104696525620218e-01
2.392034971699180945e-01 3.134302888860276415e-01 2.629842873607485809e-01 1.843819265833057386e-01
2.443844587461832252e-01 3.880507114481226427e-01 2.426893813644739883e-01 1.248754484412200466e-01
2.338215849465754281e-01 4.646871018422212840e-01 2.216528442702080937e-01 7.983846894099499991e-02
2.075150985105889689e-01 5.373145084174006936e-01 2.045025104613054645e-01 5.066788261070476196e-02
1.693627395791004464e-01 6.029186535224968502e-01 1.938660178806908552e-01 3.385258901771175805e-02
