5.896040535075438571e-01 8.005505133979419485e-02 6.212508095205197117e-02 2.682158142006099699e-01
5.844576028245129090e-02 5.148446518462365118e-01 1.293065545015284756e-01 2.974030333697834094e-01
4.571900984053349493e-02 4.270501311667377342e-01 1.523602869992254916e-01 3.748705719935032654e-01
3.510452861933361507e-02 3.318706232013985957e-01 1.685856077795936658e-01 4.644392403996739360e-01
2.616233780392083694e-02 2.444388259515705430e-01 1.768228312932535184e-01 5.525760049512550287e-01
1.926649044463961055e-02 1.794703396051651190e-01 1.828913945951667341e-01 6.183717753550284080e-01
1.458709283969936328e-02 1.412183419114959038e-01 1.940735148901196749e-01 6.501210503586847267e-01
1.144013040427326738e-02 1.235344139647824718e-01 2.099811525442560889e-01 6.550443030866882621e-01
9.374189177857261690e-03 1.196323885748560578e-01 2.221391675869158755e-01 6.488542546603709438e-01
8.093562881900160863e-03 1.239008445367153488e-01 2.220151857231245640e-01 6.459904068582601466e-01
7.252988998263779075e-03 1.323747261956078891e-01 2.093565387100478348e-01 6.510157460960805942e-01
6.835149483169667903e-03 1.474334596020747956e-01 1.921818342698369819e-01 6.535495566449184279e-01
7.028715928710771096e-03 1.779240483444454179e-01 1.827938428610767496e-01 6.322533928657670943e-01
7.786479274533025449e-03 2.334956170358253869e-01 1.886786975311972592e-01 5.700392061584445003e-01
8.856525573517931571e-03 3.206933632350097985e-01 2.043426712403591805e-01 4.661074399511132005e-01
9.920005416800319054e-03 4.326406162478597661e-01 2.113844228865056907e-01 3.460549554488340229e-01
1.071514213186969787e-02 5.452197438032442278e-01 1.990249241373967803e-01 2.450401899274894102e-01
1.089780324740705249e-02 6.378009224145436695e-01 1.757254943678959458e-01 1.755757799701530564e-01
1.071999670392551757e-02 7.007251185845193575e-01 1.556077857658666186e-01 1.329470989456883190e-01
1.022201023024470190e-02 7.374263924850220642e-01 1.438467339920075916e-01 1.085048632927255313e-01
1.005000862017772431e-02 7.483166699729865146e-01 1.459747683453392342e-01 9.565855306149669002e-02
1.014271249902503821e-02 7.350866428889726301e-01 1.646236229086646685e-01 9.014702170333756259e-02
1.045639237182261275e-02 6.924288072955275819e-01 2.072059887154692470e-01 8.990881161718067283e-02
1.055995101278468795e-02 6.048087763165874708e-01 2.908462859720941096e-01 9.378498669853366221e-02
1.001047358417987698e-02 4.646961332184800786e-01 4.262613153818345935e-01 9.903207781550532607e-02
8.386062266648539737e-03 3.001950309990017440e-01 5.899992141951363456e-01 1.014196925392131660e-01
6.169572465164850986e-03 1.697039344634456715e-01 7.243777568259733846e-01 9.974873624541615025e-02
4.268684764090893875e-03 9.494344975569968259e-02 8.014724862857072196e-01 9.931537919450204865e-02
3.035086233720106844e-03 5.904291601472692885e-02 8.324976562620778342e-01 1.054243414894752429e-01
2.324380671018186784e-03 4.132729105487943644e-02 8.400283647713640001e-01 1.163199635027383216e-01
1.670018608844662080e-03 3.163256434835918368e-02 8.420077920680902883e-01 1.246896249747057733e-01
1.336695993944952759e-03 2.573942743942532474e-02 8.478476786077403515e-01 1.250761979588895789e-01
1.281948776412178241e-03 2.269641261359041373e-02 8.584415971473265961e-01 1.175800414626709950e-01
1.380130267565735872e-03 2.080452391614193500e-02 8.734152647710095030e-01 1.044000810452827971e-01
1.858612635218515529e-03 2.051364758471975816e-02 8.886531719761291415e-01 8.897456780393236953e-02
3.463318299049977008e-03 2.105679158096488562e-02 8.984499813787275579e-01 7.702990874125750786e-02
6.071262618853655833e-03 2.245852262741490288e-02 8.994189318013801060e-01 7.205128295235121993e-02
1.162833487103263376e-02 2.647547683850451361e-02 8.874322520395973024e-01 7.446393625086507317e-02
2.368953587873905489e-02 3.475361657371823371e-02 8.572354017233533297e-01 8.432144582418921175e-02
4.735228876689207000e-02 4.777068725175855762e-02 8.039249382396100874e-01 1.009520857417390699e-01
8.522079637382588835e-02 6.179110762867841972e-02 7.320812312573287128e-01 1.209068647401671109e-01
1.348280331333385207e-01 7.027865883362158228e-02 6.559201333022633973e-01 1.389731747307763610e-01
1.908072819482418969e-01 7.061133591211792015e-02 5.876560842937348372e-01 1.509252978459053318e-01
2.484894155423822415e-01 6.526326050188945016e-02 5.294588492801497459e-01 1.567884746755787428e-01
3.054342325579935680e-01 5.789833562579617399e-02 4.759239808825669882e-01 1.607434509336434503e-01
3.557762577298154150e-01 5.080224559192918904e-02 4.260330010629844177e-01 1.673884956152712489e-01
3.843918859387132070e-01 4.525595482033027001e-02 3.871281206663998997e-01 1.832240385745567135e-01
3.691410854918616424e-01 4.096736265247567094e-02 3.740395582298393640e-01 2.158519936258237459e-01
3.176823013055038447e-01 3.753001936447747378e-02 3.770206063622737469e-01 2.677670729677448791e-01
2.506175092165847662e-01 3.446741019225987163e-02 3.833845073249907420e-01 3.315305732661647520e-01
1.871191794221347127e-01 3.199856212268956807e-02 3.879623716164377623e-01 3.929198868387379084e-01
1.365743820386077501e-01 3.018846235891789118e-02 3.937742584116444289e-01 4.394628971908298709e-01
1.004397358279635472e-01 2.930995965491719341e-02 4.050318334507962970e-01 4.652184710663231915e-01
7.686610732061019413e-02 2.979761430547351111e-02 4.239734682254132636e-01 4.693628101485031179e-01
6.346258961708738100e-02 3.203671740495657450e-02 4.477700240878757509e-01 4.567306688900805156e-01
5.809890163005098501e-02 3.681903414192899682e-02 4.698281284560101856e-01 4.352539357720100477e-01
5.895948734944140429e-02 4.570448604315222041e-02 4.871133430407034171e-01 4.082226835667028264e-01
6.570226084739508310e-02 6.127167742058704791e-02 4.972195856744717757e-01 3.758064760575456353e-01
7.894470243382936681e-02 8.717125312982652863e-02 4.911040928056438215e-01 3.427799516307002969e-01
9.778978244049334190e-02 1.280469905344895076e-01 4.607814783833296679e-01 3.133817486416874409e-01
1.179524527134672707e-01 1.874839796211691390e-01 4.104227892519672349e-01 2.841407784133960779e-01
1.355110770106009443e-01 2.635255590387615698e-01 3.546902046434782796e-01 2.462731593071592617e-01
1.512909809410333817e-01 3.485462380779635883e-01 3.034315601605373502e-01 1.967312208204655966e-01
1.671358312718548844e-01 4.318108534194656234e-01 2.575626828846599436e-01 1.434906324240193265e-01
1.819126918879793442e-01 4.960283854323888630e-01 2.217267597332343854e-01 1.003321629463970466e-01
1.966991499861646953e-01 5.306935577744761323e-01 1.975132025880411979e-01 7.509408965131803004e-02
2.112133907970024649e-01 5.309889218487919837e-01 1.917492901145481932e-01 6.604839723965728882e-02
2.204406826391397400e-01 5.047320473855431144e-01 2.067360707632985573e-01 6.809119921201872705e-02
2.209355095351853981e-01 4.598027091950600553e-01 2.424008689270730765e-01 7.686091234268153938e-02
2.097028120915405691e-01 4.014565071707423272e-01 3.016694468931245821e-01 8.717123384459221636e-02
1.904161254401336989e-01 3.340669635048166275e-01 3.822929122791699497e-01 9.322399877587995987e-02
1.626545678570273379e-01 2.664933748922574397e-01 4.780837063950963972e-01 9.276835085561861705e-02
2.668643781578012297e-01 1.940339826484673846e-01 4.167011702948777985e-01 1.224004688988538092e-01
2.742272951060538942e-03 1.322917811630836549e-01 7.855248441224520484e-01 7.944110176340321572e-02
2.168696445393716605e-03 1.002993275752508268e-01 8.271087933445049334e-01 7.042318263485053409e-02
1.675329183910231586e-03 7.232935248841620979e-02 8.601353481618383423e-01 6.585997016583494679e-02
1.262958820305135890e-03 5.014792889914392732e-02 8.840597543705415173e-01 6.452935791000934118e-02
9.452155159500046262e-04 3.439719098559941568e-02 8.976049647864748904e-01 6.705262871197570362e-02
7.526613478001046437e-04 2.387420951137182376e-02 8.981753918914037182e-01 7.719773724942448345e-02
5.742891228405649397e-04 1.779032709399652745e-02 8.776498001775394631e-01 1.039855836056232663e-01
5.122782379178551391e-04 1.438534008160184674e-02 8.218004517910503237e-01 1.633019298894301530e-01
4.938074253940338788e-04 1.206846672590441982e-02 7.146232556406474368e-01 2.728144702080541051e-01
5.391559830410022625e-04 9.801620488414507226e-03 5.599829702973085910e-01 4.296762532312363714e-01
5.945422966211130755e-04 7.722939293107570179e-03 3.994848807308242766e-01 5.921976376794473307e-01
5.320576420000402117e-04 6.382524505259122398e-03 2.810852661562466270e-01 7.120001516964939992e-01
4.580252063052630543e-04 5.967465150265304462e-03 2.169835784545422197e-01 7.765909311888868904e-01
4.307478614756193435e-04 6.451232587954288007e-03 1.936568678942290622e-01 7.994611516563411291e-01
4.370453111130196788e-04 7.996369555506491200e-03 1.982775144780618837e-01 7.932890706553186178e-01
4.672880162516116582e-04 1.140883980916520928e-02 2.263785105404167719e-01 7.617453616341662848e-01
5.520069659998213260e-04 1.901834964516390183e-02 2.815916988005546795e-01 6.988379445882816343e-01
7.554930535966997629e-04 3.472070477247601872e-02 3.663480707765773836e-01 5.981757313973496970e-01
1.176819729002950192e-03 6.139428252778660056e-02 4.660625352371480790e-01 4.713663625060623974e-01
1.906972410763685052e-03 9.828799865964968352e-02 5.513705067963505790e-01 3.484345221332361686e-01
2.968756427488853690e-03 1.423790938425812391e-01 6.008936123284038811e-01 2.537585374015261519e-01
4.069842499369549782e-03 1.889776373636065376e-01 6.149504008697275204e-01 1.920021192672960730e-01
4.825734389659650826e-03 2.321104677762265145e-01 6.075615880952881520e-01 1.555022097388258084e-01
5.284562073568243971e-03 2.707365823866166310e-01 5.876405134264712782e-01 1.363383421133434192e-01
5.710567682626198349e-03 3.095203753481937659e-01 5.554589727643742814e-01 1.293100842048057475e-01
6.254864890989571789e-03 3.504349605163174508e-01 5.125921869689502586e-01 1.307179876237429539e-01
6.896099956709915435e-03 3.884229049181127658e-01 4.663914529501298478e-01 1.382895421750477694e-01
7.546127883016837297e-03 4.194716992212313422e-01 4.230161988301797682e-01 1.499659740655720219e-01
8.190671472873656961e-03 4.472906074701457069e-01 3.836069992687999308e-01 1.609117217881806949e-01
9.095860421676447982e-03 4.810206639421820696e-01 3.441070344298472472e-01 1.657764412062942005e-01
1.052493409080726763e-02 5.215763170819610606e-01 3.029253554555987882e-01 1.649733933716327483e-01
1.218628401478723776e-02 5.575670351658885693e-01 2.669474712304319985e-01 1.632992095888922968e-01
1.351118790448839826e-02 5.802178194881388862e-01 2.414313163032188458e-01 1.648396763041536928e-01
1.418504455088019818e-02 5.869030596218652862e-01 2.265447830035746402e-01 1.723671128236801131e-01
1.456704350099840423e-02 5.788828693932710490e-01 2.185409704489464366e-01 1.880091166567842698e-01
1.545937132710392681e-02 5.606008662529095021e-01 2.118743460635779396e-01 2.120654163564082983e-01
1.732732189349780669e-02 5.335423172715411111e-01 2.052832899840777714e-01 2.438470708508832796e-01
1.995271466726370249e-02 4.905053969658280111e-01 2.031064295169273115e-01 2.864354588499810617e-01
2.220964930180567565e-02 4.217248607402739324e-01 2.092022737645187758e-01 3.468632161934014912e-01
2.229690638594856306e-02 3.277448388215722375e-01 2.222411227762346730e-01 4.277171320162443946e-01
1.947033391847649217e-02 2.292785051783708949e-01 2.388544460695146143e-01 5.123967148336379118e-01
1.562555662735162776e-02 1.536570800106065171e-01 2.652739743563873320e-01 5.654433890056544953e-01
1.290167718512755593e-02 1.072862599166394537e-01 3.105646744020199024e-01 5.692473884962131470e-01
1.157612402656851489e-02 7.879487063801052238e-02 3.679109616585309883e-01 5.417180436768896934e-01
1.086132855511385414e-02 5.577127415558601892e-02 4.205911111314289408e-01 5.127762861578712972e-01
9.997501640524795313e-03 3.440645956879056361e-02 4.615801037516116256e-01 4.940159350390729842e-01
8.859124364663947815e-03 1.826511723623286745e-02 4.960933601925400227e-01 4.767823982065633737e-01
6.957714571004270168e-03 8.889851194500452899e-03 5.327733566237226048e-01 4.513790776107724501e-01
5.622141853868956214e-03 4.223303193590598713e-03 5.755331242662371505e-01 4.146214306863031385e-01
4.874519091269572529e-03 2.017832680922794931e-03 6.245351207586722353e-01 3.685725274691353248e-01
3.521718773710374485e-03 9.124213919376817023e-04 6.772756478160676386e-01 3.182902120182843908e-01
2.450354316569796926e-03 4.106694622753353694e-04 7.277184362951931718e-01 2.694205399259620992e-01
1.733261286350631621e-03 1.972494616390814621e-04 7.702419858932217922e-01 2.278275033587885134e-01
1.359041737892323267e-03 1.135457649015265556e-04 7.972151637407259850e-01 2.013122487564802943e-01
1.275673740196883775e-03 8.677295822502226717e-05 8.052443827250780339e-01 1.933931705764999620e-01
1.424609092995242007e-03 8.690649522269214310e-05 7.935449314151357125e-01 2.049435529966463498e-01
1.790680238206076398e-03 1.035042638928102633e-04 7.553430741612148225e-01 2.427627413366862108e-01
2.373061797070539873e-03 1.332467607026065421e-04 6.786379528985005960e-01 3.188557385437263414e-01
3.119285203077949275e-03 1.805793669780585576e-04 5.621444683908655149e-01 4.345556670390784970e-01
3.758452916210873896e-03 2.460905994244016863e-04 4.340273714607447708e-01 5.619680850236199454e-01
4.083000105551935072e-03 3.059494745840374004e-04 3.313032895413842716e-01 6.643077608784798693e-01
4.328190877172366849e-03 3.738674194368300525e-04 2.651118028043373820e-01 7.301861388990534829e-01
4.717291994791560951e-03 4.891682428583211300e-04 2.304729044023598461e-01 7.643206353599905079e-01
5.324638614831209843e-03 6.829059365290068330e-04 2.212519949354359861e-01 7.727404605132037752e-01
6.197970919218483143e-03 9.904246314931574105e-04 2.350886209548792016e-01 7.577229834944093634e-01
7.459619411158475988e-03 1.458251857575150901e-03 2.716702040651706729e-01 7.194119246660956035e-01
9.188652788716224554e-03 2.100105081621962775e-03 3.224625150677464247e-01 6.662487270619150692e-01
1.136209954345902308e-02 2.831570714996212677e-03 3.683580651950039142e-01 6.174482645465410036e-01
1.384608709873642006e-02 3.476185435994349256e-03 3.943636020089245076e-01 5.883141254563449829e-01
1.648800814324466457e-02 3.952770745221679920e-03 3.950908579791597708e-01 5.844683631323742690e-01
1.947836604576668948e-02 4.426459116563609235e-03 3.722910441903585776e-01 6.038041306473113101e-01
8.827087909664182996e-01 9.015879840663901246e-02 8.623665913139583888e-03 1.850874471380277442e-02
9.422756027506347387e-02 4.380174241118117706e-01 2.942207163025437056e-01 1.735342993105810083e-01
7.869454493878773327e-02 3.950653103344417549e-01 3.551952664200157539e-01 1.710448783067543277e-01
6.724646366671829800e-02 3.556722284255480759e-01 4.136373711901424333e-01 1.634439367175908597e-01
5.852850276710110100e-02 3.232791837719810601e-01 4.706628608885266019e-01 1.475294525723916117e-01
5.218271913886775304e-02 2.994492266778303047e-01 5.228768120402961239e-01 1.254912421430060820e-01
4.913739045594754662e-02 2.839935746000146755e-01 5.630500379275559242e-01 1.038189970164818954e-01
5.058960462255622514e-02 2.701525460486782770e-01 5.911969306061130025e-01 8.806091872265285614e-02
5.706105450779832416e-02 2.459632663473983738e-01 6.175228377744352848e-01 7.945284137036805194e-02
6.691819107548063750e-02 2.056115755490079966e-01 6.510870406832104385e-01 7.638319269230127440e-02
7.894550918500820025e-02 1.555845298490103334e-01 6.893756203736167709e-01 7.609434059236493131e-02
9.006825839682053303e-02 1.074255086503269063e-01 7.269174084260638935e-01 7.558882452678877817e-02
9.810103854418973646e-02 7.040598703684382287e-02 7.573131358999746210e-01 7.417983851899188907e-02
1.082291293550615846e-01 4.584129355062257355e-02 7.727084496318162854e-01 7.322112746249966053e-02
1.245831350265838855e-01 3.184323113195382943e-02 7.697336219779905564e-01 7.384001186347181889e-02
1.486686307406596130e-01 2.573466107664012029e-02 7.501763115051918174e-01 7.542039667750836951e-02
1.746651807074655061e-01 2.525378667122968671e-02 7.247419222352388113e-01 7.533911038606574961e-02
1.951794874472076724e-01 2.973771092953607365e-02 7.019558137954657884e-01 7.312698782779050721e-02
2.098870858387904825e-01 4.009161470913616410e-02 6.780364000506372557e-01 7.198489940143605603e-02
2.235872031016259698e-01 5.816139610743979033e-02 6.435133778946893202e-01 7.473802289624485728e-02
2.432790184080707296e-01 8.603602762152635919e-02 5.901214182848284473e-01 8.056353568557461653e-02
2.771470894598263568e-01 1.226765701187149532e-01 5.162618675670556101e-01 8.391447285440310766e-02
3.353094486011612418e-01 1.608635638335177420e-01 4.247155717502046901e-01 7.911141581511642318e-02
4.245325790957517609e-01 1.888932694432508552e-01 3.210383077463470625e-01 6.553584371465041858e-02
5.344745505669220575e-01 1.994654688904498319e-01 2.194199938281578000e-01 4.663998671447037309e-02
6.319648772140865622e-01 2.018774066463547290e-01 1.374171268715272953e-01 2.874058926803119488e-02
6.932096651082405581e-01 2.076295801121801621e-01 8.248790079873294379e-02 1.667285398084634995e-02
7.209592330736339649e-01 2.190043563273884331e-01 5.007716621452625028e-02 9.959244384451382964e-03
7.298732469824691371e-01 2.318010282810726297e-01 3.200895297792693411e-02 6.316771758531325096e-03
7.284275581254320286e-01 2.449493679374321331e-01 2.230667522561027155e-02 4.316398711525547618e-03
7.233218320115625266e-01 2.559413773673278047e-01 1.746728351787298072e-02 3.269507103236645850e-03
7.245956665309766231e-01 2.569928336172734307e-01 1.559569512570807386e-02 2.815804726041988126e-03
7.405187295167955375e-01 2.409913883284083569e-01 1.570607647676330529e-02 2.783805678032660273e-03
7.709450387187349873e-01 2.086733009824619789e-01 1.721670493705398930e-02 3.164955361748761267e-03
8.083220927930566679e-01 1.677506124072346838e-01 1.972335206517790776e-02 4.203942734530840240e-03
8.416214047640465656e-01 1.286871028482384494e-01 2.302256936641437074e-02 6.668923021300545741e-03
8.611382111336910450e-01 9.975981767789221522e-02 2.679074772754115943e-02 1.231122346087543465e-02
8.635355823091487304e-01 8.207187292693454705e-02 3.063783364288175104e-02 2.375471112103491600e-02
8.487365735768566122e-01 7.250204530483922438e-02 3.498351039197912515e-02 4.377787072632520482e-02
8.170640837693495806e-01 6.751692106674751781e-02 4.030734260010080533e-02 7.511165256380201993e-02
7.691421512516373182e-01 6.432588036095178430e-02 4.650773392400456979e-02 1.200242344634065289e-01
7.065678873135946558e-01 6.121019612265759385e-02 5.308990188743176186e-02 1.791320146763159260e-01
6.329805078064512092e-01 5.785021637909586872e-02 5.873751681512299344e-02 2.504317589993299009e-01
5.578566811406001635e-01 5.228936218768762828e-02 6.279798114473561510e-02 3.270559755269767943e-01
4.923948050280208544e-01 4.597757615860600944e-02 6.351196471478831596e-02 3.981156540985849035e-01
4.443744635616693750e-01 4.032536403609412318e-02 6.078323174459421274e-02 4.545169406576423099e-01
4.184360644328798395e-01 3.665551538961039912e-02 5.542632169013830129e-02 4.894820984873715086e-01
4.176647469322160022e-01 3.573897497725110617e-02 4.876698092010719326e-02 4.978292971704255665e-01
4.404277140906937005e-01 3.735857206333668273e-02 4.198109428220864886e-02 4.802326195637611206e-01
4.824477744040691074e-01 4.079754381940788044e-02 3.591801180027871104e-02 4.408366699762444885e-01
5.398234525737978240e-01 4.421626629004703907e-02 3.034019061341216433e-02 3.856200905227430420e-01
6.018203550682106329e-01 4.693798975176863980e-02 2.630879843889468925e-02 3.249328567411260971e-01
6.595378145771869649e-01 4.746334895439503071e-02 2.273836734184348299e-02 2.702604691265748094e-01
7.076510592986934300e-01 4.703548844915036303e-02 1.963608787128749353e-02 2.256773643808685503e-01
7.448284651937407963e-01 4.645344749799966422e-02 1.700914852576086364e-02 1.917089387824988944e-01
7.707800002081298674e-01 4.578305219894306805e-02 1.489234572396387797e-02 1.685446018689633618e-01
7.856087447212202202e-01 4.526605194047090414e-02 1.335157080618434682e-02 1.557736325321244508e-01
7.906593840054667588e-01 4.556543900137601660e-02 1.235987192682917735e-02 1.514153050663281930e-01
7.868676207242844001e-01 4.755919050347237609e-02 1.185080383218711092e-02 1.537223849400559117e-01
7.719146349375426430e-01 5.245782640948687403e-02 1.188895532374496973e-02 1.637385833292257231e-01
7.411769401691228332e-01 6.121991207367236121e-02 1.257189698415192222e-02 1.850312507730529354e-01
6.902477082600846359e-01 7.375052120482986084e-02 1.388241477933714260e-02 2.221193557557483156e-01
6.151901782138866626e-01 8.851335181955896636e-02 1.568154601137813908e-02 2.806149239551761765e-01
5.161500411152546430e-01 1.021318040200556720e-01 1.764432957102413449e-02 3.640738252936655539e-01
4.062494764389972257e-01 1.093009424503442462e-01 1.899094499524072929e-02 4.654586361154178231e-01
3.102702529909867057e-01 1.079209934412540262e-01 1.929637580802532823e-02 5.625123777597340613e-01
2.482648532919696227e-01 1.035915451541164073e-01 1.974877248124649876e-02 6.283948290726673047e-01
2.249898688808495972e-01 1.031593515793030741e-01 2.206083454228083274e-02 6.497899449975668151e-01
2.345826854977580977e-01 1.093374711658295223e-01 2.748321591316085083e-02 6.285966274232512863e-01
2.674189136766766950e-01 1.225083030596168104e-01 3.713519973464228519e-02 5.729375835290639873e-01
3.123424358451301064e-01 1.399668847517210324e-01 5.206906691148948524e-02 4.956216124916595911e-01
3.486847928955450482e-01 1.595673386920719028e-01 7.356067153834454364e-02 4.181871968740384915e-01
2.436793891333590908e-02 1.513860679914594276e-02 9.433100510520390225e-01 1.718340323547929219e-02
1.610127725641596820e-04 9.843612591758381836e-05 1.193901907783329573e-02 9.878015320236851471e-01
8.573050906020267682e-05 5.050606962442619300e-05 8.361458607374952848e-03 9.915023048139403050e-01
4.973961637709415300e-05 2.868966325774233709e-05 6.235356675464606181e-03 9.936862140449004288e-01
3.202120826449145831e-05 1.804782265179091143e-05 4.920693015250748870e-03 9.950292379538331344e-01
2.304226389238946100e-05 1.251919450573217380e-05 4.074657285440806166e-03 9.958897812561611218e-01
1.914507808350715938e-05 9.989487933431033875e-06 3.636888657149694049e-03 9.963339767768332189e-01
1.903807888106276666e-05 9.667746228126514719e-06 3.601869328918014083e-03 9.963694248459724623e-01
2.274960379275847570e-05 1.146633212428616741e-05 3.952499202085939072e-03 9.960132848619971391e-01
3.121442817840403136e-05 1.595072213446815389e-05 4.685583747448754909e-03 9.952672511022381263e-01
4.535617095162006510e-05 2.415888267178576830e-05 5.803263506111065728e-03 9.941272214402654406e-01
6.415993814586494113e-05 3.653379738070929624e-05 7.209727594237201088e-03 9.926895786702363278e-01
8.577031127502618153e-05 5.239913894292368553e-05 8.706678885280596039e-03 9.911551516645014104e-01
1.088539725898477389e-04 7.034058400086761072e-05 1.006813127120428225e-02 9.897526741722049159e-01
1.333481360883092800e-04 9.132948526377927952e-05 1.138992310305802190e-02 9.883853992755902151e-01
1.656770655832654415e-04 1.249133912115880690e-04 1.347168596870561980e-02 9.862377235744996806e-01
2.307382254780173325e-04 1.983114205830077443e-04 1.769298096445298327e-02 9.818779693894859051e-01
3.759541338116217891e-04 3.639787095260485820e-04 2.514931555944798641e-02 9.741107515972144970e-01
6.449990990063188181e-04 6.793869401433537143e-04 3.563833078749671646e-02 9.630372831733536865e-01
2.946442806272794369e-04 2.522325381447153335e-04 4.845681928055343285e-02 9.509963039006745777e-01
4.356915169204865989e-04 4.355718635418212147e-04 6.268237538685136889e-02 9.364463612326863196e-01
6.191846801400748479e-04 7.117991517849058718e-04 7.684516792949959429e-02 9.218238482385751054e-01
8.288879267001679312e-04 1.080848738125330310e-03 8.824279913611542125e-02 9.098474641990588196e-01
1.060348510426388242e-03 1.522429357672182293e-03 9.465156923086270879e-02 9.027656529010388287e-01
1.321126989619087356e-03 1.967517389698750490e-03 9.610988398122236043e-02 9.006014716394594721e-01
1.597010615931011976e-03 2.291060596244409459e-03 9.313200667992295456e-02 9.029799221079017890e-01
1.853202099696335580e-03 2.424772197015514098e-03 8.560073350590802210e-02 9.101212921973800274e-01
2.034898833267777957e-03 2.376060302257941917e-03 7.443194484363441221e-02 9.211570960208396164e-01
2.130937356439352275e-03 2.208331845702359280e-03 6.262974280929388404e-02 9.330309879885640978e-01
2.216775158678657709e-03 2.021357973492145937e-03 5.283017431915267709e-02 9.429316925486763701e-01
2.597656380288272497e-03 2.422978441809438971e-03 4.455669894769713479e-02 9.504226662302052153e-01
2.675010169555183497e-03 2.112715780247576437e-03 3.772253819853026158e-02 9.574897358516670787e-01
2.910878667624307390e-03 1.882750280794619419e-03 3.290369038100956350e-02 9.623026806705714531e-01
3.278230064011821050e-03 1.698157955091129934e-03 3.035598022889581665e-02 9.646676317520012089e-01
3.706177406114428280e-03 1.520986218839472147e-03 2.930583015889246315e-02 9.654670062161534450e-01
4.181334367489167661e-03 1.367791540054796818e-03 2.900429630741432549e-02 9.654465777850418373e-01
4.762374466779276463e-03 1.288959771799412686e-03 2.968304587579914319e-02 9.642656198856222050e-01
6.134773156891586143e-03 1.122219381663198045e-03 3.220974797780810223e-02 9.605332594836369919e-01
6.492084951505063505e-03 1.140115035712185084e-03 3.827638524439511136e-02 9.540914147683874358e-01
6.241923375910052134e-03 1.170444459625187171e-03 4.960912447532041941e-02 9.429785076891444850e-01
5.808611995919742491e-03 1.268613560489997979e-03 6.972780832716454769e-02 9.231949661164254861e-01
5.621169982477827905e-03 1.501121227658950077e-03 1.030257756731829816e-01 8.898519331166803159e-01
5.963634026458683977e-03 1.954915943757811695e-03 1.531956414267827415e-01 8.388858086030008820e-01
6.167732988363276193e-03 2.637349323876287538e-03 2.216927019579838787e-01 7.695022157297767285e-01
7.632020267154386930e-03 3.853749306754795240e-03 3.021603879988184471e-01 6.863538424272721539e-01
9.928875203289579815e-03 5.640857384500649191e-03 3.848202092524359297e-01 5.996100581597734180e-01
1.306878454955785751e-02 8.024254351733003596e-03 4.623571016274929946e-01 5.165498594712160108e-01
1.739082283171254975e-02 1.099697091962064527e-02 5.299034822419068647e-01 4.417087240067598120e-01
2.159605864446921195e-02 1.466111826587150266e-02 5.864856464005603343e-01 3.772571766890989164e-01
2.704779070621285419e-02 1.961611450335265863e-02 6.300019421823557231e-01 3.233341526080788508e-01
3.387045624881014627e-02 2.577305563257901305e-02 6.590772383673306756e-01 2.812792497512802692e-01
4.119849954940266873e-02 3.179917100156273019e-02 6.743482370584038543e-01 2.526540923906308023e-01
4.896434886882027743e-02 3.668310944648803251e-02 6.754105076211410763e-01 2.389420340635503570e-01
6.093477840414878582e-02 4.200231827282255304e-02 6.550689172573166408e-01 2.419939860657122355e-01
8.258533096077715074e-02 4.941563522280767451e-02 6.078201060272179213e-01 2.601789277891972674e-01
1.172187438128226566e-01 5.811730078976661690e-02 5.383817978108167424e-01 2.862821575865943102e-01
1.641012023496220273e-01 6.556153050427708517e-02 4.617949318154838667e-01 3.085423353306173122e-01
2.168676653154200940e-01 6.916874566081321341e-02 3.932033674902581932e-01 3.207602215335082496e-01
2.639350928151399933e-01 6.797901245523806091e-02 3.378706199736745130e-01 3.302152747559475299e-01
2.954926420776188278e-01 6.321940366000614042e-02 2.938036518755370863e-01 3.474843023868378067e-01
3.093611942253317038e-01 5.707101150392231148e-02 2.570857594919306877e-01 3.764820347788152000e-01
3.082288931273899357e-01 5.067276235143208796e-02 2.246612264150727178e-01 4.164371181061050087e-01
2.951478422267267976e-01 4.400843979451472127e-02 1.945366584262296361e-01 4.663070595525284912e-01
2.687159448017139574e-01 3.676632941008838029e-02 1.672347290546356002e-01 5.272829967335623813e-01
2.278187395503990242e-01 2.935633536533651528e-02 1.438008975212722029e-01 5.990240275629924449e-01
1.791917628693150133e-01 2.286352449078831936e-02 1.240982233446300681e-01 6.738464892952669150e-01
1.343620674726983544e-01 1.803836021613001300e-02 1.066451315572665010e-01 7.409544407539049304e-01
9.812480315612774617e-02 1.465271856308795681e-02 8.902337520130723658e-02 7.981991030794772790e-01
6.893854569097554452e-02 1.208403851880167704e-02 7.154074432531497274e-02 8.474366714649079757e-01
4.623584096834100488e-02 9.910864803294984482e-03 5.615525802801630412e-02 8.876980362003481506e-01
3.015135793278509238e-02 7.960389661003524492e-03 4.393706557885205394e-02 9.179511868273591002e-01
1.985068139208334345e-02 6.301007602402020590e-03 3.576575453453178371e-02 9.380825564709825981e-01
1.645976523831487182e-01 2.040025797175688271e-01 1.972821434025772425e-01 4.341176244967052122e-01
1.611156042844918423e-01 2.043541233788298828e-01 2.150707749674142522e-01 4.194594973692641338e-01
1.541696774822400307e-01 2.122346621160255686e-01 2.332862369140677183e-01 4.003094234876665714e-01
1.439813267047879153e-01 2.273272951647784534e-01 2.483446335222570522e-01 3.803467446081768011e-01
1.325989943190874765e-01 2.496318614965525595e-01 2.608688795060873367e-01 3.569002646782725718e-01
1.222199860664355264e-01 2.761486834450308514e-01 2.737232888455071733e-01 3.279080416430263378e-01
1.146802763412677201e-01 3.007988065167998548e-01 2.896737396896082450e-01 2.948471774523240829e-01
1.114163160782540851e-01 3.219081197531820093e-01 3.055559757195051018e-01 2.611195884490590813e-01
1.097120344035302786e-01 3.343638633184377595e-01 3.243492930155262854e-01 2.315748092625058152e-01
1.083221902548254512e-01 3.357764790879916861e-01 3.446991210659337002e-01 2.112022095912494679e-01
1.071696665043432584e-01 3.223360461552155498e-01 3.681233844033663938e-01 2.023709029370748536e-01
1.071590425756811099e-01 2.924274924633044614e-01 3.981706811377751509e-01 2.022427838232389863e-01
1.091654435434045861e-01 2.502149281988508833e-01 4.376508421217172873e-01 2.029687861360272572e-01
1.107703310109228317e-01 2.017165876485062792e-01 4.902953320698121842e-01 1.972177492707591628e-01
1.068319802669045887e-01 1.511153490715585468e-01 5.583160040506517374e-01 1.837366666108848079e-01
9.432486143819394930e-02 1.041152579619775143e-01 6.364887035945040461e-01 1.650711770053244487e-01
7.539969698885050364e-02 6.706217287861948595e-02 7.124332983263532704e-01 1.451048318061766151e-01
5.451968145845377534e-02 4.133918450308214643e-02 7.789609271491587661e-01 1.251802068893056730e-01
3.570061921872683119e-02 2.443945406945028168e-02 8.348568334686065073e-01 1.050030932432164943e-01
2.189723926985138666e-02 1.399657157078658225e-02 8.776086011045547419e-01 8.649758805480743662e-02
1.300168046259824947e-02 7.945758586064810211e-03 9.062891274434473621e-01 7.276343350788956610e-02
8.861451295681402329e-03 4.849146149421335039e-03 9.208268131222536734e-01 6.546258943264382513e-02
6.557021723395180246e-03 3.124992688468103755e-03 9.263559845648076108e-01 6.396200102332917636e-02
4.014795028029335966e-02 1.782140288170748765e-01 4.992787934051455268e-01 2.823592274974863203e-01
4.092361585975735211e-02 1.689277705080941550e-01 5.421666378993966751e-01 2.479819757327515195e-01
4.310108042597459582e-02 1.627243510682654104e-01 5.752605524628512379e-01 2.189140160429089155e-01
4.727659055058984483e-02 1.554753511648422626e-01 5.951424710465079704e-01 2.021055872380600749e-01
5.346341823248416253e-02 1.460005895993381764e-01 6.044470329686407739e-01 1.960889591995367554e-01
5.964090789438093038e-02 1.353670582215077967e-01 6.130551634879766176e-01 1.919368703961346345e-01
6.211941799077172477e-02 1.244738572816850991e-01 6.292265926231199735e-01 1.841801321044228279e-01
5.884816245481879621e-02 1.131129274791974754e-01 6.550668345549830462e-01 1.729720755110010222e-01
5.073786776602617205e-02 9.950779411364371607e-02 6.916461990536451054e-01 1.581081390666848052e-01
4.021933373558353453e-02 8.324058014304056008e-02 7.378094997682183021e-01 1.387305863531574368e-01
3.001305988702975339e-02 6.670487051718880511e-02 7.845874561096500832e-01 1.186946134861314173e-01
2.198324004025934211e-02 5.247861571507188988e-02 8.220294076097808267e-01 1.035087366348878130e-01
1.677870840978901851e-02 4.145106955603355264e-02 8.473457818929732710e-01 9.442444014120385254e-02
1.405261655427252586e-02 3.322404727641388444e-02 8.623079493450817035e-01 9.041538682423172490e-02
1.286023568131725199e-02 2.669589911055331860e-02 8.706096591503529325e-01 8.983420605777651946e-02
1.251235037054213191e-02 2.165767066066134547e-02 8.744469483640407992e-01 9.138303060475570783e-02
1.288997186604477589e-02 1.885237578881277312e-02 8.739217904443359330e-01 9.433586190080647804e-02
1.396001368943749522e-02 1.853765788930576003e-02 8.701190053437389826e-01 9.738332307751769445e-02
1.516012891894788668e-02 1.967140525047371066e-02 8.662082674387351355e-01 9.896019839184309885e-02
1.590131863482365307e-02 2.041076105968746626e-02 8.648471434979482231e-01 9.884077680754049799e-02
1.649789272397165357e-02 1.942745924441906247e-02 8.654479484682953139e-01 9.862669956331415744e-02
1.709368831060929794e-02 1.618119770691693604e-02 8.686854605764168236e-01 9.803965340605697021e-02
1.704227159158654137e-02 1.138168250505765082e-02 8.755864075846194750e-01 9.598963831873645602e-02
1.531536860603610606e-02 6.717978335664031610e-03 8.826564505236828007e-01 9.531020253461734704e-02
1.359921285191915616e-02 3.970109600003556699e-03 8.803008761467258081e-01 1.021298014013513611e-01
1.179974850245087657e-02 2.622129386034779616e-03 8.658246120709579552e-01 1.197535100405565378e-01
1.030517145300162939e-02 2.080693818791917293e-03 8.392654271709206748e-01 1.483487075572855196e-01
8.407634803201174609e-03 1.734632855755781616e-03 8.010201205407614378e-01 1.888376118002816906e-01
6.928730875702040527e-03 1.654236574768001974e-03 7.499861108984731128e-01 2.414309216510569789e-01
5.789514131603694901e-03 1.693765522918151125e-03 6.884283071460329806e-01 3.040884131994452400e-01
5.054984745346840884e-03 1.820018188866719643e-03 6.252018310575752080e-01 3.679231660082109001e-01
4.585424277048555375e-03 1.976562848161957618e-03 5.746975995743628385e-01 4.187404133004268281e-01
4.134113662264166274e-03 2.064725031557001697e-03 5.476958518215502281e-01 4.461053094846287870e-01
3.055447150518990265e-03 2.015595338294736208e-03 5.461133834335575310e-01 4.488155740776287317e-01
3.323342387384415741e-03 2.078146546706319438e-03 5.602286232509435804e-01 4.343698878149659937e-01
3.140453015508947940e-03 2.111818986167866667e-03 5.816021602179696215e-01 4.131455677803534399e-01
3.215389611482948398e-03 2.247317973685593068e-03 6.055617235338623949e-01 3.889755688809690137e-01
3.698360667945330051e-03 2.568070313931558254e-03 6.309092684800748918e-01 3.628243005380479835e-01
4.802794346816944941e-03 3.141255367196553461e-03 6.600296744894357248e-01 3.320262757965507516e-01
6.745083759396620048e-03 3.991151183484926979e-03 6.937561298652998865e-01 2.955076351918186073e-01
9.637539136013532556e-03 5.086808172087127489e-03 7.297087721106407798e-01 2.555668805812587041e-01
1.427476027225127626e-02 6.396987792642055970e-03 7.653468690212005265e-01 2.139813829139063095e-01
1.859467297575208636e-02 8.071734797543398190e-03 7.986752902644118635e-01 1.746583019622927058e-01
2.738777627524807690e-02 1.177623867501433746e-02 8.179170988794478570e-01 1.429188861702898605e-01
3.913447669752129904e-02 1.641852506039711071e-02 8.227141260167856185e-01 1.217328722252959405e-01
5.907797876023979794e-02 2.287320902251598065e-02 8.075723544695848632e-01 1.104764577476596288e-01
8.752941555137676299e-02 2.884732339647943025e-02 7.787416564508327088e-01 1.048816046013109210e-01
1.252251353019381286e-01 3.378012288446014671e-02 7.416959852717581736e-01 9.929875654184341927e-02
1.672016673064970205e-01 3.770096381030423049e-02 7.049109174632208763e-01 9.018645141997767845e-02
2.060919312898825961e-01 4.117686728116396605e-02 6.755887909505389199e-01 7.714241047841478849e-02
2.370031759249300041e-01 4.532690802551673365e-02 6.550280847340078649e-01 6.264183131554502959e-02
2.603415235306375530e-01 5.247304370298883081e-02 6.362841862288545203e-01 5.090124653751875589e-02
2.775108554598124666e-01 6.536171703483358020e-02 6.137989800646743710e-01 4.332844744067960302e-02
2.918412670227163996e-01 8.657972828564217127e-02 5.820064245923447510e-01 3.957258009929662257e-02
3.114234535011984328e-01 1.173940336201944185e-01 5.311579793316588693e-01 4.002453354694809895e-02
3.391619711218364919e-01 1.558123921848620641e-01 4.607130471692105766e-01 4.431258952409106860e-02
3.624791006160546503e-01 1.980325002866001327e-01 3.891349154183424974e-01 5.035348367900256000e-02
3.695612870653596227e-01 2.382419885995606945e-01 3.354710031881758536e-01 5.672572114690384998e-02
3.681018934212240135e-01 2.677691330220454136e-01 2.992644909541356535e-01 6.486448260259504439e-02
3.675802508796013890e-01 2.816206404611258929e-01 2.726784367590351366e-01 7.812067190023740115e-02
3.662869893337121208e-01 2.797007574176723632e-01 2.534707779726033672e-01 1.005414752760123986e-01
3.602821068217480494e-01 2.649610879698180432e-01 2.387556732693009998e-01 1.360011319391330187e-01
3.525038528396419735e-01 2.407495958392714963e-01 2.216499224346990260e-01 1.850966288863874765e-01
3.522475569794009664e-01 2.100642241944107314e-01 1.979540215485940391e-01 2.397341972775942909e-01
3.628894147163360673e-01 1.829598287671967138e-01 1.703254959992555051e-01 2.838252605172115195e-01
3.864141375319311011e-01 1.634369017294582949e-01 1.428790987478280594e-01 3.072698619907827111e-01
4.123983654490460116e-01 1.530222080600330270e-01 1.211954570056664876e-01 3.133839694852545432e-01
4.379903997465791066e-01 1.479403208695401484e-01 1.035002021507965275e-01 3.105690772330841898e-01
4.498921223083625076e-01 1.497500388415354267e-01 9.234316082550887705e-02 3.080146780245934801e-01
4.442428664050500076e-01 1.535790353882933446e-01 8.643577190225809614e-02 3.157423263043984685e-01
4.176414198225481544e-01 1.529179830621400227e-01 8.370789478002579886e-02 3.457327023352862461e-01
3.727940392053358254e-01 1.430530287307356929e-01 8.028734782092752931e-02 4.038655842430011189e-01
3.185307016570336214e-01 1.260003920555666790e-01 7.369032191818966626e-02 4.817785843692098391e-01
2.672505432831157601e-01 1.083400812740267227e-01 6.645854363082390193e-02 5.579508318120334209e-01
2.294814718522190933e-01 9.390603445895447099e-02 6.181343674655374182e-02 6.147990569422724372e-01
2.074611510681703685e-01 8.683551114563471673e-02 6.071051685630258349e-02 6.449928209298924076e-01
1.995510963871716947e-01 8.960968421339950141e-02 6.307339452232543775e-02 6.477658248771035465e-01
2.022719161940543242e-01 1.054307375983898759e-01 6.835045692974182907e-02 6.239468892778140541e-01
2.166955176074534528e-01 1.366736772709273018e-01 7.530984709387837650e-02 5.713209580277407440e-01
2.375714545926731203e-01 1.878081843304608978e-01 8.379625570789350775e-02 4.908241053689723632e-01
2.590366721734313482e-01 2.573385167199951362e-01 9.119651392564531722e-02 3.924282971809282539e-01
2.726685876099324557e-01 3.423233011801147252e-01 9.463153658977076221e-02 2.903765746201820153e-01
2.691554412281587094e-01 4.380657701648220659e-01 9.249893046047803769e-02 2.002798581465414229e-01
2.566324706773374653e-01 5.241701926904271946e-01 8.587401891970491974e-02 1.333233177125302260e-01
2.429332132127201560e-01 5.889062462606631243e-01 7.881143687102319662e-02 8.934910365559366185e-02
2.311928382959111961e-01 6.338895428442221647e-01 7.390435605763233384e-02 6.101326280223438869e-02
2.189704923113206247e-01 6.665083421081132720e-01 7.217818466365019670e-02 4.234298091691572619e-02
2.042151143143540459e-01 6.911723641660170170e-01 7.425378034841835506e-02 3.035874117121072774e-02
1.875220155408573730e-01 7.089952465252189473e-01 8.045338454141753859e-02 2.302935339250606825e-02
