7.161053271591518721e-01 3.487481514754907364e-02 4.287875938901535705e-02 2.061410983042834544e-01
6.908406580932510699e-02 3.923865997303268571e-01 1.008569502597877893e-01 4.376723842005604825e-01
4.873971312011354112e-02 3.479243955225347906e-01 1.130227826354128773e-01 4.903131087219387840e-01
3.495081001542367505e-02 2.989920380804970690e-01 1.266398779320009327e-01 5.394172739720779486e-01
2.591528141443916189e-02 2.518972775743874015e-01 1.428753900290331835e-01 5.793120509821404474e-01
2.051873037285483967e-02 2.163653607498431108e-01 1.626741856171207423e-01 6.004417232601813037e-01
1.766998007384016148e-02 1.986380846146424684e-01 1.856785685523560103e-01 5.980133667591611690e-01
1.601040423242625424e-02 1.959872541027685988e-01 2.079201126651138154e-01 5.800822289996915293e-01
1.489452823871878322e-02 2.024650715535305234e-01 2.225587923418866076e-01 5.600816078658638064e-01
1.419628946595991037e-02 2.134654287227941150e-01 2.254963790989630568e-01 5.468419027122830567e-01
1.382863424555216478e-02 2.284730838901987970e-01 2.200054880149013292e-01 5.376927938493478720e-01
1.403202182524582523e-02 2.539701207078568501e-01 2.142668360672705385e-01 5.177310213996267896e-01
1.506577357661298758e-02 2.996339925571284146e-01 2.164839824989956696e-01 4.688162513672630149e-01
1.650705178674879980e-02 3.692676320321143235e-01 2.283695635928468803e-01 3.858557525882900241e-01
1.761257770288725960e-02 4.575653704755064943e-01 2.409561989752286582e-01 2.838658528463774422e-01
1.817040262221086486e-02 5.509487786850312263e-01 2.396596870768246956e-01 1.912211316159330154e-01
1.863869231897677045e-02 6.346646604277381698e-01 2.210788111522018207e-01 1.256178361010832634e-01
1.774311947945375958e-02 7.030718758523049061e-01 1.942039043516163299e-01 8.498110031662468866e-02
1.647589608409757989e-02 7.522209166988433893e-01 1.697027823927825252e-01 6.160040482427643627e-02
1.538784764915715128e-02 7.814297355640809073e-01 1.541588994287087788e-01 4.902351735805317995e-02
1.478255223152910407e-02 7.914666175389725167e-01 1.510939298475237891e-01 4.265690038197467171e-02
1.454537759846160315e-02 7.832988818017033728e-01 1.623888246441484440e-01 3.976691595568646737e-02
1.451311730162797853e-02 7.536718980229846210e-01 1.926268271133061982e-01 3.918815756208134798e-02
1.454425919664910707e-02 6.921729901226262305e-01 2.527664929056568921e-01 4.051625777506780851e-02
1.368080718526560116e-02 5.873625255686076851e-01 3.554841485028103487e-01 4.347251874331649335e-02
1.159767534840869599e-02 4.451509252640893366e-01 4.954954942602293189e-01 4.775590512727265896e-02
8.809187244769567035e-03 3.071601628855454291e-01 6.319686488075741959e-01 5.206200106211106987e-02
6.282055830817186680e-03 2.104121842038625956e-01 7.272979847477909487e-01 5.600777521752969140e-02
4.550177797057816317e-03 1.537938766379484956e-01 7.805255735435993047e-01 6.113037202139430526e-02
3.367985174907499064e-03 1.197003437752535010e-01 8.095344176936570824e-01 6.739725335618172719e-02
2.477910454217393567e-03 9.463093383001061620e-02 8.308629180919132606e-01 7.202823762385883455e-02
1.909930033199720104e-03 7.302295916452038183e-02 8.530283706726515813e-01 7.203874012962858953e-02
1.698302471675597509e-03 5.397997462694769516e-02 8.779134674561462903e-01 6.640825544523062951e-02
1.772757877458597774e-03 3.811905239335160872e-02 9.041221788784544744e-01 5.598601085073520028e-02
2.041860747224832733e-03 2.593346255329943839e-02 9.285901917983284681e-01 4.343448490114718008e-02
2.501868617561569565e-03 1.767641458031180696e-02 9.466659745455368036e-01 3.315574225659004282e-02
3.312282831592600063e-03 1.285455110933999417e-02 9.564240995599364581e-01 2.740906649913085746e-02
4.962345880147865998e-03 1.069126936321317979e-02 9.583236897306748325e-01 2.602269502596417372e-02
8.557513846807751623e-03 1.073274018675181816e-02 9.520009642394698934e-01 2.870878172697069464e-02
1.578454217214937325e-02 1.281533809998953825e-02 9.357082934332546786e-01 3.569182629460602996e-02
2.772296752935973427e-02 1.705369678144625853e-02 9.082957677533148866e-01 4.692756793587898878e-02
4.568905539158372997e-02 2.072371381165780124e-02 8.725576641384749088e-01 6.102956665828374039e-02
6.807299884354875430e-02 2.394817964433269483e-02 8.330535094537823149e-01 7.492531205833623253e-02
9.537982428228387877e-02 2.580684458460253544e-02 7.919914187561114538e-01 8.682191237700187525e-02
1.297016472679554944e-01 2.682929182329451059e-02 7.449551067113935332e-01 9.851395419735668735e-02
1.706243250693297020e-01 2.747918694327289996e-02 6.895007931503926990e-01 1.123956948370045533e-01
2.059226504978028949e-01 2.800811249345562526e-02 6.356514497778581463e-01 1.304177872308834862e-01
2.162178059474760827e-01 2.840136851822755784e-02 5.994872817008058963e-01 1.558935438334905221e-01
1.979689188762683294e-01 2.839720080219793746e-02 5.820566769057758938e-01 1.915772034157575132e-01
1.648547970685730057e-01 2.791269749773303901e-02 5.701887531877410931e-01 2.370437522459528101e-01
1.308268262955184225e-01 2.796394900952029958e-02 5.548205898714169138e-01 2.863886348235442081e-01
1.021534566238090913e-01 2.833116426093792301e-02 5.394220573697535714e-01 3.300933217454994906e-01
8.100678030135058383e-02 2.991692983079374812e-02 5.286752173428057588e-01 3.604010725250498259e-01
6.706808607044226211e-02 3.354902707364230269e-02 5.263706303751669591e-01 3.730122564807487051e-01
5.984784804670741781e-02 4.027626953539146376e-02 5.316357180954209838e-01 3.682401643224804677e-01
5.919684206138957350e-02 5.231169964125100685e-02 5.384746546802188227e-01 3.500168036171403263e-01
6.478199866895639758e-02 7.433618975193871659e-02 5.409399705155395477e-01 3.199418410635653798e-01
7.721549531723870263e-02 1.145261612327078404e-01 5.289173258285742030e-01 2.793410176214791707e-01
9.665025627653739404e-02 1.840210578437849465e-01 4.859615155926448882e-01 2.333671702870327991e-01
1.174962047682853727e-01 2.916437802734096474e-01 4.067265551893741726e-01 1.841334597689308905e-01
1.273174671564495652e-01 4.324769602828425485e-01 3.059082574395530219e-01 1.342973151211550031e-01
1.190058074906902158e-01 5.848488307148848042e-01 2.073337630844196700e-01 8.881159871000524064e-02
9.875332880237228106e-02 7.207656387094018013e-01 1.283288726876745944e-01 5.215215980055167705e-02
7.622461559448959201e-02 8.215246716661713799e-01 7.485455025474682667e-02 2.739616248459211464e-02
5.749179306263228761e-02 8.843615307051402308e-01 4.415108993005989468e-02 1.399558630216772917e-02
4.521549712056232434e-02 9.171054174272385007e-01 2.949320194771307829e-02 8.185883504486221596e-03
3.869695765662950482e-02 9.305445413910647945e-01 2.447935283085758695e-02 6.279148121448334049e-03
3.520966652240310746e-02 9.334207282494240143e-01 2.510531206971130733e-02 6.264293158461846714e-03
3.301496840297105800e-02 9.295554155361843707e-01 3.001989364319043035e-02 7.409722417654356075e-03
3.201792756292007325e-02 9.183719537400164556e-01 4.008184437784520493e-02 9.528274319218625263e-03
3.242270697518175732e-02 8.971208230647433890e-01 5.790367704168498247e-02 1.255279291838992325e-02
3.391961616534894253e-02 8.626940611843451068e-01 8.673332387825723189e-02 1.665299877204912474e-02
4.517645945742478353e-01 2.811497137140664959e-01 1.923645601937658267e-01 7.472113151791971719e-02
5.207578879518340136e-03 1.929587705194212854e-01 6.037644801520434257e-01 1.980691704490170901e-01
3.966984773627952286e-03 1.528912739258661557e-01 6.650119484815275595e-01 1.781297928189783941e-01
2.852721063724327800e-03 1.135492913948829147e-01 7.171225220777792675e-01 1.664754654636136644e-01
1.946724720032646074e-03 7.898007504621525066e-02 7.579002137091405134e-01 1.611729865246116777e-01
1.299627703052890024e-03 5.213121570068343646e-02 7.843151025466076343e-01 1.622540540496558992e-01
8.806211775459446859e-04 3.350576756176076865e-02 7.905672174932819596e-01 1.750463937674113790e-01
6.462102005902810743e-04 2.204588722022358255e-02 7.668290896572569348e-01 2.104788129219293258e-01
5.480543974068371148e-04 1.545070598710643339e-02 7.027460691761437950e-01 2.812551704393429497e-01
5.613793959253339473e-04 1.134882202779034441e-02 5.967799496624859312e-01 3.913098489137982194e-01
6.573645810068262174e-04 8.515387695279427044e-03 4.670362512191951199e-01 5.237909965045186578e-01
6.823478633191308422e-04 6.662133433805591913e-03 3.464634009424276684e-01 6.461921177604478261e-01
6.135327938299569217e-04 5.731852162456271479e-03 2.603872541343640878e-01 7.332673609093496303e-01
5.480883877541718307e-04 5.625606785023891387e-03 2.136685061593994184e-01 7.801577986678226440e-01
5.240250348969088335e-04 6.287435760241605852e-03 1.978648295813853764e-01 7.953237096234763159e-01
5.257172015730213850e-04 7.840807074327976051e-03 2.042992063502274969e-01 7.873342693738712983e-01
5.421625348878368264e-04 1.074800999470101534e-02 2.294369063872793990e-01 7.592729210831316022e-01
6.014997753464032060e-04 1.619142334814092574e-02 2.763267231818879455e-01 7.068803536946246524e-01
7.402316317272105220e-04 2.554154170859968681e-02 3.505455265099389206e-01 6.231727001497343599e-01
9.747873811272367208e-04 3.873591786890580313e-02 4.496077582189224597e-01 5.106815365310443111e-01
1.297497885453020037e-03 5.389860850079841725e-02 5.562232757307873365e-01 3.885806178829611657e-01
1.687567734278820099e-03 6.896522791738643465e-02 6.474486447665073197e-01 2.818985595818273571e-01
2.073093596889884985e-03 8.268286959531057079e-02 7.104908347956104819e-01 2.047532020121891339e-01
2.371964373299564281e-03 9.489035621212339733e-02 7.462011006973943150e-01 1.565365787171829892e-01
2.591786526814681291e-03 1.073971898992577972e-01 7.592516887616963528e-01 1.307593348122307597e-01
2.840917146079881359e-03 1.228586884017668912e-01 7.526551006371819952e-01 1.216452938149713003e-01
3.194079338384476531e-03 1.420308548305808383e-01 7.292691692261503711e-01 1.255058966048842872e-01
3.619343807262916362e-03 1.622472709703626503e-01 6.937656316415067304e-01 1.403677535808675603e-01
4.044801802501087062e-03 1.804075318981678278e-01 6.518695957493823023e-01 1.636780705499490118e-01
4.468601743585824855e-03 1.960896319353718220e-01 6.100710278104392037e-01 1.893707385106028485e-01
5.110439470080991101e-03 2.121030695487417517e-01 5.719256768035041461e-01 2.108608141776730505e-01
6.230157526889848647e-03 2.289287213601770010e-01 5.381724467903648002e-01 2.266686743225684586e-01
7.669887201980743127e-03 2.395568284508241830e-01 5.128291282470740509e-01 2.399441561001210421e-01
8.975043295091212139e-03 2.379431090803649784e-01 4.974033209805981404e-01 2.556785266439457471e-01
9.837537552253125539e-03 2.237459870263793227e-01 4.872433549161390154e-01 2.791731205052282450e-01
1.048474753951673596e-02 2.001197942665572937e-01 4.744880581002483555e-01 3.149074000936779028e-01
1.147943914126797055e-02 1.719985420893936634e-01 4.527232406630525285e-01 3.637987781062859693e-01
1.293875859664903732e-02 1.425304891000771512e-01 4.233592548167179337e-01 4.211714974865557459e-01
1.424053598663685763e-02 1.118626307361536565e-01 3.949872262856728988e-01 4.789096069915366183e-01
1.433170393196239387e-02 8.071051552538632823e-02 3.766837556871347470e-01 5.282740248555165552e-01
1.269537729483143779e-02 5.241923854915970377e-02 3.729718677384861736e-01 5.619135164175224073e-01
1.021049559283332409e-02 3.147280420070844992e-02 3.843747291188981396e-01 5.739419710875601766e-01
8.177070614939148038e-03 1.904330501555283675e-02 4.126308855879956550e-01 5.601487387815125008e-01
6.193949177374650367e-03 1.239310181867749223e-02 4.566948830045876595e-01 5.247180659993603280e-01
5.426567229273554331e-03 8.575027109438849299e-03 5.018618521428619417e-01 4.841365535184259938e-01
4.863884549086495632e-03 5.801140807271769166e-03 5.292420213293900222e-01 4.600929533142512629e-01
4.136506967481953789e-03 3.565880298006292824e-03 5.338339907641691529e-01 4.584636219703421833e-01
3.283285321105940385e-03 2.035076526256371192e-03 5.266441125735028539e-01 4.680375255791350275e-01
3.092473471082463933e-03 1.215927068198534603e-03 5.220070883566664266e-01 4.736845111040525746e-01
2.445187484546277375e-03 7.285129050427115172e-04 5.295763453917737840e-01 4.672499542186372423e-01
1.913191226924330739e-03 4.385890896980254540e-04 5.501853393381567203e-01 4.474628803452212478e-01
1.429706154839505789e-03 2.583966569795912100e-04 5.796318886911662194e-01 4.186800084970149771e-01
1.034611672210134512e-03 1.540166037603878330e-04 6.122030700796652347e-01 3.866083016443642717e-01
7.687704657305093883e-04 9.969204624038490055e-05 6.392809192095936233e-01 3.598506182784355079e-01
6.534126648205802312e-04 7.771159769863583938e-05 6.442236669454233233e-01 3.550452087920574762e-01
6.968140844973900148e-04 7.933371316785877358e-05 6.152631375399442160e-01 3.839607146623904566e-01
9.015420312568647948e-04 1.030668386364406118e-04 5.522236728398551842e-01 4.467717182902514184e-01
1.221616623094904253e-03 1.472780270834931173e-04 4.601214513851433208e-01 5.385096539646780922e-01
1.486329164327713755e-03 1.878881098584922720e-04 3.504789987494559833e-01 6.478467839763577540e-01
1.596609958985388414e-03 1.921073168110618229e-04 2.469821353875296666e-01 7.512291473366742300e-01
1.673203729633284840e-03 1.847609279519401822e-04 1.699490232213121677e-01 8.281930121211024121e-01
1.817966324976548129e-03 2.017169627082986095e-04 1.204345696118213488e-01 8.775457471004937116e-01
2.066485143176949747e-03 2.566834842973056635e-04 9.044119766241866254e-02 9.072356337101071810e-01
2.428804723056102958e-03 3.641173097050552318e-04 7.357417991931854140e-02 9.236328980479204809e-01
2.885910043045299741e-03 5.496128808333946084e-04 6.602253056608693715e-02 9.305419465100346343e-01
3.436122955885574041e-03 8.651733780434628590e-04 6.603054254505548448e-02 9.296681611210154683e-01
4.176908896676718996e-03 1.409545659041408364e-03 7.295660821844662802e-02 9.214569372258351043e-01
5.252368938534594106e-03 2.297538678232249453e-03 8.478272755178641040e-02 9.076673648314466103e-01
6.681036331414391162e-03 3.517690743941725463e-03 9.671588827365922014e-02 8.930853846509847482e-01
8.231703656566728006e-03 4.806987824335354730e-03 1.039446442099958567e-01 8.830166643091018619e-01
9.638294043678444917e-03 5.852992453032643087e-03 1.041126850983040697e-01 8.803960284049847651e-01
1.103796588222525146e-02 6.651524271398344575e-03 9.797322993690125992e-02 8.843372799094749714e-01
9.695481692196059598e-01 2.420768875923097474e-02 1.948458076580117165e-03 4.295683944583008826e-03
1.190850336794691128e-01 4.738117591905958714e-01 8.816429150843069218e-02 3.189389156215044485e-01
1.001905060032683148e-01 4.675985037984485282e-01 1.078175798221435167e-01 3.243934103761399457e-01
8.682336912246955973e-02 4.590082688881485518e-01 1.284366707540760266e-01 3.257316912353058758e-01
7.753588500439966003e-02 4.560672548407972426e-01 1.495094506917334365e-01 3.168874094630697025e-01
7.142803930607372065e-02 4.622236392971584285e-01 1.701557229853103703e-01 2.961925984114576194e-01
6.877737546935505653e-02 4.739009670029838417e-01 1.896258102669057255e-01 2.676958472607555706e-01
7.088215411866402582e-02 4.779376839290694901e-01 2.104622562679507036e-01 2.407179056843158083e-01
7.976333173348748584e-02 4.562500136486913882e-01 2.406011570867849503e-01 2.233854975310360091e-01
9.252206903596717213e-02 4.035443031013382087e-01 2.869165862166179193e-01 2.170170416460768803e-01
1.074164081996301645e-01 3.236655674074132016e-01 3.543180291703656448e-01 2.145999952225909890e-01
1.186095230089398850e-01 2.373105308544667669e-01 4.380941071773714612e-01 2.059858389592217065e-01
1.243447574891726470e-01 1.622207185099808491e-01 5.267360359706823036e-01 1.866984880301644778e-01
1.294484844305608118e-01 1.078934099067627439e-01 6.018315528815895155e-01 1.608265527810868734e-01
1.425991059708317521e-01 7.535763205387722985e-02 6.452995905081295724e-01 1.367436714671618203e-01
1.683543077508984354e-01 6.052973582318910140e-02 6.525317662681258124e-01 1.185841901577865953e-01
2.009253094486628533e-01 5.892836793577306553e-02 6.353600287505025701e-01 1.047862938650610531e-01
2.310478551526733981e-01 6.941768592454483633e-02 6.048059993664026690e-01 9.472845955637899940e-02
2.577297216222005916e-01 9.393662556795358276e-02 5.577732439561926547e-01 9.056040885365310156e-02
2.866386999134101776e-01 1.340485929368008811e-01 4.864609068521849045e-01 9.285180029760416176e-02
3.216869079662427189e-01 1.868364809600046583e-01 3.944427042159366348e-01 9.703390685781611291e-02
3.635379948588609578e-01 2.420224198537172799e-01 2.998536757256454188e-01 9.458590956177657938e-02
4.167064924471221010e-01 2.872534472332260447e-01 2.148900193202611109e-01 8.115004099939075732e-02
4.869294688590647402e-01 3.109156785343978879e-01 1.420610389107616889e-01 6.009381369577589116e-02
5.538998520557107952e-01 3.233058133085666142e-01 8.463728382422144869e-02 3.815705081150091993e-02
6.055231559394907981e-01 3.265925862049950945e-01 4.618024453839700977e-02 2.170401331711688947e-02
6.443974060604749088e-01 3.187013432568084892e-01 2.475831756394273817e-02 1.214293311877398182e-02
6.742629509746479455e-01 3.047027730210462582e-01 1.391410405199995128e-02 7.120171952305670744e-03
6.962819128668977786e-01 2.908334298486134895e-01 8.441939807277268337e-03 4.442717477211546862e-03
7.119822151316579362e-01 2.793498478663682949e-01 5.661751552818720078e-03 3.006185449154925252e-03
7.264390444181564321e-01 2.669651437757751822e-01 4.306432735020194677e-03 2.289379071048154579e-03
7.475922735511819628e-01 2.466273611458425219e-01 3.757638148356766752e-03 2.022727154618848746e-03
7.795840418259296634e-01 2.145623638266740685e-01 3.753594377602790036e-03 2.099999969793281667e-03
8.190789587722014931e-01 1.740802791770611757e-01 4.262991395376287095e-03 2.577770655361002940e-03
8.586835644564412284e-01 1.320977249887463068e-01 5.424083410867572286e-03 3.794627143944946743e-03
8.896010526833595389e-01 9.607577421215278413e-02 7.546168074224275830e-03 6.777005030263363004e-03
9.035201138081339067e-01 7.137866304903725534e-02 1.100785055213329873e-02 1.409337259069562247e-02
8.961115521419937835e-01 5.796382246343866756e-02 1.583698303871323293e-02 3.008764235585395866e-02
8.680672307736151394e-01 5.212093824790989260e-02 2.123558878666684940e-02 5.857624219180807695e-02
8.265560092386604607e-01 4.824530573617270834e-02 2.600577908431814592e-02 9.919290594084839707e-02
7.770871430096744081e-01 4.416091259546701953e-02 2.996266165397561479e-02 1.487892827408829333e-01
7.224111961645578450e-01 3.993306868533585269e-02 3.326253041744894196e-02 2.043932047326574020e-01
6.647509545716991930e-01 3.632127563156001271e-02 3.627485775451323724e-02 2.626529120422274599e-01
6.118129296946123175e-01 3.203492855463736105e-02 3.860703770755618408e-02 3.175451040431942484e-01
5.699805887306975682e-01 2.821065029738175495e-02 4.027732808518421498e-02 3.615314328867363924e-01
5.425272791190093313e-01 2.524006730211903957e-02 4.129307077938073473e-02 3.909395827994907591e-01
5.304045955125445966e-01 2.347375957590847745e-02 4.161515426177363197e-02 4.045064906497731205e-01
5.357594432399698237e-01 2.313358457473569871e-02 4.102580768634712938e-02 4.000811644989473170e-01
5.582659584181612900e-01 2.407063340227330941e-02 3.913917252069683966e-02 3.785242356588685020e-01
5.949229121367772821e-01 2.606883149736300559e-02 3.600335301767382257e-02 3.430049033481856746e-01
6.421448992481451068e-01 2.824874238055201034e-02 3.155231803972872312e-02 2.980540403315740661e-01
6.895395718274565100e-01 3.061525563763368984e-02 2.744989804094966068e-02 2.523952744939601534e-01
7.291425272455507312e-01 3.225599293833371350e-02 2.354876567580679175e-02 2.150527141403088260e-01
7.584380486685775580e-01 3.376210097007899258e-02 2.027186329946424961e-02 1.875279870618791200e-01
7.797016667560627834e-01 3.539356846163316944e-02 1.758572326717851297e-02 1.673190415151256383e-01
7.940379581250914809e-01 3.699011109966642702e-02 1.542966919654717439e-02 1.535422615786948830e-01
8.005605747134694195e-01 3.867633592611384452e-02 1.384718041945055302e-02 1.469159089409662056e-01
7.988661472588876045e-01 4.114452217623167096e-02 1.278157302447786511e-02 1.472077575404029115e-01
7.892635646291416007e-01 4.539903946826153586e-02 1.209366825682690536e-02 1.532437276457698783e-01
7.698335914968631455e-01 5.284933551840463595e-02 1.178931707921043043e-02 1.655277559055219616e-01
7.366192802956820218e-01 6.480183705866811306e-02 1.188862677757704898e-02 1.866902558680729185e-01
6.879538640401740013e-01 8.019722166002678232e-02 1.217760793236421883e-02 2.196713063674349264e-01
6.199821400783007697e-01 9.915768253268233967e-02 1.268072717381774767e-02 2.681794502151997328e-01
5.341992619362705419e-01 1.178792449698966849e-01 1.330265576698365544e-02 3.346188373268491056e-01
4.400940902155745516e-01 1.321620300710235063e-01 1.386015173886744230e-02 4.138837279745341546e-01
3.578410005574491626e-01 1.397169244458296711e-01 1.415279567556408657e-02 4.882892793211571769e-01
3.071416578085661153e-01 1.441263425895288608e-01 1.462459575520309515e-02 5.341074038467018559e-01
2.957977766546420195e-01 1.511177448508095877e-01 1.606555901163232367e-02 5.370189194829162460e-01
3.208772982220260417e-01 1.622801158062175675e-01 1.882470907086120429e-02 4.980178769008953843e-01
3.721549824749424973e-01 1.755220890681810364e-01 2.264694582429115088e-02 4.296759826325853848e-01
4.324063009472743913e-01 1.881951260804152481e-01 2.702177122126563080e-02 3.523768017510443551e-01
4.796724881500268878e-01 1.994654909057382297e-01 3.219002452719381402e-02 2.886719964170413322e-01
3.953530147127639477e-02 3.878161678922609212e-02 8.980277878840076111e-01 2.365529385549005811e-02
3.683668380322131937e-04 1.518794476071312649e-04 1.960591717808666049e-02 9.798738365362741343e-01
2.240181453890927011e-04 9.619527716329465800e-05 1.538876463343462168e-02 9.842910219440130781e-01
1.514631335134677883e-04 6.922769059155249659e-05 1.292814220011993288e-02 9.868511669757750182e-01
1.166782020926705298e-04 5.700053372260542118e-05 1.162365165427999350e-02 9.882026696099047713e-01
1.033794727658900083e-04 5.377284795675990912e-05 1.117511393073659237e-02 9.886677337485407779e-01
1.081190020891372122e-04 5.983316880763245836e-05 1.169630984929398258e-02 9.881357379798093588e-01
1.335753902851466565e-04 7.823671496987300684e-05 1.329797521846896001e-02 9.864902126762760126e-01
1.841824792815914037e-04 1.126682591540773204e-04 1.580869364544500513e-02 9.838944556161195454e-01
2.596528678748444459e-04 1.638013068650381941e-04 1.872476378716340234e-02 9.808517820380969754e-01
3.449901038181499204e-04 2.237909042398039347e-04 2.127766085755882289e-02 9.781535581343830943e-01
4.083755351269750594e-04 2.748190906708419140e-04 2.270920066040645058e-02 9.766076047137955962e-01
4.371067934171509210e-04 3.098066447707590633e-04 2.313936419141682591e-02 9.761137223703952870e-01
4.518965852173140326e-04 3.429661570094943773e-04 2.350746020367885936e-02 9.756976770540943811e-01
4.847140135471365787e-04 4.023248609031185611e-04 2.509356727943483009e-02 9.740193938461149115e-01
5.793478683658085347e-04 5.355330618393518193e-04 2.954823239652987210e-02 9.693368866732650080e-01
8.253105106352458904e-04 8.421589251071057982e-04 3.894466207940874142e-02 9.593878684848490268e-01
3.324680433720859679e-04 3.104546553507384586e-04 5.457490666976278632e-02 9.447821706315143730e-01
4.071035204107195855e-04 4.488376982861109533e-04 7.456592315024386519e-02 9.245781356310596166e-01
5.124788150133625930e-04 6.811180019016703155e-04 9.707151958334662989e-02 9.017348835997384127e-01
6.471207829494396001e-04 1.036220726360899402e-03 1.211130819667429886e-01 8.772035765239467597e-01
7.957065537811575150e-04 1.525634530113892775e-03 1.447842121934266035e-01 8.528944467226782233e-01
9.427969791660761054e-04 2.171148720413071994e-03 1.654241583247965108e-01 8.314618959756244765e-01
1.089456195729867358e-03 2.982532062879107715e-03 1.803640900128923585e-01 8.155639217284982312e-01
1.253652671564135313e-03 3.851599171091399550e-03 1.892292381594113115e-01 8.056655099979332935e-01
1.440243605505948888e-03 4.522948858855546303e-03 1.918054614202080455e-01 8.022313461154304548e-01
1.632336177123764514e-03 4.815292266701656082e-03 1.855859371663844126e-01 8.079664343897903223e-01
1.778851757556984287e-03 4.691572887491732638e-03 1.694752122231829028e-01 8.240543631317680529e-01
1.854709761436438382e-03 4.266372349035129838e-03 1.480788390851742742e-01 8.458000788043540386e-01
1.915353935820199392e-03 3.763227996309671981e-03 1.275805891142080539e-01 8.667408289536620014e-01
2.044633753031340536e-03 3.314288719399751011e-03 1.090638183451897308e-01 8.855772591823792839e-01
2.292715413684963746e-03 2.942301894866016388e-03 9.299275377188814806e-02 9.017722289195606589e-01
2.715555186615947660e-03 2.672673072275655488e-03 8.197555444013793213e-02 9.126362173009702206e-01
3.354906793450371325e-03 2.480223947830489158e-03 7.577217443770301042e-02 9.183926948210162644e-01
4.180044486489386049e-03 2.279248386989428561e-03 7.177644277314974841e-02 9.217642643533713320e-01
5.149792879465817270e-03 2.030987520966974578e-03 6.820014679206873320e-02 9.246190728074984433e-01
6.206066167826413890e-03 1.768572235657644813e-03 6.561405464997291381e-02 9.264113069465431671e-01
7.042067660316072598e-03 1.523398733950575906e-03 6.585287241988753426e-02 9.255816611858455056e-01
7.074222523830451040e-03 1.295427081440321104e-03 7.056178486754173529e-02 9.210685655271878547e-01
6.272780551388461301e-03 1.112884614451493124e-03 8.106119740974744581e-02 9.115531374244124629e-01
5.376434467228932874e-03 1.031574695624670008e-03 9.919052131632982716e-02 8.944014695208163390e-01
4.875656743930065033e-03 1.082760913661085693e-03 1.266521043586092410e-01 8.673894779837995062e-01
4.973540540183274232e-03 1.312357808185440986e-03 1.648907852127273754e-01 8.288233164389036123e-01
5.825682703441370687e-03 1.813505017718164370e-03 2.151422091130837100e-01 7.772186031657568606e-01
6.865355168052022887e-03 2.623880700691429667e-03 2.746397574736629821e-01 7.158710066575938447e-01
9.499981807134768100e-03 3.980713925231468137e-03 3.343502948665548202e-01 6.521690094010789140e-01
1.317011211680259829e-02 5.755864792718420712e-03 3.834017595846346271e-01 5.976722635058440147e-01
1.809720393553043705e-02 7.768550969314327523e-03 4.154058115408021390e-01 5.587284335543529767e-01
2.302843229678997947e-02 9.967640590983437368e-03 4.351458785419626829e-01 5.318580485702639749e-01
2.927922494667539732e-02 1.278600948485936022e-02 4.516022906603237574e-01 5.063324749081415943e-01
3.711675227993442572e-02 1.636650876054540626e-02 4.708282352327073372e-01 4.756885037268128169e-01
4.564270829450986500e-02 2.024544327686888384e-02 4.911999733399566859e-01 4.429118750886645306e-01
5.413256595269206467e-02 2.376368776374300842e-02 5.047872743036343479e-01 4.173164719799303812e-01
6.805500089343577419e-02 2.863963284844283849e-02 4.972423482693074659e-01 4.060630179888141122e-01
9.185443712949628581e-02 3.462429479328209270e-02 4.620787560553756279e-01 4.114425120218460075e-01
1.300285268707945252e-01 4.111942154241355479e-02 4.072554828459977183e-01 4.215965687407942086e-01
1.833172703764361644e-01 4.608298375095862959e-02 3.496058854234789237e-01 4.209938604491259562e-01
2.467100852129834043e-01 4.769400588467269386e-02 3.003976784604084904e-01 4.051982304419355363e-01
3.073227285582596502e-01 4.543598364572775522e-02 2.614910641122092372e-01 3.857502236838034615e-01
3.523817306023394047e-01 4.044907629703368979e-02 2.312423104202113999e-01 3.759268826804152974e-01
3.781926821180567333e-01 3.466450576602933542e-02 2.074949019624688917e-01 3.796479101534451783e-01
3.875432925553477514e-01 2.927167503844669769e-02 1.878603143569657907e-01 3.953247180492398538e-01
3.841387626165065350e-01 2.445810251462898072e-02 1.700283993114009018e-01 4.213747355574636866e-01
3.665863845830399925e-01 2.006878385143349638e-02 1.535951815102380158e-01 4.597496500552890053e-01
3.322551000094027263e-01 1.616302688121286704e-02 1.386022791401008425e-01 5.129795939692834983e-01
2.855627858754687387e-01 1.297693109175539379e-02 1.243532386172380017e-01 5.771070444155380619e-01
2.379563698680025596e-01 1.060905440206112542e-02 1.097844221519613667e-01 6.416501535779747245e-01
1.950532332554030246e-01 8.858352605598028215e-03 9.408756588018551970e-02 7.020008482588137033e-01
1.544472821498470150e-01 7.489906700108654378e-03 7.868392824261384588e-02 7.593788829074303859e-01
1.174914025625940356e-01 6.415829714845155789e-03 6.594170616637499982e-02 8.101510615561856588e-01
8.850762042893264847e-02 5.609356853464062681e-03 5.706725404276204172e-02 8.488157686748412090e-01
6.882009536812662420e-02 5.074635956949705325e-03 5.296536838074771686e-02 8.731399002941758747e-01
1.335687622321557744e-01 5.688383298787273029e-02 1.980632401147268407e-01 6.114841646652448004e-01
1.372296518913221353e-01 6.085842636348137713e-02 2.174218704129692037e-01 5.844900513322274227e-01
1.385032514548974469e-01 6.748818533756839599e-02 2.349169216928821691e-01 5.590916415146522933e-01
1.378196597129338619e-01 7.709937036766656426e-02 2.475767427049466451e-01 5.375042272144529010e-01
1.378921117269766572e-01 9.104082403508759191e-02 2.567827465720876612e-01 5.142843176658479232e-01
1.415077307687788166e-01 1.101002875991183988e-01 2.653325387822527692e-01 4.830594428498499737e-01
1.509840783290650190e-01 1.329264222267256546e-01 2.743075572258308337e-01 4.417819422183784650e-01
1.666833265298852673e-01 1.559703148429282538e-01 2.830485693306494244e-01 3.942977892965372488e-01
1.851659090560355825e-01 1.752016480962632905e-01 2.900736912203419338e-01 3.495587516273591100e-01
2.021645790068544724e-01 1.864015484910534759e-01 2.929915180888494342e-01 3.184423544132428119e-01
2.159071932288756657e-01 1.847640014599683245e-01 2.925599508855175057e-01 3.067688544256386152e-01
2.274366303631432107e-01 1.689856355934041821e-01 2.929307281243462846e-01 3.106470059191063227e-01
2.381700839980075146e-01 1.444689577981917439e-01 2.984034377717069697e-01 3.189575204320934665e-01
2.439330335422511264e-01 1.181076610530644444e-01 3.133351839805498251e-01 3.246241214241346040e-01
2.370952668267285735e-01 9.285240424397356307e-02 3.396561634772312099e-01 3.303961654520660707e-01
2.134391768407117029e-01 6.985009339706049758e-02 3.752944757912107798e-01 3.414162539710169919e-01
1.751467673404664138e-01 5.066101002432531891e-02 4.158792604032811036e-01 3.583129622319277119e-01
1.305486597437948426e-01 3.607772960140927243e-02 4.603427283789482960e-01 3.730308822758472975e-01
8.962240514079702902e-02 2.551874862353115114e-02 5.101057775458937016e-01 3.747530686897777019e-01
5.848304617566272429e-02 1.795251875772194486e-02 5.637752562920801402e-01 3.597891787745352565e-01
3.979607926734092527e-02 1.305469431799638654e-02 6.147475876943093720e-01 3.324016387203531098e-01
2.862359585908817727e-02 9.654507426270992135e-03 6.580520457695676617e-01 3.036698509450730943e-01
2.160979958167305592e-02 7.250340030670766357e-03 6.882454143389540313e-01 2.828944460487022861e-01
5.165428572208730779e-02 2.838568998179820113e-01 1.964167955312302594e-01 4.680720189287007060e-01
5.499457852930444285e-02 2.836800115748584483e-01 2.438979915095439988e-01 4.174274183862932142e-01
5.881746901628600449e-02 2.793967477398545118e-01 2.953112800704718599e-01 3.664745031733877001e-01
6.268186890447406678e-02 2.629525858376312586e-01 3.451908366921578875e-01 3.291747085657366623e-01
6.592172592640146989e-02 2.345907474518375835e-01 3.930551457233064094e-01 3.064323808984545927e-01
6.849187003501366888e-02 2.062133607610721064e-01 4.382679901836861736e-01 2.870267790202276070e-01
6.647180116534968930e-02 1.796347877323181685e-01 4.904677333792941130e-01 2.634256777230379321e-01
5.979623955363438936e-02 1.560293449835747082e-01 5.497893396736183158e-01 2.343850757891728642e-01
4.992637965830986485e-02 1.320031095702292046e-01 6.175068130492559204e-01 2.005636977222048367e-01
3.885586006452681346e-02 1.068455165943226065e-01 6.908243205147505117e-01 1.634743028264000475e-01
2.843475808295065771e-02 8.307158917803231235e-02 7.596695465897064237e-01 1.288241061493109463e-01
1.997447652665144957e-02 6.267458482142544696e-02 8.150533066656154846e-01 1.022976319863074940e-01
1.411125992567171562e-02 4.590603767640273614e-02 8.559712837033036648e-01 8.401141869462200318e-02
1.053307655229988350e-02 3.226103906854625031e-02 8.858010691275914894e-01 7.140481525156247566e-02
8.297470890230477375e-03 2.125218665453510944e-02 9.087071676258181574e-01 6.174317482941611701e-02
6.784898345737090143e-03 1.322003493092844574e-02 9.261453899277222179e-01 5.384967679561249165e-02
5.858675764566097753e-03 8.373281864966584248e-03 9.379343764599291644e-01 4.783366591053797579e-02
4.858065558786974977e-03 5.766112870653657997e-03 9.460650742435979810e-01 4.331074732696132273e-02
4.696322700594442873e-03 4.470943885596237628e-03 9.511264170141605634e-01 3.970631639964843779e-02
4.444405889615131791e-03 3.543303915368998299e-03 9.550439938589618816e-01 3.696829633605392545e-02
4.278184673016192235e-03 2.701987119226240738e-03 9.574093879097487214e-01 3.561044029800887467e-02
4.240427256134989692e-03 1.868772155190764200e-03 9.588446740964191584e-01 3.504612649225531673e-02
4.109649836023530727e-03 1.128797467457486959e-03 9.603592648195489190e-01 3.440228787696990309e-02
3.739283132413509340e-03 6.219504221579336307e-04 9.611865635302760946e-01 3.445220291515235789e-02
3.260006647496929092e-03 3.545711974098344414e-04 9.593191699686813845e-01 3.706625218641199787e-02
2.813523895403333575e-03 2.337007142914905003e-04 9.541600764084735564e-01 4.279269898183165471e-02
2.407591762473326388e-03 1.839272630795727099e-04 9.465628728317729834e-01 5.084560814267403278e-02
2.041995987374852894e-03 1.715003465408049168e-04 9.364973876242425055e-01 6.128911604184195810e-02
1.765595348915427161e-03 1.873371188460699064e-04 9.231393204047630974e-01 7.490774712747531872e-02
1.634533987549520537e-03 2.369835359038873651e-04 9.056330389361842981e-01 9.249544354036236260e-02
1.683349284660264327e-03 3.360528363648362612e-04 8.849673635479777811e-01 1.130132343309971782e-01
1.870824554660871801e-03 4.919599078431351235e-04 8.654312839490929665e-01 1.322059315884029362e-01
1.391491027419374839e-03 5.455334368086960485e-04 8.540004753233862989e-01 1.440625002123854803e-01
1.291803726697347702e-03 6.941555183732542713e-04 8.530380210852624989e-01 1.449760196696666947e-01
1.204076884180997837e-03 8.211941210049120620e-04 8.608006718042245931e-01 1.371740571905898931e-01
1.727581066392018787e-03 9.609326006292135281e-04 8.724990708380108151e-01 1.248124154949679515e-01
1.657242899220856590e-03 1.011779129306808293e-03 8.855564225276034707e-01 1.117745554438689809e-01
1.813538273126077916e-03 1.129955381805154528e-03 8.964176894788035144e-01 1.006388168662654958e-01
2.335897870047919968e-03 1.350790089399950700e-03 9.054093942978660436e-01 9.090391774268619107e-02
3.395930187861522041e-03 1.694493388877549127e-03 9.140841589507578968e-01 8.082541747250311659e-02
5.153606995407979813e-03 2.167369002905648965e-03 9.227970757300234528e-01 6.988194827166306633e-02
7.832980095016432026e-03 2.823000146196747839e-03 9.306811370984465759e-01 5.866288266034017790e-02
1.196869263558956661e-02 3.877358316955472305e-03 9.351852856284591509e-01 4.896866341899583364e-02
1.862523138395992192e-02 5.731979422459613192e-03 9.327992030059618633e-01 4.284358618761865967e-02
2.807723385653138753e-02 8.266698782404009044e-03 9.230726597907547015e-01 4.058340757030970414e-02
4.467691266995515997e-02 1.194498730862129411e-02 9.016914307439898302e-01 4.168666927743382850e-02
7.202249594801586607e-02 1.592822464257244441e-02 8.679316851145505440e-01 4.411759429486107609e-02
1.120619914160305430e-01 1.946173646503045543e-02 8.232580388693411244e-01 4.521823324959828305e-02
1.595681885109755116e-01 2.252089030581918075e-02 7.743778141710606633e-01 4.353310701214480050e-02
2.046278708855707729e-01 2.621441996186488557e-02 7.296893131885675565e-01 3.946839596399685096e-02
2.412034745464069208e-01 3.247677507410745568e-02 6.916832086568370785e-01 3.463654172264873238e-02
2.703576839442379809e-01 4.387196490350293854e-02 6.544822610602403223e-01 3.128809009201873048e-02
2.927896845973970152e-01 6.300590523912925900e-02 6.135161293851011388e-01 3.068828077837273266e-02
3.098581340635816472e-01 9.023571750273091940e-02 5.664201886147401943e-01 3.348595981894736395e-02
3.274324639855299424e-01 1.207475802195223380e-01 5.113841137311824214e-01 4.043584206376540924e-02
3.449708697761131870e-01 1.473677767661594751e-01 4.560047933490644634e-01 5.165656010866276349e-02
3.531529784812920125e-01 1.666368371524313552e-01 4.134501863477980099e-01 6.675999801847834481e-02
3.494341367860644976e-01 1.765108132854875111e-01 3.900683024107230445e-01 8.398674751772496061e-02
3.422426352827423468e-01 1.742820387020382056e-01 3.819898943626129917e-01 1.014854316526065253e-01
3.353559461054106960e-01 1.600027354817077363e-01 3.828515380635886256e-01 1.217897803492928727e-01
3.229490480799313556e-01 1.368449948174039199e-01 3.889408282397233130e-01 1.512651288629413004e-01
3.019628651100225714e-01 1.092967820280785485e-01 3.927270184922940777e-01 1.960133343696048858e-01
2.804929146775562154e-01 8.223767215101648875e-02 3.810572724001715095e-01 2.562121407712560917e-01
2.727979875107054974e-01 6.135204269907034574e-02 3.432763830398810057e-01 3.225735867503430887e-01
2.799428099857861896e-01 4.679216978815484845e-02 2.925344205027617939e-01 3.807305997232965922e-01
2.980859961267745550e-01 3.758827369898624926e-02 2.420441865599405606e-01 4.222815436142985934e-01
3.201920053072597194e-01 3.224730882241769875e-02 1.999024366956161924e-01 4.476582491747060910e-01
3.400894552830683315e-01 2.997647391602576220e-02 1.688388755952631437e-01 4.610951952056427383e-01
3.535449106624500848e-01 3.034652853360911631e-02 1.482995354253202891e-01 4.678090253786203467e-01
3.565958797857154972e-01 3.246019357771167541e-02 1.358054326629240527e-01 4.751384939736484347e-01
3.459679888518544799e-01 3.470796823738553361e-02 1.276587131243926698e-01 4.916653297863676220e-01
3.262914319422270948e-01 3.558653358844737075e-02 1.196568602785406388e-01 5.184651741907848610e-01
3.070728325397567016e-01 3.515272085553412112e-02 1.106551064894253783e-01 5.471193401152835145e-01
2.958589116230729843e-01 3.471657308625954175e-02 1.043538383255294827e-01 5.650706769651376860e-01
2.962305179790409304e-01 3.552771765095497775e-02 1.037222684546486029e-01 5.645194959153553294e-01
3.081768260350071786e-01 3.874861306510603287e-02 1.081050676271935879e-01 5.449694932726930618e-01
3.286701445435491475e-01 4.565022166706687173e-02 1.153577334401795079e-01 5.103219003492041050e-01
3.520938316534290013e-01 5.788774019245701563e-02 1.232984876400209373e-01 4.667199405140929347e-01
3.725157775798360049e-01 7.796514300542049802e-02 1.313335711403775252e-01 4.181855082743660690e-01
3.839545295611744291e-01 1.084101680476998592e-01 1.395983655084398201e-01 3.680369368826860166e-01
3.828011754203110573e-01 1.509642629778735201e-01 1.471597324312950150e-01 3.190748291705206019e-01
3.717986221588328033e-01 2.084661165454781417e-01 1.517432025078389035e-01 2.679920587878499294e-01
3.598599179159280848e-01 2.801508690568741411e-01 1.498117503733253641e-01 2.101774626538725210e-01
3.482677596126019792e-01 3.591323743642461652e-01 1.408361265414422858e-01 1.517637394817095142e-01
3.398045266032945211e-01 4.298208911107266328e-01 1.276218027173307290e-01 1.027527795686478118e-01
3.287201470428613437e-01 4.908128226959053153e-01 1.143102465100032938e-01 6.615678375122979737e-02
3.088458928427368355e-01 5.465381025272387783e-01 1.033489457124018435e-01 4.126705891762274397e-02
2.764128046430247565e-01 6.007952085456923497e-01 9.653444080723121157e-02 2.625754600405176553e-02
2.335473478145757287e-01 6.548185429927374512e-01 9.370131278292263832e-02 1.793279640976421299e-02
