5.109706481029247134e-03 1.604605033066162229e-02 4.674866901079472448e-01 5.113575530803617930e-01
1.780367190894338314e-01 1.391198845526896988e-01 5.962032536657365517e-02 6.232230709913028077e-01
1.510645924377940486e-01 1.584072016697392060e-01 5.530284842602768702e-02 6.352253574664391556e-01
1.310602117425720414e-01 1.830889286945292238e-01 5.309806196759739305e-02 6.327527975953014527e-01
1.166622059884260126e-01 2.092110676460498253e-01 5.267738026170432075e-02 6.214493461038197442e-01
1.069978894451346085e-01 2.297126078643271507e-01 5.408121629887398946e-02 6.092082863916639113e-01
1.011049717104265805e-01 2.373717209929903926e-01 5.787812415859820009e-02 6.036451831379844313e-01
9.839751359909065798e-02 2.309214617034026917e-01 6.461467381599532434e-02 6.060663508815111733e-01
9.801877762689005513e-02 2.160537175702345603e-01 7.429457156150931496e-02 6.116329332413658060e-01
9.740431259292549326e-02 1.995917541295135489e-01 8.646114995743695020e-02 6.165427833201234664e-01
9.342907928114373151e-02 1.856280379670007807e-01 1.003646604920159086e-01 6.205782222598397180e-01
8.483202736335307415e-02 1.776264956946062290e-01 1.132369593786117234e-01 6.243045175634286403e-01
7.331908086349786524e-02 1.796088359978055271e-01 1.196921057380963271e-01 6.273799774006003638e-01
6.157500563694588702e-02 1.946783921585393817e-01 1.170212361637545107e-01 6.267253660407601235e-01
5.076950346166391598e-02 2.259330462521657312e-01 1.065395843122396574e-01 6.167578659739305635e-01
4.133672113370460977e-02 2.800884201626313019e-01 8.919756967340559950e-02 5.893772890302583223e-01
3.361289937841463460e-02 3.624648287566056837e-01 6.862568475387247069e-02 5.352965871111072804e-01
2.701663386854868260e-02 4.612956942325010523e-01 5.199743845250479751e-02 4.596902334464452178e-01
2.099665319686411930e-02 5.561781951663108403e-01 4.148354858998715838e-02 3.813416030468380624e-01
1.541131533257970344e-02 6.368490225555225592e-01 3.511550974324185309e-02 3.126241523686559831e-01
1.099468684707079202e-02 7.040670712178089818e-01 3.186937532110666743e-02 2.530688666140135101e-01
7.804012657248927953e-03 7.653560348361633237e-01 2.891593918171984912e-02 1.979240133248680034e-01
5.739836892506630130e-03 8.261930954528072801e-01 2.424723000580186749e-02 1.438198376488843688e-01
4.339106002398905419e-03 8.856590087194257110e-01 1.732474241243275870e-02 9.267714286574277316e-02
3.278400772004211750e-03 9.344791169566711853e-01 1.025470219863926571e-02 5.198778007268540363e-02
2.439457841379767417e-03 9.660819423696423991e-01 5.264331603188488438e-03 2.621426818578915727e-02
1.742206188886322215e-03 9.834033664679237008e-01 2.484811794429397230e-03 1.236961554876051493e-02
1.193997843277478906e-03 9.919771349139233640e-01 1.121180879217112359e-03 5.707686363581869482e-03
8.563004900832342460e-04 9.957970944420954096e-01 5.178745376666304924e-04 2.828730530154933195e-03
2.960847801821487026e-06 9.981829304584599605e-01 2.103386963825750226e-04 1.603769997355570425e-03
2.206960193502924247e-06 9.986311306288894185e-01 1.523272028788401182e-04 1.214335208038387062e-03
9.813940595996765558e-04 9.975186679086499586e-01 1.919604484547535823e-04 1.307977583295746654e-03
1.095277250151073870e-03 9.973237539972482635e-01 2.130748457338837770e-04 1.367893906866460415e-03
1.249698240267877901e-03 9.968009656769281079e-01 2.886455919554872579e-04 1.660690490848848152e-03
1.699047358740269232e-03 9.952644645030773729e-01 5.053955815274639414e-04 2.531092556654920053e-03
2.808776691074415383e-03 9.914962643630985673e-01 1.080447401991344730e-03 4.614511543835487020e-03
5.075295030498528683e-03 9.836381057300601638e-01 2.468397038144412321e-03 8.818202201297151502e-03
8.899566800515084156e-03 9.698879466782581726e-01 5.370264035836611917e-03 1.584222248539007838e-02
1.436833670223696541e-02 9.494283160656760145e-01 1.063961860250119650e-02 2.556372862958564487e-02
2.046482976138488952e-02 9.233585163659004946e-01 1.926626131396749764e-02 3.691039255874714597e-02
2.909643741211277029e-02 8.886914866081656594e-01 3.275482867355769545e-02 4.945724730616363890e-02
4.027036762519758256e-02 8.443335556107162132e-01 5.225899639432515786e-02 6.313708036976130311e-02
5.465464973828734058e-02 7.898443022713642625e-01 7.851981442930767996e-02 7.698123356104072390e-02
7.290005664404165808e-02 7.253822048744950068e-01 1.130596314089278576e-01 8.865810707253543588e-02
9.589254732701769923e-02 6.467483426358486831e-01 1.608388053288916375e-01 9.652030470824192465e-02
1.229251461289340291e-01 5.481603991097663275e-01 2.301957560686477555e-01 9.871869869265202657e-02
1.506909406204427482e-01 4.298223477838919449e-01 3.249051682099788341e-01 9.458154338568626474e-02
1.732923194998598204e-01 3.251426821620815311e-01 4.138799445743303052e-01 8.768505376372839888e-02
1.870188350762920504e-01 2.560367401240065122e-01 4.748574255783097331e-01 8.208699922139135741e-02
1.899460292735993816e-01 2.201894423698674552e-01 5.112144794630295586e-01 7.865004889350335482e-02
1.852272004854287057e-01 2.125865373661559310e-01 5.236234681614514441e-01 7.856279398696458527e-02
1.794917311130586057e-01 2.329394056217796716e-01 5.035177341410356222e-01 8.405112912412628090e-02
1.750294138506175157e-01 2.768676014748118752e-01 4.525834669480436889e-01 9.551951772652671202e-02
1.687455408690102521e-01 3.298494147407411980e-01 3.906659506026089468e-01 1.107390937876396031e-01
1.590488762606422912e-01 3.764391861111135995e-01 3.363175178061424964e-01 1.281944198221016962e-01
1.464830573737528341e-01 4.078512181073194465e-01 2.987101572862189136e-01 1.469555672327089446e-01
1.311060321152624220e-01 4.223771484584692981e-01 2.818381643630860078e-01 1.646786550631821333e-01
1.118819327216562243e-01 4.235658923510576823e-01 2.874056835728946435e-01 1.771464913543914499e-01
8.825197629905619234e-02 4.169679226288593443e-01 3.158907953913012712e-01 1.788893056807831783e-01
6.273364252002730512e-02 4.089885497637117950e-01 3.612294807225722160e-01 1.670483269936886839e-01
4.070949569105365706e-02 4.092368901244752832e-01 4.037168575439984974e-01 1.463367566404725206e-01
2.579674992489927252e-02 4.296961166083855810e-01 4.181980492229296908e-01 1.263090842437852024e-01
1.721277082170030726e-02 4.760144374519367227e-01 3.945546018723041226e-01 1.122181898540589862e-01
1.254782416284245389e-02 5.395132602450890547e-01 3.444963425563807302e-01 1.034425730356875878e-01
1.051676148734781782e-02 5.976231907165455715e-01 2.925632087607299425e-01 9.929683903537687983e-02
9.506785028858781919e-03 6.233266684163186744e-01 2.662056015806851250e-01 1.009609449741374204e-01
9.229513966088341223e-03 6.093168647083885281e-01 2.728583073856891139e-01 1.085953139398338069e-01
8.608582770519897925e-03 5.580220205070925976e-01 3.118255353245272810e-01 1.215438613978603172e-01
8.838990134866707774e-03 4.856310203878867471e-01 3.664246342689991831e-01 1.391053552082478495e-01
9.648756173114034912e-03 4.143108176253474384e-01 4.170800702810315563e-01 1.589603559205073346e-01
1.073517049158108361e-02 3.588196621220059446e-01 4.514481989371675885e-01 1.789969684492451474e-01
1.201142180305131424e-02 3.206487160267336711e-01 4.673191926334415713e-01 2.000206695367735266e-01
1.234809383390522569e-01 5.233802259299029647e-01 1.610501705151400065e-01 1.920886652159048691e-01
6.098079265917946135e-01 1.361868531322910081e-01 4.006155299247007862e-02 2.139436672834442721e-01
5.891507394548869403e-01 1.276185475888085563e-01 4.252347354930615525e-02 2.407072394069985077e-01
5.589035387006832112e-01 1.189227680988437508e-01 4.645696858118721767e-02 2.757167246192857579e-01
5.185781957102911788e-01 1.097370629864801439e-01 5.110390277759144922e-02 3.205808385256372350e-01
4.649417198933915030e-01 1.031439980307066462e-01 5.674588451902767838e-02 3.751683975568741447e-01
4.005141922519782627e-01 1.019403836163302185e-01 6.241491029701168314e-02 4.351305138346797663e-01
3.352019022315599339e-01 1.060371348438511746e-01 6.539390341976177023e-02 4.933670595048266772e-01
2.760218869544253106e-01 1.158663486480087379e-01 6.339270374945933650e-02 5.447190606481063790e-01
2.224439654666933719e-01 1.340384554422340002e-01 5.685418220644637005e-02 5.866633968846260982e-01
1.794520277530323726e-01 1.515792180548503898e-01 4.823830430553439907e-02 6.207304498865829911e-01
1.456145630582024175e-01 1.674388008561063512e-01 4.239343438679736564e-02 6.445532016988937407e-01
1.247189380043547957e-01 1.810679923437380767e-01 3.974788259604947888e-02 6.544651870558574336e-01
1.165485691814624747e-01 1.945487827652874202e-01 4.024112096041555092e-02 6.486615270928345334e-01
1.196999708822551467e-01 2.119994692198525210e-01 4.281562875762429110e-02 6.254849311402681522e-01
1.335482173192685806e-01 2.416191998290694865e-01 4.496252917624850992e-02 5.798700536754134438e-01
1.562941896652779994e-01 2.909296548331826160e-01 4.353009674324496980e-02 5.092460587582944287e-01
1.803166701669186578e-01 3.592820995987247024e-01 3.750812620510872442e-02 4.228931040292481791e-01
1.957356604882697637e-01 4.342088065774066807e-01 2.969916664249782831e-02 3.403563662918253629e-01
2.006950885931194639e-01 4.968286502890993384e-01 2.337827721255359217e-02 2.790979839052277200e-01
1.999802548297636706e-01 5.357337225830696159e-01 1.974183488448029780e-02 2.445441877026867106e-01
1.980041432711427685e-01 5.478724165530783896e-01 1.834613739759105924e-02 2.357773027781877306e-01
1.914865788201013386e-01 5.348768019227313486e-01 1.840346707047031335e-02 2.552331521866970099e-01
1.762951840244374180e-01 4.932573757103285716e-01 1.912851696337616175e-02 3.113189233018579527e-01
1.503703393406347899e-01 4.180548953916346511e-01 1.938475328518893606e-02 4.121900119825417375e-01
1.154376717298759986e-01 3.182102918503508238e-01 1.738000167227662235e-02 5.489720347474965623e-01
7.899671383741616038e-02 2.184146003908930544e-01 1.253737125224642368e-02 6.900513145194445697e-01
5.004908315692671583e-02 1.387867104622754477e-01 7.104546192536525563e-03 8.040596601882613603e-01
3.235378859233497412e-02 8.621656832483988453e-02 3.415611861439162011e-03 8.780140312213859932e-01
2.366875298478195860e-02 5.562120756292718987e-02 1.675737044716691998e-03 9.190343024075741107e-01
1.954587877290331344e-02 3.684969639043203515e-02 9.720036694174426315e-04 9.426324211672473252e-01
1.711396678690798104e-02 2.400315444948750848e-02 6.625288532941548542e-04 9.582203499103101318e-01
1.546196951052621060e-02 1.529196636797293916e-02 4.985886463239309029e-04 9.687474754751768113e-01
1.426059333672975195e-02 1.077256497923525201e-02 4.247979033502703792e-04 9.745420437806845415e-01
1.610777163604256573e-02 7.973678121249064277e-03 3.664006063418118989e-04 9.755521496363663836e-01
2.053186683291872289e-02 7.091462101872079114e-03 3.464451113855809557e-04 9.720302259538236012e-01
2.915430055913537447e-02 7.536290882909810543e-03 3.690105314267729951e-04 9.629403980265279772e-01
4.365645330452639500e-02 8.826818046160339604e-03 4.293487125684638389e-04 9.470873799367449664e-01
6.532096282025839917e-02 1.044412309732339547e-02 5.219180437075938723e-04 9.237129960387105987e-01
9.682259524066985645e-02 1.230187598429901066e-02 6.599397574715347263e-04 8.902155890175597053e-01
1.428041908769979718e-01 1.478332884812669223e-02 8.778341142443208973e-04 8.415346461606310058e-01
2.075555345716752764e-01 1.836234204419544616e-02 1.224058653054370871e-03 7.728580647310748786e-01
2.929070286522123534e-01 2.373811836257656849e-02 1.336051192991656502e-03 6.820188017922196311e-01
3.848286482555731136e-01 2.870120573432095867e-02 1.602007543399394402e-03 5.848681384667064886e-01
4.675276772153090232e-01 3.257504427222561449e-02 2.183238950395803395e-03 4.977140395620696656e-01
5.333421540827878449e-01 3.646071920908879743e-02 2.106536513651758712e-03 4.280905901944714320e-01
5.757214788012191553e-01 4.239333791061456608e-02 1.978316004652002670e-03 3.799068672835144156e-01
5.934611722060778582e-01 5.296027146131264407e-02 1.938137884766626216e-03 3.516404184478428285e-01
5.889401827686718827e-01 6.964957932028989496e-02 2.051619728566201912e-03 3.393586181824719827e-01
5.669117921601513066e-01 9.199650879230915346e-02 2.323690415689087969e-03 3.387680086318505812e-01
5.317008652823050907e-01 1.183736112111742206e-01 2.728076263353489475e-03 3.471974472431674785e-01
4.837369529665201950e-01 1.477038919889948065e-01 2.971451393517371854e-03 3.655877036509673772e-01
4.178695294916919822e-01 1.841780782586579790e-01 3.492083658640916539e-03 3.944603085910089457e-01
3.427266029054971130e-01 2.253410079558529899e-01 3.914997833263517135e-03 4.280173913053864632e-01
2.719720832562190216e-01 2.648199806220706276e-01 3.956262922513226719e-03 4.592516731991971302e-01
2.102535152997531409e-01 2.977646306195441128e-01 3.594233367467952831e-03 4.883876207132347713e-01
1.576866585831074030e-01 3.199574909469971584e-01 3.013332782225057807e-03 5.193425176876704796e-01
1.143635797062959591e-01 3.246156199775770967e-01 2.395666844553529396e-03 5.586251334715733874e-01
7.992566578587768922e-02 3.024432172386650186e-01 1.881881378876355815e-03 6.157492355965812347e-01
5.526013605870667283e-02 2.561574763423222212e-01 1.593958963703224129e-03 6.869884286352677671e-01
4.012757544411063582e-02 2.033105621642854188e-01 1.591661858496979959e-03 7.549702005331072607e-01
3.184114709975161689e-02 1.578027125167165701e-01 1.866597423203139854e-03 8.084895429603285999e-01
2.763402007446806932e-02 1.234879082747938478e-01 2.379762562520079672e-03 8.464983090882182148e-01
2.598841754643085519e-02 9.983994104805350711e-02 3.056319923155295746e-03 8.711153214823602609e-01
2.674106340308129992e-02 8.617714865855814754e-02 3.830237949765670849e-03 8.832515499885945642e-01
3.086242521807615671e-02 8.173546991693406150e-02 4.762316012647024865e-03 8.826397888523428437e-01
3.983249766328685743e-02 8.415792307492200863e-02 5.999073925624892438e-03 8.700105053361664176e-01
5.444539366439931499e-02 8.894302099905110337e-02 7.528963999954365466e-03 8.490826213365950670e-01
7.596754256878716915e-02 9.307742929940189536e-02 9.327551878010030897e-03 8.216274762538008369e-01
1.084257519947777193e-01 9.675644949375998560e-02 1.164229293762405679e-02 7.831755055738383042e-01
1.548065231918711038e-01 9.956137234703497929e-02 1.453943928797338941e-02 7.310926651731207704e-01
2.123267488076649168e-01 9.997019735770731885e-02 1.750691726083859756e-02 6.701961365737891807e-01
8.951595070509769936e-02 8.347268895346492412e-01 1.414327504089250972e-03 7.434283225616408752e-02
5.499058259035714824e-02 2.620022863002299252e-01 5.385895023558200378e-01 1.444176287535931247e-01
7.809302890050429102e-02 3.586319923946433286e-01 3.814981061129638085e-01 1.817768725918889050e-01
1.016581132841343632e-01 4.271281563590615948e-01 2.670178012966001879e-01 2.041959290602037846e-01
1.262440553991986680e-01 4.520006977148204874e-01 2.037155072368948827e-01 2.180397396490858508e-01
1.511518088902082113e-01 4.417606605065456660e-01 1.735021957547854543e-01 2.335853348484606129e-01
1.770119831628023110e-01 4.105776846896265764e-01 1.585351778294173952e-01 2.538751543181538284e-01
2.033477234947566603e-01 3.745104187759191183e-01 1.466022655132698249e-01 2.755395922160544520e-01
2.294605155722486967e-01 3.446658006719625633e-01 1.322762777183938143e-01 2.935974060373952033e-01
2.556698461300464520e-01 3.243708412855204060e-01 1.151473335739474496e-01 3.048119790104856230e-01
2.775282272001088901e-01 3.177286858429869687e-01 9.654223863543499873e-02 3.082008483214692673e-01
2.948919287296216662e-01 3.230996311143463084e-01 7.809328252658923053e-02 3.039151576294429336e-01
3.054985055134029071e-01 3.400931386947108614e-01 6.192357403459745890e-02 2.924847817572885922e-01
3.062947462325827375e-01 3.672191813835881113e-01 5.061557644660610172e-02 2.758704959372231813e-01
3.025100613037562391e-01 3.941470827158899404e-01 4.458719573815875248e-02 2.587556602421948182e-01
2.954059930230731879e-01 4.162166816245791989e-01 4.360452794934461390e-02 2.447727974030027287e-01
2.831347515517557145e-01 4.354505758848019048e-01 4.734174928936715765e-02 2.340729232740755006e-01
2.639110529917356729e-01 4.561674220289121395e-01 5.607073033888819447e-02 2.238507946404640347e-01
2.400502800026073635e-01 4.790549034066687306e-01 7.019061945176746642e-02 2.107041971389564117e-01
2.141675553065842952e-01 5.041032677255724570e-01 8.927557726456133991e-02 1.924535997032820744e-01
1.867545051030887193e-01 5.329043448679046113e-01 1.120673210501804823e-01 1.682738289788258401e-01
1.576627937101545696e-01 5.677787265230621605e-01 1.360352737061596429e-01 1.385232060606236271e-01
1.275471051696532576e-01 6.110608796097922735e-01 1.557120594647302958e-01 1.056799557558240482e-01
9.803943557760873284e-02 6.614647076105172330e-01 1.658556590895156890e-01 7.464019772235837291e-02
7.133778222240930167e-02 7.122701507516301378e-01 1.663718536599629039e-01 5.002021336599757340e-02
5.203639400697981920e-02 7.488865673898223996e-01 1.651666445773501690e-01 3.391039402584773710e-02
3.914200793321111899e-02 7.704186667840924319e-01 1.661316979441394004e-01 2.430762733855701060e-02
3.146000497127488665e-02 7.741256415157086179e-01 1.755803874471511261e-01 1.883396606586529298e-02
2.699535293694176399e-02 7.645721434922919668e-01 1.925651767796509317e-01 1.586732679111525421e-02
2.467261807605907950e-02 7.507940003346658120e-01 2.097247034060238102e-01 1.480867818325137635e-02
2.359779933284293987e-02 7.424953357531698384e-01 2.187204335172885650e-01 1.518643139669889792e-02
2.311489863354578359e-02 7.420884227929941401e-01 2.182168052615001408e-01 1.657987331195967876e-02
2.308250784241440076e-02 7.458475799043087218e-01 2.121287026449167334e-01 1.894120960836015791e-02
2.330452246496307958e-02 7.493667920992446163e-01 2.048239011786764097e-01 2.250478425711558914e-02
2.373491036163872733e-02 7.489143468537928783e-01 1.992219013511973280e-01 2.812884143337074372e-02
2.456155986581734507e-02 7.407902858629195064e-01 1.970369141667867030e-01 3.761124010447651489e-02
2.592885960532346698e-02 7.187639736561214354e-01 2.016678160261190789e-01 5.363935071243616792e-02
2.751219547357233036e-02 6.765953479079245270e-01 2.171055216821434486e-01 7.878693493635975653e-02
2.783927064855077835e-02 6.172713820130768525e-01 2.419249235554090938e-01 1.129644237829634801e-01
2.759945011695981790e-02 5.475124603538825685e-01 2.724773945748613091e-01 1.524106949542962386e-01
2.514827921065414251e-02 4.766970252058618240e-01 3.076612026536629796e-01 1.904934929298209012e-01
2.147881272332020572e-02 4.086274004312874797e-01 3.487990906707248429e-01 2.210946961746675377e-01
1.739032529972423316e-02 3.437106761491773299e-01 3.983951901434210630e-01 2.405038084076772942e-01
1.350723836147170800e-02 2.820255019171989397e-01 4.577589588289234790e-01 2.467083008924057796e-01
1.030749903270043386e-02 2.246944187683310445e-01 5.236792396512077730e-01 2.413188425477609533e-01
8.086531290919227177e-03 1.770692182216611343e-01 5.824663889598863387e-01 2.323778615275332304e-01
6.818617488416280417e-03 1.432320654695539708e-01 6.199854530056042590e-01 2.299638640364255748e-01
6.259709363274641725e-03 1.212249604834352290e-01 6.336231439432953305e-01 2.388921862099948890e-01
6.166010857514377629e-03 1.070372935985363511e-01 6.281004633292117667e-01 2.586962322147373650e-01
6.287713273500030245e-03 9.721420052884531537e-02 6.116492368918646783e-01 2.848488493057899640e-01
6.395300831587387956e-03 8.946363210468637195e-02 5.936750138975446234e-01 3.104660531661819767e-01
6.482529112975190730e-03 8.411036893113219004e-02 5.780891892430289891e-01 3.313179127128637047e-01
6.830951263889399952e-03 8.386077454554077826e-02 5.611523079351228294e-01 3.481559662554474244e-01
7.824190436633514031e-03 9.201680035131809543e-02 5.356629682276570215e-01 3.644960409843914784e-01
9.591420451680956333e-03 1.097162422372733176e-01 5.005429403097290120e-01 3.801493970013165580e-01
1.190945036534335998e-02 1.357145387599481001e-01 4.609952263257967031e-01 3.913807845489117865e-01
1.434208965100468650e-02 1.681828224095264501e-01 4.214377497036962961e-01 3.960373382357725291e-01
1.633255565637610832e-02 2.050097318364975385e-01 3.846543883349298754e-01 3.940033241721963564e-01
1.739510344740598582e-02 2.444089107911106840e-01 3.520527956957867355e-01 3.861431900656967509e-01
1.734962562774549147e-02 2.850478959776299170e-01 3.253929019973607617e-01 3.722095763972634308e-01
1.641949148960906296e-02 3.258001086665923141e-01 3.072508260721146800e-01 3.505295737716835891e-01
1.486727348505313684e-02 3.628946686839163438e-01 3.013728415932868110e-01 3.208652162377433337e-01
1.301458525940187537e-02 3.912008144479176552e-01 3.080451695967100223e-01 2.877394306959700776e-01
1.137233101725128488e-02 4.099767732778355489e-01 3.203935561790253739e-01 2.582573395258877524e-01
1.025829136428986661e-02 4.218215070209583861e-01 3.295033273138563423e-01 2.384168743008954205e-01
9.793322609484548039e-03 4.272137297439985160e-01 3.318772661146578984e-01 2.311156815318592406e-01
9.880141484729650786e-03 4.229347473337197738e-01 3.320930556390092603e-01 2.350920555425412561e-01
1.039759740570467099e-02 4.053814034892422868e-01 3.371756792643931244e-01 2.470453198406602768e-01
1.151450364792496253e-02 3.728235989292089658e-01 3.502111420558416399e-01 2.654507553670243380e-01
1.336182145736192033e-02 3.242936300305349628e-01 3.711180073785474431e-01 2.912265411335555054e-01
1.550036501886373902e-02 2.633274752486740033e-01 3.957384090117028741e-01 3.254337507207590297e-01
1.737793997682015798e-02 2.005127496143279398e-01 4.143791044550410030e-01 3.677302059538108958e-01
1.979069028139474051e-01 7.096938072071412584e-02 6.000776293219866053e-01 1.310460871433516694e-01
6.730343780587145774e-01 9.860011750477803982e-02 8.702640140707347538e-02 1.413391030294338380e-01
6.676455039042904493e-01 8.841933994676991204e-02 9.249586493628461636e-02 1.514392912126554525e-01
6.363769184476228968e-01 8.614557630880820271e-02 1.021780696585618264e-01 1.752994355850071573e-01
5.784027547036350025e-01 9.215438712968083979e-02 1.163404435087413286e-01 2.131024146579425793e-01
5.002523380020961197e-01 1.037263128443739468e-01 1.372105882676290245e-01 2.588107608859009923e-01
4.101595085703103050e-01 1.165453137858102062e-01 1.698185671856675127e-01 3.034766104582121149e-01
3.162323541956531536e-01 1.273273077834174427e-01 2.186724303550180160e-01 3.377679076659114155e-01
2.306358082240616836e-01 1.346992005863135722e-01 2.822493185362558998e-01 3.524156726533691497e-01
1.630724525225134003e-01 1.365583029916570545e-01 3.564894590173505184e-01 3.438797854684791377e-01
1.119320914484390056e-01 1.268943888665938768e-01 4.474253414910955295e-01 3.137481781938716852e-01
7.267937376316821463e-02 1.024297905196400460e-01 5.625905936825109643e-01 2.623002420346801089e-01
4.628293388387093310e-02 7.360341290336951114e-02 6.765916216950311757e-01 2.035220315177284633e-01
3.308421618772130340e-02 5.387555540635022289e-02 7.487672799689628622e-01 1.642729484369654380e-01
2.957448470968119733e-02 4.560988696473897847e-02 7.700407202624969250e-01 1.547749080630830276e-01
3.325224078329791499e-02 4.583771755222838806e-02 7.480405102747677004e-01 1.728695313897057328e-01
4.265881430167033778e-02 4.981944653039336451e-02 6.987335696821853626e-01 2.087881694857511017e-01
5.448323384591154811e-02 5.107203422412869703e-02 6.526777956914547874e-01 2.417669362385045095e-01
6.534806159079988019e-02 4.722237941482632789e-02 6.304448944200936600e-01 2.569846645742798197e-01
7.561089926825129148e-02 4.192212442835879099e-02 6.223950124937124295e-01 2.600719638096773978e-01
8.751336946415265439e-02 3.875318907561380727e-02 6.071978229187939835e-01 2.665356185414394230e-01
1.013823862664232078e-01 3.837643330261832769e-02 5.733611626636158087e-01 2.868800177673422325e-01
1.148203505253248824e-01 4.004158329564079521e-02 5.215319083333933570e-01 3.236061578456410626e-01
1.238650644755624614e-01 4.292150166287841268e-02 4.610201759875393601e-01 3.721932578740197450e-01
1.252884601417259547e-01 4.663306938611087166e-02 4.052560823874097884e-01 4.228223880847531424e-01
1.182371315171454051e-01 5.101139003364656144e-02 3.647344942847235982e-01 4.660169841644843935e-01
1.036344128421795852e-01 5.522395379109489716e-02 3.434066027664777754e-01 4.977350306002479297e-01
8.351182723084191184e-02 5.779458440052179929e-02 3.426605127763406866e-01 5.160330755922958312e-01
6.120248431039476689e-02 5.765772608693549295e-02 3.667301462286172153e-01 5.144096433740524832e-01
4.033965884384249634e-02 5.462249977261932066e-02 4.212705456806348225e-01 4.837672957029032217e-01
2.377792923917554022e-02 4.945306848379333459e-02 5.018834324302003935e-01 4.248855698468310682e-01
1.297188866126989734e-02 4.462996467522342692e-02 5.815495093277609495e-01 3.608486373357455146e-01
7.257714986065936548e-03 4.439286100547989999e-02 6.240878772105928896e-01 3.242615467978610666e-01
4.600620606527266489e-03 5.306332559463791676e-02 6.110384459259777801e-01 3.312976078728569473e-01
3.430699936543267579e-03 7.490944027609941491e-02 5.425468945250212505e-01 3.791129652623360102e-01
2.985818422044130439e-03 1.124431919686161435e-01 4.352932906508112931e-01 4.492776989585285374e-01
2.764524227040269372e-03 1.618264263450019391e-01 3.209309701218462374e-01 5.144780793061115576e-01
2.834399142494390452e-03 2.226764362589035984e-01 2.184777521490589014e-01 5.560114124495427745e-01
3.023233715987503831e-03 2.909882957698295969e-01 1.421077009964235305e-01 5.638807695177592283e-01
3.453143927497530699e-03 3.646637491740338799e-01 9.284959909672740874e-02 5.390335078017411963e-01
4.091615964695284428e-03 4.351286716820745859e-01 6.340564065162541951e-02 4.973740717016048585e-01
5.150230850908278299e-03 4.931308565465211124e-01 4.615931726528833823e-02 4.555595953372823526e-01
6.994099885937222170e-03 5.324595639765253852e-01 3.585885803174094361e-02 4.246874781057964343e-01
9.988569457334549664e-03 5.525619025550664309e-01 2.897221877557319691e-02 4.084773092120259630e-01
1.481055105678753120e-02 5.536633926761124203e-01 2.424712835007559325e-02 4.072789279170244692e-01
2.331937179982435451e-02 5.347555689454265293e-01 2.236068874294188172e-02 4.195643705118073385e-01
3.851232586314894124e-02 5.007623818667426008e-01 2.408655488441096421e-02 4.366387373856976395e-01
6.346798868219682976e-02 4.634040398253736481e-01 2.955543598219136439e-02 4.435725355102382306e-01
9.983226585381450857e-02 4.327124717834874845e-01 3.810727386283119245e-02 4.293479884998667728e-01
1.446734001340846676e-01 4.135901068624213694e-01 4.783222577469259384e-02 3.939042672288013969e-01
1.906634321392307319e-01 4.071984510779437239e-01 5.612580507422788856e-02 3.460123117085975863e-01
2.310335885376244291e-01 4.127856761877809477e-01 6.102176237846138745e-02 2.951589728961332426e-01
2.550534896314759492e-01 4.357825177079383550e-01 6.252283284991208556e-02 2.466411598106737491e-01
2.615636552174780416e-01 4.744783400704160048e-01 6.075378930236037534e-02 2.032042154097454811e-01
2.498537606269058131e-01 5.278258825453414627e-01 5.558306877789313122e-02 1.667372880498596555e-01
2.270157946711912622e-01 5.858148706249058923e-01 4.771167008370232054e-02 1.394576646202005110e-01
2.044069374224957714e-01 6.330568543337916632e-01 4.002868574515244110e-02 1.225075224985597566e-01
1.910272988248192250e-01 6.589110889110217917e-01 3.492144652935815635e-02 1.151401657348006674e-01
1.906252026018395718e-01 6.608518582500264582e-01 3.282337720348591642e-02 1.156995619446478385e-01
2.015562719679790393e-01 6.438628226503891883e-01 3.303855563271240747e-02 1.215423497489195453e-01
2.181611609448806943e-01 6.184042555370655725e-01 3.417175226624863393e-02 1.292628312518050715e-01
2.356988519074279531e-01 5.923002623556051782e-01 3.489015781528173599e-02 1.371107279216851882e-01
2.518538679977235795e-01 5.682392958615883893e-01 3.487820880288944325e-02 1.450286273377986712e-01
2.651383704753446646e-01 5.477502601936100612e-01 3.443397565171362612e-02 1.526773936793311970e-01
2.751657989118233560e-01 5.321365564544813243e-01 3.362317556385612666e-02 1.590744690698391028e-01
2.833507275325746755e-01 5.197679524160888631e-01 3.259900894564615043e-02 1.642823111056907204e-01
2.919079796011023187e-01 5.064976619343973807e-01 3.188701434355969977e-02 1.697073441209411282e-01
3.015785109027299127e-01 4.902178102896761480e-01 3.187548706450463176e-02 1.763281917430893075e-01
3.116258925140912850e-01 4.716410435012398650e-01 3.272034251981255359e-02 1.840127214648565046e-01
3.212641443466229818e-01 4.522482924514071301e-01 3.452918650233309517e-02 1.919583766996367513e-01
3.296782864273521407e-01 4.345821377578321654e-01 3.707272746357417881e-02 1.986668483512417094e-01
3.366667547070696931e-01 4.204075827425148848e-01 3.974474135803065383e-02 2.031809211923847058e-01
5.564931961939940247e-02 8.344031149967882921e-02 2.218426706519332527e-03 8.586919421744024783e-01
5.914035831366402235e-02 1.025808658694266629e-01 2.419727340351685192e-03 8.358590484765576756e-01
6.435129258715355238e-02 1.208589707699437021e-01 2.652324163337393698e-03 8.121374124795655014e-01
7.052904540886900664e-02 1.368282500544314995e-01 2.851881306482037786e-03 7.897908232302175424e-01
7.682027808880523279e-02 1.517359658621477148e-01 2.962435974197617349e-03 7.684813200748493722e-01
8.396794875795286772e-02 1.675695761231074110e-01 3.039640397509601327e-03 7.454228347214298944e-01
9.290340840621791330e-02 1.823179213917410502e-01 3.193295379522911870e-03 7.215853748225181663e-01
1.018210110595519496e-01 1.917011200775166069e-01 3.491383892744130604e-03 7.029864849701873419e-01
1.121026398974937915e-01 1.927383737206347369e-01 3.978644375746906610e-03 6.911803420061243264e-01
1.231177728713020864e-01 1.888787711998359542e-01 4.659365912068974547e-03 6.833440900167926380e-01
1.379802211322821159e-01 1.842184858207354392e-01 5.398649705983213018e-03 6.724026433409993064e-01
1.605347610070247955e-01 1.852966138431247911e-01 5.986530766640571662e-03 6.481820943832100612e-01
2.008937938160850478e-01 1.926653059734373674e-01 6.258079071560060554e-03 6.001828211389177437e-01
2.637803200572846340e-01 2.012792417084432461e-01 6.233199019332127076e-03 5.287072392149401168e-01
3.455448494476324184e-01 2.044459635458446278e-01 5.899613178708406312e-03 4.441095738278142968e-01
4.348557141292531680e-01 2.019062368745498381e-01 5.206014905948944463e-03 3.580320340902481413e-01
5.182446585022637553e-01 1.978849685198545982e-01 4.306248475287176303e-03 2.795641245025944355e-01
5.902735972287124211e-01 1.940254456848986564e-01 3.402842192487321761e-03 2.122981148939016571e-01
6.492582594670865959e-01 1.912541353777413300e-01 2.677655948249594003e-03 1.568099492069223722e-01
6.916868864262796235e-01 1.900249265933209586e-01 2.130022958668664930e-03 1.161581640217305839e-01
7.121955084151629922e-01 1.949584423055727433e-01 1.888408535646718660e-03 9.095764074361765983e-02
7.136865640931800980e-01 2.074451058532611747e-01 1.835481284772949931e-03 7.703284876878588316e-02
6.994504631287712382e-01 2.289459831091294473e-01 1.879890447512482313e-03 6.972366331458687561e-02
6.540067770734927510e-01 1.873596648905085094e-01 8.487431503310527425e-02 7.375924300289352087e-02
6.565488426828827162e-01 2.026930744741462509e-01 6.825802436421382624e-02 7.250005847875706788e-02
6.630074822825348102e-01 2.111069382330954813e-01 5.321239519377649052e-02 7.267318429059313467e-02
6.720530899537516811e-01 2.121375746375654958e-01 4.095502882639064784e-02 7.485430658229207113e-02
6.798735960463415662e-01 2.091256984418299325e-01 3.144501342789288861e-02 7.955569208393575842e-02
6.818097751399696538e-01 2.068198707246222956e-01 2.420020558229029825e-02 8.717014855311744359e-02
6.736520482257281062e-01 2.098202656205453154e-01 1.868429690605858534e-02 9.784338924766802781e-02
6.524580817735297078e-01 2.221869140983254720e-01 1.438174763803405469e-02 1.109732564901107638e-01
6.170630763848428124e-01 2.478967711937890561e-01 1.087186522587658098e-02 1.241682871954915002e-01
5.658006545642435547e-01 2.926491098272591684e-01 8.073481949887316780e-03 1.334767536586102532e-01
5.067070866817156016e-01 3.504770961317413835e-01 6.101912014911465426e-03 1.367139051716315112e-01
4.512241495228633825e-01 4.077311169237493593e-01 5.065805756344962836e-03 1.359789277970423482e-01
4.037323261968976951e-01 4.540024479866794915e-01 4.798788993533460376e-03 1.374664368228893374e-01
3.571840913906368931e-01 4.897296082280114815e-01 5.181369474116815158e-03 1.479049309072347773e-01
3.047119606645737333e-01 5.167989442523076571e-01 6.131290307139206607e-03 1.723578047759792564e-01
2.472809092597591241e-01 5.284893835587489708e-01 7.602255641928109230e-03 2.166274515395637812e-01
1.920964818761293491e-01 5.117049577997365706e-01 9.734306353677019824e-03 2.864642539704571056e-01
1.477326591427798597e-01 4.598689138815766353e-01 1.193216503995056348e-02 3.804662619356928288e-01
1.110577104797417641e-01 3.898061471066622263e-01 1.403346097876446638e-02 4.851026814348320393e-01
8.245719790744124311e-02 3.199844359594032350e-01 1.571547719187357806e-02 5.818428889412815552e-01
6.150374551209086826e-02 2.641452621558975089e-01 1.729608878027811061e-02 6.570549035517336822e-01
4.676270086760103001e-02 2.256002746073314247e-01 1.900455555209324202e-02 7.086324689729741610e-01
3.647674099951005167e-02 2.011469916653253198e-01 2.098169704727925397e-02 7.413945702878851352e-01
2.949336919364332898e-02 1.873113110601222486e-01 2.400172435336233104e-02 7.591935953928721226e-01
2.520729197449241704e-02 1.817682725339793970e-01 2.986468525848370165e-02 7.631597502330441651e-01
2.315889141520349054e-02 1.826567896717738448e-01 4.027923286437208594e-02 7.539050860486506966e-01
2.245275760319826591e-02 1.853951156399698819e-01 5.453352330925162472e-02 7.376186034475800124e-01
2.188899153645141107e-02 1.812278577235048038e-01 6.813574533634808583e-02 7.287474054036956472e-01
2.072006551100211494e-02 1.629663741241747510e-01 7.779711009123005394e-02 7.385164502735931391e-01
1.917968440054197699e-02 1.326740856440372929e-01 8.622948493383206237e-02 7.619167450215886817e-01
1.793005187324134622e-02 1.002233713809552035e-01 9.852766614825314573e-02 7.833189105975505440e-01
1.713440288133798173e-02 7.323712451725350459e-02 1.181600735213653858e-01 7.914683990800427393e-01
1.679070037740626117e-02 5.386317547970631558e-02 1.446052968975324315e-01 7.847408272453549882e-01
1.761893979080974074e-02 4.175359021112563102e-02 1.719350387033518335e-01 7.686924312947129856e-01
1.795819331949134040e-02 3.568146045440453995e-02 1.924044287254081942e-01 7.539559175006961267e-01
1.937453407793955987e-02 3.294964425800674113e-02 2.033782662597603819e-01 7.442975554042935427e-01
2.151115653666103508e-02 3.212661752391095249e-02 2.111946729655740373e-01 7.351675529738540549e-01
2.489105361882016851e-02 3.233834421545393051e-02 2.244257920325375411e-01 7.183448101331882940e-01
2.995607199708959570e-02 3.280709896808119141e-02 2.492094298658778517e-01 6.880273991689510593e-01
3.659495761889730581e-02 3.249060217121296779e-02 2.907228987911583684e-01 6.401915414187309139e-01
4.373715661690188994e-02 3.041796286477108091e-02 3.542980188400990382e-01 5.715468616782284350e-01
4.964411281602367637e-02 2.658450540940920925e-02 4.403388593028501052e-01 4.834325224717171965e-01
5.289615791444245152e-02 2.166906214363463132e-02 5.386676283329856485e-01 3.867671516089373207e-01
5.374472166955913954e-02 1.805765582085187143e-02 6.311380143590284986e-01 2.970596081505603725e-01
5.232162557924471130e-02 1.486864500453729566e-02 7.059706644222486505e-01 2.268390649939697468e-01
4.933935806777219046e-02 1.238577272213499045e-02 7.608856037954913054e-01 1.773892654146016490e-01
4.550393402913460034e-02 1.043043421197394592e-02 7.993349370820419519e-01 1.447306946768495139e-01
4.159532319759438185e-02 8.910329239137350366e-03 8.247221171479698354e-01 1.247722304152982520e-01
3.812830988289418049e-02 7.748622462172120168e-03 8.393414097715355959e-01 1.147816578833977946e-01
3.542227163386561101e-02 6.892729064671424682e-03 8.439939177125667102e-01 1.136910815888962090e-01
3.372374370195054677e-02 6.315859832889236802e-03 8.380645787554823478e-01 1.218958177096782503e-01
3.313558206490628544e-02 5.985275729369966304e-03 8.201012435831852576e-01 1.407778986225386164e-01
3.345776385021519139e-02 5.841490384305809795e-03 7.883247722066619723e-01 1.723759735588168973e-01
3.415225639258812756e-02 5.801168729551587321e-03 7.403924364644063338e-01 2.196541384134537422e-01
3.449667020580420712e-02 5.780098518021976016e-03 6.719736397118740712e-01 2.877495915642995228e-01
3.357893350810337713e-02 5.682137066509244591e-03 5.785795772607622567e-01 3.821593521646250435e-01
3.062299459760502857e-02 5.432896718203615929e-03 4.636368626510594115e-01 5.003072460331321469e-01
2.593694851348484626e-02 5.112474755596595373e-03 3.430380456270617495e-01 6.259125311038566952e-01
2.110781724626180009e-02 5.021642042297181155e-03 2.369223385193202913e-01 7.369482021921207604e-01
1.763103601016356714e-02 5.619687299714833627e-03 1.572619590946041090e-01 8.194873175955175171e-01
1.582843897254572821e-02 7.426677951249340166e-03 1.033038800909480137e-01 8.734410029852569535e-01
1.523283687404024082e-02 1.102441943072476893e-02 6.733245239599235099e-02 9.064102912992425543e-01
1.567493756346116651e-02 1.727086860230222717e-02 4.330462649738123226e-02 9.237495673368553151e-01
1.763630956898398425e-02 2.814457941398112312e-02 2.820328275658024603e-02 9.260158282604544766e-01
2.128966936887536840e-02 4.813685024665619733e-02 1.964139867406465914e-02 9.109320817104035184e-01
2.645853277864565131e-02 8.439453773890102928e-02 1.457822273608052471e-02 8.745687067463726594e-01
3.246729363837547871e-02 1.465655324062059006e-01 1.109546322515623552e-02 8.098717107302622065e-01
3.757827914304296552e-02 2.475035026855434694e-01 8.278403229234107541e-03 7.066398149421797559e-01
3.930957031743673863e-02 3.929393323867860777e-01 5.789364616136225342e-03 5.619617326796411128e-01
3.621208451403463979e-02 5.588715213787369684e-01 3.761269939739376837e-03 4.011551241674892743e-01
3.051107087254224456e-02 6.971592592375437381e-01 2.441939964486898509e-03 2.698877299254265894e-01
2.609075758749541257e-02 7.816019030201754036e-01 1.815112915076497017e-03 1.904922264772526963e-01
2.483078070625358361e-02 8.179456605201858022e-01 1.748775567311756972e-03 1.554747832062490509e-01
2.640579050627399685e-02 8.228318941385625029e-01 2.216511287241814971e-03 1.485458040679218661e-01
2.957287293376310855e-02 8.104975989176668172e-01 3.376697896676688314e-03 1.565528302518933434e-01
3.304372619661834209e-02 7.909270208331652396e-01 5.546391528860335207e-03 1.704828614413557986e-01
3.634746397621126807e-02 7.691476951513033233e-01 9.223051490288390955e-03 1.852817893821971096e-01
3.975351850125861258e-02 7.462330109728955163e-01 1.492864729362900107e-02 1.990848232322169065e-01
4.336977765699866899e-02 7.226402108220026932e-01 2.237119508076991503e-02 2.116188164402283134e-01
4.677453656815720728e-02 7.005221562497565557e-01 2.948547850780972729e-02 2.232178286742768358e-01
4.948804210382525687e-02 6.821827943316606246e-01 3.299293705116822240e-02 2.353362265133458753e-01
5.157765973405214338e-02 6.661617751733591719e-01 3.129893808151793660e-02 2.509616270110704428e-01
5.368426907508885848e-02 6.466200514690018109e-01 2.659093671779018744e-02 2.731047427381188553e-01
5.596156518695546284e-02 6.174675977022232587e-01 2.218087808447916781e-02 3.043899590263419719e-01
5.765892259733487041e-02 5.763774173329067052e-01 1.928613152372312886e-02 3.466775285460353406e-01
5.767300552120659812e-02 5.245285332164508763e-01 1.746522096615598166e-02 4.003332402961863878e-01
5.495043788738226964e-02 4.641869249724779878e-01 1.607067644406179677e-02 4.647919606960776995e-01
4.950452999569658619e-02 3.979417103068518813e-01 1.462893382555059338e-02 5.379248258719010467e-01
4.307510748785292609e-02 3.304395601897396895e-01 1.292401644742982754e-02 6.135613158749778639e-01
