6.441625649457390079e-03 5.729149224108061322e-03 2.589978429015583200e-02 9.619294408362785154e-01
4.948509621962222937e-02 7.009887507982585919e-02 5.022851589426222813e-02 8.301875128062897735e-01
3.711952861572804380e-02 7.051468483045159052e-02 3.998055879173233185e-02 8.523852277620880269e-01
2.981637821487640241e-02 7.310549252389106356e-02 3.345634718180338224e-02 8.636217820794290789e-01
2.584999405010386317e-02 7.679539880661180595e-02 2.977592378060235634e-02 8.675786833626817351e-01
2.421717193683427249e-02 7.964195158173149880e-02 2.837603607434497494e-02 8.677648404070894550e-01
2.438876448050863663e-02 7.999676203902304772e-02 2.918051181894512278e-02 8.664339616615234219e-01
2.667289580089531389e-02 7.893918093717354478e-02 3.289261190955479475e-02 8.614953113523761141e-01
3.163332475298901575e-02 7.888188428467893254e-02 4.068591546966165290e-02 8.487988754926705237e-01
3.864151301229155205e-02 8.039667071743941684e-02 5.332837157186665067e-02 8.276334446984026094e-01
4.547876448817635142e-02 8.237093952839806554e-02 7.044539005364794382e-02 8.017049059297772784e-01
4.958380760584205765e-02 8.419980796700878012e-02 8.869240621304433358e-02 7.775239782141050160e-01
5.007336555581728965e-02 8.704012203699403039e-02 1.013587218085227754e-01 7.615277905986660434e-01
4.794226990548158818e-02 9.327079470983884457e-02 1.043272625697782563e-01 7.544596728149015608e-01
4.441835819580056133e-02 1.066284715586687665e-01 9.769136243958184695e-02 7.512618078059486448e-01
4.065207498313527096e-02 1.356733307476888917e-01 8.291472800351511185e-02 7.407598662656608157e-01
3.728197782829959644e-02 1.951383128880004869e-01 6.497181929589035398e-02 7.026078899878094308e-01
3.369151992322810124e-02 2.884338471782137425e-01 5.009134147944928339e-02 6.277832914191086022e-01
2.902379269945912221e-02 3.971455586768091739e-01 4.009536915981159327e-02 5.337352794639199649e-01
2.346353498790213279e-02 5.006156211194794370e-01 3.421799879022235924e-02 4.417028451023963243e-01
1.856500583908390900e-02 5.914746212869439468e-01 3.039921603093265548e-02 3.595611568430395755e-01
1.414861081934853243e-02 6.718215351766285703e-01 2.768473194591495115e-02 2.863451220581081924e-01
1.107581863296955987e-02 7.462561436105764612e-01 2.312027468765513738e-02 2.195477630687989179e-01
8.877443444119963514e-03 8.181239991137040368e-01 1.615270908917595602e-02 1.568458483530003611e-01
7.155866682711365181e-03 8.820335161573589211e-01 9.172451996842681185e-03 1.016381651630870048e-01
5.737532783326915534e-03 9.302605430430245237e-01 4.450636780593921100e-03 5.955128739305445840e-02
4.417670347343706158e-03 9.620793628744955805e-01 1.958424884045328971e-03 3.154454189411533271e-02
3.226541687859668835e-03 9.805339161362304212e-01 8.149889198599202193e-04 1.542455325604995958e-02
2.374905825788533979e-03 9.896692355089126147e-01 3.488365484575827271e-04 7.607022116841259500e-03
1.948967137820738996e-03 9.935357739110564079e-01 1.795044639904926824e-04 4.335754487132528583e-03
1.854735347886078385e-03 9.948857743892167704e-01 1.271686668005602555e-04 3.132321596096449522e-03
1.883598821656745246e-03 9.952648467250502229e-01 1.194033717022813083e-04 2.732151081590879389e-03
1.915930160530553627e-03 9.953275290842639178e-01 1.339017463455027248e-04 2.622639008859887176e-03
2.169788699629384126e-03 9.947551974523497487e-01 1.900384562326204614e-04 2.884975391788283366e-03
3.090460301161659148e-03 9.926459671815646146e-01 3.673345679394610618e-04 3.896237949334377046e-03
5.459776236864418222e-03 9.873653831509189294e-01 9.032831717687697312e-04 6.271557440447595583e-03
1.061438214122831930e-02 9.761904121327348305e-01 2.404340473656061457e-03 1.079086525238085598e-02
1.886075301827439335e-02 9.574274384499947832e-01 6.059748989821768170e-03 1.765205954190898763e-02
3.266859541394546984e-02 9.275748568141481964e-01 1.340905244582596238e-02 2.634749532608034531e-02
5.149192889728292089e-02 8.870454220571203363e-01 2.652413941458433774e-02 3.493850963101232526e-02
7.467996054508085901e-02 8.359482767872954412e-01 4.774028515319711508e-02 4.163147751442641820e-02
1.009050838303013620e-01 7.739220434134174154e-01 7.935614339383210980e-02 4.581672936244925165e-02
1.278115124228601795e-01 7.006550456814576444e-01 1.245174084175756368e-01 4.701603347810678901e-02
1.526791175543485146e-01 6.141725712028200945e-01 1.884423109683375508e-01 4.470600027449377761e-02
1.722133997903761704e-01 5.102918749838738499e-01 2.780392623848023104e-01 3.945546284094789830e-02
1.778477350836862869e-01 3.893768973747620543e-01 4.006610058201880431e-01 3.211436172136380302e-02
1.643872617973948236e-01 2.651766319949735440e-01 5.460523457008076287e-01 2.438376050682413906e-02
1.400817590324831274e-01 1.692590986690385435e-01 6.717913555043183438e-01 1.886778679416026977e-02
1.140343921052337506e-01 1.133171483869221952e-01 7.566101625895375049e-01 1.603829691830637935e-02
9.178427562565510955e-02 8.426887701520169305e-02 8.091304695756819099e-01 1.481637778346113141e-02
7.663506690485402673e-02 7.324566840816498781e-02 8.351569366659136184e-01 1.496232802106703223e-02
7.122792166573681250e-02 7.744483619542634478e-02 8.341750268939691626e-01 1.715221524486723256e-02
7.414509176869409079e-02 9.547960744783268172e-02 8.086970332179765908e-01 2.167826756549649098e-02
7.943068625771378122e-02 1.223626005261136823e-01 7.710048578650436912e-01 2.720185535112865788e-02
8.082905743014379141e-02 1.511986944365463215e-01 7.358779096992426050e-01 3.209433843406721970e-02
7.851780044851019991e-02 1.739541249912519294e-01 7.117328875432130664e-01 3.579518701702445044e-02
7.193008656037494508e-02 1.852353261730770306e-01 7.047390327048624892e-01 3.809555456168597226e-02
5.946687041951694702e-02 1.839478889649212856e-01 7.180735202961748831e-01 3.851172031938668305e-02
4.423630176043466533e-02 1.724084787854812673e-01 7.467635217675728798e-01 3.659169768651109045e-02
3.001107395116711998e-02 1.583941100393176649e-01 7.787241665747917096e-01 3.287064943472360612e-02
1.985066578932588241e-02 1.537433286530910104e-01 7.971242004534876413e-01 2.928180510409527856e-02
1.408526301165923499e-02 1.703865068082341117e-01 7.878816956160574758e-01 2.764653456404943949e-02
1.134475921495042144e-02 2.179919988293875510e-01 7.423470404964676028e-01 2.831620145919433451e-02
1.026607126777409791e-02 3.001998623082937079e-01 6.589590486127452351e-01 3.057501781118671796e-02
1.004043278848079992e-02 4.004809460241776087e-01 5.556599157431795222e-01 3.381870544416189922e-02
1.020526718846365838e-02 4.817998358866673048e-01 4.700856284983764288e-01 3.790926842649238598e-02
1.026653716634251361e-02 5.217875838205573436e-01 4.254988483351130335e-01 4.244703067798730883e-02
1.009713096420514385e-02 5.240935489452502871e-01 4.184716272480272226e-01 4.733769284251745924e-02
1.033568655957433323e-02 5.043529094634408017e-01 4.313470603277817506e-01 5.396434364920288385e-02
1.135879980233104290e-02 4.811671038980522841e-01 4.444995865662422774e-01 6.297450973337441471e-02
1.300842962083289915e-02 4.669753436908345434e-01 4.463656452326992818e-01 7.365058145563349590e-02
1.529926403761894954e-02 4.669747506976438256e-01 4.317902936005242887e-01 8.593569166421259620e-02
1.377435465019561378e-01 3.503469268726880359e-01 3.464165735619976205e-01 1.654929530633580115e-01
3.920105616010246541e-01 1.394415495802122928e-01 4.555956387869797980e-02 4.229883249400648304e-01
3.634597561252937425e-01 1.298130354899795502e-01 4.689742168791625337e-02 4.598297866968104608e-01
3.304206729470412496e-01 1.172476746407800779e-01 4.849146186388586521e-02 5.038401905482927656e-01
2.921926475343197271e-01 1.035639910310821726e-01 5.011666714164386000e-02 5.541266942929543582e-01
2.485954917703540878e-01 9.229216882197845140e-02 5.155946164451583741e-02 6.075528777631513666e-01
2.064124491911031589e-01 8.332963830395433147e-02 5.159010491680553201e-02 6.586678075881369221e-01
1.711279267725674957e-01 7.896580292771694654e-02 5.008211284677979713e-02 6.998241574529355802e-01
1.448455829821356511e-01 7.962460051317500620e-02 4.661927277321682023e-02 7.289105437314724600e-01
1.255938182500063172e-01 8.447338038217008793e-02 4.155652985524444648e-02 7.483762715125793497e-01
1.108624801871039706e-01 9.045493915330687917e-02 3.646407452195846860e-02 7.622185061376304249e-01
1.015041537646467484e-01 9.491250404465030599e-02 3.312964796438858800e-02 7.704536942263143784e-01
1.007028890827895706e-01 9.852290755885023676e-02 3.247451087369140205e-02 7.682996924846688946e-01
1.101578919085400704e-01 1.013664200133639615e-01 3.481673394028832191e-02 7.536589541378075907e-01
1.309910754016329060e-01 1.040597769643350212e-01 3.980975364853098913e-02 7.251393939855013127e-01
1.652752292998092287e-01 1.101231384978557520e-01 4.547274214675013637e-02 6.791288900555845220e-01
2.123861342100456795e-01 1.234005971429828624e-01 4.760859983358307207e-02 6.166046688133887121e-01
2.636378613743354804e-01 1.449022184986715478e-01 4.334032791501415960e-02 5.481195922119785902e-01
3.070800348812701142e-01 1.710851180920201775e-01 3.544547961104319023e-02 4.863893674156667402e-01
3.373096222184949200e-01 1.945702800250478093e-01 2.846643223796389843e-02 4.396536655184931641e-01
3.558393078273468513e-01 2.086025912315725983e-01 2.445032607276087511e-02 4.111077748683193422e-01
3.626262896693815407e-01 2.106207316632173754e-01 2.334057077022832702e-02 4.034124078971728644e-01
3.535942312995596359e-01 2.005172211320261633e-01 2.426724091506553271e-02 4.216213066533486820e-01
3.256463332056196980e-01 1.781240130428269342e-01 2.617400876840723575e-02 4.700556449831461148e-01
2.798102376513381118e-01 1.466562299783756851e-01 2.751372568917605926e-02 5.460198066811100537e-01
2.242600361000005871e-01 1.142474715750053382e-01 2.593907665620929712e-02 6.355534156687843161e-01
1.696953330876893873e-01 8.725506075881114820e-02 2.033631878670686538e-02 7.227132873667924118e-01
1.234863234720853659e-01 6.678586461506726135e-02 1.301591820260387077e-02 7.967118937102436460e-01
9.081658185346699885e-02 5.309369717799889560e-02 7.256587016276861042e-03 8.488331339522570129e-01
7.135063134277720709e-02 4.473557254074776723e-02 4.097321730190710103e-03 8.798164743862842974e-01
5.887902206838852709e-02 3.717812686550493045e-02 2.616897259050691895e-03 9.013259538070554910e-01
4.873757966650013596e-02 2.830017499500124198e-02 1.862881150356062278e-03 9.210993641881425331e-01
3.950135038391760361e-02 2.037315841121295143e-02 1.438505927606878758e-03 9.386869852772626865e-01
3.383657256259794271e-02 1.357510652481845950e-02 1.135359400523321387e-03 9.514529615120602690e-01
3.168941077020737823e-02 9.761329214010950467e-03 9.648829208956482802e-04 9.575843770948859746e-01
3.352207763869789747e-02 8.066346223848951807e-03 9.067652278446417229e-04 9.575048109096082616e-01
4.005132817040147480e-02 7.639800240125092096e-03 9.542175913101400009e-04 9.513546539981631023e-01
5.252107153517935473e-02 7.930344213164687919e-03 1.103626116310853439e-03 9.384449581353453418e-01
7.319581048214765517e-02 8.694339087753332959e-03 1.369611158288710009e-03 9.167402392718102533e-01
1.069618447840902514e-01 1.013159910913333413e-02 1.804038308598675255e-03 8.811025177981777201e-01
1.610870863512736673e-01 1.272520290091780359e-02 2.476289461092171830e-03 8.237114212867164831e-01
2.440084282698608276e-01 1.710498925577010054e-02 3.342768367024079399e-03 7.355438141073451508e-01
3.499947819186464693e-01 2.233717182260839054e-02 4.228374640770802759e-03 6.234396716179742004e-01
4.595801332756076496e-01 2.830006005481165016e-02 5.290463227437864138e-03 5.068293434421429211e-01
5.570293994845231245e-01 3.260635741801752585e-02 5.540941941802693740e-03 4.048233011556567340e-01
6.340880185583827044e-01 3.653690553787696665e-02 5.339428840768790756e-03 3.240356470629712771e-01
6.884465840601660114e-01 4.225512707503534249e-02 4.967914247136868619e-03 2.643303746176617341e-01
7.182745612867945662e-01 5.210805325051939135e-02 4.761958455355268412e-03 2.248554270073310768e-01
7.254819114993468210e-01 6.756811407986540452e-02 4.905584938286932685e-03 2.020443894825006415e-01
7.154905171169407829e-01 8.767493174758116126e-02 5.301973719853639994e-03 1.915325774156247107e-01
6.888403473838727864e-01 1.141351843031177815e-01 5.969843637683618434e-03 1.910546246753258570e-01
6.405557910289247925e-01 1.500875444343736653e-01 6.762174689261791875e-03 2.025944898474400235e-01
5.611824373608343963e-01 2.008761410235516964e-01 7.677930165909992687e-03 2.302634914497037610e-01
4.600485626228216773e-01 2.625620879356178050e-01 8.402290353932180197e-03 2.689870590876282108e-01
3.636772652699963304e-01 3.251817655825651743e-01 8.535242940724052652e-03 3.026057262067145537e-01
2.861780133602478404e-01 3.844271182472254744e-01 7.616347197464744083e-03 3.217785211950620616e-01
2.258595048564320251e-01 4.390145524041034197e-01 6.065352508957424366e-03 3.290605902305072106e-01
1.769344160953184864e-01 4.846872007376036295e-01 4.991062470265913119e-03 3.333873206968115399e-01
1.392612188505649995e-01 5.082252749584684759e-01 4.342312867286500511e-03 3.481711933236799061e-01
1.130406944377485984e-01 5.005140411880153462e-01 4.274537395121857236e-03 3.821707269791144723e-01
9.712544437555410692e-02 4.625371598127461237e-01 4.887607058886790819e-03 4.354497887528128164e-01
8.809078917166890399e-02 4.036534706662478489e-01 6.196250018527447306e-03 5.020594901435558866e-01
8.246349015752031664e-02 3.389442189484551671e-01 8.036933173116697637e-03 5.705553577209078187e-01
7.863800906322013229e-02 2.833313077506898203e-01 1.006038324870370260e-02 6.279702999373866223e-01
7.729879451933653611e-02 2.456992074916485858e-01 1.201373000899893032e-02 6.649882679800157570e-01
8.089300420881878617e-02 2.277560354074160132e-01 1.411985134957079342e-02 6.772311090341943673e-01
9.196849912902120561e-02 2.254733685014178035e-01 1.692155958555681405e-02 6.656365727840040103e-01
1.111041062236474697e-01 2.318263399024539650e-01 2.062743456347249441e-02 6.364421193104257135e-01
1.382347127140550191e-01 2.417324933513322061e-01 2.521130855502159984e-02 5.948214853795912305e-01
1.741904233831236548e-01 2.523956333283386422e-01 3.090189674557964825e-02 5.425120465429580374e-01
2.166076112096483042e-01 2.610573668279823067e-01 3.752081358197045108e-02 4.848142083803989588e-01
2.597182655090036207e-01 2.658263140261405422e-01 4.441834476737888115e-02 4.300370756974767339e-01
1.642867244161769491e-01 6.851811878135275480e-01 2.349655151726766106e-03 1.481824326185685325e-01
4.327548268138425164e-02 1.295287582540308735e-01 5.159814276774186137e-01 3.112143313871661987e-01
5.671994306644586453e-02 1.888471180254988613e-01 3.231122502761699655e-01 4.313206886318853295e-01
6.718337215578079613e-02 2.399166745237764631e-01 1.965665770920645428e-01 4.963333762283783090e-01
7.742444767727692245e-02 2.712839497744699568e-01 1.316752273216810487e-01 5.196163752265723357e-01
8.748333448326761630e-02 2.806914785704164306e-01 9.952405870971967050e-02 5.323011282365962549e-01
9.885810077421440523e-02 2.730970207954265261e-01 8.229017639676231011e-02 5.457547020335967725e-01
1.127113428671169260e-01 2.581207030424957360e-01 7.126338688310136782e-02 5.579045672072864281e-01
1.291099905260774117e-01 2.437621190328298215e-01 6.237903510521773665e-02 5.647488553358748220e-01
1.470018917782022483e-01 2.341890475365469848e-01 5.404269351514368047e-02 5.647663671701074195e-01
1.645755782957796509e-01 2.313337915097955222e-01 4.580161069195885781e-02 5.582890195024657887e-01
1.797203714594601265e-01 2.362259291912455483e-01 3.776540167134265907e-02 5.462882976779517286e-01
1.916249685166604710e-01 2.486580706387164774e-01 3.073782387320812132e-02 5.289791369714149649e-01
2.014690244957620668e-01 2.650437743138663871e-01 2.584445749076587709e-02 5.076427436996059361e-01
2.093074904742394382e-01 2.772843128916440136e-01 2.339714198913792412e-02 4.900110546449784610e-01
2.138998531770281708e-01 2.787143830338876804e-01 2.301854107584980560e-02 4.843672227132346797e-01
2.141826067026171010e-01 2.700280354915245429e-01 2.426621540207101607e-02 4.915231424037871388e-01
2.114053134132785616e-01 2.561563585388830777e-01 2.698547703523080168e-02 5.054528510126076180e-01
2.095348458041323692e-01 2.417135852976794452e-01 3.137898508493371791e-02 5.173725838132543497e-01
2.118435999583160867e-01 2.307387009014581214e-01 3.775025892720874215e-02 5.196674402130171400e-01
2.188702411615811305e-01 2.261865883054796078e-01 4.640182549319706723e-02 5.085413450397422430e-01
2.293238608079189722e-01 2.304586105286030862e-01 5.741089999270975602e-02 4.828066286707682342e-01
2.414519321602579260e-01 2.466642010006224739e-01 7.020202652527648968e-02 4.416818403138432214e-01
2.514437346126239814e-01 2.767684918400570848e-01 8.381801326752552628e-02 3.879697602797930744e-01
2.518567851529531221e-01 3.188898130155962685e-01 9.791016200360143362e-02 3.313432398278493562e-01
2.412798641543225930e-01 3.656074907366674842e-01 1.117023558844518899e-01 2.814102892245582410e-01
2.224250819278007774e-01 4.080772893567064519e-01 1.277212218985614711e-01 2.417764068169313829e-01
2.018894768807277251e-01 4.382394166954826087e-01 1.480893656695928817e-01 2.117817407541968955e-01
1.820106215953088136e-01 4.558088607078227827e-01 1.710340748067556149e-01 1.911464428901125945e-01
1.644373521047096665e-01 4.654990121350457422e-01 1.895472432642628102e-01 1.805163924959816979e-01
1.500246974639947162e-01 4.741808829550235305e-01 1.961148162167445363e-01 1.796796033642368839e-01
1.384364950571957131e-01 4.834314541663781162e-01 1.908972556104556462e-01 1.872347951659704968e-01
1.292237678151685332e-01 4.904483188958840278e-01 1.783364025054865742e-01 2.019915107834611701e-01
1.210761537430821294e-01 4.939730553708008842e-01 1.612055525046686699e-01 2.237452383814481638e-01
1.128850654929321323e-01 4.924145013905011359e-01 1.406651806005652094e-01 2.540352525160014530e-01
1.042607810297690313e-01 4.820046138427162563e-01 1.185131739901999076e-01 2.952214311373149158e-01
9.538380406428094427e-02 4.567913497727374428e-01 9.912677721748927584e-02 3.486980689454923232e-01
8.666134653664542276e-02 4.141077066654592076e-01 8.621123307165368121e-02 4.130197137262419660e-01
7.821328920223392933e-02 3.606186082501329215e-01 7.951688350086101587e-02 4.816512190467722165e-01
7.029474951855904652e-02 3.069821352676281867e-01 7.691689105941734717e-02 5.458062241543952808e-01
6.273787122976438868e-02 2.587336439360669593e-01 7.700408116891030441e-02 6.015244036652583892e-01
5.514754771392927496e-02 2.168779019540477415e-01 7.870864015993844776e-02 6.492659101720846815e-01
4.756501238272430043e-02 1.818206148387659926e-01 8.087754678567708744e-02 6.897368259928323697e-01
4.044853457233891364e-02 1.531820703618048951e-01 8.328487431827703846e-02 7.230845207475791181e-01
3.447807368871928790e-02 1.300617431706114768e-01 8.620938773399146327e-02 7.492507954066776055e-01
3.014105992919586044e-02 1.121944072327883540e-01 8.837845731756098500e-02 7.692860755204546930e-01
2.747856985434197347e-02 9.904621137613073278e-02 8.765588992591773210e-02 7.858193288436097212e-01
2.613920131746234193e-02 8.906161078607759130e-02 8.375696729363711623e-02 8.010422206028230407e-01
2.570615968729684717e-02 8.102209148861531929e-02 7.835426733023460877e-02 8.149174814938531242e-01
2.570224867734845556e-02 7.449776684051599707e-02 7.330101317884860079e-02 8.264989713032869778e-01
2.573891804561501129e-02 6.945190235906545384e-02 6.973882845249126938e-02 8.350703511428281267e-01
2.604589028865979955e-02 6.677875142200748182e-02 6.789603626905575673e-02 8.392793220202773297e-01
2.760503247044402211e-02 6.862855032890827212e-02 6.703768354857748968e-02 8.367287336520702334e-01
3.156062767334287533e-02 7.771331845145190709e-02 6.562260738403623284e-02 8.251034464911688460e-01
3.827969747628767044e-02 9.585503111824737743e-02 6.298073260124591177e-02 8.028845388042192832e-01
4.715295344429441121e-02 1.237311121730270136e-01 5.988829441833948275e-02 7.692276399643389606e-01
5.671772954893408020e-02 1.613822042055056694e-01 5.703795316740638277e-02 7.248621130781541799e-01
6.450412539861750949e-02 2.071547366329383189e-01 5.480993150148547738e-02 6.735312064669587429e-01
6.772583321168502979e-02 2.570202404596855783e-01 5.336326746229347329e-02 6.218906588663356549e-01
6.524704232216957389e-02 3.047449141463506317e-01 5.312643171576660051e-02 5.768816118157132911e-01
5.900170603837694844e-02 3.437244195119226187e-01 5.511082292620059914e-02 5.421630515235000836e-01
5.186321831376414920e-02 3.686051654824396562e-01 6.037649827458715229e-02 5.191551179292093199e-01
4.560663607654134172e-02 3.776436357259892462e-01 6.911101810648490051e-02 5.076387100909844907e-01
4.102695540704907190e-02 3.731827388505147280e-01 7.984564047833610234e-02 5.059446652641002018e-01
3.813437202159038891e-02 3.590280516544285816e-01 8.945688473088150849e-02 5.133806915930994030e-01
3.690355187731073072e-02 3.374828082690400355e-01 9.609416706616630277e-02 5.295194727874826812e-01
3.707001357984072293e-02 3.080229020653799665e-01 1.013059572384108903e-01 5.536011271163686631e-01
3.808957442669382021e-02 2.684463724633515125e-01 1.086189023585763941e-01 5.848451507513785508e-01
3.979424639276792769e-02 2.202009433430543728e-01 1.215388051717137957e-01 6.184660050924638552e-01
4.179958548966723059e-02 1.708180182408023107e-01 1.418053171089250775e-01 6.455770791606053605e-01
4.342608393169109654e-02 1.264315762000480237e-01 1.673148189691691101e-01 6.628275208990916934e-01
4.347488173710360032e-02 9.180858159784205386e-02 1.891862041358264024e-01 6.755303325292277838e-01
3.301456734335829757e-01 9.116737737008974440e-02 4.437503340748116809e-01 1.349366151215153631e-01
6.973369441954037073e-01 6.787160094169991664e-02 9.231962965493815954e-02 1.424718252079582304e-01
6.950727875191113903e-01 6.196748274844716270e-02 9.666968116637333908e-02 1.462900485660680594e-01
6.683148516706238773e-01 6.086059342641197967e-02 1.088081192044192680e-01 1.620164356985448473e-01
6.129976044088292220e-01 6.478299157098788008e-02 1.320815422333424805e-01 1.901378617868404730e-01
5.304548736988824453e-01 7.145599415717618363e-02 1.725997650564694841e-01 2.254893670874719425e-01
4.234653455356410245e-01 7.676034859839601932e-02 2.411978201305299552e-01 2.585764857354332369e-01
3.011264935219272743e-01 7.646385437221386860e-02 3.463406759775848887e-01 2.760689761282741905e-01
1.892685671234247691e-01 6.869860990315464211e-02 4.777105054075100887e-01 2.643223175659108470e-01
1.092723720108790264e-01 5.551168700804587353e-02 6.108205271882500842e-01 2.243954137928251269e-01
5.904631223815606095e-02 3.977863310618749704e-02 7.307365012617277333e-01 1.704385533939289099e-01
2.981102082221340210e-02 2.497605853438563533e-02 8.283528046557800950e-01 1.168601159876209716e-01
1.544530404523001416e-02 1.514978858396697631e-02 8.911877390201018434e-01 7.821716835070133267e-02
9.766590804870561165e-03 1.063004370920333369e-02 9.198747106088941417e-01 5.972865487703196696e-02
8.322231800143187197e-03 9.613742240799558886e-03 9.242024850863381769e-01 5.786154087271890706e-02
9.564192959153276774e-03 1.123271791275343677e-02 9.076742586837371896e-01 7.152883044435601190e-02
1.331641398623040554e-02 1.498823289320391078e-02 8.705128385649076872e-01 1.011825145556579236e-01
1.876681623440203811e-02 1.882646529409415237e-02 8.236313108028064933e-01 1.387754076686975591e-01
2.432756071594026348e-02 2.051242168465953683e-02 7.836778997866159502e-01 1.714821178127843015e-01
2.984243611085459630e-02 2.061967770335331254e-02 7.505046754863052838e-01 1.990332106994868455e-01
3.641655963188098616e-02 2.076510294330076792e-02 7.106801614051033722e-01 2.321381760197148980e-01
4.436851471552598347e-02 2.141595103498325492e-02 6.533517937843860146e-01 2.808637404651045388e-01
5.243868284534275448e-02 2.209540252192763315e-02 5.752348645193383625e-01 3.502310501133915066e-01
5.803321762458113486e-02 2.215272780610853809e-02 4.830649593530135233e-01 4.367490952162969564e-01
5.894664545425159358e-02 2.156868617418293554e-02 3.935333791685283744e-01 5.259512892030369091e-01
5.543319901450976389e-02 2.110388849387354049e-02 3.238103877614962323e-01 5.996525247301205397e-01
4.911887661938067057e-02 2.129372727033433665e-02 2.805256716141792950e-01 6.490617244961054411e-01
4.114233134601876646e-02 2.202500378660997987e-02 2.624406772573276148e-01 6.743919876100437083e-01
3.245338814381678455e-02 2.304450373022753906e-02 2.697267937718316189e-01 6.747753143541244114e-01
2.405054744719768711e-02 2.422629972103357981e-02 3.059436401849752740e-01 6.457795126467934521e-01
1.666293139592017053e-02 2.552918842500661797e-02 3.704969849594386688e-01 5.873108952196347543e-01
1.076235390134482224e-02 2.725039451381594882e-02 4.434217064740108016e-01 5.185655451108287517e-01
6.763367056411234354e-03 3.087435278077401216e-02 4.856646637305621073e-01 4.766976164322527243e-01
4.483587312868758494e-03 3.886169338797693107e-02 4.690382402102888926e-01 4.876164790888650735e-01
3.330293517507759964e-03 5.272251926883274320e-02 3.941014545889318099e-01 5.498457326247276900e-01
2.814590423344578637e-03 7.035844374461919237e-02 2.892671685697308370e-01 6.375597972623057164e-01
2.474503735667247899e-03 8.793061038336674740e-02 1.924724471679459536e-01 7.171224387130200606e-01
2.087104201488734333e-03 1.080943129208124243e-01 1.219139262345778907e-01 7.679046566431211307e-01
1.894511043101166064e-03 1.410793107047330908e-01 7.805221805740268637e-02 7.789739601947627268e-01
2.021749647941072092e-03 1.909412814856396023e-01 5.289539484638657030e-02 7.541415740200327900e-01
2.431725478060427215e-03 2.518197969683378390e-01 3.833149271853116685e-02 7.074169848350705392e-01
3.205835670447369258e-03 3.159278806955354568e-01 2.996335651733404368e-02 6.509029271166831832e-01
4.543214701678249638e-03 3.751555834780720411e-01 2.537672596549394449e-02 5.949244758547557188e-01
6.688025786502344375e-03 4.250737368307445641e-01 2.286345135363904851e-02 5.453747860291138227e-01
1.012925338933574719e-02 4.639986889715248530e-01 2.180116745926020949e-02 5.040708901798792718e-01
1.619255154618060369e-02 4.868391491649748937e-01 2.297565871819531175e-02 4.739926405706491597e-01
2.731685806751529833e-02 4.905943007699704594e-01 2.722455980772468115e-02 4.548642813547895125e-01
4.570360486777669262e-02 4.822408799401279866e-01 3.690976727267918783e-02 4.351457479194161260e-01
7.394415026444899064e-02 4.702319277938213915e-01 5.082298943949323938e-02 4.050009325022362883e-01
1.103656432722555231e-01 4.619203893823330964e-01 6.781023612333932082e-02 3.599037312220724205e-01
1.484421033761151587e-01 4.616552539595677462e-01 8.468204166615481143e-02 3.052206009981626722e-01
1.796456308914473610e-01 4.703505519751073338e-01 9.842951798127193286e-02 2.515742991521733307e-01
1.970820280001564506e-01 4.876660799638080079e-01 1.078856937519637044e-01 2.073661982840717677e-01
1.989917124947951088e-01 5.134048816643731472e-01 1.126767332548294503e-01 1.749266725860026961e-01
1.897679133998186052e-01 5.476949388815792741e-01 1.107812470946522992e-01 1.517559006239501407e-01
1.764029689415227697e-01 5.877701307095657413e-01 1.009705649249828807e-01 1.348563354239285250e-01
1.654220032999777490e-01 6.236958729532693368e-01 8.780433326063329103e-02 1.230777904861197064e-01
1.613026552398566238e-01 6.444284764302303792e-01 7.728028049682035550e-02 1.169885878330921419e-01
1.660426579929222546e-01 6.449607063200569756e-01 7.146129913297832870e-02 1.175353365540423578e-01
1.785042822992173317e-01 6.278560098395111755e-01 6.945374099449629079e-02 1.241859668667750077e-01
1.945558735067161316e-01 6.025859107429289985e-01 6.882439850704627493e-02 1.340338172433088726e-01
2.109078609855623010e-01 5.773037480792105880e-01 6.737866853766878716e-02 1.444097223975586153e-01
2.263811238158855155e-01 5.538084065424141444e-01 6.500779566130493459e-02 1.548026739803952945e-01
2.395365796883846266e-01 5.329157035001494958e-01 6.249167964008071202e-02 1.650560371713851726e-01
2.488612968552445515e-01 5.173949815906518923e-01 5.984118953839941135e-02 1.739025320157043253e-01
2.550670009978200370e-01 5.068463055302242504e-01 5.705555112570526166e-02 1.810311423462503955e-01
2.607586594720952000e-01 4.965058229589884853e-01 5.478000178892974276e-02 1.879555157799863985e-01
2.673286567371366829e-01 4.831425484741748155e-01 5.355971145784813731e-02 1.959690833308402880e-01
2.746472536787061824e-01 4.666299827702869440e-01 5.367055193681993103e-02 2.050522116141867413e-01
2.824940490279324035e-01 4.475556423007742146e-01 5.541131257543507188e-02 2.145389960958584419e-01
2.900123230357538051e-01 4.278404660920415159e-01 5.863963903387488935e-02 2.235075718383292831e-01
2.963976566562587789e-01 4.101387377781522958e-01 6.250805744360350691e-02 2.309555481219854045e-01
5.308808769379806669e-02 2.196351052882183075e-01 3.756309573429217948e-03 7.235204974445542669e-01
5.292526241690370670e-02 2.346906221898230060e-01 3.392280182203525393e-03 7.089918352110697874e-01
5.629455335572192132e-02 2.442742924897750023e-01 3.210004365161081303e-03 6.962211497893421308e-01
6.249030289751096590e-02 2.498558507618549307e-01 3.111177345986790993e-03 6.845426689946471077e-01
7.045312506376251449e-02 2.551478458108411007e-01 3.004925615067202335e-03 6.713941035103289101e-01
8.084836438188700014e-02 2.623305035126086704e-01 2.919333910648198860e-03 6.539017981948558322e-01
9.544893356374432869e-02 2.679445035356526339e-01 2.956590078115776694e-03 6.336499728224872507e-01
1.137441628529061027e-01 2.667251185975049177e-01 3.210250922321257125e-03 6.163204676272677762e-01
1.369659197447386512e-01 2.552719582525468378e-01 3.772554151816393236e-03 6.039895678508981902e-01
1.634365860237572965e-01 2.377398787185666940e-01 4.657743124459893559e-03 5.941657921332160752e-01
1.953287540184667215e-01 2.199281389297710609e-01 5.663186196171137235e-03 5.790799208555906796e-01
2.381037526206010446e-01 2.109780975191609675e-01 6.443017050160034648e-03 5.444751328100778665e-01
3.046158264372487157e-01 2.107217726086412224e-01 6.647033350625904287e-03 4.780153676034843424e-01
3.961578618651915296e-01 2.102226777739020780e-01 6.229762192452325577e-03 3.873896981684540330e-01
4.978285457914746748e-01 2.007610450559189352e-01 5.406448498909813966e-03 2.960039606536964407e-01
5.895381843609013295e-01 1.855692628737401484e-01 4.449995359173576290e-03 2.204425574061848470e-01
6.616385581168139352e-01 1.713682761111077479e-01 3.578896415818283265e-03 1.634142693562602722e-01
7.171690645056030267e-01 1.594921038414705283e-01 2.900342786239029375e-03 1.204384888666872044e-01
7.620929459494538705e-01 1.476137720424777200e-01 2.393893222768359551e-03 8.789938878529997279e-02
7.916191689081439886e-01 1.402459347035486248e-01 2.175298973249112800e-03 6.595959741505842688e-02
8.047582517830902393e-01 1.398736107328732436e-01 2.171903055210272753e-03 5.319623442882626119e-02
8.037514215271180928e-01 1.476592919967919804e-01 2.267926442789222358e-03 4.632136003330068752e-02
7.900593748788500292e-01 1.648436355377279616e-01 2.406125154740184919e-03 4.269086442868182119e-02
5.777199554088957578e-01 1.900813815369764848e-01 1.384461147241927981e-01 9.375254832993473730e-02
5.979278340042636364e-01 1.993086106571590188e-01 1.113609916779910447e-01 9.140256366058653603e-02
6.235746946625930764e-01 2.013764585175521760e-01 8.586248895007948800e-02 8.918635786977539837e-02
6.516145596419613550e-01 1.968104513929806454e-01 6.424275426117516397e-02 8.733223470388311316e-02
6.770520926896331781e-01 1.892939788137280033e-01 4.701186179092394640e-02 8.664206670571511504e-02
6.944688864094106240e-01 1.835831470106468188e-01 3.384356969494215633e-02 8.810439688500044941e-02
6.990862014605730979e-01 1.841944161071624453e-01 2.407804337978331974e-02 9.264133905248123080e-02
6.871007666580265516e-01 1.952173612747428177e-01 1.690208373334340861e-02 1.007797883338874684e-01
6.554771532693373093e-01 2.209701749107718660e-01 1.158522038608284302e-02 1.119674514338082072e-01
6.028936124535702046e-01 2.652529472601743432e-01 7.740810487292984488e-03 1.241126297989622873e-01
5.331742660131364442e-01 3.258493799427654158e-01 5.331613529276488760e-03 1.356447405148213381e-01
4.676425667460694657e-01 3.813347860337009676e-01 4.060393511527453023e-03 1.469622537087026115e-01
4.143877040520977384e-01 4.192612540922877606e-01 3.619010042578632656e-03 1.627320318130361099e-01
3.679636840334642445e-01 4.382620267781532353e-01 3.794574908934721102e-03 1.899797142794478200e-01
3.189739827364298508e-01 4.416225798235789424e-01 4.459734409434266793e-03 2.349437030305571716e-01
2.647144072569837525e-01 4.269739348641881094e-01 5.760186557057621858e-03 3.025514713217703489e-01
2.097196266898000427e-01 3.910909122491702528e-01 6.817936661645398327e-03 3.923715243993845525e-01
1.598162523621060038e-01 3.390146236837936478e-01 8.269869071842971681e-03 4.928992548822573316e-01
1.209818550338360443e-01 2.818597562017581826e-01 9.718460142410172142e-03 5.874399286219956773e-01
9.341329510338744480e-02 2.303457866010066302e-01 1.132606543958972721e-02 6.649148528560165916e-01
7.328928505568323148e-02 1.905035504225527920e-01 1.340876637396226471e-02 7.227983981478016684e-01
5.887927095305129505e-02 1.614281920757198174e-01 1.610216775149951249e-02 7.635903692197297810e-01
4.791906965867783613e-02 1.403950431475289307e-01 1.939026150104594670e-02 7.922956256927472518e-01
3.928997773984645864e-02 1.245411311607050042e-01 2.371883025275423398e-02 8.124500608466944662e-01
3.269094821149812896e-02 1.120230129699386484e-01 3.041249717913664663e-02 8.248735416394267217e-01
2.847872608535756064e-02 1.039949869629439722e-01 4.100120635565643323e-02 8.265250805960421276e-01
2.631480622921146539e-02 1.010237422232261595e-01 5.495165134493247561e-02 8.177098002026297330e-01
2.504978443358839638e-02 9.950865735538982904e-02 6.841522890811790880e-02 8.070263293029040774e-01
2.358632902177926552e-02 9.334762756070709433e-02 7.885312469977547034e-02 8.042129187177383676e-01
2.185485400364302333e-02 8.012646935659105407e-02 9.028226666243317766e-02 8.077364099773324257e-01
2.060047590783896723e-02 6.360265923557958945e-02 1.108232885920602401e-01 8.049735762645212622e-01
2.078226869597284837e-02 4.803504250071298498e-02 1.472247267961258044e-01 7.839579620071882582e-01
2.037091306770550531e-02 3.667324754557605565e-02 1.997413390191393745e-01 7.432145003675791894e-01
2.114384382665525017e-02 2.919629253363907606e-02 2.571385612077711214e-01 6.925213024319345489e-01
2.255207033033368794e-02 2.531967779645083461e-02 3.017126306813175951e-01 6.504156211918975528e-01
2.473894182267475511e-02 2.382211252074328475e-02 3.261892141196991446e-01 6.252497315368827913e-01
2.801128195977506743e-02 2.355083468797519036e-02 3.387211688196340442e-01 6.097167145326156668e-01
3.290110848539641586e-02 2.375049714788288538e-02 3.514732815634502017e-01 5.918751128032702091e-01
3.982082919713927222e-02 2.388856144506781853e-02 3.734142671362409294e-01 5.628763422215521395e-01
4.871448733034263595e-02 2.345052501923597377e-02 4.109800424207660230e-01 5.168549452296554714e-01
5.618953521451989369e-02 2.148829298020269937e-02 4.728000879411802804e-01 4.495220838640971439e-01
6.308493249197859309e-02 1.862849901552384932e-02 5.541894745553863633e-01 3.640970939371114268e-01
6.620435340707075955e-02 1.527740564833228454e-02 6.428370362817968919e-01 2.756812046628001056e-01
6.666434143218179231e-02 1.230885710811416983e-02 7.205181692581315023e-01 2.005086322015723344e-01
6.483090818263027855e-02 9.760089597565106342e-03 7.790951587933453437e-01 1.463138434264591170e-01
6.311268676924175480e-02 8.251857964903581977e-03 8.181020825393033880e-01 1.105333727265514071e-01
6.010692164224357148e-02 6.910052361885596871e-03 8.453963056105044949e-01 8.758672038536627347e-02
5.692586097891611657e-02 5.888674626813158661e-03 8.639694405423273826e-01 7.321602385194282692e-02
5.401843130671480503e-02 5.126769939111777696e-03 8.760175151023955609e-01 6.483728365177797437e-02
5.177554497958656438e-02 4.591676343229820698e-03 8.823990916537098883e-01 6.123368702347375958e-02
5.056164291395795485e-02 4.277280030813861503e-03 8.829484462811707512e-01 6.221263077405723985e-02
5.071486156881163665e-02 4.186958409317505410e-03 8.767933535217569130e-01 6.830482650011387991e-02
5.242785200731249484e-02 4.318019800424894965e-03 8.625798225762142390e-01 8.067430561604876926e-02
5.613008538521801344e-02 4.624635080302831429e-03 8.377087365866151547e-01 1.015365429478640030e-01
5.886417736023243780e-02 5.093357037276662405e-03 8.008799730290357966e-01 1.351624925734550287e-01
6.385949197717766257e-02 5.953767611912207970e-03 7.408661170806150054e-01 1.893206233302952568e-01
6.634824350187829012e-02 6.821222284553316723e-03 6.539909044403100502e-01 2.728396297732585407e-01
6.514460679465096382e-02 7.698822222037039927e-03 5.375179159831633413e-01 3.896386550001484927e-01
5.999655831561676034e-02 8.627923318810813702e-03 4.018188493615474366e-01 5.295566690040247604e-01
5.263893367064306772e-02 9.913908117123261532e-03 2.712115206089427688e-01 6.662356376032909644e-01
4.506735761973386378e-02 1.196105336331979192e-02 1.685320548092416881e-01 7.744395342077046163e-01
3.827135158111773239e-02 1.487509431931270838e-02 9.910751446306981238e-02 8.477460396364999706e-01
3.319590694533510605e-02 1.853972167618386097e-02 5.677165941296244411e-02 8.914927119655187138e-01
3.066153403225613597e-02 2.383189705019289617e-02 3.296018272764209001e-02 9.125463861899087981e-01
3.044209969845585242e-02 3.340005299435370306e-02 2.028072921612769641e-02 9.158771180910626475e-01
3.204625816716550474e-02 5.195308738907145063e-02 1.365020503256493371e-02 9.023504494111983520e-01
3.490006987219904794e-02 8.705834599806171192e-02 9.905084781786822543e-03 8.681364993479524506e-01
3.816780966225288840e-02 1.521842114637421139e-01 7.470996721092828391e-03 8.021769821529117772e-01
4.042483600508389729e-02 2.660677464707803530e-01 5.621301570097739404e-03 6.878861159540381465e-01
3.961988428645440985e-02 4.305093993231459137e-01 4.094040976540511828e-03 5.257766754138591958e-01
3.545441854247181890e-02 6.006738370379844927e-01 2.964292397986978758e-03 3.609074520215568849e-01
3.114947123436954263e-02 7.223916180056637604e-01 2.383893794089737318e-03 2.440750169658766344e-01
2.970813723341857518e-02 7.832845943628413687e-01 2.430063365255470936e-03 1.845772050384844043e-01
3.160445670457076583e-02 7.999865190620640831e-01 3.240905318543500259e-03 1.651681189148218876e-01
3.568939057138542648e-02 7.916642250766843247e-01 5.193975334569793725e-03 1.674524090173604707e-01
4.023116243664050934e-02 7.727417912212660722e-01 8.927637025872103491e-03 1.780994093162213410e-01
4.418718105719452588e-02 7.501471667208109428e-01 1.541734000997757245e-02 1.902483122120174064e-01
4.747855431423047418e-02 7.251341735934988542e-01 2.577208552485805299e-02 2.016151865674126742e-01
5.017764352122319055e-02 6.990499267859927590e-01 3.982599332975517853e-02 2.109464363630288997e-01
5.213595912653195413e-02 6.761099059057050775e-01 5.440810541321449562e-02 2.173460295545484589e-01
5.337444399444683102e-02 6.612197941752250285e-01 6.389833385905092922e-02 2.215074279712774541e-01
5.441809850248555819e-02 6.546494911370632774e-01 6.456873815768217340e-02 2.263636722027690118e-01
5.603072503635986301e-02 6.493263447052253223e-01 5.877410153650766689e-02 2.358688287219067592e-01
5.836926361521483503e-02 6.345653152880397219e-01 5.228591288921296404e-02 2.547795082075322015e-01
6.059537991670829044e-02 6.043684309773498242e-01 4.819953236493745852e-02 2.868366567410044476e-01
6.103361918564961797e-02 5.601054864813350687e-01 4.611160099204395652e-02 3.327492933409710862e-01
5.787696777443757101e-02 5.059786465886194629e-01 4.475693089618971998e-02 3.913874547407535376e-01
5.103881191232016723e-02 4.477054735503515626e-01 4.285124214542904153e-02 4.584044723918992426e-01
4.307207678573052312e-02 3.930234445837479385e-01 3.944850269874754928e-02 5.244559759317738434e-01
