2.756032468781366082e-02 1.696731805991187961e-02 4.331874579975490969e-01 5.222848992547252100e-01
3.433842742042094581e-02 3.963645340083936375e-02 5.773847515268625691e-02 8.682866440260534890e-01
2.658580737782484382e-02 4.158140657402498164e-02 5.432940868237853826e-02 8.775033773657722191e-01
2.239192250695386938e-02 4.619777013694885415e-02 5.308330931947594089e-02 8.783269980366213980e-01
2.034307807114320646e-02 5.277085392199616642e-02 5.354111339791018526e-02 8.733449546089501192e-01
1.960791780689744718e-02 5.979111918979590490e-02 5.594400885555978614e-02 8.646569541477471255e-01
1.976807391755213555e-02 6.541907061698180870e-02 6.180556486795505539e-02 8.530072905975106812e-01
2.106190448905980242e-02 6.979338729991461932e-02 7.341295789794154147e-02 8.357317503130842207e-01
2.381706177732651614e-02 7.450407026695651802e-02 9.255214904122976982e-02 8.091267189144868421e-01
2.745379373776257390e-02 7.993297060051375580e-02 1.194809160439521956e-01 7.731323196177715129e-01
3.118613896987099815e-02 8.445666903455004149e-02 1.526435842048812497e-01 7.317136077906977176e-01
3.252091764998686629e-02 9.013145845351297480e-02 1.847693749082304493e-01 6.925782489882694737e-01
3.196075293694411457e-02 9.847080649092929128e-02 2.045841206578968285e-01 6.649843199142295713e-01
3.043889114322447312e-02 1.128324594357864030e-01 2.063531822926981119e-01 6.503754671282913069e-01
2.827084462307232968e-02 1.366786351460883842e-01 1.919941728308941775e-01 6.430563473999449942e-01
2.565345797143623804e-02 1.769510662103684628e-01 1.624237073742030579e-01 6.349717684439922794e-01
2.297019661349039218e-02 2.405306843672803119e-01 1.268157367088662002e-01 6.096833823103628980e-01
1.940912932088434406e-02 3.293871553239007266e-01 9.715412853959369543e-02 5.540495868156213310e-01
1.603380548588773796e-02 4.264524803598404579e-01 7.940277176172322315e-02 4.781109423925485324e-01
1.222577917319223051e-02 5.187002931103046333e-01 6.964267124505819917e-02 3.994312564714448399e-01
9.207454512448294201e-03 6.015261840058221399e-01 6.414048307422347273e-02 3.251258784075061192e-01
6.295370483744419307e-03 6.767787026187684907e-01 5.923543295401161729e-02 2.576904939434753183e-01
4.463076694151662215e-03 7.481877021346143852e-01 5.029115592849552063e-02 1.970580652427385282e-01
3.320155188223630240e-03 8.188656448658711007e-01 3.653527416696238095e-02 1.412789257789428266e-01
2.526229363485986163e-03 8.832367965335841120e-01 2.204926156989025013e-02 9.218771253303954805e-02
1.895466069023454435e-03 9.319190090933653359e-01 1.145820065931094436e-02 5.472732417830018792e-02
1.356474949998456945e-03 9.631065310055280104e-01 5.460183397251987779e-03 3.007681064722153227e-02
9.440713463273317160e-04 9.805378703563693010e-01 2.511687530608041740e-03 1.600637076669539707e-02
7.013707094312453998e-04 9.889762556462990961e-01 1.188373771108728900e-03 9.133999873160618746e-03
2.833091343956128916e-05 9.932045349667514289e-01 4.641283901516987751e-04 6.303005729657413896e-03
7.108255150057252387e-04 9.933438914732933833e-01 4.579000756244099089e-04 5.487382936076368178e-03
8.545638496161796259e-04 9.932128356797496060e-01 4.220109771202542356e-04 5.510589493513818986e-03
9.754713837380000335e-04 9.926994038220936512e-01 4.733550858387278464e-04 5.851769708329727926e-03
1.175949682105497003e-03 9.912452089332310923e-01 6.733647594346981510e-04 6.905476625228645568e-03
1.745287673858987370e-03 9.872923139072594667e-01 1.265630041605035833e-03 9.696768377276489270e-03
3.243253130847112420e-03 9.780946966729322511e-01 2.924637217551701376e-03 1.573741297866906863e-02
6.770927694397976121e-03 9.594857831164546047e-01 7.211591100714950971e-03 2.653169808843267377e-02
1.397492436106931475e-02 9.273072084886534450e-01 1.677805615372773146e-02 4.193981099654946199e-02
2.554902561797108007e-02 8.807628213667294537e-01 3.472838614423368747e-02 5.895976687106548042e-02
4.234599048462730358e-02 8.180157223027539892e-01 6.591835365143085268e-02 7.371993356118791696e-02
6.303145210886484939e-02 7.396136119390926966e-01 1.141804839227171242e-01 8.317445202932549631e-02
8.442380585126060821e-02 6.507195571071486828e-01 1.784645806349246522e-01 8.639205640666580699e-02
1.029398109584925558e-01 5.579822020511887581e-01 2.554628186787892830e-01 8.361516831152911167e-02
1.160095497054883656e-01 4.628733367953967726e-01 3.460203771064823131e-01 7.509673639263249323e-02
1.195745634100675303e-01 3.638643770039877157e-01 4.550681324895246016e-01 6.149292709642023569e-02
1.110092613619154678e-01 2.600307105582673195e-01 5.845949617660343156e-01 4.436506631378264037e-02
9.187830174653963122e-02 1.673174629005488578e-01 7.123393290125503707e-01 2.846490634036142470e-02
7.289071840192229423e-02 1.081014495885307958e-01 8.002271466845140013e-01 1.878068532503260682e-02
6.072333972663663398e-02 7.782471701490735472e-02 8.471047009454502064e-01 1.434724231300568524e-02
5.303829244998398140e-02 6.351110846258728460e-02 8.709555375119849563e-01 1.249506157544362853e-02
4.926229243686146286e-02 5.941511614909530253e-02 8.790321969092356191e-01 1.229039450480772303e-02
5.089686985776366301e-02 6.496990069544246460e-02 8.700551000681170377e-01 1.407812937867679477e-02
5.768156436034356516e-02 7.887438107068492354e-02 8.453584375791366456e-01 1.808561698983500096e-02
6.552157603099227623e-02 9.483968829751010521e-02 8.165197855389098036e-01 2.311895013258801618e-02
7.042412887979783431e-02 1.057496053213319714e-01 7.961463397498556027e-01 2.767992604901487949e-02
7.094423141279861122e-02 1.083747047179929313e-01 7.894130597749297040e-01 3.126800409427894084e-02
6.656079081764454397e-02 1.026793221358888036e-01 7.971731092785622197e-01 3.358677776790467556e-02
5.722457935637890319e-02 9.069800498492079643e-02 8.181294358939463773e-01 3.394797976475432549e-02
4.425893042914089831e-02 7.555084105765551283e-02 8.484375463886929536e-01 3.175268212451087119e-02
3.111753179512925099e-02 6.147798879533579453e-02 8.795882607845706413e-01 2.781621862496437905e-02
2.124142984903342607e-02 5.281598784559915494e-02 9.016126655281970770e-01 2.432991677717028997e-02
1.544626145992019674e-02 5.227353051888190827e-02 9.091527829013233974e-01 2.312742511987488092e-02
1.262520761990161555e-02 6.149466347357337992e-02 9.009830711600486097e-01 2.489705774647621786e-02
1.157969737884776903e-02 8.279056226231115700e-02 8.756872108072702998e-01 2.994252955157074986e-02
1.151793184323734315e-02 1.168104800156679335e-01 8.331922332646205520e-01 3.847935487647422687e-02
1.157088045726056835e-02 1.537173209543178931e-01 7.858063994573515343e-01 4.890539913106997649e-02
1.075760994151747814e-02 1.744917815270626837e-01 7.576417690282797324e-01 5.710883950314008667e-02
9.173393069749329748e-03 1.726581423087393818e-01 7.566013457525232466e-01 6.156711886898780933e-02
7.995604470910973316e-03 1.619284664609126345e-01 7.631809286043841345e-01 6.689500046379230624e-02
7.737548065407997069e-03 1.563015577003118439e-01 7.578182389963510346e-01 7.814265523792905677e-02
8.199264457284818897e-03 1.595011524861345287e-01 7.344208587191981552e-01 9.787872433738281641e-02
9.207494427530826808e-03 1.702477526814663855e-01 6.919315008098045894e-01 1.286132520811978930e-01
1.137253758187773689e-01 3.162609310629093118e-01 3.285116000123751712e-01 2.415020931059381759e-01
4.383184150505184951e-01 9.875296952459751421e-02 4.040548641130899121e-02 4.225231290135748052e-01
4.075832362970666645e-01 9.238652860445357995e-02 4.261482749615439630e-02 4.574154076023252413e-01
3.731165124111704423e-01 8.471599539893080733e-02 4.615919147170857023e-02 4.960083007181900205e-01
3.345671276163461050e-01 7.581036763880501239e-02 4.985277132820239293e-02 5.397697334166462468e-01
2.902151929678994935e-01 6.812765938162061718e-02 5.357341002586463868e-02 5.880837376246152992e-01
2.436499908156741223e-01 6.339427442488032582e-02 5.628159314588433021e-02 6.366741416135611731e-01
2.021151995762679732e-01 6.271910499908478487e-02 5.669201161122647270e-02 6.784736838134206582e-01
1.690693897546346192e-01 6.643407334486010896e-02 5.368590471783955820e-02 7.108106321826658247e-01
1.428223918196726006e-01 7.388603721713181416e-02 4.766273229237323605e-02 7.356288386708224047e-01
1.211287179918209833e-01 8.245910828681501936e-02 4.106185104472277053e-02 7.553503226766411505e-01
1.052347029942779372e-01 8.968161041945685308e-02 3.638439890469918198e-02 7.686992876815659237e-01
9.820365433034390634e-02 9.592155548795731901e-02 3.450918153681340611e-02 7.713656086448854587e-01
1.015027489385341014e-01 1.018091260797695935e-01 3.536447349380991700e-02 7.613236514878862771e-01
1.157691653956822719e-01 1.084731896914095661e-01 3.805600246632583755e-02 7.377016424465824285e-01
1.419528049960215865e-01 1.194211001134081740e-01 4.035780448537913678e-02 6.982682904051912276e-01
1.784016192180256921e-01 1.386823409955603159e-01 3.925252896495300126e-02 6.436635108214612266e-01
2.169769039460317239e-01 1.671393716756857661e-01 3.372213539291676887e-02 5.821615889853657411e-01
2.482613263429795936e-01 2.004867351436755984e-01 2.643337169561595090e-02 5.248185668177285379e-01
2.696823294469447574e-01 2.304120624005500384e-01 2.045046737836573800e-02 4.794551407741394211e-01
2.843113249500258122e-01 2.499218483125161538e-01 1.680445290636346442e-02 4.489623738310943857e-01
2.929340645945177068e-01 2.571206061700599399e-01 1.514491050540272242e-02 4.348004187300197332e-01
2.914952142532717949e-01 2.523582227044905424e-01 1.481449420508770473e-02 4.413320688371499267e-01
2.759865791214591302e-01 2.347951216805596319e-01 1.528060598228526100e-02 4.739376932156958988e-01
2.453685049668852536e-01 2.057402080286263035e-01 1.586961146921467281e-02 5.330216755352737978e-01
2.032037937274188133e-01 1.707483768408422642e-01 1.532471360037511790e-02 6.107231158313636277e-01
1.566163308977620849e-01 1.354326890109565917e-01 1.259854724319366993e-02 6.953524328480876759e-01
1.140686273972963127e-01 1.027125493952484592e-01 8.532874315618334607e-03 7.746859488918368397e-01
8.247035225244937762e-02 7.529547257986597686e-02 5.032793373535788053e-03 8.372013817941486025e-01
6.248938501125356204e-02 5.429100924155869090e-02 2.986035506351311306e-03 8.802335702408365936e-01
4.938647658397029433e-02 3.751438406947211340e-02 2.001063292589259652e-03 9.110980760539681977e-01
3.941338824737872920e-02 2.399035860497070530e-02 1.507233993772543823e-03 9.350890191538784313e-01
3.134949247454037885e-02 1.486886047806996840e-02 1.253408963894616377e-03 9.525282380834951823e-01
2.686587855781065806e-02 8.761220800694566324e-03 1.054572268488268441e-03 9.633183283730065716e-01
2.569136087562165147e-02 5.831684718217823929e-03 9.480368922432644892e-04 9.675289175139173414e-01
2.847765429127491893e-02 4.772942185082462013e-03 9.383419047325966544e-04 9.658110616189097275e-01
3.650075801795334834e-02 4.826891526763879732e-03 1.044561555753525939e-03 9.576277888995292642e-01
5.129115814820444513e-02 5.533576034484064161e-03 1.268825612423119063e-03 9.419064402048884510e-01
7.403531334068368108e-02 6.527318218533842767e-03 1.601668370738237954e-03 9.178357000700440027e-01
1.064896621286889750e-01 7.741067432034985825e-03 2.049406268756952167e-03 8.837198641705190649e-01
1.507429145515970792e-01 9.380927678611584303e-03 2.618164471897813008e-03 8.372579932978936323e-01
2.094314096278655501e-01 1.134534803987572241e-02 3.252375891138617383e-03 7.759708664411202328e-01
2.772232205732761412e-01 1.383515218054971047e-02 3.859892525472490791e-03 7.050817347207015695e-01
3.485075405697506401e-01 1.666066766262281132e-02 4.449518421344954115e-03 6.303822733462814965e-01
4.151323423600756790e-01 1.918142191900953919e-02 4.825391776140888593e-03 5.608608439447736460e-01
4.713143407919789807e-01 2.143786364967908975e-02 4.841347997763830076e-03 5.024064475605782842e-01
5.123610911357078246e-01 2.452934231601477597e-02 4.645260536661105326e-03 4.584643060116162516e-01
5.336800609811138685e-01 3.048080425668526702e-02 4.803876671915457627e-03 4.310352580902853115e-01
5.381230391560860582e-01 3.869454848747665154e-02 4.869097871852213870e-03 4.183133144845846974e-01
5.253869310584138308e-01 5.018361040365440506e-02 5.214713611798686525e-03 4.192147449261333092e-01
4.958608477611914367e-01 6.378688317181761824e-02 5.710342951980814687e-03 4.346419261150098468e-01
4.477584872340800159e-01 7.834305300756271018e-02 6.127740134391808022e-03 4.677707196239654919e-01
3.824308673241203493e-01 9.370759976623854737e-02 6.303818353624852586e-03 5.175577145560162906e-01
3.138592430229209529e-01 1.083119121811232100e-01 6.142172124445568863e-03 5.716866726715100766e-01
2.573635734946074227e-01 1.189540508182247158e-01 5.562887637334631985e-03 6.181194880498332989e-01
2.156298478665154283e-01 1.224569124734294495e-01 4.526898459337482666e-03 6.573863412007177054e-01
1.800780204863417500e-01 1.231831640016813473e-01 3.718820078552413557e-03 6.930199954334245183e-01
1.466792630588935054e-01 1.200845081500909045e-01 3.093885239406074170e-03 7.301423435516096738e-01
1.137090993987408677e-01 1.106204097990749896e-01 2.691842745504027280e-03 7.729786480566800400e-01
8.501081047177892758e-02 9.548361175085486041e-02 2.573597836093829538e-03 8.169319799412720906e-01
6.444967473163086547e-02 7.948296492205311758e-02 2.815371040345890797e-03 8.532519893059702376e-01
5.136419667236043207e-02 6.598003715910993883e-02 3.468817878502019302e-03 8.791869482900277477e-01
4.341039676606602699e-02 5.589254731672649301e-02 4.552918929599996355e-03 8.961441369876074203e-01
3.895656288156083141e-02 4.935382605079565582e-02 6.029851985087815273e-03 9.056597590825555821e-01
3.762849380607935501e-02 4.669733460385617346e-02 7.854658781463163750e-03 9.078195128086012922e-01
4.014297465604479975e-02 4.860266402842016581e-02 1.018843918627445992e-02 9.010659221292603993e-01
4.751989741763887332e-02 5.536151315912956478e-02 1.346065461032554776e-02 8.836579348129061096e-01
5.989299350898676794e-02 6.588249959678056655e-02 1.803392487289974186e-02 8.561905820213325802e-01
7.745118315613096216e-02 7.884101502833745778e-02 2.421426334396122038e-02 8.194935384715706927e-01
1.018258669448218329e-01 9.369429723152646050e-02 3.234150037892523366e-02 7.721383354447262093e-01
1.332600551065201144e-01 1.090945770627148453e-01 4.198793059260198801e-02 7.156574372381631077e-01
1.688021874875814399e-01 1.224504157052433845e-01 5.205351048162874111e-02 6.566938863255464831e-01
4.318633711346485105e-01 4.373862745169899702e-01 3.554439107748593851e-03 1.271959152406128279e-01
6.385295979016801515e-02 2.171649730900967468e-01 5.694094289044290269e-01 1.495726382153061418e-01
8.628055610556774335e-02 3.033652827260613360e-01 4.121422057521293980e-01 1.982119554162412589e-01
1.065144447161510410e-01 3.721075083483549317e-01 2.914246797681971923e-01 2.299533671672966684e-01
1.249632596768386755e-01 4.049733949840867431e-01 2.205177778798450283e-01 2.495455674592296502e-01
1.440086264414744133e-01 4.024422014022624450e-01 1.842888295390535391e-01 2.692603426172095471e-01
1.646199138778994819e-01 3.774357654413250107e-01 1.643549975908011884e-01 2.935893230899744299e-01
1.866632709582990712e-01 3.454112283069823985e-01 1.487952241974589418e-01 3.191302765372594497e-01
2.063315384146124642e-01 3.218830352195347633e-01 1.317103611569136468e-01 3.400750652089392090e-01
2.245499291740648551e-01 3.100496721885454554e-01 1.132262810347078597e-01 3.521741176026816911e-01
2.408981415861723985e-01 3.112052490075302713e-01 9.429955798484705720e-02 3.535970514214504257e-01
2.544782856430304885e-01 3.252368356090040713e-01 7.584801080050136701e-02 3.444368679474639761e-01
2.643544971094113905e-01 3.500973413614804630e-01 5.936216446196605767e-02 3.261859970671422970e-01
2.710359218318830754e-01 3.793415091345535006e-01 4.720505454736048656e-02 3.024175144862027986e-01
2.747708857593590959e-01 4.052837556380102790e-01 4.081071436251190732e-02 2.791346442401186900e-01
2.804469218575302292e-01 4.190329381465576208e-01 3.960449069401972971e-02 2.609156493018925937e-01
2.844138056642707135e-01 4.239202683655583503e-01 4.325304989385007209e-02 2.484128760763211485e-01
2.827116774552341782e-01 4.258496194408654123e-01 5.198680488758974927e-02 2.394518982163106047e-01
2.747920395405220040e-01 4.282941336580109448e-01 6.639888615551568785e-02 2.305149406459514050e-01
2.611674535272430764e-01 4.341497028939240721e-01 8.644248737719856246e-02 2.182403562016342891e-01
2.416120528951999080e-01 4.466842329830821856e-01 1.113631896526821735e-01 2.003405244690354414e-01
2.159602142893291277e-01 4.690175408690797076e-01 1.393149569501869744e-01 1.757072878914041347e-01
1.849151654415091828e-01 5.043971510303633110e-01 1.653396892330088463e-01 1.453479942951187431e-01
1.504248784662969851e-01 5.528546241058592825e-01 1.830293894861333981e-01 1.136911079417105841e-01
1.164248063217661056e-01 6.070562057679828039e-01 1.901003512869532952e-01 8.641863662329800355e-02
8.755660467128748015e-02 6.582436822907036245e-01 1.879498550501985665e-01 6.624985798781012070e-02
6.800316953377333329e-02 6.910273002177063084e-01 1.877225257899178268e-01 5.324700445860256620e-02
5.492796129176132774e-02 7.063996990580991842e-01 1.936485673642967809e-01 4.502377228584269336e-02
4.628329729001484649e-02 7.081792515221912998e-01 2.050071743802435731e-01 4.053027680755028755e-02
4.045959818107652817e-02 7.082534376079537841e-01 2.116008756376649702e-01 3.968608857330465506e-02
3.619879024614468949e-02 7.157030014418034325e-01 2.058470190548459811e-01 4.225118925720604268e-02
3.262648458451508637e-02 7.295257649202597783e-01 1.901621700682633032e-01 4.768558042696165872e-02
2.956632852415523247e-02 7.434954992966067433e-01 1.709588629565662043e-01 5.597930922267207315e-02
2.655266823158013156e-02 7.530704418447804471e-01 1.526183611373945759e-01 6.775852878624503972e-02
2.460710750850213235e-02 7.524028442881711687e-01 1.375583450555294684e-01 8.543170314779738317e-02
2.289825095550337627e-02 7.394339846764182989e-01 1.247119642525843092e-01 1.129558001154938457e-01
2.188837401231138666e-02 7.086852191766526143e-01 1.141063601973030389e-01 1.553200466137329705e-01
2.159287602655807561e-02 6.512286994528473372e-01 1.119445805217243739e-01 2.152338439988701335e-01
2.132185878947279525e-02 5.759791450197775386e-01 1.174300708367749108e-01 2.852689253539745784e-01
2.072436951617928971e-02 4.987929194188576720e-01 1.289853371766942480e-01 3.514973738882691268e-01
1.972724406330701383e-02 4.289505527606023438e-01 1.471752256979517448e-01 4.041469774781387136e-01
1.835487645168202078e-02 3.667566299145937903e-01 1.736019610778926914e-01 4.412865325558317231e-01
1.669767560176980276e-02 3.104145868587415702e-01 2.084695066424199217e-01 4.644182308970689066e-01
1.488753089191930008e-02 2.584878222104354251e-01 2.523651587301387056e-01 4.742594881675065155e-01
1.317559555226233657e-02 2.107043164150768089e-01 3.046876396241808838e-01 4.714324484084798095e-01
1.189892867367269187e-02 1.701871912746686089e-01 3.565306705019069544e-01 4.613832095497515384e-01
1.131412653557090434e-02 1.398793360883011094e-01 3.941304059482454991e-01 4.546761314278824351e-01
1.144097838105399140e-02 1.183046471056087984e-01 4.111932172851779366e-01 4.590611572281594888e-01
1.214095695533580314e-02 1.022958655896806374e-01 4.097487453593615658e-01 4.758144320956219087e-01
1.311417430485029012e-02 8.933659063264269562e-02 3.970926543896039496e-01 5.004565806729031063e-01
1.401608659759856490e-02 7.812619365874123867e-02 3.823934755277397790e-01 5.254642442159204174e-01
1.484106480056648913e-02 6.933162020599957509e-02 3.697131316946988822e-01 5.461141832987349565e-01
1.604795625498755748e-02 6.483384588920795832e-02 3.555810287119723911e-01 5.635371691438320063e-01
1.821692446381222366e-02 6.621660282584125590e-02 3.326250825496456232e-01 5.829413901607009008e-01
2.146217911095596800e-02 7.325724309889727892e-02 3.003501437664362617e-01 6.049304340237106059e-01
2.538427475098416555e-02 8.469274775524938959e-02 2.656092518764214816e-01 6.243137256173447724e-01
2.981412140505382974e-02 9.918779056321307130e-02 2.342559827921772975e-01 6.367421052395559888e-01
3.288024654787052165e-02 1.192167192331858305e-01 2.079513936876023206e-01 6.399516405313412371e-01
3.422600619431002966e-02 1.470387785235610090e-01 1.858169988205896628e-01 6.329182164615393402e-01
3.397135154560611270e-02 1.820834206856438986e-01 1.693958205708863962e-01 6.145494071978638839e-01
3.216710922071584072e-02 2.254714343653775044e-01 1.590981777444944734e-01 5.832632786694120774e-01
2.948359622793026227e-02 2.709373303204777317e-01 1.577956433514289269e-01 5.417834301001630548e-01
2.650181477040669184e-02 3.082677484234603860e-01 1.666213744157710175e-01 4.986090623903620678e-01
2.371195174650678889e-02 3.323644836155427718e-01 1.803559266180182474e-01 4.635676380199322821e-01
2.138170708244109541e-02 3.440069353299602950e-01 1.894053873026845247e-01 4.452059702849140432e-01
1.973718552201975118e-02 3.443406909890330270e-01 1.892320049975757257e-01 4.466901184913711353e-01
1.869287655869356773e-02 3.321877550428445902e-01 1.846626339619410195e-01 4.644567344365206352e-01
1.799692523766264693e-02 3.065629527901173046e-01 1.823443326372325701e-01 4.930957893349875443e-01
1.771149179544167715e-02 2.688231370381919394e-01 1.849966863981482024e-01 5.284686847682179556e-01
1.779686329384791085e-02 2.214726107445517123e-01 1.930567030066745182e-01 5.676738229549260772e-01
1.770890554484425700e-02 1.698243073238080714e-01 2.037173766241004991e-01 6.087494105072474015e-01
1.735043109901525382e-02 1.209691954607246683e-01 2.118041198470879960e-01 6.498762535931720263e-01
4.124249998919279347e-01 4.544745315107517891e-02 4.332979518637606886e-01 1.088295950932361422e-01
5.997371983354297109e-01 1.216650699277833231e-01 1.014476346452454769e-01 1.771500970915416417e-01
6.027757403168096939e-01 1.081752815626675912e-01 1.132301265528406209e-01 1.758188515676818720e-01
5.798022076417462811e-01 1.022636670316570268e-01 1.342859750940921526e-01 1.836481502325046089e-01
5.300469538179028994e-01 1.039661771484133718e-01 1.685022075058818791e-01 1.974846615278015305e-01
4.576895782020481418e-01 1.092588857118832329e-01 2.242043123495091050e-01 2.088472237365594508e-01
3.635247087293454471e-01 1.116671841120814995e-01 3.159007701711290528e-01 2.089073369874442365e-01
2.559861669755032487e-01 1.033378247472751255e-01 4.494214107919599077e-01 1.912545974852619401e-01
1.578911315085816391e-01 8.547775586533983005e-02 5.994928340170215808e-01 1.571382786090568251e-01
8.999998721687468839e-02 6.421440966761060576e-02 7.275380804555375835e-01 1.182475226599772333e-01
4.925370979460307053e-02 4.381570331097613819e-02 8.237430418951493527e-01 8.318754499927134838e-02
2.625559254550627677e-02 2.665930150280988037e-02 8.917982006162700204e-01 5.528690533541420066e-02
1.512680720797004996e-02 1.581911567310366473e-02 9.305520577293310280e-01 3.850201938959478543e-02
1.116198859485521659e-02 1.091877004440239968e-02 9.446539647481976276e-01 3.326527661254498336e-02
1.146617974085236205e-02 9.735851408571208343e-03 9.403284520478379926e-01 3.846951680273825308e-02
1.608408411344022793e-02 1.125040315777798769e-02 9.153083273157226474e-01 5.735718541305902252e-02
2.709046451929181601e-02 1.499490207710551908e-02 8.626712049504241531e-01 9.524342845317836093e-02
4.517479154989050005e-02 1.907764649568643306e-02 7.901289408374515544e-01 1.456186211169716860e-01
6.794230497272364666e-02 2.131678843251455860e-02 7.201058421290602585e-01 1.906350644657010540e-01
9.473714003511653214e-02 2.214805673112846957e-02 6.568407249804538717e-01 2.262740782533011752e-01
1.268555274207780748e-01 2.300980928355971997e-02 5.868969620677964016e-01 2.632377012278658279e-01
1.619585339337976382e-01 2.421800835113074174e-02 5.028923145354572410e-01 3.109311431796143443e-01
1.922550502815961737e-01 2.532638923051036203e-02 4.105556733602048203e-01 3.718628871276885017e-01
2.086091063163466874e-01 2.604095408825015528e-02 3.240927456355028324e-01 4.412571939599000403e-01
2.075172335227656595e-01 2.668515382463789234e-02 2.570399796763161437e-01 5.087576329762800720e-01
1.923725518140403656e-01 2.779601292437125851e-02 2.144710173381494112e-01 5.653604179234389404e-01
1.677668693275302381e-01 2.923785375084403393e-02 1.936729009725391137e-01 6.093223759490865588e-01
1.367208525144441855e-01 3.034182305505073174e-02 1.914469903777480109e-01 6.414903340527570164e-01
1.025503081962304414e-01 3.047162163110913105e-02 2.085754639570195634e-01 6.584026062156408399e-01
6.964709575953718923e-02 2.910325223138741230e-02 2.474877468843889872e-01 6.537619051246865709e-01
4.281060556102411069e-02 2.633060598566864044e-02 3.042377770532213588e-01 6.266210114000860809e-01
2.465550251197516640e-02 2.331687857171592729e-02 3.586040214358023337e-01 5.934235974805068814e-01
1.412752077378659141e-02 2.168030372931670918e-02 3.781572043941425210e-01 5.860349711027541542e-01
8.394192327334709658e-03 2.233741683469362901e-02 3.448710416761980313e-01 6.243973491617735849e-01
5.218632010452747133e-03 2.515162647636023929e-02 2.720787549734032251e-01 6.975509865397836462e-01
3.521859749422771683e-03 2.939468799011623126e-02 1.944865680040680778e-01 7.725968842563928352e-01
2.759704108368283074e-03 3.467556924603586860e-02 1.369100733062285080e-01 8.256546533393670506e-01
2.605290200452622940e-03 4.176188206792946084e-02 1.000605037032131217e-01 8.555723240284049957e-01
2.951107786763872923e-03 5.264914194926036128e-02 7.746286969974265635e-02 8.669368805642334586e-01
3.724035680125332894e-03 6.873369632030203180e-02 6.459805560742779007e-02 8.629442123921448049e-01
4.889414142106769841e-03 8.981511725710714100e-02 5.718448622953978960e-02 8.481109823712464912e-01
6.690285403630954857e-03 1.137206735692169873e-01 5.232215578904102909e-02 8.272668852381108717e-01
9.669207831828433367e-03 1.364472911125393928e-01 4.867892888347078589e-02 8.052045721721616811e-01
1.454912726883850552e-02 1.550781604298611671e-01 4.553983441229465107e-02 7.848328778890056867e-01
2.258898029337958607e-02 1.704550442777348074e-01 4.362022104016460150e-02 7.633357543887208108e-01
3.635722750387076346e-02 1.860003758080761294e-01 4.539175521639420702e-02 7.322506414716590806e-01
5.906336400102685930e-02 2.044590804326817113e-01 5.345833844389840522e-02 6.830192171223928854e-01
9.252073669433773240e-02 2.264006333489663181e-01 6.904959203591168326e-02 6.120290379207840026e-01
1.351508618098284098e-01 2.503565339118722366e-01 9.079677193857559059e-02 5.236958323397240544e-01
1.805970488010741337e-01 2.751137232512365083e-01 1.145150489679957750e-01 4.297741789796937772e-01
2.195286143306754978e-01 3.017729102502639260e-01 1.358185781751515553e-01 3.428798972439092707e-01
2.441383942123869222e-01 3.363290891839945673e-01 1.484750940587129531e-01 2.710574225449056684e-01
2.496923135166195240e-01 3.808186494129384148e-01 1.534811322745188167e-01 2.160079047959236054e-01
2.366967378789850418e-01 4.374819296460506490e-01 1.498063405038252971e-01 1.760149919711390953e-01
2.098671479940921181e-01 5.054945740912238916e-01 1.356464708717504963e-01 1.489918070429338826e-01
1.771353257487163491e-01 5.769767319562989494e-01 1.122534641075780965e-01 1.336344781874069243e-01
1.476099820077022284e-01 6.358311018818069149e-01 8.827060315400328538e-02 1.282883129564879321e-01
1.279575920510725995e-01 6.693940336031163341e-01 7.123046476513346381e-02 1.314179095806773667e-01
1.205558825641796367e-01 6.747035947817661139e-01 6.220695370162747373e-02 1.425335689524268590e-01
1.235885788097694504e-01 6.572170338395061373e-01 5.888989508735976292e-02 1.603044922633648228e-01
1.323984308000925592e-01 6.283661312512456298e-01 5.792579631414231794e-02 1.813096416345194861e-01
1.428770933611023808e-01 5.973976377870755528e-01 5.651382747885054514e-02 2.032114413729713964e-01
1.527288872683142118e-01 5.678871562213949620e-01 5.399302704001000819e-02 2.253909294702806931e-01
1.605970055047882539e-01 5.413741579859602249e-01 5.111223122153563808e-02 2.469166052877159456e-01
1.667900165653935507e-01 5.183436882638619014e-01 4.830685672738926906e-02 2.665594384433551123e-01
1.703216270438986935e-01 4.993792400520641328e-01 4.573328548446312786e-02 2.845658474195740251e-01
1.763493459832288779e-01 4.776402187465350613e-01 4.362978197113391576e-02 3.023806532991020202e-01
1.841409711660358939e-01 4.533329637492078956e-01 4.210296739156463297e-02 3.204230976931914388e-01
1.936462741042012103e-01 4.279314310864084092e-01 4.120356182651612603e-02 3.372187329828739144e-01
2.043640191808501483e-01 4.040317837337717433e-01 4.129477319006051583e-02 3.503094238953177730e-01
2.151552590433505330e-01 3.838650857669960725e-01 4.248179717988764120e-02 3.584978580097656908e-01
2.250007109507101144e-01 3.685267193607230096e-01 4.417524824528672178e-02 3.622973214432801958e-01
1.616496456479148830e-02 9.939867327460798208e-02 2.477729865282974741e-03 8.819586322953174573e-01
1.526854300337894196e-02 1.048798194280248092e-01 2.233639677809496835e-03 8.776179978907865387e-01
1.532350367639340703e-02 1.087113661389831898e-01 2.118190964214019222e-03 8.738469392204096797e-01
1.618476227838323150e-02 1.117262812478846262e-01 2.085266806666012315e-03 8.700036896670662045e-01
1.765867082131925697e-02 1.150110207873760032e-01 2.088614280012209522e-03 8.652416941112924809e-01
2.002081230257784020e-02 1.195448599058656913e-01 2.151081662369215032e-03 8.582832461291876047e-01
2.377667854887394877e-02 1.242311380754638206e-01 2.344950805419827779e-03 8.496472325702424389e-01
2.928699455107885291e-02 1.266366802499364064e-01 2.764039966663591006e-03 8.413122852323210443e-01
3.712236358437077943e-02 1.258725192782117197e-01 3.546922883311196418e-03 8.334581942541063881e-01
4.809541129475992938e-02 1.228176247844569580e-01 4.819084919342462789e-03 8.242678790014408285e-01
6.337632313506658122e-02 1.191131295739049772e-01 6.516352800347511784e-03 8.109941944906809974e-01
8.674887235281310283e-02 1.170103598262346029e-01 8.224588452037292705e-03 7.880161793689149929e-01
1.258785631031582031e-01 1.180137442293066469e-01 9.268736861065829391e-03 7.468389558064695288e-01
1.889172623172998278e-01 1.203365876444474070e-01 9.302754365751229534e-03 6.814433956725015618e-01
2.769430097235672239e-01 1.206222964128675357e-01 8.711065778556558239e-03 5.937236280850086700e-01
3.807872788634873995e-01 1.169719629650346204e-01 7.686801536796010470e-03 4.945539566346819904e-01
4.823043556612230387e-01 1.142983322072690655e-01 6.539664352492147170e-03 3.968576477790159429e-01
5.759573160949236215e-01 1.109732402462378364e-01 5.314153732336931828e-03 3.077552899265015851e-01
6.571557150519913293e-01 1.076820356282754548e-01 4.526650504144138880e-03 2.306355988155888714e-01
7.172599309315547123e-01 1.059865250209920950e-01 4.028461947604106835e-03 1.727250820998490199e-01
7.521307243173602775e-01 1.081346119372223052e-01 3.772415718580002242e-03 1.359622480268375677e-01
7.662897144195210952e-01 1.152152482276080497e-01 3.637824088574199196e-03 1.148572132642965704e-01
7.641982553434182313e-01 1.288863068853882132e-01 3.611481118258273119e-03 1.033039566529351250e-01
6.707467164884503008e-01 9.166007434392625663e-02 1.249103831914949864e-01 1.126828259761283035e-01
7.007340693677899246e-01 9.128240412394256209e-02 1.026043625676446996e-01 1.053791639406229941e-01
7.316567242166265306e-01 8.894505738629256142e-02 8.102338813615550528e-02 9.837483026092552763e-02
7.605757681605874732e-01 8.489987812344043649e-02 6.220737632323727201e-02 9.231697739273475589e-02
7.831789472142172137e-01 8.105838443623188116e-02 4.742817798120625705e-02 8.833449036834478685e-02
7.991223292585368787e-01 7.856451758500487825e-02 3.519328267996175291e-02 8.711987047649646931e-02
8.042471555595986921e-01 7.995484682681269772e-02 2.601454337580227580e-02 8.978345423778633094e-02
7.966368571780243490e-01 8.731709647728115586e-02 1.923532018103350436e-02 9.681072616366113992e-02
7.759759057786141945e-01 1.023685136141232743e-01 1.397121470318064308e-02 1.076843659040817441e-01
7.363524566396680848e-01 1.321686389512279625e-01 1.020507894830289912e-02 1.212738254608012878e-01
6.784087825881562894e-01 1.794203169487385285e-01 7.706730588372325864e-03 1.344641698747330583e-01
6.184696364421097270e-01 2.330289511974369121e-01 6.188504275049909117e-03 1.423129080854033390e-01
5.645520748740744388e-01 2.831973208985045232e-01 5.585162684726848424e-03 1.466654415426941749e-01
5.086801924998817226e-01 3.296649017471063869e-01 5.774061917000695467e-03 1.558808438360113069e-01
4.479868712905096251e-01 3.678720769840668758e-01 6.716089738841998606e-03 1.774249619865815863e-01
3.806105899136046355e-01 3.941285640397695911e-01 8.396199286026556630e-03 2.168646467605991057e-01
3.159068698425047117e-01 3.963820872387228689e-01 1.088440869385240081e-02 2.768266342249202094e-01
2.567772473784296627e-01 3.777027312299316986e-01 1.340539124551458870e-02 3.521146301461237638e-01
2.115403221275601320e-01 3.440664849074525078e-01 1.617708059839425075e-02 4.282161123665932378e-01
1.784655453919836154e-01 3.115918355204634338e-01 1.947199349685906772e-02 4.904706255906940426e-01
1.551964210552430057e-01 2.891344102414957762e-01 2.405239800443718240e-02 5.316167706988241815e-01
1.379509101596739784e-01 2.787293978131366590e-01 3.022543853428501584e-02 5.530942534929045307e-01
1.233191311914714622e-01 2.774678356499197251e-01 3.793429580155893016e-02 5.612787373570500282e-01
1.094448842137366040e-01 2.804526549378950628e-01 4.794465521305607547e-02 5.621578056353119246e-01
9.630062644544949702e-02 2.823760742205026486e-01 6.283275254205279714e-02 5.584905467919950572e-01
8.507640789047014873e-02 2.808535190573707152e-01 8.487177364344214436e-02 5.491982994087171166e-01
7.581073710758676198e-02 2.764803798218154474e-01 1.118061379279294415e-01 5.359027451426685573e-01
6.784819805026434669e-02 2.672074692049904998e-01 1.370936474067387389e-01 5.278506853380063868e-01
6.079750199625890555e-02 2.469947101185695770e-01 1.588388168623779961e-01 5.333689710227932368e-01
5.472746110173022649e-02 2.119072876836569364e-01 1.833236881011040542e-01 5.500415631135087136e-01
4.957950027748656702e-02 1.668093983392656132e-01 2.165486598762161596e-01 5.670624415070318891e-01
4.496136359846570479e-02 1.214618371813420833e-01 2.595755583899994057e-01 5.740012408301925495e-01
3.951528666999979539e-02 8.669876521802405422e-02 3.035114689613820915e-01 5.702744791505941491e-01
3.425526787056729777e-02 6.397332253376945832e-02 3.348269137261514761e-01 5.669444958695115666e-01
2.952082822159458192e-02 5.117185039919685402e-02 3.426391018093687402e-01 5.766682195698399349e-01
2.633812665255942653e-02 4.429182591591754314e-02 3.295006543386279074e-01 5.998693930928952200e-01
2.407591258215747987e-02 4.046019670299405568e-02 3.092914909000938350e-01 6.261723998147544767e-01
2.294240425125828806e-02 3.816224094587552379e-02 2.951077507997453830e-01 6.437876040031208502e-01
2.304091737188537770e-02 3.662194060810674417e-02 2.946484728161875566e-01 6.456886692038205089e-01
2.410796981049492804e-02 3.506558200666581859e-02 3.133183269251513248e-01 6.275081212576882894e-01
2.546786055668518595e-02 3.272271793139072682e-02 3.564617653047409962e-01 5.853476562071833200e-01
2.635414747814149652e-02 2.945470817369994290e-02 4.252627811228732457e-01 5.189283632252852385e-01
2.639386202819838864e-02 2.589338015880043170e-02 5.111127192583918566e-01 4.366000385546091600e-01
2.573771636925353129e-02 2.272937009875975606e-02 5.973469180907448051e-01 3.541859954412417411e-01
2.473834369500595154e-02 2.020070736506211426e-02 6.690790138015023647e-01 2.859819351384295660e-01
2.361044887679174253e-02 1.815670855847639417e-02 7.219258534165049479e-01 2.363069891482270923e-01
2.254381359574153879e-02 1.639089355265049841e-02 7.585835529854079162e-01 2.024817398661999668e-01
2.177568524475853584e-02 1.479445992494783819e-02 7.824746197264050851e-01 1.809552351038887508e-01
2.147010382806399317e-02 1.332984190342870884e-02 7.955905590620347967e-01 1.696094952064724770e-01
2.176785336509780636e-02 1.204399881565715834e-02 7.980526061613760769e-01 1.681355416578688977e-01
2.287968386034382878e-02 1.101780072843178138e-02 7.886008313926972102e-01 1.775016840185270339e-01
2.504530880890909819e-02 1.029217993043848867e-02 7.653400477648365507e-01 1.993224634958158104e-01
2.789334892013276695e-02 9.500279530611681691e-03 7.268409225855821942e-01 2.357654489636730188e-01
3.268224292708604012e-02 9.738683090870474054e-03 6.685791680049748553e-01 2.889999059770685386e-01
3.668295190877942508e-02 9.402205576915430643e-03 5.895297579061025139e-01 3.643850846082027362e-01
3.940641162217296128e-02 9.132048500186434187e-03 4.860052204260165154e-01 4.654563194516242453e-01
3.870998842222402037e-02 8.593575423665759591e-03 3.664477898737660833e-01 5.862486462803441212e-01
3.413921018687487985e-02 7.850355589144399765e-03 2.508168456646652777e-01 7.071935885593151339e-01
2.762649978691862976e-02 7.318445072748999344e-03 1.583875118349382105e-01 8.066675433053939193e-01
2.166724346664365003e-02 7.492711613226178159e-03 9.599633991354314388e-02 8.748437050065867027e-01
1.754661691191198788e-02 8.708788935293657052e-03 5.828126182715577530e-02 9.154633323256385902e-01
1.548098700452641731e-02 1.122154168153680770e-02 3.603992230940646774e-02 9.372575490045302882e-01
1.550753906709110772e-02 1.561691235647805036e-02 2.301046676794826773e-02 9.458650818084827216e-01
1.745566219514983058e-02 2.318951365662597075e-02 1.578728969752835401e-02 9.435675344506954110e-01
2.114849386490312219e-02 3.644196269156910889e-02 1.189268605982095675e-02 9.305168573837067081e-01
2.648733053982475424e-02 5.943171169572858403e-02 9.627517926774928000e-03 9.044534398376717910e-01
3.293702182761333586e-02 9.932509777444080423e-02 8.125331163966454523e-03 8.596125492339792284e-01
3.907727358310757182e-02 1.681897990425144096e-01 6.893559826411752023e-03 7.858393675479661278e-01
4.273301080122144519e-02 2.798963053267666257e-01 5.662759921335556307e-03 6.717079239506765775e-01
4.179868096934230559e-02 4.313920226794248913e-01 4.422575895468337272e-03 5.223867204557643973e-01
3.681421931158623123e-02 5.839587034118792763e-01 3.410535849040741054e-03 3.758165414274938776e-01
3.159423439738068967e-02 6.938375818250799298e-01 2.884819063095686066e-03 2.716833647144439312e-01
2.913855066209019087e-02 7.498452812626892339e-01 3.004917292516205013e-03 2.180112507827044743e-01
2.974654651832657135e-02 7.655237966810137795e-01 3.952109747971946190e-03 2.007775470526875772e-01
3.220272161262086735e-02 7.589178936275413623e-01 6.080989742982973074e-03 2.027983950168550653e-01
3.495279815014533387e-02 7.443270311613088275e-01 9.920852651253414881e-03 2.107993180372921549e-01
3.720885130828920778e-02 7.279546652727597600e-01 1.624778306600020358e-02 2.185887003529504991e-01
3.906041905992223978e-02 7.094318558872098057e-01 2.589708653795229701e-02 2.256106385149156679e-01
4.065721975566791158e-02 6.879400594954406811e-01 3.859382044172721127e-02 2.328089003071640573e-01
4.184677603767938958e-02 6.657118442941486469e-01 5.171599336762212201e-02 2.407253863005501815e-01
4.256902306617072612e-02 6.454669021879688717e-01 6.073885883471147329e-02 2.512252159111491578e-01
4.315640571796655611e-02 6.255314572220985747e-01 6.238736921185183276e-02 2.689247678480832238e-01
4.412195200615540852e-02 5.986547948820646337e-01 5.822861571395292202e-02 2.989946373978268901e-01
4.540984101181368832e-02 5.567725784372441478e-01 5.287865075509090573e-02 3.449389297958514455e-01
4.625622837318014990e-02 4.984578748130693571e-01 4.892337799269923931e-02 4.063625188210510109e-01
4.567420162632199188e-02 4.301036217965729658e-01 4.610363502276537684e-02 4.781185415543395822e-01
4.287650849233275857e-02 3.599265765168585540e-01 4.360187756415368626e-02 5.535950374266548346e-01
3.808331112500793619e-02 2.945325752731435265e-01 4.064001534302867646e-02 6.267440982588198262e-01
3.290831806281922095e-02 2.392889798164159754e-01 3.659987815851983156e-02 6.912028239622447501e-01
