2.304785765764566854e-02 2.007541277702505275e-02 6.695552496259176145e-01 2.873214799394119279e-01
5.987942632963044048e-02 1.323423450298241433e-01 9.010822820254402177e-02 7.176700004380012210e-01
4.712998661243379683e-02 1.320853869526190938e-01 8.015575794618000349e-02 7.406288684887668561e-01
3.871844023315690331e-02 1.348346684397317974e-01 7.199123277550632805e-02 7.544556585516052349e-01
3.344138485183760501e-02 1.383457991418075572e-01 6.592575260799804493e-02 7.622870633983568345e-01
3.057884662056021413e-02 1.392530421666805795e-01 6.281546336471657832e-02 7.673526478480428015e-01
2.980757964339462301e-02 1.357907665140852260e-01 6.427880910699799999e-02 7.701228447355220608e-01
3.144820769564517227e-02 1.308864690392037566e-01 7.219996214573960736e-02 7.654653611194112139e-01
3.579502979906594440e-02 1.287144577722713068e-01 8.836202470817472454e-02 7.471284877204880104e-01
4.180032501137391499e-02 1.296952309308997686e-01 1.140357736336258115e-01 7.144686704241004493e-01
4.690322240073796500e-02 1.314040559131373354e-01 1.490664354121219726e-01 6.726262862740030046e-01
4.902978127752669751e-02 1.314934251048540115e-01 1.884382580387393979e-01 6.310385355788797890e-01
4.678419726821153590e-02 1.349003951807426771e-01 2.180970687361277194e-01 6.002183388149182619e-01
4.227025239450953736e-02 1.445178475760828529e-01 2.290443931440809822e-01 5.841675068853264818e-01
3.651456048916926211e-02 1.644921505177773802e-01 2.192614742150404972e-01 5.797318147780126107e-01
3.134555215016088942e-02 1.968922752774050211e-01 1.901837748728162081e-01 5.815783976996176108e-01
2.657494512105788506e-02 2.494224828121177351e-01 1.495571813639906267e-01 5.744453907028337358e-01
2.192080751708338354e-02 3.221787142644341184e-01 1.154876134145426392e-01 5.404128648039395744e-01
1.765945028489658564e-02 4.029462544542677938e-01 9.425727621712913507e-02 4.851370190437063190e-01
1.329518180396306072e-02 4.756086043653003914e-01 8.541124486561528506e-02 4.256849689651210356e-01
9.917990177867411564e-03 5.353892694926294382e-01 8.308955452457274238e-02 3.716031858049301806e-01
8.034458082596297387e-03 5.878279915917442588e-01 8.206935369179076123e-02 3.220681966338689306e-01
6.424434415364211476e-03 6.461590180102579906e-01 7.548632384551942631e-02 2.719302237288583335e-01
5.380200189983224378e-03 7.181636970903071404e-01 5.993728570043372478e-02 2.165188170192761941e-01
4.651922996177019522e-03 7.969786102147214946e-01 3.990929073404884259e-02 1.584601760550524985e-01
4.014670779746532664e-03 8.670738959459614037e-01 2.288115337914359282e-02 1.060302798951484882e-01
3.278471010464702705e-03 9.198702599281333159e-01 1.186128612640536574e-02 6.498998293499673451e-02
2.530345749509511129e-03 9.545827586670717624e-01 5.774564461061338673e-03 3.711233112235728937e-02
1.990845733193532564e-03 9.740065043262939870e-01 2.795380639974861820e-03 2.120726930053774134e-02
1.796960677990453066e-03 9.830964489494053993e-01 1.513513182270408153e-03 1.359307719033358598e-02
1.955634845818223552e-03 9.864622533805588178e-01 1.053658232019826380e-03 1.052845354160319297e-02
2.337267278514632441e-03 9.871622168403780817e-01 9.724876289435876011e-04 9.528028252163766448e-03
2.835345500598925560e-03 9.864486576532042195e-01 1.134426460736070400e-03 9.581570385460983635e-03
3.778230641366758357e-03 9.834272789953076854e-01 1.700982255081964420e-03 1.109350810824344565e-02
6.006859535205424927e-03 9.756013803197622902e-01 3.251887432929778145e-03 1.513987271210207389e-02
1.100933810638464634e-02 9.588485469314793619e-01 7.172931455604069674e-03 2.296918350653217103e-02
1.982534177421689178e-02 9.293338141366568328e-01 1.592579730045382003e-02 3.491504678867243805e-02
3.469941884247185887e-02 8.826717072732614966e-01 3.287385301011506999e-02 4.975502087415130392e-02
5.488871104686896679e-02 8.197913461246646438e-01 6.128225745852222683e-02 6.403768536994394744e-02
7.888020644302161377e-02 7.420403597759142045e-01 1.049580522543670791e-01 7.412138152669707492e-02
1.036999998367330311e-01 6.515663736673372730e-01 1.663502580218359783e-01 7.838336847409367591e-02
1.258960069215150912e-01 5.536001936156870196e-01 2.424516777384234378e-01 7.805212172437438201e-02
1.432287632601285665e-01 4.545053603783868468e-01 3.279684013922040675e-01 7.429747496928057471e-02
1.523510544599070426e-01 3.599759906786738073e-01 4.206784700940051080e-01 6.699448476741404201e-02
1.526919931015629506e-01 2.700585305341124953e-01 5.206422549704136093e-01 5.660722139391109048e-02
1.394657609977493218e-01 1.863914333899150122e-01 6.302322623506072530e-01 4.391054326172853794e-02
1.161870911719435767e-01 1.186339358469138128e-01 7.332343953367196354e-01 3.194457764442291958e-02
9.458161589953414938e-02 7.955909558373755464e-02 8.010518566181420441e-01 2.480743189858624492e-02
8.042333144830339509e-02 6.146006992365354860e-02 8.359760021603463986e-01 2.214059646769678605e-02
7.057922167623371934e-02 5.429422282476887435e-02 8.533901289071412766e-01 2.173642659185635179e-02
6.489693518053260557e-02 5.497450801606781901e-02 8.571233336685385451e-01 2.300522313486095052e-02
6.560871708198449948e-02 6.527105565150305433e-02 8.421877258200740624e-01 2.693250144643836649e-02
7.227093305471787854e-02 8.652598309744974348e-02 8.072864944120017316e-01 3.391658943583061164e-02
7.981182248923829325e-02 1.140129720728326884e-01 7.642805240949602785e-01 4.189468134296876756e-02
8.262752879993773281e-02 1.404735695361118419e-01 7.282846201911444828e-01 4.861428147280599105e-02
8.132175663099351637e-02 1.586280201699863390e-01 7.066517166462303878e-01 5.339850655278991637e-02
7.436244278333621616e-02 1.649211662723770455e-01 7.049761480927505541e-01 5.574024285153589275e-02
6.168872512095328192e-02 1.583543337196412493e-01 7.253299846050634825e-01 5.462695655434170183e-02
4.580403927901773725e-02 1.416385878755865857e-01 7.634432737224249310e-01 4.911409912297046154e-02
2.961915472256649792e-02 1.219834319142276829e-01 8.081683011807154760e-01 4.022911218249027726e-02
1.809434605655674613e-02 1.088074855540120123e-01 8.414097591524077879e-01 3.168840923702361673e-02
1.169862836583538367e-02 1.096712184712418103e-01 8.522944939679213405e-01 2.633565919500133537e-02
8.564036946742670936e-03 1.284829036222086829e-01 8.384940234947974025e-01 2.445903593625126105e-02
7.450518332974049966e-03 1.668872089691399441e-01 8.005031747870618997e-01 2.515909791082415053e-02
7.118232562500174422e-03 2.194942734078204061e-01 7.456552604930111183e-01 2.773223353666836796e-02
7.097354531863808366e-03 2.645606513155904227e-01 6.970091747222654233e-01 3.133281943028030925e-02
6.825946857319307830e-03 2.766350494137679306e-01 6.818440606291832351e-01 3.469494309972980667e-02
6.238249221725412734e-03 2.545896423928816210e-01 7.017233481704584497e-01 3.744876021493499102e-02
5.911009032952929503e-03 2.232613918149468635e-01 7.294627240062313556e-01 4.136487514586888181e-02
6.165732285450959901e-03 2.031226667022635601e-01 7.425942130816365339e-01 4.811738793064904846e-02
6.906317534926219998e-03 1.974831158777855811e-01 7.375920015420834863e-01 5.801856504520466057e-02
8.070833650387330277e-03 2.038725093800110300e-01 7.167856379951144108e-01 7.127101897448744061e-02
4.470459740983089708e-02 6.604982525653808612e-01 1.543115967440552849e-01 1.404855532807326446e-01
3.808603198798790057e-01 1.773903397035682949e-01 3.383855322555541500e-02 4.079107871909972149e-01
3.460084223510145329e-01 1.707600846919131443e-01 3.803863964339327525e-02 4.451928533136786936e-01
3.074707564138666749e-01 1.611883965785401440e-01 4.373267609801555905e-02 4.876081709095777539e-01
2.645923716863144981e-01 1.499559095605234038e-01 5.104727577973740271e-02 5.344044429734245982e-01
2.176625546754727414e-01 1.386740337527264111e-01 5.954638475144503201e-02 5.841170268203560445e-01
1.709577378381484103e-01 1.293818155008593929e-01 6.784117306440499984e-02 6.318192735965874052e-01
1.316551965013933734e-01 1.238686534315655979e-01 7.351444856592345700e-02 6.709617015011176688e-01
1.031911246658023112e-01 1.229177470612401318e-01 7.384330372988523461e-02 7.000478245430722390e-01
8.404111365606985184e-02 1.255196248586828989e-01 6.833417187192916686e-02 7.221050896133175412e-01
7.120278468685346807e-02 1.281480648455338989e-01 6.049988927184768439e-02 7.401492611957648515e-01
6.357858491356574437e-02 1.281649590641791292e-01 5.455212642972648296e-02 7.537043295925285324e-01
6.168641857696958303e-02 1.264821762974140118e-01 5.219005040322350492e-02 7.596413547223929141e-01
6.573478554811529317e-02 1.239214415978948103e-01 5.370624520958686143e-02 7.566375276444029518e-01
7.577142799154350239e-02 1.216004163051376680e-01 5.798602004394986381e-02 7.446421356593689866e-01
9.220876012927604892e-02 1.227350283038846634e-01 6.153549009709889661e-02 7.235207214697403355e-01
1.144080885415858506e-01 1.310036570281989665e-01 5.971270543714307655e-02 6.948755489930724671e-01
1.380409776009518530e-01 1.478715910959010338e-01 5.154273784526237911e-02 6.625446934578851366e-01
1.573201543879427233e-01 1.713257673895252908e-01 4.131263579879718845e-02 6.300414424237347211e-01
1.697995069009374802e-01 1.960574909526164034e-01 3.307461060096635735e-02 6.010683915454797521e-01
1.765454046251025699e-01 2.162624340359139974e-01 2.800200862442654356e-02 5.791901527145567607e-01
1.775906193362082885e-01 2.271843569240027672e-01 2.560587197241395024e-02 5.696191517673749871e-01
1.703346511045641110e-01 2.242984639904279653e-01 2.485604745595808990e-02 5.805108374490496326e-01
1.532890172205519375e-01 2.047732307036687072e-01 2.468304704285308182e-02 6.172547050329264540e-01
1.283792625688819633e-01 1.721252231283973977e-01 2.377206860685336307e-02 6.757234456958672864e-01
1.003592343192322572e-01 1.351702759857163483e-01 2.051812039800730500e-02 7.439523692970440027e-01
7.385254974142953233e-02 1.008343881165727624e-01 1.466314822492209222e-02 8.106499139170756374e-01
5.234422241466690079e-02 7.192050444386857699e-02 8.455236810477459106e-03 8.672800363309869365e-01
3.804450366721715687e-02 5.036011651989592136e-02 4.185977203271843382e-03 9.074094026096150012e-01
3.040249875057117468e-02 3.618550581815585532e-02 2.111754264695378872e-03 9.313002411665777247e-01
2.646138926061716509e-02 2.632859501314722267e-02 1.259647468688184207e-03 9.459503682575474137e-01
2.362252237723809836e-02 1.850696145717628527e-02 8.843440018401534791e-04 9.569861721637451524e-01
2.016693255079716335e-02 1.307688691866354565e-02 7.057101409453511113e-04 9.660504703895941292e-01
1.806469924662959872e-02 8.516410105042292872e-03 5.565985642789053394e-04 9.728622920840497290e-01
1.664391021269195567e-02 5.936498990827528653e-03 4.490519540831728251e-04 9.769705388423974846e-01
1.643205992066596594e-02 4.704642674292172644e-03 3.838971243873826782e-04 9.784794002806544988e-01
1.779851589825435024e-02 4.297091375316608799e-03 3.639426576000255056e-04 9.775404500688290588e-01
2.093485054563468117e-02 4.343043309300523985e-03 3.790634260835837929e-04 9.743430427189812004e-01
2.622939715414086131e-02 4.629937133972821320e-03 4.178693182533076795e-04 9.687227963936331232e-01
3.514794690425338680e-02 5.197766823051932529e-03 4.802993146951943320e-04 9.591739869579996025e-01
5.035155177036564761e-02 6.216015345330869017e-03 5.692768294020493893e-04 9.428631560549017854e-01
7.570181316565216534e-02 7.887591901706392933e-03 6.931505788325586148e-04 9.157174443538086406e-01
1.156653505860056885e-01 1.042750384855152535e-02 8.798787242792435216e-04 8.730272668411636072e-01
1.710572422699478123e-01 1.374576833301953578e-02 1.157885126524191288e-03 8.140391042705084068e-01
2.362683188428340297e-01 1.754410956830053381e-02 1.228543948758654882e-03 7.449590276401066857e-01
2.976066398967526783e-01 2.041049621798105354e-02 1.243572000740173411e-03 6.807392918845260876e-01
3.481246462500978134e-01 2.379876738731099076e-02 1.175590608908041188e-03 6.269009957536832989e-01
3.837913602217778997e-01 2.898682278821836100e-02 1.120584721132598721e-03 5.861012322688714526e-01
4.060259934882544108e-01 3.647995461578201065e-02 1.137053083268997882e-03 5.563569988126947363e-01
4.188889556216792154e-01 4.545145961655058797e-02 1.232653943496053858e-03 5.344269308182740819e-01
4.249094323752192759e-01 5.459990665782199493e-02 1.385019297737118734e-03 5.191056416692214626e-01
4.211039557425692026e-01 6.434589134256507581e-02 1.566234509118077023e-03 5.129839184057474188e-01
4.007711066129758803e-01 7.765786166928426160e-02 1.786516469353638999e-03 5.197845152483859810e-01
3.649716828004643254e-01 9.591753174088164802e-02 2.010460322389963188e-03 5.371003251362642672e-01
3.243477269906186455e-01 1.154538280370963343e-01 2.415518999509840524e-03 5.577829259727754563e-01
2.850503410388917080e-01 1.339622889203144485e-01 1.932713225764679920e-03 5.790546568150291007e-01
2.452633294086114801e-01 1.500489934993791685e-01 1.706044175320110302e-03 6.029816329166892697e-01
2.033021949212085455e-01 1.620834989399621839e-01 1.508884037751491436e-03 6.331054221010777860e-01
1.599414641583198626e-01 1.647264687055434718e-01 1.403868293083276354e-03 6.739281988430532166e-01
1.211662336005815271e-01 1.559136344607778002e-01 1.444931037501947287e-03 7.214752009011387024e-01
9.265151934473739304e-02 1.404490593713770274e-01 1.704244278351342567e-03 7.651951770055340774e-01
7.422432536919169876e-02 1.237822113411833069e-01 2.262163668768978324e-03 7.997312996208556513e-01
6.290333082307451862e-02 1.089576622683625928e-01 3.159109714755495898e-03 8.249798971938074876e-01
5.628353658247271796e-02 9.771688683170662304e-02 4.338628093637103902e-03 8.416609484921837581e-01
5.365704249956853439e-02 9.178160958733115604e-02 5.700251695856809603e-03 8.488610962172434826e-01
5.573396336915645288e-02 9.269785844088568316e-02 7.309334094952860475e-03 8.442588440950047346e-01
6.339193025938438808e-02 1.002420689782092811e-01 9.437570684474599556e-03 8.269284300779317087e-01
7.620897006862802081e-02 1.116970995209725370e-01 1.231150648394793712e-02 7.997824239264514912e-01
9.364825432617376877e-02 1.253050200140477521e-01 1.617205550885160437e-02 7.648746701509268053e-01
1.163612103526709407e-01 1.416471092665874676e-01 2.136023329229356366e-02 7.206314470884480627e-01
1.429768774076859428e-01 1.599823315907136223e-01 2.769477802318977624e-02 6.693460129784105650e-01
1.691682610349843074e-01 1.773381625411873663e-01 3.442681707333256763e-02 6.190667593504954880e-01
3.372939200256212522e-01 2.258146081137683003e-01 2.393876744347722858e-03 4.344975951162625138e-01
6.792359211954791809e-02 2.206463062572689982e-01 5.708317081898647283e-01 1.405983934333187024e-01
9.818292265704493815e-02 3.045859956894855225e-01 4.024887941661194346e-01 1.947422874873503129e-01
1.269241572918258509e-01 3.655075776985345914e-01 2.717627040678058381e-01 2.358055609418339138e-01
1.544442641651108394e-01 3.885715913284223944e-01 1.938182536871348727e-01 2.631658908193318935e-01
1.818337855642308543e-01 3.803525152230537998e-01 1.515403829582872564e-01 2.862733162544282006e-01
2.101878002559491587e-01 3.535187395909670793e-01 1.268870155280542034e-01 3.094064446250296974e-01
2.383053556473338497e-01 3.219749965054671814e-01 1.094402577930756737e-01 3.302793900541231564e-01
2.634984953534749708e-01 2.970893999349367709e-01 9.419546430664142711e-02 3.452166404049468729e-01
2.884216522764955215e-01 2.795050378664419855e-01 7.974380393118418731e-02 3.523295059258784168e-01
3.092618376001125546e-01 2.725952032172010986e-01 6.644810331359828071e-02 3.516948558690879967e-01
3.259437964997932702e-01 2.757119614503925620e-01 5.413041480192568727e-02 3.442138272478881822e-01
3.369999269644329831e-01 2.886004377474445382e-01 4.367709041816977139e-02 3.307225448699527837e-01
3.414175456284186949e-01 3.089844319455600785e-01 3.650967276518918975e-02 3.130883496608319883e-01
3.455349444555261273e-01 3.252627168617806541e-01 3.298829936128511858e-02 2.962140393214078848e-01
3.504517184356518711e-01 3.325513230582386459e-01 3.300678939043630300e-02 2.839901691156729857e-01
3.536220983978386467e-01 3.331961513246879392e-01 3.661183625177431150e-02 2.765699140256990818e-01
3.510279923931313162e-01 3.332071609714812310e-01 4.446481160196404797e-02 2.713000350334236477e-01
3.400133211903610952e-01 3.376642297451903363e-01 5.780056373518608487e-02 2.645218853292623518e-01
3.242437732549627860e-01 3.455760722042820476e-01 7.668466067104824646e-02 2.534954938697067672e-01
3.017642401792661744e-01 3.603995887598021586e-01 1.017516467407561520e-01 2.360845243201757371e-01
2.726674325305330493e-01 3.835889077362500399e-01 1.331559935481556600e-01 2.105876661850612230e-01
2.376717452897936789e-01 4.165965087598207384e-01 1.689210404346206951e-01 1.768107055157648322e-01
1.973601275292684587e-01 4.588640198691503191e-01 2.054191335334493995e-01 1.383567190681316839e-01
1.542023985115879292e-01 5.037309326356986805e-01 2.400237788069029821e-01 1.020428900458105886e-01
1.152291664120376202e-01 5.412091686600516427e-01 2.700716651083409636e-01 7.348999981956967631e-02
8.641264070580238765e-02 5.621691614263204517e-01 2.975070482452376042e-01 5.391114962263973687e-02
6.766940828740526659e-02 5.620980919943889820e-01 3.288764626656882628e-01 4.135603705251730128e-02
5.570537567650989813e-02 5.474834579381303579e-01 3.629479030523133365e-01 3.386326333304661568e-02
4.820755181953188806e-02 5.352046706393542852e-01 3.861852916308452510e-01 3.040248591026849592e-02
4.359042012938745686e-02 5.390163891113373129e-01 3.874197476495928605e-01 2.997344310968253628e-02
4.066819537024435327e-02 5.577636897872552124e-01 3.700224030095838890e-01 3.154571183291693393e-02
3.896287604557255313e-02 5.830176068944613599e-01 3.433896376314004018e-01 3.462987942856556728e-02
3.803278132835825193e-02 6.072975754300184992e-01 3.155592994850699440e-01 3.911034375655304818e-02
3.771281958502484266e-02 6.267305214535376923e-01 2.900439110359420147e-01 4.551274792549526299e-02
3.806361208299974264e-02 6.392870969095297840e-01 2.676768100725785415e-01 5.497248093489158494e-02
3.914695709446467525e-02 6.397911812112269114e-01 2.525640631893854571e-01 6.849779850492333788e-02
4.086855707600859505e-02 6.222076583640473446e-01 2.511713633909838927e-01 8.575242116895956390e-02
4.278229247468730290e-02 5.876322193334981847e-01 2.655664491679499140e-01 1.040190390238642376e-01
4.441723889262478436e-02 5.436107210090209696e-01 2.925087631040813596e-01 1.194632769942729211e-01
4.522141102596859141e-02 4.943261737217115037e-01 3.314322115217298026e-01 1.290202037305902549e-01
4.463287433073697547e-02 4.405062270842173278e-01 3.833147948932768001e-01 1.315461036917687510e-01
4.239562152086964741e-02 3.837352828727320642e-01 4.463352722362927127e-01 1.275338233701052704e-01
3.866139753695499448e-02 3.250525042199354231e-01 5.184291272391807759e-01 1.178569710039288343e-01
3.427422130668526107e-02 2.674591402009970920e-01 5.933037227110392609e-01 1.049629157812786012e-01
3.067807715328637816e-02 2.196380911825494275e-01 6.559256154607248090e-01 9.375821620343957608e-02
2.902863149781418489e-02 1.880566509927679153e-01 6.945494544039320095e-01 8.836526310548560581e-02
2.958424205606061466e-02 1.709759469229865936e-01 7.095297052724575115e-01 8.991010574849493675e-02
3.198984258802397423e-02 1.635025868623241896e-01 7.066680387388654117e-01 9.783953181078648698e-02
3.531553265388753804e-02 1.605209754187006677e-01 6.940573945951713508e-01 1.101060973322407766e-01
3.836740993055077348e-02 1.578833637628633824e-01 6.804218875917278364e-01 1.233273387148581118e-01
4.076218137519000556e-02 1.559060018721850904e-01 6.681110908439077400e-01 1.352207259087172819e-01
4.343034075778245962e-02 1.601001945581306263e-01 6.499434126465575279e-01 1.465260520375293030e-01
4.769895994483372426e-02 1.778458616463000908e-01 6.147920692377450980e-01 1.596631091711210038e-01
5.344768795824458157e-02 2.117687772696779935e-01 5.611076013225064774e-01 1.736759334495709683e-01
5.900821929822636785e-02 2.585071450886264333e-01 4.982202508537483809e-01 1.842643847593986861e-01
6.230400067986062440e-02 3.128949878092823211e-01 4.363927650490362908e-01 1.884082464618205277e-01
6.174344775671043034e-02 3.691861825262037766e-01 3.833034462642330720e-01 1.857669234528531443e-01
5.691730869067943704e-02 4.224269785349150097e-01 3.424369270008942312e-01 1.782187857735111902e-01
4.898293186944492617e-02 4.684947664813279289e-01 3.145010653681312718e-01 1.680212362810958593e-01
4.034845567454373866e-02 5.035010952904841464e-01 2.995290200603741848e-01 1.566214289745978261e-01
3.236247326731434698e-02 5.239661813933033097e-01 2.986404824211481568e-01 1.450308629182344711e-01
2.678025228418337220e-02 5.240828050694930074e-01 3.143352118249717053e-01 1.348017308213517729e-01
2.310204279255244353e-02 5.092444596436400683e-01 3.398724036198753073e-01 1.277810939439320559e-01
2.067081175537230711e-02 4.931918045404467543e-01 3.605111236503709682e-01 1.256262600538101126e-01
1.975436082417431072e-02 4.771346215240246935e-01 3.733217813053187339e-01 1.297892363464824839e-01
2.016044536473210122e-02 4.562143230529429605e-01 3.835914646585317223e-01 1.400337669237932403e-01
2.157012332151701101e-02 4.242941193843460246e-01 3.991010181285637448e-01 1.550347391655730322e-01
2.400250979666677248e-02 3.796936324821594266e-01 4.217893738940676207e-01 1.745144838271059373e-01
2.745036255056263613e-02 3.235959448654140980e-01 4.498381997413440359e-01 1.991154928426792370e-01
3.132546936322375825e-02 2.607319757189912046e-01 4.792903515710541518e-01 2.286522033467308646e-01
3.530163557892731369e-02 2.000750299590673686e-01 5.023867377395724310e-01 2.622365967224329353e-01
4.897968951967162643e-01 1.110567124712679571e-01 3.024229378509212252e-01 9.672345448109434529e-02
5.475195822370789722e-01 1.796950909381008488e-01 8.161769164141348398e-02 1.911676351834068754e-01
5.482923844321899720e-01 1.653085243640641522e-01 9.353531792436653447e-02 1.928637732793796467e-01
5.266437842642521794e-01 1.598697619522327640e-01 1.139780742379994383e-01 1.995083795455154241e-01
4.803425339899917157e-01 1.647972262623366435e-01 1.471985314040534509e-01 2.076617083436184952e-01
4.105706942683093330e-01 1.759635201919248493e-01 2.032766951797055355e-01 2.101890903600601435e-01
3.235017588993883697e-01 1.831000686782870424e-01 2.942723349654937648e-01 1.991258374568311285e-01
2.230838776394855338e-01 1.758646751804671948e-01 4.321991944701633059e-01 1.688522527098840487e-01
1.336278653617331280e-01 1.508610705435706190e-01 5.915517229151947554e-01 1.239593411795013589e-01
7.148280166977696859e-02 1.173728012011536342e-01 7.306953220444462049e-01 8.044907508462308121e-02
3.663331971621214267e-02 8.160439026713250943e-02 8.336912353035141887e-01 4.807105471314122858e-02
1.751823977901846921e-02 5.070850873358024452e-02 9.045917009103843220e-01 2.718155057701646810e-02
8.934096224706504150e-03 3.082789450225477748e-02 9.438545410936117763e-01 1.638346817942704786e-02
5.857790980822829945e-03 2.184915353924150178e-02 9.596813467436953182e-01 1.261170873624016184e-02
5.412403367969978799e-03 2.008862272481706443e-02 9.609221274803322332e-01 1.357684642688055873e-02
6.980157399444491227e-03 2.414042736922561438e-02 9.487224840265094938e-01 2.015693120482032683e-02
1.113675883202746610e-02 3.359868822221687840e-02 9.192342549986580735e-01 3.603029794709732003e-02
1.790459746366198160e-02 4.420181181131691700e-02 8.754001303646370413e-01 6.249346036038423008e-02
2.581634951436550043e-02 5.002633703669439463e-02 8.300694007600791791e-01 9.408791268886111669e-02
3.425708224595455653e-02 5.185984103050973737e-02 7.860251833353741890e-01 1.278578933881617807e-01
4.398148409852623009e-02 5.389656724154416600e-02 7.334786990154390507e-01 1.686432496444903173e-01
5.457859631739636619e-02 5.764769875642009045e-02 6.653596869243630918e-01 2.224140180018201740e-01
6.357786609536963951e-02 6.218978478355509376e-02 5.828033428670997829e-01 2.914290062539753867e-01
6.791232041217849791e-02 6.612766277967141448e-02 4.954322709009333359e-01 3.705277459072168766e-01
6.662148199446280006e-02 6.918391027236160673e-02 4.181879642615254355e-01 4.460066434716505324e-01
6.158232986894686400e-02 7.222643400117652324e-02 3.631273441381164258e-01 5.030638919917599372e-01
5.543304630916470049e-02 7.493413757136049846e-02 3.346980095347844020e-01 5.349348065846906142e-01
4.729608016357798872e-02 7.694803275947209587e-02 3.349514079986757320e-01 5.408044790782742250e-01
3.781882680827163001e-02 7.640275753447600682e-02 3.692299228771301345e-01 5.165484927801222703e-01
2.695406583985695062e-02 7.211631008697036438e-02 4.453110917243986444e-01 4.556185323487743077e-01
1.697434301071789470e-02 6.317850465897807688e-02 5.576517540440264487e-01 3.621953982862772259e-01
9.374393962055881102e-03 5.332466348407464973e-02 6.709712773820860621e-01 2.663296651717835251e-01
5.023148371119239355e-03 4.875516662281516311e-02 7.448996577807918129e-01 2.013220272252738974e-01
2.927842746380928361e-03 5.420358968464122212e-02 7.695542653335997185e-01 1.733143022353781648e-01
1.961258705274135979e-03 7.394788206980347500e-02 7.513042601460989678e-01 1.727865990788232942e-01
1.538864872556390670e-03 1.134475383322511299e-01 6.958005363813994926e-01 1.892130604137928773e-01
1.423101877473693499e-03 1.768275506391937812e-01 6.092019562978311376e-01 2.125473911855013942e-01
1.549623392483217123e-03 2.666038207964030460e-01 4.947970337499321691e-01 2.370495220611817111e-01
1.922420503246648552e-03 3.789710281575440765e-01 3.641204107091302600e-01 2.549861406300792388e-01
2.416741569810192548e-03 4.941599909484452602e-01 2.475403999858143689e-01 2.558828674959299776e-01
2.900500643739790073e-03 5.924723737064668816e-01 1.618316989452266708e-01 2.427954267045665526e-01
3.519446349620619207e-03 6.633011217349785715e-01 1.057770985326172142e-01 2.274023333827834836e-01
4.672530312841283520e-03 7.040379317075035059e-01 7.204790063641346165e-02 2.192416373432417853e-01
6.353756041628618421e-03 7.196493159961543373e-01 5.053891191053301590e-02 2.234580160516839442e-01
9.622438380576324446e-03 7.107899998236779648e-01 3.721972616936026351e-02 2.423678356263854472e-01
1.573016067659546019e-02 6.788519495850295904e-01 3.025825959476378599e-02 2.751596301436112224e-01
2.760973317147040473e-02 6.311444950791772479e-01 2.901007335473117232e-02 3.122356983946210640e-01
4.602011672951525356e-02 5.831823326667767704e-01 3.141586096256510086e-02 3.393816896411427364e-01
7.117543064695987243e-02 5.453137494576645317e-01 3.609188863134340369e-02 3.474189312640318383e-01
9.995314231757597423e-02 5.224380739908944804e-01 4.097518415809299486e-02 3.366335995334363562e-01
1.270918582468142100e-01 5.157127928940363759e-01 4.418938403689149502e-02 3.130059648222577873e-01
1.477184589755562993e-01 5.248765381687146014e-01 4.487148254590032220e-02 2.825335203098289782e-01
1.592392218695777850e-01 5.485800370250353275e-01 4.333571670183734154e-02 2.488450244035495806e-01
1.570904747596653384e-01 5.883859448005914761e-01 4.010021624528370410e-02 2.144233641944594815e-01
1.467796588837388672e-01 6.365059989916587169e-01 3.526871878620826267e-02 1.814456233383939243e-01
1.330370302860792719e-01 6.844634461860411578e-01 2.969809807824092679e-02 1.528014254496390112e-01
1.222255226354684171e-01 7.206323900679363348e-01 2.530131475930297302e-02 1.318407725372924555e-01
1.182056379531343238e-01 7.385714998533657871e-01 2.334077653193508337e-02 1.198820856615646080e-01
1.219574928207758507e-01 7.380449226255710871e-01 2.395241259691646349e-02 1.160451719567365397e-01
1.317916154249137717e-01 7.238158671641907738e-01 2.668196765627390415e-02 1.177105497546216129e-01
1.440985026497220156e-01 7.042122248252786765e-01 3.043129157763142453e-02 1.212579809473678244e-01
1.565738016400968213e-01 6.846967713558521629e-01 3.382541293781283348e-02 1.249040140662377729e-01
1.684197647293012579e-01 6.662735382444380239e-01 3.620385722411978424e-02 1.291028398021409063e-01
1.781742658196636686e-01 6.502096389917024766e-01 3.761519888745706863e-02 1.340008963011767584e-01
1.840163630852622023e-01 6.395158305867603143e-01 3.810162046909412042e-02 1.383661858588833005e-01
1.859275171231850321e-01 6.345488695950455282e-01 3.790395361563581034e-02 1.416196596661336016e-01
1.858688223155703922e-01 6.316620392831175934e-01 3.761597447034253916e-02 1.448531639309695029e-01
1.855261329096915823e-01 6.276549063107540460e-01 3.764097499549983600e-02 1.491779857840545565e-01
1.858895395405990858e-01 6.209774116332652527e-01 3.818655958087278229e-02 1.549464892452631359e-01
1.878186960437898123e-01 6.104445015866000190e-01 3.963843767665349571e-02 1.620983646929570476e-01
1.909436172573467094e-01 5.973294763976082500e-01 4.227315733010217347e-02 1.694537490149425341e-01
1.940692041290553171e-01 5.848184997302329213e-01 4.578590789721887627e-02 1.753263882434928367e-01
4.547811774205764296e-02 8.284949895927191943e-02 2.290920705834194153e-03 8.693814625928361073e-01
4.295169315610364302e-02 9.954929315233228271e-02 2.345279246774174906e-03 8.551537344447898148e-01
4.300617633361861203e-02 1.201193009260093925e-01 2.564497889204569569e-03 8.343100248511672312e-01
4.504752756399445918e-02 1.434549123661090220e-01 2.907366131574529687e-03 8.085901939383217663e-01
4.868509522902347147e-02 1.683838094291149612e-01 3.318401877527655478e-03 7.796126934643335948e-01
5.446006621894312200e-02 1.951766050884551351e-01 3.837343093759030925e-03 7.465259855988430893e-01
6.293656837300953821e-02 2.223052353888610722e-01 4.613221872062830617e-03 7.101449743660663838e-01
7.401526238034011884e-02 2.453127814391324046e-01 5.872099168794601108e-03 6.747998570117330619e-01
8.790617183053671402e-02 2.603598884588838036e-01 7.930102791680581839e-03 6.438038369188987531e-01
1.042300802951399430e-01 2.668856620499274190e-01 1.103068079871740749e-02 6.178535768562150032e-01
1.256513270740621524e-01 2.653760780324183055e-01 1.488209568129822760e-02 5.940904992122215678e-01
1.548640585500518085e-01 2.592893339665178765e-01 1.805011683782257667e-02 5.677964906456078875e-01
1.984068340271773201e-01 2.489641291714992100e-01 1.857125337423035094e-02 5.340577834270933133e-01
2.553122472860127612e-01 2.349639242850681264e-01 1.642713261933475416e-02 4.932966958095841847e-01
3.221039836589257854e-01 2.161996444128235773e-01 1.326346037767706966e-02 4.484329115505735763e-01
3.901909090113569456e-01 1.966557700700629352e-01 1.035142417789713422e-02 4.028018967406831741e-01
4.543618683013702086e-01 1.790309114540630242e-01 8.085438114134176416e-03 3.585217821304326757e-01
5.182714405397641499e-01 1.616176866692822234e-01 6.388155640611880778e-03 3.137227171503416123e-01
5.852560117759120217e-01 1.439817346046081969e-01 5.121203951916446229e-03 2.656410496675633559e-01
6.461649273036320640e-01 1.295535639026904606e-01 4.244502224837598016e-03 2.200370065688398991e-01
6.894962002235853760e-01 1.211155828574256438e-01 3.679706059598419551e-03 1.857085108593904410e-01
7.133551965597497713e-01 1.196399103295789634e-01 3.313163511024806718e-03 1.636917295996465349e-01
7.220049922973312828e-01 1.253963619288872289e-01 3.073628176763503698e-03 1.495250175970178341e-01
6.932925883899352382e-01 1.726973446111020605e-01 4.896247038906660631e-02 8.504759660989574810e-02
7.180546562208266481e-01 1.617444742309458172e-01 4.050782225064795961e-02 7.969304729757943628e-02
7.456504862081573259e-01 1.463504396460385548e-01 3.304895049242678046e-02 7.495012365337738736e-02
7.730811509772710366e-01 1.289188027708363105e-01 2.679719050101351391e-02 7.120285575087921537e-02
7.969515568720844101e-01 1.123958798463256664e-01 2.158626891393880184e-02 6.906629436765115981e-02
8.138040406243768343e-01 9.951153385424255093e-02 1.728598785051827305e-02 6.939843767086245618e-02
8.207046115586402735e-01 9.228331862196179070e-02 1.381671373052329246e-02 7.319535608887448030e-02
8.153496731720886181e-01 9.217809742510384152e-02 1.104532975318761601e-02 8.142689964961970228e-02
7.969442610670205429e-01 9.985910000880873771e-02 8.673740546503324461e-03 9.452289837766726655e-02
7.591003950811855416e-01 1.212131787365051394e-01 6.900929624769657975e-03 1.127854965575397078e-01
7.023628667374450796e-01 1.575384397219702082e-01 5.703617600453284552e-03 1.343950759401318362e-01
6.364253159941395399e-01 2.027725957527146405e-01 5.166615660047093640e-03 1.556354725930988725e-01
5.739190186753219125e-01 2.439089683706745226e-01 5.177142065969573582e-03 1.769948708880339783e-01
5.073488665557046584e-01 2.815828195763402930e-01 5.873794861262209878e-03 2.051945190066927494e-01
4.297841996472016590e-01 3.172096293799779865e-01 7.305605256505103354e-03 2.457005657163153500e-01
3.436200174293144172e-01 3.459568793192954739e-01 9.461237795282540289e-03 3.009618654561073137e-01
2.633114577016908431e-01 3.543156885890470509e-01 1.189841693244112972e-02 3.704744367768211255e-01
1.975938125395167722e-01 3.378127500955255824e-01 1.479567881865153506e-02 4.497977585463059369e-01
1.473207339822910078e-01 3.037291266530395828e-01 1.746467127859433269e-02 5.314854680860747749e-01
1.123739413231819168e-01 2.620056211451790573e-01 1.991064489790484240e-02 6.057097926337342564e-01
8.852859712624870647e-02 2.243853111278883983e-01 2.270102152038921267e-02 6.643850702254735507e-01
7.046044497388963268e-02 1.967733971881366895e-01 2.622540396831800694e-02 7.065407538696556466e-01
5.679495074993692189e-02 1.777034505563693523e-01 3.077713677507201706e-02 7.347244619186217296e-01
4.659597416794197811e-02 1.651502580379294038e-01 3.745019511467519852e-02 7.508035726794534126e-01
3.970488173814248900e-02 1.571105339262123257e-01 4.871703510571005064e-02 7.544675492299351971e-01
3.591743946016863476e-02 1.519721076246709768e-01 6.663490358542932535e-02 7.454755493297310354e-01
3.403200950649096918e-02 1.471591952874566067e-01 8.916976755715398661e-02 7.296390276488985416e-01
3.251576352293633621e-02 1.371528968735791776e-01 1.093570717695826894e-01 7.209742678339016164e-01
3.048606109546112691e-02 1.171243667449842624e-01 1.230437752259448819e-01 7.293457969336100133e-01
2.810021831733139699e-02 8.964127370384619709e-02 1.344935296193234819e-01 7.477649783594990662e-01
2.621269512631669088e-02 6.316990955512760686e-02 1.506431618960431262e-01 7.599742334225123574e-01
2.521373311300317138e-02 4.322250434916044548e-02 1.749425308523487876e-01 7.566212316854873388e-01
2.491124342448077303e-02 3.038787606128166147e-02 2.052287262025335457e-01 7.394721543117040996e-01
2.521868961484635338e-02 2.326372907232128820e-02 2.327058924918444238e-01 7.188116888209877819e-01
2.612943479660467458e-02 1.997395879332636293e-02 2.467775968314512014e-01 7.071190095786177299e-01
2.755554211669522524e-02 1.885803729934785317e-02 2.455465210127509013e-01 7.080398995712062771e-01
2.972372243234357517e-02 1.889484966238478766e-02 2.379242996000489885e-01 7.134571283052225654e-01
3.328542799011006276e-02 1.961449521522790063e-02 2.345057392516528560e-01 7.125943375430090487e-01
3.885597615587380038e-02 2.063378931882611789e-02 2.419799758316440175e-01 6.985302586936558145e-01
4.646998324551295662e-02 2.133100627390382975e-02 2.651533115748542779e-01 6.670456989057291786e-01
5.522657544029617449e-02 2.100041561286097869e-02 3.090787070949296278e-01 6.146943018519133162e-01
6.365227077502920439e-02 1.950239352496246220e-02 3.760119009407835722e-01 5.408334347592248514e-01
7.041794800809518529e-02 1.744010438804892080e-02 4.606485061162287620e-01 4.514934414876272673e-01
7.456838377997106193e-02 1.545737088448965839e-02 5.500897112795426480e-01 3.598845340559965189e-01
7.579553907934388768e-02 1.376032269476125391e-02 6.301081523356337755e-01 2.803359858902610968e-01
7.457504021946594064e-02 1.226600320843563956e-02 6.940770246014971168e-01 2.190819319706013568e-01
7.188131776300132891e-02 1.090176039230261913e-02 7.422286393187569331e-01 1.749882825259390373e-01
6.835012529301291717e-02 9.525789135909122282e-03 7.772132230784857265e-01 1.449108624925920519e-01
6.607524975027502523e-02 8.519366226926798971e-03 7.993845798211001163e-01 1.260208042016982277e-01
6.417406241456583005e-02 7.664906870654174600e-03 8.117441823802226120e-01 1.164168483345573157e-01
6.323070872265537656e-02 7.020163460693691800e-03 8.145045218994397818e-01 1.152446059172111126e-01
6.373152166423318166e-02 6.630187273138521409e-03 8.071572648202450795e-01 1.224810262423836893e-01
6.583851742410627705e-02 6.497844776184586238e-03 7.889322269939604837e-01 1.387314108057488560e-01
7.064131035970165617e-02 6.676425594168161441e-03 7.572455916798169762e-01 1.654366723663131533e-01
7.594545508453058591e-02 6.928253762898520067e-03 7.112988081732209977e-01 2.058274829793499128e-01
8.091848971019539871e-02 7.272667337973497299e-03 6.473741289860273085e-01 2.644347139658038137e-01
8.354324666189509585e-02 7.606453911768256380e-03 5.656176541168094207e-01 3.432326453095274621e-01
8.249206138027842528e-02 7.895350208619445267e-03 4.712912194845946257e-01 4.383213689265071378e-01
7.835737082593501046e-02 8.337523344653856999e-03 3.723102105585003319e-01 5.409948952709108250e-01
7.279334079473337438e-02 9.393025525129345549e-03 2.769737975219462300e-01 6.408398361581909564e-01
6.688715966054024908e-02 1.164917531425608416e-02 1.932172232005986423e-01 7.282464418246052951e-01
6.119960424878692629e-02 1.565262253798514400e-02 1.264595970546096571e-01 7.966881761586187549e-01
5.691738090514061876e-02 2.169877780113143792e-02 7.922566672875992755e-02 8.421581745649679984e-01
5.513805731013442235e-02 3.016102176385138112e-02 4.926191066136912516e-02 8.654390102646448701e-01
5.567898787149869883e-02 4.278656287400912916e-02 3.129099154681831696e-02 8.702434577076741951e-01
5.761135325097533483e-02 6.343195080773579575e-02 2.083631511703150363e-02 8.581203808242572340e-01
5.943542021475071990e-02 9.801138319792380982e-02 1.455759513155654473e-02 8.279956014557687816e-01
5.932161556505220062e-02 1.549698448498471048e-01 1.040523988763938056e-02 7.753032996974610347e-01
5.591796628134607788e-02 2.446361230510180340e-01 7.432677896984056856e-03 6.920132327706518538e-01
4.892278326076469896e-02 3.699826516340629645e-01 5.304746198653888418e-03 5.757898189065183692e-01
3.985766359160827776e-02 5.107949176958482829e-01 3.915968243747778611e-03 4.454314504687956755e-01
3.191188148240947653e-02 6.302639088953723157e-01 3.215508088428504704e-03 3.346087015337900206e-01
2.736873700616229005e-02 7.053493681654573466e-01 3.224694809681242797e-03 2.640572000186988677e-01
2.628883165179196971e-02 7.387929741067880141e-01 4.089674366601000165e-03 2.308285198748188105e-01
2.760373873916218204e-02 7.451883463945379038e-01 6.197009225069463785e-03 2.210109056412304929e-01
3.007836920674910111e-02 7.385997900898148005e-01 1.024124416696121746e-02 2.210805965364747994e-01
3.301522089959880307e-02 7.264687890967551631e-01 1.740168774470979979e-02 2.231143022589363034e-01
3.628595949530947357e-02 7.099658731359116404e-01 2.921713323281063812e-02 2.245310341359679496e-01
3.973418922061773551e-02 6.892459357985116775e-01 4.609324896320666359e-02 2.249266260176641385e-01
4.299714935622445805e-02 6.679364482121130653e-01 6.493545240223508319e-02 2.241309500294275947e-01
4.604848726186527158e-02 6.513302598684386213e-01 7.880091826980344105e-02 2.238203345998926452e-01
4.938514565276026086e-02 6.406814409558078127e-01 8.177808606913655742e-02 2.281553273222955425e-01
5.339860000094602543e-02 6.300728195705240786e-01 7.558339105961989213e-02 2.409451893689100455e-01
5.764561272755636123e-02 6.096519238335431634e-01 6.764267924508304830e-02 2.650597841938177046e-01
6.108578115973276740e-02 5.729925785683254169e-01 6.276363143612999351e-02 3.031580088358116765e-01
6.235642779491052529e-02 5.196512797470997924e-01 6.109720047693493333e-02 3.568950919810547906e-01
5.990373544931155286e-02 4.531276767513425230e-01 6.133925569757086443e-02 4.256293321017754483e-01
5.334916984662160799e-02 3.809410624764835718e-01 6.150392981572980200e-02 5.042058378611650182e-01
4.473888621211535854e-02 3.142342624207403179e-01 5.896216893901986417e-02 5.820646824281247023e-01
