1.673033890225985101e-02 1.211314918829524585e-02 1.378222093971555318e-01 8.333343025122896819e-01
6.807157765224415569e-02 8.799003725425562361e-02 5.612545196731805880e-02 7.878129331261821688e-01
5.110801672114738403e-02 8.380794699283797278e-02 4.584220417352095900e-02 8.192418321124937952e-01
4.089260402450897725e-02 8.355525850192518922e-02 3.943113446088084006e-02 8.361210030126851045e-01
3.508984789648615654e-02 8.578549348778555239e-02 3.605309315645501000e-02 8.430715654592733088e-01
3.216038091349917444e-02 8.781375110669886741e-02 3.513794781130255562e-02 8.448879201684994511e-01
3.118977899222829392e-02 8.734554612875088109e-02 3.658499465667336414e-02 8.448796802223476066e-01
3.231731995029761551e-02 8.563293924999933193e-02 4.093818991801808499e-02 8.411115508816850994e-01
3.589470898759873629e-02 8.555532890017994441e-02 4.884843851077286941e-02 8.297015236014485540e-01
4.087594478710499662e-02 8.753100254816026382e-02 6.012195890393899622e-02 8.114710937607957364e-01
4.480239589541427925e-02 8.992454975455835275e-02 7.348194550724652940e-02 7.917911088427813660e-01
4.540408399856874638e-02 9.180701928683314417e-02 8.579878445852998081e-02 7.769901122560680662e-01
4.255463591106724980e-02 9.450597420978491814e-02 9.224904604663548835e-02 7.706903438325124478e-01
3.785729990422605912e-02 1.006575385796902450e-01 9.046034566747780670e-02 7.710248158486060488e-01
3.257576907700211744e-02 1.138415271561471903e-01 8.143666528398391113e-02 7.721460384828670032e-01
2.763663606574328149e-02 1.419573483203664943e-01 6.722118068202229124e-02 7.631848349318679503e-01
2.373538252908079585e-02 1.980722105529004740e-01 5.203743646827908159e-02 7.261549704497397562e-01
2.057201600855047829e-02 2.874900422846954906e-01 4.045825920381041635e-02 6.514796825029436356e-01
1.726475278210051409e-02 3.983785176925331295e-01 3.309930057712359708e-02 5.512574289482429224e-01
1.363269589932765077e-02 5.107236675427347938e-01 2.891966914331588201e-02 4.467239674146217809e-01
1.028717814845108748e-02 6.121184759995527136e-01 2.679514941080086976e-02 3.507991964411953378e-01
7.820545804422613517e-03 7.024743857190858254e-01 2.517436890710958095e-02 2.645306995693817442e-01
6.135233027532232923e-03 7.869052564001514094e-01 2.178452980231593283e-02 1.851749807700005523e-01
4.565560664652843804e-03 8.647309946620034271e-01 1.592053487435339879e-02 1.147829097989903208e-01
3.390526085379781413e-03 9.252950061698869133e-01 9.406794378426472023e-03 6.190767336630693951e-02
2.477279323391340382e-03 9.628490960796985965e-01 4.732536503877563666e-03 2.994108809303241969e-02
1.766438500830671806e-03 9.826269043952140514e-01 2.173784211414454739e-03 1.343287289254096670e-02
1.245077347748487807e-03 9.919640466956659575e-01 9.575945033671951281e-04 5.833281453218389090e-03
9.313872468677748036e-04 9.959390150516927998e-01 4.343062161701996592e-04 2.695291485269066516e-03
2.534827154453557232e-06 9.984626027438329166e-01 1.758498656130210163e-04 1.359012563399607069e-03
1.654613937346429122e-06 9.989765305492492864e-01 1.210646492399452710e-04 9.007501875736789948e-04
1.479597321665567901e-06 9.991735429718672235e-01 1.076833835429679532e-04 7.172940472682723520e-04
1.459006642535404531e-06 9.992331571309492899e-01 1.154356419106839041e-04 6.499482204975707417e-04
1.905809412707013188e-06 9.991217803987477719e-01 1.582515491965016301e-04 7.180622426429181249e-04
1.448483369104595821e-03 9.968557878457401378e-01 3.806954387029406334e-04 1.315033346452697000e-03
2.609443278036611448e-03 9.941761647632988419e-01 8.937031732797912640e-04 2.320688785384731646e-03
5.230038579542440301e-03 9.880438404865801161e-01 2.271710502300620070e-03 4.454410431576539924e-03
1.018639437853473620e-02 9.759903793788118342e-01 5.522719551740674568e-03 8.300506690913084587e-03
1.685211320093330314e-02 9.568174680270474797e-01 1.233444557883630818e-02 1.399597319318273726e-02
2.661947710508296566e-02 9.263902043682895604e-01 2.526618657854185976e-02 2.172413194808584316e-02
3.826945640197151194e-02 8.825821012639357699e-01 4.819572058367469630e-02 3.095272175041772003e-02
5.094497810076537708e-02 8.228880880266420395e-01 8.523610433686344690e-02 4.093082953572893534e-02
6.323229634774564512e-02 7.468088476720532443e-01 1.399953614383579181e-01 4.996349454184304678e-02
7.296649915282575616e-02 6.542485201832978214e-01 2.169405823650439047e-01 5.584439829883280915e-02
7.731450888837124169e-02 5.419731912675042063e-01 3.235342162050902082e-01 5.717808363903414265e-02
7.261540725940127117e-02 4.069082553637592969e-01 4.677448904162443410e-01 5.273144696059497288e-02
5.930442002555601916e-02 2.680915303580595488e-01 6.293443027285799962e-01 4.325974688780441502e-02
4.626759310419139432e-02 1.676199209268556811e-01 7.518219617158212742e-01 3.429052425313161567e-02
3.814244482772212452e-02 1.135429346884839902e-01 8.193756905380105149e-01 2.893892994578314143e-02
3.342786705198724090e-02 8.785017118086389798e-02 8.524721677664629516e-01 2.624979400068621141e-02
3.137572683232466714e-02 7.945649053614940727e-02 8.633601523675999978e-01 2.580763026392594861e-02
3.279880753392312026e-02 8.558123693915831165e-02 8.531807123868934140e-01 2.843924314002505352e-02
3.751012757122772212e-02 1.041496646710191737e-01 8.241159412985333832e-01 3.422426645921957528e-02
4.273447306013611335e-02 1.279757283022880110e-01 7.883047018054104571e-01 4.098509683216511323e-02
4.590825315015466951e-02 1.485487936723575153e-01 7.591056294320716047e-01 4.643732374541628682e-02
4.634946966311262462e-02 1.606888123971842441e-01 7.432293589592068317e-01 4.973235898049666037e-02
4.380484890773334722e-02 1.622123447815645159e-01 7.434145824643303424e-01 5.056822384637174594e-02
3.803120990596988577e-02 1.542056043576338631e-01 7.590619840534259533e-01 4.870120168297001340e-02
2.969518028506924756e-02 1.405765104225113193e-01 7.856308322686699208e-01 4.409747702374909595e-02
2.104990382352297726e-02 1.280603591429375354e-01 8.129270375459290987e-01 3.796269948761037821e-02
1.446803355370451100e-02 1.255809546597708715e-01 8.272103571366764552e-01 3.274065464984805829e-02
1.057890964390320772e-02 1.423321518946397690e-01 8.167803596597849047e-01 3.030857880167213067e-02
8.780068168741102935e-03 1.853578100814270713e-01 7.752286328832251883e-01 3.063348886660673814e-02
8.106541499792853031e-03 2.589576909039575381e-01 7.000762063728015461e-01 3.285956122344790148e-02
8.042695629678936475e-03 3.498517481019857156e-01 6.060534564187535223e-01 3.605209984958190200e-02
8.178816556938769619e-03 4.225775308484441828e-01 5.294455527354793301e-01 3.979809985913775050e-02
8.076595810161955533e-03 4.492427369378021451e-01 4.988294798688376330e-01 4.385118738319828541e-02
7.689436514119843934e-03 4.308636387735521600e-01 5.131258861966546680e-01 4.832103851567313285e-02
7.610895704233788805e-03 3.906066089550846998e-01 5.474345593857790071e-01 5.434793595490249041e-02
8.201737269040620254e-03 3.548208845232425079e-01 5.743251080153910504e-01 6.265227019232595673e-02
9.432252717397551431e-03 3.357758435327080626e-01 5.815944546502904711e-01 7.319744909960382295e-02
1.137179280357379814e-02 3.344652432211475124e-01 5.677797298675170135e-01 8.638323410776194144e-02
8.772262053746239518e-02 5.705901126057548733e-01 2.117567217108277666e-01 1.299305451459547289e-01
5.235082217622764045e-01 1.027347021593646437e-01 4.845378025590402898e-02 3.253032958224547633e-01
4.967161610252627812e-01 9.635731504057415409e-02 4.939571471680302001e-02 3.575308092173599683e-01
4.667212781088320162e-01 8.870829279212190388e-02 5.045053079258458167e-02 3.941198983064617689e-01
4.280465475274950471e-01 8.240862897298789624e-02 5.197655845917915907e-02 4.375682650403378005e-01
3.794418780689411963e-01 7.687809117302968342e-02 5.245636302271783347e-02 4.912236677353113423e-01
3.222631416542706684e-01 7.410570367046072360e-02 5.128915321562647206e-02 5.523420014596418515e-01
2.646525769114235760e-01 7.500242302565940378e-02 4.766232374604124911e-02 6.126826763168761181e-01
2.128412334703434772e-01 7.982419777362521895e-02 4.143480760015257752e-02 6.658997611558787888e-01
1.684779160649887697e-01 8.787538226444317757e-02 3.400995264827900988e-02 7.096367490222890151e-01
1.329569757138340802e-01 9.596633679147995033e-02 2.704075430611801306e-02 7.440359331885679772e-01
1.082805711429258994e-01 1.028785396256403778e-01 2.244760381630807669e-02 7.663932854151253027e-01
9.660619751190339943e-02 1.101247798764898589e-01 2.030705541784129375e-02 7.729619671937656422e-01
9.714137343313153372e-02 1.183626096829827473e-01 2.018158738884273315e-02 7.643144294950429130e-01
1.084864162654102515e-01 1.280694576398573870e-01 2.130541887072463086e-02 7.421387072240075433e-01
1.302293491512084844e-01 1.431191649096957563e-01 2.258206976976028998e-02 7.040694161693353825e-01
1.604898201950118175e-01 1.689674653772679225e-01 2.266904434379945696e-02 6.478736700839207163e-01
1.920441609781283754e-01 2.075018133796475428e-01 2.069985426568669504e-02 5.797541713765379523e-01
2.170406778644516088e-01 2.535230065416907430e-01 1.748011170672221504e-02 5.119562038871353638e-01
2.346701243969575579e-01 2.955882688387285739e-01 1.459227370728794632e-02 4.551493330570260398e-01
2.486752594554019757e-01 3.237325785147940893e-01 1.290800405411248429e-02 4.146841579756914142e-01
2.590425777104156113e-01 3.346079140189315293e-01 1.244031937168730076e-02 3.939091888989655343e-01
2.614864848343820825e-01 3.280798423959384591e-01 1.279521335454815445e-02 3.976384594151314289e-01
2.527474923178886224e-01 3.038472696319586830e-01 1.349850758869069502e-02 4.299067304614621055e-01
2.317723740029364043e-01 2.649545637626778971e-01 1.395869940313937234e-02 4.893143628312462412e-01
2.004446076618694172e-01 2.195711612701409521e-01 1.326239182530716820e-02 5.667218392426823792e-01
1.637607906539960967e-01 1.753017399617760874e-01 1.078691099590070764e-02 6.501505583883272488e-01
1.289157546872229110e-01 1.359273464853546221e-01 7.289325968793180371e-03 7.278675728586291305e-01
1.034380459919609502e-01 1.048828338070401794e-01 4.309212697802484830e-03 7.873699075031967975e-01
8.950421783643532081e-02 8.259074838302814248e-02 2.577479601778025556e-03 8.253275541787582492e-01
8.205339771733746734e-02 6.378483512373162023e-02 1.742485465828502505e-03 8.524192816931025485e-01
7.561229925389452433e-02 4.559555427315131054e-02 1.307593269072875432e-03 8.774845532038811902e-01
6.792293426282154656e-02 3.041946453328760874e-02 1.035516404284688840e-03 9.006220847996062595e-01
6.184338403696738179e-02 1.855867139038633318e-02 8.108677733895410487e-04 9.187870767992567522e-01
5.851214327759302058e-02 1.199483433394340180e-02 6.629231797630224425e-04 9.288300992087004104e-01
5.870234889807987577e-02 8.772129211610732447e-03 5.878698229716484893e-04 9.319376520673376962e-01
6.220845556001922821e-02 7.322548336253563959e-03 5.803187375867485372e-04 9.298886773661405591e-01
6.893882189796148030e-02 6.779946785281347130e-03 6.302488948411802405e-04 9.236509824219161224e-01
8.003137725488454479e-02 6.784431678044493437e-03 7.389053008106395140e-04 9.124452857662604943e-01
9.911209454391309293e-02 7.398684109473170102e-03 9.313509925450625835e-04 8.925578703540687497e-01
1.310407126479025408e-01 8.864284501357568360e-03 1.241114899741083697e-03 8.588538879509987067e-01
1.799011355856280636e-01 1.149294176036587400e-02 1.709416815320024445e-03 8.068965058386863287e-01
2.479429374128702956e-01 1.564126921996180503e-02 2.157105445418391280e-03 7.342586879217496421e-01
3.227811899274605767e-01 2.044014959952427171e-02 2.664996303802675930e-03 6.541136641692124609e-01
3.889081511723525564e-01 2.506747372484331715e-02 3.377659825814586288e-03 5.826467152769894131e-01
4.413817475166420534e-01 2.861125964106013206e-02 3.361807031758630090e-03 5.266451858105390960e-01
4.739197874835260338e-01 3.212591186052742714e-02 3.143607407199450893e-03 4.908106932487469320e-01
4.858556726340836351e-01 3.684222968015535976e-02 2.959793508126994099e-03 4.743423041776339555e-01
4.799536402458602358e-01 4.310174876893663187e-02 2.929628437354628735e-03 4.740149825478484069e-01
4.606959792907962536e-01 5.091893921839674847e-02 2.707796159492128433e-03 4.856772853313146010e-01
4.312809774248504979e-01 5.786848492126223792e-02 2.880463035433824485e-03 5.079700746184535598e-01
3.941334175386499439e-01 6.483026341201707232e-02 3.005759672060594450e-03 5.380305593772723993e-01
3.509702405141675863e-01 7.377441763374513461e-02 3.095367335356684173e-03 5.721599745167305073e-01
3.085248923353874351e-01 8.585835201715365239e-02 3.173753778580301003e-03 6.024430018688790023e-01
2.722959499460058663e-01 9.928264461525450335e-02 3.323120168543834425e-03 6.250982852701956194e-01
2.407900634173047172e-01 1.154639868219804466e-01 3.066990529660250462e-03 6.406789592310544457e-01
2.127819712396070428e-01 1.306056144377776840e-01 2.518178384983460732e-03 6.540942359376320514e-01
1.828978832276741406e-01 1.461733583804989967e-01 2.263234740441851314e-03 6.686655236513852074e-01
1.514566226995318066e-01 1.550001393437958896e-01 2.129270568450632433e-03 6.914139673882214732e-01
1.237869821290985134e-01 1.538175627832228387e-01 2.239122891393465625e-03 7.201563321962852759e-01
1.048150322004502699e-01 1.453876392595546962e-01 2.767962746311837096e-03 7.470293657936830645e-01
9.404299586858626270e-02 1.328260323861462366e-01 3.899488791705778626e-03 7.692314829535616960e-01
8.881802439916862413e-02 1.189135642779628604e-01 5.772682765075321139e-03 7.864957285577931501e-01
8.746320669175447482e-02 1.071376550150055784e-01 8.369759090321036293e-03 7.970293792029189417e-01
9.018109036964847003e-02 1.006316089029138661e-01 1.152073696143460398e-02 7.976665637660032004e-01
9.872047108740016064e-02 1.008274708478748283e-01 1.521273080116379225e-02 7.852393272635610488e-01
1.146643124073553344e-01 1.060769642366247018e-01 1.973863524906802058e-02 7.595200881069520404e-01
1.371022216966919227e-01 1.118006859522517882e-01 2.528749223020719181e-02 7.258096001208489412e-01
1.648640185251135648e-01 1.155990787171315148e-01 3.201835074491697630e-02 6.875185520128379579e-01
1.989578810624920702e-01 1.190888604733614242e-01 4.020541481662749661e-02 6.417478436475190229e-01
2.373910080412994783e-01 1.237202904452075897e-01 4.960905311425073405e-02 5.892796483992421841e-01
2.774833549005508715e-01 1.266138523917881287e-01 5.842469388001949454e-02 5.374780988276417482e-01
3.246313005458734691e-01 3.619116744760302873e-01 4.224255427080486971e-03 3.092327695510155294e-01
6.212413639911375934e-02 9.206893218582565264e-02 6.308012109752804131e-01 2.150057204397803345e-01
8.843150608348543384e-02 1.232128431113152095e-01 4.960272540573857913e-01 2.923283967478135237e-01
1.174857377803734254e-01 1.446415519224119595e-01 3.818896399916885676e-01 3.559830703055260614e-01
1.465066352990329335e-01 1.502311545844140228e-01 3.068622325460784728e-01 3.963999775704747930e-01
1.757900942246190534e-01 1.423171010360625155e-01 2.638249231729792310e-01 4.180678815663395054e-01
2.068950288337006727e-01 1.279106783387514434e-01 2.376732752210332644e-01 4.275210176065147860e-01
2.411646824832035796e-01 1.135443610298203093e-01 2.162532648418744041e-01 4.290376916451018041e-01
2.784514046269652154e-01 1.021678602336601877e-01 1.934806551155453247e-01 4.259000800238292306e-01
3.169168512136529281e-01 9.424132670704117587e-02 1.682291674126518699e-01 4.206126546666542065e-01
3.538376143499195048e-01 8.953789187558826301e-02 1.415713688613193522e-01 4.150531249131728662e-01
3.867129007175521549e-01 8.782977199513583577e-02 1.153026719964400648e-01 4.101546552908720278e-01
4.142054553353558544e-01 8.945622152350424239e-02 9.219281332026529885e-02 4.041455098208746599e-01
4.360842670037159974e-01 9.440985676322390108e-02 7.557687894220530000e-02 3.939289972908549542e-01
4.535497532638209650e-01 9.916790263181256282e-02 6.668858425395575440e-02 3.805937598504108843e-01
4.662771615115285373e-01 1.019042962351822956e-01 6.433512516319687957e-02 3.674834170900925234e-01
4.715324900440908129e-01 1.022094260500910345e-01 6.786305825183100437e-02 3.583950256539871204e-01
4.657848620757623070e-01 1.033508333699779264e-01 7.719868689037916176e-02 3.536656176638804938e-01
4.504593090949529088e-01 1.091097926578431382e-01 9.126263250384303305e-02 3.491682657433609061e-01
4.281810345889020541e-01 1.211454244734319063e-01 1.104510033413870357e-01 3.402225375962791842e-01
4.007091851422428519e-01 1.424980986682461981e-01 1.330617542351623384e-01 3.237309619543486949e-01
3.688725170243827289e-01 1.763255207807190861e-01 1.573698914879058108e-01 2.974320707069922909e-01
3.326868516847964474e-01 2.271438467666815897e-01 1.802237175267899227e-01 2.599455840217319569e-01
2.896344853988090939e-01 3.015607483663166888e-01 1.956207128800721284e-01 2.131840533548016725e-01
2.388254622349031964e-01 3.930942154714625603e-01 2.032672124996299512e-01 1.648131097940041534e-01
1.870796564454449695e-01 4.863655867228562357e-01 2.029421208900376861e-01 1.236126359416611781e-01
1.447215553408815747e-01 5.615068035310081251e-01 2.003925023904450098e-01 9.337913873766534589e-02
1.159174808921700633e-01 6.091287199555396326e-01 2.014924058575106314e-01 7.346139329477961721e-02
9.662052392093241349e-02 6.322995075284690847e-01 2.090576667115047194e-01 6.202230183909393513e-02
8.426449013470919958e-02 6.472175686011398810e-01 2.114157590637488204e-01 5.710218220040216841e-02
7.533253884722254656e-02 6.646683801330085517e-01 2.030624968692941457e-01 5.693658415047447158e-02
6.712297088591916150e-02 6.880148411299785716e-01 1.848724256994793147e-01 5.998976228462282734e-02
6.213990042620194665e-02 7.067353940389968781e-01 1.647378714127963883e-01 6.638683412200492573e-02
5.695780417225616843e-02 7.196776321755209427e-01 1.468495502075918002e-01 7.651501344463128296e-02
5.267732134858744975e-02 7.231610228204008450e-01 1.316996122715181627e-01 9.246204355949348697e-02
4.958382180566917041e-02 7.120476951139551591e-01 1.204730323016282995e-01 1.178954507787476902e-01
4.795162376706664509e-02 6.803582924340778604e-01 1.146614582734121202e-01 1.570286255254431662e-01
4.742352923759540068e-02 6.254387844275828279e-01 1.157848136844142478e-01 2.113528726504074196e-01
4.694665572421755778e-02 5.551856258950687018e-01 1.226458166684927520e-01 2.752219017122206624e-01
4.589522023368439174e-02 4.837057087311660286e-01 1.326626930992352571e-01 3.377363779359143225e-01
4.419242132144953622e-02 4.191641317833155189e-01 1.458825315911847775e-01 3.907609153040505490e-01
4.191113171194744275e-02 3.619689750411910212e-01 1.640405544994486264e-01 4.320793387474127223e-01
3.919838577630539028e-02 3.104541525288278536e-01 1.883458247353927695e-01 4.620016369594742156e-01
3.630537055173491817e-02 2.629905410234811836e-01 2.204155851352645745e-01 4.802885032895193307e-01
3.371903436812755811e-02 2.188588088920840335e-01 2.607225225023327986e-01 4.866996342374557138e-01
3.197555235101825349e-02 1.801939830481933402e-01 3.028945954465769308e-01 4.849358691542112187e-01
3.143804849004252361e-02 1.496824894461195321e-01 3.356235681502750534e-01 4.832558939135629950e-01
3.214837303631526422e-02 1.270943054807837924e-01 3.527208080424507064e-01 4.880365134404500704e-01
3.389129855463053620e-02 1.106821662794540001e-01 3.556007350200826034e-01 4.998258001458327771e-01
3.672285022628857948e-02 9.780528585434297706e-02 3.502483665631860865e-01 5.152234973561824471e-01
3.902668034904909627e-02 8.841059885281681019e-02 3.428721602574189009e-01 5.296905605407151718e-01
4.144183406993633134e-02 8.211941392634314330e-02 3.370017033294451791e-01 5.394370486742748882e-01
4.504309914972198792e-02 8.112113918135291368e-02 3.309942061422995740e-01 5.428415555266251635e-01
5.095448328475452732e-02 8.809028745620381406e-02 3.196378867952823777e-01 5.413173424637588438e-01
5.890193455633890851e-02 1.042890019386845113e-01 3.010273336307575653e-01 5.357817298742191259e-01
6.716124659467513636e-02 1.300045171331835059e-01 2.783689909511335436e-01 5.244652453210074672e-01
7.352447267067610537e-02 1.663303097952984477e-01 2.550932437240207018e-01 5.050519738100043288e-01
7.565592992896252866e-02 2.154194001935764435e-01 2.331607328097693999e-01 4.757639370676913781e-01
7.328866776111829517e-02 2.745627009730248203e-01 2.150371531586877660e-01 4.371114781071695488e-01
6.618101504373134769e-02 3.406597084327262492e-01 2.005772973752251720e-01 3.925819791483168841e-01
5.657708477392255769e-02 4.060563428414418197e-01 1.905843976911832660e-01 3.467821746934523497e-01
4.679157462259855849e-02 4.620729699230752274e-01 1.866624671021109017e-01 3.044729883522154790e-01
3.820633456865000360e-02 5.043787891394160283e-01 1.886408030711974604e-01 2.687740732207367089e-01
3.168179977266718378e-02 5.347853263128615753e-01 1.922912240978538467e-01 2.412416498166170542e-01
2.751747143500621329e-02 5.559003707738359168e-01 1.924124439200688985e-01 2.241697138710889714e-01
2.577404513822537449e-02 5.656509604318787909e-01 1.886718963626513867e-01 2.199030980672448399e-01
2.615408672830104794e-02 5.584506713487185081e-01 1.856662346120378504e-01 2.297290073109426178e-01
2.829230735917328404e-02 5.293712791205509305e-01 1.874244832081029821e-01 2.549119303121727409e-01
3.238140225149201828e-02 4.766346739665417442e-01 1.948103007989895052e-01 2.961736229829765588e-01
3.856050767465128704e-02 4.042072212299036016e-01 2.067549706548200972e-01 3.504773004406248060e-01
4.579026994557628544e-02 3.221305140920845966e-01 2.205084219143321478e-01 4.115707940480069493e-01
5.260768808020035298e-02 2.423565696652022761e-01 2.321370427354849941e-01 4.728986995191125642e-01
3.479984918626845003e-01 4.512982165325774009e-02 5.225212140025636831e-01 8.435047248149396548e-02
5.734569628289186705e-01 1.547613246880556459e-01 1.421631051617198160e-01 1.296186073213059509e-01
5.780674819992349667e-01 1.391212903980581783e-01 1.568627309102877954e-01 1.259484966924187821e-01
5.616170434771160513e-01 1.307590562410936574e-01 1.796659605595378462e-01 1.279579397222524451e-01
5.215155971037613858e-01 1.305613198913751216e-01 2.123283093963351242e-01 1.355947736085283128e-01
4.557877095557019698e-01 1.357835875061218500e-01 2.626237425118411184e-01 1.458049604263349230e-01
3.651730453809854393e-01 1.404039077832980320e-01 3.412998206944734547e-01 1.531232261412430184e-01
2.615723175673906331e-01 1.382693089556031873e-01 4.492360274214404203e-01 1.509223460555657037e-01
1.699653071377728586e-01 1.277282825942489264e-01 5.663638984736681925e-01 1.359425117943102723e-01
1.053090317567359907e-01 1.117839515640364351e-01 6.702108292549375790e-01 1.126961874242901895e-01
6.260106549451430191e-02 9.166946076574050695e-02 7.582132483968964110e-01 8.751622534284896060e-02
3.728509474091979553e-02 6.803493243687371017e-02 8.297714376148179749e-01 6.490853520738849858e-02
2.326228012580869309e-02 4.885137686881530633e-02 8.782947347229470569e-01 4.959160828242880487e-02
1.784991062972594161e-02 3.854385322874281233e-02 8.991374767089729270e-01 4.446875943255831909e-02
1.811497105502725760e-02 3.650394879511513480e-02 8.951342109340382214e-01 5.024686921581983379e-02
2.379957422175193321e-02 4.172938135066357745e-02 8.642873761687093204e-01 7.018366825887518978e-02
3.591342543126698622e-02 5.179070005954578004e-02 8.045134763528039024e-01 1.077823981563829775e-01
5.262687501569834198e-02 5.947375846962139195e-02 7.317774404230578122e-01 1.561219260916225093e-01
6.960195781455268127e-02 5.982632357471413115e-02 6.690831256845715114e-01 2.014885929261616138e-01
8.594815807340103198e-02 5.624945906131900708e-02 6.165930099714689305e-01 2.412093728938108084e-01
1.033362479404588835e-01 5.328845136097370289e-02 5.596041385530049483e-01 2.837711621455625277e-01
1.207141892900326779e-01 5.173054972700536630e-02 4.889398687379508668e-01 3.386153922450112486e-01
1.331395413475001954e-01 5.017582281727590160e-02 4.060888002302286970e-01 4.105958356049951852e-01
1.351849734301217298e-01 4.740570619160796445e-02 3.215560764438094021e-01 4.958532439344610077e-01
1.262771732641629063e-01 4.381038747681599566e-02 2.494612078040237824e-01 5.804512314549971075e-01
1.111432024738670948e-01 4.086711515830054875e-02 1.991353081958767979e-01 6.488543741719556834e-01
9.383700839204764388e-02 3.913203508576063722e-02 1.708927158544075176e-01 6.961382406677840695e-01
7.559870382905284347e-02 3.806663143717713138e-02 1.615949932363786312e-01 7.247396714973912690e-01
5.764269510989873668e-02 3.722563995175025287e-02 1.710487362553147206e-01 7.340829286830362621e-01
4.144162155288606819e-02 3.647482820660051528e-02 2.019416327798157496e-01 7.201419174606978890e-01
2.852537640106107830e-02 3.580705010348694817e-02 2.535344160706957117e-01 6.821331574247559981e-01
1.768487697558239480e-02 3.551156750873499940e-02 3.109485711941493147e-01 6.358549843215334230e-01
1.086860480263273504e-02 3.721557143799832795e-02 3.418908115292703109e-01 6.100250122300985289e-01
6.815426316864408272e-03 4.277936102510035421e-02 3.250905462228862453e-01 6.253146664351489914e-01
4.564885216896343197e-03 5.280361010762472246e-02 2.682821640821067555e-01 6.743493405933720375e-01
3.403706702493389680e-03 6.577813180352301559e-02 1.995873563347726198e-01 7.312308051592111280e-01
2.836503456772569622e-03 8.042539464946051042e-02 1.425442753071762825e-01 7.741938265865906388e-01
2.645655621538972862e-03 9.861284145676622870e-02 1.019762938290443288e-01 7.967652090926505837e-01
2.817648314444184954e-03 1.242617143957612802e-01 7.483471682005864156e-02 7.980859204697356990e-01
3.263684786778361414e-03 1.572849323052061821e-01 5.749060748653000291e-02 7.819607754214857875e-01
3.962462067723954845e-03 1.943672044337880489e-01 4.655716695855240117e-02 7.551131665399352100e-01
5.213024719189620314e-03 2.327702241939116623e-01 4.002787775867248932e-02 7.219888733282260329e-01
7.589491124423733762e-03 2.683790774369559373e-01 3.651280931954549447e-02 6.875186221190746627e-01
1.186213318980406176e-02 2.967774872245655948e-01 3.464150136900037008e-02 6.567188782166299976e-01
1.929356920310972348e-02 3.148412077046500723e-01 3.413452138333155500e-02 6.317307017089086596e-01
3.228729009905437208e-02 3.199895372783900793e-01 3.663536590649887209e-02 6.110878067160566696e-01
5.350058429966326329e-02 3.132639550896641478e-01 4.445676481781596356e-02 5.887786957928563547e-01
8.380683993398152509e-02 3.023521930671890234e-01 5.917283959389278009e-02 5.546681274049368726e-01
1.213188246637148249e-01 2.956864802892860133e-01 8.045487550536807586e-02 5.025398195416310720e-01
1.606301939058258355e-01 2.972736786928745767e-01 1.050632551474050269e-01 4.370328722538948663e-01
1.942857280271519382e-01 3.081089872864505863e-01 1.275659142328574025e-01 3.700393704535401840e-01
2.173997850092068140e-01 3.275240228373497708e-01 1.430035751903306340e-01 3.120726169631126146e-01
2.237100492010747621e-01 3.615170247207648013e-01 1.472769280637529210e-01 2.674959980144075988e-01
2.169919109370925803e-01 4.061897291469117044e-01 1.412782918071776028e-01 2.355400681088176962e-01
2.000635497241620708e-01 4.623158690741037691e-01 1.250255803439536406e-01 2.125950008577804362e-01
1.787741971009405018e-01 5.238304023349106275e-01 1.021803013413696559e-01 1.952150992227794091e-01
1.593425233092425897e-01 5.782079121694971846e-01 8.088931540104632445e-02 1.815602491202137903e-01
1.465535548881896910e-01 6.148608236336111643e-01 6.662549720331481518e-02 1.719601242748842740e-01
1.425424324377426999e-01 6.303273004290251835e-01 5.957155218222864868e-02 1.675587149510035234e-01
1.460065980138554598e-01 6.288878874082060033e-01 5.765226530266034932e-02 1.674532492752779100e-01
1.530930602913347649e-01 6.202247160867010445e-01 5.805522379873929301e-02 1.686269998232248490e-01
1.611134966381448097e-01 6.113009844090794287e-01 5.838928070075424803e-02 1.691962382520217911e-01
1.691636905117878953e-01 6.036829745059384411e-01 5.793458151520217841e-02 1.692187534670714366e-01
1.760967442366198621e-01 5.982682916000015005e-01 5.688775853336369703e-02 1.687472056300146073e-01
1.804668222731115601e-01 5.974324720047361481e-01 5.511389442732882171e-02 1.669868112948233174e-01
1.825399860027858701e-01 6.006574121382320941e-01 5.268887903060809341e-02 1.641137228283741645e-01
1.845454281892967008e-01 6.030339155981049304e-01 5.035446808289115173e-02 1.620661881297074947e-01
1.879182801361702071e-01 6.005778275700194291e-01 4.876066605212028143e-02 1.627432262416900755e-01
1.928267752539570279e-01 5.921205284464033936e-01 4.832569171525968876e-02 1.667270045843798065e-01
1.992513817041907942e-01 5.778080041672808420e-01 4.948294935521579951e-02 1.734576647733123700e-01
2.059243055352310281e-01 5.605192935024876366e-01 5.213901032217938686e-02 1.814173906401020941e-01
2.112998960663679260e-01 5.444447127464009384e-01 5.549922727025061869e-02 1.887561639169807459e-01
2.314394336661347931e-02 8.043349915450712095e-02 2.134430246932118944e-03 8.942881272319473940e-01
2.526651256269595719e-02 9.465350073702975819e-02 2.201702736510964022e-03 8.778782839637634394e-01
2.923835313496981128e-02 1.111531421999678998e-01 2.391170940369339009e-03 8.572173337246925540e-01
3.490395651853151621e-02 1.286843051494136192e-01 2.644687950980879280e-03 8.337670503810735712e-01
4.179105750119341961e-02 1.458885367562056667e-01 2.880607605701995377e-03 8.094397981368988138e-01
5.048700969514687692e-02 1.633375213202264975e-01 3.130618697213272735e-03 7.830448502874133299e-01
6.243994448494075145e-02 1.808397326789231152e-01 3.537456981039245087e-03 7.531828658550968614e-01
7.856675017763241342e-02 1.953008793243761754e-01 4.265134607902726707e-03 7.218672358900883879e-01
9.814027222793433869e-02 2.040115519276323175e-01 5.477678942844071627e-03 6.923704969015888055e-01
1.228136680555817067e-01 2.052431153713985823e-01 7.218695416939883459e-03 6.647245211560797173e-01
1.527419687655746372e-01 2.029265712673373467e-01 9.188151952864034508e-03 6.351433080142239174e-01
1.957822900750516848e-01 2.021002163693190190e-01 1.073095908032162087e-02 5.913865344753075348e-01
2.607753955467671525e-01 2.063936372667392882e-01 1.120967495921007182e-02 5.216212922272838171e-01
3.524094070151912450e-01 2.079596693086030179e-01 1.039863274282783884e-02 4.292322909333778358e-01
4.572319178218446356e-01 1.992754247358360931e-01 8.720039017990368485e-03 3.347726184243290937e-01
5.520057794533976825e-01 1.836631644534643948e-01 6.891705903038857807e-03 2.574393501900988923e-01
6.238761106178034588e-01 1.680083774696746191e-01 5.440220710024651005e-03 2.026752912024977205e-01
6.784164470522701107e-01 1.532399772326164256e-01 4.428647651627687538e-03 1.639149280634857875e-01
7.223109486250816058e-01 1.408943389634181864e-01 3.843321376357729073e-03 1.329513910351425576e-01
7.576158822551611882e-01 1.309824859766963445e-01 3.535257460826004075e-03 1.078663743073162568e-01
7.787995863302298316e-01 1.273089147208262828e-01 3.500531485876154716e-03 9.039096746306769792e-02
7.863990668085640845e-01 1.303381677976182818e-01 3.608160257994934457e-03 7.965460513582239832e-02
7.828134487781943651e-01 1.404462287431644252e-01 3.783166806841251496e-03 7.295715567179979211e-02
6.299039925648783900e-01 1.837767664768740761e-01 1.149614023318652895e-01 7.135783862638198083e-02
6.551268142576009978e-01 1.846035525932566979e-01 9.324596935275956955e-02 6.702366379638267924e-02
6.842280891777695606e-01 1.792970202711583472e-01 7.324359574557476327e-02 6.323129480549725956e-02
7.153340317062928388e-01 1.687889193938137689e-01 5.606247978443240632e-02 5.981456911546053495e-02
7.448081023742243456e-01 1.562905611846691634e-01 4.190153365383789824e-02 5.699980278726863442e-02
7.683044783560213364e-01 1.457461608965321676e-01 3.068374341825639076e-02 5.526561732919026138e-02
7.821816074635044025e-01 1.405802803357844299e-01 2.213586184864839781e-02 5.510225035206294669e-02
7.840435866477979410e-01 1.434377021512869277e-01 1.576075147785222647e-02 5.675795972306274528e-02
7.719748769921267462e-01 1.569744881158235683e-01 1.102342650367656857e-02 6.002720838837343614e-02
7.437404972992285312e-01 1.842429308256235965e-01 7.619893142829571066e-03 6.439667873231817719e-02
7.018692619023348955e-01 2.231350480574946782e-01 5.485426268513683354e-03 6.951026377165683834e-02
6.588457136870310427e-01 2.619844910475020994e-01 4.370398790330319583e-03 7.479939647513642043e-02
6.211831365515948500e-01 2.928067224632309173e-01 3.988794078706006489e-03 8.202134690646813164e-02
5.867635534156608879e-01 3.131313961591974948e-01 4.170000769229973217e-03 9.593504965591156952e-02
5.456449078972149813e-01 3.266821605856642385e-01 4.927152287402598863e-03 1.227457792297184241e-01
4.951976103719303302e-01 3.283963716941718514e-01 6.301566652746721890e-03 1.701044512811510367e-01
4.373785290539449755e-01 3.091330330550209893e-01 8.440926808067749504e-03 2.450475110829660186e-01
3.728028886458585878e-01 2.698869048018333605e-01 1.074732352367351387e-02 3.465628830286341944e-01
3.060988430539878236e-01 2.203413695810876871e-01 1.309202355431841186e-02 4.604677638106061122e-01
2.441232774679604201e-01 1.743304871505661213e-01 1.519779769714350859e-02 5.663484376843301860e-01
1.933328419917615115e-01 1.395003745735102219e-01 1.731928337469613652e-02 6.498475000600320017e-01
1.544238171619637112e-01 1.163616607741832509e-01 1.960571692597180837e-02 7.096088051378811601e-01
1.246701326789347170e-01 1.018649822496077856e-01 2.209958226117139657e-02 7.513653028102863507e-01
1.016058134449040334e-01 9.304765917576007794e-02 2.531244424484196606e-02 7.800340831344939607e-01
8.409172274443690864e-02 8.763743402568067997e-02 3.044672876589965549e-02 7.978241144639824922e-01
7.211541140099900216e-02 8.448608240030269778e-02 3.860597491253164870e-02 8.047925312861666791e-01
6.419711275990382104e-02 8.228290749388678105e-02 4.914377861095436256e-02 8.043762011352549868e-01
5.767411840793644495e-02 7.778187484550150299e-02 5.918979120827034396e-02 8.053542155382915624e-01
5.074908540444760668e-02 6.786974818349397753e-02 6.702300198628290129e-02 8.143581644257756880e-01
4.396649105564587323e-02 5.404844329641227824e-02 7.539001786076042488e-02 8.265950477871814028e-01
3.882105153127823893e-02 4.086165390432536931e-02 8.916450324327968024e-02 8.311527913211165242e-01
3.527944766610020821e-02 3.060015052470341224e-02 1.111965889107565386e-01 8.229238128984400769e-01
3.270782213264450400e-02 2.350013841548131976e-02 1.403319660470481733e-01 8.034600734048262805e-01
3.119337350145213669e-02 1.939116355368668623e-02 1.701923226275265932e-01 7.792231403173346393e-01
3.089674249410003307e-02 1.770843999703965860e-02 1.915387774237282681e-01 7.598560400851320784e-01
3.163252844339190656e-02 1.760414626489543652e-02 2.005738667105556872e-01 7.501894585811572647e-01
3.341459480798133347e-02 1.834274215937780825e-02 2.027297862023741959e-01 7.455128768302669018e-01
3.657397423827747629e-02 1.940931930215657880e-02 2.061721989930036247e-01 7.378445074665624936e-01
4.119008157227630612e-02 2.027906569982455484e-02 2.164240666419799397e-01 7.221067860859193832e-01
4.657716761253229143e-02 2.030393675175984000e-02 2.373772790372469521e-01 6.957416165984607881e-01
5.136230134569833711e-02 1.905648109127989348e-02 2.730191097855746429e-01 6.565621077774471681e-01
5.456288174887686387e-02 1.689319266378959405e-02 3.256487172527557372e-01 6.028952083345777702e-01
5.631506414247658410e-02 1.470953969458119875e-02 3.923467826071667663e-01 5.366286135557756243e-01
5.714120519261255138e-02 1.309359089004751876e-02 4.638671256828864053e-01 4.658980782344535609e-01
5.716844966048099247e-02 1.206801689762105993e-02 5.285562756160711029e-01 4.022072578258268361e-01
5.631797957649973402e-02 1.138924884169982901e-02 5.797457338277977046e-01 3.525470377540027567e-01
5.482819088269490215e-02 1.085171963452067137e-02 6.163928105031906135e-01 3.179272789795939413e-01
5.317105580814174975e-02 1.035570820546244906e-02 6.390039782460309459e-01 2.974692577403645344e-01
5.163422885353796676e-02 9.850502909288747291e-03 6.474820714197274674e-01 2.910331968174459383e-01
5.030089441349940710e-02 9.331233689597848852e-03 6.404213420423346959e-01 2.999465298545680447e-01
4.919324808570758184e-02 8.821070316594127950e-03 6.156816833190797977e-01 3.263039982786183901e-01
4.828243957436302580e-02 8.327036597913095237e-03 5.719894690792716174e-01 3.714010547484525859e-01
4.728703501356578548e-02 7.814091317125388889e-03 5.102230968799130739e-01 4.346757767893956181e-01
4.552677622588664069e-02 7.209030641324889847e-03 4.328197308336311777e-01 5.144444622991576344e-01
4.207668739619443987e-02 6.434539433209447018e-03 3.428927123511290587e-01 6.085960608194671551e-01
3.624946703058393171e-02 5.458389269806437731e-03 2.478458336922872707e-01 7.104463100073221682e-01
2.859173218384420886e-02 4.398960853959367132e-03 1.618793875158946460e-01 8.051299194463017450e-01
2.101410273381209073e-02 3.522707744515436203e-03 9.763337438785517353e-02 8.778298151338171929e-01
1.533073429536527255e-02 3.075780801063505640e-03 5.734183908571774402e-02 9.242516458178532401e-01
1.215381041386690356e-02 3.251237985601564042e-03 3.509309897943511947e-02 9.495018526210962095e-01
1.112992798573727085e-02 4.317966619531015370e-03 2.335147858440743754e-02 9.612006268103240325e-01
1.174442064740636657e-02 6.802033475850770977e-03 1.674338179303520510e-02 9.647101640837079106e-01
1.366209651364252466e-02 1.158266902085956611e-02 1.266473013260516721e-02 9.620905043328931150e-01
1.663634737091121765e-02 2.003417002720931858e-02 1.013045770448989767e-02 9.531990248973895019e-01
2.065320593261188789e-02 3.475755517643392550e-02 8.557020143566807999e-03 9.360322187473875122e-01
2.598850002558119460e-02 6.067645526843521570e-02 7.541470348456947095e-03 9.057935743575268317e-01
3.278817803398016012e-02 1.076021793767773099e-01 6.831124814145161928e-03 8.527785177750972778e-01
4.031469158691180360e-02 1.927848403538124644e-01 6.159100716010058353e-03 7.607413673432652512e-01
4.631737445049243646e-02 3.354226321368242725e-01 5.276231434259467945e-03 6.129837619784236358e-01
4.718929760687137764e-02 5.249846965680099453e-01 4.140368559703914465e-03 4.236856372654148051e-01
4.249823103580746553e-02 6.996762672954347506e-01 3.080249640834717938e-03 2.547452520279228083e-01
3.705023485640603770e-02 8.111333939776816937e-01 2.465843471893762896e-03 1.493505276940182702e-01
3.469079610025346122e-02 8.642586944962088458e-01 2.440893630097995017e-03 9.860961577343986539e-02
3.695215921717194540e-02 8.812324597739735754e-01 3.105985109600174331e-03 7.870939589925442237e-02
3.945867044038641608e-02 8.826309614746982168e-01 4.671340654556523087e-03 7.323902743035887175e-02
4.305164959836417504e-02 8.751763774122429673e-01 7.571876096514240997e-03 7.420009689287883348e-02
4.586663102527644559e-02 8.640291501567167742e-01 1.242828595059260882e-02 7.767593286741400482e-02
4.819201920310040715e-02 8.493239809588021272e-01 2.002303026116772008e-02 8.246096957692963803e-02
5.054324634934319327e-02 8.311067099664954938e-01 3.036795981000960445e-02 8.798208387415157317e-02
5.289072932647320702e-02 8.127282957239760908e-01 4.115369178197710726e-02 9.322728316757333822e-02
5.504676874381440183e-02 7.991049182242653259e-01 4.789495184270373823e-02 9.795336118921672830e-02
5.736202281526488200e-02 7.908363001837422912e-01 4.780846030012395748e-02 1.039932167008687930e-01
6.060840284785436183e-02 7.818597929084870612e-01 4.318360393858608481e-02 1.143482003050726448e-01
6.510895713136874430e-02 7.638172132555048899e-01 3.858237908085719592e-02 1.324914505322692393e-01
7.014262098811488433e-02 7.310035259911032979e-01 3.645558207852141186e-02 1.623982709422602533e-01
7.466075444372088921e-02 6.808307736789356301e-01 3.613097203071474056e-02 2.083774998466287331e-01
7.572642594525576254e-02 6.129914498568308501e-01 3.707430490887439478e-02 2.742078192890388122e-01
7.183008335480899065e-02 5.312880069654027926e-01 3.774669635548847518e-02 3.591352133242994293e-01
6.450854929211792543e-02 4.473334139776234952e-01 3.664487390748350643e-02 4.515131628227750937e-01
