2.301825951863974498e-02 1.198667046879071767e-02 4.289430485165593998e-01 5.360520214960100560e-01
5.374295504527013684e-02 1.214255181917763826e-01 7.636551593874017774e-02 7.484660108242131571e-01
3.994142595721396349e-02 1.231705289870907993e-01 7.026988067171617558e-02 7.666181643839795612e-01
3.263977259180633056e-02 1.290278901606164152e-01 6.727821365135282228e-02 7.710541235962243833e-01
2.953666829589070980e-02 1.376500647049709869e-01 6.634394879434574177e-02 7.664693182047924713e-01
2.928181298135815180e-02 1.461256181176386337e-01 6.708707846327716107e-02 7.575054904377261922e-01
3.109218892181843732e-02 1.516886329146515111e-01 7.055045631122613958e-02 7.466687218523038183e-01
3.509913549457646664e-02 1.548726884657851965e-01 7.831201527652571770e-02 7.317161607631127440e-01
4.159917434210854553e-02 1.573272643834004170e-01 9.080830169028215881e-02 7.102652595842089411e-01
4.943314134198630028e-02 1.587468309610311212e-01 1.065965319046765364e-01 6.852234957923059033e-01
5.609445931638779720e-02 1.589611546755119453e-01 1.228696784869392628e-01 6.620747075211609323e-01
5.945688335015630183e-02 1.608493862420092291e-01 1.348533469534285434e-01 6.448403834544060853e-01
5.929100992676641924e-02 1.701181340552151700e-01 1.372136616847584589e-01 6.333771943332602294e-01
5.644656559632677678e-02 1.918176794665977514e-01 1.296532828178733887e-01 6.220824721192024231e-01
5.146811707988834667e-02 2.300615887130294523e-01 1.149547494038661577e-01 6.035155448032160086e-01
4.520858195823353187e-02 2.928607584774627903e-01 9.409282530690475654e-02 5.678378342573993098e-01
3.852058834993701830e-02 3.868937666485360305e-01 7.073011253487268557e-02 5.038555324666543767e-01
3.133755843776678263e-02 4.982945477307654802e-01 5.205792708678988467e-02 4.183099667446776859e-01
2.396360696330686324e-02 6.016913267895481754e-01 4.028141185371793276e-02 3.340636543934268898e-01
1.735697721225557683e-02 6.831534039430083860e-01 3.388791946596327043e-02 2.656016993787728153e-01
1.230231775625987428e-02 7.435215499231559999e-01 3.081215765865412751e-02 2.133639746619303001e-01
9.068358265104107391e-03 7.897228651081446005e-01 2.913535959015300589e-02 1.720734170365980364e-01
6.722622743199895869e-03 8.307072389024034997e-01 2.687236870142558146e-02 1.356977696529709232e-01
5.608336773983519860e-03 8.717752132090298423e-01 2.263720043557335485e-02 9.997924958141335416e-02
4.761851816024028836e-03 9.118852362766807218e-01 1.662239204307792637e-02 6.673051986421724147e-02
3.994706112209504487e-03 9.446858851214312569e-01 1.076578191657105721e-02 4.055362684978804089e-02
3.217261821520028559e-03 9.673860547042942848e-01 6.389397613375995613e-03 2.300728586080958565e-02
2.501093721616293435e-03 9.812410914350849778e-01 3.582853835558320009e-03 1.267496100774033983e-02
1.993832221867504473e-03 9.887862470218747868e-01 1.973200957100173028e-03 7.246719799157710050e-03
1.782228177612649699e-03 9.923827597919224752e-01 1.164859751076612439e-03 4.670152279388224692e-03
1.843160081773262361e-03 9.937392573851714372e-01 8.302477160106046424e-04 3.587334817044792682e-03
2.012422261661978365e-03 9.940914993765881391e-01 7.382540694129981727e-04 3.157824292336921645e-03
2.187342567741540952e-03 9.939936299827122346e-01 7.943023976796458182e-04 3.024725051866602836e-03
2.647954337168794293e-03 9.929139395293141712e-01 1.078204880377375960e-03 3.359901253139465326e-03
3.995204963121953314e-03 9.894786934919929111e-01 1.894977270926259021e-03 4.631124273958876769e-03
7.278655156842409914e-03 9.811075328351380742e-01 4.004535059457635902e-03 7.609276948561811450e-03
1.409217911311720466e-02 9.637181910043414179e-01 8.935219572343043939e-03 1.325441031019861104e-02
2.396031709080997940e-02 9.354887336057612357e-01 1.891078646281466394e-02 2.164016284061377055e-02
3.927232539571300085e-02 8.922676120787327303e-01 3.632705930134769168e-02 3.213300322420674371e-02
5.787562602013156948e-02 8.352874731866115621e-01 6.433217827493119267e-02 4.250472251832575904e-02
7.837842942844940042e-02 7.647863575927024149e-01 1.057480589515784192e-01 5.108715402726963367e-02
9.989534168569839945e-02 6.829575287055371646e-01 1.596835333975946680e-01 5.746359621116961525e-02
1.202696221269387855e-01 5.972450989861413095e-01 2.213805391040043202e-01 6.110473978291541819e-02
1.413410173124694524e-01 5.051445290863272319e-01 2.919879526096271216e-01 6.152650099157593727e-02
1.563874151916832822e-01 4.131514790429934303e-01 3.720363868185116440e-01 5.842471894681144917e-02
1.627158586036809018e-01 3.162725068514038451e-01 4.689307805647686678e-01 5.208085398014625916e-02
1.562058989088693783e-01 2.256306696327176065e-01 5.741170281474717862e-01 4.404640331094124978e-02
1.448674491793190966e-01 1.599967839792843793e-01 6.570691503147987333e-01 3.806661652659763112e-02
1.315706633417799420e-01 1.233655921717924375e-01 7.099024359092298564e-01 3.516130857719811792e-02
1.174234453828957025e-01 1.053037841131392177e-01 7.434100984965521519e-01 3.386267200741316374e-02
1.053508173483118926e-01 1.019244147551762320e-01 7.588088933567662675e-01 3.391587453974548305e-02
9.985233483543955180e-02 1.146885660188551453e-01 7.490277256618437240e-01 3.643137348386148860e-02
9.932326468963795230e-02 1.440236153506031236e-01 7.151762668333107031e-01 4.147685312644824179e-02
9.959624102811535928e-02 1.795599708720503895e-01 6.739520529663273196e-01 4.689173513350710504e-02
9.596029055382648831e-02 2.100152279597455873e-01 6.429052586050860718e-01 5.111922288134181092e-02
8.818040788479473979e-02 2.279144502643616621e-01 6.298271088262439310e-01 5.407803302459984751e-02
7.662189852263780188e-02 2.303206300233781867e-01 6.375600168696012870e-01 5.549745458438300194e-02
6.223216106975149736e-02 2.184316024282010327e-01 6.650580319923412587e-01 5.427820450970599619e-02
4.483830626010234383e-02 1.971316941084273744e-01 7.089745991734595076e-01 4.905540045801075333e-02
2.882719900097741039e-02 1.743901500509808800e-01 7.560999797243991294e-01 4.068267122364263577e-02
1.750133220436786430e-02 1.618169290111078629e-01 7.882777633897180003e-01 3.240397539480661948e-02
1.113501662406226472e-02 1.697516309814252056e-01 7.921832360431529940e-01 2.693011635135959814e-02
7.991330298463016069e-03 2.041339573401110552e-01 7.633404206488264565e-01 2.453429171259928487e-02
6.525370945492674560e-03 2.657821892691759058e-01 7.033946703445072002e-01 2.429776944082409629e-02
5.941992219605115449e-03 3.420337459507489242e-01 6.264424079144116364e-01 2.558185391523467439e-02
5.815758292634686313e-03 4.019448980625626722e-01 5.641580030867152651e-01 2.808134055808728449e-02
5.756221465860856569e-03 4.195075264051188468e-01 5.434139052241077072e-01 3.132234690491226409e-02
5.634942218619538694e-03 3.946125722044822592e-01 5.644787712507693955e-01 3.527371432612876750e-02
5.822295434765050251e-03 3.500539617745415111e-01 6.028568689002001824e-01 4.126687389049323029e-02
6.580112263647961909e-03 3.101659025203162834e-01 6.329417206052847522e-01 5.031226461075113260e-02
7.865953807113929691e-03 2.841140466585614921e-01 6.457307581593291212e-01 6.228924137499572411e-02
9.711678916285255633e-03 2.718503528592651208e-01 6.409476983667642402e-01 7.749026985768552034e-02
1.044772636283586714e-01 5.832589450834047007e-01 1.793699164426387771e-01 1.328938748455976981e-01
4.681063007840938761e-01 1.497434613831472860e-01 3.294093085886633243e-02 3.492093069738926858e-01
4.474100719794990577e-01 1.353467124969572333e-01 3.316370728111840693e-02 3.840795082424258711e-01
4.229217699320517720e-01 1.191268040642930737e-01 3.379956415746704357e-02 4.241518618461881385e-01
3.935511053600972975e-01 1.018317275444282910e-01 3.479846516286368846e-02 4.698187019326109937e-01
3.557208006280167534e-01 8.757980171386192669e-02 3.663388737663864775e-02 5.200655102814826236e-01
3.133107092732420051e-01 7.665145680270397943e-02 3.801637397584355788e-02 5.720214599482102980e-01
2.728076373206323457e-01 7.035813786543870796e-02 3.862569914700280521e-02 6.182085256669263007e-01
2.388085712671114691e-01 6.856548643666383891e-02 3.768854979634213981e-02 6.549373924998825869e-01
2.110752255025911128e-01 7.012405522047576722e-02 3.532339099320006698e-02 6.834773282837326436e-01
1.880463782788205085e-01 7.247934656965644706e-02 3.291025311581972923e-02 7.065640220357031209e-01
1.719116457535972142e-01 7.285109332978068064e-02 3.167799402337858478e-02 7.235592668932437910e-01
1.658366183754126644e-01 7.350213892928866843e-02 3.231689469044191770e-02 7.283443480048567009e-01
1.735604350099831938e-01 7.390082533422324962e-02 3.423396927532222633e-02 7.183047703804713580e-01
1.946379593527009233e-01 7.612521459273396962e-02 3.684950577329283022e-02 6.923873202812724781e-01
2.298403832491097143e-01 7.998441405956141503e-02 3.795116623519772386e-02 6.522240364561312509e-01
2.740158522208498981e-01 8.877430560183070807e-02 3.581036603006285818e-02 6.013994761472564177e-01
3.166253095892552771e-01 1.026273524094865469e-01 3.029277877031039817e-02 5.504545592309478819e-01
3.453761959672124182e-01 1.212593826972166583e-01 2.493474935378050053e-02 5.084296719817903432e-01
3.598976000019019628e-01 1.380940211639052895e-01 2.096917642084668298e-02 4.810392024133462452e-01
3.656186135627617073e-01 1.487962205867011944e-01 1.891523370306457189e-02 4.666699321474724882e-01
3.606577877824990730e-01 1.561429759598591815e-01 1.878634038725363054e-02 4.644128958703876431e-01
3.420873418481681916e-01 1.566727146159783424e-01 2.002111006562973250e-02 4.812188334702236503e-01
3.064879247269419182e-01 1.457347768475322769e-01 2.194923277149322255e-02 5.258280656540326170e-01
2.544369846765054399e-01 1.232835868230623411e-01 2.344814967555131080e-02 5.988312788248811858e-01
1.932786275121665120e-01 9.636119709137697109e-02 2.237096244518851224e-02 6.879892129512681365e-01
1.366362205451997491e-01 6.907448435331135783e-02 1.780474747379602596e-02 7.764845476276929226e-01
9.102645020510594098e-02 4.782344866771563036e-02 1.128398181974598312e-02 8.498661193074324993e-01
6.045911763134271394e-02 3.310082644683246672e-02 6.059031749618032890e-03 9.003810241722067786e-01
4.275406745014499049e-02 2.402120875584671036e-02 3.229628245491945361e-03 9.299950955485165593e-01
3.217379909111775516e-02 1.771232089520554526e-02 1.963136381134590342e-03 9.481507436325420368e-01
2.422080557279549656e-02 1.301301606417536692e-02 1.409429811308662633e-03 9.613567485517203748e-01
1.881323618903789005e-02 8.555512280986162649e-03 1.054231374236436636e-03 9.715770201557394348e-01
1.531394833143648153e-02 5.606418349329837791e-03 8.263401189036205172e-04 9.782532932003301651e-01
1.398826624435215230e-02 4.072239467939752118e-03 6.858845720142534496e-04 9.812536097156938641e-01
1.494392482638453278e-02 3.523884903504762023e-03 6.207435938988000281e-04 9.809114466762114404e-01
1.858139758457654292e-02 3.628049272910363523e-03 6.274464139288339539e-04 9.771631067285843075e-01
2.550554658676081055e-02 4.117110034102692238e-03 6.910198621737186683e-04 9.696863235169628226e-01
3.651914454332304272e-02 4.742899751807797513e-03 7.963773667254032138e-04 9.579415783381438620e-01
5.356532832025077268e-02 5.469430955800221039e-03 9.462164452264743356e-04 9.400190242787226369e-01
8.004911839443530630e-02 6.445389716810088869e-03 1.146695371727623602e-03 9.123587965170271152e-01
1.202406289888563740e-01 7.866798177239751888e-03 1.415466738639410693e-03 8.704771060952646300e-01
1.775770597998383993e-01 9.941611216150810296e-03 1.802376163822393650e-03 8.106789528201883144e-01
2.526149056154922135e-01 1.221531380105055770e-02 2.076361058378647494e-03 7.330934195250783381e-01
3.312916984271941367e-01 1.386481807779393546e-02 2.264587373581834501e-03 6.525788961214304962e-01
4.033041248106766230e-01 1.484860266077532576e-02 2.249282418201117850e-03 5.795979901103469611e-01
4.604414489652390863e-01 1.587148129530988397e-02 2.124144209974022663e-03 5.215629255294769173e-01
4.986349709726629609e-01 1.776397853505752925e-02 2.033030276913839422e-03 4.815680202153659883e-01
5.166846574434391659e-01 2.142424340591500206e-02 2.451206875581904334e-03 4.594398922750640435e-01
5.194948951105737844e-01 2.507124636344761417e-02 2.520146296939076644e-03 4.529137122290393669e-01
5.041788043848093315e-01 2.906079523138302423e-02 2.642091630336707367e-03 4.641183087534708207e-01
4.649179235884962069e-01 3.364609849153619991e-02 2.781648854469226124e-03 4.986543290654983918e-01
3.983835386309309556e-01 4.018753026553639057e-02 2.940644353528555459e-03 5.584882867500039483e-01
3.185759657328846584e-01 5.070190050147691668e-02 2.781170578133835853e-03 6.279409631875045861e-01
2.430370577654998310e-01 6.037347301943499223e-02 2.811387231571644500e-03 6.937780819834934443e-01
1.810140188397506567e-01 6.709317592115993101e-02 2.618553213263431247e-03 7.492742520258259820e-01
1.334014807346158293e-01 7.208946467305933636e-02 2.226408074398352529e-03 7.922826465179264588e-01
9.864826268578463786e-02 7.451189091943315190e-02 1.933810392629345702e-03 8.249060360021529537e-01
7.464116946376393724e-02 7.340598962694108720e-02 1.784115942331539152e-03 8.501687249669631630e-01
5.989288130875276145e-02 6.950086845674917357e-02 1.855875928868524300e-03 8.687503743056294025e-01
5.263913084077580240e-02 6.566027699756517289e-02 2.234577480688724246e-03 8.794660146809702983e-01
5.028469251795432415e-02 6.323918997435817868e-02 2.991134596750538634e-03 8.834849829109374664e-01
5.064238296772189535e-02 6.239374069741444179e-02 4.129929026775299925e-03 8.828339473080883959e-01
5.268993071372663622e-02 6.370725916684995271e-02 5.528062745149856134e-03 8.780747473742737119e-01
5.693458042083367893e-02 6.861958910974028103e-02 7.011784613372008639e-03 8.674340458560537703e-01
6.562684291155572447e-02 7.903695857876831543e-02 8.597411366155532225e-03 8.467387871435205771e-01
8.176250719592464966e-02 9.561506627981100626e-02 1.046526916404613879e-02 8.121571573602183181e-01
1.069940815020848784e-01 1.155547762192981748e-01 1.257684596863279519e-02 7.648742963099839365e-01
1.426105753556458910e-01 1.351415993852151387e-01 1.481575011459154538e-02 7.074320751445472011e-01
1.907412299610197759e-01 1.522943462546701432e-01 1.730537565069438857e-02 6.396590481336154044e-01
2.491718235989433261e-01 1.648993175858975979e-01 1.996292545027749873e-02 5.659659333648817681e-01
3.104504685054930713e-01 1.715861532272607015e-01 2.249147975676227262e-02 4.954718985104837881e-01
2.344875890303319554e-01 4.701682498477529615e-01 3.096543360735933524e-03 2.922476177611792458e-01
3.766442366686502397e-02 2.793235394394473770e-01 5.531465747064473470e-01 1.298654621872404324e-01
4.433697235239329043e-02 3.818759817700391190e-01 4.014763242328339143e-01 1.723107216447339329e-01
4.923492156216988103e-02 4.582972701049530251e-01 2.851298233612430955e-01 2.073379849716340817e-01
5.364603451447413907e-02 4.924910100484454212e-01 2.153441387870989598e-01 2.385188166499816464e-01
5.840093566096762195e-02 4.881987110624153581e-01 1.777811855721563583e-01 2.756191677044604327e-01
6.469118192055878236e-02 4.578933700444823840e-01 1.548958301576360830e-01 3.225196178773225841e-01
7.257139863181741313e-02 4.179095255093896455e-01 1.351403567784268123e-01 3.743787190803661846e-01
8.146704593747372547e-02 3.816513707590935001e-01 1.146913590555671686e-01 4.221902242478657308e-01
9.073797876966195608e-02 3.561954455830051436e-01 9.440046238782942578e-02 4.586661132595033497e-01
9.989894458471527960e-02 3.440559797280919319e-01 7.574132564165605985e-02 4.803037500455370479e-01
1.085898308603102796e-01 3.454366156502210461e-01 5.944441169448850398e-02 4.865291417949804131e-01
1.173169720032362362e-01 3.586115336125835218e-01 4.625341596471767291e-02 4.778180784194625552e-01
1.268819873295627398e-01 3.776972415674921257e-01 3.725767826184827464e-02 4.581630928410967973e-01
1.360141998695223453e-01 3.924285073512304711e-01 3.268328448504354694e-02 4.388740082942036436e-01
1.430809349337847369e-01 3.954835226844609086e-01 3.193129914879270365e-02 4.295042432329617133e-01
1.471833118744802216e-01 3.866404962947092017e-01 3.447353078953491190e-02 4.317026610412758592e-01
1.487959756105177445e-01 3.703661444004751613e-01 4.035639708645836349e-02 4.404814829025488487e-01
1.501521247694125594e-01 3.527945314827508616e-01 5.013764552396033497e-02 4.469156982238762787e-01
1.526029563860261673e-01 3.408101612775770173e-01 6.428190183719229012e-02 4.423049804992046918e-01
1.551328521627070578e-01 3.399076624358800536e-01 8.293278716261053007e-02 4.220266982388023447e-01
1.555985857213766366e-01 3.537995783937372130e-01 1.054463344189321139e-01 3.851555014659541198e-01
1.523056484256861409e-01 3.856361422871773526e-01 1.291363552640935053e-01 3.329218540230428625e-01
1.439755455436204090e-01 4.342899737025940898e-01 1.505643015650565131e-01 2.711701791887287105e-01
1.305060374569772530e-01 4.890401101096494840e-01 1.690380570497211632e-01 2.114157953836523773e-01
1.152401687014504156e-01 5.354400616720601525e-01 1.860121583062493422e-01 1.633076113202400204e-01
1.020300422942130164e-01 5.629537501048540449e-01 2.062746754249190351e-01 1.287415321760137510e-01
9.068907365761767758e-02 5.690014297718946068e-01 2.354802688008003908e-01 1.048292277696876024e-01
8.364893074657635264e-02 5.501088164630804078e-01 2.765385337788510145e-01 8.970371901149240546e-02
7.834217376540721089e-02 5.261637626282044122e-01 3.134027025674793743e-01 8.209136103890907199e-02
7.565373308860690038e-02 5.084620639953966181e-01 3.350607834684897202e-01 8.082341944750677520e-02
7.443376300492614284e-02 5.006343231681612549e-01 3.407168926688835531e-01 8.421502115802953492e-02
7.389692527814838152e-02 4.996897428260406726e-01 3.348093457808314910e-01 9.160398611497944099e-02
7.312726701067583102e-02 5.004562115244819420e-01 3.225146610767833932e-01 1.039018603880590558e-01
7.180671953978386146e-02 4.981080099421668628e-01 3.060078780723594627e-01 1.240773924456897576e-01
7.014051672965261608e-02 4.881901423354991776e-01 2.851049975262093805e-01 1.565643434086391172e-01
6.759453956387956319e-02 4.648880603910063858e-01 2.634383598990611142e-01 2.040790401460528813e-01
6.445008852884340222e-02 4.247033459371765129e-01 2.481093043039663271e-01 2.627372612300138965e-01
5.901771614516313630e-02 3.809638717396995888e-01 2.381521923163898991e-01 3.218662197987471330e-01
5.268259425475774194e-02 3.394647588179158237e-01 2.364230827631408627e-01 3.714295641641855439e-01
4.579205490585556981e-02 3.044136264081390153e-01 2.428171323795326464e-01 4.069771863064727269e-01
3.860457351079607524e-02 2.727703351067081172e-01 2.595471168680378304e-01 4.290779745144579493e-01
3.156392930803985503e-02 2.415725188630321318e-01 2.871072289399410060e-01 4.397563228889870279e-01
2.512024490189584611e-02 2.090141443586330250e-01 3.264493603220257056e-01 4.394162504174454753e-01
1.978838830922545824e-02 1.751798104425252023e-01 3.761570053320593687e-01 4.288747959161899326e-01
1.601147035884627895e-02 1.439426048733248031e-01 4.255816044158120537e-01 4.144643203520172459e-01
1.384670265380950546e-02 1.196371722894930822e-01 4.606322708375215069e-01 4.058838542191758880e-01
1.296298876141779334e-02 1.026582177245820710e-01 4.760771525602209842e-01 4.083016409537790214e-01
1.296495723820089568e-02 9.137785901917808151e-02 4.745020521227465427e-01 4.211551316198744455e-01
1.337631970623807780e-02 8.378477418641548657e-02 4.634224257976718997e-01 4.394164803096745064e-01
1.369514063862870348e-02 7.824530209674848691e-02 4.525027042808621447e-01 4.555568529837606406e-01
1.381459916915038152e-02 7.505197248474688998e-02 4.465178577091190038e-01 4.646155706369838323e-01
1.415505674796554633e-02 7.644040990903805399e-02 4.423971507866125141e-01 4.670073825563840764e-01
1.530513017235058532e-02 8.534196077556820137e-02 4.322008652798587369e-01 4.671520437722225250e-01
1.743672867448970223e-02 1.032571774738249848e-01 4.133655665876180829e-01 4.659405272640671503e-01
2.028065299651572034e-02 1.302434173530711559e-01 3.901176468183002455e-01 4.593582828321128853e-01
2.340693343875728874e-02 1.663686004937388885e-01 3.658858576100850746e-01 4.443386084574189598e-01
2.621968676857338101e-02 2.112150897644126391e-01 3.425742276928624430e-01 4.199909957741515543e-01
2.800575548743767032e-02 2.630749587711578852e-01 3.212816673013681457e-01 3.876376184400365799e-01
2.831290966312977400e-02 3.177364281972922533e-01 3.038940270146560096e-01 3.500566351249219110e-01
2.738714992314484828e-02 3.681448384118574668e-01 2.935881428304278895e-01 3.108798688345695282e-01
2.562060374269905030e-02 4.044289198123254825e-01 2.958846370775011225e-01 2.740658393674743065e-01
2.342050035534044838e-02 4.199879545830638716e-01 3.135281405297902224e-01 2.430634045318053327e-01
2.156895073442577707e-02 4.172968048641617633e-01 3.397508172345206634e-01 2.213834271668918274e-01
2.075307639852857003e-02 4.036612641252319555e-01 3.623886020183034740e-01 2.131970574579358790e-01
2.140207507130775441e-02 3.833974807629406678e-01 3.743797645989033196e-01 2.208206795668479772e-01
2.340997956451523060e-02 3.552138105154074021e-01 3.790889481822648510e-01 2.422872617378122873e-01
2.639406277408993390e-02 3.170849081636658018e-01 3.830891773926328181e-01 2.734318516696113699e-01
3.040250632161211122e-02 2.703275722735877795e-01 3.882799262950157870e-01 3.109899951097845339e-01
3.524777656328275527e-02 2.176024496559679222e-01 3.940551208711444708e-01 3.530946529096046782e-01
3.968610178483750195e-02 1.640621692647623031e-01 3.964908854974801833e-01 3.997608434529199006e-01
4.349230748755429643e-02 1.165439466561145193e-01 3.875638548884667856e-01 4.523998909678647595e-01
4.967388253347495009e-01 1.027425596614317260e-01 3.017479148585427429e-01 9.877070014527614128e-02
6.844996852965096190e-01 1.291596231058756150e-01 8.952311835004307661e-02 9.681757324757156447e-02
6.670993210515157035e-01 1.248116925562439278e-01 1.064475493273771139e-01 1.016414370648632409e-01
6.160706721057902513e-01 1.316909464167778376e-01 1.353216115617940363e-01 1.169167699156380413e-01
5.323531362732738526e-01 1.486832498969562766e-01 1.774823295903966702e-01 1.414812842393732006e-01
4.217934121091102551e-01 1.715954231653580853e-01 2.388918328928737178e-01 1.677193318326579696e-01
3.028814812662954381e-01 1.869842992189689190e-01 3.269844506215238145e-01 1.831497688932115786e-01
1.939602708306707723e-01 1.831061981878380485e-01 4.454822630229998137e-01 1.774512679584914487e-01
1.109819641388960915e-01 1.600418600410501158e-01 5.790092724009006098e-01 1.499669034191525585e-01
5.969726695383598819e-02 1.261224273825352349e-01 7.013704095674866412e-01 1.128098960961420594e-01
3.127396884694050999e-02 8.921112033572350941e-02 8.015622877657295753e-01 7.795262305160616245e-02
1.559893996773385576e-02 5.614750157725883345e-02 8.775195384885579042e-01 5.073401996644948120e-02
8.434098649322775351e-03 3.426290856312555477e-02 9.229388370651985252e-01 3.436415572235311522e-02
5.938514367587932087e-03 2.408799622877393770e-02 9.415896156064045286e-01 2.838387379723401188e-02
5.966805049982025835e-03 2.179560460162247026e-02 9.410800881416508945e-01 3.115750220674474991e-02
8.480898218328378549e-03 2.568763303656070376e-02 9.207399921705112789e-01 4.509147657459930403e-02
1.496877786408408462e-02 3.492722071532592537e-02 8.739217207444310853e-01 7.618228067615868959e-02
2.636339831884536994e-02 4.466083588415035999e-02 8.046632001774568499e-01 1.243125656195471496e-01
4.102513886865201409e-02 4.887137432337860382e-02 7.314808779935914052e-01 1.786226088143779700e-01
5.749316550209353921e-02 4.849247058893903228e-02 6.607199717932658034e-01 2.332943921157014933e-01
7.581757422825291526e-02 4.746618765906886195e-02 5.834150048426571811e-01 2.933012332700210556e-01
9.454437537651942669e-02 4.706840169020047593e-02 4.934487329953413104e-01 3.649384899379388703e-01
1.095348239004555468e-01 4.656827536962895170e-02 3.948532017039663167e-01 4.490436990259493721e-01
1.162327834203056992e-01 4.534127559852262762e-02 3.014129733162215219e-01 5.370129676649499917e-01
1.138501643442480088e-01 4.408411456340231155e-02 2.289294502750983673e-01 6.131362708172510834e-01
1.058608196011064789e-01 4.414495819983722813e-02 1.843737073550858474e-01 6.656205148439706676e-01
9.506400902940048692e-02 4.570693174875174736e-02 1.643878418379170758e-01 6.948412173839306760e-01
8.192690854501270825e-02 4.775383213639473878e-02 1.639295445759712810e-01 7.063897147426214662e-01
6.680283908654283120e-02 4.930939512418335696e-02 1.836331218659114917e-01 7.002546439233626741e-01
5.039837542715738805e-02 4.971591309229432543e-02 2.299499352057988999e-01 6.699357762747492062e-01
3.476676098511406049e-02 4.851606979123692515e-02 3.074950395542289105e-01 6.092221296694203536e-01
2.056126019504556438e-02 4.659084000535455850e-02 4.038896417266719108e-01 5.289582580729280670e-01
1.159363373026373219e-02 4.654794652830485102e-02 4.815839275092907434e-01 4.602744922321406751e-01
6.715101747475650182e-03 5.206667521096540463e-02 5.105117663252922711e-01 4.307064567162667834e-01
4.267947159542095047e-03 6.560866622080427368e-02 4.864871864699881199e-01 4.436362001496657048e-01
3.063675969182264903e-03 8.713125622279087323e-02 4.230740549434784947e-01 4.867310128645485623e-01
2.524724191014649736e-03 1.143080347877419439e-01 3.406046068374572466e-01 5.425626341837859190e-01
2.289119594360435484e-03 1.445486122882859159e-01 2.545217170756231551e-01 5.986405510417303066e-01
2.522949354643028077e-03 1.818120716148058369e-01 1.757048372212824672e-01 6.399601418092688565e-01
2.861969151963890488e-03 2.201056084223358134e-01 1.196023039980026736e-01 6.574301184276974963e-01
3.375408490939390150e-03 2.557289091209874465e-01 8.298506075580297514e-02 6.579106216322703204e-01
4.255026661294666890e-03 2.821377895099550503e-01 6.004425264896606079e-02 6.535629311797842567e-01
5.879422231822308345e-03 2.963760425104924878e-01 4.594081457510593852e-02 6.518037206825793017e-01
8.689999712480894062e-03 3.023647644866921946e-01 3.663353450999036476e-02 6.523117012908365986e-01
1.339506801721939214e-02 3.060379567536984924e-01 3.024444765771608021e-02 6.503225275713662157e-01
2.153600664802348200e-02 3.110086149621252849e-01 2.720460108990937348e-02 6.402507772999419533e-01
3.539466208920888368e-02 3.201128999471078429e-01 2.832343966880465636e-02 6.161689982948785893e-01
5.714135321745551083e-02 3.371737293663951696e-01 3.383340499569113813e-02 5.718515124204585076e-01
8.720900950458380929e-02 3.637644643031754388e-01 4.321537350908931374e-02 5.058111526831514659e-01
1.215076114217112091e-01 3.980624527004127944e-01 5.459908983201831184e-02 4.258308460458575251e-01
1.524126949033062506e-01 4.378995213095385752e-01 6.507819739179468432e-02 3.446095863953604899e-01
1.741059635232860003e-01 4.811342578691860661e-01 7.247295946477311235e-02 2.722868191427547657e-01
1.794178132925881852e-01 5.320617587741701682e-01 7.542059546206422715e-02 2.130998324711776692e-01
1.722281286716138005e-01 5.864675356386642724e-01 7.423290425887618671e-02 1.670714314308457404e-01
1.562886975253124644e-01 6.431919515761131967e-01 6.785414456802328631e-02 1.326652063305514273e-01
1.386491393514844572e-01 6.953868777897123099e-01 5.704487196658474674e-02 1.089191108922184376e-01
1.253020650056156093e-01 7.337369240848122809e-01 4.609893920762420105e-02 9.486207170194792260e-02
1.195461131493963242e-01 7.526837863902869907e-01 3.869191074542720210e-02 8.907818971488944138e-02
1.226150615627644713e-01 7.516976880834465025e-01 3.548648799514105695e-02 9.020076235864805947e-02
1.333349640790651713e-01 7.352023128475329017e-01 3.548321414294092896e-02 9.597950893046119925e-02
1.478551358975385976e-01 7.120795211283250659e-01 3.697981963568891528e-02 1.030855233384471992e-01
1.626666504139254177e-01 6.890619970393238036e-01 3.850204365942137830e-02 1.097693088873293865e-01
1.755386859549217526e-01 6.684219191404613403e-01 3.970791868481046705e-02 1.163314762198066760e-01
1.840544045397179695e-01 6.521893611008163782e-01 4.083980350443670859e-02 1.229164308550289991e-01
1.865657479790983342e-01 6.430383288429675215e-01 4.182184216317305636e-02 1.285740810147613378e-01
1.844645607615933991e-01 6.397479550457987330e-01 4.266181485988541910e-02 1.331256693327226015e-01
1.817433294202906724e-01 6.366109562963515600e-01 4.372999098610656082e-02 1.379157232972511860e-01
1.816577443110048429e-01 6.293015404280198899e-01 4.515466479972329167e-02 1.438860504612519964e-01
1.857009950455767722e-01 6.166244658283188684e-01 4.682455468362898415e-02 1.508499844424756042e-01
1.939564207962101994e-01 5.989048033283834727e-01 4.890244628894461348e-02 1.582363295864615826e-01
2.041793497994016660e-01 5.792612633612943540e-01 5.165797787204291780e-02 1.649014089672609928e-01
2.141932989401310050e-01 5.615478964329603251e-01 5.489844945023127781e-02 1.693603551766774129e-01
3.002219002445676715e-02 6.799600762619460725e-02 1.316640208479350101e-03 9.006651621408694464e-01
2.935728270571804147e-02 7.993353900428724901e-02 1.381524462130298081e-03 8.893276538278644949e-01
3.020607556522463336e-02 9.225890521049458226e-02 1.519286893293356720e-03 8.760157323309872845e-01
3.188794748384114058e-02 1.036446156869211266e-01 1.689079382889603501e-03 8.627783574463480099e-01
3.323068397021861076e-02 1.129569633556826574e-01 1.823465631387907911e-03 8.519888870427111405e-01
3.419691001270871306e-02 1.206020626317261257e-01 1.929676826449775763e-03 8.432713505291155043e-01
3.573452718410724538e-02 1.267484634690779211e-01 2.098650332996593489e-03 8.354183590138182236e-01
3.833536842921832222e-02 1.300359822935270582e-01 2.436538587238705825e-03 8.291921106900157490e-01
4.193921101300158993e-02 1.295648654254558385e-01 3.046189013095811689e-03 8.254497345484466120e-01
4.616515482285021149e-02 1.263804173793262042e-01 3.966764969855885933e-03 8.234876628279679256e-01
5.102097513923295469e-02 1.234535875820406553e-01 5.047316993507972548e-03 8.204781202852183819e-01
5.874249989997510496e-02 1.252445857042006894e-01 5.924452940502143369e-03 8.100884614553220953e-01
7.349539389907307207e-02 1.353687255145850366e-01 6.233131203378559047e-03 7.849027493829633384e-01
9.887875401337106740e-02 1.526589018029806677e-01 6.007384934526941236e-03 7.424549592491213046e-01
1.363857668225462449e-01 1.716358157384913485e-01 5.630086765102757483e-03 6.863483306738598078e-01
1.849993305170859470e-01 1.886068876675798534e-01 5.337572367966707948e-03 6.210562094473675021e-01
2.403988354938779159e-01 2.027800228787959291e-01 5.086759579277041858e-03 5.517343820480490324e-01
2.986039547598432486e-01 2.135339894494078239e-01 4.813264907307259963e-03 4.830487908834414923e-01
3.595557041238233165e-01 2.218972595279706805e-01 4.585645781202889876e-03 4.139613905670032068e-01
4.191187821585546369e-01 2.300835731428884645e-01 4.481486148149221860e-03 3.463161585504077045e-01
4.677569969858050847e-01 2.396247611883053352e-01 4.455333643168695075e-03 2.881629081827210559e-01
4.983794567656038565e-01 2.540723915534254251e-01 4.576934036333472205e-03 2.429712176446373328e-01
5.141547640371914030e-01 2.732286279168805732e-01 4.459678067445929824e-03 2.081569299784818416e-01
7.590781745701924432e-01 1.035704221498716243e-01 6.719760354977626082e-02 7.015379973015960224e-02
7.677382544214336191e-01 1.022328174955396823e-01 5.770864720982910728e-02 7.232028087319759824e-02
7.758482732335961751e-01 9.922780739286785057e-02 4.894910005240885736e-02 7.597481932112716552e-02
7.814965386527776836e-01 9.538977126563844000e-02 4.127297574346949077e-02 8.184071433811460072e-02
7.818279941545913658e-01 9.228004990553388687e-02 3.466772366530054827e-02 9.122423227457451822e-02
7.730994756246041266e-01 9.173445826608818410e-02 2.911303770303936764e-02 1.060530284062682627e-01
7.525282134699831094e-01 9.461836322773788110e-02 2.424494485041192235e-02 1.286084784518672919e-01
7.131586790152828481e-01 1.045977833178086819e-01 2.061765582866566596e-02 1.616258818382432239e-01
6.529663768105004040e-01 1.234631945017160420e-01 1.755430529132335701e-02 2.060161233964601935e-01
5.717674060212994958e-01 1.545410441399763524e-01 1.490692466736326036e-02 2.587846251713611379e-01
4.790723056345430053e-01 1.973298093652589846e-01 1.295070916374964701e-02 3.106471758364483526e-01
3.927498523266171881e-01 2.451500517219696584e-01 1.195511354338437901e-02 3.501449824080289375e-01
3.210083321235887022e-01 2.884986878575688252e-01 1.194826469466812868e-02 3.785447153241744966e-01
2.616479207831409748e-01 3.169099177483937213e-01 1.285420205166015566e-02 4.085879594168052020e-01
2.108758916338182299e-01 3.208212689349164704e-01 1.444704494440725295e-02 4.538557944868583105e-01
1.656233149825420414e-01 2.943988857863014119e-01 1.635493624378243568e-02 5.236228629873740381e-01
1.252157659886656838e-01 2.430291596952286193e-01 1.815467075687700674e-02 6.136004035592286243e-01
9.154766906493121137e-02 1.845526435698285339e-01 1.946361348345613390e-02 7.044360738817838641e-01
6.628092217886026594e-02 1.360266872750092448e-01 2.035861348369544591e-02 7.773337770624350052e-01
4.904659937697271321e-02 1.035331357435985700e-01 2.164313976208035589e-02 8.257771251173483540e-01
3.807424291984626979e-02 8.520275227715992661e-02 2.424547343502432561e-02 8.524775313679698874e-01
3.120241694950707384e-02 7.669835474998806801e-02 2.853428094734065598e-02 8.635649473531640252e-01
2.678999351848634913e-02 7.445235526025620332e-02 3.465904256989846971e-02 8.640986086513589015e-01
2.405182486072401232e-02 7.662847197163190349e-02 4.379201944096415555e-02 8.555276837266797552e-01
2.266774528221184373e-02 8.227579664465591025e-02 5.906081420849217112e-02 8.359956438646399812e-01
2.232696110723829050e-02 9.038807315365796069e-02 8.343292827497718334e-02 8.038520374641263677e-01
2.245011814582424312e-02 9.831854499868074304e-02 1.144443016693830334e-01 7.647870351861123517e-01
2.238919747405383395e-02 1.006978179010538654e-01 1.426392038137685725e-01 7.342737808111237108e-01
2.179886868966753044e-02 9.269353837218065328e-02 1.624518596678445337e-01 7.230557332703070328e-01
2.087588183180864865e-02 7.545123505631513849e-02 1.791311129475421648e-01 7.245417701643338537e-01
2.074189002837515880e-02 5.527012134880311678e-02 2.000082169650022890e-01 7.239797716578191267e-01
1.977343478474943850e-02 3.863184692759254885e-02 2.275548152301049565e-01 7.140399030575531603e-01
1.964368815230315563e-02 2.662199267862554522e-02 2.582311491972535955e-01 6.955031699718178251e-01
1.998852278174267916e-02 1.943410037520865857e-02 2.830778693416978742e-01 6.774995075013506840e-01
2.110709183857350374e-02 1.575706398319280666e-02 2.937128734485554005e-01 6.694229707296780463e-01
2.312785027250638045e-02 1.412931523458140978e-02 2.907123354135404680e-01 6.720304990793715127e-01
2.630847562915340082e-02 1.360651352975085840e-02 2.831975927226739187e-01 6.768874181184216798e-01
3.120985131049519232e-02 1.372413454885454583e-02 2.800172187606543850e-01 6.750487953799959584e-01
3.833284696879429160e-02 1.411909834761412158e-02 2.853258218124216650e-01 6.622222328711701023e-01
4.750153238298681496e-02 1.429569245662251284e-02 3.012953138100594730e-01 6.369074613503314941e-01
5.755079097298771568e-02 1.379923972331169486e-02 3.302144494006286624e-01 5.984355199030717554e-01
6.730889680254975582e-02 1.271691312871146666e-02 3.717576972592235851e-01 5.482164928095151213e-01
7.666287857675105344e-02 1.165545919203165096e-02 4.209274486564721363e-01 4.907542135747448020e-01
8.575331592063692443e-02 1.108231422844794221e-02 4.706619055680050789e-01 4.325024642829101706e-01
9.395508757530457444e-02 1.099090085108678054e-02 5.147145289069174900e-01 3.803394826666912087e-01
1.002392312262705698e-01 1.109687781538482021e-02 5.500731851178531917e-01 3.385907058404912795e-01
1.041676645409606028e-01 1.114585680033145648e-02 5.758445772707116994e-01 3.088419013879962205e-01
1.060112522461158918e-01 1.102419523479495657e-02 5.912348934885903740e-01 2.917296590304988557e-01
1.061986027129537269e-01 1.071346791753200432e-02 5.950551899920254462e-01 2.880327393774891886e-01
1.051221192627155299e-01 1.026737019589367590e-02 5.852219749747683553e-01 2.993885355666222603e-01
1.029891362089675744e-01 9.762720616155129427e-03 5.593952076907692250e-01 3.278529354841080989e-01
9.971542927956156266e-02 9.233876848571237819e-03 5.166254036977743214e-01 3.744252901740925399e-01
9.484398287045359144e-02 8.650600092947621431e-03 4.584156319942476188e-01 4.380897850423512985e-01
8.750185823474561364e-02 7.933619016849392802e-03 3.881295421712929183e-01 5.164349805771117907e-01
7.686057783516568598e-02 7.006568190205769882e-03 3.093941375935447824e-01 6.067387163810836759e-01
6.283762446433467652e-02 5.861454912284216369e-03 2.283056759590061380e-01 7.029952446643751296e-01
4.717555531410786568e-02 4.659528355250798851e-03 1.555097994928448801e-01 7.926551168377963252e-01
3.311273532934844166e-02 3.701960304820200998e-03 1.001046358778789197e-01 8.630806684879523960e-01
2.301043291316069023e-02 3.241708542912307821e-03 6.364561016675591987e-02 9.101022483771713523e-01
1.711935291802476472e-02 3.457331362400114377e-03 4.193743788760261743e-02 9.374858778319726804e-01
1.434633562207577109e-02 4.582082031452759142e-03 2.927142621872047545e-02 9.518001561277505962e-01
1.348757754771615948e-02 7.004871121134398707e-03 2.113459991077245789e-02 9.583729514203769284e-01
1.383846763791204276e-02 1.135895606667857230e-02 1.542045529538071946e-02 9.593821210000286204e-01
1.497929599674584049e-02 1.870393890641446760e-02 1.157651356219844933e-02 9.547402515346413709e-01
1.673268518405746780e-02 3.119646725647654342e-02 9.142853904966802281e-03 9.429279936544989749e-01
1.916935068494002303e-02 5.250811205019079858e-02 7.523059688974500191e-03 9.207994775758947537e-01
2.227691633153738859e-02 8.892386078042770203e-02 6.327896327334660634e-03 8.824713265607007084e-01
2.562651878302169700e-02 1.510566943528807160e-01 5.303633695049406356e-03 8.180131531690482127e-01
2.841247867551215459e-02 2.525237230628792906e-01 4.312865334745167277e-03 7.147509329268633138e-01
2.921914919263719768e-02 3.939696811324883696e-01 3.738126030487072104e-03 5.730730436443874920e-01
2.821687718837980960e-02 5.480133299457131679e-01 2.608871482552935998e-03 4.211609213833542031e-01
2.636071339856469256e-02 6.657924571042117545e-01 2.206721888476616093e-03 3.056401076087469360e-01
2.611946281375221793e-02 7.300147913494396956e-01 2.284578121849170293e-03 2.415811677149589110e-01
2.826421466790013035e-02 7.499088493852968940e-01 2.983586850418738778e-03 2.188433490963839489e-01
3.229447846965156910e-02 7.430480980195444118e-01 4.547742027246889224e-03 2.201096814835569460e-01
3.717846743357449552e-02 7.252424075132725134e-01 7.267489312638142178e-03 2.303116357405144143e-01
4.221833131976088921e-02 7.054813899363123753e-01 1.145202012972959017e-02 2.408482586141976745e-01
4.722045959177739727e-02 6.860757624765498885e-01 1.728291438945876723e-02 2.494208635422136000e-01
5.193843708992006841e-02 6.675545722817448624e-01 2.419745455124440101e-02 2.563095360770905606e-01
5.579882014579953808e-02 6.518654526520404335e-01 3.045233253335646526e-02 2.618833946688036707e-01
5.827673758928126474e-02 6.401268239810070648e-01 3.375936846010770681e-02 2.678370699696039914e-01
5.944775304131012794e-02 6.295673212949658426e-01 3.307265512021258236e-02 2.779122705435117524e-01
5.996717545863884669e-02 6.137706003167890945e-01 2.991306158705795901e-02 2.963491626375141519e-01
6.013000093042954880e-02 5.855560808247469717e-01 2.682174926648916297e-02 3.274921689783342194e-01
5.948950542114021800e-02 5.412261685231586350e-01 2.487340188374559391e-02 3.744109241719555392e-01
5.710575556319603258e-02 4.822129659492851994e-01 2.359991306959765764e-02 4.370813654179208085e-01
5.193460986912667304e-02 4.128930656909997610e-01 2.221880690209952769e-02 5.129535175377741840e-01
4.426046225438799026e-02 3.402758473695262076e-01 2.013456155485524382e-02 5.953291288212304577e-01
3.639215058515842677e-02 2.745073356613803583e-01 1.726644645130309338e-02 6.718340673021581111e-01
