2.336072450749900886e-01 7.332206718781467680e-01 1.748359546388580585e-02 1.568848758297698362e-02
8.947427403612827623e-01 8.461619970301851971e-04 1.040045217436497416e-01 4.065758980374321809e-04
8.464144342203459015e-01 6.673030930875138841e-04 1.525880445422352905e-01 3.302181443312328531e-04
7.760268604101611123e-01 7.906678094407053239e-04 2.228561210144658911e-01 3.263507659323889557e-04
6.892363273063216722e-01 5.893989228894499577e-04 3.098145528283687278e-01 3.597209424198658380e-04
5.950454624139294157e-01 8.512608379539709190e-04 4.036111385927918516e-01 4.921381553249051018e-04
5.139802680754925746e-01 1.470214014892394679e-03 4.837721313994662875e-01 7.773865101487122554e-04
4.671268937534165944e-01 2.889991375371408176e-03 5.285909415516667487e-01 1.392173319545395808e-03
4.592060620584217934e-01 6.110427184571718892e-03 5.319581369921576597e-01 2.725373764848831957e-03
4.776588993608911204e-01 1.360567521490571759e-02 5.031668431759280802e-01 5.568582248274898776e-03
5.118330449024509621e-01 2.585959536742365658e-02 4.514792293509091725e-01 1.082813037921607699e-02
5.392326288342915719e-01 4.881767754430840073e-02 3.916342051631414578e-01 2.031548845825833366e-02
5.490247167499233694e-01 8.123766628004035206e-02 3.334797931857130804e-01 3.625782378432328146e-02
5.351211313597795671e-01 1.238441280987143955e-01 2.784856107666657254e-01 6.254912977484013148e-02
5.009276512412764726e-01 1.656936552605057511e-01 2.285347748016864355e-01 1.048439186965313269e-01
4.495011129443041709e-01 1.929447218890693039e-01 1.872298168096152571e-01 1.703243483570114902e-01
3.918995351246084557e-01 1.942832909078213710e-01 1.512410790759969315e-01 2.625760948915731863e-01
3.310704966969166829e-01 1.784428172891999453e-01 1.195100546865890401e-01 3.709766313272943039e-01
2.778705238214923545e-01 1.612850894725281203e-01 9.305491430380810614e-02 4.677894724021713357e-01
2.403015255714124887e-01 1.553393150291494107e-01 7.466250270935156919e-02 5.296966566900870310e-01
2.186537435246835304e-01 1.662540198305660355e-01 6.452008353782488770e-02 5.505721531069253105e-01
2.090735246357004196e-01 1.952193701033855533e-01 6.156555482055727641e-02 5.341415504403566050e-01
2.088815504772803255e-01 2.379713749771134590e-01 6.387986979765701567e-02 4.892672047479491582e-01
2.152722131377926562e-01 2.839292987948270897e-01 6.931173938967727377e-02 4.314867486777028693e-01
2.251740983641223603e-01 3.189518029710512459e-01 7.631393641554327922e-02 3.795601622492831284e-01
2.359570202038255848e-01 3.348109156218719296e-01 8.404652388677845420e-02 3.451855402875243506e-01
2.510338973856859335e-01 3.310343384305439729e-01 9.091786575654470237e-02 3.270138984272252247e-01
2.697400674881276217e-01 3.162260523754424901e-01 9.739683891928267723e-02 3.166370412171473636e-01
2.906513784867018613e-01 2.990658485027315461e-01 1.023938013090337773e-01 3.078889717015328431e-01
3.107819318011660892e-01 2.849617664807491124e-01 1.047833608764427854e-01 2.994729408416422767e-01
3.295406792308079313e-01 2.744570843615817268e-01 1.049766831220851626e-01 2.910255532855252070e-01
3.483139171876992735e-01 2.655653189533050962e-01 1.043640003222079393e-01 2.817567635367875245e-01
3.688507345221184175e-01 2.555361151531568842e-01 1.036334915880186558e-01 2.719796587367060425e-01
3.936544022799690623e-01 2.410871773565375353e-01 1.032177799938693991e-01 2.620406403696240449e-01
4.262333204022256683e-01 2.192997841606050269e-01 1.038261463632519505e-01 2.506407490739170907e-01
4.693625212285269521e-01 1.903729176451039451e-01 1.039499053475496648e-01 2.363146557788192992e-01
5.190107235545717845e-01 1.577291937271509403e-01 1.036738598882012002e-01 2.195862228300760333e-01
5.705391725311580453e-01 1.263538708000088995e-01 1.018013963012332906e-01 2.013055603675998895e-01
6.203028800146611621e-01 9.928511976394924221e-02 9.942489475816169986e-02 1.809871054632282428e-01
6.667880546966514776e-01 7.765410556889136562e-02 9.822086784853023556e-02 1.573369718859266297e-01
7.081364097542116598e-01 6.132701039970370194e-02 9.991647888373575426e-02 1.306201009623489395e-01
7.406048976528116778e-01 4.926257427408907430e-02 1.057587492417946945e-01 1.043737788313044701e-01
7.598883882062978934e-01 4.039761805730222866e-02 1.180990987386532631e-01 8.161489499774680911e-02
7.663440725918153618e-01 3.271830258411587145e-02 1.381149883956234725e-01 6.282263642844546081e-02
7.522353822369267640e-01 2.603174923541785521e-02 1.738811113504191708e-01 4.785175717723592209e-02
7.087099736236727177e-01 2.045724654000246126e-02 2.349911590302433961e-01 3.584162080608174761e-02
6.276059289778679329e-01 1.616687122480909775e-02 3.302040312760878837e-01 2.602316852123517585e-02
5.090674103296037867e-01 1.333667856237526900e-02 4.593166040515154203e-01 1.827930705650536447e-02
3.776375413910332823e-01 1.043736018741700695e-02 5.994432284934906319e-01 1.248186992805911874e-02
2.631300216578419393e-01 9.014390198054713851e-03 7.191068667012399107e-01 8.748721442863698072e-03
1.872230925348857544e-01 8.617732685637594786e-03 7.975695804875320150e-01 6.589594291944792827e-03
1.443856875372069026e-01 8.704062315342708800e-03 8.414844433753971842e-01 5.425806772052984076e-03
1.249188578390219850e-01 9.862545204966608262e-03 8.603981076350809554e-01 4.820489320930439192e-03
1.176283114067465524e-01 1.235595849381760161e-02 8.655455784462225965e-01 4.470151653213226897e-03
1.190740734764778874e-01 1.504229906640836695e-02 8.616210834343611680e-01 4.262544022752979243e-03
1.324553919704433425e-01 1.908665814925621443e-02 8.441894628584674098e-01 4.268487021833370677e-03
1.591128496790789881e-01 2.476234436375767192e-02 8.117259518425902209e-01 4.398854114573136354e-03
1.959226099783861474e-01 3.145813840531294647e-02 7.681501428978407819e-01 4.469108718459894290e-03
2.403046568585158194e-01 3.830417852752172198e-02 7.169739577503616568e-01 4.417206863600931128e-03
2.951329664517952089e-01 4.535417436688909260e-02 6.551426224172470780e-01 4.370236764068712379e-03
3.621915388573805905e-01 5.320412626740398526e-02 5.802033524928794650e-01 4.400982382336078060e-03
4.399268091322874885e-01 6.248273193699666744e-02 4.931265268071304275e-01 4.463932123585379226e-03
5.264137995211985999e-01 7.386640534746630182e-02 3.951524585736791995e-01 4.567336557655866762e-03
6.106737774705615074e-01 8.752532021008949115e-02 2.970535321549682695e-01 4.747370164380785781e-03
6.750710639339481123e-01 1.053883412856024548e-01 2.145322582204595985e-01 5.008336559989988793e-03
7.076723460854260628e-01 1.323982018327370391e-01 1.544296954365372010e-01 5.499756645299912206e-03
7.024895671270106057e-01 1.780745518019596629e-01 1.129448484868725150e-01 6.491032584157212064e-03
6.641818962732138898e-01 2.445134193739574302e-01 8.294930793989709061e-02 8.355376412931587657e-03
5.909373970925305697e-01 3.354602710161416756e-01 6.183405629749066934e-02 1.176827559383677654e-02
4.914158371556613947e-01 4.426772047209817096e-01 4.826675539178133106e-02 1.764020273157551957e-02
3.833248191514684322e-01 5.498960474594649650e-01 3.991390324501368353e-02 2.686523014405286375e-02
2.866631104165101029e-01 6.386065964633019787e-01 3.428640355965460740e-02 4.044388956053312362e-02
3.009483746701705972e-02 6.248372789356122503e-01 2.399837741214235487e-01 1.050841094759472627e-01
2.445590378042281632e-01 4.631746895040780854e-01 2.460719090818483112e-01 4.619436360984530143e-02
1.897143201209158803e-01 5.841880714038949485e-01 1.766218844600668803e-01 4.947572401512259632e-02
1.385701358949974205e-01 6.916348693858774821e-01 1.202859979809446922e-01 4.950899673818033586e-02
9.645166326522272571e-02 7.778097284724923011e-01 7.860534518397067905e-02 4.713326307831417622e-02
6.427594895245529460e-02 8.426173146640947298e-01 4.950348049626013963e-02 4.360325588719008577e-02
4.147523408578560056e-02 8.882640598021310785e-01 3.012158269038165206e-02 4.013912342170162378e-02
2.698939544632942764e-02 9.170316082745894049e-01 1.818862804829122701e-02 3.779036823079039153e-02
1.935069454604971054e-02 9.320647145140631418e-01 1.155189285307266396e-02 3.703269808681458608e-02
1.416990796595883964e-02 9.409940820131614814e-01 7.870815395148543850e-03 3.696519462573117504e-02
1.131062709752421111e-02 9.453086774243129042e-01 5.840576922350656890e-03 3.754011855581231016e-02
9.927335130694594709e-03 9.460436555650492130e-01 4.791984300779185413e-03 3.923702500347713007e-02
9.331710496845944600e-03 9.448886568150905996e-01 4.269353270994867208e-03 4.151027941706875168e-02
8.977959541535055280e-03 9.438639387936097469e-01 3.986661515119293425e-03 4.317144014973601368e-02
8.780314687509303828e-03 9.434385552808597364e-01 3.885839157727987228e-03 4.389529087390290490e-02
8.988331777929329039e-03 9.425053323030715413e-01 4.035544677615290551e-03 4.447079124138410972e-02
9.962174489366475150e-03 9.392091078352787781e-01 4.548884364782431258e-03 4.627983331057242133e-02
1.201485905497438195e-02 9.322482416148326623e-01 5.497236980696940285e-03 5.023966234949577003e-02
1.600491394905168355e-02 9.193161916167478243e-01 7.125288391732060439e-03 5.755360604246842482e-02
2.416683768590894080e-02 8.959337245156692164e-01 1.019417356264165977e-02 6.970526423577975972e-02
4.039934497761194648e-02 8.579122514359672769e-01 1.589289751745640022e-02 8.579550606896432785e-02
6.770070154562879416e-02 8.060968150701848245e-01 2.564139619657048244e-02 1.005610871876155971e-01
1.148959120645536153e-01 7.364362807451440007e-01 4.102030321462894064e-02 1.076475039756729785e-01
1.871136285240232733e-01 6.467028544143623714e-01 6.206174379145409231e-02 1.041217732701601589e-01
2.871786272510684079e-01 5.339049718552928425e-01 8.703463795113253187e-02 9.188176294250631482e-02
4.093814272746320593e-01 4.032116895170307358e-01 1.130957074944812651e-01 7.431117571385545406e-02
5.351869201670108600e-01 2.721615956887205590e-01 1.372201040003916128e-01 5.543138014387676699e-02
6.361550911027331612e-01 1.649964675941830716e-01 1.593656692532195718e-01 3.948277204986412603e-02
6.955019401359370246e-01 9.518022731133778114e-02 1.810451565225759674e-01 2.827267603014915406e-02
7.175979391671698515e-01 5.578461098706012644e-02 2.055814864940596343e-01 2.103596335171053350e-02
7.160674103308903859e-01 3.400523910647973436e-02 2.336351945072548120e-01 1.629215605537535569e-02
7.020226299837831752e-01 2.190461372545763480e-02 2.631266933235268390e-01 1.294606296723251580e-02
6.856948804920423024e-01 1.485916114293914063e-02 2.890688159812432323e-01 1.037714238377499334e-02
6.767163765061352532e-01 1.062373117717157686e-02 3.043485666112595300e-01 8.311325705433511568e-03
6.769101112177514645e-01 8.013139754513842750e-03 3.084307489090214460e-01 6.646000118713448791e-03
6.790337682265120689e-01 6.475411142369341504e-03 3.090907968039757203e-01 5.400023827142792082e-03
6.752163898494051297e-01 4.965075656043071647e-03 3.153666802551204906e-01 4.451854239431345291e-03
6.554622136990887471e-01 4.495495956157085325e-03 3.361867157141908979e-01 3.855574630563391933e-03
6.131525210284192173e-01 4.434809497503888406e-03 3.788487946052484512e-01 3.563874868828571883e-03
5.453470910394196958e-01 4.804923131998931757e-03 4.462700057539709109e-01 3.577980074610727021e-03
4.565290245109498990e-01 5.520276381849719555e-03 5.341503169446877308e-01 3.800382162512193091e-03
3.606014988393982379e-01 6.355755764569086252e-03 6.289776548442964632e-01 4.065090551736288971e-03
2.763649966905966648e-01 7.180813230257125299e-03 7.121520020582459143e-01 4.302188020900148992e-03
2.154354754210992817e-01 8.163461931647814779e-03 7.717681983747887164e-01 4.632864272464253842e-03
1.769804386170720223e-01 9.672868373188387575e-03 8.080805622155429191e-01 5.266130794196645024e-03
1.532318108519722388e-01 1.210780550976721728e-02 8.282730457976762439e-01 6.387337840584168119e-03
1.366578954211961072e-01 1.576515142178484818e-02 8.394465779959203733e-01 8.130375161098693862e-03
1.226518311371948833e-01 2.055741950224550252e-02 8.462801428082928901e-01 1.051060655226654893e-02
1.103071552499576141e-01 2.620902094668298848e-02 8.499376053194360736e-01 1.354621848392303061e-02
1.001502467300295213e-01 3.232895194916094589e-02 8.501047590512955665e-01 1.741604226951407389e-02
8.942640814895692902e-02 4.129653412358087750e-02 8.468711889549515037e-01 2.240586877251099160e-02
7.740251047189661282e-02 5.137336775287091456e-02 8.429591111538800030e-01 2.826501062135263267e-02
6.545181983074213616e-02 6.778277316808323238e-02 8.311388328648947610e-01 3.562657413627975944e-02
5.392125612027301451e-02 9.159928196388751609e-02 8.097093003585431603e-01 4.477016155729643399e-02
4.260077628950038886e-02 1.196679840563015795e-01 7.824697988982675101e-01 5.526144075593052846e-02
3.306442639060319655e-02 1.456632013593110730e-01 7.554928362487562943e-01 6.577953600132939449e-02
2.657167445320976484e-02 1.650939090928779107e-01 7.338604116049420867e-01 7.447400484897030715e-02
2.296300069829551940e-02 1.786010313163699792e-01 7.186043448948389312e-01 7.983162309049576799e-02
2.188380145056107590e-02 1.916081674313245831e-01 7.045524714936991506e-01 8.195555962441522513e-02
2.351610477011008629e-02 2.117507366485645581e-01 6.819136995504891940e-01 8.281945903083655358e-02
2.871790193020965984e-02 2.459763280221499704e-01 6.408011245038907067e-01 8.450464554374986781e-02
3.817200854910191704e-02 2.972329768965399910e-01 5.774978531547224625e-01 8.709716139963540049e-02
5.060614012275429369e-02 3.623262784239379419e-01 4.978874995058415465e-01 8.918008194746618322e-02
6.216237872376808443e-02 4.342863869102085439e-01 4.133926453333015560e-01 9.015858903272211400e-02
7.048888882302621617e-02 5.063450200771423271e-01 3.321658104284220814e-01 9.100028067140954191e-02
7.812794025101077455e-02 5.678889368816055772e-01 2.609550230475696231e-01 9.302809981981412235e-02
9.128169403626340550e-02 6.041049695138382969e-01 2.071157816871459778e-01 9.749755476275276389e-02
1.168312156468201690e-01 6.010811691720197025e-01 1.761774579996410739e-01 1.059101571815188186e-01
1.602840808532859929e-01 5.636342249796069126e-01 1.591459630098466527e-01 1.169357311572604280e-01
2.206895476019747337e-01 5.021932804943283202e-01 1.514356992847729066e-01 1.256814726189238729e-01
2.871232189416044189e-01 4.352660350349811247e-01 1.502162389820850819e-01 1.273945070413294023e-01
3.486962656940646998e-01 3.749960809149643359e-01 1.552722817909147346e-01 1.210353716000560909e-01
4.812119656308894711e-01 3.297889076291992683e-01 8.090960052691020810e-02 1.080895262130011220e-01
3.853788603581481675e-02 8.222249637486351848e-01 7.234262906753690346e-03 1.320028873087965293e-01
3.505720864704871265e-02 7.791701855694707080e-01 5.931713148505948774e-03 1.798408926349747416e-01
3.107012237516051587e-02 7.197736379912885729e-01 4.682404587650686179e-03 2.444738350458999232e-01
2.719230276903275914e-02 6.499860228610279123e-01 3.643009342333976275e-03 3.191786650276051129e-01
2.370113723190408681e-02 5.804223736926087396e-01 3.185748430683521797e-03 3.926907406448035820e-01
2.364391902635122958e-02 5.199137904790154252e-01 2.960133811405485545e-03 4.534821566832278883e-01
2.372588395415031401e-02 4.770815535083643422e-01 2.380099068307009024e-03 4.968124634691784003e-01
2.596824636480272661e-02 4.466603522930376324e-01 2.400328156347334568e-03 5.249710731858123758e-01
2.878496103402766390e-02 4.240953917922350991e-01 2.457111066801242159e-03 5.446625361069358240e-01
3.178425694133434065e-02 4.066727319786437311e-01 2.522815608558000734e-03 5.590201954714641985e-01
3.626196841355922712e-02 3.980871987018439473e-01 2.734264119009838147e-03 5.629165687655869332e-01
4.398623546342990409e-02 4.032838049344459330e-01 3.276778996406347778e-03 5.494531806057177947e-01
5.494519044848052841e-02 4.234205587327211084e-01 4.200705445635998479e-03 5.174335453731625512e-01
6.830536964834278690e-02 4.536958167189107383e-01 5.472863449329596654e-03 4.725259501834163656e-01
8.528895569332636817e-02 4.825607137624717269e-01 7.299406543641106561e-03 4.248509240005607368e-01
1.080161693311014609e-01 4.960511853907700330e-01 1.026252353952565068e-02 3.856701217386029334e-01
1.346975683320770778e-01 4.902412407087288204e-01 1.477149791214729842e-02 3.602896930470468329e-01
1.615065682198466579e-01 4.711073139473756499e-01 2.068442526430067444e-02 3.467016925684772710e-01
1.889157949143080717e-01 4.392008754882120170e-01 2.790923409561247431e-02 3.439740955018673607e-01
2.185900719601053810e-01 3.924336138675448837e-01 3.646340626448137112e-02 3.525129079078681005e-01
2.472256579847860181e-01 3.371101012935948660e-01 4.660017172702483890e-02 3.690640689945941522e-01
2.691203407084296062e-01 2.842873338070246447e-01 5.902943978818556842e-02 3.875628856963598823e-01
2.803370857094559243e-01 2.408410123635999212e-01 7.344931743929408730e-02 4.053725844876501783e-01
2.803995564782617578e-01 2.080574162145847894e-01 8.737213383464099981e-02 4.241708934725125224e-01
2.720601025691474772e-01 1.851567813589644063e-01 9.731940391173422855e-02 4.454637121601537353e-01
2.579442614617091789e-01 1.708470006609318359e-01 1.005672700536223985e-01 4.706414678237363924e-01
2.408613912368195165e-01 1.624884792532567679e-01 9.645514987238312798e-02 5.001949796375405599e-01
2.253246834796090448e-01 1.574463950272840529e-01 8.757343594777916573e-02 5.296554855453278199e-01
2.163030287867253876e-01 1.548544051886890371e-01 7.852429600579009794e-02 5.503182700187955190e-01
2.180576959477402987e-01 1.551395511101403557e-01 7.262014998967178392e-02 5.541826029524474784e-01
2.345403689407839221e-01 1.587462313078756571e-01 7.098769867491461216e-02 5.357257010764258087e-01
2.675578863279594044e-01 1.639304533228273242e-01 7.326737581634473750e-02 4.952442845328683396e-01
3.134160622429140730e-01 1.667240507530104721e-01 7.822125305532000306e-02 4.416386339487555768e-01
3.633318485690660293e-01 1.653552064799752308e-01 8.416581495958670722e-02 3.871471299913717967e-01
4.102032715738898605e-01 1.625285765913440095e-01 8.933854197058338498e-02 3.379296098641824675e-01
4.538057331595345967e-01 1.603748225328210653e-01 9.209734272739188154e-02 2.937221015802528035e-01
4.983053338862746817e-01 1.576774467859638207e-01 9.157284026697991297e-02 2.524443790607813765e-01
5.473011883197204108e-01 1.518372117508084984e-01 8.845163205603803758e-02 2.124099678734328589e-01
6.007390173087753249e-01 1.417708866370065990e-01 8.411489163298978278e-02 1.733752044212283905e-01
6.554358530770655333e-01 1.286430140721748494e-01 7.918091177463848496e-02 1.367402210761213821e-01
7.079952760148178204e-01 1.137814549064696257e-01 7.364829493184232856e-02 1.045749741468702809e-01
7.541067807191759176e-01 9.844785275064500685e-02 6.865831567321707685e-02 7.878705085696227628e-02
7.939880670357303272e-01 8.365153426611643406e-02 6.287329359896018377e-02 5.948710509919308970e-02
8.248402844555213775e-01 7.094320222078547011e-02 5.836580969286917636e-02 4.585070363082387190e-02
8.469631548726540560e-01 6.071861202373459582e-02 5.614147215468023866e-02 3.617676094893104016e-02
8.615895701786552285e-01 5.244852233954368920e-02 5.702367217675186062e-02 2.893823530504922165e-02
8.697142517526051941e-01 4.541900545743913359e-02 6.161609179840331352e-02 2.325065099155246631e-02
8.715931313959954796e-01 3.915592373870415560e-02 7.057891147382434893e-02 1.867203339147576954e-02
8.669620102439850040e-01 3.334750450844656267e-02 8.477041178523175846e-02 1.492007346233660894e-02
8.552073861461203519e-01 2.784967010592539344e-02 1.051071338850558951e-01 1.183580986289820523e-02
8.353850838625976882e-01 2.277258355960347022e-02 1.324501518005049561e-01 9.392180777293845581e-03
8.067136878453232685e-01 1.836920041736909981e-02 1.673062022345379873e-01 7.610909502769557661e-03
7.711800438724828455e-01 1.471367575493975552e-02 2.076811549971263049e-01 6.425125375450867725e-03
7.357247485828464217e-01 1.173560077704879218e-02 2.468193711922997691e-01 5.720279447805049107e-03
7.075540208573113388e-01 9.409302563005476905e-03 2.776200412180280797e-01 5.416635361655110746e-03
6.850602889722530175e-01 7.791244671699051536e-03 3.016681623313458571e-01 5.480304024701927214e-03
6.583110220242690547e-01 6.260951751826211373e-03 3.295772071029290373e-01 5.850819120975903932e-03
6.152775838450450507e-01 5.742756537039519528e-03 3.723634626671269987e-01 6.616196950788540317e-03
5.560632687143146624e-01 5.572100775280669493e-03 4.306459367115643699e-01 7.718693798840059635e-03
4.888125448149677754e-01 5.572671462279269079e-03 4.964275684806879751e-01 9.187215242065154691e-03
4.208244133748806903e-01 5.604265549945981750e-03 5.624435024612883804e-01 1.112781861388490931e-02
3.603420878449584142e-01 5.662583006908668629e-03 6.199765759039179702e-01 1.401875324421476311e-02
3.172310990572912437e-01 5.967787924440211451e-03 6.576778603043206273e-01 1.912325271394752293e-02
2.914879157083437589e-01 6.720350760706966971e-03 6.732883235709498093e-01 2.850340995999936511e-02
2.746314299435800299e-01 7.714237368625588044e-03 6.724173223994146520e-01 4.523701028837971011e-02
2.576252525451937503e-01 9.966220280700327158e-03 6.592794508595324343e-01 7.312907631457360447e-02
2.312247446686786223e-01 1.239171307331221952e-02 6.418533285187052462e-01 1.145302137393041236e-01
1.957769079880154472e-01 1.523053190702117719e-02 6.200424334388082714e-01 1.689501266661550816e-01
1.557174010612246140e-01 1.862185418848939789e-02 5.935702831016925751e-01 2.320904616485934546e-01
1.187875428190065669e-01 2.303262225348878464e-02 5.620582815629634466e-01 2.961215533645416564e-01
8.996281246991016944e-02 2.957976489475751952e-02 5.275298534192167654e-01 3.529275692161157885e-01
6.019442811369479784e-01 2.453855234902027893e-01 4.189611223492073488e-02 1.107740831379284280e-01
9.590529679569496577e-03 7.648699567898027407e-01 2.039044815071340555e-03 2.235004687155563441e-01
9.860329655969644197e-03 7.363913236662370521e-01 2.296705387725548296e-03 2.514516412900679732e-01
1.077900908125630636e-02 7.262559635539693748e-01 2.705236895646812110e-03 2.602597904691277275e-01
1.202118118778325653e-02 7.362495196300405942e-01 3.175404121135036624e-03 2.485538950610410025e-01
1.234475924571440397e-02 7.649799606420454312e-01 3.572852755513597055e-03 2.191024273567268310e-01
1.273079562559506495e-02 8.071147005212987446e-01 4.094623218456528400e-03 1.760598806346498901e-01
1.344329131570637555e-02 8.546420010477525642e-01 4.792896809629319799e-03 1.271218108269116243e-01
1.480858883434450421e-02 8.959631421760918535e-01 5.730151500575647941e-03 8.349811748898845754e-02
1.766371889161448550e-02 9.220973080984280479e-01 7.136427208841658251e-03 5.310254580111588296e-02
2.245713159088935651e-02 9.324533241130638084e-01 9.519407758815396497e-03 3.557013653723184454e-02
3.127895503263089516e-02 9.284578228546727097e-01 1.364973802389479393e-02 2.661348408880143471e-02
4.315404778803307029e-02 9.149600931037484841e-01 1.975165610236588251e-02 2.213420300585286840e-02
5.380970388357204232e-02 8.995603453290546003e-01 2.701693516769145334e-02 1.961301561968175136e-02
5.917426282150625716e-02 8.888657709241706284e-01 3.378377996578257186e-02 1.817618628854062238e-02
6.099483929925855058e-02 8.812756536612759151e-01 3.955345866392392246e-02 1.817604837554193456e-02
6.411069682047706997e-02 8.700213476388147793e-01 4.559570708689932028e-02 2.027224845380871943e-02
7.079764389073343878e-02 8.513136702144841195e-01 5.328975578661230422e-02 2.459893010817026243e-02
8.204191572258173748e-02 8.230311996204486835e-01 6.402079784627488779e-02 3.090608681069459754e-02
9.895931189569850961e-02 7.834690633583670794e-01 7.861890071703400706e-02 3.895272402890034152e-02
1.207582538291761820e-01 7.344812411721216572e-01 9.605351283823729269e-02 4.870699216046501384e-02
1.433199887011422369e-01 6.830270431062054337e-01 1.126661746620525456e-01 6.098679353060006830e-02
1.603152998597873191e-01 6.393292598471215227e-01 1.225580669058946720e-01 7.779737338719687478e-02
1.655116161505781336e-01 6.113733422218593505e-01 1.208192230646752546e-01 1.022958185628864147e-01
1.554999995207061447e-01 5.960024213528923864e-01 1.076691683786586556e-01 1.408284107477427161e-01
1.314315858911643820e-01 5.756029016546592159e-01 8.779017307369868517e-02 2.051753393804774950e-01
9.838468846976029802e-02 5.255288610354299506e-01 6.622935780886728130e-02 3.098570926859424701e-01
6.362771498715563689e-02 4.328254060863220842e-01 4.621592214493941420e-02 4.573309567815830312e-01
3.604378839298409687e-02 3.154725772211763313e-01 3.008826767233046401e-02 6.183953667135092536e-01
1.919742592071471340e-02 2.120609205080773718e-01 1.894482881390000678e-02 7.497968247573078004e-01
1.031919015809761725e-02 1.416182165745386301e-01 1.194152093391508997e-02 8.361210723334483452e-01
5.747040097100471027e-03 9.923820167664477998e-02 7.583650393984774432e-03 8.874311078322701940e-01
3.416022261351875800e-03 7.573831209064284253e-02 4.997578563427619580e-03 9.158480870845776556e-01
2.193569035921862954e-03 6.336639314483470675e-02 3.531154989146665507e-03 9.309088828300968732e-01
1.485187987257797658e-03 5.655281328664703983e-02 2.658773862004792758e-03 9.393032248640903470e-01
1.050744564799401849e-03 5.263218561332418804e-02 2.090457171536455605e-03 9.442266126503400248e-01
7.968180875197683694e-04 5.133828675754270598e-02 1.700396755777295417e-03 9.461644983991602809e-01
6.574121142863766001e-04 5.304125362346374939e-02 1.417897796927331628e-03 9.448834364653226903e-01
5.881596043782033991e-04 5.865091961055570596e-02 1.207133818823743392e-03 9.395537869662422548e-01
5.859517051422494151e-04 7.251239921997433557e-02 1.074261694236508741e-03 9.258273873806467380e-01
6.853501314577701686e-04 1.045649108883483502e-01 1.046087785033700170e-03 8.937036511951599316e-01
9.996059122177238659e-04 1.747683590276644938e-01 1.187836937475316617e-03 8.230441981226425119e-01
1.650258722310747172e-03 3.063422829487900678e-01 1.572247591797585253e-03 6.904352107371014569e-01
2.412597328092592423e-03 4.850017889782021752e-01 2.163675862831595988e-03 5.104219378308734179e-01
3.322299514306095887e-03 6.485133641065303767e-01 2.917704191205131286e-03 3.452466321879585354e-01
4.523726551514034577e-03 7.578411892609842049e-01 3.818488328604701266e-03 2.338165958588972471e-01
6.276029421755644107e-03 8.196117081375938751e-01 4.826300715190273705e-03 1.692859617254602600e-01
7.018664529719112304e-03 8.536717939140296973e-01 5.596911467733393236e-03 1.337126300885177477e-01
7.642178368068293197e-03 8.720503873869659417e-01 6.076487922275226015e-03 1.142309463226907351e-01
7.902230096243830285e-03 8.829932362383672295e-01 6.177066466014805024e-03 1.029274671993738732e-01
7.850319799950881278e-03 8.912069542583757054e-01 6.012215185690478192e-03 9.493051075598279986e-02
7.659722114322035230e-03 8.980240704452563394e-01 5.755504605713801861e-03 8.856070283470754423e-02
7.287947345593208046e-03 9.037890672876069953e-01 5.405366541811435985e-03 8.351761882498860701e-02
6.631096879383665231e-03 9.084125716040407639e-01 4.903289242278625025e-03 8.005304227429706210e-02
5.960330478380756677e-03 9.094010393089807520e-01 4.371296480746224289e-03 8.026733373189237630e-02
5.636219422166716987e-03 9.033298784193303232e-01 3.962271757034375140e-03 8.707163040146874422e-02
5.653306715871919338e-03 8.867086657143785633e-01 3.632091589600506057e-03 1.040059359801489003e-01
5.833930431601908051e-03 8.541568973571449508e-01 3.254289232032122302e-03 1.367548829792209486e-01
5.608395940134680568e-03 7.964098338481463424e-01 2.809853741838781119e-03 1.951719164698800524e-01
5.510573105785037361e-03 7.018723822428232229e-01 2.387397716799536263e-03 2.902296469345916896e-01
5.331975468765599337e-03 5.686330378645783057e-01 1.973323311439108361e-03 4.240616633552171111e-01
5.108168591006812670e-03 4.167819742951921480e-01 1.593065281816031728e-03 5.765167918319850093e-01
4.951051948043403046e-03 2.893887382461521884e-01 1.287993100216921864e-03 7.043722167055871397e-01
5.172534938903255823e-03 2.115619625737345244e-01 1.090108088378547325e-03 7.821753943989837587e-01
6.069890552344340932e-03 1.789508753396548413e-01 1.028307891484098353e-03 8.139509262165166570e-01
7.584200845787907735e-03 1.806565210961662560e-01 1.103274738860590774e-03 8.106560033191851922e-01
9.499791316106603184e-03 2.090780654765319324e-01 1.315115151337207253e-03 7.801070280560242765e-01
1.203419202315912304e-02 2.631509442259254983e-01 1.739773509688844529e-03 7.230750902412264036e-01
1.589208041839039118e-02 3.423407178509759174e-01 2.558987259913545961e-03 6.392082144707198488e-01
2.195968651681323019e-02 4.371882384436486801e-01 4.047039753040801262e-03 5.368050352864973673e-01
3.148450532687659814e-02 5.276686103647030279e-01 6.561927660450126397e-03 4.342849566479702328e-01
4.637591078977824910e-02 6.005741240789576052e-01 1.036908658111061927e-02 3.426808785501535004e-01
5.786556282039448940e-01 2.878304834046701566e-01 8.998093590737377134e-02 4.353295248401106710e-02
5.921011668808733308e-01 2.609504235947565642e-01 9.978081316107767496e-02 4.716759636329256183e-02
6.070644749268795382e-01 2.335257681396740448e-01 1.104051487742057913e-01 4.900460815924042451e-02
6.147272810503427998e-01 2.133545974616932739e-01 1.220467674754933812e-01 4.987135401247052430e-02
6.044879960463648283e-01 2.058455538692554876e-01 1.378564314789681444e-01 5.181001860541178256e-02
5.679020896967114096e-01 2.123078305756932738e-01 1.631691483109265484e-01 5.662093141666901114e-02
4.964677873603593472e-01 2.373329161623225214e-01 2.009518214604863739e-01 6.524747501683204887e-02
4.017404928005174902e-01 2.798055782113557099e-01 2.413682464615135304e-01 7.708568252661363029e-02
3.121407004787336570e-01 3.351930110839286270e-01 2.620368433504410288e-01 9.062944508689663170e-02
2.430837920288079768e-01 3.996786110031707029e-01 2.528718129685972316e-01 1.043657839994241443e-01
1.926128842180983569e-01 4.646409300430432432e-01 2.260638945484311491e-01 1.166822911904272508e-01
1.542737038077420797e-01 5.284293952311122089e-01 1.910030399138898660e-01 1.262938610472561229e-01
1.239846201269698411e-01 5.875755083058867845e-01 1.560034695192819010e-01 1.324364020478612236e-01
9.855348217693056523e-02 6.424944908154521794e-01 1.240214292912899113e-01 1.349305977163274828e-01
7.651146642085578098e-02 6.929714309571289865e-01 9.601482001442873671e-02 1.345022826075865652e-01
5.914795777483460026e-02 7.338585454058512703e-01 7.383362560596201662e-02 1.331598712133521267e-01
4.374661849939049524e-02 7.673032771830458065e-01 5.620673026190310673e-02 1.327433740556605846e-01
3.389974151342922681e-02 7.879356061534215083e-01 4.341922781826425271e-02 1.347454245148849983e-01
2.601277096335331829e-02 8.023621891940470041e-01 3.451230654570616035e-02 1.371127332968935519e-01
1.997459044871392753e-02 8.165046906801279869e-01 2.763253074295139375e-02 1.358881881282066051e-01
1.579459686617200320e-02 8.322797802994531535e-01 2.234284201530677139e-02 1.295827808190680719e-01
1.307760806445609769e-02 8.481370639830148050e-01 1.842636395784015210e-02 1.203589639946891776e-01
1.195898253177702167e-02 8.600715628280487524e-01 1.639789892972545043e-02 1.115715557104487027e-01
2.083305418563860811e-01 7.471549905819864223e-01 2.661446801399321160e-02 1.789999954763375062e-02
2.203471640525991315e-01 7.284601903724773342e-01 2.872568684300760844e-02 2.246695873191618606e-02
2.557892671361696180e-01 6.817133036045402994e-01 3.378928774186209377e-02 2.870814151742823520e-02
3.075312303966575289e-01 6.177323825789063916e-01 4.048239722989879080e-02 3.425398979453734422e-02
3.659817519844129063e-01 5.484969391294046703e-01 4.862049356565766728e-02 3.690081532052476992e-02
4.194050793766753160e-01 4.861828609179782434e-01 5.786175152826293633e-02 3.655030817708374014e-02
4.630574544827266159e-01 4.337555052611914985e-01 6.857087267307929168e-02 3.461616758300262858e-02
4.955874940769573467e-01 3.911758148887334863e-01 8.081751267610302880e-02 3.241917835820608274e-02
5.168224780855793510e-01 3.585061228418046086e-01 9.380915568937273075e-02 3.086224338324334779e-02
5.272736129813522243e-01 3.359922784856580469e-01 1.063277263198347256e-01 3.040638221315472914e-02
5.269756252756510051e-01 3.238260236785559520e-01 1.179460950125049284e-01 3.125225603328822543e-02
5.131015216281644697e-01 3.244090945696061490e-01 1.288277276832675844e-01 3.366165611896163035e-02
4.825342564199042728e-01 3.413617467576027797e-01 1.381073374186929381e-01 3.799665940380023837e-02
4.353721926855238511e-01 3.760136583138712907e-01 1.440080831764219693e-01 4.460606582418313176e-02
3.737591232425279131e-01 4.267222318072381726e-01 1.458925878091921480e-01 5.362605714104160676e-02
3.146469604287062682e-01 4.765582798745085502e-01 1.441500946152230456e-01 6.464466508156221924e-02
2.666444309853632788e-01 5.155245774496980404e-01 1.423520433804427165e-01 7.547894818449592258e-02
2.300554701145033631e-01 5.440230377257299077e-01 1.429315294596534558e-01 8.298996270011335663e-02
2.060835988573985200e-01 5.599268561679631162e-01 1.463470765722390821e-01 8.764246840239960090e-02
1.973974435168810437e-01 5.560806828026154669e-01 1.535337727548225784e-01 9.298810092568100816e-02
2.014435212572133205e-01 5.348820173574418968e-01 1.624190943208837223e-01 1.012553670644612686e-01
2.132215677236528051e-01 5.052607918405926934e-01 1.689799642820465908e-01 1.125376761537080911e-01
2.284370972925168775e-01 4.737150647851183782e-01 1.713738250867815616e-01 1.264740128355831550e-01
2.452629633341781024e-01 4.413355936394656731e-01 1.705904679966233073e-01 1.428109750297325564e-01
2.645136521976647059e-01 4.060719817561553313e-01 1.688988243946255574e-01 1.605155416515546274e-01
2.868985659924341292e-01 3.674857748773473487e-01 1.688419592761859767e-01 1.767736998540324345e-01
3.103975756376551320e-01 3.288956159485139641e-01 1.729132933269024452e-01 1.877935150869285141e-01
3.319791361462163248e-01 2.943396158548406416e-01 1.833497578609536438e-01 1.903314901379890289e-01
3.528939516754910355e-01 2.634792739695703268e-01 2.016212748232265595e-01 1.820054995317120505e-01
3.732274983969791626e-01 2.342691059221201355e-01 2.293172305764645813e-01 1.631861651044360928e-01
3.925025504194014636e-01 2.021974250819098540e-01 2.662522494044156640e-01 1.390477750942727131e-01
3.971258416914480449e-01 1.734027509299631842e-01 3.141840012337525079e-01 1.152874061448361381e-01
3.880651957970379096e-01 1.496795572119571927e-01 3.679544435867656560e-01 9.430080340423897811e-02
3.766195230517151438e-01 1.349686644546827241e-01 4.107174398255470926e-01 7.769437266805503950e-02
3.755129369201961609e-01 1.318470918639005063e-01 4.255977694309119874e-01 6.704220178499122051e-02
3.843198016877061862e-01 1.370373722584733722e-01 4.163122324244774020e-01 6.233059362934310205e-02
4.008074916710361313e-01 1.541408707255929322e-01 3.816666105477820592e-01 6.338502705558891892e-02
4.181807828496708068e-01 1.836408035484202450e-01 3.289241613590817570e-01 6.925425224282712178e-02
4.280399563287126674e-01 2.234848315216831915e-01 2.706951354324739212e-01 7.778007671713026150e-02
4.272922326387649794e-01 2.680215387057788834e-01 2.184446375043597455e-01 8.624159115109593376e-02
4.203800794225294180e-01 3.125585564374635528e-01 1.742347690757733714e-01 9.282659506423344975e-02
4.066419577313739597e-01 3.582990058906014852e-01 1.380755181064415305e-01 9.698351827158270544e-02
3.875967287680543438e-01 4.062685708236646875e-01 1.075437880516328382e-01 9.859091235664811659e-02
3.578659407443157692e-01 4.604099956545218975e-01 8.399667368397602252e-02 9.772738991718639412e-02
3.179035534075620451e-01 5.203781907059490397e-01 6.658490505763552114e-02 9.513335082885347738e-02
2.756178227641586376e-01 5.774404094375898966e-01 5.413531700023220539e-02 9.280645079801902453e-02
2.399200918675916394e-01 6.208559353887240784e-01 4.622146537053463400e-02 9.300250737314962046e-02
2.135823293903462983e-01 6.479100821511520891e-01 4.202129003546188624e-02 9.648629842303942106e-02
1.955503165380467756e-01 6.617708775315153114e-01 4.037654368870165905e-02 1.023022622417360250e-01
1.852534933735260625e-01 6.656522544932407248e-01 4.059752339772067231e-02 1.084967287355127485e-01
1.851780322356789965e-01 6.584991855713228093e-01 4.323148361282326546e-02 1.130912985801749149e-01
1.995602281729562111e-01 6.362519430940183351e-01 4.983792521405430720e-02 1.143499035189711188e-01
2.303454579934816615e-01 5.974880492422083300e-01 6.197240532489835946e-02 1.101940874394118780e-01
2.767909406913890979e-01 5.422015025891276929e-01 8.105515984778982608e-02 9.995239687169353571e-02
3.369489806061536918e-01 4.696082622644749960e-01 1.078901122544484725e-01 8.555264487492300618e-02
4.066460912560277974e-01 3.855258574674553240e-01 1.382787655635101809e-01 6.954928571300687812e-02
4.718266695581295744e-01 3.060706955449659650e-01 1.680812873256372908e-01 5.402134757126709347e-02
5.397157782467525422e-01 2.309554820002177045e-01 1.890878342807931212e-01 4.024090547223668768e-02
6.009497136183068466e-01 1.696854124352672188e-01 2.007189386514719176e-01 2.864593529495390589e-02
6.529851040399164974e-01 1.226813294748319294e-01 2.047584669183002692e-01 1.957509956695089454e-02
6.937580631127002739e-01 8.876808650206782780e-02 2.045012006793344439e-01 1.297264970589760529e-02
7.247385000921791054e-01 6.381681773300688920e-02 2.029634895792713778e-01 8.481192595542592916e-03
7.444034172627357338e-01 4.699175888837923976e-02 2.029698692640473368e-01 5.634954584837712291e-03
7.532682261019859604e-01 3.640185857507650252e-02 2.063620174662282036e-01 3.967897856709351641e-03
7.540880151713094115e-01 3.027418076180785067e-02 2.125429627863077153e-01 3.094841280575078013e-03
7.489745399055177666e-01 2.726353119138938408e-02 2.210292918108533455e-01 2.732637092239447851e-03
7.356496232484873721e-01 2.641466402161363539e-02 2.352739523374546837e-01 2.661760392444294937e-03
7.113237123261519912e-01 2.710935335585900816e-02 2.588250084631766312e-01 2.741925854812292222e-03
6.783009558566950314e-01 2.900696001964374673e-02 2.897396788123139388e-01 2.952405311347007164e-03
6.422697215113126745e-01 3.134064728120702220e-02 3.231426767011369994e-01 3.246954506343321251e-03
6.091591135467347984e-01 3.345580420924590404e-02 3.538142765895110342e-01 3.570805654508135436e-03
5.842029219951624386e-01 3.514567911537807426e-02 3.767546293009327307e-01 3.896769588526662748e-03
5.706782168578730108e-01 3.675047440109333041e-02 3.883074399308570346e-01 4.263868810176528815e-03
5.706011098828160932e-01 3.919365308545824655e-02 3.854039703543142847e-01 4.801266677411177713e-03
5.809503269176276019e-01 4.381404225915475070e-02 3.695533907262166240e-01 5.682240097001052884e-03
5.944118669097395724e-01 5.230395095346075662e-02 3.461026679792263971e-01 7.181514157573193162e-03
6.030011999765028108e-01 6.577897115304279230e-02 3.216531864397196849e-01 9.566642430734802194e-03
6.024560468889156306e-01 8.378333628968082092e-02 3.007935184816961094e-01 1.296709833970744082e-02
5.936795573504435319e-01 1.040541147035661945e-01 2.848519555789467694e-01 1.741437236704357697e-02
5.818975382455279233e-01 1.219553913966298225e-01 2.735465650742602839e-01 2.260050528358173785e-02
5.719865646317847663e-01 1.357504703899200527e-01 2.644945917334215468e-01 2.776837324487382158e-02
5.692413697659960414e-01 1.438988368289709219e-01 2.547781558306572158e-01 3.208163757437628577e-02
5.736953002627264153e-01 1.481759249616756979e-01 2.428781171950641915e-01 3.525065758053392423e-02
5.806325988310088171e-01 1.521924935439980531e-01 2.295141713592256105e-01 3.766073626576797728e-02
5.834664276884921064e-01 1.592787917366119410e-01 2.171884777548721834e-01 4.006630282002353327e-02
5.754010360054094830e-01 1.718149848304834360e-01 2.096001813430895533e-01 4.318379782101783998e-02
5.509150065917539640e-01 1.917950642339730505e-01 2.098634424651845964e-01 4.742648670908840292e-02
5.081916881915832240e-01 2.210783539618817739e-01 2.180064145717848234e-01 5.272354327474993579e-02
4.532847738371990620e-01 2.590253686275200695e-01 2.292503649733740323e-01 5.843949256190701658e-02
