1.694170868670845098e-01 7.933313660048425531e-01 2.275237194633331073e-02 1.449917518173951710e-02
7.769923974693981883e-01 1.251948162710874845e-03 2.214030623675267984e-01 3.525920003639946296e-04
6.576041289783721711e-01 6.900848583334349149e-04 3.414377472650503287e-01 2.680388982439996996e-04
5.071502097140571097e-01 5.835764944315117216e-04 4.920198713367834320e-01 2.463424547278460696e-04
3.701516468082909350e-01 6.398363000521239529e-04 6.289306580873376129e-01 2.778588043195012692e-04
2.742361484038299269e-01 9.262713491098995130e-04 7.244392492734033073e-01 3.983309736574000559e-04
2.221351470419472840e-01 1.733835603117211315e-03 7.754113727432794256e-01 7.196446116556939453e-04
2.083995632820244137e-01 3.942702668830527606e-03 7.860732437018829177e-01 1.584490347262164801e-03
2.260260414124877770e-01 9.900330216432591188e-03 7.601228754656497166e-01 3.950752905429993217e-03
2.668561790277109713e-01 2.479639626460651558e-02 6.982707801540025683e-01 1.007664455368004544e-02
3.155476055073888619e-01 5.708806404889291836e-02 6.033552738680090233e-01 2.400905657570925542e-02
3.478014771788850434e-01 1.132166369458828398e-01 4.885096029369039305e-01 5.047228293832808216e-02
3.402782835575738907e-01 1.917720203506594334e-01 3.752954051039756322e-01 9.265429098779115469e-02
2.988408114219546219e-01 2.734012325467142235e-01 2.745981978536826129e-01 1.531597581776485972e-01
2.441400776542584639e-01 3.244725051936576121e-01 1.943886325517520663e-01 2.369987846003318022e-01
1.943784277939350214e-01 3.206088379534508537e-01 1.350985975481050205e-01 3.499141367045094930e-01
1.539426110146449866e-01 2.720006621377934475e-01 9.142114307945262142e-02 4.826355837681088334e-01
1.230323948076781221e-01 2.120012831459158476e-01 5.971989571309663930e-02 6.052464263333093841e-01
1.034843013370848885e-01 1.677833269538479000e-01 3.907140875324682794e-02 6.896609629558203558e-01
9.547178991164981254e-02 1.473171762570472665e-01 2.716229735300007900e-02 7.300487364783029287e-01
9.708422227236068736e-02 1.474203671688231188e-01 2.096202212559225217e-02 7.345333884332237995e-01
1.061435076477733747e-01 1.630892687050402023e-01 1.833468527226729539e-02 7.124325383749187113e-01
1.208982749342378954e-01 1.890131402026797025e-01 1.788230541845647892e-02 6.722062794446255207e-01
1.391103291758039873e-01 2.166779927466627176e-01 1.871455415144548939e-02 6.254971239260881388e-01
1.584282786754593053e-01 2.335771871375884878e-01 2.031015408039816769e-02 5.876843801065542161e-01
1.772809374841622654e-01 2.322849142812166146e-01 2.228868391051832404e-02 5.681454643241026226e-01
1.963803807953954372e-01 2.166944193347452585e-01 2.447788520764563810e-02 5.624473146622138708e-01
2.174171064820622223e-01 1.965070160695490675e-01 2.683411696314530470e-02 5.592417604852435442e-01
2.388974285815669285e-01 1.794177528124225596e-01 2.908431321115519802e-02 5.526005053948552792e-01
2.577576069448603846e-01 1.677173484653296520e-01 3.097384335935942160e-02 5.435512012304507534e-01
2.736935366334671271e-01 1.607383472518988665e-01 3.275556300669590915e-02 5.328125531079379584e-01
2.875677606325111602e-01 1.579548755984530040e-01 3.500534540346030010e-02 5.194720183655753276e-01
3.024146023262062610e-01 1.553216646333739903e-01 3.757273579118377421e-02 5.046909972492360508e-01
3.195911173896243129e-01 1.518933159077089645e-01 4.053385962738812603e-02 4.879817070752786590e-01
3.438777023887657491e-01 1.456256092981395023e-01 4.416555674917638230e-02 4.663311315639184773e-01
3.789319576779852095e-01 1.349469915167397227e-01 4.863598915403875150e-02 4.374850616512362955e-01
4.241794753302433607e-01 1.195384898280967695e-01 5.374621509510526390e-02 4.025358197465546128e-01
4.763708288289740245e-01 1.019950911834826557e-01 5.963814265113760726e-02 3.619959373364057265e-01
5.352137717455786037e-01 8.343437647282331282e-02 6.695175342070422420e-02 3.144000983608942201e-01
6.001516969156718284e-01 6.642163995533156839e-02 7.611822942717143270e-02 2.573084337018254897e-01
6.690966848299401137e-01 5.168329520062518029e-02 8.659219117021024759e-02 1.926278287992247429e-01
7.319452196090072693e-01 3.922356430045818854e-02 9.756179880993914866e-02 1.312694172805954629e-01
7.744619696523132868e-01 2.925633571212692824e-02 1.130142445712857685e-01 8.326745006427420381e-02
7.887850002133479643e-01 2.146461050729081554e-02 1.392180493914626227e-01 5.053233988789829212e-02
7.623056926494065078e-01 1.561169914352096739e-02 1.920033407832897610e-01 3.007926742378272400e-02
6.830945984226814982e-01 1.168416542752626075e-02 2.877019065302744982e-01 1.751932961951779139e-02
5.462035513183128854e-01 8.462414423986307568e-03 4.356569594148695379e-01 9.677074842831206655e-03
3.763164770951648586e-01 5.859338314499110308e-03 6.128501929374342572e-01 4.973991652901617842e-03
2.287585457426189739e-01 4.065826177575182672e-03 7.646811555558916673e-01 2.494472523913779730e-03
1.352342789615491037e-01 3.126522505297453687e-03 8.602659095305100756e-01 1.373289002643311545e-03
8.635907280484847459e-02 2.804506075109308542e-03 9.099242369094616700e-01 9.121842105805908537e-04
6.471337498587016734e-02 2.983483635794703225e-03 9.315552159237405760e-01 7.479254545944144994e-04
5.636131419938784221e-02 3.638720298327464096e-03 9.392686077457396143e-01 7.313577565451164549e-04
5.508622068296639002e-02 4.721180175131567403e-03 9.393976060085659219e-01 7.949931333359090690e-04
6.003985096949302630e-02 6.343813727913259412e-03 9.326820595422351534e-01 9.342757603581932193e-04
7.393526183177474842e-02 8.804078382691772273e-03 9.160888443617020149e-01 1.171815423831400410e-03
1.019619611917488983e-01 1.311972810757035257e-02 8.833956341576467697e-01 1.522676543033707128e-03
1.485631418124660486e-01 1.833300486561384793e-02 8.311789799711186699e-01 1.924873350801264895e-03
2.193185017466878217e-01 2.454929492245595465e-02 7.537938901950611559e-01 2.338313135794668329e-03
3.199787357956065392e-01 3.172696448437931777e-02 6.455061769793026816e-01 2.788122740711470107e-03
4.434292828713031209e-01 3.966121836358511149e-02 5.136638684280281364e-01 3.245630337083413048e-03
5.681478841678769820e-01 4.803254112258464187e-02 3.802254199982735838e-01 3.594154711265000034e-03
6.765566147252488616e-01 5.683326495155674452e-02 2.627720731973977597e-01 3.838047125796551808e-03
7.538619026073870577e-01 6.901127941920029429e-02 1.730429427006305865e-01 4.083875272782304389e-03
7.978273055870170882e-01 8.390030071257498223e-02 1.138757737289446959e-01 4.396619971462942256e-03
8.069403466674373027e-01 1.095979057044851879e-01 7.847878259947289881e-02 4.982965028604551677e-03
7.880275521598084643e-01 1.492217260449638094e-01 5.662544614596371623e-02 6.125275649263859160e-03
7.400172420440623844e-01 2.098523997996299961e-01 4.175349515714713022e-02 8.376862999160501408e-03
6.643243896137053239e-01 2.915051199463262188e-01 3.142094742035416582e-02 1.274954301961421683e-02
5.665354800008475245e-01 3.875646086349269770e-01 2.503011271565704077e-02 2.086979864856832942e-02
4.585683923738054779e-01 4.856434637577005664e-01 2.119436983046609282e-02 3.459377403802778306e-02
3.568203068779265963e-01 5.679762904465120998e-01 1.928435882515747157e-02 5.591904385040392250e-02
2.511868637318775271e-02 6.836399891074338431e-01 1.659528623843972428e-01 1.252884621349811822e-01
1.916861085135572185e-01 5.238646261121953085e-01 2.173620797132836679e-01 6.708718566096366631e-02
1.402312440497320012e-01 6.420353713490760672e-01 1.505052844081409547e-01 6.722810019305093532e-02
9.845373095350413994e-02 7.393515378030446339e-01 9.908635593525580432e-02 6.310837530819536634e-02
6.698800717737872501e-02 8.127210711964898415e-01 6.319270096201927422e-02 5.709822066411193719e-02
4.445873235329989015e-02 8.649772292123335538e-01 3.926694781056137840e-02 5.129709062380521933e-02
2.915373654086602859e-02 8.996996255476159554e-01 2.392517377841722748e-02 4.722146413310090302e-02
2.026131069234372861e-02 9.186470709754865904e-01 1.483765535538503037e-02 4.625396297678466273e-02
1.452138965478284860e-02 9.268607042574733557e-01 9.682112881479571290e-03 4.893579320626390006e-02
1.164914890230906233e-02 9.262188871462745388e-01 6.901020664041176110e-03 5.523094328737543357e-02
1.020883347948318282e-02 9.202607906363692303e-01 5.355586373555719197e-03 6.417478951059160663e-02
9.633732932866644061e-03 9.107394639163816086e-01 4.534885580898387336e-03 7.509191756985357513e-02
9.530017794453230634e-03 9.006282990051147630e-01 4.117041894474888358e-03 8.572464130595720821e-02
9.581453378130716167e-03 8.930210248748604585e-01 3.900294400289773446e-03 9.349722734671873925e-02
9.822970224648681914e-03 8.884544482306948598e-01 3.851454211609055180e-03 9.787112733304739742e-02
1.057556785744958282e-02 8.851014510217708464e-01 4.032433039959980835e-03 1.002905480808195665e-01
1.231529937777990288e-02 8.797122068150461383e-01 4.551359918626111424e-03 1.034211338885477893e-01
1.563455344294642502e-02 8.696881586511335804e-01 5.514527620435663753e-03 1.091627602854846057e-01
2.284248866332655795e-02 8.505923163534366838e-01 7.252916756374651157e-03 1.193122782268619952e-01
3.593902640607919696e-02 8.192135366620447723e-01 1.039219893493930832e-02 1.344552379969366773e-01
6.057619726089002316e-02 7.741865931812821344e-01 1.581706940630697722e-02 1.494201401515209415e-01
1.049138634258068581e-01 7.164434505292405220e-01 2.426121850324174448e-02 1.543814675417103655e-01
1.768255825129557424e-01 6.445134489084860530e-01 3.572043182669250999e-02 1.429405367518659098e-01
2.838027758236600362e-01 5.491222988426524010e-01 4.879534914714744875e-02 1.182795761865401418e-01
4.239121532527484471e-01 4.271371032807185775e-01 6.111515575742825640e-02 8.783558770910432356e-02
5.812379642816614123e-01 2.908629090772414383e-01 6.959118937180502895e-02 5.830793726929217602e-02
7.157476403157371214e-01 1.729810881737524897e-01 7.600723704013206961e-02 3.526403447037806255e-02
8.046156643651311002e-01 9.308895986163710778e-02 8.152943945817545113e-02 2.076593631505621942e-02
8.468479912648126939e-01 4.907401130943624123e-02 9.115838543080252709e-02 1.291961199494875978e-02
8.551667903113129299e-01 2.752882628950592894e-02 1.084151761252786922e-01 8.889207273902334505e-03
8.417948530726802048e-01 1.701577226936586140e-02 1.344341473930717179e-01 6.755227264882280973e-03
8.127924447709223843e-01 1.143696826566656562e-02 1.702766280308185276e-01 5.493958932592629164e-03
7.725802555974708996e-01 8.296531720681421876e-03 2.144817248830086787e-01 4.641487798838808167e-03
7.293131662537296611e-01 6.519806374978869522e-03 2.601745824248712369e-01 3.992444946420422441e-03
6.897293322896145273e-01 5.527225247604081529e-03 3.012782212668731474e-01 3.465221195908068947e-03
6.557213509411661256e-01 4.251772221127971853e-03 3.370244045594976701e-01 3.002472278208378597e-03
6.225222393238696306e-01 3.848337054378320275e-03 3.709203465701640945e-01 2.709077051588276892e-03
5.845707298181410660e-01 3.671768719286808234e-03 4.092328992136956556e-01 2.524602248876521744e-03
5.351281104148406520e-01 3.755107684021091220e-03 4.586093907615314547e-01 2.507391139606615638e-03
4.703850936657743009e-01 4.181465213017491328e-03 5.227150495674236508e-01 2.718391553784517498e-03
3.908075716411712475e-01 4.934102503680273810e-03 6.011265218466268490e-01 3.131804008521751198e-03
3.042597463793558221e-01 5.846022839864742186e-03 6.862716211688263401e-01 3.622609611952508791e-03
2.255575099105065207e-01 6.798304531274071416e-03 7.635334242860787324e-01 4.110761272140609629e-03
1.661048065715508837e-01 7.965054055544203843e-03 8.212095518972988284e-01 4.720587475605990402e-03
1.254551610505061643e-01 9.457258782008301501e-03 8.593794779902897973e-01 5.708102177195999681e-03
1.003583929620179838e-01 1.226407382541894533e-02 8.799102559142476521e-01 7.467277298315468277e-03
8.320496918660681696e-02 1.685978572382251101e-02 8.895823736838359697e-01 1.035287140573488453e-02
7.015956145545378109e-02 2.347140283263009219e-02 8.918039710532683628e-01 1.456506465864784022e-02
5.929796278654629604e-02 3.067354982403917504e-02 8.900523978488683596e-01 1.997608954054599928e-02
5.143502034902880382e-02 3.893178257988616497e-02 8.827583506801854885e-01 2.687484639089983765e-02
4.511574428375086931e-02 4.936809554099256397e-02 8.698566986312140648e-01 3.565946154404296686e-02
3.966864149164581882e-02 6.472115889205930228e-02 8.484848320047713166e-01 4.712536761152348597e-02
3.540496835084884497e-02 8.991482425963140401e-02 8.114225419573213305e-01 6.325766543219858706e-02
3.211637656032181182e-02 1.289228359084193254e-01 7.521658040349865626e-01 8.679498349627265408e-02
2.866598032241091110e-02 1.778834820480524603e-01 6.747407041979921472e-01 1.187098334315444675e-01
2.519526207078198396e-02 2.254182034249913313e-01 5.921827382542825813e-01 1.572037962499441555e-01
2.248256339881013130e-02 2.613568074989457424e-01 5.195307772578844352e-01 1.966298518443597432e-01
2.088315267347881643e-02 2.848573856208387878e-01 4.651372857235572811e-01 2.291221759821256143e-01
2.064413412077045068e-02 3.023189561174346451e-01 4.278880785250012142e-01 2.491488312367937941e-01
2.215183021027105140e-02 3.218981999196253718e-01 3.999152932964452622e-01 2.560346765736581931e-01
2.589118414409036922e-02 3.507913657669258778e-01 3.713580995980282351e-01 2.519593504909556914e-01
3.184823826299015143e-02 3.927724421720867887e-01 3.370148396561750692e-01 2.383644799087478172e-01
3.876728662117311791e-02 4.458068134452233822e-01 2.984958525708711896e-01 2.169300473627322201e-01
4.343088796085055325e-02 5.035435901959839367e-01 2.603756132536834134e-01 1.926499085894817775e-01
4.519487153620790204e-02 5.591802152832070494e-01 2.245706294117939261e-01 1.710542837687914486e-01
4.612384836197572918e-02 6.036533638676797597e-01 1.949917261580684236e-01 1.552310616122758724e-01
4.988319706391312891e-02 6.268222284389329824e-01 1.768734950557397934e-01 1.464210794414141092e-01
5.836169295936827206e-02 6.251187887841388457e-01 1.723389880711254651e-01 1.441805301853670840e-01
7.433377658748803463e-02 5.974956311218255767e-01 1.821979878363645389e-01 1.459726044543216139e-01
9.757481665462111597e-02 5.506784580865157208e-01 2.054775030221765719e-01 1.462692222366861750e-01
1.253724699519317698e-01 4.932034843080801423e-01 2.416568915177329802e-01 1.397671542222553298e-01
1.536769281184579838e-01 4.260913511879589333e-01 2.948052300808810533e-01 1.254264906127018353e-01
3.210233823430893030e-01 4.713473746849687895e-01 1.053404096929636269e-01 1.022888332789784888e-01
1.330078081392744964e-02 9.202796530523448260e-01 5.766619826299071438e-03 6.065294630742842225e-02
1.052469350442288877e-02 9.101128227874097920e-01 4.431526995551150934e-03 7.493095671261605639e-02
8.075790815878624435e-03 8.973334856874267684e-01 3.259143249175873447e-03 9.133158024751848736e-02
6.171300687327142473e-03 8.837369061288138372e-01 2.347771420492130931e-03 1.077440217633666847e-01
4.905165609732300633e-03 8.703117251239307350e-01 1.727640862894469975e-03 1.230554684034426693e-01
4.289018111526168853e-03 8.556276316104829416e-01 1.373640325992743624e-03 1.387097099519983001e-01
4.239755601453651206e-03 8.375834138718440958e-01 1.216475799615725478e-03 1.569603547270866095e-01
4.656516220220783750e-03 8.141209280340693244e-01 1.187223957508763521e-03 1.800353317882013304e-01
4.713126850910340226e-03 7.844142393177356842e-01 1.118952744453434326e-03 2.097536810869007340e-01
5.534051022114886212e-03 7.464516347458907131e-01 1.162348089856113115e-03 2.468519661421382794e-01
7.006830873947628158e-03 7.016875512290854378e-01 1.304089490157188955e-03 2.900015284068097055e-01
9.781139487364809426e-03 6.564359365378479305e-01 1.637598650164197311e-03 3.321453253246233750e-01
1.429301077139811735e-02 6.224666331156003540e-01 2.206748363757903703e-03 3.610336077492435902e-01
2.065538102573929308e-02 6.056299504453178661e-01 3.275000134180998043e-03 3.704396683947618341e-01
3.044762462882585202e-02 6.003198123252274643e-01 4.287508588015605596e-03 3.649450544579311839e-01
4.532536276020540655e-02 5.912565275038919044e-01 6.391792748492310106e-03 3.570263169874105524e-01
6.647372825387433404e-02 5.696312561510518124e-01 9.712150872081539918e-03 3.541828647229922078e-01
9.361514956944975985e-02 5.357653423869465081e-01 1.437683628294397081e-02 3.562426717606596016e-01
1.284708803581128544e-01 4.889111917930010764e-01 2.061545616404530240e-02 3.620024716848406765e-01
1.723731031888185161e-01 4.285267015771995758e-01 2.848641670970293235e-02 3.706137785242788474e-01
2.218891514429789658e-01 3.612383502040558136e-01 3.779522549541741022e-02 3.790772728575478867e-01
2.700443418733473044e-01 2.981105471576596666e-01 4.845046651250920627e-02 3.833946444564837464e-01
3.088765708261614895e-01 2.478294371732615575e-01 5.975339173762280603e-02 3.835406002629543343e-01
3.324385294912948763e-01 2.132053881543620744e-01 6.996292991019401053e-02 3.843931524441491221e-01
3.378407797710488714e-01 1.931908484612305243e-01 7.706856214909657554e-02 3.918998096186241398e-01
3.244349887668357968e-01 1.852998362274490829e-01 7.954275744902929157e-02 4.107224175566858704e-01
2.963358917954959648e-01 1.851906915055393510e-01 7.691019536935829459e-02 4.415632213296060149e-01
2.629477064505755246e-01 1.876144128841800707e-01 7.068556563440694940e-02 4.787523150308377051e-01
2.349406512122263202e-01 1.896674974938963032e-01 6.406923608534659254e-02 5.113226152085310616e-01
2.199195112980130706e-01 1.922217042795749953e-01 5.982932959280077428e-02 5.280294548296111667e-01
2.219436336251574271e-01 1.972238404125123967e-01 5.919666734660451041e-02 5.216358586157257005e-01
2.418679682577270784e-01 2.039156714410512439e-01 6.208856519258413448e-02 4.921277951086376889e-01
2.762477029135855244e-01 2.088920733395630558e-01 6.758175998014834263e-02 4.472784637667029384e-01
3.177506162696724368e-01 2.104097709808605277e-01 7.438766898656035131e-02 3.974519437629066010e-01
3.600079218890036015e-01 2.107876983090614664e-01 8.130354010633020212e-02 3.479008396956046467e-01
4.009641780967104774e-01 2.120136099213071335e-01 8.774416828154667225e-02 2.992780437004355365e-01
4.460354052848813922e-01 2.116315147516954209e-01 9.086918665128995709e-02 2.514638933121333131e-01
4.979444260160838520e-01 2.062776698880396664e-01 9.082296030057622482e-02 2.049549437953003816e-01
5.567855913627964837e-01 1.939475685598381072e-01 8.784805898671504965e-02 1.614187810906503040e-01
6.180476556236242924e-01 1.766516420780901153e-01 8.255204783702516091e-02 1.227486544612603064e-01
6.765558278953053284e-01 1.571516988710390805e-01 7.570030696864950281e-02 9.059216626500574132e-02
7.287271900963445681e-01 1.372609567084761284e-01 6.816991550366517660e-02 6.584193769151416853e-02
7.726721543609412768e-01 1.185252807763580440e-01 6.084712729579574292e-02 4.795543756690487380e-02
8.085158060391871571e-01 1.018280140501873349e-01 5.439030511931201850e-02 3.526587479131377406e-02
8.374813465627203302e-01 8.710730375901409861e-02 4.929573467823056970e-02 2.611561500003484540e-02
8.604979852952888697e-01 7.404386815016643364e-02 4.597753916519822792e-02 1.948060738934665609e-02
8.779317727822526507e-01 6.254522995892100590e-02 4.479135891354547871e-02 1.473163834528075714e-02
8.898263239564988547e-01 5.261903747900421868e-02 4.621533365761587575e-02 1.133930490688072994e-02
8.959275842121412481e-01 4.406202783226099984e-02 5.114672896101392363e-02 8.863658994583906506e-03
8.950078731141787314e-01 3.669660923267527991e-02 6.129251367521667410e-02 7.003003977929336300e-03
8.844494420563765447e-01 3.060741476997241514e-02 7.933548231834310072e-02 5.607660855307784221e-03
8.615228415878170010e-01 2.579510740397605861e-02 1.080734682039385108e-01 4.608582804268596990e-03
8.261230960501785292e-01 2.182510271388161255e-02 1.481328683570897753e-01 3.918932878849994486e-03
7.836089118083169325e-01 1.819544731594507914e-02 1.947450821341714655e-01 3.450558741566693739e-03
7.432635485119549745e-01 1.483861122754965775e-02 2.387562124013411780e-01 3.141627859154232701e-03
7.080928569789428639e-01 1.215946583323352162e-02 2.767758228935187081e-01 2.971854294304801351e-03
6.691540334221913744e-01 1.054633148493171711e-02 3.173341866498677888e-01 2.965448443009226394e-03
6.140141680303855543e-01 9.964354926056365191e-03 3.728886626487827316e-01 3.132814394775576203e-03
5.426542985075238912e-01 9.386348037841300493e-03 4.445402915552490453e-01 3.419061899385622983e-03
4.637497520617934188e-01 9.560435594489701330e-03 5.227457860981361559e-01 3.944026245580830627e-03
3.895833261723139485e-01 9.774873692167269576e-03 5.959528546347437894e-01 4.688945500775372477e-03
3.277356021016412657e-01 1.004322057556051098e-02 6.563584936192514707e-01 5.862683703546749114e-03
2.851495213207900781e-01 1.083831063400012701e-02 6.958549369023158127e-01 8.157231142894141862e-03
2.615574963798068531e-01 1.265639991656033504e-02 7.129831255089638109e-01 1.280297819466924905e-02
2.509416777234410034e-01 1.591926060962072648e-02 7.111250944716540623e-01 2.201396719528441598e-02
2.444606931136374672e-01 2.098301253255740323e-02 6.949783197797249068e-01 3.957797457408029906e-02
2.325607628433917495e-01 2.769833163056202932e-02 6.694221869554797255e-01 7.031871857056677666e-02
2.107659282628838449e-01 3.582724257604445045e-02 6.346930462118179905e-01 1.187137829492538044e-01
1.808568962872001973e-01 4.596566197499456913e-02 5.869672716773910448e-01 1.862101700604145149e-01
1.477170069939310604e-01 5.956408354556694956e-02 5.256289265465161620e-01 2.670899829139857795e-01
1.182228772370391284e-01 7.848467635248045082e-02 4.561684488114371994e-01 3.471239975990431659e-01
7.871447022197974874e-01 1.215641048736123830e-01 1.502872356992136782e-02 7.626246933666849803e-02
1.310124282057989302e-02 7.652952193134839876e-01 1.899070989264449536e-03 2.197044668766718334e-01
1.445968699763075342e-02 7.401684052551985582e-01 2.146644892255615816e-03 2.432252628549150253e-01
1.581210105096790899e-02 7.362057850263649117e-01 2.431227492051094095e-03 2.455508864306159278e-01
1.739522968501297159e-02 7.529049344400906563e-01 2.646468656909620795e-03 2.270533672179867180e-01
1.787978728638745657e-02 7.845049963906388646e-01 2.901287466846320072e-03 1.947139288561270942e-01
1.824880810694921168e-02 8.237216974159986549e-01 3.213083995139565194e-03 1.548164104819127196e-01
1.827909779005934196e-02 8.640592982994708127e-01 3.636149010990961591e-03 1.140254548994785871e-01
2.039189408675323376e-02 8.958385846843169853e-01 4.396206946384280563e-03 7.937331428254569554e-02
2.452642058060616401e-02 9.148261610447009362e-01 5.714512113376694034e-03 5.493290626131647897e-02
2.980117933159782961e-02 9.222848619420412897e-01 8.030713930483402221e-03 3.988324479587783411e-02
3.874115732044108168e-02 9.175597860571831355e-01 1.211269798013797985e-02 3.158635864223796608e-02
4.871622515035246154e-02 9.058650206791724058e-01 1.842521194894416320e-02 2.699354222153146562e-02
5.559564450625902043e-02 8.937878721794694226e-01 2.643551874338690572e-02 2.418096457088465823e-02
5.658980019581484611e-02 8.869815968134587836e-01 3.413436054473061032e-02 2.229424244599597163e-02
5.461292613371261651e-02 8.833586277282080568e-01 4.029730179139642821e-02 2.173114434668309627e-02
5.489277204169600716e-02 8.755352905222920645e-01 4.613039700641984042e-02 2.344154042959200462e-02
5.975233883018649800e-02 8.587549067107980161e-01 5.367346306508272852e-02 2.781929139393274700e-02
7.026774694432340318e-02 8.294818631535629816e-01 6.537503728257819391e-02 3.487535261953519927e-02
8.775509687459197294e-02 7.840036952033802020e-01 8.357159823606861992e-02 4.466960968595902470e-02
1.117381890843056613e-01 7.224351100612005361e-01 1.084594115029900718e-01 5.736728935150341852e-02
1.383335363358222103e-01 6.521615368628894682e-01 1.357817371849910915e-01 7.372318961629696632e-02
1.617763651029096583e-01 5.863950065240827181e-01 1.561742619497402951e-01 9.565436642326738403e-02
1.770418623263327607e-01 5.366018387356665809e-01 1.596529630237666642e-01 1.267033359142343552e-01
1.795464514959002333e-01 5.020943910169693991e-01 1.437791226467361461e-01 1.745800348403942492e-01
1.653106411384188679e-01 4.659418167394230870e-01 1.153573541929496793e-01 2.533901879292085879e-01
1.348378320623730420e-01 4.033591833631967050e-01 8.338757063158117044e-02 3.784154139428491104e-01
9.455524563837286456e-02 3.057146358367141548e-01 5.409282122557065170e-02 5.456372972993421833e-01
5.700557699851600130e-02 1.995256270854821601e-01 3.164105655449247351e-02 7.118277393615091153e-01
3.140871032926477457e-02 1.193966041749924545e-01 1.743769653114018298e-02 8.317569889646023729e-01
1.677506373758912150e-02 7.106205305171187092e-02 9.457732986390209040e-03 9.027051502243087500e-01
8.882299720255972669e-03 4.359488930628937359e-02 5.096581083979681917e-03 9.424262298894749978e-01
4.858419217201091420e-03 2.820924049208767270e-02 2.828877520130728025e-03 9.641034627705803439e-01
2.356278256601813861e-03 1.973054746502077988e-02 1.641646038751295002e-03 9.762715282396261518e-01
1.457336812673442695e-03 1.475277871308904379e-02 1.069736765500471339e-03 9.827201477087373904e-01
9.568689759062888730e-04 1.193854200122220280e-02 7.513324402143642649e-04 9.863532565826572673e-01
6.903644821726410670e-04 1.067823690266308904e-02 5.726877212966484951e-04 9.880587108938677643e-01
5.551211827941848450e-04 1.063108632817839905e-02 4.718761387897947948e-04 9.883419163502378257e-01
4.901561952072199099e-04 1.161373901295228821e-02 4.131657608860864563e-04 9.874829390309544097e-01
4.866693463249400923e-04 1.400034211014346795e-02 3.870737659587964287e-04 9.851259147775727198e-01
5.848612624008059412e-04 1.915609518832465941e-02 4.039386058479106385e-04 9.798551049434264248e-01
9.484572133979668213e-04 3.056079356011239326e-02 5.097293747364209284e-04 9.679810198517532216e-01
1.138330524054049402e-03 5.498269085314754639e-02 7.664586638805909354e-04 9.431125199589178720e-01
2.139524296031182927e-03 1.005343499595094670e-01 1.368145776351343754e-03 8.959579799681081091e-01
4.129767501903557243e-03 1.709417884234488150e-01 2.561978323428801014e-03 8.223664657512188558e-01
7.423360416851916208e-03 2.587846762931998446e-01 4.582879937986028031e-03 7.292090833519619952e-01
1.182635530770659998e-02 3.488223814847952742e-01 7.362383996058552600e-03 6.319888792114397580e-01
1.643972510551792304e-02 4.264593529252240778e-01 1.027869507248455050e-02 5.468222268967734001e-01
2.014963447514512423e-02 4.838378975221720446e-01 1.249819235790493137e-02 4.835142756447778911e-01
2.222595318085959434e-02 5.221806349572148953e-01 1.352264019576557633e-02 4.420707716661601006e-01
2.275610258815813011e-02 5.484079224326875446e-01 1.348260728991092228e-02 4.153533676892434690e-01
2.237034180509070089e-02 5.683800041687258053e-01 1.286455970035070388e-02 3.963850943258329096e-01
2.127369449543646193e-02 5.859607352687740134e-01 1.195473177764944279e-02 3.808108384581398997e-01
1.933006227601026875e-02 6.038404989110697230e-01 1.081404486449411180e-02 3.660153939484255825e-01
1.699268227600662928e-02 6.202644182812967477e-01 9.549727185145687886e-03 3.531931722575506472e-01
1.500473250615712469e-02 6.273658379209506863e-01 8.304462247574828995e-03 3.493249673253178700e-01
1.336403513359295768e-02 6.116883711670948465e-01 7.034420172565752048e-03 3.679131735267465175e-01
1.161040549859297839e-02 5.609070296111684506e-01 5.664967241231399359e-03 4.218175976490069479e-01
9.670056452957830756e-03 4.677423697549156212e-01 4.344770835843812969e-03 5.182428029562827776e-01
7.652684246558733375e-03 3.426036267147156700e-01 3.191780867356112245e-03 6.465519081713694272e-01
5.723523833469772691e-03 2.179682429603438110e-01 2.239409001166045923e-03 7.740688242050202117e-01
4.297254134396616583e-03 1.255928715060323220e-01 1.554260924132896092e-03 8.685556134354381896e-01
3.600739816910303228e-03 7.388156679933091664e-02 1.148596922158272044e-03 9.213690964616005896e-01
3.829645504352349825e-03 5.041838382280494635e-02 9.366443288668074157e-04 9.448153263439759142e-01
4.107613820137932803e-03 4.292804774844375532e-02 8.995559741685353519e-04 9.520647824572497919e-01
5.148752219424268181e-03 4.476193672497578296e-02 1.002783954941277025e-03 9.490865271006585502e-01
6.858048936966233168e-03 5.439201512093137791e-02 1.253292996796116819e-03 9.374966429453065464e-01
9.717272333395959166e-03 7.416078746643295361e-02 1.765025961564107345e-03 9.143569142386068771e-01
1.484399989936407462e-02 1.075706106548937196e-01 2.825013749984072592e-03 8.747603756957581522e-01
2.481167206501760925e-02 1.548193591223958054e-01 5.228976920483702044e-03 8.151399918921028442e-01
4.153282166577156737e-02 2.077003298437879175e-01 9.602815484122397341e-03 7.411640330063181681e-01
7.042770923572384822e-02 2.595251009034986178e-01 1.733734362172761195e-02 6.527098462390499289e-01
5.111174085134053691e-01 3.548360663384110270e-01 9.326185538211437254e-02 4.078466976606953676e-02
5.402455657910270048e-01 3.133109151043922957e-01 1.053442155488627935e-01 4.109930355571795452e-02
5.754295655454104708e-01 2.668372805610843557e-01 1.177297831542626488e-01 4.000337073924235126e-02
6.049955945777931721e-01 2.272018387560698349e-01 1.294619508569893607e-01 3.834061580914781275e-02
6.173599040414647909e-01 2.014226332931949026e-01 1.436342573828238156e-01 3.758320528251653247e-02
5.965442670696747829e-01 1.955812737536710422e-01 1.688353125470097860e-01 3.903914662964432652e-02
5.339260027631590466e-01 2.101591489966163906e-01 2.124341972822597346e-01 4.348065095796518204e-02
4.367396411008536705e-01 2.440637833881715568e-01 2.684932547268871206e-01 5.070332078408801291e-02
3.372983486962313204e-01 2.931955679726174768e-01 3.095032552751015853e-01 6.000282805604956887e-02
2.588981914971970055e-01 3.545015510169068351e-01 3.162187466221755283e-01 7.038151086372101961e-02
2.014176054631437174e-01 4.240108827145361303e-01 2.944729575528537979e-01 8.009855426946611845e-02
1.570873831118739239e-01 4.993219070731002018e-01 2.561282015829455250e-01 8.746250823208011338e-02
1.249455954843728261e-01 5.692663677025677771e-01 2.138651672020265571e-01 9.192286961103257603e-02
9.759941593522485082e-02 6.388915953889701127e-01 1.699414423448675493e-01 9.356754633093737616e-02
7.498532805320248795e-02 7.020434949992312434e-01 1.289806236784314386e-01 9.399055326913434427e-02
5.739817755223333706e-02 7.521511790711751244e-01 9.457487606187403584e-02 9.587576731471746105e-02
4.502064226269199970e-02 7.837302955731804133e-01 6.905787664517652746e-02 1.021911855189513579e-01
3.626934794458833849e-02 7.971696575506197480e-01 5.229122754705591014e-02 1.142697669577360381e-01
3.018702189730267105e-02 7.998977618491248665e-01 3.977852360167845325e-02 1.301366926518939260e-01
2.500306340610970041e-02 7.976029658392268518e-01 3.116274890389757191e-02 1.462312218507662021e-01
2.119765135274823478e-02 7.947079580981344371e-01 2.486265361830617901e-02 1.592317369308108854e-01
1.862701805029914198e-02 7.929144865016336530e-01 2.037886258170967455e-02 1.680796328663575201e-01
1.779464329564217628e-02 7.896020164800553465e-01 1.798940468841439891e-02 1.746139355358879430e-01
1.322076363943983091e-01 8.412551150266458500e-01 1.795273764536469557e-02 8.584510933590944193e-03
1.567757258968166534e-01 8.119097239609079919e-01 2.102493997790209554e-02 1.028961016437320714e-02
2.080859277969159815e-01 7.505424730992924509e-01 2.800644529838419369e-02 1.336515380540770001e-02
2.820764787043245625e-01 6.615188681332183629e-01 3.938709607706793181e-02 1.701755708538905260e-02
3.645364650282567065e-01 5.605921022862424552e-01 5.496709175542983244e-02 1.990434093007094341e-02
4.415388659934852966e-01 4.629257908065314009e-01 7.403345625138396668e-02 2.150188694859939478e-02
4.967938235409730674e-01 3.838284036301798929e-01 9.721168728583720609e-02 2.216608554300984399e-02
5.264595739580960609e-01 3.266409478259045263e-01 1.242523196758359011e-01 2.264715854016345620e-02
5.341457322919802575e-01 2.899250777404220325e-01 1.523228718590683151e-01 2.360631810852954066e-02
5.296442536553215286e-01 2.676321884789736316e-01 1.773718033041807862e-01 2.535175456152392176e-02
5.156475111191227700e-01 2.580205202551306143e-01 1.983415462612841962e-01 2.799042236446205520e-02
4.932423331058560789e-01 2.598987869321512378e-01 2.149406384051650021e-01 3.191824155682762565e-02
4.600769883960915685e-01 2.760144096377964984e-01 2.260347771611357637e-01 3.787382480497608617e-02
4.139550019478093201e-01 3.092252763415850314e-01 2.302869375028717969e-01 4.653278420773396262e-02
3.562983833548440393e-01 3.584918113498655745e-01 2.271281556085505138e-01 5.808164968673997647e-02
2.963065520532469632e-01 4.150640578666031644e-01 2.168214687674617780e-01 7.180792131268802503e-02
2.441533862877624250e-01 4.640011155911971108e-01 2.065699664300164884e-01 8.527553169102400354e-02
2.044718233626626192e-01 4.998408924935428543e-01 2.011193252256074093e-01 9.456795891818706168e-02
1.801185454349175930e-01 5.176921340204009292e-01 2.025505073057990157e-01 9.963881323888275354e-02
1.720604719197377508e-01 5.149805066464953063e-01 2.088361321449456187e-01 1.041228892888213103e-01
1.756929673801375935e-01 4.986989437774495548e-01 2.145981775601626673e-01 1.110099112822499068e-01
1.851319253217549865e-01 4.782437005409834740e-01 2.157136745607630968e-01 1.209106995764983455e-01
1.962971678425333155e-01 4.580704983455878287e-01 2.125216793307089513e-01 1.331106544811698489e-01
2.078772022450926793e-01 4.378254862978981921e-01 2.079297532467743737e-01 1.463675582102348383e-01
2.210693352672835621e-01 4.150327253493950597e-01 2.046097488395034747e-01 1.592881905438180146e-01
2.369051038167563072e-01 3.884793084272222252e-01 2.043283452704350023e-01 1.702872424855864375e-01
2.537064402422849474e-01 3.599929407739391740e-01 2.088745321905600416e-01 1.774260867932162533e-01
2.685992953965465890e-01 3.323318033424182971e-01 2.203893691109437558e-01 1.786795321500913303e-01
2.823673463401147887e-01 3.056280871906952301e-01 2.396232956112397394e-01 1.723812708579504360e-01
2.982827218463013907e-01 2.743409246636784871e-01 2.692227510293823678e-01 1.581536024606378932e-01
3.150634208932818203e-01 2.399455861005829471e-01 3.071355260506515861e-01 1.378554669554838408e-01
3.254532308993506873e-01 2.039504190197438671e-01 3.556635666704661691e-01 1.149327834104389851e-01
3.282171071876089363e-01 1.722404545725278180e-01 4.059627893194289183e-01 9.357964892043452165e-02
3.306806716967139459e-01 1.526870162649504592e-01 4.388593676807911459e-01 7.777294435754421309e-02
3.399425541524940253e-01 1.483706412123831364e-01 4.426777915219769488e-01 6.900901311314561193e-02
3.537662489143846845e-01 1.579528554652095962e-01 4.218453219041116142e-01 6.643557371629409125e-02
3.660617819235711945e-01 1.821755422025791715e-01 3.820795048477375055e-01 6.968317102611196190e-02
3.705422584568568434e-01 2.221394427301489338e-01 3.290007131107773874e-01 7.831758570221682147e-02
3.630453750639390798e-01 2.736431045938869100e-01 2.732073265801762685e-01 9.010419376199751973e-02
3.466476924481250999e-01 3.285025334610250369e-01 2.230141008282124082e-01 1.018356732626372468e-01
3.307570455459284409e-01 3.753631184644568575e-01 1.823891791826350584e-01 1.114906568069799625e-01
3.180837394232606807e-01 4.157830292220365265e-01 1.475523847953192358e-01 1.185808465593832656e-01
3.097527070097521595e-01 4.486914078655758198e-01 1.182526251418292568e-01 1.233032599828430276e-01
3.031861256963330753e-01 4.762377786887809217e-01 9.468202642723461127e-02 1.258940691876513085e-01
2.956105786926961354e-01 5.006714743176515769e-01 7.619787945246987715e-02 1.275200675371824521e-01
2.871145729935130064e-01 5.203154854282422415e-01 6.206598136909613483e-02 1.305039602091482287e-01
2.803505693525465414e-01 5.303042386561112043e-01 5.217215282274363652e-02 1.371730391685986317e-01
2.769416520335264420e-01 5.284773048534273654e-01 4.598684473955456931e-02 1.485941983734913874e-01
2.770748247764915351e-01 5.166170611201982288e-01 4.252861748795442459e-02 1.637794966153554577e-01
2.816399561807031993e-01 4.981879187616984894e-01 4.107605938243279187e-02 1.790960656751655611e-01
2.944247297952735098e-01 4.752164883540582752e-01 4.174706368097175213e-02 1.886117181696965739e-01
3.209661465373484512e-01 4.474520574433110687e-01 4.522760159173032368e-02 1.863541944276101980e-01
3.663741268197006073e-01 4.119153649430628006e-01 5.192554480450078946e-02 1.697849634327359136e-01
4.326668652053363706e-01 3.637206073687825891e-01 6.155273343474475245e-02 1.420597939911363572e-01
5.129983333165796244e-01 3.038435306129910196e-01 7.289157519906366844e-02 1.102665608713653267e-01
5.947975568289688431e-01 2.416524552629886746e-01 8.270090845369859611e-02 8.084907945434352539e-02
6.613664170517074004e-01 1.905421678657711337e-01 9.086100222918043479e-02 5.723041285334092010e-02
7.162553875092626532e-01 1.494407520530366962e-01 9.471131489083038646e-02 3.959254554687036826e-02
7.615493283948036041e-01 1.171783564081389645e-01 9.427328676713385425e-02 2.699902842992335517e-02
7.987417442092112907e-01 9.269119304788489555e-02 9.032660498175898445e-02 1.824045776114470441e-02
8.291039668375053129e-01 7.440104932566708740e-02 8.422688819860406351e-02 1.226809563822356397e-02
8.530636343566008195e-01 6.086224825672913175e-02 7.773938974693965498e-02 8.334727639730416318e-03
8.703441508642558722e-01 5.112687356076241890e-02 7.268423049172324790e-02 5.844745083258442823e-03
8.805891330592902078e-01 4.464445793879897456e-02 7.040484512391388672e-02 4.361563877996872847e-03
8.842993331340305296e-01 4.084741363294570882e-02 7.127813176864891687e-02 3.575121464374852488e-03
8.821362347453308717e-01 3.915128365073855532e-02 7.545958590871677807e-02 3.252895695213711257e-03
8.741346415562193384e-01 3.898662058086009574e-02 8.370389398344660337e-02 3.174843879474230964e-03
8.597955421209565463e-01 4.010529939508968023e-02 9.690189628424317192e-02 3.197262199710534328e-03
8.398366912939598805e-01 4.238483997313999274e-02 1.144607178833259992e-01 3.317750849573866505e-03
8.186869397463308884e-01 4.467337947555012623e-02 1.331779705686191584e-01 3.461710209499898119e-03
8.016495215174469502e-01 4.601610047125746089e-02 1.487779656843172260e-01 3.556412326978109634e-03
7.931183313106680011e-01 4.640616291902973506e-02 1.568791499591368765e-01 3.596355811165251153e-03
7.946879767341209488e-01 4.654080599985109534e-02 1.551400549107991023e-01 3.631162355228840545e-03
8.042408816807630201e-01 4.750616307117470904e-02 1.444989958833947929e-01 3.753959364667594587e-03
8.152899031637867999e-01 5.074755215604137559e-02 1.298824252974829785e-01 4.080119382688871150e-03
8.195351346632143708e-01 5.827602836411190784e-02 1.173828778599780021e-01 4.805959112695620469e-03
8.118074738129690271e-01 7.177999925137187875e-02 1.103122089969746228e-01 6.100317938684617081e-03
7.918305787893534786e-01 9.151201658312749232e-02 1.086291598599048863e-01 8.028244767614182639e-03
7.625872916042550909e-01 1.157599697499452213e-01 1.109433606733451899e-01 1.070937797245473042e-02
7.309038286765136005e-01 1.398838584575603505e-01 1.149813723393487974e-01 1.423094052657764702e-02
6.996002831128371735e-01 1.631158941180826383e-01 1.188229545512382995e-01 1.846086821784195114e-02
6.780829002275492456e-01 1.792131015680437645e-01 1.199311776457620549e-01 2.277282055864497667e-02
6.651327247805393084e-01 1.899758228207043820e-01 1.181377738873892608e-01 2.675367851136721542e-02
6.550390014693933116e-01 1.998578370309039010e-01 1.145183884400042679e-01 3.058477305969848833e-02
6.402420936932299300e-01 2.134999344917425934e-01 1.109462043146966226e-01 3.531176750033104828e-02
6.141904961009080344e-01 2.339698614204594185e-01 1.093550292221206338e-01 4.248461325651173986e-02
5.721061551055433014e-01 2.635377883635253715e-01 1.108630160690467908e-01 5.349304046188455702e-02
5.128068448012333969e-01 3.038002266594431178e-01 1.146088960444694022e-01 6.878403249485413873e-02
4.387603693714173803e-01 3.548111800860991871e-01 1.188811426854743114e-01 8.754730785700925999e-02
