1.811097800471732910e-01 7.814987773342252364e-01 2.364134228806463386e-02 1.375010033053694798e-02
8.737221129344447945e-01 5.435989998290741967e-04 1.249631568864201514e-01 7.711311793058102035e-04
7.907413157643202739e-01 6.064211190076880358e-04 2.080684550486137929e-01 5.838080680580835877e-04
6.705149856877734571e-01 2.737335238553130945e-04 3.287221327688516492e-01 4.891480195197215729e-04
5.356765636187301727e-01 3.106670034261151711e-04 4.634967518725356395e-01 5.160175053081121014e-04
4.192277931155337645e-01 4.408130941858680036e-04 5.796627371844366161e-01 6.686566058439162704e-04
3.447653019435303334e-01 7.658260925535008293e-04 6.534208560505098129e-01 1.048015913406658050e-03
3.210009872767494721e-01 1.617729359214157810e-03 6.754485538207720685e-01 1.932729543264380097e-03
3.443887555492541885e-01 3.832183255579386938e-03 6.478489487081576792e-01 3.930112487008868491e-03
4.048560992084568322e-01 9.161830319360454028e-03 5.779053946196310854e-01 8.076675852551604140e-03
4.827865746136480452e-01 1.997564100784405758e-02 4.816164593805042915e-01 1.562132499800371159e-02
5.584544528406786279e-01 3.992519715905662459e-02 3.742262946956558256e-01 2.739405530460891150e-02
6.100060161267601977e-01 6.929950238373359939e-02 2.768961985298581396e-01 4.379828295964800083e-02
6.262599481913559973e-01 1.101846278924833444e-01 1.977308013554209265e-01 6.582462256074005091e-02
6.037792933518298932e-01 1.605954648800139717e-01 1.389470362601939457e-01 9.667820550796200896e-02
5.513946727703104012e-01 2.082330924007003148e-01 9.810163227075266446e-02 1.422706025582365086e-01
4.774365091303933162e-01 2.434634966148265800e-01 7.057801150743263363e-02 2.085219827473474286e-01
3.970968949465356612e-01 2.575520917846484958e-01 5.219938563697647943e-02 2.931516276318393843e-01
3.280983237023675780e-01 2.517368249889064824e-01 3.994024129391474109e-02 3.802246100148112817e-01
2.750122751475445604e-01 2.449437135892554573e-01 3.262594532553092508e-02 4.474180659376688074e-01
2.418402384254874360e-01 2.491239299585469025e-01 2.894354316445828593e-02 4.800922884515073652e-01
2.268925324251039599e-01 2.689672650071076032e-01 2.842522045851315904e-02 4.757149821092753750e-01
2.267693708326173341e-01 3.013742918755423772e-01 3.053858914389756887e-02 4.413177481479428899e-01
2.358732573140276401e-01 3.369188453896549418e-01 3.451511156122131357e-02 3.926927857350960283e-01
2.478770902904932627e-01 3.619766915068602375e-01 3.953223454828465322e-02 3.506139836543619159e-01
2.578780385238179096e-01 3.697586533986645385e-01 4.489275887333101650e-02 3.274705492041863897e-01
2.683241109964323301e-01 3.604114609063269747e-01 5.040336211156709600e-02 3.208610659856735992e-01
2.796435386339575224e-01 3.431210711306745265e-01 5.627799624199764095e-02 3.209573939933702547e-01
2.921262904723810339e-01 3.257966989333365704e-01 6.191950026777136989e-02 3.201575103265109079e-01
3.048755601659041137e-01 3.123460707490796628e-01 6.632751432521605262e-02 3.164508547598000043e-01
3.188646587223091244e-01 3.020347662396313804e-01 6.923043167686454558e-02 3.098701433611950606e-01
3.355206372605401000e-01 2.923273738485806517e-01 7.133092229245684146e-02 3.008210665984224486e-01
3.558656303006014210e-01 2.801562835430836396e-01 7.326603807524276202e-02 2.907120480810720387e-01
3.818991610977764961e-01 2.622292570945677914e-01 7.552947185061507918e-02 2.803421099570408970e-01
4.163437635119651148e-01 2.363841478125601192e-01 7.868206642319466870e-02 2.685900222522800140e-01
4.611811653002952371e-01 2.027551852572828384e-01 8.186471323685008683e-02 2.541989362055719348e-01
5.107602590414148658e-01 1.662799715189740291e-01 8.542766689590849949e-02 2.375321025437024669e-01
5.617401144382742073e-01 1.308157695052344638e-01 8.843893377236174136e-02 2.190051822841296569e-01
6.117061319367553818e-01 9.962692581663112890e-02 9.113166472371314608e-02 1.975352775229002045e-01
6.593863574576669384e-01 7.475827330166653906e-02 9.459178106847486445e-02 1.712635881721921438e-01
7.017307199001405760e-01 5.683530987237202931e-02 1.008295555792631665e-01 1.406044146482243185e-01
7.323289042008678251e-01 4.468407677697675690e-02 1.122308114184019656e-01 1.107562076037534732e-01
7.442322857730607755e-01 3.661070546307391288e-02 1.331952971095449190e-01 8.596171165432030248e-02
7.345903429195081991e-01 3.011398319980045438e-02 1.686824086968043979e-01 6.661326518388724360e-02
6.895606101680237243e-01 2.462472270632446239e-02 2.340208249668915552e-01 5.179384215876058073e-02
5.910032018343255311e-01 2.053399980286072304e-02 3.489641632442227470e-01 3.949863511859115495e-02
4.373330359219834707e-01 1.561620859612266113e-02 5.191885034628561657e-01 2.786225201903732782e-02
2.735321703964758155e-01 1.091134637370004719e-02 6.980596750492203961e-01 1.749680818060373247e-02
1.505416245943531628e-01 7.355581260816355417e-03 8.318208540068674495e-01 1.028194013796308176e-02
8.287018196345172227e-02 5.168743025566394436e-03 9.056758023284061654e-01 6.285272682575550503e-03
5.146963842366337333e-02 4.489891821048300723e-03 9.396806421361976192e-01 4.359827619090502968e-03
3.725901110202368971e-02 4.687215435133903520e-03 9.545708762311559958e-01 3.482897231686614328e-03
3.086916514239607459e-02 5.616438092785706708e-03 9.604220222471145929e-01 3.092374517703928068e-03
2.828228390495378386e-02 7.287112125420925485e-03 9.615245693245094705e-01 2.906034645115892611e-03
2.884675532610512377e-02 9.963856322169242774e-03 9.583290108045713351e-01 2.860377547154390691e-03
3.338942284791237419e-02 1.415570941709980504e-02 9.494942109915134321e-01 2.960656743474508398e-03
4.338858840937837719e-02 2.032095587252165728e-02 9.331292927713800145e-01 3.161162946719979234e-03
6.024649703745068446e-02 2.839903263234899722e-02 9.079891124177731365e-01 3.365357912427213456e-03
8.642687197863069271e-02 3.811608550210776603e-02 8.719213993566684584e-01 3.535643162593052943e-03
1.275523200313287697e-01 4.998064738304924121e-02 8.187249461538399498e-01 3.742086431781954745e-03
1.887975783519334760e-01 6.675991703528770527e-02 7.404904983623616932e-01 3.952006250417263410e-03
2.702407908768186817e-01 8.704887497242448646e-02 6.386976390074879939e-01 4.012695143268760721e-03
3.682831841819724783e-01 1.119620817628754900e-01 5.158791075372171075e-01 3.875626517935190900e-03
4.686385721353023004e-01 1.414437011145751599e-01 3.862812295592834011e-01 3.636497190838897890e-03
5.466148311299297013e-01 1.769558642445908381e-01 2.729999960341107368e-01 3.429308591368776266e-03
5.827970282115965128e-01 2.252228342072110090e-01 1.886031111775399172e-01 3.377026403652901888e-03
5.723396065786774400e-01 2.938403329219755333e-01 1.302962652679615918e-01 3.523795231385467349e-03
5.223642069419852652e-01 3.838024793095281550e-01 8.995568422986063850e-02 3.877629518625897928e-03
4.430202052969681170e-01 4.895244215753417061e-01 6.290964402871490613e-02 4.545729098975306338e-03
3.558623057161076630e-01 5.926724659376495508e-01 4.581896002910090110e-02 5.646268317141808768e-03
2.719279309403357381e-01 6.846050321804045824e-01 3.598228538807067556e-02 7.484751491189252891e-03
2.020308852519743237e-01 7.573536149902553305e-01 3.022683265390701396e-02 1.038866710386328156e-02
2.950079183507714128e-02 7.385699025210257229e-01 1.317296304677479657e-01 1.001996751761494442e-01
2.449880189516270013e-01 3.413431818476935220e-01 3.622862071566258502e-01 5.138259204405349473e-02
2.172337166888826943e-01 4.418959424169770500e-01 2.848743697111234541e-01 5.599597118301662124e-02
1.822962995609954118e-01 5.436318918249771759e-01 2.162801992329478895e-01 5.779160938107936324e-02
1.447294310182249966e-01 6.378383969767618122e-01 1.599850711308624662e-01 5.744710087415089844e-02
1.099405689914557810e-01 7.206677412941314698e-01 1.133154596931888886e-01 5.607623002122388844e-02
8.055119482046241286e-02 7.882475541563931376e-01 7.635175966435618633e-02 5.484949135878845056e-02
5.871110092169831707e-02 8.367605720853972251e-01 4.941694567272152117e-02 5.511138132018295055e-02
4.463444515547047159e-02 8.649254215890828101e-01 3.219793241760060543e-02 5.824220083784631408e-02
3.631403225956445630e-02 8.769769539892590116e-01 2.218939203891994588e-02 6.451962171225651688e-02
3.205189432103867919e-02 8.776736496801006426e-01 1.658301780709109732e-02 7.369143819176972310e-02
2.923790943666758346e-02 8.719135967645303964e-01 1.334520992050959760e-02 8.550328387829238264e-02
2.804919662949548892e-02 8.621836247050832513e-01 1.147858248687160312e-02 9.828859617854937558e-02
2.745042165309269019e-02 8.531257846651273402e-01 1.030922548202799216e-02 1.091145681997521405e-01
2.818330585129352403e-02 8.459499350012135155e-01 9.707594465594784894e-03 1.161591646818979223e-01
2.943454631927614959e-02 8.412266822325316085e-01 9.571893646741805664e-03 1.197668778014503443e-01
3.284026999993617385e-02 8.343185892598735665e-01 1.002287624700880057e-02 1.228182644931815198e-01
3.925687929512402391e-02 8.219272869042629770e-01 1.099030071105432452e-02 1.278255330895587960e-01
5.005103711952350876e-02 8.004932235576809330e-01 1.253999139307763154e-02 1.369157479297180013e-01
7.203699212284345177e-02 7.619100411060910627e-01 1.537633866851684412e-02 1.506766281025488652e-01
1.091527034406557933e-01 7.060968391957688217e-01 2.007596838430493122e-02 1.646744889792704780e-01
1.700116409743062107e-01 6.315420563071157956e-01 2.737828225808706245e-02 1.710680204604906052e-01
2.600985989138112631e-01 5.386960935901378145e-01 3.766718987288455306e-02 1.635381176231664457e-01
3.779427751149014303e-01 4.296660370807329765e-01 5.020904584362451822e-02 1.421821419607410819e-01
5.124635452276190550e-01 3.125362603246817916e-01 6.315459633824709040e-02 1.118455981094521878e-01
6.439474472689193929e-01 2.025219144134479954e-01 7.442715906395901138e-02 7.910347925367368360e-02
7.416111848132604933e-01 1.211518158035069653e-01 8.588161053026147074e-02 5.135538885297116773e-02
7.997990533301208016e-01 6.987976379018112638e-02 9.784999553505284442e-02 3.247118734464510964e-02
8.265252129177763640e-01 4.067811828081535630e-02 1.114889580523366619e-01 2.130771074907162124e-02
8.321808566759310022e-01 2.497164051289941025e-02 1.278258660735104302e-01 1.502163673765937943e-02
8.237478816333270171e-01 1.651201469936868990e-02 1.483062348071919057e-01 1.143386886011223298e-02
8.046489987432169366e-01 1.167063319221575517e-02 1.744454137347647704e-01 9.234954329802548198e-03
7.785576741284008229e-01 8.706735448254470169e-03 2.050031121572524206e-01 7.732478266092478875e-03
7.521934056420892523e-01 6.783723867315946676e-03 2.344524915926373687e-01 6.570378897957286635e-03
7.294375644951119897e-01 5.487929510129737828e-03 2.594774938371576800e-01 5.597012157600570782e-03
7.078845159571149903e-01 4.683552179804321286e-03 2.825945550187522470e-01 4.837376844328242741e-03
6.827152210446720826e-01 4.243279784380727879e-03 3.087641818646654768e-01 4.277317306281822919e-03
6.480541806973330043e-01 3.309814395828210819e-03 3.448038588819736794e-01 3.832146024865085935e-03
5.947338803446948763e-01 3.228166212227249858e-03 3.983714316832488445e-01 3.666521759829061491e-03
5.195837628563141353e-01 3.493049335621627085e-03 4.731492691744977330e-01 3.773918633566423087e-03
4.252074682619373935e-01 4.067673638682108017e-03 5.666598278343962791e-01 4.065030264984319068e-03
3.248184477969073836e-01 4.772179000533849531e-03 6.660637077933732053e-01 4.345665409185693433e-03
2.380859824645536194e-01 5.451220198032213568e-03 7.519468976706457086e-01 4.515899666768538254e-03
1.766738668547746804e-01 6.191630582881762872e-03 8.124480759647038086e-01 4.686426597639423673e-03
1.377778363526247496e-01 7.031653432450712081e-03 8.501563833857865848e-01 5.034126829138085325e-03
1.171057596789229771e-01 8.587625335602219398e-03 8.685887523229638418e-01 5.717862662510697115e-03
1.054844066180147949e-01 1.106699336902220755e-02 8.766444523552875401e-01 6.804147657675326498e-03
9.828331460183277468e-02 1.453521640203663846e-02 8.789252628350135987e-01 8.256206161116845868e-03
9.381923522586639586e-02 1.902685269568109988e-02 8.771156432162239280e-01 1.003826886222863000e-02
9.138517522159055051e-02 2.473155997651325586e-02 8.716978547184792703e-01 1.218541008341707428e-02
8.971560374965016627e-02 3.252774179144922451e-02 8.628863437437931383e-01 1.487031071510753165e-02
8.719008816831870512e-02 4.337542016080078028e-02 8.510175576746429327e-01 1.841693399623774152e-02
8.490511189171309758e-02 6.191947650846390400e-02 8.293634847163038337e-01 2.381192688351910572e-02
8.261873966054057716e-02 9.191085564215083215e-02 7.934272107983570965e-01 3.204319389895179254e-02
7.773578154066483614e-02 1.332894998231959338e-01 7.458607478185910189e-01 4.311397081754832911e-02
7.307254329240846225e-02 1.804605946608957290e-01 6.901003665950531385e-01 5.636649545164274661e-02
6.994087412671980142e-02 2.289106142492988716e-01 6.310709092192591241e-01 7.007760240472182822e-02
6.970275193357186594e-02 2.760366655398853175e-01 5.724956060884850428e-01 8.176497643805773208e-02
7.405154221871583509e-02 3.222630306534821631e-01 5.139905621836816652e-01 8.969486494412054478e-02
8.289609439946962754e-02 3.702361507097826632e-01 4.528511641906152740e-01 9.401659070013239361e-02
9.797035617368919647e-02 4.204898002461615603e-01 3.855255747758841722e-01 9.601426880426505717e-02
1.183202280815887353e-01 4.696710334383834562e-01 3.156978718492243763e-01 9.631086663080341836e-02
1.394434665929943362e-01 5.136396240820982895e-01 2.518438796232040922e-01 9.507302970170307399e-02
1.554069032154185570e-01 5.526255862623267179e-01 1.994365271192560796e-01 9.253098340299879820e-02
1.648410432633614919e-01 5.881133699031614315e-01 1.579918384469870263e-01 8.905374838648988378e-02
1.738847206005141866e-01 6.134647649835280880e-01 1.268321157379467268e-01 8.581839867801102639e-02
1.940492108001343474e-01 6.140662966847796334e-01 1.069073799656515000e-01 8.497711254943457471e-02
2.376208358216828631e-01 5.779402213158231216e-01 9.708205266992617211e-02 8.735689019256774601e-02
3.098661772602002706e-01 5.064015396372338884e-01 9.410258937587044625e-02 8.962969372669521428e-02
4.004493511897385116e-01 4.175781108196169322e-01 9.599816111891358583e-02 8.597437687173105358e-02
4.871628994935451318e-01 3.350783269164263611e-01 1.030017766939403945e-01 7.475699689608815424e-02
5.564015016202225050e-01 2.682238419997775014e-01 1.155614926984867702e-01 5.981316368151318869e-02
1.905159892165380064e-01 6.757072827726074982e-01 6.025965073623829049e-02 7.351707727461603836e-02
1.782545042786154096e-02 9.234366015120795135e-01 2.963846128465835207e-03 5.577410193159322571e-02
1.432888406483389179e-02 9.150490904520088842e-01 2.339172135963332212e-03 6.828285334719386146e-02
1.116819941761662202e-02 9.017476784339479856e-01 1.785138543569593332e-03 8.529898360486562470e-02
8.722472748551389488e-03 8.837414428858113569e-01 1.360470367798830580e-03 1.061756139978384528e-01
7.150948230729703425e-03 8.613516467745004901e-01 1.087546820745660019e-03 1.304098581740243956e-01
6.484711506057892413e-03 8.349162586075223880e-01 9.608857803002860548e-04 1.576381441061192046e-01
6.594969416103387862e-03 8.063055678986115193e-01 9.460294746501783517e-04 1.861534332106349610e-01
7.287248569244613762e-03 7.773593719303164562e-01 9.973125491321804641e-04 2.143560669513070172e-01
7.717184092499574169e-03 7.490697244320034809e-01 9.216842549509692787e-04 2.422914072205458458e-01
8.986782731532503427e-03 7.203338958596046115e-01 9.502781625360466177e-04 2.697290432463268495e-01
1.120232938510622861e-02 6.936606217155409926e-01 1.022798042738616141e-03 2.941142508566139679e-01
1.530178577274389495e-02 6.725463700961534785e-01 1.396163393655711505e-03 3.107556807374470820e-01
2.135456595726081472e-02 6.625344153992924756e-01 1.460513807078408534e-03 3.146505048363683610e-01
2.930387447855828040e-02 6.639409456233339446e-01 1.783792635585388546e-03 3.049713872625223754e-01
3.969766985805178727e-02 6.719573520472186257e-01 2.220744488407669099e-03 2.861242336063218872e-01
5.427596353728197931e-02 6.765118108925706197e-01 2.962806668859429334e-03 2.662494189012878376e-01
7.291587005517109754e-02 6.714130939631353101e-01 4.159967074373512215e-03 2.515110689073199457e-01
9.367787942059185857e-02 6.567454100265732730e-01 5.826383212497461550e-03 2.437503273403373028e-01
1.176526397761506748e-01 6.276051018323697273e-01 8.057852720656464088e-03 2.466844056708233091e-01
1.476741992669422521e-01 5.765759754876144116e-01 1.099331753573645071e-02 2.647565077097071007e-01
1.818792165922408499e-01 5.069146576466437848e-01 1.461752053795928839e-02 2.965886052231562209e-01
2.136763987716341906e-01 4.317820640224037110e-01 1.878058283588131261e-02 3.357609543700805221e-01
2.365254634088938546e-01 3.635153234068094763e-01 2.307823161327814121e-02 3.768809815710184030e-01
2.474413410620804887e-01 3.086285172012613875e-01 2.689911145036062365e-02 4.170310302862976215e-01
2.473964608266076837e-01 2.694035163007775791e-01 2.987850636432344553e-02 4.533215165082913889e-01
2.383056375987638587e-01 2.455237103153854739e-01 3.188755951273106182e-02 4.842830925731194114e-01
2.232659569590655646e-01 2.336283306911823843e-01 3.286155671580242438e-02 5.102441556339493145e-01
2.076758119136744851e-01 2.291130092233720217e-01 3.316274079183132578e-02 5.300484380711223409e-01
1.971190968511593311e-01 2.286194696820181838e-01 3.361299249887420709e-02 5.406484409679479519e-01
1.955417620371977805e-01 2.308517114971418982e-01 3.490471928374730415e-02 5.387018071819132947e-01
2.055927604474140913e-01 2.360446880374542922e-01 3.743797691509799519e-02 5.209245746000334965e-01
2.279625903217584737e-01 2.428178980629438766e-01 4.128719996740900372e-02 4.879323116478885281e-01
2.600429980392009455e-01 2.473261816261801416e-01 4.617124888670005173e-02 4.464595714479186461e-01
2.964793688568792551e-01 2.479555333912036030e-01 5.150876687460650277e-02 4.040563308773107432e-01
3.332859927650850818e-01 2.480208760112133926e-01 5.652080694004937844e-02 3.621723242836522028e-01
3.697248794723020926e-01 2.507912665559539067e-01 6.053706376816725410e-02 3.189467902035767466e-01
4.128083787753186185e-01 2.507055169017283203e-01 6.185042301198942494e-02 2.746356813109633310e-01
4.626430840377574460e-01 2.453400531821210151e-01 6.077825734462179857e-02 2.312386054354997889e-01
5.183508247654965428e-01 2.324928556567622817e-01 5.801293735156279330e-02 1.911433822261784099e-01
5.756558113693703849e-01 2.140738004811615081e-01 5.436936960008700859e-02 1.559010185493811818e-01
6.312858886341897735e-01 1.923399744170209980e-01 5.041835020107124365e-02 1.259557867477183180e-01
6.845496433585396279e-01 1.678432791560534321e-01 4.638994820053951584e-02 1.012171292848676601e-01
7.353432159179171812e-01 1.412918089767970231e-01 4.232469188088845702e-02 8.104028322439726928e-02
7.827074994581572076e-01 1.145819655364793410e-01 3.828632843421842652e-02 6.442420657114512894e-02
8.250987907862317172e-01 8.990683975243539405e-02 3.466680306016022006e-02 5.032756640117251601e-02
8.609666795444511633e-01 6.884811989445820124e-02 3.201211518785346960e-02 3.817308537323704093e-02
8.892006161257807184e-01 5.203835691970448013e-02 3.070971887759408464e-02 2.805130807692034905e-02
9.095635738664572534e-01 3.920562714735570387e-02 3.107935230638088353e-02 2.015144667980610024e-02
9.224074655600635886e-01 2.959349317797273227e-02 3.368144619720263994e-02 1.431759506476096983e-02
9.277204305000400497e-01 2.251328550827289693e-02 3.956694242063072547e-02 1.019934157105627931e-02
9.248812858897659250e-01 1.749370017054681717e-02 5.019316930866379173e-02 7.431844631023453926e-03
9.133679659140696572e-01 1.403864517715391717e-02 6.693023515103359300e-02 5.663153757742869950e-03
8.940919546698808951e-01 1.151722494817159978e-02 8.984793675121638401e-02 4.542883630731235634e-03
8.706435749197534157e-01 9.428501794508135220e-03 1.161282023351078163e-01 3.799720950630586756e-03
8.478893351621560326e-01 7.576296293296800634e-03 1.412519741832792552e-01 3.282394361268017348e-03
8.258719573466276609e-01 6.102277944262664289e-03 1.650736650261438176e-01 2.952099682965470765e-03
7.959180392876056276e-01 5.264087785867613799e-03 1.959680345180968564e-01 2.849838408430021078e-03
7.447618467718882806e-01 5.137723422741576410e-03 2.470916343335405052e-01 3.008795471829624289e-03
6.646882900186706911e-01 5.680777752152448533e-03 3.261862936271510138e-01 3.444638602025856984e-03
5.658922169338282959e-01 5.812351851318574118e-03 4.242253437981545194e-01 4.070087416698565420e-03
4.667719395399875237e-01 6.369750143702901553e-03 5.219057256538204292e-01 4.952584662489105567e-03
3.878425277509315872e-01 6.849427215163016690e-03 5.990998835547515222e-01 6.208161479153841839e-03
3.417114478674151967e-01 7.624502846485942120e-03 6.422680399951845587e-01 8.396009290914111661e-03
3.281449328333117532e-01 9.212936124590198964e-03 6.501560789549125641e-01 1.248605208718582375e-02
3.402540754031896930e-01 1.216288596548288289e-02 6.275640179583158451e-01 2.001902067301112795e-02
3.654214283526839857e-01 1.719751066090504862e-02 5.840866438602353439e-01 3.329441712617547955e-02
3.848877506005066729e-01 2.503292993796484359e-02 5.352449681783282287e-01 5.483435128320045954e-02
3.851973769141566750e-01 3.653256836414722070e-02 4.909792220704654597e-01 8.729083265123080415e-02
3.629769935653447410e-01 5.262859313974484199e-02 4.511119511342731037e-01 1.332824621606374105e-01
3.227391150608882597e-01 7.464912357828311362e-02 4.087125057055064903e-01 1.938992556553222613e-01
2.653628827739962226e-01 1.044058253255769758e-01 3.651494291609460596e-01 2.650818627394808114e-01
6.660263095067319172e-01 2.730941391076961988e-01 2.806319459351411597e-02 3.281635679205786860e-02
6.747243264156215989e-03 5.634799012546793939e-01 1.684236616174652297e-03 4.280886188649897783e-01
7.296660403737438398e-03 5.443794431768395059e-01 1.804027714223302176e-03 4.465198687051997739e-01
8.253002014817259133e-03 5.580883424882794319e-01 1.990978507132161804e-03 4.316676769897709320e-01
9.285331625473349296e-03 6.041130322326810909e-01 2.167127179239145690e-03 3.844345089626065581e-01
1.036027284403430102e-02 6.766433619562675084e-01 2.356717517946656845e-03 3.106396476817515073e-01
1.166304324936754018e-02 7.616636048998768338e-01 2.626997444371500807e-03 2.240463544063842627e-01
1.236039199449012922e-02 8.408220330986453384e-01 2.810516458127847606e-03 1.440070584487367911e-01
1.419422630822297048e-02 8.973279299257258534e-01 3.157433321181459321e-03 8.532041044486952941e-02
1.750869182082778405e-02 9.286838792271683296e-01 3.750764188673775569e-03 5.005666476333015674e-02
2.192001737175262865e-02 9.422227192516002825e-01 4.784570260435162294e-03 3.107269311621205579e-02
2.912738848115862395e-02 9.429879489308433671e-01 6.610623246336995440e-03 2.127403934166124597e-02
3.821974174128923291e-02 9.367564881146388522e-01 9.029244396869929787e-03 1.599452574720199374e-02
4.313274754722649929e-02 9.321237760002667461e-01 1.226257650227939935e-02 1.248089995022749928e-02
4.345760362354710721e-02 9.308762333331273009e-01 1.545507039567578338e-02 1.021109264764999067e-02
4.112738622390481324e-02 9.312167496877543638e-01 1.858668581581447710e-02 9.069178272526619983e-03
4.257378794191939847e-02 9.262120018199894167e-01 2.192630859666697477e-02 9.287901641424340174e-03
4.861781169326553215e-02 9.137349174045269473e-01 2.692270513776526264e-02 1.072456576444205840e-02
5.952190806692285452e-02 8.925732870356758442e-01 3.464966667295143327e-02 1.325513822444989928e-02
7.542827022010706317e-02 8.616484293591279986e-01 4.591735738172082748e-02 1.700594303904410035e-02
9.497840577253399696e-02 8.223748826953944935e-01 6.034559157309949545e-02 2.230111995897195512e-02
1.139478523067940369e-01 7.811023309884815857e-01 7.531401562233268343e-02 2.963580108239182581e-02
1.264545155101275964e-01 7.478299406063702026e-01 8.602320532621172966e-02 3.969233855729052685e-02
1.274508247323215271e-01 7.309189194926061228e-01 8.802326355519336787e-02 5.360699221987932223e-02
1.153630707440660014e-01 7.293189482225428399e-01 8.073605157607958993e-02 7.458192945731177692e-02
9.328972153837190862e-02 7.290010810433037447e-01 6.759530934079725772e-02 1.101138880775267836e-01
6.779120455084859664e-02 7.060120663555904397e-01 5.325437042082847849e-02 1.729423586727323048e-01
4.460624481367943955e-02 6.400438752190008573e-01 3.959502124788246563e-02 2.757548587194372791e-01
2.634081560499363164e-02 5.286096117230200120e-01 2.780931958257815487e-02 4.172402530894083195e-01
1.438122124502380986e-02 3.972460095846591099e-01 1.908323719796841886e-02 5.692895319723487724e-01
7.524669714498622916e-03 2.807376693055733119e-01 1.230821062868460956e-02 6.994294503512434868e-01
3.887811378912387709e-03 1.946579664376822949e-01 7.604884909538243455e-03 7.938493372738668619e-01
2.107792476333830278e-03 1.379949116346177174e-01 4.691515372354005536e-03 8.552057805166943805e-01
1.251463229592816948e-03 1.028848621699429283e-01 3.034735898297779687e-03 8.928289387021666190e-01
8.083268184624536803e-04 8.143483793855475772e-02 2.092186772963053592e-03 9.156646484700197153e-01
5.692400710146238059e-04 6.894543028781827121e-02 1.540170142297870096e-03 9.289451594988691330e-01
4.496869760530205562e-04 6.342434654497751401e-02 1.215232845863983141e-03 9.349107336331053952e-01
4.011783701656586234e-04 6.351164688332155972e-02 1.018705411409774044e-03 9.350684693351032362e-01
3.958854214720432013e-04 6.854760363875142537e-02 8.917742556033624946e-04 9.301647366841733211e-01
4.348941089539916762e-04 8.132791587720426818e-02 8.190666339493767392e-04 9.174181233798924806e-01
5.511303265293615366e-04 1.091763945521583290e-01 8.140547703613992738e-04 8.894584203509509068e-01
8.450080468932329603e-04 1.666037312778116397e-01 9.286596423959453308e-04 8.316226010328992002e-01
1.467456664964392156e-03 2.702205963515132425e-01 1.234938683279262909e-03 7.270770083002429107e-01
2.363548977244480254e-03 4.146480290756414111e-01 1.748214762484410134e-03 5.812402071846293206e-01
3.466440425018960450e-03 5.622055808206962713e-01 2.455003795359834290e-03 4.318729749589250155e-01
4.883075593484828732e-03 6.779857737566943321e-01 3.349108560750537963e-03 3.137820420890705675e-01
6.447344582555348397e-03 7.552092533298930821e-01 4.345833006206184339e-03 2.339975690813456966e-01
8.252271068850475927e-03 8.017098630727513831e-01 5.288921021112997015e-03 1.847489448372850729e-01
8.819657657588284017e-03 8.282835718447445483e-01 5.821322504073363213e-03 1.570754479935938253e-01
9.139214096579677954e-03 8.420304781135872219e-01 6.044920233755415699e-03 1.427853875560777808e-01
9.209206208135950478e-03 8.494402258109555737e-01 6.063520239997813484e-03 1.352870477409109651e-01
9.144655653638852910e-03 8.536737354345329543e-01 6.022840665872628528e-03 1.311587682459557924e-01
8.877266321707301400e-03 8.557361268565383261e-01 5.911966295981594538e-03 1.294746405257727051e-01
8.298361540329765931e-03 8.556061356936880413e-01 5.656006407966495536e-03 1.304394963580156330e-01
7.660401384632379608e-03 8.514680828684535463e-01 5.305557902367311757e-03 1.355659578445466695e-01
7.313747013489446322e-03 8.406172040489925390e-01 4.964717282398925860e-03 1.471043316551190194e-01
7.292194539519229746e-03 8.182538670998701358e-01 4.619795625667749706e-03 1.698341427349427946e-01
6.431707479128633519e-03 7.778568610912763859e-01 4.078130542162720223e-03 2.116333008874322630e-01
5.893910888227544935e-03 7.091660459054656140e-01 3.534849221408889984e-03 2.814051939848981609e-01
5.214428897405498121e-03 6.093313737328878155e-01 3.010847674351685259e-03 3.824433496953550393e-01
4.448089746526114920e-03 4.892970707727165025e-01 2.503793489192007900e-03 5.037510459915653938e-01
3.722011030165179712e-03 3.731710172533546088e-01 2.050931240512542802e-03 6.210560404759675190e-01
3.208916547340424311e-03 2.886720103116060532e-01 1.702899135339832563e-03 7.064161740057138816e-01
3.106701155090622543e-03 2.459823214964151072e-01 1.477643172634371914e-03 7.494333341758597777e-01
3.584171569659067458e-03 2.415668272967936014e-01 1.396480994820126307e-03 7.534525201387273219e-01
4.736095820234303283e-03 2.700062679143659383e-01 1.456767782511145595e-03 7.238008684828880490e-01
6.671651280668527279e-03 3.237858610086752909e-01 1.635889490110860279e-03 6.679065982205456553e-01
9.857093184592741197e-03 3.960604920989014288e-01 1.972010469558823850e-03 5.921104042469470530e-01
1.534593685559108162e-02 4.770257651936182786e-01 2.574664355880691615e-03 5.050536335949101785e-01
2.456722482904574040e-02 5.504393018387164771e-01 3.911758875738110056e-03 4.210817144564998893e-01
4.101436546772846414e-02 6.020876477999230758e-01 5.208404187999888038e-03 3.516895825443485113e-01
6.820988431251986950e-02 6.267468229156200055e-01 7.585900641035214949e-03 2.974573921308250601e-01
4.110029121619396264e-01 4.606690065411482293e-01 8.316822025481696024e-02 4.515986104209510771e-02
4.339443619317845391e-01 4.151617131119986759e-01 1.011407435607387106e-01 4.975318139547797031e-02
4.628136284366040076e-01 3.611269256019589147e-01 1.242958761623276787e-01 5.176356979910946843e-02
4.887868860718823649e-01 3.093840606579019714e-01 1.508530676485669852e-01 5.097598562164860903e-02
5.008889017047621905e-01 2.693413118257861893e-01 1.807098715061247751e-01 4.905991496332695601e-02
4.797589879058453688e-01 2.519089877649950404e-01 2.200762375997319109e-01 4.825578672942781172e-02
4.179444691592942296e-01 2.598286559349762825e-01 2.725128874475531426e-01 4.971398745817613707e-02
3.315642090058688596e-01 2.921309723932435931e-01 3.230052742481134831e-01 5.329954435277407809e-02
2.545774924436373099e-01 3.432178029794721308e-01 3.437279665225779213e-01 5.847673805431274907e-02
1.996359217802429475e-01 4.050642849429475501e-01 3.308641159940343690e-01 6.443567728277525830e-02
1.600955044422161244e-01 4.708599137254205202e-01 2.987556218224077798e-01 7.028896000995545068e-02
1.292398230371671619e-01 5.368927373210270471e-01 2.585210522477519590e-01 7.534638739405360996e-02
1.025310921942723524e-01 6.038086457656360873e-01 2.147003147042383375e-01 7.895994733585312564e-02
8.018645423492548607e-02 6.654607408762600596e-01 1.730867098091621037e-01 8.126609507965219803e-02
5.995390415341445012e-02 7.250349548316012971e-01 1.322564399468962038e-01 8.275470106808824333e-02
4.362080218584767077e-02 7.745513873807534644e-01 9.667421968492218021e-02 8.515359074847685117e-02
3.182220649950872476e-02 8.085506837770236599e-01 6.947530674796896510e-02 9.015180297549899024e-02
2.367609489282919769e-02 8.267528519290913147e-01 5.145636689571990441e-02 9.811468628235980871e-02
1.799326938135543258e-02 8.366834640964205816e-01 3.826958441329002258e-02 1.070536821089335122e-01
1.385382511570327872e-02 8.421644034746118557e-01 2.961641326154264633e-02 1.143653581481425818e-01
1.108333638333985384e-02 8.468944876192628923e-01 2.354368971159250673e-02 1.184784862858049015e-01
8.770958566671052670e-03 8.515641791546244566e-01 1.913257745103307331e-02 1.205322848276715320e-01
8.104143963232394304e-03 8.525088995702917449e-01 1.658341271970370859e-02 1.228035437467721175e-01
2.300748352194166846e-01 7.336218645272194472e-01 1.966577659615931922e-02 1.663752365720466697e-02
2.622001587172920756e-01 6.918100851973962850e-01 2.222711062898539286e-02 2.376264545632608347e-02
3.162975853464908282e-01 6.240447551492754874e-01 2.640012869937509443e-02 3.325753080485821522e-02
3.850991497751000137e-01 5.401739135991123764e-01 3.178465672283329463e-02 4.294227990295469005e-02
4.532882107306953068e-01 4.583262177332063092e-01 3.826560987845323281e-02 5.011996165764519978e-02
5.102726388786027467e-01 3.893745510782810615e-01 4.633791172338116993e-02 5.401489831973512595e-02
5.518676841613741058e-01 3.364219656559490623e-01 5.644561818057818731e-02 5.526473200209872788e-02
5.781241420193831138e-01 2.984733009398237158e-01 6.848336586093248246e-02 5.491919117986075044e-02
5.935015730482163798e-01 2.717576700537782108e-01 8.062707072623805094e-02 5.411368617176721268e-02
5.975390047329539600e-01 2.558010118564293944e-01 9.277872935927887477e-02 5.388125405133799284e-02
5.927985126756198930e-01 2.486508143030149165e-01 1.034674801214447715e-01 5.508319289992046758e-02
5.761670079791956223e-01 2.524954641843215608e-01 1.127067629620070732e-01 5.863076487447582696e-02
5.440295412340999670e-01 2.710210813796996021e-01 1.196167179698972710e-01 6.533265941630311824e-02
4.947059536425741921e-01 3.070227146211804703e-01 1.227175499728762748e-01 7.555378176336877138e-02
4.279562739065446153e-01 3.612122406128054908e-01 1.221949076059049982e-01 8.863657787474510386e-02
3.591392013319880117e-01 4.209409614981496905e-01 1.174238192174448386e-01 1.024960179524173065e-01
2.997310296489286152e-01 4.729717863542424183e-01 1.131381518612031983e-01 1.141590321356257404e-01
2.528028751185863454e-01 5.138912369542810721e-01 1.121479665582932050e-01 1.211579213688389611e-01
2.194048708830812489e-01 5.423914026767868712e-01 1.136870806295108144e-01 1.245166458106209961e-01
2.012068510240088426e-01 5.541578562081731496e-01 1.168190943279793642e-01 1.278161984398385742e-01
1.955837687655445079e-01 5.508688282123470614e-01 1.198927861557736313e-01 1.336546168663347023e-01
1.977999615984490367e-01 5.386105785676220670e-01 1.211803500741228806e-01 1.424091097598066680e-01
2.039215071336893115e-01 5.223647615413478107e-01 1.202424306530572584e-01 1.534713006719057860e-01
2.126186030140444494e-01 5.033695209056007203e-01 1.179128664946428456e-01 1.660990095857121096e-01
2.254142324290573374e-01 4.796614924879955000e-01 1.158045335386453378e-01 1.791197415443018803e-01
2.443714487651503509e-01 4.497464918086102603e-01 1.157402719657166512e-01 1.901417874605228764e-01
2.693643992522034569e-01 4.156045067149738981e-01 1.191488661310516478e-01 1.958822279017708168e-01
2.983780504684885315e-01 3.809961881993262356e-01 1.270319210455509717e-01 1.935938402866340668e-01
3.310822407702164183e-01 3.467758812327901285e-01 1.403479467234654832e-01 1.817939312735279145e-01
3.684616642155080224e-01 3.106373654945256968e-01 1.594959367267447248e-01 1.614050335632213895e-01
4.060981772347800889e-01 2.729435121201816972e-01 1.838498451572733450e-01 1.371084654877648135e-01
4.326003738753596006e-01 2.374396555045382162e-01 2.159170074605863687e-01 1.140429631595157589e-01
4.472832959992884549e-01 2.074614525921661401e-01 2.510729084731287974e-01 9.418234293541666302e-02
4.553641017104749222e-01 1.877883017158674117e-01 2.786292305374098999e-01 7.821836603624814088e-02
4.661064593054204397e-01 1.800244873500974896e-01 2.867407125687896352e-01 6.712834077569258817e-02
4.805025198702106981e-01 1.840442786539717157e-01 2.738927970173248849e-01 6.156040445849302739e-02
4.927524594136231673e-01 2.025378555441446626e-01 2.432815837422874772e-01 6.142810129994497048e-02
4.948668710252107639e-01 2.380968282416418835e-01 2.013644989024767906e-01 6.567180183067039545e-02
4.808733374806151706e-01 2.882648498463790676e-01 1.586000940955708538e-01 7.226171857743488025e-02
4.515490296734057107e-01 3.454388877756468523e-01 1.237822820555750936e-01 7.922980049537250991e-02
4.158670903117756557e-01 4.029524126348356661e-01 9.598389065053837543e-02 8.519660640285037223e-02
3.785258235609424426e-01 4.584132296471095103e-01 7.356877564973790529e-02 8.949217114221041935e-02
3.392514919108128302e-01 5.131266660248162692e-01 5.594488998448601119e-02 9.167695207988479922e-02
2.960476088347955281e-01 5.693618733979460833e-01 4.306911429582035988e-02 9.152140347143826460e-02
2.506392318498045224e-01 6.254527333777780695e-01 3.405783523908746668e-02 8.985019953333003850e-02
2.094715570941850791e-01 6.736304033806682634e-01 2.792953984957452507e-02 8.896849967557227123e-02
1.781549743683783493e-01 7.063343451931544115e-01 2.418763759794971199e-02 9.132304284051713517e-02
1.570385249411114792e-01 7.229193693709996538e-01 2.228615454975887283e-02 9.775595113813002890e-02
1.441330930646648467e-01 7.268433815074383242e-01 2.164706084532613470e-02 1.073764645825706493e-01
1.388537497111628494e-01 7.210576393345299318e-01 2.200120378903277357e-02 1.180874071652746743e-01
1.441330590015689750e-01 7.046156884230981854e-01 2.381140168116716027e-02 1.274398508941655683e-01
1.654301360296764334e-01 6.733110887850797255e-01 2.824435365147679941e-02 1.330144215337668856e-01
2.068332561814784087e-01 6.247149504420451693e-01 3.668479486029488368e-02 1.317669985161815660e-01
2.687711580009023438e-01 5.586797114600219327e-01 5.058908617728639229e-02 1.219600443617895047e-01
3.474899626166177979e-01 4.764385132482862883e-01 7.116719306305148429e-02 1.049043310720442768e-01
4.322069125418281921e-01 3.869277320408421317e-01 9.706823458269182858e-02 8.379712083463769501e-02
5.127236107945182253e-01 3.015378005568075115e-01 1.229159843328980067e-01 6.282260431577633975e-02
5.821111401826467580e-01 2.271490293623127377e-01 1.459169473459589195e-01 4.482288310908169593e-02
6.411938859846012528e-01 1.660503827814125699e-01 1.618724596657596659e-01 3.088327156822666744e-02
6.874168732646788182e-01 1.195584864899161132e-01 1.721981983123014037e-01 2.082644193310384528e-02
7.207124150179506916e-01 8.608350688785451621e-02 1.793692824144682008e-01 1.383479567972647692e-02
7.438885949202992398e-01 6.125019482662461684e-02 1.857056567126564861e-01 9.155553540419542752e-03
7.555129058481572235e-01 4.467654475825162674e-02 1.936106684251471255e-01 6.199880968444025121e-03
7.566148424183418708e-01 3.454843715396865855e-02 2.043780250731309922e-01 4.458695354558195670e-03
7.507175201393921915e-01 2.914867508640512500e-02 2.166023584968957694e-01 3.531446277306734584e-03
7.402007239979940811e-01 2.716057102506420212e-02 2.295106640453931368e-01 3.128040931548656690e-03
7.215089539070583813e-01 2.747938728175849249e-02 2.479990536529925182e-01 3.012605158190601908e-03
6.900410388349806912e-01 2.927675246584301311e-02 2.776522191559976371e-01 3.029989543178457367e-03
6.491728610863992666e-01 3.220945892303450631e-02 3.154569961585552140e-01 3.160683832010828791e-03
6.080849540744848181e-01 3.552693540179151233e-02 3.530388487622163063e-01 3.349261761507465237e-03
5.755258103935712022e-01 3.857913653800053300e-02 3.823572195214963165e-01 3.537833546932026355e-03
5.576610288992247533e-01 4.115754302712038015e-02 3.974677953677635545e-01 3.713632705891372395e-03
5.569854846650856839e-01 4.358268785157683178e-02 3.955075167010450587e-01 3.924310782292475888e-03
5.727446771648762036e-01 4.676013924839764191e-02 3.762262508406398198e-01 4.268932746086298233e-03
5.976600144111785529e-01 5.204539345932275574e-02 3.454375717645725152e-01 4.857020364926228212e-03
6.209204439164623945e-01 6.148819626235834529e-02 3.117039743294581777e-01 5.887385491721006114e-03
6.335569141717747321e-01 7.686090439370180105e-02 2.820271702236808453e-01 7.555011210842348286e-03
6.322148032668146733e-01 9.881342533244838466e-02 2.589806895203096704e-01 9.991081880427264694e-03
6.196769349430565343e-01 1.250731926410693362e-01 2.418712794311915770e-01 1.337859298468246222e-02
5.987032888225531924e-01 1.539538839082556509e-01 2.295959397398421309e-01 1.774688752934964336e-02
5.784035389164801089e-01 1.791388183593980998e-01 2.197936304925310058e-01 2.266401223159071263e-02
5.669664729974209783e-01 1.957580778876018279e-01 2.097303656034589237e-01 2.754508351151791629e-02
5.664737108200024185e-01 2.036525351345824797e-01 1.977522686257703610e-01 3.212148541964461590e-02
5.727559063098918157e-01 2.069741581267653674e-01 1.838246213591945843e-01 3.644531420414841988e-02
5.794479888432535475e-01 2.106870002031975275e-01 1.689797276219577871e-01 4.088528333159113792e-02
5.795629791609993031e-01 2.189677212114630733e-01 1.555721847589099927e-01 4.589711486862800560e-02
5.647716337616682791e-01 2.371190795196122247e-01 1.463437649766901605e-01 5.176552174202955769e-02
5.340741779003316259e-01 2.655990909455563931e-01 1.416638462504464790e-01 5.866288490366545344e-02
4.875220682154979279e-01 3.066588008591036307e-01 1.393565046901681370e-01 6.646262623523012392e-02
