1.933168655058435936e-01 7.465012193120317274e-01 3.882125413164561056e-02 2.136066105047936675e-02
8.236448745955500250e-01 1.049271549696104231e-03 1.749576474613915300e-01 3.482063933623321750e-04
7.281132578218428852e-01 1.099591235616062274e-03 2.704955196504638670e-01 2.916312920770390278e-04
6.062096329448521947e-01 6.166222622875715915e-04 3.929177244138430392e-01 2.560203790167897195e-04
4.937945044247581405e-01 7.116590156131559616e-04 5.051976747011225344e-01 2.961618585063053514e-04
4.177543491427083144e-01 1.059593652492488158e-03 5.807575238291711184e-01 4.285333756279574341e-04
3.854713437254582153e-01 1.959875992648147519e-03 6.118242680338616957e-01 7.445122480318989641e-04
3.958260691297479927e-01 4.201218116080229249e-03 5.985104183911498232e-01 1.462294363021953260e-03
4.391080021926503929e-01 9.508755909030648309e-03 5.483835493603492761e-01 2.999692537969588131e-03
4.960211807409110052e-01 2.045678411844991176e-02 4.775618766293082129e-01 5.960158511330562216e-03
5.515484111605299944e-01 4.163711629032860323e-02 3.960291906786271854e-01 1.078528187051421179e-02
5.885708377615126441e-01 7.294423714394544789e-02 3.209119252632463004e-01 1.757299983129598925e-02
6.055442929797005824e-01 1.154663635765550977e-01 2.530901525611488623e-01 2.589919088259536040e-02
6.097989198577791203e-01 1.623084921603473729e-01 1.927934911473984103e-01 3.509909683447513806e-02
6.050344488236667484e-01 2.081799341184733532e-01 1.419752960208525983e-01 4.481032103700696712e-02
6.016310579440846684e-01 2.409752070227650089e-01 1.023172396868534673e-01 5.507649534629672355e-02
5.943900431074503610e-01 2.637293093598918059e-01 7.522759484512329953e-02 6.665305268753479728e-02
5.864542098570845186e-01 2.764845623731845836e-01 5.722755953717299782e-02 7.983366823255766409e-02
5.747576947647751178e-01 2.857366281907238181e-01 4.611248985430126124e-02 9.339318719019998327e-02
5.598201041274940559e-01 2.970497675609258814e-01 3.945666247708934371e-02 1.036734658344907883e-01
5.419376493263827754e-01 3.140605747018472282e-01 3.601209337178087888e-02 1.079896825999892701e-01
5.205555994592919733e-01 3.367358041169774552e-01 3.552366734531967052e-02 1.071849290784110259e-01
4.987805061045163524e-01 3.605370716099625117e-01 3.742453950439907778e-02 1.032578827811218292e-01
4.810002400910554088e-01 3.797798771769038129e-01 4.084709760117445632e-02 9.837278513086643306e-02
4.705812704051916540e-01 3.893081891772778858e-01 4.499326790956911792e-02 9.511727250796148114e-02
4.680450378364015007e-01 3.875767319177805814e-01 4.916592850126737940e-02 9.521230174455061479e-02
4.733344175981143986e-01 3.741632478510183435e-01 5.341967427865237927e-02 9.908266027221510064e-02
4.859926988028563377e-01 3.497140590297885820e-01 5.835325338731710276e-02 1.059399887800376583e-01
5.012490988786179047e-01 3.209606611298531642e-01 6.389245705594001623e-02 1.138977829355885124e-01
5.151018367329963654e-01 2.942034223479981225e-01 6.947023101286960156e-02 1.212245099061359938e-01
5.280662317986926091e-01 2.701952812509005319e-01 7.490482824933741846e-02 1.268336587010691352e-01
5.421646568912794617e-01 2.475817365804420245e-01 8.020017347882822667e-02 1.300534330494502178e-01
5.616859183847360271e-01 2.235082103055038572e-01 8.460582978383779373e-02 1.302000415259222388e-01
5.851271975913684420e-01 1.991198308333358424e-01 8.842552397374366102e-02 1.273274476015522350e-01
6.167507350514491726e-01 1.710061643414421406e-01 9.092296137101053832e-02 1.213201392360982594e-01
6.566670824387652594e-01 1.404441456007251288e-01 9.064508008589036714e-02 1.122436918746193141e-01
6.986172457199575359e-01 1.112495048987457297e-01 8.868508736843357110e-02 1.014481620128630801e-01
7.371068287899864568e-01 8.666702963118193270e-02 8.538043325755642621e-02 9.084570832127529527e-02
7.697911838385076422e-01 6.711651588564646054e-02 8.210168401389034143e-02 8.099061626195519503e-02
7.958147328159093092e-01 5.222637465048173000e-02 8.092915005373302328e-02 7.102974247987584033e-02
8.184919505612008317e-01 4.042837613108025974e-02 8.093562048061521408e-02 6.014405282710393041e-02
8.323758349172432069e-01 3.190833610919885377e-02 8.581380161479340574e-02 4.990202735876462375e-02
8.335612352992025631e-01 2.575034627113764046e-02 9.942877290540609592e-02 4.125964552425408216e-02
8.156609659166874637e-01 2.107020042569557675e-02 1.288299793396995574e-01 3.443885431791744028e-02
7.666152816649616231e-01 1.733879328429607097e-02 1.870442959576721909e-01 2.900162909307028858e-02
6.680884340639311469e-01 1.427322321344585976e-02 2.937250386899331600e-01 2.391330403268984023e-02
5.117523705312458926e-01 1.117801545218011054e-02 4.588890314622706690e-01 1.818058255430347533e-02
3.280933655928746639e-01 7.905573426464196363e-03 6.518325416156669494e-01 1.216851936499417121e-02
1.790382864319373935e-01 5.333226910971252364e-03 8.082496337680367127e-01 7.378852889054354422e-03
9.145406232491595788e-02 3.769842366850152497e-03 9.002761773214112972e-01 4.499917986822562881e-03
5.022542405836322860e-02 3.069340642567798712e-03 9.436603458515886445e-01 3.044889447480482632e-03
3.174725572274573332e-02 3.014904212438329189e-03 9.628599650723380643e-01 2.377874992477695387e-03
2.352185543498696435e-02 3.383167830374235810e-03 9.710119162185075758e-01 2.083060516131496776e-03
1.992048159016162473e-02 4.087863450292330073e-03 9.740428437915072957e-01 1.948811168038847540e-03
1.917676753874319670e-02 5.210210918217097684e-03 9.736762374970062695e-01 1.936784046033479100e-03
2.119770812424123102e-02 6.956182324363875159e-03 9.697799867225674886e-01 2.066122828827511929e-03
2.665290565711461723e-02 9.488688845367004160e-03 9.615405934471091820e-01 2.317812050409393931e-03
3.635383590240534590e-02 1.280271822184339547e-02 9.482135344341584560e-01 2.629911441592847326e-03
5.213720741078940041e-02 1.697306285368632359e-02 9.278958420133496254e-01 2.993887722174594628e-03
7.851383525875987868e-02 2.253950289963008169e-02 8.954258498582976511e-01 3.520811983312376828e-03
1.204742984245193993e-01 3.112629963898590896e-02 8.441162877351485738e-01 4.283114201346337364e-03
1.804125400134410917e-01 4.240332304719876544e-02 7.720153096946908988e-01 5.168827244669576236e-03
2.614379386278667949e-01 5.757207669646012549e-02 6.748269273154725578e-01 6.163057360200661396e-03
3.614492612116895764e-01 7.726620235508045720e-02 5.539945189490419475e-01 7.290017484188132495e-03
4.639056698103535825e-01 1.019204111782454208e-01 4.256696778371689138e-01 8.504241174232230263e-03
5.449763704039336520e-01 1.342344064980169061e-01 3.108138315673624197e-01 9.975391530687213043e-03
5.865029807297731379e-01 1.798866264422827044e-01 2.214132649784524565e-01 1.219712784949176371e-02
5.829205704441734470e-01 2.434254998626691202e-01 1.576809820826945152e-01 1.597294761046306327e-02
5.416242658592396175e-01 3.205697421006866721e-01 1.152308623495014034e-01 2.257512969057244231e-02
4.739915515462813089e-01 4.029378774723360590e-01 8.913692039120073296e-02 3.393365059018189217e-02
3.917120188125013391e-01 4.810606147114608322e-01 7.485874272269206486e-02 5.236862375334589564e-02
3.111522699634455824e-01 5.423624128864785732e-01 6.618374942893177904e-02 8.030156772114388497e-02
1.330282948919601568e-02 7.601755499034329455e-01 1.800768170841948179e-01 4.644480352317596761e-02
2.245360557225428710e-01 3.989994473004244702e-01 3.310094825713604250e-01 4.545501440567206036e-02
1.865360295187668271e-01 5.122895537705262070e-01 2.523258789237926569e-01 4.884853778691437137e-02
1.454312866106369506e-01 6.230109891843487180e-01 1.824419298471207096e-01 4.911579435789337200e-02
1.064229759422607030e-01 7.226852233116317636e-01 1.244399262900890285e-01 4.645187445601838688e-02
7.261432638724707456e-02 8.069009988039481662e-01 7.887187322005295709e-02 4.161280158875130253e-02
4.634582261111213491e-02 8.719488419350205355e-01 4.592915361195434865e-02 3.577618184191325157e-02
2.894352207473668837e-02 9.150804186462818679e-01 2.528092908215399601e-02 3.069513019682674690e-02
1.908615047164475761e-02 9.390339096411528530e-01 1.421456438870486588e-02 2.766537549849719738e-02
1.448740975924563135e-02 9.500964018767755759e-01 8.807378221281947014e-03 2.660881014269685790e-02
1.146230427127398199e-02 9.557844458261769427e-01 6.093517916533747018e-03 2.665973198601524763e-02
1.011614463162855380e-02 9.570277967421819687e-01 4.801738054940641286e-03 2.805432057124875034e-02
9.664874066635438868e-03 9.560282024571533643e-01 4.188086522315613222e-03 3.011883695389564256e-02
9.555283039280515825e-03 9.549022268356827103e-01 3.866984154242687158e-03 3.167550597079408364e-02
9.712816966375811822e-03 9.542317697896910422e-01 3.757273319893633494e-03 3.229813992403959139e-02
1.041546920497447501e-02 9.530059086085403974e-01 3.925586239287701638e-03 3.265303594719739383e-02
1.212865587460227289e-02 9.493404062918444630e-01 4.488028217253126756e-03 3.404290961630002804e-02
1.542454610442028050e-02 9.417019120446794567e-01 5.526116215703692075e-03 3.734742563519651004e-02
2.183292097193947554e-02 9.271652901868233654e-01 7.283045682539889334e-03 4.371874315869766353e-02
3.362338134757088259e-02 9.013662537714453027e-01 1.045523644302424893e-02 5.455512843795955885e-02
5.934839218878120576e-02 8.548643177320159880e-01 1.628113293681164933e-02 6.950615714239097298e-02
1.086792893209266170e-01 7.818010779889521533e-01 2.613396394491453861e-02 8.338566874520660088e-02
1.926644612261258216e-01 6.777220407557832393e-01 4.096747424908391000e-02 8.864602376900704295e-02
3.138954330578119234e-01 5.442813087521138904e-01 6.014910733887276345e-02 8.167415085120159624e-02
4.592096709076091132e-01 3.935929388456111955e-01 8.172362872153786373e-02 6.547376152524203574e-02
6.001616384283962047e-01 2.494540335190877645e-01 1.040575552109635205e-01 4.632677284155263531e-02
6.996213696659219217e-01 1.399007346001371332e-01 1.302725649150100473e-01 3.020533081893105737e-02
7.431421538152318540e-01 7.388133999342540170e-02 1.633685971247612889e-01 1.960790906658129232e-02
7.440343143785367319e-01 3.836834686869527999e-02 2.041999184050898031e-01 1.339742034767785889e-02
7.182076962603768377e-01 2.151318789396605355e-02 2.504525642468725666e-01 9.826551598784653146e-03
6.789477598720737861e-01 1.342468690796788135e-02 2.999779508675402551e-01 7.649602352418027190e-03
6.322625259041881884e-01 9.341154758879886832e-03 3.522264956267324720e-01 6.169823710199313915e-03
5.851009267255948831e-01 6.197705369558707822e-03 4.037225489255940603e-01 4.978818979252522259e-03
5.420574865671117237e-01 4.624407960546224675e-03 4.492127722327388106e-01 4.105333239603163771e-03
5.064510634093218888e-01 3.670268088032233381e-03 4.864470869495051697e-01 3.431581553140851653e-03
4.741207106698093754e-01 3.132269648802940652e-03 5.197929801519275417e-01 2.954039529459983986e-03
4.388514011116610991e-01 2.848614809272214526e-03 5.556750070641754968e-01 2.624977014891238542e-03
3.944136458290450897e-01 2.709189283317010345e-03 6.004805350742761227e-01 2.396629813361902516e-03
3.385727034454329987e-01 2.714168758140590547e-03 6.564221244012689027e-01 2.291003395157467301e-03
2.746473081071144628e-01 2.903850971504204261e-03 7.201170719034449830e-01 2.331769017936201165e-03
2.088261393967547341e-01 3.245749807011519272e-03 7.854644521910710830e-01 2.463658605162636229e-03
1.490790861584630755e-01 3.626059812575955794e-03 8.447150613614693437e-01 2.579792667491624929e-03
1.023203675692589409e-01 3.997047006097167142e-03 8.910220881759929323e-01 2.660497248651026367e-03
7.305928353540315501e-02 4.409985052793569810e-03 9.197114566764080790e-01 2.819274735395166723e-03
5.642480988649389156e-02 5.289222266657023393e-03 9.350482810905198505e-01 3.237686756329339038e-03
4.759034849988667132e-02 6.869261693487753104e-03 9.414822290442311781e-01 4.058160762394471231e-03
4.281973284479607261e-02 9.402227693733906239e-03 9.423704360812831249e-01 5.407603380186512022e-03
3.968473078458078368e-02 1.290789183500803440e-02 9.400991546854571279e-01 7.308222694954028854e-03
3.686899332715482674e-02 1.706488783624664912e-02 9.363979224211912422e-01 9.668196415407358246e-03
3.398539595248817324e-02 2.025465359986472827e-02 9.334750382727438067e-01 1.228491217490316860e-02
3.050393961305814666e-02 2.418942058443616233e-02 9.300499544126964446e-01 1.525668538980915791e-02
2.657274513620570475e-02 2.935237577542117518e-02 9.253819723366329963e-01 1.869290675174026597e-02
2.307804795793142252e-02 3.787349396639156512e-02 9.157114814149677207e-01 2.333697666070921883e-02
2.040448468041537386e-02 5.151794087454813348e-02 8.979465527371256472e-01 3.013102170791055051e-02
1.813321333750025563e-02 6.916170082170290667e-02 8.736365185092527241e-01 3.906856733154402683e-02
1.640830725189580327e-02 8.741637034135485429e-02 8.467772486268252408e-01 4.939807377992421616e-02
1.554630364392695085e-02 1.029934996080764387e-01 8.218470225976763910e-01 5.961317415032026112e-02
1.563116422707356429e-02 1.146405434152319436e-01 8.020519298827429866e-01 6.767636247495169288e-02
1.688294964218904973e-02 1.239951613033190986e-01 7.864256925538887222e-01 7.269619650060321625e-02
1.989383328504833529e-02 1.350439061158149601e-01 7.691495714506191295e-01 7.591268914851785621e-02
2.580661586717510406e-02 1.526397968497446023e-01 7.420873104665614006e-01 7.946627681651866060e-02
3.576459890100976147e-02 1.805187460509367903e-01 7.001594150396347471e-01 8.355724000841864563e-02
4.936073818974385380e-02 2.198018081853030103e-01 6.447815225352621082e-01 8.605593108969107619e-02
6.328460362314117238e-02 2.693908182384256444e-01 5.817524696222813319e-01 8.557210851615185132e-02
7.430617804951297756e-02 3.278130509501124834e-01 5.145139027041741864e-01 8.336686829620035266e-02
8.361318726345580432e-02 3.891907953200373638e-01 4.459152054263186282e-01 8.128081199018830083e-02
9.651456409493804067e-02 4.389768034369393446e-01 3.841139659229531600e-01 8.039466654516941313e-02
1.189676622796713434e-01 4.617401767503022669e-01 3.377557467294887150e-01 8.153641424053785502e-02
1.537092328873806424e-01 4.535377047491608860e-01 3.084166581666561990e-01 8.433640419680243916e-02
1.972477868186798267e-01 4.218123368821298236e-01 2.948360799785879061e-01 8.610379632060237431e-02
2.397675731794420839e-01 3.798099591175083112e-01 2.966167535870123939e-01 8.380571411603714160e-02
2.732809581455731274e-01 3.353358783195484194e-01 3.141529034285553967e-01 7.723026010632315363e-02
3.928027369348736642e-01 4.477889635890369147e-01 7.660341019285089870e-02 8.280488928323863351e-02
5.665399292152692445e-02 8.802891032219611889e-01 6.320802217852330290e-03 5.673610163865935169e-02
4.835651656020032579e-02 8.844967455150289926e-01 4.995826014892288877e-03 6.215091190987820369e-02
4.003620708672366718e-02 8.873310136076487664e-01 3.780426571047699504e-03 6.885235273458001348e-02
3.311049693913700048e-02 8.878389132492079394e-01 2.824682364888695014e-03 7.622590744676635555e-02
2.745132571696488888e-02 8.866532997747335054e-01 2.149393875399216967e-03 8.374598063290235317e-02
2.449994349433797652e-02 8.814035761355103471e-01 1.761939376578868259e-03 9.233454099357280009e-02
2.490782596210345048e-02 8.703952689774562268e-01 1.607806669485076570e-03 1.030890983909556052e-01
2.642072834878793353e-02 8.552562165721286913e-01 1.564927628279326596e-03 1.167581274508046468e-01
2.886212040763485448e-02 8.359271152698528606e-01 1.571377607386690743e-03 1.336393867151256243e-01
3.206153899432851589e-02 8.124436236552603496e-01 1.612432706456196942e-03 1.538824046439546955e-01
3.761472371639498768e-02 7.834897091086675536e-01 1.779369954858383597e-03 1.771161972200788748e-01
4.783598807470118564e-02 7.493980095364531913e-01 2.210681633115089365e-03 2.005553207557305428e-01
6.326550315086763854e-02 7.162697226480392310e-01 2.976560030186505695e-03 2.174882141709065242e-01
8.330866085983432145e-02 6.890956373067234075e-01 4.105853883609821182e-03 2.234898479498321766e-01
1.097374979545460427e-01 6.620319275730159880e-01 5.816237847395298172e-03 2.224143366250425358e-01
1.468565038058379790e-01 6.227942416534556491e-01 8.682233603800909583e-03 2.216670209369054345e-01
1.908466790378648414e-01 5.735556926692066959e-01 1.292852608919424322e-02 2.226691022037342593e-01
2.383431081174173238e-01 5.197786180286088076e-01 1.854519151553590123e-02 2.233330823384380437e-01
2.886575362944891476e-01 4.610632437296069974e-01 2.527698096262845362e-02 2.250022390132751515e-01
3.444829959904064376e-01 3.933012408337009380e-01 3.301242742551085962e-02 2.292033357503815705e-01
4.039061355255275654e-01 3.197222233020632909e-01 4.157959895624103314e-02 2.347920422161678955e-01
4.512210929764876588e-01 2.566443736755656957e-01 5.212166926154109675e-02 2.400128640864055973e-01
4.840087875433927711e-01 2.061683936927763416e-01 6.384610540917652621e-02 2.459767133546544304e-01
5.019298695331360083e-01 1.686940227451437790e-01 7.399450592646057701e-02 2.553816017952599271e-01
5.009913508471640631e-01 1.461546751653005072e-01 8.184094882164252849e-02 2.710130251658928180e-01
4.856526511850806083e-01 1.351592040144782847e-01 8.524010488639009731e-02 2.939480399140506073e-01
4.620224234241183114e-01 1.328292052699660830e-01 8.329040910193835634e-02 3.218579622039772770e-01
4.385012409943757627e-01 1.362684278444931396e-01 7.703191698978388569e-02 3.481984141713471148e-01
4.223349406412696405e-01 1.433788144380550023e-01 6.949832295959282313e-02 3.647879219610826729e-01
4.187928936086862119e-01 1.522092969188099665e-01 6.342686604384042970e-02 3.655709434286635862e-01
4.317216587583345699e-01 1.604189048057182987e-01 5.984886443977672360e-02 3.480105719961702482e-01
4.615060479927122206e-01 1.650165634846752771e-01 5.838668020880819626e-02 3.150907083138043130e-01
5.029108523651358853e-01 1.637171072089730339e-01 5.816590340121557262e-02 2.752061370246755012e-01
5.474252936750367837e-01 1.576416187384149514e-01 5.850491813676505365e-02 2.364281694497832320e-01
5.888184555149006405e-01 1.505283981196418319e-01 5.898086161348563283e-02 2.016722847519718254e-01
6.261348741277458219e-01 1.443881674539328475e-01 5.884096732468466900e-02 1.706359910936368351e-01
6.619440912258511833e-01 1.382321402940755173e-01 5.719752056178676464e-02 1.426262479182870690e-01
6.978126728540685608e-01 1.302280863865554472e-01 5.412316815912159712e-02 1.178360726002544295e-01
7.314015200434330621e-01 1.203600567959100948e-01 5.125663911489097141e-02 9.698178404576601741e-02
7.622586839286327187e-01 1.099518011683254387e-01 4.812006858944234411e-02 7.966944631359954010e-02
7.894470774819960512e-01 9.942243920876013552e-02 4.579522744741417600e-02 6.533525586182969969e-02
8.138777161526221660e-01 8.817662680758862892e-02 4.423239620449906373e-02 5.371326083529018303e-02
8.357570897179297242e-01 7.637483026250456442e-02 4.329244672606560179e-02 4.457563329350004711e-02
8.548684746756404218e-01 6.501569261046041825e-02 4.283408860534324014e-02 3.728174410855601001e-02
8.709961996575432686e-01 5.493573248596803071e-02 4.294154170794185765e-02 3.112652614854696798e-02
8.839289694171990064e-01 4.635837030498861366e-02 4.396745355231206770e-02 2.574520672550051348e-02
8.934548612896513475e-01 3.912940789471933828e-02 4.635738782514435552e-02 2.105834299048497255e-02
8.993530703665830739e-01 3.298461571685410570e-02 5.063400359042322108e-02 1.702831032613969300e-02
9.012802582362139381e-01 2.760386142238368395e-02 5.755060461867442245e-02 1.356527572272782367e-02
8.984186563979112972e-01 2.281702212920144052e-02 6.814933766082137412e-02 1.061498381206585698e-02
8.895866199876726332e-01 1.865952541047422725e-02 8.354002787338628278e-02 8.213826728466634697e-03
8.741321822677314834e-01 1.517276623871174727e-02 1.042835502303030570e-01 6.411501263253926476e-03
8.537252025636211661e-01 1.218708935259099103e-02 1.289485413582184548e-01 5.139166725569408942e-03
8.334393793941191619e-01 9.471107706081052444e-03 1.528323747757723838e-01 4.257138124027693218e-03
8.186213385356465588e-01 7.050948109437990378e-03 1.706811980097037995e-01 3.646515345211727606e-03
8.078678908485947829e-01 5.204427207195503995e-03 1.836702702309330193e-01 3.257411713276891965e-03
7.918826043678171001e-01 4.103246290875862089e-03 2.009073253006035953e-01 3.106824040703257822e-03
7.600680593427224796e-01 3.667267530190388650e-03 2.330546043586819160e-01 3.210068768405406961e-03
7.086980775700731927e-01 3.168446287109176387e-03 2.845905561818606322e-01 3.542919960956946238e-03
6.418010809660493754e-01 3.283977558155176581e-03 3.506574596965679746e-01 4.257481779227377527e-03
5.690888602417364384e-01 3.590100538380332652e-03 4.218856833768246939e-01 5.435355843058392415e-03
5.006640325346809473e-01 4.059094610627716863e-03 4.878520360382163634e-01 7.424836816475096496e-03
4.468480822959955412e-01 4.817681392842444212e-03 5.371934785355387820e-01 1.114075777562319181e-02
4.098595098921347102e-01 6.020318730644656086e-03 5.660102303203183860e-01 1.810994105690192160e-02
3.816725804786526566e-01 8.175644445711803543e-03 5.794634959595951207e-01 3.068827911604034633e-02
3.589614173825657617e-01 9.965371289915508912e-03 5.787968343081755229e-01 5.227637701934328973e-02
3.268437078929771200e-01 1.352206894892054277e-02 5.726987144479693814e-01 8.693550871013279446e-02
2.833755838753750922e-01 1.788847553473984706e-02 5.605221453503581586e-01 1.382137952395268432e-01
2.301584372451844218e-01 2.392777279593013423e-02 5.394853687093495997e-01 2.064284212495357818e-01
1.742489335979068577e-01 3.292781638892983143e-02 5.073583188472685634e-01 2.854649311658950528e-01
1.260718096337708760e-01 4.726448616711230455e-02 4.641811965616433056e-01 3.624825076374735833e-01
7.971314396206025110e-01 1.012431832677882504e-01 2.604916787918483759e-02 7.557620923242462652e-02
2.895185596381232018e-02 6.869989458295108209e-01 3.072802914560929504e-03 2.809763952921158769e-01
3.099184850382428330e-02 6.456247196264279786e-01 3.267440019906790553e-03 3.201159918498407420e-01
3.353684720185865636e-02 6.336599666396008912e-01 3.593427136301859722e-03 3.292097590222388681e-01
3.582358628958874636e-02 6.534738013383512012e-01 3.982909613777510342e-03 3.067197027582826419e-01
3.809336037461427682e-02 6.979485891875502057e-01 4.511747061719101164e-03 2.594463033761169046e-01
4.022196385352617976e-02 7.560596877861068821e-01 5.217100696927060889e-03 1.985012476634400447e-01
4.190965562037796133e-02 8.141462778541451728e-01 6.108349320319723767e-03 1.378357172051573598e-01
4.384265624543641493e-02 8.596033382559513658e-01 7.225157252928710375e-03 8.932884824568330939e-02
4.369515865173105584e-02 8.910573545776981907e-01 8.510019692394465290e-03 5.673746707817624302e-02
4.454005962008026481e-02 9.076075698202503705e-01 1.021465858501840671e-02 3.763771197465097529e-02
4.489808005098096244e-02 9.159725933734502723e-01 1.237113880276061520e-02 2.675818777280812230e-02
4.281461868969967111e-02 9.224851412456740452e-01 1.464887693341675873e-02 2.005136313120969849e-02
3.703721405283227214e-02 9.311644119749892257e-01 1.633310969207251578e-02 1.546526428010557182e-02
2.886300940103584886e-02 9.420780032157825001e-01 1.678921894329890585e-02 1.226976843988296720e-02
2.212760036874357808e-02 9.504902661137254460e-01 1.674516291603732332e-02 1.063697060149339409e-02
1.903211316690453861e-02 9.522429442724900106e-01 1.783095345048303984e-02 1.089398911012261217e-02
1.909901258106348407e-02 9.467339782078004751e-01 2.110521605915312293e-02 1.306179315198311743e-02
2.154250485452821953e-02 9.338416658489765432e-01 2.740247006564944590e-02 1.721335923084590241e-02
2.591502145399372098e-02 9.128485889295633315e-01 3.753262700692663878e-02 2.370376260951623584e-02
3.121278195469506800e-02 8.850532705884348594e-01 5.091222840528086824e-02 3.282171905158931535e-02
3.549300138601675647e-02 8.559335002701875528e-01 6.395261029748591786e-02 4.462088804631001576e-02
3.689537802185780674e-02 8.328197318131631555e-01 7.103311764071998380e-02 5.925177252425898461e-02
3.496363242067623139e-02 8.185761696576048241e-01 6.884813224492454531e-02 7.761206567679450330e-02
3.106987937424935883e-02 8.064279312721854831e-01 5.950153619660775856e-02 1.030006531569574446e-01
2.488065346727693500e-02 7.886750398049192645e-01 4.610519614240733005e-02 1.403391105853965259e-01
1.876795160337160762e-02 7.523320448929362581e-01 3.364173731693425456e-02 1.952582661867577618e-01
1.339527885792938904e-02 6.892433166171932912e-01 2.364033555040006077e-02 2.737210689744774550e-01
9.368572900059334713e-03 5.959013392523028196e-01 1.692681817192640686e-02 3.778032696757112618e-01
6.534467037952267597e-03 4.851585953619280689e-01 1.217248562732229158e-02 4.961344519727973745e-01
4.481976499343341344e-03 3.791693249945102817e-01 8.696196098903584762e-03 6.076525024072426673e-01
2.947503360821016917e-03 2.921615203807123584e-01 6.035938035586836670e-03 6.988550382228795321e-01
1.928091240071302297e-03 2.280339835557489980e-01 4.186880140036171490e-03 7.658510450641433653e-01
1.319774832117308555e-03 1.843451103683211301e-01 3.031425449609207422e-03 8.113036893499524504e-01
9.514154967834063470e-04 1.552452625077939130e-01 2.301039166934903783e-03 8.415022828284874912e-01
7.261614394459656348e-04 1.358702374449956563e-01 1.818738372879221072e-03 8.615848627426792028e-01
6.064015651996991193e-04 1.248637220371791867e-01 1.510525915547200745e-03 8.730193504820742412e-01
5.621145246548097827e-04 1.221401782306873046e-01 1.319653431530269476e-03 8.759780538131276550e-01
5.684879796581661197e-04 1.285274940467092952e-01 1.192550904413614650e-03 8.697114670692186467e-01
6.324272503679990868e-04 1.504180858151243638e-01 1.116485342492319404e-03 8.478330015920158003e-01
7.968554263615305671e-04 2.001892248768599447e-01 1.115537582709639651e-03 7.978983821140687160e-01
1.116672441254025266e-03 2.944789844253163369e-01 1.243766384880525119e-03 7.031605767485492597e-01
1.498476914220713560e-03 4.373821883604061544e-01 1.532419345582813159e-03 5.595869153797902174e-01
1.889194205229190919e-03 5.960259940828064318e-01 1.976946639531876066e-03 4.001078650724324559e-01
2.541729244886938369e-03 7.240120846371991270e-01 2.624766457651210496e-03 2.708214196602627966e-01
3.524042042464506537e-03 8.065924579363341618e-01 3.514231763560521273e-03 1.863692682576410242e-01
5.012507190506897831e-03 8.544611734403185777e-01 4.636209136399384485e-03 1.358901102327748633e-01
5.908846348354202839e-03 8.819345552319389769e-01 5.698618478490465912e-03 1.064579799412163769e-01
6.704633375288268117e-03 8.973232236145556318e-01 6.520134590297435410e-03 8.945200841985866125e-02
7.110179660475477587e-03 9.071069997477151370e-01 6.889560512508096160e-03 7.889326007930085038e-02
7.153479734748001938e-03 9.149555811091732993e-01 6.894386325966928540e-03 7.099655283011187257e-02
7.029664836598465555e-03 9.219193693735880935e-01 6.770275711876963705e-03 6.428069007793632550e-02
6.738498476989276953e-03 9.283798849558451138e-01 6.580495287577799689e-03 5.830112127958785029e-02
6.213530917108496011e-03 9.340610519956229485e-01 6.299090337634150917e-03 5.342632674963451733e-02
5.692052730424525947e-03 9.370606416814496464e-01 6.006779607935241495e-03 5.124052598019090271e-02
5.467670934935164873e-03 9.355325541561078095e-01 5.767757393100864452e-03 5.323201751585628777e-02
5.488242970115500899e-03 9.288633648808044541e-01 5.417812983627060160e-03 6.023057916545314361e-02
5.531082005204608111e-03 9.167082938224822009e-01 4.791974131867564671e-03 7.296865004044561509e-02
5.631826179734999820e-03 8.963217971001998796e-01 4.071951284876372361e-03 9.397442543518892688e-02
5.997186034534768978e-03 8.630266508834515404e-01 3.476708220581845119e-03 1.274994548614316880e-01
6.852732538410039910e-03 8.122084592013412152e-01 3.071487076152609307e-03 1.778673211840960666e-01
7.531475802378023547e-03 7.432287944083653120e-01 2.733070908338298011e-03 2.465066588809187720e-01
9.617846225058087825e-03 6.654802865212288143e-01 2.605822176172225505e-03 3.222960450775407271e-01
1.317974158183764927e-02 6.000174651741627674e-01 2.586591483477482939e-03 3.842162017605221802e-01
1.870107125163008796e-02 5.627372061589779317e-01 2.703891472022294015e-03 4.158578311173701247e-01
2.509667431523744316e-02 5.564679436756141406e-01 3.300470011722095743e-03 4.151349119974263591e-01
3.291748138442674582e-02 5.713554706960900509e-01 3.476552220441121027e-03 3.922504956990419678e-01
4.044949877618952278e-02 5.955154548990989616e-01 4.310179799650903573e-03 3.597248665250606936e-01
5.026814253047907910e-02 6.230766916987093840e-01 5.816695525905041068e-03 3.208384702449062487e-01
6.492402670855466906e-02 6.486030279413658173e-01 8.455357615842833477e-03 2.780175877342365154e-01
8.741797309729466836e-02 6.626086089148536251e-01 1.284952524814083827e-02 2.371238927397108232e-01
1.215950487968330829e-01 6.575626511158320087e-01 1.947062996359840564e-02 2.013716701237366069e-01
5.972322407935120037e-01 2.566004899893596924e-01 1.047722409022548290e-01 4.139502831487355816e-02
6.005576629694742152e-01 2.411843102641548775e-01 1.160918647869494252e-01 4.216616197942193306e-02
6.067290509921899888e-01 2.207377609061610957e-01 1.306895590652524253e-01 4.184362903639661513e-02
6.091236853821054842e-01 2.010673756608227503e-01 1.485575555555763982e-01 4.125138340149486771e-02
5.922851286205843557e-01 1.915667697771590572e-01 1.741686898754384316e-01 4.197941172681846772e-02
5.452153557468234490e-01 1.942371988057067234e-01 2.154262427520727829e-01 4.512120269539724587e-02
4.619075174784590954e-01 2.106528854548064544e-01 2.763525698580985845e-01 5.108702720863574076e-02
3.573363724144470455e-01 2.413536854172785018e-01 3.415880794385142694e-01 5.972186272976028748e-02
2.652285941339158071e-01 2.865691128442908742e-01 3.768882555344890140e-01 7.131403748730451297e-02
1.982527447761639194e-01 3.473355431162344908e-01 3.690946785752982073e-01 8.531703353230353504e-02
1.529985192567366314e-01 4.169939521726227505e-01 3.302656221162121319e-01 9.974190645442844450e-02
1.180235683034048660e-01 4.931413977862602604e-01 2.765577800772200390e-01 1.122772538331147096e-01
9.011939611918071136e-02 5.705831276166285493e-01 2.181777345771450938e-01 1.211197416870457844e-01
6.640961425171081067e-02 6.432931844064929683e-01 1.647414134667956331e-01 1.255557878750004352e-01
4.702652636435195044e-02 7.089366997436367113e-01 1.176358959947656768e-01 1.264008778972453284e-01
3.262940967991936891e-02 7.595909176700267329e-01 8.094619458740584528e-02 1.268334780626481917e-01
2.322583665179895479e-02 7.899711944421663468e-01 5.590577189433071359e-02 1.308971970117039085e-01
1.753442491363824129e-02 8.015626564242431806e-01 4.050228622825595426e-02 1.404006324338623879e-01
1.390129138423360985e-02 8.023643941074940500e-01 3.101420270101631210e-02 1.527201118072563923e-01
1.147207196433936392e-02 8.004491772666295635e-01 2.487396109645943765e-02 1.632047896725717095e-01
9.582944037771712331e-03 8.002512711206536400e-01 2.065215182985006767e-02 1.695136330117245627e-01
8.906090822991093864e-03 8.008351760165075550e-01 1.790944988513570174e-02 1.723492832753655557e-01
9.091687179973129487e-03 7.987768943941885302e-01 1.682629538150803503e-02 1.753051230443303798e-01
3.649087118836669696e-01 5.494810396024876198e-01 5.564098708504880419e-02 2.996926142879702271e-02
3.800333383681613886e-01 5.288667117797341000e-01 5.737039787547988656e-02 3.372955197662490939e-02
4.116406107730304353e-01 4.867136230692569177e-01 6.335347477376028491e-02 3.829229138395211923e-02
4.496975338700681668e-01 4.356864697948634735e-01 7.305097224858336791e-02 4.156502408648510977e-02
4.828689627833211429e-01 3.884472726558674816e-01 8.677033755626763212e-02 4.191342700454384063e-02
5.046371416287942502e-01 3.504565395704295483e-01 1.051784927833296496e-01 3.972782601744635073e-02
5.121520493581842581e-01 3.229784127425810447e-01 1.284066875596680535e-01 3.646285033956676858e-02
5.073413970746493140e-01 3.044477174331238212e-01 1.548281965712590691e-01 3.338268892096794144e-02
4.965573567703833180e-01 2.919709870218133996e-01 1.802247626920110424e-01 3.124689351579206312e-02
4.885267830413208001e-01 2.810020114490180965e-01 2.001761641428014271e-01 3.029504136685957222e-02
4.807460643566373037e-01 2.746244974280314666e-01 2.140871143244324482e-01 3.054232389089860805e-02
4.715108145395220940e-01 2.741898816632568625e-01 2.220346172532458029e-01 3.226468654397546265e-02
4.565992004836129659e-01 2.838472691871815612e-01 2.235829078580170715e-01 3.597062247118837375e-02
4.327560963669664917e-01 3.063861305494567921e-01 2.186945943892442956e-01 4.216317869433271193e-02
3.980763389695645693e-01 3.418347747216329280e-01 2.089351858233512993e-01 5.115370048545084952e-02
3.626844077958099044e-01 3.776710810104697558e-01 1.969337651558829005e-01 6.271074603783742540e-02
3.318300741312597557e-01 4.055885924039456802e-01 1.882264273011754752e-01 7.435490616361875582e-02
3.068948892089365943e-01 4.222977695199343073e-01 1.883799580803276752e-01 8.242738319080140930e-02
2.950898697982660135e-01 4.223750129623918270e-01 1.948854125353674249e-01 8.764970470397438762e-02
2.959127632707110878e-01 4.060474349595482590e-01 2.044082581255896036e-01 9.363154364415093855e-02
3.071207920245697109e-01 3.809886954085717203e-01 2.095455072059611012e-01 1.023450053608975785e-01
3.221584773435458016e-01 3.560921546884351918e-01 2.080043893003071798e-01 1.137449786677117991e-01
3.385332151355858743e-01 3.349116839660488676e-01 1.992343312813991407e-01 1.273207696169663117e-01
3.525215042232559548e-01 3.177730768839719389e-01 1.872305570670540764e-01 1.424748618257178079e-01
3.682420738247800251e-01 3.003384062554301792e-01 1.733116801034164656e-01 1.581078398163734411e-01
3.865763099400562619e-01 2.803547928436191383e-01 1.609500767665351384e-01 1.721188204497893504e-01
4.019711773928463239e-01 2.621764146426206477e-01 1.540489972711039934e-01 1.818034106934290905e-01
4.153299960645275846e-01 2.464030492064597233e-01 1.537723751945895279e-01 1.844945795344230810e-01
4.284411321112661652e-01 2.319147399323216729e-01 1.616357870710701805e-01 1.780083408853419258e-01
4.439725885488018942e-01 2.151188725906547083e-01 1.785806114139186218e-01 1.623279274466244426e-01
4.594706855273693602e-01 1.941966038536205863e-01 2.053292713683297910e-01 1.410034392506801237e-01
4.640211643809815101e-01 1.731405318182492326e-01 2.443442467276588925e-01 1.184940570731105591e-01
4.570302976175722454e-01 1.552064948032040315e-01 2.898943159709141404e-01 9.786889160830948564e-02
4.474967553359949779e-01 1.447562208686932750e-01 3.264342257906416855e-01 8.131279800467020036e-02
4.450462630836349298e-01 1.438907934053537951e-01 3.411402726300719057e-01 6.992267088093942484e-02
4.499516735806396439e-01 1.525752103080670052e-01 3.339232061377290783e-01 6.354990997356434190e-02
4.576509986058285295e-01 1.722912603485278471e-01 3.080223421258954652e-01 6.203539891974792220e-02
4.624717050781329553e-01 2.039554566088685184e-01 2.688616587720850104e-01 6.471117954091387681e-02
4.593304909566358063e-01 2.444415547494651619e-01 2.263735230166195322e-01 6.985443127727931911e-02
4.490952827108145584e-01 2.880055438742779583e-01 1.876345199943678099e-01 7.526465342053957619e-02
4.421070958515376792e-01 3.249728366307352845e-01 1.539763256067082919e-01 7.894374191101870275e-02
4.348397366600366132e-01 3.593787087616873155e-01 1.255287138047867235e-01 8.025284077348944500e-02
4.312118024614487455e-01 3.878436920500341611e-01 1.009474158855185044e-01 7.999708960299860283e-02
4.242384682840280585e-01 4.143920430566495061e-01 8.183358594162574995e-02 7.953590271769678255e-02
4.115173766385628595e-01 4.410316208711269059e-01 6.762112789675039926e-02 7.982987459355989079e-02
3.963530360463740077e-01 4.645192624806079307e-01 5.725253607901734099e-02 8.187516539400052640e-02
3.838419769207676024e-01 4.793425531617188096e-01 5.027153087498970052e-02 8.654393904252369318e-02
3.751992424023424810e-01 4.853548635623406438e-01 4.600561954176689977e-02 9.344027449355010728e-02
3.693098578604160909e-01 4.863658516439443580e-01 4.354171116327476554e-02 1.007825793323648689e-01
3.669717161510501757e-01 4.843182527165587059e-01 4.245140523986494496e-02 1.062586258925262428e-01
3.729922923697595594e-01 4.753372476243324374e-01 4.345491329175751871e-02 1.082155467141506650e-01
3.934702852149094543e-01 4.527356710438441567e-01 4.811196051389252798e-02 1.056820832273537430e-01
4.310148476621663005e-01 4.138961566470385489e-01 5.786120858006636725e-02 9.722778711072890823e-02
4.823273745775219501e-01 3.607631656666220876e-01 7.389409708884266126e-02 8.301536266701339817e-02
5.380850422947116574e-01 2.980747001686554487e-01 9.720030135685230055e-02 6.663995617978109298e-02
5.874197796591562604e-01 2.351447229822692386e-01 1.259037097834675989e-01 5.153178757510654823e-02
6.268859890961921977e-01 1.781898159975127405e-01 1.558817352988278448e-01 3.904245960746703659e-02
6.548284249101324894e-01 1.327057364852455568e-01 1.832899815778479824e-01 2.917585702677381876e-02
6.714547784768768457e-01 1.002095309647849375e-01 2.066824481264717961e-01 2.165324243186655950e-02
6.819417779329637330e-01 7.656269255168531018e-02 2.255077624293731486e-01 1.598776708597782550e-02
6.866379258247841122e-01 6.048421973032377247e-02 2.410933033322845698e-01 1.178455111260737036e-02
6.859577386855933989e-01 4.942783772725630603e-02 2.558289422173568028e-01 8.785481369793591080e-03
6.786114393642136422e-01 4.198131375656739134e-02 2.726441380384863611e-01 6.763108840732942779e-03
6.640379901111365113e-01 3.740007505228346019e-02 2.930365318685450027e-01 5.525402968035030178e-03
6.453319770056389348e-01 3.511779029038755023e-02 3.146247714197511480e-01 4.925461284222308785e-03
6.246704536337144287e-01 3.468999441371983100e-02 3.358188834272687884e-01 4.820668525296983170e-03
5.967745725362583187e-01 3.558031231843309522e-02 3.626723048193062349e-01 4.972810326002483072e-03
5.570543764585562663e-01 3.730170282489683742e-02 4.004806059697722520e-01 5.163314746774470831e-03
5.116061174894352970e-01 3.960936251526229329e-02 4.433888440449416102e-01 5.395675950360897567e-03
4.700180342608497597e-01 4.159628722081099017e-02 4.827707385220461611e-01 5.614939996293075164e-03
4.387573785051613884e-01 4.258334625347805907e-02 5.128861253229866080e-01 5.773149918373749433e-03
4.203943863108587364e-01 4.285086953358029777e-02 5.308369151431445720e-01 5.917829012416446662e-03
4.149793844372041129e-01 4.335976760193394064e-02 5.354882482438007019e-01 6.172599717061449248e-03
4.232270525727798716e-01 4.525683727443841065e-02 5.248048165241986363e-01 6.711293628582770156e-03
4.432805194150457595e-01 4.947395785651528821e-02 4.995773625218161151e-01 7.668160206622664544e-03
4.687381085836604955e-01 5.783256123991789566e-02 4.641662717989183395e-01 9.263058377503321367e-03
4.870584550301746973e-01 6.929218625592106773e-02 4.319670769024109291e-01 1.168228181149361458e-02
4.917173645098041890e-01 8.360573577573716941e-02 4.096204295606549750e-01 1.505647015380378803e-02
4.839153474599656168e-01 1.012438157761808566e-01 3.951504226075837067e-01 1.969041415626976432e-02
4.708752596253890088e-01 1.180543591729122099e-01 3.855208282789819862e-01 2.554955292271675685e-02
4.609422665784239648e-01 1.304142212205910978e-01 3.767585993657119325e-01 3.188491283527304654e-02
4.614365886326260435e-01 1.361312437216168347e-01 3.648905918253333991e-01 3.754157582042380592e-02
4.710903555040119040e-01 1.395141649090272384e-01 3.475326986773647486e-01 4.186278090959648368e-02
4.850517821938467034e-01 1.433118817471783213e-01 3.267362727386146082e-01 4.490006332036004105e-02
4.973844633584507124e-01 1.499889664742251605e-01 3.052371289552129330e-01 4.738944121211099980e-02
5.032124995623220576e-01 1.606734532312966424e-01 2.860843703295219420e-01 5.002967687685955234e-02
4.988054184442612393e-01 1.761345128328449527e-01 2.721351437892864378e-01 5.292492493360721750e-02
4.816664413548887302e-01 1.981796936429759126e-01 2.643598686715944446e-01 5.579399633054096114e-02
4.528311611555099758e-01 2.282248939073330263e-01 2.603563125650751320e-01 5.858763237208196306e-02
