1.738713466145407616e-01 8.011383723954852432e-01 1.499766374826493748e-02 9.992617241708835751e-03
6.253519688231277129e-01 9.632512553085295637e-04 3.732994031487348874e-01 3.853767728288710393e-04
4.748369296295339992e-01 6.590091503086432500e-04 5.242191825202419109e-01 2.848786999151560169e-04
3.347432109714680304e-01 5.440167617303439795e-04 6.644655887894874713e-01 2.471834773142713272e-04
2.401201207226408008e-01 5.707861447293942608e-04 7.590434190843239337e-01 2.656740483059359973e-04
1.902224910438622962e-01 7.935168093672927744e-04 8.086220172969970088e-01 3.619748497733604980e-04
1.748468791218168172e-01 1.411881985249244850e-03 8.231357539189856354e-01 6.054849739483724640e-04
1.891350678597769897e-01 3.021134187621648225e-03 8.066560936069842036e-01 1.187704345617452122e-03
2.313112952859510685e-01 7.118592700542399239e-03 7.590281683824736669e-01 2.541943631032779916e-03
2.964281472207350721e-01 1.674632094744036084e-02 6.813980789145339667e-01 5.427452917290761722e-03
3.707236038211669249e-01 3.634895795034422117e-02 5.821473992156617205e-01 1.078003901282723054e-02
4.364075490397667512e-01 6.938561094096103166e-02 4.749129987390049989e-01 1.929384128026745415e-02
4.834219987105798366e-01 1.157292145722133431e-01 3.694170141466704971e-01 3.143177257053637180e-02
5.086282956921339693e-01 1.706023052988250299e-01 2.726827369608086915e-01 4.808666204823213580e-02
5.107961030962437921e-01 2.252897390156823887e-01 1.921868427246259392e-01 7.172731516344790781e-02
4.958474890594615769e-01 2.644809583825567523e-01 1.319671543143338954e-01 1.077043982436474978e-01
4.644224454581991623e-01 2.796488881163921580e-01 9.221103327077527501e-02 1.637176331546336960e-01
4.262539686738849865e-01 2.661059463304024653e-01 6.630838510835111721e-02 2.413316998873615005e-01
3.820227445759382667e-01 2.408648321478659982e-01 5.015035884845969044e-02 3.269620644277361210e-01
3.400625201032332345e-01 2.217090852981132010e-01 4.082971378641914867e-02 3.973986808122347281e-01
3.077050367100732098e-01 2.182552027039241505e-01 3.662600827377979901e-02 4.374137523122227922e-01
2.868653579532703946e-01 2.310498511189106874e-01 3.682235557130857789e-02 4.452624353565101667e-01
2.774929425457082766e-01 2.553254481186278957e-01 4.059818994693746574e-02 4.265834193887267367e-01
2.772230775188954111e-01 2.825963638624647833e-01 4.675561064176877307e-02 3.934249479768709978e-01
2.826609310665953445e-01 3.012462584934825216e-01 5.395779627262173306e-02 3.621350141673003176e-01
2.906549235425973654e-01 3.052187415853800379e-01 6.107818879042281601e-02 3.430481460815998362e-01
3.047126599253445756e-01 2.933190818328599292e-01 6.718714427908287212e-02 3.347811139627124843e-01
3.241600145655214038e-01 2.730373694489618419e-01 7.265508718456717419e-02 3.301475288009493858e-01
3.454298318693068137e-01 2.523976674290192013e-01 7.734914669626867523e-02 3.248233540054055180e-01
3.634711491573841546e-01 2.366752519350685535e-01 8.088743653150863577e-02 3.189661623760388642e-01
3.777514412571553182e-01 2.267003752528214122e-01 8.331756351949907990e-02 3.122306199705242591e-01
3.913545669341136901e-01 2.203691641713940719e-01 8.525913985206498569e-02 3.030171290424272801e-01
4.075476763875736652e-01 2.144252596156519808e-01 8.695488774387002961e-02 2.910721762529041579e-01
4.302555334189269165e-01 2.054112262833380498e-01 8.782678579690451903e-02 2.765064545008302233e-01
4.610351280652902339e-01 1.903996821748237533e-01 8.975231420892249012e-02 2.588128755509636614e-01
5.006622176521653422e-01 1.689256491420003392e-01 9.228014626927891206e-02 2.381319869365554620e-01
5.459847793374984493e-01 1.434233937356387267e-01 9.476333307808344764e-02 2.158284938487793903e-01
5.929755754238138499e-01 1.174671344079330493e-01 9.710492085095773218e-02 1.924523693172957850e-01
6.393619486150224906e-01 9.379744205901872911e-02 1.000139290116319191e-01 1.668266803143268195e-01
6.842831782347632563e-01 7.363397719924626161e-02 1.046736871260066093e-01 1.374091574399838867e-01
7.244696781306285693e-01 5.729823105585065551e-02 1.128336909838205948e-01 1.053983998297003538e-01
7.512378888049107140e-01 4.507232765969346189e-02 1.275696851203557691e-01 7.612009841503988850e-02
7.596108935211179913e-01 3.493694257340701492e-02 1.524541698865742867e-01 5.299799401890060296e-02
7.369742454466644555e-01 2.683837718908368628e-02 1.996255990762542121e-01 3.656177828799771212e-02
6.697908725846707378e-01 2.046221951414783913e-02 2.845248326777091163e-01 2.522207522347238648e-02
5.439587765251479023e-01 1.551232951009528377e-02 4.233734427841042702e-01 1.715545118065255753e-02
3.758449682572916339e-01 1.032223551116761597e-02 6.029330676625812568e-01 1.089972856895967540e-02
2.162456795215791372e-01 6.385450654391834971e-03 7.709167982345760395e-01 6.452071589452873859e-03
1.107087668565118754e-01 3.955660848185627368e-03 8.815694200842746353e-01 3.766152211027867965e-03
5.851601465064187185e-02 2.696001023586506399e-03 9.364354017860156976e-01 2.352582539756050816e-03
3.486452227141075000e-02 2.234865543142603751e-03 9.612314216069854922e-01 1.669190578461209138e-03
2.492616689844862066e-02 2.226255817151966219e-03 9.714859300321510016e-01 1.361647252248331715e-03
2.129058760504393480e-02 2.529132926430282223e-03 9.749400758124008304e-01 1.240203656125022421e-03
2.080845331730007616e-02 3.085813592315740910e-03 9.749008697424988990e-01 1.204863347885184663e-03
2.296515878646072928e-02 3.972610761947797074e-03 9.718289809144123881e-01 1.233249537179120260e-03
2.884073648570084636e-02 5.397411031016654051e-03 9.644262700947426881e-01 1.335582388539574734e-03
4.082289859283125960e-02 7.600732142082385588e-03 9.500626624878839577e-01 1.513706777202286548e-03
6.199445543339957704e-02 1.067917876968899928e-02 9.255829113206877068e-01 1.743454476223593079e-03
9.727114482068580092e-02 1.543299724747927357e-02 8.852686586269472580e-01 2.027199304887909118e-03
1.558799782554940172e-01 2.146704981261189291e-02 8.202513572770885331e-01 2.401614654805462289e-03
2.464754529228210533e-01 2.964754242304807816e-02 7.210087182012484552e-01 2.868286452882302245e-03
3.675899188891880165e-01 4.006865470875675683e-02 5.890377229436490891e-01 3.303703458406412503e-03
5.076720304654056548e-01 5.275314135812000926e-02 4.359475369651297227e-01 3.627291211344963167e-03
6.392953941187805578e-01 6.680388923744740026e-02 2.900612054252225680e-01 3.839511218549520374e-03
7.312171877758522065e-01 8.504854386879281969e-02 1.797080009619857754e-01 4.026267393368789839e-03
7.746877994804147738e-01 1.110313502877696423e-01 1.098832798640021341e-01 4.397570367813528718e-03
7.727023058747859441e-01 1.534209863843794819e-01 6.867397271171685191e-02 5.202735029117442830e-03
7.336482728061513026e-01 2.158856907220696730e-01 4.371479574830273995e-02 6.751240723476143943e-03
6.615701120300235827e-01 2.997463419305129717e-01 2.898875570093284795e-02 9.694790338530665311e-03
5.653893955641696722e-01 3.981739230483985481e-01 2.127652821360777324e-02 1.516015317382388324e-02
4.610993403764384047e-01 4.970715677068213711e-01 1.723368286536722596e-02 2.459540905137324804e-02
3.584156462444870739e-01 5.859488343024124024e-01 1.559287054793407831e-02 4.004264890516634479e-02
2.004737655698736465e-02 7.939683924106801793e-01 1.535504185194531412e-01 3.243381251287939110e-02
2.754701403372082358e-01 3.120627475330690626e-01 3.529093126056251917e-01 5.955779952409767652e-02
2.335269564220334160e-01 3.994303463708853141e-01 2.974778127989905485e-01 6.956488440809061036e-02
1.884929814904797718e-01 4.947044750554798753e-01 2.397254026908156865e-01 7.707714076322490226e-02
1.450999010836241387e-01 5.881653447830444970e-01 1.853728335950135253e-01 8.136192053831800552e-02
1.039617213799624296e-01 6.801862226179208326e-01 1.337880791210055154e-01 8.206397688111127797e-02
6.939969412390255277e-02 7.613305274902535391e-01 8.909237575224350503e-02 8.017740263360038921e-02
4.476300799795654428e-02 8.217296159151231683e-01 5.547213938221920437e-02 7.803523670470095819e-02
3.020537068431599498e-02 8.571622514088476086e-01 3.453406440407592176e-02 7.809831350276041917e-02
2.082826554703724048e-02 8.763067052900210818e-01 2.227617014090943481e-02 8.058885902203179186e-02
1.591995845096070422e-02 8.827536543986386208e-01 1.557329388059393652e-02 8.575309326980669333e-02
1.358190248539382049e-02 8.804827469912374083e-01 1.199549525909911554e-02 9.393985526426926191e-02
1.254649690726918239e-02 8.739460798531710761e-01 1.006260281515636811e-02 1.034448204244035746e-01
1.199220227460686197e-02 8.676779199166019252e-01 8.966297731534551493e-03 1.113635800772567880e-01
1.172313532826364975e-02 8.638517972285422175e-01 8.427531354624710064e-03 1.159975360885696777e-01
1.196384605540283703e-02 8.619183874720189875e-01 8.431988729534456786e-03 1.176857777430434931e-01
1.313244468088144157e-02 8.591166942518310146e-01 9.078832033584189470e-03 1.186720290337030109e-01
1.641125077738253904e-02 8.518162172500838292e-01 1.053263227226179481e-02 1.212398997002719081e-01
2.180446692636030942e-02 8.372025933228657291e-01 1.310171506861289824e-02 1.278912246821614085e-01
3.289769477238128903e-02 8.094467681234722711e-01 1.800769492928554899e-02 1.396478421748608700e-01
5.372262394306946687e-02 7.670273885978341477e-01 2.694397998013418893e-02 1.523060074789622798e-01
9.292190599266626772e-02 7.078466682304348501e-01 4.190044055005696932e-02 1.573309852268418851e-01
1.551683263541876745e-01 6.321760248033027052e-01 6.469219825756679365e-02 1.479634505849428960e-01
2.464100698681939428e-01 5.322886218326721153e-01 9.474142446882753699e-02 1.265598838303059193e-01
3.647784304006357892e-01 4.076665131828233757e-01 1.281856872318638818e-01 9.936936918467718927e-02
4.963566640542544928e-01 2.738795109684047380e-01 1.584790507133321258e-01 7.128477426400887940e-02
6.124437566143203782e-01 1.577318873129347765e-01 1.828369658311422008e-01 4.698739024160262373e-02
6.828228674903837891e-01 8.304988290923195904e-02 2.039002407197685052e-01 3.022700888061565297e-02
7.124577069899191706e-01 4.276508508132461500e-02 2.244816984100063972e-01 2.029550951874977555e-02
7.189510803885595935e-01 2.377557206070788492e-02 2.426274776068527428e-01 1.464586994387976487e-02
7.164915865551707563e-01 1.457039062525688176e-02 2.576542869606774921e-01 1.128373585889488884e-02
7.104392007213368165e-01 9.743928260697991631e-03 2.707336555952874479e-01 9.083215422677811540e-03
7.029985079943574799e-01 7.045133196431645553e-03 2.824505992194659698e-01 7.505759589744827494e-03
6.958863282076322987e-01 5.466779801895958225e-03 2.923406256101094280e-01 6.306266380362372283e-03
6.886272318409922821e-01 3.839566745030567173e-03 3.022474803115484110e-01 5.285721102428359366e-03
6.750845692307927415e-01 3.183728476935143974e-03 3.171700129297005399e-01 4.561689362571675656e-03
6.506702058217036511e-01 2.804831388803520446e-03 3.424963848634769992e-01 4.028577926015694879e-03
6.104260959713875279e-01 2.604421405307730079e-03 3.833221957848225725e-01 3.647286838482144845e-03
5.517692654774437599e-01 2.586506121898436792e-03 4.421792755000928943e-01 3.464952900564694308e-03
4.761450723660268780e-01 2.780685090114189302e-03 5.175493487076747723e-01 3.524893836184225891e-03
3.890753469964974287e-01 3.139961170342904419e-03 6.040195791462645847e-01 3.765112686895053136e-03
2.999055505258703125e-01 3.524028417512863054e-03 6.925419036919797655e-01 4.028517364637104053e-03
2.210550595242480043e-01 3.832472886773974959e-03 7.708920954408264858e-01 4.220372148151376596e-03
1.624023488271752191e-01 4.134858272416601366e-03 8.290182062399136242e-01 4.444586660494667142e-03
1.229780244183384108e-01 4.669412634110222185e-03 8.674411579221006363e-01 4.911405025450814830e-03
9.945568493235042162e-02 5.283664558249067181e-03 8.894955404894181461e-01 5.765110019982249735e-03
8.414431526806384620e-02 6.410182736685273060e-03 9.022628093897896440e-01 7.182692605461449276e-03
7.370844200488371745e-02 8.085565094448457155e-03 9.089584617678898582e-01 9.247531132777873572e-03
6.662518149018673008e-02 1.041463294717455933e-02 9.109147454432862112e-01 1.204544011935250979e-02
6.167912266883507355e-02 1.371550112978155503e-02 9.089175134138925971e-01 1.568786278749062166e-02
5.748368955401514380e-02 1.877696136920421408e-02 9.034533462810385718e-01 2.028600279574173382e-02
5.194483242419728475e-02 2.607411558259870726e-02 8.963343888523312986e-01 2.564666314087289331e-02
4.857524211782405371e-02 3.897799711168863784e-02 8.799700174002371700e-01 3.247674337025000663e-02
4.593427416640860628e-02 6.090284153344878437e-02 8.518554222613743399e-01 4.130746203876824868e-02
4.226804143434452488e-02 9.304740443966463825e-02 8.126076016183289008e-01 5.207695250766216505e-02
3.796779330439029737e-02 1.333373769541136011e-01 7.647679979367405512e-01 6.392683180475557114e-02
3.456342589676174304e-02 1.766952573176653885e-01 7.139417233411996522e-01 7.479959344437324409e-02
3.282211780520176425e-02 2.172396909092522976e-01 6.678391514127607342e-01 8.209903987278541204e-02
3.317214281806346587e-02 2.518651206998784309e-01 6.300972959663618811e-01 8.486544051569601399e-02
3.623634310535012171e-02 2.815736863185736572e-01 5.973792093829191074e-01 8.481076119315708595e-02
4.301147249708690140e-02 3.106550199478319563e-01 5.617280737546495040e-01 8.460543380043156203e-02
5.372955420936986054e-02 3.429269881162432809e-01 5.184043916957650211e-01 8.493906597862189989e-02
6.619035683532846492e-02 3.802894618608654298e-01 4.690686963971667511e-01 8.445148490663913210e-02
7.627503259565576732e-02 4.233620025056221148e-01 4.180250291837541710e-01 8.233793571496815511e-02
8.289182905509449861e-02 4.699872833568425334e-01 3.675408962552211278e-01 7.957999133284177073e-02
9.043519985669612460e-02 5.119404050171433296e-01 3.200265255151225063e-01 7.759786961103816438e-02
1.062275779576111884e-01 5.346492538151960128e-01 2.816543572366614345e-01 7.746881099053153086e-02
1.382458254121120833e-01 5.246024138657441327e-01 2.573774645415825013e-01 7.977429618056100513e-02
1.931871502918399430e-01 4.778229242958108580e-01 2.457719537614616589e-01 8.321797165088754000e-02
2.696556649598231270e-01 4.027224798354124280e-01 2.432630886015046401e-01 8.435876660325988818e-02
3.514997406896933074e-01 3.196353276715679370e-01 2.483490815261085172e-01 8.051585011263012737e-02
4.204570582718724081e-01 2.454498186539463001e-01 2.618660658055791401e-01 7.222705726860180475e-02
4.022620789274390374e-01 4.842775435317709931e-01 5.797408761130815741e-02 5.548628992948143740e-02
2.443513031402063523e-02 9.438637033534981180e-01 3.082177070332844764e-03 2.861898926214833522e-02
2.071083329534932974e-02 9.446654775079029731e-01 2.249047979287133701e-03 3.237464121746057300e-02
1.626000198888421372e-02 9.446903908087148638e-01 1.588904507755455661e-03 3.746070269464583935e-02
1.293997433320388975e-02 9.419881340388949198e-01 1.134824926992552153e-03 4.393706670090881394e-02
1.086689942914228699e-02 9.368107168444604893e-01 8.638057391566804572e-04 5.145857798724050997e-02
1.004568959243751052e-02 9.293274212117713651e-01 7.405015460295033677e-04 5.988638764976152856e-02
1.039159793347869780e-02 9.201345506897768978e-01 7.266000800035338431e-04 6.874725129674102986e-02
1.174321844912336148e-02 9.100758161153622572e-01 7.897160595959103321e-04 7.739124937591855546e-02
1.380318023489906891e-02 9.000761092535419783e-01 8.956204301249200226e-04 8.522509008143423770e-02
1.660174836188900438e-02 8.903989497470735648e-01 1.031312188439549495e-03 9.196798970259778550e-02
2.201904951903921673e-02 8.786902166226553401e-01 1.268491498630666551e-03 9.802224235967456345e-02
2.985830251987149284e-02 8.649216737525236010e-01 1.662785643788474528e-03 1.035572380838164774e-01
4.359359621454497041e-02 8.471713775109812605e-01 2.321268735194555871e-03 1.069137575392792444e-01
6.149874770668293383e-02 8.282809791310842273e-01 3.196733481220154650e-03 1.070235396810126222e-01
8.560527366068730604e-02 8.029554554413282919e-01 4.435000733424815378e-03 1.070042701645590733e-01
1.198838161529274526e-01 7.621676335674796299e-01 6.368316775386235855e-03 1.115802335042069271e-01
1.633683807896797457e-01 7.054863668897559670e-01 9.155645957027405690e-03 1.219896063635372979e-01
2.111708740158196873e-01 6.385125737530248369e-01 1.265826021747302327e-02 1.376582920136825150e-01
2.630155888685696275e-01 5.595864140429912537e-01 1.684772284150395580e-02 1.605502742469352151e-01
3.179093259245010517e-01 4.675882155232951587e-01 2.159062835049722906e-02 1.929118302017063802e-01
3.651022156209478564e-01 3.740107894216996853e-01 2.653989161954109152e-02 2.343471033378112522e-01
3.920222240381616707e-01 2.940372814634894527e-01 3.160103878957282869e-02 2.823394557087758328e-01
3.972238764324318439e-01 2.316782878487318176e-01 3.642488130271098745e-02 3.346729544161257119e-01
3.837607414532082650e-01 1.863482031233527902e-01 4.045162770215068176e-02 3.894394277212880895e-01
3.588068725179243135e-01 1.544289406919583663e-01 4.289438416170009150e-02 4.438698026284171871e-01
3.257505854966999403e-01 1.343878050448102934e-01 4.316817360949054549e-02 4.966934358489992207e-01
2.907542892984584237e-01 1.207471341714902446e-01 4.087957750893050218e-02 5.476189990211208780e-01
2.584403079996951402e-01 1.125810727324975391e-01 3.730456846422325334e-02 5.916740508035842616e-01
2.360370174216114281e-01 1.084788414953044289e-01 3.429307505570433623e-02 6.211910660273796125e-01
2.290211163627659807e-01 1.077904011990593464e-01 3.307410139937817101e-02 6.301143810387963562e-01
2.414828574752650725e-01 1.100013116183883172e-01 3.415075880690239540e-02 6.143650720994440206e-01
2.748429591782423076e-01 1.135895329780242241e-01 3.756475522963380331e-02 5.740027526140996095e-01
3.244836139273657993e-01 1.160853721260516752e-01 4.284597946466908031e-02 5.165850344819131745e-01
3.801428399526912139e-01 1.164323066575218973e-01 4.907756286726620842e-02 4.543472905225204306e-01
4.339894542178726611e-01 1.159849308015529767e-01 5.526659306018585210e-02 3.947590219203885309e-01
4.861813154765911027e-01 1.150867270021209837e-01 6.020515755757622350e-02 3.385267999637117664e-01
5.418950045036469154e-01 1.117239463104558045e-01 6.186046501553629784e-02 2.845205841703610239e-01
6.035885651376933225e-01 1.031816285754757062e-01 6.099289920819278565e-02 2.322369070786385326e-01
6.688055806306230089e-01 9.023150190681619720e-02 5.790004231097962278e-02 1.830628751515815666e-01
7.311328080071615165e-01 7.572741739423352603e-02 5.356298024425319021e-02 1.395767943543517742e-01
7.858791383678256359e-01 6.182201166751018911e-02 4.859184282547792527e-02 1.037070071391862219e-01
8.306128112134006924e-01 4.891120765916896762e-02 4.415062682109831965e-02 7.632535430633187457e-02
8.658045396027750362e-01 3.836058878986813719e-02 3.912073050564914001e-02 5.671414110170761719e-02
8.920260425111318225e-01 2.983612379668941147e-02 3.489210452689644332e-02 4.324572916528224287e-02
9.110942124449672441e-01 2.311950059033576060e-02 3.188367926119201751e-02 3.390260770350512348e-02
9.245325949617514416e-01 1.793888137537646629e-02 3.044749057149288840e-02 2.708103309137898512e-02
9.331393035745995101e-01 1.407649831348753780e-02 3.093837057661017603e-02 2.184582753530295643e-02
9.371452175022224607e-01 1.125004315819433214e-02 3.388979137044808437e-02 1.771494796913495109e-02
9.362908950721270385e-01 9.153117922415722474e-03 4.015632176463696662e-02 1.439966524082034009e-02
9.297780259409073045e-01 7.582389289722625374e-03 5.092101092636203835e-02 1.171857384300806389e-02
9.163204430529782174e-01 6.417695858112189983e-03 6.766166721209017354e-02 9.600193876819314992e-03
8.944673407659823328e-01 5.553631460767011196e-03 9.194970188590587123e-02 8.029325887344748378e-03
8.644431231914136982e-01 4.855693167418408465e-03 1.237765346361360264e-01 6.924649005031659720e-03
8.310949133696607927e-01 4.214716247872288962e-03 1.585384855012646477e-01 6.151884881202247281e-03
8.020415706586911941e-01 3.612360494911930238e-03 1.887394759189103544e-01 5.606592927486451876e-03
7.789110461636691296e-01 3.128650185786783708e-03 2.126945751377589400e-01 5.265728512785380899e-03
7.537263860105224422e-01 2.888635889245835461e-03 2.381919688867198959e-01 5.193009213511431792e-03
7.164088858700156104e-01 2.398715364617614362e-03 2.758117046160409314e-01 5.380694149325705548e-03
6.619503100695779407e-01 2.491074568826764143e-03 3.295859941342707544e-01 5.972621227324469151e-03
5.971145170215019782e-01 2.736452920053690681e-03 3.932228788321279755e-01 6.926151226316313962e-03
5.320123418033080309e-01 3.033498438199023432e-03 4.567398773923129207e-01 8.214282366179975065e-03
4.771743906621132014e-01 3.334419309425909299e-03 5.094583586457929192e-01 1.003283138266817913e-02
4.432364688911936135e-01 3.766247491806462653e-03 5.399357161993995069e-01 1.306156741760018843e-02
4.321543141326752990e-01 4.507908640448654754e-03 5.450540817131117599e-01 1.828369551376442248e-02
4.369151101169830853e-01 5.732259652596436925e-03 5.303912379658266563e-01 2.696139226459383018e-02
4.430322104329191268e-01 7.857341657052220249e-03 5.084150623376759714e-01 4.069538557235245074e-02
4.392282039706320584e-01 1.037918485432761523e-02 4.893737239110046433e-01 6.101888726403561364e-02
4.107415264045268799e-01 1.511472188658363226e-02 4.849380608489869959e-01 8.920569085990250058e-02
3.595208356342121103e-01 2.173809192189723322e-02 4.936823542337771542e-01 1.250587182101136063e-01
2.922885055843825741e-01 3.170786142233078531e-02 5.109181932932723713e-01 1.650854397000143803e-01
2.254410594294004588e-01 4.745493457077456373e-02 5.260087492335445702e-01 2.010952567662803447e-01
7.264824689296243143e-01 1.948480010750678615e-01 9.725264300602215820e-03 6.894426569470543664e-02
9.340158857438227505e-03 7.678723356351485618e-01 1.124912404359855542e-03 2.216625931030533347e-01
1.006495131068063133e-02 7.498690535773158139e-01 1.266782645932243391e-03 2.387992124660714977e-01
1.072150915823413993e-02 7.561910415761717852e-01 1.434533698021967472e-03 2.316529155675720042e-01
1.100036064078735443e-02 7.832132375358296095e-01 1.586334953732870465e-03 2.042000668696501708e-01
1.115058251169772502e-02 8.218807615676639866e-01 1.766511628708950909e-03 1.652021442919291705e-01
1.143201614120715331e-02 8.640203489409764570e-01 2.028264654914903667e-03 1.225193702629015086e-01
1.207118989032108028e-02 9.024117406798983776e-01 2.440222278599997376e-03 8.307684715118085483e-02
1.337943650533030340e-02 9.310853123795044262e-01 3.118510733381061727e-03 5.241674038178435052e-02
1.597927745750757009e-02 9.472746967529718232e-01 4.280992975753289756e-03 3.246503281376732913e-02
1.931756201043464266e-02 9.532035258156731361e-01 6.374383279598384335e-03 2.110452889429386900e-02
2.583276264414032311e-02 9.485180947670844853e-01 1.026958353253782513e-02 1.537955905623709756e-02
3.352517379594318475e-02 9.374452097686694074e-01 1.662042629643135580e-02 1.240919013895599304e-02
3.948353508633687531e-02 9.249241673272500242e-01 2.500995222342750762e-02 1.058234536298575598e-02
4.208220215360186645e-02 9.152182679842653101e-01 3.343895145329901786e-02 9.260578408833913117e-03
4.414586541552797255e-02 9.062301401456452909e-01 4.096446732434665117e-02 8.659527114480033289e-03
5.003115829844134721e-02 8.917575755937674487e-01 4.905092246095910102e-02 9.160343646831698924e-03
6.120823855873607638e-02 8.688145887071503370e-01 5.922748559876478414e-02 1.074968713534922397e-02
7.735085376002508173e-02 8.366621925989328190e-01 7.277777997643143648e-02 1.320917366461037828e-02
9.807477029380584632e-02 7.950143862355493196e-01 9.056871244877590099e-02 1.634213102186907185e-02
1.212487433698971051e-01 7.474802689606218076e-01 1.113058850244073167e-01 1.996510264507343063e-02
1.420543835027688329e-01 7.037964525798300341e-01 1.300936498004227615e-01 2.405551411697840272e-02
1.555010591150846611e-01 6.761970547092108763e-01 1.393883284491763408e-01 2.891355772652820511e-02
1.580272443459214415e-01 6.730704545481492884e-01 1.338138532603076469e-01 3.508844784562176189e-02
1.472493081145037352e-01 6.945057240364426177e-01 1.146041689036972067e-01 4.364079894535621146e-02
1.234119823710229241e-01 7.310245774582826428e-01 8.860485884063901141e-02 5.695858133005568535e-02
9.251216294785125083e-02 7.631992493273919154e-01 6.359245051895742740e-02 8.069613720579954519e-02
6.485025284533323109e-02 7.636342803883068298e-01 4.464402062312861769e-02 1.268714461432313700e-01
4.445630188722617115e-02 7.140786973286037398e-01 3.209825574853562152e-02 2.093667450356344606e-01
2.960177548739524947e-02 6.194000668421392186e-01 2.347965500057608290e-02 3.275185026698895774e-01
1.887219926468985953e-02 5.060173069358757658e-01 1.706930444341394487e-02 4.580411893560205061e-01
1.154448636213646802e-02 4.029704296620505444e-01 1.220440511271589715e-02 5.732806788630967487e-01
7.110077466629327429e-03 3.232618730225975123e-01 8.846039878363820899e-03 6.607820096324090731e-01
4.591767332899256843e-03 2.657248615625703581e-01 6.702062833070991481e-03 7.229813082714597883e-01
3.108959501745601345e-03 2.256040845256474525e-01 5.265410748531923826e-03 7.660215452240747291e-01
2.224479278163835408e-03 2.001932109153857220e-01 4.215993077022496364e-03 7.933663167294280338e-01
1.738298336265454817e-03 1.890719078181100077e-01 3.430201551005064402e-03 8.057595922946194644e-01
1.505588007666376843e-03 1.921954121998684095e-01 2.833348336148117444e-03 8.034656514563170981e-01
1.427077915521487734e-03 2.112779846964590036e-01 2.370573746943713429e-03 7.849243636410756508e-01
1.484489867206552956e-03 2.561733365342047097e-01 2.047192036529025226e-03 7.402949815620599727e-01
1.659560119104229329e-03 3.427180699681611209e-01 1.873575061643438554e-03 6.537487948510912750e-01
1.853064648632538058e-03 4.796848106527580313e-01 1.855975675592711925e-03 5.166061490230166031e-01
2.133401205133282370e-03 6.411700604431928019e-01 2.020017310956812636e-03 3.546765210407171742e-01
2.724987149994465528e-03 7.752855383777799148e-01 2.395152989163843067e-03 2.195943214830618218e-01
3.962612216627865724e-03 8.591061754233142445e-01 3.062237088385480564e-03 1.338689752716724357e-01
4.900861052520234969e-03 9.049978115959880220e-01 3.982507553501146540e-03 8.611881979799053399e-02
6.419943039060485752e-03 9.286722814675658633e-01 5.201976981806697223e-03 5.970579851156729290e-02
8.120689073458118440e-03 9.410111142229447001e-01 6.416186600425174795e-03 4.445201010317188089e-02
9.596537531974189128e-03 9.477097814417698718e-01 7.258280509163166257e-03 3.543540051709281186e-02
1.047526280024078070e-02 9.519839140167212221e-01 7.502494943691442007e-03 3.003832823934634785e-02
1.074283788324586868e-02 9.551728169651247935e-01 7.241089021565544522e-03 2.684325613006346284e-02
1.062424590478803360e-02 9.573955737522390486e-01 6.737496613363313201e-03 2.524268372960966622e-02
1.009498514192626491e-02 9.590655237421719104e-01 6.103091171835019896e-03 2.473639994406659146e-02
9.101351968415464719e-03 9.606123696585900928e-01 5.362293878514448435e-03 2.492398449448002262e-02
8.075239195108663282e-03 9.610366406851770238e-01 4.635147673640402192e-03 2.625297244607400007e-02
7.517968677121577431e-03 9.586580049398337744e-01 4.034899949238284975e-03 2.978912643380657310e-02
7.409105283575626553e-03 9.521398151004246690e-01 3.493305815436920179e-03 3.695777380056244898e-02
7.461589801452368255e-03 9.392751259317840828e-01 2.900725637350882406e-03 5.036255862941257239e-02
7.643856029557240424e-03 9.141987732405824074e-01 2.324679641969160625e-03 7.583269108789106316e-02
8.076828107749905658e-03 8.662934650383466995e-01 1.847889571252191946e-03 1.237818172826511826e-01
9.039516059977154364e-03 7.811845354004424147e-01 1.509768678922584258e-03 2.082661798606579018e-01
9.751973089835780026e-03 6.509287412966334729e-01 1.146696184866214784e-03 3.381725894286646827e-01
1.078768282874643415e-02 4.988990451249560865e-01 9.063530974121191026e-04 4.894069189488853833e-01
1.228174351472648140e-02 3.752111980462659591e-01 7.419413216579952459e-04 6.117651171173495994e-01
1.487386142610276282e-02 3.068139489958972566e-01 6.810842939706436040e-04 6.776311052840291449e-01
1.873895999897734824e-02 2.927093202386746862e-01 7.196712963853290007e-04 6.878320484659625755e-01
2.363698405591339521e-02 3.210599957570039464e-01 8.453291196866532988e-04 6.544576910673959302e-01
3.012970189487842315e-02 3.822648690688073003e-01 1.093044902069551915e-03 5.865123841342448907e-01
3.970313466871033814e-02 4.638142184221764608e-01 1.556930494875247975e-03 4.949257164142377707e-01
5.421592795864041414e-02 5.462631269032218739e-01 2.386805606248761352e-03 3.971341395318889744e-01
7.644974418535425975e-02 6.107783222991448602e-01 3.806706416887541394e-03 3.089652270986131821e-01
1.108660613187098104e-01 6.500523716058896895e-01 6.042458290952556869e-03 2.330391087844478071e-01
5.840544105111615814e-01 3.109964929567209935e-01 7.258083415030291974e-02 3.236826238181492177e-02
6.150094981620101153e-01 2.702262577147909184e-01 8.119346156524462343e-02 3.357078255795420407e-02
6.463080053202580055e-01 2.282379386808027211e-01 9.199208329845681709e-02 3.346197270048255346e-02
6.691907738412941065e-01 1.938989713668103354e-01 1.043057575234259543e-01 3.260449726846988139e-02
6.746174542160666698e-01 1.736982725859979593e-01 1.193510171761134747e-01 3.233325602182195169e-02
6.554717660478738273e-01 1.694683206545857523e-01 1.411845960277361423e-01 3.387531726980435448e-02
6.010571355863451037e-01 1.869604592542593313e-01 1.736698780646573348e-01 3.831252709473810525e-02
5.174981075300457700e-01 2.261985749435627413e-01 2.105346194741606058e-01 4.576869805223120202e-02
4.279709134497111100e-01 2.828519907740688621e-01 2.337193226224040243e-01 5.545777315381585082e-02
3.488805138076555568e-01 3.525358097019066772e-01 2.327401246927285894e-01 6.584355179770914890e-02
2.873406242021309120e-01 4.247189567160032930e-01 2.128239243347693765e-01 7.511649474709632124e-02
2.334943226311005926e-01 5.008876993690875024e-01 1.833441150180108170e-01 8.227386298180106028e-02
1.863073085778216009e-01 5.752685669381287781e-01 1.515703628596629937e-01 8.685376162438637748e-02
1.445387667093286366e-01 6.450148992541971937e-01 1.213304220347529716e-01 8.911591200172153115e-02
1.089303283505735076e-01 7.064601238593672949e-01 9.436023465095960683e-02 9.024931313909986819e-02
8.134306343832295449e-02 7.538673858133919659e-01 7.223336369227444098e-02 9.255618705601080520e-02
6.223251737393421801e-02 7.832839310691354084e-01 5.595865213305717401e-02 9.852489942387311628e-02
5.016627562800771156e-02 7.959806998154506097e-01 4.517741619702191069e-02 1.086756083595198374e-01
3.911810517893188344e-02 8.047438928709272910e-01 3.680828776094614146e-02 1.193297141891947327e-01
3.148653030943506653e-02 8.122379885109918263e-01 3.015379011205553475e-02 1.261216910675178049e-01
2.522251413724208371e-02 8.226953217146245612e-01 2.520605705306009151e-02 1.268761070950733816e-01
2.072188089207872147e-02 8.344330908381867307e-01 2.159876950542118784e-02 1.232462587643129576e-01
1.833089810687249521e-02 8.438065117148733085e-01 1.988459561583000995e-02 1.179779945624244708e-01
1.362134737822417174e-01 8.405239778462176847e-01 1.402515087599071758e-02 9.237397495549715468e-03
1.454646860489388072e-01 8.273133151072464830e-01 1.602959723446464174e-02 1.119240160935015306e-02
1.713117350585653953e-01 7.940540792212040788e-01 2.039692952632377737e-02 1.423725619390671729e-02
2.128241933145561815e-01 7.418766834780936570e-01 2.751303696997794632e-02 1.778608623737224295e-02
2.586938477388392998e-01 6.829885786480549559e-01 3.757835349546653769e-02 2.073922011763915801e-02
3.026764469023150994e-01 6.233029284669808767e-01 5.128285421801550420e-02 2.273777041268867580e-02
3.439649806797002163e-01 5.630646211225112108e-01 6.905819636153999463e-02 2.391220183624850545e-02
3.776480056707849919e-01 5.075696185413437478e-01 9.031815247368089883e-02 2.446422331419046206e-02
4.020555130289990009e-01 4.603664905762183679e-01 1.127181865177342285e-01 2.485980987704814252e-02
4.171727105445441341e-01 4.239715206767080136e-01 1.333304888026133894e-01 2.552527997613434838e-02
4.231370906015008981e-01 3.995719000579434632e-01 1.505509593929838796e-01 2.674004994757179718e-02
4.180573636742067611e-01 3.896796525659687038e-01 1.635109616690370027e-01 2.875202209078753929e-02
4.000561663695503256e-01 3.974927962614236976e-01 1.706639344450631701e-01 3.178710292396288994e-02
3.700357833244889982e-01 4.233196051921417347e-01 1.706054090518296096e-01 3.603920243153935915e-02
3.301724240537584065e-01 4.643577022311625169e-01 1.637591098731151218e-01 4.171076384196414910e-02
2.929359528183243522e-01 5.034469934395646717e-01 1.543336404555940566e-01 4.928341328651704434e-02
2.614585627778229227e-01 5.328813216462717772e-01 1.476758070558055747e-01 5.798430852009989894e-02
2.341843505758667565e-01 5.536002650912177359e-01 1.471935274401991733e-01 6.502185689271612612e-02
2.139506645591718048e-01 5.636494073360556190e-01 1.529135117883948514e-01 6.948641631637771099e-02
2.053914391741003265e-01 5.571730300701225325e-01 1.637730647946266938e-01 7.366246596115057221e-02
2.074951436415967410e-01 5.371438604043986542e-01 1.757937922616824300e-01 7.956720369232182788e-02
2.158022332521672415e-01 5.117371121289873148e-01 1.847461761062153263e-01 8.771447851262995088e-02
2.260426357791912866e-01 4.863360240193757567e-01 1.896956609116181580e-01 9.792567928981463221e-02
2.367131848817951578e-01 4.611556598599053092e-01 1.924641319917827220e-01 1.096670232665167832e-01
2.494524959678119380e-01 4.330384883743045310e-01 1.956386616001923873e-01 1.218703540576911298e-01
2.661025740456161026e-01 3.998638302674814016e-01 2.014544153632732704e-01 1.325791803236292810e-01
2.855349293405086142e-01 3.634920912751721800e-01 2.117308151224362167e-01 1.392421642618833777e-01
3.049315298069639191e-01 3.280029661653932060e-01 2.273394715977291869e-01 1.397260324299138268e-01
3.214408176943023832e-01 2.927739059111119646e-01 2.526042223072757498e-01 1.331810540873101800e-01
3.371572063000731756e-01 2.570158328042856932e-01 2.852321551521575516e-01 1.205948057434836768e-01
3.457400821059523066e-01 2.218887627314694577e-01 3.275817974344066852e-01 1.047893577281715505e-01
3.393483444225551815e-01 1.904932036455168898e-01 3.817901744588245161e-01 8.836827747310324610e-02
3.221396268965134868e-01 1.658554240220056486e-01 4.387718888665256278e-01 7.323306021495530616e-02
3.073144306834711403e-01 1.515670862791578810e-01 4.799377060339261036e-01 6.118077700344460440e-02
3.049195470971637345e-01 1.486513598594938756e-01 4.930348701719078908e-01 5.339422287143458928e-02
3.163527523675738196e-01 1.558408865744677352e-01 4.781395746161996030e-01 4.966678644175843288e-02
3.407885844807753695e-01 1.739615330827375128e-01 4.356048098033099003e-01 4.964507263317682884e-02
3.725596262069446607e-01 2.042109340152946928e-01 3.705972480783582546e-01 5.263219169940217684e-02
3.987052472048355223e-01 2.449817962830810048e-01 2.992717358661801663e-01 5.704122064590293889e-02
4.106340688095161395e-01 2.926227066700992641e-01 2.355441426515324232e-01 6.119908186885200663e-02
4.093467419431972565e-01 3.441900315235186247e-01 1.824589449085700643e-01 6.400428162471426263e-02
3.992212638287764848e-01 3.967054646108978400e-01 1.388889306628126319e-01 6.518434089751283522e-02
3.820140449942298067e-01 4.486712048078274617e-01 1.040264880857545426e-01 6.528826211218810571e-02
3.569974105550739463e-01 4.989377772354662843e-01 7.883415520328912462e-02 6.523065700617058926e-02
3.253647999039146477e-01 5.472507296945511301e-01 6.175458884948476640e-02 6.562988155204910190e-02
2.927287998624104604e-01 5.895527176439606665e-01 5.051305967583170214e-02 6.720542281779715021e-02
2.659459015910596302e-01 6.192300527082374995e-01 4.382867997446472652e-02 7.099536572623837971e-02
2.474262650224064719e-01 6.343733626444080231e-01 4.070883265040812354e-02 7.749153968277727733e-02
2.361745202280411404e-01 6.375821905240545151e-01 4.018065170939728176e-02 8.606263753850677822e-02
2.318360955410277424e-01 6.316814852471422936e-01 4.173899631034463237e-02 9.474342290148532464e-02
2.379140993037133500e-01 6.153990163827125492e-01 4.606674097933593365e-02 1.006201433342378132e-01
2.603334058152713126e-01 5.837982457298364070e-01 5.499941507929163864e-02 1.008689333756004058e-01
3.023263975100392020e-01 5.328408644030351304e-01 7.067612003760076478e-02 9.415661804932487500e-02
3.627433862893506000e-01 4.607703668105361805e-01 9.482831551161972905e-02 8.165793138849372634e-02
4.389352823182445795e-01 3.693060689347610892e-01 1.256405800945531448e-01 6.611806865244117259e-02
5.126656329561058989e-01 2.779197218518904000e-01 1.590758002706751384e-01 5.033884492132850025e-02
5.820773252522096763e-01 1.961411908993347109e-01 1.851878096846079347e-01 3.659367416384744914e-02
6.333288146593132328e-01 1.356136819181100184e-01 2.053014919774178715e-01 2.575601144515873853e-02
6.669923818970127094e-01 9.343378287248320369e-02 2.219055632612815521e-01 1.766827196922254178e-02
6.893412049180558387e-01 6.357973574518963056e-02 2.352807116270046739e-01 1.179834770974976660e-02
7.042215280293966373e-01 4.337429510626956974e-02 2.447278971422228999e-01 7.676279722110808043e-03
7.149647548180991796e-01 2.971044051572084219e-02 2.503923804258644803e-01 4.932424240315464933e-03
7.217632133576703524e-01 2.077749234223949873e-02 2.542360002081680004e-01 3.223294091922218347e-03
7.245493610396558370e-01 1.534531678734492831e-02 2.578632787194751197e-01 2.242043453524106278e-03
7.262069743225608720e-01 1.241321994676470447e-02 2.596351575313196047e-01 1.744648199354826602e-03
7.279172661733415151e-01 1.123471716066761807e-02 2.592962052140390661e-01 1.551811451951782151e-03
7.223105387007451306e-01 1.126644319902194401e-02 2.649069968040566603e-01 1.516021296176285095e-03
6.998335618719532247e-01 1.219284602576623661e-02 2.864355362039490704e-01 1.538055898331418345e-03
6.605211857307280443e-01 1.390061004051508162e-02 3.239737991700607500e-01 1.604405058696402060e-03
6.147121013001130008e-01 1.588743230252000205e-02 3.677089058665944932e-01 1.691560530772737549e-03
5.759982724090246808e-01 1.757184163786725331e-02 4.046495184402853496e-01 1.780367512822519840e-03
5.525586790796450654e-01 1.870769119472001640e-02 4.268669805982230891e-01 1.866649127411790492e-03
5.453354712264433246e-01 1.949506635178507169e-02 4.332019989335368915e-01 1.967463488234780320e-03
5.530346729574372455e-01 2.049158046681995998e-02 4.243396890701894297e-01 2.134057505553543007e-03
5.719245337644628391e-01 2.241239052084421923e-02 4.032249878802351972e-01 2.438087834457749233e-03
5.954518734242162381e-01 2.623272179424029557e-02 3.752927652980909690e-01 3.022639483452618358e-03
6.143560066019981836e-01 3.285534286282309341e-02 3.487169589301852279e-01 4.071691604993342428e-03
6.216991765484344290e-01 4.281839731624828560e-02 3.296870006890145754e-01 5.795425446302736837e-03
6.166036862685779774e-01 5.612810081831427766e-02 3.187582852305618220e-01 8.509927682546139863e-03
6.014877702663934400e-01 7.144403817955809199e-02 3.146465683102118160e-01 1.242162324383662766e-02
5.826376320528739994e-01 8.613807789858364539e-02 3.139609420373659643e-01 1.726334801117672402e-02
5.684779499777486977e-01 9.804663225996547438e-02 3.111436619168427842e-01 2.233175584544318595e-02
5.631209558967216200e-01 1.073178060276715196e-01 3.026002286607516467e-01 2.696100941485527966e-02
5.637648149357139538e-01 1.161021737848762919e-01 2.892116103955334472e-01 3.092140088387612326e-02
5.656845825669722938e-01 1.258367583425864245e-01 2.738910031180727955e-01 3.458765597236857642e-02
5.605263395256990799e-01 1.409587460721634100e-01 2.597626970071221231e-01 3.875221739501557433e-02
5.424855428980447369e-01 1.628664316954236413e-01 2.505534386980443617e-01 4.409458670848709350e-02
5.078160931154911406e-01 1.937282709016310278e-01 2.475926486176402430e-01 5.086298736523736652e-02
4.598040129074280058e-01 2.338318574195222821e-01 2.475671783293996175e-01 5.879695134364990028e-02
