1.881356713552859994e-01 7.791650056038236238e-01 1.806718742145399514e-02 1.463213561943658633e-02
9.199855475631755208e-01 6.492854936178442870e-04 7.887311996446828843e-02 4.920469787381455407e-04
8.752001543136307404e-01 5.393126964671864565e-04 1.238614686449705515e-01 3.990643449317390684e-04
8.097927793352345249e-01 6.695626370947596086e-04 1.891394256172237998e-01 3.982324104468678910e-04
7.326525294980554825e-01 1.096534989976838924e-03 2.657550801608888347e-01 4.958553510787172200e-04
6.599770704856728898e-01 8.699273967015120745e-04 3.384991420615112157e-01 6.538600561143000870e-04
6.109481861641418154e-01 1.627427201606069162e-03 3.863271720120327601e-01 1.097214622218915282e-03
6.025700885467263346e-01 3.442255429514888467e-03 3.919346837238420478e-01 2.052972299916756491e-03
6.311999996105911448e-01 8.129310871009999204e-03 3.566174013882682514e-01 4.053288130130664434e-03
6.790262098872107410e-01 1.622095235391290968e-02 2.971649165851124041e-01 7.587921173763841065e-03
7.189383152655418607e-01 3.221318919040971201e-02 2.354492151265683286e-01 1.339928041748021138e-02
7.349457035227842105e-01 5.952357745176171250e-02 1.834728713739480210e-01 2.205784765150593796e-02
7.243230547325359980e-01 9.839881596970082023e-02 1.428937805871502154e-01 3.438434871061265413e-02
6.860832304824850958e-01 1.504848871336966210e-01 1.112569994758802749e-01 5.217488290793793893e-02
6.327971790097155491e-01 2.030317459849866890e-01 8.626277590593946221e-02 7.790829909935850783e-02
5.695391785815763219e-01 2.467041294192962864e-01 6.831176989395827681e-02 1.154449221051690871e-01
5.093509878599076224e-01 2.679332810152162958e-01 5.506529945563549966e-02 1.676504316692406238e-01
4.538428397702999884e-01 2.683161032661543488e-01 4.544563023192430690e-02 2.323954267316213351e-01
4.024804668132928032e-01 2.608944935382965791e-01 3.910949631122475484e-02 2.975155433371857727e-01
3.653412347691346040e-01 2.545683714560870725e-01 3.448341701936898096e-02 3.456069767554094674e-01
3.390503326270325468e-01 2.633776915913633165e-01 3.213158898715198081e-02 3.654403867944521211e-01
3.232727988547468012e-01 2.881742951986530632e-01 3.206858287802457491e-02 3.564843230685754705e-01
3.150802063059054969e-01 3.247432177051217672e-01 3.412619571474930641e-02 3.260503802742233947e-01
3.179990753981045137e-01 3.574404509224947679e-01 3.719790804735435136e-02 2.873625656320462629e-01
3.243148344653832282e-01 3.798341512158926458e-01 4.163691544616058421e-02 2.542140988725635209e-01
3.398898306458168483e-01 3.800393633025957452e-01 4.613285356255130559e-02 2.339379524890360107e-01
3.637978993396742133e-01 3.606059862176179687e-01 5.067466828650812882e-02 2.249214461561996892e-01
3.953116563090799396e-01 3.287410244690924799e-01 5.515257560004361431e-02 2.207947436217840842e-01
4.303885816347324811e-01 2.945427725503056426e-01 5.849648046013076336e-02 2.165721653548315084e-01
4.580726384725103406e-01 2.692688553683578734e-01 6.108211718565050713e-02 2.115763889734812719e-01
4.806406037698831568e-01 2.509521228699150286e-01 6.239908640643853505e-02 2.060081869537633281e-01
5.001127543575462076e-01 2.371924684605859757e-01 6.310310676135685859e-02 1.995916704205110692e-01
5.198462643388910287e-01 2.247325348083539509e-01 6.339775819564430481e-02 1.920234426571107156e-01
5.441516428947426043e-01 2.099303773683761365e-01 6.336276615097408138e-02 1.825552135859073999e-01
5.770565698852803127e-01 1.896726669461305248e-01 6.327291916220058321e-02 1.699978440063883989e-01
6.205539962367107032e-01 1.629728452591008847e-01 6.216090936268665185e-02 1.543122491415016562e-01
6.685726862182059804e-01 1.328987978501500467e-01 6.089839187640869872e-02 1.376301240552352811e-01
7.163052742334414802e-01 1.030891909605817780e-01 5.902796914552518870e-02 1.215775656604512478e-01
7.601341894406908883e-01 7.694361533402269138e-02 5.720732614371749902e-02 1.057148690815692543e-01
7.993133106149780120e-01 5.614852213514368029e-02 5.601322477777820330e-02 8.852494247210045131e-02
8.316226525345249421e-01 4.072705725846989533e-02 5.721745485287153821e-02 7.043283535413367991e-02
8.562705793433025292e-01 2.996361720609187068e-02 5.997415020574476535e-02 5.379165324486076538e-02
8.693137825205360381e-01 2.238107682210599761e-02 6.775135877734081435e-02 4.055378188001706324e-02
8.665845486187120361e-01 1.686142977360422304e-02 8.561350736944250972e-02 3.094051423824138378e-02
8.387482797066594387e-01 1.293027486658467236e-02 1.240246585944321939e-01 2.429678683232396053e-02
7.669729296013908515e-01 1.025378057021638506e-02 2.032609725859989835e-01 1.951231724239350929e-02
6.263140062128099705e-01 8.700666104474820417e-03 3.496279924454323007e-01 1.535733523728288231e-02
4.266581903580489721e-01 6.333616408690584225e-03 5.560642590426557730e-01 1.094393419060467158e-02
2.381611109903186974e-01 4.515983207347408664e-03 7.502827836602650180e-01 7.040122142069086750e-03
1.204557089597668995e-01 3.449757123703461881e-03 8.716247858427490502e-01 4.469748073780597034e-03
6.608478470135446814e-02 2.691555688392883918e-03 9.281698779675032762e-01 3.053781642749293229e-03
4.259201908690123106e-02 2.584687125167270654e-03 9.524391090178346841e-01 2.384184770096906946e-03
3.286823257401495779e-02 2.867291168248114770e-03 9.621850211706668432e-01 2.079455087070262911e-03
2.936951989816580233e-02 3.429758280338339547e-03 9.652594348165021154e-01 1.941287004993864137e-03
2.986676704659359596e-02 4.266096593860590515e-03 9.639420933197447861e-01 1.925043039800961768e-03
3.449637880317051736e-02 5.443712581714237400e-03 9.580239502657481587e-01 2.035958349367433893e-03
4.454384666048705893e-02 7.011716912418124864e-03 9.461950491026157595e-01 2.249387324479018568e-03
6.162824502009889294e-02 8.909689955025711441e-03 9.269554973026354894e-01 2.506567722239963492e-03
8.887281853754655514e-02 1.115083716647604153e-02 8.971768370586331587e-01 2.799507237344452375e-03
1.339566644780245674e-01 1.505133945545347914e-02 8.477396779167869489e-01 3.252318149734703071e-03
2.031553834460927965e-01 1.946341779679044634e-02 7.735142745655951835e-01 3.866924191521837768e-03
2.986805573301503092e-01 2.460110198246455090e-02 6.721627972514209182e-01 4.555543435963868744e-03
4.189320966505731825e-01 3.002616627327807028e-02 5.457900288672864475e-01 5.251708208862519191e-03
5.497600699848214090e-01 3.518339572856955116e-02 4.091232911623239876e-01 5.933243124284863154e-03
6.665077387570190748e-01 3.911365472537621513e-02 2.877794263287065113e-01 6.599180188898462474e-03
7.518731338938575703e-01 4.484868727281207668e-02 1.957228747676979796e-01 7.555304065632492162e-03
8.050703987139327111e-01 5.295390489212778440e-02 1.326185841927709497e-01 9.357112201168802865e-03
8.301958437464901364e-01 6.491062077853994305e-02 9.185989897015053862e-02 1.303363650481955023e-02
8.298137958337771236e-01 8.145127782511368819e-02 6.806937647762842380e-02 2.066554986348067072e-02
8.034254020280010566e-01 1.035696120414567323e-01 5.653155144732396192e-02 3.647343448321831161e-02
7.466453819721036167e-01 1.327417452782276852e-01 5.287187285237909817e-02 6.774099989728971094e-02
6.554776695910486950e-01 1.681223910460079018e-01 5.262141090222378220e-02 1.237785284607193503e-01
2.314631907402235622e-02 8.603400541322877570e-01 6.675659582491463850e-02 4.975703096877524823e-02
3.514834982196830548e-01 4.133102993208925824e-01 1.826779210433438771e-01 5.252828141608067297e-02
2.600122699615186050e-01 5.435161964928101330e-01 1.410495663412546230e-01 5.542196720441697200e-02
1.816301452176847797e-01 6.617201832900688752e-01 1.028502924006998720e-01 5.379937909154704906e-02
1.205297388210478104e-01 7.592415513671652016e-01 7.129383698902656830e-02 4.893487282276069716e-02
7.653883475232102496e-02 8.340671887526615036e-01 4.684215488070581773e-02 4.255182161431151494e-02
4.719493313616852925e-02 8.876554009454874494e-01 2.901045067558166365e-02 3.613921524276249991e-02
2.946128909676449040e-02 9.223157355284395953e-01 1.728990195921819087e-02 3.093307341557756732e-02
1.962850429398551450e-02 9.424461276294312517e-01 1.046575616667956565e-02 2.745961190990360914e-02
1.487769069722254603e-02 9.529154341679073603e-01 6.754568956873291397e-03 2.545230617799667736e-02
1.148464330447739566e-02 9.596350106916416989e-01 4.674659962585041469e-03 2.420568604129569312e-02
9.700324538396757484e-03 9.627637546581350181e-01 3.556087686674645840e-03 2.397983311679382709e-02
8.797724175888029657e-03 9.641726226524112153e-01 2.940122239524743664e-03 2.408953093217617442e-02
8.229210673543494239e-03 9.656380507248669698e-01 2.558943494269447574e-03 2.357379510731997738e-02
7.930401906241026783e-03 9.674340654342958867e-01 2.338024701553992162e-03 2.229750795790894080e-02
8.164506380579228048e-03 9.686432935694673230e-01 2.298689365007774467e-03 2.089351068494555569e-02
9.336791874217870504e-03 9.679928690995790452e-01 2.494324365913124474e-03 2.017601466028963106e-02
1.195437305789855131e-02 9.645407665902594463e-01 2.963144000642469605e-03 2.054171635119936973e-02
1.634727275012055892e-02 9.574489805566933631e-01 3.845235517095370661e-03 2.235851117609045577e-02
2.707080416384209307e-02 9.404950770339873811e-01 5.662693638076660846e-03 2.677142516409371925e-02
4.964325583016372667e-02 9.073182004421536107e-01 9.220265901702658778e-03 3.381827782597980614e-02
9.381739645941133965e-02 8.484664836402284749e-01 1.568251379987157385e-02 4.203360610048848672e-02
1.700736885845129387e-01 7.556817297778882780e-01 2.604481417880316965e-02 4.819976745879549912e-02
2.826730423419900884e-01 6.280059751266805490e-01 4.002408820485051089e-02 4.929689432647893499e-02
4.254016483712485530e-01 4.749747856829218962e-01 5.500257787976133017e-02 4.462098806606814433e-02
5.770322201144104657e-01 3.174617491398175062e-01 6.963639697278976859e-02 3.586963377298224565e-02
7.064278496074835045e-01 1.862879670183926750e-01 8.114836729095716017e-02 2.613581608316638272e-02
7.939707097662438429e-01 9.841306774717939465e-02 8.936162841427428005e-02 1.825459407230233325e-02
8.404920539951041825e-01 4.956779932239077646e-02 9.690052336783049058e-02 1.303962331467442039e-02
8.553247556958771813e-01 2.628136215511688023e-02 1.084315672771114930e-01 9.962314871894337870e-03
8.508353687435016299e-01 1.550263908125777863e-02 1.255188638908885934e-01 8.143128284351975471e-03
8.344775563307609278e-01 1.009434995155692946e-02 1.485016908365316968e-01 6.926402881150670564e-03
8.104586625021642510e-01 7.147657250462618496e-03 1.764121643413457396e-01 5.981515906027284196e-03
7.842744126559307860e-01 5.454748386888999719e-03 2.051027960496077385e-01 5.168042907572437637e-03
7.598573756596915807e-01 4.457396848832446794e-03 2.312301517151970076e-01 4.455075776278765408e-03
7.359191133190267076e-01 3.931133616317760565e-03 2.562528813185275811e-01 3.896871746128040964e-03
7.098845601762370228e-01 3.095756987479876370e-03 2.836048708426051057e-01 3.414811993678085796e-03
6.758938487898606962e-01 2.905204862436324819e-03 3.180976067142979868e-01 3.103339633404918890e-03
6.289022113465008168e-01 2.933510784777151100e-03 3.651901710680806046e-01 2.974106800641351626e-03
5.643548854235407308e-01 3.239773064490856710e-03 4.293229211889754149e-01 3.082420322992722190e-03
4.822122020429522871e-01 3.790875167985823576e-03 5.106124181175758503e-01 3.384504671486262845e-03
3.905452987463448600e-01 4.409634900540832826e-03 6.013038069210497882e-01 3.741259432064079644e-03
3.043045669329016434e-01 4.938611885119082931e-03 6.866896989598758605e-01 4.067122222103322984e-03
2.369576426532840063e-01 5.461945331111012041e-03 7.531120200651660879e-01 4.468391950438641361e-03
1.915442061668951035e-01 6.257975251658182830e-03 7.970208786219157293e-01 5.176939959531431067e-03
1.623587111730948607e-01 7.619109570878939384e-03 8.235856061876732914e-01 6.436573068352875564e-03
1.415403645044975567e-01 9.382222776827525007e-03 8.406412285026141351e-01 8.436184216060862995e-03
1.279578308192147462e-01 1.288867677538020097e-02 8.476471486140730871e-01 1.150634379133201601e-02
1.159402004550647292e-01 1.704178050001698905e-02 8.513336844071440757e-01 1.568433463777431022e-02
1.055585013576485487e-01 2.267741407548634625e-02 8.503698775055136272e-01 2.139420706135179706e-02
9.553187100990678804e-02 3.096350960972699476e-02 8.443876228103091020e-01 2.911699657005707362e-02
8.527379896685510774e-02 4.431125197901449042e-02 8.312535481362044454e-01 3.916140091792597727e-02
7.637851233284480290e-02 6.743320497370174083e-02 8.040473541284625103e-01 5.214092856499098066e-02
6.782689861741034165e-02 1.059529232192884945e-01 7.573514998823375199e-01 6.886867828096385202e-02
5.886016990813606325e-02 1.573974402929939342e-01 6.946683602761558607e-01 8.907402952271366303e-02
4.971344423920544958e-02 2.129836156733310726e-01 6.265113409261794386e-01 1.107915991612838658e-01
4.266271081833603041e-02 2.632684214770146802e-01 5.638265128972713702e-01 1.302423548073782800e-01
3.909503286394545168e-02 3.057599105689466357e-01 5.121350318254049849e-01 1.430100247417027126e-01
3.813164637614700758e-02 3.461737044999589896e-01 4.684742680577558827e-01 1.472203810661381063e-01
4.044615967542246338e-02 3.890896137916496356e-01 4.256275541080863922e-01 1.448366724248417725e-01
4.646608687201252835e-02 4.379391993046111708e-01 3.764655910158631880e-01 1.391291228075129116e-01
5.596357674966936230e-02 4.928326776701856815e-01 3.202792564258248320e-01 1.309244891543200062e-01
6.691651598851366956e-02 5.506439289846772889e-01 2.627139865616118786e-01 1.197255684651969271e-01
7.552655671346801547e-02 6.093033715585359777e-01 2.085993769723778479e-01 1.065706947556182282e-01
8.126803984960238869e-02 6.612172527309773118e-01 1.631649688527681274e-01 9.434973856665244962e-02
8.809209054354083523e-02 6.988545326858178752e-01 1.274154105627570421e-01 8.563796620788403924e-02
1.054449497476290798e-01 7.058617132526723292e-01 1.056463783447693650e-01 8.304695865492918438e-02
1.437801778223442017e-01 6.717361880122265649e-01 9.724409429302041663e-02 8.723953987240885832e-02
2.095442140522401075e-01 5.975663912136754963e-01 9.787795992779284304e-02 9.501143480629173355e-02
2.962192607360684682e-01 5.004317357602217076e-01 1.034834275048757551e-01 9.986557599883426339e-02
3.817935122390701541e-01 4.074498645235928862e-01 1.130101559407235695e-01 9.774646729661341793e-02
4.488031239188950416e-01 3.319589059196606518e-01 1.289623181188108980e-01 9.027565204263322818e-02
3.900051680874120352e-01 4.609877634837007410e-01 5.053149232601088919e-02 9.847557610287621666e-02
1.919784097640390291e-02 9.573184304199616745e-01 1.599272962597093070e-03 2.188445564103719612e-02
1.590325025810651605e-02 9.551143223804701154e-01 1.264133339856992992e-03 2.771829402156635036e-02
1.305826244598060418e-02 9.487712484917593114e-01 9.757753628547964631e-04 3.719471369940538508e-02
1.090651741271289089e-02 9.373043496000323938e-01 7.618590129876164465e-04 5.102727397426687350e-02
9.530061184096759799e-03 9.203988139830188153e-01 6.297646387784492945e-04 6.944136019410604432e-02
9.051003283970219040e-03 8.975342421106364821e-01 5.815592008258105641e-04 9.283319540456748398e-02
9.525173794478676917e-03 8.686755646794682706e-01 6.109882610787838349e-04 1.211882732649741945e-01
1.167680250767812872e-02 8.334641890049634405e-01 7.045537903958893787e-04 1.541544546969625396e-01
1.385992135967415231e-02 7.935159196718395425e-01 8.298128715235704098e-04 1.917943460969629976e-01
1.663756717767755564e-02 7.494110771193096543e-01 9.811148687888621937e-04 2.329702408342237963e-01
2.085447446384041184e-02 7.039002107413294684e-01 1.211433358394348745e-03 2.740338814364357556e-01
2.781673824991029095e-02 6.610120636056422416e-01 1.621132102598947739e-03 3.095500660418488148e-01
3.751566267350323058e-02 6.280177839107391469e-01 2.253392328667052670e-03 3.322131610870908691e-01
4.887786045904396470e-02 6.106557520816112694e-01 3.095202021847297431e-03 3.373711854374974450e-01
6.266256087298520405e-02 6.054226239938371723e-01 4.282801905141423761e-03 3.276320132280358677e-01
8.177295519144435476e-02 6.004793762792492995e-01 6.201466433132804025e-03 3.115462020961735079e-01
1.068779400565001286e-01 5.872835320027854911e-01 9.143242675805841185e-03 2.966952852649086814e-01
1.360800649609455182e-01 5.644681194952386738e-01 1.306292060356270546e-02 2.863888949402532691e-01
1.702994326090956911e-01 5.264394911251952802e-01 1.796751470114480234e-02 2.852935615645641465e-01
2.088385732717769616e-01 4.699557411301016341e-01 2.378613826537852999e-02 2.974195473327430617e-01
2.469563483785837676e-01 4.027057914296058305e-01 2.999440892521343383e-02 3.203434512665970790e-01
2.782355155486327947e-01 3.378616583934971329e-01 3.621016758929088142e-02 3.476926584685792743e-01
2.972091206329882107e-01 2.853908641863756590e-01 4.207571125203083545e-02 3.753243039286054406e-01
3.052534895243384505e-01 2.458521228968379990e-01 4.658709531609503407e-02 4.023072922627282666e-01
3.039298533332585595e-01 2.185466870856483945e-01 4.909312578140030692e-02 4.284303337996927530e-01
2.940801157372038843e-01 2.023321662734730297e-01 4.935562883417635854e-02 4.542320891551466233e-01
2.784725976701062922e-01 1.946382539932970668e-01 4.751842710999942127e-02 4.793707212265976847e-01
2.632524067240167298e-01 1.924891384464284816e-01 4.474562619062259078e-02 4.995128286389323158e-01
2.552235953211707820e-01 1.941830651332832058e-01 4.285732170410615910e-02 5.077360178414398462e-01
2.596918977442723708e-01 1.986716049538440609e-01 4.305051158218241303e-02 4.985859857197012523e-01
2.807988245631110047e-01 2.044687239498206854e-01 4.570336452830050383e-02 4.690290869587677158e-01
3.200675709134129798e-01 2.082518413639950772e-01 5.057579832706574768e-02 4.211047893955260357e-01
3.731764612561741523e-01 2.060900263364036644e-01 5.683462058015022189e-02 3.638988918272720863e-01
4.301557760820067799e-01 1.981200163057528219e-01 6.334381703412113318e-02 3.083803905781197785e-01
4.822790337695397889e-01 1.887120926951685040e-01 6.910382548929472346e-02 2.599050480459970114e-01
5.286677496816769573e-01 1.801228856053906369e-01 7.304497426616222977e-02 2.181643904467702177e-01
5.742134611840842284e-01 1.705079071392941736e-01 7.406325532175821180e-02 1.812153763548630947e-01
6.230498927767164075e-01 1.571025635329443559e-01 7.197594858860767442e-02 1.478715951017314234e-01
6.738750789626333226e-01 1.399427387897944908e-01 6.782277973743942867e-02 1.183594025101327718e-01
7.213562972790469319e-01 1.215139620304093032e-01 6.366057001988301156e-02 9.346917067066097540e-02
7.644532627378985978e-01 1.037954444509909674e-01 5.857394647994922793e-02 7.317734633116114440e-02
8.030146948520041628e-01 8.646310046493765888e-02 5.325681374425612902e-02 5.726539093880203546e-02
8.372553595119252012e-01 6.985399742523155930e-02 4.764456372212432650e-02 4.524607934071875337e-02
8.665447560303940477e-01 5.505170050578226532e-02 4.208701978070298472e-02 3.631652368312059120e-02
8.903141539675315519e-01 4.289943049735118336e-02 3.730916792836863616e-02 2.947724760674855921e-02
9.086307991592889044e-01 3.347114130938690785e-02 3.396446191216634380e-02 2.393359761915769823e-02
9.220015484756272084e-01 2.633281145878248186e-02 3.236506138176255265e-02 1.930057868382816996e-02
9.308527446139990280e-01 2.096050605309584050e-02 3.273767493770260439e-02 1.544907439520232587e-02
9.352975065522359799e-01 1.687397128278230254e-02 3.552200578942640158e-02 1.230651637555536283e-02
9.350478635429287921e-01 1.369645398735217998e-02 4.144852868220059300e-02 9.807153787518736732e-03
9.296293249177961515e-01 1.115267684024087366e-02 5.133072094677836039e-02 7.887277295184843412e-03
9.189882496421679647e-01 9.022581992308844473e-03 6.550780292782798497e-02 6.481365437694946476e-03
9.048262804854848573e-01 7.125834091114684535e-03 8.256368179315552724e-02 5.484203630244786042e-03
8.917301028757238512e-01 5.408527141943475849e-03 9.808694669314815817e-02 4.774423289184450553e-03
8.846140575641335824e-01 3.968865028569018918e-03 1.071465964275383764e-01 4.270480979759153257e-03
8.826104949129429666e-01 2.940308665340610715e-03 1.104799214905555077e-01 3.969274931160689419e-03
8.785568006170362265e-01 2.357896278538364632e-03 1.151458202852936180e-01 3.939482819131942190e-03
8.650837093197459859e-01 2.134767237313037799e-03 1.285385964817666871e-01 4.242926961174255801e-03
8.389722670715162867e-01 2.179145360135783995e-03 1.539210882511209411e-01 4.927499317227149178e-03
8.020675098964481498e-01 2.427838475735086179e-03 1.894884274063887986e-01 6.016224221427905229e-03
7.588168126372721867e-01 2.810952829231617208e-03 2.308450603597711759e-01 7.527174173724952150e-03
7.150562392477306517e-01 3.289850670934249110e-03 2.719414938815556959e-01 9.712416199779350806e-03
6.790650699568662185e-01 3.922717180375784665e-03 3.036879347335770807e-01 1.332427812918079817e-02
6.565747505780714643e-01 4.847966816373058124e-03 3.190185554752818509e-01 1.955872713027344972e-02
6.457155657475571742e-01 6.360942162893609697e-03 3.177238441284779280e-01 3.019964796107143731e-02
6.357359930038970486e-01 9.024441781719346606e-03 3.074116049185389166e-01 4.782796029584465702e-02
6.130521577023370083e-01 1.356227440137691177e-02 2.979682385669771838e-01 7.541732932930896027e-02
5.670103887404236431e-01 2.092698822825847169e-02 2.962117095862666361e-01 1.158509134450510514e-01
4.930820602529003005e-01 3.241433729088834259e-02 3.043854415014141668e-01 1.701181609547972595e-01
3.999086582323462258e-01 5.022436833893447611e-02 3.170242787677990393e-01 2.328426946609201964e-01
3.052887350595106519e-01 7.864472696679473962e-02 3.266706089949734659e-01 2.893959289787211842e-01
7.227008031117675424e-01 1.651610738933540490e-01 3.305458060261064202e-02 7.908354239226805804e-02
3.705515648290193600e-03 7.132379977807781213e-01 6.188375900973324458e-04 2.824376489808348989e-01
3.869612201684454866e-03 6.774617327329327532e-01 7.160721909888735854e-04 3.179525828743939297e-01
4.126311585512824551e-03 6.681289841935962315e-01 8.495842195455595913e-04 3.268951200013455738e-01
4.314346768865815786e-03 6.877775613077182770e-01 9.880018858205675755e-04 3.069200900375960162e-01
4.506603022323615697e-03 7.321171738204520496e-01 1.153869382011789247e-03 2.622223537752125244e-01
4.763888728214784457e-03 7.913544032797150685e-01 1.370904622715256793e-03 2.025108033693546195e-01
5.273608541739647874e-03 8.514939055154221448e-01 1.674405366812937567e-03 1.415580805760250083e-01
5.624835301001488395e-03 9.004980642786920564e-01 2.051547220151698873e-03 9.182555320015450828e-02
6.599280447860923597e-03 9.325512273495538684e-01 2.645909117747459460e-03 5.820358308483745274e-02
8.679478979750295670e-03 9.494965873854847027e-01 3.646358241630692602e-03 3.817757539313434978e-02
1.247449027838111978e-02 9.553701147390378789e-01 5.279578490803210622e-03 2.687581649177789300e-02
1.653866034500933377e-02 9.555420450650321529e-01 7.590265880117990326e-03 2.032902870984054644e-02
2.081276314865774732e-02 9.521212712306569292e-01 1.044269034165223875e-02 1.662327527903269611e-02
2.329399047711807821e-02 9.488636475386448277e-01 1.314900712768589039e-02 1.469335485655133729e-02
2.502735777550103152e-02 9.446631809277986624e-01 1.559328541706504062e-02 1.471617587963551348e-02
2.869241120699158459e-02 9.352831501068717968e-01 1.851843461761556661e-02 1.750600406852116306e-02
3.557310446882243349e-02 9.182315042623270251e-01 2.245368602186730012e-02 2.374170524698330023e-02
4.610130485244118975e-02 8.922634294555523704e-01 2.773339220659171503e-02 3.390187348541456175e-02
6.098953287646507321e-02 8.558390688028618687e-01 3.460121162155601476e-02 4.857018669911757069e-02
7.946480732163453686e-02 8.100377029227326942e-01 4.225394576110477057e-02 6.824354399452807474e-02
9.694210541576740725e-02 7.613670617389572959e-01 4.816002158754666834e-02 9.353081125772864934e-02
1.062829371215074231e-01 7.181450627596580594e-01 4.921527161348727974e-02 1.263567285053472933e-01
1.031446114879395609e-01 6.808823111113511128e-01 4.453737739867252160e-02 1.714357000020366173e-01
8.894290153164059742e-02 6.360956401525988957e-01 3.607560849086704352e-02 2.388858498248932760e-01
6.766476323806433490e-02 5.633906019528183151e-01 2.625005149040079630e-02 3.426945833187167723e-01
4.417839361745071192e-02 4.506291187888839533e-01 1.691287047259371762e-02 4.882796171210714298e-01
2.441499492649593095e-02 3.121255192187649130e-01 9.647892757172713343e-03 6.538115930975665346e-01
1.198343975383135696e-02 1.893830682869118986e-01 5.141599368659393113e-03 7.934918925905973808e-01
5.759563121034233513e-03 1.100867226790195746e-01 2.784853317116506993e-03 8.813688608828298410e-01
2.890746215378951680e-03 6.757003446854735473e-02 1.594908542847114398e-03 9.279443107732265883e-01
2.020128300330261036e-03 4.542884537472247075e-02 9.703166245461279605e-04 9.515807097004010950e-01
1.169888096399893281e-03 3.420731315906774123e-02 6.114688842434502650e-04 9.640113298602889236e-01
7.780966945663530393e-04 2.863802281204366057e-02 4.234896274744161053e-04 9.701603908659157671e-01
5.857336051275720311e-04 2.604756533511697059e-02 3.205245108675757642e-04 9.730461765488876980e-01
4.940647582614700025e-04 2.530410666864710972e-02 2.617935969910157234e-04 9.739400349761002662e-01
4.775586056144436281e-04 2.634630032832945348e-02 2.315788543250776660e-04 9.729445622117310899e-01
5.390988098667180749e-04 2.961012133786941267e-02 2.213826266393659962e-04 9.696293972256243565e-01
7.206726902089359045e-04 3.623314021851072736e-02 2.293956337899963100e-04 9.628167914574903286e-01
2.189983481674748103e-04 5.010698645943736235e-02 1.759040129753078688e-04 9.494981111794197348e-01
2.991342560288265569e-04 8.005691755435249968e-02 1.916820447506480238e-04 9.194522661448679690e-01
5.252572842158033471e-04 1.458196725946649674e-01 2.474600057776557712e-04 8.534076101153418303e-01
1.051156664123595449e-03 2.736984700440431850e-01 3.763154922670539472e-04 7.248740577995661516e-01
1.775881552884707405e-03 4.555857797564156209e-01 5.754019555788917467e-04 5.420629367351204042e-01
2.777503429163949347e-03 6.267413490966229350e-01 8.449190625094632826e-04 3.696362284117035157e-01
4.277751463199854116e-03 7.412509354945481244e-01 1.200149192133558159e-03 2.532711638501184970e-01
6.526768160870486703e-03 8.050666575849373396e-01 1.686307457729612847e-03 1.867202667964625584e-01
8.064724281277082032e-03 8.393204579124952103e-01 2.032619548620990917e-03 1.505821982576067142e-01
9.571329459324354541e-03 8.567239088261324742e-01 2.289498497079393759e-03 1.314152632174638291e-01
1.052549104834023599e-02 8.661130362823630247e-01 2.358050200792216177e-03 1.210034224685046372e-01
1.081305238222042726e-02 8.732199311276617193e-01 2.253127901655538161e-03 1.137138885884623890e-01
1.061118043687592563e-02 8.804861533911153559e-01 2.058638888320164610e-03 1.068440272836885530e-01
9.907254844396109345e-03 8.886679983803722482e-01 1.808804200772059362e-03 9.961594257445970102e-02
8.647219021540841419e-03 8.974218829218194582e-01 1.516753367172196101e-03 9.241414468946772265e-02
7.249487577522809728e-03 9.043990046950638462e-01 1.245193513306401848e-03 8.710631421410705566e-02
6.199117631624575207e-03 9.068584100684110583e-01 1.045377525412852660e-03 8.589709477455167996e-02
5.515038061767600468e-03 9.024023899170847685e-01 8.974683362669435508e-04 9.118510368488069728e-02
5.023358694405417185e-03 8.879414770800641010e-01 7.629521099772944249e-04 1.062722121155532939e-01
4.770834975164249536e-03 8.573636756798815872e-01 6.564564274305919288e-04 1.372090329175235379e-01
4.966257083205661074e-03 8.024177429849808085e-01 6.136711127772917235e-04 1.920023288190363941e-01
4.503282194045359586e-03 7.171237665538346961e-01 4.708802082871551197e-04 2.779020710438328545e-01
4.611593231485468583e-03 6.010476593507648735e-01 4.166054725995816613e-04 3.939241419451501303e-01
4.947029109285164608e-03 4.793115123979736492e-01 3.829714396428642313e-04 5.153584870530986128e-01
5.637020803162591520e-03 3.864808053489645068e-01 3.721352399142692784e-04 6.075100386079586023e-01
6.908637363751516346e-03 3.375789727822236519e-01 3.975986479127473629e-04 6.551147912061118239e-01
8.664851358222326258e-03 3.299474995691358270e-01 4.662951259452338226e-04 6.609213539466965992e-01
1.054658023147326922e-02 3.529000654943982296e-01 5.827982870590327257e-04 6.359705559870691971e-01
1.269168323971852155e-02 3.982486268869275814e-01 7.844572980313818146e-04 5.882752325753224376e-01
1.586971695974189606e-02 4.575565758212212786e-01 1.160256802000812900e-03 5.254134504170359099e-01
2.115560529702779566e-02 5.174601352755859862e-01 1.858924437803880251e-03 4.595253349895824235e-01
3.019482561017805197e-02 5.643252132605744986e-01 3.122426046720941546e-03 4.023575350825265851e-01
4.573897037031078583e-02 5.961767829505507654e-01 5.241788614743073116e-03 3.528424580643952924e-01
7.150971679051109087e-01 1.725564512818823504e-01 8.234872955539634942e-02 2.999765125761052337e-02
7.380480435391073568e-01 1.472135088525546864e-01 8.445811859881839634e-02 3.028032900951957082e-02
7.620440814963137521e-01 1.229913131276510752e-01 8.546313548681151728e-02 2.950146988922357910e-02
7.811226038996617049e-01 1.047051162663417967e-01 8.569347614202323105e-02 2.847880369197306263e-02
7.877021882873300740e-01 9.539782678801674021e-02 8.830920826335918183e-02 2.859077666129391723e-02
7.727698144997136032e-01 9.700742377245376302e-02 9.909332555067518200e-02 3.112943617715758365e-02
7.267333735020119478e-01 1.119891143905858422e-01 1.239848323311382589e-01 3.729267977626393726e-02
6.430529838004778176e-01 1.456277456544895210e-01 1.633800502088789686e-01 4.793922033615377609e-02
5.386796610797819351e-01 1.966422266544296249e-01 2.025502015624737473e-01 6.212791070331456778e-02
4.398912844587234972e-01 2.599956952587109127e-01 2.226867672565282230e-01 7.742625302603727000e-02
3.580368780629024639e-01 3.314453753746098297e-01 2.188711039625213239e-01 9.164664259996629925e-02
2.931614206787808707e-01 4.044672945699165356e-01 1.988559355189033762e-01 1.035153492323994118e-01
2.382650200463559131e-01 4.801978500540479700e-01 1.691200394483814706e-01 1.124170904512145769e-01
1.893729800670858054e-01 5.564432056497436996e-01 1.360263358241877996e-01 1.181574784589829868e-01
1.452894504421470279e-01 6.301214213003812903e-01 1.035597823048649280e-01 1.210293459526070176e-01
1.080493452169775659e-01 6.945934744794970417e-01 7.524032043108670742e-02 1.221168598724387544e-01
7.963065023903574680e-02 7.434607473401159128e-01 5.357584168807285468e-02 1.233327607327753400e-01
5.983530155358852270e-02 7.757314925645160120e-01 3.876520733374530514e-02 1.256679985481503059e-01
4.285120457910287367e-02 8.021946371246597707e-01 2.803075508109964531e-02 1.269234032151377312e-01
3.195797956416173563e-02 8.225300873233281074e-01 2.051641623164572256e-02 1.249955168808644934e-01
2.422930042634852815e-02 8.408910305814588648e-01 1.541501404604272291e-02 1.194646549461500368e-01
1.926548593382097427e-02 8.570519148094740691e-01 1.199398722170496451e-02 1.116886120349998707e-01
1.609570852674058195e-02 8.701720118384489444e-01 1.010353045842717762e-02 1.036287491763834417e-01
1.418411079829839661e-01 8.329071846218306652e-01 1.187001001899945334e-02 1.338169737618587381e-02
1.448426080901679958e-01 8.278131283490187675e-01 1.138555900190350682e-02 1.595870455890987041e-02
1.672589360066757402e-01 7.994524397068082378e-01 1.272276154717101940e-02 2.056586273934504078e-02
2.085705260511655501e-01 7.488142588788211373e-01 1.614247486569619916e-02 2.647274020431722094e-02
2.586993676960604449e-01 6.890923664357455625e-01 2.068649484045901113e-02 3.152177102773509598e-02
3.102862620538902050e-01 6.282804861800497243e-01 2.683374200060762924e-02 3.459950976545238255e-02
3.541570231243236222e-01 5.758533389065167984e-01 3.432769170452787399e-02 3.566194626463180944e-02
3.881060508988433688e-01 5.317483565803536871e-01 4.437099838278038555e-02 3.577459413802250993e-02
4.082063546541677690e-01 4.999511213142411314e-01 5.598598039735849102e-02 3.585654363423253915e-02
4.149630708115883415e-01 4.803032422269742363e-01 6.805950073247472865e-02 3.667418622896218006e-02
4.100029717961650166e-01 4.716109609035785133e-01 7.967895302828749415e-02 3.870711427196878163e-02
3.915142201403327693e-01 4.753370565313651541e-01 9.068990316431720100e-02 4.245882016398519476e-02
3.629409968864628633e-01 4.894909565586615385e-01 9.892405366755711860e-02 4.864399288731854898e-02
3.247140703573120346e-01 5.141693664269484376e-01 1.032786735095811981e-01 5.783788970615849623e-02
2.828820812268297291e-01 5.424912088015761968e-01 1.039865905244404254e-01 7.064011944715370417e-02
2.465113380120515507e-01 5.621559729678599071e-01 1.039404508688170081e-01 8.739223815127153405e-02
2.188230397863190069e-01 5.694485509604659823e-01 1.061445399386632127e-01 1.055838693145522145e-01
1.977099952959158469e-01 5.711367805603515535e-01 1.114668306528718705e-01 1.196863934908603266e-01
1.852316606422411138e-01 5.665101699675684221e-01 1.194911771817037532e-01 1.287669922084865859e-01
1.846547636072521648e-01 5.487519131087743585e-01 1.299034584218108079e-01 1.366898648621629464e-01
1.935929478711935214e-01 5.198012867086398980e-01 1.400681735400700900e-01 1.465375918800962685e-01
2.074209454406275577e-01 4.865551777685868107e-01 1.469205968508366378e-01 1.591032799399490494e-01
2.226416512702840966e-01 4.528633771948216702e-01 1.497333546058028653e-01 1.747616169290910904e-01
2.382698053051196807e-01 4.179125864712985861e-01 1.499252486849348143e-01 1.938923595386465304e-01
2.558455172121623100e-01 3.791483698388088408e-01 1.496546835538754561e-01 2.153514293951531988e-01
2.768861191697090107e-01 3.372956569229260682e-01 1.508948433585590998e-01 2.349233805488059046e-01
3.005478685079245316e-01 2.972802398695972292e-01 1.552764312021224224e-01 2.468954604203559555e-01
3.262270319539659069e-01 2.622733792283205578e-01 1.642628229149968588e-01 2.472367659027165654e-01
3.527206508447637279e-01 2.345123804299975578e-01 1.789122247641024843e-01 2.338547439611360079e-01
3.849289433680925798e-01 2.090599220049436102e-01 1.982183422372505721e-01 2.077927923897134044e-01
4.191580105314857141e-01 1.841941881381385648e-01 2.205291249723630720e-01 1.761186763580124548e-01
4.491767881021622721e-01 1.590036085479028527e-01 2.457460461029994103e-01 1.460735572469353816e-01
4.686621323261878080e-01 1.395027350270734989e-01 2.712848709661005997e-01 1.205502616806383154e-01
4.837063392693530250e-01 1.280322545311281535e-01 2.876197470102489495e-01 1.006416591892700385e-01
5.000117820844589556e-01 1.255593400217598632e-01 2.870431475296749690e-01 8.738573036410618444e-02
5.162082651840839143e-01 1.316060738939963670e-01 2.712656100609159848e-01 8.092005086100358124e-02
5.274088893989404836e-01 1.472154663300132282e-01 2.446240445743390612e-01 8.075159969670729632e-02
5.303066822377906497e-01 1.730103906204922548e-01 2.113838667664288129e-01 8.529906037528814378e-02
5.245177415461649284e-01 2.062482150172210427e-01 1.776331099666889901e-01 9.160093346992530250e-02
5.150052237444754377e-01 2.412680834860280177e-01 1.471293271440888006e-01 9.659736562540767457e-02
5.059829843423340190e-01 2.740786033971141511e-01 1.211050064970986551e-01 9.883340576345342465e-02
5.010880670421549166e-01 3.028923784379092821e-01 9.780440162512953062e-02 9.821515289480636790e-02
4.957780063154761940e-01 3.304201188204773376e-01 7.832680016161254477e-02 9.547507470243374317e-02
4.817004351968516285e-01 3.631477448861178958e-01 6.368916427585638584e-02 9.146265564117418700e-02
4.531031699751503772e-01 4.064112355744593508e-01 5.326303445668542635e-02 8.722255999370494284e-02
4.138167153684895738e-01 4.564183149066609602e-01 4.580249272895871998e-02 8.396247699589068358e-02
3.745116359270478368e-01 5.018291321004323402e-01 4.084640219867723132e-02 8.281282977384263333e-02
3.423051740620003391e-01 5.354480966275140252e-01 3.810542370959496550e-02 8.414130560089073951e-02
3.188793256549566357e-01 5.567059023999967327e-01 3.711272053316512498e-02 8.730205141188152052e-02
3.049497931196121780e-01 5.661861853144963819e-01 3.766772915804646182e-02 9.119629240784495050e-02
3.040305030797630370e-01 5.603388091785320713e-01 4.056582103918766197e-02 9.506486670251705628e-02
3.213152800592635749e-01 5.328682214470836787e-01 4.760649099626455133e-02 9.821000749738799385e-02
3.593144283121826321e-01 4.813099105151101287e-01 6.075703933075879415e-02 9.861862184194856995e-02
4.159860491099839352e-01 4.085190651625211222e-01 8.166624695911366139e-02 9.382863876838137829e-02
4.837929782393411426e-01 3.225934424729275940e-01 1.102988896376669442e-01 8.331468965006445793e-02
5.504953278156848873e-01 2.396380147730003407e-01 1.409214506516230370e-01 6.894520675969206813e-02
6.087360879278204129e-01 1.711902725340974651e-01 1.662677970107752645e-01 5.380584252730695460e-02
6.562324536714747580e-01 1.210148685709393074e-01 1.827708826013001719e-01 3.998179515628602632e-02
6.958933295588279888e-01 8.543773941852884912e-02 1.902440467762230858e-01 2.842488424641983688e-02
7.326800704066690484e-01 5.911003539058731771e-02 1.887824239259344172e-01 1.942747027680904320e-02
7.670930569890228590e-01 4.060995041726652571e-02 1.793618618427789968e-01 1.293513075093171566e-02
7.988262434216389929e-01 2.780330414370251607e-02 1.648113083858164518e-01 8.559144048842160651e-03
8.255564245821543912e-01 1.927856726821809349e-02 1.493798765169467579e-01 5.785131632680681063e-03
8.451616617047864599e-01 1.396910075692741129e-02 1.367208378926161871e-01 4.148399645670094310e-03
8.578433477511131500e-01 1.090457466899545473e-02 1.279670530640483750e-01 3.285024515842865922e-03
8.640499808859615216e-01 9.312803178039175123e-03 1.237117851104757443e-01 2.925430825523574977e-03
8.621413069349214142e-01 8.607846550475610134e-03 1.264048332592127843e-01 2.846013255390010457e-03
8.501022744983879331e-01 8.436188618313023024e-03 1.385688769532451015e-01 2.892659930053932855e-03
8.287381854253501601e-01 8.673209051256149799e-03 1.595538753482727834e-01 3.034730175120857725e-03
8.033624162044331607e-01 8.980671797921495336e-03 1.844471065004938126e-01 3.209805497151435073e-03
7.809654055210683010e-01 9.013624411043979698e-03 2.066570680102085000e-01 3.363902057679005447e-03
7.671842774196433457e-01 8.643209943055254335e-03 2.206834234030053965e-01 3.489089234296086344e-03
7.645578987333040422e-01 8.015964071734101720e-03 2.237954225766482230e-01 3.630714618313708991e-03
7.734033656072415441e-01 7.433411444282937708e-03 2.152857342194787749e-01 3.877488728996716840e-03
7.899485326236893590e-01 7.186884562941715099e-03 1.985376444367309978e-01 4.326938376637946317e-03
8.071627876318013817e-01 7.583639575255717719e-03 1.800893233379854685e-01 5.164249454957738246e-03
8.196008803784312624e-01 8.829866756310535483e-03 1.649713618231269385e-01 6.597891042131167304e-03
8.252890768680301026e-01 1.108505612784656258e-02 1.547988446659793738e-01 8.827022338143990579e-03
8.231155695924221583e-01 1.474969719198177334e-02 1.499478852351784908e-01 1.218684798041766090e-02
8.129111098144294889e-01 2.024987919631724906e-02 1.499286317023621196e-01 1.691037928689124309e-02
7.979825057266469734e-01 2.750275844343721271e-02 1.518748774274493452e-01 2.263985840246658318e-02
7.839015806221418803e-01 3.585212323108528248e-02 1.518797635305261517e-01 2.836653261624682773e-02
7.742236503109602985e-01 4.461403140143550133e-02 1.480125927486631854e-01 3.314972553894104251e-02
7.681916153613331799e-01 5.362384801228287090e-02 1.412867358715954591e-01 3.689780075478850396e-02
7.613682618439545635e-01 6.371984932614022101e-02 1.345571242686166846e-01 4.035476456128845452e-02
7.489071878426606377e-01 7.578993595695537877e-02 1.309106907539770714e-01 4.439218544640693986e-02
7.233134503394745840e-01 9.435838340025436144e-02 1.325597842092532397e-01 4.976838205101761364e-02
6.807289701925808290e-01 1.228152369445820735e-01 1.397302996793191032e-01 5.672549318351862574e-02
6.203861272943287375e-01 1.646643341967884422e-01 1.499463334420801930e-01 6.500320506680232202e-02
