1.774644254045474115e-02 9.301546715774861029e-01 2.797200728452582663e-02 2.412687859753349581e-02
2.394064145824761070e-01 7.473340373466965669e-01 4.079396507006425449e-03 9.180151563821098426e-03
1.936341125897015070e-01 7.961442263035493072e-01 3.464307654610926900e-03 6.757353452138306626e-03
1.489487809197538315e-01 8.436407470356083182e-01 2.744026289686929063e-03 4.666445754950858740e-03
1.008515061075210273e-01 8.940689954928395800e-01 2.172215106611750154e-03 2.907283293027652146e-03
5.947228511681443980e-02 9.375400292985904827e-01 1.336048196632256754e-03 1.651637387962856356e-03
3.035972062968398180e-02 9.678928894380158798e-01 7.999267355970991408e-04 9.474631967031209735e-04
1.391061013521893361e-02 9.850314263275489202e-01 4.867221746650468367e-04 5.712413625668276906e-04
5.934826617702918146e-03 9.934035939481803412e-01 2.972488791927366367e-04 3.643305549242676733e-04
2.482444262602980910e-03 9.970783604654646082e-01 1.833917595641568849e-04 2.558035123681075534e-04
1.346375699040427591e-06 9.996999687931991119e-01 1.045926224514137669e-04 1.940922086505540668e-04
5.017266475550420490e-07 9.997053946718653661e-01 7.755159823833387435e-05 2.165520032488212792e-04
4.764850183870943023e-07 9.996192900727250974e-01 6.839839149440528538e-05 3.118350507619228212e-04
8.766909931163709445e-07 9.994208573581816468e-01 7.079454457862398981e-05 5.074714062466910251e-04
1.978881044492128760e-06 9.990591956384907713e-01 8.594064250226705459e-05 8.528848379624688787e-04
4.419969283331955275e-06 9.984724388490247016e-01 1.200328511861799491e-04 1.403108330505834205e-03
8.539942510888643028e-06 9.976892791231147806e-01 1.817339225984039271e-04 2.120447011775951438e-03
1.123998530348599423e-03 9.954341788558153103e-01 3.288444204463257157e-04 3.112978193389720656e-03
1.451443796348101571e-03 9.937590870556064493e-01 5.799179227792678176e-04 4.209551225266039941e-03
2.069887717768207572e-03 9.905746404561553975e-01 1.186946682311694262e-03 6.168525143764755532e-03
3.392075509662547013e-03 9.837831309179975170e-01 2.792645654308140504e-03 1.003214791803183972e-02
6.311343218290239691e-03 9.691183450882090433e-01 7.043198095836766121e-03 1.752711359766402285e-02
1.272630955809762876e-02 9.385404110592612259e-01 1.744335797959499154e-02 3.128992140304643482e-02
2.591105899931520073e-02 8.806992623786359387e-01 3.949702691885883382e-02 5.389265170318973536e-02
4.833190740656135437e-02 7.907343395001871222e-01 7.773642634715635658e-02 8.319732674609517376e-02
8.342486133783000302e-02 6.777297257803640562e-01 1.312859945810161966e-01 1.075594183007901466e-01
1.318117967391348455e-01 5.614641716957734507e-01 1.940267290909712672e-01 1.126973024741203949e-01
1.916121136066591957e-01 4.454180224148598932e-01 2.631193316492136391e-01 9.985053232926716094e-02
2.513464467616223219e-01 3.372627539233655214e-01 3.310344648853210114e-01 8.035633442969135343e-02
2.877612276394826418e-01 2.541139438318441024e-01 3.965889360661851715e-01 6.153589246248802880e-02
2.909839597600925587e-01 1.986529107915139813e-01 4.635297395726626357e-01 4.683338987573035239e-02
2.631183023684127709e-01 1.595863402401811182e-01 5.404865817213766466e-01 3.680877567002945050e-02
2.157156334035091605e-01 1.230750764180883888e-01 6.310004192461514672e-01 3.020887093225095577e-02
1.625092871996810795e-01 8.861815575711831650e-02 7.224037743655989940e-01 2.646878267760158221e-02
1.182492510693173710e-01 6.107569993154002286e-02 7.951206180144334557e-01 2.555443098470920951e-02
8.691223436551795412e-02 4.277789773693714548e-02 8.434471702328875109e-01 2.686269766465762890e-02
6.540092517628262603e-02 3.148786986979738162e-02 8.735675679014197614e-01 2.954363705250020664e-02
5.045184046275590778e-02 2.426726034130573945e-02 8.932091302821419943e-01 3.207176891379626138e-02
3.953662216765753412e-02 1.911428032591819606e-02 9.092967585099501759e-01 3.205233899647394469e-02
3.042002040864931478e-02 1.487399906020305321e-02 9.262769511218280627e-01 2.842902940931969075e-02
2.198867811439669806e-02 1.102317220858059152e-02 9.444690280760955625e-01 2.251912160092690851e-02
1.467696767579703028e-02 7.683800816045614941e-03 9.610405024446442290e-01 1.659872906351299651e-02
9.378211280390914492e-03 5.202173353897116513e-03 9.732711300868635007e-01 1.214848527884858018e-02
6.159856853979595384e-03 3.593810546319687639e-03 9.807472372505411373e-01 9.499095349159375826e-03
4.286180809542427562e-03 2.555235296835931154e-03 9.848482886094924726e-01 8.310295284129062821e-03
3.070302552644104538e-03 1.851214579004827054e-03 9.869379596999566795e-01 8.140523168394165135e-03
2.276026305083707867e-03 1.453911004855911035e-03 9.874118330510137653e-01 8.858229639046786424e-03
1.745504586336248370e-03 1.315569670513360703e-03 9.865528885976192486e-01 1.038603714553115905e-02
1.290498613577663670e-03 1.326999639176128405e-03 9.853063747738757261e-01 1.207612697337044280e-02
8.606317701725030777e-04 1.361828218460808078e-03 9.852514905553308999e-01 1.252604945603574133e-02
5.141792742283311487e-04 1.271697817527412755e-03 9.875407324624134731e-01 1.067339044583059081e-02
2.815583941586565094e-04 1.005485727357254043e-03 9.914384459102021374e-01 7.274509968281840308e-03
1.274297528796235017e-05 1.450061302866061874e-05 9.957887053889067364e-01 4.184051022776574293e-03
3.930116339707440168e-06 4.513941472571037193e-06 9.976883206843369933e-01 2.303235257850518546e-03
1.287991128479290202e-06 1.476796332922358129e-06 9.986846408681314680e-01 1.312594344407254929e-03
4.800324748806440804e-07 5.439430451729112612e-07 9.991974398641613186e-01 8.015361603187254628e-04
2.135474870300758299e-07 2.372217348363024356e-07 9.994644404709883689e-01 5.351087597899442444e-04
1.173563037604172600e-07 1.269332879116941964e-07 9.996052675394339060e-01 3.944881709743962295e-04
8.168600160086357147e-08 8.514869165534033310e-08 9.996770680480393523e-01 3.227651172673389910e-04
6.952883377946979084e-08 6.862065959775760619e-08 9.997137028442173445e-01 2.861590062892157530e-04
6.660106183482132441e-08 6.070556984895285267e-08 9.997372094352204863e-01 2.626632581477381600e-04
6.738649339246922907e-08 5.513676264429032025e-08 9.997588689402425732e-01 2.410085365013789609e-04
7.012904277457367160e-08 5.033731231927583083e-08 9.997837879552962104e-01 2.160915783487211430e-04
7.855603860748939371e-08 4.904011326787450112e-08 9.998113019323388029e-01 1.885704715094335129e-04
1.054547219928596688e-07 5.742533054822722458e-08 9.998367760516103653e-01 1.630610683371372350e-04
1.837815772218025901e-07 8.834193044932052046e-08 9.998527656379740947e-01 1.469622385182069960e-04
3.835686533213533652e-07 1.671509634888894810e-07 9.998544462432996660e-01 1.450030370836778650e-04
7.887379449221913060e-07 3.229416274578715785e-07 9.998415587834097451e-01 1.573295370178661541e-04
1.486082099914744358e-06 5.894134840585386792e-07 9.998063528216060147e-01 1.915716828098088290e-04
1.166326513099911165e-03 5.376581048714228873e-05 9.982769745923433247e-01 5.029330840693976064e-04
1.613048004417663023e-03 7.224958449534130643e-05 9.975714337722960678e-01 7.432686387909403364e-04
2.245385763081790814e-03 9.806387627488162139e-05 9.965354275186202315e-01 1.121122842022868535e-03
3.131419689420478908e-02 9.625204280359306308e-01 6.038701959325703562e-03 1.266731105388781522e-04
1.365264530599137431e-02 1.402713162616980001e-02 6.093626001121105152e-04 9.717108604677268113e-01
1.871310665332248657e-02 1.892662103173086904e-02 7.034584646047907421e-04 9.616568138503419627e-01
2.922055418711218960e-02 3.032000673771405655e-02 1.115462029944308325e-03 9.393439770452292059e-01
5.055767301018039561e-02 5.163484554541258181e-02 2.145599462777257691e-03 8.956618819816296595e-01
8.839883120624195123e-02 8.532399138300590657e-02 4.437191425299987987e-03 8.218399859854526035e-01
1.433680819449265342e-01 1.264642151386674018e-01 8.673934792915630188e-03 7.214937681234904199e-01
2.088401450099304224e-01 1.666225966142474701e-01 1.478364214611622984e-02 6.097536162297056972e-01
2.755369829906695878e-01 2.037983002421342449e-01 2.185281254739492376e-02 4.988119042198011499e-01
3.328148213345968887e-01 2.427931415371318291e-01 2.874342703589630524e-02 3.956486100923748417e-01
3.700975280209354290e-01 2.896719299574887496e-01 3.470563906155695738e-02 3.055249029600186628e-01
3.877115939141646539e-01 3.386378547777045833e-01 3.933448720372820229e-02 2.343160641044029213e-01
3.878479591144675109e-01 3.827888530685921720e-01 4.362311057966852118e-02 1.857400772372718167e-01
3.851110587084450865e-01 4.089834778386772229e-01 4.895767042997716673e-02 1.569477930229003781e-01
3.914493394267438697e-01 4.117833576997748657e-01 5.665193826237534952e-02 1.401153646111057971e-01
4.110205572186856893e-01 3.982155981804060829e-01 6.597752256154357231e-02 1.247863220393645028e-01
4.385872492322963057e-01 3.837889178435293647e-01 7.289234875727608476e-02 1.047314841668984392e-01
4.664453957117041250e-01 3.804605934339073126e-01 7.227510405712556096e-02 8.081890679726287663e-02
4.881661011858615673e-01 3.925468082835845141e-01 6.220281275644593683e-02 5.708427777410821080e-02
4.946818337404455534e-01 4.217754258637640974e-01 4.597136768319888545e-02 3.757137271259138045e-02
4.721191215615502812e-01 4.738671254376063402e-01 3.042134084223668128e-02 2.359241215860691590e-02
4.203901094364019264e-01 5.468180004874824141e-01 1.823222536598288063e-02 1.455966471013317096e-02
3.435547438108929597e-01 6.362500764930036912e-01 1.079659914725823212e-02 9.398580548845222871e-03
2.633294842125217250e-01 7.232235816554392072e-01 6.721422233148114864e-03 6.725511898890797723e-03
1.946654906255339823e-01 7.953398734338250620e-01 4.574214453353642011e-03 5.420421487287429944e-03
1.409343677287451246e-01 8.508637118783900499e-01 3.428818824086546976e-03 4.773101568778340478e-03
9.921554479197626508e-02 8.936491466711700138e-01 2.812265173223698397e-03 4.323043363630052656e-03
6.889422601996930684e-02 9.249664341169263615e-01 2.325960962874924938e-03 3.813378900229432312e-03
4.598526298582520516e-02 9.490005382612509699e-01 1.936583128088506999e-03 3.077615624835253107e-03
2.849932175208215457e-02 9.678065214258406712e-01 1.515096009496249771e-03 2.179060812580781333e-03
1.597061717637129896e-02 9.815691440728547823e-01 1.060836358805404556e-03 1.399402391968471030e-03
8.434618661612054702e-03 9.899360626809193819e-01 7.045501510243964071e-04 9.247685064443899716e-04
4.576513501317547306e-03 9.941980936711933836e-01 5.045913730446619817e-04 7.208014544441217371e-04
2.765190598551473412e-03 9.960711413530763947e-01 4.332874065716900251e-04 7.303806418004103263e-04
2.003814952913440459e-03 9.965396994104854800e-01 4.628792122010498881e-04 9.936064243997358002e-04
1.803923573818747321e-03 9.959378222724626362e-01 5.892425362743249897e-04 1.669011617444254554e-03
1.955880365393080494e-03 9.942465265041859901e-01 8.316792767962800058e-04 2.965913853624796426e-03
2.491087380980612411e-03 9.910236885889789349e-01 1.293553780350969410e-03 5.191670249689561353e-03
3.631001833134137220e-03 9.851302032157281952e-01 2.286818008926441975e-03 8.951976942211016183e-03
5.849417624686808342e-03 9.741324351423720218e-01 4.683127234470473889e-03 1.533501999847100908e-02
1.020751371209000294e-02 9.522796034664589016e-01 1.115488625466201991e-02 2.635799656678923519e-02
1.898904516957647740e-02 9.067967757302306531e-01 2.943639006429999219e-02 4.477778903589305082e-02
3.491416332977219372e-02 8.203729867815660048e-01 7.437843909564009759e-02 7.033441079302177323e-02
5.571501579954819122e-02 6.921545091532910199e-01 1.548320935155757527e-01 9.729838153158473779e-02
7.490487208942185615e-02 5.443618214322422100e-01 2.578141582626880535e-01 1.229191482156478388e-01
9.239230268436644800e-02 3.904999125912326230e-01 3.674181221604279624e-01 1.496896625639730083e-01
1.028780369959019086e-01 2.551056255074720669e-01 4.690051498596805035e-01 1.730111876369453960e-01
1.044035327667666158e-01 1.606536126902124995e-01 5.492130870675638876e-01 1.857297674754571637e-01
9.857675524347837837e-02 1.067818696922508137e-01 6.020284348561405485e-01 1.926129402081301623e-01
8.724826611036035073e-02 7.713924239112644743e-02 6.348698537687523791e-01 2.007426377297609199e-01
7.029118097027629852e-02 5.863395354540443249e-02 6.571602459495218262e-01 2.139146195347979007e-01
5.004473286430999313e-02 4.533574699147181059e-02 6.690463854327691751e-01 2.355731347114491947e-01
3.192711975462637908e-02 3.536868166063117380e-02 6.676932963100197238e-01 2.650109022747231258e-01
1.942883214058337138e-02 2.849184924233550895e-02 6.595633236753656314e-01 2.925159949417155403e-01
1.210308793253716056e-02 2.459433321333030775e-02 6.640468783890840498e-01 2.992557004650485131e-01
7.987511879251269972e-03 2.313053650508009595e-02 6.914510430343401293e-01 2.774309085813286280e-01
5.474194762547113062e-03 2.280111994568336312e-02 7.377519321187491208e-01 2.339727531730205479e-01
3.648257356692285753e-03 2.149459418517224440e-02 7.972330839502965727e-01 1.776240645078391578e-01
2.225792959757768360e-03 1.778047703409881344e-02 8.591227768476843440e-01 1.208709531584594293e-01
1.181476505166783502e-03 1.225342897016228408e-02 9.096439113128708120e-01 7.692118321180019258e-02
6.482067063134524078e-04 8.295029561853298899e-03 9.425746039075040272e-01 4.848215982432930310e-02
3.841730650562713198e-04 5.714367871887489868e-03 9.627585352777391359e-01 3.114292378531697755e-02
2.652242079258422276e-04 4.200212822978412024e-03 9.747897686051112398e-01 2.074479436398453044e-02
2.168847983152397390e-04 3.269750589789720621e-03 9.819335889812225160e-01 1.457977563067225368e-02
1.984395936233215483e-04 2.589794764242250077e-03 9.864231139093567746e-01 1.078865173277774279e-02
1.847882768140711430e-04 2.010615936420784115e-03 9.895727834340531937e-01 8.231812352712128411e-03
1.648397430990648240e-04 1.513417830050563196e-03 9.919043730699071970e-01 6.417369356943352504e-03
1.443341289075481871e-04 1.141191905303445657e-03 9.934171333008415816e-01 5.297340664947173053e-03
1.400940550004918224e-04 9.463934307298603249e-04 9.938202841982718416e-01 5.093228315997773079e-03
1.687362733061498253e-04 9.478598095599626927e-04 9.927444323171041862e-01 6.138971600029567710e-03
2.417249372513542098e-04 1.118425474473500785e-03 9.899920311081381596e-01 8.647818480136673300e-03
3.781242702331226360e-04 1.474632764601884870e-03 9.851520726923818083e-01 1.299517027278318873e-02
5.945606645864787848e-02 9.067279797191223067e-02 8.296374291565065118e-01 2.023370641293322642e-02
5.057722833960778125e-02 7.130759508359826304e-01 1.229683614102433263e-03 2.351171372103071644e-01
3.467697565689035338e-02 8.255792696951749221e-01 6.902857779753571047e-04 1.390534688699592292e-01
2.461696958971975810e-02 8.940363179715926645e-01 4.100391738520277806e-04 8.093667326483544588e-02
1.962256411685419505e-02 9.322726010792626861e-01 2.561775591234460663e-04 4.784865724475935445e-02
1.672133890379652252e-02 9.554320148775009569e-01 1.643846502676783847e-04 2.768226156843462890e-02
1.486960414844402424e-02 9.693414688767229004e-01 1.043641959115546578e-04 1.568456277892155484e-02
1.365697606744653222e-02 9.767583600995242143e-01 6.723294530010166011e-05 9.517430887729189104e-03
1.300166921640646261e-02 9.803736110675361770e-01 4.518853928646715545e-05 6.579531176770803298e-03
1.273604612417312751e-02 9.821477161549357904e-01 3.202920540567674875e-05 5.084208515485298327e-03
1.259646956430184213e-02 9.833475165991814038e-01 2.309743102287217819e-05 4.032916405493758467e-03
1.248188644996812632e-02 9.844818885195093516e-01 1.606692965955711514e-05 3.020158100863154851e-03
1.276503798073021917e-02 9.850898247370035721e-01 1.106862259898604653e-05 2.134068659666941981e-03
1.412442501993123670e-02 9.843409571542941494e-01 8.323694683181746918e-06 1.526294131091488881e-03
1.713835125944748392e-02 9.816972318034032918e-01 7.151318606239092395e-06 1.157265618543025379e-03
2.222684811374571814e-02 9.768473218211806142e-01 6.819053941962266023e-06 9.190110111317421893e-04
2.987789820532148199e-02 9.693762889375018288e-01 6.964238306253101068e-06 7.388486188702149057e-04
4.077282846017199480e-02 9.586363022610047135e-01 7.768046664284399645e-06 5.831012321589795809e-04
5.497056067209291769e-02 9.445920907520239940e-01 9.798313777136192905e-06 4.275502621061117825e-04
7.209977636455118521e-02 9.275965171787868835e-01 1.416613338313761010e-05 2.895403232787622356e-04
9.325899203213743049e-02 9.065097159363083579e-01 2.390632480997712347e-05 2.073857067442336731e-04
1.217936534725161529e-01 8.780410577641726277e-01 1.018609032502341806e-05 1.551026729857973862e-04
1.564531809946990148e-01 8.434052351528196212e-01 1.141133373811706896e-05 1.301725187433337835e-04
1.962445508124127935e-01 8.036308100902703755e-01 1.274199369840209072e-05 1.118971036181282678e-04
2.370863048808283524e-01 7.628053900884047556e-01 1.401604743689820968e-05 9.428898332993848760e-05
2.754085001747551553e-01 7.244979293112150387e-01 1.530735215946206745e-05 7.826316187041422760e-05
3.076146069591234600e-01 6.923023998604040941e-01 1.670433383954819033e-05 6.628884663272692393e-05
3.268232920840073996e-01 6.731014463921065616e-01 1.760595517227909915e-05 5.765556871364668106e-05
3.225878895226948484e-01 6.773450572408149517e-01 1.699768251907396940e-05 5.005555397126864562e-05
2.861519317299414666e-01 7.137910937502264241e-01 1.443970438109543151e-05 4.253481545078568202e-05
2.202862163757725311e-01 7.796670815132709098e-01 1.055032812107529727e-05 3.615178283543226095e-05
1.459527027013882150e-01 8.540072425271730827e-01 7.225523999421236286e-06 3.282924743938486604e-05
8.606098211696482092e-02 9.138561095736849049e-01 4.239969301630926109e-05 4.050861633434494203e-05
4.914168908325319135e-02 9.508097434104920698e-01 1.332983856512497280e-05 3.523766768956857994e-05
2.801951097169587748e-02 9.719421209026655184e-01 5.220594966566106204e-06 3.314753067199580734e-05
1.659528510531479290e-02 9.833726884872743268e-01 2.722802217805248280e-06 2.930360519285310055e-05
1.072041681350370187e-02 9.892514353665475824e-01 1.830012730721936415e-06 2.631780721804059868e-05
7.759852416820403088e-03 9.922127612635629479e-01 1.516511562921493940e-06 2.586980805354740980e-05
6.267779684706041229e-03 9.937022326933179217e-01 1.471351370671776109e-06 2.851627060550095819e-05
5.539338489346784002e-03 9.944241104907243223e-01 1.573819864756878284e-06 3.497720006433980390e-05
5.244181966194895461e-03 9.947072611228150452e-01 1.757068539800623368e-06 4.679984245027286915e-05
5.293243941461729316e-03 9.946367867892448311e-01 2.019075764729757885e-06 6.795019352900077937e-05
5.881480401441068449e-03 9.940055289754362589e-01 2.519622036880718898e-06 1.104710010857206721e-04
7.668518224059186171e-03 9.921170531824303751e-01 3.756519364322977785e-06 2.106720741460255196e-04
1.235413826176334946e-02 9.871635013373296630e-01 7.191051511625304745e-06 4.751693493954489917e-04
2.444414291554746627e-02 9.743267597950893144e-01 1.783126637645921961e-05 1.211266022986852344e-03
5.413935744241545056e-02 9.426669421935142124e-01 5.195939907043575643e-05 3.141740964999870881e-03
1.159473239435533792e-01 8.768114289538285755e-01 1.479752003272385812e-04 7.093271902290838350e-03
2.224552340563311914e-01 7.645736809775809384e-01 2.968627597755080292e-04 1.267422220631241915e-02
3.633976550908606939e-01 6.180111274107863428e-01 5.020015324791540518e-04 1.808921596587385883e-02
5.103051202867968650e-01 4.663721425766725881e-01 7.626985155270542271e-04 2.256003862100358637e-02
6.339309643916739567e-01 3.386012353086365612e-01 9.425560725469036985e-04 2.652524422714280794e-02
7.143590558306445182e-01 2.538854201956054490e-01 1.148134133590804525e-03 3.060738984015909034e-02
7.554479012164140306e-01 2.075598012101762257e-01 1.352862802413000659e-03 3.563943477099673629e-02
7.636409909418780950e-01 1.911743117304676998e-01 1.575740195354550632e-03 4.360895713229979292e-02
7.393149840878256995e-01 2.005145909984991093e-01 1.877542928869875604e-03 5.829288198480524902e-02
6.792402610378170946e-01 2.335828763678018949e-01 2.306788258280176480e-03 8.487007433610097018e-02
5.840543591862139561e-01 2.855835524612906906e-01 2.929795895451478820e-03 1.274322924570440441e-01
4.770629566880406069e-01 3.368233019545337492e-01 3.707792740428540214e-03 1.824059486169972155e-01
3.864941167124032462e-01 3.762107998183641944e-01 4.504598391401391615e-03 2.327904850778314549e-01
3.243532308841408640e-01 4.138237975851873363e-01 4.808477469332893099e-03 2.570144940613390827e-01
2.807911013391077848e-01 4.658934229316366582e-01 4.453166847549744518e-03 2.488623088817055462e-01
2.454665017729622811e-01 5.336847979196364111e-01 3.697516627572590767e-03 2.171511836798290518e-01
2.169255842664399025e-01 5.994888954855527308e-01 2.942993210293327975e-03 1.806425270377141346e-01
1.974651226014992600e-01 6.453237184396481974e-01 2.419872489996104017e-03 1.547912864688563428e-01
1.860668538581419784e-01 6.693070776592797699e-01 2.117731339162610190e-03 1.425083371434156532e-01
1.793014192783435601e-01 6.768758373077734536e-01 1.975590549295939621e-03 1.418471528645868784e-01
1.759851519375071616e-01 6.685590561363053963e-01 1.989900393892513834e-03 1.534658915322952843e-01
1.774883389315739801e-01 6.383075237889902498e-01 2.214368122614761205e-03 1.819897691568209686e-01
1.841251843900941765e-01 5.804950290517886247e-01 2.701061437603225618e-03 2.326787251205144347e-01
1.932982270337270936e-01 4.938789361440064640e-01 3.494092533337359377e-03 3.093287442889293692e-01
1.995259550551167216e-01 3.831149367403363093e-01 4.633587946353824941e-03 4.127255202581929239e-01
2.993038005823027425e-02 6.242546719927510868e-01 3.293672161278681787e-01 1.644773182115059212e-02
8.145921444911156939e-02 2.279804617744671247e-01 1.477987484607859447e-02 6.757804489303425033e-01
8.387069837108081238e-02 3.058555604048286969e-01 1.015675888099428111e-02 6.001169823430964056e-01
8.547286536215666086e-02 3.474716585727710139e-01 7.451503241029920795e-03 5.596039728240426170e-01
8.791122651070930327e-02 3.492639365931117235e-01 5.951339706910536986e-03 5.568734971892683738e-01
9.109035901394768597e-02 3.272040969979703728e-01 5.168693829915956515e-03 5.765368501581659144e-01
9.449825776512063569e-02 3.044283374857496005e-01 4.749670526301028907e-03 5.963237342228289162e-01
9.957990032065049124e-02 2.961044459122152972e-01 4.484690570066339130e-03 5.998309631970680789e-01
1.103538397309661162e-01 3.007580274005067777e-01 4.407890883410934060e-03 5.844802419851162778e-01
1.311326035655954736e-01 3.094739260478032716e-01 4.572837801455537955e-03 5.548206325851456899e-01
1.621770524672373759e-01 3.143151614963610174e-01 4.782672081866804967e-03 5.187251139545346890e-01
1.937139943106871987e-01 3.091762144863759998e-01 4.756358938151600269e-03 4.923534322647851180e-01
2.082023535714080942e-01 2.959137930737361644e-01 4.517676381548426517e-03 4.913661769733074225e-01
1.994265234772929218e-01 2.846234993120709267e-01 4.277539993799895149e-03 5.116724372168365287e-01
1.805557454942573192e-01 2.869058190201598801e-01 4.076410529164456106e-03 5.284620249564183636e-01
1.636623260134841829e-01 3.111043633619939297e-01 3.809547341955834675e-03 5.214237632825661217e-01
1.480396284449412847e-01 3.560839576259651751e-01 3.431439991337127508e-03 4.924449739377565471e-01
1.300455340520383363e-01 4.127488229408590170e-01 2.977635824421903752e-03 4.542280071826807486e-01
1.105539733458830859e-01 4.733345703697330875e-01 2.504819503991077313e-03 4.136066367803925559e-01
9.237233126493098190e-02 5.368202119792421234e-01 2.048597254469999417e-03 3.687588595013567283e-01
7.667515516989507895e-02 6.057888406920594049e-01 1.620616046843347847e-03 3.159153880912021206e-01
6.318134021218639595e-02 6.773369560155975133e-01 1.245880235685386346e-03 2.582358235365308508e-01
5.169067718811064249e-02 7.414677431920754236e-01 9.585110350474589655e-04 2.058830685847664876e-01
4.214953948572371101e-02 7.933813080729371636e-01 7.564857004919301863e-04 1.637126667408471681e-01
3.360222053372264456e-02 8.376520930485988892e-01 6.210257287790650746e-04 1.281246606888991613e-01
2.830782123618991175e-02 8.758460820325922880e-01 4.967356106741875350e-04 9.534936112054352708e-02
2.492424433876776202e-02 9.099222475915597075e-01 4.012495530843076890e-04 6.475225851658807097e-02
2.220938228744429033e-02 9.392572903361767755e-01 3.233020122763561764e-04 3.821002536410240957e-02
2.159323209599616281e-02 9.587640388197986585e-01 2.576372568662403683e-04 1.938509182733896830e-02
2.387622578670146184e-02 9.662907650515764058e-01 2.130076282787643027e-04 9.620001533443318584e-03
2.822390601729919332e-02 9.660032944174749003e-01 1.958269843259224658e-04 5.576972580900018545e-03
3.723377172228898441e-02 9.583970254219841278e-01 2.131828107306039813e-04 4.156020044996364127e-03
5.383252076352598031e-02 9.420416958030901622e-01 2.740210410978677282e-04 3.851762392286131424e-03
8.528316007282304989e-02 9.100771102008858859e-01 4.114881158408941701e-04 4.228241610450110370e-03
1.459467345667183613e-01 8.482012111367711604e-01 6.526454793155954436e-04 5.199408817194673023e-03
2.467778028594483364e-01 7.455468092626762466e-01 1.055764213734499768e-03 6.619623664141083101e-03
3.817606107400972615e-01 6.084245442843931873e-01 1.600205913254447920e-03 8.214639062255470886e-03
5.149595363344379173e-01 4.729800530520577584e-01 2.324052519427030096e-03 9.736358094077197933e-03
6.194493890778367540e-01 3.665417716982452556e-01 2.760954054089336234e-03 1.124788516982870926e-02
6.831218360088952002e-01 3.001746606702130893e-01 3.206787122927491976e-03 1.349671619796406416e-02
7.131164559982502427e-01 2.652218669128371120e-01 3.846234457621014458e-03 1.781544263129142269e-02
7.177671877341610385e-01 2.512332138855807862e-01 4.929034367267695095e-03 2.607056401299078646e-02
7.029635282673258878e-01 2.495330421160251444e-01 6.765331674161822149e-03 4.073809794248719335e-02
6.707251038941176580e-01 2.547372503129828325e-01 9.814113370690422111e-03 6.472353242220918457e-02
6.206158539273293195e-01 2.651607893968688789e-01 1.456201625556479556e-02 9.966134042023658268e-02
5.568893220770415597e-01 2.799143799296993085e-01 2.082763478300635879e-02 1.423686632102529048e-01
4.946668764585932521e-01 2.935763273380730398e-01 2.728526837494013590e-02 1.844715278283936000e-01
4.498486220232638666e-01 2.993517766007667835e-01 3.250194490528386659e-02 2.182976564706854972e-01
4.302753404096748557e-01 2.943493852898967922e-01 3.573518594251421515e-02 2.396400883579141439e-01
4.376503917470124794e-01 2.789953800432014019e-01 3.689085210023919370e-02 2.464633761095470221e-01
4.697929860828261028e-01 2.563627408859548984e-01 3.627375438278604425e-02 2.375705186484329545e-01
5.191930330985571329e-01 2.328899052227970112e-01 3.436016390839335966e-02 2.135568977702523574e-01
5.702980713627056053e-01 2.159585968376486753e-01 3.210242457336012073e-02 1.816409072262857305e-01
6.082471954441479589e-01 2.086219834192250266e-01 3.050369818702682728e-02 1.526271229496001247e-01
6.318552300519292286e-01 2.074691398944995546e-01 2.956026914244893472e-02 1.311153609111222473e-01
6.512866628793961832e-01 2.056297888335118784e-01 2.840645655993271138e-02 1.146770917271592582e-01
6.791245659117088884e-01 1.960853340250589272e-01 2.616651764922348078e-02 9.862358241400859260e-02
7.227910611754166936e-01 1.746618569546005417e-01 2.256870410104379332e-02 7.997837776893908235e-02
7.791018428957520170e-01 1.432508835944342751e-01 1.803981919174171139e-02 5.960745431807190631e-02
8.362797609200387505e-01 1.094104727421904982e-01 1.338689774339203893e-02 4.092286859437879037e-02
8.848329924177907868e-01 7.967520284136633824e-02 9.229761410185584672e-03 2.626204333065675078e-02
9.215887602722395711e-01 5.647465495258793128e-02 5.898814014832299939e-03 1.603777076033989502e-02
9.460022466777037176e-01 4.088057425816039175e-02 3.376821477889141790e-03 9.740357586246662161e-03
9.625407170738912166e-01 2.937032886902819426e-02 2.012629921342598723e-03 6.076324135737744096e-03
9.726271007178752814e-01 2.198579556487746320e-02 1.263964540710753098e-03 4.123139176536496850e-03
9.790517433139120929e-01 1.697620438845029445e-02 8.633115698782565248e-04 3.108740727759399212e-03
9.837006347436189069e-01 1.303219828432530814e-02 6.449059770520138186e-04 2.622260995003759029e-03
9.872666350592798068e-01 9.678949849248092915e-03 5.315721210150879368e-04 2.522842970457183764e-03
9.895070556045014731e-01 7.192343463045114751e-03 4.892520953177466672e-04 2.811348837135780807e-03
9.903421150667155448e-01 5.717236486106510619e-03 4.876693776830443808e-04 3.452979069494854867e-03
9.898343402543499092e-01 5.182360645739180448e-03 5.242237066781836206e-04 4.459075393232619922e-03
9.871921930267394396e-01 5.788243745122159493e-03 6.645600330096743330e-04 6.355003195128816444e-03
5.696708324941885948e-01 2.250217673942245811e-01 4.368713572271478232e-03 2.009386865393152366e-01
5.862214345768558266e-01 2.314712029132925120e-01 3.486152316718266371e-03 1.788212101931332954e-01
5.840587538963744052e-01 2.399786410739083997e-01 3.283759331258245037e-03 1.726788456984588160e-01
5.743589872053536105e-01 2.452859651774199623e-01 3.623290598135044029e-03 1.767317570190914122e-01
5.578690233181475833e-01 2.476033389671831730e-01 4.454020001536584603e-03 1.900736177131326921e-01
5.305466323380860771e-01 2.506907718487930148e-01 5.736136001415792149e-03 2.130264598117051766e-01
4.927755136116352408e-01 2.562998371759020455e-01 7.361684196227158937e-03 2.435629650162356996e-01
4.545667350719633237e-01 2.638555958091416964e-01 9.042516681747726423e-03 2.725351524371474876e-01
4.299239132667947993e-01 2.748887031320484398e-01 1.043672123844584416e-02 2.847506623627107936e-01
4.168506388558741449e-01 2.974570303731818299e-01 1.127399898775494937e-02 2.744183317831887514e-01
3.938841271347938711e-01 3.440648608891858640e-01 1.114383542159077048e-02 2.509071765544294008e-01
3.450158928968926064e-01 4.222949675098530142e-01 9.731368636472432707e-03 2.229577709567821808e-01
2.899154252171888269e-01 5.135010538158121252e-01 7.875969147590920413e-03 1.887075518194081813e-01
2.366518108633210993e-01 6.126488514674854891e-01 5.802748772131183577e-03 1.448965888970621119e-01
1.833478806184067889e-01 7.167450809076580942e-01 3.737159152838790549e-03 9.616987932109592740e-02
1.309446484529243337e-01 8.117775174093646573e-01 2.132095150399594772e-03 5.514573898731138513e-02
8.741287099085434664e-02 8.818504311854582500e-01 1.231932960870402161e-03 2.950476486281719199e-02
5.532966865158639447e-02 9.279218993015698747e-01 7.527863873346274512e-04 1.599564565950887043e-02
3.466499357183173979e-02 9.553618264690756368e-01 5.036647918956007643e-04 9.469515167196877400e-03
2.187033703179146887e-02 9.715921869782372378e-01 3.553206822945545744e-04 6.182155307676725185e-03
1.433130620209989090e-02 9.810445738104005553e-01 2.571718608999708808e-04 4.366948126599688035e-03
1.018576703286436062e-02 9.864700404546816737e-01 1.865037738934463693e-04 3.157688738560579956e-03
8.188793494304492937e-03 9.894168987543721094e-01 1.381664639307292873e-04 2.256141287392452420e-03
9.735308278245327074e-01 6.758446811488971924e-03 1.363903114103297287e-02 6.071694222945430222e-03
9.818934293753658338e-01 5.586875609006018185e-03 8.350342235620589193e-03 4.169352780007671601e-03
9.872566766431241092e-01 4.589014558066972609e-03 5.078644946814874113e-03 3.075663851994057084e-03
9.883132472309523742e-01 5.640847184693341398e-03 3.520404092766162788e-03 2.525501491587864040e-03
9.880100574661867530e-01 7.379936985594904436e-03 2.488883250802543124e-03 2.121122297415808152e-03
9.863764391302877188e-01 1.007627340249060699e-02 1.770084488090864711e-03 1.777202979130589403e-03
9.830703673966977307e-01 1.412391009072129500e-02 1.303772649037100023e-03 1.501949863543975295e-03
9.777255253527696865e-01 1.993828181521358975e-02 1.029404206972488233e-03 1.306788625044113172e-03
9.702178097020942582e-01 2.771307717229816447e-02 8.873086371943887879e-04 1.181804488413208589e-03
9.612833256585211483e-01 3.681549026087400228e-02 8.166057580506597656e-04 1.084578322554081422e-03
9.534834689539714025e-01 4.478564460919992607e-02 7.358994477832933373e-04 9.949869890454028729e-04
9.421794775868411742e-01 5.612306122076124448e-02 7.169765338563263615e-04 9.804846585414368765e-04
9.238710056503930401e-01 7.424036405556561080e-02 7.999218302331646477e-04 1.088708463808235822e-03
8.912662911564674939e-01 1.063939941054087013e-01 1.005981854633952559e-03 1.333732883489952437e-03
8.344999112258736362e-01 1.624922332298255057e-01 1.340454771406581012e-03 1.667400772894347787e-03
7.407041725809210275e-01 2.553560348715386286e-01 1.897027633565991469e-03 2.042764913974415546e-03
6.038668761422371078e-01 3.916046049312442712e-01 2.199466559504043104e-03 2.329052367014628182e-03
4.385451315999042143e-01 5.563076827795978563e-01 2.686203780791651674e-03 2.460981839706417786e-03
2.823734335730241352e-01 7.122128642390501696e-01 3.058089844072139820e-03 2.355612343853331642e-03
1.665269712347845488e-01 8.278409302692354421e-01 3.467984421388849506e-03 2.164114074590948403e-03
9.442063681748473492e-02 8.989849934420273136e-01 4.497599102364072642e-03 2.096770638123967700e-03
5.588741226853282534e-02 9.363178007996681984e-01 5.647720140065704865e-03 2.147066791733348579e-03
3.473995434686950184e-02 9.550076151164853533e-01 7.802288952486835169e-03 2.450141584158211251e-03
2.294170289671560933e-02 9.627737323707281636e-01 1.116829085116876653e-02 3.116273881387567665e-03
1.636393676227043681e-02 9.632970960889828405e-01 1.588205326860922875e-02 4.456913880137542555e-03
1.315169158508394144e-02 9.587291187615049060e-01 2.121490059329245170e-02 6.904289060118449367e-03
1.165453106839828973e-02 9.524596713761558364e-01 2.512789047124367944e-02 1.075790708420197583e-02
9.720737454518289453e-03 9.501979498597266094e-01 2.480018820182572359e-02 1.528112448392924053e-02
7.072919621139072029e-03 9.528504106348705260e-01 2.069463117465479216e-02 1.938203856933535391e-02
4.947615435711844034e-03 9.547268828355003345e-01 1.653176726128286964e-02 2.379373446750500040e-02
3.736553343812568356e-03 9.525587161877353548e-01 1.422096183828364981e-02 2.948376863016831037e-02
3.165315351136434741e-03 9.459810987791860137e-01 1.391305672067506827e-02 3.694052914900239348e-02
3.003853338251356950e-03 9.344808086706603012e-01 1.572979017035336033e-02 4.678554782073467144e-02
3.184184071463993636e-03 9.168849027998402512e-01 2.037172995429925582e-02 5.955918317439670706e-02
3.754527206117112652e-03 8.908087834672817618e-01 2.959841215712056758e-02 7.583827716948043918e-02
4.891143577149127675e-03 8.507608778385572501e-01 4.743566908441650826e-02 9.691230949987705845e-02
6.943648761715651672e-03 7.858974105769943597e-01 8.207419652016610667e-02 1.250847441411238881e-01
9.830628283134518544e-03 6.878323628496563202e-01 1.426976771278308243e-01 1.596393317393784428e-01
1.248546820527904680e-02 5.601667740498450510e-01 2.360933146644138836e-01 1.912544430804620776e-01
1.415548470547188346e-02 4.162326311896051290e-01 3.630242568168169370e-01 2.065876272881062015e-01
1.500154449833985063e-02 2.714133032063429374e-01 5.181760145197997769e-01 1.954091377755173831e-01
1.524253045153084983e-02 1.541640725939557865e-01 6.750764413705362399e-01 1.555169555839772955e-01
1.439542686403356975e-02 7.701608008909968661e-02 8.055174122149192373e-01 1.030710808319473121e-01
1.269718650048875207e-02 3.494139707895122654e-02 8.932235554566373414e-01 5.913786096392277536e-02
1.121092614332663481e-02 1.587998224344720072e-02 9.402600580355864324e-01 3.264903357763958291e-02
1.025454796016824974e-02 8.632213536955361810e-03 9.614154459755003268e-01 1.969779252737590206e-02
1.095177885417410873e-02 5.301317828482558434e-03 9.698028764697805837e-01 1.394402684756287578e-02
1.243435023952609540e-02 3.892106609830574271e-03 9.719270022711683499e-01 1.174654087947511576e-02
1.484933175204416339e-02 3.354442848027042266e-03 9.703001584976844729e-01 1.149606690224450403e-02
1.833692785232702085e-02 3.243930166899159327e-03 9.659480306403800398e-01 1.247111134039355709e-02
2.283403678360601194e-02 3.329238479676429642e-03 9.595899470135856868e-01 1.424677772313181177e-02
2.820467166848653756e-02 3.470653873573234342e-03 9.518506872779658456e-01 1.647398717997439893e-02
3.507707295555250598e-02 3.602400205502411922e-03 9.425314794452355205e-01 1.878904739370949525e-02
4.546492595413218624e-02 3.827668131587285989e-03 9.296976668685823508e-01 2.100973904569834738e-02
6.197494970069582221e-02 4.386526195962902989e-03 9.105682928472799142e-01 2.307023125606119315e-02
8.550978206476796128e-02 5.452206960874077593e-03 8.844977517482219831e-01 2.454025922613566404e-02
1.143022466954960875e-01 7.699066966159458930e-03 8.527599637924470066e-01 2.523872254589721101e-02
1.491819007924177765e-01 1.075103231781830183e-02 8.141191406640949646e-01 2.594792622566879231e-02
1.878530443917342529e-01 1.556603763369972596e-02 7.696107427817451274e-01 2.697017519282069245e-02
2.270362949452909562e-01 2.283537655364621666e-02 7.216965632315375245e-01 2.843176526952529912e-02
2.620601508903860899e-01 3.315411852499508538e-02 6.742388754095048897e-01 3.054685517511415704e-02
2.898171306223748522e-01 4.716179592476085064e-02 6.292219402038889964e-01 3.379913324897509258e-02
3.093158096924240597e-01 6.576339248125225023e-02 5.856758595911687459e-01 3.924493823515488172e-02
3.205288596079020058e-01 9.020999628224284084e-02 5.397692297454423915e-01 4.949191436441254671e-02
3.287546091745184862e-01 1.218960881969833182e-01 4.811545473382079496e-01 6.819475529029002392e-02
3.388328395044820085e-01 1.595545207571869573e-01 4.075709318306957041e-01 9.404170790763514975e-02
3.612948925642919806e-01 2.038142039162323116e-01 3.181052568829931260e-01 1.167856466364823598e-01
3.903399474746084841e-01 2.527585308504907702e-01 2.312645462985104539e-01 1.256369753763900976e-01
4.180171691298074088e-01 2.951674180886957322e-01 1.647749593235903198e-01 1.220404534579065947e-01
4.332523429198582576e-01 3.221358461997918532e-01 1.270474792517533036e-01 1.175643316285964884e-01
4.373559047227227325e-01 3.301088186868968433e-01 1.122836677548806061e-01 1.202516088354994850e-01
4.261964607813609196e-01 3.253392581050913446e-01 1.159977622064430752e-01 1.324665189071045635e-01
4.006248619706894165e-01 3.112491494972103312e-01 1.351198931380088730e-01 1.530060953940909629e-01
3.628789085101966627e-01 2.901727272410498659e-01 1.679509593581016424e-01 1.789974048906517456e-01
3.166934041890409057e-01 2.627945651075307421e-01 2.127483729854157957e-01 2.077636577180125843e-01
2.637181708672545755e-01 2.274319169284532705e-01 2.723920232605167580e-01 2.364578889437754794e-01
2.099304909149713461e-01 1.806017273181556582e-01 3.533425495159197571e-01 2.561252322509532386e-01
1.590780696959618878e-01 1.271362208266154648e-01 4.630451411291646169e-01 2.507405683482576975e-01
1.119823719433325343e-01 8.012836460352534829e-02 5.966721219559134592e-01 2.112171414972287553e-01
7.217103424651899468e-02 4.683112738897592109e-02 7.284140825619809245e-01 1.525837558025240903e-01
4.254377368649017027e-02 2.785993368603524589e-02 8.270160050206412095e-01 1.025802876068334646e-01
2.368703802868550937e-02 1.863212795905964947e-02 8.844462361323884858e-01 7.323459787986652536e-02
1.281124805656163809e-02 1.421402687570051150e-02 9.135697518047792842e-01 5.940497326295833547e-02
6.867395348094136945e-03 1.184853442201560560e-02 9.275562876156178138e-01 5.372778261427208629e-02
3.389013789724985241e-03 1.031511268607147348e-02 9.340580125018823621e-01 5.223786102232122475e-02
1.983814223301515276e-03 9.730018352792595485e-03 9.336515974315722222e-01 5.463456999233371608e-02
1.286190933354421084e-03 9.996068544312650822e-03 9.266420111571392892e-01 6.207572936519369089e-02
9.148603695043023513e-04 1.081052720337913851e-02 9.137719243885604747e-01 7.450268803855591981e-02
6.819907438559238456e-04 1.121252724329942912e-02 9.011485233973586251e-01 8.695695861548623229e-02
