2.639812103447915226e-03 9.636526729938006408e-01 1.939460157086451281e-02 1.431291333188693289e-02
4.728614000683853957e-01 5.125148095455754893e-01 4.751152813848648869e-03 9.872637572190555433e-03
3.980819301501339336e-01 5.890561865034498190e-01 4.529502637594570377e-03 8.332380708821513979e-03
3.224283261192353867e-01 6.665750148507757489e-01 4.031818583749052949e-03 6.964840446239540898e-03
2.366205197124932325e-01 7.546297499881255977e-01 3.208011673071954270e-03 5.541718626309337890e-03
1.495837285542522543e-01 8.439483485246128680e-01 2.295006843711319168e-03 4.172916077423595785e-03
8.071203808285544457e-02 9.146381604424373979e-01 1.593690461287907648e-03 3.056111013419223442e-03
3.901546097626766574e-02 9.578227483115069330e-01 9.718146942664464055e-04 2.189976017959105285e-03
1.721619401757414070e-02 9.806640079687231060e-01 5.815726186191780538e-04 1.538225395083644238e-03
7.287095037666830970e-03 9.912525128989395640e-01 3.465741491364722612e-04 1.113817914257261062e-03
3.178210461834065238e-03 9.956925072619802197e-01 2.168439579558497743e-04 9.124383182298828826e-04
1.606462136533563225e-03 9.972951123364994785e-01 1.548442951978822079e-04 9.435812317688411837e-04
3.030177516681104681e-06 9.988210627254504592e-01 1.126520864134258854e-04 1.063255010619485255e-03
4.417417180431638150e-06 9.982472264934890704e-01 1.106254300862465702e-04 1.637730659244206102e-03
8.145856641360854628e-06 9.973038149948005859e-01 1.268000200609081406e-04 2.561239128497286473e-03
1.164219140387982247e-03 9.944324943831707175e-01 1.902280851820151641e-04 4.213058391259330918e-03
1.374351313473196404e-03 9.921610175212640659e-01 2.726722206651527162e-04 6.191958944597632762e-03
1.543610128978298041e-03 9.895825270361653381e-01 4.131662379560956046e-04 8.460696596900470212e-03
1.761308539652825089e-03 9.862181767288139556e-01 6.852593021504991937e-04 1.133525542938273838e-02
2.251824355336058247e-03 9.804049612576161143e-01 1.305174998206260579e-03 1.603803938884141092e-02
3.408026920401123136e-03 9.694284697630359826e-01 2.834427274754797946e-03 2.432907604180815572e-02
6.015189264858792663e-03 9.492064033616354202e-01 6.560818606021034949e-03 3.821758876748474615e-02
1.167483147431829481e-02 9.137841537648552226e-01 1.499804873699877271e-02 5.954296602382738723e-02
2.332346391170789929e-02 8.559331814534169025e-01 3.217962425364894602e-02 8.856373038122618280e-02
4.517879048903840344e-02 7.719400298415119988e-01 6.261897661478896260e-02 1.202622030546605242e-01
7.893048208039216140e-02 6.732308625431446814e-01 1.069970721935922242e-01 1.408415831828710996e-01
1.279520640837422951e-01 5.702070916748183116e-01 1.633954587255228297e-01 1.384453855159166191e-01
1.905165830373143354e-01 4.654365760038152722e-01 2.258313035951548531e-01 1.182155373637155810e-01
2.525232618770359427e-01 3.626866207636955663e-01 2.903484170128281527e-01 9.444170034643969980e-02
2.922759801331100138e-01 2.827734372369323790e-01 3.501808740652332386e-01 7.476970856472404947e-02
3.005761433237320035e-01 2.303976630507100221e-01 4.075744423882281531e-01 6.145175123732978667e-02
2.803618477656000807e-01 1.936315621062674186e-01 4.726314785934466189e-01 5.337511153468566666e-02
2.392211301117620759e-01 1.596411883104156271e-01 5.530574789688923465e-01 4.808020260892988812e-02
1.926343133396623553e-01 1.221273853224439793e-01 6.410222249896174729e-01 4.421607634827623423e-02
1.491853167903297583e-01 9.010614870692468248e-02 7.182870396163654192e-01 4.242149488638013999e-02
1.156031885778001367e-01 6.788437548935861987e-02 7.731147805759682745e-01 4.339765535687272607e-02
9.048560620075281336e-02 5.352177408929358754e-02 8.093620285885700927e-01 4.663059112138359663e-02
7.259566152475176171e-02 4.378036825873805188e-02 8.334428755923500853e-01 5.018109462415999006e-02
6.030926081137315264e-02 3.660844052152679301e-02 8.521270564503918843e-01 5.095524221670823251e-02
5.031775451493623874e-02 3.036498795264987172e-02 8.721463491651889610e-01 4.717090836722499098e-02
3.979966114374898500e-02 2.395059133585833791e-02 8.965834516180590796e-01 3.966629590233387154e-02
2.930083339515883803e-02 1.788290564867180132e-02 9.215615265317854687e-01 3.125473442438393007e-02
1.985265214460799066e-02 1.280900957396398539e-02 9.430467638614363768e-01 2.429157441999144421e-02
1.352980106828977763e-02 9.479942943986416695e-03 9.567100576562262981e-01 2.028019833149759948e-02
9.631912318356257441e-03 7.406754270828646604e-03 9.638351455471695362e-01 1.912618786364575843e-02
7.029075124014789837e-03 6.077682593128348569e-03 9.666009911742450278e-01 2.029225110861193615e-02
5.281739980950833288e-03 5.535190408390469607e-03 9.652472842968007338e-01 2.393578531385795460e-02
4.050070203986956899e-03 5.874099910752161868e-03 9.597808884273458796e-01 3.029494145791493398e-02
2.933814648716505293e-03 6.909465975022073547e-03 9.525596079816929240e-01 3.759711139456842210e-02
1.885047079933433074e-03 8.099762091959606530e-03 9.487946976981026515e-01 4.122049313000445553e-02
1.082702834662206161e-03 8.418696588651214396e-03 9.533352768974096003e-01 3.716332367927675101e-02
5.739770391140346399e-04 7.200707432551232447e-03 9.653867567515396209e-01 2.683855877679490465e-02
2.924330363335394590e-04 5.036052859068753697e-03 9.785765583353291941e-01 1.609495576926859087e-02
1.543480502590152182e-04 3.044199718093540397e-03 9.878998519502033560e-01 8.901600281444019963e-03
8.924786337132244087e-05 1.700804899561173585e-03 9.932007600097831901e-01 5.009187227284370159e-03
5.755400529899545284e-05 9.144813787705835572e-04 9.960323728112819852e-01 2.995591804648334213e-03
2.725306986954283110e-06 3.384436131879405313e-06 9.981170670345599349e-01 1.876823222321161383e-03
1.286936603772869092e-06 1.539283951158835131e-06 9.986870310552176111e-01 1.310142724227457986e-03
7.309929094300776708e-07 8.369234397276619575e-07 9.990099435141626127e-01 9.884885694881751905e-04
4.871920042428291793e-07 5.269700988963275629e-07 9.992084274011238110e-01 7.905584367729973430e-04
3.621716327439368191e-07 3.608445196731673928e-07 9.993496021350425362e-01 6.496748488051094653e-04
2.879201408910454988e-07 2.545610885219558904e-07 9.994638737441594589e-01 5.355837746111399454e-04
2.379603500515208522e-07 1.802186884637756456e-07 9.995659347731242761e-01 4.336470478371749803e-04
2.174243736673548178e-07 1.389703509260496652e-07 9.996560076498940406e-01 3.436359553815850542e-04
2.562749297165094490e-07 1.386420451856879220e-07 9.997281935699111610e-01 2.714115131140200712e-04
4.260449241954497721e-07 1.984523965132095233e-07 9.997750733789537714e-01 2.243021237255208580e-04
8.727000445300202525e-07 3.643949656794177336e-07 9.997926960266944052e-01 2.060668782952887945e-04
1.748026566527367637e-06 6.870175233690110498e-07 9.997806158424101808e-01 2.169491134999167127e-04
1.283270433723452536e-03 5.085275230260738314e-05 9.981567797948075471e-01 5.090970191662506396e-04
1.720973531969801100e-03 6.335843814282083783e-05 9.975040837731457000e-01 7.115842567416191984e-04
2.331882136687600006e-03 8.292769445615458344e-05 9.965268894697185686e-01 1.058300699137765559e-03
3.226246753397252892e-03 1.105464897016396938e-04 9.950502227563948754e-01 1.612984000506569428e-03
9.623533789236130009e-02 8.993295183601435205e-01 4.306582162944659273e-03 1.285615845503883096e-04
8.993076850398740163e-03 3.791565459016000422e-02 6.857147705616103159e-04 9.524055537888794776e-01
1.034430121520681263e-02 5.348025401809673729e-02 7.242229129955053213e-04 9.354512218537009982e-01
1.462751843188456885e-02 7.925448475063621989e-02 1.005838851569949973e-03 9.051121579659093808e-01
2.389655013889543586e-02 1.199712259074582898e-01 1.703096448318426517e-03 8.544291275053277346e-01
4.171955943285270141e-02 1.767506567771873482e-01 3.233538408281278354e-03 7.782962453816785198e-01
7.053048883203694164e-02 2.424853771507387845e-01 6.111063809210277691e-03 6.808730702080137975e-01
1.075872323362966343e-01 3.095795646009942836e-01 1.031874037968280935e-02 5.725144626830263039e-01
1.452584977201467342e-01 3.771877291969479296e-01 1.506322700510718225e-02 4.624905460777982702e-01
1.743662148755518171e-01 4.475162013827241880e-01 1.925924636195314177e-02 3.588583373797709641e-01
1.903580400827819818e-01 5.185856375834114740e-01 2.222136667164700818e-02 2.688349556621594250e-01
1.939884391800591190e-01 5.832739918708171878e-01 2.401765773391897896e-02 1.987199112152050196e-01
1.944211103327498080e-01 6.288563835823335335e-01 2.558105702606477613e-02 1.511414490588516846e-01
2.004771396887885526e-01 6.491516981636035188e-01 2.809193792512778773e-02 1.222792242224804565e-01
2.200102223812952507e-01 6.424207987982091250e-01 3.254522909816952997e-02 1.050237497223261013e-01
2.539902388965138980e-01 6.170766394408424560e-01 3.826304496382878367e-02 9.067007669881493870e-02
2.906282185807753105e-01 5.935638711990696148e-01 4.184555076236286947e-02 7.396235945779221221e-02
3.122176547539994851e-01 5.923661246591078733e-01 3.974829641145662118e-02 5.566792417543575677e-02
3.049026536751414107e-01 6.248983755662093076e-01 3.155663158942708518e-02 3.864233916922190509e-02
2.683048299750129262e-01 6.848880492407006804e-01 2.156780949229665512e-02 2.523931129198996384e-02
2.044740475448968697e-01 7.674125110931485638e-01 1.251895359588607072e-02 1.559448776606852348e-02
1.330118075172786185e-01 8.512480226146602602e-01 6.511811491664037770e-03 9.228358376397054891e-03
7.971782688034663444e-02 9.113747764949697849e-01 3.260883752931699638e-03 5.646512871752038844e-03
4.698307141192266390e-02 9.474178943362687733e-01 1.772035701061873414e-03 3.826998550746822138e-03
2.896057098367314439e-02 9.669883908379213189e-01 1.107190018376333308e-03 2.943848160029177187e-03
1.907007082069369155e-02 9.776357116967143712e-01 7.948645122078673185e-04 2.499352970384174748e-03
1.333362649645335012e-02 9.838012936829128030e-01 6.357507936011372015e-04 2.229329027032691569e-03
9.818766984802450998e-03 9.876312150998345363e-01 5.470322655406206639e-04 2.002985649822528347e-03
7.422541792296308803e-03 9.903398414783793902e-01 4.852743808980142497e-04 1.752342348425960008e-03
5.290197838375545157e-03 9.928635300755083160e-01 4.099753769988459095e-04 1.436296709117200173e-03
3.248994773492460027e-03 9.953331073223358194e-01 3.078902506958800791e-04 1.110007653475689887e-03
1.793841249603019038e-03 9.970973059070545874e-01 2.170347806968884660e-04 8.918180626452235950e-04
1.723246424821867519e-06 9.992275949686665326e-01 1.369983749125516250e-04 6.336834099961592128e-04
1.296012433527611377e-06 9.989824499912887124e-01 1.266811609174157743e-04 8.895728353603672917e-04
2.240131695755607007e-06 9.983150382568767300e-01 1.454017215467522236e-04 1.537319889880762059e-03
6.893130502255287279e-06 9.967606486583991954e-01 2.009275287835889871e-04 3.031530682314971178e-03
2.608305209091265242e-05 9.934587544783440860e-01 3.174968617014412237e-04 6.197665607863387868e-03
1.047984220344713681e-03 9.858476130872354526e-01 6.139263420274738243e-04 1.249047635039252785e-02
1.827106993000403258e-03 9.722830640811460645e-01 1.225543433406903844e-03 2.466428549244656376e-02
3.369298978065832922e-03 9.467466448584251903e-01 2.815345860241287839e-03 4.706871030326782723e-02
6.277922523452037808e-03 9.002840279878117080e-01 7.367043306073461917e-03 8.607100618266270986e-02
1.145418196558291649e-02 8.192343498059545537e-01 2.095187015063958158e-02 1.483595980778227852e-01
2.063657542830922217e-02 6.907703238531863743e-01 5.667727713871233836e-02 2.319158235797920131e-01
2.853654131308773489e-02 5.288633845148944523e-01 1.211958265902132320e-01 3.214042475818049138e-01
3.091771117925632556e-02 3.682047734173241604e-01 1.950388072334083289e-01 4.058387081700113863e-01
2.899923136140444141e-02 2.325400380951603008e-01 2.554574772649226833e-01 4.830032532785125676e-01
2.546412165895081681e-02 1.356295534308356032e-01 3.004197041086130726e-01 5.384866208016004796e-01
2.134365589905872634e-02 8.166105411302557182e-02 3.292304078173386439e-01 5.677648821705769677e-01
1.760745746051658664e-02 5.384422457374714310e-02 3.440497938431256730e-01 5.844985241226104966e-01
1.429560608338942447e-02 3.990000446518183336e-02 3.500896353994247812e-01 5.957147540520039142e-01
1.116201865818743609e-02 3.229011606221553893e-02 3.576762803112516487e-01 5.988715849683453607e-01
8.194629251250678398e-03 2.761854536797206383e-02 3.726277360306636255e-01 5.915590893501134762e-01
5.660707861787486923e-03 2.435564198453909687e-02 3.915626806688854433e-01 5.784209694847877170e-01
3.823925550737872995e-03 2.225531462267395580e-02 4.072846332119603452e-01 5.666361266146279219e-01
2.702036975045665843e-03 2.196558969665079672e-02 4.241510388585937874e-01 5.511813344697098493e-01
2.081594144628208260e-03 2.403667459845167456e-02 4.510212830371866377e-01 5.228604482197333203e-01
1.714779007027669938e-03 2.822480306165249184e-02 4.939300678800325750e-01 4.761303500512875653e-01
1.429311468052934684e-03 3.276371839399246089e-02 5.660380195634869827e-01 3.997689505744676519e-01
1.145245948564099477e-03 3.414719231478968026e-02 6.730184593620391897e-01 2.916891023746071565e-01
8.527475062567464303e-04 3.023316435978620070e-02 7.865215267932111898e-01 1.823925613407459123e-01
5.966119026043102333e-04 2.367145440261819375e-02 8.707909314343834639e-01 1.049410022603940729e-01
5.082085653986058741e-04 1.770971606416781724e-02 9.206363128326870982e-01 6.114576253774618719e-02
3.896284424805294207e-04 1.401668249873941514e-02 9.471144573460286153e-01 3.847923171275125648e-02
3.296914277101806526e-04 1.126888698535450165e-02 9.617894821866806998e-01 2.661193940025455285e-02
3.014285295268726689e-04 8.884298516114856256e-03 9.712184872897133836e-01 1.959578566464494076e-02
2.821030107375521972e-04 6.685259209024780810e-03 9.783043549268526373e-01 1.472828285338491187e-02
2.597147652509240170e-04 4.795563172308067203e-03 9.838375165272282841e-01 1.110720553521289851e-02
2.409637898735891869e-04 3.382865000102693118e-03 9.877580527547534794e-01 8.618118455270171521e-03
2.500393022957464548e-04 2.545444469307418019e-03 9.897724157701206504e-01 7.432100458276089464e-03
3.168513200306138726e-04 2.243543921047980259e-03 9.897488001047667350e-01 7.690804654154608823e-03
4.690829424164643714e-04 2.323236006234627189e-03 9.879392211036280846e-01 9.268459947720972605e-03
7.521348101191215312e-04 2.733148005900582021e-03 9.842128132176890531e-01 1.230190396629105010e-02
9.749074675230365306e-02 1.980663361715758186e-01 6.367476561288799575e-01 6.769526094724075127e-02
3.054636500972980617e-02 4.888690207778071950e-01 1.457602935626382042e-03 4.791270112768369893e-01
1.805302954069091387e-02 6.519493706839180058e-01 8.706276910286083696e-04 3.291269720843628122e-01
1.002028387522954818e-02 7.908879515739214439e-01 5.169637980218904890e-04 1.985748007528270742e-01
5.160549120674970403e-03 8.863710684377030802e-01 3.154622568557344589e-04 1.081529201847663268e-01
3.018719043128845116e-03 9.436389157424923679e-01 1.816382241734687943e-04 5.316072699020520098e-02
1.834522481086498652e-03 9.740252460631945164e-01 1.010998230892877286e-04 2.403913163262959979e-02
1.186613904029819094e-03 9.877904010422697834e-01 5.603896134241846618e-05 1.096694609235802226e-02
8.371154632101580938e-04 9.936095527438886243e-01 3.244007561777384382e-05 5.520891717283557196e-03
6.517376023182336981e-06 9.968391849235861413e-01 2.229522358950260767e-05 3.132002476801089546e-03
2.748701835341441551e-06 9.980671613147333865e-01 1.373448913272075762e-05 1.916355494298657139e-03
1.296658224258296432e-06 9.988332479042650869e-01 8.793327130989350680e-06 1.156662110379544405e-03
8.215351405900436630e-07 9.993152438079826450e-01 5.964484500208709258e-06 6.779701723765304373e-04
9.709491036918698762e-07 9.995891973582692325e-01 4.646969094838604601e-06 4.051847235323786521e-04
1.269210674087948437e-03 9.982237001570141155e-01 4.229430761077425372e-06 5.028597381367013158e-04
2.247126819000410357e-03 9.972549896510958245e-01 4.195683454338698647e-06 4.936878464495009092e-04
4.114003723230241077e-03 9.954050851769067343e-01 4.400678607738408667e-06 4.765104212550270936e-04
7.635078454607510494e-03 9.919160022080976136e-01 4.860038757301361550e-06 4.440592985374794714e-04
1.438045964718258699e-02 9.852221758996300149e-01 5.566552396155466011e-06 3.917979007915366207e-04
2.684354628629848777e-02 9.728264168894946717e-01 6.595894373928772102e-06 3.234409298328212333e-04
4.851454652334682288e-02 9.512020577021356171e-01 9.732174144876303850e-06 2.736636003726014045e-04
8.303592748211113816e-02 9.166881868695907487e-01 2.171648700312832540e-05 2.541691612949693499e-04
1.345027803708752634e-01 8.652458116020819157e-01 1.110043346246499154e-05 2.403075935804894635e-04
1.998892980260242036e-01 7.998649651239798652e-01 1.359883474666515780e-05 2.321380152491810470e-04
2.731726720992492252e-01 7.265933117884930681e-01 1.622848424919915827e-05 2.177876280082621677e-04
3.457307835246430927e-01 6.540500130243942500e-01 1.871925433783186378e-05 2.004841966247157363e-04
4.077354808271840825e-01 5.920550845212705360e-01 2.105688443827542761e-05 1.883777671071040370e-04
4.463247248092121477e-01 5.534678961676927633e-01 2.294636423103594360e-05 1.844326588640505019e-04
4.479684129043037810e-01 5.518210542941944796e-01 2.367129219151031024e-05 1.868615093101378723e-04
4.030264967873992132e-01 5.967569541709065728e-01 2.278141654236769719e-05 1.937676251520023389e-04
3.138747741032969496e-01 6.858992930144012234e-01 2.030130003231330228e-05 2.056315822695975654e-04
2.075426984620282189e-01 7.922138151327263733e-01 1.702921420942805713e-05 2.264571910360914093e-04
1.201329796017166912e-01 8.795945994051310723e-01 1.458650527481990448e-05 2.578344878776829400e-04
6.324208302099181001e-02 9.364426010542176160e-01 2.355583766537220703e-05 2.917600871251129629e-04
3.215177306757314307e-02 9.675351697601183298e-01 1.064890764978594485e-05 3.024082646587701009e-04
1.687742751538151564e-02 9.828253717685216939e-01 6.416489026949801019e-06 2.907842270699551642e-04
1.001379179930567825e-02 9.897016631073976001e-01 4.692073418190568296e-06 2.798530198786962830e-04
7.005428744014559339e-03 9.927035335824409001e-01 4.094774469065627038e-06 2.869428990756995690e-04
5.718559994574949970e-03 9.939562133102259889e-01 4.161768801884525505e-06 3.210649263972814517e-04
5.250491542251638048e-03 9.943541209719465312e-01 4.691168343053245460e-06 3.906963174586623863e-04
5.221953786828480507e-03 9.942660868077054515e-01 5.558737248745930506e-06 5.064006682173253886e-04
5.550130516796096709e-03 9.937548847095223348e-01 6.798265334423805757e-06 6.881865083472378129e-04
6.477576705404484471e-03 9.925199100063477609e-01 8.984486727605011855e-06 9.935288015202093943e-04
8.845934414046548525e-03 9.895610436677896304e-01 1.404949728885097273e-05 1.578972420875051925e-03
1.500103378581916190e-02 9.821475035786304542e-01 2.797699727574381556e-05 2.823485638274569626e-03
3.166264145745249087e-02 9.627022429021750982e-01 7.095950962990598028e-05 5.564156130742742810e-03
7.567816693928722249e-02 9.130166918044629876e-01 2.009392263499048517e-04 1.110420202989987129e-02
1.747899383052794742e-01 8.050791205216896174e-01 4.965956726950259423e-04 1.963434550033544071e-02
3.399072201356619360e-01 6.316776986610040945e-01 9.466486293917704929e-04 2.746843257394229396e-02
5.328937424946504908e-01 4.354658994923362725e-01 1.345768061844084982e-03 3.029458995116889042e-02
6.958190721139958512e-01 2.738245882689033794e-01 1.530453426688906842e-03 2.882588619041183756e-02
8.020252129401431729e-01 1.701954329038136426e-01 1.677879325391041761e-03 2.610147483065208135e-02
8.627529538363716277e-01 1.115635326024351504e-01 1.835079873108691343e-03 2.384843368808478234e-02
8.953860983357222469e-01 8.005493892995428629e-02 1.997298967348513574e-03 2.256166376697488901e-02
9.101635984975934290e-01 6.448787163378029430e-02 2.213476094689354693e-03 2.313505377393695883e-02
9.098175653027437138e-01 6.002444228845555535e-02 2.232415468165975352e-03 2.792557694063487958e-02
8.928069517487629003e-01 6.538822929310313115e-02 3.411287285458696004e-03 3.839353167267527123e-02
8.533603291040688932e-01 8.096951388489573298e-02 4.769683633129933285e-03 6.090047337790551601e-02
7.903418032872213672e-01 1.049984021766795089e-01 6.515418621825705761e-03 9.814437591427339902e-02
7.114448778013738872e-01 1.367153650611890592e-01 8.302206228617067460e-03 1.435375509088202550e-01
6.349989878061751414e-01 1.755355875742074523e-01 9.217105944716526972e-03 1.802483186749010702e-01
5.649977554031290206e-01 2.270414571283967398e-01 9.190175422786892381e-03 1.987706120456873282e-01
5.059849428839953145e-01 2.867047100736636045e-01 8.338375621574961941e-03 1.989719714207661694e-01
4.512714485075478565e-01 3.521520473499068493e-01 7.560671203450187831e-03 1.890158329390948244e-01
4.058746774367796850e-01 4.081219522729699345e-01 6.979737901125313872e-03 1.790236323891251369e-01
3.663993075734561788e-01 4.531003157734029285e-01 6.620413747024904080e-03 1.738799629061157925e-01
3.295777988187905683e-01 4.888870961908007295e-01 6.474125847376969653e-03 1.750609791430319806e-01
2.960479036927666785e-01 5.117992944013677326e-01 6.635082604066737215e-03 1.855177193017992499e-01
2.695414611051301090e-01 5.112977922162520450e-01 7.306022147332360411e-03 2.118547245312856209e-01
2.520141364983998766e-01 4.768869300288543500e-01 8.644254657379066634e-03 2.624546788153667154e-01
2.403674744604177294e-01 4.028705951612608360e-01 1.066679513293974056e-02 3.460951352453817131e-01
2.257721762084801687e-01 2.940637272252027978e-01 1.311807101605304976e-02 4.670460255502639768e-01
3.905569758814706610e-02 6.811209469255448123e-01 2.692027561229535237e-01 1.062059936335472791e-02
1.547008737746067009e-01 3.258978116003921066e-01 2.848567738910707386e-02 4.909156372358942644e-01
1.432211155105295453e-01 4.573530754867020653e-01 1.970209088844771667e-02 3.797237181143206519e-01
1.347947221514645966e-01 5.452581829203944075e-01 1.397820425700727412e-02 3.059688906711336975e-01
1.319622126939643814e-01 5.878599705518999796e-01 1.073347407459348743e-02 2.694443426795420926e-01
1.326997836950792042e-01 5.999045867056379544e-01 9.022494912087382010e-03 2.583731346871957490e-01
1.331353779981477026e-01 6.008107432491929245e-01 7.943520700800090623e-03 2.581103580518592233e-01
1.326793252556384972e-01 6.045900903881806787e-01 6.892866171068413872e-03 2.558377181851122506e-01
1.378133956396920268e-01 6.060529944132608815e-01 5.977035535235129989e-03 2.501565744118124379e-01
1.575526435690010330e-01 5.924976144703650860e-01 5.558567026783580931e-03 2.443911749338502637e-01
1.958664631596501449e-01 5.601404989055739359e-01 5.181907900264863011e-03 2.388111300345109878e-01
2.424682686184493896e-01 5.151762362605952772e-01 5.033983860309676484e-03 2.373215112606457955e-01
2.712991059839316987e-01 4.753428787522367416e-01 5.018641221445146842e-03 2.483393740423866791e-01
2.670662517805855729e-01 4.533380949399000159e-01 5.207599977884718769e-03 2.743880533016296308e-01
2.416915710815657758e-01 4.512992902035474763e-01 5.642202465881880624e-03 3.013669362490049020e-01
2.122608918978287074e-01 4.716945408292378406e-01 5.187163469731566855e-03 3.108574038032018705e-01
1.801115062687087542e-01 5.132620907116759446e-01 4.663817036716219264e-03 3.019625859828993231e-01
1.445706293384926011e-01 5.672696819044376060e-01 4.034182514363830914e-03 2.841255062427058831e-01
1.096198019801346013e-01 6.257685148022950061e-01 3.404909686202461840e-03 2.612067735313680084e-01
8.030855294222048746e-02 6.859169762582136842e-01 2.798312999068054696e-03 2.309761578004977944e-01
5.813041725270497867e-02 7.479905587114085153e-01 2.216908080318798994e-03 1.916621159555680631e-01
4.206200994279362532e-02 8.080661083742128881e-01 1.696715920526955124e-03 1.481751657624668372e-01
3.035961531462287588e-02 8.590470443209244911e-01 1.290904633544832968e-03 1.093024357309077127e-01
2.273343552529425576e-02 8.973026022396392021e-01 9.857981661438109180e-04 7.897816406892267660e-02
1.708254602126341171e-02 9.265396443276904259e-01 7.583956517590239536e-04 5.561941399928706925e-02
1.291575921165050503e-02 9.491087159527524797e-01 5.821148229071729631e-04 3.739341001268960824e-02
1.013644942405126856e-02 9.657520142109893291e-01 4.516730600193248342e-04 2.365986330494057252e-02
8.632774891733823244e-03 9.770910140007723621e-01 3.578383797692475418e-04 1.391837272772473121e-02
8.110333334171177661e-03 9.839612457594034689e-01 2.837437939562828092e-04 7.644677112469335824e-03
8.526728741816282792e-03 9.868947925822998402e-01 2.340085073775684396e-04 4.344470168506311784e-03
1.054394921433960547e-02 9.862199146619141654e-01 2.239919257728199939e-04 3.012144197973623191e-03
1.500730621750979814e-02 9.820835230136955030e-01 2.577266253717200176e-04 2.651444143423234423e-03
2.427041225513168130e-02 9.725286928999504754e-01 3.515883750304953830e-04 2.849306469887455135e-03
4.483777416530634885e-02 9.509940620996680805e-01 5.558014158793246574e-04 3.612362319146154854e-03
9.039230997277887536e-02 9.034782693649269225e-01 9.684516360264631063e-04 5.160969026267780979e-03
1.817048795059853228e-01 8.087567607103509637e-01 1.657749341453723397e-03 7.880610442210143202e-03
3.177352627557055165e-01 6.677418545641198300e-01 2.621261750333515102e-03 1.190162092984099057e-02
4.596433274878793940e-01 5.193107876918212629e-01 3.675920278092030796e-03 1.736996454220694416e-02
5.620016522687267813e-01 4.083207307108259188e-01 4.608937880372966818e-03 2.506867914007427853e-02
6.137304727922517911e-01 3.433575519524141306e-01 5.567317639347629972e-03 3.734465761598652206e-02
6.180537844995606100e-01 3.163645979604992609e-01 7.154169647568955209e-03 5.842744789237122593e-02
5.800887516440813574e-01 3.165401044988958579e-01 1.011766235228624654e-02 9.325348150473665443e-02
5.036643587133191602e-01 3.381268936808512482e-01 1.496452468728973889e-02 1.432442229185400540e-01
4.076952408279790330e-01 3.664692282200245343e-01 2.056584488782709982e-02 2.052696860641691490e-01
3.164752716348478989e-01 3.837134608823560278e-01 2.468122845586516109e-02 2.751300390269307838e-01
2.465788298799927170e-01 3.786841791333152019e-01 2.650510345180163291e-02 3.482318875348904830e-01
2.014001628022679680e-01 3.576163750148954601e-01 2.718574307790768904e-02 4.137977191049286851e-01
1.788650064439535892e-01 3.322309085957603214e-01 2.787304096488772698e-02 4.610310439953982375e-01
1.772425880657293729e-01 3.094977766642466044e-01 2.895959267934066286e-02 4.843000425906836548e-01
1.978542294978491434e-01 2.903138816002008293e-01 3.047353951429273775e-02 4.813583493876573693e-01
2.461130452197521912e-01 2.717367661134163503e-01 3.215280087938902909e-02 4.499973877874421935e-01
3.273650729753428412e-01 2.510377957387908143e-01 3.304329103604723011e-02 3.885538402498192045e-01
4.307548186071986640e-01 2.286819497475842400e-01 3.222105355739152133e-02 3.083421780878258245e-01
5.255946880572524016e-01 2.102861053179925221e-01 3.041623524046606006e-02 2.337029713842887768e-01
5.999694533436616961e-01 1.942247813184016791e-01 2.817876513782524919e-02 1.776270002001116288e-01
6.597757357050065830e-01 1.782021794082578603e-01 2.559816489736606651e-02 1.364239199893694243e-01
7.197087243854960459e-01 1.560047585858679031e-01 2.211936105987220152e-02 1.021671559687639258e-01
7.857313230256671721e-01 1.254285572761333900e-01 1.768579162743617178e-02 7.115432807076345345e-02
8.500438603398685622e-01 9.169840742716955928e-02 1.299969733741835644e-02 4.525803489554364872e-02
9.013024803439638744e-01 6.286257702937940450e-02 8.936207582035029379e-03 2.689873504462182013e-02
9.365952177950938040e-01 4.220540012253506945e-02 5.815072193263563262e-03 1.538430988910748434e-02
9.592462215571907480e-01 2.880559812002137995e-02 3.248268257679519117e-03 8.699912065108403661e-03
9.721972099442139914e-01 2.086103108737001263e-02 1.949909239266353362e-03 4.991849729149509460e-03
9.790488851859919794e-01 1.664989829142219172e-02 1.217861349246826324e-03 3.083355173339017048e-03
9.821846592997448555e-01 1.485025314649758045e-02 8.390402902316929437e-04 2.126047263525925306e-03
9.830299008218500445e-01 1.464039961486386307e-02 6.598718175892667129e-04 1.669827745697043857e-03
9.826020939137637411e-01 1.530665002296949413e-02 5.910787968495563724e-04 1.500177266417197439e-03
9.817942927594686120e-01 1.606632230240684703e-02 5.922661658817232177e-04 1.547118772242915552e-03
9.808941441156719954e-01 1.662097722819634582e-02 6.505046602567928068e-04 1.834373995874783716e-03
9.794633775635688266e-01 1.740785975199232380e-02 7.461181394137963042e-04 2.382644545024880864e-03
9.763922382678559275e-01 1.947411452330057371e-02 8.895608190043183174e-04 3.244086389839077444e-03
9.686686320150968976e-01 2.523549074775288670e-02 1.221158869877173514e-03 4.874718367272985568e-03
3.987138912804271129e-01 4.239616580731133677e-01 1.005757330224535569e-02 1.672668773442138879e-01
3.874150943018348503e-01 4.603369228044408290e-01 6.639892111170128328e-03 1.456080907825542670e-01
3.586041599262901336e-01 5.041369581663636135e-01 4.747132730807487704e-03 1.325117491765388789e-01
3.307600477019621010e-01 5.422833002689632087e-01 3.863071668322548818e-03 1.230935803607519502e-01
3.105744783680274845e-01 5.677047759713120811e-01 3.708065314923870374e-03 1.180126803457364482e-01
2.944487594214862947e-01 5.834378137728222224e-01 4.094691498055374849e-03 1.180187353076362633e-01
2.769151338694939568e-01 5.966551755415400171e-01 4.860907418645869955e-03 1.215687831703202298e-01
2.546664523517780943e-01 6.152723534662980498e-01 5.713181553429360834e-03 1.243480126284946252e-01
2.247113476890814365e-01 6.491291683306814608e-01 6.085674303560532732e-03 1.200738096766762741e-01
1.802251654554868077e-01 7.088674061984346908e-01 5.473137949371380435e-03 1.054342903967070283e-01
1.227958209651389965e-01 7.883051326597154684e-01 4.183809733187944524e-03 8.471523664195786119e-02
7.296396710308869493e-02 8.580204569727116759e-01 3.108379290367395149e-03 6.590719663383230731e-02
4.142824245413286727e-02 9.064704049419378684e-01 2.417360443215507172e-03 4.968399216071372332e-02
2.279551095400330143e-02 9.414618433137414977e-01 1.846882363239413802e-03 3.389576336901598680e-02
1.221573748627983839e-02 9.665339076938863627e-01 1.297131614257665110e-03 1.995322320557641610e-02
5.913830294075504528e-03 9.829755784896768711e-01 8.272690554698682247e-04 1.028332216077817822e-02
2.942000326387785459e-03 9.913627353423810629e-01 5.234021945219462539e-04 5.171862136709278607e-03
1.588164791086954172e-03 9.952514291610902175e-01 3.514387300087396340e-04 2.808967317813779088e-03
9.107397002396740073e-04 9.971531236154567157e-01 2.518515204230730017e-04 1.684285163880497706e-03
1.296992715984563752e-06 9.988455204727382242e-01 1.651491660362565622e-04 9.880333685095036515e-04
5.664400633100804966e-07 9.992168123583797801e-01 1.256331963068420873e-04 6.569880052500318059e-04
2.512447687607935083e-07 9.994881717278115696e-01 9.403004736854415175e-05 4.175469800509765475e-04
1.219472148059748073e-07 9.996845686759284755e-01 7.078922585992185952e-05 2.445201509968639077e-04
9.950709533451213007e-01 4.795899964263755384e-04 3.131882324816615340e-03 1.317574333635584830e-03
9.962490311193412662e-01 6.310981897930533109e-04 2.042691155786556956e-03 1.077179535079060427e-03
9.967399491661975697e-01 8.590600118937467616e-04 1.429081058977197489e-03 9.719097629314172281e-04
9.967561817986146933e-01 1.227080476202048031e-03 1.064156304055793260e-03 9.525814211273496597e-04
9.963841193496431048e-01 1.838349967696120040e-03 8.070963545313005697e-04 9.704343281293398337e-04
9.955113514090565552e-01 2.869403266771851108e-03 6.158756183929726740e-04 1.003369705778900649e-03
9.938286456446880912e-01 4.622489969955098470e-03 4.888943873451425315e-04 1.059969998011815566e-03
9.908726559958915825e-01 7.556877959790392167e-03 4.171276713158124480e-04 1.153338373002211863e-03
9.861692011824360060e-01 1.216281928029722820e-02 3.856989231925134491e-04 1.282280614074191895e-03
9.799065267444883043e-01 1.832466838213335156e-02 3.716734240347210633e-04 1.397131449343613123e-03
9.727077648150070921e-01 2.543822854812725562e-02 3.672013069892202824e-04 1.486805329876450272e-03
9.640117243205095221e-01 3.394374205939550831e-02 3.943464760525768704e-04 1.650187144042527480e-03
9.528386149267514815e-01 4.462771626052208090e-02 5.078253113210170859e-04 2.025843501405543215e-03
9.320291185616226270e-01 6.450633363649012353e-02 6.864355103683805834e-04 2.778112291518921532e-03
8.953321175209509875e-01 9.974564402629916560e-02 9.673618194004114787e-04 3.954876633349291813e-03
8.310845979762692126e-01 1.619683412863248961e-01 1.372341362495252577e-03 5.574719374910927505e-03
7.263944433861945216e-01 2.641341524794281193e-01 1.961875085708281261e-03 7.509529048669066204e-03
5.801245589129802038e-01 4.078759316245452182e-01 2.783092659067870189e-03 9.216416803406681305e-03
4.204765271143858785e-01 5.664366682887359561e-01 3.148095421878888654e-03 9.938709174999237755e-03
2.813193989302012477e-01 7.050229679957784601e-01 3.809898556891333325e-03 9.847734517128978876e-03
1.841371259437064312e-01 8.013927233935239647e-01 4.843845585806276152e-03 9.626305076963218715e-03
1.220279144644621366e-01 8.614379291307856512e-01 6.682069265009940758e-03 9.852087139742346858e-03
8.522451103058396871e-02 8.944494977101028477e-01 9.326966541180186504e-03 1.099902471813296763e-02
6.039023217154246281e-02 9.125648511999404633e-01 1.338494094782101580e-02 1.365997568069621075e-02
4.041137279941810212e-02 9.217202462039947308e-01 1.904484607345580810e-02 1.882353492313142834e-02
2.688911613494234312e-02 9.218159876341163184e-01 2.395298566762139522e-02 2.734191056331983574e-02
1.733296296118127730e-02 9.198145501269742175e-01 2.536597869193303947e-02 3.748650821991128534e-02
8.605606414228764156e-03 9.254275489336653004e-01 2.111983044646488505e-02 4.484701420564105728e-02
3.848822715124297893e-03 9.305190343201910075e-01 1.496316591963760094e-02 5.066897704504713662e-02
1.914810306816793189e-03 9.287283841415497898e-01 1.081934464916401752e-02 5.853746090246926548e-02
1.175331770477132127e-03 9.205239419564551495e-01 8.807038342774265241e-03 6.949368793029352120e-02
8.886725599763559396e-04 9.067349824178922990e-01 8.261591610200286553e-03 8.411475341193130895e-02
8.018831356169245708e-04 8.870236237487277853e-01 8.909449400864683302e-03 1.032650437147907135e-01
8.427973642034732081e-04 8.607569905635824581e-01 1.088962734864909812e-02 1.275105847235648848e-01
1.007502154191981412e-03 8.275548778429198116e-01 1.482803272863475810e-02 1.566095872742531980e-01
1.327158913114255155e-03 7.872990518813148819e-01 2.230409205715214171e-02 1.890696971484186195e-01
1.448267765200309410e-03 7.381229139729593713e-01 3.698804117620878296e-02 2.234407770856312592e-01
2.292873810047726772e-03 6.738193182349193622e-01 6.462406809973952893e-02 2.592637398552936068e-01
3.611957932019789312e-03 5.861999693171309200e-01 1.128950516464929665e-01 2.972930211043564031e-01
5.253825214773996492e-03 4.634230645126573567e-01 1.935160953183281407e-01 3.378070149542403700e-01
6.965567214733067898e-03 3.125076707420362809e-01 3.212768627808023636e-01 3.592498992624283960e-01
9.189276611242414017e-03 1.788841326700896517e-01 4.957698859102825928e-01 3.161567048083852582e-01
1.155207024984747366e-02 8.753267465733023667e-02 6.824886508260573637e-01 2.184266042667652175e-01
1.273313252449718470e-02 3.709241642928572114e-02 8.268330143654493147e-01 1.233414366807674550e-01
1.277688228145739020e-02 1.477795264855293056e-02 9.093959659029433595e-01 6.304919916704643246e-02
1.204051768949201441e-02 6.386559003312503036e-03 9.489258877589755725e-01 3.264703554821992565e-02
1.270078893387712772e-02 3.241328207930331724e-03 9.653486638808281839e-01 1.870921897736451886e-02
1.380349018305922909e-02 1.971098043496915392e-03 9.718168120459623749e-01 1.240859972748159339e-02
1.569542608806204220e-02 1.432351591236756929e-03 9.732634787520777486e-01 9.608743568623670170e-03
1.860690079290144849e-02 1.203263516083650847e-03 9.717266983753740650e-01 8.463137315640989825e-03
2.245390229917310077e-02 1.105841867790696058e-03 9.683167064294567750e-01 8.123549403579377257e-03
2.716221378829368135e-02 1.065974972734601116e-03 9.635367129026281008e-01 8.235098336343397302e-03
3.380395733067353969e-02 1.065378110683915880e-03 9.564355169793994360e-01 8.695147579243250879e-03
4.534563321808063319e-02 1.142109125533266167e-03 9.439656488728609407e-01 9.546608783525105738e-03
6.602182203447752584e-02 1.379740382479932451e-03 9.217690817234003298e-01 1.082935585964214624e-02
9.842343291936610228e-02 1.863637465681853124e-03 8.874430137519571105e-01 1.226991586299494216e-02
1.413629246214682944e-01 2.694882042256534650e-03 8.424198161037580457e-01 1.352237723251697304e-02
1.943128032689848961e-01 4.097731639922999429e-03 7.869066109170503864e-01 1.468285417404160964e-02
2.508863940365007039e-01 6.092507034491562862e-03 7.271427893691494448e-01 1.587830955985812878e-02
3.070925155736648482e-01 9.059643802082233133e-03 6.665908647157529066e-01 1.725697590850016477e-02
3.561537592784842499e-01 1.329861247644491262e-02 6.116082889004511580e-01 1.893933934461945398e-02
3.939368062421774175e-01 1.928135346918426196e-02 5.656815000037779262e-01 2.110034028486026600e-02
4.200673810330209923e-01 2.783152779257397000e-02 5.280898025127586104e-01 2.401128866164639261e-02
4.346690381354422206e-01 4.029362935554392511e-02 4.965084191912149669e-01 2.852891331779876596e-02
4.440127979104950828e-01 5.804569762340248962e-02 4.619815292324426226e-01 3.595997523365995763e-02
4.658057023396673380e-01 8.015036240372303000e-02 4.081945103428138433e-01 4.584942491379601082e-02
5.153488623738806673e-01 1.020492628385597650e-01 3.278470491482354809e-01 5.475482563932415614e-02
5.857323031237938737e-01 1.171501158766326822e-01 2.383295824441345190e-01 5.878799855543893893e-02
6.580554344839679715e-01 1.201161232044261201e-01 1.638722365004517956e-01 5.795620581115375897e-02
7.114726585965680528e-01 1.131260232873340099e-01 1.186210190487143878e-01 5.678029906738337601e-02
7.369649865908997066e-01 1.037993178497812613e-01 1.000072649377218431e-01 5.922843062159752897e-02
7.377293731740237615e-01 9.473210910195759005e-02 1.006955000809112155e-01 6.684301764310748850e-02
7.156776746780578735e-01 8.734705741141841895e-02 1.167306673655587740e-01 8.024460054496490580e-02
6.684906073635088486e-01 8.356853420247678521e-02 1.484930600094432618e-01 9.944779842457135421e-02
6.008372966532969928e-01 8.124574681747284699e-02 1.944711629558050492e-01 1.234457935734248196e-01
5.156055022056480475e-01 7.803219150112325475e-02 2.562702794477561552e-01 1.500920268454723483e-01
4.214563992382983626e-01 6.836902481883336269e-02 3.380460818759589703e-01 1.721284940669094432e-01
3.225770513704196429e-01 5.211755966766436210e-02 4.467287917575017975e-01 1.785765972044141559e-01
2.316038281593852111e-01 3.366514936671440028e-02 5.708719650959569458e-01 1.638590573779431514e-01
1.537169550896335390e-01 1.911725109361066266e-02 6.909574351473524167e-01 1.362083586694032289e-01
9.264991371094746797e-02 1.070767525288793265e-02 7.842913413351986218e-01 1.123510697009659220e-01
5.060057272975713311e-02 6.586104035101966216e-03 8.390681054773930780e-01 1.037452177577478929e-01
2.502780006743543506e-02 4.777588117246490441e-03 8.573842454146732850e-01 1.128103664006448875e-01
1.155142543334820165e-02 3.701075461731798046e-03 8.487200579946141410e-01 1.360274411103058190e-01
5.531043665032193621e-03 3.424384536169425199e-03 8.238653764830167203e-01 1.671791953157815147e-01
2.704242790971623633e-03 3.275135629536561968e-03 7.897856802601956883e-01 2.042349413192961205e-01
1.408674332636985832e-03 3.377737078883487429e-03 7.487104056374866978e-01 2.465031829509925776e-01
7.702621685014855160e-04 3.706454028161699187e-03 7.111255477123125113e-01 2.843977360910239782e-01
4.376552586820760954e-04 4.089071059205204653e-03 6.990824009003989703e-01 2.963908727817137212e-01
