5.522684470008914354e-02 8.929116978298879959e-01 2.543645207899892374e-02 2.642500539102378768e-02
7.503041790916470388e-01 2.240574237933123936e-01 2.730610260965770329e-03 2.290778685407467846e-02
7.384476201386459548e-01 2.380899127670611515e-01 2.900715169310734594e-03 2.056175192498206281e-02
7.135146514236780924e-01 2.641548915450694923e-01 3.070455129583056237e-03 1.926000190166920686e-02
6.544774166144289307e-01 3.237728842507676119e-01 3.219149623255168971e-03 1.853054951154844629e-02
5.467945337665527372e-01 4.318023920162308849e-01 3.382380322721737723e-03 1.802069389449480891e-02
4.056484619142926018e-01 5.738757063042365658e-01 3.225952125310684818e-03 1.724987965615996585e-02
2.631393228528458583e-01 7.185068507168475005e-01 2.884528572117318716e-03 1.546929785818922272e-02
1.515469432359237423e-01 8.334100502459212967e-01 2.292085147841751123e-03 1.275092137031335303e-02
8.114703720800077458e-02 9.071108186926896133e-01 1.608919347626491065e-03 1.013322475168313905e-02
4.439340576757481310e-02 9.458478373450063259e-01 1.127590581389727089e-03 8.631166306028880200e-03
2.719934521334656588e-02 9.631364493347469580e-01 8.661016369913482121e-04 8.798103814915438775e-03
2.038749424330565593e-02 9.675914133938349204e-01 7.701416625350466930e-04 1.125095070032400280e-02
1.762827741529043521e-02 9.647320167715153216e-01 7.958709802812508755e-04 1.684383483291278238e-02
1.886238156317026834e-02 9.515082606355775852e-01 9.424211222131649709e-04 2.868693667903855077e-02
2.231161712114793083e-02 9.253418535183036697e-01 1.295720661342989691e-03 5.105080869920532866e-02
2.360086676074221734e-02 8.892317405383360907e-01 1.917957664734039596e-03 8.524943503618763463e-02
2.415370741598127716e-02 8.452808817563687294e-01 2.971784077289403494e-03 1.275936267503606503e-01
2.437783071706793245e-02 7.933327910847918218e-01 4.905862648589102114e-03 1.773835155495511184e-01
2.637089947048891839e-02 7.245177990586657568e-01 8.866009648452881017e-03 2.402452918223926537e-01
3.168689137971899411e-02 6.340121552046704689e-01 1.718093644182479979e-02 3.171200169737861119e-01
4.175014112388658605e-02 5.285140648310620026e-01 3.347938513762358653e-02 3.962564089074279705e-01
5.823482790301182099e-02 4.236950841714755556e-01 6.184451352991877232e-02 4.562255743955938581e-01
8.328117451822007744e-02 3.349386171717152472e-01 1.055393647305184618e-01 4.762408435795462136e-01
1.191201493683434059e-01 2.704105339898946747e-01 1.652866003864245648e-01 4.451827162553369521e-01
1.677578086948239289e-01 2.260878240470400868e-01 2.356875745270257672e-01 3.704667927311099951e-01
2.255125770667824603e-01 1.909146238180271238e-01 3.077516226057667170e-01 2.758211765094235601e-01
2.789316322738870091e-01 1.563416761134895916e-01 3.773878683718701610e-01 1.873388232407529608e-01
3.007876226962284405e-01 1.233368071723078274e-01 4.540604458814511135e-01 1.218151242500125769e-01
2.858286199882845158e-01 9.854834282474767004e-02 5.357187539794023845e-01 7.990428320756561009e-02
2.495281791457863718e-01 8.307840707691876991e-02 6.123179428251458445e-01 5.507547095214896521e-02
2.041649132656797871e-01 7.184859275027483116e-02 6.835861416661547230e-01 4.040035231789074199e-02
1.585399154377554742e-01 5.947453909294782293e-02 7.509079242869582949e-01 3.107762118233815818e-02
1.221579976962970382e-01 4.499853644594060259e-02 8.077572850986639574e-01 2.508618075909836709e-02
9.653393764155085432e-02 3.318319169400947566e-02 8.484682803910544857e-01 2.181459027338516349e-02
7.876872774554707912e-02 2.534338992137756888e-02 8.752281651210659374e-01 2.065971721200970251e-02
6.477996798773733023e-02 2.051499573602598089e-02 8.940102598818877588e-01 2.069477639434911392e-02
5.294112318721618665e-02 1.721280985882105499e-02 9.090536541308965601e-01 2.079241282306612884e-02
4.275185034169592946e-02 1.459751514968999839e-02 9.227609083177445992e-01 1.988972619086921620e-02
3.338176653572209884e-02 1.219306649175204427e-02 9.367814604027355774e-01 1.764370656978990135e-02
2.438591881086442717e-02 9.733585344038194961e-03 9.513927846860632531e-01 1.448771115903412995e-02
1.652599733973430032e-02 7.387204303353321275e-03 9.647431449356589361e-01 1.134365342125338155e-02
1.081104630922060869e-02 5.556846846513158016e-03 9.745895626112086596e-01 9.042544233057649150e-03
7.311718900870087766e-03 4.388757788542694757e-03 9.803449405731318178e-01 7.954582737455549724e-03
5.299504547276757786e-03 3.692860003805835487e-03 9.828696746360758851e-01 8.137960812841453506e-03
4.066956783027379958e-03 3.281552613173840342e-03 9.829460309002356899e-01 9.705459703563396393e-03
3.312327832577889337e-03 3.254789136517953312e-03 9.802076515869286855e-01 1.322523144397561023e-02
2.809261736253821327e-03 3.765929513155842363e-03 9.739354120459990938e-01 1.948939670459127679e-02
2.276720185686660364e-03 4.770285142262382407e-03 9.649340509725451431e-01 2.801894369950553090e-02
1.649122560284364304e-03 5.893215328069179720e-03 9.571587810100573579e-01 3.529888110158885955e-02
1.079899804223653651e-03 6.365735320563839332e-03 9.559590937811421885e-01 3.659527109407029882e-02
6.631914552483994573e-04 5.657472887831027641e-03 9.629409593419400171e-01 3.073837631498054293e-02
3.995209751491568409e-04 4.149792458589285707e-03 9.737671353394019569e-01 2.168355122685963407e-02
2.505554462950106750e-04 2.651912841719809497e-03 9.830578649764325494e-01 1.403966673555275338e-02
1.678957768475813710e-04 1.568090016469439159e-03 9.892296360717321990e-01 9.034378134950799694e-03
1.217658708465457106e-04 8.982301020797043602e-04 9.929673148811892780e-01 6.012689145884443295e-03
1.304215680583172637e-05 1.439443612419121425e-05 9.957806429337006104e-01 4.191920473369361959e-03
7.472549800037761837e-06 7.822928799851000512e-06 9.968715907633699524e-01 3.113113758030138043e-03
5.069618062901157724e-06 4.902316602673353430e-06 9.975176292628006314e-01 2.472398802533836044e-03
3.918608299375222664e-06 3.376714287636145936e-06 9.979233622800026682e-01 2.069342397410369426e-03
3.169255092428853233e-06 2.383601686440317277e-06 9.982240224933217609e-01 1.770424649899542645e-03
2.591117958226213895e-06 1.707530662196503607e-06 9.984815092102158340e-01 1.514192141163791519e-03
2.175748756613071460e-06 1.270349678920709713e-06 9.987271288319595763e-01 1.269425069604841663e-03
2.006180780635300233e-06 1.042166125980323316e-06 9.989646449543846396e-01 1.032306698708786337e-03
2.280313811097733013e-06 1.053886601481334917e-06 9.991745994074117121e-01 8.220663921756375453e-04
1.219367907147061525e-03 6.330682621463253762e-05 9.977947062400672751e-01 9.226190265708707856e-04
1.783861709320001040e-03 6.771871699678719638e-05 9.971967792119080798e-01 9.516403617752191733e-04
2.496075436159373752e-03 7.693587272359279602e-05 9.963657457632230097e-01 1.061242927894008158e-03
3.273236625014028494e-03 9.031483116675753404e-05 9.953608501158308641e-01 1.275598427988296245e-03
4.208452012178692629e-03 1.125056199699136172e-04 9.940045107654854606e-01 1.674531602365657724e-03
5.450812733060408574e-03 1.462438915263697663e-04 9.920815146881819535e-01 2.321428687231351200e-03
7.171090626777864609e-03 1.917684347508245173e-04 9.893640637754033129e-01 3.273077163068073905e-03
4.326055859230589634e-02 9.551888123563651023e-01 1.431212868864988269e-03 1.194161824642431876e-04
1.491714393454562568e-02 4.458520379990635329e-02 6.196559209909961296e-04 9.398779963445571539e-01
1.609420899782647296e-02 5.609584365688174978e-02 5.951694417703026242e-04 9.272147779035212478e-01
2.165247282323682493e-02 7.877439205162378721e-02 7.773348255392730855e-04 8.987958002996001561e-01
3.415553460857357476e-02 1.184973824777776907e-01 1.281808576566758045e-03 8.460652743370823403e-01
5.785184188509472775e-02 1.777283190277812730e-01 2.412972924592571983e-03 7.620068661625316597e-01
9.430897965886875234e-02 2.480968492602333986e-01 4.481673585778508419e-03 6.531124974951192375e-01
1.379146551212272476e-01 3.183849706591082018e-01 7.311454102881738935e-03 5.363889201167828524e-01
1.785863130114804520e-01 3.863841134961133461e-01 1.021481796806483766e-02 4.248147555243412810e-01
2.066040204476244369e-01 4.555634133171280187e-01 1.244435091657082777e-02 3.253882153186767323e-01
2.187614491145326578e-01 5.256179549755247704e-01 1.360105241614341549e-02 2.420195434937993939e-01
2.213073235165565755e-01 5.866130961220052953e-01 1.390269538878238960e-02 1.781768849726557691e-01
2.254238229389420589e-01 6.250521522134842023e-01 1.406116760777542142e-02 1.354628572397985342e-01
2.422830150722820874e-01 6.326399157654172267e-01 1.474753406718236175e-02 1.103295350951180864e-01
2.816681105974198074e-01 6.062817818991069752e-01 1.625049115098671157e-02 9.579961635248682161e-02
3.457505622764148190e-01 5.528623166460472360e-01 1.796926336277344938e-02 8.341785771476475930e-02
4.228303351914316499e-01 4.906185334697130140e-01 1.812535185568389662e-02 6.842577948317116188e-02
4.912022033594060644e-01 4.408671770444647087e-01 1.630117758677799081e-02 5.162944200935109390e-02
5.397144163768591296e-01 4.114904466835105357e-01 1.274454061507121309e-02 3.605059632455932805e-02
5.609215484449607825e-01 4.060666578959499229e-01 8.913081907012751146e-03 2.409871175207646196e-02
5.519927047443690116e-01 4.261819127115467620e-01 5.799905207595284010e-03 1.602547733648885392e-02
5.161360917730473119e-01 4.691857350199380994e-01 3.705395222855844672e-03 1.097277798415869504e-02
4.679483669832366077e-01 5.216759194677005329e-01 2.278318179338822969e-03 8.097395369724126601e-03
4.175439243330941186e-01 5.740531934337671505e-01 1.618622826223086158e-03 6.784259406915612266e-03
3.761696575698682543e-01 6.160014725688117698e-01 1.295105646304876325e-03 6.533764215015251328e-03
3.449925419463737430e-01 6.467978132368589206e-01 1.154577898155493935e-03 7.055066918611980348e-03
3.203095587525627841e-01 6.704228721778485722e-01 1.109706937700497996e-03 8.157862131888002355e-03
2.960460586047728992e-01 6.932905692719506519e-01 1.099835453221032931e-03 9.563536670055303862e-03
2.611961758773573838e-01 7.271142898380064112e-01 1.059251244172695937e-03 1.063028304046363323e-02
2.033641787244035160e-01 7.853340838111534383e-01 9.086388719187863273e-04 1.039309859252379557e-02
1.300668565815810973e-01 8.605630373026676994e-01 6.555087819402053611e-04 8.714597333811090890e-03
7.267188659964229913e-02 9.199992939233190281e-01 4.132879004250633701e-04 6.915531576613573664e-03
3.924401515964817677e-02 9.547183807787537058e-01 2.724952686725280043e-04 5.765108792925766404e-03
2.299250853724525354e-02 9.712121537198348253e-01 2.110387429390942046e-04 5.584298999981107160e-03
1.589064314348155593e-02 9.771963299454297092e-01 2.028355218328553610e-04 6.710191389255534822e-03
1.352770262904695250e-02 9.761259037115721515e-01 2.370528328953378698e-04 1.010934082648577356e-02
1.371187069839083748e-02 9.683840859243650900e-01 3.170315853914618749e-04 1.758701179185271843e-02
1.606450975615127466e-02 9.511863505309166023e-01 4.830753850412764427e-04 3.226606432789067697e-02
2.132275909878513648e-02 9.186885630571426375e-01 8.557911072138736901e-04 5.913288673685816732e-02
3.045438940346418405e-02 8.629323778024076130e-01 1.748010530380540196e-03 1.048652222637477954e-01
4.709902425850243796e-02 7.719481287882035137e-01 4.018674595532501642e-03 1.769341723577614045e-01
6.864684167705346896e-02 6.439432623692941116e-01 9.752307068024755957e-03 2.776575888856274710e-01
9.089960336069433100e-02 4.916032574646876929e-01 2.233772337611195091e-02 3.951594157985060529e-01
1.048989118299372275e-01 3.411393678899334869e-01 4.234619525936508810e-02 5.116155250207640171e-01
1.055307917283179187e-01 2.135090582412200177e-01 6.222822395527345674e-02 6.187319260751885652e-01
9.629645870662358054e-02 1.202379605683441127e-01 7.427307882379993731e-02 7.091925019012326192e-01
8.360774787824938603e-02 6.420123355198534276e-02 8.017337822724775187e-02 7.720176403425175193e-01
7.081853947783796344e-02 3.584979383586221063e-02 8.311976563608872159e-02 8.102119010502111252e-01
5.865933818938313254e-02 2.246101418364433028e-02 8.345060038333571018e-02 8.354290472436373127e-01
4.727556096186091156e-02 1.597405294743555262e-02 8.226086992193681890e-02 8.544895161687667828e-01
3.650474480477872152e-02 1.255968145919832829e-02 8.193255817620517800e-02 8.690030155598177375e-01
2.665733833596521662e-02 1.058324761256044903e-02 8.428030173206382814e-02 8.784791123194104490e-01
1.833980277781312868e-02 9.260114780378751048e-03 8.863200148126836042e-02 8.837680809605396037e-01
1.204967127964728588e-02 8.374891768471930814e-03 9.283098223564151263e-02 8.867444547162393054e-01
8.058661851081935779e-03 8.008748124489093942e-03 9.808069067924693463e-02 8.858518993451820478e-01
5.535412750802266683e-03 9.213544466623920653e-03 1.112361348290276941e-01 8.740149079535461940e-01
4.189280516779153411e-03 1.159808827969360280e-02 1.367647222175966404e-01 8.474479089859304759e-01
3.417524913938947435e-03 1.523841180819354366e-02 1.878714799426994542e-01 7.934725833351681246e-01
2.924473460039589672e-03 1.918256313808596944e-02 2.873514065721997635e-01 6.905415568296746631e-01
2.381162370129724214e-03 2.120492270463692278e-02 4.448500186335102580e-01 5.315638962917234034e-01
1.706082250339900760e-03 1.989367175055023820e-02 6.214122382873181749e-01 3.569880077117916217e-01
1.220766546819648888e-03 1.674709655378462878e-02 7.617827120435721744e-01 2.202494248558233558e-01
9.648950665320241496e-04 1.357138804475591619e-02 8.498888608043131399e-01 1.355748560843986761e-01
7.921001501712075094e-04 1.045025757165300544e-02 9.007568143599188337e-01 8.800082791825714068e-02
7.265188399355725904e-04 8.404470001986474176e-03 9.304872641696575464e-01 6.038174698842013050e-02
6.855017660828102884e-04 6.451912646171467647e-03 9.497832252662544716e-01 4.307936032149119882e-02
6.244976461447055652e-04 4.729300154206360005e-03 9.628542210197308382e-01 3.179198117991852146e-02
5.639915518934943530e-04 3.430578626061264562e-03 9.711629126212790730e-01 2.484251720076631822e-02
5.659829574650763291e-04 2.686280511837654816e-03 9.749169230905834205e-01 2.183081344011412323e-02
6.937525492237748117e-04 2.493963474828117446e-03 9.740672028850142494e-01 2.274508109093376085e-02
9.833953035537309519e-04 2.736431606512474031e-03 9.692723550135677879e-01 2.700781807636596157e-02
1.482110092130208868e-03 3.408544012131087264e-03 9.607833063035894350e-01 3.432603959214935996e-02
1.595920060660680484e-01 8.864710706824212305e-02 6.937011049847419120e-01 5.805978188094799292e-02
3.225361761727190552e-02 6.342052768337990143e-01 1.228288018059714437e-03 3.323128175308693866e-01
1.715930822361108957e-02 7.593582745966360736e-01 6.289533290880478487e-04 2.228534638506646515e-01
9.132390353876378500e-03 8.548717711636651950e-01 3.522786451097399641e-04 1.356435598373486873e-01
5.845081446167858102e-03 9.166611201130919762e-01 1.933483412614438602e-04 7.730045009947891788e-02
4.022024768252086858e-03 9.548581941597259481e-01 1.090048535538006258e-04 4.101077621846815208e-02
2.875425372063292531e-03 9.765851353109153976e-01 5.985526518520601746e-05 2.047958405183616590e-02
2.195754968824014351e-03 9.872910858578883841e-01 3.309864054076859969e-05 1.048006053274692928e-02
1.838944136229034689e-03 9.921637339739236561e-01 1.929899435565363348e-05 5.978022895491626534e-03
1.682845152088783278e-03 9.944330597370297786e-01 1.216387011098423864e-05 3.871931240770470732e-03
1.619019833806516206e-03 9.957134822780170369e-01 8.091129725466875733e-06 2.659406758451164730e-03
1.573674206330038725e-03 9.966499620400983694e-01 5.437265554383162767e-06 1.770926488017170652e-03
1.566713829940823925e-03 9.972948799133775077e-01 3.770728262752964418e-06 1.134635528418902759e-03
1.688849253558678690e-03 9.975728775060644926e-01 2.889868176023545640e-06 7.353833722009590077e-04
2.016121002331283663e-03 9.974941241448027629e-01 2.496630602340858548e-06 4.872582222635668341e-04
2.588977209509236033e-03 9.970833645139851598e-01 2.353726111868954552e-06 3.253045503938612392e-04
3.501372412999134015e-03 9.962749863658467708e-01 2.343066017829671664e-06 2.212981551362576621e-04
4.971675967370420800e-03 9.948689773433090355e-01 2.458793647215137902e-06 1.568878956732573269e-04
7.205042484554237923e-03 9.926798876815419170e-01 2.637776497248058414e-06 1.124320574064789678e-04
1.044485564153688727e-02 9.894724811779903595e-01 2.788609375565105327e-06 7.987457109733529011e-05
1.554367539204482181e-02 9.843915685710857844e-01 3.095343964890292252e-06 6.166069290456296643e-05
2.389585169632114231e-02 9.760459871056244019e-01 3.853163642880903092e-06 5.430803441151817954e-05
3.693863746530937769e-02 9.630030778117676382e-01 5.688812004157933092e-06 5.259591091898782323e-05
5.527098695217375762e-02 9.446652985039925010e-01 1.023123768576787157e-05 5.348330614790902177e-05
7.765604701666418974e-02 9.222678836648032785e-01 2.015517209632849987e-05 5.591414643649390576e-05
1.021614278864145936e-01 8.977386381677024962e-01 3.808526153145998011e-05 6.184868435158581148e-05
1.286043248961496188e-01 8.713400009346583541e-01 6.470062581451691966e-06 4.920410661047941518e-05
1.489785431010595129e-01 8.509634691494678549e-01 7.114890363521906272e-06 5.087285910928546472e-05
1.541519294320012612e-01 8.457878307792875416e-01 7.106954001164000187e-06 5.313283470993507458e-05
1.367426799741899013e-01 8.631963730339685670e-01 6.202358315138631966e-06 5.474463352655082975e-05
1.006871548600919430e-01 8.992103292429529660e-01 3.460477063901142919e-05 6.791112631637094489e-05
6.447978183279243214e-02 9.354449204975174847e-01 1.250797767200753588e-05 6.278969201794476333e-05
3.751894002253963051e-02 9.624063405623557443e-01 5.022613703579148018e-06 6.969680140123520008e-05
2.080716073341343231e-02 9.791075734280160203e-01 2.870734527782315701e-06 8.239510404239342052e-05
1.110757881504770284e-02 9.887985526744369480e-01 1.906910482473415418e-06 9.196160003294146087e-05
5.835970554048554651e-03 9.940691468154917443e-01 1.276490380795372003e-06 9.360614007887259867e-05
3.220054792378661355e-03 9.966868801221570040e-01 9.177540099487941686e-07 9.214733145431817213e-05
1.967270177916354522e-03 9.979388141589293770e-01 7.562746029964363768e-07 9.315938855123924531e-05
1.352366089042182943e-03 9.985466047436206694e-01 7.173994675952540751e-07 1.003117678696198401e-04
1.095918654108154749e-06 9.999465523955902713e-01 1.051462957078557859e-06 5.130022279851589011e-05
8.067560633707536447e-07 9.999256367222096875e-01 1.035852710505477590e-06 7.252066901616008787e-05
7.273453661304741328e-07 9.998849170719029678e-01 1.136551380262827414e-06 1.132190313508391082e-04
8.906254127776879034e-07 9.997975905949059161e-01 1.437837937041054308e-06 2.000809417442991022e-04
1.210421587666070256e-03 9.981680151917047272e-01 1.909346497973534015e-06 6.196538741315629891e-04
2.198237182496232123e-03 9.964709228342348846e-01 3.765750189129396623e-06 1.327074233079830745e-03
5.211366692957754808e-03 9.916786304825678799e-01 9.688048565536887727e-06 3.100314775908879529e-03
1.439329991866971498e-02 9.783309958910205717e-01 3.004996592766141333e-05 7.245654224381664968e-03
3.860126699535560563e-02 9.461840248110399143e-01 9.222274503565484590e-05 1.512248544856896991e-02
8.807433149842466835e-02 8.857642103643731391e-01 2.281545741201968023e-04 2.593330356308182899e-02
1.680513964492655055e-01 7.944399919202976834e-01 4.436681443354143699e-04 3.706494348610114842e-02
2.786216418548387863e-01 6.734961183177364807e-01 7.304453630930553276e-04 4.715179446433147986e-02
4.079747781480595470e-01 5.355796325659766266e-01 1.022308799628915800e-03 5.542328048633485271e-02
5.254466477544825764e-01 4.126876399822768104e-01 1.237218851653682688e-03 6.062849341158696448e-02
6.079252876183558474e-01 3.273858081736701897e-01 1.373186926181158441e-03 6.331571728179267999e-02
6.512305188776464915e-01 2.805468642274366320e-01 1.495904680366064643e-03 6.672671221455085677e-02
6.566774401452861731e-01 2.665479130287995990e-01 1.691164437061720141e-03 7.508348238885238779e-02
6.237126663239731528e-01 2.821230636709454731e-01 2.075692164098322245e-03 9.208857784098276045e-02
5.606953596018010577e-01 3.172125236623950517e-01 2.615525823219400688e-03 1.194765909125845155e-01
4.807694983975062675e-01 3.617996032813243223e-01 3.321940040707615886e-03 1.541089582804620328e-01
4.051480228615133572e-01 4.057137684793917787e-01 3.961327061802872446e-03 1.851768815972919535e-01
3.456441867804986301e-01 4.498569007238293893e-01 4.187450682423521017e-03 2.003114618132488256e-01
2.988219518780215189e-01 4.995340119624472330e-01 3.939958246261206221e-03 1.977040779132701598e-01
2.608755759525376861e-01 5.522312933178323835e-01 3.451716358473364780e-03 1.834414143711570744e-01
2.344719689551493513e-01 5.948396570427670893e-01 3.013347165063783809e-03 1.676750268370196806e-01
2.214248034336608328e-01 6.170310796490716676e-01 2.754367955682630442e-03 1.587897489615850144e-01
2.174541691389074438e-01 6.209428675221365657e-01 2.665273675796685660e-03 1.589376896631593261e-01
2.163441254559275162e-01 6.126253608460777711e-01 2.732698206826551530e-03 1.682978154911681512e-01
2.167227341107869076e-01 5.896492208236057131e-01 3.007953395971738747e-03 1.906200916696357550e-01
2.209521260094026163e-01 5.410914038921792457e-01 3.606144391707417299e-03 2.343503257067105217e-01
2.266529398577508958e-01 4.599538274961288975e-01 4.841810760905724924e-03 3.085514218852147272e-01
2.294574823555873555e-01 3.467627572188038965e-01 6.000746991896244338e-03 4.177790134337123207e-01
2.153391082099800069e-01 2.238670787180516430e-01 7.594961152883886006e-03 5.531988519190845777e-01
1.549049172332669644e-01 3.841567578439161190e-01 4.241976312813061645e-01 3.674069364151089090e-02
3.089220233857426501e-01 2.052894833910958450e-01 5.276358867701450711e-02 4.330249045461468937e-01
3.156498068892977793e-01 2.865585141820607418e-01 3.381394802164184449e-02 3.639777309069994748e-01
3.126867717068895769e-01 3.409654573787745946e-01 2.280089282698219422e-02 3.235468780873538286e-01
3.070869778876121892e-01 3.627381895892882180e-01 1.649323868458162437e-02 3.136815938385180691e-01
2.938042592878524206e-01 3.668457486582753502e-01 1.287560714613204295e-02 3.264743849077400006e-01
2.749840324950761361e-01 3.647464383983661795e-01 1.013314904556912414e-02 3.501363800609886279e-01
2.513843144584525513e-01 3.675290292068666420e-01 8.126953885003260908e-03 3.729597024496774105e-01
2.347599197008459759e-01 3.674283414520669866e-01 6.657898326020142074e-03 3.911538405210667202e-01
2.354320382681499013e-01 3.539436217787304551e-01 5.880996969586583210e-03 4.047433429835328722e-01
2.554284983430815115e-01 3.262126068299673887e-01 5.653680792279500156e-03 4.127052140346715303e-01
2.841952726873716029e-01 2.928694616945919371e-01 5.680126330202425917e-03 4.172551392878341980e-01
3.034067564100981773e-01 2.678197647991834573e-01 5.674129046310901273e-03 4.230993497444074936e-01
3.037969316943849307e-01 2.609950511972886633e-01 5.586989015553296169e-03 4.296210280927731384e-01
2.921563054361944189e-01 2.750224487089459324e-01 5.451217788276321342e-03 4.273700280665834184e-01
2.769326118552141724e-01 3.090431495974442777e-01 5.175843283569639408e-03 4.088483952637717578e-01
2.571464586110685513e-01 3.603614058205465986e-01 4.728857715865411593e-03 3.777632778525195634e-01
2.292652101396589481e-01 4.245180182759717979e-01 4.170940475752526501e-03 3.420458311086166381e-01
1.955595745240817362e-01 4.956741561236530091e-01 3.593228888820392680e-03 3.051730404634446780e-01
1.621597267023937028e-01 5.684969981529793825e-01 3.057875569862254436e-03 2.662853995747648250e-01
1.324265280463251815e-01 6.404338928886978977e-01 2.660744204854984148e-03 2.244788348601220174e-01
1.100870352077119169e-01 7.045829436176204164e-01 2.172408730993331209e-03 1.831576124436744279e-01
9.097009037612611981e-02 7.594031835834511579e-01 1.757056416913707663e-03 1.478696696235091146e-01
7.646835033001560256e-02 8.015568013580305351e-01 1.493785775320593612e-03 1.204810625366332794e-01
6.428375874414268831e-02 8.368555918771580782e-01 1.286373060023065888e-03 9.757427631867589268e-02
5.363880935555297852e-02 8.695302754198275252e-01 1.099592104451017427e-03 7.573132312016861434e-02
4.502164213333791076e-02 8.995921271039835077e-01 9.324239226573779495e-04 5.445380684002160826e-02
3.880845619250268552e-02 9.250590775682238087e-01 7.857624888679827328e-04 3.534670375040509238e-02
3.458837249306687123e-02 9.440516724049566877e-01 6.479875778633119310e-04 2.071196752411291059e-02
3.315535160811812487e-02 9.542352753815899202e-01 5.458004883779220186e-04 1.206357252191424256e-02
3.400593826404780390e-02 9.575466901966763755e-01 5.084811209911220412e-04 7.938890418284839587e-03
3.930386547938348463e-02 9.537988995272262960e-01 5.483088206031631754e-04 6.348926172786748846e-03
5.114696611713533125e-02 9.421299453272633517e-01 6.762936930562341584e-04 6.046794862545052177e-03
7.526482949559890057e-02 9.170967993458791767e-01 9.382316392505820300e-04 6.700139519271219694e-03
1.220632816765150203e-01 8.681365374263083634e-01 1.409852946982074638e-03 8.390327950194519796e-03
2.072753269605996651e-01 7.791766861821219914e-01 2.096387956166788878e-03 1.145159890111120682e-02
3.264193445325054288e-01 6.547393518858865002e-01 2.964657218612424920e-03 1.587664636299536067e-02
4.502949349282467373e-01 5.243877050479294200e-01 3.794474833909597129e-03 2.152288518991425995e-02
5.403771525625117311e-01 4.265479909730512387e-01 4.416752554729549973e-03 2.865810390970723390e-02
5.871894259111644088e-01 3.686907802802135148e-01 4.966477866841140926e-03 3.915331594178091817e-02
5.961832858147115832e-01 3.411495322589675472e-01 5.906694026160982762e-03 5.676048790015987555e-02
5.754023344755244684e-01 3.303166163030275548e-01 7.753284693067867897e-03 8.652776452838020771e-02
5.251895943059474714e-01 3.310547448604071463e-01 1.102792973314421603e-02 1.327277311005012339e-01
4.516744441469657256e-01 3.352794077650059767e-01 1.564397743142763655e-02 1.974021706566005951e-01
3.677936602595131554e-01 3.358312387132382781e-01 2.024653649514875434e-02 2.761285645320998294e-01
2.914224571194757862e-01 3.278234161927344736e-01 2.261077238263041814e-02 3.581433543051595336e-01
2.382207970642848671e-01 3.112537518575785311e-01 2.349540315544176514e-02 4.270300479226946111e-01
2.093445384382147390e-01 2.937773803129185568e-01 2.390711415953668956e-02 4.729709670893300077e-01
2.032493957767101123e-01 2.786695280013790632e-01 2.459500314402973675e-02 4.934860730778811710e-01
2.208519350966028361e-01 2.647854717960320681e-01 2.581886383956226438e-02 4.885437292678030397e-01
2.683245259228483337e-01 2.489420238464470636e-01 2.730448325324851336e-02 4.554289669774559401e-01
3.536423920776815000e-01 2.284582325729427321e-01 2.777582273691308473e-02 3.901235526124626762e-01
4.669377918409987060e-01 2.028926688169038484e-01 2.584820702355181479e-02 3.043213323185460228e-01
5.727419936567340608e-01 1.784849838159301982e-01 2.244394383584964736e-02 2.263290786914859132e-01
6.479816459626152048e-01 1.612758384629123243e-01 1.943724426796989216e-02 1.713052713065025545e-01
7.033392652973973203e-01 1.458063714853886084e-01 1.677611849660211318e-02 1.340782447206119443e-01
7.530539509265149478e-01 1.283811332063005961e-01 1.408850433420774130e-02 1.044764115329766124e-01
8.050396970963793475e-01 1.069107332784358377e-01 1.119203007045825593e-02 7.685753955472662824e-02
8.559360555224811984e-01 8.369548431836740243e-02 8.380853515401319453e-03 5.198760664375008667e-02
8.980728352028116701e-01 6.312952308260547096e-02 5.998034739791560654e-03 3.279960697479127052e-02
9.280528207709300981e-01 4.789519751039886253e-02 3.863599858206343777e-03 2.018838186046472902e-02
9.487055238960450110e-01 3.682335908118777867e-02 2.487375145747516489e-03 1.198374187701974417e-02
9.615167161494071468e-01 2.964144262283220990e-02 1.572339423830915531e-03 7.269501803929888199e-03
9.687878064868390426e-01 2.548365449736281207e-02 1.020750259757376805e-03 4.707788756040796017e-03
9.724357371766587654e-01 2.347108778453458472e-02 7.140886535402068535e-04 3.379086385266379024e-03
9.740626928989368771e-01 2.263112229339877407e-02 5.525863264099426788e-04 2.753598481254168791e-03
9.753106840844339986e-01 2.164175527925605094e-02 4.706577828458174983e-04 2.576902853464236622e-03
9.772738527645176143e-01 1.948261863748055808e-02 4.380622052446886709e-04 2.805466392757313167e-03
9.791579835990691372e-01 1.682820432035705624e-02 4.496079881132334136e-04 3.564204092460536259e-03
9.793369306526349405e-01 1.513556588815174672e-02 5.010516200269817672e-04 5.026451839186341433e-03
9.765911985828467090e-01 1.528437764511527894e-02 6.105538602637501080e-04 7.513869911774326456e-03
9.684616822427922767e-01 1.827078173119927457e-02 8.912349243298545989e-04 1.237630110167869599e-02
6.310270962279461715e-01 1.329503777007976228e-01 6.677528357607660781e-03 2.293449977136486073e-01
6.809734398280786749e-01 1.269771489813795728e-01 5.387163946821445400e-03 1.866622472437202973e-01
7.087415886927804776e-01 1.242421261147600708e-01 4.823133973060701740e-03 1.621931512193988956e-01
7.293450248856618856e-01 1.182258658829390546e-01 4.519548294414956792e-03 1.479095609369841524e-01
7.433683180588108730e-01 1.098191062786460226e-01 4.516798085377393343e-03 1.422957775771657440e-01
7.478386656791908838e-01 1.014779499461859330e-01 4.837033956096718421e-03 1.458463504185261717e-01
7.416070826376480740e-01 9.530664831607424392e-02 5.447825706778135907e-03 1.576384433394996676e-01
7.299462063233889131e-01 9.161046259320629326e-02 6.163993019232726946e-03 1.722793380641717276e-01
7.235673810761011904e-01 8.988235743048976489e-02 6.765369609964103775e-03 1.797848918834447918e-01
7.242856479211031706e-01 9.266935644091393864e-02 7.346008068625228121e-03 1.756989875693574787e-01
7.167533202818427984e-01 1.094427235315288405e-01 8.171616974906360104e-03 1.656323392117218518e-01
6.804554296938640778e-01 1.577777202662250244e-01 8.790368939819293362e-03 1.529764811000914326e-01
6.044816534691968002e-01 2.557651890005258055e-01 7.970308866657671576e-03 1.317828486636197227e-01
4.820483033795133765e-01 4.140138083350028975e-01 5.582688935705513653e-03 9.835519934977836332e-02
3.201527587022947596e-01 6.185490700255565910e-01 2.742573805306219165e-03 5.855559746684236427e-02
1.705616190447813152e-01 8.010775963128154986e-01 1.010856593865913774e-03 2.734992804853724271e-02
7.898249661975255409e-02 9.093783779022023284e-01 3.817003718518543294e-04 1.125742510619332989e-02
3.567492918555717485e-02 9.593924588876657777e-01 1.742965292456086549e-04 4.758315397531518928e-03
1.671293294178374106e-02 9.809450039134111066e-01 9.469229682388036933e-05 2.247370847981351640e-03
8.210196199906419010e-03 9.905404528987151735e-01 5.759415987643048550e-05 1.191756741502262348e-03
4.337137123474204409e-03 9.949245133569117883e-01 3.755842490478790408e-05 7.007910947091989043e-04
2.575355176571375235e-03 9.969555195708168505e-01 2.532730771602910341e-05 4.437979448958015828e-04
1.819122281047359270e-03 9.978626745806752352e-01 1.793030424184505821e-05 3.002728340355960402e-04
9.724381722013751839e-01 5.948929960418043207e-03 1.124368721128047970e-02 1.036921062692616226e-02
9.774661089620935162e-01 6.094211572681795634e-03 7.586580522352902138e-03 8.853098942871959545e-03
9.804670160601730577e-01 6.353228477953740648e-03 5.276410540371534452e-03 7.903344921501451181e-03
9.818402432680546355e-01 7.013955284588783631e-03 3.798924841196028163e-03 7.346876606160990773e-03
9.821271932981562314e-01 8.288156683148997089e-03 2.744846717307253964e-03 6.839803301387555740e-03
9.830289221671846267e-01 9.504661371588986329e-03 1.385374373142278124e-03 6.081042088083971585e-03
9.811160695573954982e-01 1.256222599532794658e-02 9.894031223480800451e-04 5.332301324928421203e-03
9.791853457658589166e-01 1.558583017021893981e-02 7.227954686972705911e-04 4.506028595224723272e-03
9.778892809599405433e-01 1.785813172592883719e-02 5.447415294536053689e-04 3.707845784676948829e-03
9.775667417290879735e-01 1.901592582430193523e-02 4.196850107393979685e-04 2.997647435870730553e-03
9.778889385273923374e-01 1.930710669327495924e-02 3.342090529500788628e-04 2.469745726382378045e-03
9.778952584424621675e-01 1.958322679143563796e-02 2.926040786757094672e-04 2.228910687426628387e-03
9.762956568568156301e-01 2.106717411154344216e-02 2.998799841145200927e-04 2.337289047526548008e-03
9.715097615939473075e-01 2.532211075974461975e-02 3.563776306658676262e-04 2.811750015642050168e-03
9.611040482772521543e-01 3.481486229870572879e-02 4.616940382560725327e-04 3.619395385786151366e-03
9.425948186349982771e-01 5.199200047774561045e-02 6.955331040904781225e-04 4.717647783165486615e-03
9.057572842148124970e-01 8.710845769955674611e-02 9.433326741755649432e-04 6.190925411455163244e-03
8.390300204459401057e-01 1.517903277758231584e-01 1.297173683044062706e-03 7.882478095192629874e-03
7.296445351517516498e-01 2.591165180016182790e-01 1.782683734803027420e-03 9.456263111827135567e-03
5.818795431401423413e-01 4.048964130793933358e-01 2.506250318938166039e-03 1.071779346152604978e-02
4.301060185700674721e-01 5.550139249555632315e-01 3.099027096352953252e-03 1.178102937801655224e-02
2.990031536047764726e-01 6.838617340337036499e-01 4.057313850520764820e-03 1.307779851099901379e-02
1.979281068844775948e-01 7.817297645059991806e-01 5.273982315403973747e-03 1.506814629411920049e-02
1.236450044834080941e-01 8.514892777310855143e-01 6.539542710766586830e-03 1.832617507473940921e-02
7.457140301356356138e-02 8.938781501943133811e-01 7.733514196036477342e-03 2.381693259608676227e-02
3.965357030949678840e-02 9.212401115703556798e-01 8.567772590277019512e-03 3.053854552987060947e-02
2.083907628369670653e-02 9.342143609817432637e-01 7.851740971613481793e-03 3.709482176294646993e-02
9.139069726784769185e-03 9.450875637966881238e-01 5.996078932539560501e-03 3.977728754398774519e-02
4.029972930184264404e-03 9.520768438552400514e-01 4.120809626614900176e-03 3.977237358796099909e-02
2.023917179807805874e-03 9.549054407399736322e-01 2.925449949291596390e-03 4.014519213092682809e-02
1.213667817619875971e-03 9.544611935112333745e-01 2.303773077094103949e-03 4.202136559405263844e-02
8.662417191333374221e-04 9.510746801178258103e-01 2.072261861726195330e-03 4.598681630131469522e-02
7.238445387066702727e-04 9.443497726423719651e-01 2.151291039113501988e-03 5.277509177980776317e-02
6.928800558167405458e-04 9.338406883261419766e-01 2.564191542540280883e-03 6.290224007550117291e-02
7.418314702412286393e-04 9.190543284990867479e-01 3.474787031309168380e-03 7.672905299936283452e-02
8.705127389102853240e-04 8.989626395196925746e-01 5.318766186219246565e-03 9.484808155517779338e-02
1.110251217467750438e-03 8.711860927926468046e-01 9.129288928885282220e-03 1.185743670610002048e-01
1.529283727444930886e-03 8.322675241919633704e-01 1.702510374961480749e-02 1.491780883309767880e-01
2.268037388055285913e-03 7.766161399278880273e-01 3.318308580416104436e-02 1.879327368798956732e-01
3.723765211322493333e-03 6.879797501265522142e-01 6.748739225007388542e-02 2.408090924120513676e-01
5.535295362717666638e-03 5.476312617067514710e-01 1.384689122838998754e-01 3.083645306466311076e-01
8.210616083310079763e-03 3.789595994756749242e-01 2.655578788397339185e-01 3.472719056012808503e-01
1.110305482173764777e-02 2.303508683253520373e-01 4.506689978798741336e-01 3.078770789730361779e-01
1.309674844860510279e-02 1.220087340260686132e-01 6.533003362394584901e-01 2.115941812858676829e-01
1.322872769693120981e-02 5.804535967409303610e-02 8.074764673272710747e-01 1.212494453017047280e-01
1.258776084208339426e-02 2.775635906572818806e-02 8.939621085567140968e-01 6.569377153547446835e-02
1.231376164773681850e-02 1.493539033097193193e-02 9.351043680730062313e-01 3.764647994828494715e-02
1.270614909563548903e-02 1.011804835873132170e-02 9.526325177890119233e-01 2.454328475662118092e-02
1.563705224907568914e-02 7.947013389406667669e-03 9.575555101415283987e-01 1.886042421998904151e-02
2.032145027632608139e-02 7.119638967158170573e-03 9.557543654714708570e-01 1.680454528504484249e-02
2.741054636520339621e-02 6.896118482410665794e-03 9.489924101851470173e-01 1.670092496723893719e-02
3.764440351706183768e-02 6.883872851658458247e-03 9.377112553467816802e-01 1.776046828449777057e-02
5.271728262722658737e-02 6.941674660288163663e-03 9.207384765886272859e-01 1.960256612385770369e-02
7.672019203514063301e-02 7.296596011065881529e-03 8.938711957795966168e-01 2.211201617419710982e-02
1.147207975315187728e-01 9.067825296624995243e-03 8.513545672699637246e-01 2.485680990189222117e-02
1.691514182532843080e-01 1.146328824973145630e-02 7.923972807918865380e-01 2.698801270509772546e-02
2.343783337694418656e-01 1.494908981037383275e-02 7.230307170136066608e-01 2.764185940657748822e-02
3.027360292575250189e-01 1.987268265731273464e-02 6.502013957482145612e-01 2.718989233694779975e-02
3.665035312425388159e-01 2.702985538110996844e-02 5.800893859306658351e-01 2.637722744568568589e-02
4.190499428641680235e-01 3.746209085333241512e-02 5.177586002001761667e-01 2.572936608232334263e-02
4.560828930740725151e-01 5.251119085588450836e-02 4.658591749641835533e-01 2.554674110585948565e-02
4.770593451114304995e-01 7.397696613736025328e-02 4.230040615474312538e-01 2.595962720377792410e-02
4.841322201308516648e-01 1.030891290485809048e-01 3.857228929265256734e-01 2.705575789404178477e-02
4.764998680908206774e-01 1.432930895192802978e-01 3.505435724718026225e-01 2.966346991809663131e-02
4.611892266725860501e-01 1.918806303218371090e-01 3.121338730825273244e-01 3.479626992304943323e-02
4.478536577428446352e-01 2.470706044898906550e-01 2.629649351635030552e-01 4.211080260376193207e-02
4.398568582186853648e-01 3.077708140130674397e-01 2.033727812376964761e-01 4.899954653055054593e-02
4.396073465030071459e-01 3.636402465532213024e-01 1.439616834562459646e-01 5.279072348752573973e-02
4.327868580311452495e-01 4.130288163863566342e-01 9.967246235673847543e-02 5.451186322575941878e-02
4.286645501652009416e-01 4.399330426623048185e-01 7.342495580014847534e-02 5.797745137234575075e-02
4.247241329583609781e-01 4.464999805994062654e-01 6.198554791973755196e-02 6.679033852249528780e-02
4.170331435707185785e-01 4.385767725744608714e-01 6.099924941886473995e-02 8.339083443595571299e-02
3.996446045671868674e-01 4.231375685498457995e-01 6.748142822660367635e-02 1.097363986563636151e-01
3.669026602281252325e-01 4.072495409717508674e-01 7.890584751480368697e-02 1.469419512853202825e-01
3.196145450860036208e-01 3.921820182643268593e-01 9.283047154485300767e-02 1.953729651048162208e-01
2.665886440989979067e-01 3.695508732568166255e-01 1.088391608852680853e-01 2.550213217589177295e-01
2.179448291844499619e-01 3.288348177845940579e-01 1.299521950766172884e-01 3.232681579543385531e-01
1.789631898255331643e-01 2.687941582125731865e-01 1.615336275125438537e-01 3.907090244493497955e-01
1.491672586891466257e-01 2.018604348621069744e-01 2.091444009476585986e-01 4.398279055010879124e-01
1.223445590261975219e-01 1.448020715155805549e-01 2.722853615237278979e-01 4.605680079344943167e-01
9.167347682926128838e-02 1.056438646010428722e-01 3.336250380561818218e-01 4.690576205135137955e-01
5.975827842201348467e-02 8.084384421053639191e-02 3.671664170182005749e-01 4.922314603492498608e-01
3.301004252682239459e-02 6.439198620253923366e-02 3.636879123296046790e-01 5.389100589410336095e-01
1.576637490740386352e-02 5.183692731195472386e-02 3.362445447534497256e-01 5.961521530271917113e-01
7.457075342586308789e-03 4.230216109837878907e-02 3.020761509622917895e-01 6.481646125967430727e-01
3.669291620247246231e-03 3.601161254362048730e-02 2.675599015705110717e-01 6.927591942656208257e-01
1.955460753637825334e-03 3.253838986871751549e-02 2.340715358211184760e-01 7.314346135565263918e-01
1.166669374965785587e-03 3.099704341826836976e-02 2.079097467268982979e-01 7.599265404798674073e-01
8.001125099149766296e-04 3.003598629383422494e-02 1.982781840198742651e-01 7.708857171763764393e-01
