3.479545742182832413e-02 8.719570272664163291e-01 3.833611725320529989e-02 5.491139805854958200e-02
2.128432771313839011e-01 7.430656080819239007e-01 6.278655337226273121e-03 3.781245944946561022e-02
1.976399792317448390e-01 7.653953132173173524e-01 5.765807880077375089e-03 3.119889967086035554e-02
1.778976534733022197e-01 7.914732652417130199e-01 5.105489520462782628e-03 2.552359176452202727e-02
1.457039200975055460e-01 8.301418226571476433e-01 4.174246102645055162e-03 1.998001114270153006e-02
1.045290100132337807e-01 8.771137458594396863e-01 3.195380484335281351e-03 1.516186364299131235e-02
6.834829168526859733e-02 9.174521853097100665e-01 2.390005142405250953e-03 1.180951786261627209e-02
4.109219484855133886e-02 9.475949552627114247e-01 1.769670646718150700e-03 9.543179242019066838e-03
2.304761413173716383e-02 9.677607534398238176e-01 1.273885262101844126e-03 7.917747166337207182e-03
1.253312635544340074e-02 9.796332620245135070e-01 9.021454661595281095e-04 6.931466153883755407e-03
7.136904353120210494e-03 9.853772164113976384e-01 6.574906523661493227e-04 6.828388583115955167e-03
4.878884341423386957e-03 9.864522095061272200e-01 5.282079559620365744e-04 8.140698196487310828e-03
4.343083447742667781e-03 9.836706536534626233e-01 4.862732738191372431e-04 1.149998962497580240e-02
4.457392720758664682e-03 9.780006666633828116e-01 5.063954504522928494e-04 1.703554516540627811e-02
4.838743710210748235e-03 9.695521069195793817e-01 6.017759839560411338e-04 2.500737338625427450e-02
5.440910142900075644e-03 9.579980289352713063e-01 8.140364733399210479e-04 3.574702444848852634e-02
6.127132077220068425e-03 9.444319782899875948e-01 1.198485619109674119e-03 4.824240401368269648e-02
6.935191849502660329e-03 9.296042256057611697e-01 1.880121282165699015e-03 6.158046126257009367e-02
8.406306726978686125e-03 9.090535385147477943e-01 3.249072843878091522e-03 7.929108191439530884e-02
1.151313167682340571e-02 8.739694224028626834e-01 6.325879416231026606e-03 1.081915665040828339e-01
1.796114386509025870e-02 8.142282239237300656e-01 1.339709107251090513e-02 1.544135411386684531e-01
3.240009603632303115e-02 7.197268138850640984e-01 2.847529495661620461e-02 2.193977951219966693e-01
5.758934557348212996e-02 5.914856080484104384e-01 5.501568555398416577e-02 2.959093608241230022e-01
9.763066423991621778e-02 4.443166019679655188e-01 9.232705166102905814e-02 3.657256821310894690e-01
1.527964411325683503e-01 3.087321976033765014e-01 1.365863439908250876e-01 4.018850172732302828e-01
2.234866337409344705e-01 2.063689022740808066e-01 1.875213230392404062e-01 3.826231409457443444e-01
3.062815767966860503e-01 1.343764411596378161e-01 2.451539526225433585e-01 3.141880294211326086e-01
3.769750669837126367e-01 8.413374319709737703e-02 3.105622900370617612e-01 2.283288997821280863e-01
4.091068405742425695e-01 5.285153420672068086e-02 3.818103578210307325e-01 1.562312673980059685e-01
3.964098725491105868e-01 3.580575192832394921e-02 4.597517077538204044e-01 1.080326677687449832e-01
3.574443123994236471e-01 2.741724854363550984e-02 5.357757949468340275e-01 7.936264411010673925e-02
3.004864270495533618e-01 2.330300443117532677e-02 6.132566615145479405e-01 6.295390700472361378e-02
2.312536236759279440e-01 2.040251666803493888e-02 6.952226768571169169e-01 5.312118279892030781e-02
1.643357967291210198e-01 1.713893988436886520e-02 7.716128367497263607e-01 4.691242663678348718e-02
1.130084440966962062e-01 1.393758488147023647e-02 8.293585501685114547e-01 4.369542085332185632e-02
7.820952866717535701e-02 1.164450074156089636e-02 8.669433136187997269e-01 4.320265697246394865e-02
5.462080100666891896e-02 1.006105313336000222e-02 8.909818118988594993e-01 4.433633396111142516e-02
3.853707316657353082e-02 8.644784267458894417e-03 9.077299152316993247e-01 4.508822733426844087e-02
2.857444190100788192e-02 7.368386548394614648e-03 9.207628463879877767e-01 4.329432516260964259e-02
2.045137220586860233e-02 5.788122616241157641e-03 9.358671268108090802e-01 3.789337836708103063e-02
1.433286921731584049e-02 4.295924341290015790e-03 9.507881938366877783e-01 3.058301260470656577e-02
9.669977264227217970e-03 3.035628349126345740e-03 9.636811525077060292e-01 2.361324187894067728e-02
6.490019633319384432e-03 2.133868171289183061e-03 9.727854665364975562e-01 1.859064565889405329e-02
4.605546480373726333e-03 1.575930018997699590e-03 9.778171352453108867e-01 1.600138825531776873e-02
3.540572787921540589e-03 1.240272313123681009e-03 9.796358206126070112e-01 1.558333428634778653e-02
2.871910960480260084e-03 1.034917399231633645e-03 9.792942942666056361e-01 1.679887737368239431e-02
2.430545659154082546e-03 9.589960715481099301e-04 9.771270974316889069e-01 1.948336083760883464e-02
2.097160223054770223e-03 1.024106210225468865e-03 9.734315994251170334e-01 2.344713414160263729e-02
1.695259984244877182e-03 1.199025336567869759e-03 9.699474955326280456e-01 2.715821914655900185e-02
1.185388219925857366e-03 1.395438289719325067e-03 9.697137517595105782e-01 2.770542173084435122e-02
7.182768234198312401e-04 1.464196661039654512e-03 9.743899029330654882e-01 2.342762358247486160e-02
3.997933705151766035e-04 1.307578858939269098e-03 9.821475282379118488e-01 1.614509953263379774e-02
2.193036310634567101e-04 1.003578380114236723e-03 9.892998148316988205e-01 9.477303157123318986e-03
1.270055870947320363e-04 6.980943956119920737e-04 9.939327169525887795e-01 5.242183064704388634e-03
6.616997680956168458e-06 7.285332141122530899e-06 9.970407717609617304e-01 2.945325909216298110e-03
2.433777161347506646e-06 2.663782223751738999e-06 9.982291112606349603e-01 1.765791179979907125e-03
1.060086576452369412e-06 1.134071420707114280e-06 9.988477239341877478e-01 1.150081907815070359e-03
5.674408740465148126e-07 5.810977298616480271e-07 9.991747315184468237e-01 8.241199429492813760e-04
3.846198052758062027e-07 3.665873848553025719e-07 9.993432814761163963e-01 6.559673166935362258e-04
3.166461583042702813e-07 2.726404726594053587e-07 9.994309913685308633e-01 5.684193448383114636e-04
2.917665895882209046e-07 2.231089365831860180e-07 9.994833048944287146e-01 5.161802300453478777e-04
2.906522106740169867e-07 1.969892981615543693e-07 9.995213527804874820e-01 4.781595780036745186e-04
3.159451487010272266e-07 1.905042391591926855e-07 9.995581440892328251e-01 4.413494613793363802e-04
3.979103492578496832e-07 2.137288393431149342e-07 9.995997724643770344e-01 3.996158964343078895e-04
6.328812483295171651e-07 3.026139750368225879e-07 9.996426089141058346e-01 3.564555906708532541e-04
1.293692039642478749e-06 5.568184962833892484e-07 9.996714075230295204e-01 3.267419664345562642e-04
1.193770673267362465e-03 5.839033244750606945e-05 9.981823369515397948e-01 5.655020427453421586e-04
1.776228809879733077e-03 7.059670862978478811e-05 9.974609817911181953e-01 6.921926903724297990e-04
2.406140750477861901e-03 8.604185920847571461e-05 9.966337721950371265e-01 8.740451952766078699e-04
3.144477490659074257e-03 1.093555412940944122e-04 9.955767657455303343e-01 1.169401222516495281e-03
4.118545512071910414e-03 1.436592846848058682e-04 9.941072972774782635e-01 1.630497925765046069e-03
5.491926215899818262e-03 1.898101181835923888e-04 9.920039296455377409e-01 2.314334020379034754e-03
3.525543751845557766e-02 9.590280243257655046e-01 5.439627135365137332e-03 2.769110204136433426e-04
2.471886120377074156e-02 1.003683799356931416e-01 1.401641025236150320e-03 8.735111178352999994e-01
2.879470927073523451e-02 1.345783824162044284e-01 1.472829176918673657e-03 8.351540791361419247e-01
3.942709177956978811e-02 1.870352354290596708e-01 1.998671527236743021e-03 7.715390012641339945e-01
5.882742015252235418e-02 2.613904041982723081e-01 3.205697328672138524e-03 6.765764783205332478e-01
8.765535784205745473e-02 3.502299150216415802e-01 5.464807157721170670e-03 5.566499199785800434e-01
1.202448466294098045e-01 4.356744016708229417e-01 8.796852966354027151e-03 4.352838987334133325e-01
1.468833269157596155e-01 5.090593622189878431e-01 1.240983727037048116e-02 3.316474735948818364e-01
1.610393875292373267e-01 5.748246102088098164e-01 1.531951609428892046e-02 2.488164861676641082e-01
1.605145925079065061e-01 6.396889286974790645e-01 1.667315910816346766e-02 1.831233196864507362e-01
1.492122154687216817e-01 7.024494399380986076e-01 1.671014912777664049e-02 1.316281954654031083e-01
1.347926152490017959e-01 7.549714432968560596e-01 1.608641958641492120e-02 9.414952186772676535e-02
1.243773367704061467e-01 7.896138380049196881e-01 1.575749293254558384e-02 7.025133229212879304e-02
1.225605534070310643e-01 8.039385199953454908e-01 1.650791981371316219e-02 5.699300678391023417e-02
1.325098240504751779e-01 7.981695187612187770e-01 1.891686815735302285e-02 5.040378903095311947e-02
1.541186484554765979e-01 7.773541753132675591e-01 2.270260806172822582e-02 4.582456816952767964e-02
1.803901766923201588e-01 7.543815050821445212e-01 2.559093175939396864e-02 3.963738646614137218e-02
1.967053475670881568e-01 7.467332870649582288e-01 2.535117970076085706e-02 3.121018566719272608e-02
1.986832290587822181e-01 7.580788761318895119e-01 2.101874790077962879e-02 2.221914690854874530e-02
1.807968457396597339e-01 7.900148654113058333e-01 1.462528727763751264e-02 1.456300157139692360e-02
1.473828794509984275e-01 8.348328431509137726e-01 8.768499721001450295e-03 9.015777677086148426e-03
1.078029195177129668e-01 8.818486986040652287e-01 4.857334335579998295e-03 5.491047542641801053e-03
7.650916447782661611e-02 9.172587523105417695e-01 2.633703838331136540e-03 3.598379373300421465e-03
5.515779890308655786e-02 9.405421099899899939e-01 1.558168190444265142e-03 2.741922916479293867e-03
4.150235081997467185e-02 9.549938557663378846e-01 1.046676411359833856e-03 2.457117002327687504e-03
3.241346153794204960e-02 9.643216331409192321e-01 7.931896374585573192e-04 2.471715683680037259e-03
2.576546042399445804e-02 9.709635746430412828e-01 6.571029547144932375e-04 2.613861978249526832e-03
2.051709930185656450e-02 9.761709349041693962e-01 5.735203256271041630e-04 2.738445468346995676e-03
1.597694848372270895e-02 9.808232392680485967e-01 5.050993418300350453e-04 2.694712906398852390e-03
1.150943211065641285e-02 9.856878879527479764e-01 4.202021887637749555e-04 2.382477747831937900e-03
7.397747511413417347e-03 9.903334497473119669e-01 3.167576924626173333e-04 1.952045048812009465e-03
4.508446644010614089e-03 9.935891333899117273e-01 2.300477145519051010e-04 1.672372251525823051e-03
2.891626271392044693e-03 9.952546597319827937e-01 1.800427507158260327e-04 1.673671245909245497e-03
2.085097171581768924e-03 9.956828495033127613e-01 1.648087423223517929e-04 2.067244582783127078e-03
1.733646638751431017e-03 9.949436917246368139e-01 1.813200940015364593e-04 3.141341542610053862e-03
1.711241301419402523e-03 9.925698142058181350e-01 2.336961139220748241e-04 5.485248378840072887e-03
1.983165818075383752e-03 9.877368238210220142e-01 3.363392615569410428e-04 9.943671099345696013e-03
2.632605874269073904e-03 9.790025593993896269e-01 5.396926217239745313e-04 1.782514210461719206e-02
3.893227396890081536e-03 9.639482989449446038e-01 9.831754662687176242e-04 3.117529819189643683e-02
6.147296957386779240e-03 9.391599741908548404e-01 2.037062624190530500e-03 5.265566622756787107e-02
1.002695215830071845e-02 8.992691865260498130e-01 4.779044367839001967e-03 8.592481694781055335e-02
1.654120093713724177e-02 8.357910171265469090e-01 1.230923793244969276e-02 1.353585440038661269e-01
2.813360647253295224e-02 7.372989633834892143e-01 3.150598479366841648e-02 2.030614453503099548e-01
4.189224862113438003e-02 6.014572019765636046e-01 6.808384682521953501e-02 2.885667025770826122e-01
5.250761787380824053e-02 4.434310751485602276e-01 1.135291454903825520e-01 3.905321614872487856e-01
5.544604436783321516e-02 2.909131908440972802e-01 1.514958450006990698e-01 5.021449197873705250e-01
5.170212446204168477e-02 1.729972299514236089e-01 1.785996674324528688e-01 5.967009781540819624e-01
4.466614771536300821e-02 1.024495657805358367e-01 2.010190336252683230e-01 6.518652528788329015e-01
3.693448755376494558e-02 6.560069524620769366e-02 2.180651407508713835e-01 6.793996764491558871e-01
2.958011073287205445e-02 4.650102490941803585e-02 2.285711476258399655e-01 6.953477167318697916e-01
2.264158480039202628e-02 3.590919201651909809e-02 2.381566696899532487e-01 7.032925534931356859e-01
1.629042287080727236e-02 2.956027039090100214e-02 2.520949553389437159e-01 7.020543513993481310e-01
1.095460253860916673e-02 2.535076793704132969e-02 2.684714675717728150e-01 6.952231619525769402e-01
6.990974969688310177e-03 2.254867651410741303e-02 2.804504327057693036e-01 6.900099158104345820e-01
4.438847537851596699e-03 2.142735580308448989e-02 2.898448365582588226e-01 6.842889601008048661e-01
2.961455963907688466e-03 2.238866179652299754e-02 3.067089132851377187e-01 6.679409689544315576e-01
2.093915016370955385e-03 2.513038177530899780e-02 3.389479579034967993e-01 6.338277453048231092e-01
1.529189645317445990e-03 2.815197751727853762e-02 4.000715295151363593e-01 5.702473033222674736e-01
1.101337205230128874e-03 2.887839677754751658e-02 5.039989932473030176e-01 4.660212727699191704e-01
7.525907774007935085e-04 2.567066450955990745e-02 6.367063538471321449e-01 3.368703908659072543e-01
5.211998236878612667e-04 2.031503151225347997e-02 7.580853067062262030e-01 2.210784619578321231e-01
3.867604194216323434e-04 1.551831466951974700e-02 8.446149788068884057e-01 1.394799461041703603e-01
3.430656947327066211e-04 1.147430679315856669e-02 8.989735458441744376e-01 8.920908166793442562e-02
2.975545822827171645e-04 9.270231679017318371e-03 9.307117335843829720e-01 5.972048015431685730e-02
2.875842591362317495e-04 7.447415243077079063e-03 9.503788664518687535e-01 4.188613404591818440e-02
2.840685988285911569e-04 5.862715762506127797e-03 9.632809833044787551e-01 3.057223233418630837e-02
2.744760771506530054e-04 4.541660918945008077e-03 9.718455957431457737e-01 2.333826726075891034e-02
2.658084313538899173e-04 3.572286607882400704e-03 9.770508711732011076e-01 1.911103378756239327e-02
2.854472198241326175e-04 3.063140998536401354e-03 9.789594578478608700e-01 1.769195393377863065e-02
3.677331157898149896e-04 3.050907248528008774e-03 9.773128244869156989e-01 1.926853514876612772e-02
5.361818170525669289e-04 3.420461192603163093e-03 9.726184204604078065e-01 2.342493652993665049e-02
8.148536696582863283e-04 4.114704067891012534e-03 9.654550194346932512e-01 2.961542282775750032e-02
1.604092123952789994e-01 8.993913204708832432e-02 6.970240067673661999e-01 5.262764879026657350e-02
1.043717643151887559e-01 5.249034344434483357e-01 2.626207405471245749e-03 3.680985938358917187e-01
7.253256306073876947e-02 6.583927345515377949e-01 1.512985114587112045e-03 2.675617172731366011e-01
4.846427160214013957e-02 7.770608792340449877e-01 8.106781258668281425e-04 1.736641710379478454e-01
3.193022704221498698e-02 8.657439039189226415e-01 4.300761228765990801e-04 1.018957929159856890e-01
2.126344783679032929e-02 9.241573835398224634e-01 2.292165267812469283e-04 5.434995209660625076e-02
1.453257291909577399e-02 9.582519152284216801e-01 1.186408514077828472e-04 2.709687100107456559e-02
1.004292674203159305e-02 9.761929242586394606e-01 6.197387419553147272e-05 1.370217512513345615e-02
7.128619798779209545e-03 9.852788501057714310e-01 3.390746010042299712e-05 7.558622635349079855e-03
5.273531703038320841e-03 9.900726851785627280e-01 1.990463626930910872e-05 4.633878482129451075e-03
4.071149645315569679e-03 9.929085067306405721e-01 1.233042520200788278e-05 3.008013198841813594e-03
3.257917039665659577e-03 9.948135974123367697e-01 7.777300431641663491e-06 1.920708247565933169e-03
2.784288289809316516e-03 9.960200727083812211e-01 5.117217007569833230e-06 1.190521784802080468e-03
2.696795895447585099e-03 9.965450614822517483e-01 3.770204304602009047e-06 7.543724179960705975e-04
3.017744133287573842e-03 9.964722333513705843e-01 3.187490132422560775e-06 5.068350252093724263e-04
3.788917534864442386e-03 9.958462527638531903e-01 2.993073700092535466e-06 3.618366275820930470e-04
5.169372774844091870e-03 9.945531277451693519e-01 3.008664847654222575e-06 2.744908151389458808e-04
7.509273614908231441e-03 9.922664229202237118e-01 3.229829455164408876e-06 2.210736354128478424e-04
1.112830730380637116e-02 9.886888712490160547e-01 3.598415405982465904e-06 1.792230317713690117e-04
1.625477135332870776e-02 9.835992885908041439e-01 3.991276902590241861e-06 1.419487789645504188e-04
2.376153712163094414e-02 9.761135741599477056e-01 4.631717371885324413e-06 1.202570010494348148e-04
3.504672666245312734e-02 9.648329133442231642e-01 5.896105623968937861e-06 1.144638876999207102e-04
5.135448097486999125e-02 9.485191114863397166e-01 8.528819683164092215e-06 1.178787191071649268e-04
7.303901524592444627e-02 9.268217550983091080e-01 1.437907278005511394e-05 1.248505829867879399e-04
9.917413283048313877e-02 9.006674640983158842e-01 2.643496801365755513e-05 1.319681031874658089e-04
1.304988988999820909e-01 8.693747561039895100e-01 9.009621771077612343e-06 1.173353742572533627e-04
1.625993600142986995e-01 8.372759887303791171e-01 1.004455683911179158e-05 1.146066984834445793e-04
1.897048197025739125e-01 8.101691896039424634e-01 1.099379859102068726e-05 1.149968948926174825e-04
1.997464532596221753e-01 8.001253677079830373e-01 1.121375060826430613e-05 1.169652817863925214e-04
1.830850020256621358e-01 8.167854669713978666e-01 1.040614415101455028e-05 1.191248587888533783e-04
1.431194916903146819e-01 8.567481915539539861e-01 9.109992786265088178e-06 1.232067629448577617e-04
9.636083539906618867e-02 9.034677697767609095e-01 2.667883942159347788e-05 1.447159847512824297e-04
6.025511356197569418e-02 9.395725934223371212e-01 1.287918603803585389e-05 1.594138296491254009e-04
3.567622272471034084e-02 9.641282664173193018e-01 8.899098176645540121e-06 1.866117597935106791e-04
2.044260693436343590e-02 9.793469326816336418e-01 7.101388839692964597e-06 2.033589951632627769e-04
1.197309739753176297e-02 9.878192128863801935e-01 5.639423542409656275e-06 2.020502925455294459e-04
7.802644978280826212e-03 9.919941641978452518e-01 4.718535216022045371e-06 1.984722886579392057e-04
5.930461413651888503e-03 9.938579600524618529e-01 4.385161961970486663e-06 2.071933719243763538e-04
5.212349337187432291e-03 9.945460952398247345e-01 4.506106114177831060e-06 2.370493168736609096e-04
5.096024248161914842e-03 9.946014812327199639e-01 4.933454187271871539e-06 2.975610649310005780e-04
5.316013945091611383e-03 9.942739733759391463e-01 5.532646020342196912e-06 4.044800329489863975e-04
5.819156537145484150e-03 9.935819772783084369e-01 6.334726122257451629e-06 5.925314584236112282e-04
6.889768356189812128e-03 9.921464406258524438e-01 7.845872977985295237e-06 9.559451449797512230e-04
9.400760421810257922e-03 9.888509790113221287e-01 1.152344867625105595e-05 1.736737118191419241e-03
1.542017139936090360e-02 9.810880304645049899e-01 2.134972662612952038e-05 3.470448409507987959e-03
2.983801187202182389e-02 9.629703305647011602e-01 4.942456259378127394e-05 7.142233000682846576e-03
6.208574561172110901e-02 9.238748754648816730e-01 1.269949628955168580e-04 1.391238396050127786e-02
1.218831775111185872e-01 8.543074939246768640e-01 2.983530982098148003e-04 2.351097546599448598e-02
2.125287614091197763e-01 7.537944752410142835e-01 5.332135983274796220e-04 3.314354975153827737e-02
3.249856331401037024e-01 6.337928503058402052e-01 8.329196581621111815e-04 4.038859689589373303e-02
4.440659561998059335e-01 5.091779247280466825e-01 1.199038119324762237e-03 4.555708095282282738e-02
5.547790287194692693e-01 3.941549959483403032e-01 1.487065887092700166e-03 4.957890944509784487e-02
6.378523900659869295e-01 3.076690447559030650e-01 1.765599674465411547e-03 5.271296550364447386e-02
6.884209809447841000e-01 2.539343468380242941e-01 2.020442000196928743e-03 5.562423021699462733e-02
7.079141747846361410e-01 2.291394577162529089e-01 2.292026087059125059e-03 6.065434141205195556e-02
6.968919737976905227e-01 2.289925572113125363e-01 2.694851883196365712e-03 7.142061710780062134e-02
6.552587605791357905e-01 2.496541392552471261e-01 3.374473745694948727e-03 9.171262641992201925e-02
5.850860224674583332e-01 2.864517543556566181e-01 4.512332540198423295e-03 1.239498906366868491e-01
5.030253808541172988e-01 3.256183401028118762e-01 5.926972598867211867e-03 1.654293064442036443e-01
4.269510426568925432e-01 3.603790332845964173e-01 7.145764732511632709e-03 2.055241593259994615e-01
3.674244284490324475e-01 3.939201354001143351e-01 7.553954435669830818e-03 2.311014817151831879e-01
3.204917341306331435e-01 4.341241931722514824e-01 7.117953426076736173e-03 2.382661192710385234e-01
2.827179623489314286e-01 4.812864594549333686e-01 6.231978413613563535e-03 2.297635997825218379e-01
2.558330749027808437e-01 5.243571905302015779e-01 5.383281464419546400e-03 2.144264531025979470e-01
2.405729993340564588e-01 5.515528288350175501e-01 4.822596271126276986e-03 2.030515755597998850e-01
2.334306546421065776e-01 5.615989679714502580e-01 4.542601841619606749e-03 2.004277755448239107e-01
2.293403260408351241e-01 5.582158520125353185e-01 4.496742875017447141e-03 2.079470790716123341e-01
2.266557731421102173e-01 5.390107680681620606e-01 4.727234602912775557e-03 2.296062241868148945e-01
2.276175748895631623e-01 4.940587406714812557e-01 5.499772955441611239e-03 2.728239114835140922e-01
2.258537979532483919e-01 4.237256822485011010e-01 6.414108956441500614e-03 3.440064108418091071e-01
2.187574503006095572e-01 3.285389496563598799e-01 7.864825507865587026e-03 4.448387745351646827e-01
1.978574327207207051e-01 2.245152039763795571e-01 9.600344797421490189e-03 5.680270185054780985e-01
7.362567893000761254e-02 6.073938501041037386e-01 3.013487423590398007e-01 1.763172860684899396e-02
1.542571071974981334e-01 3.063541695340877835e-01 1.480489493273815481e-02 5.245838283356759613e-01
1.399524154422275846e-01 4.156196893604253151e-01 1.032381867119719007e-02 4.341040765261501289e-01
1.307977960140104534e-01 4.784432524695444444e-01 7.613943348325502743e-03 3.831450081681198605e-01
1.296372322931284848e-01 4.889374297354228127e-01 6.205706553576331545e-03 3.752196314178721237e-01
1.344634312756035899e-01 4.598368062340812967e-01 5.599792635390924908e-03 4.000999698549241312e-01
1.405863425233200292e-01 4.119779769492272203e-01 5.331949204866810038e-03 4.421037313225859577e-01
1.459828016122505512e-01 3.624182874248496056e-01 5.106629575751079307e-03 4.864922813871487839e-01
1.555985480702462842e-01 3.158170501404973241e-01 4.971000763423106573e-03 5.236134010258335358e-01
1.764629320359540898e-01 2.750363566552093131e-01 4.991456874790036434e-03 5.435092544340468512e-01
2.096527846365928704e-01 2.436185691306442802e-01 4.987178047198010354e-03 5.417414681855647896e-01
2.423051199398426891e-01 2.217368298353634692e-01 4.783255025181163723e-03 5.311747951996125261e-01
2.522746637603076603e-01 2.113099290661756002e-01 4.555270919399476842e-03 5.318601362541170996e-01
2.344511220806258234e-01 2.155456407797229912e-01 4.508999814957446658e-03 5.454942373246934872e-01
2.059309271877769465e-01 2.354791350873185196e-01 4.562375762952318101e-03 5.540275619619519087e-01
1.801813872284195595e-01 2.714768611354181349e-01 4.503819431714934686e-03 5.438379322044474273e-01
1.569506143657677655e-01 3.226249665914830422e-01 4.228182420332557423e-03 5.161962366224165377e-01
1.326990505069284010e-01 3.861862189668285872e-01 3.765646440583257041e-03 4.773490840856594586e-01
1.079303287096706199e-01 4.595477884225726561e-01 3.213560658527224358e-03 4.293083222092293760e-01
8.519775411982319357e-02 5.421036019303004938e-01 2.662618458439821971e-03 3.700360254914366043e-01
6.567587324245952041e-02 6.327801888896549265e-01 2.145452937024409402e-03 2.993984849308610752e-01
4.953618644055005071e-02 7.227492871678841135e-01 1.687352502164919926e-03 2.260271738894011062e-01
3.712374703289028632e-02 7.976660871869832858e-01 1.327437417139362653e-03 1.638827283629871179e-01
2.757142035595478921e-02 8.528160226302902158e-01 1.077808880637793785e-03 1.185347481331169989e-01
2.192175078715181621e-02 8.907209689761264038e-01 8.859676362922041300e-04 8.647131260042936751e-02
1.818642215863746844e-02 9.182004823213030242e-01 7.439335859440886125e-04 6.286916193411533349e-02
1.634087295769667825e-02 9.380853183351243185e-01 6.443653441433809352e-04 4.492944336303564268e-02
1.651205553397731840e-02 9.519235747665600877e-01 5.807244123271281889e-04 3.098364528713571514e-02
1.738784902231969853e-02 9.619737353172750360e-01 5.308061835333017153e-04 2.010760947687173505e-02
2.249306391415163697e-02 9.636202079493697559e-01 5.082634251797458038e-04 1.337846471129868105e-02
2.968798191171299200e-02 9.598738997994642475e-01 5.349165836907573751e-04 9.903201705132256769e-03
4.194985090674898526e-02 9.487746604092343050e-01 6.332030299793775302e-04 8.642285654037233644e-03
6.261177860192086719e-02 9.278570701866925008e-01 8.369072729725979915e-04 8.694243938413826617e-03
9.932497893370070829e-02 8.896448492750741455e-01 1.216251629914656684e-03 9.813920161310758436e-03
1.664545836147642566e-01 8.196988473342849968e-01 1.820312900683551758e-03 1.202625615026720919e-02
2.710177291661278187e-01 7.112111800674048023e-01 2.630334679025033914e-03 1.514075608744241616e-02
4.019483964123538033e-01 5.758263409945582056e-01 3.436960744410990937e-03 1.878830184867700051e-02
5.235839682368974568e-01 4.496660010574033972e-01 4.012765693991602635e-03 2.273726501170733605e-02
6.129164592155853519e-01 3.553171409316490115e-01 4.160985571475768474e-03 2.760541428128963914e-02
6.621883498868751383e-01 2.981922642778531141e-01 4.229222217831306307e-03 3.539016361744046907e-02
6.778414093999973744e-01 2.675790845699508314e-01 4.585431937988292128e-03 4.999407409206344660e-02
6.632081442456326803e-01 2.536206378919854121e-01 5.593151548003648735e-03 7.757806631437803857e-02
6.154108602812173867e-01 2.504642800448496076e-01 7.649634293413915334e-03 1.264752253805190851e-01
5.309049275319484007e-01 2.540912037551806280e-01 1.096380968549363205e-02 2.040400590273775405e-01
4.247323237222309089e-01 2.533317745359734419e-01 1.431214530822088465e-02 3.076237564335747021e-01
3.254176889459006738e-01 2.409932967976208262e-01 1.644472230454321199e-02 4.171442919519354198e-01
2.539841349558927264e-01 2.215017258028700586e-01 1.725767802594086256e-02 5.072564612152962171e-01
2.132433496737926037e-01 2.035809365281960603e-01 1.754336926807177274e-02 5.656323445299397124e-01
1.988887381755577166e-01 1.918368976137262705e-01 1.779807921701954607e-02 5.914762849936963107e-01
2.085029913997495932e-01 1.873683322585424360e-01 1.827665380092086470e-02 5.858520225407869431e-01
2.438575334044449372e-01 1.901700218583780577e-01 1.918971947098475211e-02 5.467827252661926485e-01
3.064701213588646445e-01 1.998629719068891752e-01 2.042125495317207579e-02 4.732456517810736951e-01
3.846131432011066775e-01 2.143093872943755418e-01 2.128357366455325972e-02 3.797938958399646459e-01
4.525365967659542021e-01 2.313587975336666158e-01 2.132736314825637094e-02 2.947772425521231199e-01
4.957025250523469095e-01 2.502591916517805659e-01 2.086621077134018232e-02 2.331720725245325088e-01
5.263069473892533212e-01 2.639723554601711708e-01 1.971837056406487709e-02 1.900023265865106725e-01
5.591617701378831518e-01 2.685775476024584441e-01 1.795545693786700786e-02 1.543052253217913061e-01
6.045291916283795919e-01 2.604226508930848061e-01 1.569388996862444707e-02 1.193542675099111411e-01
6.679277710197205620e-01 2.335469790361254794e-01 1.276140353989224131e-02 8.576384640426153172e-02
7.329129090881005837e-01 1.995923829553746254e-01 9.933401298743723892e-03 5.756130665778108613e-02
7.903808902148183879e-01 1.654688790879194904e-01 7.316340225361040762e-03 3.683389047190101934e-02
8.358475933768072519e-01 1.361683255033395989e-01 5.076432591318148606e-03 2.290764852853501704e-02
8.694072447357744648e-01 1.130451373138493809e-01 3.367266763812756369e-03 1.418035118656360387e-02
8.931251782794400462e-01 9.563746940588573053e-02 2.222267189243048741e-03 9.015085125431244323e-03
9.094852185205895001e-01 8.291056600817571509e-02 1.527473372730431484e-03 6.076742098504404714e-03
9.207622637900046980e-01 7.361192444710068505e-02 1.133356485056781493e-03 4.492455277838067890e-03
9.299662328406327338e-01 6.533410603136996508e-02 9.235923567604926651e-04 3.776068771237198283e-03
9.397954425547307977e-01 5.560983623609819237e-02 8.395438013133818544e-04 3.755177407857440697e-03
9.495475286006604954e-01 4.509813692448873951e-02 8.618030254065470533e-04 4.492531449444052416e-03
9.555879956416136745e-01 3.734195350410984132e-02 8.993303302294388974e-04 6.170720524047263247e-03
9.584115271196135266e-01 3.158435159046297375e-02 1.055859650016945572e-03 8.948261639906501808e-03
9.537442340894782822e-01 3.051015821192358882e-02 1.448433037701694470e-03 1.429717466089618950e-02
1.066711481417518675e-01 6.887862355897025335e-01 6.243184632348588135e-03 1.982994316361969822e-01
9.160755937303176333e-02 7.504036920232822760e-01 3.343793994944032396e-03 1.546449546087420301e-01
7.691894651575825748e-02 7.947671884501384953e-01 1.931913232958917728e-03 1.263819518011442544e-01
6.840773880904278681e-02 8.214219564619104075e-01 1.283129957777574305e-03 1.088871747712692323e-01
6.698005677508475642e-02 8.310028371292288440e-01 1.050810505676452213e-03 1.009662955900098302e-01
7.075439719642669101e-02 8.267977378891744333e-01 1.076391843030195025e-03 1.013714730713686923e-01
7.652836152268298331e-02 8.146960780191587759e-01 1.294111493463893795e-03 1.074814489646947202e-01
8.091676338052650186e-02 8.033418712221439550e-01 1.634841836805902074e-03 1.141065235605235040e-01
8.047147067495380446e-02 8.043926136613926969e-01 1.912266259794013264e-03 1.132236494038595387e-01
7.125212799334551539e-02 8.271744247036683095e-01 1.893830047881306117e-03 9.967961725510476878e-02
5.401442983560954259e-02 8.667328584574768291e-01 1.634055259951918858e-03 7.761865644696179511e-02
3.694064508482193532e-02 9.054040915640596543e-01 1.387104635164417704e-03 5.626815871595407248e-02
2.467396153835590966e-02 9.351253926357137036e-01 1.189836414560356851e-03 3.901080941137002878e-02
1.715402803948497604e-02 9.566078619297812002e-01 9.843686173831461307e-04 2.525374141335058956e-02
1.092621615971776580e-02 9.738264681217835284e-01 7.309245273806098692e-04 1.451639119111823410e-02
6.677091440092145468e-03 9.852739113817614580e-01 4.927930287306164607e-04 7.556204149415862888e-03
4.109043647352741448e-03 9.916831867366725506e-01 3.243261610647306154e-04 3.883443454909891752e-03
2.652766960156917493e-03 9.949674205885368217e-01 2.220324018080137459e-04 2.157780049497977966e-03
1.795592800051998977e-03 9.967118538359576174e-01 1.589807337441936582e-04 1.333572630246229436e-03
1.252543874457939929e-03 9.977346551563613941e-01 1.155404257268705944e-04 8.972605434536207398e-04
1.194191287249468129e-06 9.994683944600153414e-01 7.509206925690207145e-05 4.553192794405617094e-04
7.184330289031952889e-07 9.996244024675807749e-01 5.314995532183034577e-05 3.217291440683941323e-04
5.548518581252863757e-07 9.997427694487649452e-01 3.823818121092538381e-05 2.184375181659228848e-04
9.881708624750743519e-01 3.256841786209391330e-03 3.964495867903507047e-03 4.607799870812709364e-03
9.893492850178112752e-01 3.776405697884506734e-03 2.984535625262344036e-03 3.889773659041756947e-03
9.915400217210300626e-01 3.468073234714037171e-03 1.786278524837586670e-03 3.205626519418322204e-03
9.908805722822446871e-01 4.690390905636386207e-03 1.466938750629175666e-03 2.962098061489749738e-03
9.896788985471833833e-01 6.404486904217640032e-03 1.189499607070772453e-03 2.727114941528017544e-03
9.879064685745857499e-01 8.716410940263357582e-03 9.347181387512279189e-04 2.442402346399595407e-03
9.854309974089537905e-01 1.168999002998921503e-02 7.313066976174807448e-04 2.147705863439563958e-03
9.821922903466773214e-01 1.533029714199301424e-02 5.893536463550846146e-04 1.888058864974698822e-03
9.783294745340876952e-01 1.949416297879098120e-02 4.986608660483389998e-04 1.677701621073037375e-03
9.744154422360403744e-01 2.365758270994733001e-02 4.352728711968876910e-04 1.491702182815194972e-03
9.706485738968000376e-01 2.760518925064147505e-02 3.927150416192793899e-04 1.353521810939319709e-03
9.657025804766289356e-01 3.255763445185282795e-02 3.917903738855406251e-04 1.347994697632735580e-03
9.582633076522588667e-01 3.971934889502876098e-02 4.674023782982800255e-04 1.549941074413606346e-03
9.429059490397624366e-01 5.441994098405684294e-02 6.203107789669797889e-04 2.053799197213713491e-03
9.165764880088752564e-01 7.971806240217560457e-02 8.629988282295613430e-04 2.842450760719395300e-03
8.728459506035758375e-01 1.220535434793807716e-01 1.205389366018798239e-03 3.895116551024446240e-03
8.028573138696526446e-01 1.902845918014463844e-01 1.684270517430087790e-03 5.173823811470960009e-03
6.991627572664004253e-01 2.920258245065759928e-01 2.328605239355894564e-03 6.482812987667711628e-03
5.634432718335509183e-01 4.258088082449684175e-01 3.191807330270567903e-03 7.556112591209934552e-03
4.198989611850562076e-01 5.679903604075564605e-01 3.796990835384591017e-03 8.313687572002665879e-03
2.916179432023823237e-01 6.940656632052666364e-01 5.087899534232466318e-03 9.228494058118383650e-03
1.945460800251357092e-01 7.875572713793361768e-01 7.165447622970238031e-03 1.073120097255763662e-02
1.259163627044509459e-01 8.501919464307410301e-01 1.049862654380724798e-02 1.339306432100086618e-02
8.323852724880827225e-02 8.829434669738658314e-01 1.540020105090708635e-02 1.841780472641886546e-02
5.394039934191415669e-02 8.960149807345297868e-01 2.265031461254745845e-02 2.739430531100885829e-02
3.649718452894744336e-02 8.929366590859346697e-01 2.952261379698581031e-02 4.104354258813203149e-02
2.441392250577515896e-02 8.881680985011107810e-01 3.206272352870237485e-02 5.535525546441177197e-02
1.377746533298689069e-02 8.930925785754115775e-01 2.793408357103956130e-02 6.519587252056238680e-02
7.545779037685080605e-03 8.982691481708278136e-01 2.124714528905778665e-02 7.293792750242918121e-02
4.591341090657933069e-03 8.952234715000286780e-01 1.635021994224020517e-02 8.383496746707323755e-02
3.287012802962436739e-03 8.822426385518489234e-01 1.385085668583065609e-02 1.006194919593578763e-01
2.759002416637588127e-03 8.585337455151602626e-01 1.326842296499137000e-02 1.254388291032110248e-01
2.673312795640230520e-03 8.220361416628647611e-01 1.439517900745431421e-02 1.608953665340406569e-01
2.245130650354227198e-03 7.718465819330218025e-01 1.736780949881739158e-02 2.085404779178066381e-01
2.437776558497531214e-03 7.080575348110158540e-01 2.294863474825298635e-02 2.665560538822336345e-01
2.903850216323350213e-03 6.339371090124777952e-01 3.260989189991862075e-02 3.305491488712799519e-01
3.780190115256398288e-03 5.505678562939901877e-01 4.897518314620848828e-02 3.966767704445450793e-01
5.163461481445232905e-03 4.570897900375022749e-01 7.461314876661682971e-02 4.631335997144355177e-01
6.758118319831308597e-03 3.544861233248537968e-01 1.108995376686773143e-01 5.278562206866372897e-01
7.920646926919272177e-03 2.465332933120580883e-01 1.627383613359393300e-01 5.828076984250832870e-01
8.761860730577841067e-03 1.497974348627778840e-01 2.474644655543384864e-01 5.939762388523055492e-01
1.038251728753680769e-02 8.193139195635204541e-02 3.830179536061498746e-01 5.246681371499611890e-01
1.254139727749348579e-02 4.094903081287762370e-02 5.509739030128414372e-01 3.955356688967874290e-01
1.385109588926139099e-02 1.854084768951510392e-02 7.089387265085475009e-01 2.586693299126756052e-01
1.434106581229346693e-02 7.609393925459013129e-03 8.232338131815295501e-01 1.548157270807183905e-01
1.484481825763361851e-02 3.580451083455684323e-03 8.896540095703502349e-01 9.192072108856064183e-02
1.705296089109863480e-02 2.037531739735817717e-03 9.226779568776311002e-01 5.823155049153452834e-02
2.105107815833931473e-02 1.433868613863897249e-03 9.360773736055209016e-01 4.143767962227582619e-02
2.568574806144324416e-02 1.163472539413606477e-03 9.396413477426542871e-01 3.350943165648909844e-02
3.358851037660628980e-02 1.129439824558892179e-03 9.347172688875787783e-01 3.056478091125613625e-02
4.427151076257537093e-02 1.209776677335074610e-03 9.242813483401317587e-01 3.023736421995755833e-02
5.761719729847626648e-02 1.357381822093927390e-03 9.096477972981087401e-01 3.137762358132115126e-02
7.535364972833125119e-02 1.551117691888877432e-03 8.893983527142671486e-01 3.369687986551295200e-02
1.032446006625944296e-01 1.839605356786801508e-03 8.575568183841634218e-01 3.735897559645562360e-02
1.501147474391353875e-01 2.275630928145886377e-03 8.055346922355551831e-01 4.207492939716361846e-02
2.153089059744081324e-01 3.067897672933326235e-03 7.365566324015936361e-01 4.506656395106467539e-02
2.924100991707481167e-01 4.211829281443217957e-03 6.582208765698394082e-01 4.515719497796910620e-02
3.709913162903099582e-01 5.799028541099994147e-03 5.798886516056982465e-01 4.332100356289159127e-02
4.431856222513330112e-01 8.080413446503684552e-03 5.074998023419617921e-01 4.123416196020152080e-02
5.024748642285506994e-01 1.142394089712071154e-02 4.460577798330448984e-01 4.004341504128374613e-02
5.431788943706564732e-01 1.695213689151665176e-02 3.993389893371709909e-01 4.052997940065583560e-02
5.650151913028267359e-01 2.450320472843343575e-02 3.672708010885287200e-01 4.321080288021104249e-02
5.695982091628364330e-01 3.578699810240661139e-02 3.458662315960937539e-01 4.874856113866323643e-02
5.568234674120617900e-01 5.317837360833339161e-02 3.310487985053370275e-01 5.894936047426772852e-02
5.319299903295265919e-01 7.954235348632668345e-02 3.121752251120241684e-01 7.635243107212232039e-02
5.025306299341469884e-01 1.172792744059441422e-01 2.797581940778237630e-01 1.004319015820850369e-01
4.820922255125363876e-01 1.651333547657785894e-01 2.278123209936019078e-01 1.249620987280830042e-01
4.642555767714280912e-01 2.216755632755980643e-01 1.717532369788068169e-01 1.423156229741671663e-01
4.452630891465154672e-01 2.751047479586932187e-01 1.279086042533138790e-01 1.517235586414772963e-01
4.247758581337370831e-01 3.100597144538115857e-01 1.028904416642833497e-01 1.622739857481680648e-01
4.018166942731480895e-01 3.200371743619507270e-01 9.501778507110396343e-02 1.831283462937969286e-01
3.716322826227663190e-01 3.080714469154919311e-01 1.014515315646797311e-01 2.188447388970621021e-01
3.320663661940371214e-01 2.787375211419169663e-01 1.200844703274679404e-01 2.691116423365778609e-01
2.787392927733143289e-01 2.448746765706593387e-01 1.485843708585398715e-01 3.278016597974866553e-01
2.226634508505265508e-01 2.079901999814984248e-01 1.827761139512353583e-01 3.865702352167396660e-01
1.700875846576423989e-01 1.701620464649086228e-01 2.215916769093851380e-01 4.381586919680641179e-01
1.268097860089925921e-01 1.291823861553177966e-01 2.699704282735196359e-01 4.740373995621700032e-01
9.219434653202211727e-02 8.979266335070713867e-02 3.332491620937018673e-01 4.847638280235687658e-01
6.605423105740165779e-02 5.478069125928767408e-02 4.143856668325971437e-01 4.647794108507135591e-01
4.558516502987222663e-02 3.027769950948773839e-02 5.050980328692916688e-01 4.190391025913483558e-01
2.956104928555718103e-02 1.661685971721940658e-02 5.841778659974746768e-01 3.696442249997486384e-01
1.808890222153507893e-02 1.009114414609961485e-02 6.320936330012679738e-01 3.397263206310973116e-01
1.070520030838269070e-02 7.063603365127854063e-03 6.490940649002272522e-01 3.331371314262621675e-01
6.371758037575679483e-03 5.616842151160409205e-03 6.481869061269868171e-01 3.398244936842769737e-01
3.977483375785330344e-03 4.956366886350278139e-03 6.414678888358958941e-01 3.495982609019684939e-01
2.621813908601678018e-03 4.801356369700020277e-03 6.312530594581400312e-01 3.613237702635583304e-01
1.759441087422936338e-03 5.084301440328500496e-03 6.175563510045046778e-01 3.755999064677439936e-01
1.165802449266445514e-03 5.735697986221124402e-03 6.090303527491535140e-01 3.840681468153586686e-01
7.642076254551977621e-04 6.413801906137170730e-03 6.226790172912899379e-01 3.701429731771179732e-01
