3.680804035015292075e-02 9.080338175135733714e-01 2.925179013310211934e-02 2.590635200317148792e-02
4.427611230905427186e-01 5.401803158486301326e-01 4.371701562931632271e-03 1.268685949789575933e-02
3.637065854486641880e-01 6.212227359046922359e-01 3.918386236829840726e-03 1.115229240981403108e-02
2.852224274873867427e-01 7.018811222698818630e-01 3.284618133540464710e-03 9.611832109191068355e-03
2.026212877726437378e-01 7.871166703120732189e-01 2.489712397809939765e-03 7.772329517472988634e-03
1.258248586053253015e-01 8.665401680470593559e-01 1.742142335724897878e-03 5.892831011890420356e-03
6.900889263799739326e-02 9.254260064093976501e-01 1.199359036957989939e-03 4.365741915646825094e-03
3.515817420776242569e-02 9.608096673060464443e-01 7.993812817243782509e-04 3.232777204466431246e-03
1.692522236409791173e-02 9.801285362143679070e-01 5.332465507080612083e-04 2.412994870826222667e-03
8.032957117809425701e-03 9.896984454215923543e-01 3.579783107428079572e-04 1.910619149855362396e-03
4.020818635351149084e-03 9.939760368025523096e-01 2.511307069372205303e-04 1.752013855159813152e-03
2.367300454092737070e-03 9.953769478060852105e-01 1.958558248356921942e-04 2.059895914986204380e-03
1.866819514733293996e-03 9.948384032232090446e-01 1.742955586659484472e-04 3.120481703391771080e-03
1.935991528092835924e-03 9.926286215889729148e-01 1.721137220929389337e-04 5.263273160841193399e-03
2.214085120021945692e-03 9.887833078798669018e-01 1.878761608257887639e-04 8.814730839285475975e-03
2.498737524470267569e-03 9.832878109974679814e-01 2.275661840471802293e-04 1.398588529401492177e-02
2.656241895461530170e-03 9.768769677527475714e-01 2.988976365609710977e-04 2.016789271522998264e-02
2.717993610845596038e-03 9.704787988541586641e-01 4.226989155046522286e-04 2.638050861949116019e-02
2.931269438740279152e-03 9.627392549703583935e-01 6.663881795076160913e-04 3.366308741139367039e-02
3.590032745071351783e-03 9.504956999133186146e-01 1.199222930386441071e-03 4.471504441122361312e-02
5.077171613791221089e-03 9.306307475553676767e-01 2.391362774323124024e-03 6.190071805651827658e-02
8.043466357107575265e-03 9.007793454171357794e-01 4.922949659500339137e-03 8.625423856625627494e-02
1.360150542541993697e-02 8.596520786636541178e-01 9.811814049316939720e-03 1.169346018616089083e-01
2.453764418659891769e-02 8.063293025083528853e-01 1.847125649717679119e-02 1.506617968078711456e-01
4.262545242597752526e-02 7.445608825589939972e-01 3.235258971281194940e-02 1.804610753022166947e-01
7.182305090973256645e-02 6.794676742045728801e-01 5.324535530780712123e-02 1.954639195778876404e-01
1.154604809823605721e-01 6.123585779463207590e-01 8.418676073367099832e-02 1.879941803376478371e-01
1.719977202413958128e-01 5.334800112760533786e-01 1.314657883469239064e-01 1.630564801356270688e-01
2.275600544361807143e-01 4.422967945073259521e-01 1.993517409964961906e-01 1.307914100599970597e-01
2.648060338192438357e-01 3.566428643404371268e-01 2.805361214710596629e-01 9.801498036925977708e-02
2.746939313284540440e-01 2.896985240582845567e-01 3.637802564270766759e-01 7.182728818618465405e-02
2.562221125871080307e-01 2.385722921615307246e-01 4.504583835063289965e-01 5.474721174503238696e-02
2.172959338595977785e-01 1.928473174064554152e-01 5.452591089625430376e-01 4.459763977140384500e-02
1.727085505736702109e-01 1.489377023335345107e-01 6.391041922077853599e-01 3.924955488500996015e-02
1.336818198054159912e-01 1.124797128470598762e-01 7.159418070791642164e-01 3.789666026835990936e-02
1.022564225568995538e-01 8.665524436559411681e-02 7.717402272057586332e-01 3.934810587174750879e-02
7.713401244596808370e-02 6.838736655476047865e-02 8.127608734796519796e-01 4.171774751961952743e-02
5.786010341577512567e-02 5.399331284381285456e-02 8.459328394133384110e-01 4.221374432707365038e-02
4.335686532181790009e-02 4.161881650898744539e-02 8.770913856729659619e-01 3.793293249622881058e-02
3.144184469590128456e-02 3.054861413752355676e-02 9.086581871671332022e-01 2.935135399944237278e-02
2.088751782178709798e-02 2.080459811127554487e-02 9.384121367285238602e-01 1.989574733841376758e-02
1.204217353373265159e-02 1.381910443066308551e-02 9.615206210461821890e-01 1.261810098942193342e-02
6.614251250909974032e-03 8.698977733085585390e-03 9.764715647415416200e-01 8.215206274462651462e-03
3.733446982929775840e-03 5.892971798220755439e-03 9.841926696216404258e-01 6.180911597209147457e-03
2.287880229533225274e-03 4.390569892749192696e-03 9.876299769430140207e-01 5.691572934703181819e-03
1.494203920173817288e-03 3.524715123865861457e-03 9.886907221908172172e-01 6.290358765143491335e-03
1.039514195569231445e-03 3.173039864422009127e-03 9.877989157342833559e-01 7.988530205725236089e-03
7.635324009490421227e-04 3.286120096136257388e-03 9.851384589080279808e-01 1.081188859488669760e-02
5.436805881545789124e-04 3.593831661370104538e-03 9.819772942735459642e-01 1.388519347692950684e-02
3.489599665685423581e-04 3.691323210905026776e-03 9.807716461463462654e-01 1.518807067618013935e-02
2.030424804576821691e-04 3.268696962148625717e-03 9.831545020848824201e-01 1.337375847251145826e-02
1.102478129051348517e-04 2.418460793678306117e-03 9.880325165164124401e-01 9.438774877004143388e-03
5.821962540696682791e-05 1.534829722897485069e-03 9.927501752850274030e-01 5.656775366668050260e-03
3.166763122411392638e-05 8.860240363940354762e-04 9.958770166516490718e-01 3.205291680732818942e-03
2.545714796672024853e-06 3.206600837553293249e-06 9.981848695523454218e-01 1.809378132020350322e-03
9.642905848727325242e-07 1.189468089723795555e-06 9.988693930027391366e-01 1.128453238586224093e-03
4.354549257756088228e-07 5.223118837828277154e-07 9.992296440228989329e-01 7.693982102913174762e-04
2.399315321102037018e-07 2.792585106714362629e-07 9.994231977202606698e-01 5.762830896967732546e-04
1.623407554904855940e-07 1.831241492641996649e-07 9.995257477922401268e-01 4.739067428549757874e-04
1.275349320516941313e-07 1.386890229002636003e-07 9.995847111266261686e-01 4.150226494187870554e-04
1.069414005290898922e-07 1.106957100803262198e-07 9.996294707500069654e-01 3.703116128824066218e-04
9.135809582195495236e-08 8.797298940604970413e-08 9.996714346652880723e-01 3.283860036265932847e-04
7.750943507460198920e-08 6.730737515144084085e-08 9.997141535567465320e-01 2.857016264432846913e-04
6.572451848748013996e-08 5.006449693771065995e-08 9.997558056465924992e-01 2.440785643920627922e-04
5.978982577789672364e-08 3.944239911281319634e-08 9.997915487214596997e-01 2.083520463154117381e-04
6.786919605441721486e-08 3.895718755326496006e-08 9.998139083971477881e-01 1.859847764685352883e-04
1.023642099580773981e-07 5.241759971350257178e-08 9.998183931037747385e-01 1.814521144156746040e-04
1.751178398697351691e-07 8.316123242991540438e-08 9.998057474426705893e-01 1.939942782570589820e-04
3.067260335039270091e-07 1.397744264711160211e-07 9.997691010492876229e-01 2.304524502522628234e-04
5.945582268453992012e-07 2.652686209643226210e-07 9.996865940684270813e-01 3.125461047250959715e-04
1.277242992605549487e-06 5.619970333385856583e-07 9.995363800271120924e-01 4.617807328621091200e-04
1.086937317559523875e-03 1.088034636661721293e-04 9.978773982974963319e-01 9.268609212780442490e-04
2.805276502881915227e-02 9.668244362041780171e-01 4.941555805801535993e-03 1.812429612011343084e-04
1.362008014709407619e-02 4.411590520874256877e-02 3.987821828789775641e-04 9.418652324612842852e-01
1.824205855153293934e-02 7.054278095603344623e-02 4.975846157025404096e-04 9.107175758767314111e-01
2.910024451305354837e-02 1.235539721498844501e-01 8.342666437652779135e-04 8.465115166932968283e-01
5.015501155009544770e-02 2.144536081491135171e-01 1.618229992333359039e-03 7.337731503084575779e-01
8.438025074992359931e-02 3.320515226969647515e-01 3.044017796208390875e-03 5.805242087569028042e-01
1.292917578601588957e-01 4.365990746824055524e-01 4.959864221714113675e-03 4.291493032357211468e-01
1.800777335851751204e-01 5.016788844795565527e-01 7.057468547504926713e-03 3.111859133877635797e-01
2.329152222927380056e-01 5.307867870393613297e-01 9.170417077487476656e-03 2.271275735904131898e-01
2.815245731383099748e-01 5.400384451494866234e-01 1.106870998369706253e-02 1.673682717285061849e-01
3.203073241806387861e-01 5.426688745989809437e-01 1.253921803039638461e-02 1.244845831899839550e-01
3.493029440554262788e-01 5.421834781725550778e-01 1.364723995653447340e-02 9.486633781548417521e-02
3.747443007831662842e-01 5.340372526521252050e-01 1.457090328360613647e-02 7.664754328110219561e-02
4.008590132792800853e-01 5.165561324685566946e-01 1.597683534266427716e-02 6.660801890949903659e-02
4.386353185736758253e-01 4.817705994748521237e-01 1.803553364439618167e-02 6.155854830707570280e-02
4.874972104516944182e-01 4.357251950850432598e-01 2.029284044380406243e-02 5.648475401945789176e-02
5.355295876780098441e-01 3.949315105251472446e-01 2.140295710443423927e-02 4.813594469240869977e-02
5.698192720521457755e-01 3.726000368446961142e-01 2.022343589643721060e-02 3.735725520672096567e-02
5.832702813596036817e-01 3.732867026453352000e-01 1.685108828248167018e-02 2.659192771257967366e-02
5.711117136332447553e-01 3.984577478475226919e-01 1.254187231606247559e-02 1.788866620317001999e-02
5.300010004597142110e-01 4.496893792836235693e-01 8.561622077074343071e-03 1.174799817958788531e-02
4.644802876994157947e-01 5.225098291024705688e-01 5.247722994506982645e-03 7.762160203607071894e-03
3.832832936744919872e-01 6.079603765650248848e-01 3.275523941910781812e-03 5.480805818572525787e-03
3.070177967918970019e-01 6.864790367203749133e-01 2.150073436550384992e-03 4.353093051178181204e-03
2.452820189895741632e-01 7.492648410417114269e-01 1.534890136289336930e-03 3.918249832424908034e-03
1.967849424544433345e-01 7.981883527928347322e-01 1.195524754961013302e-03 3.831179997760792051e-03
1.571814650542072977e-01 8.379985895163486465e-01 9.944578002392826313e-04 3.825487629204563263e-03
1.222939664613305749e-01 8.731345195018233030e-01 9.010493218343159369e-04 3.670464715011821470e-03
9.264846226376410865e-02 9.033432400639392901e-01 7.597483941794015531e-04 3.248549278117245694e-03
6.320278200389702061e-02 9.336526182162445675e-01 6.112021773281412461e-04 2.533397602530274104e-03
3.695730818144049579e-02 9.608031623806765342e-01 4.473493016150527466e-04 1.792180136267814295e-03
1.950508906992600225e-02 9.788796935265581256e-01 3.141296891794000319e-04 1.301087714336632631e-03
1.041773530376466188e-02 9.882355580760905367e-01 2.378677761344005954e-04 1.108838844010447263e-03
6.210176353950300904e-03 9.923550979777575609e-01 2.141500926693632866e-04 1.220575575622786417e-03
4.487535446312642187e-03 9.934761914482284073e-01 2.392304543224752010e-04 1.797042651136347962e-03
4.119980514938832543e-03 9.922771933134438838e-01 3.222564200398118374e-04 3.280569751577383335e-03
4.561010672145476320e-03 9.886018218374640343e-01 4.884207351990596611e-04 6.348746755191884451e-03
5.852421038989602357e-03 9.813620778056082461e-01 8.266492529156556964e-04 1.195885190248637160e-02
8.348264756837696018e-03 9.686041645818204149e-01 1.597114766908030959e-03 2.145045589443383277e-02
1.255969161209792052e-02 9.473475202570508236e-01 3.544899003760692939e-03 3.654788912709056037e-02
1.930483579768420971e-02 9.118566898761909512e-01 9.004613779384579297e-03 5.983386054674016269e-02
2.994928514803378919e-02 8.504653000581705591e-01 2.516974294722015490e-02 9.441567184657549683e-02
4.559946807928906554e-02 7.461863296602515572e-01 6.828808144385892231e-02 1.399261208166003856e-01
6.202709078566719797e-02 5.996346704552081297e-01 1.501633436025843482e-01 1.881748951565397898e-01
7.051421254129283667e-02 4.353402920988195257e-01 2.612997627581437610e-01 2.328457326017435991e-01
7.003317577762659119e-02 2.836345537995632604e-01 3.742252943669462373e-01 2.721069760558637030e-01
6.303511412966723848e-02 1.671016121476211203e-01 4.717758964616177719e-01 2.980873772610935779e-01
5.299299157299149077e-02 9.885750074622820516e-02 5.353821925043841246e-01 3.127673151763964432e-01
4.338465552474855824e-02 6.434745887704779177e-02 5.643292031472022519e-01 3.279386824510009402e-01
3.510561004435878985e-02 4.719370930477011228e-02 5.692481772190348677e-01 3.484525034318360914e-01
2.723870765563760760e-02 3.781906816835069185e-02 5.608508711307599315e-01 3.740913530452519287e-01
1.945592426673029701e-02 3.179134311591291784e-02 5.437470949807804432e-01 4.050056376365765987e-01
1.264613061726277930e-02 2.712631601937340667e-02 5.187094208071899581e-01 4.415181325561737258e-01
7.739444992122248776e-03 2.348592300552374001e-02 4.884869390011987167e-01 4.802876930011551471e-01
4.738308371691521415e-03 2.155100759370936342e-02 4.650453014710335120e-01 5.086653825635655268e-01
3.016024087803156201e-03 2.179447603781964338e-02 4.559935841358105924e-01 5.191959157385666046e-01
1.966580065622956612e-03 2.384825491964155664e-02 4.612876946769908781e-01 5.128974703377446875e-01
1.266103425269592955e-03 2.643402268843093178e-02 4.895224965137878748e-01 4.827773773725117512e-01
7.898123410695591850e-04 2.753698487619191809e-02 5.539045053740896396e-01 4.177686974086488036e-01
4.787243171814229781e-04 2.546314642025026068e-02 6.489971560129392802e-01 3.250609732496289039e-01
2.979865985374152444e-04 2.089752770403794507e-02 7.487029432918180794e-01 2.301015424056065128e-01
2.024162590964699679e-04 1.610031184033807947e-02 8.302377896676813585e-01 1.534594822328838037e-01
2.101853812490800161e-04 1.161130745674046096e-02 8.867264144388756764e-01 1.014520927231346847e-01
1.569421944787085849e-04 8.990802037012505035e-03 9.213726620980797755e-01 6.947959367042914891e-02
1.399471735673593175e-04 6.817646004855965579e-03 9.433025133050981781e-01 4.973989351647868651e-02
1.294991826655747383e-04 4.953340968747484661e-03 9.582202659956178259e-01 3.669689385296893980e-02
1.168033612942779692e-04 3.443135555323381409e-03 9.687792398885940459e-01 2.766082119478804197e-02
1.060593591655243707e-04 2.383628798603284245e-03 9.757138083154772712e-01 2.179650352675388189e-02
1.110669477142373112e-04 1.820682253846541776e-03 9.787326950577908136e-01 1.933555574064844268e-02
1.490360667181524473e-04 1.697984068097962637e-03 9.774249117696778288e-01 2.072806809550603591e-02
2.401506055133676733e-04 1.900008816925107544e-03 9.720287347770317776e-01 2.583110580052971200e-02
4.202325020305262924e-04 2.408120523105034255e-03 9.624011617658211337e-01 3.477048520904360562e-02
2.693537654890175159e-01 1.139618376169457131e-01 5.859570281486229382e-01 3.072736874541376340e-02
5.135240064111094849e-02 3.761671542038811378e-01 1.032732225156071269e-03 5.714477129298518587e-01
3.761180061874722785e-02 4.777784468960863395e-01 6.361763746137437956e-04 4.839735761105523060e-01
2.904904924662343735e-02 5.911048484879922738e-01 4.172400684231083079e-04 3.794288621969611475e-01
2.341547612695037139e-02 7.044308597769607383e-01 2.848917560332861671e-04 2.718687723400554646e-01
1.915834755371557951e-02 8.096885945161993448e-01 1.892089431945768660e-04 1.709638489868905709e-01
1.493704916213345162e-02 8.913196806984172715e-01 1.209878429611986047e-04 9.362228229648812683e-02
1.252081075712171629e-02 9.385130260445042616e-01 6.988606112475148841e-05 4.889627713724904040e-02
1.080368260552869338e-02 9.620179931395098638e-01 4.267036258568812098e-05 2.713565389237562048e-02
9.722827975667721820e-03 9.736549660385618310e-01 2.781783905284868262e-05 1.659438814671760146e-02
9.091387593866908159e-03 9.802533205176477971e-01 1.908680684144344259e-05 1.063620508164396516e-02
8.833111212154277914e-03 9.844632052384613141e-01 1.342601995171087317e-05 6.690257529432662442e-03
9.319237814397035233e-03 9.864821797794469660e-01 9.812979741099904990e-06 4.188769426415116931e-03
1.139967112175755727e-02 9.857965081606588909e-01 7.685544591715642905e-06 2.796135172991828701e-03
1.603040218797913835e-02 9.819521869224582256e-01 6.461598074314318361e-06 2.010949291488345336e-03
2.454386682780686571e-02 9.739412027058218513e-01 5.765571678935176337e-06 1.509164894692271129e-03
3.930411737979976061e-02 9.595258072147209161e-01 5.663373977814144990e-06 1.164412031501502664e-03
6.421425971473301852e-02 9.348628870012963832e-01 7.791354019487956858e-06 9.150619299509969587e-04
1.037121492941015660e-01 8.955678494247589772e-01 1.952731485348075196e-05 7.004739662858367865e-04
1.642267880276216951e-01 8.352709125811068613e-01 7.101713286942051659e-06 4.951976779843012509e-04
2.440717659828100794e-01 7.555619358294111132e-01 7.871509664239630967e-06 3.584266781148012500e-04
3.389872131740569450e-01 6.607274948060875008e-01 8.864369091013100209e-06 2.764276507644897554e-04
4.389604104477811686e-01 5.608087041870295497e-01 9.783808572708116579e-06 2.211015566163386558e-04
5.306635252576671347e-01 4.689721528870489098e-01 1.215201758222178845e-04 2.428016794615488823e-04
6.126131240468084549e-01 3.871499321691062034e-01 7.026357328396870571e-05 1.666802108014274714e-04
6.800350800079707492e-01 3.198053656186993221e-01 4.112248139251370514e-05 1.184318919373469431e-04
7.326143268283855647e-01 2.672658883634075888e-01 2.803151610147520232e-05 9.175329210535296796e-05
7.671544034411627022e-01 2.327437827898603540e-01 2.319007412662245281e-05 7.862369485028562256e-05
7.788718806538165174e-01 2.210321122813500017e-01 2.245890339718775985e-05 7.354816143635116573e-05
7.612873270764151101e-01 2.386110257168731763e-01 2.616417298371985273e-05 7.548303372798712766e-05
7.033599094453945044e-01 2.965062704173148100e-01 4.352179850616590503e-05 9.029833878458825506e-05
5.939854729819878942e-01 4.057618289202394868e-01 1.087782777685922063e-04 1.439198200040331832e-04
4.463001481013808003e-01 5.535356326668043891e-01 1.526181805599681896e-05 1.489574137588670836e-04
2.950398752050770734e-01 7.047441304824183517e-01 1.543086526161687887e-05 2.005634472427472964e-04
1.779041552955338001e-01 8.218475633899730015e-01 1.299429696944144536e-05 2.352870175237953612e-04
1.035364757752349901e-01 8.961803457851953425e-01 3.247495602924298875e-05 2.507034835402864939e-04
6.472218666010468024e-02 9.350270880179822885e-01 1.337215766454665580e-05 2.373531642484963844e-04
4.487254286475016868e-02 9.548773334488958042e-01 8.476882407074924641e-06 2.416468039469492248e-04
3.473110258598132577e-02 9.649938429162406850e-01 7.188492059385514309e-06 2.678660057186632950e-04
2.946985196596159720e-02 9.701979099700729359e-01 7.106129457598588074e-06 3.251319345078367701e-04
2.678519737275021975e-02 9.727777343861512271e-01 7.564598950445566611e-06 4.295036421481425730e-04
2.588231898075221693e-02 9.734921800773576051e-01 8.497635437458649999e-06 6.170033064525330289e-04
2.734798989963877977e-02 9.716534816019061216e-01 1.059349265625502291e-05 9.879350057986641814e-04
3.341693652846941531e-02 9.647560084293493876e-01 1.610386259211734109e-05 1.810951179588967492e-03
4.887485109771472908e-02 9.473780507289694119e-01 3.199431513562098694e-05 3.715103858180285497e-03
8.281227901782001188e-02 9.091941317348974927e-01 8.206681735103414134e-05 7.911522429931575409e-03
1.460859500917289222e-01 8.379241059119347801e-01 2.361922407097930042e-04 1.575375175562615179e-02
2.427017926736410591e-01 7.299918664119244838e-01 5.502009927263575365e-04 2.675613992170816288e-02
3.568896376004111470e-01 6.052668672289637231e-01 1.069674631920833428e-03 3.677382053870419804e-02
4.766720925111664897e-01 4.784603938127861000e-01 1.711191884172354617e-03 4.315632179187496587e-02
5.912735670316972003e-01 3.597974320653953284e-01 2.257671474633224807e-03 4.667132942827435099e-02
6.839173772145337171e-01 2.643161943123738533e-01 2.773503796872883297e-03 4.899292467621951808e-02
7.466173936297243463e-01 1.990517268955314667e-01 3.234510618846806167e-03 5.109636885589730060e-02
7.811200871742129959e-01 1.616246437304212080e-01 3.591903294662057797e-03 5.366336580070375784e-02
7.906463812374278088e-01 1.466752044783701803e-01 3.892968668324928942e-03 5.878544561587704248e-02
7.736988329936949071e-01 1.518250718521614584e-01 4.277369179052489465e-03 7.019872597509102530e-02
7.251251178626634264e-01 1.775838921206563670e-01 4.842740009892335107e-03 9.244825000678774662e-02
6.424713630420613164e-01 2.233037592413219530e-01 5.525177302444824433e-03 1.286997004141717249e-01
5.377428723910326891e-01 2.807385904749742922e-01 6.114528596356636099e-03 1.754040085376364078e-01
4.362233563960293270e-01 3.397962753561629690e-01 6.359733063797173500e-03 2.176206351840107300e-01
3.602372910930262129e-01 3.952703271893722170e-01 6.152354101302241404e-03 2.383400276162991882e-01
3.034574663084408930e-01 4.571681915128843476e-01 5.546705891104458316e-03 2.338276362875698899e-01
2.584946742398763764e-01 5.261449885046820540e-01 4.763789447170801300e-03 2.105965478082704179e-01
2.240532349947440549e-01 5.894120603889341226e-01 4.083509489317689589e-03 1.824511951270041121e-01
1.998466604990498940e-01 6.348199332707600284e-01 3.635144097743634676e-03 1.616982621324463132e-01
1.827240730788583234e-01 6.626382955296130639e-01 3.399082422956354287e-03 1.512385489685722506e-01
1.686153069966435658e-01 6.780151550980269004e-01 3.350602541262443553e-03 1.500189353640668521e-01
1.567601486712242032e-01 6.796816707412575154e-01 3.556212334817724762e-03 1.600019682527006049e-01
1.490317790976361245e-01 6.591757105357820556e-01 4.197659004818143566e-03 1.875948513617640701e-01
1.450044314325494021e-01 6.089896508726077018e-01 5.582250426588290272e-03 2.404236672682545650e-01
1.433098786075008846e-01 5.232914806103893257e-01 7.784902297267213243e-03 3.256137384848425409e-01
1.372086799479781960e-01 4.054474393139539945e-01 1.123400744201482997e-02 4.461098732960527835e-01
9.093625582503128690e-02 6.383742140574057977e-01 2.501225644624153199e-01 2.056696565514743932e-02
1.019729765150118733e-01 2.972738489315905341e-01 1.147863346104357508e-02 5.892745410923542204e-01
1.031850045458389126e-01 4.136901520779985852e-01 7.906201749626017364e-03 4.752186416265367641e-01
1.049642171752295100e-01 4.865828436404155966e-01 5.692633283521204672e-03 4.027603059008335040e-01
1.099191531740706523e-01 5.121738815963585711e-01 4.529882369247909858e-03 3.733770828603232284e-01
1.172941015087772404e-01 5.057805266808990119e-01 4.063830052229181963e-03 3.728615417580943836e-01
1.247100184138247719e-01 4.883667228468175914e-01 3.980767882724552814e-03 3.829424908566331220e-01
1.327320232132068734e-01 4.753355811913905771e-01 4.053834876633375349e-03 3.878785607187691942e-01
1.475294104760002112e-01 4.667320908618089459e-01 4.258275004993798511e-03 3.814802236571968597e-01
1.769183191254247445e-01 4.559835266840117085e-01 4.528149097278260510e-03 3.625700050932854634e-01
2.237667809608377689e-01 4.360332475689468468e-01 4.535206247736563862e-03 3.356647652224787892e-01
2.746583558801912184e-01 4.040418061574326258e-01 4.495414547619489345e-03 3.168044234147568416e-01
3.018259002459076634e-01 3.706776125522072696e-01 4.099008394175856357e-03 3.233974788077093598e-01
2.918045945024078658e-01 3.485003326999138173e-01 3.528723733359766680e-03 3.561663490643183771e-01
2.600751764591003878e-01 3.437689376093841509e-01 3.413578874246879329e-03 3.927423070572686470e-01
2.287766348645099146e-01 3.580035417438313106e-01 3.196726296948601553e-03 4.100230970947102427e-01
2.003824433433373242e-01 3.891698126701108040e-01 2.880911423163078685e-03 4.075668325633887146e-01
1.709763240228770464e-01 4.307117065931488908e-01 2.545139415592669301e-03 3.957668299683814173e-01
1.414671945774851891e-01 4.782467379170199928e-01 2.213909172499484764e-03 3.780721583329954005e-01
1.151982355004868147e-01 5.333545321709298737e-01 1.867778594713514822e-03 3.495794537338700603e-01
9.336502510335444038e-02 6.007195092111229373e-01 1.492782467084935406e-03 3.044226832184378506e-01
7.522182340851420179e-02 6.782395491200465809e-01 1.128111438537486057e-03 2.454105160329015656e-01
6.021792274422913677e-02 7.535439511671127022e-01 8.360943543299581776e-04 1.854020317343285096e-01
4.747097467022158568e-02 8.173740143958444504e-01 6.477234123766478086e-04 1.345072875215573560e-01
3.901267586020427253e-02 8.661486183228521707e-01 4.959736757583966442e-04 9.434273214118522877e-02
3.166037908716139160e-02 9.048078341112016920e-01 3.852634663625250418e-04 6.314652333527422112e-02
2.757268709930203385e-02 9.320823519127434675e-01 3.128116503293720298e-04 4.003214933762531957e-02
2.666323747816864986e-02 9.492988084530932236e-01 2.641718380273830043e-04 2.377378223071057242e-02
2.969730938538218609e-02 9.567189704201279898e-01 2.326193634503447342e-04 1.335110083103970870e-02
3.450037269977820897e-02 9.579794220151179873e-01 2.031331478083715076e-04 7.317072137295571599e-03
4.375793146325156896e-02 9.515425587158897747e-01 2.008927454557245880e-04 4.498617075402809758e-03
5.827432411663870104e-02 9.382143356513045207e-01 2.346128462247204873e-04 3.276727385832030499e-03
8.168097368286146576e-02 9.151930037979916222e-01 3.230211306460364115e-04 2.803001388500753546e-03
1.240220404213428079e-01 8.727160764998255216e-01 4.869991735973252665e-04 2.774883905233997260e-03
1.967186819433713041e-01 7.994330034306600385e-01 8.010402948703469316e-04 3.047274331098599048e-03
3.072159577454857682e-01 6.879281978756306426e-01 1.308420151769208338e-03 3.547424227114462196e-03
4.389930693689810259e-01 5.548178968216099793e-01 1.991560123793631020e-03 4.197473685615348525e-03
5.540912361203429448e-01 4.379560689870526935e-01 2.919892861910672929e-03 5.032802030693755112e-03
6.319080826867642386e-01 3.584339491843210324e-01 3.530416901480097364e-03 6.127551227434926973e-03
6.680292720118294891e-01 3.198167992012428407e-01 4.167614753807264046e-03 7.986314033120590905e-03
6.715178598484660144e-01 3.119254446812689818e-01 5.066897912961255968e-03 1.148979755730386403e-02
6.509697707360108110e-01 3.244579522300913843e-01 6.544292432062328788e-03 1.802798460183521051e-02
6.132138289406461329e-01 3.484134753009170415e-01 8.950035249258376374e-03 2.942266050917848388e-02
5.633123288443396826e-01 3.764036051947834416e-01 1.270286290908232384e-02 4.758120305179468906e-02
5.054764153284984074e-01 4.031467580343359725e-01 1.810820301642684232e-02 7.326862362073864599e-02
4.433703961873960431e-01 4.281193718132079162e-01 2.509873326932818283e-02 1.034114987300678717e-01
3.927689962624066888e-01 4.425728198183914719e-01 3.181723924352465593e-02 1.328409446756769474e-01
3.644203778936987992e-01 4.428226460838595169e-01 3.706753663782230007e-02 1.556894393846193492e-01
3.655229015050351360e-01 4.266197505995400485e-01 3.991275642495113046e-02 1.679445914704740250e-01
3.998564692539807175e-01 3.930537701655785754e-01 4.003939567474552874e-02 1.670503649056951923e-01
4.662488069905457722e-01 3.435800452204912925e-01 3.768408761063732348e-02 1.524870601783257784e-01
5.500275428593754956e-01 2.890304241482257730e-01 3.357737738960072521e-02 1.273646556027977217e-01
6.259756429824252510e-01 2.445090089059390737e-01 2.902832791171584825e-02 1.004870201999197438e-01
6.757664491850862154e-01 2.188249816451658114e-01 2.587659542257619849e-02 7.953197374717156654e-02
7.061798046855561894e-01 2.046033985553310786e-01 2.367742151403232770e-02 6.553937524508016144e-02
7.298963009342146480e-01 1.927725540729332832e-01 2.158424841974324743e-02 5.574689657310877983e-02
7.584126063831052589e-01 1.755296705988222405e-01 1.892118816120539476e-02 4.713653485686720296e-02
7.974568013325121774e-01 1.489916443066919283e-01 1.561093519926823325e-02 3.794061916152768887e-02
8.437215653155129003e-01 1.158431892791437628e-01 1.207546368855585972e-02 2.835978171678720655e-02
8.877216491921592345e-01 8.373600832020096363e-02 8.836291839634857759e-03 1.970605064800460063e-02
9.228985093436882226e-01 5.814903060906392168e-02 6.129049557725441480e-03 1.282341048952270052e-02
9.467802550949671048e-01 4.138305508699569729e-02 3.862359657653741899e-03 7.974330160383305555e-03
9.632264632454025088e-01 2.948609750681615085e-02 2.444948262013752881e-03 4.842490985767511531e-03
9.724221257636089799e-01 2.290680558505095096e-02 1.587393484565733119e-03 3.083675166774472835e-03
9.768033869072145770e-01 1.990533737681278448e-02 1.122182512566963046e-03 2.169093203405817773e-03
9.781075852358556144e-01 1.925529691610640068e-02 8.956810277283701154e-04 1.741436820309709118e-03
9.777382412967904335e-01 1.982772931110933154e-02 8.105403744503664404e-04 1.623489017649890976e-03
9.768973689199075272e-01 2.048009473853068876e-02 8.276417502226783053e-04 1.794894591339061055e-03
9.758251699734297180e-01 2.085402322273904874e-02 9.496038358930734358e-04 2.371202967938209390e-03
9.736222679017737525e-01 2.166874605635125267e-02 1.188832554388580742e-03 3.520153487486491536e-03
9.682756896893479626e-01 2.455701454745037871e-02 1.624219634062405758e-03 5.543076129139011196e-03
9.547704258120273124e-01 3.300582742282474197e-02 2.602589719223915004e-03 9.621157045924135995e-03
3.272028548095453626e-01 3.978220329895155727e-01 5.101217186415407320e-03 2.698738950145239679e-01
3.477502400585514297e-01 4.084805480683197931e-01 3.879558139378519975e-03 2.398896537337501522e-01
3.577988183837675362e-01 4.157861966400304699e-01 3.508660121552752923e-03 2.229063248546493126e-01
3.675366063951218121e-01 4.142264563016032630e-01 3.808921723702049511e-03 2.144280155795726117e-01
3.791561758896722090e-01 4.016397997737826131e-01 4.719078454377675924e-03 2.144849458821679322e-01
3.878621773097927772e-01 3.826493649510292472e-01 6.116296747193341286e-03 2.233721609919844531e-01
3.901437375159104715e-01 3.634876731077357204e-01 7.779712484465306672e-03 2.385888768918885405e-01
3.900802440294851570e-01 3.482252313809165445e-01 9.420390073398671529e-03 2.522741345161998439e-01
3.968865174844031229e-01 3.396320890051748309e-01 1.097543265729329989e-02 2.525059608531285416e-01
4.000210662886970470e-01 3.534625570387766591e-01 1.141154623167797873e-02 2.351048304408481782e-01
3.825927819737688917e-01 4.014245630853129909e-01 1.086469990219465775e-02 2.051179550387234596e-01
3.329084555339228979e-01 4.891908297062750877e-01 8.945421955259097793e-03 1.689552928045429947e-01
2.678377078712368964e-01 5.961047056635598862e-01 6.427128939196585788e-03 1.296304575260064651e-01
2.016043914145265459e-01 7.040478982567980326e-01 4.162632467281682409e-03 9.018507786139370874e-02
1.395741143927709538e-01 8.026337373558058985e-01 2.520655777740919094e-03 5.527149247368235568e-02
8.969982314391761191e-02 8.784068802751929805e-01 1.542414231159354009e-03 3.035088234973001495e-02
5.483417571316141770e-02 9.283817104636414852e-01 9.674870937978203699e-04 1.581662672939931555e-02
3.361183161891567739e-02 9.570392057178136458e-01 6.562522977874723790e-04 8.692710365483111851e-03
2.060380062296210749e-02 9.736755591725898551e-01 4.731324051016380758e-04 5.247507799346653318e-03
1.249243529713039633e-02 9.837320218415060991e-01 3.499883922503923476e-04 3.425554469113065159e-03
7.720581825308983279e-03 9.896628243205625175e-01 2.594225633689775917e-04 2.357171290759302838e-03
5.219304982178978036e-03 9.929401377052207156e-01 1.889870710635440179e-04 1.651570241536895727e-03
4.163312552100032968e-03 9.945252259995409627e-01 1.381282500999791139e-04 1.173333198258899026e-03
9.893531561385490170e-01 2.538951906220054087e-03 3.717452016165730209e-03 4.390439939065076888e-03
9.935765383094420367e-01 1.301683662391853267e-03 1.958692748419376111e-03 3.163085279746797717e-03
9.946028015728608507e-01 1.475315276735251297e-03 1.338612857873838248e-03 2.583270292530030505e-03
9.950751271052264979e-01 1.766081818612437026e-03 9.573096743601594485e-04 2.201481401800802189e-03
9.952189169275990066e-01 2.218231921385174950e-03 6.952158361476796361e-04 1.867635314868348276e-03
9.950893422237669927e-01 2.873657983554735867e-03 5.049167523612156476e-04 1.532083040316897880e-03
9.946325727694382834e-01 3.765784089048421299e-03 3.734529080377115115e-04 1.228190233475652754e-03
9.938294064762759339e-01 4.897774739693986322e-03 2.885471457100913456e-04 9.842716383201624564e-04
9.927537529919598924e-01 6.208861532360188465e-03 2.352295094728631692e-04 8.021559662070951603e-04
9.916741043964495406e-01 7.470828651952806515e-03 1.959910882133246261e-04 6.590758633842531576e-04
9.907136375354753666e-01 8.563498777060972109e-03 1.652786733540781016e-04 5.575850141095235355e-04
9.894531463434357299e-01 9.872221380668776483e-03 1.503609354680771775e-04 5.242713404274746032e-04
9.870050083793753259e-01 1.225345535145396306e-02 1.593730717676360576e-04 5.821631974030190776e-04
9.821490445870216801e-01 1.691725042714407531e-02 1.966802308274662387e-04 7.370247550068088861e-04
9.730078961960495487e-01 2.576048549556730557e-02 2.669961560979120245e-04 9.646221522850899691e-04
9.572058281328439389e-01 4.116792918903765253e-02 3.917747457398244458e-04 1.234467932378600702e-03
9.263615559577021985e-01 7.152314161399256354e-02 5.637818640066639183e-04 1.551520564298802156e-03
8.699515854989979813e-01 1.273292350278296126e-01 8.410821796655472459e-04 1.878097293506739542e-03
7.744367155951781267e-01 2.220671043568785696e-01 1.334401734093390276e-03 2.161778313850034119e-03
6.359637949695872150e-01 3.597849728773199196e-01 1.890453091045841494e-03 2.360779062047075726e-03
4.745547740166544681e-01 5.199951400272467827e-01 2.922998722015361563e-03 2.527087234083741450e-03
3.247946050738180768e-01 6.680353805686054525e-01 4.476049564176797467e-03 2.693964793399265204e-03
2.076070663255275006e-01 7.827586867097274803e-01 6.697837079895032318e-03 2.936409884850084331e-03
1.254714426071900923e-01 8.614154774483814281e-01 9.725510882670537066e-03 3.387569061758289018e-03
7.190848935207617976e-02 9.102999283498902638e-01 1.353063214525755849e-02 4.260950152776212148e-03
4.068890171889258389e-02 9.366723571457319375e-01 1.697156380840137910e-02 5.667177326974074357e-03
2.326543289626012770e-02 9.499915578074825673e-01 1.901235984194879838e-02 7.730649454308579499e-03
1.406253353454879791e-02 9.566735781453538090e-01 1.863336096236855449e-02 1.063052735772901901e-02
9.149916583844071305e-03 9.595899442841776539e-01 1.649846747531318047e-02 1.476167165666517761e-02
6.154502116390489323e-03 9.590630074349719703e-01 1.433437650079539410e-02 2.044811394784232586e-02
4.357081319367758429e-03 9.544951194423862972e-01 1.318477686702561845e-02 2.796302237122022180e-02
3.404086998728212722e-03 9.453596611731145405e-01 1.352775052080426935e-02 3.770850130735284994e-02
2.939327944143447276e-03 9.313414915119091475e-01 1.573800637816904699e-02 4.998117416577825545e-02
2.782921527055980289e-03 9.117095547160376512e-01 2.059110403543299925e-02 6.491641972147296769e-02
2.876477245149914805e-03 8.850082254089685074e-01 2.984173451178644826e-02 8.227356283409512083e-02
3.242244137391644531e-03 8.481849723691274878e-01 4.740608411007147388e-02 1.011666993834095529e-01
3.975214746951769018e-03 7.943850411033629433e-01 8.115096733648165250e-02 1.204887768132033854e-01
4.762458720023711456e-03 7.181347061799669973e-01 1.395274909900663385e-01 1.375753441099425434e-01
5.508821974804019306e-03 6.160466468460714662e-01 2.311527024197680136e-01 1.472918287593567577e-01
6.175161285236289641e-03 4.884666440019008182e-01 3.588049260500413840e-01 1.465532686628217285e-01
6.911690153136913588e-03 3.394637842964717267e-01 5.200701596539444305e-01 1.335543658964468139e-01
7.458317038945728485e-03 2.028392354681128606e-01 6.850387186292579145e-01 1.046637288636832752e-01
7.387776241524967973e-03 1.055462960980419196e-01 8.190039782249856071e-01 6.806194943544720266e-02
6.805473495066504536e-03 4.963388824605641930e-02 9.057213028362530727e-01 3.783933542262405553e-02
6.242331515742066510e-03 2.311747048584386968e-02 9.507890838632688801e-01 1.985111413514505443e-02
6.083316313389893100e-03 1.195576786942878326e-02 9.708708714095056758e-01 1.109004440767610497e-02
6.418465885801764338e-03 7.345604129785255829e-03 9.791436851642415506e-01 7.092244820171762255e-03
6.841770913107734879e-03 5.814443863328226485e-03 9.820150722696474599e-01 5.328712953916529306e-03
8.476140518701694507e-03 5.025907082488216375e-03 9.817951061183574080e-01 4.702846280452662939e-03
1.036241470945094799e-02 4.829493749692736516e-03 9.801960130465267040e-01 4.612078494329422372e-03
1.231144771290008585e-02 4.860370296061330107e-03 9.780555688730551145e-01 4.772613117983512052e-03
1.430309654560840867e-02 4.906076487835745424e-03 9.757634618626856993e-01 5.027365103870547365e-03
1.691622251275037500e-02 4.924227808427621492e-03 9.728600612900096811e-01 5.299488388812389171e-03
2.136647376843595417e-02 5.124783481951908012e-03 9.678956175565944786e-01 5.613125193017854363e-03
2.910579081816827909e-02 5.861383943338365279e-03 9.590071214831812352e-01 6.025703755312180297e-03
4.081111999861090217e-02 7.335116373227804597e-03 9.454245970069358185e-01 6.429166621225379345e-03
5.636173425682595994e-02 9.626507193639229076e-03 9.273260772971440025e-01 6.685681252390716575e-03
7.605868275671180678e-02 1.302794733156814426e-02 9.040593847242209824e-01 6.853985187499080436e-03
1.001001422843654787e-01 1.893367903860742815e-02 8.738707912700551805e-01 7.095387406971892692e-03
1.278119310799217534e-01 2.673432770266314512e-02 8.380972574502872918e-01 7.356483767127919814e-03
1.561826106213852206e-01 3.769483203392240411e-02 7.983536801717583398e-01 7.768877172934021691e-03
1.821905909282057756e-01 5.290732168811820152e-02 7.564770199906845072e-01 8.425067392991692633e-03
2.045325281989222865e-01 7.439551734959948259e-02 7.115691232800295252e-01 9.502831171448841013e-03
2.237473383174394814e-01 1.053876069609845229e-01 6.592903627606991890e-01 1.157469196087663500e-02
2.454210172692157521e-01 1.513913849329730221e-01 5.875405826288666589e-01 1.564701516894488609e-02
2.737316041543726985e-01 2.118512437052890995e-01 4.922008871504225391e-01 2.221626498991585014e-02
3.098332740375863703e-01 2.796841419147986785e-01 3.806718282841802803e-01 2.981075576343474032e-02
3.507581814804215936e-01 3.404179201648870889e-01 2.732432541069030330e-01 3.558064424778793755e-02
3.919868160375127863e-01 3.778885785447748114e-01 1.918039142489885718e-01 3.832069116872405257e-02
4.311170574345659645e-01 3.869712806248236103e-01 1.420642831783595350e-01 3.984737876225094566e-02
4.588167101349998056e-01 3.793809916624980016e-01 1.191489474665079484e-01 4.265335073599424431e-02
4.730572545845444510e-01 3.630620929699708843e-01 1.158252735359404373e-01 4.805537890954435926e-02
4.724167862591474587e-01 3.440367744695154717e-01 1.273187142697415342e-01 5.622772500159538278e-02
4.558869770754123141e-01 3.269404559679213729e-01 1.506119346482775179e-01 6.656063230838875355e-02
4.243878910760581213e-01 3.131868680815007022e-01 1.835906074582543124e-01 7.883463338418691957e-02
3.817606994124373432e-01 2.961120645584327526e-01 2.281145020788445943e-01 9.401273395028562907e-02
3.295336535538881950e-01 2.680724230758727011e-01 2.903935481224738657e-01 1.120003752477648773e-01
2.705031396315682457e-01 2.211639469873033226e-01 3.801606112784272629e-01 1.281723021027012244e-01
2.078688455112794875e-01 1.595100054873189455e-01 5.009063151126610380e-01 1.317148338887405845e-01
1.448369974016990303e-01 1.008016480900022493e-01 6.384090164308151572e-01 1.159523380774836465e-01
8.847027081296036932e-02 6.038282166136968443e-02 7.596005868503490355e-01 9.154632067532068873e-02
4.729908115376248862e-02 3.781570550739855180e-02 8.414799251914856226e-01 7.340528814735336471e-02
2.272018758274604172e-02 2.539133574135171018e-02 8.863963703593902288e-01 6.549210631651182501e-02
1.026742724755880243e-02 1.790757513893388719e-02 9.062024669802590804e-01 6.562253063324843816e-02
4.635018386810131098e-03 1.329438777929997997e-02 9.110985131088988886e-01 7.097208072499114340e-02
1.941257210724211570e-03 1.033858130956239255e-02 9.067350182441884510e-01 8.098514323552499783e-02
1.064412111444998236e-03 9.202364056536896028e-03 8.936053856166706888e-01 9.612783821534730266e-02
6.730205000626586845e-04 8.907272030053028575e-03 8.774093804393455764e-01 1.130103270305385654e-01
4.645339325941090264e-04 8.623185232395301145e-03 8.700436390689507693e-01 1.208686417660598672e-01
