1.836792884356347119e-02 9.623843911658619410e-01 1.207422994795530509e-02 7.173450042619238486e-03
3.112286188523631925e-01 6.746592496728464061e-01 3.436108509754902136e-03 1.067602296503562809e-02
2.766486557163390092e-01 7.125266379297838792e-01 2.902948272531453815e-03 7.921758081345545849e-03
2.409876047301903190e-01 7.506420687543863268e-01 2.402433592715665436e-03 5.967892922707554275e-03
1.929869435063403804e-01 8.007439034366989894e-01 1.876691928249919631e-03 4.392461128710755877e-03
1.358615498042992642e-01 8.595570454273312455e-01 1.397281207503708227e-03 3.184123560865854269e-03
8.307998358989000798e-02 9.134485754743438823e-01 1.108210801698622733e-03 2.363230134067575636e-03
4.626624067250285910e-02 9.512036060887761879e-01 7.542378351991296326e-04 1.775915403521633948e-03
2.394849370874616717e-02 9.742063906666434958e-01 5.019575804785410267e-04 1.343158044132152689e-03
1.214119136735525642e-02 9.864686655434440343e-01 3.278518569922828454e-04 1.062291232208155412e-03
6.457797048539861730e-03 9.923704015566553460e-01 2.184378148647868486e-04 9.533635799399707610e-04
3.966015248411381561e-03 9.948015747478390347e-01 1.596155100586620773e-04 1.072794493690653640e-03
3.112739765732438612e-03 9.951901994450030875e-01 1.346308621653331621e-04 1.562429927099147180e-03
3.232229901033606325e-03 9.938882405670668163e-01 1.316304077515100858e-04 2.747899124148231453e-03
4.279967490427546636e-03 9.900956562576177511e-01 1.526821384501614504e-04 5.471694113504708273e-03
6.499363774278712515e-03 9.818666107587711300e-01 2.091545566835805500e-04 1.142487091026650817e-02
9.715106161035554078e-03 9.675750952179358322e-01 3.113408109888486240e-04 2.239845781003982697e-02
1.312468478348411717e-02 9.474359266333227669e-01 4.694901499624135055e-04 3.896989843323062086e-02
1.678214995558354600e-02 9.189143656603731003e-01 7.409822944159722346e-04 6.356250208962709036e-02
2.188052759216748896e-02 8.735275010718998034e-01 1.288217847579280120e-03 1.033037534883537861e-01
3.092957238439829337e-02 8.004447696366960852e-01 2.431138148318024318e-03 1.661945198305876670e-01
4.484335978351867980e-02 6.986369069697258016e-01 4.704786494705669522e-03 2.518149467520503504e-01
6.571779059690843749e-02 5.804338479556009345e-01 8.753787377876564094e-03 3.450945740696143571e-01
9.614416690090149542e-02 4.667111594094315863e-01 1.526543762462814063e-02 4.218792360650384099e-01
1.403520903672910991e-01 3.746793985993135401e-01 2.504179359921094791e-02 4.599267174341841735e-01
2.048444069962661873e-01 3.102281212943150956e-01 3.907650079856611613e-02 4.458509709108524066e-01
2.943939734522410534e-01 2.642896266426528751e-01 5.835361727842625773e-02 3.829627826266798207e-01
3.961834100276344639e-01 2.220448729792219855e-01 8.422797127248241034e-02 2.975437457206611680e-01
4.809349759654813483e-01 1.830452023397104167e-01 1.159512756870441225e-01 2.200685460077641264e-01
5.323215671715240127e-01 1.532797212758666427e-01 1.520990664254774916e-01 1.622996451271316309e-01
5.505580608871922799e-01 1.345120140865549985e-01 1.896355862297290085e-01 1.252943387965237132e-01
5.363591723559001379e-01 1.235146085302279151e-01 2.340073083743466620e-01 1.061189107395253683e-01
4.918456833443320408e-01 1.135258669792399422e-01 2.947275258702475864e-01 9.990092380618011136e-02
4.253789863213060518e-01 9.895612552352192615e-02 3.730849215596919177e-01 1.025799665954800488e-01
3.471166056615987427e-01 7.991577550648205908e-02 4.608798737927825018e-01 1.120877450391366548e-01
2.744437512430011883e-01 6.389394800925780882e-02 5.330033272284653290e-01 1.286589735192756601e-01
2.128164010196332279e-01 5.173529415517368057e-02 5.847567214513924583e-01 1.506915833738007304e-01
1.636297656863135441e-01 4.201813048800532441e-02 6.236532635773263111e-01 1.706988402483547440e-01
1.258799936216532800e-01 3.390671888606632683e-02 6.638191475328180102e-01 1.763941399594624593e-01
9.502658236091453270e-02 2.663216979799677350e-02 7.161646297878738743e-01 1.621766180532148438e-01
6.559888726773542567e-02 1.980156750677274438e-02 7.808878028980399399e-01 1.337117423274521710e-01
4.055144343049967015e-02 1.368790303402666816e-02 8.432337426332814356e-01 1.025269109021924169e-01
2.380168085093087652e-02 9.285190158663778753e-03 8.892247674425999282e-01 7.768836154780553449e-02
1.309816655323253753e-02 6.157898025531394898e-03 9.183928695788179386e-01 6.235106584241796590e-02
7.806810386459814635e-03 4.432234010198922609e-03 9.323471548999674452e-01 5.541380070337392078e-02
4.923139470906149132e-03 3.413203828717714314e-03 9.374969368785845969e-01 5.416671982179158823e-02
3.339064311018735166e-03 2.933177023951707724e-03 9.369504724664272644e-01 5.677728619860213793e-02
2.411222900200071361e-03 2.902753165118026561e-03 9.332996027955430263e-01 6.138642113913903714e-02
1.714066541592068702e-03 3.173267622125056781e-03 9.311009099065675754e-01 6.401175592971515560e-02
1.120017855155859164e-03 3.497465390701977664e-03 9.357451318984885136e-01 5.963738485565354963e-02
6.728719886029984167e-04 3.487916331003367270e-03 9.487390603850096582e-01 4.710015129538420997e-02
3.830829530210384175e-04 2.944000154941223048e-03 9.655166901440560556e-01 3.115622674798197711e-02
2.155666268995269619e-04 2.119337509005397510e-03 9.795434156273585824e-01 1.812168023673680836e-02
1.275611894521685465e-04 1.373843340781814469e-03 9.882552359686993526e-01 1.024335950106643363e-02
8.204778598856555573e-05 8.353302206123632435e-04 9.930446458690292966e-01 6.037976124369710297e-03
1.014540112408747112e-05 1.125484700703773887e-05 9.961677798341745937e-01 3.810819917694326792e-03
4.747797143943434617e-06 5.198453767224965994e-06 9.973841221268171520e-01 2.605931622271670089e-03
2.670722889036308941e-06 2.867965835773188354e-06 9.980499603884618320e-01 1.944500922813395191e-03
1.841646991654953583e-06 1.917619610555105004e-06 9.984072204493139591e-01 1.589020284083856715e-03
1.503216837039544207e-06 1.487173240415037723e-06 9.986064675000134727e-01 1.390542109909009014e-03
1.340883577786811213e-06 1.226827652377879596e-06 9.987448902432268794e-01 1.252542045542993573e-03
1.218840688397776712e-06 1.005854985245769629e-06 9.988717805723448251e-01 1.125994731981346149e-03
1.087198857439809712e-06 7.993079661313770423e-07 9.990114796994313817e-01 9.866337937451097849e-04
9.985191540841612718e-07 6.549077193169836742e-07 9.991608634640390951e-01 8.374831090874116073e-04
1.091683202462335266e-06 6.411598989372789138e-07 9.992970665143012798e-01 7.012006425973224891e-04
1.639087648851181278e-06 8.626015723515622884e-07 9.993896762070543227e-01 6.078221037244704687e-04
1.082891659091609086e-03 7.166177731546492845e-05 9.980736396981227943e-01 7.718068654702613107e-04
1.608421827974547500e-03 8.253329230376524881e-05 9.974025825665467915e-01 9.064623131749810882e-04
2.222441654365882573e-03 9.603413042385290632e-05 9.965670273271275414e-01 1.114496888082477542e-03
2.982146456085455182e-03 1.173698697359595427e-04 9.954438067058448691e-01 1.456676968333824864e-03
3.994547952639243733e-03 1.495889853732095735e-04 9.938620884356090812e-01 1.993774626378959358e-03
5.383639207339563013e-03 1.921538159226382112e-04 9.916445583020663257e-01 2.779648674671362629e-03
6.871207747446278491e-02 9.283065514415808073e-01 2.804147395871913698e-03 1.772236880844210998e-04
6.511591391847830826e-03 4.171918532110825001e-02 4.959276074740257912e-04 9.512732956795699746e-01
8.882638512227928468e-03 5.517790667020110174e-02 4.928303568227673879e-04 9.354466244607479997e-01
1.545646955693507664e-02 8.099399722101476018e-02 6.739150864867345233e-04 9.028756181355636068e-01
2.834177758346994799e-02 1.263803169965962148e-01 1.121042441293851983e-03 8.441568629786397882e-01
5.256165974273287883e-02 1.940978760378117840e-01 2.096190462896743885e-03 7.512442737565584450e-01
8.860263870456072666e-02 2.742687026292289776e-01 3.773273267465469642e-03 6.333553853987450299e-01
1.288157562527273425e-01 3.528867540947270842e-01 5.794870518866511964e-03 5.125026191336792269e-01
1.626619160966777389e-01 4.268681104512792590e-01 7.457551636618982988e-03 4.030124218154242932e-01
1.824422344635629467e-01 5.004088607683192524e-01 8.279066883183330144e-03 3.088698378849346060e-01
1.871986069856060309e-01 5.732864004361427623e-01 8.238870971881206290e-03 2.312761216063703162e-01
1.830018075315390513e-01 6.363662597917012498e-01 7.756568340579819698e-03 1.728753643361801706e-01
1.785258548704356241e-01 6.789330418091910069e-01 7.415733267255102470e-03 1.351253700531183932e-01
1.818982137832944324e-01 6.957937599092313130e-01 7.619453510585400338e-03 1.146885727968885160e-01
1.994760259278867964e-01 6.870126913670598912e-01 8.551023570345903796e-03 1.049602591347074398e-01
2.316110802244880362e-01 6.620053379745091116e-01 9.927086816028975191e-03 9.645649498497385621e-02
2.698724075509448261e-01 6.368798735214344919e-01 1.081883514597477454e-02 8.242888378164547891e-02
3.031855264156865792e-01 6.230930209662801644e-01 1.023232708432913335e-02 6.348912553370415768e-02
3.250206357208292318e-01 6.223949425438154437e-01 8.560712078688342136e-03 4.402370965666694419e-02
3.302804603067199807e-01 6.350072572082264832e-01 6.270308756125454394e-03 2.844197372892819445e-02
3.174714306539609399e-01 6.604772282755919655e-01 4.199939191337663351e-03 1.785140187910970802e-02
2.895550302507957086e-01 6.963417781868008749e-01 2.691356094381969905e-03 1.141183546802118469e-02
2.557468664201295594e-01 7.344927441872456386e-01 1.786190140330153964e-03 7.974199252294573645e-03
2.248910738669676890e-01 7.673439052195388799e-01 1.308886646843239986e-03 6.456134266650037645e-03
1.989609417573330041e-01 7.938992565188479622e-01 1.074138518428481006e-03 6.065663205390845608e-03
1.753045920748014241e-01 8.174357037858327457e-01 9.611983797288515749e-04 6.298505759636940406e-03
1.515161223761320453e-01 8.408108045353495097e-01 8.982573453024551022e-04 6.774815743215804008e-03
1.261168015888366745e-01 8.659437419293704030e-01 8.594534521590724849e-04 7.080003029633801133e-03
1.019805149902138913e-01 8.903743203390267480e-01 7.627371263907307660e-04 6.882427544368601401e-03
7.540727609860467529e-02 9.180724531384975018e-01 6.181254013851717041e-04 5.902145361512379194e-03
4.870064373109821154e-02 9.462904128208563526e-01 4.397055515598583117e-04 4.569237896485269998e-03
2.816834761005745577e-02 9.679862041396487538e-01 2.931836705416301166e-04 3.552264579752304613e-03
1.586142290739440963e-02 9.808233805023587326e-01 2.076172080361901096e-04 3.107579382210616959e-03
9.490038836244931927e-03 9.870042130634475441e-01 1.723995885661970550e-04 3.333348511741344479e-03
6.540672388607244453e-03 9.887457369121376294e-01 1.744905232052312198e-04 4.539100176049754541e-03
5.250837228870233915e-03 9.872025540644576713e-01 2.070120841658133596e-04 7.339596622506054831e-03
4.834280669388970296e-03 9.823407355626835313e-01 2.722849056478685720e-04 1.255269886227959771e-02
5.133364188184224783e-03 9.731156526795964323e-01 4.000922788862667861e-04 2.135089085333333886e-02
6.096185552308789474e-03 9.573853886769561061e-01 6.714755387599491334e-04 3.584695023197544822e-02
7.792531436561032226e-03 9.311616430787598153e-01 1.292533384774746793e-03 5.975329209990459106e-02
1.042293443485074224e-02 8.872296574623246279e-01 2.844777494785470130e-03 9.950263060803903048e-02
1.433490026835858473e-02 8.148300705646804865e-01 6.946237360104924249e-03 1.638887918068559491e-01
1.984861528846340248e-02 7.041114695386340161e-01 1.701208586689953103e-02 2.590278293060030990e-01
2.550461843913782306e-02 5.539294618646537494e-01 3.671877777049890879e-02 3.838471419257095674e-01
2.872646253173112910e-02 3.807192195119589728e-01 6.220092948176208364e-02 5.283533884745476028e-01
2.843938476371511009e-02 2.226665036090183514e-01 8.592880907059738393e-02 6.629653025566694113e-01
2.561894943911103076e-02 1.188610495145674822e-01 1.066317064878079535e-01 7.488882945585134676e-01
2.151078620391134316e-02 6.657941702621641977e-02 1.272197049720114881e-01 7.846900917978612000e-01
1.742861839480555619e-02 4.103991228579089573e-02 1.456206929065663735e-01 7.959107764128370288e-01
1.382375743006556378e-02 2.771822642568601974e-02 1.620547053966527595e-01 7.964033107475957385e-01
1.056794222490543833e-02 2.019908048554166710e-02 1.805481763093158831e-01 7.886848009802372994e-01
7.649327473701571060e-03 1.572021554152265924e-02 2.035830664852187888e-01 7.730473904995571743e-01
5.257208038586813625e-03 1.281919675625016464e-02 2.297446534966211540e-01 7.521789417085419371e-01
3.565626929152101304e-03 1.081309244280597749e-02 2.573069780483970836e-01 7.283143025796446901e-01
2.563043964757927718e-03 9.684787485320419526e-03 2.947275670792242619e-01 6.930246014706971103e-01
2.031465581991357110e-03 9.492099749331428873e-03 3.549677690070686675e-01 6.335086656616085721e-01
1.686887484847071975e-03 9.869499243171821548e-03 4.450358569413451204e-01 5.434077563306358716e-01
1.326276884711587991e-03 1.007229730600289579e-02 5.701580554629042119e-01 4.184433703463815712e-01
9.493694929322732705e-04 9.320209194469668973e-03 7.170253157536983224e-01 2.727051055588996520e-01
8.570178470426677341e-04 7.044116876974881175e-03 8.413297312541431205e-01 1.507691340218391129e-01
3.931662606624029810e-04 5.416088025639023348e-03 9.168379079178471391e-01 7.735283779585172548e-02
2.559110797174859726e-04 4.183509748596632785e-03 9.549645918579710013e-01 4.059598731371500541e-02
1.984140581273497231e-04 3.304044913978102741e-03 9.732929816901292330e-01 2.320455933776557553e-02
1.784126117142897081e-04 2.651380086210021816e-03 9.823884498773942653e-01 1.478175742468131916e-02
1.754269696480960123e-04 2.100868596468965024e-03 9.874363675792441342e-01 1.028733685463868383e-02
1.729845938260892899e-04 1.594540373394014686e-03 9.906829735300203277e-01 7.549501502759506030e-03
1.628372002984088129e-04 1.148613503122993939e-03 9.929306854962326456e-01 5.757863800345882667e-03
1.511943181026275480e-04 8.172416744125762583e-04 9.943133279019211734e-01 4.718236105563640079e-03
1.622323376397607220e-05 1.645257399808913216e-05 9.954218343526092250e-01 4.545489839628599933e-03
2.404159585114036587e-05 2.347718003397079650e-05 9.944559668383539108e-01 5.496514385760862577e-03
2.897740833543882458e-04 7.273280968682541538e-04 9.912292560309107214e-01 7.753641788866481172e-03
4.554700954526337813e-04 9.554588500044948083e-04 9.868246844891535030e-01 1.176438656538939843e-02
2.786684296463186050e-01 1.918315201774591361e-01 4.576907700205219420e-01 7.180928015570003931e-02
3.946256885300365030e-02 6.104978918796299947e-01 1.915700184428458398e-03 3.481238390829378138e-01
2.927216356756000629e-02 7.251195216196321125e-01 1.115500475066113790e-03 2.444928143377415874e-01
2.237265410478662259e-02 8.227562489584018257e-01 6.728099381740389054e-04 1.541982869986375515e-01
1.767749003111166589e-02 8.937470720330238372e-01 4.186455133392309193e-04 8.815679242252548453e-02
1.440761246731135301e-02 9.395080840610310347e-01 2.600987922882401168e-04 4.582420467936940134e-02
1.263431347751483788e-02 9.647411807843460085e-01 1.570749361604413432e-04 2.246743080197856346e-02
1.135673715543960779e-02 9.769428554640813278e-01 9.474069077843546064e-05 1.160566668970051951e-02
1.040767877727410452e-02 9.826229056800455108e-01 5.863135673568443756e-05 6.910784185944636102e-03
9.730323425638709098e-03 9.854985376715686973e-01 3.764684933223142203e-05 4.733492053460628020e-03
9.236614697834882523e-03 9.872962573569152855e-01 2.448579713807658262e-05 3.442642148111808072e-03
8.866087549720557195e-03 9.887009007722684650e-01 1.552595449125649795e-05 2.417485723519572846e-03
8.778762560137385110e-03 9.896353242255139238e-01 9.940180041484751925e-06 1.575973034307134868e-03
9.325448684973746197e-03 9.896744771723527956e-01 7.097145449116552795e-06 9.929769972243567087e-04
1.085254836459455079e-02 9.885018513259161699e-01 5.867700889540107067e-06 6.397326085995501573e-04
1.364632365441200215e-02 9.859168255185185581e-01 5.391324813812339815e-06 4.314595022556488315e-04
1.811378915108413645e-02 9.815736919166522245e-01 5.267328152982986822e-06 3.072516041105368529e-04
2.507916762789329582e-02 9.746847751359939416e-01 5.486196983014468010e-06 2.305710391299439939e-04
3.555147595238040970e-02 9.642704335288282413e-01 6.108965902043157658e-06 1.719815528892566000e-04
5.075047094170400536e-02 9.491179815612904580e-01 7.609090918602910434e-06 1.239384060872754649e-04
7.277920847930362258e-02 9.271119178830503627e-01 1.238412333230157261e-05 9.648951431383376732e-05
1.040142613626488660e-01 8.958693241785484762e-01 2.621267243875362126e-05 9.020178636372496264e-05
1.483549929678353307e-01 8.515689165225458490e-01 7.297858904406741877e-06 6.879265071442180047e-05
2.019478088719009745e-01 7.979830803606303702e-01 8.117096694310895651e-06 6.099367077432126373e-05
2.615500482786680680e-01 7.383890280790369465e-01 8.905013934361590968e-06 5.201862836045539272e-05
3.221944766762718793e-01 6.777525504928691991e-01 9.652281737961170669e-06 4.332054912102916366e-05
3.778189011503728656e-01 6.221336871154337089e-01 1.038645677434073648e-05 3.702527741892547693e-05
4.185996178214568264e-01 5.813562532658189674e-01 1.086705903387019892e-05 3.326185369051472870e-05
4.319235214741373730e-01 5.680346288693958190e-01 1.074237307401201792e-05 3.110728339331733633e-05
4.069529415537784245e-01 5.930069950184285732e-01 9.974925060755327071e-06 3.008850273256508126e-05
3.404717735056914107e-01 6.594887707597063553e-01 8.824792304811885968e-06 3.063094229750326685e-05
2.466823240090969260e-01 7.532763377476272559e-01 7.529078244599619607e-06 3.380916503121419314e-05
1.557056918618701102e-01 8.442478955921766115e-01 6.462440001516905986e-06 3.995010595176988840e-05
8.822247469684948995e-02 9.116979315462553357e-01 2.424718535026067283e-05 5.534657154484479228e-05
4.802381199084184565e-02 9.519142370238153905e-01 7.909873110552446257e-06 5.404111223203062820e-05
2.604995053639739752e-02 9.738915637099792022e-01 3.870404926894827321e-06 5.461534869650813505e-05
1.511859540870684991e-02 9.848230567660409829e-01 2.642449171322224950e-06 5.570537608069794493e-05
9.881718851713948773e-03 9.900553199903586732e-01 2.247778989863854400e-06 6.071337893746553925e-05
7.400605000816268264e-03 9.925241170246242861e-01 2.239514466540241923e-06 7.303846009300135058e-05
6.317382477197252925e-03 9.935824045886323397e-01 2.469450597050462063e-06 9.774348357324500749e-05
6.053938419928538150e-03 9.937990634263087486e-01 2.859760185403177110e-06 1.441383935773637146e-04
6.479329273419419735e-03 9.932844776151664723e-01 3.432422721522580045e-06 2.327606886924840233e-04
7.933573025059349748e-03 9.916429877785861713e-01 4.498889811438035276e-06 4.189403065429548353e-04
1.164035604346909565e-02 9.874958144563740214e-01 7.057907716034400808e-06 8.567715924410857593e-04
2.100344654593918475e-02 9.770404622727714150e-01 1.417593072263011918e-05 1.941915250566883435e-03
4.495135663602661813e-02 9.504669619769900990e-01 3.610296559046836229e-05 4.545578421393263804e-03
1.012244404753609855e-01 8.888100592631230645e-01 1.029436375917469300e-04 9.862556623924344235e-03
2.093370814922760337e-01 7.727323143550279827e-01 2.383356661727604835e-04 1.769226848652326670e-02
3.603845534439416021e-01 6.148558966097801282e-01 4.431737410159741070e-04 2.431637620526239107e-02
5.202186585165785582e-01 4.521690053369833429e-01 6.751597695716776964e-04 2.693717637686649305e-02
6.571820460231154737e-01 3.152629446929517409e-01 8.120037244055536068e-04 2.674300555952680708e-02
7.523299981849381757e-01 2.210124246807335380e-01 9.715289706521031132e-04 2.568604816367584323e-02
8.083757818293364483e-01 1.658201984254688288e-01 1.168517003441582516e-03 2.463550274175325266e-02
8.348738210717500108e-01 1.398990144836141369e-01 1.406838651136676577e-03 2.382032579349914816e-02
8.374721687270543224e-01 1.367518131439162121e-01 1.736770582402181930e-03 2.403924754662715296e-02
8.145735049801035021e-01 1.564798609909963389e-01 2.288826132047501721e-03 2.665780789685258390e-02
7.595304816228716227e-01 2.041019574319524188e-01 3.246823505764518617e-03 3.312073743941126164e-02
6.677469695424711471e-01 2.832375094380393254e-01 4.752991482624592881e-03 4.426252953686488772e-02
5.503701980705978380e-01 3.843775126104628237e-01 6.667544169982516852e-03 5.858474514895672947e-02
4.370282879677634957e-01 4.841882775169714659e-01 8.303943656078727198e-03 7.047949085918640832e-02
3.491309528825614628e-01 5.681538414340687737e-01 8.906976461662672109e-03 7.380822922170711398e-02
2.851457951294079085e-01 6.385420153077034922e-01 8.434903141092188819e-03 6.787728642179644001e-02
2.391020152727511561e-01 6.965861638477401918e-01 7.418791542166320620e-03 5.689302933734246420e-02
2.090274280639449478e-01 7.373566328814817883e-01 6.488139295079255707e-03 4.712779975949429878e-02
1.930342661498933299e-01 7.593805741510875063e-01 5.886995144993852763e-03 4.169816455402547417e-02
1.877687380573251075e-01 7.664516124939488861e-01 5.551169434333686967e-03 4.022848001439241483e-02
1.901683707358408915e-01 7.623102938852456267e-01 5.424027497390688200e-03 4.209730788152290376e-02
1.998346019620939606e-01 7.460379445192470982e-01 5.617732769082209657e-03 4.850972074957672631e-02
2.191608509699271012e-01 7.111126841985391245e-01 6.417452470699538947e-03 6.330901236083387451e-02
2.463019355967981383e-01 6.532059120874825764e-01 8.280173032682464421e-03 9.221197928303655200e-02
2.797949923593322508e-01 5.630079541892138995e-01 1.146354031105124328e-02 1.457335131404023931e-01
3.049179357395455092e-01 4.405260948594670878e-01 1.640226558117402825e-02 2.381537038198134892e-01
7.225726151376613005e-02 7.697422710943498947e-01 1.390502759655493359e-01 1.895019142633460815e-02
9.779944349579174079e-02 1.300353447339548385e-01 1.828190859702296875e-02 7.538833031732303791e-01
1.012436538158771049e-01 1.995274105108896523e-01 1.429204552358031080e-02 6.849368901496530881e-01
1.009720414675790573e-01 2.562832241221031926e-01 1.135978483944155917e-02 6.313849495708762083e-01
9.912071554598038403e-02 2.876297215764396231e-01 9.354449226655780006e-03 6.038951136509245199e-01
9.737188850005736029e-02 2.983974596615360242e-01 8.101723315147212057e-03 5.961289285232590496e-01
9.666739964090045878e-02 3.008015954660711588e-01 7.249549002188829944e-03 5.952814558908393616e-01
9.896896463680254774e-02 3.016583507815066567e-01 6.474184861925285500e-03 5.928984997197652707e-01
1.087576214362169780e-01 2.964190112781437958e-01 5.836093671760089925e-03 5.889872736138787035e-01
1.318386943356568142e-01 2.801881215480033771e-01 5.476601120140197482e-03 5.824965829961996633e-01
1.705056266499140050e-01 2.553766267064022100e-01 5.257923579004029901e-03 5.688598230646797482e-01
2.146229758261596066e-01 2.282011929685966445e-01 4.999097781317687721e-03 5.521767334239259251e-01
2.425748839778816002e-01 2.084315326976372285e-01 4.755964244063216363e-03 5.442376190804176783e-01
2.449214984500375503e-01 2.047689684809902988e-01 4.680608340662285004e-03 5.456289247283100385e-01
2.338219700581521954e-01 2.199545841179972594e-01 4.703844939740658114e-03 5.415196008841097752e-01
2.218512381408932754e-01 2.530501729351077311e-01 4.582360088364516824e-03 5.205162288356345313e-01
2.087738039462174733e-01 3.016542189440981070e-01 4.276201062421673173e-03 4.852957760472628723e-01
1.902350984216891194e-01 3.633112518998288243e-01 3.898493834941914489e-03 4.425551558435403265e-01
1.665788911224159730e-01 4.364445969428225602e-01 3.518802288227600768e-03 3.934577096465338153e-01
1.416319219850995237e-01 5.198338351655326095e-01 3.133738536058851450e-03 3.354005043133086450e-01
1.182560178628568881e-01 6.103534149802419817e-01 2.710204983693595675e-03 2.686803621732076208e-01
9.740394255562133397e-02 6.983219523720640698e-01 2.267355127599553731e-03 2.020067499447148751e-01
8.048282521505707721e-02 7.700088238029281218e-01 1.901131204536217305e-03 1.476072197774786210e-01
6.534457629602122286e-02 8.245194525294938792e-01 1.548227962510941936e-03 1.085877432119739944e-01
5.370603661289887615e-02 8.648859157958250776e-01 1.279166362561152525e-03 8.012888122871521246e-02
4.468195919321195364e-02 8.968187097451384426e-01 1.039803949280852010e-03 5.745952711236852750e-02
3.899337525845083391e-02 9.210737244916784583e-01 8.381294519212188288e-04 3.909477079794942272e-02
3.742298438200267890e-02 9.370591500347631442e-01 6.785417079727047197e-04 2.483932387526149171e-02
4.077231260288135400e-02 9.439582087101666685e-01 5.538190918218877578e-04 1.471565959513024269e-02
4.774932989234105529e-02 9.433820615971860724e-01 4.573069803160806877e-04 8.411301530156761741e-03
6.258862777950056910e-02 9.315885733941747793e-01 4.325594148863730901e-04 5.390239411438362341e-03
8.943416487985596242e-02 9.059488255913333843e-01 4.865819916314680017e-04 4.130427537179391997e-03
1.392282319227918508e-01 8.564319727198178578e-01 6.133696024876541695e-04 3.726425754902389087e-03
2.268864598253215459e-01 7.685027227990749443e-01 8.603695215585662349e-04 3.750447854045049594e-03
3.669048349180646929e-01 6.278896865198303479e-01 1.227489119816704312e-03 3.977989442288108399e-03
5.394832483061503536e-01 4.544700178328452966e-01 1.798004221035191634e-03 4.248729639969306415e-03
6.975051475642463084e-01 2.960415492129541692e-01 2.041038736904479504e-03 4.412264485895069782e-03
8.032070564073401364e-01 1.897299195851037124e-01 2.295933117812194463e-03 4.767090889743674439e-03
8.623957217054877278e-01 1.295017968512185147e-01 2.541348268981310013e-03 5.561133174312614912e-03
8.906559197454383403e-01 9.920847710077063120e-02 2.861025667359169342e-03 7.274577486432092475e-03
8.985392373640075370e-01 8.701216283065613122e-02 3.459922193318198513e-03 1.098867761201795072e-02
8.906920979115615644e-01 8.590063625176355688e-02 4.591832062235247890e-03 1.881543377443949117e-02
8.669086216004223688e-01 9.200683818513165357e-02 6.598255396874109883e-03 3.448628481757169684e-02
8.218782605287139331e-01 1.043451542583474362e-01 1.005343915779919120e-02 6.372314605513940133e-02
7.477633469259075127e-01 1.243839804522200998e-01 1.564372626394420693e-02 1.122089463579280938e-01
6.479567150768539285e-01 1.508461691521764125e-01 2.298286173063401883e-02 1.782142540403353348e-01
5.499737743526866840e-01 1.725430779590545749e-01 2.950192486111583717e-02 2.479812228271427721e-01
4.771408607179944417e-01 1.838552353144718987e-01 3.340890865068530530e-02 3.055949953168485833e-01
4.417446111991623070e-01 1.832664863110347042e-01 3.429739856058321157e-02 3.406915039292197078e-01
4.457889497065420370e-01 1.739021610267044438e-01 3.279994744117376015e-02 3.475089418255799534e-01
4.890365007241150308e-01 1.583013472952132794e-01 2.960627550060442384e-02 3.230558764800672278e-01
5.657048649694425002e-01 1.388455343908055750e-01 2.530545807969144384e-02 2.701441425600604185e-01
6.542913431096430976e-01 1.197802247071298315e-01 2.075367276616480947e-02 2.051747594170624245e-01
7.264485295590623615e-01 1.070320118083682992e-01 1.700524507511285907e-02 1.495142135574562547e-01
7.775022531238944268e-01 9.818247550056909134e-02 1.400353610320790448e-02 1.103117352723285149e-01
8.144212274606592583e-01 9.112668991409043906e-02 1.147408976678979467e-02 8.297799285846074735e-02
8.473546174908304085e-01 8.214365598967651727e-02 9.067359954844802714e-03 6.143436656464839468e-02
8.804334912511792011e-01 6.985372046580577698e-02 6.779544483296976419e-03 4.293324379971791283e-02
9.104757254203761363e-01 5.621752837792298729e-02 4.782289447074492342e-03 2.852445675462633723e-02
9.362245303911129746e-01 4.317345928638449681e-02 3.183896459118223769e-03 1.741811386338415479e-02
9.549925731145159080e-01 3.269773936079758275e-02 2.059220995084724750e-03 1.025046652960209977e-02
9.679635801402195483e-01 2.485971614829753790e-02 1.283217459723763089e-03 5.893486251759278219e-03
9.763895669345529216e-01 1.939971274395606640e-02 7.867674164349017099e-04 3.423952905056110857e-03
9.814678742141182965e-01 1.591522088827112755e-02 5.000870141453672485e-04 2.116817883465049385e-03
9.844112254706661735e-01 1.378927293585346069e-02 3.451577286046885341e-04 1.454343864875700222e-03
9.862794904142053731e-01 1.231460482371932869e-02 2.643404195398377731e-04 1.141564342535436941e-03
9.879724720535636440e-01 1.075877310644503086e-02 2.247415879399435382e-04 1.044013252051485688e-03
9.898413667968520846e-01 8.799291057867097282e-03 2.142533192232972880e-04 1.145088826057505003e-03
9.914055758402051666e-01 6.841276615547685173e-03 2.320688115340720811e-04 1.521078732713136835e-03
9.920747685714975672e-01 5.367831141039736305e-03 2.735285748811691316e-04 2.283871712581469343e-03
9.914204869879057469e-01 4.582804770399786717e-03 3.432653983005617905e-04 3.653442843393941725e-03
9.882336292290583302e-01 4.665000937978195858e-03 5.022540947614165339e-04 6.599115738202144393e-03
4.970280236496908421e-01 3.409291867659141051e-01 1.168191854912313532e-02 1.503608710352717925e-01
5.206156208073922098e-01 3.433769764672418567e-01 7.870164858513196970e-03 1.281372378668524936e-01
5.313653882457262112e-01 3.448959480512234776e-01 6.074443991003312081e-03 1.176642197120469219e-01
5.417853692934269105e-01 3.352890406872812701e-01 5.557734946801184267e-03 1.173678550724905484e-01
5.493581466445102146e-01 3.167594513192886208e-01 5.873858592261805601e-03 1.280085434439394154e-01
5.478971687165880011e-01 2.930050738647401731e-01 7.032305278888626582e-03 1.520654521397831749e-01
5.301915055589099257e-01 2.709021131071625010e-01 8.823244775964127207e-03 1.900831365579638277e-01
5.011324261814934511e-01 2.529172848751156111e-01 1.058157959618352510e-02 2.353687093472075498e-01
4.773850965991071060e-01 2.407082961422896128e-01 1.170462397379605328e-02 2.702019832848072678e-01
4.642308205447970848e-01 2.434526265053119087e-01 1.239264872178585421e-02 2.799239042281050915e-01
4.455356918440065428e-01 2.762351823614029867e-01 1.272645714355722345e-02 2.655026686510331690e-01
4.024524820564900351e-01 3.514370649020014947e-01 1.173880416443392680e-02 2.343716488770744844e-01
3.380958320874491996e-01 4.620813632226549172e-01 9.461795532097812267e-03 1.903610091577981611e-01
2.630816882667741941e-01 5.926292993849249235e-01 6.355623346316521816e-03 1.379333890019843745e-01
1.861646375764791916e-01 7.240228443238850842e-01 3.561273718956614077e-03 8.625124438067890975e-02
1.192314791484005987e-01 8.318104540063167018e-01 1.804376009344466937e-03 4.715369083593841382e-02
7.165907823711716029e-02 9.028908609255750228e-01 9.825351441333503126e-04 2.446752569317450776e-02
4.110130607789460461e-02 9.454331795427057816e-01 5.886824988374354285e-04 1.287683188056230714e-02
2.320867202063990609e-02 9.691928292163805025e-01 3.950415359639084011e-04 7.203457227015794100e-03
1.319679003663344445e-02 9.822414162649520941e-01 2.833388280381310669e-04 4.278454870376304127e-03
7.954961329893948940e-03 9.891477183106409665e-01 2.110606035692049528e-04 2.686259755895963313e-03
5.452089203440019412e-03 9.926322030952703379e-01 1.595389846426831194e-04 1.756168716646846258e-03
4.513822966444574342e-03 9.941603693065855785e-01 1.242209862231371457e-04 1.201586740746672915e-03
9.823761927538012806e-01 2.637366938831673790e-03 7.897300044437061128e-03 7.089140262930056918e-03
9.871266949676015257e-01 2.639428349656613212e-03 4.792280388845699887e-03 5.441596293896159078e-03
9.898260411076511556e-01 2.748907349760164060e-03 3.044327732000246759e-03 4.380723810588328659e-03
9.927390314695937468e-01 2.197617811850853704e-03 1.544594929475413998e-03 3.518755789080096983e-03
9.925877459136482894e-01 3.281832542709330319e-03 1.063305739156289410e-03 3.067115804485943172e-03
9.917109316200696245e-01 4.911684033059388055e-03 7.394997551075089800e-04 2.637884591763541876e-03
9.899447702016596073e-01 7.265118072476443346e-03 5.306958353677223433e-04 2.259415890496254287e-03
9.871246592669695730e-01 1.051041647962435224e-02 4.031966340470072600e-04 1.961727619358848412e-03
9.832935706975549639e-01 1.464022675334812271e-02 3.266322891132601735e-04 1.739570259983813085e-03
9.791727168526488390e-01 1.900926300442114941e-02 2.728701477737045496e-04 1.545149995156309139e-03
9.754799751507040595e-01 2.289361322100433999e-02 2.333271864621313770e-04 1.393084441829281657e-03
9.714978137117642465e-01 2.691208372654276676e-02 2.186573821872201079e-04 1.371445179505874357e-03
9.648591210481207714e-01 3.332454055428386852e-02 2.423464714222879797e-04 1.573991926172967808e-03
9.537289588087828340e-01 4.391038944652202181e-02 3.200309000394554104e-04 2.040620844655903314e-03
9.307016921703187284e-01 6.609825370468723482e-02 4.223029590207565218e-04 2.777751165973427888e-03
8.869036496657103363e-01 1.087900847138377619e-01 5.647106038233817632e-04 3.741555016628679477e-03
8.065633708187558426e-01 1.878140177353050666e-01 7.635389846258047383e-04 4.859072461313483811e-03
6.759472826413405189e-01 3.171890174903224668e-01 1.040036430994341387e-03 5.823663437342677454e-03
5.023270419369334494e-01 4.899918798578645762e-01 1.438566605316900400e-03 6.242511599885065300e-03
3.337862899651952153e-01 6.588350301159497935e-01 1.392574333915399826e-03 5.986105584939553637e-03
2.053840216897938886e-01 7.873289294327929788e-01 1.647549219730120706e-03 5.639499657682968924e-03
1.263909411088109114e-01 8.659893585620992429e-01 2.065202125877302862e-03 5.554498203212510782e-03
8.025224035296310565e-02 9.110213759008110035e-01 2.762246098708750260e-03 5.964137647517159246e-03
5.339869609523026361e-02 9.356908820797374959e-01 3.734700699506035646e-03 7.175721125525910335e-03
3.624505699404821646e-02 9.490019197865580125e-01 5.061706305139318345e-03 9.691316914254533357e-03
2.474985085019341599e-02 9.550045516154048730e-01 6.342875394964950057e-03 1.390272213943677219e-02
1.646380349833928905e-02 9.569868937112594454e-01 6.911274892832724656e-03 1.963802789756853226e-02
1.018673977943912456e-02 9.577329548874485843e-01 6.310883935160448849e-03 2.576942139795157169e-02
6.122288344149373097e-03 9.564132899298207757e-01 5.179791510053843341e-03 3.228463021597615529e-02
3.991009787024204711e-03 9.505873925131866908e-01 4.415795600002020427e-03 4.100580209978686025e-02
2.966343746819251597e-03 9.399041483787788920e-01 4.218656263037694372e-03 5.291085161136383636e-02
2.495609854132151487e-03 9.241551836319924496e-01 4.598000299501267193e-03 6.875120621437406931e-02
2.330788341704274121e-03 9.021737547746642161e-01 5.698251848353691647e-03 8.979720503527763298e-02
2.380971592210930857e-03 8.723637483828027284e-01 7.915694491570531705e-03 1.173395855334157661e-01
2.627915447266762020e-03 8.334359258122736591e-01 1.209331676625646258e-02 1.518428419742029467e-01
3.105341459958949578e-03 7.844350465665715921e-01 2.001919804974724992e-02 1.924404139237221312e-01
3.934706689603264737e-03 7.229869561199244732e-01 3.547260969069483683e-02 2.376057274997775415e-01
4.796098239754356500e-03 6.443282868770154881e-01 6.516422303157637375e-02 2.857113918516535067e-01
6.608307567544382914e-03 5.417828338230628038e-01 1.170649471100470573e-01 3.345439114993460916e-01
8.382256987433733125e-03 4.106534996391590364e-01 2.027516782719819832e-01 3.782125651014254797e-01
9.678338028599676318e-03 2.677138446776362035e-01 3.357760906001825973e-01 3.868317266935814569e-01
1.090788274554025696e-02 1.517418575442645301e-01 5.135876380364330362e-01 3.237626216737624074e-01
1.140375701575249354e-02 7.530379938128985151e-02 6.966643526574012313e-01 2.166280909455565729e-01
1.065249284518199162e-02 3.306079385545659249e-02 8.347703780849022870e-01 1.215163352144593700e-01
9.421127775347667641e-03 1.388898047870325281e-02 9.136142870642748326e-01 6.307560468167427992e-02
7.952630673473288017e-03 6.336501383346447060e-03 9.517756170822065931e-01 3.393525086097393118e-02
8.295367358614535308e-03 3.536004131976527073e-03 9.676138643639566883e-01 2.055476414545219510e-02
9.393303182340899740e-03 2.446544234497753396e-03 9.735222802808527476e-01 1.463787230230842798e-02
1.133919470153051633e-02 2.042520732812946969e-03 9.742926891858377791e-01 1.232559537981851340e-02
1.423362808672518770e-02 1.962038954514306720e-03 9.719117752775928709e-01 1.189255768116792046e-02
1.811923219146097802e-02 2.063447296489567210e-03 9.672646580720990483e-01 1.255266243995021951e-02
2.306716779261636444e-02 2.271821385343403710e-03 9.607118867788259076e-01 1.394912404321430044e-02
2.999927097481091057e-02 2.544971119502896333e-03 9.515100683896466904e-01 1.594568951603968221e-02
4.142303509503983405e-02 2.955895036454526947e-03 9.370530834054695557e-01 1.856798646303613187e-02
6.097097395960267285e-02 3.721198938795784381e-03 9.135667199160844021e-01 2.174110718551712507e-02
9.059182618905857465e-02 5.049808912020076028e-03 8.796495221539020193e-01 2.470884274501916958e-02
1.280172683696622349e-01 7.727263066274430228e-03 8.376735927131232495e-01 2.658187585094001770e-02
1.715141013336154985e-01 1.112174903115852910e-02 7.898397503104628292e-01 2.752439932476330106e-02
2.161407593303299457e-01 1.599398579024003536e-02 7.400508400944808551e-01 2.781441478494912564e-02
2.565450805066671891e-01 2.270807326681350061e-02 6.929338223829047960e-01 2.781302384361471203e-02
2.867745299852414997e-01 3.170487061825720543e-02 6.536414943315554948e-01 2.787910506494547733e-02
3.039900749173241046e-01 4.388860663096810083e-02 6.238131786935069423e-01 2.830813975820063375e-02
3.092341260892232935e-01 6.101026827097633803e-02 6.003445109603852137e-01 2.941109467941541156e-02
3.050424222661144991e-01 8.600877119898558965e-02 5.768651653968218662e-01 3.208364113807795487e-02
2.986941400347151165e-01 1.221148802484929574e-01 5.417255790532469195e-01 3.746540066354477061e-02
3.016323153720962269e-01 1.685211447622223246e-01 4.851167238280830740e-01 4.472981603759839525e-02
3.242178724172777304e-01 2.197201547099782992e-01 4.054217573730276580e-01 5.064021549971647190e-02
3.660521639986618059e-01 2.669948661867306838e-01 3.146980273781023740e-01 5.225494243650533055e-02
4.162480588541813131e-01 2.986616209436883107e-01 2.348747190309425081e-01 5.021560117118755578e-02
4.581782027097693888e-01 3.112002715671868258e-01 1.820931042160886248e-01 4.852842150695504259e-02
4.858886104246936677e-01 3.068284224497925261e-01 1.567747231886691961e-01 5.050824393684485297e-02
4.920815728463800443e-01 2.959411738858949148e-01 1.536924235196471533e-01 5.828482974807774886e-02
4.778446983668486747e-01 2.817365090570095321e-01 1.669776508365232448e-01 7.344114173961861780e-02
4.451735917548992894e-01 2.657172281072242015e-01 1.917613551089820401e-01 9.734782502889441358e-02
3.989818150207504743e-01 2.449145076894931883e-01 2.242885588615396997e-01 1.318151184282162491e-01
3.408439361237227128e-01 2.169779466811817548e-01 2.637866170554631906e-01 1.783915001396324251e-01
2.762850777168278649e-01 1.772052379352383744e-01 3.150039091169365979e-01 2.315057752309971628e-01
2.142044141229937082e-01 1.271827854742808572e-01 3.853527403743601254e-01 2.732600600283652259e-01
1.607986158874581961e-01 8.154944526127508309e-02 4.747647705524851158e-01 2.828871682987812441e-01
1.142017339429770850e-01 4.775530195139483791e-02 5.774762540680964396e-01 2.605667100375314016e-01
7.422274770773665264e-02 2.768214728331755067e-02 6.682817381734644790e-01 2.298133668354812587e-01
4.326377016868061115e-02 1.730546162491560652e-02 7.258800665245533912e-01 2.135507016818506409e-01
2.285425196033262843e-02 1.193229154402361547e-02 7.476916458939453225e-01 2.175218106016987563e-01
1.138385955610649210e-02 8.865972636085343861e-03 7.443121531029939231e-01 2.354380147048140692e-01
5.671350291111215344e-03 6.960828895675630519e-03 7.278778660568158143e-01 2.594899547563977449e-01
2.994386533798258990e-03 5.809812200809223552e-03 7.026372475307838261e-01 2.885585537346085916e-01
1.729179633598449057e-03 5.217813493054219813e-03 6.695658461885974910e-01 3.234871606847498082e-01
1.086941918585472566e-03 4.977525870641878909e-03 6.375410322419450271e-01 3.563944999688276050e-01
7.165055427007270073e-04 4.797843830712527832e-03 6.259461098249493594e-01 3.685395408016375329e-01
