6.016386328492851626e-02 3.103806088822962383e-01 5.651825634817304704e-03 6.238037021979581098e-01
2.829508975345822464e-01 5.159897417514074380e-01 2.539148032778712222e-03 1.985202126812314338e-01
2.638208012170009664e-01 5.007957012257985285e-01 2.629828009363279102e-03 2.327536695478377160e-01
2.439490898762049775e-01 4.874028329166960050e-01 2.933248371847858773e-03 2.657148288352513821e-01
2.260894554273740753e-01 4.774059224347912966e-01 3.506575839460710636e-03 2.929980462983736711e-01
2.102170470287871573e-01 4.677110228969228456e-01 3.481903123877285334e-03 3.185900269504129412e-01
1.947418272487407565e-01 4.523198666186185601e-01 3.532328590738958128e-03 3.494059775419017244e-01
1.829488351814115010e-01 4.315514233921734499e-01 3.454472094212001580e-03 3.820452693322026194e-01
1.811585563650323916e-01 4.086629388657779804e-01 3.407504036551943765e-03 4.067710007326377775e-01
1.906115842399256632e-01 3.881763752741412277e-01 3.465821577582683076e-03 4.177462189083503974e-01
2.068477734892254782e-01 3.777914380597129362e-01 3.666396469209375498e-03 4.116943919818522035e-01
2.238615824200110016e-01 3.887191454016327707e-01 4.134440089468319549e-03 3.832848320888873617e-01
2.358092558124867399e-01 4.263401898877922647e-01 4.978929105282487583e-03 3.328716251944386917e-01
2.382985334989069781e-01 4.847981151945682798e-01 6.256155427563873418e-03 2.706471958789608001e-01
2.305224366176636674e-01 5.535617877725728109e-01 8.147122310096049230e-03 2.077686532996677604e-01
2.142516114062425203e-01 6.247417261652614684e-01 1.102150052513962628e-02 1.499851619033562566e-01
1.960868473204012141e-01 6.871703606179299095e-01 1.528763084811574254e-02 1.014551612135532882e-01
1.882814887394425873e-01 7.245745174285053158e-01 2.145173335259613345e-02 6.569226047945592173e-02
2.022575063336906342e-01 7.254676547799865372e-01 2.949348536943226934e-02 4.278135351689052457e-02
2.438404837994035679e-01 6.878587119412187256e-01 3.919322904181682388e-02 2.910757521756111507e-02
3.119966920413630995e-01 6.210585241164249259e-01 4.641478662258453208e-02 2.052999721962731755e-02
3.964381139873102144e-01 5.399382130789082135e-01 4.869965077356723515e-02 1.492402216021418773e-02
4.818158768520001134e-01 4.602588193293595809e-01 4.635359325904187672e-02 1.157171055959846893e-02
5.716141032805482913e-01 3.795141559889403382e-01 3.945174486630883409e-02 9.419995864202317798e-03
6.647467697867648351e-01 2.963268215440323927e-01 3.119224098413288584e-02 7.734167685070031210e-03
7.529789399700355101e-01 2.170123469051190856e-01 2.376805335485026108e-02 6.240659769995075476e-03
8.258079642939359921e-01 1.514426706769277653e-01 1.778677516056327568e-02 4.962589868572954768e-03
8.812726736190003018e-01 1.018654383650169359e-01 1.301445860248256516e-02 3.847429413500035294e-03
9.204658392094750008e-01 6.722403042710324572e-02 9.412205177272455273e-03 2.897925186149136016e-03
9.453371927591798229e-01 4.542294636284913839e-02 7.044354172258124498e-03 2.195506705713108457e-03
9.586854688140563630e-01 3.376207625400824697e-02 5.725556969587439551e-03 1.826897962348127688e-03
9.647807258851002210e-01 2.818818549274742027e-02 5.231487006119407875e-03 1.799601616032766313e-03
9.643768847165686831e-01 2.812923388509792552e-02 5.347502099514712080e-03 2.146379298818730953e-03
9.579616839607838497e-01 3.312038656987056212e-02 6.016081598343628496e-03 2.901847871002055570e-03
9.447966991226122158e-01 4.375435652331729347e-02 7.276857773073810119e-03 4.172086580996899226e-03
9.281172655408517214e-01 5.699637063280806742e-02 9.032039194962461492e-03 5.854324631377911918e-03
9.107130310804103512e-01 7.139006387620645822e-02 1.016015347864301401e-02 7.736751564740422006e-03
8.961885771743410833e-01 8.394294933609974807e-02 1.046758247388796491e-02 9.400891015671443071e-03
8.793952210335914677e-01 9.932795147021009075e-02 1.044036962015734184e-02 1.083645787604108936e-02
8.480257208316112072e-01 1.281825682640049258e-01 1.110702194411078425e-02 1.268468896027300126e-02
7.934870212216468266e-01 1.779210231223904426e-01 1.314648591099039539e-02 1.544546974497234409e-02
7.332029393633994196e-01 2.322658080519402757e-01 1.614459678578865701e-02 1.838665579887167889e-02
7.045792945891794501e-01 2.559803984702338497e-01 1.910455320710744559e-02 2.033575373347941764e-02
7.186259628110449604e-01 2.381895294797199136e-01 2.199935580638427354e-02 2.118515190285068239e-02
7.569053481997773947e-01 1.964329021045056467e-01 2.521192896636717182e-02 2.144982072934977987e-02
7.998555043090975758e-01 1.503745584563522808e-01 2.829600422221332720e-02 2.147393301233668783e-02
8.384370452854312816e-01 1.098491359582226823e-01 3.039487718254329368e-02 2.131894157380291241e-02
8.666368469291318988e-01 7.983127855888473567e-02 3.180765339028223532e-02 2.172422112170118227e-02
8.804617703694513908e-01 6.133517568891701244e-02 3.416072484816415344e-02 2.404232909346736349e-02
8.775122723671507918e-01 5.280513976721797759e-02 3.987057005536230603e-02 2.981201781026873374e-02
8.514398167007480867e-01 5.371068810370883267e-02 5.261741631343851144e-02 4.223207888210448596e-02
7.945574677891655835e-01 6.331010123388103317e-02 7.572930757996394757e-02 6.640312339698968558e-02
7.120047343646439542e-01 7.663227632760757913e-02 1.058731173793802244e-01 1.054898719283684366e-01
6.170013847244542049e-01 8.685347165837943584e-02 1.373133022219348298e-01 1.588318413952316821e-01
5.262554352180793815e-01 8.814151163634466324e-02 1.605105635342544967e-01 2.250924896113213891e-01
4.410120846170532682e-01 8.159900750125084756e-02 1.689348432187500748e-01 3.084540646629456706e-01
3.523772310485093207e-01 7.170799978168992950e-02 1.600045114027619508e-01 4.159102577670387713e-01
2.600936017121100452e-01 6.094126534409163853e-02 1.361420272079453819e-01 5.428231057358527956e-01
1.793389056114866043e-01 4.943244554391483525e-02 1.048681614148913310e-01 6.663604874297074376e-01
1.199010020127745796e-01 3.820290235875307278e-02 7.552933094730292229e-02 7.663667646811697098e-01
8.059820037204763754e-02 2.928312036583478536e-02 5.408023308815840258e-02 8.360384461739593931e-01
5.755238484350377187e-02 2.413412991465188964e-02 4.230387950020871035e-02 8.760096057416354443e-01
4.705102432022751496e-02 2.296331957411606658e-02 3.891320715787630752e-02 8.910724489477803711e-01
4.540272017639915281e-02 2.478943721045226076e-02 4.090164843100571601e-02 8.889061941821430057e-01
4.907737260176352895e-02 2.767363661515145901e-02 4.470701809813155264e-02 8.785419726849534872e-01
5.421237489448095526e-02 2.928426572923031532e-02 4.698996491571876682e-02 8.695133944605701881e-01
5.781577965564589638e-02 2.904378439706565770e-02 4.663709487795852232e-02 8.665033410693302462e-01
6.013907913938443955e-02 2.916854602899519519e-02 4.611718945354813248e-02 8.645751853780720975e-01
6.278131370175311921e-02 3.198917630322133110e-02 4.918145246126933573e-02 8.560480575337562348e-01
6.609826930736724393e-02 3.852642407123118423e-02 5.821684450653265286e-02 8.371584621148688843e-01
6.894683371752256817e-02 4.882782683289817877e-02 7.387221861736603667e-02 8.083531208322132233e-01
6.984881412267493483e-02 6.185827525034996721e-02 9.484278140895671672e-02 7.734501292180184784e-01
5.401640769162654454e-01 6.090456232333284203e-02 1.841737137557580561e-01 2.147576470046435870e-01
5.320482755551522724e-02 5.407939431973342037e-01 6.551986730277248490e-03 3.994492425168733596e-01
4.005432801255583153e-02 4.839995042906572453e-01 4.836183870000689521e-03 4.711099838267864270e-01
2.888717718664922385e-02 3.919971797836078742e-01 3.831509096329031427e-03 5.752841339334137105e-01
1.971744448420182511e-02 2.821652011323184661e-01 3.120365698564516940e-03 6.949969886849153289e-01
1.286234807958825874e-02 1.877711895460391356e-01 2.504040442936474303e-03 7.968624219314360824e-01
8.519959658310573281e-03 1.255326949511196832e-01 2.067709679345603249e-03 8.638796357112241697e-01
6.242976921714093845e-03 9.047697746474231417e-02 1.909564385264717794e-03 9.013704812282790080e-01
5.252012489105650425e-03 7.024376216827485364e-02 1.905356316881778389e-03 9.225988690257377334e-01
4.220026457727038549e-03 5.583705332736030313e-02 2.017085105311723810e-03 9.379258351096011470e-01
4.306104045461166784e-03 4.357612328085778280e-02 2.142980764430002429e-03 9.499747919092507153e-01
4.268440540401572530e-03 3.438480344516860882e-02 2.106001179304152829e-03 9.592407548351257196e-01
4.646050367421127036e-03 2.896731792471505390e-02 2.126562241947809254e-03 9.642600694659159144e-01
5.647727923375384790e-03 2.760394824719093060e-02 2.376540407399221032e-03 9.643717834220348895e-01
7.191494002071377456e-03 2.969964565905431481e-02 2.924614120928168380e-03 9.601842462179461801e-01
8.864212013850273145e-03 3.455566194886083853e-02 3.743962819605091245e-03 9.528361632176836071e-01
1.066521178493557917e-02 4.309862084932559317e-02 4.907484042339968489e-03 9.413286833233986961e-01
1.339256126333799105e-02 5.837162465167747283e-02 6.691473711564862453e-03 9.215443403734199235e-01
1.764327096817056711e-02 8.344000215443250767e-02 9.238922608589427224e-03 8.896778042688074928e-01
2.333002689046152073e-02 1.188603312047189914e-01 1.245944658796180153e-02 8.453501953168576222e-01
2.980551332279523374e-02 1.593196173569650931e-01 1.621737092368182725e-02 7.946574983965581929e-01
3.537762034941453054e-02 1.933472121496579987e-01 1.994542525987952689e-02 7.513297422410480930e-01
3.874675010916062839e-02 2.146037242474446161e-01 2.287987763783362605e-02 7.237696480055609838e-01
4.104956875019552531e-02 2.290116687261251893e-01 2.501528802651629274e-02 7.049234744971631939e-01
4.542898322782985138e-02 2.475556458201242649e-01 2.729171122154103873e-02 6.797236597305049699e-01
5.493382868118402984e-02 2.766472500873995988e-01 3.072843301649370862e-02 6.376904882149223575e-01
7.064213002401478758e-02 3.121516360102497556e-01 3.553025149313588510e-02 5.816759824725993289e-01
9.020420216857930051e-02 3.434178493857599213e-01 4.123858550735656076e-02 5.251393629383044326e-01
1.084993879497751779e-01 3.631743127577117813e-01 4.710931067724740545e-02 4.812169886152655729e-01
1.222570870905000939e-01 3.685332680507296121e-01 5.310501381582884151e-02 4.561046310429417439e-01
1.312199473374818515e-01 3.614317461356392758e-01 6.035333056749540848e-02 4.469949759593835892e-01
1.347594385468902367e-01 3.496099247272896338e-01 7.061968307647457921e-02 4.450109536493456197e-01
1.322753906193444018e-01 3.392026620559259187e-01 8.546142950328450283e-02 4.430605178214450102e-01
1.252109350973583946e-01 3.309879817257502244e-01 1.057764844168118390e-01 4.380245987600795976e-01
1.155862780195668904e-01 3.230040554638302641e-01 1.320406233283907549e-01 4.293690431882123959e-01
1.051823763009896995e-01 3.126254245901435858e-01 1.642139167965985524e-01 4.179782823122682456e-01
9.597103235992543446e-02 2.981491759514222628e-01 2.011296102010995401e-01 4.047501814875528181e-01
8.867386406054300618e-02 2.806057587437240652e-01 2.416907228000403363e-01 3.890296543956925923e-01
8.199123247763051570e-02 2.619390898837459236e-01 2.859409334059378471e-01 3.701287442326859911e-01
7.384396075348900745e-02 2.435594730945968567e-01 3.327693538313833410e-01 3.498272123205307671e-01
6.266008759307725717e-02 2.262883984776086488e-01 3.818613008886583837e-01 3.291902130406560434e-01
4.892048798368728996e-02 2.085096066956021177e-01 4.356631111461037320e-01 3.069067941746067563e-01
3.572677487529904439e-02 1.916479148528895671e-01 4.888461419389590890e-01 2.837791683328524384e-01
2.468687834791982380e-02 1.718410087549394338e-01 5.370749156909961908e-01 2.663971972061449089e-01
1.706536341250666430e-02 1.506615524829371111e-01 5.672115564959213652e-01 2.650615276086352723e-01
1.177775972116360155e-02 1.282513315639000062e-01 5.700556854495032466e-01 2.899152232654329531e-01
8.143193695743768112e-03 1.050169703444677749e-01 5.459329575313092153e-01 3.409068784284794429e-01
5.672747471639971555e-03 8.287657290480668348e-02 5.073043902458997945e-01 4.041462893776531229e-01
4.068292443017131922e-03 6.546804188350913156e-02 4.729932765745131773e-01 4.574703890989607058e-01
3.104853056684963447e-03 5.529236496106998411e-02 4.642404980882509635e-01 4.773622838939940993e-01
2.506436319410164457e-03 5.177173106012162435e-02 4.925704099196958619e-01 4.531514227007721884e-01
1.994490990550026356e-03 5.149264156494744865e-02 5.499630658254346383e-01 3.965498016190679431e-01
1.505837002594019938e-03 5.075364840689863127e-02 6.078546229543138057e-01 3.398858916361936489e-01
1.118842861554352700e-03 4.869770654984197783e-02 6.398517169124027237e-01 3.103317336762011491e-01
8.287527273038255461e-04 4.542685494291871101e-02 6.457851894871559084e-01 3.079592028426216266e-01
5.998768254162207799e-04 4.055221119534340585e-02 6.440648001812460111e-01 3.147831117979941751e-01
4.268450958788307234e-04 3.451764199587309401e-02 6.600821026814642778e-01 3.049734102267837033e-01
3.084383820023930056e-04 2.819395010515701391e-02 7.104871325735777621e-01 2.610104789392629909e-01
2.348807695089615705e-04 2.224970193502203222e-02 7.883757420269926763e-01 1.891396752684761651e-01
2.740267304695712461e-04 1.641811405621136644e-02 8.697321398174511220e-01 1.135757193958676359e-01
1.758423969275859343e-04 1.177120739150919367e-02 9.293105853130393390e-01 5.874236489852367044e-02
1.333292712425729277e-04 8.058736924055722936e-03 9.618710589630805607e-01 2.993687484162126447e-02
1.185124629987429891e-04 5.786792778167585728e-03 9.765564354257249002e-01 1.753825933310903043e-02
1.335572928562003315e-04 4.683280724685065163e-03 9.825328395285396477e-01 1.265032245391918032e-02
1.818596220373408880e-04 4.281468214027878832e-03 9.844750567248777839e-01 1.106161543905719892e-02
2.859598542105507815e-04 4.344114918323715296e-03 9.841143986772499241e-01 1.125552655021566477e-02
5.247939301020703015e-04 4.881862293409523941e-03 9.818207329623107604e-01 1.277261081417779484e-02
1.119184320775395676e-03 6.059651048234590900e-03 9.774258172073930773e-01 1.539534742359710030e-02
2.641797746533196354e-03 8.279421027541974260e-03 9.697692822199821538e-01 1.930949900594284077e-02
7.373425199987262285e-03 1.202788891654922240e-02 9.545535227055473859e-01 2.604516317791633062e-02
1.721370714868031629e-02 1.948856172740858969e-02 9.241080814967651547e-01 3.918964962714577976e-02
3.653444192915054900e-02 3.246483840287552741e-02 8.643686037887237106e-01 6.663211587924988688e-02
6.302839951247095340e-02 5.117331052360950538e-01 3.796852454748247396e-01 4.555324977660921149e-02
1.387328190341773904e-01 8.063119655491567117e-02 7.695307653999970965e-01 1.110521901090961820e-02
1.811613801761591258e-01 9.669011633657394189e-02 7.091264408542816700e-01 1.302206263298535602e-02
2.474168862934716662e-01 1.101202385047841403e-01 6.272222328457746077e-01 1.524064235596967257e-02
3.407777370159444374e-01 1.148301216706197059e-01 5.270403512809085367e-01 1.735179003252747265e-02
4.459274885536922972e-01 1.120470775852161621e-01 4.233184505012133059e-01 1.870698335987825561e-02
5.459414641789339662e-01 1.037249003380140144e-01 3.314046701831191988e-01 1.892896529993274082e-02
6.284248655183402033e-01 9.360214485072822221e-02 2.595640913593214583e-01 1.840889827160982831e-02
6.867606495177777104e-01 8.525736315662467424e-02 2.096699946286726124e-01 1.831199269692482257e-02
7.193483428689932957e-01 8.021598517111308557e-02 1.810557147389811883e-01 1.937995722091238535e-02
7.272092636424931644e-01 7.873851049982910633e-02 1.721896902844496924e-01 2.186253557322789809e-02
7.161504062089156797e-01 7.937783440341179830e-02 1.790768479321203921e-01 2.539491145555243870e-02
6.981551996610220190e-01 7.895722544994698833e-02 1.940648962503431774e-01 2.882267863868762797e-02
6.847136407239373668e-01 7.580562845185234710e-02 2.080241502130125153e-01 3.145658061119772225e-02
6.804067106500628626e-01 7.090418288579088124e-02 2.153080352100121275e-01 3.338107125413408011e-02
6.818657837622925655e-01 6.623143611585638468e-02 2.168674395793163678e-01 3.503534054253453628e-02
6.830646401771991449e-01 6.309883229569741847e-02 2.169979414787954752e-01 3.683858604830778094e-02
6.803885905133282286e-01 6.134060647724937781e-02 2.196802293418413654e-01 3.859057366758106983e-02
6.745247069158399889e-01 5.955256234375550656e-02 2.262673342667517462e-01 3.965539647365291798e-02
6.728312411415786620e-01 5.605174550114922633e-02 2.313687733128946544e-01 3.974824004437745723e-02
6.855354260958580470e-01 5.030502561547037926e-02 2.251811954549163830e-01 3.897835283375531562e-02
7.146241808074106361e-01 4.351741480578943944e-02 2.046600128289651210e-01 3.719839155783444956e-02
7.531380993410383695e-01 3.700595407018630184e-02 1.758367762197375894e-01 3.401917036903768371e-02
7.944319658325470490e-01 3.108935996299937166e-02 1.448860486546846571e-01 2.959262554976870366e-02
8.353708390214968915e-01 2.557626790212179368e-02 1.144209657440358185e-01 2.463192733234579115e-02
8.731484495860523110e-01 2.057303633167721982e-02 8.632818804194480888e-02 1.995032604032566381e-02
9.024563266062329836e-01 1.686710412887636873e-02 6.428605082184904451e-02 1.639051844304186337e-02
9.197525374355156602e-01 1.499615371838384018e-02 5.100289892944000203e-02 1.424840991666046462e-02
9.278887499810750672e-01 1.436572410684614984e-02 4.516226157709238298e-02 1.258326433498663764e-02
9.311346260280072284e-01 1.422855229579260070e-02 4.413813397540736899e-02 1.049868770079288860e-02
9.303897901306101836e-01 1.453801569732253614e-02 4.686737990366836998e-02 8.204814268398924124e-03
9.244077155130580037e-01 1.562970253389167272e-02 5.373397777944130538e-02 6.228604173609094546e-03
9.113948589923188681e-01 1.810870934244194347e-02 6.558259904721339129e-02 4.913832618025648809e-03
8.899028666640195206e-01 2.297524215425494551e-02 8.274940205302951102e-02 4.372489128695810322e-03
8.567302684445865513e-01 3.176678555313722924e-02 1.070197072769220742e-01 4.483238725353990914e-03
8.023925155996631808e-01 4.722509965001772669e-02 1.452813021617732070e-01 5.101082588545757975e-03
7.147760047036862963e-01 7.270914519677959542e-02 2.064055194504623159e-01 6.109330649071531387e-03
5.943011994675175824e-01 1.076318959478682474e-01 2.907184402973115867e-01 7.348464287302767378e-03
4.664130624449764895e-01 1.419651965949323413e-01 3.831825359567911926e-01 8.439205003299676475e-03
3.583459609749869434e-01 1.661679053778005732e-01 4.665484816977080174e-01 8.937651949504465954e-03
2.816959822107742428e-01 1.748752775658946879e-01 5.348249334993908644e-01 8.603806723940239654e-03
2.294885661681365652e-01 1.683036435925377994e-01 5.946925906381289595e-01 7.515199601196710655e-03
1.899028862594577816e-01 1.506810797313908601e-01 6.533732423089670949e-01 6.042791700184495067e-03
1.565052557626777918e-01 1.300364852708925656e-01 7.086970686300015920e-01 4.761190336427873621e-03
1.253614347562062581e-01 1.116383922973917808e-01 7.591131541819765571e-01 3.887018764425465532e-03
9.534308846625833000e-02 9.631116201464565152e-02 8.050447320369972237e-01 3.301017482098505054e-03
7.198399706022846900e-02 8.555205756089846736e-02 8.394902681226797947e-01 2.973677256193282391e-03
5.956456062419428210e-02 8.026966025053995646e-02 8.572556611432825546e-01 2.910117981982875048e-03
5.675337644775094170e-02 7.765599013998399081e-02 8.626221239715542444e-01 2.968509440710841770e-03
6.236560066061891394e-02 7.395952505762393159e-02 8.606407749852542644e-01 3.034099296502955172e-03
7.828704143023199058e-02 6.825108993811082603e-02 8.503263471866476797e-01 3.135521445009407850e-03
1.086661507231868468e-01 6.472009178077711700e-02 8.232899644042641629e-01 3.323793091771953118e-03
1.593458743658368315e-01 6.123680426143626732e-02 7.760542944172976743e-01 3.363026955429298040e-03
2.187886479305466980e-01 5.567639983085845290e-02 7.226500178891888115e-01 2.884934349405892263e-03
2.608336167030028130e-01 4.565544833657179252e-02 6.914199764087135547e-01 2.090958551711716209e-03
2.621129023397684721e-01 3.522700399618218514e-02 7.012975671233743213e-01 1.362526540674835170e-03
2.150942187877769585e-01 2.603361870708792436e-02 7.579743605990337807e-01 8.978019061012634024e-04
1.474276332213407814e-01 1.902929555393145442e-02 8.329206213405456749e-01 6.224498841820553336e-04
9.526818797118204174e-02 1.463064176107941976e-02 8.896369338121996595e-01 4.642364555388640954e-04
6.527861699971093667e-02 1.223320363268327014e-02 9.220672849185544973e-01 4.208944490513648307e-04
5.215216484303351885e-02 1.159891409262064736e-02 9.357714253386851810e-01 4.774957256604596542e-04
4.920606158448355416e-02 1.215375632911715534e-02 9.380356167374893639e-01 6.045653489097450048e-04
5.265375228068450847e-02 1.301030990971148438e-02 9.336063848666418252e-01 7.295529429621577496e-04
6.144373868901292085e-02 1.361227919739427597e-02 9.241226390688318526e-01 8.213430447610553086e-04
7.454918590033701720e-02 1.365099927133771318e-02 9.109153281636892530e-01 8.844866646360601383e-04
9.003278685519995606e-02 1.328657696656210252e-02 8.957445340802616673e-01 9.361020979764196918e-04
1.057520571777140206e-01 1.293594903077032246e-02 8.803279267395628382e-01 9.840670519527853176e-04
1.211784261554005454e-01 1.286895249561107943e-02 8.649173785389923097e-01 1.035242809996008437e-03
1.364876339203758560e-01 1.306365288320847189e-02 8.493524972357492375e-01 1.096215960666355052e-03
1.502357544007287549e-01 1.342813240985094372e-02 8.351584542576138137e-01 1.177658931806577474e-03
1.615233945301485508e-01 1.404843685003825948e-02 8.231347447692440866e-01 1.293423850569228690e-03
1.676872815361382107e-01 1.479775928110848085e-02 8.160161944630054398e-01 1.498764719747549840e-03
1.252645074706549080e-02 3.490372557944601550e-02 9.312691380356287185e-01 2.130068563785963986e-02
9.736292362889321650e-01 1.301418301907528857e-02 1.733282488596291733e-03 1.162329820339633689e-02
9.723574656032062391e-01 1.322631614026790504e-02 1.922889793808934492e-03 1.249332846271699986e-02
9.701708688149469628e-01 1.386394299892347581e-02 2.117004010751141752e-03 1.384818417537858094e-02
9.666913807253295632e-01 1.492159297658276346e-02 2.281290030703132798e-03 1.610573626738466199e-02
9.610534838081141729e-01 1.640187434739180661e-02 2.412533760371553173e-03 2.013210808412237152e-02
9.519663968953165911e-01 1.822043462669829111e-02 2.537119323202479543e-03 2.727604915478268333e-02
9.386761978015369934e-01 1.993297130609887960e-02 2.648376021822902455e-03 3.874245487054108622e-02
9.210709879942639011e-01 2.094296547497908820e-02 2.681453476557516848e-03 5.530459305419954674e-02
8.972349049889107864e-01 2.117908664798754878e-02 2.613455838733457024e-03 7.897255252436802264e-02
8.616272580129111791e-01 2.108608030867971037e-02 2.494296335381016375e-03 1.147923653430280300e-01
8.051153495530124493e-01 2.102169091739667511e-02 2.370560107883790298e-03 1.714923994217071868e-01
7.143592438423823632e-01 2.111165566161735813e-02 2.279993567191098899e-03 2.622491069288094279e-01
5.742385995850577407e-01 2.113666353041933343e-02 2.249424916876698998e-03 4.023753119676463097e-01
3.933065744612290748e-01 1.970205400989213235e-02 2.046499718546309493e-03 5.849448718103323897e-01
2.330506843828750452e-01 1.708468410428803930e-02 1.178559051903484362e-03 7.486860724609335493e-01
1.322731151912446279e-01 1.380004193523820359e-02 7.917742537486798090e-04 8.531350686197685107e-01
8.092122355751918406e-02 1.112828742339826843e-02 5.370188905835745520e-04 9.074134701284990445e-01
5.713843384914178009e-02 1.043959709746911796e-02 4.191292285273413832e-04 9.320028398248617618e-01
4.716714167350474773e-02 1.097173760862379596e-02 3.805023670121426924e-04 9.414806183508591664e-01
4.404239227270384527e-02 1.307700145601739528e-02 3.994898649455425944e-04 9.424811164063332525e-01
4.465598017967521011e-02 1.759922356367816035e-02 4.780367099922484667e-04 9.372667595466542823e-01
4.663899817751682858e-02 2.539319100427470111e-02 6.215807710896434661e-04 9.273462300471189135e-01
5.003820952509963754e-02 3.536065543031949310e-02 8.101913819310456368e-04 9.137909436626497905e-01
5.278650171777431871e-02 5.029368297054823134e-02 1.083678209755393421e-03 8.958361371019221142e-01
5.534744165547899469e-02 7.151398428635177829e-02 1.469929754359594999e-03 8.716686443038095256e-01
5.662817405532088316e-02 1.019747397411546602e-01 2.012544811839486053e-03 8.393845413916846132e-01
5.575352005526813814e-02 1.436906231896888375e-01 2.779060302831743053e-03 7.977767964522114452e-01
5.399246448374521445e-02 1.960208645810050665e-01 3.951693653588848019e-03 7.460349772816607938e-01
5.232936845984464264e-02 2.557511824420937163e-01 5.802836687781629844e-03 6.861166124102797692e-01
4.856215868601621022e-02 3.184391244753856376e-01 8.537778523688539789e-03 6.244609383149094528e-01
4.173386807002308491e-02 3.795930312440018439e-01 1.230399807514977531e-02 5.663691026108254034e-01
3.372067125752117173e-02 4.399686009445079038e-01 1.737448311427737882e-02 5.089362446836934728e-01
2.693956495009141444e-02 5.052681755823013043e-01 2.378891269163799227e-02 4.440033467759694763e-01
2.169944695733968740e-02 5.765915120923549297e-01 3.250073072174278904e-02 3.692083102285625418e-01
1.889875553723203636e-02 6.379483670224477265e-01 4.274927604506545409e-02 3.004036013952545714e-01
1.819266216612236767e-02 6.797073285172773316e-01 5.290082277005962730e-02 2.491991865465404410e-01
1.900568282259840550e-02 7.051393569649322401e-01 6.530970322676231399e-02 2.105452569857068912e-01
2.144999634160002500e-02 7.171466425507914133e-01 8.525907636635994546e-02 1.761442847412484913e-01
2.648696621362777934e-02 7.061880950265889689e-01 1.234847203064788623e-01 1.438402184533041916e-01
3.516305166987748060e-02 6.550469060887826878e-01 1.921679736874244149e-01 1.176220685539151184e-01
4.742634688388126102e-02 5.645295626836897007e-01 2.905123557776323473e-01 9.753173465479654525e-02
6.108344825910701908e-02 4.601827882538271908e-01 3.998131713461291481e-01 7.892059214093677388e-02
7.836586637669304412e-02 3.659441066084629934e-01 4.945650544317140573e-01 6.112497258312993981e-02
1.053454447200872918e-01 2.933381965211357412e-01 5.540406888341472547e-01 4.727566992462974710e-02
1.479392868568859820e-01 2.413819302183286275e-01 5.737030320933527161e-01 3.697575083143287561e-02
2.066632111737635724e-01 2.032280512064125189e-01 5.614822779755537230e-01 2.862645964427045289e-02
2.729543018443794655e-01 1.773947772213199381e-01 5.276410965273474751e-01 2.200982440695348555e-02
3.382933912400108434e-01 1.595612302129379156e-01 4.846429065070614328e-01 1.750247203998987755e-02
3.917444780106373869e-01 1.485980126596213313e-01 4.446144239956166810e-01 1.504308533412453130e-02
4.279579790113802185e-01 1.461798098184241834e-01 4.115406863151438444e-01 1.432152485505128886e-02
4.491014551298915247e-01 1.536744288369086553e-01 3.822341675316616727e-01 1.498994850153804667e-02
4.598645965357539556e-01 1.707682020434870551e-01 3.526602920668139296e-01 1.670690935394503543e-02
4.634831248823141903e-01 1.963669864619095595e-01 3.205945838364788747e-01 1.955530481929740674e-02
4.631631070471050604e-01 2.260721218486049511e-01 2.871413150284383708e-01 2.362345607585180501e-02
4.656398199544395378e-01 2.510480026806911069e-01 2.552388944879312449e-01 2.807328287693790225e-02
4.744144792896178298e-01 2.651819211544455546e-01 2.280501037410506138e-01 3.235349581488635579e-02
4.828910669032944192e-01 2.704303693350358362e-01 2.087873494559331078e-01 3.789121430573674093e-02
4.775064714342595051e-01 2.755935727957541381e-01 1.996806654282740900e-01 4.721929034171214873e-02
4.505967758753354202e-01 2.897177561543285984e-01 1.966676051112933310e-01 6.301786285904228957e-02
4.114268544770569580e-01 3.067044335922261000e-01 1.908401095908598966e-01 9.102860233985693439e-02
3.634890982756106559e-01 3.197701811096296254e-01 1.777096227137719142e-01 1.390310979009876657e-01
3.153798007861153829e-01 3.170557418406544370e-01 1.584207652534183886e-01 2.091436921198120413e-01
2.725395514194076663e-01 2.957283032966728786e-01 1.393489460511564693e-01 2.923831992327628471e-01
2.322738821980929735e-01 2.710875750748631408e-01 1.236105083880206373e-01 3.730280343390229292e-01
2.001821411929489980e-01 2.513302977783425374e-01 1.141994941168092831e-01 4.342880669118990289e-01
1.741478268082090608e-01 2.437988904905805387e-01 1.115969329753822292e-01 4.704563497258283933e-01
1.536414676946772639e-01 2.462674439584862374e-01 1.158464745464648088e-01 4.842446138003717038e-01
1.389988733524619158e-01 2.551931240019849612e-01 1.287660695826052248e-01 4.770419330629474541e-01
1.288816861794562230e-01 2.678643600210249831e-01 1.518396053317672967e-01 4.514143484677515805e-01
1.204302715941500818e-01 2.803829329475286403e-01 1.818200448341296682e-01 4.173667506241914849e-01
1.108355224000491662e-01 2.885938039763856211e-01 2.098096479336005460e-01 3.907610256899647916e-01
5.854370383502706388e-03 6.032482754759903310e-02 2.741647837666262924e-02 9.064043236922357805e-01
4.475358260996528670e-03 6.431643240422170449e-02 2.775144282756389011e-02 9.034567665072176235e-01
3.437340842568506818e-03 7.020117609197934483e-02 3.152294535355495281e-02 8.948385377118971418e-01
3.871297585201554422e-03 7.863184308280611601e-02 4.014635343331832140e-02 8.773505058986739158e-01
4.686964630399890336e-03 8.999165858439288346e-02 5.435853971366799015e-02 8.509628370715394130e-01
6.442121369158373446e-03 1.016957267423893724e-01 7.663145868111295722e-02 8.152306932073394297e-01
9.377056523104217861e-03 1.119663426550893820e-01 1.056914425444588218e-01 7.729651582773476859e-01
1.358669000484912827e-02 1.180424195024611100e-01 1.382539155829176913e-01 7.301169749097716766e-01
1.942230996209997479e-02 1.178335851441130872e-01 1.698546333630312766e-01 6.928894715307555296e-01
2.627964469377018844e-02 1.166744935710767594e-01 1.941616790975240758e-01 6.628841826376290491e-01
3.437867261805207381e-02 1.163675734562262948e-01 2.079330238509352891e-01 6.413207300747859607e-01
4.371729162903556509e-02 1.184824883281367369e-01 2.110911451468913957e-01 6.267090748959360802e-01
5.399022897938526161e-02 1.250083428357370574e-01 2.114120710304517869e-01 6.095893571544259704e-01
6.588796643670800923e-02 1.382010032256265897e-01 2.163739398809807757e-01 5.795370904566846670e-01
8.166743787084437822e-02 1.582953971905411983e-01 2.236503584083569807e-01 5.363868065302571653e-01
1.018691505014761439e-01 1.831904788297037956e-01 2.231505816148718901e-01 4.917897890539479899e-01
1.228317631964241652e-01 2.044643320079336524e-01 2.099385340158972379e-01 4.627653707797450555e-01
1.347952477375036762e-01 2.180328471026482529e-01 1.884196383581906165e-01 4.587522668016572047e-01
1.326661694801409830e-01 2.235627159207526082e-01 1.653999493660416042e-01 4.783711652330648878e-01
1.188972340044581327e-01 2.239102633457746849e-01 1.424923555765035543e-01 5.147001470732629480e-01
9.858755228297355622e-02 2.226001880071014627e-01 1.198832964603109563e-01 5.589289632496143856e-01
7.645853828029174071e-02 2.229300077036105721e-01 9.769414327456038549e-02 6.029173107415372046e-01
5.653562685082796913e-02 2.282081694659399695e-01 7.647871488606083901e-02 6.387774887971708893e-01
1.338721353583100515e-01 7.737881495917511288e-01 8.228825419852424383e-02 1.005146085141487428e-02
9.357911334715852958e-02 8.599319800362850152e-01 3.948718207357476695e-02 7.001724542981535571e-03
6.363279418586377523e-02 9.114670754209135417e-01 2.013549110959956395e-02 4.764639283623270036e-03
4.291153608638398342e-02 9.421519620827307762e-01 1.166063043720995049e-02 3.275871393675103445e-03
3.160801441998419697e-02 9.580854757300445446e-01 7.901795410952745444e-03 2.404714439018446233e-03
2.711960206255654982e-02 9.647710962972414483e-01 6.161853008835431640e-03 1.947448631366284618e-03
2.741550588741748992e-02 9.656035428785526564e-01 5.280388130263716923e-03 1.700563103766156246e-03
3.094695075712997415e-02 9.629337938639480621e-01 4.616220253699629752e-03 1.503035125222201319e-03
3.661743557249018399e-02 9.581371957504684067e-01 3.929393625904037575e-03 1.315975051137294963e-03
4.330488102504601033e-02 9.522240900892796622e-01 3.295958023683008987e-03 1.175070861991548300e-03
4.901002825187621148e-02 9.471886299414340460e-01 2.747239893287214442e-03 1.054101913402490792e-03
5.194921423729376153e-02 9.449088756261636579e-01 2.251585301714009637e-03 8.903248348287710629e-04
5.089361232405584939e-02 9.465541274285400597e-01 1.862459833219202738e-03 6.898004141846668857e-04
4.646228201425489646e-02 9.513832403827799933e-01 1.641119695866418435e-03 5.133579070989636355e-04
4.121645790369644902e-02 9.568280739280083935e-01 1.567289909328861046e-03 3.881782589663267721e-04
3.626877675956906993e-02 9.618447423936232754e-01 1.585444303095970720e-03 3.010365437118152311e-04
3.195731581268403815e-02 9.661734050615600200e-01 1.632065770163063133e-03 2.372133555927250046e-04
2.890784924715811277e-02 9.692731837980975707e-01 1.627228541127241851e-03 1.917384136171113181e-04
2.755123671947755717e-02 9.707794699667890992e-01 1.506537804822857731e-03 1.627555089103047896e-04
2.780214908573585761e-02 9.707729829124100984e-01 1.280327923010041169e-03 1.445400788438559996e-04
2.958288655094901826e-02 9.692487747479449078e-01 1.034309874592350331e-03 1.340288265136985310e-04
3.357311445375674858e-02 9.654289304786091153e-01 8.597002834029037095e-04 1.382547842310917767e-04
4.206177206876778735e-02 9.569345225799976706e-01 8.241057494807576189e-04 1.795996017537559953e-04
5.902495178883597482e-02 9.396952173668856600e-01 9.762165655920146488e-04 3.036142786864638363e-04
8.856431232416442367e-02 9.095093441248888189e-01 1.353218523371853017e-03 5.731250275748195561e-04
1.386457542764821249e-01 8.587552766170962748e-01 1.552487230265222869e-03 1.046481876156194835e-03
2.136194001451635072e-01 7.818386109453733246e-01 2.441642149452011475e-03 2.100346760011244807e-03
3.117565620456250186e-01 6.799670055612616615e-01 4.076389148439701210e-03 4.200043244673305580e-03
4.150276268531403745e-01 5.708236069642347310e-01 6.563334372206682671e-03 7.585431810418349734e-03
5.004630646485390688e-01 4.776510860301078076e-01 9.863458176733411187e-03 1.202239114461960828e-02
5.640588946324930353e-01 4.042866197477634760e-01 1.424679380492089274e-02 1.740769181482277120e-02
6.150203939975111833e-01 3.414727873472951925e-01 1.945541176100174657e-02 2.405140689419182215e-02
6.495341384209405433e-01 2.910581814296873127e-01 2.669030650464174897e-02 3.271737364473041587e-02
6.618147996905767716e-01 2.575561924228573774e-01 3.676710475024534686e-02 4.386190313632059440e-02
6.511406627156971494e-01 2.413976029807284318e-01 5.045187938555643903e-02 5.700985491801802835e-02
6.244521784068277626e-01 2.383299287830438207e-01 6.801268815126206013e-02 6.920520465886653705e-02
5.959227276075136359e-01 2.410181850292855421e-01 8.934422232640161499e-02 7.371486503679919311e-02
5.775836340757042331e-01 2.421325336524352001e-01 1.143985487547983515e-01 6.588528351706204877e-02
5.683746369357283168e-01 2.387351450147429943e-01 1.423194941531608360e-01 5.057072389636774190e-02
5.613023732648517727e-01 2.315905592189777817e-01 1.704415315459794633e-01 3.666553597019089894e-02
5.598970302851993264e-01 2.184884012407625475e-01 1.943673857668045957e-01 2.724718270723358246e-02
5.654221237774444964e-01 2.031407732691234147e-01 2.102479941528854201e-01 2.118910880054674858e-02
5.786387313609772098e-01 1.871087529152439810e-01 2.169040590052125905e-01 1.734845671856597230e-02
5.958623918977818956e-01 1.715996172278617393e-01 2.177370822768835146e-01 1.480090859747293375e-02
6.122798036320735715e-01 1.562156442422820146e-01 2.185949050979436037e-01 1.290964702770111550e-02
6.195516292024098037e-01 1.416805865429826006e-01 2.271633637465543809e-01 1.160442050805301877e-02
6.066501688867702580e-01 1.290669722288307619e-01 2.536062436584450297e-01 1.067661522595394520e-02
5.674992077024112458e-01 1.169012790337143476e-01 3.059701220316311532e-01 9.629391232243366197e-03
5.071044564351647743e-01 9.877549010595632062e-02 3.859682971068384427e-01 8.151756352040519585e-03
4.280774683605441666e-01 7.637897882940532235e-02 4.893399738984246516e-01 6.203578911625844648e-03
3.393076126820673277e-01 5.296562329263683477e-02 6.035978153297975046e-01 4.128948695498318132e-03
2.481545274357464803e-01 3.460425117696533381e-02 7.146710640888402910e-01 2.570157298448260460e-03
1.641054212224345443e-01 2.318359990878095245e-02 8.110601298320592178e-01 1.650849036725467959e-03
1.020865801133048895e-01 1.654189076738939862e-02 8.802046271746800654e-01 1.166901944625704833e-03
6.462828306878494466e-02 1.376736046516460581e-02 9.206830285839390227e-01 9.213278821113583469e-04
3.932623813149709047e-02 1.154248194690486208e-02 9.484081893505331706e-01 7.230905710648562277e-04
2.083323163182066937e-02 8.774274358955247780e-03 9.698906523223269627e-01 5.018416868970920980e-04
9.050664160001520644e-03 5.751968595340746851e-03 9.849028546169773524e-01 2.945126276803840975e-04
3.351672373692850086e-03 3.457512474175368933e-03 9.930314875129293561e-01 1.593276392019353743e-04
1.199240843844978340e-03 2.162368603973373500e-03 9.965462029162819313e-01 9.218763589972236798e-05
4.561426752310487388e-04 1.504626032036184696e-03 9.979801308646684133e-01 5.910042806446845427e-05
1.018837402545326411e-06 1.651588864327946001e-06 9.999662291693597327e-01 3.110040437336211684e-05
1.169550358159955492e-04 1.285424780310115206e-03 9.985624651712075028e-01 3.515501266651650851e-05
8.284087961823018240e-05 1.506158615438664720e-03 9.983826995895915823e-01 2.830091535148411051e-05
7.241202094595597220e-05 1.867576021473224589e-03 9.980377893113459020e-01 2.222264623465825922e-05
8.583902308811481024e-05 2.503294950140057436e-03 9.973906746349450181e-01 2.019139182712555191e-05
1.390032173452704269e-04 3.675298017581180455e-03 9.961629275267087635e-01 2.277123836472350719e-05
2.748375556238202800e-04 5.718151331034636645e-03 9.939777978163252259e-01 2.921329701641222772e-05
5.679879030523220977e-04 9.133373501715618889e-03 9.902603936700290488e-01 3.824492520299670292e-05
1.841591560541092770e-03 1.460714647934940186e-02 9.834959365512978557e-01 5.532540881131415650e-05
3.204558743327617053e-03 2.279985112942898087e-02 9.739214541390509572e-01 7.413598819241944821e-05
4.864583689417362189e-03 3.217221572723919648e-02 9.628572762120825024e-01 1.059243712612411214e-04
6.385768277311211320e-03 3.852463645711656781e-02 9.549393446847618261e-01 1.502505808103067435e-04
7.727923771060196852e-03 3.954466649605935941e-02 9.525220497950775966e-01 2.053599378027422110e-04
9.541387401935616866e-03 3.752787084977389498e-02 9.526475281122180894e-01 2.832136360721706700e-04
1.285488485666658187e-02 3.629731365980492369e-02 9.504237245598793349e-01 4.240769236490248961e-04
1.918886883238402064e-02 3.789792196866211688e-02 9.422085450244852556e-01 7.046641744688606109e-04
3.149914784314863936e-02 4.475436198862340481e-02 9.224010420912026609e-01 1.345448077025112156e-03
5.481365630925719851e-02 6.127402282373835274e-02 8.807725775117944966e-01 3.139743355210059244e-03
9.245894569485411940e-02 9.050038251943706702e-02 8.084984791264030468e-01 8.542192659305308799e-03
1.411655211588030145e-01 1.308483805752757023e-01 7.039345234569712728e-01 2.405157480895000685e-02
1.921731770797543704e-01 1.748855376295951891e-01 5.687807690654783643e-01 6.416051622517225661e-02
2.267456887808782517e-01 2.024653376667943649e-01 4.210132404313420840e-01 1.497757331209855214e-01
2.241121699560169878e-01 1.904395679784798012e-01 2.945256477876516676e-01 2.909226142778515434e-01
1.928252283025471137e-01 1.478072611846108497e-01 1.991421685241363815e-01 4.602253419887059604e-01
1.547368452511945214e-01 1.006400842359672226e-01 1.373031001033035992e-01 6.073199704095343376e-01
1.220654356480609520e-01 6.809587174857462122e-02 9.905556755837693905e-02 7.107831250449875293e-01
9.780039163800921531e-02 4.744025281493962493e-02 7.416954501226900864e-02 7.805898105347822691e-01
7.719615573118883411e-02 3.454932414632690824e-02 5.494816640582506767e-02 8.333063537166592871e-01
