6.680349059475819418e-02 4.008237886297840169e-01 9.813382010019253490e-03 5.225593387654384747e-01
7.989622945212034033e-02 8.268205108525854552e-01 1.755367576766199986e-03 9.152789211852785378e-02
6.937740048036042384e-02 8.242306791286930778e-01 1.469599579448722980e-03 1.049223208114977851e-01
6.062164283943979187e-02 8.187542691782989657e-01 1.349017069986717908e-03 1.192750709122743363e-01
5.093503272855064851e-02 8.136667994309729757e-01 1.326138694018737588e-03 1.340720291464574110e-01
4.517205768047952152e-02 8.003434304232253105e-01 1.372819594651834667e-03 1.531116923016431763e-01
4.162232350358963107e-02 7.750420593823283966e-01 1.496020213937391272e-03 1.818395969001445900e-01
4.120324372304357691e-02 7.351229582507073923e-01 1.678474035087251142e-03 2.219953239911614806e-01
4.522055745948836553e-02 6.799769667849534516e-01 1.959803842814696051e-03 2.728426719127435285e-01
5.374302844945996749e-02 6.102793815402204336e-01 2.336666378771720849e-03 3.336409236315475701e-01
6.532688998259925106e-02 5.347059924898506234e-01 2.791803390410094263e-03 3.971753141371404672e-01
7.870956742385049054e-02 4.756879580326297541e-01 3.440991885093815962e-03 4.421614826584259195e-01
9.344532232802255090e-02 4.520638061655082862e-01 4.541607975405707182e-03 4.499492635310634592e-01
1.087075716688923888e-01 4.652743224040697956e-01 6.444700891026260842e-03 4.195734050360114264e-01
1.225462978799373714e-01 5.081264104193237152e-01 9.587106864870244619e-03 3.597401848358688925e-01
1.320855510774352481e-01 5.749710288265444946e-01 1.434796392243704345e-02 2.785954561735830559e-01
1.377334852621117933e-01 6.515284768000686455e-01 2.062664030951269836e-02 1.901113976283069495e-01
1.481595481336363818e-01 7.091462129410739390e-01 2.789581182427177189e-02 1.147984271010182439e-01
1.766333227081131607e-01 7.229160722665289862e-01 3.536391527136101276e-02 6.508668975399677092e-02
2.299320409879928584e-01 6.920586736620686352e-01 4.102036902704059990e-02 3.698891632289792730e-02
3.069663989863662956e-01 6.275306325532028495e-01 4.384578065155489424e-02 2.165718780887591205e-02
3.994478792399681621e-01 5.454109262471620312e-01 4.185629874150084695e-02 1.328489577136882267e-02
4.977018440390846843e-01 4.566390206954873410e-01 3.677863219939151579e-02 8.880503066036216087e-03
6.066787783983607074e-01 3.579428387345786611e-01 2.907065350815981469e-02 6.307729358900738756e-03
7.176771379359984104e-01 2.564168067726938505e-01 2.137495243766796352e-02 4.531102853639799866e-03
8.117975548903630933e-01 1.696519341359867816e-01 1.529885755029659379e-02 3.251653423353536004e-03
8.785725507067193574e-01 1.080843356564404334e-01 1.096868435585323515e-02 2.374429280986958476e-03
9.222017672056019855e-01 6.816008427314634854e-02 7.884666551107264235e-03 1.753481970144530775e-03
9.491980202441271386e-01 4.375355446020761513e-02 5.747157996795435389e-03 1.301267298870173233e-03
9.640986494584682376e-01 3.046078776380576128e-02 4.437630357398148102e-03 1.002932420328006991e-03
9.724573488465846349e-01 2.295015476393094320e-02 3.746566892586124589e-03 8.459294968985039357e-04
9.748221667382678257e-01 2.068606445386524106e-02 3.618470735236053396e-03 8.732980726306982218e-04
9.717579681454208140e-01 2.314715827010613639e-02 3.968370461782234557e-03 1.126503122690997605e-03
9.620430619365509806e-01 3.141709064225681192e-02 4.838513951683028405e-03 1.701333469509294693e-03
9.444452984144141583e-01 4.647526557270102721e-02 6.333547267644184728e-03 2.745888745240765948e-03
9.183872200939445785e-01 6.910950347324835985e-02 8.089124268917634308e-03 4.414152163889580906e-03
8.916830218111481132e-01 9.230429847036310254e-02 9.413919983022921503e-03 6.598759735466194071e-03
8.696877359712517075e-01 1.113264478695264598e-01 9.890600402187475423e-03 9.095215757034593243e-03
8.438402485395268826e-01 1.340633555019793421e-01 9.995425373834111726e-03 1.210097058465973985e-02
7.919031524222679419e-01 1.806528092002545882e-01 1.074289520595143876e-02 1.670114317152616989e-02
6.940456282875111516e-01 2.694057086533875323e-01 1.275306760197980095e-02 2.379559545712169738e-02
5.759870972510858778e-01 3.771311312016238371e-01 1.547070663651073201e-02 3.141106491077946816e-02
5.016255781505518652e-01 4.434852428765518328e-01 1.814843384603053236e-02 3.674074512686578697e-02
4.928413268281562898e-01 4.457719635899994315e-01 2.147937588927685201e-02 3.990733369256755508e-02
5.312486956163020579e-01 4.007795898794377365e-01 2.621172174776853145e-02 4.175999275649164288e-02
5.915104876019092739e-01 3.338099831375463955e-01 3.200428398289429516e-02 4.267524527765000769e-02
6.553519460547262421e-01 2.637790519096440134e-01 3.795948940053697068e-02 4.290951263509280855e-02
7.062684520892659190e-01 2.055993156518010345e-01 4.420671591154782393e-02 4.392551634738535438e-02
7.299479791176686216e-01 1.687958550365527832e-01 5.282886626972169847e-02 4.842729957605670238e-02
7.162476995214891451e-01 1.564209945439299365e-01 6.808590971249119106e-02 5.924539622208990775e-02
6.519418225031936576e-01 1.711884148515644966e-01 9.644813902467438971e-02 8.042162362056726188e-02
5.342119746110872702e-01 2.111839178986970877e-01 1.398875073100966371e-01 1.147166001801189911e-01
3.959330115723856958e-01 2.584291862310783006e-01 1.877825555542151359e-01 1.578552466423208400e-01
2.831101032446358690e-01 2.885387224096895853e-01 2.247493186623422401e-01 2.036018556833323889e-01
2.090068491221969138e-01 2.901502914253425436e-01 2.489479833470272518e-01 2.518948761054332630e-01
1.613064939467232228e-01 2.695386966559922270e-01 2.604258613129907252e-01 3.087289480842940192e-01
1.246958597281330877e-01 2.428161839276581913e-01 2.523457404707092899e-01 3.801422158734992784e-01
9.365730178107115056e-02 2.136396441270851376e-01 2.266139335229750695e-01 4.660891205688687533e-01
6.911608316348027969e-02 1.828441168771242353e-01 1.879277271441938124e-01 5.601120728152014783e-01
5.085216556162379387e-02 1.511461283536788547e-01 1.458058887934342018e-01 6.521958172912628582e-01
3.774251122641092415e-02 1.241853146171085359e-01 1.102104444416215911e-01 7.278617297148589627e-01
2.940801535913850628e-02 1.085328563024421655e-01 8.813792224045693957e-02 7.739212060979622221e-01
2.562368656829805066e-02 1.059911654940642739e-01 7.998531858398848227e-02 7.883998293536491619e-01
2.538669815428194754e-02 1.116561678659158674e-01 8.057992163097485450e-02 7.823772123488274000e-01
2.704311637811405988e-02 1.166300128554400295e-01 8.347332502459478554e-02 7.728535457418510557e-01
2.858931645426367879e-02 1.134351024348813075e-01 8.372887916223549498e-02 7.742467019486195534e-01
2.886214489576352515e-02 1.026806421003311071e-01 8.023924354367568956e-02 7.882179694602299280e-01
2.864103299094671040e-02 9.289025793273755771e-02 7.714709373550730775e-02 8.013216153408084796e-01
2.885645600051984366e-02 9.021365725260088730e-02 8.012550071063481716e-02 8.008043860362442645e-01
2.962734242814046501e-02 9.490060408437821227e-02 9.225380255501999804e-02 7.832182509324611130e-01
3.051638986095860095e-02 1.044898844911174296e-01 1.137639154162157495e-01 7.512298102317084281e-01
3.093899382003983609e-02 1.156214389102611789e-01 1.422469651640231592e-01 7.111926021056760305e-01
6.305976183064181395e-01 4.746207327193452397e-02 2.533216362149797729e-01 6.861867220666752198e-02
5.514344174372767804e-02 6.488190178943239461e-01 6.809701523572378630e-03 2.892278388383760501e-01
3.854237272484987986e-02 5.825572688824258716e-01 5.069648019978566060e-03 3.738307103727457892e-01
2.652398317192868060e-02 4.781355893757369135e-01 4.025983759805823632e-03 4.913144436925285796e-01
1.775684313834842085e-02 3.500487452619789885e-01 3.252362519638834094e-03 6.289420490800338159e-01
1.141853438194323500e-02 2.328682595092656238e-01 2.510505295044446455e-03 7.532027008137466284e-01
7.365847188669185329e-03 1.520394544894328182e-01 1.921309029723105655e-03 8.386733892921751643e-01
5.220237799352519040e-03 1.073551329895669343e-01 1.626312132802228182e-03 8.857983170782781635e-01
4.217339786902576590e-03 8.452526894802682433e-02 1.578069425900100430e-03 9.096793218391704405e-01
4.105030957703740928e-03 7.011638776047707244e-02 1.599940202466732398e-03 9.241786410793523254e-01
3.445797658444122152e-03 5.950111575834571981e-02 1.631617090303445631e-03 9.354214694929069429e-01
3.192934957095407405e-03 5.235876361245674765e-02 1.689437701444022888e-03 9.427588637290036377e-01
4.579058135568456200e-03 4.959715579005976455e-02 1.995646157992154307e-03 9.438281399163798158e-01
6.395649171576664981e-03 5.273918372494904028e-02 2.495385362018588422e-03 9.383697817414556885e-01
9.425779563044592302e-03 6.155372842225415031e-02 3.391970994942113300e-03 9.256285210197594537e-01
1.331682755002563771e-02 7.441270385592792247e-02 4.649272902443713808e-03 9.076211956916024892e-01
1.796743991479269817e-02 9.172486576542202008e-02 6.291168702196145608e-03 8.840165256175892550e-01
2.439162008096281212e-02 1.168721694603061939e-01 8.574161363159351831e-03 8.501620490955714704e-01
3.338165057137394698e-02 1.516214311033574624e-01 1.155009244027124272e-02 8.034468258849972733e-01
4.474778053845517717e-02 1.939175450845655180e-01 1.503350254609812746e-02 7.463011718308811826e-01
5.765544787896213080e-02 2.372107799299022213e-01 1.899225999488065447e-02 6.861415121962550767e-01
6.955726342252600836e-02 2.700338531572723522e-01 2.293745757503921900e-02 6.374714258451623650e-01
7.840851976345901420e-02 2.865568477674291792e-01 2.597294226807718778e-02 6.090616902010345113e-01
8.621475170536106736e-02 2.934489062358455747e-01 2.790689916885851288e-02 5.924294428899345988e-01
9.860488737153905170e-02 3.026227468853128211e-01 2.964859897731175059e-02 5.691237667658360921e-01
1.208502676649955421e-01 3.210945375913172861e-01 3.227380379690476808e-02 5.257813909467824454e-01
1.527616500921226972e-01 3.455565456670008917e-01 3.604481708708602572e-02 4.656369871537903160e-01
1.862755727052101407e-01 3.679479267712202351e-01 4.069189328846928994e-02 4.050846072351003135e-01
2.117406638703648869e-01 3.827743805876033245e-01 4.579010826077151153e-02 3.596948472812602215e-01
2.255915397405788003e-01 3.884707305442411940e-01 5.165979647691190668e-02 3.342779332382679325e-01
2.276362521383146487e-01 3.884321643261259283e-01 5.967817329089568357e-02 3.242534102446638644e-01
2.200761222707493803e-01 3.872024678404356601e-01 7.112854378044493331e-02 3.215928661083701789e-01
2.024644567504944870e-01 3.898021640521183162e-01 8.712081049639959496e-02 3.206125687009874770e-01
1.792126246474328999e-01 3.952831309885463940e-01 1.074438775664205981e-01 3.180603667975999138e-01
1.551015432876006461e-01 4.022822638384488947e-01 1.303211884978291435e-01 3.122950043761213434e-01
1.332823740040589844e-01 4.070576287203615529e-01 1.566060491693045953e-01 3.030539481062751173e-01
1.169908498957371729e-01 4.074685435837717695e-01 1.848430009198899493e-01 2.906976056006013165e-01
1.072571841088548750e-01 4.011985782316189741e-01 2.159981888594743049e-01 2.755460488000518460e-01
1.000439325640473248e-01 3.935665877034461579e-01 2.478741478442882673e-01 2.585153318882184026e-01
9.231697915357536810e-02 3.840955627129336580e-01 2.817433481218163949e-01 2.418441100116749398e-01
8.267307583570285279e-02 3.727917871906605840e-01 3.172943367430465234e-01 2.272408002305900121e-01
6.851899199810061736e-02 3.619369612683464021e-01 3.548238849682747165e-01 2.147201617652782779e-01
5.287547692834815294e-02 3.494682320005678688e-01 3.931603972073858810e-01 2.044958938636978196e-01
3.910804644344620384e-02 3.322931431153391957e-01 4.292358028604184583e-01 1.993630075807959201e-01
2.839948530563124462e-02 3.077250838978198844e-01 4.593557004817781508e-01 2.045197303147709145e-01
2.049273942489487563e-02 2.747744678194836143e-01 4.783365751248642717e-01 2.263962176307572904e-01
1.497629901136413727e-02 2.353197163015614268e-01 4.834065128446524140e-01 2.662974718424221399e-01
1.129733881154420562e-02 1.950916558681885793e-01 4.771428356682094196e-01 3.164681696520578735e-01
8.905252646663745775e-03 1.620305528860577493e-01 4.690305306334643931e-01 3.600336638338141326e-01
7.381507845950874280e-03 1.417697101755130418e-01 4.763574310061670647e-01 3.744913509723686862e-01
6.264326542470382599e-03 1.336521836526937401e-01 5.110085719006940419e-01 3.490749179041419126e-01
5.051526124237593063e-03 1.301224515625166722e-01 5.673458515885000386e-01 2.974801707247457516e-01
3.755455542699756219e-03 1.237620492011807932e-01 6.226960963906965629e-01 2.497863988654226985e-01
2.754227985886352308e-03 1.141964977434971329e-01 6.563565539624509615e-01 2.266927203081657849e-01
2.112431460169717553e-03 1.026539794829751939e-01 6.676566124332412588e-01 2.275769766236138969e-01
1.674703148214654134e-03 8.904535203563743173e-02 6.707668277321282568e-01 2.385131170840198156e-01
1.335577362442357495e-03 7.398344540125693924e-02 6.874357427631916373e-01 2.372452344731088847e-01
1.081371566265165425e-03 5.897172976208357037e-02 7.322861542724831141e-01 2.076607443991680957e-01
1.286331079023516613e-03 4.502603218803614971e-02 7.997156843674362303e-01 1.539719523655040667e-01
9.660306803121261783e-04 3.398494709932554231e-02 8.693823617801452741e-01 9.566666044021687743e-02
7.255159495754682055e-04 2.373597153215126210e-02 9.239913410902816926e-01 5.154717142799147833e-02
5.386291420463606722e-04 1.584126225179130834e-02 9.565196928113917085e-01 2.710041579477085946e-02
4.588127275911285793e-04 1.115459616530413423e-02 9.725004699229081728e-01 1.588612118419666791e-02
4.735153712410536137e-04 8.715527650042654076e-03 9.799037811573886314e-01 1.090717582132746249e-02
5.652568899290973028e-04 7.415786939026268801e-03 9.834312497231602057e-01 8.587706447884747157e-03
7.530906446459968359e-04 6.719535326897152147e-03 9.850051085297173437e-01 7.522265498739120516e-03
1.138863648044997163e-03 6.589090852711170475e-03 9.850859666673034143e-01 7.186078831940506326e-03
1.985471986843212987e-03 7.208020025655318894e-03 9.835089121439719584e-01 7.297595843529597337e-03
3.959906082793732823e-03 8.979316498397733881e-03 9.792362952806410448e-01 7.824482138167658529e-03
9.655281696918578335e-03 1.199451491698492155e-02 9.690825892130005004e-01 9.267614173095992808e-03
2.016385690096297173e-02 1.880810450500651140e-02 9.486288840331579264e-01 1.239915456087249679e-02
3.881490759447073918e-02 3.147457587046189470e-02 9.107495058639331065e-01 1.896101067113437413e-02
9.508241743527965500e-03 7.727750356442183444e-01 2.060824283603415463e-01 1.163429425191232075e-02
5.159330163064681368e-02 5.938976071983441407e-02 8.847574153894998128e-01 4.259522260018775569e-03
7.431693593263441477e-02 8.295601883946565613e-02 8.373897058003315630e-01 5.337339427568562993e-03
1.163345101831792933e-01 1.097113251960264019e-01 7.671317652578604207e-01 6.822399362933554562e-03
1.865038807257540232e-01 1.337534712267853809e-01 6.711206798331542656e-01 8.621968214306309497e-03
2.833754707457214472e-01 1.472946568952882840e-01 5.590336718726385268e-01 1.029620048635172293e-02
3.914320290083800891e-01 1.470338192445155567e-01 4.502110183895161044e-01 1.132313335758800173e-02
4.891494569884620169e-01 1.374456326206877077e-01 3.617044830154921287e-01 1.170042737535835660e-02
5.591205537665494552e-01 1.266088241119035784e-01 3.020858824784315999e-01 1.218473964311488772e-02
5.905909760247852747e-01 1.204401272280789664e-01 2.754555538712628038e-01 1.351334287587277125e-02
5.795203924524485739e-01 1.212777469815585069e-01 2.830484697627328461e-01 1.615339080326028826e-02
5.333559178184348326e-01 1.261680013300997549e-01 3.205041185151031313e-01 1.997196233636241991e-02
4.718208354211264055e-01 1.285766532313605270e-01 3.755942859740203366e-01 2.400822537349265109e-02
4.169423513624176958e-01 1.229164046346776645e-01 4.326028118324380944e-01 2.753843217046654177e-02
3.752531872423290893e-01 1.127918004228967708e-01 4.813449836138387616e-01 3.061002872093534707e-02
3.421221948518719524e-01 1.034438104792376745e-01 5.209505749964158383e-01 3.348341967247434048e-02
3.129813340926007048e-01 9.501187621477354128e-02 5.558076145566892556e-01 3.619917513593669256e-02
2.834017376012772371e-01 8.745680838775421462e-02 5.909202282254683025e-01 3.822122578550053718e-02
2.540810865919040373e-01 7.851720607532942930e-02 6.287641007129759485e-01 3.863760661979069588e-02
2.332781466256909353e-01 6.748535252526929873e-02 6.617429947347067687e-01 3.749350611433314995e-02
2.318127443647067243e-01 5.622099861993508363e-02 6.760530275069330797e-01 3.591322950842523037e-02
2.545347915763053193e-01 4.667493484782823249e-02 6.642233118928083657e-01 3.456696168305808253e-02
3.005993935784553872e-01 3.907774680708192561e-02 6.272960896020542965e-01 3.302677001240843235e-02
3.698602024431483781e-01 3.270927819830729555e-02 5.667512994092772649e-01 3.067921994926715162e-02
4.648775883438311385e-01 2.687150808176721681e-02 4.809372440468465126e-01 2.731365952755500023e-02
5.819844077737048593e-01 2.087734312687948568e-02 3.741120843317717326e-01 2.302616476764382872e-02
6.986414493619689248e-01 1.627958371966312448e-02 2.665025145268620776e-01 1.857645239150586269e-02
7.853232548259330148e-01 1.314693397804046239e-02 1.867543734516200482e-01 1.477543774440636878e-02
8.375969408768142443e-01 1.109349600275100212e-02 1.398538763897509141e-01 1.145568673068381865e-02
8.671007713237498526e-01 9.565362057877056443e-03 1.150116615423035504e-01 8.322205076069686194e-03
8.817983571188033887e-01 8.596914659489283267e-03 1.038866977588374374e-01 5.718030462869890668e-03
8.851149052066924483e-01 8.340433492635850043e-03 1.026537556234441151e-01 3.890905677227776086e-03
8.790233352950097556e-01 9.013844982751022944e-03 1.091469573546077765e-01 2.815862367631215106e-03
8.641583420338325716e-01 1.109713570414977597e-02 1.223845378585076277e-01 2.359984403509854303e-03
8.366056279279339147e-01 1.542098417953147345e-02 1.456269840359583068e-01 2.346403856576464650e-03
7.848997365196012099e-01 2.355767638286795224e-02 1.888856526995463248e-01 2.656934397984630179e-03
6.950612919431787828e-01 3.761967037125499291e-02 2.640921730169365489e-01 3.226864668629726967e-03
5.662196322252921465e-01 5.881542269839374476e-02 3.709860760418320358e-01 3.978869034481768464e-03
4.269696029087508005e-01 8.037508810003184123e-02 4.879235749650386311e-01 4.731734026178763611e-03
3.102355140103251752e-01 9.501424052222369465e-02 5.895099472220817205e-01 5.240298245369482549e-03
2.269348438397657541e-01 9.926686901231816795e-02 6.684397869179528051e-01 5.358500229963245910e-03
1.718529069394961750e-01 9.307243496666475768e-02 7.301132840129571644e-01 4.961374080881465753e-03
1.306865502050068018e-01 8.092527002226733435e-02 7.841268245628576494e-01 4.261355209868243968e-03
9.798622114713009812e-02 6.840090381839560030e-02 8.300129541916491105e-01 3.599920842825188056e-03
7.059222054306558969e-02 5.846452395593536994e-02 8.677690573367903282e-01 3.174198164208521817e-03
4.761421034928943474e-02 5.108091164053272376e-02 8.983559977008944708e-01 2.948880309283440949e-03
3.161526157615600352e-02 4.733300276381204041e-02 9.180969848752631446e-01 2.954750784768926403e-03
2.306491156554917044e-02 4.788497356229126645e-02 9.258420518049814696e-01 3.208063067178145138e-03
1.947727590014133869e-02 5.023143230216921967e-02 9.268054019155821388e-01 3.485889882106984507e-03
1.911629178541472338e-02 4.998038924520114418e-02 9.273947747078271631e-01 3.508544261556877444e-03
2.181203286004307351e-02 4.419712210957271736e-02 9.307779658129466949e-01 3.212879217437271395e-03
2.877178941479315022e-02 3.523518651636698557e-02 9.332207719587328754e-01 2.772252110106827091e-03
4.205801278623589462e-02 2.943638408658359393e-02 9.261217745660487166e-01 2.383828561131698560e-03
6.608057816456484879e-02 2.659893082452818858e-02 9.052521336852593636e-01 2.068357325647595529e-03
9.262981130706136879e-02 2.409246726735397859e-02 8.816325032329674904e-01 1.645218192616893296e-03
1.046130365510898330e-01 1.935248552615130568e-02 8.748626434034993959e-01 1.171834519259535396e-03
9.395386262751646844e-02 1.442079422225045655e-02 8.908333769673733027e-01 7.919661828596192242e-04
7.110024554086408211e-02 1.082031119440028319e-02 9.175243461641701126e-01 5.550971005657663821e-04
5.124926424014895898e-02 8.752821121363899004e-03 9.395505683487600512e-01 4.473462897273212317e-04
3.977537148463006905e-02 7.974206627567122577e-03 9.518141095269319063e-01 4.363123608709061347e-04
3.596030226583107198e-02 8.397747077804020716e-03 9.551241350676966668e-01 5.178155886681090787e-04
3.806411102806651209e-02 9.676652038931359001e-03 9.515920465086800117e-01 6.671904243219755736e-04
4.558566931161125296e-02 1.106475888033944636e-02 9.425389315761827369e-01 8.106402318666112560e-04
5.942030950879018808e-02 1.207868769817448465e-02 9.275845421547467273e-01 9.164606382885885595e-04
7.985623275948064426e-02 1.257497799358248125e-02 9.065769078215264454e-01 9.918814254106767501e-04
1.052967933897608344e-01 1.288192242907654043e-02 8.807611512576631885e-01 1.060132923499532576e-03
1.322984161943310255e-01 1.341386228725268033e-02 8.531551777635778544e-01 1.132543754838490936e-03
1.595839427366177732e-01 1.452166425798519928e-02 8.246914122006253622e-01 1.202980804771729053e-03
1.827047552183908297e-01 1.575620045933005461e-02 8.002587043344011608e-01 1.280339987877569807e-03
1.994532175301421684e-01 1.710111469167403114e-02 7.820835526643526991e-01 1.362115113830953024e-03
2.058293389966182607e-01 1.852211557895432070e-02 7.741834245039062035e-01 1.465120920521384472e-03
2.015148371982716513e-01 1.988190752240025574e-02 7.769928012523849015e-01 1.610454026943192998e-03
1.398453337401521675e-02 4.970416806299361029e-02 9.239047528509286566e-01 1.240654571206247468e-02
7.944697735551279338e-01 9.798118022604955513e-02 9.756740698317582436e-03 9.779230552050478809e-02
8.035335132465087904e-01 8.684413235712430679e-02 9.558184201613270300e-03 1.000641701947535545e-01
8.040734902172032017e-01 7.943349958857980064e-02 9.574754498003348185e-03 1.069182556962136876e-01
7.942311576348466406e-01 7.490153882100254734e-02 9.536111657716370843e-03 1.213311918864344446e-01
7.715858113563013321e-01 7.219295311814352689e-02 9.447185219398995804e-03 1.467740503061563395e-01
7.351444606706929452e-01 6.982468492628675361e-02 9.369438783950677710e-03 1.856614156190696252e-01
6.912025482310378832e-01 6.380836267654380056e-02 8.937690605942433253e-03 2.360513984864757442e-01
6.433504390306904464e-01 5.480185935091218263e-02 8.151677149859476793e-03 2.936960244685379862e-01
5.905497904452222668e-01 4.467963868310293601e-02 7.058662524309524886e-03 3.577119083473653260e-01
5.279820143765134866e-01 3.571383287321553551e-02 5.903479013692152985e-03 4.304006737365788093e-01
4.526986581467636328e-01 2.873470571306289620e-02 4.853241352478286467e-03 5.137133947876950657e-01
3.641810890821779445e-01 2.344687791896219939e-02 3.909046173979909694e-03 6.084629868248798701e-01
2.673943272405150950e-01 1.949498731595356027e-02 2.833303437250088690e-03 7.102773820062813215e-01
1.727710882995656672e-01 1.494450517541279569e-02 2.018066489611009071e-03 8.102663400354106482e-01
1.068994960136199629e-01 1.164641966349829090e-02 1.368096001017141301e-03 8.800859883218644653e-01
6.942351762323821507e-02 9.214906422153378365e-03 9.629937889496052858e-04 9.203985821656589517e-01
5.019228693346092923e-02 7.688789195354549071e-03 7.195711640426810359e-04 9.413993527071418121e-01
4.132065830580569643e-02 7.016415299524867387e-03 5.905723596673097524e-04 9.510723540350018990e-01
3.851223909917323579e-02 7.162906308445743039e-03 5.460044101489773885e-04 9.537788501822322962e-01
3.919095543270509352e-02 8.199522307546688524e-03 5.638464794892193883e-04 9.520456757802591152e-01
4.216922840166923564e-02 1.043258434095472274e-02 6.397439194858943424e-04 9.467584433378901654e-01
4.591735476565568519e-02 1.409308927001596407e-02 7.690062190532712116e-04 9.392205497452750240e-01
4.859913207464079676e-02 1.925985538982632334e-02 9.524237248811775287e-04 9.311885888106516962e-01
5.020243128745090211e-02 2.521559929836112920e-02 1.192232637300596511e-03 9.233897367768875153e-01
5.050808316124676123e-02 3.357076109201959785e-02 1.586864271005441725e-03 9.143342914757280893e-01
4.988779367164300482e-02 4.405339346553449609e-02 2.188647853352860759e-03 9.038701650094697060e-01
4.882307033979665228e-02 5.636949559432380408e-02 3.074780915138860572e-03 8.917326531507409060e-01
4.885593478874457329e-02 7.105858067038361980e-02 4.459518644591951853e-03 8.756259658962800563e-01
4.988366156477853225e-02 8.982278560317340232e-02 6.725306416117127206e-03 8.535682464159310978e-01
4.860457638957941390e-02 1.143488264865917398e-01 1.028139575328998294e-02 8.267652013705386604e-01
4.360824710919308789e-02 1.458723943896082786e-01 1.545826295102936329e-02 7.950610955501691279e-01
3.710007884233049169e-02 1.861338962000407271e-01 2.261157606863662545e-02 7.541544488889920794e-01
3.164472674778150835e-02 2.394717263226687487e-01 3.257131707280194050e-02 6.963122298567478996e-01
2.830999691163117032e-02 3.079250056490263066e-01 4.581682045582898682e-02 6.179481769835134530e-01
2.715681817372108883e-02 3.797419501848259826e-01 6.094572729908436654e-02 5.321555043423684683e-01
2.771241865388109418e-02 4.359144775619875900e-01 7.643673902893098615e-02 4.599363647552006107e-01
2.975540850262188217e-02 4.718148197090182849e-01 9.439670161822799610e-02 4.040330701701317917e-01
3.372147785053450364e-02 4.914184340883008817e-01 1.210062356625408453e-01 3.538538523986236028e-01
4.070842456072671506e-02 4.933152692048696775e-01 1.656747940119217555e-01 3.003015122224817479e-01
5.155674120156607254e-02 4.666509611759563914e-01 2.360009306784698890e-01 2.457913669440077442e-01
6.515822849444230513e-02 4.151902403964780608e-01 3.230991994060531391e-01 1.965523317030261619e-01
8.128179435277374520e-02 3.493632696356520073e-01 4.174201457645754232e-01 1.519347902469988243e-01
1.017711051515299142e-01 2.860670987709252322e-01 5.007747237056542344e-01 1.113870723718901612e-01
1.352031580801191790e-01 2.319373145289079785e-01 5.530734745235736938e-01 7.978605286739935687e-02
1.876438996116714941e-01 1.880035784120696885e-01 5.670509981141805822e-01 5.730152386207799931e-02
2.551540654729394508e-01 1.539952989985067522e-01 5.501728036616323481e-01 4.067783186692145586e-02
3.299432701243360522e-01 1.287128413990648867e-01 5.126068243445484063e-01 2.873706413205068255e-02
4.016999010091866218e-01 1.092656302816684966e-01 4.679634720444024176e-01 2.107099666474242586e-02
4.568824233855640626e-01 9.908324323228971664e-02 4.271057635053815971e-01 1.692856987676464448e-02
4.925090180297527209e-01 9.497054738328179757e-02 3.972519685661043964e-01 1.526846602086110935e-02
5.092083325072129796e-01 9.977806622448220919e-02 3.757511932597418225e-01 1.526240800856291067e-02
5.129402762039951824e-01 1.120407956725032184e-01 3.587282778731542554e-01 1.629065025034744790e-02
5.090341672682082708e-01 1.309119942195813291e-01 3.417813378196144503e-01 1.827250069259586315e-02
5.020024471186728121e-01 1.557009432004363703e-01 3.211578511051685347e-01 2.113875857572202963e-02
5.017063484756933978e-01 1.797599424019422354e-01 2.945047361186798329e-01 2.402897300368447842e-02
5.121074753204003516e-01 1.974619219704353834e-01 2.640248640541812408e-01 2.640573865498328093e-02
5.235949433175618450e-01 2.104307957116286487e-01 2.366636334102514561e-01 2.931062756055823060e-02
5.202513594446029899e-01 2.263041547164213185e-01 2.188563779752186189e-01 3.458810786375707269e-02
4.962454590729093451e-01 2.514833543244512359e-01 2.082232638672621983e-01 4.404792273537736641e-02
4.558722168701745958e-01 2.861755380569930840e-01 1.968825509359514170e-01 6.106969413688084769e-02
4.073502337731471634e-01 3.226959990096325837e-01 1.800486847013024194e-01 8.990508251591772249e-02
3.577378878157546072e-01 3.471487657345584399e-01 1.630136032001511248e-01 1.320997432495359392e-01
3.092589239362817377e-01 3.571691933070391678e-01 1.482805864953853914e-01 1.852912962612935643e-01
2.627642487372234825e-01 3.557200390994472716e-01 1.379967162429708571e-01 2.435189959203583054e-01
2.217414033595379030e-01 3.501271628411387615e-01 1.336283257468477703e-01 2.945031080524757594e-01
1.875982887535343757e-01 3.480012083202981277e-01 1.354976590754775889e-01 3.289028438506896856e-01
1.612361932569826573e-01 3.508928760362839405e-01 1.440694501930575577e-01 3.438014805136759833e-01
1.437471591270929328e-01 3.575785222631789328e-01 1.615163586829223286e-01 3.371579599268059169e-01
1.334590825061586494e-01 3.660991780380874472e-01 1.887421921639063360e-01 3.116995472918474563e-01
1.271580620183425936e-01 3.718780678297974318e-01 2.218050584829671656e-01 2.791588116688925036e-01
1.193769581642780964e-01 3.774720640158633067e-01 2.487430823956567338e-01 2.544078954242021129e-01
4.489272383558700306e-03 4.127913471118470345e-02 2.483730676668027132e-02 9.293942861385763310e-01
3.599406119765484729e-03 4.478801539461998993e-02 2.620586825042635695e-02 9.254067102351881680e-01
3.242943352068961959e-03 4.936137879002487627e-02 3.094097636176689273e-02 9.164547014961392790e-01
3.399208072397996803e-03 5.547264142887150390e-02 4.052175353108979777e-02 9.006063969676407766e-01
4.110482356713200149e-03 6.318062326339618506e-02 5.598841115776533733e-02 8.767204832221254795e-01
5.530466200513447367e-03 7.200474272234018425e-02 7.771135338129057935e-02 8.447534376958556468e-01
7.860068044118286718e-03 8.016545837244104522e-02 1.047300434117766771e-01 8.072444301716640291e-01
1.124681750382165030e-02 8.475440018981503232e-02 1.342442914583265312e-01 7.697544908480368209e-01
1.575754750992293396e-02 8.474618540819589541e-02 1.631600096810471301e-01 7.363362574008341932e-01
2.197904418077168201e-02 8.220874701988535593e-02 1.896041622502051549e-01 7.062080465491379355e-01
2.907361807964979963e-02 8.183918348076321680e-02 2.097437916364791322e-01 6.793434068031076745e-01
3.752898636549032579e-02 8.443298391778010503e-02 2.224741064563520443e-01 6.555639232603777122e-01
4.754058856834805086e-02 9.133926489974769636e-02 2.333947096161763379e-01 6.277254369157280189e-01
6.017957276193553612e-02 1.034919310279543980e-01 2.489648468061527176e-01 5.873636494039575773e-01
7.750578134863625457e-02 1.210304101386865117e-01 2.657907275774557543e-01 5.356730809352215905e-01
9.933020668833512923e-02 1.432581793916100910e-01 2.717103085989331368e-01 4.857013053211216014e-01
1.213882954118598589e-01 1.638721145005581636e-01 2.611192332098274393e-01 4.536203568777540940e-01
1.329290429638548265e-01 1.797701039138436541e-01 2.413112785232364166e-01 4.459895745990654636e-01
1.285268473482997220e-01 1.914297414123312391e-01 2.195412313849234298e-01 4.605021798544456368e-01
1.115678993928262280e-01 2.023749857165362542e-01 1.954012123390581612e-01 4.906559025515796479e-01
8.892280057794689496e-02 2.153182289896192203e-01 1.679616180335658515e-01 5.277973523988677140e-01
6.616946203804534299e-02 2.320623627411820544e-01 1.381756653287666559e-01 5.635925098920058218e-01
4.678354398539756598e-02 2.552145944481942208e-01 1.080248136430906891e-01 5.899770479233177323e-01
3.907092619154226010e-02 8.521120976486326049e-01 9.286429535291171322e-02 1.595268080691334897e-02
2.478578832878398572e-02 9.197895523699539666e-01 4.379051179854616394e-02 1.163414750271594793e-02
1.593314833556179824e-02 9.537470149250526497e-01 2.211114796584543948e-02 8.208688773540362416e-03
1.164607795306352167e-02 9.696524274870370608e-01 1.282395295789866101e-02 5.877541602000539711e-03
8.929589476492021116e-03 9.782233357202172463e-01 8.540488178434278363e-03 4.306586624856472388e-03
8.081829471441774951e-03 9.821398556566960369e-01 6.449975721881903365e-03 3.328339149980291678e-03
8.668138947126237392e-03 9.833527807175256319e-01 5.307738377077615873e-03 2.671341958270438514e-03
1.041786632048554741e-02 9.829670111652442088e-01 4.466035969635069429e-03 2.149086544635315718e-03
1.315634058443409735e-02 9.813673060701466611e-01 3.733850613983227037e-03 1.742502731435783842e-03
1.665414514482056740e-02 9.786804290589846689e-01 3.178166369820613867e-03 1.487259426374006304e-03
2.035998648799626498e-02 9.755497082105581974e-01 2.762103829619560677e-03 1.328201471825802161e-03
2.359487750039403545e-02 9.728552435948667476e-01 2.383837802496141783e-03 1.166041102243195503e-03
2.508215281019300982e-02 9.719065191249648406e-01 2.046932004700337347e-03 9.643960601421173746e-04
2.406452354365002169e-02 9.733601104425360084e-01 1.809178275648268578e-03 7.661877381658827903e-04
2.178227290386987314e-02 9.759267390103524287e-01 1.678974797967015126e-03 6.120132878106392636e-04
1.914784094787472246e-02 9.787366184936014957e-01 1.618395890834939789e-03 4.971446676886945174e-04
1.648143147764906738e-02 9.815329646183401646e-01 1.577629325613895102e-03 4.079745783970545564e-04
1.409807057031483082e-02 9.840577723401580101e-01 1.502320632971369677e-03 3.418364565558718146e-04
1.215029819790497574e-02 9.861977517375077884e-01 1.353167281840097222e-03 2.987827827467749893e-04
1.052542835121643081e-02 9.880630449624082656e-01 1.141196708285083499e-03 2.703299780902827364e-04
9.164225300159645204e-03 9.896550633603923286e-01 9.289970316681729493e-04 2.517143077799632411e-04
8.247784008141930898e-03 9.907144928597444444e-01 7.827283016783393235e-04 2.549948304352587852e-04
8.174228981023571802e-03 9.907595807201001747e-01 7.537795770072747452e-04 3.124107218691508253e-04
9.387012776822563007e-03 9.892754229348450501e-01 8.668528410642547958e-04 4.707114472684941191e-04
1.217499212559319983e-02 9.859551634518958219e-01 1.114698701230645069e-03 7.551457212802449841e-04
1.745302267611534980e-02 9.797407228786630951e-01 1.593019743413179312e-03 1.213234701808288667e-03
2.750244434204589944e-02 9.678233355464632703e-01 2.642193582153589803e-03 2.032026529337322817e-03
4.602675289402953507e-02 9.455582825872856922e-01 4.892391964949585788e-03 3.522572553735361239e-03
7.569302568979259516e-02 9.093667696682375956e-01 9.078638584816995163e-03 5.861566057152787189e-03
1.137194268417278942e-01 8.617735574649894037e-01 1.567578027811363656e-02 8.831235415169131492e-03
1.586555535124736793e-01 8.035632673073784815e-01 2.540745890395521706e-02 1.237372027619239832e-02
2.140187458138453902e-01 7.290231413083704259e-01 3.987564751446079359e-02 1.708246536332354293e-02
2.755606028263659080e-01 6.401844802284861746e-01 6.066313386744057179e-02 2.359178307770753991e-02
3.243532100221359626e-01 5.562728691962646188e-01 8.775814009445306874e-02 3.161578068714605838e-02
3.488983519934586996e-01 4.911096823973003511e-01 1.200337818858862871e-01 3.995818372335492585e-02
3.508222664761685428e-01 4.476967831164847533e-01 1.555295774898656225e-01 4.595137291748111613e-02
3.448141995085663991e-01 4.163046475856266859e-01 1.932098504451096599e-01 4.567130246069735916e-02
3.387008103837108597e-01 3.909913984464030157e-01 2.325158668512795901e-01 3.779192431860661783e-02
3.442799748362332934e-01 3.590094509126122158e-01 2.699832570365027218e-01 2.672731721465142554e-02
3.538298693008700146e-01 3.267623550649589870e-01 3.014573595642940917e-01 1.795041606987660132e-02
3.704046859408536840e-01 2.949497714743660182e-01 3.219776118769164253e-01 1.266793070786370774e-02
3.959795916678914840e-01 2.647699298866947881e-01 3.296427650475166615e-01 9.607713397896953597e-03
4.287435447929602295e-01 2.366235017626192039e-01 3.268798922142651109e-01 7.753061230155585022e-03
4.645883087493345998e-01 2.083243776029299332e-01 3.206004047152902214e-01 6.486908932445187466e-03
4.979565490217119916e-01 1.781450897706603753e-01 3.184021810019223020e-01 5.496180205705087328e-03
5.185067760834781714e-01 1.488348451345191670e-01 3.278941748272984347e-01 4.764203954704053501e-03
5.130570637928565381e-01 1.237570260638991004e-01 3.589526064863191035e-01 4.233303656925507807e-03
4.802236283503854009e-01 9.983317151911616505e-02 4.163217605679890854e-01 3.621439562509181764e-03
4.249773724973999744e-01 7.577504810742038965e-02 4.963179520383088072e-01 2.929627356870978267e-03
3.567988164765865111e-01 5.208472306407958829e-02 5.889688705016545844e-01 2.147589957679374700e-03
2.836101149846307345e-01 3.230332014633894439e-02 6.826824771375304968e-01 1.404087731499781147e-03
2.099092360728207485e-01 1.918964832607836582e-02 7.700260165945773672e-01 8.750990065236572161e-04
1.404368384609202269e-01 1.134037277201736457e-02 8.476455697791457355e-01 5.772189879167826700e-04
9.063855310122687081e-02 8.082875798752038252e-03 9.008643332536230286e-01 4.142378463980831566e-04
5.933450321826840013e-02 6.466300324199486180e-03 9.338596518234054678e-01 3.395446341267445499e-04
3.792594841134831057e-02 5.295459727495012772e-03 9.564940012687306314e-01 2.845905924262081177e-04
2.190718715070250414e-02 4.034596618186985645e-03 9.738400350046442222e-01 2.181812264665953854e-04
1.093496815650634585e-02 2.729568185889188082e-03 9.861892853740533704e-01 1.461782835510186656e-04
4.834968879366587612e-03 1.707949271746707874e-03 9.933656619605110150e-01 9.141988837565667519e-05
2.061328563217566193e-03 1.091926359793244901e-03 9.967863586313788771e-01 6.038644561032746052e-05
1.419208444360677675e-06 1.800739772438600049e-06 9.999661257065436404e-01 3.065434523974807328e-05
5.668526510648406947e-07 8.261916239018922269e-07 9.999716337121183907e-01 2.697324360665273073e-05
4.905052010404109080e-07 7.773837337638663082e-07 9.999725886014498855e-01 2.614350961536412624e-05
7.372241602383276313e-07 1.219414545324460690e-06 9.999733784962897554e-01 2.466486500465176862e-05
1.838365274176360334e-04 1.477759865215100233e-03 9.983115018968277132e-01 2.690171053952059797e-05
2.177592475965656866e-04 2.103847898885781616e-03 9.976514828277815994e-01 2.691002573616172488e-05
3.374216112292338600e-04 3.226829749752187053e-03 9.964038114044493355e-01 3.193723456907257644e-05
6.322995557618267624e-04 5.292910662521607516e-03 9.940330047805628899e-01 4.178500115372652218e-05
1.271229377405685718e-03 9.036681278473623902e-03 9.896369823711708147e-01 5.510697295021408564e-05
3.482774168010979374e-03 1.560263908915393571e-02 9.808404118517559667e-01 7.417489107908855283e-05
6.281953786494449271e-03 2.689028554006510363e-02 9.667299361110399669e-01 9.782456240028299132e-05
9.937532493958362717e-03 4.156299542047666579e-02 9.483649397865011599e-01 1.345322990638519491e-04
1.335846376213944975e-02 5.341757902370023597e-02 9.330396638892312078e-01 1.842933249289939544e-04
1.627915015100681387e-02 5.816511315136416171e-02 9.253042019579140742e-01 2.515347397150136154e-04
1.989447597093524367e-02 5.819051536730160401e-02 9.215560285996609036e-01 3.589800621021558918e-04
2.573856251383476942e-02 5.846682570390456662e-02 9.152317207436386770e-01 5.628910386218030637e-04
3.543291351395633226e-02 6.210937928898897092e-02 9.014833808099934620e-01 9.743263870609013104e-04
5.092797296988341854e-02 7.304052443552096208e-02 8.741332500560291541e-01 1.898252538566403509e-03
7.377039573297822228e-02 9.816949363722431154e-02 8.237009624054110191e-01 4.359148224386844364e-03
1.024245707890602125e-01 1.434816137198270392e-01 7.426648548379909398e-01 1.142896065312201323e-02
1.303739220495972739e-01 2.093383583266681947e-01 6.292821930417543674e-01 3.100552658198010500e-02
1.531755134041229982e-01 2.778622155325196075e-01 4.897804914385057162e-01 7.918177962485202503e-02
1.638635601344963499e-01 3.073384355638543175e-01 3.539916207763619260e-01 1.748063835252873510e-01
1.568365361464997554e-01 2.703184513332893557e-01 2.522665620738375747e-01 3.205784504463734530e-01
1.380723170254897769e-01 1.995700272577915491e-01 1.787902000339053332e-01 4.835674556828131188e-01
1.162089530306250895e-01 1.330078125846321513e-01 1.304225901795720011e-01 6.203606442051708969e-01
9.673265168040171003e-02 8.694668722856406518e-02 9.921051015956378061e-02 7.171101509314704581e-01
8.042967132523894114e-02 5.860957922392081437e-02 7.742480905321907914e-02 7.835359403976209780e-01
6.471078948789378560e-02 4.080762334326237806e-02 5.889930288688967341e-02 8.355822842819540242e-01
