5.483809294109562998e-02 3.390374108683827936e-01 5.244987168445606855e-03 6.008795090220757640e-01
2.683374622300802592e-01 5.483285199647278674e-01 3.279957696815240069e-03 1.800540601083765180e-01
2.316473243118303549e-01 5.600236174884881679e-01 2.569091818357323656e-03 2.057599663813244051e-01
1.977232219097801169e-01 5.660766426650825078e-01 2.089085453789210275e-03 2.341110499713482673e-01
1.697846091044902528e-01 5.637282737897996165e-01 2.021463607119197183e-03 2.644656534985908580e-01
1.492648539446587985e-01 5.475320031157538958e-01 1.828004534422691691e-03 3.013751384051649995e-01
1.302509928292722996e-01 5.178252816423658533e-01 1.906863421002928660e-03 3.500168621073588282e-01
1.157813827271015339e-01 4.778431161068077415e-01 2.020983982611197771e-03 4.043545171834796448e-01
1.104190329023769790e-01 4.347103084547710994e-01 2.197205693738350004e-03 4.526734529491133752e-01
1.146420882826062748e-01 3.912619694419859906e-01 2.470733746551475717e-03 4.916252085288565499e-01
1.258762326110049456e-01 3.529052146891837327e-01 2.913190426766385649e-03 5.183053622730452448e-01
1.418513684999834212e-01 3.356034873718432565e-01 3.730084766386446756e-03 5.188150593617869566e-01
1.590463385833442156e-01 3.529121556805297488e-01 5.188229586302212440e-03 4.828532761498237624e-01
1.703895543711662075e-01 4.082067075515799504e-01 7.474846427364266639e-03 4.139288916498893856e-01
1.689084323774915353e-01 4.975875077394680268e-01 1.060229058706580428e-02 3.229017692959747499e-01
1.526198807012841552e-01 6.095678390773937583e-01 1.442961577176196837e-02 2.233826644495601754e-01
1.294649958241325949e-01 7.160077159098939825e-01 1.879515937329478970e-02 1.357321288926784386e-01
1.146356768165056467e-01 7.856494660871351510e-01 2.387361044915438379e-02 7.584124664720430509e-02
1.192325894521106683e-01 8.081037247840017201e-01 2.986467895280059751e-02 4.279900681108703836e-02
1.500655466068242516e-01 7.881301050411675391e-01 3.562719281604262433e-02 2.617715553596550865e-02
2.100971506622723861e-01 7.330648563437558440e-01 3.945141964827775238e-02 1.738657334569402094e-02
3.040232785720534125e-01 6.444906296443986271e-01 3.911357090231548650e-02 1.237252088123261262e-02
4.207999901294528500e-01 5.346807140536986580e-01 3.495326835926005488e-02 9.566027457588241120e-03
5.441910781793886098e-01 4.190377092136166604e-01 2.879783809961811852e-02 7.973374507376649462e-03
6.696909493683954606e-01 3.023786940981960658e-01 2.131233921373656970e-02 6.618017319672078215e-03
7.776690316490206811e-01 2.021301730832343602e-01 1.487990156126340821e-02 5.320893706481497586e-03
8.577849567949730192e-01 1.279691509289951068e-01 1.010048907372313766e-02 4.145403202308896827e-03
9.127189011062296631e-01 7.745723176177081448e-02 6.720087654379442582e-03 3.103779477620209528e-03
9.480157767249519640e-01 4.531594844551208034e-02 4.435096116362335916e-03 2.233178713173992243e-03
9.683048917736809535e-01 2.714366072855994502e-02 2.941664607427942665e-03 1.609782890331214276e-03
9.797676715875558440e-01 1.682965008305414498e-02 2.152358531077092942e-03 1.250319798312685875e-03
9.848504389801397974e-01 1.215877252084609020e-02 1.813683962874171633e-03 1.177104536140027987e-03
9.861237873606623072e-01 1.075498295580131110e-02 1.754688331178777885e-03 1.366541352357816081e-03
9.846400357013294080e-01 1.162424102033695131e-02 1.903654025861233577e-03 1.832069252472327521e-03
9.804187274533340268e-01 1.467715228402652165e-02 2.249164610331816014e-03 2.654955652307691445e-03
9.739017042188956585e-01 1.953000682312618780e-02 2.701699426367939333e-03 3.866589531610364807e-03
9.669294736419971059e-01 2.471515158064219869e-02 3.050972822502533415e-03 5.304401954858335884e-03
9.600550623044739051e-01 2.939246020023176739e-02 3.779674668634110980e-03 6.772802826660117605e-03
9.540423620912613645e-01 3.408970255649502318e-02 3.785357057306662498e-03 8.082578294937008828e-03
9.426426029912542415e-01 4.340036792893757489e-02 3.969446937464168532e-03 9.987582142343879796e-03
9.198436589810248254e-01 6.215361097478031699e-02 4.638551477924439913e-03 1.336417856627029367e-02
8.895396024526595058e-01 8.695173151568018344e-02 5.701223749768808725e-03 1.780744228189156189e-02
8.707962307698249305e-01 1.011486056324473748e-01 6.743725753104550837e-03 2.131143784462322457e-02
8.731660286394391512e-01 9.621972948140924964e-02 7.709625866687008951e-03 2.290461601246420939e-02
8.871857918987218206e-01 8.061277979428918550e-02 8.859681076097780314e-03 2.334174723089109393e-02
9.027765237598336379e-01 6.352942879235297380e-02 1.024466039840095377e-02 2.344938704941262192e-02
9.166326926787088381e-01 4.826048874301024777e-02 1.166952661472663716e-02 2.343729196355412089e-02
9.261447634753985358e-01 3.657025681164090963e-02 1.323829188095308231e-02 2.404668783200768212e-02
9.283784095177586293e-01 2.935938713067047165e-02 1.558086725369874082e-02 2.668133609787192578e-02
9.207037347792660364e-01 2.652074422840001305e-02 1.986972957353581176e-02 3.290579141879818037e-02
8.971410396828328748e-01 2.857302013652630174e-02 2.832027044175518607e-02 4.596566973888574492e-02
8.490542455227922947e-01 3.620958496577027924e-02 4.348083868254801199e-02 7.125533082888944880e-02
7.757823606108704695e-01 4.815097415468359843e-02 6.376339113076992526e-02 1.123032741036760762e-01
6.873956550246025365e-01 5.912970333013332913e-02 8.619899886974628778e-02 1.672756427755176523e-01
5.982385482783943997e-01 6.548145294334503652e-02 1.047033011290933319e-01 2.315766976491671070e-01
5.115273518909657646e-01 6.699137977037701586e-02 1.158286708544628285e-01 3.056525974841945437e-01
4.199444547780757930e-01 6.616851589671900180e-02 1.175839788633893240e-01 3.963030504618160199e-01
3.212043791489191946e-01 6.476514430146082524e-02 1.082720181087153538e-01 5.057584584409042794e-01
2.293146874419688397e-01 6.127325933596393381e-02 8.910227410934012937e-02 6.203097791127268890e-01
1.562656731786490893e-01 5.469644401320070820e-02 6.664434689557363622e-02 7.223935359125766009e-01
1.037074721617615436e-01 4.704701746698562032e-02 4.781497994854629757e-02 8.014305304227065108e-01
7.005818541639453889e-02 4.175264432955288346e-02 3.618227830042816673e-02 8.520068919536242236e-01
5.245710929895956720e-02 4.114854670715674401e-02 3.182868119965381881e-02 8.745656627942299810e-01
4.604904907687725618e-02 4.472334194103616545e-02 3.274642824589656803e-02 8.764811807361900797e-01
4.519496596499707197e-02 4.906389201110777920e-02 3.602985224888871629e-02 8.697112897750062244e-01
4.430945896062717798e-02 4.984341084568307684e-02 3.824741164203612764e-02 8.675997185516535204e-01
4.032986914147411450e-02 4.635581976582834468e-02 3.749877578555069896e-02 8.758155353071467308e-01
3.547506461009271306e-02 4.283464838536562430e-02 3.587507404586833676e-02 8.858152129586732704e-01
3.277648281224793819e-02 4.290288660819024241e-02 3.686758418056029774e-02 8.874530463990013551e-01
3.261674524166582184e-02 4.722362382612863702e-02 4.218859506420245820e-02 8.779710358680030691e-01
3.372864675948380325e-02 5.482960764047002666e-02 5.170765701975182926e-02 8.597340885802939869e-01
3.446663487772963497e-02 6.362954758248508258e-02 6.348923841013323632e-02 8.384145791296520045e-01
7.470608653721099168e-01 6.553711641035130098e-02 1.313859130432086242e-01 5.601610517433011638e-02
8.862151111925010982e-02 4.074520635461678086e-01 3.000612575982208700e-03 5.009258127586000420e-01
6.387476734296551606e-02 3.736707423206440670e-01 2.213150452680637433e-03 5.602413398837101655e-01
4.415507289066977759e-02 3.124557768173291672e-01 1.748692700513523098e-03 6.416404575914875785e-01
2.870828788620447339e-02 2.353855636950438479e-01 1.636957421499128868e-03 7.342691909972524078e-01
1.920889231358163113e-02 1.684332149851981431e-01 1.273114882043337127e-03 8.110847778191767610e-01
1.302335717497306311e-02 1.255677990204239480e-01 1.070879833077752674e-03 8.603379639715253990e-01
9.885249727979376899e-03 1.061134449901984383e-01 1.071769679368874718e-03 8.829295356024531305e-01
7.816433757141619601e-03 1.014316718548776697e-01 1.289626843855739289e-03 8.894622675441250514e-01
7.150716852585800240e-03 9.884910169816193970e-02 1.612729109366880598e-03 8.923874523398853675e-01
7.572650912065404319e-03 9.313547567856901577e-02 1.927581171242716664e-03 8.973642922381228626e-01
7.530242970160154828e-03 8.815103803922275105e-02 2.322701839011928008e-03 9.019960171516051561e-01
8.246070846060620310e-03 8.740765507261244460e-02 2.853005726398984837e-03 9.014932683549278236e-01
1.102313990166643026e-02 9.495312134057219688e-02 3.962018231312553623e-03 8.900617205264491627e-01
1.474837690024759923e-02 1.110864064296344517e-01 5.456399533987368877e-03 8.687088171361306843e-01
1.897267806054315706e-02 1.347542347789801864e-01 7.439826683938243791e-03 8.388332604765385003e-01
2.365605661612032312e-02 1.679111811455947512e-01 9.945117617098066937e-03 7.984876446211865986e-01
3.003775443733434219e-02 2.149871728666027382e-01 1.318039399009455354e-02 7.417946787059688241e-01
3.868449304602778610e-02 2.745164871020377428e-01 1.690599074898332249e-02 6.698930291029510098e-01
4.879900367377228154e-02 3.364052438537132317e-01 2.057991980314478539e-02 5.942158326693696146e-01
5.906026693627792340e-02 3.850219948674994952e-01 2.407725402592464717e-02 5.318404841702980557e-01
6.748121554322585036e-02 4.065984114938311911e-01 2.722116700019162547e-02 4.986992059627514129e-01
7.305546352693226275e-02 4.007374652193015363e-01 2.953199619048976765e-02 4.966750750632767386e-01
7.774221473179913910e-02 3.812933387030592591e-01 3.088534939723194817e-02 5.100790971679098895e-01
8.626317544030746853e-02 3.658646811304115398e-01 3.206088380755008072e-02 5.158112596217306889e-01
1.033077218318602386e-01 3.640294679293902824e-01 3.411524613764512631e-02 4.985475641011042347e-01
1.297848588698649885e-01 3.714968100631179104e-01 3.740390736263575489e-02 4.613144237043812490e-01
1.607933352462269927e-01 3.775568719371862336e-01 4.167748019651421054e-02 4.199723126200722856e-01
1.889604812813130696e-01 3.746823962413449172e-01 4.634461655284183301e-02 3.900125059245003745e-01
2.100405393455877789e-01 3.612358026822446999e-01 5.118626851750154860e-02 3.775373894546661391e-01
2.219694000281585144e-01 3.428120626318675312e-01 5.693233612829520784e-02 3.782862012116791628e-01
2.215929351777668199e-01 3.296679497758882582e-01 6.502038022708507559e-02 3.837187348192593328e-01
2.083151976172392394e-01 3.267466702561649949e-01 7.657130777532325516e-02 3.883668243512726770e-01
1.868858325030042511e-01 3.316101769125329723e-01 9.176653373394882962e-02 3.897374568505140302e-01
1.631100764122144775e-01 3.397023527540983245e-01 1.103809860934730769e-01 3.868065847402141766e-01
1.413072297073500183e-01 3.468375619178466485e-01 1.322504313151891819e-01 3.796047770596140403e-01
1.244969692929558669e-01 3.496984203543962444e-01 1.572356608854927895e-01 3.685689494671549604e-01
1.129036929780869308e-01 3.473336355613869109e-01 1.855138375260263206e-01 3.542488339345001291e-01
1.038498671757043940e-01 3.404901021606729361e-01 2.173151739962762008e-01 3.383448566673467051e-01
9.383850397441304003e-02 3.304616611377925173e-01 2.515077880312346359e-01 3.241920468565598346e-01
8.024603034920770039e-02 3.171232461452688223e-01 2.889916761987752492e-01 3.136390473067480755e-01
6.399245208423748332e-02 3.039650496355775222e-01 3.273759857638019466e-01 3.046665125163832699e-01
4.735379836024650180e-02 2.891169980650124538e-01 3.682435910637544829e-01 2.952856125109866170e-01
3.360466370282042675e-02 2.683127543561324435e-01 4.102508976836879429e-01 2.878316842573593881e-01
2.329916625772078184e-02 2.399501279741362014e-01 4.472010927140324110e-01 2.895496130541105329e-01
1.585484578323945182e-02 2.034052658437690564e-01 4.716634954918020317e-01 3.090763928811897099e-01
1.075378321566741041e-02 1.622891785172284052e-01 4.809460475347844821e-01 3.460109907323197787e-01
7.445608822611209446e-03 1.233772682181870639e-01 4.807511085152891828e-01 3.884260144439125595e-01
5.374402204430871882e-03 9.348991567116424206e-02 4.821589746143545852e-01 4.189767075100504501e-01
4.095125451457659257e-03 7.565286358878892115e-02 5.003839733435001547e-01 4.198680376162530758e-01
3.202016880072230606e-03 6.788685837392438582e-02 5.434687356778654665e-01 3.854423890681378251e-01
2.364683622563637164e-03 6.503224250241994298e-02 6.019237304509957864e-01 3.306793434240207219e-01
1.592208310833663834e-03 6.245840070127962190e-02 6.515544264091305271e-01 2.843949645787561820e-01
1.045441195969416511e-03 5.882561222729339873e-02 6.735264884497160764e-01 2.666024581270209914e-01
7.091745651013127731e-04 5.348364491800802062e-02 6.697181072501517951e-01 2.760890732667387604e-01
5.037505212351939699e-04 4.588576658887786458e-02 6.569377629502529681e-01 2.966727199396341219e-01
3.843435434716008280e-04 3.737788191403044330e-02 6.602578244072914160e-01 3.019799501352061766e-01
3.246378497531615150e-04 2.978511345016898737e-02 6.968418245738189354e-01 2.730484241262591261e-01
3.042366227440976550e-04 2.415559975846505100e-02 7.608296743077063162e-01 2.147104893110841628e-01
4.908388930544837223e-04 1.936101946531344070e-02 8.342222085731169079e-01 1.459259330685152012e-01
3.494066376808715622e-04 1.608358873550230772e-02 8.950121878205038461e-01 8.855481680631288599e-02
3.236996185584039795e-04 1.289113790645738007e-02 9.332876355685133518e-01 5.349752690647104070e-02
3.393693618737050562e-04 1.047382527642731417e-02 9.529250138428614347e-01 3.626179151883779372e-02
4.249054770861758479e-04 9.138675831537931143e-03 9.616261684205148486e-01 2.881025027086117629e-02
6.171571942038237175e-04 8.610075513594250482e-03 9.646534775539493678e-01 2.611928973825271283e-02
9.988527428561339710e-04 8.669152610302974238e-03 9.644180602429895943e-01 2.591393440385140329e-02
1.816750719570146095e-03 9.442742353845963443e-03 9.615348740884797074e-01 2.720563283810449595e-02
3.724286873338297343e-03 1.138680395181701152e-02 9.554564719638645176e-01 2.943243721098048188e-02
9.237424007891176583e-03 1.488470038389044271e-02 9.429871926366766299e-01 3.289068297154172649e-02
2.068212985188459807e-02 2.218943981338299815e-02 9.176134958519432949e-01 3.951493448278880355e-02
4.323134086502914558e-02 3.564852071441885345e-02 8.679666521903807164e-01 5.315348623017136787e-02
8.068349341292306576e-02 5.931641113738022469e-02 7.796075132188917678e-01 8.039258223080507360e-02
2.820119680590154124e-02 7.085910269708061149e-01 2.268767723555791815e-01 3.633100386771309642e-02
9.203620999365431932e-02 7.379248053071169045e-02 8.257019892300240249e-01 8.469320245610157880e-03
1.288273376173111051e-01 1.019205503157355336e-01 7.587514155066709121e-01 1.050069656028228965e-02
1.889019105450172875e-01 1.269844831023056453e-01 6.713813687638494621e-01 1.273223758882751321e-02
2.784167105430547240e-01 1.401700390019706421e-01 5.665539378356403422e-01 1.485931261933437497e-02
3.897971045580924110e-01 1.378595409844727837e-01 4.560760167040539548e-01 1.626733775338074298e-02
5.060649645461643420e-01 1.226450878211894774e-01 3.548663681373285250e-01 1.642357949531764519e-02
6.051304982917770081e-01 1.035854966218674594e-01 2.755570699476209140e-01 1.572693513873480234e-02
6.745918656534103386e-01 8.800373029527128188e-02 2.220155620297363519e-01 1.538884202158214039e-02
7.106059009787488723e-01 7.920658692451054694e-02 1.939100092769884542e-01 1.627750281975223756e-02
7.146714214036375967e-01 7.767602496049971772e-02 1.888252535283865829e-01 1.882730010747634200e-02
6.940569719548355110e-01 8.133803932599509290e-02 2.017255945765337177e-01 2.287939414263540777e-02
6.622866894830421458e-01 8.541664137496658704e-02 2.248841300990197523e-01 2.741253904297163285e-02
6.321214502606018470e-01 8.607602957120125131e-02 2.502289306540735891e-01 3.157358951412345821e-02
6.085133701181928423e-01 8.300619246880241997e-02 2.733951757363179413e-01 3.508526167668696294e-02
5.881839698477840939e-01 7.843282865987859231e-02 2.953416131227315500e-01 3.804158836960547935e-02
5.656871171235382523e-01 7.435571261392638631e-02 3.193296417885149729e-01 4.062752847402020806e-02
5.362874366421852557e-01 7.187407161056258431e-02 3.493741859660206006e-01 4.246430578123157329e-02
5.046754607844915475e-01 6.720039107560538127e-02 3.856004677660570534e-01 4.252368037384576110e-02
4.805630254336950569e-01 5.966222635185061685e-02 4.192036678331743649e-01 4.057108038127998223e-02
4.803263692520138295e-01 5.014763116622460853e-02 4.321955040902852319e-01 3.733049549147617052e-02
5.117264312440450436e-01 4.095036297638297157e-02 4.138659246424256644e-01 3.345728113714639684e-02
5.695665397772842198e-01 3.309514677015673589e-02 3.684210731445204945e-01 2.891724030803829656e-02
6.446021447677446892e-01 2.566326850916173311e-02 3.060434560624831213e-01 2.369113066061054665e-02
7.265635755089333570e-01 1.973770233717471109e-02 2.353281740670825350e-01 1.837054808680942466e-02
8.049346226976332730e-01 1.448299399416614307e-02 1.670146367036902113e-01 1.356774660451031192e-02
8.660852273990374828e-01 1.062876779750939436e-02 1.133454455865116339e-01 9.940559216941249540e-03
9.038643198475394547e-01 8.471744170056817388e-03 8.002815691183491620e-02 7.635779070568981738e-03
9.243679115666327828e-01 7.392881195568185362e-03 6.221115764455172059e-02 6.028049593247351151e-03
9.356989663347856645e-01 6.804296946639989095e-03 5.287344314380305194e-02 4.623293574770993494e-03
9.416956152498797694e-01 6.615935284054827274e-03 4.823587592902715826e-02 3.452573537038337859e-03
9.439201991986782003e-01 6.926097082809774645e-03 4.654278569285136280e-02 2.610918025660817054e-03
9.430560439905670833e-01 8.017130897224765754e-03 4.679489112352423763e-02 2.131933988683838276e-03
9.382584986946661543e-01 1.054378278305907399e-02 4.917007787839869359e-02 2.027640643875934599e-03
9.260731034685948382e-01 1.573083797151645508e-02 5.591677557379071128e-02 2.279282986097722671e-03
8.989574742718992040e-01 2.615654892817208255e-02 7.196813712418327624e-02 2.917839675745589022e-03
8.447761938815989691e-01 4.648105393597271734e-02 1.046847958146352453e-01 4.057956367793240891e-03
7.521856818180191473e-01 8.127197454992855785e-02 1.607394510320747372e-01 5.802892599977519522e-03
6.295260553612637144e-01 1.257665933737838748e-01 2.368537147516635577e-01 7.853636513288936305e-03
5.041394463998940534e-01 1.686666022084562511e-01 3.177585663205217403e-01 9.435385071128465223e-03
4.040827257346141232e-01 1.969298803009314480e-01 3.890429679623100823e-01 9.944426002144663920e-03
3.338401551196004680e-01 2.068561211685152335e-01 4.499244035554480492e-01 9.379320156436247655e-03
2.818297562480527318e-01 2.024539463449766818e-01 5.075762321700310054e-01 8.140065236940009427e-03
2.363663356416050298e-01 1.925448745601689160e-01 5.642023109713526496e-01 6.886478826873237979e-03
1.909313484082647006e-01 1.834688705204069181e-01 6.195958666038785534e-01 6.003914467449482720e-03
1.458442378588467869e-01 1.763825332064257456e-01 6.722945925961927305e-01 5.478636338534801156e-03
1.095294756998350938e-01 1.722762019208684825e-01 7.128825274846458671e-01 5.311794894650549714e-03
8.834192706803699335e-02 1.708648469501397593e-01 7.353193015334228422e-01 5.473924448400556940e-03
8.109364178418161651e-02 1.671317496643318912e-01 7.461037768913093560e-01 5.670831660177145898e-03
8.601054080807071789e-02 1.537429231146403286e-01 7.546094867696535591e-01 5.637049307635325079e-03
1.045205167615136238e-01 1.283140460005852967e-01 7.617927500103515159e-01 5.372687227549986788e-03
1.415485958526525589e-01 1.001496572537207697e-01 7.533308540867791336e-01 4.970892806847684343e-03
2.010467431508191072e-01 7.695488185815912985e-02 7.177430951229997191e-01 4.255279868022139242e-03
2.700453284648338670e-01 5.654542201283834640e-02 6.703650692402245426e-01 3.044180282103080976e-03
3.193427456403243325e-01 3.877280270217858121e-02 6.398731511151933837e-01 2.011300542304013915e-03
3.244421058151025772e-01 2.676745734199373686e-02 6.474186166031837830e-01 1.371820239719731419e-03
2.794597150686118359e-01 1.947482016270489155e-02 7.000693996014194509e-01 9.960651672638559488e-04
2.068416786620828618e-01 1.495322490781438723e-02 7.774297382089909725e-01 7.753582211116616125e-04
1.403440984095262190e-01 1.203734480132558592e-02 8.469379940676869944e-01 6.805627214612508828e-04
9.899944239736949148e-02 1.043068164406628015e-02 8.898987174411658874e-01 6.711585173981579958e-04
7.764945580862959995e-02 9.919742038092977179e-03 9.116476018995333108e-01 7.832002537440448282e-04
6.992285580389366595e-02 9.951889229629234251e-03 9.191480097258385440e-01 9.772452406383274736e-04
7.175125066240173322e-02 9.875858156620806114e-03 9.172275323281666726e-01 1.145358852810886112e-03
8.121832951889856878e-02 9.568377261337239481e-03 9.079555898679420034e-01 1.257703351822316278e-03
9.738168283501730249e-02 9.229361776733143244e-03 8.920386138499294404e-01 1.350341538319749799e-03
1.193481082618047667e-01 9.153697951416643955e-03 8.700281231563065099e-01 1.470070630472023084e-03
1.447998614666523853e-01 9.414008285750596547e-03 8.441641542431962408e-01 1.621976004400829761e-03
1.736581921653253258e-01 9.721879757284439261e-03 8.148451290066228703e-01 1.774799070767312231e-03
2.007177256551086753e-01 1.020113214106723766e-02 7.871642230832600617e-01 1.916919120564388552e-03
2.236856150202051197e-01 1.058983045374319552e-02 7.636862404168198726e-01 2.038314109231741545e-03
2.369100435922872339e-01 1.083619439298493144e-02 7.500891297371582445e-01 2.164632277569425445e-03
2.388177516080231266e-01 1.094230449628523331e-02 7.479060843468404718e-01 2.333859548851644882e-03
8.855487134800332782e-03 2.031777838860247473e-02 9.553744437404551038e-01 1.545229073614195862e-02
9.425566583751890937e-01 1.878365608022960001e-02 3.159045783662271876e-03 3.550063976091905743e-02
9.397969235773753205e-01 1.830958320037985240e-02 3.646199066016533527e-03 3.824729415622828144e-02
9.357741511707594606e-01 1.761219464272630389e-02 4.103955808950162341e-03 4.250969837756393699e-02
9.296775289757289729e-01 1.670420293635928310e-02 4.453990062365486592e-03 4.916427802554629301e-02
9.201456649691739376e-01 1.564825147199108354e-02 4.661909438832133497e-03 5.954417412000259646e-02
9.058726157631697973e-01 1.452054888896381346e-02 4.742220285616239976e-03 7.486461506225015883e-02
8.875950924234915496e-01 1.328385546740655163e-02 4.683966111748335756e-03 9.443708599735374520e-02
8.674965701488981384e-01 1.190560550767259460e-02 4.430306223470968467e-03 1.161675181199585960e-01
8.445319114576731456e-01 1.064184542421916548e-02 4.021528137080006109e-03 1.408047149810276732e-01
8.131993269008502834e-01 9.834750546088982803e-03 3.589892422897969157e-03 1.733760301301627560e-01
7.662707388060073788e-01 9.587134462029647808e-03 3.223264675544332703e-03 2.209188620564184746e-01
6.942602866627517466e-01 9.878514819651721193e-03 2.960475351482115720e-03 2.929007231661142630e-01
5.834396340508199996e-01 9.638959126806841832e-03 2.543746003241175932e-03 4.043776608191320676e-01
4.286004277307413624e-01 9.436324107954377483e-03 2.074612540144803001e-03 5.598886356211593140e-01
2.731612686284591307e-01 8.435805511478091864e-03 1.528965550228190019e-03 7.168739603098346347e-01
1.651116524810072594e-01 6.961461269865246854e-03 1.111291659945643417e-03 8.268155945891818570e-01
1.082726632180248949e-01 5.963586618372138971e-03 7.644877474101472283e-04 8.849992624161928667e-01
8.197677747195325493e-02 5.795099013283237094e-03 6.189533620678447758e-04 9.116091701526957136e-01
7.330810488616178178e-02 6.435916816295329801e-03 5.890696311974025125e-04 9.196669086663454840e-01
7.488636515316553222e-02 8.005060975857718891e-03 6.382473574189071776e-04 9.164703265135576427e-01
8.282312555479129368e-02 1.088961579580971506e-02 7.584620742242925142e-04 9.055287965751745993e-01
9.232083235137157617e-02 1.545890090665567179e-02 9.395345201573712841e-04 8.912807322218152528e-01
9.847186589326599460e-02 2.196060437824283104e-02 1.174043045938415663e-03 8.783934866825524601e-01
1.003067384887575408e-01 3.101095171133143660e-02 1.501168102937136236e-03 8.671811416969739117e-01
9.916219669377743240e-02 4.391504751608532597e-02 2.022916313255207835e-03 8.548998394768818621e-01
9.770526056063826015e-02 5.965396694125588845e-02 2.817905926258628280e-03 8.398228665718475705e-01
9.656627774862880376e-02 8.156935003473078649e-02 4.108408369731328044e-03 8.177559638469092951e-01
9.907309396265960577e-02 1.107184953140823297e-01 6.320840866193351733e-03 7.838875698570645367e-01
1.040516822343657416e-01 1.482279692625042278e-01 1.002129498125771401e-02 7.376990535218720391e-01
1.023966715284302109e-01 1.925629523962809619e-01 1.545625037280662535e-02 6.895841257024826199e-01
8.878176806073853622e-02 2.400504682816061164e-01 2.233064542505996258e-02 6.488371182325954889e-01
6.901158505223176087e-02 2.890079797330418199e-01 3.034555518643295563e-02 6.116348800282933595e-01
5.136604329387587514e-02 3.430394067031957150e-01 3.998711985063212182e-02 5.656074301522963088e-01
3.948318314470648793e-02 4.050307224608600820e-01 5.178099101176009134e-02 5.037051033826737134e-01
3.307128599057593266e-02 4.654933330833674332e-01 6.525872508355215484e-02 4.361766558425045348e-01
3.047270911642830510e-02 5.085903178074715481e-01 8.080090812230199260e-02 3.801360649537981473e-01
3.057742543730850374e-02 5.290116112837800477e-01 1.020004983249395425e-01 3.384104649539722010e-01
3.318768326871362334e-02 5.273311647626999221e-01 1.365356136323625513e-01 3.029455383362239518e-01
3.860705026545512702e-02 5.005524461231182221e-01 1.961704513848176179e-01 2.646700522266092204e-01
4.603321341803814221e-02 4.460816956375251441e-01 2.855127861250444932e-01 2.223723048193921858e-01
5.261710584291628967e-02 3.765587512664763659e-01 3.914105730662921223e-01 1.794135698243149446e-01
5.797410897316873646e-02 3.092502363540514110e-01 4.968459641107441649e-01 1.359296905620357987e-01
6.559767046047500216e-02 2.503173635070041203e-01 5.896022080686695865e-01 9.448275796385140202e-02
8.079121472845463003e-02 2.027625117617066486e-01 6.536183096832938189e-01 6.282796382654484701e-02
1.055529257156184453e-01 1.669751171461533457e-01 6.858112995111104171e-01 4.166065762711774340e-02
1.385324304327137102e-01 1.418134625201953603e-01 6.919782677849947161e-01 2.767583926209610939e-02
1.781032988517249338e-01 1.260591957613943215e-01 6.768492276695248222e-01 1.898827771735610639e-02
2.202837274668871526e-01 1.165234384022591080e-01 6.490339721458918687e-01 1.415886198496198005e-02
2.551811357581821316e-01 1.111285060490646154e-01 6.217690241782954930e-01 1.192133401445755712e-02
2.776222700851844749e-01 1.089531504636033904e-01 6.019839182967924307e-01 1.144066115441966236e-02
2.878818589397009187e-01 1.133824232317717923e-01 5.864957710857020556e-01 1.223994674282549884e-02
2.917973997912313711e-01 1.250520301142329926e-01 5.691222514022757917e-01 1.402831869225969544e-02
2.961586605260534966e-01 1.427482704667023539e-01 5.441185262020409308e-01 1.697454280520321185e-02
3.026446730253253836e-01 1.671586422999745414e-01 5.089555190367335280e-01 2.124116563796589474e-02
3.179602815547502015e-01 1.905676121466831352e-01 4.655130945045724555e-01 2.595901179399398226e-02
3.448756857852581237e-01 2.069126471103014120e-01 4.180001635229455559e-01 3.021150358149480436e-02
3.732519225901160254e-01 2.186229328528985494e-01 3.733746951778691425e-01 3.475044937911619947e-02
3.835080636836614709e-01 2.336254685803552111e-01 3.415968303277368556e-01 4.126963740824622640e-02
3.693901417578729918e-01 2.567201306653923432e-01 3.225900077916638575e-01 5.129971978507075203e-02
3.404239010613952510e-01 2.868264679415194474e-01 3.046488661631904793e-01 6.810076483389509994e-02
3.084155058911212111e-01 3.163186961774913653e-01 2.792573977307692967e-01 9.600840020061811309e-02
2.800326229880434892e-01 3.339039826324989302e-01 2.498241824897417251e-01 1.362392118897158833e-01
2.547350769961991834e-01 3.364837333941683717e-01 2.233345355903272600e-01 1.854466540193052404e-01
2.304632477725224726e-01 3.299002804701784974e-01 2.023209498729188205e-01 2.373155218843806813e-01
2.073240883442469262e-01 3.228350229218887035e-01 1.891505728415432130e-01 2.806903158923211850e-01
1.869696960580279621e-01 3.195948161066999305e-01 1.859534645167679745e-01 3.074820233185042162e-01
1.681404032410587224e-01 3.223149665307191158e-01 1.925163642477243364e-01 3.170282659804977143e-01
1.536596759591370431e-01 3.247146747823222435e-01 2.102575459810225034e-01 3.113681032775181268e-01
1.418657144560417915e-01 3.239818088306914978e-01 2.387867179263708228e-01 2.953657587868958045e-01
1.300962976064812537e-01 3.200421528261357396e-01 2.716313172895566397e-01 2.782302322778262837e-01
1.177856256529423301e-01 3.130225381650850180e-01 2.979521602638522393e-01 2.712396759181202599e-01
4.286238928185114212e-03 7.850006100962887701e-02 4.003121039974035650e-02 8.771824896624458301e-01
3.226688199380220359e-03 7.373295879526774177e-02 3.812274826327451821e-02 8.849176047420777014e-01
2.795481149794064573e-03 7.133874488255829982e-02 4.087118563868076537e-02 8.849945883289667137e-01
2.890488405241163627e-03 7.258027696202966339e-02 5.008256032437348459e-02 8.744466743083559868e-01
3.540068777774468909e-03 7.763318196185042819e-02 6.773984821228362652e-02 8.510869010480914820e-01
4.923454400231296740e-03 8.605272695230335722e-02 9.550873188892600174e-02 8.135150867585396739e-01
7.328340634264150777e-03 9.575334242982636024e-02 1.333912896260584791e-01 7.635270273098507809e-01
1.133162303944682502e-02 1.019186802042836570e-01 1.800571384804816877e-01 7.066925582757878077e-01
1.731884425817678194e-02 1.043737728847356633e-01 2.304374632591107974e-01 6.478699195979764625e-01
2.594745213804425590e-02 1.042561082573659481e-01 2.789618189455930208e-01 5.908346206589967231e-01
3.780022214006307363e-02 1.043654620199760269e-01 3.180731500156119829e-01 5.397611658243488542e-01
5.239226542166199041e-02 1.073509049542476362e-01 3.433288135708943978e-01 4.969280160531959201e-01
6.989689481141100891e-02 1.127315391711244258e-01 3.614618495638655671e-01 4.559097164535990676e-01
8.957453268856771511e-02 1.214433713706274953e-01 3.825372438595776026e-01 4.064448520812269927e-01
1.142238119895755410e-01 1.330902942957832569e-01 4.058566456057828842e-01 3.468292481088585677e-01
1.454257514504820603e-01 1.470850762166040215e-01 4.194158796911736098e-01 2.880732926417405859e-01
1.762935520324707406e-01 1.627370113789138872e-01 4.157449181540989191e-01 2.452245184345165085e-01
1.918473908124572191e-01 1.797180536184875832e-01 4.038629067958551810e-01 2.245716487731996558e-01
1.843149957389589311e-01 1.989670812118010390e-01 3.915137803000782180e-01 2.252041427491614511e-01
1.591039653004127086e-01 2.218547041695462796e-01 3.740919176902366416e-01 2.449494128398044812e-01
1.257895961037852062e-01 2.482807239714525105e-01 3.451027515375313381e-01 2.808269283872310007e-01
9.220211868232486285e-02 2.774416585458432394e-01 3.018313116936721108e-01 3.285249110781597870e-01
6.376265042934692318e-02 3.087444831177764137e-01 2.468740199779549116e-01 3.806188464749216682e-01
2.086821428327602646e-01 6.638882347168770792e-01 9.819630295934664299e-02 2.923331949101606181e-02
1.542187218881482802e-01 7.757165958471057277e-01 4.854397296727569477e-02 2.152070929746976655e-02
1.102810873625944543e-01 8.497708306745532791e-01 2.511921113764373908e-02 1.482887082520866796e-02
8.038069081480561651e-02 8.947314003590370879e-01 1.466186620004640041e-02 1.022604262611125601e-02
6.509343395894692796e-02 9.173749232411390064e-01 9.974617962431191892e-03 7.557024837483016823e-03
6.229368264326046872e-02 9.235444812857237507e-01 7.955354902591230473e-03 6.206481168424649031e-03
7.130236569357371879e-02 9.158901766644247378e-01 7.264337765470888983e-03 5.543119876530746420e-03
9.150903425975931427e-02 8.963309552181453199e-01 7.111781901677672810e-03 5.048228620417812701e-03
1.202676546240903643e-01 8.684889118268117603e-01 6.750149831533613226e-03 4.493283717564158092e-03
1.469941204214179342e-01 8.427323490367479852e-01 6.305525755173953945e-03 3.968004786660172568e-03
1.641896522564665617e-01 8.265984081531457806e-01 5.709531499352988107e-03 3.502408091034645791e-03
1.699943370745874427e-01 8.220642762906761325e-01 4.960088342138076201e-03 2.981298292598731983e-03
1.630139778038508513e-01 8.304044149664381314e-01 4.187402979879014525e-03 2.394204249832207042e-03
1.447800359455634345e-01 8.497917745089262898e-01 3.567161935503165068e-03 1.861027610007227147e-03
1.239122885827774884e-01 8.715016541945996842e-01 3.134289225396217488e-03 1.451767997226679563e-03
1.037734680721611041e-01 8.919577334927696333e-01 3.097411452088707183e-03 1.171386982980696578e-03
8.832527445119886522e-02 9.080126446686185293e-01 2.733548114773796944e-03 9.285327654085808423e-04
7.702059216624397575e-02 9.198734574983270518e-01 2.350180343209441660e-03 7.557699922193903026e-04
7.022510118815127045e-02 9.272013361314663804e-01 1.923552486561034549e-03 6.500101938210652280e-04
6.712037075551866017e-02 9.307948137087040941e-01 1.495552781729654352e-03 5.892627540475248431e-04
6.656841880261998856e-02 9.317353776094362550e-01 1.139418666073958690e-03 5.567849218698680408e-04
6.840040250129750254e-02 9.301221427006127751e-01 9.047113214950314349e-04 5.727434765947971712e-04
7.502440155120752852e-02 9.234497284399421080e-01 8.140471052930506801e-04 7.118229035573520698e-04
9.105266745481832569e-02 9.069629821799224390e-01 8.729715516325313755e-04 1.111378813626572037e-03
1.214801776093553248e-01 8.758529435281792175e-01 7.750980267026775020e-04 1.891780835762542313e-03
1.662311523374245814e-01 8.293611023904347013e-01 1.048743880175621607e-03 3.359001391964847212e-03
2.242012714807277152e-01 7.680430315760091720e-01 1.619626451765373036e-03 6.136070491497698856e-03
2.884097024800996723e-01 6.975724513706257346e-01 2.744701524642491341e-03 1.127314462463245397e-02
3.466541706011843638e-01 6.291160818311201108e-01 4.698675237063067341e-03 1.953107233063282322e-02
3.851664142176957628e-01 5.761157793488062007e-01 7.746784589231794915e-03 3.097102184426612365e-02
4.056328258064740844e-01 5.367478952453619279e-01 1.197318316843335069e-02 4.564609577973059024e-02
4.217167100877066699e-01 4.949114869418352880e-01 1.949349393758189469e-02 6.387830903287607109e-02
4.346450072246347274e-01 4.489930856227551947e-01 3.036709655260729293e-02 8.599481060000299659e-02
4.374754381428815342e-01 4.054173099827525495e-01 4.617611466845590595e-02 1.109311372059100520e-01
4.251294209880501218e-01 3.715584576439142639e-01 6.785275267903778662e-02 1.354593686889977167e-01
4.032693156712072735e-01 3.478368439155436476e-01 9.636989112948912695e-02 1.525239492837596467e-01
3.856793481494255049e-01 3.295987201707434311e-01 1.340753546067080526e-01 1.506465770731232334e-01
3.813652684681078653e-01 3.104565921771663684e-01 1.832636501322493228e-01 1.249144892224765824e-01
3.794314936878725453e-01 2.892539255923350372e-01 2.430044640167529357e-01 8.831011670303980099e-02
3.781955877240030794e-01 2.648946525478272362e-01 2.986251400942545597e-01 5.828461963391527029e-02
3.830424537665010343e-01 2.382333026511918583e-01 3.391670799991889917e-01 3.955716358311836545e-02
3.998293122721363613e-01 2.101920733597652802e-01 3.614400885745772674e-01 2.853852579352100099e-02
4.273452339361992203e-01 1.830068276965195750e-01 3.676703233818085503e-01 2.197761498547288334e-02
4.600347571890768261e-01 1.574130557143321452e-01 3.647832396756424123e-01 1.776894742094860952e-02
4.904111047920490241e-01 1.341148987749222199e-01 3.607047771408946613e-01 1.476921929213402714e-02
5.137592047059320599e-01 1.108408634600269171e-01 3.627261300214077444e-01 1.267380181263328374e-02
5.166503663693281512e-01 9.135487463272745634e-02 3.807997472629969793e-01 1.119501173494763351e-02
4.975057673249804746e-01 7.212591253315137063e-02 4.206129289859752429e-01 9.755391155892965613e-03
4.618396426372889940e-01 5.255482700218887249e-02 4.774995632176920468e-01 8.105967142829840349e-03
4.159539962279223402e-01 3.468082571809334713e-02 5.431684017889352178e-01 6.196776265048821626e-03
3.620109492229107162e-01 2.113291348884912754e-02 6.125479480169248037e-01 4.308189271314812226e-03
2.948474111659399322e-01 1.278400956006977944e-02 6.894599378486255814e-01 2.908641425365086040e-03
2.145622019743187447e-01 8.269641299124969036e-03 7.751163179830019567e-01 2.051838743554316048e-03
1.423715143208864609e-01 5.854094713447854405e-03 8.502240382078276593e-01 1.550352757838104837e-03
9.090379804161788369e-02 4.362986014640409665e-03 9.035047093960205666e-01 1.228506547721276406e-03
5.537774402137836394e-02 3.265976988042047779e-03 9.404193837752748975e-01 9.368952153047014567e-04
2.978090857903759395e-02 2.258856994954036752e-03 9.673292463924912932e-01 6.309880335168140770e-04
1.362945158095766468e-02 1.403727715872906323e-03 9.846019637723802953e-01 3.648569307889741532e-04
5.565566090907936650e-03 8.263902458916672512e-04 9.934100697672657576e-01 1.979738959344985434e-04
2.281443958320749765e-03 5.045919679651425906e-04 9.970969495624381063e-01 1.170145112761891389e-04
1.280174643825625740e-06 1.092092224409231317e-06 9.999580789177262563e-01 3.954881540544061188e-05
3.662743202306503116e-07 3.585365870772345688e-07 9.999667688216800077e-01 3.250636741277686910e-05
1.575498013295083341e-07 1.749174414710381343e-07 9.999705103367058090e-01 2.915719605135367806e-05
9.507186816362018002e-08 1.157524857824924932e-07 9.999755986018569187e-01 2.419057378911621017e-05
7.755093767432438564e-08 9.957329584911442391e-08 9.999817921739322379e-01 1.803070183432883142e-05
9.716375188414366338e-08 1.270007118837301441e-07 9.999853424390492407e-01 1.443339648702180879e-05
1.919611388660432304e-07 2.474305956370561006e-07 9.999857571152259705e-01 1.380349303944580266e-05
5.159771480093756186e-07 6.347757655648396993e-07 9.999839757240113203e-01 1.487352307505549330e-05
1.582384248381002742e-06 1.813832319739413101e-06 9.999800409604669982e-01 1.656282296487057869e-05
1.602828741365716582e-03 1.563115706582276099e-03 9.967959208756352885e-01 3.813467641648862126e-05
2.780416305891041627e-03 2.442074952218670474e-03 9.947284839646990395e-01 4.902477719117508110e-05
4.355879373258611520e-03 3.701101178654823617e-03 9.918734216330779008e-01 6.959781500856676995e-05
6.262429383099644802e-03 5.031006511184210606e-03 9.886042903473049037e-01 1.022737584114451242e-04
8.944950021298931492e-03 6.095880157786380885e-03 9.848073078220057619e-01 1.518619989089634817e-04
1.361449679838061012e-02 7.051285801646291033e-03 9.791003109759559564e-01 2.339064240170528395e-04
2.206226637096255286e-02 8.509045710173539570e-03 9.690426637850682035e-01 3.860241337955700033e-04
3.679208595086941314e-02 1.104662538761843477e-02 9.514878285368379984e-01 6.734601246741088931e-04
6.074548168257954545e-02 1.559256194058325842e-02 9.224114365752212885e-01 1.250519801615692077e-03
9.544366603436253704e-02 2.429406179217783249e-02 8.776309192862382647e-01 2.631352887221529747e-03
1.371631475045823612e-01 4.053333802574933531e-02 8.159295225992329037e-01 6.373991870435434526e-03
1.772825004727446307e-01 6.855681822755456400e-02 7.372543493446774843e-01 1.690633195502365752e-02
2.091428626027637128e-01 1.108580461777246701e-01 6.342882973046412021e-01 4.571079391487054694e-02
2.264873123605605221e-01 1.568537815447748618e-01 5.034152083292803281e-01 1.132436977653843713e-01
2.200625679902162568e-01 1.780429801104742027e-01 3.694337317215831140e-01 2.324607201777265930e-01
1.966618520539373527e-01 1.597958350332731869e-01 2.625031030738410598e-01 3.810392098389484561e-01
1.720657697325615187e-01 1.227371470563233674e-01 1.908304705544995594e-01 5.143666126566156516e-01
1.508530695761710894e-01 9.015331374932836206e-02 1.450468668211040979e-01 6.139467498533968115e-01
1.312249718934376530e-01 6.717858946355602379e-02 1.126926313681677755e-01 6.889038072748387975e-01
1.075278472750917508e-01 5.195004820648900512e-02 8.513395866134085277e-02 7.553881458570782526e-01
