4.206444554475249203e-02 2.593412647423105066e-01 3.902486893150799996e-03 6.946918028197862638e-01
1.453715534944578780e-01 6.686480245687740354e-01 1.631185982511256221e-03 1.843492359542567294e-01
1.301639720114710908e-01 6.513829755217676043e-01 1.468206011302317700e-03 2.169848464554586798e-01
1.157588880981187951e-01 6.319127091988733236e-01 1.309284828280058008e-03 2.510191178747273599e-01
1.037288515415981799e-01 6.111972443491406892e-01 1.328382572437893658e-03 2.837455215368238082e-01
9.380806858210462285e-02 5.857050168243626009e-01 1.376393595757009975e-03 3.191105209977758150e-01
8.523497478246544468e-02 5.508611135920610247e-01 1.401438472257955691e-03 3.625024731532152100e-01
7.952487223288735863e-02 5.115336579786268212e-01 1.383460514665792824e-03 4.075580092738197990e-01
8.048560868713898475e-02 4.738354255920539382e-01 1.370365346249781792e-03 4.443086003745571611e-01
8.967188584464590162e-02 4.362353464936624681e-01 1.381260893627883320e-03 4.727115067680635052e-01
1.057232735383294431e-01 3.998708661324950620e-01 1.432756983199746969e-03 4.929731033459758271e-01
1.264780418834401954e-01 3.797126092890175664e-01 1.601342951671372956e-03 4.922080058758708798e-01
1.493395642582583116e-01 3.902419471025103115e-01 1.983377709731482929e-03 4.584351109294997895e-01
1.696406582231302362e-01 4.346789499914068822e-01 2.638466434408882465e-03 3.930419253510539779e-01
1.810220937903895821e-01 5.081966412828549107e-01 3.573830666974532524e-03 3.072074342597810870e-01
1.780988084322943921e-01 6.017140614180732650e-01 4.777238579165114796e-03 2.154098915704674433e-01
1.636475445822987984e-01 6.954649377225181617e-01 6.215605208552506776e-03 1.346719124866307404e-01
1.505911939289589219e-01 7.641290398012571261e-01 7.922404231659036650e-03 7.735736203812514089e-02
1.529307709032763918e-01 7.935073951508345713e-01 9.700611432091683223e-03 4.386122251379721837e-02
1.749164968387806607e-01 7.862947307975185485e-01 1.251590861317652091e-02 2.627286375052392819e-02
2.243308874926455421e-01 7.433393797323855079e-01 1.506274131537507256e-02 1.726699145959388615e-02
3.034116922375519332e-01 6.673004794474084456e-01 1.688465830519840505e-02 1.240317000984110518e-02
4.126793907919159010e-01 5.605334391270829775e-01 1.715116364079266251e-02 9.636006440208630744e-03
5.478138063785644718e-01 4.289957973051709561e-01 1.544864686011803746e-02 7.741749456146629176e-03
6.922364589437541849e-01 2.891372852924750103e-01 1.259952144857140119e-02 6.026734315199362875e-03
8.152393338883877627e-01 1.712589937658004491e-01 9.117805688095111799e-03 4.383866657716635647e-03
8.973676774783192478e-01 9.325041729661245893e-02 6.313131958075799723e-03 3.068773266992217731e-03
9.455745559233831310e-01 4.814679876788719587e-02 4.205734391024376108e-03 2.072910917704970466e-03
9.713171752989999685e-01 2.466309510019417880e-02 2.660515951697225382e-03 1.359213649108588235e-03
9.848525001322802064e-01 1.253048753135801649e-02 1.730332059249115820e-03 8.866802771126831026e-04
9.911786225474565892e-01 6.976872345455618386e-03 1.211620937902673986e-03 6.328841691852092523e-04
9.938784397469130338e-01 4.624859576780135199e-03 9.482826951025814495e-04 5.484179812043855819e-04
9.947512194118742768e-01 3.826221938483509964e-03 8.323038977500783276e-04 5.902547518917977557e-04
9.945400071039193213e-01 3.900946907540481755e-03 8.157084639996395499e-04 7.433375245403242093e-04
9.934340043504628071e-01 4.656843033758631227e-03 8.831762226907580345e-04 1.025976393087761401e-03
9.916714563699461360e-01 5.894020321129725924e-03 9.990710868583419467e-04 1.435452222065990418e-03
9.897976953949565448e-01 7.198152204692777681e-03 1.104810023010884771e-03 1.899342377339595595e-03
9.882624823509953416e-01 8.270034777458704078e-03 1.161068345002466392e-03 2.306414526543502496e-03
9.867264300832270241e-01 9.439580565540162810e-03 1.193657342527509055e-03 2.640332008705425712e-03
9.837770724615905182e-01 1.179188353831224848e-02 1.319762752759732084e-03 3.111281247337431381e-03
9.776320237534699142e-01 1.664371882544809708e-02 1.712005877193449989e-03 4.012251543888619570e-03
9.688270476395619557e-01 2.340355928910547653e-02 2.482140557386085938e-03 5.287252513946513049e-03
9.623160544348273726e-01 2.779452518576771419e-02 3.537898658893703311e-03 6.351521720511267566e-03
9.596094521982670988e-01 2.789117136859601415e-02 5.512675640268777100e-03 6.986700792868156748e-03
9.601765412523806109e-01 2.512173959739215368e-02 7.382247584182244880e-03 7.319471566045144054e-03
9.603347237229504785e-01 2.215671539182973923e-02 9.797285881647984848e-03 7.711275003571493002e-03
9.598993322137491235e-01 1.947736662887287334e-02 1.245741088810786538e-02 8.165890269270344171e-03
9.587387037641198484e-01 1.731760615412400450e-02 1.510462368678483665e-02 8.839066394971478724e-03
9.557017426181076969e-01 1.612360998245267185e-02 1.798561068036278257e-02 1.018903671907686950e-02
9.482054098154754085e-01 1.656810810109374602e-02 2.231923187081047075e-02 1.290725021262051006e-02
9.301991054314401319e-01 2.025293710659973462e-02 3.089660853436863169e-02 1.865134892759168564e-02
8.926436099727000917e-01 2.962922444875558739e-02 4.720919756280241714e-02 3.051796801574201481e-02
8.306707444038535781e-01 4.601377073571873838e-02 7.173382721685803154e-02 5.158165764356970051e-02
7.511102228074701959e-01 6.657991285247601143e-02 9.960216168143620763e-02 8.270770265861768222e-02
6.695419506314949087e-01 8.463121847717332280e-02 1.222659810180673490e-01 1.235608498732642113e-01
5.881242341105752391e-01 9.784983943865604994e-02 1.367953200721274409e-01 1.772306063786412422e-01
5.024043807829063901e-01 1.065802693148913960e-01 1.403146119386588508e-01 2.507007379635433075e-01
4.050383502630804378e-01 1.120478945161381273e-01 1.325434786609671900e-01 3.503702765598144531e-01
3.071536699689453864e-01 1.105863405712080305e-01 1.137370269510489251e-01 4.685229625087974359e-01
2.231333640124018858e-01 1.003773209191083926e-01 8.939681241643872289e-02 5.870925026520514844e-01
1.578070115874892487e-01 8.627153450071996243e-02 6.756973010403614921e-02 6.883517238077543343e-01
1.123532375724621141e-01 7.559017371012501096e-02 5.383653755413692066e-02 7.582200511632759543e-01
8.615858246319865743e-02 7.236560299648348016e-02 4.932298135532192651e-02 7.921528331849960747e-01
7.487520337076000732e-02 7.518315443647542728e-02 5.161176123830300833e-02 7.983298809544613350e-01
7.190496130335514990e-02 7.860920033721650879e-02 5.639438311213237909e-02 7.930914552472960732e-01
7.055828482502064791e-02 7.682329041074734133e-02 5.854763314440025040e-02 7.940707916198315175e-01
6.680154727494443112e-02 6.946202997455176720e-02 5.583263777220176527e-02 8.079037849783020642e-01
6.196576153703198947e-02 6.267291981784441079e-02 5.225807734760624240e-02 8.231032412975174406e-01
5.878160473772320316e-02 6.117127645960174914e-02 5.330828327766273106e-02 8.267388355250125942e-01
5.762017630577061927e-02 6.526787257730463920e-02 6.163763387436575758e-02 8.154743172425591435e-01
5.710682029443966273e-02 7.313630743979865345e-02 7.766381326295890286e-02 7.920930590028029128e-01
5.571158393972187178e-02 8.165615251658840668e-02 9.901063651437966295e-02 7.636216270293099129e-01
5.696587993916829573e-01 7.804174022408430500e-02 2.725477748597929795e-01 7.975168552443981373e-02
1.136224774271943627e-01 3.352639434049247136e-01 8.076956359358712645e-03 5.430366228085219404e-01
7.690756118794657425e-02 2.973578799954247343e-01 5.512916365965533569e-03 6.202216424506634684e-01
4.924429098413652534e-02 2.381776359208464533e-01 3.994243568079053168e-03 7.085838295269376585e-01
3.006376243821491309e-02 1.704415203493013509e-01 3.008606754112736707e-03 7.964861104583710327e-01
1.778454580038893451e-02 1.131654332369113475e-01 2.251335517629782061e-03 8.667986854450696610e-01
1.066358599546713207e-02 7.618629544524550823e-02 1.730392512311982635e-03 9.114197260469755202e-01
7.006909400203665747e-03 5.707631190228318330e-02 1.493773639661018487e-03 9.344230050578519187e-01
5.226792880183683820e-03 4.791908248255759284e-02 1.468039947749459400e-03 9.453860846895091319e-01
4.287379083140394759e-03 4.155755519649954183e-02 1.507671586647962338e-03 9.526473941337120221e-01
3.800198674259254623e-03 3.529998050871928361e-02 1.516155595214183213e-03 9.593836652218072913e-01
3.744392938335862602e-03 3.019877635899178084e-02 1.520606296024892183e-03 9.645362244066476576e-01
4.217853176423080712e-03 2.755379017118484916e-02 1.619007534157277002e-03 9.666093491182347064e-01
5.437534880075995530e-03 2.818193106168038684e-02 1.956848322484248687e-03 9.644236857357594284e-01
7.380410653258226601e-03 3.164060758861191730e-02 2.621933322955757092e-03 9.583570484351739971e-01
9.656790277836651420e-03 3.678093528749835223e-02 3.612251054359420094e-03 9.499500233803054305e-01
1.222166004367764534e-02 4.360780982639938380e-02 5.009077087738868055e-03 9.391614530421844576e-01
1.592831253189559010e-02 5.387990109393726856e-02 7.156761924264199229e-03 9.230350244499030410e-01
2.163785548319145310e-02 6.876374787014269407e-02 1.034552927729944991e-02 8.992528673693661601e-01
2.976817733936874821e-02 8.760625962551266133e-02 1.467121318707797356e-02 8.679543498480406516e-01
4.029669132262705261e-02 1.071854752214744660e-01 2.016383723271721398e-02 8.323539962231811806e-01
5.159790158005606725e-02 1.202914373583661711e-01 2.600147145885843211e-02 8.021091896027192636e-01
6.184486805811383048e-02 1.222154814094702641e-01 3.070309181791432140e-02 7.852365587145017090e-01
7.251577919385063242e-02 1.171064421307489861e-01 3.395638763094967899e-02 7.764213910444506261e-01
8.931430017196317905e-02 1.130673424493479629e-01 3.727767600414783056e-02 7.603406813745409165e-01
1.196526374038456297e-01 1.147234847942215225e-01 4.257617735662859448e-02 7.230477004453045309e-01
1.667728422260288113e-01 1.206817857325852283e-01 5.042460063560109257e-02 6.621207714057849580e-01
2.224386805620679752e-01 1.269239920517087616e-01 5.981852300788209620e-02 5.908188043783411114e-01
2.717043173077060558e-01 1.301589355098679013e-01 6.874723864554647956e-02 5.293895085368798270e-01
3.048795007174741611e-01 1.296368289950940167e-01 7.640815236314225933e-02 4.890755179242894934e-01
3.195019910897782811e-01 1.271360735374091888e-01 8.459897046590797443e-02 4.687629649069046667e-01
3.161674233166973380e-01 1.253467624142809989e-01 9.653456483073516448e-02 4.619512494382861933e-01
2.976581220576175468e-01 1.254896972874724181e-01 1.140016436404322903e-01 4.628505370144780362e-01
2.701824489404767715e-01 1.269964617562850950e-01 1.363376759207967082e-01 4.664834133824413698e-01
2.398626056514155946e-01 1.290402386060056361e-01 1.619599368688359187e-01 4.691372188737427673e-01
2.110046956625604708e-01 1.309838825026170273e-01 1.893520369794215452e-01 4.686593848554009289e-01
1.872723954150004033e-01 1.323390649829176424e-01 2.170064439047591776e-01 4.633820956973226934e-01
1.698553443115612405e-01 1.333165438228433308e-01 2.448716137659727177e-01 4.519564980996225723e-01
1.560448913685075212e-01 1.344981547247102172e-01 2.742347813523300926e-01 4.352221725544522801e-01
1.415394713799497106e-01 1.362204903788467591e-01 3.046930629252190270e-01 4.175469753159846142e-01
1.233637385327240737e-01 1.380856391659669169e-01 3.354918447167387630e-01 4.030587775845698717e-01
1.012530386972221030e-01 1.392086216220411732e-01 3.673984571431083146e-01 3.921398825376283259e-01
7.785410787913944752e-02 1.388689717070112628e-01 3.996606925568707558e-01 3.836162278569782980e-01
5.679770717064328706e-02 1.358309337682294116e-01 4.277124845246111917e-01 3.796588745365161444e-01
3.964401537139219944e-02 1.278973895498374536e-01 4.444116091638102839e-01 3.880469859149600631e-01
2.648513527810021292e-02 1.129966945072354845e-01 4.422265381294368525e-01 4.182916320852277381e-01
1.715250429237490451e-02 9.259507535725031158e-02 4.219671120645318019e-01 4.682853082858428606e-01
1.107516616253911498e-02 7.166952190378857168e-02 3.940985374356424376e-01 5.231567744980298862e-01
7.367010135357877909e-03 5.519959318622725403e-02 3.724975858018438335e-01 5.649358108765711872e-01
5.157308265711475596e-03 4.568502807894445072e-02 3.728429736294373020e-01 5.763146900259064065e-01
3.703142866117278571e-03 4.261600208502855369e-02 4.049499154409461066e-01 5.487309396079077528e-01
2.511353440281119311e-03 4.334783054007504410e-02 4.636069577881592463e-01 4.905338582314846541e-01
1.551553631030225255e-03 4.463979000179580520e-02 5.245870287096733309e-01 4.292216276575006040e-01
9.415374346540446304e-04 4.466005829979582953e-02 5.633840186079382972e-01 3.910143856576118182e-01
6.023779160055440628e-04 4.261669865944678337e-02 5.790210654669996071e-01 3.777598579575480175e-01
4.166625771944579087e-04 3.846361064587391909e-02 5.890679522169837146e-01 3.720517745599478121e-01
3.170047113762388563e-04 3.344744048824307286e-02 6.180212888809336613e-01 3.482142659194467638e-01
2.648460108878317111e-04 2.859785047771502831e-02 6.806293777854474092e-01 2.905079257259495784e-01
2.392941099307327056e-04 2.427264064019596726e-02 7.681806817013272504e-01 2.073073835485462202e-01
3.413256646405452531e-04 1.945143899327280226e-02 8.568747481188612181e-01 1.233324872232254843e-01
2.424321002150873670e-04 1.523058973564618036e-02 9.216252239031917926e-01 6.290175426094699040e-02
1.865651820226580412e-04 1.091157451123705470e-02 9.578687721759737705e-01 3.103308813076632866e-02
1.571104801114729492e-04 7.862762581865002931e-03 9.748219706501549675e-01 1.715815628786873312e-02
1.665734248622396474e-04 6.297346929469912168e-03 9.821598320158491102e-01 1.137624762981852798e-02
2.178970238820338197e-04 5.738872150543620869e-03 9.851488707788509380e-01 8.894360046723654920e-03
3.357413157204202627e-04 5.897429264363965654e-03 9.858571301256688901e-01 7.909699294246690451e-03
6.053436193334210767e-04 6.859537128447694074e-03 9.847328976145240942e-01 7.802221637694945269e-03
1.256252787955493841e-03 9.083623418345322664e-03 9.813042972182555168e-01 8.355826575443930579e-03
2.913297124190011595e-03 1.365883044612555691e-02 9.737345988478219860e-01 9.693273581862256807e-03
9.278713783729674106e-03 2.179936441863466676e-02 9.561867885147911084e-01 1.273513328284468261e-02
2.409737962994680516e-02 3.930660526582386433e-02 9.172796464646864045e-01 1.931636863954294334e-02
5.447667839640453480e-02 7.002096344486774537e-02 8.425818051961008193e-01 3.292055296262690750e-02
3.713079055119665461e-02 8.709846368003243411e-01 6.978440106200414772e-02 2.210017158647455474e-02
1.141755888276439479e-01 6.808273308258908085e-02 8.099832787902869757e-01 7.758399299480044954e-03
1.682075143701069198e-01 9.029449154796694021e-02 7.318296995942689120e-01 9.668294487657600952e-03
2.512915530499035266e-01 1.055481896779658230e-01 6.316518549169716223e-01 1.150840235515905932e-02
3.655832273392031206e-01 1.077958041017149371e-01 5.138095081980247336e-01 1.281146036105717742e-02
4.912603965724597344e-01 9.660712384213550330e-02 3.989948811433924880e-01 1.313759844201194474e-02
6.060543784730845207e-01 7.834424190046870851e-02 3.032253810236619773e-01 1.237599860278462000e-02
6.958905447519009302e-01 6.097780018444714373e-02 2.320553427119356471e-01 1.107631235171645592e-02
7.577985386324026518e-01 4.746043062413565078e-02 1.845964052074273998e-01 1.014462553603453186e-02
7.924024979244286282e-01 3.851977472250561058e-02 1.590119723571310484e-01 1.006575499593444917e-02
8.006633700393651631e-01 3.366101448876440000e-02 1.546241603417649879e-01 1.105145513010538649e-02
7.860575763988363329e-01 3.162987102536982814e-02 1.692683941660909630e-01 1.304415840970277012e-02
7.579088710151826724e-01 3.042278482226497272e-02 1.962240172652328363e-01 1.544432689731948388e-02
7.274492239697035734e-01 2.884827812184940707e-02 2.259965305807273561e-01 1.770596732771930262e-02
7.018570930963540233e-01 2.698017466959524643e-02 2.514775271245518473e-01 1.968520510949880314e-02
6.814362067979794491e-01 2.548674746647476216e-02 2.714837559977915094e-01 2.159328973775430718e-02
6.630995584888440542e-01 2.479143723920304576e-02 2.883575767237285259e-01 2.375142754822437766e-02
6.435079539632974077e-01 2.530755557797195743e-02 3.051109335894967578e-01 2.607355686923381113e-02
6.241635158769799352e-01 2.500434244505910994e-02 3.229518272797434197e-01 2.788031439821736859e-02
6.118588926712535958e-01 2.404767328932955889e-02 3.351930623523242669e-01 2.890037168709269286e-02
6.172702136500325398e-01 2.260629603189533501e-02 3.308645646024804821e-01 2.925892571559153901e-02
6.433695488396689033e-01 2.051350516638327653e-02 3.072009295774718596e-01 2.891601641647572468e-02
6.818321273697948159e-01 1.925753824459770780e-02 2.712952946167820900e-01 2.761503976882542788e-02
7.258451230129571163e-01 1.801818485109422593e-02 2.309461977174745717e-01 2.519049441847408602e-02
7.719319468751778546e-01 1.655847921414555987e-02 1.895051881948917327e-01 2.200438571578460997e-02
8.171748288485400913e-01 1.481289416632732177e-02 1.493526413794070418e-01 1.865963560572565794e-02
8.543677184956488535e-01 1.334707743023244575e-02 1.163075864654368047e-01 1.597761760868224648e-02
8.763590358316524220e-01 1.288473363763863351e-02 9.631179477665409439e-02 1.444443575405486915e-02
8.838704956779707134e-01 1.332196538811508159e-02 8.943361677114455843e-02 1.337392216276938120e-02
8.807308599963796780e-01 1.431658341507192379e-02 9.301873808964171431e-02 1.193381849890652602e-02
8.672428804499954236e-01 1.607378446737135411e-02 1.064571293642216643e-01 1.022620571841131171e-02
8.411231508197893891e-01 1.908323056434175352e-02 1.311013140419459155e-01 8.692304573922759667e-03
8.001747788169565334e-01 2.409336793874827104e-02 1.680160777736982858e-01 7.715775470596819563e-03
7.452166977008437554e-01 3.218715120269841773e-02 2.150358976531253352e-01 7.560253443332585338e-03
6.770049978326512230e-01 4.456792410998042242e-02 2.702302105492630502e-01 8.196867508105347769e-03
5.898094791410686266e-01 6.369087938046594233e-02 3.370754421402720746e-01 9.424199338193715511e-03
4.843768822649464068e-01 8.862684110454070729e-02 4.160706780909267932e-01 1.092559853958627661e-02
3.765199956077792121e-01 1.160766473782184061e-01 4.949798374143786761e-01 1.242351959962400242e-02
2.872818362735664044e-01 1.429388789539129956e-01 5.562205665275521405e-01 1.355871824496858793e-02
2.230880683591023039e-01 1.648519954255762698e-01 5.979637082744434506e-01 1.409622794087810570e-02
1.792316790935037096e-01 1.812197110490689489e-01 6.257680826447923339e-01 1.378052721263514462e-02
1.471136885046454845e-01 1.888227549002422234e-01 6.515902244681006650e-01 1.247333212701213882e-02
1.201795074261403223e-01 1.867578889822679167e-01 6.825777644805310906e-01 1.048483911106041881e-02
9.689334962556155062e-02 1.801879295393999103e-01 7.142469625787145615e-01 8.671758256323981034e-03
7.717886185153487177e-02 1.746367607537235023e-01 7.406645283027121218e-01 7.519849092029518012e-03
6.103078404868457485e-02 1.725278580852210308e-01 7.594576519596103470e-01 6.983705906483704713e-03
5.031312207153639665e-02 1.761981795092101566e-01 7.664304508987258568e-01 7.058247520527524861e-03
4.619969481647445003e-02 1.854147204438624241e-01 7.607247713472458095e-01 7.660813392417140273e-03
4.758645531649376842e-02 1.931060317143880323e-01 7.510250446633284227e-01 8.282468305789523338e-03
5.365797936824586584e-02 1.877344855369528775e-01 7.502318269853330834e-01 8.375708109468202670e-03
6.475663278205472106e-02 1.622320937534951490e-01 7.652133185857427078e-01 7.797954878707271179e-03
8.087487717799264619e-02 1.238818050811743288e-01 7.884897414627715095e-01 6.753576278061502493e-03
1.005038814601338509e-01 8.837327594643280826e-02 8.056216482641392895e-01 5.501194329294332303e-03
1.185631740438872483e-01 6.303475459940538483e-02 8.142504197199096350e-01 4.151651636797848086e-03
1.242996478852347875e-01 4.520776099534775522e-02 8.276270477878479026e-01 2.865543331569586800e-03
1.095891969264424781e-01 3.126921468703455775e-02 8.573067426599927376e-01 1.834845726530305197e-03
7.983849742182799747e-02 2.104805691121607036e-02 8.979782949835624084e-01 1.135150683393384334e-03
5.061759427405249784e-02 1.408830771084839187e-02 9.345649781489898666e-01 7.291198661093025194e-04
3.168281089521021721e-02 9.937022164233214050e-03 9.578403735525051754e-01 5.397933880516384572e-04
2.218517196055437915e-02 7.941290450314043153e-03 9.693842284316851465e-01 4.893091574464756167e-04
1.875643528176487371e-02 7.625787638192935321e-03 9.730676430271911759e-01 5.501340528507840536e-04
1.892246679625496364e-02 8.324486461498584872e-03 9.720699719023879748e-01 6.830748398584533853e-04
2.147788617877296677e-02 9.163766922807077553e-03 9.685552825880069383e-01 8.030643104131161445e-04
2.631930334758605591e-02 9.916113919340061381e-03 9.628863003319199088e-01 8.782824011539443502e-04
3.306323524420477084e-02 1.065018182286955363e-02 9.553685631933662714e-01 9.180197395593893764e-04
4.026761072958497806e-02 1.129429418535556062e-02 9.475014181271493863e-01 9.366769579102293295e-04
4.603723306725600317e-02 1.177158885457592168e-02 9.412554391193698189e-01 9.357389587982121353e-04
4.962689507367802622e-02 1.213514801407394005e-02 9.373177820962337314e-01 9.201748160145691241e-04
5.139019329163561217e-02 1.236792348641359805e-02 9.353424319725626157e-01 8.994512493882739256e-04
5.152221160664777894e-02 1.240450776522503129e-02 9.351884302003996563e-01 8.848504277277734068e-04
5.004652236085412043e-02 1.228853552621060954e-02 9.367735313875755754e-01 8.914107253597656653e-04
4.806397663201533721e-02 1.220019839508818850e-02 9.387955219817886166e-01 9.403029911078039649e-04
1.179426194205297589e-02 2.071952358726368917e-02 9.476817784146509549e-01 1.980443605603214932e-02
9.378540124769377817e-01 2.587007705652096326e-02 4.389304910242123985e-03 3.188660555629901222e-02
9.273874953538241428e-01 3.014740006501131359e-02 5.661079194810232466e-03 3.680402538635445253e-02
9.138912864253806445e-01 3.487311185583763518e-02 6.965575923958926621e-03 4.427002579482282318e-02
8.963985006431947067e-01 3.959898058741760651e-02 8.051921158510198101e-03 5.595059761087722849e-02
8.732333626563463236e-01 4.337365677739041941e-02 8.747423962462254690e-03 7.464555660380134405e-02
8.420315833997684685e-01 4.486090099995115182e-02 9.065629585314935804e-03 1.040418860149655012e-01
8.012169097632654280e-01 4.302020427769692734e-02 9.078899262516443996e-03 1.466839866965213290e-01
7.498946025116371983e-01 3.807824665390337204e-02 8.727692749847122330e-03 2.032994580846121946e-01
6.850616319490909767e-01 3.159347478122819658e-02 7.984171014040373007e-03 2.753607222556405665e-01
6.026736154733268735e-01 2.532442979567938249e-02 6.984182701966504259e-03 3.650177720290272432e-01
5.026182055405796767e-01 2.002307949043237445e-02 5.874786826298221583e-03 4.714839281426898010e-01
3.903760440706038337e-01 1.544126437715355633e-02 4.667261634754221213e-03 5.895154299174881762e-01
2.758685289278984820e-01 1.089707714898681921e-02 3.189206418445856943e-03 7.100451875046687178e-01
1.686864148918523765e-01 7.130713469782669692e-03 1.989703942097437606e-03 8.221931676962676017e-01
9.637997610418866379e-02 4.527351731211259715e-03 1.164063672491791757e-03 8.979286084921083155e-01
5.698504765300612535e-02 2.993251990225437829e-03 7.193034673360538828e-04 9.393023968894322895e-01
3.769120046974064331e-02 2.177747314228581366e-03 4.908727385868392025e-04 9.596401794774437333e-01
2.891918305638238595e-02 1.844401787448068843e-03 3.858052786727273874e-04 9.688506098774970487e-01
2.563376935613012608e-02 1.862092807513366591e-03 3.557827868673196369e-04 9.721483550494891546e-01
2.499389270108346578e-02 2.199581127988649559e-03 3.764513496209869782e-04 9.724300748213070555e-01
2.552050386929793219e-02 2.972828376579520881e-03 4.460169744812905626e-04 9.710606507796415432e-01
2.592602616166337498e-02 4.393000159118921367e-03 5.674349389368306450e-04 9.691135387402807222e-01
2.542011597119085003e-02 6.812236220720933010e-03 7.492099465868680549e-04 9.670184378615013232e-01
2.408226796392441693e-02 1.101931102146728146e-02 1.024563168917324392e-03 9.638738578456906847e-01
2.302110298514206330e-02 1.727412518190335131e-02 1.357449187972609638e-03 9.583473226449816806e-01
2.117057836759150477e-02 2.829624835537987784e-02 1.864980917686556760e-03 9.486681923593424104e-01
1.873590509972671708e-02 4.531289522076253906e-02 2.516998592329518225e-03 9.334342010871812256e-01
1.672674403124074782e-02 7.034056297188033546e-02 3.392649467451971414e-03 9.095400435294271890e-01
1.561785608533546206e-02 1.053956551169496492e-01 4.634986151624206907e-03 8.743515026460904060e-01
1.445290002152846594e-02 1.489969011695496115e-01 5.936433959985799695e-03 8.306137648489363423e-01
1.328511359923823486e-02 2.010495197522010058e-01 7.920563683842241770e-03 7.777448029647184846e-01
1.166576948043049518e-02 2.594512145615763821e-01 9.501455006888872082e-03 7.193815609511041709e-01
1.016276610355684208e-02 3.317135014130246362e-01 1.102660545455326491e-02 6.470971270288651267e-01
9.043212052042535337e-03 4.205182591116568003e-01 1.256095981512090481e-02 5.578775690211796867e-01
8.514287151343507762e-03 5.093654753625648235e-01 1.392825231149671418e-02 4.681919851745952599e-01
8.633557580863201325e-03 5.779301744826421672e-01 1.498097114506423237e-02 3.984552967914303800e-01
9.409510700137220171e-03 6.265325737118574434e-01 1.603741286476372679e-02 3.480205027232416981e-01
1.099021857262466595e-02 6.652910224616792600e-01 1.787150885274746068e-02 3.058472501129483323e-01
1.378526335874124403e-02 6.996050601347402198e-01 2.141477346464867176e-02 2.651949030418698783e-01
1.874038831309244452e-02 7.251399657916267616e-01 2.870249807374579756e-02 2.274171478215351871e-01
2.616882581451359865e-02 7.383021609896232018e-01 4.019161077480108007e-02 1.953374024210621784e-01
3.660099723408616335e-02 7.394161894482551567e-01 5.826384881156810441e-02 1.657189645060908045e-01
5.185450268595592077e-02 7.235115357082988474e-01 8.744307987570161533e-02 1.371908817300437344e-01
7.605176161189315664e-02 6.772047733741798359e-01 1.330024520760977880e-01 1.137410129378293860e-01
1.098534486026796486e-01 6.027221575580944402e-01 1.934794610754805855e-01 9.394493276374571433e-02
1.460403666511921883e-01 5.162583557084172714e-01 2.633030201283143024e-01 7.439825751207579385e-02
1.729099460451232195e-01 4.332406545198055903e-01 3.377369785603080432e-01 5.611242087476300822e-02
1.861165982450672940e-01 3.610606926394817617e-01 4.105973267424454787e-01 4.222538237300536845e-02
1.861718068358530487e-01 3.046080749926400877e-01 4.754772949728269249e-01 3.374282319867988322e-02
1.777943795171361419e-01 2.663300223684342272e-01 5.261680819158236488e-01 2.970751619860573234e-02
1.662143848756587050e-01 2.459757435913703660e-01 5.591195885652683328e-01 2.869028296770237754e-02
1.563733767664329810e-01 2.410968533194680075e-01 5.729106271477689694e-01 2.961914276633027809e-02
1.524452107510538279e-01 2.497939707518042896e-01 5.653824445633427453e-01 3.237837393379915107e-02
1.559898152422499462e-01 2.685032396156177281e-01 5.385872295560222289e-01 3.691971558611005511e-02
1.665891127571746677e-01 2.884013439528107514e-01 5.028936164610302573e-01 4.211592682898413625e-02
1.838722218984221723e-01 3.025840224043445104e-01 4.662753547277607158e-01 4.726840096947263620e-02
2.053588710831018016e-01 3.128889294592878678e-01 4.279784144686903935e-01 5.377378498891979830e-02
2.230811986021159488e-01 3.267043798370657948e-01 3.863729594048589955e-01 6.384146215595944140e-02
2.328142299588772945e-01 3.470705130306496744e-01 3.402832842183304285e-01 7.983197279214249154e-02
2.342659458810822659e-01 3.703869438237136769e-01 2.885707099960350686e-01 1.067764002991686972e-01
2.320927965570370455e-01 3.820923130474231932e-01 2.339204723356681781e-01 1.518944180598715832e-01
2.241771000346579334e-01 3.671357985932897638e-01 1.899567207902964350e-01 2.187303805817562008e-01
2.106600480785840446e-01 3.309608383288456523e-01 1.575061081102442917e-01 3.008730054823259836e-01
1.921917458690208524e-01 2.888164735485838630e-01 1.369099353498618721e-01 3.820818452325334125e-01
1.721243582074207246e-01 2.567448466242521765e-01 1.282544249833922345e-01 4.428763701849349754e-01
1.529703223779957655e-01 2.400224547874036662e-01 1.306632758243000403e-01 4.763439470103005835e-01
1.362063307426782666e-01 2.351667713319683661e-01 1.440736130683658855e-01 4.845532848569873985e-01
1.226495476645668159e-01 2.379524356331459145e-01 1.710214350679792050e-01 4.683765816343082866e-01
1.112894690322484698e-01 2.447230690608709625e-01 2.129690987189108986e-01 4.310183631879695998e-01
1.002549030981319672e-01 2.518078418955057574e-01 2.636087796940471129e-01 3.843284753123150099e-01
8.884318439425555047e-02 2.570929614218303572e-01 3.080402233389487043e-01 3.460236308449654019e-01
7.620660505096903993e-03 4.724734930212375061e-02 1.615880832684190790e-02 9.289731818659372475e-01
5.955141106478645079e-03 4.657152700304766080e-02 1.489403637306608609e-02 9.325792955174079246e-01
5.244122211324464371e-03 4.741030440060665929e-02 1.509024692919853222e-02 9.322553264588706590e-01
5.430999221273124546e-03 5.061078793001580478e-02 1.703117616368799575e-02 9.269270366850228537e-01
6.641679198310991919e-03 5.660766864193247927e-02 2.097949258516871793e-02 9.157711595745878785e-01
9.295898907003835240e-03 6.557484630053592167e-02 2.746364739383520825e-02 8.976656073986249984e-01
1.403092857515343683e-02 7.672018655302581536e-02 3.700523500844318109e-02 8.722436498633773239e-01
2.149599458372965233e-02 8.759218135990412546e-02 4.951549096215861895e-02 8.413963330942078045e-01
3.205218992707303816e-02 9.607628967658633778e-02 6.420266066493933443e-02 8.076688597314012341e-01
4.545647422442596064e-02 1.031946558970726763e-01 7.959740994027383887e-02 7.717514599382275797e-01
6.099840228956912580e-02 1.098328641756335378e-01 9.259212012546727544e-02 7.365766134093304496e-01
7.770491015453374894e-02 1.171464976658294910e-01 1.007676713169153582e-01 7.043809208627211937e-01
9.494420310729763390e-02 1.282646772090393350e-01 1.070394300513291819e-01 6.697516896323336688e-01
1.143145495899457881e-01 1.456576480415614772e-01 1.161995180407944667e-01 6.238282843276977685e-01
1.384845960298878020e-01 1.676608679738552932e-01 1.281617632580370758e-01 5.656927727382199400e-01
1.660665207198287197e-01 1.891139923384572707e-01 1.375684624236636899e-01 5.072510245180501531e-01
1.877730562741380116e-01 2.062723064372923576e-01 1.397722931489873976e-01 4.661823441395822609e-01
1.912580914777172458e-01 2.202161462377739687e-01 1.363331930091273014e-01 4.521925692753813730e-01
1.737481101676038031e-01 2.332693252329978706e-01 1.297568196473115054e-01 4.632257449520866266e-01
1.433797297220349987e-01 2.457722915731418156e-01 1.200362471105628076e-01 4.908117315942604475e-01
1.102067396958802126e-01 2.575804010202698002e-01 1.071863546816808482e-01 5.250265046021690418e-01
8.054787264258224389e-02 2.702412472249500208e-01 9.146318501882109986e-02 5.577476951136466354e-01
5.711759150326509854e-02 2.868608505904265416e-01 7.365049699187609100e-02 5.823710609144324701e-01
2.600218610107466466e-01 5.908542382396648751e-01 1.324967232148385188e-01 1.662717753474993176e-02
1.975052137276228914e-01 7.118413469808321237e-01 7.743433435114224772e-02 1.321910494040282220e-02
1.383888742729907084e-01 8.054026766996271736e-01 4.643541065582253852e-02 9.773038371559815418e-03
9.682022094680402258e-02 8.653581027248820057e-01 3.066931998765552378e-02 7.152356340658502613e-03
7.169818792436867538e-02 9.000932680029648525e-01 2.274033580912522556e-02 5.468208263541192785e-03
6.086907695972144927e-02 9.158053095904780116e-01 1.879707780298330022e-02 4.528535646817515546e-03
6.067400380934596937e-02 9.186403693982648777e-01 1.672083260421427728e-02 3.964794188174996202e-03
6.875772249328436503e-02 9.126692401251004227e-01 1.509481821201580538e-02 3.478219169599602433e-03
8.342282623090817306e-02 9.003240885955222650e-01 1.323484733533454930e-02 3.018237838235086380e-03
1.021783104216693328e-01 8.838387269083037845e-01 1.130126310642207491e-02 2.681699563604795708e-03
1.206358379701234357e-01 8.674433738109633696e-01 9.481829094750728743e-03 2.438959124162395735e-03
1.359494625215474928e-01 8.544403792253369989e-01 7.473288148584844755e-03 2.136870104530808404e-03
1.394307243370645488e-01 8.526408907809849280e-01 6.110274011196487054e-03 1.818110870754023958e-03
1.323087188224323640e-01 8.607867448903498975e-01 5.347607747717039207e-03 1.556928539500837842e-03
1.218255262892002366e-01 8.717093560341063752e-01 5.076772466030181688e-03 1.388345210663165762e-03
1.107555799794576190e-01 8.825914514515080800e-01 5.349061679195024448e-03 1.303906889839128672e-03
1.025600977801455760e-01 8.909147471134982732e-01 5.318256819818564969e-03 1.206898286537499759e-03
9.658829155268459921e-02 8.972558407755247822e-01 5.034972731859346969e-03 1.120894939931410582e-03
9.397972787157149455e-02 9.006026175809584977e-01 4.359630702776720254e-03 1.058023844693263852e-03
9.547322576114122827e-02 9.000429075256998201e-01 3.468325627811858457e-03 1.015541085347277219e-03
1.024342924227668317e-01 8.938664093690137369e-01 2.695963137049968168e-03 1.003335071169236901e-03
1.202485147225223761e-01 8.769185360236742000e-01 1.802619420464919055e-03 1.030329833338535731e-03
1.546143932316452752e-01 8.424784521268738890e-01 1.564405364823174107e-03 1.342749276657920383e-03
2.161962591211788187e-01 7.800577855665673521e-01 1.596142326142932586e-03 2.149812986111178034e-03
3.045881129747614602e-01 6.900504523693204995e-01 1.760699777593553901e-03 3.600734878324286098e-03
4.062484521246192970e-01 5.859349627684067308e-01 2.035326776689043871e-03 5.781258330284675534e-03
4.974079214313521513e-01 4.904234090118004263e-01 2.981019852527808014e-03 9.187649704319384922e-03
5.710666727267696974e-01 4.110319528449267179e-01 3.658854997756505033e-03 1.424251943054706711e-02
6.194741836926023204e-01 3.547777944268704631e-01 4.856694430302867932e-03 2.089132745022422022e-02
6.421587912323278857e-01 3.227875831469532719e-01 6.488448434431206245e-03 2.856517718628771504e-02
6.487919874139819187e-01 3.054107399770034093e-01 8.632204926151926944e-03 3.716506768286295670e-02
6.511855690480112813e-01 2.899238554483980490e-01 1.169173685320916249e-02 4.719883865038130427e-02
6.509347235908207185e-01 2.729451196938818547e-01 1.650026362028021026e-02 5.961989309501714712e-02
6.420730877774040168e-01 2.591489930929756769e-01 2.414634969273701456e-02 7.463156943688320499e-02
6.205364499123382505e-01 2.530573449561311361e-01 3.578910500076104562e-02 9.061710013076976211e-02
5.895090607870306920e-01 2.551518482174199853e-01 5.256214788382557179e-02 1.027769431117240700e-01
5.583331468048604584e-01 2.623164528832037101e-01 7.623182905896754014e-02 1.031185712529683052e-01
5.313357194433804276e-01 2.704575477070612077e-01 1.097312125930684917e-01 8.847552025649009499e-02
5.008559562907448637e-01 2.779701264509395475e-01 1.544383637736397308e-01 6.673555348467588577e-02
4.626462450414260963e-01 2.836112497736011928e-01 2.058219859350874092e-01 4.792051924988520450e-02
4.327339309284701230e-01 2.785879447655161267e-01 2.536003556348594423e-01 3.507776867115432878e-02
4.160358565113663198e-01 2.664396100809712786e-01 2.905527690260029661e-01 2.697176438165922036e-02
4.134884336682098094e-01 2.505073180294674628e-01 3.139724884248712988e-01 2.203175987745113057e-02
4.185989857077052068e-01 2.339634329809896773e-01 3.285668507366600322e-01 1.887073057464519824e-02
4.236076309893025416e-01 2.165101255102413746e-01 3.433645347210136367e-01 1.651770877944223892e-02
4.207339452669045521e-01 1.975289925594775620e-01 3.670023839520653031e-01 1.473467822155248574e-02
4.019357758048463514e-01 1.767138970103625806e-01 4.081093620716879089e-01 1.324096511310307242e-02
3.649959940485301702e-01 1.513807197443339803e-01 4.721081621362206993e-01 1.151512407091524227e-02
3.133443998771684447e-01 1.192776474696479461e-01 5.579833941583602908e-01 9.394558494823554429e-03
2.525631195332120327e-01 8.608554880112344321e-02 6.545114000775709151e-01 6.839931588093488453e-03
1.889959363400324777e-01 5.593947707267351438e-02 7.506474788898876982e-01 4.417107697406190067e-03
1.321591696084610801e-01 3.487407310050796155e-02 8.302466133753639843e-01 2.720143915666861298e-03
8.757384814426967534e-02 2.248689445471150836e-02 8.881648414927630908e-01 1.774415908255818535e-03
5.835261055354877546e-02 1.643035512793089570e-02 9.239104613722862736e-01 1.306572946234258467e-03
4.077937235291501095e-02 1.296045916158868917e-02 9.451918745869986038e-01 1.068293898497655508e-03
2.781835111204603028e-02 1.006320429686028556e-02 9.612574679418746104e-01 8.609766492191686096e-04
1.670336102176187693e-02 7.065689057196269419e-03 9.756171915119784543e-01 6.137584090636839145e-04
8.357414506377390181e-03 4.346943316015313558e-03 9.869248936443636433e-01 3.707485332436686308e-04
3.597643885602207648e-03 2.473205434778266796e-03 9.937259496319515995e-01 2.032010476679351320e-04
1.486952254649429083e-03 1.453897702199732174e-03 9.969439634648443738e-01 1.151865783065696559e-04
1.196039669860356854e-06 1.737515531998198469e-06 9.999487492283218870e-01 4.831721647611365796e-05
5.293713016593040187e-07 8.216992629765315552e-07 9.999643777222106955e-01 3.427120722468954722e-05
4.367619742890499555e-07 7.012298801637215438e-07 9.999713702316068709e-01 2.749177653874220178e-05
5.384411140775593795e-07 8.800436164662162239e-07 9.999766739550424166e-01 2.190756022700029385e-05
7.604192092765139769e-07 1.259536387299765527e-06 9.999813006852555919e-01 1.667935914769907584e-05
1.195010202829605662e-04 1.430250737787787342e-03 9.984303003298303780e-01 1.994791209913927593e-05
1.667735760001391840e-04 1.966086446488702049e-03 9.978463972851829844e-01 2.074269232811093650e-05
2.855428111819560363e-04 2.848009194942349460e-03 9.968414723976080083e-01 2.497559626781386516e-05
5.258426231466229502e-04 4.225807872816385834e-03 9.952168339875282488e-01 3.151551650869041763e-05
9.225148616487804671e-04 6.344055997845852307e-03 9.926937653067119394e-01 3.966383379357674697e-05
2.319825994537033208e-03 9.540263184656548948e-03 9.880816909768183054e-01 5.821984398793369196e-05
3.487257723194315314e-03 1.382668343050749357e-02 9.826031179687628736e-01 8.294087753508354137e-05
4.618129817972233681e-03 1.781812597573322055e-02 9.774481899944613694e-01 1.155542118332293958e-04
5.654040020781565638e-03 2.020288084307250015e-02 9.739906498677749491e-01 1.524292683709461125e-04
7.001761104263751721e-03 2.127194001357736453e-02 9.715274579165315005e-01 1.988409656274838574e-04
9.295840521983185500e-03 2.255017024756081692e-02 9.678789832947372052e-01 2.750059357185865314e-04
1.329907477081962094e-02 2.514384321630717262e-02 9.611457242480259122e-01 4.113577648471183098e-04
2.030392015346296070e-02 3.090835567723544328e-02 9.480937918887021310e-01 6.939322805992569065e-04
3.284792629658702529e-02 4.431540333572132201e-02 9.213870833764677970e-01 1.449586991223651873e-03
5.462849190641523578e-02 7.247870304762443761e-02 8.691152621267516087e-01 3.777542919208602516e-03
8.956795840996914504e-02 1.235547642409116631e-01 7.757263445095177179e-01 1.115093283960126233e-02
1.377296040840861047e-01 1.984115587380505530e-01 6.306920639904182169e-01 3.316677318744505609e-02
1.902136990448506926e-01 2.638048865083739147e-01 4.583614298609683946e-01 8.761998458580656790e-02
2.232331874486436496e-01 2.693355104973808034e-01 3.191371479747551199e-01 1.882941540792201773e-01
2.222138124351922261e-01 2.206736170504270678e-01 2.323334241648789822e-01 3.247791463495019459e-01
2.001894650991133118e-01 1.598173158417225959e-01 1.773686186993613523e-01 4.626246003598028511e-01
1.723602556994979218e-01 1.117557284371866189e-01 1.401536639541389462e-01 5.757303519091760968e-01
1.454019680056389263e-01 8.026945152281599050e-02 1.122959567821977811e-01 6.620326236893472327e-01
1.186183362921421347e-01 6.025734591419164982e-02 8.764217046239163034e-02 7.334821473312742590e-01
