1.424554765087681328e-02 3.081690921813625694e-01 3.276804965833337267e-03 6.743085552019272289e-01
3.973749919150171978e-02 6.041437707723633643e-01 2.062815911205917972e-03 3.540559141249290942e-01
3.529008078585367525e-02 5.665244371900519660e-01 1.670602292149533930e-03 3.965148797319450469e-01
3.219444382700311497e-02 5.357335183718164862e-01 1.434716047403925563e-03 4.306373217537765585e-01
3.052849894482529206e-02 5.075996649989898968e-01 1.673772608125904254e-03 4.601980634480590804e-01
3.045114690735473140e-02 4.758852077509883038e-01 1.659090566892999340e-03 4.920045547747640691e-01
3.000259515277094516e-02 4.391252769490466834e-01 1.203922395337278170e-03 5.296682055028451019e-01
3.132578006429714845e-02 4.013501549099063315e-01 1.161342229857719116e-03 5.661627227959389330e-01
3.589544021722811118e-02 3.708760455324475180e-01 1.164296411019479513e-03 5.920642178393051847e-01
4.530276982960480814e-02 3.453234602774141737e-01 1.229088303177242568e-03 6.081446815898039482e-01
6.016916648206779850e-02 3.231463660155850515e-01 1.382889281040062526e-03 6.153015782213072660e-01
8.083334436861047689e-02 3.163405445023660945e-01 1.724460893317375943e-03 6.011016502357059421e-01
1.067427886893615036e-01 3.405585097598709532e-01 2.378467519680135291e-03 5.503202340310873186e-01
1.331955146317104488e-01 4.030534292276446995e-01 3.405361250497901480e-03 4.603456948901469281e-01
1.509358746959806041e-01 4.996989038206278155e-01 4.809696346252139397e-03 3.445555251371395511e-01
1.530709992604554759e-01 6.135413348209776130e-01 6.762133964691708493e-03 2.266255319538748036e-01
1.441207222237327890e-01 7.138006091651694085e-01 9.714820770387927809e-03 1.323638478407101193e-01
1.380006273770144343e-01 7.747213480205221714e-01 1.433638280950540189e-02 7.294164179295790917e-02
1.460718969064258299e-01 7.911150668366900840e-01 2.146843610638442604e-02 4.134460015049964965e-02
1.742956955339250991e-01 7.690133005814283607e-01 3.107668586983112352e-02 2.561431801481539941e-02
2.269848110812139885e-01 7.138215657218943688e-01 4.180477707119120701e-02 1.738884612570038707e-02
3.043153406973256869e-01 6.343307676215671487e-01 4.880073263811043199e-02 1.255315904299652945e-02
4.044964294961801432e-01 5.365502269137115698e-01 4.929636734438930246e-02 9.656976245718968885e-03
5.243129366105402367e-01 4.243082015982955757e-01 4.358945199988545349e-02 7.789409791278429675e-03
6.600485600735361835e-01 3.002324660584627103e-01 3.359359312108109452e-02 6.125380746920212026e-03
7.817822488398261660e-01 1.900460303267508533e-01 2.359493733124515963e-02 4.576783502177642418e-03
8.693368774949890021e-01 1.117621744660398930e-01 1.562189116062765587e-02 3.279056878343233460e-03
9.246713272283609841e-01 6.314178742381032494e-02 9.924465529439398942e-03 2.262419818389306732e-03
9.563193373759694138e-01 3.595163383675006180e-02 6.201153751484424215e-03 1.527875035796176506e-03
9.747917713177715049e-01 2.028992442184836612e-02 3.895104636403316691e-03 1.023199623976824013e-03
9.840964036467679810e-01 1.250448216020787727e-02 2.645278378401556222e-03 7.538358146225906378e-04
9.881556032508416187e-01 9.135817567343640019e-03 2.026887470701597711e-03 6.816917111129870742e-04
9.891363018261526419e-01 8.323970931307713220e-03 1.764932729277828320e-03 7.747945132619895323e-04
9.879166959452515551e-01 9.318879894213422457e-03 1.727746597179121097e-03 1.036677563355938025e-03
9.845644825252188870e-01 1.206185828737540815e-02 1.855576657138804800e-03 1.518082530266791439e-03
9.795076776500596383e-01 1.620322661076346871e-02 2.047419179846586817e-03 2.241676559330335258e-03
9.741759550212473195e-01 2.055472162595346763e-02 2.154626255782029435e-03 3.114697097017187725e-03
9.696583052974119266e-01 2.429109154714043095e-02 2.093217296694568734e-03 3.957385858753091970e-03
9.645541821675968075e-01 2.878069556743251614e-02 1.941861666285312968e-03 4.723260598685485694e-03
9.542781766561584389e-01 3.807870431920065690e-02 1.900043229300516206e-03 5.743075795340473431e-03
9.347490346723357213e-01 5.537558619443153779e-02 2.544323228878042631e-03 7.331055904354410319e-03
9.073870605885235863e-01 8.038842828191707091e-02 2.950824991197211877e-03 9.273686138362328274e-03
8.891009096609744367e-01 9.701121285247750470e-02 3.336812973682858931e-03 1.055106451286467323e-02
8.905883158292109414e-01 9.490143703013560750e-02 3.673216228241737123e-03 1.083703091241169231e-02
9.041363273797897726e-01 8.108421939653424892e-02 4.087844723646763372e-03 1.069160850002895055e-02
9.193140413679139478e-01 6.541502563087910060e-02 4.629184249634887144e-03 1.064174875157205234e-02
9.323634880048665696e-01 5.159719557361400200e-02 5.241582298650236324e-03 1.079773412286912093e-02
9.414965411166675846e-01 4.111768027875237902e-02 5.974612580887728348e-03 1.141116602369223430e-02
9.449558204729573418e-01 3.487655917169542319e-02 7.075754018068291726e-03 1.309186633727895191e-02
9.407165746464754008e-01 3.344665714527435274e-02 9.084990753124728632e-03 1.675177745512539812e-02
9.237463803084799974e-01 3.863904505459127281e-02 1.312979987675207821e-02 2.448477476017662385e-02
8.866195081198251504e-01 5.291871582195496748e-02 2.060451353319885104e-02 3.985726252502100331e-02
8.273339397144476859e-01 7.553618440843611059e-02 3.159210836528762723e-02 6.553776751182864568e-02
7.563438851102388671e-01 9.915605758474925480e-02 4.377540832619297023e-02 1.007246489788191784e-01
6.814154504065493834e-01 1.166182820715994106e-01 5.708443965350512572e-02 1.448818278683461080e-01
6.041507564122948759e-01 1.253060013822489271e-01 6.936407671440530942e-02 2.011791654910507210e-01
5.164853799885017471e-01 1.278147011908116748e-01 7.796138230485752385e-02 2.777385365158290265e-01
4.151027937852613814e-01 1.252337308702536622e-01 7.951078994137379674e-02 3.801526854031112013e-01
3.133460274793530287e-01 1.151258185418436442e-01 7.203757289099449457e-02 4.994905810878090824e-01
2.252469844993610915e-01 9.742448168768574890e-02 5.903816220331589704e-02 6.182903716096371793e-01
1.559521532145469180e-01 7.955564973649277560e-02 4.455259112700241109e-02 7.199396059219573818e-01
1.074805350033236073e-01 6.515244424055335881e-02 3.441005408685627459e-02 7.929569666692672936e-01
7.900874665572246713e-02 5.794298268956139808e-02 2.923429439192825816e-02 8.338139762627877483e-01
6.562628601968036046e-02 5.680998367862919590e-02 2.759190175745880602e-02 8.499718285442319221e-01
6.086966244565231166e-02 5.809154121681104482e-02 2.727665870880898943e-02 8.537621376287277686e-01
5.915219575067781621e-02 5.777833941636429521e-02 2.635331638002173099e-02 8.567161484529361992e-01
5.767569688226337199e-02 5.489696812747891369e-02 2.435143166084597841e-02 8.630759033294116422e-01
5.674217372306716162e-02 5.244326133938608664e-02 2.258726609695387716e-02 8.682272988405926872e-01
5.655226363337718248e-02 5.299427390626881840e-02 2.249822027196204596e-02 8.679552421883918178e-01
5.672049486990282663e-02 5.704271707644757716e-02 2.477643441819094017e-02 8.614603536354585867e-01
5.694075983058053542e-02 6.407868764587852650e-02 2.943077564719893957e-02 8.495497768763420332e-01
5.680747337140688163e-02 7.265256705389147585e-02 3.555050341018776983e-02 8.349894561645140323e-01
5.536588173180849726e-01 7.801585512148802304e-02 2.596777897849525396e-01 1.086475377754746313e-01
3.400990836967013320e-02 6.512853459050494953e-01 3.111870091284435827e-03 3.115928756339957917e-01
2.497211981716249835e-02 6.178958684009138169e-01 2.470658932599334705e-03 3.546613528493242073e-01
1.926512781253712780e-02 5.396818508477878584e-01 1.950138253176087215e-03 4.391028830864988630e-01
1.428576570775229489e-02 4.220884802916060607e-01 1.746974566410147180e-03 5.618787794342315900e-01
1.012976582778505816e-02 2.981521108237547013e-01 1.515207056179746154e-03 6.902029162922805883e-01
7.048415545080806595e-03 2.043969010913264939e-01 1.288750036199730461e-03 7.872659333273932525e-01
5.233175110022096968e-03 1.499529000797084344e-01 1.184615697598573282e-03 8.436293091126709776e-01
4.335347235262299904e-03 1.209147372279557042e-01 1.218698726914015790e-03 8.735312168098683383e-01
3.897156677194829003e-03 1.009777116109027012e-01 1.314591578744211779e-03 8.938105401331585265e-01
3.725161146823801651e-03 8.371743561309259729e-02 1.404259807747875463e-03 9.111531434323356660e-01
4.196445523997942295e-03 7.046803177836444276e-02 1.465540123658780466e-03 9.238699825739788984e-01
4.236184008798323658e-03 6.418501788216299242e-02 1.613717418985695720e-03 9.299650806900529032e-01
5.035875232466981849e-03 6.595444313916458412e-02 1.980859836560172442e-03 9.270288217918081219e-01
7.503730435142650333e-03 7.495614847447659712e-02 2.809487211789422206e-03 9.147306338785913260e-01
9.664359460811689992e-03 8.893597040125304776e-02 3.866802248419004464e-03 8.975328678895163614e-01
1.203937348031372187e-02 1.084715159324731448e-01 5.340707221620871921e-03 8.741484033655920749e-01
1.534162808554006933e-02 1.377031821805121681e-01 7.509036581720799318e-03 8.394461531522268150e-01
2.009878042951610683e-02 1.786306629881351526e-01 1.047659025267674154e-02 7.907939663296720267e-01
2.626763873414751302e-02 2.276432184567136474e-01 1.408723410801544437e-02 7.320019087011232495e-01
3.357720590314779152e-02 2.750508881479755696e-01 1.822737315936501928e-02 6.731445327895121400e-01
4.099350833745873252e-02 3.067343095268434960e-01 2.242874698287501342e-02 6.298434351528229280e-01
4.759822806130709072e-02 3.170085984600612972e-01 2.590681438443255893e-02 6.094863590941989040e-01
5.431246275500085235e-02 3.154037351078713414e-01 2.840257142918627825e-02 6.018812307079417501e-01
6.431615074848540115e-02 3.167006894483144763e-01 3.063006327387085559e-02 5.883530965293293225e-01
8.134693878036743098e-02 3.288977300276719196e-01 3.366417413687026322e-02 5.560911570550907124e-01
1.065761846012998337e-01 3.481229255831383429e-01 3.800698477464380109e-02 5.072939050409178696e-01
1.358805408512263890e-01 3.651840152834878173e-01 4.354822186299933673e-02 4.553872220022863182e-01
1.622122223729200174e-01 3.734358007592514239e-01 4.982722265874538203e-02 4.145247542090832460e-01
1.817271607216147111e-01 3.705502072387787393e-01 5.676370950032286894e-02 3.909589225392841039e-01
1.931647330136718466e-01 3.599991963265742334e-01 6.524430661452286506e-02 3.815917640452307635e-01
1.943553103222122047e-01 3.501353831256465154e-01 7.689988030602583347e-02 3.786094262461154325e-01
1.847760643073245168e-01 3.460086991430331715e-01 9.299229555889879095e-02 3.762229409907434929e-01
1.680701989640713823e-01 3.470844030969633121e-01 1.136733529453112790e-01 3.711720449936542487e-01
1.487517936693744380e-01 3.508985697824393291e-01 1.384245076879527248e-01 3.619251288602335359e-01
1.302130498982536633e-01 3.545026620504552750e-01 1.664340029016260492e-01 3.488502851496651513e-01
1.150297233912533218e-01 3.547756306659581305e-01 1.966593670889303924e-01 3.335352788538581414e-01
1.037146812870301943e-01 3.502167786158131846e-01 2.288256960577364219e-01 3.172428440394203797e-01
9.419444729985330944e-02 3.398461914612970203e-01 2.646792282787207573e-01 3.012801329601289546e-01
8.415470287342145805e-02 3.280091375095197659e-01 2.997642474242579458e-01 2.880719121928008164e-01
7.176723213413814528e-02 3.140990623689385308e-01 3.352025380466692184e-01 2.789311674502539806e-01
5.728855123781496222e-02 2.979657119280467725e-01 3.722094516079518245e-01 2.725362852261866142e-01
4.312979754455063819e-02 2.785308384576584140e-01 4.100989789242835970e-01 2.682403850735067263e-01
3.042889382494842407e-02 2.523157702900745702e-01 4.483336171568896855e-01 2.689217187280872889e-01
2.114055140039138372e-02 2.199564332613236917e-01 4.776786631821416940e-01 2.812243521561433868e-01
1.444891319342215402e-02 1.810542423007439339e-01 4.904204382127844708e-01 3.140764062930496148e-01
9.851446446295097914e-03 1.403902055448013331e-01 4.810951026811512432e-01 3.686632453277527977e-01
6.831870857262396790e-03 1.044540483195473685e-01 4.558771808288230587e-01 4.328368999943672524e-01
4.923468487955906872e-03 7.875556534610313186e-02 4.306715917451325315e-01 4.856493744208086882e-01
3.774219854395446418e-03 6.512644302487193004e-02 4.259048612396615918e-01 5.051944758810710256e-01
3.033543231276912208e-03 6.135534872084354163e-02 4.529688982829341848e-01 4.826422097649453735e-01
2.376879496983807984e-03 6.261208069348032923e-02 5.051285347537501913e-01 4.298825050557856797e-01
1.748222096741196881e-03 6.388906186393206177e-02 5.582064246212552483e-01 3.761562914180718309e-01
1.256016501117602265e-03 6.310345616243635825e-02 5.895077112932189944e-01 3.461328160432267653e-01
8.999117919955928980e-04 5.979788809667668098e-02 5.990412893141061623e-01 3.402609107972218716e-01
6.474116116098131138e-04 5.414847046197534403e-02 6.044450053717248528e-01 3.407591125546897692e-01
4.883420299038686687e-04 4.771541712351292513e-02 6.293825703465762977e-01 3.224136705000067993e-01
4.024017488182148310e-04 4.167715499600561230e-02 6.872264356075407088e-01 2.706940076476355705e-01
3.656855619457715246e-04 3.635763785557565714e-02 7.682187047672004443e-01 1.950579718152781472e-01
5.517118844389701715e-04 3.046763064876606072e-02 8.508042208940100881e-01 1.181764365727849264e-01
4.584594333819230500e-04 2.461067070788882510e-02 9.133796133822483787e-01 6.155125647648073545e-02
3.532117347420556390e-04 1.826903965957144688e-02 9.506345139686009915e-01 3.074323463708538914e-02
2.964718692625038028e-04 1.389079383196720023e-02 9.686804315667125742e-01 1.713230273205766999e-02
3.107691185289468763e-04 1.180006649326368826e-02 9.763452500070738393e-01 1.154391438113365129e-02
3.927080324330263386e-04 1.121500409646828886e-02 9.790866293847994006e-01 9.305658486299103055e-03
5.682254810584492621e-04 1.165792444926143021e-02 9.791170615304016778e-01 8.656788539278415656e-03
9.424332834917708646e-04 1.319403666355356899e-02 9.768634936795375090e-01 9.000036373416949592e-03
1.784242411879226591e-03 1.626860646367380217e-02 9.718953309856546152e-01 1.005182013879207109e-02
4.669296063509808387e-03 2.089941917202245425e-02 9.625707118980155741e-01 1.186057286645248940e-02
1.094651958170888943e-02 3.115663098386179178e-02 9.424058082872469599e-01 1.549104114718286018e-02
2.490347347009548573e-02 5.076221872571245325e-02 9.010628213065273728e-01 2.327148649766476105e-02
5.092263217449134738e-02 8.654838375018056307e-02 8.224784487704863700e-01 4.005053530484141422e-02
3.038123006978282400e-02 8.285097527816134289e-01 1.142096798102158195e-01 2.689933733838775765e-02
7.071455010116234341e-02 2.626766990247296485e-02 8.967656353286406201e-01 6.252144667724229485e-03
1.053937797036185731e-01 3.397857475363727509e-02 8.527099776823232613e-01 7.917667860420862791e-03
1.653003309715629365e-01 4.291701599154343350e-02 7.818444957078588553e-01 9.938157329034792015e-03
2.590061181162006676e-01 5.063805212547247553e-02 6.783323017189978321e-01 1.202352803932904730e-02
3.792826820234698748e-01 5.454813054033254976e-02 5.526908324950178253e-01 1.347835494117984902e-02
5.024871714076352136e-01 5.351901722136526846e-02 4.302742423775930969e-01 1.371956899340620942e-02
6.050000872334149182e-01 4.914979066671319036e-02 3.327992390941039713e-01 1.305088300576796694e-02
6.755793724775481790e-01 4.401765614821744055e-02 2.678559385136887183e-01 1.254703286054575408e-02
7.100793702225101089e-01 4.141656521423085074e-02 2.355183345899335701e-01 1.298572997332531238e-02
7.092354710996409128e-01 4.161885955148754423e-02 2.344629438249608011e-01 1.468272552391111478e-02
6.781257667158335778e-01 4.413474834891514126e-02 2.602306388423933914e-01 1.750884609285767793e-02
6.286964992518186968e-01 4.716295661524146782e-02 3.034752429798891482e-01 2.066530115305061782e-02
5.769382065920256597e-01 4.742746775952806637e-02 3.521716442222753152e-01 2.346268142617108712e-02
5.304111605591691481e-01 4.584312560969178163e-02 3.978328346252215098e-01 2.591287920591785199e-02
4.885993128757754600e-01 4.392008029422937720e-02 4.392017462994380894e-01 2.827886053055707685e-02
4.483793970600742362e-01 4.264143381209115763e-02 4.782232904823034980e-01 3.075587864553129547e-02
4.077880332820009723e-01 4.154922060588981531e-02 5.177696068975158328e-01 3.289313921459311590e-02
3.681665282834012953e-01 3.928061440919963787e-02 5.587117125521855465e-01 3.384114475521356191e-02
3.387015120569388249e-01 3.529820794841701664e-02 5.923964254136830920e-01 3.360385458096101091e-02
3.317610334656490023e-01 3.068849230515222765e-02 6.044212804355799662e-01 3.312919379361913691e-02
3.515991141915330020e-01 2.684163825596091318e-02 5.887027833253689613e-01 3.285646422713722759e-02
3.930184827716738938e-01 2.409599439913177182e-02 5.507223715312264956e-01 3.216315129796797068e-02
4.488689234114291438e-01 2.156198259662396241e-02 4.992099409785785147e-01 3.035915301336842079e-02
5.185184946313552423e-01 2.006406220693816508e-02 4.338645791304951982e-01 2.755286403121131808e-02
5.980268191571055381e-01 1.855390681743104841e-02 3.593580229164479722e-01 2.406125110901562170e-02
6.758768037003699547e-01 1.747858167887903630e-02 2.860231333927837905e-01 2.062148122796713182e-02
7.350092495280463600e-01 1.749687998474092065e-02 2.296665646161081542e-01 1.782730587110479062e-02
7.692737828802150846e-01 1.833760462846143954e-02 1.971932772988629345e-01 1.519533519246041471e-02
7.843197306471999530e-01 1.947939117866183401e-02 1.839699508763203706e-01 1.223092729781775564e-02
7.854244573002844287e-01 2.108912023512451994e-02 1.841479471701460979e-01 9.338475294445012370e-03
7.749247334631299555e-01 2.367239274858703307e-02 1.943986782591090312e-01 7.004195529173772028e-03
7.555025111334476851e-01 2.810825215584128109e-02 2.109165974491414575e-01 5.472639261569482716e-03
7.300837934541923868e-01 3.587416018114817501e-02 2.292489898929529479e-01 4.793056471706525802e-03
6.945571201169924436e-01 4.882303897034421386e-02 2.518300072128599187e-01 4.789833699803363980e-03
6.367293673407626864e-01 6.944560919793089926e-02 2.885681492515144164e-01 5.256874209792004871e-03
5.489642371732985637e-01 9.960467362296297755e-02 3.453934972021758254e-01 6.037592001562541374e-03
4.412287295882907356e-01 1.364187745679029118e-01 4.153579017937031881e-01 6.994594050103267700e-03
3.406406688671916871e-01 1.684028049195257226e-01 4.831298924260044592e-01 7.826633787278165777e-03
2.617823357068318479e-01 1.897414232061432893e-01 5.400961783242678171e-01 8.380062762757052586e-03
2.077438640022720162e-01 1.959300138905152588e-01 5.878139692214493506e-01 8.512152885763133239e-03
1.709544858936790646e-01 1.850019824257080614e-01 6.358943751560506286e-01 8.149156524562356507e-03
1.422822907735618592e-01 1.609331373899576811e-01 6.894377274624463592e-01 7.346844374034198523e-03
1.173226185599275662e-01 1.350104598327175331e-01 7.411417324753670766e-01 6.525189131987901327e-03
9.407968934078730916e-02 1.147717995190191825e-01 7.851538712260559549e-01 5.994639914137641842e-03
7.219494411480074925e-02 1.008410111338480519e-01 8.212050275003029975e-01 5.759017251048242046e-03
5.532971394920284391e-02 9.340866034103229021e-02 8.453663341653362417e-01 5.895291544428582498e-03
4.604936703944848692e-02 9.140883772917333949e-02 8.561362581575115982e-01 6.405537073866654323e-03
4.314188767661013280e-02 8.983050857226665409e-02 8.601484099204831368e-01 6.879193830640158679e-03
4.522237736352700821e-02 8.233658917004797739e-02 8.655971729822767857e-01 6.843860484148671895e-03
5.219175326757722472e-02 6.708790551477092357e-02 8.745282538536768291e-01 6.192087363975531770e-03
6.514040595721931615e-02 5.061279196664622559e-02 8.790573326908530660e-01 5.189469385281222230e-03
8.460249964240641740e-02 3.998782058592528776e-02 8.712926273817358513e-01 4.117052389932692423e-03
1.067552446070486188e-01 3.201151206687215256e-02 8.581656566079993720e-01 3.067586718079700486e-03
1.182836842399592747e-01 2.532262317810407212e-02 8.542584363660238322e-01 2.135256215912781017e-03
1.101551294504660161e-01 1.931525734484015530e-02 8.691167726666467752e-01 1.412840538046949718e-03
8.530058254677486129e-02 1.421487085205915164e-02 8.995816777779395146e-01 9.028688232265909839e-04
5.797439449533002553e-02 1.034172128608580078e-02 9.310897044239990761e-01 5.941797945852132909e-04
3.888028259711168860e-02 7.818988898357545278e-03 9.528548592613995671e-01 4.458692431313958718e-04
2.867926424028588786e-02 6.467123579563691278e-03 9.644504958608065559e-01 4.031163193439214992e-04
2.479600753956818712e-02 6.118992746085584987e-03 9.686413196910397261e-01 4.436800233066134826e-04
2.458289752164036571e-02 6.364432506621297593e-03 9.685274817587461449e-01 5.251882129921114700e-04
2.640715021876615526e-02 6.665564944475883477e-03 9.663545497177293830e-01 5.727351190286894631e-04
3.019138252014766030e-02 6.853131978644518875e-03 9.623772547393947274e-01 5.782307618132575492e-04
3.613137814217490251e-02 6.903020455046987233e-03 9.563911161102367497e-01 5.744852925415238959e-04
4.405861346296535697e-02 6.887593381540325389e-03 9.484659621087656589e-01 5.878310467288006555e-04
5.313986561038877565e-02 6.901427137619836442e-03 9.393383186007127073e-01 6.203886512785724509e-04
6.258930284897604168e-02 6.991015656218786505e-03 9.297517861263551175e-01 6.678953684499625443e-04
7.168137797410276124e-02 7.101589627002516912e-03 9.204910060784516901e-01 7.260263204431535158e-04
7.901804279291205213e-02 7.171114132749277850e-03 9.130159064534173474e-01 7.949366209211468489e-04
8.289802328559230105e-02 7.200012894182638949e-03 9.090179948562728818e-01 8.839689639523142959e-04
8.332804984347366717e-02 7.194453154139968977e-03 9.084664965230077049e-01 1.011000479378553960e-03
9.550628287592323462e-03 1.937936536650564784e-02 9.593551448675925464e-01 1.171486147830952743e-02
9.325588296516019726e-01 2.064118589256868155e-02 7.787943955713044156e-04 4.602119006025798265e-02
9.227563938184907277e-01 2.370774644531276759e-02 8.801891898250913809e-04 5.265567054637132482e-02
9.089058038997021027e-01 2.696508365576148064e-02 1.008448948606644737e-03 6.312066349592961034e-02
8.890195987067319727e-01 3.047727348197484809e-02 1.154668853943202796e-03 7.934845895734975174e-02
8.600799379915331500e-01 3.404858473945970160e-02 1.329042597332315235e-03 1.045424346716750386e-01
8.189687084208214785e-01 3.691997858077639139e-02 1.557597622753965341e-03 1.425537153756483710e-01
7.658456068355454782e-01 3.770747143232937998e-02 1.842032041305089731e-03 1.946048896908199877e-01
7.041412003781487572e-01 3.544874247576555726e-02 2.120601560847434203e-03 2.582894555852381924e-01
6.350614957190073850e-01 3.093529171449839812e-02 2.317400388955332628e-03 3.316858121775390633e-01
5.569377724904009952e-01 2.599255769244218292e-02 2.401140763683129713e-03 4.146685290534734558e-01
4.700414418059479238e-01 2.166362727708880803e-02 2.354359317716041289e-03 5.059405715992472130e-01
3.773289084229052848e-01 1.801785854375076087e-02 2.137677264450238337e-03 6.025155557688937069e-01
2.819765464854456227e-01 1.478414879732856992e-02 1.424533405020611413e-03 7.018147713122053766e-01
1.854281617135395410e-01 1.143486079067911054e-02 1.156848918943718029e-03 8.019801285768377586e-01
1.139640415391464656e-01 8.982214777063079331e-03 7.628898758981207369e-04 8.762908538078924003e-01
7.141770738686510633e-02 7.415909487944748885e-03 5.437458667693808711e-04 9.206226372584207507e-01
4.968852964773062819e-02 6.731465601342515558e-03 4.271892197850138298e-04 9.431528155311417194e-01
4.056621011487947931e-02 6.953745886232307917e-03 3.798816933982700531e-04 9.521001623054901053e-01
3.880311358248354076e-02 8.093357482156489022e-03 3.857779660697595791e-04 9.527177509692900115e-01
4.076135435846021254e-02 1.012384793754283162e-02 4.329106657563291352e-04 9.486818870382406343e-01
4.454316569997340824e-02 1.322927858616800879e-02 5.233712704740545174e-04 9.417041844433844400e-01
4.862101894754402437e-02 1.750614183988697878e-02 6.622154161384458202e-04 9.332106237964306050e-01
5.166884050692003433e-02 2.286323238163045016e-02 8.615262836747833615e-04 9.246064008277746771e-01
5.396257714925508514e-02 2.838586280394599440e-02 1.137555291453490195e-03 9.165140047553455016e-01
5.392805591017397343e-02 3.630155982399917852e-02 1.605230580445733603e-03 9.081651536853808659e-01
5.111216871886407193e-02 4.659311661058813947e-02 2.360219240272831351e-03 8.999344954302747057e-01
4.619862574885282014e-02 5.941814682571566059e-02 3.581116490843801875e-03 8.908021109345876098e-01
4.172826315025136151e-02 7.479303984062486699e-02 5.651238695749159942e-03 8.778274583133742759e-01
3.940895031313462749e-02 9.251666212506047537e-02 9.178136923206061878e-03 8.588962506385988682e-01
3.818602485117014722e-02 1.127398401769903746e-01 1.484611542555807143e-02 8.342280195462815628e-01
3.667450567805092404e-02 1.374314431717809371e-01 2.355030294793818146e-02 8.023437482022298672e-01
3.468712268091170975e-02 1.696140532695097070e-01 3.682308944169676579e-02 7.588757346078819355e-01
3.288880825239640093e-02 2.119353833657746655e-01 5.717833737671968591e-02 6.979974710051091158e-01
3.196761871910477198e-02 2.640133689941455142e-01 8.639620150284371691e-02 6.176228107839059067e-01
3.225244930035552071e-02 3.183677715176592149e-01 1.218993547397020094e-01 5.274804244422832689e-01
3.337540647820137069e-02 3.628838385992220195e-01 1.591947745313778140e-01 4.445459803911986363e-01
3.504443322531572425e-02 3.917728643177722514e-01 1.994818550259652989e-01 3.737008474309464479e-01
3.734174253820535250e-02 4.018113778132719194e-01 2.516969996236891882e-01 3.091498800248337897e-01
4.050559663093128426e-02 3.856971821141177981e-01 3.278210370034309595e-01 2.459761842515199581e-01
4.405120456260992051e-02 3.429418089511845902e-01 4.254793980101203577e-01 1.875275884760847778e-01
4.707192634935138120e-02 2.881490048574256724e-01 5.255579043845063358e-01 1.392211644087165412e-01
4.946955103752520566e-02 2.348382137128911529e-01 6.145149987251870005e-01 1.011772365243965438e-01
5.297487964044576836e-02 1.887719347913550116e-01 6.858703566871898749e-01 7.238282888100940060e-02
6.114291563612489488e-02 1.543376146338483468e-01 7.309579875220085787e-01 5.356148220801811022e-02
7.602577647436198349e-02 1.304704242428131877e-01 7.515910591787269279e-01 4.191274010409790779e-02
9.871447847149224242e-02 1.146499915207656733e-01 7.525835273537666570e-01 3.405200265397526765e-02
1.307347331564412962e-01 1.060172090197732397e-01 7.348102529664425342e-01 2.843780485734297842e-02
1.709741459209429826e-01 1.024133035659726687e-01 7.021058541227177541e-01 2.450669639036667791e-02
2.130756728949980972e-01 1.016535615322038816e-01 6.631242858971808651e-01 2.214647967561685082e-02
2.501890603049455875e-01 1.041258619352860570e-01 6.243292703445421088e-01 2.135580741522635773e-02
2.816836436017672862e-01 1.102554264122136835e-01 5.861121858051443478e-01 2.194874418087463391e-02
3.087470327345941401e-01 1.210735008073561270e-01 5.467379598915839134e-01 2.344150656646579178e-02
3.351382167664340717e-01 1.353461570185904572e-01 5.036758570076879105e-01 2.583976920728737331e-02
3.616689722918525196e-01 1.532216578208256685e-01 4.558995073900179995e-01 2.920986249730404133e-02
3.914626592755890422e-01 1.684769345192592416e-01 4.072011182144250063e-01 3.285928799072654338e-02
4.262973414450177967e-01 1.767699135902736640e-01 3.604413512718451784e-01 3.649139369286333312e-02
4.583244192279559703e-01 1.819200347665533291e-01 3.182146436882865581e-01 4.154090231720415638e-02
4.720146959062499481e-01 1.922947522890157968e-01 2.854008520889229072e-01 5.028969971581134096e-02
4.625116654521589932e-01 2.124653592026607418e-01 2.599484813691080309e-01 6.507449397607209529e-02
4.356413433186575035e-01 2.413381359784242952e-01 2.323623632323127963e-01 9.065815747060552987e-02
3.969665819010259056e-01 2.713209942641331418e-01 1.981693950702978213e-01 1.335430287645432146e-01
3.559737691731365006e-01 2.832138958133559870e-01 1.633380864639618069e-01 1.974742485495458999e-01
3.117069997483834509e-01 2.743826807764830900e-01 1.348250229943677991e-01 2.790852964807656877e-01
2.706039462097724613e-01 2.513875637188708323e-01 1.128892538452726246e-01 3.651192362260839430e-01
2.375253813651345414e-01 2.284392019139786234e-01 9.960609762223424091e-02 4.344293190986524555e-01
2.105451281074877945e-01 2.167051029632890424e-01 9.429027646145086983e-02 4.784594924677721961e-01
1.875814664691919098e-01 2.160832429691744438e-01 9.566227501372351338e-02 5.006730155479101052e-01
1.688028297056595739e-01 2.246836278650273799e-01 1.040448667881247596e-01 5.024686756411881339e-01
1.542711474705386887e-01 2.416906585248320138e-01 1.197503729474764106e-01 4.842878210571530118e-01
1.422869713242394252e-01 2.646591732935824060e-01 1.398283352830017867e-01 4.532255200991757715e-01
1.304757321041735973e-01 2.877956902204538703e-01 1.579023812151224282e-01 4.238261964602499932e-01
5.194800419503261407e-03 1.084595494574804031e-01 3.216756015980999639e-02 8.541780899632063218e-01
4.017163833143357066e-03 1.137263802330194806e-01 3.380064274878059188e-02 8.484558131850566953e-01
3.729312772530921864e-03 1.164106090693818735e-01 3.858356405126566607e-02 8.412765141068214714e-01
3.961609285873845046e-03 1.174492491870059302e-01 4.871110744153223787e-02 8.298780340855882454e-01
4.843850290926414275e-03 1.178332331802230543e-01 6.554236415033616592e-02 8.117805523785145416e-01
6.573518672910361529e-03 1.186329565739429048e-01 9.003666851315142439e-02 7.847568562399953596e-01
9.278634164112993174e-03 1.188438578221923808e-01 1.222384221335949817e-01 7.496390858800996426e-01
1.290190268424279418e-02 1.153366884146400373e-01 1.607315479083100962e-01 7.110298609928069613e-01
1.782026340399035444e-02 1.054191873996250389e-01 2.026451944116175463e-01 6.741153547847669181e-01
2.348942384944675485e-02 9.433263187027070285e-02 2.403701248532952861e-01 6.418078194269867254e-01
3.042455781199943435e-02 8.410148871100139867e-02 2.676132318567174262e-01 6.178607216202820496e-01
3.889478862024128153e-02 7.708565681192373897e-02 2.826362658599265165e-01 6.013832887079083589e-01
4.867627398987973975e-02 7.424577821730703187e-02 2.946760594051883730e-01 5.824018883876249664e-01
5.992863990513433436e-02 7.507246379492735211e-02 3.153218746540866757e-01 5.496770216458515268e-01
7.392993226780068816e-02 7.892567211460178866e-02 3.447278440265087451e-01 5.024165515910884450e-01
9.019539630978984368e-02 8.644946531355886254e-02 3.701183839831159172e-01 4.532367543935352239e-01
1.054750665329739767e-01 9.713546448305963865e-02 3.780707453933425666e-01 4.193187235906237764e-01
1.107908999702986175e-01 1.116454034564781511e-01 3.709634553493926235e-01 4.066002412238303720e-01
1.028228227607810852e-01 1.310210079768010516e-01 3.552644449686009898e-01 4.108917242938169845e-01
8.626305517027681169e-02 1.580722813381706671e-01 3.295815632148513252e-01 4.260831002767010434e-01
6.736790271146408937e-02 1.958890102648948306e-01 2.918761206222884041e-01 4.448669664013525926e-01
5.000238475804932858e-02 2.467215313273289357e-01 2.434760543507107911e-01 4.598000295639109170e-01
3.585921135217841338e-02 3.120960866148888568e-01 1.896496402430850881e-01 4.623950617898479054e-01
8.993484636127439813e-02 6.495244487321676363e-01 2.240394719066794438e-01 3.650123299987850789e-02
6.071600594573263454e-02 8.009258597657957779e-01 1.107859458991691248e-01 2.757218838930268479e-02
3.715407795765959115e-02 8.920445495655354717e-01 5.286360131496996989e-02 1.793777116183481457e-02
2.279769776599053360e-02 9.393307187977463224e-01 2.680964452330378625e-02 1.106193891295932479e-02
1.633612438200664208e-02 9.614788684608059910e-01 1.506449861698548436e-02 7.120508540202062989e-03
1.291360982087026189e-02 9.725689391408046669e-01 9.568525316397168481e-03 4.948925721928361561e-03
1.222495950736496653e-02 9.770796864903735779e-01 6.912240048796923150e-03 3.783113953464691589e-03
1.317760163251582156e-02 9.783808362247098378e-01 5.419200771550081522e-03 3.022361371224050516e-03
1.513917167937150164e-02 9.781280144514139518e-01 4.316985957036446366e-03 2.415827912178128336e-03
1.773165945148895070e-02 9.768672110203839853e-01 3.446600226849089177e-03 1.954529301278156491e-03
2.037511456931704462e-02 9.752452864055400905e-01 2.778249579538786748e-03 1.601349445604177213e-03
2.241879085184200759e-02 9.740649232406477509e-01 2.239182044195842883e-03 1.277103863314368046e-03
2.335869345331626282e-02 9.738605353453143598e-01 1.805406087924297902e-03 9.753651134451629418e-04
2.337609445124507954e-02 9.743786374324426847e-01 1.503173762344488977e-03 7.420943539679904439e-04
2.320529297952900888e-02 9.748767357776022546e-01 1.330025927993599153e-03 5.879453148751028618e-04
2.299858809261909331e-02 9.752827312610001798e-01 1.234258498513747439e-03 4.844221478671099728e-04
2.269121209872210915e-02 9.757459499423003502e-01 1.155728212265157238e-03 4.071097467123071210e-04
2.262934470294517691e-02 9.759722377734254550e-01 1.048852171836772316e-03 3.495653517924180364e-04
2.331624714107081303e-02 9.754700778001887951e-01 9.013091695662218353e-04 3.123658891742227446e-04
2.503318299367766550e-02 9.739378429672896909e-01 7.397113996848600709e-04 2.892626393477589625e-04
2.821374151998453164e-02 9.708997018377201194e-01 6.090367614695993718e-04 2.775198808257566766e-04
3.432969371780644069e-02 9.648260463832730727e-01 5.497507892878965427e-04 2.945091096324965307e-04
4.710290754963863957e-02 9.518968013303794606e-01 6.093479617904360227e-04 3.909431581913398973e-04
7.287627715064511069e-02 9.256002969127639091e-01 8.551821209999802302e-04 6.682438155907855599e-04
1.193829876442248222e-01 8.784807754543367819e-01 9.287855832729876400e-04 1.207451318165855434e-03
1.903233548795752184e-01 8.060702776970357641e-01 1.342927393074733406e-03 2.263440030314426126e-03
2.849935700577033715e-01 7.086840999808123875e-01 2.059221996012899295e-03 4.263107965471275330e-03
3.912961843007428109e-01 5.975934865862750911e-01 3.269712322415639465e-03 7.840616790566547895e-03
4.852912233850783519e-01 4.959123245841634553e-01 5.468771930134785908e-03 1.332768010062335487e-02
5.541479657329384523e-01 4.177766845911420890e-01 7.483337523847860551e-03 2.059201215207172309e-02
5.940703092478197833e-01 3.651834323361433099e-01 1.048347090819011333e-02 3.026278750784661825e-02
6.142684242918502457e-01 3.271169400986790321e-01 1.507737810453894933e-02 4.353725750493180058e-02
6.154649760114268009e-01 3.000310464137982969e-01 2.270311378476457323e-02 6.180086379001054064e-02
5.975217986044556451e-01 2.842050694074885753e-01 3.314355142814360417e-02 8.512958055991216855e-02
5.614206391628634440e-01 2.812304274271182347e-01 4.705084794143859356e-02 1.102980854685793044e-01
5.165199849909857255e-01 2.893631539813693032e-01 6.406980331668529760e-02 1.300470577109594794e-01
4.773457356553926223e-01 3.042589315893175494e-01 8.428420651411069886e-02 1.341111262411792682e-01
4.536262221446856757e-01 3.201861806349464157e-01 1.084254399922639223e-01 1.177621572281038337e-01
4.425514495525419423e-01 3.327387452937583534e-01 1.348408253084487363e-01 8.986897984525084315e-02
4.392192190399064056e-01 3.389237769482047469e-01 1.575274009445379875e-01 6.432960306735102662e-02
4.431259443509112383e-01 3.369707352229097674e-01 1.732279767584160857e-01 4.667534366776295712e-02
4.594183893029093468e-01 3.245795801851538154e-01 1.806069783043379728e-01 3.539505220759899679e-02
4.844143310024469073e-01 3.049252355819550009e-01 1.822607978032620146e-01 2.839963561233632694e-02
5.126859574463363822e-01 2.803151968308932873e-01 1.830146383400616805e-01 2.398420738270873667e-02
5.389523259063770944e-01 2.518592409190644199e-01 1.882001658506830821e-01 2.098826732387567770e-02
5.580560704536267069e-01 2.202122819330878944e-01 2.027048404627335154e-01 1.902680715055196994e-02
5.561304887299126642e-01 1.926326452250063936e-01 2.336484530980444396e-01 1.758841294703646432e-02
5.302333603948942153e-01 1.652755156379373813e-01 2.886719966845918139e-01 1.581912728257625633e-02
4.802935241757706475e-01 1.338485257747361046e-01 3.726169696539034515e-01 1.324098039558986584e-02
4.120163069067233064e-01 9.532605986651010443e-02 4.828930827210343724e-01 9.764550505732100608e-03
3.261634894800229945e-01 5.969281258230494519e-02 6.079315993138617591e-01 6.212098623810444371e-03
2.322295531663506885e-01 3.452104494955781505e-02 7.296135855628393951e-01 3.635816321252181155e-03
1.462797702088290408e-01 2.037785709934727962e-02 8.311817118214875899e-01 2.160660870336020278e-03
8.490975681934238850e-02 1.279418644429305453e-02 9.009167279706135067e-01 1.379328765751107466e-03
4.863726199989455018e-02 9.319500031433511703e-03 9.410898791408498498e-01 9.533588278222641498e-04
2.633037384828014124e-02 6.818831451818148023e-03 9.662082483614403694e-01 6.425463384611645014e-04
1.252453371634333797e-02 4.588122115510327899e-03 9.825001321459937431e-01 3.872120221526453919e-04
5.020605309962898263e-03 2.729601557454327827e-03 9.920461138817021629e-01 2.036792508805346214e-04
1.768208290237316882e-03 1.505024303619984828e-03 9.966247277312553221e-01 1.020396748870215290e-04
1.008946678558588700e-06 1.222594292208918767e-06 9.999629161953746959e-01 3.485226365467007474e-05
2.724157444617226029e-07 3.726173255210320367e-07 9.999754839362718917e-01 2.387103065806755496e-05
1.209070242039607887e-07 1.788649028086262193e-07 9.999806538384173882e-01 1.904638965567462250e-05
9.349443620938556184e-08 1.442891533055861162e-07 9.999824705470667929e-01 1.729166934370965039e-05
1.003904678897018226e-07 1.585351489793494105e-07 9.999843675664108478e-01 1.537350797222896060e-05
1.259012185318327244e-07 2.018700223458963802e-07 9.999867472221977138e-01 1.292500656156715918e-05
2.051430645774746312e-07 3.319570563157879420e-07 9.999873149506689485e-01 1.214794921019031960e-05
4.689166949239620324e-07 7.599495936608160674e-07 9.999848434221834115e-01 1.392771152790976978e-05
1.522382221651018958e-04 1.462529783151633343e-03 9.983621068821805222e-01 2.312511250286359893e-05
3.296474433781854270e-04 2.558360087492056976e-03 9.970810986631256645e-01 3.089380600373503106e-05
6.867303448108688559e-04 4.514209995358660008e-03 9.947583367275850685e-01 4.072293224555902921e-05
1.371941524491432926e-03 8.019120173117256015e-03 9.905499695115770331e-01 5.896879081398970028e-05
3.975020010827885579e-03 1.318997505439086122e-02 9.827285558245305586e-01 1.064491102504716856e-04
6.616373642635869912e-03 1.891695779193425936e-02 9.742869279349700706e-01 1.797406304595842346e-04
1.013685261352294253e-02 2.334222965470517802e-02 9.662229988866432029e-01 2.979188451286443563e-04
1.522554623665543089e-02 2.627447437595840235e-02 9.580089130528577357e-01 4.910663345285032778e-04
2.315800225467434456e-02 2.888114485158508118e-02 9.471269504727457544e-01 8.339024209949976243e-04
3.575317409960888232e-02 3.217168912590806507e-02 9.306165023496064670e-01 1.458634424876704017e-03
5.607824983360470972e-02 3.816069247527592578e-02 9.030528146849676752e-01 2.708243006151426959e-03
8.918847661443794761e-02 5.096672240567421547e-02 8.540632181142179258e-01 5.781582865669816600e-03
1.390523858390979306e-01 7.472802333035753752e-02 7.720171329237643931e-01 1.420245790677995487e-02
2.025105087929044423e-01 1.108315104173383525e-01 6.500422628938224978e-01 3.661571789593473514e-02
2.657103026157651704e-01 1.539116703113199147e-01 4.908268888682354447e-01 8.955113820467937302e-02
3.014067509924117649e-01 1.845158194110753103e-01 3.239971675324762601e-01 1.900802620640368867e-01
2.880785620415994841e-01 1.802647855989867320e-01 1.971197822580188219e-01 3.345368701013952117e-01
2.420148504429180114e-01 1.476309735034150306e-01 1.218565897613932275e-01 4.884975862922737999e-01
1.919388859025115690e-01 1.095051515732631126e-01 8.127615063610581225e-02 6.172798118881197560e-01
1.502319396086546077e-01 7.899261103497220993e-02 5.871354728148777541e-02 7.120619020748852890e-01
1.178765221226356630e-01 5.850973867807695433e-02 4.455297101485967276e-02 7.790607681844274879e-01
9.089759784679009302e-02 4.503047013770320600e-02 3.357508111715113569e-02 8.304968508983552322e-01
