2.565581515202559199e-02 5.359729733854555755e-01 5.217375927434719091e-03 4.331538355350839642e-01
7.072113856234880924e-02 7.786059381820226166e-01 1.134202306470312839e-03 1.495387209491582936e-01
6.485533535846277342e-02 7.627398440988207851e-01 9.025644826745965943e-04 1.715022560600418244e-01
5.879153740387595833e-02 7.447748135253392521e-01 8.028292289680932043e-04 1.956308198418162114e-01
5.382191438578944748e-02 7.235336275391323069e-01 7.690272448529286578e-04 2.218754308302253175e-01
4.972223321623480546e-02 6.956593163247213329e-01 7.750812143668338013e-04 2.538433692446768752e-01
4.543057555087477023e-02 6.586559519579978650e-01 8.060581875080000255e-04 2.951074143036193087e-01
4.084199557970821792e-02 6.192707977450671031e-01 8.540995293796294161e-04 3.390331071458453915e-01
3.761113301913377588e-02 5.861329005102328127e-01 9.449761010713395980e-04 3.753109903695616700e-01
3.691063977989648276e-02 5.576146412187339418e-01 1.097288759743751717e-03 4.043774302416261457e-01
3.924125059565088114e-02 5.304091477837449276e-01 1.347010804795235059e-03 4.290025908158089929e-01
4.515109691866556196e-02 5.167587786887460899e-01 1.819076596285467166e-03 4.362710477963025468e-01
5.469201651189965069e-02 5.314110926225420473e-01 2.751079797574358578e-03 4.111458110679840350e-01
6.581660565269549512e-02 5.763363039831981283e-01 4.469551251389119149e-03 3.533775391127172427e-01
7.454239063110724983e-02 6.442416675469523346e-01 7.324008645230428022e-03 2.738919331767096788e-01
7.690457170295349199e-02 7.236203219047753210e-01 1.161210791460667857e-02 1.878629984776642170e-01
7.679791959710104143e-02 7.923976178828605610e-01 1.774628914765482429e-02 1.130581733723835108e-01
8.109974877794787207e-02 8.296891390755044560e-01 2.703323767991755097e-02 6.217787446663027018e-02
1.018512063391914246e-01 8.213811522423816180e-01 4.192425212414042923e-02 3.484338929428667381e-02
1.461846360729435468e-01 7.710780142311821628e-01 6.153030001608144478e-02 2.120704967979292546e-02
2.178663423113963160e-01 6.893742669155152880e-01 7.905303460410600946e-02 1.370635616898254784e-02
3.150405127611783929e-01 5.881586508553526826e-01 8.752331899645235391e-02 9.277517387016803035e-03
4.285706668255518936e-01 4.813196587910032465e-01 8.346705403497074738e-02 6.642620348474044881e-03
5.558304965146526611e-01 3.689592429843677746e-01 7.021233658602246686e-02 4.997923914956976105e-03
6.854514761296730541e-01 2.572103507743755957e-01 5.355416326974427044e-02 3.784009826207033415e-03
7.932049137506097525e-01 1.651409074605717231e-01 3.880999738101573171e-02 2.844181407802825676e-03
8.680967384938699238e-01 1.021181556124312190e-01 2.764058411010449426e-02 2.144521783594132650e-03
9.163583566708015660e-01 6.267714108715886911e-02 1.935854248840632175e-02 1.605959753632998140e-03
9.466270452481866382e-01 3.870180789367832358e-02 1.348573160010201749e-02 1.185415258033011617e-03
9.654643441097791046e-01 2.428910270238467117e-02 9.377347818552837777e-03 8.692053692835343716e-04
9.760448449660313885e-01 1.630223878849655292e-02 6.979401274668501146e-03 6.735149708035830874e-04
9.810029166854563609e-01 1.259477339664376132e-02 5.798519224604574765e-03 6.037906932953628417e-04
9.820360148460711702e-01 1.192072480941366863e-02 5.396644262425645371e-03 6.466160820893720063e-04
9.798199056163530152e-01 1.384582375541846752e-02 5.538954013031475651e-03 7.953166151972178343e-04
9.744476368284852308e-01 1.842961441496352229e-02 6.062496722360353509e-03 1.060252034190938518e-03
9.674319268006793537e-01 2.461854328107468751e-02 6.546867771422009222e-03 1.402662146823815091e-03
9.623007810828563269e-01 2.955144783438802200e-02 6.437244669246507123e-03 1.710526413509248951e-03
9.608818803486031124e-01 3.156426158988703823e-02 5.647396477560079862e-03 1.906461583949532962e-03
9.604368941566208129e-01 3.280264344597133563e-02 4.696107970179620381e-03 2.064354427228401109e-03
9.555264351337976469e-01 3.786544346938371108e-02 4.175415231238850146e-03 2.432706165579970065e-03
9.430375203458871702e-01 4.927829380237064294e-02 4.397265556982431559e-03 3.286920294759858047e-03
9.230956129783632891e-01 6.725910626427247796e-02 4.969028768682627432e-03 4.676251988681779867e-03
9.110508176199464403e-01 7.762081922194601080e-02 5.433601231714342734e-03 5.894761926393395253e-03
9.158883937842172696e-01 7.214427385342801757e-02 5.609250147711484190e-03 6.358082214643416032e-03
9.302237193367209889e-01 5.781362434715881654e-02 5.669264189604954381e-03 6.293392126515553325e-03
9.442813521032827895e-01 4.429925929416822505e-02 5.253474838140368038e-03 6.165913764408494264e-03
9.570471256180236308e-01 3.182183405456504716e-02 5.076463326829751439e-03 6.054577000581543716e-03
9.652923534095156910e-01 2.342444882338124909e-02 4.994804893396748331e-03 6.288392873706544900e-03
9.657326529677601190e-01 2.045467069056259787e-02 6.288085894719249759e-03 7.524590446957855547e-03
9.620859865147095569e-01 2.011789722687279056e-02 7.717134873237311080e-03 1.007898138518046466e-02
9.483601366024351220e-01 2.465909163146860414e-02 1.102546804316855561e-02 1.595530372292779803e-02
9.163393290138324154e-01 3.673025137270231194e-02 1.767767994022549291e-02 2.925273967323959931e-02
8.590170055442831742e-01 5.742601900762178690e-02 2.829578104080088252e-02 5.526119440729436449e-02
7.810110689296108077e-01 8.151989184188004889e-02 4.090743569854750350e-02 9.656160352996168150e-02
6.905078869522821572e-01 1.006391612332036556e-01 5.533386917075536898e-02 1.535190826437587142e-01
5.940027351976561176e-01 1.100059476362836991e-01 6.866940065391435866e-02 2.273219165121460328e-01
4.895187961960500989e-01 1.112909544890516716e-01 7.702135737875377697e-02 3.221688919361443970e-01
3.779377378279593636e-01 1.064762406186458427e-01 7.715645337090425160e-02 4.384295681824904589e-01
2.750901307991475697e-01 9.473520514885401533e-02 6.895561331636700098e-02 5.612190507356314972e-01
1.938542053012569377e-01 7.827352868827885946e-02 5.638656806880075478e-02 6.714856979416634619e-01
1.351659170608867366e-01 6.251992085355040363e-02 4.447878765308808935e-02 7.578353744324748398e-01
9.685557237650083140e-02 5.213795896695446602e-02 3.691443594089692526e-02 8.140920327156478953e-01
7.648383649534289119e-02 4.913952898371830996e-02 3.487525306101171840e-02 8.395013814599272539e-01
6.954214154443953688e-02 5.266421455036917471e-02 3.705803855863559759e-02 8.407356053465554480e-01
6.988829894915932206e-02 5.922033290748566353e-02 4.067185435017690170e-02 8.302195137931782654e-01
7.070321264809999173e-02 6.353950192034261979e-02 4.247546322471346114e-02 8.232818222068439828e-01
6.744859822674760530e-02 6.326906833511697359e-02 4.110938275435996325e-02 8.281729506837756105e-01
6.209927809783918201e-02 6.249620374246654675e-02 3.893230922383970199e-02 8.364722089358544999e-01
5.865919292731328755e-02 6.597588844917751105e-02 3.946717891825621272e-02 8.358977397052530511e-01
5.785393016641258296e-02 7.513387506432918361e-02 4.438954805206353493e-02 8.226226467171945389e-01
5.796752709420659178e-02 8.910944588777211517e-02 5.349719613317151928e-02 7.994258308848498640e-01
5.690664992664667965e-02 1.051732069449785728e-01 6.518622314753458324e-02 7.727339199808404002e-01
6.323671426076150626e-01 7.770639942694021474e-02 1.884325697813797329e-01 1.014938881840648233e-01
1.637613363433381916e-02 7.864417368254829066e-01 3.612239729888206026e-03 1.935698898102949927e-01
1.379128454318091432e-02 7.898288958407141402e-01 2.990615228819094602e-03 1.933892043872860178e-01
1.269045245298140723e-02 7.717187488425648612e-01 2.836747222769134876e-03 2.127540514816846084e-01
1.282940702614803787e-02 7.282771819812472458e-01 3.027730054737232720e-03 2.558656809378673791e-01
1.235074172713063363e-02 6.616103076785218029e-01 3.212533027295386926e-03 3.228264175670518821e-01
1.204882031464846702e-02 5.765132135490995680e-01 3.541349099237835890e-03 4.078966170370140754e-01
1.139993467581093198e-02 4.844819019863380039e-01 4.048989558069875268e-03 5.000691737797809955e-01
1.060383868078755565e-02 3.934332594867899213e-01 4.775888124843996087e-03 5.911870137075785347e-01
9.801891293860500246e-03 3.058615892368170552e-01 5.514381596045164237e-03 6.788221378732772759e-01
9.172451404416323215e-03 2.291446184141456843e-01 6.008590987786632288e-03 7.556743391936513454e-01
9.039229525822266992e-03 1.745259573880554860e-01 6.324036063280150111e-03 8.101107770228420657e-01
9.686074115803171986e-03 1.441890053836407948e-01 6.784541196059503537e-03 8.393403793044966754e-01
1.164987045573471179e-02 1.305009864480271287e-01 7.336054187444495528e-03 8.505130889087935131e-01
1.264777079101139096e-02 1.263994892654531077e-01 8.566615276001681226e-03 8.523861246675338288e-01
1.496241669570783084e-02 1.255964080729894683e-01 1.073733023614653788e-02 8.487038449951559427e-01
1.674885683881537080e-02 1.281610238584843797e-01 1.280285811330668551e-02 8.422872611893934547e-01
1.949388215288958351e-02 1.374119538447488298e-01 1.558630185368050508e-02 8.275078621486809949e-01
2.376848653549778687e-02 1.543422131908234463e-01 1.907309541897878047e-02 8.028162048547001772e-01
2.970754920503066929e-02 1.788147063590131147e-01 2.319321428777784341e-02 7.682845301481784350e-01
3.743512641893390752e-02 2.101425923720233457e-01 2.827281915382777455e-02 7.241494620552150208e-01
4.625033528458020321e-02 2.439476180564192909e-01 3.416219683252227218e-02 6.756398498264779562e-01
5.545433411988699712e-02 2.771887099407031041e-01 4.028584767132230987e-02 6.270711082680873183e-01
6.614893528798113098e-02 3.148928899024524553e-01 4.674868504452823342e-02 5.722094897650381595e-01
8.106714558017841243e-02 3.645288251095000209e-01 5.435538415124202549e-02 5.000486451590794301e-01
1.020146200761386929e-01 4.239635836976778926e-01 6.345782168065298989e-02 4.105639745455303968e-01
1.276054258566134414e-01 4.765887116918198219e-01 7.353696711916460349e-02 3.222688953324022720e-01
1.539612564167871511e-01 5.064625152498106742e-01 8.459589351814236768e-02 2.549803348152596683e-01
1.771323253645238904e-01 5.138918022213188053e-01 9.731465730988970997e-02 2.116612151042679690e-01
1.947821802184108442e-01 5.050678643838063531e-01 1.128639992978260481e-01 1.872859560999564077e-01
2.047443538380515626e-01 4.853218202030357142e-01 1.330435648984847341e-01 1.768902610604278780e-01
2.033233831154823423e-01 4.608825571482830785e-01 1.601031184388755357e-01 1.756909412973592377e-01
1.895724324081058398e-01 4.348215043061743335e-01 1.957044099487074695e-01 1.799016533370123849e-01
1.682169969373395191e-01 4.059419634201235083e-01 2.393898675785265939e-01 1.864511720640106840e-01
1.449869892880495115e-01 3.728831614569936836e-01 2.891197366336809571e-01 1.930101126212759866e-01
1.237591142806193090e-01 3.357942013108494161e-01 3.421329545223132929e-01 1.983137298862180653e-01
1.069083435586528769e-01 2.965995304391476628e-01 3.951595750618872027e-01 2.013325509403123548e-01
9.427059592864510396e-02 2.582057562233402437e-01 4.471851989923141257e-01 2.003384488557007070e-01
8.342730768192542501e-02 2.226116554019017535e-01 4.993262401255461058e-01 1.946347967906269238e-01
7.195435863672947074e-02 1.911763166306195139e-01 5.507737803685379685e-01 1.860955443641131302e-01
5.855020485474408953e-02 1.633345130550689639e-01 6.025050768742273855e-01 1.756102052159592697e-01
4.387840016244631824e-02 1.376530602618878385e-01 6.563083640817197750e-01 1.621601754939458739e-01
3.063534902620417347e-02 1.146861202711589173e-01 7.071170466920182474e-01 1.475614840106188042e-01
2.095639858857568580e-02 9.558914195595918928e-02 7.467740754072658138e-01 1.366803840481990995e-01
1.464800409181305982e-02 8.046322740898569081e-02 7.700960410308718140e-01 1.347927274683295429e-01
1.050553731427168909e-02 6.932188605799989578e-02 7.735369131399278952e-01 1.466356634878002718e-01
7.958902060245628268e-03 5.749954221816189898e-02 7.632565597163375459e-01 1.712849960052550691e-01
6.264384177179418284e-03 4.929334837590131080e-02 7.439006648100411345e-01 2.005416026368783688e-01
4.972156609919413731e-03 4.237465563452463141e-02 7.319222788136826585e-01 2.207309089418731385e-01
3.953280372009087586e-03 3.796001014973944543e-02 7.387544674254947763e-01 2.193322420527569483e-01
3.029190554411132635e-03 3.538797820875760197e-02 7.659804867182764543e-01 1.956023445185548770e-01
2.295769782778895110e-03 3.223486694932581331e-02 8.018909055564069632e-01 1.635784577114885174e-01
1.520627553729103241e-03 3.016071216990020773e-02 8.257584911730264654e-01 1.425601691033444585e-01
1.096886341445669089e-03 2.888267276052769797e-02 8.266635616920948726e-01 1.433568792059317365e-01
9.586947081550754391e-04 2.810659518886619163e-02 8.055329049489748927e-01 1.654018051540037393e-01
5.119883503488782770e-04 2.751223571520526254e-02 7.731468318061911482e-01 1.988289441282548586e-01
4.086322337430920749e-04 2.500646829188043346e-02 7.537079251150580195e-01 2.208769743593182733e-01
3.383760430619436464e-04 2.182785976070863304e-02 7.682993151603149107e-01 2.095344490359147827e-01
5.893541904834590254e-04 1.809078823697933894e-02 8.157464683025513752e-01 1.655733892699857990e-01
3.154010271897356361e-04 1.520994233957692794e-02 8.763873690323030763e-01 1.080872876009302125e-01
2.273960822923368338e-04 1.205894609305527103e-02 9.276734696766860688e-01 6.004018814796636960e-02
1.766637431027923253e-04 8.940215426635651774e-03 9.589632374931755798e-01 3.191988333708610515e-02
1.536705423596247786e-04 6.762055740328913080e-03 9.743312855642993764e-01 1.875298815301206304e-02
1.672425000471013373e-04 5.703749941402667771e-03 9.810488189229401579e-01 1.308018863560980564e-02
2.226485603103065208e-04 5.460922464571075184e-03 9.835678198813455619e-01 1.074860909377285852e-02
3.465571480966900719e-04 5.864625523006366560e-03 9.836952577225236416e-01 1.009355960637334064e-02
6.304790886153346669e-04 7.080500430021828898e-03 9.817829238466135866e-01 1.050609663474902020e-02
1.326881049606158398e-03 9.641604202784917130e-03 9.773580437591207204e-01 1.167347098848832421e-02
3.109048089362043479e-03 1.481714109609308036e-02 9.683819013347727545e-01 1.369190947977203497e-02
9.411628907762129362e-03 2.422615023007972448e-02 9.485440510519793644e-01 1.781816981017913387e-02
2.330785266512485493e-02 4.611739884137790180e-02 9.033620432190613281e-01 2.721270527443592560e-02
5.060686253412109703e-02 8.957424588379279962e-02 8.114825526718015825e-01 4.833633891028427804e-02
3.348905115363318835e-02 7.965857530152165022e-01 1.331570816336583030e-01 3.676811419749211746e-02
5.246908618882487052e-02 8.877735640765961611e-02 8.556315529951860066e-01 3.122004408329746589e-03
8.013415675884280609e-02 1.262342786394217153e-01 7.899605285935155097e-01 3.671036008219795421e-03
1.289907228500418723e-01 1.648481083944836334e-01 7.018835940613156188e-01 4.277574694158653434e-03
2.062629127616494584e-01 1.932761203254127758e-01 5.955872390006508033e-01 4.873727912287149910e-03
3.072201985296101889e-01 2.023455825274365349e-01 4.851335893391860998e-01 5.300629603767262159e-03
4.151649197947980263e-01 1.919954851790499628e-01 3.874259787565905166e-01 5.413616269561223604e-03
5.108235297650294271e-01 1.712809142354522196e-01 3.126315288947642546e-01 5.264027104753974708e-03
5.803968209699232883e-01 1.512270015821673697e-01 2.632273727164716748e-01 5.148804731437708025e-03
6.165176727354868547e-01 1.382803888623555522e-01 2.399222916859788113e-01 5.279646716179101085e-03
6.165096905637758029e-01 1.345669836002383046e-01 2.431446027936311760e-01 5.778723042354651403e-03
5.862933404889865141e-01 1.372345925534904365e-01 2.698776882170702551e-01 6.594378740452775181e-03
5.427626409446271172e-01 1.390524190118836434e-01 3.108252550309851814e-01 7.359685012504542032e-03
5.033429300516497618e-01 1.356493310570494049e-01 3.531899680021413634e-01 7.817770889159291262e-03
4.743884260829757116e-01 1.289450354922218323e-01 3.886488120466967677e-01 8.017726378105565280e-03
4.538306537935726803e-01 1.211785194392380471e-01 4.169034559199528145e-01 8.087370847236513560e-03
4.333722843223459242e-01 1.162262356385316137e-01 4.422433886724209673e-01 8.158091366701474001e-03
4.083408160611222137e-01 1.146508021689947310e-01 4.688699336040650367e-01 8.138448165817987329e-03
3.807539607745217825e-01 1.113596770252378854e-01 4.999586154458896536e-01 7.927746754350492933e-03
3.616607161433990636e-01 1.046620633929000038e-01 5.261248710870165546e-01 7.552349376684495096e-03
3.662255781234972085e-01 9.516964592076662677e-02 5.313695210254546497e-01 7.235254930281322452e-03
4.005494507133561810e-01 8.541632006025316748e-02 5.069749074157406943e-01 7.059321810650029221e-03
4.600628894893141752e-01 7.660470116593819101e-02 4.564616258651784664e-01 6.870783479569385170e-03
5.382348357908773862e-01 6.799004587177845393e-02 3.872765396182044628e-01 6.498578719139650253e-03
6.301293235403486737e-01 5.823697082185354257e-02 3.057536268916706268e-01 5.880078746127246313e-03
7.266276843818453290e-01 4.694814649085536640e-02 2.213667335522070401e-01 5.057435575092269694e-03
8.085074950031747587e-01 3.733694013406606282e-02 1.498848157812412984e-01 4.270749081518077778e-03
8.624100010053711296e-01 3.081699479643044970e-02 1.030331438932096527e-01 3.739860304989065486e-03
8.916590701889900439e-01 2.698898792899914398e-02 7.803395546795348359e-02 3.317986414057561874e-03
9.058539526111850648e-01 2.472558288948860719e-02 6.659678818900369168e-02 2.823676310322549565e-03
9.103667132933445094e-01 2.382233895920768049e-02 6.349298115251610086e-02 2.317966594931577390e-03
9.071781802885652279e-01 2.449775931901034334e-02 6.642504612060479152e-02 1.899014271819545905e-03
8.965010175704698492e-01 2.740398841146046358e-02 7.445288385005419118e-02 1.642110168015798767e-03
8.768085243469322387e-01 3.387229747275032066e-02 8.771125610828001129e-02 1.607922072037785586e-03
8.436136945839280976e-01 4.581306091799108859e-02 1.087784911509899061e-01 1.794753347090902737e-03
7.876311913839508794e-01 6.621308768372521913e-02 1.439749747106585098e-01 2.180746221665345267e-03
7.010628311146254177e-01 9.679848825127511380e-02 1.994006255067803102e-01 2.738055127318761092e-03
5.866693011721766382e-01 1.377996804065121650e-01 2.721100536826535632e-01 3.420964738657762856e-03
4.718083600979734449e-01 1.780540915507700106e-01 3.460268650175595262e-01 4.110683333697122410e-03
3.813503586394025868e-01 2.063040726811078696e-01 4.076652266272909886e-01 4.680342052198439677e-03
3.217777312105243315e-01 2.166953242041909367e-01 4.564966998452887892e-01 5.030244739995794363e-03
2.855767174953325882e-01 2.082847883765511776e-01 5.010893021004867443e-01 5.049192027629247938e-03
2.604062529367625611e-01 1.867825000037689753e-01 5.480645109519326486e-01 4.746736107535729117e-03
2.377951875898213496e-01 1.634538568698974403e-01 5.943378731855710750e-01 4.413082354710206982e-03
2.129768535252486716e-01 1.459113568028896912e-01 6.368310046886694886e-01 4.280784983192481574e-03
1.833627834198836015e-01 1.351600268660751170e-01 6.771054103954724512e-01 4.371779318568833755e-03
1.532568778478173022e-01 1.304322119955430570e-01 7.116022459453054116e-01 4.708664211334102553e-03
1.302679375841141740e-01 1.294612673100244415e-01 7.350725699513179778e-01 5.198225154543360642e-03
1.175916369237495623e-01 1.270911139011228208e-01 7.498261994670010200e-01 5.491049708126521413e-03
1.164571958179224792e-01 1.181027333534891838e-01 7.601312272712552609e-01 5.308843557333050960e-03
1.293953878221066056e-01 1.013070146676979671e-01 7.646376653396218526e-01 4.659932170573386455e-03
1.598711720295343253e-01 8.063177405078571225e-02 7.557848255702089846e-01 3.712228349471191277e-03
2.069361747699526299e-01 5.930916341875384218e-02 7.311263145395880958e-01 2.628347271705549180e-03
2.569479157679684378e-01 3.973906285852056575e-02 7.016369331141967258e-01 1.676088259314263479e-03
2.888611612764729886e-01 2.551754674638490386e-02 6.845775770180092534e-01 1.043714959132815328e-03
2.840284445784775902e-01 1.688747724036331749e-02 6.984113437963032078e-01 6.727343848558067557e-04
2.388725853999832949e-01 1.188421850680384043e-02 7.487909677262304387e-01 4.522283669828981657e-04
1.751715929902797619e-01 9.028371872931666500e-03 8.154742097610878648e-01 3.258253757003182595e-04
1.205520597970876628e-01 7.541915757930199235e-03 8.716275048033590434e-01 2.785196416231419539e-04
8.741053987553790150e-02 7.320836499054494614e-03 9.049902778777597634e-01 2.783457476480222605e-04
7.052567356612490790e-02 8.107056758440544381e-03 9.210171382616263447e-01 3.501314138081932227e-04
6.410746450315810141e-02 9.274449481940130746e-03 9.261445646010051380e-01 4.735214138965293225e-04
6.439579558853324170e-02 9.902540427699240214e-03 9.251267098842091974e-01 5.749540995581946127e-04
7.018368847421885270e-02 9.854670448689234474e-03 9.193314834988423057e-01 6.301575782496889131e-04
8.050144337311510023e-02 9.460713678258797152e-03 9.093725149744894543e-01 6.653279741365185828e-04
9.398639842220501972e-02 9.124656386414683323e-03 8.961788601876359284e-01 7.100850037441311467e-04
1.082139588432867311e-01 9.002889814316437228e-03 8.820157205745514650e-01 7.674307678453468106e-04
1.210757941947355615e-01 9.093632945156924011e-03 8.689993799189715817e-01 8.311929411360180963e-04
1.309306286883521742e-01 9.290313765859510922e-03 8.588842753084288129e-01 8.947822373596053857e-04
1.352810238343254978e-01 9.497394818713597933e-03 8.542647436360865099e-01 9.568377108742132141e-04
1.316787724302165841e-01 9.699807858056996510e-03 8.575965568945655981e-01 1.024862817160953352e-03
1.214649006527573349e-01 9.882473526540475409e-03 8.675404278855147755e-01 1.112197935187267134e-03
1.271876782947089710e-02 3.403166776952586819e-02 9.251758596148274005e-01 2.807370478617560519e-02
8.248003672996543356e-01 1.277359438800561853e-01 2.772906978886064116e-03 4.469078184140348048e-02
8.236757564164836065e-01 1.257831520498661759e-01 3.186613058217407056e-03 4.735447847543280270e-02
8.220076262980805515e-01 1.229281718641805909e-01 3.589865083474269407e-03 5.147433675426470179e-02
8.172503442810062912e-01 1.200662679771268837e-01 3.932816184842182795e-03 5.875057155702454598e-02
8.081560858560009608e-01 1.164044634377805754e-01 4.187389671084640677e-03 7.125206103513384570e-02
7.943297799854883712e-01 1.103324345019198321e-01 4.332594699024836654e-03 9.100519081356679696e-02
7.787310977445145443e-01 9.915297115004698125e-02 4.148995753092345369e-03 1.179669353523461472e-01
7.577515522602099596e-01 8.673589110156235127e-02 3.868510951602842883e-03 1.516440456866245123e-01
7.267498233074015657e-01 7.486831852262508524e-02 3.480775696794346803e-03 1.949010824731792491e-01
6.760316437025433167e-01 6.392295229076319640e-02 3.001527255658074933e-03 2.570438767510356270e-01
5.923998176485671951e-01 5.591387305712788164e-02 2.655728483612848113e-03 3.490305808106921592e-01
4.731726228277741697e-01 5.079292408136631271e-02 2.143308073031859658e-03 4.738911450178276974e-01
3.317213991161794828e-01 4.430014618277394733e-02 1.699860077980627250e-03 6.222785946230662280e-01
2.004672443009212213e-01 3.562972848964215261e-02 1.220956450228647371e-03 7.626820707592083526e-01
1.114380246707617761e-01 2.630297164305771263e-02 8.173649763585372078e-04 8.614416387098217109e-01
6.405288315370132046e-02 2.035894903620697263e-02 5.729671489128479456e-04 9.150152006611786959e-01
4.063329147180590184e-02 1.685767175770642307e-02 4.462345849285969290e-04 9.420628021855593781e-01
2.938374309001568971e-02 1.548142824460944401e-02 3.922515745509744332e-04 9.547425770908239961e-01
2.451750508172720680e-02 1.579640914974690322e-02 3.945087293134067158e-04 9.592915770392125285e-01
2.405351138685744503e-02 1.642025822316845601e-02 4.181222435743192352e-04 9.591081081463999070e-01
2.473951483426038017e-02 1.901921751171083835e-02 5.216728061068689071e-04 9.557195948479216829e-01
2.570912364660334418e-02 2.220298957791680752e-02 6.901337436628907085e-04 9.513977530318168396e-01
2.577905143586578171e-02 2.530459573996396427e-02 9.341177748011913464e-04 9.479822350493691818e-01
2.502355173382215733e-02 2.844867454859645317e-02 1.292487442888680307e-03 9.452352862746928874e-01
2.400574282291918077e-02 3.233894668615586165e-02 1.853728403163549003e-03 9.418015820877616573e-01
2.298371248386372676e-02 3.731969893221688539e-02 2.742781906048620370e-03 9.369538066778708707e-01
2.221562235912272892e-02 4.316909575815835315e-02 4.154606495938548832e-03 9.304606753867805669e-01
2.231256807005236806e-02 4.987111920772032553e-02 6.493578603601652885e-03 9.213227341186258634e-01
2.296565267541761726e-02 5.752500274858668439e-02 1.035297755054473759e-02 9.091563670254511065e-01
2.236076719157341700e-02 6.574088047876788798e-02 1.631578684615801050e-02 8.955825654835003480e-01
1.994402672249545594e-02 7.394019805975379778e-02 2.510018361341851897e-02 8.810155916043324043e-01
1.701071935275087071e-02 8.242336330434339720e-02 3.786887894536253296e-02 8.626970383975433032e-01
1.472846799753389432e-02 9.388534937005395264e-02 5.670976536415868463e-02 8.346764172682533678e-01
1.347758763408582125e-02 1.114221588573100219e-01 8.378082285909901894e-02 7.913194306495051622e-01
1.330957520679389335e-02 1.345997236223836768e-01 1.181649535411988250e-01 7.339257476296235927e-01
1.399756066269437771e-02 1.589976526727673312e-01 1.566177903581955078e-01 6.703869963063431303e-01
1.536878838121681287e-02 1.814668443462389980e-01 2.006204210320186032e-01 6.025439462405257629e-01
1.739123956444232899e-02 1.990577945693054462e-01 2.596750265801250346e-01 5.238759392861270792e-01
1.990310610598930788e-02 2.041801786221075221e-01 3.462433272581788568e-01 4.296733880137244554e-01
2.257640096483383430e-02 1.885292202118009075e-01 4.558596222355598693e-01 3.330347565878054028e-01
2.551680037807115692e-02 1.583061888597689093e-01 5.649064844790214757e-01 2.512705262831386177e-01
2.919564034383582279e-02 1.274451358517151023e-01 6.576918228707896441e-01 1.856674009336596320e-01
3.529382976122642096e-02 1.026026510132110603e-01 7.294465009026532831e-01 1.326570183229092703e-01
4.706728850940723741e-02 8.486998444948293252e-02 7.737690288152934137e-01 9.429369822581674943e-02
6.711926904635584501e-02 7.215198579888261465e-02 7.924652241555881771e-01 6.826352099917336325e-02
9.746620571849763659e-02 6.329612119371914869e-02 7.889896134635224767e-01 5.024805962426075190e-02
1.409799647724769844e-01 5.833123753205222972e-02 7.625478321866593356e-01 3.814096550881165143e-02
1.981320129532006535e-01 5.633469590564283563e-02 7.150050070681202019e-01 3.052828407303672525e-02
2.620167617174782859e-01 5.577763545510714543e-02 6.559057855677329352e-01 2.629981725968139061e-02
3.223250814187669233e-01 5.647603601448039634e-02 5.964127100222108568e-01 2.478617254454167085e-02
3.717696552840066282e-01 6.001192213264573694e-02 5.427492794889207106e-01 2.546914309442699365e-02
4.077384141007315832e-01 6.841585123985143013e-02 4.959580868072806514e-01 2.788764785213616523e-02
4.325548832999168147e-01 8.411879985236804524e-02 4.509704805431800634e-01 3.235583630453493093e-02
4.521050809011139537e-01 1.064088570070573503e-01 4.024884463545116420e-01 3.899761573731719277e-02
4.718050641287436231e-01 1.305947028595366433e-01 3.516102594090912414e-01 4.598997360262854078e-02
4.955781906006784254e-01 1.498386095127801354e-01 3.027411772501473752e-01 5.184202263639386965e-02
5.092505885874974991e-01 1.667209432034152394e-01 2.651620148704721958e-01 5.886645333861500323e-02
4.949407148377106269e-01 1.874610995802624691e-01 2.457908824637941581e-01 7.180730311823271816e-02
4.495717119868219425e-01 2.163035878171153947e-01 2.386843802166473683e-01 9.544031997941580803e-02
3.813521576623292164e-01 2.524851401322852906e-01 2.287022962995114150e-01 1.374604059058741057e-01
3.092525936810103238e-01 2.777023235964061199e-01 2.076046022533954705e-01 2.054404804691882247e-01
2.425272295134532630e-01 2.811988435111652529e-01 1.804316122244628284e-01 2.958423147509189888e-01
1.870393396359193161e-01 2.674889778471918333e-01 1.523282792098153704e-01 3.931434033070733136e-01
1.443028057164230105e-01 2.469757531832509068e-01 1.282551423313579853e-01 4.804662987689678477e-01
1.132491803730416441e-01 2.328931114643515710e-01 1.109966046610574852e-01 5.428611035015494801e-01
9.290739645956008763e-02 2.292501052541499607e-01 1.013443357267657663e-01 5.764981625595242409e-01
8.207321112905942295e-02 2.352064881817627073e-01 9.944012031886001468e-02 5.832801803703180354e-01
7.963773567734724890e-02 2.496521767779036338e-01 1.066971192149416547e-01 5.640129683298075181e-01
8.325969388124407344e-02 2.699371676936408448e-01 1.237934258666940207e-01 5.230097125584209916e-01
8.915098775289470590e-02 2.896760957384470481e-01 1.475559093339489369e-01 4.736170071747093369e-01
9.331592433584406932e-02 3.004995249576565275e-01 1.700983003290894580e-01 4.360862503774095567e-01
1.105820068825670403e-02 6.583951194907422533e-02 2.509515232887785108e-02 8.980071350337911484e-01
8.724044830466334832e-03 6.257168950924332784e-02 2.342321672246788083e-02 9.052810489378225745e-01
7.684582786127703430e-03 5.925148795018225084e-02 2.351210806830265204e-02 9.095518211953871335e-01
7.903336952154373096e-03 5.634567221536474629e-02 2.579487309956003324e-02 9.099561177329207329e-01
9.513915593004157456e-03 5.406814755896242886e-02 3.028722082483057548e-02 9.061307160232028313e-01
1.294164157535592115e-02 5.274326681543901191e-02 3.676861598131801745e-02 8.975464756278866973e-01
1.873541248074372251e-02 5.222108153738259928e-02 4.453955201555822446e-02 8.845039539663153150e-01
2.721784036035384755e-02 5.174261050000260320e-02 5.208851532745209512e-02 8.689510338121916311e-01
3.804696195888452454e-02 5.101169992831424554e-02 5.749291004768777857e-02 8.534484280651132293e-01
5.012636990093609357e-02 5.096011585763241675e-02 5.944189933621888550e-02 8.394716149052127152e-01
6.225827468590258706e-02 5.217170587223299988e-02 5.791284616224087745e-02 8.276571732796232927e-01
7.342492531485440843e-02 5.475932206395352914e-02 5.457670035966544902e-02 8.172390522615264885e-01
8.382447761501549133e-02 5.947675714282013582e-02 5.266522859340943413e-02 8.040335366487548763e-01
9.643207213239836373e-02 6.787987851512557180e-02 5.425155501782712164e-02 7.814364943346487902e-01
1.143069295593582696e-01 8.065784020873080495e-02 5.887669265170725197e-02 7.461585375802034514e-01
1.351587283097050729e-01 9.596179065090761073e-02 6.412411845228266349e-02 7.047553625871049165e-01
1.494393751627140776e-01 1.095958519664241709e-01 6.723578046127756669e-02 6.737289924095839488e-01
1.478222137641951317e-01 1.187364863746817323e-01 6.805658829434105273e-02 6.653847115667823608e-01
1.313417292209297926e-01 1.238320550242090895e-01 6.795972821438309164e-02 6.768664875404779568e-01
1.081004852198370059e-01 1.268213680091089257e-01 6.743034805333784909e-02 6.976477987177163165e-01
8.449229749091401176e-02 1.296555025419802165e-01 6.601088326777401760e-02 7.198413166993318235e-01
6.319770768472773859e-02 1.340712088326816986e-01 6.271458267886345639e-02 7.400165008037269398e-01
4.572804888764232106e-02 1.418929668514977982e-01 5.680506548410555606e-02 7.555739187767541720e-01
1.626697456992251545e-01 7.642669775465809057e-01 6.510345772508416284e-02 7.959819029109686805e-03
1.183263096620565807e-01 8.465278541346688002e-01 2.921771832945328426e-02 5.928117873820986164e-03
8.145732801263909362e-02 8.997394939493998933e-01 1.436178637773963609e-02 4.441391660221523548e-03
5.786124786254605995e-02 9.300364291157824370e-01 8.520483911907981989e-03 3.581839109763187545e-03
4.548280857992076376e-02 9.449917072742420876e-01 6.269847487916432351e-03 3.255636657920864610e-03
4.145567037775139962e-02 9.496474407055589539e-01 5.553918161650269261e-03 3.342970755039199795e-03
4.337760778096304976e-02 9.474911137843885500e-01 5.510105377443690403e-03 3.621173057204443973e-03
4.816084270365551118e-02 9.425997436623289039e-01 5.496828911304070010e-03 3.742584722711105993e-03
5.156692564739324275e-02 9.397902851703987537e-01 5.095380605852435976e-03 3.547408576355405400e-03
5.069316646951788075e-02 9.417349545763734620e-01 4.395730502665133078e-03 3.176148451443673842e-03
4.556846828420092754e-02 9.480968863407460701e-01 3.633880884986891852e-03 2.700764490066212033e-03
3.781699682756200359e-02 9.571387149976982034e-01 2.932726531774117011e-03 2.111561642965619628e-03
2.882736633929134859e-02 9.672345162467127500e-01 2.400714873387030206e-03 1.537402540608923075e-03
2.055765323937223943e-02 9.762338603681605109e-01 2.098819614266504447e-03 1.109666778200510580e-03
1.454204095730630801e-02 9.826451366420125844e-01 1.987391129019071712e-03 8.254312716617724557e-04
1.049257523412626229e-02 9.868796425039816356e-01 1.992367073325488572e-03 6.354151885665534991e-04
7.769206993261293381e-03 9.896861179161176025e-01 2.037378610365706607e-03 5.072964802552560985e-04
5.989464393587866191e-03 9.915604274355452885e-01 2.023701347718229356e-03 4.264068231486720507e-04
4.890332418969784919e-03 9.928642048723120839e-01 1.863217079086004367e-03 3.822456296322298414e-04
4.250908941714000473e-03 9.938276577405442680e-01 1.562346132618466386e-03 3.590871851232779939e-04
3.967807976671351711e-03 9.944582223843955182e-01 1.225091359245004171e-03 3.488782796884590275e-04
4.145196270061751904e-03 9.945301275606526215e-01 9.565181731934712349e-04 3.681579960921454314e-04
5.218390302604420522e-03 9.934927063957071924e-01 8.152457332230192248e-04 4.736575684650477075e-04
8.133513087217948342e-03 9.902653030663296496e-01 8.131159460760907292e-04 7.880679003761748101e-04
1.449006713474904583e-02 9.830651626030516566e-01 9.327989002066108424e-04 1.511971361992605354e-03
2.737146935793161387e-02 9.683748372221038236e-01 1.216600881577705340e-03 3.037092538386906154e-03
5.239356309955475743e-02 9.395068839919125114e-01 1.829984090714454172e-03 6.269568817818347434e-03
9.691700196916103183e-02 8.874178261930513179e-01 3.032837842808976721e-03 1.263233399497835224e-02
1.642454834279230835e-01 8.079426257577762005e-01 4.983229064537093161e-03 2.282866174976357077e-02
2.501048425546497089e-01 7.062179131708851143e-01 7.787250651000212839e-03 3.588999362346494137e-02
3.414895132701231129e-01 5.977902956616729657e-01 1.078350989932855448e-02 4.993668116887538949e-02
4.372835988041945954e-01 4.834163082519161159e-01 1.533364705644628574e-02 6.396644588744276883e-02
5.184350363150842522e-01 3.831492579784169239e-01 2.036455092034308856e-02 7.805115478615562430e-02
5.692955538843367247e-01 3.113945445265646206e-01 2.629170408575323692e-02 9.301819750334502923e-02
5.886175283948739123e-01 2.695295537367907723e-01 3.322823886960556139e-02 1.086246789987298927e-01
5.913772398840031475e-01 2.478352836519211733e-01 4.072038666090961601e-02 1.200670898031661049e-01
5.943948465351404087e-01 2.391407250906798232e-01 4.945228908252601030e-02 1.170121392916535358e-01
6.150138629549258829e-01 2.318096706121338668e-01 5.862457512358955347e-02 9.455189130935066910e-02
6.477836256554128092e-01 2.204251726587348748e-01 6.773910851443822045e-02 6.405209317141401237e-02
6.776975623050520703e-01 2.059329927069919464e-01 7.616930748942885021e-02 4.020013749852694579e-02
7.028691046033597178e-01 1.890649187062685699e-01 8.221591235711570023e-02 2.585006433325565123e-02
7.287054134497438218e-01 1.701373394033261488e-01 8.361612760523323695e-02 1.754111954169674734e-02
7.549986056497750564e-01 1.515045668029114667e-01 8.081277729696142997e-02 1.268405025035220304e-02
7.796780913074268238e-01 1.339720485924328908e-01 7.665885920152031019e-02 9.691000898619931900e-03
8.005179378490927533e-01 1.175051960814583601e-01 7.425827707026458335e-02 7.718588999184339619e-03
8.143704452990058185e-01 1.031653976339723250e-01 7.594963505963374384e-02 6.514522007388213326e-03
8.204562605075275128e-01 9.098953380175278660e-02 8.279095113912664228e-02 5.763254551593168483e-03
8.237307021126445417e-01 7.714514515861030375e-02 9.410070766921321828e-02 5.023445059531992697e-03
8.225787277446247048e-01 6.379680769722709255e-02 1.094517673338991359e-01 4.172697224249044198e-03
8.204246908321041198e-01 4.797031469182922586e-02 1.284398725520693729e-01 3.165121923997545918e-03
8.090813905322026267e-01 3.383996857124813018e-02 1.548687909069972057e-01 2.209849989552129749e-03
7.738339778512428602e-01 2.428875106343482415e-02 2.002918311021198716e-01 1.585439983202702966e-03
6.932714495889606976e-01 1.958273749525781329e-02 2.858213682269612477e-01 1.324444688820206962e-03
5.564074550528802510e-01 1.788334066321567439e-02 4.244168844584159661e-01 1.292319825488214566e-03
3.905963446027587160e-01 1.651225389938974428e-02 5.916565429898398287e-01 1.234858508011866000e-03
2.336381493252873975e-01 1.393758296297350867e-02 7.513556966373725610e-01 1.068571074366494230e-03
1.165366501434678542e-01 9.876918773767381921e-03 8.728226136005532432e-01 7.638174822114277658e-04
4.985410410969465245e-02 6.209626456161366700e-03 9.434891441051717065e-01 4.471253289720528178e-04
1.923451519030044271e-02 3.534838708328858024e-03 9.769896009170708773e-01 2.410451843000191007e-04
7.601380273940052529e-03 2.040030046037284630e-03 9.902189254897029169e-01 1.396641903198487850e-04
3.298572594369126448e-03 1.260632302767058848e-03 9.953500012631363303e-01 9.079383972757918873e-05
1.644060647289445924e-03 8.850182527288035991e-04 9.974032464266957554e-01 6.767467328599539986e-05
9.828258292960154272e-04 7.506380853728629454e-04 9.982096310610787393e-01 5.690502425268664230e-05
1.021465401114298673e-06 1.450594784345479180e-06 9.999666933696740312e-01 3.083457014041258640e-05
8.628110306215853996e-07 1.273629090655621115e-06 9.999732073308742475e-01 2.465622900444859893e-05
1.172753313474465257e-06 1.739826089438345198e-06 9.999754186290585878e-01 2.166879153841630692e-05
9.537628611036065313e-04 1.519783618437313541e-03 9.974906963590779441e-01 3.575716138112550744e-05
1.878983951105120528e-03 2.705348081169388699e-03 9.953676256638368525e-01 4.804230388903296141e-05
4.254042757257390887e-03 5.255160554231834077e-03 9.904198030960598143e-01 7.099359245126243595e-05
1.068825798809096284e-02 1.000372011838833800e-02 9.791967641179316617e-01 1.112577755891309869e-04
2.322641094139559284e-02 2.034723305759263828e-02 9.562370557218573541e-01 1.893002791545330332e-04
4.475576404309384443e-02 3.729516716163541745e-02 9.176073135237394762e-01 3.417552715311383501e-04
7.234300687171602018e-02 5.608350980094686106e-02 8.709865928759487064e-01 5.868904513880799766e-04
1.015800557760467987e-01 6.958674951039900414e-02 8.279128612976081047e-01 9.203334159457116428e-04
1.329596049925692580e-01 7.640597443665629596e-02 7.892908543199856908e-01 1.343566250788721418e-03
1.695088151459661352e-01 8.042908286486137592e-02 7.481539255326234983e-01 1.908176456548660782e-03
2.146765297628649982e-01 8.489267169162835469e-02 6.976688983989928206e-01 2.761900146513605360e-03
2.738252889900185116e-01 9.413810816224428557e-02 6.278159450338034464e-01 4.220657813933873480e-03
3.449382355093104091e-01 1.161012036730234287e-01 5.313675803561463962e-01 7.592980461519852758e-03
4.160689555181124599e-01 1.512786023214098274e-01 4.166774671359812499e-01 1.597497502449659462e-02
4.686284314104158799e-01 1.907302414379652422e-01 3.048989269364330013e-01 3.574240021518602928e-02
4.904780834537332268e-01 2.171940157353030310e-01 2.143722513740693170e-01 7.795564943689393955e-02
4.704504154594109089e-01 2.135088202676548030e-01 1.550575715678992328e-01 1.609831927050351941e-01
4.022397796474982412e-01 1.816874727126264744e-01 1.185975693362699007e-01 2.974751783036055919e-01
3.162043165554157542e-01 1.373435498193807114e-01 9.248770359313086831e-02 4.539644300320724857e-01
2.442683157352982803e-01 9.776469390914174773e-02 7.433618696180731289e-02 5.836308033937527284e-01
1.930241320495759694e-01 6.984795656395645369e-02 6.262645865075606999e-02 6.745014527357112710e-01
1.562384438806111719e-01 5.232385792951161491e-02 5.398766462829621138e-02 7.374500335615811197e-01
1.245992013062877102e-01 4.092320322954808715e-02 4.509309259478110066e-02 7.893845028693833310e-01
