9.191935528052224136e-01 4.592656665989626810e-03 7.776033637060517957e-03 6.843775689172741650e-02
3.171367048035054204e-01 1.614979719440103306e-03 6.622331485971602039e-01 1.901516687989420265e-02
3.749353039220984507e-01 1.380275722414241743e-03 6.051943438110527484e-01 1.849007654443474841e-02
4.351632153812890480e-01 1.224648571682240665e-03 5.450163182002369933e-01 1.859581784679176578e-02
4.883498184197303527e-01 1.126700364747288807e-03 4.912483739467251032e-01 1.927510726879726882e-02
5.336321519659490420e-01 1.073847600419286941e-03 4.444890504019160526e-01 2.080495003171557375e-02
5.774875704544791821e-01 1.397094995388605291e-03 3.974402298180801374e-01 2.367510473205181043e-02
6.282829036508729148e-01 1.331179320344437868e-03 3.424297116521990425e-01 2.795620537658367877e-02
6.837688835470066007e-01 1.350862499298224060e-03 2.818229122295913824e-01 3.305734172410348254e-02
7.403462473707965730e-01 1.462258682602655306e-03 2.210057083629570485e-01 3.718578558364378506e-02
7.959354899303469066e-01 1.561346110560304316e-03 1.645333544061765574e-01 3.796980955291610893e-02
8.465335682776445880e-01 1.526915476087855337e-03 1.170352932234521581e-01 3.490422302281525474e-02
8.829008805772855517e-01 1.418657311039095556e-03 8.456795435475479572e-02 3.111250775692076323e-02
9.000765254040101748e-01 1.402501142765533561e-03 6.843368444432607056e-02 3.008728900889837479e-02
9.008236384348280446e-01 1.562816423531600057e-03 6.521556163485256463e-02 3.239798350678773503e-02
8.888321454106576924e-01 1.920236200627480853e-03 7.204984482761755960e-02 3.719777356109706806e-02
8.649481035161161735e-01 2.490129183119435194e-03 8.838229105940409447e-02 4.417947624136023960e-02
8.257050312551498239e-01 3.368797225800934138e-03 1.167256719262913800e-01 5.420049959275780038e-02
7.659240861902466557e-01 4.699621647322972315e-03 1.610245971124866504e-01 6.835169504994381695e-02
6.888092949258032283e-01 6.384912642977415634e-03 2.193437518275233866e-01 8.546204060369580469e-02
6.065612114140741529e-01 8.124637981304349069e-03 2.825855528254675453e-01 1.027285977791539684e-01
5.291824386789167889e-01 9.704469622814258789e-03 3.425784480812815724e-01 1.185346436169872619e-01
4.622879189308583547e-01 1.042760859172087336e-02 3.956551281102476114e-01 1.316293443671729679e-01
4.155401240055957013e-01 1.079367818353261892e-02 4.351487065385957198e-01 1.385174912722759166e-01
3.958774837369163913e-01 1.034442306002663139e-02 4.564792123932835954e-01 1.372988808097731772e-01
4.026487393517010904e-01 9.444701837044384984e-03 4.573452503848582928e-01 1.305613084263963497e-01
4.245253385184134531e-01 8.469764154859667910e-03 4.446900376916559927e-01 1.223148596350710354e-01
4.562231949972378464e-01 7.713624470347362275e-03 4.240852692385471134e-01 1.119779112938677212e-01
4.993840362400303601e-01 6.296478587162439647e-03 3.956723570986691030e-01 9.864712807413789086e-02
5.590929875920617187e-01 4.866186599858600935e-03 3.524987166431716723e-01 8.354210916490807659e-02
6.245328161786027898e-01 3.650366561703601107e-03 3.020013990415079119e-01 6.981541821818552929e-02
6.796105688229356900e-01 2.703568031993106892e-03 2.586366092027421737e-01 5.904925394232934943e-02
7.185500003432180316e-01 1.999810944570232230e-03 2.282792814115134628e-01 5.117090730069830118e-02
7.471696008410770862e-01 1.488573169970343552e-03 2.061242349609331004e-01 4.521759102801974073e-02
7.731472831877211904e-01 1.117546892266223875e-03 1.858706852057529779e-01 3.986448471425983742e-02
7.990180065943275345e-01 8.685576302710473198e-04 1.655304004678997132e-01 3.458303530750185539e-02
8.247074873522391991e-01 7.190730746930490327e-04 1.446384321668791606e-01 2.993500740618867950e-02
8.498148862871093279e-01 6.245624535895554028e-04 1.229664406662141218e-01 2.659411059308719461e-02
8.716880589529889534e-01 5.556922698484089091e-04 1.025032093435799957e-01 2.525303943358213343e-02
8.869346500729762273e-01 4.955831961945262980e-04 8.543214686327867124e-02 2.713761986755066843e-02
8.938035811041619150e-01 4.472180917863814872e-04 7.261277291597359462e-02 3.313642788807803080e-02
8.926394128635394276e-01 4.293473574733536603e-04 6.352754610836328086e-02 4.340369367062403561e-02
8.854032001957291564e-01 4.475211940027450618e-04 5.603396587887499863e-02 5.811531273139315668e-02
8.718166100741115976e-01 4.960389814237447592e-04 4.962083608559492848e-02 7.806651485886960395e-02
8.505133064708548796e-01 5.465323863750901979e-04 4.511241224402744165e-02 1.038277488987428415e-01
8.245658759724325826e-01 5.819092716147144725e-04 4.250618254741057173e-02 1.323460322085421859e-01
8.022793895471272974e-01 6.182909048972426045e-04 4.098921748087344663e-02 1.561131020671018554e-01
7.902604522393075204e-01 6.561238303242209391e-04 3.944128847839285107e-02 1.696421354519757063e-01
7.883499415753877360e-01 6.576761180138270598e-04 3.725178004947706650e-02 1.737406022571212905e-01
7.904585633190199800e-01 6.073098093891699401e-04 3.505629266534564942e-02 1.738778342062452797e-01
7.901289845512118326e-01 5.464600366152361482e-04 3.426088456587231962e-02 1.750636708463006730e-01
7.856964691397939626e-01 5.297695585208172988e-04 3.594914413379392271e-02 1.778246171678910248e-01
7.807214661086391283e-01 5.832983239879352194e-04 3.978343425785726972e-02 1.789118013095158388e-01
7.788075284612143712e-01 7.085063581786362960e-04 4.494048691056019146e-02 1.755434782700468765e-01
7.795538736192518803e-01 8.993835024833583261e-04 5.208750294333574365e-02 1.674592399349290883e-01
7.800815655301978069e-01 1.160213702924178282e-03 6.283545158597179936e-02 1.559227691809062510e-01
7.802946343788241812e-01 1.491740141440073058e-03 7.752339337994862412e-02 1.406902320997871769e-01
7.817943512165739239e-01 1.793201169240623378e-03 9.325315534615410962e-02 1.231592922680315449e-01
7.811973936599644341e-01 2.109335712413741223e-03 1.077346914088263136e-01 1.089585792187955926e-01
7.853031018758991344e-01 2.291676517701911157e-03 1.143011349770113455e-01 9.810408662938761848e-02
8.051421444474705646e-01 2.202637226216790870e-03 1.066743092367863494e-01 8.598090908952606137e-02
8.374931383505599403e-01 1.996884824918970357e-03 8.950163833213217734e-02 7.100833849238864792e-02
8.719858354579654858e-01 1.843189809045685983e-03 7.111939438416772785e-02 5.505158034882103035e-02
8.999193420723508030e-01 1.815219758258798059e-03 5.715705447217927365e-02 4.110838369721111357e-02
9.195068721190033934e-01 1.879566004366169368e-03 4.804035164171890915e-02 3.057321023491153464e-02
9.331457349515149824e-01 1.954540705578032903e-03 4.173956298113545849e-02 2.316016136177163898e-02
9.424287987145826273e-01 1.996373173866440847e-03 3.689784003631670084e-02 1.867698807523417506e-02
9.480345848488671567e-01 2.007735481983745525e-03 3.302280322652301203e-02 1.693487644262612127e-02
9.514112457337136064e-01 2.003848393741571379e-03 2.929475645922748756e-02 1.729014941331740926e-02
9.543138850300795228e-01 1.995424149858231275e-03 2.466266456878066574e-02 1.902802625128133598e-02
9.574798265365176420e-01 1.947134948939296386e-03 1.881066311955461798e-02 2.176237539498870888e-02
9.582735007219944645e-01 1.903507013432647384e-03 1.330150082692582204e-02 2.652149143764696848e-02
9.498922490788305195e-01 2.586349180097609725e-04 5.580508861235392547e-03 4.426860714192436264e-02
2.708600583103100701e-01 1.539155631869321694e-01 3.809996885980430625e-01 1.942246899047149478e-01
1.855679114253352691e-01 1.971359320660150960e-01 4.496276928864754163e-01 1.676684636221742186e-01
1.257016513387197165e-01 2.538178770182961119e-01 4.803006602069905817e-01 1.401798114359934233e-01
8.662650484538168827e-02 3.214488784215457917e-01 4.756228723620275489e-01 1.163017443710453042e-01
6.083979184696398229e-02 3.951989810501000400e-01 4.491507083811405177e-01 9.481051872179559192e-02
4.300952516557809274e-02 4.741719059910308176e-01 4.077086028217849489e-01 7.510996602160631419e-02
3.122043181009695467e-02 5.571064934447093053e-01 3.539774377921151571e-01 5.769563695307852041e-02
2.343306610469681958e-02 6.357323458013057760e-01 2.974623817658012537e-01 4.337220632819600852e-02
1.814634377562093434e-02 7.017150423063543974e-01 2.475441811728260610e-01 3.259443274519906869e-02
1.461805997452494434e-02 7.538162607897407330e-01 2.066195499744752084e-01 2.494612926125901187e-02
1.242808744867860554e-02 7.944246053052240741e-01 1.734658176857228618e-01 1.968148956037428857e-02
1.124228346057607776e-02 8.257647941813499592e-01 1.468856208428041821e-01 1.610730151526965429e-02
1.071321666354550263e-02 8.505416172374545836e-01 1.252167376888005945e-01 1.352842841019931235e-02
1.050056102038906571e-02 8.704135454362081914e-01 1.076014421073339805e-01 1.148445143606867391e-02
1.029810374221803819e-02 8.866121588107693796e-01 9.331453640910222780e-02 9.775201037910510524e-03
9.429454284018786228e-03 9.008683819963224648e-01 8.137492069124437066e-02 8.327243028414728701e-03
9.192042315913580980e-03 9.116505620148032119e-01 7.186766787979652349e-02 7.289727789486920469e-03
9.242955286273507251e-03 9.175115815947016973e-01 6.657416181335847061e-02 6.671301305666484452e-03
1.042925252497314305e-02 9.136427308994991003e-01 6.911893876808186676e-02 6.809077807445820460e-03
1.532951211377999237e-02 8.906373732405700183e-01 8.564181579286132828e-02 8.391298852788602047e-03
2.756830366808952701e-02 8.311267992467624710e-01 1.288441650325163335e-01 1.246073205263143434e-02
5.846553574191270392e-02 7.011848870065949813e-01 2.195837040197746448e-01 2.076587323171777758e-02
1.159591090241811201e-01 4.831118719056979871e-01 3.686156475392776133e-01 3.231337153084312686e-02
1.774059506333690306e-01 2.533773024254571959e-01 5.316778892280512592e-01 3.753885771312261838e-02
2.458083208477745973e-01 1.110228405048975103e-01 6.087697308644927086e-01 3.439910778283514908e-02
3.311310592093918426e-01 4.819494119728502668e-02 5.868757928745349517e-01 3.379820671878826926e-02
4.198445217169147203e-01 2.315558170201866342e-02 5.156605534091914800e-01 4.133934317187494545e-02
5.093049808986517268e-01 1.249763648558827565e-02 4.216439405006986441e-01 5.655344211506146967e-02
5.960303846500942804e-01 7.802022753093217598e-03 3.213685801968332312e-01 7.479901239997924223e-02
6.736872065263438403e-01 5.065975253512380698e-03 2.324244506779228614e-01 8.882236754222068431e-02
7.445122015737138943e-01 3.189314326112204900e-03 1.607669781194436820e-01 9.153150598073013511e-02
8.137250950289564022e-01 1.918995977287069575e-03 1.051849924751687704e-01 7.917091651858766677e-02
8.727234589560555200e-01 1.132221345803947638e-03 6.618625598975601265e-02 5.995806370838475952e-02
9.127725568074583906e-01 6.643713457328986622e-04 4.181485028363046696e-02 4.474822156317789790e-02
9.358320267839935758e-01 4.068757682672141250e-04 2.799235792514623983e-02 3.576873952259303213e-02
9.474949111486695719e-01 2.705702468841504182e-04 2.037903689919317099e-02 3.185548170525290962e-02
9.519509969787683934e-01 1.965411127400194693e-04 1.583490179374157092e-02 3.201756011474996000e-02
9.501405812869748724e-01 1.576780951949355292e-04 1.300973487856364047e-02 3.669200573926661296e-02
9.393904771084293781e-01 1.413552609469667437e-04 1.162726513814304682e-02 4.884090249248072835e-02
9.134749324980059315e-01 1.420493499171908121e-04 1.165621357597798786e-02 7.472680457609891247e-02
8.636317113042681903e-01 1.653641237648745537e-04 1.307599250047388612e-02 1.231269320714931947e-01
7.851738817876340315e-01 2.464037999480974198e-04 1.577839884263765313e-02 1.988013155697802015e-01
6.857330131807254370e-01 4.334239016450355982e-04 1.933973417600163419e-02 2.944938287416279943e-01
5.827333834084624797e-01 3.246838878707476077e-04 2.390924939201707206e-02 3.930326833116498109e-01
4.952719163414381898e-01 3.882553448605833971e-04 2.755626978767684171e-02 4.767835585260247755e-01
4.335280372230982393e-01 4.630244184832267270e-04 3.187550815118291719e-02 5.341334302072355822e-01
3.945566364552258731e-01 5.730996014914731479e-04 3.825520438081903007e-02 5.666150595624637187e-01
3.718269655473939173e-01 7.358985070042115299e-04 4.812330101629603424e-02 5.793138349293058820e-01
3.636945485194546523e-01 9.992864639694876670e-04 6.446683301086608697e-02 5.708393320057096876e-01
3.638744251917609973e-01 1.382100358372941170e-03 8.876406060700753331e-02 5.459794138428588628e-01
3.636927309103110684e-01 1.837607771059346796e-03 1.182455656019486961e-01 5.162240957166809308e-01
3.595887367104972365e-01 2.317749347056211918e-03 1.477745752118252154e-01 4.903189387306212121e-01
3.545241403890271870e-01 2.825711407377317925e-03 1.733285967062740129e-01 4.693215514973215763e-01
3.573281533936781273e-01 3.440176134950535206e-03 1.957307330502847664e-01 4.435009374210867050e-01
3.737488483337763068e-01 4.239093910209430598e-03 2.184983453646248963e-01 4.035137123913889456e-01
3.960965734428407714e-01 5.211994580121527380e-03 2.427462800812368038e-01 3.559451518958011706e-01
4.158734343193906113e-01 6.366207083633734949e-03 2.695031127540363780e-01 3.082572458429390094e-01
4.356595311227880463e-01 7.690663275363214361e-03 2.986835980657500667e-01 2.579662075360985019e-01
4.603779154888942848e-01 9.428995904604964631e-03 3.256212691734484688e-01 2.045718194330523321e-01
4.875184871930673958e-01 1.057040654377315765e-02 3.459993009006018805e-01 1.559118053625574152e-01
5.125879820799189579e-01 1.268469468923879261e-02 3.554024339607483873e-01 1.193248892700938951e-01
5.358191939101801804e-01 1.566863306783055840e-02 3.528934079596883766e-01 9.561876506230106154e-02
5.560755146622955447e-01 1.969499004441559870e-02 3.435297004585962655e-01 8.069979483469276460e-02
5.799190474094776393e-01 2.491293430181873783e-02 3.241149210213344900e-01 7.105309726736903919e-02
6.105612488100384816e-01 3.138432330491417593e-02 2.942990811888034908e-01 6.375534669624384476e-02
6.471569903658754841e-01 3.894995629889179412e-02 2.566480084044428511e-01 5.724504493078982209e-02
6.860175040171565541e-01 4.624249580642539326e-02 2.162114456072359026e-01 5.152855456918222637e-02
7.222592820027126104e-01 5.057072052361788472e-02 1.799759425904553511e-01 4.719405488321391090e-02
7.518808528971944183e-01 5.012928695037225518e-02 1.532061117425106422e-01 4.478374840992290634e-02
7.733820845868546456e-01 4.594092262329530635e-02 1.365927524646685376e-01 4.408424032518171165e-02
7.867774374746252519e-01 4.059983506460457248e-02 1.286897584401703598e-01 4.393296902059946885e-02
2.035819672944263331e-02 1.103603765756888504e-02 6.182431572719955526e-02 9.067814498857891259e-01
1.053945360584146625e-02 3.380236415891628866e-03 6.271237400420985875e-01 3.589565699361682016e-01
9.535499110400681017e-03 3.285695684217135575e-03 7.127408072802129402e-01 2.744379979251692636e-01
9.160595218577894175e-03 3.273145992929614272e-03 7.757538559180325866e-01 2.118124028704598538e-01
9.258909775886213847e-03 3.325775365343262586e-03 8.150942641406366818e-01 1.723210507181339446e-01
9.824560294552737647e-03 3.409827069080020607e-03 8.358606134464919846e-01 1.509049991898753773e-01
1.129433604659073158e-02 3.480689494489725561e-03 8.455740909160137653e-01 1.396508835429058071e-01
1.204274257256278749e-02 3.404496294876800406e-03 8.534186398979618504e-01 1.311341212345985829e-01
1.286030630168940626e-02 3.216113679232417751e-03 8.624771249474172397e-01 1.214464550716610053e-01
1.401105596243716438e-02 2.967586490598185696e-03 8.731463079008062733e-01 1.098750496461584902e-01
1.583050593659612176e-02 2.760791247747557998e-03 8.849053817109072684e-01 9.650332110474889313e-02
1.858464192439788359e-02 2.670151061923905188e-03 8.966482413471236201e-01 8.209696566655454164e-02
2.257358893678293454e-02 2.729139935338767160e-03 9.055864697600337632e-01 6.911080136784449046e-02
2.823291394487193254e-02 2.919108833341526980e-03 9.083286115934373628e-01 6.051936562834928784e-02
3.479116777738266303e-02 3.085987652609550706e-03 9.042516441093195745e-01 5.787120046068816581e-02
4.564154562287934397e-02 3.401236199885749635e-03 8.891854705522378444e-01 6.177174762499677840e-02
6.128464215998652431e-02 3.734777885918413604e-03 8.633037252542884454e-01 7.167685469980632218e-02
8.292084496914967073e-02 3.976688970986244458e-03 8.260858515605986607e-01 8.701661449926541281e-02
1.129944804462273550e-01 4.068317830122596644e-03 7.766839936759427632e-01 1.062532080477070068e-01
1.565677022433188126e-01 4.052560571324388163e-03 7.138602636433409865e-01 1.255194735420157581e-01
2.205126845295762583e-01 3.993843356642589985e-03 6.362214470083100704e-01 1.392720251054711811e-01
3.108651805074766905e-01 3.922627933431196631e-03 5.418382198309998898e-01 1.433739717280923809e-01
4.286237836827009318e-01 3.749162251631272137e-03 4.307371436713574586e-01 1.368899103943101436e-01
5.638838115395211625e-01 3.549406217392621875e-03 3.114624160709141276e-01 1.211043661721720593e-01
6.848784163348449194e-01 2.832168773072814023e-03 2.099914868514652366e-01 1.022979280406168395e-01
7.688313624088337628e-01 2.383382884529411817e-03 1.410016310162948150e-01 8.778362369034185819e-02
8.117499957367813046e-01 2.390679633503546217e-03 1.050355357767959047e-01 8.082378885291911785e-02
8.201287257641275419e-01 3.129435210943048475e-03 9.520874247854838046e-02 8.153309654638110637e-02
8.013683285810714318e-01 5.323378242368493468e-03 1.069093017040515931e-01 8.639899147250824918e-02
7.649872846943041038e-01 1.079457170249358867e-02 1.368122793196734910e-01 8.740586428352883908e-02
7.186321719354928916e-01 2.382928044538990681e-02 1.772423885052161197e-01 8.029615911390158844e-02
6.610265810306374945e-01 5.405619527356712861e-02 2.142490170109034031e-01 7.066820668489193213e-02
5.855691756722045671e-01 1.194033818722348983e-01 2.308075595323907103e-01 6.421988292317017122e-02
4.885361036426638104e-01 2.448533156957109769e-01 2.095530452858451187e-01 5.705753537578021894e-02
3.587651581017604618e-01 4.441708446034534075e-01 1.521004507220974356e-01 4.496354657268891025e-02
2.100660181757838529e-01 6.730158518064713880e-01 8.628803921383508546e-02 3.063009080390932670e-02
9.937852823068031582e-02 8.405170669751056423e-01 4.107319182340436747e-02 1.903121297080977853e-02
4.447807640155519021e-02 9.242159833136792679e-01 1.931920040346146034e-02 1.198673988130375713e-02
2.172901494304246492e-02 9.599465494652957842e-01 1.004407117876548669e-02 8.280364412896276324e-03
1.121209112922701839e-02 9.763958396957311825e-01 6.259288597804698109e-03 6.132780577237087992e-03
6.472053992178484517e-03 9.840361279015906737e-01 4.598177106695920495e-03 4.893640999534949049e-03
4.423228862261701679e-03 9.871961015892104507e-01 3.994739252962406853e-03 4.385930295565697475e-03
3.516614786797437036e-03 9.882418462433867345e-01 3.891724446002821098e-03 4.349814523812931856e-03
3.038832196983147667e-03 9.884187625811945432e-01 3.979615914921526276e-03 4.562789306900748992e-03
2.768355752547607251e-03 9.879006618866564837e-01 4.273927869846236120e-03 5.057054490949515480e-03
2.668471217935837296e-03 9.863069600361697997e-01 4.970994283576156761e-03 6.053574462318170660e-03
2.725059974719852736e-03 9.832217068020194795e-01 6.296866898083995981e-03 7.756366325176834026e-03
2.860283769524743763e-03 9.789407178246981589e-01 8.245241013430784638e-03 9.953757392346605434e-03
3.054997626193746429e-03 9.740572432859452290e-01 1.065402929970996233e-02 1.223372978815089572e-02
3.471672469201679545e-03 9.681598522318568545e-01 1.371246229030981430e-02 1.465601300863160483e-02
4.427202463873867143e-03 9.594489452145069652e-01 1.824278362258189776e-02 1.788106869903755003e-02
6.174063446672636846e-03 9.464735692393280164e-01 2.494173055292482968e-02 2.241063676107463154e-02
8.779595183089536001e-03 9.288470414223505278e-01 3.393796891484925776e-02 2.843539447971049974e-02
1.239343158459818919e-02 9.050952945713403031e-01 4.575315797947326207e-02 3.675811586458846425e-02
1.699656894706812540e-02 8.750096489404541877e-01 6.031003239795138665e-02 4.768374971452635225e-02
2.184212345495656696e-02 8.438405156289799924e-01 7.526643164313760737e-02 5.905092927292584365e-02
2.573661729916997334e-02 8.199576829119826771e-01 8.709734349826069033e-02 6.720835629058649618e-02
2.824966371192073195e-02 8.055555957081886875e-01 9.534071579682543152e-02 7.085402478306530860e-02
2.988686378666120802e-02 7.958078833914804529e-01 1.028282616845410530e-01 7.147699113731728615e-02
3.085407982391583440e-02 7.883512294787115016e-01 1.105373940493568213e-01 7.025729664801586005e-02
3.104576973849852359e-02 7.850731460085840219e-01 1.165515594465637017e-01 6.732952480635384651e-02
3.056378675642135861e-02 7.862616956085356490e-01 1.197381849543933396e-01 6.343633268064938213e-02
2.958030669870479260e-02 7.889374424741549818e-01 1.213278610826639958e-01 6.015438974447629566e-02
2.834311543622515528e-02 7.885643199718077589e-01 1.240579766672936651e-01 5.903458792467347616e-02
2.710215922589302370e-02 7.795848658387890540e-01 1.318500009982392362e-01 6.146297393707887691e-02
2.626425167169081643e-02 7.543655669634404815e-01 1.503089851572162461e-01 6.906119620765238665e-02
2.719117608856721699e-02 7.021989541208699670e-01 1.869891480870157496e-01 8.362072170354696576e-02
2.851852192106424377e-02 6.254971038979743048e-01 2.423342863901596922e-01 1.036500877908018287e-01
2.948262204158347277e-02 5.474081642005612647e-01 3.008520581500625513e-01 1.222571556077929611e-01
2.990339566495510762e-02 4.924341181311379656e-01 3.425678378864797091e-01 1.350946483174270962e-01
3.021250151471122428e-02 4.623337751026291853e-01 3.627046506426161998e-01 1.447490727400434218e-01
3.204713820276344077e-02 4.389775068761053167e-01 3.738657699757375052e-01 1.551095849453938136e-01
2.652721257232968245e-03 2.065741539432882912e-01 5.157692073815971501e-01 2.750039174178816603e-01
8.588581808441839160e-03 2.138017065570225767e-03 6.939135717629901778e-01 2.953598293629975391e-01
7.920523767459145340e-03 2.306457313307891388e-03 6.818086137158463345e-01 3.079644052033865265e-01
7.751203976709351330e-03 2.576810716074030491e-03 6.732202371915939620e-01 3.164517481156226553e-01
8.242573256011225674e-03 2.895964174046838143e-03 6.717085276999696930e-01 3.171529348699722584e-01
9.570037065402854995e-03 3.224734129769742195e-03 6.760891080670967668e-01 3.111161207377306503e-01
1.176933799821723407e-02 3.536757519334745095e-03 6.912542488783605110e-01 2.934396556040877457e-01
1.467004272518662375e-02 3.795128493803757910e-03 7.176732558885232649e-01 2.638615728924864623e-01
1.796511712813563671e-02 3.978831087900988085e-03 7.479274600856882227e-01 2.301285916982749591e-01
2.120883344740875226e-02 4.073834478659056103e-03 7.771193577121823237e-01 1.975979743617495010e-01
2.410919312388593375e-02 4.068031829510323008e-03 8.031907676711587118e-01 1.686320073754450644e-01
2.727652078511267481e-02 3.880359471254040023e-03 8.228999896501112410e-01 1.459431300935221942e-01
3.271011255077167779e-02 3.837774110228822557e-03 8.318666437838426742e-01 1.315854695551565978e-01
4.217977419699846936e-02 3.955474788223670851e-03 8.267566309858656037e-01 1.271081200289123636e-01
5.782107137895930310e-02 4.197165204791631667e-03 8.046819580834435603e-01 1.332998053328057486e-01
8.254985492382506396e-02 4.572884350330113160e-03 7.627612200221617345e-01 1.501160407036830624e-01
1.184555295602712777e-01 4.815313907962407401e-03 7.007540552274016399e-01 1.759751013043642509e-01
1.711084226230085992e-01 5.066018840562071593e-03 6.146471401635027476e-01 2.091784183729264723e-01
2.368694106118230114e-01 5.041759651083745769e-03 5.095049977393224516e-01 2.485838319977708433e-01
3.064733936885523646e-01 4.732208884211963097e-03 3.979639811418155815e-01 2.908304162854198349e-01
3.672061089461741146e-01 4.284775027002263488e-03 2.952513924161122572e-01 3.332577236107113761e-01
4.050269411871963432e-01 3.822525753398817953e-03 2.090507011874078724e-01 3.820998318719965314e-01
4.093275654971733069e-01 3.496198084645797590e-03 1.446844137690380672e-01 4.424918226491426632e-01
3.822434628939794798e-01 3.443259177453044176e-03 1.020948179069928186e-01 5.122184600215748951e-01
3.342844017761238962e-01 3.723151030456334568e-03 7.699814275037707156e-02 5.849943044430425676e-01
2.706323389865425977e-01 4.285388818841632738e-03 6.308253493605456286e-02 6.619997372585612050e-01
1.958853887729235244e-01 4.999433121565805341e-03 5.311033834671148590e-02 7.460048397587992763e-01
1.257548373002505548e-01 5.706801952176498299e-03 4.715012580367320544e-02 8.213882349438997865e-01
7.477545185909631464e-02 7.935595569326062138e-03 4.193426133283357365e-02 8.753546912387440981e-01
4.338460012584084702e-02 1.220952831112988649e-02 3.963457974663534000e-02 9.047712918163939300e-01
2.586086905170954797e-02 2.073987569311177420e-02 3.861413005804631426e-02 9.147851251971326203e-01
1.724905583559021779e-02 3.713514402505827677e-02 3.838966148056141559e-02 9.072261386587898713e-01
1.368059121582185581e-02 6.743242236184537886e-02 4.028739085108190565e-02 8.785995955712510019e-01
1.194463153231744602e-02 1.204341494203789997e-01 4.553786394948664690e-02 8.220833550978169368e-01
1.048899718266014733e-02 2.001950659886772288e-01 5.221315559939383733e-02 7.371027812292687553e-01
8.793387583455504128e-03 2.939700919032591231e-01 5.610572383799965202e-02 6.411307966752853860e-01
7.025197459487992312e-03 3.782563694811028054e-01 5.602404011114255067e-02 5.586943929482667270e-01
5.529977978060202429e-03 4.319695052628603760e-01 5.432314509557297638e-02 5.081773716635066274e-01
4.440299657274806612e-03 4.575516105092520824e-01 5.313643553645688855e-02 4.848716542970162302e-01
3.668373486493837782e-03 4.888284952527764404e-01 5.233589801859554053e-02 4.551672332421340950e-01
3.103585097041358307e-03 5.607451502738620697e-01 5.088788190226571639e-02 3.852633827268311384e-01
2.639706144039888000e-03 6.665869805957385097e-01 4.721589233609449487e-02 2.835574209241270016e-01
2.319215245186333815e-03 7.618563016813373334e-01 4.201383804826190616e-02 1.938106450252141677e-01
2.058310371138506040e-03 8.225076019794261839e-01 3.838236091261963689e-02 1.370517267368155934e-01
2.122763273603481618e-03 8.552714583736300558e-01 3.698613872553371124e-02 1.056196396272327809e-01
2.460959968009689310e-03 8.704508657607454847e-01 3.769422507841661135e-02 8.939394919282829532e-02
3.196605730866779790e-03 8.728231819220770848e-01 4.090651811587094761e-02 8.307369423118497742e-02
4.411994335798607482e-03 8.653239309669784607e-01 4.626501364371286146e-02 8.399906105350986307e-02
6.000935554102759112e-03 8.505998745690069862e-01 5.247296557972054576e-02 9.092622429716973320e-02
7.714223955659276627e-03 8.313746982892789017e-01 5.848193181450744155e-02 1.024291459405544530e-01
9.241099252856689594e-03 8.121875365077693143e-01 6.339859751122975395e-02 1.151727667281440548e-01
1.032103737182533953e-02 8.001763302093612973e-01 6.555942273807285892e-02 1.239432096807409761e-01
1.083650824898646850e-02 8.021025822523096815e-01 6.319123014056091114e-02 1.238696793581430949e-01
1.076257239245208622e-02 8.161996040168304489e-01 5.709800237852228483e-02 1.159398212121950517e-01
1.034946747814951586e-02 8.300729530255300803e-01 5.112772194113382462e-02 1.084498575551864907e-01
1.048011177838974531e-02 8.338001544058175618e-01 4.750047571304583105e-02 1.082192581027471012e-01
1.071296054584777724e-02 8.235500572804451691e-01 4.811926321135693435e-02 1.176177189623501818e-01
1.163198600624479676e-02 8.001116088141805305e-01 5.207235888014712100e-02 1.361840462994272916e-01
1.304068496851791201e-02 7.666868400113450166e-01 5.860439060053820870e-02 1.616680844195989009e-01
1.488454799795688351e-02 7.263278848674855626e-01 6.797287091893121358e-02 1.908146962156266890e-01
1.726544109568465060e-02 6.828135358193356819e-01 8.064234328172124877e-02 2.192786798032582141e-01
1.995115390720690607e-02 6.437358428310544500e-01 9.507814766908515014e-02 2.412348555926534244e-01
2.254964693391190919e-02 6.171390575469378748e-01 1.090527416648840314e-01 2.512585538542662089e-01
2.425977867925676809e-02 6.069346930285816066e-01 1.205220488718786731e-01 2.482834794202826711e-01
2.472796787996835166e-02 6.078873644512861052e-01 1.297102465094398249e-01 2.376744211593058431e-01
2.513971844039398357e-02 6.085241387060884577e-01 1.403129624955854471e-01 2.260231803579321463e-01
2.621567782516991824e-02 6.029318992911306685e-01 1.543786106208060727e-01 2.164738122628935557e-01
2.737614727650459004e-02 5.929858298678936102e-01 1.704930740121746169e-01 2.091449488434272974e-01
2.787547515920943408e-02 5.843275444621643944e-01 1.855247583808861955e-01 2.022722219977398928e-01
2.790853435831526161e-02 5.830193936487739759e-01 1.964362472042481544e-01 1.926358247886625075e-01
2.805200016001665325e-02 5.957101661766205369e-01 1.995605502613896076e-01 1.766772834019732785e-01
2.827479276563423308e-02 6.275731695583155467e-01 1.921319156490937929e-01 1.520201220269565279e-01
3.643727831474308058e-03 6.944230514451473768e-01 5.376984017223474834e-03 2.965562367061547189e-01
2.946014537908570822e-03 7.734031960271231521e-01 4.411997755500577864e-03 2.192387916794677483e-01
2.207441221808211645e-03 8.177505227115022812e-01 3.972874395019687470e-03 1.760691616716698049e-01
2.014660328671956987e-03 8.245099648476331700e-01 4.356625851136616302e-03 1.691187489725581583e-01
2.340061412040811244e-03 7.841425116536376860e-01 5.883603032646768372e-03 2.076338239016745912e-01
2.214508731349944162e-03 6.816155444922182838e-01 8.902370882260854379e-03 3.072675758941706969e-01
2.475980680884010219e-03 5.253285605239818024e-01 1.343772403772694121e-02 4.587577347574072206e-01
2.533866621047753658e-03 3.759904166282692639e-01 1.823252574413669613e-02 6.032431910065461089e-01
2.470499764865965401e-03 2.807274755776268949e-01 2.271073715135419474e-02 6.940912875061528986e-01
2.408736772399699619e-03 2.280633291588674283e-01 2.694940106161571036e-02 7.425785330071168477e-01
2.305864973126658165e-03 1.886368069138714965e-01 3.021466186830535500e-02 7.788426662446965576e-01
2.129614074318680276e-03 1.478898990129623725e-01 3.176433771853898191e-02 8.182161491941800646e-01
1.926980985955727447e-03 1.090202664489662576e-01 3.161691794563658425e-02 8.574358346194415059e-01
2.138380070172119472e-03 7.853809624228737241e-02 3.072180376299671334e-02 8.886017199245436204e-01
1.672143268834275871e-03 5.671986939988913484e-02 2.788476795272269715e-02 9.137232193785538303e-01
1.648925403534497354e-03 4.034264254456333687e-02 2.528956216629573914e-02 9.327188698856065940e-01
1.722274707474792058e-03 2.907659973225892175e-02 2.346677001089105680e-02 9.457343555493749054e-01
1.902505254032750429e-03 2.199621924283640464e-02 2.285831565132653842e-02 9.532429598518045166e-01
2.257614771882983113e-03 1.837324844975581420e-02 2.389829771890630838e-02 9.554708390594548462e-01
2.977636689117589032e-03 1.807597125347916792e-02 2.723335905647203056e-02 9.517130330009313521e-01
4.385581731506152034e-03 2.109066554877188707e-02 3.322146081589483213e-02 9.413022919038270819e-01
7.035274182042168013e-03 2.740663356612534421e-02 4.178894571131688135e-02 9.237691465405155622e-01
1.158107293617303794e-02 3.565565198711379696e-02 5.135098321417125300e-02 9.014122918625417924e-01
1.805082443118379010e-01 5.545242625586604794e-03 8.090416365315651337e-01 4.904876531010350128e-03
2.306495177804818719e-01 7.559691257356141933e-03 7.549404036087857817e-01 6.850387353376206218e-03
3.042528501262778962e-01 1.061299355214799685e-02 6.757414692841796633e-01 9.392687037394514826e-03
3.950042720736477442e-01 1.471929591030112471e-02 5.781263518941317514e-01 1.215008012191956879e-02
4.886197640705081113e-01 1.978624870345926587e-02 4.771061572749895063e-01 1.448782995104306096e-02
5.753527688434367793e-01 2.460967751769604916e-02 3.840184262239370594e-01 1.601912741492991094e-02
6.413767007076270898e-01 2.865079055185212192e-02 3.126564162356068599e-01 1.731609250491403240e-02
6.873066852616408484e-01 3.068624911279791562e-02 2.632771499534156678e-01 1.872991567214578323e-02
7.240019841407917545e-01 2.982102478928621431e-02 2.262500256644874308e-01 1.992696540543456227e-02
7.618515536542141975e-01 2.644046842606468523e-02 1.914890161535393875e-01 2.021896176618177832e-02
8.041815220748844695e-01 2.175720380660760983e-02 1.552439072403181408e-01 1.881736687818987008e-02
8.439368604860558731e-01 1.689213112442001022e-02 1.228206353633324172e-01 1.635037302619153990e-02
8.749662258551386129e-01 1.265807313336760227e-02 9.848522777088970781e-02 1.389047324060448813e-02
8.969161141069262877e-01 9.507750522283813996e-03 8.173079965765794874e-02 1.184533571313178477e-02
9.119376021796387066e-01 7.281079308929678910e-03 7.030874125496697213e-02 1.047257725646468483e-02
9.227827343535851545e-01 5.627768025658252439e-03 6.167576459662332811e-02 9.913733024133170382e-03
9.308403260315217809e-01 4.374053527519705144e-03 5.462551372826599666e-02 1.016010671269260320e-02
9.350282389846736875e-01 3.057624567644892134e-03 5.044251282428481586e-02 1.147162362339647877e-02
9.372930723519813379e-01 2.543431618424693477e-03 4.651888935539112008e-02 1.364460667420277530e-02
9.377477258819711947e-01 2.213919671313222849e-03 4.363350523987623991e-02 1.640484920683937115e-02
9.357024883202601506e-01 2.028819455937237465e-03 4.329565572464554035e-02 1.897303649915720730e-02
9.355779032509643489e-01 1.774230377133953745e-03 4.211149520264383800e-02 2.053637116925796993e-02
9.359880709162212709e-01 1.586424078798486306e-03 4.177115172827528672e-02 2.065435327670486765e-02
9.351431946241665072e-01 1.501922361873758542e-03 4.390045616418254693e-02 1.945442684977723505e-02
9.311218320986873742e-01 1.810151260008997483e-03 4.952358150788968572e-02 1.754443513341374938e-02
9.212920933492136921e-01 1.745118116715349771e-03 6.131391125528388997e-02 1.564887727878720713e-02
9.088396134559546535e-01 2.000075527928657851e-03 7.446025191483922334e-02 1.470005910127743926e-02
8.977371077118899700e-01 2.309055283932758777e-03 8.570484569277969644e-02 1.424899131139756997e-02
8.918119752137287914e-01 2.695929216359284775e-03 9.158365977711183104e-02 1.390843579280019032e-02
8.915772320932333628e-01 3.206323798606253682e-03 9.180327398228449454e-02 1.341317012587558977e-02
8.941490112988165206e-01 3.869656382674727373e-03 8.920807133615610285e-02 1.277326098235275278e-02
8.952962465896397992e-01 4.746468114024269408e-03 8.749633243314726416e-02 1.246095286318886497e-02
8.927941573266677810e-01 6.011480879487845000e-03 8.821931453577380733e-02 1.297504725807051458e-02
8.876112178389117258e-01 7.796739415480650331e-03 9.006712462300490996e-02 1.452491812260245548e-02
8.803979432183436371e-01 1.029852005332532183e-02 9.200778624914857096e-02 1.729575047918268868e-02
8.704484986377617473e-01 1.407032028039303419e-02 9.384303331745415255e-02 2.163814776439094284e-02
8.567726247472200463e-01 2.000557345235407999e-02 9.539047240757882185e-02 2.783132939284755497e-02
8.369043953174760686e-01 2.902941389146834056e-02 9.787382194419563808e-02 3.619236884685990419e-02
8.075697025900874237e-01 4.090609778087166137e-02 1.036967290268545339e-01 4.782747060218628388e-02
7.673437486584783196e-01 5.313872510762263079e-02 1.148826131195576777e-01 6.463491311434155229e-02
7.179264558931252038e-01 6.265006894237767909e-02 1.325976874985418663e-01 8.682578766595529240e-02
6.623998308045853101e-01 6.846944224571900606e-02 1.583334060530181830e-01 1.107973208966774870e-01
6.012845131554173106e-01 7.152205968179360662e-02 1.945363878733072649e-01 1.326570392894819428e-01
5.340441933971542543e-01 7.196030919398527237e-02 2.435067455784813151e-01 1.504887518303789085e-01
4.639324134214930506e-01 6.855473743244891449e-02 3.058365957303437188e-01 1.616762534157144549e-01
3.954547917912739075e-01 6.172967453930795073e-02 3.809702246534409920e-01 1.618453090159772123e-01
3.398895968095847486e-01 5.471531400942353240e-02 4.565347274767018737e-01 1.488603617042899563e-01
3.027727361213036206e-01 5.003302976489557019e-02 5.191288120963946096e-01 1.280654220174061719e-01
2.827019979482525702e-01 4.854099745419559325e-02 5.615268977951239915e-01 1.072301068024279075e-01
2.732467159502713905e-01 4.923166742849544031e-02 5.872398174366643131e-01 9.028179918456886999e-02
2.689457086270208852e-01 5.027726057763996781e-02 6.036832293118098436e-01 7.709380148352902584e-02
2.699096492782570023e-01 5.098489313024125863e-02 6.120796085300400646e-01 6.702584906146204224e-02
2.795626728842873221e-01 5.179115039479658539e-02 6.088439597286779970e-01 5.980221699223790127e-02
3.046313445238424400e-01 5.324260551770938765e-02 5.878529857563346006e-01 5.427306420211358562e-02
3.547159352550874334e-01 5.466891936736930496e-02 5.418381235552263142e-01 4.877702182231714867e-02
4.358063631655435533e-01 5.281637863222944651e-02 4.689249544483899967e-01 4.245230375383698962e-02
5.458323358482560783e-01 4.438662991561287408e-02 3.744171547792871091e-01 3.536387945684393852e-02
6.735182942586941390e-01 3.074040286924130394e-02 2.683951397197459898e-01 2.734616315231835904e-02
7.930035733306133316e-01 1.862270972231047303e-02 1.693735834333954526e-01 1.900013351368100983e-02
8.790315882168926453e-01 1.064561815704133385e-02 9.821473860761399666e-02 1.210805501845186455e-02
9.275109335851825509e-01 6.332238880885977458e-03 5.844113722938888700e-02 7.715690304542625368e-03
9.503734426815789726e-01 4.164941565731937988e-03 4.000769741613020153e-02 5.453918336558777682e-03
9.586356273587923749e-01 2.662304090600233365e-03 3.409508761686798339e-02 4.606980933739453915e-03
9.591329502787817596e-01 2.225505800607935000e-03 3.396093102277153442e-02 4.680612897838583655e-03
9.557618822980489259e-01 2.064388430215542778e-03 3.675252700259332844e-02 5.421202269142257057e-03
9.516407787820796438e-01 2.093707062333661443e-03 3.964867497152636117e-02 6.616839184060226489e-03
9.467706111043603379e-01 2.316768395802962319e-03 4.274666465276879407e-02 8.165955847068079657e-03
9.381593778707252307e-01 2.788182364497339590e-03 4.881888139751493216e-02 1.023355836726229200e-02
9.225687717248117758e-01 3.615123988910566750e-03 6.064481942235084438e-02 1.317128486392675317e-02
8.916280084976996312e-01 5.118601875807537137e-03 8.540941123095431575e-02 1.784397839553852200e-02
8.400000781155732010e-01 7.996758143208987715e-03 1.284486663495262027e-01 2.355449739169182891e-02
7.661834655014843065e-01 1.264791787724803274e-02 1.927512627330570383e-01 2.841735388821060859e-02
6.739713767755363127e-01 1.932272311937712622e-02 2.755943808951092366e-01 3.111151920997736256e-02
5.743208405831009555e-01 2.808447190716517605e-02 3.657609259978228389e-01 3.183376151191091158e-02
4.832895286878385321e-01 3.911932873420371354e-02 4.460367087867046498e-01 3.155443379125320857e-02
4.110725041764014542e-01 5.114284150638961912e-02 5.067488526234981139e-01 3.103580169371098624e-02
3.570522904898476013e-01 6.568505057342199915e-02 5.462611674850845755e-01 3.100149145164587255e-02
3.157936867307326034e-01 8.321340577484634404e-02 5.692301013101157547e-01 3.176280618430520064e-02
2.848110650448401615e-01 1.015959007867361236e-01 5.805899712419940739e-01 3.300306292642985612e-02
2.606074867142273987e-01 1.216008602028275654e-01 5.833079355065055038e-01 3.448371757643965696e-02
2.447251465226994438e-01 1.368773374496878026e-01 5.827318693155265628e-01 3.566564671208632270e-02
2.372156027899479103e-01 1.476314703420303631e-01 5.780237088410471458e-01 3.712921802697467799e-02
2.402316544263165543e-01 1.526214137779590696e-01 5.673655802003779725e-01 3.978135159534636894e-02
2.527964414478783284e-01 1.508989786168286884e-01 5.518241018255963803e-01 4.448047810969631144e-02
2.703051060878026157e-01 1.412173901422587863e-01 5.365842953905775037e-01 5.189320837936123310e-02
2.889933440224421446e-01 1.268577447419402815e-01 5.208063298678499153e-01 6.334258136776781123e-02
3.073130411517948080e-01 1.109345079186013494e-01 5.016417413003776415e-01 8.011070962922627048e-02
3.195412716333969061e-01 9.599685690140878636e-02 4.805013998706198497e-01 1.039604715945745134e-01
3.223350815744835396e-01 8.059449082329069036e-02 4.577172789219424165e-01 1.393531486802833952e-01
