9.481905165639648025e-01 3.431108767578464318e-03 1.120657854259710443e-02 3.717179612585952420e-02
2.603747087635933655e-01 1.978673928648582749e-03 6.790352707174056590e-01 5.861134659035253242e-02
2.995338001906333036e-01 2.298872252143176545e-03 6.307588675807734857e-01 6.740845997645004972e-02
3.451165506306886899e-01 2.801451890791970944e-03 5.753039465882833214e-01 7.677805089023605201e-02
3.911195207054600220e-01 3.354704374383171619e-03 5.207449218342228292e-01 8.478085308593416580e-02
4.366137089279115147e-01 3.876448424218864684e-03 4.683222232893285986e-01 9.118761935854113876e-02
4.886089032670745125e-01 4.374620644770240742e-03 4.105695508018805673e-01 9.644692528627465955e-02
5.532018498981895460e-01 4.769418954546601579e-03 3.428060907096467935e-01 9.922264043761690189e-02
6.291195390938969512e-01 4.794356762671942579e-03 2.694307991420683557e-01 9.665530500136298997e-02
7.072826910847959114e-01 4.265299736992608608e-03 2.004284278000145469e-01 8.802358137819688011e-02
7.762887262116360265e-01 3.381537215483199424e-03 1.435188683220932349e-01 7.681086825078757563e-02
8.279824063086986818e-01 2.525729891795345464e-03 1.016751612196922783e-01 6.781670257981357863e-02
8.577105548631138721e-01 1.974404380543394021e-03 7.566266597273713090e-02 6.465237478360595647e-02
8.667940070322346369e-01 1.791412999957364346e-03 6.333932604716854819e-02 6.807525392063938641e-02
8.609349690463278248e-01 1.923496491548363444e-03 6.096688288113080723e-02 7.617465158099308298e-02
8.461218597350880222e-01 2.327825707444358249e-03 6.586001597682369924e-02 8.569029858064386440e-02
8.273493102841033009e-01 2.973914811957605129e-03 7.657684064141068170e-02 9.309993426252853588e-02
8.043258303433115097e-01 3.915940453906285521e-03 9.369249279311762935e-02 9.806573640966469163e-02
7.707467966888542632e-01 5.337116228643085623e-03 1.197472829192493260e-01 1.041688041632532202e-01
7.207980570872837278e-01 7.362636092413975437e-03 1.558869355496992903e-01 1.159523712706030940e-01
6.518082909906588451e-01 1.010682956623926501e-02 2.009316487398888906e-01 1.371532307032129194e-01
5.656531616097804083e-01 1.361892793931266180e-02 2.514636123372397947e-01 1.692642981136673053e-01
4.754393523535608290e-01 1.667817130251265240e-02 3.001964359418008432e-01 2.076860404021256545e-01
4.004285597915790973e-01 1.866772752854119893e-02 3.396673044835637478e-01 2.412364081963158657e-01
3.540356516444894130e-01 1.898794216536113175e-02 3.659745002490724652e-01 2.610019059410775277e-01
3.334397996698333366e-01 1.845106360842841547e-02 3.792590348960498403e-01 2.688501018256883590e-01
3.266332350641527604e-01 1.769860202122084877e-02 3.849520264821008064e-01 2.707161364325256780e-01
3.268657888341566786e-01 1.680685973570232583e-02 3.905509629478066680e-01 2.657763884823342027e-01
3.374551887926939275e-01 1.569713850308259231e-02 3.953668086819969174e-01 2.514808640222265801e-01
3.629414339888741292e-01 1.434673971232896215e-02 3.916277787663317578e-01 2.310840475324650034e-01
3.998875147728622736e-01 1.281697352159568738e-02 3.765312075117548396e-01 2.107643041937875550e-01
4.365421753328427856e-01 1.112912561823055715e-02 3.589848029608276314e-01 1.933438960880990432e-01
4.627802192936616432e-01 9.356678368333651991e-03 3.492321094024352646e-01 1.786309929355694992e-01
4.795703812418614653e-01 8.028639488180682252e-03 3.470158650332577643e-01 1.653851142367005200e-01
4.941497234321597376e-01 6.312346237516103936e-03 3.480419214582460841e-01 1.514960088720780917e-01
5.149348150463262108e-01 4.691353444423175881e-03 3.455614567605126974e-01 1.348123747487377233e-01
5.489869678910264117e-01 3.281501631887861516e-03 3.311758646874549683e-01 1.165556657896308496e-01
5.974601512403284742e-01 2.190707891983736944e-03 3.003546719508786156e-01 9.999446891680907612e-02
6.514159655745193067e-01 1.455649949227214891e-03 2.591908250943748548e-01 8.793755938187856891e-02
6.984176816583578251e-01 1.023656268065228176e-03 2.182563023800685731e-01 8.230235969350827019e-02
7.336737740049741330e-01 7.739580752206660051e-04 1.832947500497632276e-01 8.225751787004220716e-02
7.588477392626701290e-01 6.295843185347442441e-04 1.543334717718373439e-01 8.618920464695767336e-02
7.752199644557110636e-01 5.590363490867968554e-04 1.297505517206430647e-01 9.447044747455914104e-02
7.821467794517573680e-01 4.835085182027960555e-04 1.090840717876282312e-01 1.082856402424114406e-01
7.750668363845648612e-01 4.848329942907474285e-04 9.646243492399358965e-02 1.279858956971507145e-01
7.574732566970792114e-01 5.129355909954149946e-04 9.035779635568590151e-02 1.516560113562395173e-01
7.330969144352936784e-01 5.803770509412946700e-04 8.829173211159876966e-02 1.780309764021658914e-01
7.051021513995433532e-01 8.622151981333382384e-04 8.723939093349498963e-02 2.067962424688282452e-01
6.810966093371814134e-01 9.268036400574803475e-04 8.276802647058614792e-02 2.352085605521749279e-01
6.646147120854842827e-01 9.082048527742475055e-04 7.695179552248904153e-02 2.575252875392523566e-01
6.586376299164782289e-01 8.619226941911503018e-04 7.268800631568236859e-02 2.678124410736483219e-01
6.610331583079825934e-01 8.588722298720039179e-04 7.176765701000378805e-02 2.663403124521414034e-01
6.664885671833424841e-01 9.131449884847684956e-04 7.276345915951050458e-02 2.598348286686619768e-01
6.723069452042830241e-01 1.003686535656055263e-03 7.374306921453210872e-02 2.529462990455287330e-01
6.760184596343207231e-01 1.123310208276833908e-03 7.566141247027231842e-02 2.471968176871303102e-01
6.753278906415108862e-01 1.275901563727434599e-03 8.031722139644209557e-02 2.430789863983194299e-01
6.749560483872808492e-01 1.445605428938046303e-03 8.746404034241682390e-02 2.361343058413643003e-01
6.832330294079486110e-01 1.594894736910045701e-03 9.491643835663983453e-02 2.202556374985017162e-01
7.035926061357320460e-01 1.529612159380460508e-03 9.772337440948243581e-02 1.971544072954052318e-01
7.352967526824870648e-01 1.559931582347186393e-03 9.352509548447024423e-02 1.696182202506954784e-01
7.803667448592198630e-01 1.510363806215607322e-03 8.075322519269304000e-02 1.373696661418712661e-01
8.312882390614703132e-01 1.458114697994030351e-03 6.445494628559066130e-02 1.027986999549449776e-01
8.783811309779874232e-01 1.376974951671285606e-03 4.869593774210061177e-02 7.154595632824044260e-02
9.125533375735583874e-01 1.379963833600649555e-03 3.762658403010176594e-02 4.844011456273953492e-02
9.344785874599009778e-01 1.451033978357976241e-03 3.051126624580182897e-02 3.355911231593904781e-02
9.487908306863644947e-01 1.528938305450813816e-03 2.533271640060771532e-02 2.434751460757702060e-02
9.582456703258190878e-01 1.573088269003799968e-03 2.117545980794632507e-02 1.900578159723062890e-02
9.639481708025231521e-01 1.580352994797168398e-03 1.792418535982812436e-02 1.654729084285130880e-02
9.668893953341185510e-01 1.568260490140974605e-03 1.532288969876498090e-02 1.621945447697552278e-02
9.677034752643243198e-01 1.573173400743686258e-03 1.300459709892260764e-02 1.771875423600949989e-02
9.667851376505327554e-01 1.597643451145472045e-03 1.055488907343501634e-02 2.106232982488649361e-02
9.625890177498936939e-01 1.682035132893985223e-03 8.312743770368630908e-03 2.741620334684365806e-02
8.829065527177714090e-01 5.019449094868968630e-04 5.831798867444495590e-03 1.107597035052974438e-01
2.726304566943205665e-01 1.850433872691154558e-01 3.335686787314847690e-01 2.087574773050791255e-01
1.925743886569759311e-01 2.295935393585905315e-01 3.874847390056098129e-01 1.903473329788240853e-01
1.340111176965095019e-01 2.817713585561303358e-01 4.169945382226644126e-01 1.672229855246960828e-01
9.247480051225841213e-02 3.408495563074662726e-01 4.217078295347506112e-01 1.449678136455248845e-01
6.437908373984134458e-02 4.034077804955847335e-01 4.079533319072415343e-01 1.242598038573324293e-01
4.595183508093490105e-02 4.688754913211383157e-01 3.802958565947932024e-01 1.048768170031336294e-01
3.417244169978627538e-02 5.360023771280926219e-01 3.428895529219146976e-01 8.693562825020677287e-02
2.668050638647784245e-02 5.988864237450414185e-01 3.031527314741723211e-01 7.128033839430825136e-02
2.172122164321210400e-02 6.524631503821122225e-01 2.670937249602426400e-01 5.872190301443345334e-02
1.845049397020961587e-02 6.957665961706938074e-01 2.366220013390450128e-01 4.916090852005130379e-02
1.649596188731718496e-02 7.298071709105820037e-01 2.115576643242439159e-01 4.213920287785718338e-02
1.563433666464682931e-02 7.556533249384764783e-01 1.915310899436563352e-01 3.718124845322056532e-02
1.557449762853368828e-02 7.758952865857333681e-01 1.750308178848106189e-01 3.349939790092216346e-02
1.593364137485911089e-02 7.923008186472989545e-01 1.612907669489962725e-01 3.047477302884573844e-02
1.625559502426643030e-02 8.052208165735904588e-01 1.506410794647049800e-01 2.788250893743840150e-02
1.623175235548003983e-02 8.152862709220997095e-01 1.427460771275061158e-01 2.573589959491407939e-02
1.582844396066938539e-02 8.231876533568781573e-01 1.368887573789790146e-01 2.409514530347327266e-02
1.558022868556853228e-02 8.259361237657503185e-01 1.351176005449683526e-01 2.336604700371283649e-02
1.684431277388449485e-02 8.135895781442250563e-01 1.447187071965760907e-01 2.484740188531426100e-02
2.184975213514437492e-02 7.704198369479015041e-01 1.770915686134343914e-01 3.063884230351947291e-02
3.502085559688296323e-02 6.740292495567060671e-01 2.473363044453536497e-01 4.361359040105732693e-02
6.349824676683411828e-02 5.089796809777697995e-01 3.621989201176996631e-01 6.532315213769625262e-02
1.088742370236288476e-01 3.099846385562406992e-01 4.912004616431615567e-01 8.994066277696928513e-02
1.646138599103691980e-01 1.544886762910763489e-01 5.736432990172247726e-01 1.072541647813295973e-01
2.184496854473251815e-01 7.352691043658189651e-02 5.894016401825818985e-01 1.186217639335112178e-01
2.593421552930526008e-01 3.724237081128965038e-02 5.704871821809347487e-01 1.329282917147227017e-01
2.819891144786183523e-01 2.094120950871592932e-02 5.409173137810797671e-01 1.561523622315856841e-01
2.931032508253564872e-01 1.305750273239049755e-02 5.057929233448782425e-01 1.880463230973749844e-01
3.022935722092931488e-01 8.797738011204085662e-03 4.693028054664451498e-01 2.196058843130576921e-01
3.166099318305325983e-01 6.209747793219725850e-03 4.386842108088127024e-01 2.384961095674349163e-01
3.427512525812963506e-01 4.513568553158455593e-03 4.142470657070015938e-01 2.384881131585438463e-01
3.907526773962103350e-01 3.401643163323520708e-03 3.875338300177355588e-01 2.183118494227306583e-01
4.667728693654442096e-01 2.958336906224527923e-03 3.479575093844129441e-01 1.823112843439183839e-01
5.590140535223427909e-01 2.018369412266171614e-03 2.989792803649511388e-01 1.399882967004403012e-01
6.488492764206233998e-01 1.287552164638103465e-03 2.489581885600321842e-01 1.009049828547062683e-01
7.225292101496174624e-01 8.189531882182661451e-04 2.049464744617875422e-01 7.170536220037666830e-02
7.790462123868558963e-01 5.511665386162005378e-04 1.674725099247336146e-01 5.293011114979446347e-02
8.189632005425715455e-01 4.130952221743681920e-04 1.380569134498047801e-01 4.256679078544901157e-02
8.413459535356033747e-01 3.549765998732020669e-04 1.197921555031326857e-01 3.850691436139073304e-02
8.478669019868059209e-01 3.485853343646344474e-04 1.129691107463943606e-01 3.881540193243496195e-02
8.424459440241310881e-01 3.822497290635605864e-04 1.151834066134722473e-01 4.198839963333272224e-02
8.301834674076292719e-01 4.449880943038186086e-04 1.228241266227162037e-01 4.654741787535087577e-02
8.164669018026663450e-01 5.161723363919462713e-04 1.323251808322290501e-01 5.069174502871259813e-02
8.045442337689658885e-01 5.707106639024022267e-04 1.421913035435454220e-01 5.269375202358608790e-02
7.923098064065889901e-01 5.966853574214829375e-04 1.553407750389555753e-01 5.175273319703382197e-02
7.721480899034665057e-01 6.097621516043278539e-04 1.785447214231326851e-01 4.869742652179672587e-02
7.390188778791696445e-01 6.363342152444907522e-04 2.153820721315436171e-01 4.496271577404248321e-02
6.966600024064877328e-01 6.931673705303580905e-04 2.616780552543823690e-01 4.096877496859963053e-02
6.519415273057653781e-01 8.000669994993197826e-04 3.105841350709752646e-01 3.667427062376002467e-02
6.138394762351961909e-01 9.541378582932456961e-04 3.527161724596588055e-01 3.249021344685156659e-02
5.901032755167402444e-01 1.125396543530019899e-03 3.796918807012163444e-01 2.907944723851344990e-02
5.829019554002516923e-01 1.287124404172158149e-03 3.892155570499827300e-01 2.659536314559353756e-02
5.895734011850048972e-01 1.428033375231540060e-03 3.844130192102891419e-01 2.458554622947419985e-02
6.037835372614880347e-01 1.566050336994918120e-03 3.722601123169586024e-01 2.239030008455842810e-02
6.168788299091219063e-01 1.754148041045015122e-03 3.614307238909618691e-01 1.993629815887101864e-02
6.234709959680483360e-01 2.039233604034128809e-03 3.567288149186220725e-01 1.776095550929544450e-02
6.244154265460565290e-01 2.449014640408092233e-03 3.572093200920864464e-01 1.592623872144898270e-02
6.247460664301300870e-01 3.028243149916360049e-03 3.582247445762727356e-01 1.400094584368087765e-02
6.300279853620349702e-01 3.898512825462981633e-03 3.541333883431204699e-01 1.194011346938194176e-02
6.420163328631851574e-01 5.277181389617432647e-03 3.425238651486380292e-01 1.018262059855944666e-02
6.556469001066466129e-01 7.321024785323398953e-03 3.279630129534801819e-01 9.069062154549736854e-03
6.612859637324960405e-01 9.997698158081165520e-03 3.200227814300223850e-01 8.693556679400304965e-03
6.534307479170048394e-01 1.324450514454482940e-02 3.243219065580901228e-01 9.002840380360182387e-03
6.373808200161923398e-01 1.713960849384477819e-02 3.356474437201009686e-01 9.832127769861696495e-03
6.259626870731050952e-01 2.201304364585434867e-02 3.410518305290730634e-01 1.097243875196757257e-02
6.305120131020564012e-01 2.832124617201983718e-02 3.288529879636619691e-01 1.231375276226179434e-02
6.534536333282717768e-01 3.563054921689623455e-02 2.971199206900705381e-01 1.379589676476142453e-02
6.872447686442437753e-01 4.203564187925143414e-02 2.553457735059591616e-01 1.537381597054553010e-02
7.209858153308343898e-01 4.557741713069826672e-02 2.162886912260251759e-01 1.714807631244217104e-02
7.476850063581427230e-01 4.618427862344189755e-02 1.869632631597489270e-01 1.916745185866641776e-02
7.646299813718095972e-01 4.521446891961350412e-02 1.689336541458449636e-01 2.122189556273225072e-02
4.294207376068621268e-02 1.374877596919502933e-02 1.338570727420893836e-01 8.094520775280296121e-01
7.179979660159631349e-03 1.461916241943533954e-03 2.666956074857960157e-01 7.246624966121009148e-01
7.651870449393713067e-03 1.564709303609851734e-03 3.402904501007521509e-01 6.504929701462441871e-01
8.271518716064997501e-03 1.683451215349631011e-03 4.132804062231139053e-01 5.767646238454714469e-01
8.894123685901998699e-03 1.808392107540462675e-03 4.681385063320083750e-01 5.211589778745494561e-01
9.579431147211041331e-03 1.938028981401697598e-03 4.979476767322377762e-01 4.905348631391493464e-01
1.030081153039315474e-02 2.050196124469081532e-03 5.105675749605184111e-01 4.770814173846191775e-01
1.094918959678055533e-02 2.104836258741675774e-03 5.182686160895192407e-01 4.686773580549588036e-01
1.168344336987634652e-02 2.082845935348317731e-03 5.288121985037287365e-01 4.574215121910465975e-01
1.285461458362770724e-02 2.009426954831966886e-03 5.452086013362676953e-01 4.399273571252727555e-01
1.537469474674409489e-02 2.007405533536414568e-03 5.665541029416988339e-01 4.160637967780205226e-01
1.823678325563478017e-02 1.986387279089943912e-03 5.894247941109602706e-01 3.903520353543150634e-01
2.227968908568486034e-02 2.053651456587959803e-03 6.059002907279655847e-01 3.697663687297615409e-01
2.768393695169457311e-02 2.197866905531883994e-03 6.071793027235222739e-01 3.629388934192513960e-01
3.487653435207998392e-02 2.406924913516885357e-03 5.871372657253747240e-01 3.755792750090282683e-01
4.428960798975731250e-02 2.675170464089264132e-03 5.460174660228389598e-01 4.070177555233142619e-01
5.599566489940169256e-02 2.977120699567653139e-03 4.900887923368668075e-01 4.509384220641638463e-01
7.031872876089981239e-02 3.297521811038744716e-03 4.289830436265772429e-01 4.974007058014843219e-01
8.948913486087912983e-02 3.723753055006412838e-03 3.730427354691800979e-01 5.337443766149345681e-01
1.187930883980519159e-01 4.502004790204990406e-03 3.305998815180176131e-01 5.461050252937251770e-01
1.666449374109093551e-01 5.934217493780714545e-03 3.054128844362138939e-01 5.220079606590961596e-01
2.444084631329302426e-01 7.837473108464538749e-03 2.945974559373029655e-01 4.531566078213022375e-01
3.616890557417919982e-01 8.466665912963538057e-03 2.787187419584538084e-01 3.511255363867906154e-01
5.114401003908158883e-01 6.443548955620606415e-03 2.324225892051498821e-01 2.496937614484134316e-01
6.542116265978337175e-01 3.829819055423848602e-03 1.665549410888509940e-01 1.754036132578915275e-01
7.517001747184210991e-01 2.450131761267699843e-03 1.131543837910280320e-01 1.326953097292830619e-01
8.013088433861590421e-01 2.262473275297540928e-03 8.404430355089657911e-02 1.123843797876467182e-01
8.189214762445685691e-01 3.025988945108150016e-03 7.335501098428261202e-02 1.046975238260409169e-01
8.166357293789809901e-01 5.506955912453561502e-03 7.700139464563988956e-02 1.008559200629258190e-01
8.081158533405601307e-01 1.184251558378862819e-02 8.846088565222093303e-02 9.158074542343017099e-02
7.921741376113431432e-01 2.720122654077977015e-02 1.037484673190940399e-01 7.687616852878306761e-02
7.571277472840862721e-01 6.253453642149725544e-02 1.148851588772462629e-01 6.545255741717018183e-02
6.754142314853637252e-01 1.386081552956131835e-01 1.251810240450735578e-01 6.079658917394970691e-02
5.385917965445647937e-01 2.816122779982482283e-01 1.257449183054707709e-01 5.405100715171622799e-02
3.673250318719394891e-01 4.962076389378653474e-01 9.571178915568971657e-02 4.075554003450530122e-02
1.979842642082202120e-01 7.231377849059142937e-01 5.223689151872727698e-02 2.664105936713832487e-02
8.582311960937062667e-02 8.741102353267871106e-01 2.364175266649589519e-02 1.642489239734654105e-02
3.579075451370102023e-02 9.438074147456922969e-01 1.012770201167110910e-02 1.027412872893548011e-02
1.527276401370673137e-02 9.732735625236834665e-01 4.887949628431006825e-03 6.565723834178872551e-03
7.046128493048481843e-03 9.859792174066451809e-01 2.680402263813894039e-03 4.294251836492408991e-03
3.685089684959396827e-03 9.916208985638838014e-01 1.695441654099504600e-03 2.998570097057482592e-03
2.325219192665020120e-03 9.939974275377723156e-01 1.277984743977138380e-03 2.399368525585927024e-03
1.727880271979306695e-03 9.950275349706461103e-01 1.085897178723821497e-03 2.158687578650989383e-03
1.401040889120711182e-03 9.955974025606493250e-01 9.502847576946950965e-04 2.051271792535235266e-03
1.197199743419306503e-03 9.958986964119278529e-01 8.517673669369677002e-04 2.052336477715891675e-03
1.083256508714094827e-03 9.958607675313502217e-01 8.195375861648898034e-04 2.236438373770973254e-03
1.045234460487045767e-03 9.954112623242646896e-01 8.740911258151276477e-04 2.669412089432790514e-03
1.047340792226178659e-03 9.946700952042489829e-01 9.982888865078004981e-04 3.284275117017048523e-03
1.080833800146121897e-03 9.937407857280359247e-01 1.183789158471800764e-03 3.994591313345998915e-03
1.209587438442556815e-03 9.923424470526621688e-01 1.512662089720657240e-03 4.935303419174653580e-03
1.564110252012929471e-03 9.897728133807105477e-01 2.182920573190478674e-03 6.480155794086078606e-03
2.271990566937294627e-03 9.854455300870343937e-01 3.388050265736780760e-03 8.894429080291562165e-03
3.413113789007054741e-03 9.790986659885823062e-01 5.222433816145423228e-03 1.226578640626550636e-02
5.121900827925332002e-03 9.698736449011099436e-01 7.908565736856748574e-03 1.709588853410790033e-02
7.461173578684426530e-03 9.569856241072289826e-01 1.168495696125994299e-02 2.386824535282670856e-02
1.010009488187929225e-02 9.419645735391045660e-01 1.620554489653972668e-02 3.172978668247627976e-02
1.235244234829982121e-02 9.288252382726250866e-01 2.035676676014556291e-02 3.846555261892960903e-02
1.388294536565819019e-02 9.193942126619498723e-01 2.366044165370849786e-02 4.306240031868356632e-02
1.496645226706309721e-02 9.114710888933683641e-01 2.701217703118828986e-02 4.655028180838043789e-02
1.571656164902043157e-02 9.042170079845173181e-01 3.078056298963768520e-02 4.928586737682473518e-02
1.599222133228467638e-02 8.995618352967955644e-01 3.411099457956071057e-02 5.033494879135876759e-02
1.576383918411822585e-02 8.984756640055925336e-01 3.618731608091039359e-02 4.957318072937901693e-02
1.509279929655103249e-02 8.995693148286656449e-01 3.698587625729027328e-02 4.835200961749294007e-02
1.418544893451168486e-02 8.998590983982129865e-01 3.736835915286754878e-02 4.858709351440765323e-02
1.331408511876257597e-02 8.958947582187919423e-01 3.852979089609694791e-02 5.226136576634866221e-02
1.277321083802876976e-02 8.836182148762676825e-01 4.175819052995941721e-02 6.185038375574437169e-02
1.295439008280909604e-02 8.570248324969447218e-01 4.884728586716293591e-02 8.117349155308320463e-02
1.387104499932334881e-02 8.131893680510405842e-01 6.040491485041795533e-02 1.125346720992180943e-01
1.544636669263593776e-02 7.637556897866676353e-01 7.166712693046865812e-02 1.491308165902275051e-01
1.622571039993520384e-02 7.243506696228589892e-01 7.985918946155880216e-02 1.795644305156470499e-01
1.696208732896933510e-02 6.990937727819811487e-01 8.331447708827068033e-02 2.006296628007788463e-01
1.822737710398118771e-02 6.783667015470175032e-01 8.476474854044255269e-02 2.186411728085587425e-01
2.166159813292931231e-03 1.300053335794402465e-01 5.986519246347021816e-01 2.691765819725647768e-01
1.197400511291247735e-02 2.441978550557384435e-03 5.549871131269250579e-01 4.305969032096050308e-01
1.029618097910906145e-02 2.506916975757006536e-03 5.152349113648317935e-01 4.719619906803020348e-01
9.987809940525496297e-03 2.741569533870872981e-03 4.818522738503034919e-01 5.054183466753002785e-01
1.073446145161266636e-02 3.054627102519508371e-03 4.594447463796526021e-01 5.267661650662148753e-01
1.274911875630323731e-02 3.428353923431885948e-03 4.475404350067453962e-01 5.362820923135195317e-01
1.611314677289658187e-02 3.854334860986791903e-03 4.499379080436012868e-01 5.300946103225155914e-01
2.056609307022531224e-02 4.285028111794986216e-03 4.653354920392976379e-01 5.098133867786820428e-01
2.606750589330874418e-02 4.717347494209630891e-03 4.861948340585542927e-01 4.830203125539271891e-01
3.071439762686565753e-02 4.976734227625701293e-03 5.111666932995018175e-01 4.531421748460068288e-01
3.519177417594733515e-02 5.088969396266246857e-03 5.402593794848236097e-01 4.194598769429628282e-01
4.001993762358931755e-02 5.108206242377092039e-03 5.702862867459388418e-01 3.845855693880945170e-01
4.578544349016369641e-02 5.117495488788424349e-03 5.955328976821347986e-01 3.535641633389131067e-01
5.324282946930523897e-02 5.133324562560071316e-03 6.111056993083125999e-01 3.305181466598220985e-01
6.321986749282258733e-02 5.134003184626206515e-03 6.144985300173635423e-01 3.171475993051883213e-01
7.677087997233897343e-02 5.164378202879929720e-03 6.057060398975125937e-01 3.123587019272683341e-01
9.524292515895975419e-02 5.244537301733689753e-03 5.852584131932557776e-01 3.142541243460508227e-01
1.192779683203947921e-01 5.300903599745935245e-03 5.527378012644694749e-01 3.226833268153896372e-01
1.473153496606439683e-01 5.226344462342693599e-03 5.083718745153544827e-01 3.390864313616589465e-01
1.761076505190234676e-01 4.992483186102711183e-03 4.554044872783192810e-01 3.634953790165547094e-01
2.015784458438578675e-01 4.653079294960220380e-03 3.980808541232181974e-01 3.956876207379637633e-01
2.172503745046872603e-01 4.215510999262187322e-03 3.394465287058306413e-01 4.390875857902203361e-01
2.209449891635081598e-01 3.941843520240740674e-03 2.821680145194893630e-01 4.929451527967618762e-01
2.122735880799820896e-01 3.988560962598001677e-03 2.337813107894429476e-01 5.499565401679769039e-01
1.950928266926595378e-01 4.521624610070886299e-03 1.971479636529993862e-01 6.032375850442700527e-01
1.661516072945925515e-01 5.306437388975323091e-03 1.738437123037736010e-01 6.546982430126585539e-01
1.283584060037402386e-01 6.253378842801295308e-03 1.564366451516106538e-01 7.089515700018478306e-01
9.019654845166957813e-02 7.542726557958473292e-03 1.415640932856194745e-01 7.606966317047523241e-01
5.937451382356769003e-02 9.954088366192848439e-03 1.304425105413367092e-01 8.002288872689028443e-01
3.793611444176344522e-02 1.453050786671888743e-02 1.226599324554328851e-01 8.248734452360849678e-01
2.406229501688848110e-02 2.222457491305808788e-02 1.140714721385391733e-01 8.396416579315143514e-01
1.580597338232574145e-02 3.429205358986329305e-02 1.033549298494542551e-01 8.465470431783566063e-01
1.208966240638659727e-02 5.274657236414454636e-02 9.524168459521759056e-02 8.399220806342513335e-01
9.589742721763570843e-03 8.373832757850564745e-02 9.454077876856384344e-02 8.121311509311669452e-01
8.525161255784403924e-03 1.290132750607676515e-01 9.990006145057127307e-02 7.625615022328767756e-01
7.600076815443451358e-03 1.840092898922326969e-01 1.038145453223893039e-01 7.045760879699344281e-01
6.691631388019612936e-03 2.364540487188814266e-01 1.030550334415241409e-01 6.537992864515748126e-01
5.886582215770074129e-03 2.704995153560698640e-01 9.937274582307856208e-02 6.242411566050815042e-01
5.280149235487059146e-03 2.846902518925170100e-01 9.536346739725590216e-02 6.146661314747400295e-01
4.892259732148941664e-03 3.024844571865416554e-01 9.297493050374584789e-02 5.996483525775636592e-01
4.732275124520655268e-03 3.523681234706506626e-01 9.439780497010512306e-02 5.485017964347236319e-01
4.686244303074151712e-03 4.403073682871312955e-01 9.836089625212347809e-02 4.566454911576710574e-01
4.640067162606308949e-03 5.384665079634324281e-01 1.013446773443446858e-01 3.555487475296162936e-01
4.731135631005452778e-03 6.161654846627113713e-01 1.037654385586286032e-01 2.753379411476544192e-01
5.104731388601238366e-03 6.676395841606390658e-01 1.070453615305216738e-01 2.202103229202378165e-01
5.939139879022928628e-03 6.985411043071542148e-01 1.114950665519803263e-01 1.840246892618422336e-01
7.597281759102491802e-03 7.115186418790546696e-01 1.183010051928525957e-01 1.625830711689902897e-01
1.035830581385605020e-02 7.094435322031875657e-01 1.266973192520129132e-01 1.535008427309436374e-01
1.409773746468041128e-02 6.970853355461543721e-01 1.337870573835127641e-01 1.550298696056523484e-01
1.819879988200072407e-02 6.791658604875659977e-01 1.380294839966822729e-01 1.646058556337506584e-01
2.172560174546143974e-02 6.617229823242457565e-01 1.391111233433597327e-01 1.774402925869331127e-01
2.399789662301103632e-02 6.532228655179607157e-01 1.356190240575055883e-01 1.871602138015226457e-01
2.489639322046882999e-02 6.610427008748892552e-01 1.260052521176968920e-01 1.880556537869448597e-01
2.459806481707710671e-02 6.825702910587921890e-01 1.122205981601156338e-01 1.806110459640153099e-01
2.377357324338174108e-02 7.026684205974733644e-01 9.986001538942897160e-02 1.736979907697159264e-01
2.330821110934186771e-02 7.085660161066819063e-01 9.266549121825756741e-02 1.754602815657183013e-01
2.394762765591834305e-02 6.963921778614722280e-01 9.118704679307493288e-02 1.884731476895344371e-01
2.605178202832447373e-02 6.671022920366782571e-01 9.479529353400614755e-02 2.120506324009912291e-01
2.940130677732573361e-02 6.244676913530537998e-01 1.025104295168554336e-01 2.436205723527654632e-01
3.395934106692686388e-02 5.719460850868363089e-01 1.148530762886180168e-01 2.792414975576188452e-01
3.973586102005288723e-02 5.152112555968757501e-01 1.319868326459527341e-01 3.130660507371184620e-01
4.606209196335898926e-02 4.645534418476663374e-01 1.510155974831950965e-01 3.383688687057794242e-01
5.213565652310071102e-02 4.302277300373495428e-01 1.684555645204600938e-01 3.491810489190896871e-01
5.665962925029502384e-02 4.170908471152097730e-01 1.821260423681889951e-01 3.441234812663061526e-01
5.903133861548541528e-02 4.197493382054636735e-01 1.931106571263051519e-01 3.281086660527456345e-01
6.110977418496610358e-02 4.267829236668715387e-01 2.051775804105801515e-01 3.069297217375824283e-01
6.387421831256838434e-02 4.321901234261665281e-01 2.191799903356631274e-01 2.847556679256016410e-01
6.618338887328514830e-02 4.383445341085693281e-01 2.319297846286217102e-01 2.635422923895238134e-01
6.707359199990586829e-02 4.502442646935672643e-01 2.399754676745649573e-01 2.427066756319618268e-01
6.648664396676261246e-02 4.776479473536630604e-01 2.364809392044064651e-01 2.193844694751679869e-01
6.551236548295499840e-02 5.246986734795108243e-01 2.195863628125701017e-01 1.902025982249640201e-01
6.308323777666245691e-02 5.969962263533389324e-01 1.875539153400282988e-01 1.523666205299700760e-01
3.898398199778242961e-03 8.370771434043218218e-01 2.201549542131442296e-03 1.568229088537684557e-01
2.375977396943006713e-03 8.916596190571626224e-01 1.427131066800973059e-03 1.045372724790933489e-01
1.594750797018829004e-03 9.198772646065190850e-01 1.074138893245698634e-03 7.745384570321672824e-02
1.276155351361899599e-03 9.268852647069548700e-01 1.001995502693220916e-03 7.083658443898993573e-02
1.270624134256696184e-03 9.114371222589007226e-01 1.189327332651136894e-03 8.610292627419137423e-02
1.618364875538630485e-03 8.631050176170876886e-01 1.747981100792390290e-03 1.335286364065815246e-01
1.558263721112439996e-03 7.709335700186950024e-01 2.693079820338907613e-03 2.248150864398539284e-01
1.801210988923653391e-03 6.475870565596917316e-01 4.132398895472183184e-03 3.464793335559124832e-01
1.957076724845016776e-03 5.352592486258476168e-01 5.851382348849135800e-03 4.569322923004584536e-01
2.022366433867550661e-03 4.489550589598733099e-01 7.681857731304655990e-03 5.413407168749544418e-01
2.006920396649467756e-03 3.688327858097750211e-01 9.351060731071246523e-03 6.198092330625039059e-01
1.905847251986331333e-03 2.825343070154056058e-01 1.049768368360748730e-02 7.050621620490004071e-01
1.742705871973499691e-03 2.016140150661793751e-01 1.075723965526041541e-02 7.858860394065868560e-01
1.575768667666024858e-03 1.402796239859883665e-01 1.003542739336630782e-02 8.481091799529791864e-01
1.434709383239991982e-03 9.679702484701589726e-02 8.629186521017146588e-03 8.931390792487268193e-01
1.567131117709027891e-03 6.517119438303838053e-02 6.977489891197675466e-03 9.262841846080550612e-01
9.550858157526346528e-04 4.387022971493061835e-02 5.809551769887851859e-03 9.493651326994289041e-01
1.313652268686556083e-03 3.063852687027346366e-02 5.117481481805285885e-03 9.629303393792348897e-01
1.453729591953485971e-03 2.366156469597115869e-02 4.825622000274762749e-03 9.700590837118008292e-01
1.817958963963791979e-03 2.177012498574793301e-02 5.069349571156399857e-03 9.713425664791319747e-01
2.583985264371151721e-03 2.431313770544795555e-02 5.874360443604419169e-03 9.672285165865766032e-01
4.063934013412602575e-03 3.111955796285758441e-02 7.245310933738022263e-03 9.575711970899919434e-01
6.618618353379394914e-03 4.080359197287023593e-02 8.958642298901968448e-03 9.436191473748484215e-01
2.189543718586775545e-01 4.443361929744039408e-03 7.649801427850539959e-01 1.162212342652430876e-02
2.890191963301654288e-01 5.984422946371790487e-03 6.890964644888865065e-01 1.589991623457619879e-02
3.848538710446187672e-01 8.248685037625503799e-03 5.860029170566266599e-01 2.089452686112938662e-02
4.921354601058280931e-01 1.131131547064989640e-02 4.712230742403528128e-01 2.533015018316907632e-02
5.951509686601097471e-01 1.468231540751364222e-02 3.623215859852359499e-01 2.784512994714065728e-02
6.779962031488266927e-01 1.852346745472125897e-02 2.752189432324022578e-01 2.826138616404975240e-02
7.359964330983507219e-01 2.208230019495881560e-02 2.143196197472491127e-01 2.760164695944146429e-02
7.741449217451489284e-01 2.428062224485209170e-02 1.749572904481548341e-01 2.661716556184445109e-02
8.043057375833796430e-01 2.416603326344553271e-02 1.465274021199073629e-01 2.500082703326730535e-02
8.354391701965784289e-01 2.182954059505050337e-02 1.205435123314590323e-01 2.218777687691165720e-02
8.698866185667117890e-01 1.820712428666506830e-02 9.397239253893861777e-02 1.793386460768436885e-02
9.022345995515488326e-01 1.418674773621059551e-02 7.020478622169566696e-02 1.337386649054505411e-02
9.275557046262568051e-01 1.046307350680989769e-02 5.239152310254767408e-02 9.589698764385840013e-03
9.449814582654301187e-01 7.546632119384679392e-03 4.059930913786261031e-02 6.872600477322551686e-03
9.563503175593230932e-01 5.418608539304243729e-03 3.311446431796071649e-02 5.116609583411809575e-03
9.639207675211020065e-01 3.863820941857589331e-03 2.815349086407339940e-02 4.061920672967169084e-03
9.687489886144826645e-01 2.762479537602827682e-03 2.499432966271218290e-02 3.494202185202387786e-03
9.711268724277956066e-01 1.674286204100614971e-03 2.389623523797851368e-02 3.302606130125143764e-03
9.710672972818008564e-01 1.320007833014905096e-03 2.417814728252661027e-02 3.434547602657487750e-03
9.695877734747958554e-01 1.107408587654283355e-03 2.556389722953639199e-02 3.740920708013702363e-03
9.675563462383561797e-01 9.724953738988190025e-04 2.743355098101309120e-02 4.037607406731878561e-03
9.657326746961711894e-01 8.765496507534411641e-04 2.925449951617810351e-02 4.136276136897411304e-03
9.644501023869350709e-01 8.030943349993650187e-04 3.081020379691565281e-02 3.936599481150064063e-03
9.627446550239298073e-01 7.770866460386173166e-04 3.295418182239027993e-02 3.524076507641240794e-03
9.589531436435249079e-01 8.423471064794070149e-04 3.712202155746221338e-02 3.082487692533534933e-03
9.541719131251172881e-01 6.565269731672976642e-04 4.243834354476797716e-02 2.733216356947317741e-03
9.463726554238487410e-01 7.266657772702217466e-04 5.029086660077802112e-02 2.609812198103044368e-03
9.390744703986732000e-01 8.239042203624685930e-04 5.753944417790239629e-02 2.562181203061749020e-03
9.346950116990939694e-01 9.554797459062188076e-04 6.183667130270555784e-02 2.512837252293930075e-03
9.341164431886384012e-01 1.139141167581968466e-03 6.231937376983074511e-02 2.425041873948545652e-03
9.363784402657853168e-01 1.388388643782413395e-03 5.994026623782344743e-02 2.292904852608848663e-03
9.394502524907973884e-01 1.730819934560819335e-03 5.663618316678426662e-02 2.182744407857777416e-03
9.413358758718881614e-01 2.259652165465724036e-03 5.419755918423707630e-02 2.206912778408737317e-03
9.413483242187100641e-01 3.095251360314606529e-03 5.312747778121153924e-02 2.428946639763875960e-03
9.386012561178748159e-01 4.482038042029952256e-03 5.397838225867102047e-02 2.938323581424214393e-03
9.320129408342938682e-01 7.027938239294260689e-03 5.703765364976259161e-02 3.921467276649027132e-03
9.208657263820707595e-01 1.193767197121708284e-02 6.157736231728672821e-02 5.619239329425255135e-03
9.032661492403617487e-01 2.117992244778911515e-02 6.725957662725284836e-02 8.294351684596405760e-03
8.767087620844460361e-01 3.651818309245009192e-02 7.457662014197279088e-02 1.219643468113129799e-02
8.402924301709466803e-01 5.766486966773177320e-02 8.439489742493987146e-02 1.764780273638167502e-02
7.941890371960239614e-01 8.340920098903734092e-02 9.740251335078818629e-02 2.499924846415042812e-02
7.406703546563218055e-01 1.125967592519941385e-01 1.128531234017135648e-01 3.387976268997066470e-02
6.767078511274006170e-01 1.496100293891359512e-01 1.297564252415279729e-01 4.392569424193513983e-02
6.091529115102621850e-01 1.889313073902886553e-01 1.478457468460422086e-01 5.407003425340713848e-02
5.436408831836128108e-01 2.239634785741801970e-01 1.687163686021622977e-01 6.367926964004451407e-02
4.853003077016597167e-01 2.480971803980230317e-01 1.948828451620420732e-01 7.171966673827528949e-02
4.353390112567452341e-01 2.632464560499545581e-01 2.251806653821734061e-01 7.623386731112687109e-02
3.967018540895436152e-01 2.759929645669795262e-01 2.519523832981550027e-01 7.535279804532164782e-02
3.658966186408131316e-01 2.957494445073277078e-01 2.681998602593567149e-01 7.015407659250222361e-02
3.424275461587875657e-01 3.186777224444545253e-01 2.758271687191193311e-01 6.306756267763824475e-02
3.232130245556039116e-01 3.388840634136942032e-01 2.820475450218599689e-01 5.585536700884211059e-02
3.067582722086402147e-01 3.533910063239618093e-01 2.905122599919419124e-01 4.933846147545589006e-02
2.961366327465917991e-01 3.614298187026492304e-01 2.985687165759782213e-01 4.386483197478074914e-02
2.985884186670512697e-01 3.631431688347991349e-01 2.993151797508645795e-01 3.895323274728550861e-02
3.229432614746728381e-01 3.572579051703966835e-01 2.858457327574075446e-01 3.395310059752312121e-02
3.790365878028917335e-01 3.338736987128779199e-01 2.578811275254183633e-01 2.920858595881202849e-02
4.768134019695796644e-01 2.791730086089691532e-01 2.188806196642947843e-01 2.513296975715643977e-02
6.117854498170424149e-01 1.983578286373332278e-01 1.692787767641133201e-01 2.057794478151101988e-02
7.491869841555984788e-01 1.199691357645391449e-01 1.159925166311377986e-01 1.485136344872418045e-02
8.485105757648546687e-01 6.756833314644968003e-02 7.422547990122738137e-02 9.695611187468195294e-03
9.062874857400993189e-01 3.833605733443954527e-02 4.915182342729619569e-02 6.224633498164876787e-03
9.354700482272761963e-01 2.332010677342758950e-02 3.688312035951752527e-02 4.326724639778910080e-03
9.482142617114298622e-01 1.540755666704159144e-02 3.292006766155403108e-02 3.458113959974442892e-03
9.512783473107225829e-01 1.091670413158194082e-02 3.457205222949162604e-02 3.232896328203834196e-03
9.486877616195505958e-01 8.275349608513593233e-03 3.957370831372102743e-02 3.463180458214587965e-03
9.435265424085500507e-01 6.956405485748924297e-03 4.543934071239595640e-02 4.077711393305214274e-03
9.369283027810388909e-01 6.611182851339775755e-03 5.144822153363527023e-02 5.012292833985805551e-03
9.270120016720838629e-01 6.905226818993087309e-03 5.981097374866236466e-02 6.271797760260696374e-03
9.086342765699861879e-01 7.892494988646673107e-03 7.526858999714153287e-02 8.204638444225734531e-03
8.734304127917003058e-01 1.025121522144263435e-02 1.049337951542053393e-01 1.138457683265190097e-02
8.145779933514259996e-01 1.471485351485473519e-02 1.550481481425608488e-01 1.565900499115826724e-02
7.348467808237052479e-01 2.137250953337418991e-02 2.241866107411649434e-01 1.959409890175561886e-02
6.429240902873960550e-01 3.011365168352712549e-02 3.047907690609082398e-01 2.217148896816869413e-02
5.483269606567821031e-01 4.063551770329437707e-02 3.874456398007231628e-01 2.359188183920050627e-02
4.619576591950498856e-01 5.287037089223127484e-02 4.608167738625965071e-01 2.435519605012267941e-02
3.908603006535806279e-01 6.475097459875217565e-02 5.197428834892117155e-01 2.464584125845552601e-02
3.350871322997154844e-01 7.767100217464294187e-02 5.622250183460485440e-01 2.501684717959283891e-02
2.932363264670131420e-01 9.214138907055725858e-02 5.887420800191258685e-01 2.588020444330361644e-02
2.656744518124791732e-01 1.073295532620938963e-01 5.997272531952893004e-01 2.726874173013774105e-02
2.496132699923144516e-01 1.240628963412039459e-01 5.972291272218778202e-01 2.909470644460407027e-02
2.451675073554415163e-01 1.365691962656218061e-01 5.873970280014262357e-01 3.086626837751018856e-02
2.500370061723350967e-01 1.457637101188392625e-01 5.711284013898764167e-01 3.307088231894943914e-02
2.656396437359728191e-01 1.491665740026003328e-01 5.488469017787855897e-01 3.634688048264136245e-02
2.903675560252149679e-01 1.454599159687701426e-01 5.229936540352539964e-01 4.117887397076058081e-02
3.202752065030740058e-01 1.346435868857143725e-01 4.973955130426200300e-01 4.768569356859144598e-02
3.521332916196114327e-01 1.184888111528290405e-01 4.732854681781964445e-01 5.609242904936322105e-02
3.803095270258308735e-01 1.031982761559458173e-01 4.492660266138782110e-01 6.722617020434527857e-02
4.008407201561721700e-01 8.938577526880150947e-02 4.278141317560334445e-01 8.195937281899284832e-02
4.098081340538231032e-01 7.573424352168822704e-02 4.120071210719980503e-01 1.024505013524910219e-01
