8.966332056984299692e-01 3.190281336564019382e-03 1.328305719696869051e-02 8.689345576803730875e-02
1.887420116962120198e-01 2.182666231618412157e-03 7.145689568561526261e-01 9.450636521601731010e-02
2.006377743399721525e-01 2.748484968442304905e-03 6.775796682649254388e-01 1.190340724266599898e-01
2.160552137401316186e-01 4.120238431898456261e-03 6.265471157161139892e-01 1.532774321118558214e-01
2.341530557471387664e-01 6.318271021544898114e-03 5.656574476352116410e-01 1.938712255961045072e-01
2.556575376049728399e-01 9.008632353758549288e-03 4.991038930526077722e-01 2.362299369886607658e-01
2.841066437407472334e-01 1.178264593726477578e-02 4.275527740460842718e-01 2.765579362759039705e-01
3.215489455784567574e-01 1.404902648364345953e-02 3.549101160398865917e-01 3.094919118980133943e-01
3.656610867353159988e-01 1.499826498946523791e-02 2.895694268010351458e-01 3.297712214741836401e-01
4.116334428935001233e-01 1.424157877910642474e-02 2.367658269416958450e-01 3.373591513856977198e-01
4.542110422728024566e-01 1.218604215250045260e-02 1.948131494400357488e-01 3.387897661346617184e-01
4.872082124931981228e-01 9.649307840164971645e-03 1.607962869925542160e-01 3.423461926740826167e-01
5.011632926176109448e-01 7.892168953132529252e-03 1.362245215168451096e-01 3.547200169124115621e-01
4.945195404494452385e-01 6.660046562308577500e-03 1.222106873616761458e-01 3.766097256265700799e-01
4.715930174968520072e-01 6.402959699697194015e-03 1.203043981787869504e-01 4.016996246246638536e-01
4.439887494109088228e-01 6.458660319544043751e-03 1.296598685632700809e-01 4.198927217062767281e-01
4.187808135514630159e-01 7.568063006378787996e-03 1.515167018284560574e-01 4.221344216137021821e-01
3.942696323151947402e-01 9.252032375405319989e-03 1.894599957988221117e-01 4.070183395105781421e-01
3.613462598209238319e-01 1.093682870097657800e-02 2.499831485345184456e-01 3.777337629435808530e-01
3.139113283146272027e-01 1.134050680522345408e-02 3.347536905986888689e-01 3.399944742814604570e-01
2.553634684080667294e-01 9.902821742848823272e-03 4.341392005312715296e-01 3.005945093178130079e-01
1.959108573722443403e-01 7.451205566424287489e-03 5.339015074928771254e-01 2.627364295684537776e-01
1.461218270511105422e-01 5.104772471832049602e-03 6.225400698602164828e-01 2.262333306168408109e-01
1.110908248575242924e-01 3.875960845148844480e-03 6.918688827865259183e-01 1.931643315108008130e-01
9.241278218889288631e-02 2.904895670383644216e-03 7.360748592742322183e-01 1.686074628664913089e-01
8.527109372387915720e-02 2.569253839505446571e-03 7.578148864898215376e-01 1.543447659467940269e-01
8.445959622761124719e-02 2.531780763559281743e-03 7.673869130568455876e-01 1.456217099519842018e-01
8.713476750982958319e-02 2.567745586534084072e-03 7.747748441625283977e-01 1.355226427411078960e-01
9.228925181586128401e-02 2.506043898972567727e-03 7.824337154251623794e-01 1.227709888600040933e-01
1.048816716200443727e-01 2.624766613391701746e-03 7.809854082227959404e-01 1.115081535437681959e-01
1.224536316731858199e-01 2.754699173949810929e-03 7.712207735821963173e-01 1.035708955706685919e-01
1.397367281410128448e-01 2.758758875334192326e-03 7.608771432235149623e-01 9.662736976013810986e-02
1.535097474800278250e-01 2.560783319077829766e-03 7.556457918868216828e-01 8.828367731407241181e-02
1.660812393452330560e-01 2.257185016900102939e-03 7.520732609082829700e-01 7.958831472958380338e-02
1.812948497405788006e-01 1.971705389322062248e-03 7.446976054936086387e-01 7.203583937649037094e-02
2.003623984628714882e-01 1.777741333568756384e-03 7.316932453596273200e-01 6.616661484393250581e-02
2.238419813648139800e-01 1.860146783873241946e-03 7.117358943591828302e-01 6.256197749212989712e-02
2.473184878920784147e-01 1.875534633605188380e-03 6.893422981733248189e-01 6.146367930099166932e-02
2.726294834354828778e-01 1.896145707230555708e-03 6.623351021232062319e-01 6.313926873408022555e-02
2.980870679847869020e-01 1.872188218893117715e-03 6.314245758857512936e-01 6.861616791056855680e-02
3.196358634820575806e-01 1.432023871466614516e-03 6.004071693070508475e-01 7.852494333942476590e-02
3.402151027895869984e-01 1.324981122668667790e-03 5.644590873185328928e-01 9.400082876921117547e-02
3.592386883148686039e-01 1.250007646039466526e-03 5.215613780711149117e-01 1.179499259679771123e-01
3.722959481837010975e-01 1.183966447371484314e-03 4.731649130832786820e-01 1.533551722856486277e-01
3.707882592740352479e-01 1.114213755627586509e-03 4.276425466918851725e-01 2.004549802784521551e-01
3.526932610128398760e-01 1.098517910713783926e-03 3.886133164456878619e-01 2.575949046307585699e-01
3.229223402946601595e-01 1.193261296901487484e-03 3.517316453681437749e-01 3.241527530402945056e-01
2.859465018762465949e-01 1.347048556034828853e-03 3.114587556992387540e-01 4.012476938684799710e-01
2.437170185546704559e-01 1.346581197060129406e-03 2.685542434356416042e-01 4.863821568126280304e-01
2.061889775018112547e-01 1.140032490392927896e-03 2.233736486076882410e-01 5.692973414001076815e-01
1.812315385567951354e-01 8.967317550557542521e-04 1.835032878274718282e-01 6.343684418606772013e-01
1.690015118572642527e-01 7.223800192379731993e-04 1.570804213138533578e-01 6.731956868096442559e-01
1.685075897099808651e-01 6.868205022190497543e-04 1.391680393234393520e-01 6.916375504643608174e-01
1.754819561821099327e-01 7.418938142420724007e-04 1.254561574076118458e-01 6.983199925960361654e-01
1.837574745918194585e-01 8.486044094337342938e-04 1.165899244498842524e-01 6.988039965488624938e-01
1.887310480085737374e-01 9.919714776092040508e-04 1.133778342691158514e-01 6.968991462447008400e-01
1.946883176762116419e-01 1.191021424867663410e-03 1.152269832603784044e-01 6.888936776385422567e-01
2.110487793520543776e-01 1.495423423823595424e-03 1.216707627147461390e-01 6.657850345093757616e-01
2.405320829023982754e-01 1.926597583269787882e-03 1.297388952355603142e-01 6.278024242787713094e-01
2.838817142613696554e-01 2.450814235116622729e-03 1.338675711592028084e-01 5.797999003443107258e-01
3.484653925668665386e-01 3.051933053865925772e-03 1.306912469687063760e-01 5.177914274105609449e-01
4.423516905383598763e-01 3.730518226294218115e-03 1.205727063334790794e-01 4.333450849018667950e-01
5.593674845369643878e-01 4.617450713954849607e-03 1.067571781079284243e-01 3.292578866411522420e-01
6.750039017723737933e-01 5.092853511868596604e-03 9.165011547433317418e-02 2.282531292414242963e-01
7.649466669276965280e-01 5.652457272968941342e-03 7.773551989232928283e-02 1.516653559070051671e-01
8.267124791117131943e-01 6.171197537092837880e-03 6.502297728213984884e-02 1.020933460690543193e-01
8.662812231488291603e-01 6.534946622283013991e-03 5.406714129815710923e-02 7.311668893073061670e-02
8.893046967352947751e-01 6.658994018489135247e-03 4.597707556573417398e-02 5.805923368048166583e-02
9.015407366996819327e-01 6.495548812640593132e-03 4.025122480629431815e-02 5.171248968138310309e-02
9.073083538150918947e-01 6.135665326980378753e-03 3.518155495913052877e-02 5.137442589879733651e-02
9.091100123468655037e-01 5.663978437085613431e-03 2.909177405791464957e-02 5.613423515813432962e-02
9.040952455938646715e-01 5.308080903950415999e-03 2.264759081337692354e-02 6.794908268880803237e-02
8.963999782770909475e-01 3.950751353899739659e-04 6.220826632653940133e-03 9.698411995486526382e-02
4.882792296856489078e-01 2.288480501048958948e-01 2.047561485027918349e-01 7.811657170666373717e-02
3.733545134173841817e-01 3.090246007007614315e-01 2.397440809015003171e-01 7.787680498035388921e-02
2.711837423872642261e-01 4.033704053463167405e-01 2.526956051102345335e-01 7.275024715618459703e-02
1.867435402010241552e-01 5.079868757196323026e-01 2.407688149461205407e-01 6.450076913322297378e-02
1.231694750450341574e-01 6.102536764271931924e-01 2.122953284670402729e-01 5.428152006073243968e-02
7.970051449313893255e-02 6.995824620226508417e-01 1.770418169549457521e-01 4.367520652926443203e-02
5.357379646168593246e-02 7.706803881579726845e-01 1.415682304980441231e-01 3.417758488229739183e-02
3.658694188075214265e-02 8.271565092548893716e-01 1.099467592345614447e-01 2.630978962979689181e-02
2.663316527137168585e-02 8.668593564108124649e-01 8.616503699333796784e-02 2.034244132447815198e-02
2.030178879644345749e-02 8.945158319425969840e-01 6.926430189983742713e-02 1.591807736112206897e-02
1.639429812970889105e-02 9.137064809546200372e-01 5.720159021387476866e-02 1.269763070179601508e-02
1.420635740502171514e-02 9.269408432956026678e-01 4.843857030744919134e-02 1.041422899192654891e-02
1.313875171202325692e-02 9.364048698136243631e-01 4.170323269140305267e-02 8.753145782949445231e-03
1.265832608734603591e-02 9.434650964014793528e-01 3.639145325370096717e-02 7.485124257473547808e-03
1.232657602815660433e-02 9.487670971418986632e-01 3.240237479898117057e-02 6.503952030963939222e-03
1.197542872404286883e-02 9.523267411543858696e-01 2.986206793157874378e-02 5.835762189992503915e-03
1.161809376056618937e-02 9.539593100923914326e-01 2.890643542296841492e-02 5.516160724074185145e-03
1.157411202471291672e-02 9.528154993279145391e-01 2.999230124467698946e-02 5.618087402695579047e-03
1.286378823708005624e-02 9.455020643203059239e-01 3.512648571865552988e-02 6.507661723958574167e-03
1.762449222747743821e-02 9.245271002317529963e-01 4.885140472963105801e-02 8.997002811138618550e-03
3.141909652091714328e-02 8.726765599416949071e-01 8.120716589705234689e-02 1.469717764033551602e-02
6.798807861545302922e-02 7.555764118309894473e-01 1.505345555294552162e-01 2.590095402410233852e-02
1.488575986841988164e-01 5.417419275679430379e-01 2.676166263265534195e-01 4.178384742130469842e-02
2.642220038942922344e-01 2.991579268808881031e-01 3.846183813394789541e-01 5.200168788534064584e-02
3.839388893119026758e-01 1.384876674899846727e-01 4.269500151707220637e-01 5.062342802739073361e-02
4.894758829385838506e-01 6.050394367254459393e-02 4.048353787642609558e-01 4.518479462461080787e-02
5.677094493003428388e-01 2.832038641431289597e-02 3.601042902717735417e-01 4.386587401357106009e-02
6.275164153631241915e-01 1.453392507922891298e-02 3.112414945188819448e-01 4.670816503876489695e-02
6.760629721972246653e-01 8.445994797731776541e-03 2.652414350687353761e-01 5.024959793630821847e-02
7.179866069561287034e-01 5.193102786715237014e-03 2.253508559992813964e-01 5.146943425787461890e-02
7.612925623564132938e-01 3.155442948064282518e-03 1.874659999486086304e-01 4.808599474691385017e-02
8.139441546816104101e-01 1.842139935720078694e-03 1.446826531749277334e-01 3.953105220774163348e-02
8.678996059589921819e-01 1.045505130145026008e-03 1.018682246619913023e-01 2.918666424887171248e-02
9.100727405689572613e-01 5.787908127875002065e-04 6.861783446534297504e-02 2.073063415291226744e-02
9.368877056480131582e-01 3.300876441020800614e-04 4.755172393604645276e-02 1.523048277183819410e-02
9.524567311857184970e-01 6.089740846925911300e-04 3.463107509102614223e-02 1.230321963856270163e-02
9.614130165019546537e-01 4.103605404814806646e-04 2.698376466431261222e-02 1.119285829325107270e-02
9.636215242688480620e-01 1.058013402446047200e-04 2.411661841284725230e-02 1.215605597806033826e-02
9.609723715015555667e-01 9.236321978341573364e-05 2.300929255535062723e-02 1.592597272331037692e-02
9.501161811145536484e-01 9.529962177399311553e-05 2.518323168284571784e-02 2.460528758082624820e-02
9.272676988488661731e-01 1.240411053393472172e-04 3.089145304355662633e-02 4.171680700223789895e-02
8.891958506829376052e-01 1.989767585112159278e-04 3.993694601569341279e-02 7.066822654285769001e-02
8.379733645332982928e-01 3.332599346289724976e-04 5.107128697947307255e-02 1.106220885525995845e-01
7.826126111853113354e-01 5.145604374588730063e-04 6.236615101942130646e-02 1.545066773578085972e-01
7.335866169519767999e-01 7.249860673016587671e-04 7.319826772543595872e-02 1.924901292552856358e-01
6.951666662146183118e-01 9.701137867764956114e-04 8.573620240746333832e-02 2.181270175911415587e-01
6.661417667272753196e-01 9.135539361484763376e-04 1.013793902154437737e-01 2.315652891211324449e-01
6.420254612550498896e-01 1.124427219193708432e-03 1.223741923810189730e-01 2.344759191447373659e-01
6.254823995787036628e-01 1.297024491807199920e-03 1.468331446063125545e-01 2.263874313231767632e-01
6.154917878176450197e-01 1.413479948472603446e-03 1.718205117940955762e-01 2.112742204397869694e-01
6.089436237434586729e-01 1.508006909548653294e-03 1.932335539751409703e-01 1.963148153718519140e-01
6.055862249192039970e-01 1.621442966494662579e-03 2.077349093866360241e-01 1.850574227276649553e-01
6.069533050464378521e-01 1.940419781623041549e-03 2.150097420280791816e-01 1.760965331438599790e-01
6.216951835284060257e-01 2.030520414892679742e-03 2.119967161406166312e-01 1.642775799160848538e-01
6.468754490396918522e-01 2.116620139477650396e-03 2.037292969965608380e-01 1.472786338242698667e-01
6.731010899725307084e-01 2.276598847659732239e-03 1.949696740747121904e-01 1.296526371050971405e-01
6.957551358479434622e-01 2.561121105203010336e-03 1.880007802038730080e-01 1.136829628429803923e-01
7.197649666047619688e-01 2.985515147462119556e-03 1.808363596367452419e-01 9.641315861103071094e-02
7.486830311749054223e-01 3.620786984073562625e-03 1.710496899022256878e-01 7.664649193879516376e-02
7.776729739978167633e-01 4.629028604383339691e-03 1.600776411816473843e-01 5.762035621615279463e-02
7.988171782019114486e-01 6.127438372821850457e-03 1.520387413759057837e-01 4.301664204936107155e-02
8.082433844719715266e-01 8.114492619544137406e-03 1.499548370408727571e-01 3.368728586761156329e-02
8.075779135340078740e-01 1.062231269094330958e-02 1.533803249027970717e-01 2.841944887225178115e-02
8.032911738017838310e-01 1.376404068523334571e-02 1.573577898767423433e-01 2.558699563624062742e-02
8.036233196569562143e-01 1.776290335245082549e-02 1.547861445160203242e-01 2.382763247457267419e-02
8.127150484282071874e-01 2.300253570333233091e-02 1.418061249128824974e-01 2.247629095557794263e-02
8.269385712917580733e-01 2.946284075614556339e-02 1.220912218859594167e-01 2.150736606613702986e-02
8.389690533999993871e-01 3.611032450655413117e-02 1.039111739413463020e-01 2.100944815210023520e-02
8.448154575603239458e-01 4.131981255158821004e-02 9.288930667933695262e-02 2.097542320875056890e-02
8.446529250886188889e-01 4.428053970391133964e-02 8.983509998625342774e-02 2.123143522121671498e-02
8.386368881608640136e-01 4.571730520291100025e-02 9.417051342123745894e-02 2.147529321498732255e-02
1.310688193378490435e-02 4.847597340207928165e-03 7.540798703832417293e-02 9.066375336876832947e-01
2.625801989032560801e-03 9.908930443792206364e-04 2.300971929712586628e-01 7.662861119953295885e-01
3.367977523242618801e-03 1.162900966371615240e-03 2.963757914693214701e-01 6.990933300410645534e-01
4.504556675051465085e-03 1.362811525314931976e-03 3.571208019138417122e-01 6.370118298857921912e-01
5.994746753078749983e-03 1.581746784723055610e-03 3.995149458943120235e-01 5.929085605678858784e-01
7.869171268409221390e-03 1.809461246780477185e-03 4.197419955474455122e-01 5.705793719373645212e-01
1.017875176667520920e-02 2.026412535350059860e-03 4.255692592026815158e-01 5.622255764952932555e-01
1.281784411602992883e-02 2.209272267296240669e-03 4.283224942145246739e-01 5.566503894021492815e-01
1.581466551325741779e-02 2.353746502914005456e-03 4.338630891054785499e-01 5.479684988783500854e-01
1.955113211441195445e-02 2.485732184526067649e-03 4.423254616200221201e-01 5.356376740810401271e-01
2.536922361047078481e-02 2.751023627296010719e-03 4.508304514970604693e-01 5.210493012651726819e-01
3.259605968250199604e-02 3.034105099393083656e-03 4.558865903399708097e-01 5.084832448781341219e-01
4.237586294984027613e-02 3.480427676064353285e-03 4.502651952757660836e-01 5.038785140983292887e-01
5.434542637502814272e-02 4.069926209099057265e-03 4.267927736064500710e-01 5.147918738094228175e-01
6.726105431451920302e-02 4.730719100249011766e-03 3.852843462905037319e-01 5.427238802947277341e-01
7.947358355838857191e-02 5.373462385647354185e-03 3.342912547894346664e-01 5.808616992665291967e-01
9.002869603899936457e-02 5.900849396661919134e-03 2.835347713518664992e-01 6.205356832124721000e-01
9.990837746704163413e-02 6.279416162495261508e-03 2.388220987570953135e-01 6.549901076133682887e-01
1.129597339455777477e-01 6.674658788097809214e-03 2.030594800672320677e-01 6.773061271990924448e-01
1.359216379444548872e-01 7.478755403287989934e-03 1.787289369736080602e-01 6.778706696786490626e-01
1.779789063105376157e-01 9.157230401269764522e-03 1.685038072661551589e-01 6.443600560220374973e-01
2.510087409414791249e-01 1.175623322555682977e-02 1.727284502495342045e-01 5.645065755834297594e-01
3.657287318003491494e-01 1.339141846926347398e-02 1.783642005932006835e-01 4.425156491371868839e-01
5.178355386054492859e-01 1.120070585542563141e-02 1.601459887042549490e-01 3.108177668348702793e-01
6.680211714645035714e-01 7.064932998213645753e-03 1.182548945620826297e-01 2.066590009752000690e-01
7.753264439025285837e-01 4.228522223489706092e-03 7.915959022802815381e-02 1.412854436459536067e-01
8.368878382855596820e-01 3.249395289062269321e-03 5.639566382440171222e-02 1.034671026009763434e-01
8.672768734869941154e-01 3.496237217764722183e-03 4.753807664521163961e-02 8.168881265002932157e-02
8.780441264746136065e-01 5.022852561790274416e-03 4.846481107208331501e-02 6.846820989151274073e-02
8.767878013293642914e-01 8.763043533164916604e-03 5.600731581786953100e-02 5.844183931960103551e-02
8.652531599573606291e-01 1.734838391877739291e-02 6.709054661271776632e-02 5.030790951114411796e-02
8.369986092720282933e-01 3.812130522823224676e-02 7.859198063976977067e-02 4.628810485997011254e-02
7.677944685272141134e-01 9.090799645811156737e-02 9.082162216848611858e-02 5.047591284618832552e-02
6.320040803422328768e-01 2.122239199206309157e-01 9.961120020751026982e-02 5.616079952962608340e-02
4.465034702106879805e-01 4.212887203144946580e-01 8.410403912045577579e-02 4.810377035436182169e-02
2.501691015081068947e-01 6.679923843532472594e-01 5.011437172314441024e-02 3.172414241550156749e-02
1.137990702292315248e-01 8.443360160282863403e-01 2.353206212442423770e-02 1.833285161805808805e-02
4.847531669593799913e-02 9.301675992826473616e-01 1.068170813357093366e-02 1.067537588784335349e-02
2.163105875471076425e-02 9.661850693729294726e-01 5.458384447335988716e-03 6.725487425023835182e-03
1.043161043993926125e-02 9.818074921654988962e-01 3.253506986294631663e-03 4.507390408267249876e-03
5.622698855397153042e-03 9.889505409657566304e-01 2.262691146641836962e-03 3.164069032204199199e-03
3.602209496711087939e-03 9.920977422975233440e-01 1.875234290093032424e-03 2.424813915672547390e-03
2.696924504161989783e-03 9.935205708922110190e-01 1.762467588376525653e-03 2.020037015250568738e-03
2.194517479227181371e-03 9.943016020222200657e-01 1.741735769603349046e-03 1.762144728949173152e-03
1.882908495963748130e-03 9.946870670767491429e-01 1.808420180726766054e-03 1.621604246560569068e-03
1.717783702112149740e-03 9.946182536906457150e-01 2.041298759593618457e-03 1.622663847648128004e-03
1.673015936519709141e-03 9.940449406867318816e-01 2.513540574683263522e-03 1.768502802065213863e-03
1.688914207758475047e-03 9.931295194900714440e-01 3.190562754693741614e-03 1.991003547476623368e-03
1.753947899054483913e-03 9.919865277583965746e-01 4.018326480207676590e-03 2.241197862341368346e-03
1.967013037782445236e-03 9.902654623672674239e-01 5.165750209092251528e-03 2.601774385857585740e-03
2.516752551682114626e-03 9.871375117828830037e-01 7.089751104094820476e-03 3.255984561340256357e-03
3.555549614126735872e-03 9.819963237177601334e-01 1.014478110206524716e-02 4.303345566048015838e-03
5.126416300483049859e-03 9.747518066789055968e-01 1.438141529304893390e-02 5.740361727562301453e-03
7.339689298943928575e-03 9.648435692943733155e-01 2.009173314277304390e-02 7.725008263909258384e-03
1.023085505625782009e-02 9.520125240641496012e-01 2.738495246268649042e-02 1.037166841690603976e-02
1.336322508591227670e-02 9.382360601529315947e-01 3.513469690713054427e-02 1.326601785402548028e-02
1.594948482214602475e-02 9.272080887181752828e-01 4.130661000519625370e-02 1.553581645448233288e-02
1.770553435510183182e-02 9.199560627319030015e-01 4.548274599883253555e-02 1.685565691416257214e-02
1.901215821603151682e-02 9.139291368898611045e-01 4.933439582174236476e-02 1.772430907236484735e-02
1.996909450206573941e-02 9.082733788069750069e-01 5.339891917118132908e-02 1.835860751977785171e-02
2.036238703060317193e-02 9.050062036846905356e-01 5.615059720580099778e-02 1.848081207890512473e-02
2.014635762810695896e-02 9.053813524716579630e-01 5.648798546262056436e-02 1.798430443761444425e-02
1.937037017242854153e-02 9.083922776908713859e-01 5.509040533006606677e-02 1.714694680663406828e-02
1.819354588746504783e-02 9.115418379965269935e-01 5.377622888300541415e-02 1.648838723300269371e-02
1.686238330579735087e-02 9.118790099209753697e-01 5.478253219492350973e-02 1.647607457830398831e-02
1.569945894443716336e-02 9.063253432186511027e-01 6.050101254408148110e-02 1.747418529283017996e-02
1.512804691374218351e-02 8.907320076457775349e-01 7.406037424425308824e-02 2.007957119622718126e-02
1.511154485013614830e-02 8.631801222773782811e-01 9.701973696631759070e-02 2.468859590616789140e-02
1.569337874119588680e-02 8.308733487818894536e-01 1.230622364072485736e-01 3.037103606966602351e-02
1.542635920936991610e-02 8.085913025073072635e-01 1.404525381604328493e-01 3.552980012289000400e-02
1.519483587087301114e-02 7.994028821106923255e-01 1.454983405799843421e-01 3.990394143845035074e-02
1.548034196938342412e-02 7.960434214804940067e-01 1.439292309687408566e-01 4.454700558138186689e-02
1.940021816306752769e-03 2.180216745575217219e-01 5.272777455812842629e-01 2.527605580448872291e-01
1.530215185541587870e-02 3.336304825277240215e-03 4.155199847135745972e-01 5.658415586057322644e-01
1.397492377289025547e-02 3.510284001443143148e-03 3.687008833624439430e-01 6.138139088632227347e-01
1.359463477513390452e-02 3.850932843599828501e-03 3.377090895308200724e-01 6.448453428504458129e-01
1.455725771726211135e-02 4.367797439508584560e-03 3.267994932752527615e-01 6.542754515679767291e-01
1.710447950208087223e-02 5.035375902225097504e-03 3.311624808006606857e-01 6.466976637950330176e-01
2.142358646041975581e-02 5.842443523003778422e-03 3.466540867712073481e-01 6.260798832453688956e-01
2.736890277949797362e-02 6.731231942538853236e-03 3.663832249601801094e-01 5.995166403177834002e-01
3.484940182816556598e-02 7.659758510637638962e-03 3.819831169660514725e-01 5.755077226951454961e-01
4.197515948260250457e-02 8.479429215587953872e-03 3.939635659835963311e-01 5.555818453182133076e-01
4.946370870899268607e-02 9.126435580662613928e-03 4.054419151732401305e-01 5.359679405371042815e-01
5.824791100460414983e-02 9.638061700236831911e-03 4.143827656349000077e-01 5.177312616602590678e-01
6.964100886148326397e-02 1.012942805844222610e-02 4.148729072501643467e-01 5.053566558299099620e-01
8.524544043247056502e-02 1.056608298695878474e-02 4.025398291044943178e-01 5.016486474760762926e-01
1.065968059076159991e-01 1.082105217269436689e-02 3.755006331242778939e-01 5.070815087954116951e-01
1.341752837128893650e-01 1.084715211291411435e-02 3.365750666427080318e-01 5.184024975314887040e-01
1.709958968380695388e-01 1.085590557436865583e-02 2.884112142464068662e-01 5.297369833411549322e-01
2.169541559568531619e-01 1.070853584860188314e-02 2.339963274167957963e-01 5.383409807777495004e-01
2.630666795213102982e-01 9.876256692282181157e-03 1.807978824933158257e-01 5.462591812930914781e-01
3.030507751451693710e-01 8.601645321171653286e-03 1.320061556285731519e-01 5.563414239050856747e-01
3.306142908888392018e-01 7.451933648563454672e-03 9.063206838597062664e-02 5.713017070766267524e-01
3.393999306359868351e-01 6.000336618831346620e-03 6.005331823778273931e-02 5.945464145073992013e-01
3.288003943665350204e-01 5.173930288309332333e-03 3.954517356402801470e-02 6.264805017811275745e-01
3.050846229739401227e-01 4.904809462840842467e-03 2.737303828033629469e-02 6.626375292828826646e-01
2.732524619934401655e-01 5.191806259078312821e-03 2.033407484661732892e-02 7.012216569008643541e-01
2.307876728842692127e-01 5.882261764592484551e-03 1.602959901057842904e-02 7.473004663405601322e-01
1.761385188865910723e-01 6.703000235730495644e-03 1.254885577946055278e-02 8.046096250982179843e-01
1.227803565160429100e-01 7.409441390016281541e-03 1.004652701784701334e-02 8.597636750760937474e-01
7.956056818162773880e-02 9.934996431312459464e-03 8.437036914512002772e-03 9.020673984725477990e-01
4.969590177083460514e-02 1.375764292149379321e-02 7.132842135607435352e-03 9.294136131720640570e-01
3.126680241746531558e-02 2.196403349872278615e-02 6.166683708850219901e-03 9.406024803749618579e-01
2.195491953254836981e-02 3.626204611088892915e-02 5.612570012747446213e-03 9.361704643438152340e-01
1.786863358181376912e-02 6.170675814042563684e-02 5.407386595785876500e-03 9.150172216819748572e-01
1.609729770094840695e-02 1.056974350584154454e-01 5.475868814497414881e-03 8.727293984261388360e-01
1.484185815599921646e-02 1.742929841854390927e-01 5.679572033042428088e-03 8.051855856255193400e-01
1.325128630056055835e-02 2.599693964343089414e-01 5.762015825467330446e-03 7.210173014396632496e-01
1.132872440421138494e-02 3.424648233725408608e-01 5.682487307627531910e-03 6.405239649156198034e-01
9.477799397014194382e-03 4.002086754215535835e-01 5.667012192296583956e-03 5.846465129891357249e-01
7.982379348783012404e-03 4.320646566133353184e-01 5.923770021287771970e-03 5.540291940165937845e-01
6.783600502118915763e-03 4.664004767132691742e-01 6.332292800395660122e-03 5.204836299842162672e-01
5.738642796565699214e-03 5.361658038728355224e-01 6.573633155638188702e-03 4.515219201749606781e-01
4.740239667118428465e-03 6.401891135757226126e-01 6.380160369180331442e-03 3.486904863879785599e-01
3.889602852727388083e-03 7.392898409365380452e-01 5.940182299952676860e-03 2.508803739107817177e-01
3.606061331161931893e-03 8.060943310081888358e-01 5.795463809986042478e-03 1.845041438506632991e-01
3.165363159698095057e-03 8.439157433400089614e-01 6.044110903699488613e-03 1.468747825965934783e-01
3.229826087874549095e-03 8.616390683399846040e-01 7.012784384952956002e-03 1.281183211871882166e-01
3.827428485351126817e-03 8.649504584263996154e-01 9.119511870752848581e-03 1.221026012174962483e-01
4.996220402760946991e-03 8.568556473618137437e-01 1.272360445107249133e-02 1.254245277843528961e-01
7.218666890509949953e-03 8.390124181504591272e-01 1.783045677467886767e-02 1.359384581843519069e-01
9.344737001106905028e-03 8.150361096194631561e-01 2.393537392399123012e-02 1.516837794554391772e-01
1.137774964433919955e-02 7.896891416725736468e-01 3.037061706073704639e-02 1.685624916223500969e-01
1.288588010328163558e-02 7.715324189664172216e-01 3.568863238589263520e-02 1.798930685444082578e-01
1.363819486161244564e-02 7.687313585626095458e-01 3.809148817494194955e-02 1.795389584008357520e-01
1.367350399880348441e-02 7.796293978523426427e-01 3.745238433823051133e-02 1.692447138106237259e-01
1.337973480893074260e-02 7.908832371304262976e-01 3.625613358592526259e-02 1.594808944747180268e-01
1.326001947570634720e-02 7.913236873790810977e-01 3.666943675369415540e-02 1.587468563915181707e-01
1.374279322639811521e-02 7.776334029264101444e-01 3.922565414042367832e-02 1.693981497067683639e-01
1.502287940162244130e-02 7.511307685067178941e-01 4.366158427469896131e-02 1.901847678169608924e-01
1.688197453308718995e-02 7.160545373157796156e-01 4.941941320152035827e-02 2.176440749496125204e-01
1.920490830337155674e-02 6.760392311807489341e-01 5.688632077512976309e-02 2.478695397407493783e-01
2.198183331364715262e-02 6.348422200206267352e-01 6.648494751945158154e-02 2.766909991462745411e-01
2.486242237116126699e-02 5.992771167068935423e-01 7.663181607966473852e-02 2.992286448422805112e-01
2.741821716149512450e-02 5.768887382338767633e-01 8.497687125019837140e-02 3.107161733544299143e-01
2.889271080922653848e-02 5.721780405030664207e-01 8.976132664218952617e-02 3.091679220455175181e-01
2.905283942329308505e-02 5.816083671655143394e-01 9.177065326710712179e-02 2.975681401440856133e-01
2.916611120091197953e-02 5.959772921106077925e-01 9.444596455245253541e-02 2.804106321360276821e-01
2.998317463780305128e-02 6.094651512957635076e-01 9.971218963113984146e-02 2.608394844352939224e-01
3.102339876717259692e-02 6.216478130105116406e-01 1.068934337756257541e-01 2.404353544466901749e-01
3.170188719707531244e-02 6.354522671267704981e-01 1.140212868165149107e-01 2.188245588596395008e-01
3.225927326420083979e-02 6.551351201658132117e-01 1.186524589916839456e-01 1.939531475783019543e-01
3.305639421814873802e-02 6.862332670491216868e-01 1.174149031083195627e-01 1.632954356244100125e-01
3.326882369116263699e-02 7.341467270745248852e-01 1.069603625629669125e-01 1.256240866713456972e-01
4.828268529759600913e-03 9.021443363842145402e-01 4.295478178963590618e-03 8.873191690706247470e-02
3.116052609373831574e-03 9.404976884856046659e-01 2.444970497586458017e-03 5.394128840743493691e-02
2.192217883723234558e-03 9.596619500307673745e-01 1.654711317664322046e-03 3.649112076784505332e-02
1.825580163092813601e-03 9.664156697020047648e-01 1.444031188008094036e-03 3.031471894689427571e-02
1.853195435779548487e-03 9.629530190730511974e-01 1.691793047836131136e-03 3.350199244333340598e-02
2.250313812435304241e-03 9.467017643966015861e-01 2.579668037114733400e-03 4.846825375384848644e-02
3.036270597396826653e-03 9.113986465379614321e-01 4.568422832172541748e-03 8.099666003246906720e-02
4.152521904187336278e-03 8.540549107892668745e-01 8.204704628400498467e-03 1.335878626781449030e-01
5.392282575660573007e-03 7.854139363276841923e-01 1.351563890767503405e-02 1.956781421889802475e-01
6.599868287276512528e-03 7.162739888547665634e-01 1.992754504987540726e-02 2.571985978080814639e-01
6.835273531126270785e-03 6.399630959782509620e-01 2.712109546059103191e-02 3.260805350300319261e-01
7.459894802034513356e-03 5.437369727992920065e-01 3.438519944716766225e-02 4.144179329515055854e-01
7.943737809204282768e-03 4.343838593362928102e-01 3.998945903878965702e-02 5.176829438157135588e-01
8.272720007041925103e-03 3.341142797964800071e-01 4.154373678378223828e-02 6.160692634126959666e-01
8.609944589240655852e-03 2.532823732727760291e-01 3.917112527706095859e-02 6.989365568609223756e-01
9.139968092131510805e-03 1.904347864846505090e-01 3.528527682127767517e-02 7.651399686019404456e-01
9.978189459930357844e-03 1.449928633387135568e-01 3.218988186196918705e-02 8.128390653393866572e-01
1.111435545436943728e-02 1.153766595107185433e-01 3.064959319931305493e-02 8.428593918355989922e-01
1.274406694972379100e-02 1.002455204715970299e-01 3.092765644867559102e-02 8.560827561300040633e-01
1.546547924501610882e-02 1.002929965520112793e-01 3.318158684823435678e-02 8.510599373547385049e-01
2.001559317523275358e-02 1.156586025850934590e-01 3.678751132871731916e-02 8.275382929109564856e-01
2.717379037491290950e-02 1.440199035017029339e-01 4.052347808035327431e-02 7.882828280430309587e-01
3.753988445171432126e-02 1.764242172185848112e-01 4.310581028011765264e-02 7.429300880495832704e-01
2.532076326750606898e-01 6.725804942460986147e-03 7.020288415762016010e-01 3.803772080627689650e-02
3.238252832822518523e-01 9.048547577710234352e-03 6.158742580250864407e-01 5.125191111495124713e-02
4.182889483750167892e-01 1.244353821586860996e-02 5.038381624783729862e-01 6.542935093074156438e-02
5.240039202833558507e-01 1.687580479509349224e-02 3.831449708423524392e-01 7.597530407919791950e-02
6.239223202034908100e-01 2.219379950785254144e-02 2.755291846559817515e-01 7.835469563267496995e-02
7.051500447380855130e-01 2.778455396172611197e-02 1.943969094629656447e-01 7.266849183722244587e-02
7.615479931231794453e-01 3.264041805299194854e-02 1.422558334069902453e-01 6.355575541683826379e-02
7.972943103943299636e-01 3.578588254468053481e-02 1.122130116651620657e-01 5.470679539582751910e-02
8.239932823253958150e-01 3.618395300391014091e-02 9.321293850470932507e-02 4.660982616598482314e-02
8.513072171261154564e-01 3.352357286337463715e-02 7.671553746954629105e-02 3.845367254096367093e-02
8.830687708225403165e-01 2.840674843051449114e-02 5.904774371710767855e-02 2.947673702983753113e-02
9.139195867766780612e-01 2.211651782404410599e-02 4.275865596307550087e-02 2.120523943620223131e-02
9.383726197773434308e-01 1.612302294654344159e-02 3.053593681518837824e-02 1.496842046092480144e-02
9.551836768437204084e-01 1.148353471914866607e-02 2.252557880285135580e-02 1.080720963427934597e-02
9.657764407217468428e-01 8.219746804094442069e-03 1.763976307548180758e-02 8.364049398676808716e-03
9.722741043961912188e-01 5.909952853476514723e-03 1.463257306699714162e-02 7.183369683335307822e-03
9.759817225033958765e-01 4.289003312929723366e-03 1.280268208632137986e-02 6.926592097352833773e-03
9.773275394502093372e-01 3.192565106702674980e-03 1.198408009102704293e-02 7.495815352060838238e-03
9.765202256430380867e-01 2.501634623696466844e-03 1.204991406089703405e-02 8.928225672368764534e-03
9.742417476322344783e-01 2.072789868134261321e-03 1.261272524300609960e-02 1.107273725662529656e-02
9.713838583882684619e-01 1.798603935108039793e-03 1.329796338069642175e-02 1.351957429592708614e-02
9.688501131426794366e-01 1.620311170723623103e-03 1.380921719809605035e-02 1.572035848850087542e-02
9.671132101028083738e-01 1.517101088517607823e-03 1.412293441087486903e-02 1.724675439779922367e-02
9.657039540156477919e-01 1.526153392138625319e-03 1.475440005834009576e-02 1.801549253387350197e-02
9.635241847326654341e-01 1.710201139283990760e-03 1.649963959277908968e-02 1.826597453527116152e-02
9.589472921496210445e-01 2.098217817783424189e-03 2.021636190395993682e-02 1.873812812863516475e-02
9.513711414156365009e-01 2.668882230365721316e-03 2.620930436226983490e-02 1.975067199172813107e-02
9.420300639818055544e-01 3.410489049288243681e-03 3.387610070310582977e-02 2.068334626580055000e-02
9.333456603825677211e-01 4.329270119004576672e-03 4.160167376435425918e-02 2.072339573407346730e-02
9.272909283551050708e-01 5.476396926480845730e-03 4.772814127156273928e-02 1.950453344685125143e-02
9.239661548969800853e-01 6.880946887179458134e-03 5.188230262349422667e-02 1.727059559234627589e-02
9.212268871784343727e-01 8.571851135608207078e-03 5.528560160636632193e-02 1.491566007959120935e-02
9.163963901623140007e-01 1.079578871778738743e-02 5.945920590802859784e-02 1.334861521186990127e-02
9.086631516572748479e-01 1.379377205822164901e-02 6.472651933158053705e-02 1.281655695292272489e-02
8.976557034695666903e-01 1.793928871127624738e-02 7.111285373970852031e-02 1.329215407944864952e-02
8.829920896571691324e-01 2.408162611394100427e-02 7.814853695889448226e-02 1.477774726999516765e-02
8.644141322532480354e-01 3.346500951432528764e-02 8.493718764372408525e-02 1.718367058870251887e-02
8.393328104654811384e-01 4.754611529698785088e-02 9.264767318898707582e-02 2.047340104854407372e-02
8.031778694658118223e-01 6.681832080876587421e-02 1.050668025816782203e-01 2.493700714374399996e-02
7.537331989700720714e-01 8.851998969791743943e-02 1.267376726493851802e-01 3.100913868262531597e-02
6.881644508840950580e-01 1.128304124660002156e-01 1.601563732361777903e-01 3.884876341372646424e-02
6.109597558726584943e-01 1.391140362202719916e-01 2.031602037674332673e-01 4.676600413963640651e-02
5.275865758504095782e-01 1.682961651956201565e-01 2.509282109786466486e-01 5.318904797532332529e-02
4.438053988709428355e-01 1.975958375294538383e-01 3.010778046505492855e-01 5.752095894905396439e-02
3.668530225549964108e-01 2.188160388979820958e-01 3.551723575650783671e-01 5.915858098194326509e-02
3.017162521642766104e-01 2.264381628340642882e-01 4.142335191279720163e-01 5.761206587368696702e-02
2.508637367650388694e-01 2.249293548072382465e-01 4.713038688223898931e-01 5.290303960533300487e-02
2.150948282649324528e-01 2.247075039667199570e-01 5.137857537716916667e-01 4.641191399665598599e-02
1.910979320282110150e-01 2.336489790705554570e-01 5.349468614731078819e-01 4.030622742812527831e-02
1.763984031562362831e-01 2.469446583869102652e-01 5.412283286118656500e-01 3.542860984498765603e-02
1.651141497074869735e-01 2.576643528056383747e-01 5.457916132976188273e-01 3.142988418925564409e-02
1.561456162597665009e-01 2.616288733027287150e-01 5.541280100313300538e-01 2.809750040617458103e-02
1.518451521408200333e-01 2.605310279853843003e-01 5.619414951607879516e-01 2.568232471300756561e-02
1.566305953569193665e-01 2.592054196722327619e-01 5.600607679066917921e-01 2.410321706415607251e-02
1.759752395174811745e-01 2.599083072810889905e-01 5.412296124878622772e-01 2.288684071356787697e-02
2.172625858946965749e-01 2.540201011670889519e-01 5.068785839029728013e-01 2.183872903524161288e-02
2.866480470029058036e-01 2.323115747548273047e-01 4.598188308903788379e-01 2.122154735188772415e-02
3.940133763416295287e-01 1.912783925386835060e-01 3.945059128048432617e-01 2.020231831484332885e-02
5.322618318246032931e-01 1.408045419299352174e-01 3.094829301833294521e-01 1.745069606213187074e-02
6.673925178650749190e-01 9.608610275917052468e-02 2.230145475881063766e-01 1.350683178764837920e-02
7.689315399910043869e-01 6.332134672077580073e-02 1.578631336912492134e-01 9.883979596970644127e-03
8.304533522351466024e-01 4.222522229804944599e-02 1.198750523601055523e-01 7.446373106698311699e-03
8.619948913790638212e-01 2.881701389129034258e-02 1.031066951711773622e-01 6.081399558468422901e-03
8.751085960519828788e-01 1.990146421435083635e-02 9.959699335651875374e-02 5.392946377147484274e-03
8.807601532309781156e-01 1.401114393618375920e-02 1.001313269895890840e-01 5.097375843249002218e-03
8.871871629661641778e-01 1.066943127098982091e-02 9.702956486829764082e-02 5.113840894548013494e-03
8.945382133400768820e-01 9.197236011670616856e-03 9.089038862010995201e-02 5.374162028142690471e-03
8.983196853386486991e-01 8.779253381670237832e-03 8.713223632327669887e-02 5.768824956404146505e-03
8.946864003219425765e-01 9.150155212454302509e-03 8.976528095334450341e-02 6.398163512258718197e-03
8.808453301912876343e-01 1.083974856743791931e-02 1.008187482969294946e-01 7.496172944344712402e-03
8.556459166642774727e-01 1.455014635736344777e-02 1.208193757542160990e-01 8.984561224143018665e-03
8.203382955549198829e-01 2.070282116957032625e-02 1.485273185215475189e-01 1.043156475396222506e-02
7.754586767619969789e-01 3.003449309814410287e-02 1.827411076117606004e-01 1.176572252809826580e-02
7.220149294474097479e-01 4.356776414737373315e-02 2.211557214572815733e-01 1.326158494793509314e-02
6.651580552840825611e-01 6.149850654289222562e-02 2.584016700524753296e-01 1.494176812054996001e-02
6.112650890562375539e-01 8.358774974028371219e-02 2.885063026281136644e-01 1.664085857536489951e-02
5.620260814844336705e-01 1.106255790166578712e-01 3.089425610075116069e-01 1.840577849139664671e-02
5.176495074867859536e-01 1.413180131705989162e-01 3.208351134148765826e-01 2.019736592773859266e-02
4.788857396564115687e-01 1.743408671290896383e-01 3.248297947733691515e-01 2.194359844112990857e-02
4.489254690188524965e-01 2.055390785566945100e-01 3.221861341925992273e-01 2.334931823185362743e-02
4.293356853755952995e-01 2.298037129925547262e-01 3.165504312181478541e-01 2.431017041370181833e-02
4.224775526584697571e-01 2.425715498484150023e-01 3.098642161819931684e-01 2.508668131112215885e-02
4.297779101187225725e-01 2.420823328693323118e-01 3.018887999633471098e-01 2.625095704859790532e-02
4.488109942251202189e-01 2.285759178651361190e-01 2.944017271333166930e-01 2.821136077642708365e-02
4.747236775324518154e-01 2.035704490305333680e-01 2.906586588383263670e-01 3.104721459868859876e-02
5.023380577496052712e-01 1.729430162158176743e-01 2.898049525943591220e-01 3.491397344021817534e-02
5.277840752671167923e-01 1.439565695342409357e-01 2.879542562829457975e-01 4.030509891569636349e-02
5.488545400562810928e-01 1.187109273845919633e-01 2.843861243894519331e-01 4.804840816967515665e-02
5.633242521903168987e-01 9.435118328063432647e-02 2.825812329462190631e-01 5.974333158282999628e-02
