9.897088395910841330e-01 1.450877340704278531e-03 3.690080468928185874e-03 5.150202599283414118e-03
3.119490707674544283e-01 2.511042968932431906e-03 5.743379961750433305e-01 1.112018900885697326e-01
3.628844881619636142e-01 2.647825024863649686e-03 5.118530572270394430e-01 1.226146295861333113e-01
4.103369002430832246e-01 2.939385247844704917e-03 4.527486393280112931e-01 1.339750751810603879e-01
4.475835686328950569e-01 3.277432059857240954e-03 4.043580006221491607e-01 1.447809986850985831e-01
4.781623394955945572e-01 4.000959920213349209e-03 3.619163795482871482e-01 1.559203210359048908e-01
5.073791619000337372e-01 4.266318095024550575e-03 3.205052278479796901e-01 1.678492921569622320e-01
5.437972134627402365e-01 4.384264221611049520e-03 2.740014385886654358e-01 1.778170837269829330e-01
5.886089700870108521e-01 3.979716557472917117e-03 2.247264208924305284e-01 1.826848924630858906e-01
6.326328199521836781e-01 3.543973436647409377e-03 1.817371768440398383e-01 1.820860297671283989e-01
6.720275277192579999e-01 2.971223270277637777e-03 1.470646881517788107e-01 1.779365608586856995e-01
7.032988067985448399e-01 2.466513212443741457e-03 1.210376063218120551e-01 1.731970736671994693e-01
7.208850910987646410e-01 2.276938765230366972e-03 1.056522815932903619e-01 1.711856885427147368e-01
7.248845036218569682e-01 2.245006560903719216e-03 9.985828028047979976e-02 1.730122095367596091e-01
7.159587587511894169e-01 2.486494908025656085e-03 1.046063506458084769e-01 1.769483956949764736e-01
6.981512586460235648e-01 2.845100464639104682e-03 1.194867460685318794e-01 1.795168948208056836e-01
6.711212283551690749e-01 3.452558291242806450e-03 1.479043119857842981e-01 1.775219013678034086e-01
6.320650441984947410e-01 4.040823298518582928e-03 1.933342646078281823e-01 1.705598678951582847e-01
5.730336220986290696e-01 4.555877504132500345e-03 2.624403858541305423e-01 1.599701145431080274e-01
4.983768003189140150e-01 4.436878762398374469e-03 3.505294647728156576e-01 1.466568561458720110e-01
4.103455901872850586e-01 3.579309606779489637e-03 4.508578863690921867e-01 1.352172138368434029e-01
3.234732243762231119e-01 3.163078913057025109e-03 5.448243150670966095e-01 1.285393816436233572e-01
2.488961224960953011e-01 2.897557913361307851e-03 6.218897995764508524e-01 1.263165200140928535e-01
1.960881865526736823e-01 2.768676520114760151e-03 6.743995524471381176e-01 1.267435844800737510e-01
1.658542182509588070e-01 2.806942654427438226e-03 7.014812966160302032e-01 1.298575424785833876e-01
1.520337277226367079e-01 3.026819945034833412e-03 7.078758513791358897e-01 1.370636009531927269e-01
1.470001925394242848e-01 3.339058149915773589e-03 7.022420332859587999e-01 1.474187160247011907e-01
1.472409463693487852e-01 3.621443802850880626e-03 6.929046484886136614e-01 1.562329613391865712e-01
1.550181793722779644e-01 3.890983153709167558e-03 6.811775336580981888e-01 1.599133038159146480e-01
1.741888143513624088e-01 4.208517580097262921e-03 6.624017254098374385e-01 1.592009426587033538e-01
2.049976648558889114e-01 4.465258889568090792e-03 6.351710292895127452e-01 1.553660469650302023e-01
2.441810056721631650e-01 4.406530823527888760e-03 6.046529991499985934e-01 1.467594643543104205e-01
2.909880638846817913e-01 3.894303958030121814e-03 5.735008463559185810e-01 1.316167858013698178e-01
3.492844853655089343e-01 3.085286953125030741e-03 5.357789853078521736e-01 1.118512423735138761e-01
4.219034977753990945e-01 2.256379328637400910e-03 4.855046584550677391e-01 9.033546444089549099e-02
5.056677843941591588e-01 1.953858992460237847e-03 4.225160204611430603e-01 6.986233615223762239e-02
5.879630201957344315e-01 1.508957771786456365e-03 3.570470643987137538e-01 5.348095763376550793e-02
6.642086776097627654e-01 1.222484493087300618e-03 2.924961615005754467e-01 4.207267639657481795e-02
7.299085185521912988e-01 1.020557419619771500e-03 2.337403150312213906e-01 3.533060899696782720e-02
7.837479679476513361e-01 8.541665184654043510e-04 1.826481650953136748e-01 3.274970043856949981e-02
8.263275001914351936e-01 7.119349391158151736e-04 1.397353934331260761e-01 3.322517143632298248e-02
8.571469035392629277e-01 6.148705188453966594e-04 1.063028491956340277e-01 3.593537674625768563e-02
8.762787676843002416e-01 5.634399567526044393e-04 8.189101296338227587e-02 4.126677939556477187e-02
8.818692919141226660e-01 5.563700338059645797e-04 6.639746266283291787e-02 5.117687538923838125e-02
8.727622671391169762e-01 5.863397621614394950e-04 5.858473933058411243e-02 6.806665376813744728e-02
8.495669127215237371e-01 6.504413966027356537e-04 5.641678045054686341e-02 9.336586543132649463e-02
8.144853407505399101e-01 7.574663832909364668e-04 5.787070655272447128e-02 1.268864863134445964e-01
7.724488636198120206e-01 8.900953867634033489e-04 6.018819762680507890e-02 1.664728433666194107e-01
7.314993700096200646e-01 9.709741075778724907e-04 6.052403512335711999e-02 2.070056207594447584e-01
7.000819756350581402e-01 9.315656378579641227e-04 5.797676550896742331e-02 2.410096932181164942e-01
6.846080865642723001e-01 8.078724330030748624e-04 5.417722172064524944e-02 2.604068192820793159e-01
6.853346505873746386e-01 6.985586303868707983e-04 5.158713117237250650e-02 2.623796596098660339e-01
6.966822678376698441e-01 6.537095088178351268e-04 5.084709088151789791e-02 2.518169317719942124e-01
7.119351488784232407e-01 6.764570614092577702e-04 5.168570680426398667e-02 2.357026872559035147e-01
7.242183591816809818e-01 7.580303266965423550e-04 5.476933281363449008e-02 2.202542776779881084e-01
7.294312023448989990e-01 8.893503078154773320e-04 6.090626683136687869e-02 2.087731805159184495e-01
7.331194997284424808e-01 1.054609442606366243e-03 6.914986341025329553e-02 1.966760274186978574e-01
7.450021555828093556e-01 1.217515970786731995e-03 7.629672207380935878e-02 1.774836063725944157e-01
7.682639911419568701e-01 1.181730582521032906e-03 7.709433321960899865e-02 1.534599450559128442e-01
7.983456585065349387e-01 1.333343261609555488e-03 7.217832136131918652e-02 1.281426768705363484e-01
8.381891525151036193e-01 1.235276763494373622e-03 5.953901186894060976e-02 1.010365588524612390e-01
8.797454023081340280e-01 1.102609920821592858e-03 4.508100225242538811e-02 7.407098551861913960e-02
9.147865725273298665e-01 1.019382290653013260e-03 3.321213541846492617e-02 5.098190976355220644e-02
9.396204869431389328e-01 1.014786561418489766e-03 2.530436210313419948e-02 3.406036439230834129e-02
9.556642399885061367e-01 1.062381726244731282e-03 2.037939547187550896e-02 2.289398281337343133e-02
9.663948541678201165e-01 1.101546321543645781e-03 1.684592382081962283e-02 1.565767568981652272e-02
9.738574398504422636e-01 1.094084175977379312e-03 1.396046193578418665e-02 1.108801403779622989e-02
9.788996329719623635e-01 1.043910588517639459e-03 1.164160285374030331e-02 8.414853585779532436e-03
9.823710046555242936e-01 9.769469062632070780e-04 9.759438876253422740e-03 6.892609561958843237e-03
9.850159874094138734e-01 9.230798994397886427e-04 8.112031706766973521e-03 5.948900984379232662e-03
9.888736156535741229e-01 7.257458105763946047e-04 5.368678132655040590e-03 5.031960403194459842e-03
9.906936052576471585e-01 6.988570025526123037e-04 4.020270437624773492e-03 4.587267302175734862e-03
9.704252397869314040e-01 2.465684542983963886e-04 4.688226101605282546e-03 2.463996565716461418e-02
2.618805369201626654e-01 1.264675865506402208e-01 5.189237458030987460e-01 9.272813072609847884e-02
1.737380405467320310e-01 1.681893538753823913e-01 5.762278300598405734e-01 8.184477551804494877e-02
1.133373164857200133e-01 2.258452872497627717e-01 5.885362495236582392e-01 7.228114674085879543e-02
7.531472835437939828e-02 2.971420924085810267e-01 5.638933157422778564e-01 6.364986349476174643e-02
4.957829837510862453e-02 3.788162963782953918e-01 5.172568014618057486e-01 5.434860378479018650e-02
3.314204843753532082e-02 4.688558303178989584e-01 4.533002360313840851e-01 4.470188521318155944e-02
2.301328015504548394e-02 5.649882733841895543e-01 3.765265077806861926e-01 3.547193868007852274e-02
1.678701401611481722e-02 6.563556793372706810e-01 2.994168625255860250e-01 2.744044412102833105e-02
1.276317578776090499e-02 7.325509417072132434e-01 2.334909304364070903e-01 2.119495206861907871e-02
1.012595618010523127e-02 7.908081368209517459e-01 1.823159596439620778e-01 1.674994735498067100e-02
8.501693510563349682e-03 8.332300157636987059e-01 1.444931616877020708e-01 1.377512903803576258e-02
7.639395839022151448e-03 8.633801607637332509e-01 1.171138095375162946e-01 1.186663385972869765e-02
6.795891183229542734e-03 8.864912043700085009e-01 9.620294045637448055e-02 1.050996399038725722e-02
6.772602467598751348e-03 9.047792295220115077e-01 7.900121820553787644e-02 9.446949804851960744e-03
6.787781116153993217e-03 9.204463872728984031e-01 6.426323356978469459e-02 8.502598041162942946e-03
6.734918818654045923e-03 9.340489061499651635e-01 5.151462404938180611e-02 7.701550981998985315e-03
6.580037687211061879e-03 9.452092296870160393e-01 4.109189339633941007e-02 7.118839229433437596e-03
6.507268981040897037e-03 9.526948143466639207e-01 3.388935940243927025e-02 6.908557269855735046e-03
7.138638818137374789e-03 9.538858052539611609e-01 3.141765183658377231e-02 7.557904091317456038e-03
9.711916493067762959e-03 9.441447982897410718e-01 3.603048926239980909e-02 1.011279595479144464e-02
1.734952567528962736e-02 9.117216465300974626e-01 5.387983624350999035e-02 1.704899155110312439e-02
3.817538942620944675e-02 8.279536522532475740e-01 1.000551481361735134e-01 3.381581018436941033e-02
8.584282970149005598e-02 6.509693766398458870e-01 1.968609951820755877e-01 6.632679847658827510e-02
1.636658063297383170e-01 3.974741008472824633e-01 3.361113674360556303e-01 1.027487253869236589e-01
2.474934144727341245e-01 1.945762324901580964e-01 4.393135687594516003e-01 1.186167842776561648e-01
3.306457796690795981e-01 9.050048919665847069e-02 4.531975385261579614e-01 1.256561926081038172e-01
4.051989095590609602e-01 4.486616384859913598e-02 4.106818385394773174e-01 1.392530880528626558e-01
4.663525203698918875e-01 2.430628003661714984e-02 3.513976162594650843e-01 1.579435833340256945e-01
5.167420740499527598e-01 1.439409600202489620e-02 2.958096736263491899e-01 1.730541563216732026e-01
5.602913151716744089e-01 9.003456025509738378e-03 2.545174986155850361e-01 1.761877301872308288e-01
6.120078221887437220e-01 5.655831312297156070e-03 2.209126622079423674e-01 1.614236842910171943e-01
6.822567251306074221e-01 3.478643268818254995e-03 1.865839037914804599e-01 1.276807278090939524e-01
7.623719995250237691e-01 2.060809308328549142e-03 1.483247201701903550e-01 8.724247099645737746e-02
8.341409713696041894e-01 1.153240452263127810e-03 1.099519935063298370e-01 5.475379467180286480e-02
8.859082139647892484e-01 6.427936220637007992e-04 7.912350253394320743e-02 3.432548987920380074e-02
9.186303312673944621e-01 3.795534308377652337e-04 5.782574760931150082e-02 2.316436769245620517e-02
9.384700979389248854e-01 2.426519990936476078e-04 4.368893625044447532e-02 1.759831381153679694e-02
9.490812128571932682e-01 1.720315314106038961e-04 3.511900151783271806e-02 1.562775409356340420e-02
9.519141319854924621e-01 1.380531714327399261e-04 3.133376986409566745e-02 1.661404497897901733e-02
9.474333463569483138e-01 1.266880464252082591e-04 3.164663887941671777e-02 2.079332671720976813e-02
9.351854225957039191e-01 1.351267697361468719e-04 3.559811601752407850e-02 2.908133461703590189e-02
9.151532025057912412e-01 1.657118409035964021e-04 4.256137269346850494e-02 4.211971295983662350e-02
8.899920966325952643e-01 2.192082471863111934e-04 5.104095504669164257e-02 5.874774007352678851e-02
8.648902558255632256e-01 2.880666445074328455e-04 5.906125944831883134e-02 7.576041808161043667e-02
8.426648562643797025e-01 3.621257932894172082e-04 6.665872681880322115e-02 9.031429112352776234e-02
8.202006588192287673e-01 3.918512359117506103e-04 7.610759703798790354e-02 1.032998929068716376e-01
7.886762663762619807e-01 4.956726869454917625e-04 9.233127593595191751e-02 1.184967850008408624e-01
7.495564786399306900e-01 6.246407605793992488e-04 1.141498016004502264e-01 1.356690789990395163e-01
7.072963633207972611e-01 7.772675470744254715e-04 1.413242200931640880e-01 1.506021490389642947e-01
6.686787003430385568e-01 9.491015258348186592e-04 1.707275411465934978e-01 1.596446569845331453e-01
6.397672852317354275e-01 1.129121196990324951e-03 1.961771178230073409e-01 1.629264757482666581e-01
6.239278651125078623e-01 1.304157022209332479e-03 2.129568649891318277e-01 1.618111128761509365e-01
6.212262192654164350e-01 1.619618737372720578e-03 2.210802393987436054e-01 1.560739225984675016e-01
6.320974260268632516e-01 1.757097225020996844e-03 2.221215734507267781e-01 1.440239032973889000e-01
6.464438957757642212e-01 1.958985537634756486e-03 2.241479896044788755e-01 1.274491290821221923e-01
6.563057647842834852e-01 2.293542631138425787e-03 2.301515329029103774e-01 1.112491596816677086e-01
6.611004049166013807e-01 2.802909662058578662e-03 2.393916172708402956e-01 9.670506815049956240e-02
6.658613205056567175e-01 3.544583995769932244e-03 2.491417846159418303e-01 8.145231088263148178e-02
6.748771606832195680e-01 4.614416265233537914e-03 2.557601290746276401e-01 6.474829397691926614e-02
6.878393426044600023e-01 6.147305634318471490e-03 2.569446516957054616e-01 4.906870006551609237e-02
7.011998087411576153e-01 8.217054262015095062e-03 2.535928297951072774e-01 3.699030720171990472e-02
7.098191577294203913e-01 1.085551733833022697e-02 2.501957507348844256e-01 2.912957419736507056e-02
7.111209909980935606e-01 1.426968056784752928e-02 2.499407409822976267e-01 2.466858745176126605e-02
7.095906539808358726e-01 1.876951371988259953e-02 2.493764078779128202e-01 2.226342442136881872e-02
7.130115232986128371e-01 2.466721218948910929e-02 2.416804928964181587e-01 2.064077161547979780e-02
7.256610855585371445e-01 3.227383167685079352e-02 2.228679400008363731e-01 1.919714276377564033e-02
7.455601766325163915e-01 4.103610919773512805e-02 1.954529207481308095e-01 1.795079342161773686e-02
7.670354804609209598e-01 4.878471957332441294e-02 1.671665044493602648e-01 1.701329551639430004e-02
7.862504764110661570e-01 5.282384516338762409e-02 1.445374770498769057e-01 1.638820137566912929e-02
8.018565036359914799e-01 5.231734988270987652e-02 1.298897278982206749e-01 1.593641858307810397e-02
8.109312205986920485e-01 4.907611126599561308e-02 1.243581412726755681e-01 1.563452686263682584e-02
1.974260940397234640e-02 6.877536847688842797e-03 6.109622942537076828e-02 9.122836243229679454e-01
2.512153526309192451e-03 2.477364329210018749e-03 3.033406294501792555e-01 6.916698526943014791e-01
2.757731218573149842e-03 2.807807097931208987e-03 3.807856930201659607e-01 6.136487686633299576e-01
3.119520403614663585e-03 3.177877813577274085e-03 4.586518887711449888e-01 5.350507130116630705e-01
3.499786118969755444e-03 3.547808047863698633e-03 5.200251585095280182e-01 4.729272473236383889e-01
3.915240737844081359e-03 3.877240490280360261e-03 5.581357646924091087e-01 4.340717540794669649e-01
4.409516956147800301e-03 4.104534908145511876e-03 5.784279068951971858e-01 4.130580412405096546e-01
4.944939401674336779e-03 4.143921144084381641e-03 5.897493878839339398e-01 4.011617515703074233e-01
5.589210595721083412e-03 3.957108665120301697e-03 5.981930058645196224e-01 3.922606748746387817e-01
6.614493734460936449e-03 3.645774987033258141e-03 6.068001460943373004e-01 3.829395851841684295e-01
8.987501678195118290e-03 3.476577115107681859e-03 6.167263355687275794e-01 3.708095856379696187e-01
1.199384157032036026e-02 3.439158271719503987e-03 6.274815520392469370e-01 3.570854481187130669e-01
1.675908473315624453e-02 3.653775074375963886e-03 6.320897458516775425e-01 3.474973943407902444e-01
2.385852239261866334e-02 4.058251497123226831e-03 6.194385357291122274e-01 3.526446903811461531e-01
3.405010251190231790e-02 4.545362853363190715e-03 5.799047683566658229e-01 3.814997662780684751e-01
4.796777056828600838e-02 4.994458835955028521e-03 5.125765689866677022e-01 4.344612016090914630e-01
6.566454925781954610e-02 5.269193848944175515e-03 4.266220261104421430e-01 5.024442307827940990e-01
8.769702280433953889e-02 5.324005438744315762e-03 3.369824203620727099e-01 5.699965513948433982e-01
1.180862029645088490e-01 5.343725087923596913e-03 2.589323185097024416e-01 6.176377534378653111e-01
1.670494462781401401e-01 5.628001035759776748e-03 2.030211285740583793e-01 6.243014241120415919e-01
2.503587081010724136e-01 6.069698657920591378e-03 1.692953683312308499e-01 5.742762249097761451e-01
3.786589524882810198e-01 5.743779884424166787e-03 1.441911895825815915e-01 4.714060780447129617e-01
5.358709105525392147e-01 4.452787444359613059e-03 1.127245472794506514e-01 3.469517547236504185e-01
6.806148559715810009e-01 2.496167411707758254e-03 7.684893662575431605e-02 2.400400399909569937e-01
7.784773304088680179e-01 1.478303000528095835e-03 4.987326305557306105e-02 1.701711035350305101e-01
8.318626592325671920e-01 1.137337755042003729e-03 3.482931350370630647e-02 1.321706895086845190e-01
8.573299286526124829e-01 1.175242405042004881e-03 2.893998685404302468e-02 1.125548420883024370e-01
8.637045623234286262e-01 1.609404037099785960e-03 3.080731305180124321e-02 1.038787205876703784e-01
8.533447689648731016e-01 2.827120579805244421e-03 4.221116782656817584e-02 1.016169426287533845e-01
8.279637389429905792e-01 5.874267332702119183e-03 6.680682508774388184e-02 9.935516863656347619e-02
7.897115503831089178e-01 1.331019382663316784e-02 1.038732551945509563e-01 9.310500059570686604e-02
7.317680789381798556e-01 3.134790617148796449e-02 1.484743737229515248e-01 8.840964116738056489e-02
6.311339798367270326e-01 7.550555616018767013e-02 1.991866238596707028e-01 9.417384014341428911e-02
4.750126316887626210e-01 1.772003759509430676e-01 2.412423460976630962e-01 1.065446462626314095e-01
2.944943334319786721e-01 3.770504673050840139e-01 2.249626666584472190e-01 1.034925326044903726e-01
1.389006571687023406e-01 6.450938112794971646e-01 1.405152049041751283e-01 7.549032664762524159e-02
4.964340442322145303e-02 8.452891617652432688e-01 6.269547603535344238e-02 4.237195777618194686e-02
1.613859126581384390e-02 9.363307639701443641e-01 2.576020275830967141e-02 2.177044200573200958e-02
6.230584643754237366e-03 9.693063816130236265e-01 1.219869229262250492e-02 1.226434145059959388e-02
2.753436562039379178e-03 9.825458605054597783e-01 6.922328933392123303e-03 7.778373999108789509e-03
1.490386169936404152e-03 9.882752492388399146e-01 4.718073993243719622e-03 5.516290597980033628e-03
9.991872573102257658e-04 9.906410156188840688e-01 3.899081093497505299e-03 4.460716030308167421e-03
7.849842732262306668e-04 9.915202916579058945e-01 3.685606889546599700e-03 4.009117179321470409e-03
6.626069663666024536e-04 9.918417936716705796e-01 3.674046799555182301e-03 3.821552562407668375e-03
5.808776768536749301e-04 9.917305043008936005e-01 3.827202642207092661e-03 3.861415380045768279e-03
5.355199499570534837e-04 9.909237635022911661e-01 4.306517118618472841e-03 4.234199429133282851e-03
5.279038520530236539e-04 9.891956577397381656e-01 5.284605004246695388e-03 4.991833403962365502e-03
5.437065293673088058e-04 9.868661497731846532e-01 6.677278125783427110e-03 5.912865571664670250e-03
5.766336765334126313e-04 9.843912895375175331e-01 8.285138480854416232e-03 6.746938305094745542e-03
6.569967385625443161e-04 9.813901762040527776e-01 1.033101008149802172e-02 7.621816975886713461e-03
8.525042127597513538e-04 9.764274151252126943e-01 1.371180104984772580e-02 9.008279612179845991e-03
1.224754647864185033e-03 9.682771078760834538e-01 1.931329277846939932e-02 1.118484469758303929e-02
1.797133357243779284e-03 9.565795923605074913e-01 2.751309066631671407e-02 1.411018361593189413e-02
2.604866501685056297e-03 9.404275386814716642e-01 3.898101337173680986e-02 1.798658144510670298e-02
3.670162537604047467e-03 9.194596293531545061e-01 5.399296627949533994e-02 2.287724182974643083e-02
4.876762076136961083e-03 8.967968635171278402e-01 7.049883647590036995e-02 2.782753793083499183e-02
5.941658969021934578e-03 8.782683348980057092e-01 8.454824974547234251e-02 3.124175638750012821e-02
6.726760760891967519e-03 8.655174187766969673e-01 9.504982654396240682e-02 3.270599391844900006e-02
7.374246848382652424e-03 8.549803868887089209e-01 1.045329845771885424e-01 3.311238168571969259e-02
7.942011889356866486e-03 8.459408021180716553e-01 1.132614352490344395e-01 3.285575074353695030e-02
8.319311817296868444e-03 8.420756482209277305e-01 1.179934718887832856e-01 3.161156807299191074e-02
8.408513582151501756e-03 8.449455190293596596e-01 1.171232238274968057e-01 2.952274356099197916e-02
8.163557054061527929e-03 8.518859355412689016e-01 1.126451136008202319e-01 2.730539380384920667e-02
7.671296680484642784e-03 8.583324526695494949e-01 1.082260639301834276e-01 2.577018671978229328e-02
7.108519311307496917e-03 8.589135716591127512e-01 1.083153563211535497e-01 2.566255270842653438e-02
6.677274603121664993e-03 8.476324727298587547e-01 1.179516455873584890e-01 2.773860707966111644e-02
6.602295761398969259e-03 8.175460292754934688e-01 1.428452566117691946e-01 3.300641835133846097e-02
6.912005831389170761e-03 7.679379194768701788e-01 1.834797060008721559e-01 4.167036869086825773e-02
7.309795350853998640e-03 7.163602861806915856e-01 2.250119861501359564e-01 5.131793231831847935e-02
7.541001315533185818e-03 6.855016855001648812e-01 2.478392484169763543e-01 5.911806476732568011e-02
7.673067369978773741e-03 6.780625756218884304e-01 2.493341366691427807e-01 6.493022033898998568e-02
7.999695162013181760e-03 6.799336530819536373e-01 2.413035802661832596e-01 7.076307148985011564e-02
6.135196504065890469e-03 2.848834452354035429e-01 2.894017768376830890e-01 4.195795814228474585e-01
1.176012606339731613e-02 3.065278928356580685e-03 6.553881203412568190e-01 3.297864746669894043e-01
1.121235715158282013e-02 3.478976016950520358e-03 6.437658683957191430e-01 3.415427984357475300e-01
1.123552430461071186e-02 4.069197054331540227e-03 6.388787238886562969e-01 3.458165547524013061e-01
1.215743096170487404e-02 4.724846379466515929e-03 6.420101384580302328e-01 3.411075842007984527e-01
1.426452804997487001e-02 5.325819676687534865e-03 6.492961160405842369e-01 3.311135362327531362e-01
1.767799462510985867e-02 5.831768410692135876e-03 6.628029819411478396e-01 3.136872550230500045e-01
2.221506556769029320e-02 6.229882912888771475e-03 6.828411086174970279e-01 2.887139429019235926e-01
2.732964604413446255e-02 6.520947656668874687e-03 7.048504598103947361e-01 2.612989464888021973e-01
3.239851667530414120e-02 6.963544527130320627e-03 7.258471745066911174e-01 2.347907642908742265e-01
3.795337189041515791e-02 6.790454600016708649e-03 7.432492389268733346e-01 2.120069345826945950e-01
4.459346765171309790e-02 6.806776318976291186e-03 7.520632107783136178e-01 1.965365452509969524e-01
5.334855617624832680e-02 6.887970888506872447e-03 7.485556015126347829e-01 1.912078714226100040e-01
6.590500537146581905e-02 7.049531752697808101e-03 7.289319222145718147e-01 1.981135406612649086e-01
8.457839665664881879e-02 7.230303043532845288e-03 6.894916800120579614e-01 2.186996202877607431e-01
1.112875581000857539e-01 7.394122712400776759e-03 6.293868828975756058e-01 2.519314362899378601e-01
1.466443594562258645e-01 7.432463345256917070e-03 5.531182695811881489e-01 2.928049076173291354e-01
1.886200486116064723e-01 7.183529899536597249e-03 4.689195630823061456e-01 3.352768584065508595e-01
2.322946516245582294e-01 6.621099065798534238e-03 3.850023999681339015e-01 3.760818493415088448e-01
2.725216955255148066e-01 5.907789866996025416e-03 3.088899051046003486e-01 4.126806095028888177e-01
3.036551495313325466e-01 5.191207616535804814e-03 2.446518835204868625e-01 4.465017593316445432e-01
3.179214167200562491e-01 4.510537540490261281e-03 1.907296037662371269e-01 4.868384419732162405e-01
3.088842605488038573e-01 3.992531565455786913e-03 1.485551467166446316e-01 5.385680611690953912e-01
2.795444598512576428e-01 3.769489752406387194e-03 1.194855848015576594e-01 5.972004655947781293e-01
2.388903319663867875e-01 3.892145610214683537e-03 1.026120311026097742e-01 6.546054913207889348e-01
1.913919624769061523e-01 4.308469089377963898e-03 9.467009019350011712e-02 7.096294782402157164e-01
1.406062997154967076e-01 4.917544204370235400e-03 9.116545872134335093e-02 7.633106973587896471e-01
9.463300618703901490e-02 5.955711184710560033e-03 9.111130305592529677e-02 8.082999795723251335e-01
5.968946661769470446e-02 8.344378181109423850e-03 9.780489600446719278e-02 8.341612591967288992e-01
3.681451717804359175e-02 1.385364290350698385e-02 1.124397443376909528e-01 8.368920955807587214e-01
2.376465073495506730e-02 2.549542783564995654e-02 1.309412129481420384e-01 8.197987084812528025e-01
1.850321064365875734e-02 4.822076071439630740e-02 1.511318888783049486e-01 7.821441397636397230e-01
1.735116710284511504e-02 8.976734235410256668e-02 1.773893925909793834e-01 7.154920979520726920e-01
1.791154050698959277e-02 1.573919893213478749e-01 2.136427358467670456e-01 6.110537343248954034e-01
1.773347922457071263e-02 2.449003164903701402e-01 2.492109776944872179e-01 4.881552265905719779e-01
1.701888304689759199e-02 3.302573748900186068e-01 2.710064791885217206e-01 3.817172628745624241e-01
1.560133336654258122e-02 3.996589032028176613e-01 2.780381930536688917e-01 3.067015703769710444e-01
1.418068618643807989e-02 4.424948382176278616e-01 2.810975608333334819e-01 2.622269147626007935e-01
1.304342535328240245e-02 4.630244865194840242e-01 2.856090820640455608e-01 2.383230060631880698e-01
1.195157828230578381e-02 4.886146557123814405e-01 2.841221339469521823e-01 2.153116320583609300e-01
1.062391692137230892e-02 5.455688794319720758e-01 2.664173391138862645e-01 1.773898645327694756e-01
9.377420313383819789e-03 6.280575205518259541e-01 2.313152892856128462e-01 1.312497698491773002e-01
7.914000928701420481e-03 7.032354758519694382e-01 1.941661498503077787e-01 9.468437336902160717e-02
7.290192109197747225e-03 7.509282495639122423e-01 1.691307043137355026e-01 7.265085401315442282e-02
7.319545537518014691e-03 7.755021203416374576e-01 1.565504815060265731e-01 6.062785261481804661e-02
8.413140591852993205e-03 7.839131210450088760e-01 1.527250196950202810e-01 5.494871866811800593e-02
9.999491781642963137e-03 7.786702228300483863e-01 1.568434102077324033e-01 5.448687518057620388e-02
1.249483756345069058e-02 7.595911879054660920e-01 1.689134540554937391e-01 5.900052047558960316e-02
1.559541545205408303e-02 7.302374882130387990e-01 1.857396101149670353e-01 6.842748621994000635e-02
1.868923317120132002e-02 6.976362554331179133e-01 2.019805010004046275e-01 8.169401039527614261e-02
2.106465092302260700e-02 6.715007011485164545e-01 2.117172822987272440e-01 9.571736562973359730e-02
2.227741126333639479e-02 6.615890760708454943e-01 2.096133435571095605e-01 1.065201691087085401e-01
2.182336710481924680e-02 6.752262416203339557e-01 1.925161295017040475e-01 1.104342617731427639e-01
2.083775733962728305e-02 7.068487406915670013e-01 1.652713470186579214e-01 1.070421549501479469e-01
1.920230601666940429e-02 7.391738913889622786e-01 1.393845812747790958e-01 1.022392213195894572e-01
1.777207568049938083e-02 7.569214529374624911e-01 1.228659287860946053e-01 1.024405425959435678e-01
1.716875428153500846e-02 7.553892946215913229e-01 1.170454972994901671e-01 1.103964537973836785e-01
1.735262351505034717e-02 7.371114428183179745e-01 1.192238950802554376e-01 1.263120385863763240e-01
1.858243166525055945e-02 7.017340521657151609e-01 1.305321305310347124e-01 1.491513856379995673e-01
2.034882630309665236e-02 6.544216334744754615e-01 1.496390778373237751e-01 1.755904623851038682e-01
2.247310053460394724e-02 6.013304569687160095e-01 1.756041051372054518e-01 2.005923373594745152e-01
2.454106327010469046e-02 5.537292933568699338e-01 2.031140994344980966e-01 2.186155439385273624e-01
2.631788317241062769e-02 5.232368268092194574e-01 2.249098396411837730e-01 2.255354503771861696e-01
2.759781210551828443e-02 5.153337918406281082e-01 2.361789783216201311e-01 2.208894177322334451e-01
2.839683721712595033e-02 5.237993933163572757e-01 2.391747609383897966e-01 2.086290085281269358e-01
2.997001247641319782e-02 5.345785812326138142e-01 2.415768372994288593e-01 1.938745689915437886e-01
3.172534728750091987e-02 5.443216341573260397e-01 2.437960887643763896e-01 1.801569297907963108e-01
3.384443130825408319e-02 5.523391654134329753e-01 2.449724674054272466e-01 1.688439358728858197e-01
3.563536179635481971e-02 5.625817065026720298e-01 2.425083675920248205e-01 1.592745641089480801e-01
3.702447642384554954e-02 5.789181770093447810e-01 2.348297960795223405e-01 1.492275504872874747e-01
3.825416897762805302e-02 6.059272814920715344e-01 2.200528584585703107e-01 1.357656910717302268e-01
3.879863474385410183e-02 6.496511769025440364e-01 1.956357289977864733e-01 1.159144593558154857e-01
4.645276340347365140e-03 7.244632771703858332e-01 5.547305951577804171e-03 2.653441405376888995e-01
2.905613888315390029e-03 8.206952549839364730e-01 3.716704275048557642e-03 1.726824268526995776e-01
1.872234979611685571e-03 8.729224122637526673e-01 2.867456445410344022e-03 1.223378963112254358e-01
1.492153023094406564e-03 8.894268317246958322e-01 2.813903995302604634e-03 1.062671112569070070e-01
1.502651728041849060e-03 8.724079537931733741e-01 3.576354295753212623e-03 1.225130401830314963e-01
1.927502211513677007e-03 8.131796070630721296e-01 5.556490807918290295e-03 1.793363999174957535e-01
2.061544722967678135e-03 7.075403487547204939e-01 9.056821126801646929e-03 2.813412853955100656e-01
2.385705833461653977e-03 5.835330999702579291e-01 1.374286781931913747e-02 4.003383263769613176e-01
2.583478785060006749e-03 4.880084036252730906e-01 1.868847340547187888e-02 4.907196441841951140e-01
2.702503666628113151e-03 4.270681091538438001e-01 2.348219988942346764e-02 5.467471872901049634e-01
2.779226684352012217e-03 3.742199405049117522e-01 2.808561175850880429e-02 5.949152210522274942e-01
2.846816504214546260e-03 3.113240015727403720e-01 3.270235682614275330e-02 6.531268250969021194e-01
2.944984254425499649e-03 2.432677839649399765e-01 3.725978638020436412e-02 7.165274454004303406e-01
3.115397814643850426e-03 1.840903742852724179e-01 4.128308822662534600e-02 7.715111396734586346e-01
3.384034105203272916e-03 1.371929529145974602e-01 4.441954517918299261e-02 8.150034678010162903e-01
3.759266005876292331e-03 1.006000354809239578e-01 4.681038968284179091e-02 8.488303088303580379e-01
4.254897309650000625e-03 7.436125064714735333e-02 4.920019698544151471e-02 8.721836550577616309e-01
4.860767618265886617e-03 5.711902750211440144e-02 5.198274505544782376e-02 8.860374598241717026e-01
5.676775835625605393e-03 4.751551105113169943e-02 5.591873946917964855e-02 8.908889736440627205e-01
6.963871241237836948e-03 4.530713796945125271e-02 6.202844170932929335e-02 8.857005490799816361e-01
9.075381761452743293e-03 5.006613013897776715e-02 7.067118931167218343e-02 8.701872987878975785e-01
1.249174066290732743e-02 6.088165882670412005e-02 8.160390828950761510e-02 8.450226922208809999e-01
1.754353545489661242e-02 7.410847215537277877e-02 9.264308928384520914e-02 8.157049031058855038e-01
2.661861076510790292e-01 7.609098621310086616e-03 6.297388375192769505e-01 9.646595620833388340e-02
3.349329756200276065e-01 9.962574045274241036e-03 5.334855877152857584e-01 1.216188626194120853e-01
4.198731876038978017e-01 1.308576616968149670e-02 4.250087043116920760e-01 1.420323419147286603e-01
5.116255535561704537e-01 1.697029768338322725e-02 3.202271463915449257e-01 1.511770023689014142e-01
5.944780699706564420e-01 2.175130672179624927e-02 2.370866889397094390e-01 1.466839343678378038e-01
6.648043864392498836e-01 2.722240955472589666e-02 1.756778342374047674e-01 1.322953697686194141e-01
7.196583996746436229e-01 3.225095856057916960e-02 1.329396893523054068e-01 1.151509524124719325e-01
7.583299858174806785e-01 3.574152220909533606e-02 1.060121225721377680e-01 9.991636940128595379e-02
7.915085213308348244e-01 3.628029758680333117e-02 8.642733795067004954e-02 8.578384313169190589e-02
8.298413811381992744e-01 3.325821027466275420e-02 6.678243961931754069e-02 7.011796896782022948e-02
8.714734740083884823e-01 2.788063857104065846e-02 4.817507806291531497e-02 5.247080935765562754e-02
9.087615794919747803e-01 2.152641448598771601e-02 3.317741650538092585e-02 3.653458951665638360e-02
9.368287303872312455e-01 1.547034656278332108e-02 2.290092527769591046e-02 2.479999777228956981e-02
9.555330392029540709e-01 1.074331177739922503e-02 1.661255153897924289e-02 1.711109748066734840e-02
9.670916618351584892e-01 7.434014029412937437e-03 1.293547962826249037e-02 1.253884450716626769e-02
9.740974630778445054e-01 5.157342680385033559e-03 1.070846547431043849e-02 1.003672876746007983e-02
9.782042183134336266e-01 3.621384691679053070e-03 9.346217453018628232e-03 8.828179541868649144e-03
9.801739536002156417e-01 2.620441125017134061e-03 8.653113311663573892e-03 8.552491963103821260e-03
9.803596062920317822e-01 2.008707652236788651e-03 8.562481975038954349e-03 9.069204080692358158e-03
9.794484292571932205e-01 1.636371938726883515e-03 8.834625275321725951e-03 1.008057352875801199e-02
9.782489474790064810e-01 1.399146515111086798e-03 9.213900954528168874e-03 1.113800505135418423e-02
9.774374847998281712e-01 1.242816546899865558e-03 9.566485832444668325e-03 1.175321282082727320e-02
9.772103935363144478e-01 1.147177455647619120e-03 9.995222577783107604e-03 1.164720643025483372e-02
9.768621775475534452e-01 1.135621713790913815e-03 1.105255801691593445e-02 1.094964272173972603e-02
9.750411771467621946e-01 1.247094389687767105e-03 1.363790780391013584e-02 1.007382065964010885e-02
9.700244368939013873e-01 1.497383677901519992e-03 1.880676591830187511e-02 9.671413509895315438e-03
9.619292922468015705e-01 1.813975235026618832e-03 2.637775934760811999e-02 9.878973170563758524e-03
9.488152588107363616e-01 2.445375522221317037e-03 3.837006142942413212e-02 1.036930423761822477e-02
9.361473431132012468e-01 2.982374408482842913e-03 5.033100464079438147e-02 1.053927783752167321e-02
9.245766053536834672e-01 3.842304796278563864e-03 6.109446416334294444e-02 1.048662568669519665e-02
9.170851583933937734e-01 4.980614097406846873e-03 6.787010169215615396e-02 1.006412581704306183e-02
9.148539703070104334e-01 6.411532556937894409e-03 6.922356165350604384e-02 9.510935482545246691e-03
9.159170923322837998e-01 8.296158757053244404e-03 6.650226186414548435e-02 9.284487046517291009e-03
9.176988420367723220e-01 1.083139549031358201e-02 6.183594510275787492e-02 9.633817370156375418e-03
9.168449855887402800e-01 1.448395310841456979e-02 5.786713845090950964e-02 1.080392285193555561e-02
9.097912687805086440e-01 2.045485393629125834e-02 5.652011734039156382e-02 1.323375994280884781e-02
8.934452009294389097e-01 3.082064526341178612e-02 5.832337822820992529e-02 1.741077557893908750e-02
8.641483926254258652e-01 4.826503228780752719e-02 6.375980582560503152e-02 2.382676926116189184e-02
8.211054098453940409e-01 7.319248389050171666e-02 7.287121927314865744e-02 3.283088699095577240e-02
7.681294381320125098e-01 1.009484278747187491e-01 8.601576302317759382e-02 4.490637097009103629e-02
7.065568759306976032e-01 1.273050175463571465e-01 1.054465697585907219e-01 6.069153676435450756e-02
6.343689127874345690e-01 1.535042115411673069e-01 1.327545309552539965e-01 7.937234471614403042e-02
5.529903162212308487e-01 1.823240507475370198e-01 1.660985607381745832e-01 9.858707229305740949e-02
4.709223688687905196e-01 2.109807306873312804e-01 2.021907440869035455e-01 1.159061563569746128e-01
3.957036249045776111e-01 2.352737959902130582e-01 2.398951804728034209e-01 1.291273986324055489e-01
3.343335069308010499e-01 2.498602519553292378e-01 2.802139576281504341e-01 1.355922834857194448e-01
2.865482297681680168e-01 2.590531584728674175e-01 3.211904319067829250e-01 1.332081798521816407e-01
2.508001689189965355e-01 2.707911311241988361e-01 3.553477546690937405e-01 1.230609452877107213e-01
2.249716295054609849e-01 2.878421311058532162e-01 3.777614129592858916e-01 1.094248264293999212e-01
2.065995942407789776e-01 3.034678644897271793e-01 3.939165310726729929e-01 9.601601019682075300e-02
1.922267673189767823e-01 3.106852668048309951e-01 4.130575155902840301e-01 8.403045028590822030e-02
1.829686487175045118e-01 3.068119002529176020e-01 4.363441251127891940e-01 7.387532591678891425e-02
1.792273078794521246e-01 2.963603181579024803e-01 4.584782702718676051e-01 6.593410369077837285e-02
1.848549591302285633e-01 2.843030679879649525e-01 4.710345019389676757e-01 5.980747094283898890e-02
2.055189358652654841e-01 2.728891656395827092e-01 4.669993326015378643e-01 5.459256589361425466e-02
2.491099819205330745e-01 2.547776482209252458e-01 4.458965198797277263e-01 5.021584997881385626e-02
3.204657720007647592e-01 2.234714535704303284e-01 4.088429891747644707e-01 4.721978525404057353e-02
4.258698701099202233e-01 1.787948213944929032e-01 3.509451821776738423e-01 4.439012631791280222e-02
5.574091800643101724e-01 1.310244491087193819e-01 2.724851946408909376e-01 3.908117618607975796e-02
6.861732035609738878e-01 9.092896348186060851e-02 1.916941547835503690e-01 3.120367817361488147e-02
7.863357683278469068e-01 6.087383347500693875e-02 1.295429014919183552e-01 2.324749670522798309e-02
8.512911763534606324e-01 4.062927289737311431e-02 9.071273193422084435e-02 1.736681881494549912e-02
8.889182599989635669e-01 2.749307102077172549e-02 6.973244336631222173e-02 1.385622561395225862e-02
9.095086015468243357e-01 1.903757348428523552e-02 5.930691776052166020e-02 1.214690720836896116e-02
9.214205098803037730e-01 1.385544899961568301e-02 5.308757685780270824e-02 1.163646426227790166e-02
9.291070938597613127e-01 1.122035096799039837e-02 4.773008499160184825e-02 1.194247018064619088e-02
9.327516054061263384e-01 1.042598289412812601e-02 4.391130251603914819e-02 1.291110918370669790e-02
9.309010439694018757e-01 1.087348378739329269e-02 4.359943162904589969e-02 1.462604061415905335e-02
9.204038089529351652e-01 1.264466250122481088e-02 4.925277364071670161e-02 1.769875490512356347e-02
8.946073542241115284e-01 1.690587138981804183e-02 6.547208128956273632e-02 2.301469309650805081e-02
8.470259294776647518e-01 2.499258028322266095e-02 9.783564983169301676e-02 3.014584040741945942e-02
7.780209810219321787e-01 3.697766032359049021e-02 1.483474913239095083e-01 3.665386733056794077e-02
6.910735699956751521e-01 5.215040414950031927e-02 2.158880112776588589e-01 4.088801457716554483e-02
5.915677298110034732e-01 6.904019372824012069e-02 2.965970273780758615e-01 4.279504908268059321e-02
4.919953691439447607e-01 8.480207002153586360e-02 3.806967238796533648e-01 4.250583695486626068e-02
4.031598040379553161e-01 9.880527108945877379e-02 4.574645845747015716e-01 4.057034029788413737e-02
3.305333315011331208e-01 1.101220262627592289e-01 5.214982065413565904e-01 3.784643569475080321e-02
2.710146877945633914e-01 1.235376329942689810e-01 5.699460354778942417e-01 3.550164373327380218e-02
2.271975514342639835e-01 1.376289322165007989e-01 6.013452748416103777e-01 3.382824150762513832e-02
1.985079873495980141e-01 1.529708359790403760e-01 6.156954162584905577e-01 3.282576041287103147e-02
1.821503246666246467e-01 1.668956549378895482e-01 6.187544444880178629e-01 3.219957590746779647e-02
1.760030064049004916e-01 1.760826582855420652e-01 6.157823166659095460e-01 3.213201864364809840e-02
1.786003197418710720e-01 1.788277139460595078e-01 6.091788166558399498e-01 3.339314965622956766e-02
1.879679158857835430e-01 1.736502431819683945e-01 6.018585688211240958e-01 3.652327211112391114e-02
2.015619363373467865e-01 1.592154658570984205e-01 5.977516747349269632e-01 4.147092307062765631e-02
2.168063998187912678e-01 1.392512601769235470e-01 5.956623325638950028e-01 4.828000744039014080e-02
2.318618255965942676e-01 1.205584118837087632e-01 5.900904556494830366e-01 5.748930687021407138e-02
2.476113078662762756e-01 1.019677766780045514e-01 5.810705862171280378e-01 6.935032923859077436e-02
2.587902745295750373e-01 8.524609159559035088e-02 5.709138469756895873e-01 8.504978689914505230e-02
