9.014041880124956663e-01 2.801434347417039797e-03 2.919002989360560026e-03 9.287537465072673304e-02
3.837304627159146553e-01 8.850392602908650416e-03 4.727814744697568239e-01 1.346376702114199797e-01
4.609685025602652253e-01 1.080877624923434234e-02 3.891063850794597156e-01 1.391163361110410446e-01
5.450579929799445056e-01 1.218583864190223021e-02 3.092404909869975738e-01 1.335156773911556904e-01
6.239652946187086435e-01 1.169223770505064056e-02 2.437441167906981565e-01 1.205983508855426461e-01
6.938197999422979212e-01 1.015763820578888428e-02 1.911874431991840428e-01 1.048351186527290146e-01
7.572315756692908906e-01 7.954624097508628325e-03 1.465313240613285162e-01 8.828247617187227891e-02
8.139094790035430460e-01 5.519949089895755459e-03 1.079023763116715995e-01 7.266819559488954527e-02
8.594290712252403708e-01 3.454519325186125069e-03 7.665822118561772813e-02 6.045818826395560341e-02
8.916187581166266085e-01 2.081429172255168988e-03 5.370267892528683001e-02 5.259713378583134868e-02
9.123802059707337708e-01 1.305920225632367735e-03 3.790292078159104155e-02 4.841095302204279083e-02
9.242884903272229336e-01 9.149326140668918731e-04 2.759722166167336010e-02 4.719935539703676297e-02
9.285671716522553298e-01 7.609547300087551522e-04 2.174792499776402252e-02 4.892394861997194366e-02
9.266029694087873914e-01 7.569748366443446175e-04 1.941125666583481957e-02 5.322879908873345139e-02
9.208834649038066811e-01 8.561976960231762164e-04 1.967805880623354348e-02 5.858227859393674158e-02
9.140730794193246966e-01 1.035325489934435170e-03 2.211901414830586346e-02 6.277258094243477748e-02
9.080541694573974754e-01 1.268939208793186911e-03 2.680730745628808961e-02 6.386958387752129929e-02
9.017664637538725936e-01 1.580935470231247929e-03 3.460941705782638600e-02 6.204318371806959859e-02
8.904290392854178338e-01 2.117372216915517410e-03 4.761187333691649370e-02 5.984171516075020153e-02
8.670745889737757617e-01 3.111688726387474950e-03 6.859397412168317942e-02 6.121974817815358655e-02
8.245611189640021932e-01 4.823257076795944669e-03 1.005799919535243503e-01 7.003563200567751446e-02
7.586010915926537646e-01 7.404091442384232342e-03 1.460711145970085278e-01 8.792370236795343796e-02
6.746911571892727499e-01 1.040428807484195667e-02 2.034029265230694883e-01 1.115016282128161451e-01
5.936083901873715485e-01 1.248029543133126126e-02 2.627334940998317658e-01 1.311778202814654626e-01
5.386645297208531025e-01 1.264900807891680343e-02 3.099587106475175657e-01 1.387277515527125527e-01
5.141596425819235927e-01 1.146340305124736100e-02 3.385071197164355450e-01 1.358698346503936227e-01
5.087027878877720122e-01 9.861120837968376240e-03 3.533308291977682591e-01 1.281052620764913108e-01
5.160668189905617265e-01 8.102435068582079097e-03 3.592834658634150857e-01 1.165472800774412232e-01
5.414805066233685515e-01 6.306588257083240237e-03 3.509674083381183474e-01 1.012454967814300916e-01
5.863570469036821775e-01 4.769562698607177943e-03 3.237637505743060085e-01 8.510963982340492839e-02
6.402992512092827715e-01 3.611456652247069590e-03 2.848152517106724568e-01 7.127404042779761362e-02
6.903102712992793544e-01 2.745471688322629993e-03 2.461599995437364630e-01 6.078425746866170098e-02
7.313411617157001832e-01 2.079838057734375092e-03 2.134316951393791240e-01 5.314730508718618074e-02
7.675777430274649538e-01 1.556165858908518506e-03 1.836399482692293583e-01 4.722614284439726612e-02
8.036381017438168906e-01 1.138990119069079997e-03 1.534087389016164649e-01 4.181416923549770293e-02
8.372781083060727436e-01 8.399680671491870001e-04 1.251819333914743759e-01 3.669999023530367416e-02
8.650549144965761217e-01 6.559279853188431687e-04 1.018801462512114314e-01 3.240901126689349487e-02
8.864541529431495537e-01 5.486004240608734379e-04 8.364454262450954358e-02 2.935270400827980075e-02
9.008343829469231956e-01 4.891034975830370118e-04 7.061740016033637990e-02 2.805911339515729935e-02
9.081774166761913403e-01 4.510895439919763604e-04 6.221140342951353430e-02 2.916009035030322355e-02
9.105290663487211056e-01 4.188726967800199502e-04 5.637423086570764880e-02 3.267783008879096562e-02
9.095031591842014373e-01 4.014297275346026799e-04 5.154473483168880987e-02 3.855067625657503799e-02
9.051765844398466099e-01 4.046060978216490644e-04 4.703793526748399623e-02 4.738087419484761365e-02
8.950809334159450792e-01 4.297133916049973687e-04 4.355555349345748006e-02 6.093379969899263837e-02
8.758641603080280502e-01 4.678676802224115039e-04 4.178089496456703633e-02 8.188707704718233005e-02
8.456624492565318896e-01 5.161946448038809551e-04 4.149461136133182626e-02 1.123267447373322014e-01
8.047957513170295174e-01 5.851599314346936148e-04 4.182732127073725964e-02 1.527917674807985904e-01
7.550189522801551423e-01 6.648916727942666156e-04 4.137848158330114517e-02 2.029376744637498009e-01
7.005603390696483190e-01 7.207453918343465025e-04 3.906120295501189915e-02 2.596577125835054511e-01
6.482193440603286616e-01 5.712365701048357667e-04 3.592524797944503245e-02 3.152841713901212706e-01
6.070118303092277845e-01 4.961553406623656895e-04 3.214985796043244581e-02 3.603421563896772595e-01
5.801350849519412156e-01 7.784519052625628191e-04 2.903738644360137622e-02 3.900490766991948632e-01
5.669188976627447252e-01 8.184297213918104033e-04 2.782155903460357960e-02 4.044411135812598368e-01
5.645767945089745776e-01 8.737977967775943655e-04 2.720462657176549864e-02 4.073447811224822912e-01
5.663766359672626205e-01 9.406804288314149845e-04 2.749561712092119664e-02 4.051870664829848590e-01
5.662307036214024869e-01 1.016909981323158669e-03 2.914122400701297730e-02 4.036111623902614021e-01
5.696966523733878462e-01 1.099304716221905301e-03 3.196390957194495536e-02 3.972401333384451561e-01
5.874407741639675606e-01 9.169371501508026458e-04 3.594332103638651216e-02 3.756989676494952857e-01
6.168595579026034947e-01 1.309936818905230779e-03 3.765806855344365489e-02 3.441724367250476035e-01
6.536339841170177856e-01 1.414949293601878034e-03 3.778171488915555570e-02 3.071693517002248575e-01
7.005640785210731636e-01 1.469564502815449026e-03 3.533459051524550504e-02 2.626317664608658342e-01
7.578568626390288498e-01 1.493799430850800648e-03 3.143051440925180573e-02 2.092188235208682356e-01
8.169502349665225260e-01 1.553926275624816769e-03 2.751576407350321204e-02 1.539800746843496271e-01
8.661555380835095352e-01 1.690825124729857919e-03 2.435852851850207890e-02 1.077951082732584720e-01
9.010907418176949957e-01 1.875422398488985152e-03 2.170642086061847637e-02 7.532741492319762477e-02
9.252828412645009992e-01 2.015807340373502055e-03 1.869032735398142367e-02 5.401102404114424549e-02
9.419926931401266801e-01 2.048051908897515795e-03 1.518608946178556449e-02 4.077316548919022315e-02
9.527932342598484095e-01 1.980517231380762421e-03 1.175768041424696958e-02 3.346856809452385811e-02
9.594073904544527798e-01 1.855810990150049463e-03 8.656161587612402203e-03 3.008063696778489823e-02
9.630413022356004715e-01 1.731574119614845420e-03 5.961597208701586298e-03 2.926552643608302390e-02
9.639175606769923021e-01 1.562724170880133321e-03 3.374549273031013288e-03 3.114516587909633288e-02
9.609436994848613578e-01 1.587242793212707967e-03 2.266159384299195993e-03 3.520289833762665910e-02
8.141332198689840149e-01 3.202825377530237722e-04 5.804022518035890053e-03 1.797424750752269484e-01
3.233377858350409140e-01 1.328489845196918484e-01 3.756292717511983681e-01 1.681839578940685087e-01
2.369953878155074689e-01 1.720521442338927010e-01 4.394225809091625856e-01 1.515298870414374666e-01
1.707112101080572875e-01 2.257286310595095213e-01 4.703523694119739473e-01 1.332077894204595769e-01
1.227848320527533538e-01 2.924286748260964686e-01 4.686353504749801724e-01 1.161511426461698526e-01
8.883520758101659531e-02 3.666326980035319871e-01 4.456245384322820580e-01 9.890755598316924857e-02
6.383520675049765558e-02 4.454259060366191902e-01 4.092381820477594689e-01 8.150070516512379626e-02
4.682820263923539311e-02 5.255575730321502270e-01 3.623279772000878585e-01 6.528624712852627854e-02
3.563157819722875819e-02 6.010051945006735785e-01 3.120659225520147073e-01 5.129730475008296292e-02
2.815636633894031543e-02 6.664553038038607546e-01 2.654090190391306114e-01 3.997931081806824910e-02
2.328990569333103805e-02 7.204674462863477347e-01 2.250109887806601983e-01 3.123165923966108107e-02
2.047720110467113330e-02 7.638508090271484141e-01 1.908956895364776474e-01 2.477630033170261786e-02
1.929755924946482959e-02 7.980662421475899215e-01 1.624020453863169455e-01 2.023415321662820621e-02
1.928685747560064320e-02 8.256644091260220142e-01 1.380163140801992927e-01 1.703241931817782093e-02
1.997362580847202376e-02 8.483164747027456265e-01 1.169856036764348184e-01 1.472429581234789391e-02
2.087407948283376974e-02 8.671291963091789512e-01 9.893096007487002519e-02 1.306576413311706999e-02
2.119277946585626862e-02 8.833287814680085281e-01 8.353516333788446602e-02 1.194327572825082742e-02
2.246242030183041166e-02 8.947823784679275194e-01 7.136751344350218684e-02 1.138768778673981442e-02
2.476417587447969984e-02 9.003757665002776189e-01 6.352990135975618291e-02 1.133015626548638383e-02
3.081925702889233912e-02 8.944847551189001322e-01 6.231705046334701931e-02 1.237893738886066373e-02
4.538520633117270470e-02 8.679955698313684964e-01 7.094486658672893853e-02 1.567435725072969036e-02
8.662004819682955770e-02 7.954106414164290317e-01 9.437236314771534074e-02 2.359694723902622596e-02
1.861954993886184573e-01 6.441525131607901411e-01 1.315646470064091578e-01 3.808734044418241732e-02
3.629592045272100331e-01 4.215166826351643969e-01 1.597766431976173351e-01 5.574746964000860255e-02
5.634495052396659709e-01 2.164045570596719870e-01 1.537950571861242677e-01 6.635088051453764957e-02
7.136318298179440411e-01 9.460806630504781101e-02 1.248851717973198105e-01 6.687493207968790709e-02
7.919366626463888448e-01 4.182046995343048634e-02 9.871308034062106773e-02 6.752978705955937910e-02
8.226561498213244006e-01 2.019360816258372951e-02 8.272530622113216658e-02 7.442493579495949863e-02
8.284454928937935447e-01 1.099580417523407516e-02 7.477303272446533811e-02 8.578567020650722241e-02
8.256896670667461802e-01 6.656328199890644386e-03 7.161307787595408425e-02 9.604092685740893420e-02
8.237865522280285457e-01 4.320852335821479158e-03 7.093729488953705309e-02 1.009553005466126696e-01
8.296666952310990384e-01 2.812035439414790200e-03 6.891774657241415969e-02 9.860352275707219560e-02
8.486202610987321204e-01 1.767435005736867938e-03 6.199907547312322187e-02 8.761322842240783226e-02
8.765544827943470008e-01 1.069336985208868421e-03 5.156753625890402037e-02 7.080864396154019913e-02
9.039318568043140933e-01 6.230013820620607882e-04 4.150386375551541607e-02 5.394127805810879778e-02
9.241658458658913444e-01 3.700972502013544305e-04 3.457542797131859386e-02 4.088862891258884802e-02
9.360931232785862921e-01 2.362508588345328111e-04 3.101317742137000080e-02 3.265744844120908874e-02
9.413456714235887146e-01 1.641908165794418533e-04 2.987392824854594522e-02 2.861620951128589219e-02
9.402173696434767969e-01 1.261217202993461907e-04 3.111573482590429193e-02 2.854077381031962235e-02
9.308762190477566367e-01 1.087072178827554317e-04 3.580024671492004068e-02 3.321482701944056953e-02
9.102631471007884834e-01 1.074093853248173292e-04 4.537122197395787593e-02 4.425822153992890751e-02
8.752821836108034548e-01 1.270416905082693160e-04 6.097405937490373712e-02 6.361671532378454508e-02
8.281027429192522327e-01 1.257997749376432229e-04 8.085374831312130972e-02 9.091770899268870887e-02
7.737592064969349703e-01 1.669928738323325052e-04 1.044177053589725596e-01 1.216560952702602505e-01
7.237638681592468703e-01 2.145980339583850483e-04 1.281018640140152431e-01 1.479196697927797344e-01
6.830673405800196107e-01 2.624247834555032519e-04 1.533994176284524946e-01 1.632708170080724164e-01
6.467470852092487288e-01 3.166568908796148826e-04 1.865178826047451388e-01 1.664183752951263195e-01
6.056000370450208559e-01 5.547344277922462664e-04 2.324490342041542201e-01 1.613961943230325935e-01
5.623906260772988386e-01 6.589524245587098867e-04 2.855479865825941710e-01 1.514024349155483617e-01
5.144238275461381349e-01 4.961629230580390454e-04 3.474328358267806949e-01 1.376471737040230459e-01
4.685780606098529644e-01 5.928027829363074954e-04 4.078385463596235216e-01 1.229905902475872392e-01
4.292667696395835453e-01 7.172218711165804367e-04 4.587831884176301611e-01 1.112328200716695692e-01
4.005123540314699526e-01 8.503396531893714924e-04 4.947613519766660972e-01 1.038759543386748169e-01
3.831408732840614895e-01 9.775931173713558152e-04 5.157633368712645217e-01 1.001181967273026135e-01
3.738504947868822037e-01 1.105704771885332232e-03 5.278438993157972270e-01 9.719990112543530625e-02
3.657911983412021062e-01 1.264377949635523335e-03 5.397068870131520590e-01 9.323753669601039795e-02
3.528117136533008846e-01 1.477808190186373754e-03 5.563011893270947139e-01 8.940928882941796829e-02
3.345045360741840668e-01 1.760908120649528610e-03 5.785052912382631085e-01 8.522926456690325947e-02
3.158454657126051335e-01 2.155775445553789575e-03 6.044404886139608246e-01 7.755827022788001901e-02
3.041004748322310713e-01 3.083478112513872958e-03 6.269122147872269180e-01 6.590383226802815075e-02
2.986098805371003584e-01 4.109762158308489892e-03 6.439001758378510853e-01 5.338018146673998571e-02
2.984258426485517091e-01 5.783038329477531089e-03 6.525071537711952807e-01 4.328396525077536638e-02
2.958710729497395220e-01 8.129737723963421925e-03 6.596625091801813223e-01 3.633668014611598357e-02
2.873053846816548962e-01 1.116240849978522055e-02 6.695113824899314725e-01 3.202082432862839168e-02
2.773721357929534448e-01 1.515485405679551680e-02 6.778026306565645420e-01 2.967037949368655017e-02
2.757719438969819525e-01 2.164348131266589578e-02 6.738496387720085412e-01 2.873493601834352373e-02
2.862578429613000242e-01 3.077787411966009801e-02 6.542408052010946218e-01 2.872347771794501320e-02
3.109620009673968455e-01 4.322535569458443860e-02 6.162122904799409717e-01 2.960035285807808766e-02
3.420436760989353231e-01 5.637440972463092503e-02 5.705565149976175032e-01 3.102539917881631110e-02
3.670992702853923539e-01 6.581283779387760158e-02 5.344008144938162674e-01 3.268707742691386031e-02
3.779317831417352558e-01 6.949768456074471856e-02 5.183536836229026834e-01 3.421684867461754348e-02
3.733228091607005417e-01 6.874995753714008284e-02 5.229598599596374520e-01 3.496737334252168761e-02
9.124805509982623561e-03 8.479881993187726383e-03 2.522015364992705524e-02 9.571751588469024075e-01
6.504896885935980422e-03 1.339155878472044750e-03 1.634828385395682426e-01 8.286731086960236192e-01
7.526314455838750521e-03 1.639088805063712226e-03 2.428093673045444434e-01 7.480252294345528519e-01
9.349330010335337934e-03 2.039743533761785750e-03 3.311389753745845321e-01 6.574719510813181733e-01
1.110472696059834098e-02 2.413273407501379062e-03 4.112682638780011946e-01 5.752137357538990026e-01
1.271274514444813847e-02 2.711463247374851400e-03 4.692968655617011375e-01 5.152789260464758492e-01
1.430546179342699793e-02 2.930310712549038642e-03 5.038219102290786289e-01 4.789423172649453497e-01
1.576612052853626142e-02 3.038406267584346180e-03 5.253065123282152360e-01 4.558889608756644951e-01
1.775120137900521033e-02 3.072324166127814171e-03 5.428965619383642194e-01 4.362799125165033876e-01
1.950259274650254643e-02 2.940779999269254718e-03 5.610426009722510043e-01 4.165140262819772010e-01
2.234207957043101919e-02 2.835449256097498545e-03 5.800334236713816649e-01 3.947890475020898182e-01
2.676569516536718776e-02 2.844336911164652235e-03 5.986584716019273111e-01 3.717314963215408996e-01
3.302823660169385694e-02 2.998074729387107881e-03 6.122918147083159512e-01 3.516818739606031863e-01
4.132951933493213964e-02 3.274675087712335987e-03 6.122875977709616446e-01 3.431082078063939500e-01
5.204360026406903983e-02 3.663085212876198392e-03 5.898711409742792844e-01 3.544221735487756431e-01
6.555579716851885064e-02 4.202804022673681597e-03 5.415711044756081893e-01 3.886702943331993843e-01
8.220128662274912845e-02 4.962834023902927549e-03 4.707054368008196654e-01 4.421304425525285353e-01
1.031722058910718304e-01 6.066386602878487584e-03 3.866656807871576840e-01 5.040957267188922453e-01
1.320109610078839812e-01 7.782011710720353366e-03 3.041292721050765091e-01 5.560777551763191884e-01
1.757889722737497884e-01 1.047396762943559462e-02 2.394870987253150951e-01 5.742499613714994178e-01
2.457626816102579104e-01 1.390651695703925238e-02 2.023850033908758950e-01 5.379457980418268503e-01
3.547334424528859054e-01 1.575436683183472145e-02 1.845915636914431945e-01 4.449206270238361682e-01
5.021600180513491329e-01 1.319722531353613101e-02 1.596951559401410814e-01 3.249476006949736928e-01
6.601394664315778371e-01 7.099125010591585301e-03 1.138011395085850724e-01 2.189602690492456483e-01
7.780763665992959099e-01 3.105926050555309677e-03 6.844219687652011719e-02 1.503755104736287929e-01
8.445597396071200524e-01 1.622352604540214628e-03 3.984612271210150047e-02 1.139717850762381607e-01
8.779488269948809709e-01 1.281743062028411822e-03 2.554469430907849170e-02 9.522473563401227803e-02
8.939814202821495526e-01 1.515684869014007887e-03 1.965984540697187852e-02 8.484304944186477071e-02
9.018015457977083260e-01 2.433713335124305151e-03 1.852766735923252681e-02 7.723707350793507231e-02
9.064193999736362972e-01 4.746577358575202604e-03 2.015297803064624096e-02 6.868104463714225227e-02
9.056051020185019729e-01 1.033541340143880397e-02 2.383028183538929076e-02 6.022920274466968260e-02
8.889328254785084926e-01 2.441520312473653351e-02 3.024289070744023977e-02 5.640908068931439062e-02
8.381080954348467671e-01 6.128562617843771876e-02 4.085834001501159607e-02 5.974793837170384869e-02
7.362103793283948372e-01 1.487389367699673282e-01 5.157492056346599241e-02 6.347576333817193939e-02
5.789278448041113023e-01 3.151313779780459123e-01 4.912308651657529279e-02 5.681769070126764520e-02
3.701508697146734805e-01 5.532859570439491170e-01 3.404892078905590730e-02 4.251425245232131472e-02
1.877744668126266336e-01 7.656872002209013095e-01 1.855247515955319240e-02 2.798585780691890956e-02
8.593037396290344188e-02 8.870858238997288980e-01 9.360554222436154662e-03 1.762324791493159390e-02
3.904256468598090585e-02 9.447378474390422110e-01 5.089544599932531270e-03 1.113004327504463209e-02
1.836557037164090328e-02 9.714626683813990526e-01 3.124060599779712125e-03 7.047700647180399174e-03
9.498695912477940137e-03 9.836498235519485211e-01 2.213623430718529485e-03 4.637857104854935936e-03
5.803124120040139937e-03 9.889089718295764886e-01 1.865258085899336102e-03 3.422645964483852360e-03
4.101756049117217910e-03 9.913229357543519304e-01 1.766644554644846918e-03 2.808663641885875053e-03
3.118131046058081942e-03 9.927206654860100121e-01 1.742242578340737463e-03 2.418960889591516283e-03
2.495603901455903297e-03 9.935007624688607653e-01 1.812055007226213684e-03 2.191578622457084589e-03
2.153292488507019351e-03 9.935555639690994978e-01 2.099072352134344691e-03 2.192071190259066178e-03
2.033998120133531998e-03 9.927244070707451629e-01 2.765162706482182479e-03 2.476432102639383303e-03
2.034827011471360223e-03 9.910754696628829574e-01 3.901884431680473046e-03 2.987818893965409235e-03
2.106170926368401784e-03 9.887336763271923346e-01 5.522135276928669297e-03 3.638017469510755261e-03
2.333507252360564159e-03 9.853599812531818047e-01 7.804402539811847346e-03 4.502108954645784623e-03
2.897898912330562973e-03 9.799579079774646262e-01 1.130504328937140257e-02 5.839149820833033563e-03
3.898590841932902257e-03 9.718714392896733445e-01 1.645320796259299584e-02 7.776761905800763479e-03
5.277544149987333649e-03 9.612587378564158014e-01 2.322597584464526979e-02 1.023774214895171314e-02
7.043668170677807282e-03 9.474511857599383635e-01 3.206287210704321378e-02 1.344227396234075507e-02
9.178775176760833529e-03 9.297684202047260538e-01 4.332917897156136899e-02 1.772362564695149217e-02
1.131188681047491477e-02 9.103770309931507043e-01 5.567392264982533312e-02 2.263715954654916054e-02
1.285545624629525624e-02 8.941368209614842799e-01 6.620111834387926164e-02 2.680660444834111200e-02
1.371444562830367170e-02 8.824659188619450312e-01 7.420418304174054847e-02 2.961545246801057865e-02
1.432134236638709507e-02 8.717507452305053306e-01 8.204472032589224528e-02 3.188319207721559967e-02
1.480776136647165772e-02 8.611179118480599692e-01 9.006496335934838227e-02 3.400936342612043833e-02
1.502708835571855452e-02 8.542189700946046793e-01 9.533056673362653999e-02 3.542337481604992955e-02
1.494048449036062057e-02 8.530492710522930011e-01 9.618163290669737298e-02 3.582861155064932107e-02
1.453301690227268121e-02 8.557865444208199168e-01 9.404483713710669324e-02 3.563560153980055434e-02
1.384814113243582924e-02 8.586901523142935755e-01 9.174014394312958454e-02 3.572156261014107492e-02
1.299203645404343674e-02 8.573827808240984671e-01 9.252267013611246982e-02 3.710251258574562283e-02
1.218309381154495871e-02 8.467059949196042989e-01 1.001086627675462498e-01 4.100224850130394089e-02
1.182923198627185493e-02 8.194119070666872062e-01 1.194135194707071634e-01 4.934534147633373030e-02
1.206875569899960345e-02 7.719871283732019362e-01 1.525642174752976921e-01 6.337989845250088794e-02
1.252288064612398430e-02 7.171261047400014910e-01 1.900277709439111840e-01 8.032324366996335119e-02
1.293652218676046364e-02 6.759558265051445192e-01 2.158286898746379356e-01 9.527896143345696012e-02
1.339661809764504559e-02 6.554913142417543304e-01 2.244460099460850733e-01 1.066660577145153999e-01
1.417073551653595317e-02 6.458692542603780007e-01 2.231940678267420319e-01 1.167659423963443577e-01
2.699365342017539301e-03 2.062403737011596627e-01 1.921059748482281671e-01 5.989542861085945802e-01
2.517247738882527619e-02 3.715451609736419598e-03 2.383743432360197756e-01 7.327377277654184562e-01
2.251133064882910109e-02 3.895388116121766778e-03 2.441160954057322308e-01 7.294771858293168654e-01
2.160861384632153590e-02 4.351784784366936019e-03 2.625192012103969019e-01 7.115204001589148231e-01
2.252978397888188294e-02 4.986968166145676687e-03 2.964274006809500817e-01 6.760558471740220066e-01
2.555914204267497464e-02 5.705373004209713002e-03 3.426029136061081171e-01 6.261325713470071719e-01
3.066486972266152175e-02 6.414673589529254483e-03 3.987004806693721926e-01 5.642199760184367641e-01
3.769555141943006088e-02 7.033689272598515028e-03 4.605319059719488739e-01 4.947388533360222440e-01
4.402580971788296743e-02 7.313837430238286086e-03 5.238146326391850405e-01 4.248457202126937338e-01
4.917832655831075317e-02 7.299830758934706954e-03 5.857684291877374161e-01 3.577534134950170475e-01
5.336186894767423750e-02 6.988701539939932983e-03 6.433207005089154329e-01 2.963287290034702925e-01
5.763889790473441382e-02 6.531149200761605239e-03 6.912703128549283482e-01 2.445596400395756154e-01
6.331753113342192263e-02 6.111927388640739020e-03 7.242390582063955584e-01 2.063314832715417990e-01
7.185416616271884938e-02 5.943825589315528471e-03 7.382051342252951009e-01 1.839968740226706756e-01
8.832425319915764017e-02 5.974607260082063359e-03 7.287085717007950603e-01 1.769925678399651980e-01
1.140796880793674972e-01 6.345307131705221933e-03 6.981889003124963633e-01 1.813861044764311370e-01
1.500171268965199700e-01 6.642759088891023699e-03 6.518290354622742200e-01 1.915110785523147507e-01
2.002420030852684052e-01 7.202984885270353500e-03 5.890565057646425240e-01 2.034985062648187737e-01
2.630481134004797328e-01 7.523028840658308770e-03 5.119179584827837637e-01 2.175108992760778626e-01
3.344504625034878664e-01 7.379607681941183044e-03 4.247061909076809694e-01 2.334637389068900670e-01
4.065835724375929661e-01 6.705149334716622132e-03 3.361000236061914559e-01 2.506112546214991355e-01
4.669951622327238594e-01 5.714097094772588661e-03 2.538757734082977557e-01 2.734149672642057771e-01
5.004147885679034458e-01 4.865259523332161710e-03 1.873135381158561596e-01 3.074064137929084506e-01
5.024140086250565851e-01 4.499224382892080473e-03 1.402743192104128900e-01 3.528124477816387272e-01
4.761766071453767402e-01 5.057889406731784845e-03 1.103441087058154857e-01 4.084213947420762270e-01
4.203699804286260000e-01 5.533529223324866117e-03 9.055514132566738761e-02 4.835413490223817723e-01
3.341050938540115478e-01 5.990384285046106150e-03 7.737048684316392977e-02 5.825340350177784510e-01
2.368447562856234867e-01 7.115286338137764496e-03 6.530285461392726365e-02 6.907371027623117055e-01
1.506764941926548584e-01 9.280286260280939600e-03 5.608510046618941924e-02 7.839581190808747602e-01
8.846878351101050697e-02 1.350291736098144756e-02 5.057481525026874536e-02 8.474534838777393331e-01
5.069402600163305794e-02 2.107911828451456554e-02 4.775108491374444042e-02 8.804757708001081928e-01
3.121634378927165554e-02 3.459355366722297043e-02 4.684898025876005345e-02 8.873411222847455981e-01
2.282618657250407024e-02 5.895944164082010663e-02 4.799392921190610145e-02 8.702204425747697147e-01
1.909009029978212327e-02 1.001945873356733518e-01 5.162605158694458934e-02 8.290892707775996406e-01
1.614069322860825148e-02 1.593029220957691006e-01 5.550836070245291493e-02 7.690480239731696255e-01
1.314223804084512642e-02 2.276360410800379874e-01 5.617922015142248066e-02 7.030425007276943639e-01
1.042371210940925240e-02 2.902363262854877890e-01 5.346350763257051025e-02 6.458764539725324605e-01
8.272832171672878099e-03 3.313475198582283010e-01 4.982172753666447990e-02 6.105579204334344867e-01
6.735652920075028277e-03 3.515762377307231623e-01 4.723759458875809170e-02 5.944505147604437489e-01
5.665745903640903233e-03 3.775886858675617797e-01 4.605235555035947642e-02 5.706932126784378667e-01
4.912969864654908106e-03 4.409804221234624455e-01 4.597110528236007798e-02 5.081355027295226812e-01
4.305369798255938643e-03 5.454060987837163754e-01 4.566158260955745229e-02 4.046269488084702215e-01
4.215326603523802257e-03 6.554180154694247973e-01 4.389863258779320293e-02 2.964680253392582010e-01
3.446281093135731156e-03 7.382006296274525869e-01 4.293620685857217623e-02 2.154168824208391175e-01
3.292561090211222879e-03 7.905728315175686305e-01 4.273843720963955983e-02 1.633961701825802082e-01
3.600620303468925025e-03 8.210740699519381014e-01 4.335089143134404632e-02 1.319744183132489090e-01
4.455885692075373279e-03 8.351949255103209291e-01 4.552139417097892521e-02 1.148277946266249572e-01
5.935691829119487360e-03 8.368245571053331000e-01 4.931373066420487866e-02 1.079260204013425817e-01
7.929198472624269731e-03 8.294314483130953430e-01 5.392863650493702476e-02 1.087107167093436938e-01
1.013092215021362853e-02 8.163262834250001321e-01 5.870515223896884821e-02 1.148376421858173513e-01
1.211822898021485892e-02 8.022660349606955954e-01 6.292421279027714254e-02 1.226915232688126217e-01
1.355606387429140504e-02 7.937799109732136538e-01 6.523904905909376495e-02 1.274249760934011433e-01
1.431782465454455554e-02 7.964663122089082892e-01 6.416606258365945004e-02 1.250498005528876411e-01
1.441061969249895179e-02 8.089583585869076776e-01 6.001914295614083766e-02 1.166118787644525451e-01
1.417944660143268844e-02 8.210868890472003967e-01 5.584851591896709128e-02 1.088851484324001029e-01
1.415574454798480125e-02 8.243085378853789447e-01 5.428285901906679256e-02 1.072528585475695240e-01
1.485160180854120174e-02 8.156666057351341648e-01 5.628173539307856216e-02 1.132000570632461234e-01
1.657600219237082700e-02 7.954403864984035399e-01 6.191193165761369605e-02 1.260716796516120619e-01
1.977176241015589017e-02 7.676601362685674390e-01 6.966062326967194240e-02 1.429074780516048637e-01
2.353295715648137665e-02 7.345489533361887480e-01 8.188960374533263420e-02 1.600284857619972689e-01
2.841103288862685886e-02 6.999967942648991359e-01 9.859744398793619802e-02 1.729947288585376997e-01
3.406540250882799520e-02 6.702691904826276748e-01 1.180093099392684475e-01 1.776560970692754593e-01
3.981089471331664131e-02 6.516660464040617828e-01 1.365161375929551946e-01 1.720069212896662703e-01
4.422957767496616538e-02 6.486024936190405432e-01 1.498509744788855125e-01 1.573169542271076193e-01
4.642370989305449891e-02 6.581917235430119195e-01 1.570338789836899784e-01 1.383506875802437142e-01
4.759710283394217450e-02 6.694423939804547974e-01 1.623716777212491913e-01 1.205888254643535523e-01
4.897793834026211574e-02 6.756799676642242236e-01 1.686605486744586213e-01 1.066815453210548104e-01
4.852730659180966993e-02 6.804476492202321536e-01 1.750458272621539524e-01 9.597921692580446695e-02
4.685282451927184205e-02 6.871884886369827861e-01 1.793265478963725346e-01 8.663213894737305243e-02
4.551286210214924161e-02 6.987359472706746732e-01 1.790841894607297091e-01 7.666700116644645235e-02
4.368645140052600934e-02 7.225136239455337561e-01 1.694567516745406344e-01 6.434317297939967650e-02
4.023984715751739716e-02 7.624512233590921007e-01 1.478977296641555417e-01 4.941119981923525195e-02
7.677510844555322615e-03 8.257313059425644974e-01 4.185199493213848793e-03 1.624059837196662470e-01
4.760064451305637441e-03 8.888944474183686495e-01 3.149503374251208694e-03 1.031959847560746379e-01
3.170849528101073178e-03 9.203972608434937142e-01 2.680849218878701094e-03 7.375104040952640272e-02
2.457458541575690148e-03 9.290203553069403819e-01 2.761365683398582082e-03 6.576082046808530424e-02
2.283908926810445522e-03 9.153396170570284873e-01 3.517448998722659103e-03 7.885902501743877191e-02
2.533994678760019461e-03 8.692341793414615214e-01 5.320912824753555939e-03 1.229109131550247674e-01
2.821111730997845866e-03 7.758935506478125133e-01 8.536239366254914571e-03 2.127490982549347653e-01
3.049538154256217250e-03 6.403125060355593368e-01 1.276395595565221232e-02 3.438739998545325971e-01
3.038098915405513037e-03 5.009387903912635442e-01 1.667151815463922132e-02 4.793515925386916399e-01
2.823147955681211060e-03 3.814222266911276304e-01 1.904425981355764921e-02 5.967103655396333028e-01
2.470678832404101834e-03 2.754294197904519348e-01 1.928448934381707044e-02 7.028154120333268695e-01
2.054513655205136239e-03 1.825054477034816214e-01 1.743192399420633032e-02 7.980081146471070808e-01
1.678645584533518254e-03 1.137009734644343489e-01 1.422535110866820184e-02 8.703950298423640541e-01
1.805418660985706313e-03 7.127997499570876139e-02 1.076187224666087794e-02 9.161527340966446609e-01
1.036201678675530320e-03 4.662365258824747311e-02 8.056656876059898817e-03 9.442834888570171836e-01
1.202627933653063448e-03 3.140977160719191086e-02 6.157640464032808521e-03 9.612299599951222850e-01
1.216898864536500660e-03 2.205550251755856658e-02 5.025059513428980010e-03 9.717025391044762372e-01
1.289569560841994983e-03 1.647337124308504569e-02 4.470256551494766230e-03 9.777668026445782701e-01
1.457359517846332090e-03 1.372897915163303305e-02 4.436560705589608425e-03 9.803771006249311082e-01
1.838470337863135941e-03 1.371164451187465404e-02 5.046931333519966145e-03 9.794029538167422499e-01
2.634912994323386319e-03 1.671166565125535575e-02 6.480444673009073085e-03 9.741729766814124503e-01
4.216464453761301599e-03 2.349195508531497917e-02 8.968463079707706884e-03 9.633231173812158987e-01
7.090169016232764597e-03 3.411385484311500044e-02 1.248835754442533669e-02 9.463076185962272513e-01
2.557478394620553153e-01 5.355246986468087042e-03 7.085521477117673328e-01 3.034476583970907235e-02
3.020083006856564833e-01 6.575504893521898209e-03 6.557970756008908442e-01 3.561911881993097551e-02
3.626087580635237173e-01 8.450791633929123636e-03 5.894846274882532544e-01 3.945582281429371035e-02
4.377152156565656815e-01 1.072184512567321037e-02 5.109568206301922100e-01 4.060611858756894843e-02
5.161434272290725822e-01 1.362744872916637345e-02 4.316582735382310521e-01 3.857085050352979105e-02
5.862915810800343186e-01 1.719447574293510653e-02 3.620552957440398290e-01 3.445864743299064531e-02
6.381096768033011069e-01 2.109332436536267077e-02 3.106143937523094811e-01 3.018260507902665798e-02
6.713380743868299083e-01 2.454735539825111251e-02 2.775398305085811090e-01 2.657473970633773830e-02
6.978418940051633879e-01 2.643796463815467276e-02 2.526670637936120345e-01 2.305307756307008876e-02
7.303128928979404355e-01 2.622794516576688884e-02 2.243899687137707322e-01 1.906919322252172144e-02
7.735799169907821016e-01 2.413077004379392959e-02 1.875812329986747684e-01 1.470807996674938778e-02
8.196603819792811496e-01 2.051414982813377919e-02 1.489547241923873389e-01 1.087074400019752245e-02
8.595232775269752157e-01 1.613385265371179364e-02 1.163196232787156448e-01 8.023246540597613052e-03
8.896343079838595624e-01 1.211206943844062717e-02 9.216884581168253987e-02 6.084776766017237562e-03
9.110422648818767843e-01 8.895983356665467662e-03 7.520302596755917834e-02 4.858725793898339800e-03
9.267878184710058864e-01 6.393350942721401711e-03 6.266918611122805627e-02 4.149644475044803917e-03
9.385043553883246625e-01 4.525700421460576196e-03 5.313994119338787125e-02 3.830002996826919505e-03
9.461890565745791903e-01 3.220519089899779707e-03 4.672299790552134069e-02 3.867426429999672784e-03
9.500778641835455618e-01 2.381430477456052911e-03 4.327970651124615764e-02 4.260998827752065024e-03
9.501280201544017867e-01 1.851110038694262850e-03 4.303699519525382849e-02 4.983874611650067517e-03
9.502647019663489347e-01 1.578668550035450648e-03 4.249018213629174312e-02 5.666447347323842233e-03
9.498492281082564492e-01 1.399832626648928437e-03 4.265438942811267814e-02 6.096549836981911448e-03
9.490809206004455767e-01 1.286844001611123223e-03 4.357271064732542304e-02 6.059524750617857961e-03
9.485061863684858263e-01 9.720395865304046028e-04 4.505503379201176301e-02 5.466740252971924105e-03
9.432812964006143108e-01 9.719360941909552330e-04 5.098193471604604843e-02 4.764832789148638025e-03
9.334869645264192162e-01 1.054665240612411709e-03 6.126946725609617311e-02 4.188902976871967422e-03
9.207197439769123637e-01 1.177742409466132727e-03 7.430446300311495389e-02 3.798050610506786481e-03
9.087563003750710466e-01 1.330478177582500527e-03 8.645758385974162963e-02 3.455637587604809980e-03
9.010500100916477573e-01 1.537734864598123150e-03 9.431678566736437230e-02 3.095469376389774381e-03
8.982511093106528843e-01 1.847163029711097488e-03 9.716371835524741096e-02 2.738009304388866992e-03
8.988721696077534018e-01 2.297631691252789449e-03 9.642004131595506566e-02 2.410157385038472905e-03
9.002010496259879035e-01 2.950318223437828086e-03 9.467824565968994965e-02 2.170386490884198150e-03
8.991954634968943871e-01 3.985282659547386905e-03 9.471873757109959546e-02 2.100516272458270543e-03
8.948826767091319079e-01 5.638276750478459116e-03 9.726654264464601463e-02 2.212503895743697310e-03
8.863991642726199993e-01 8.323978060917844660e-03 1.027731802332427502e-01 2.503677433219626564e-03
8.728435455733165593e-01 1.298493255568381084e-02 1.111594931982471945e-01 3.012028672752056681e-03
8.539165043065151117e-01 2.137710886601304830e-02 1.209192758633356041e-01 3.787110964136070242e-03
8.269823639355565748e-01 3.620246892943271289e-02 1.318997437023219921e-01 4.915423432688682120e-03
7.868870991131021730e-01 5.988371254874786526e-02 1.466531988504701511e-01 6.575989487679968423e-03
7.299852338307967203e-01 9.133811228853759567e-02 1.696475832143097828e-01 9.029070666355788408e-03
6.510937977324656734e-01 1.313636699587586998e-01 2.047729978566194819e-01 1.276953445215611195e-02
5.539106691616810796e-01 1.787837150796120766e-01 2.495288636652168712e-01 1.777675209349024316e-02
4.490319285100367042e-01 2.322163770968211638e-01 2.952734084536130510e-01 2.347828593952883819e-02
3.504929915386597594e-01 2.858553575822556647e-01 3.346238044409654555e-01 2.902784643811933893e-02
2.708130948877167099e-01 3.277770182857996928e-01 3.679611781962592865e-01 3.344870863022429003e-02
2.130280533287503553e-01 3.506381757731606430e-01 4.001293705502594888e-01 3.620440034782930472e-02
1.777569103242579995e-01 3.577431757153372027e-01 4.276523854523542889e-01 3.684752850805035618e-02
1.595477693913410211e-01 3.653573002011684112e-01 4.398355164440099774e-01 3.525941396348054868e-02
1.530233282992446431e-01 3.818343593559983540e-01 4.328577906003075459e-01 3.228452174444952638e-02
1.524564674815988008e-01 4.005564195131181005e-01 4.179714695599541230e-01 2.901564344532946843e-02
1.535982262385952868e-01 4.110224234042186842e-01 4.095251461279496574e-01 2.585420422923602815e-02
1.554510159978273742e-01 4.102181495294492941e-01 4.112696873295547673e-01 2.306114714316873787e-02
1.601824061513200670e-01 4.009248295130047324e-01 4.179881906938642255e-01 2.090457364181096470e-02
1.736292915899020073e-01 3.886429519950470590e-01 4.185588395509012294e-01 1.916891686414979451e-02
2.048680752520435910e-01 3.760020250792353580e-01 4.018282840004408496e-01 1.730161566828044423e-02
2.663162909911550025e-01 3.517473512213357689e-01 3.668114080151912426e-01 1.512494977231809701e-02
3.676810370083044011e-01 3.028271905787835450e-01 3.165738224352563357e-01 1.291794997765607390e-02
5.142136840444410106e-01 2.277105809585745488e-01 2.476505765382288060e-01 1.042515845875548880e-02
6.778240870892981995e-01 1.480710219817213402e-01 1.666528784276671560e-01 7.452012501313129943e-03
8.082466835176647102e-01 8.792803381057143208e-02 9.903788662652773800e-02 4.787396045236444984e-03
8.859736371086436302e-01 5.274201529565079177e-02 5.821753261434819970e-02 3.066814981357246939e-03
9.275407142447930076e-01 3.269773408455774188e-02 3.764495523149619799e-02 2.116596439153252060e-03
9.480662485102382409e-01 2.155415524783028600e-02 2.870130234504018885e-02 1.678293896891379497e-03
9.575996652974447798e-01 1.491250927278629616e-02 2.596961693965074702e-02 1.518208490118323805e-03
9.614490769193855257e-01 1.080015593141478089e-02 2.626682401453119681e-02 1.483943134668636423e-03
9.620852103965624735e-01 8.565653259380676121e-03 2.783922676209460434e-02 1.509909581962249692e-03
9.598336224413390738e-01 7.763572063147219059e-03 3.080591997485458353e-02 1.596885520658998482e-03
9.532983027402777143e-01 7.954306148452303799e-03 3.697871875895072241e-02 1.768672352319170362e-03
9.383939454477909781e-01 9.136797130097566721e-03 5.033330641192058919e-02 2.135951010190875569e-03
9.063229195098688740e-01 1.204548573937620423e-02 7.868805879912674217e-02 2.943535951628254658e-03
8.453948140584536253e-01 1.751618479587956773e-02 1.326930774516781597e-01 4.395923693988392292e-03
7.506048452353580869e-01 2.539938229855349949e-02 2.176968972127123481e-01 6.298875253375956287e-03
6.292011815882476711e-01 3.472116047632280156e-02 3.278550199970034496e-01 8.222637938425834958e-03
5.016834152700501148e-01 4.466751164725803885e-02 4.437363961666314083e-01 9.912676916060554275e-03
3.920858796905877797e-01 5.340740926176523740e-02 5.433217562044480031e-01 1.118495484319884450e-02
3.118322495712760323e-01 6.183341619012052565e-02 6.142663253187201633e-01 1.206800891988318337e-02
2.572571444988494549e-01 7.198233270942722140e-02 6.579284758861003723e-01 1.283204690562314738e-02
2.200695584157391638e-01 8.430807951770134812e-02 6.819041422831537691e-01 1.371821978340589596e-02
1.952944774334484934e-01 9.977327088144004319e-02 6.900351668855805309e-01 1.489708479953113889e-02
1.798252475566444464e-01 1.153608203906782564e-01 6.887326157058923926e-01 1.608131634678500524e-02
1.712239898690240125e-01 1.291409810891555876e-01 6.825839592330570360e-01 1.705106980876305162e-02
1.689483919483043550e-01 1.386741354582007868e-01 6.745757324395569299e-01 1.780174015393786585e-02
1.737480153244238823e-01 1.429207780356164248e-01 6.645841438769514165e-01 1.874706276300861299e-02
1.841869580956435881e-01 1.408675153543157976e-01 6.547987032416572317e-01 2.014682330838353172e-02
1.964460451832134857e-01 1.313833225108704261e-01 6.503894589680929705e-01 2.178117333782299617e-02
2.086779181695987695e-01 1.172457363522957929e-01 6.504915287231299859e-01 2.358481675497529212e-02
2.219585176479931532e-01 1.036216473050447645e-01 6.484721219840422490e-01 2.594771306291993734e-02
2.369394680664486386e-01 9.036033892173027382e-02 6.436724063861892775e-01 2.902778662563165746e-02
2.503517524814897199e-01 7.700261591336317324e-02 6.394889558097328619e-01 3.315667579541398818e-02
