9.677124769116997038e-01 1.520093245670172278e-03 6.048820467332791280e-03 2.471860937529706329e-02
4.875802207436529812e-01 3.309385809914606492e-03 3.973198748295646010e-01 1.117905186168679510e-01
5.401053580040308111e-01 3.707360428754792343e-03 3.458893647179275277e-01 1.102979168492869144e-01
5.911793035840263721e-01 3.801655721536237580e-03 2.969397938363492195e-01 1.080792468580882570e-01
6.371652167732850813e-01 3.820537333207561521e-03 2.543996452192956448e-01 1.046146006742119244e-01
6.771373349158903432e-01 3.744653847071122577e-03 2.187203514697196316e-01 1.003976597673190696e-01
7.175589492728766672e-01 3.541823442741965419e-03 1.840478088075266916e-01 9.485141847685457650e-02
7.630001389256186872e-01 3.135815585142988880e-03 1.469818840983639352e-01 8.688216139087456824e-02
8.098123322916030986e-01 2.529093830077262187e-03 1.106121610733657445e-01 7.704641280495386213e-02
8.503891694431828796e-01 1.880989052679115639e-03 8.009255008402688114e-02 6.763729142011108697e-02
8.806755142902222833e-01 1.362116767851571627e-03 5.732525352907748284e-02 6.063711541284869805e-02
9.004190501532983726e-01 1.032059256319616891e-03 4.168375128419806591e-02 5.686513930618404544e-02
9.099373492931968066e-01 8.856245060306502199e-04 3.243243818281613816e-02 5.674458801795640578e-02
9.108572794290412666e-01 8.907886383336363796e-04 2.847836249211196588e-02 5.977356944051353399e-02
9.063596594538302353e-01 1.014720551665940782e-03 2.850380171545006253e-02 6.412181827905372167e-02
8.997530719369547514e-01 1.229039966332093250e-03 3.164638865752449765e-02 6.737149943918889494e-02
8.933589572385751687e-01 1.482700848353385361e-03 3.751979251810516613e-02 6.763854939496644070e-02
8.857864797542940316e-01 1.752469176535847344e-03 4.686961860131243218e-02 6.559143246785782699e-02
8.716477785217979779e-01 2.088160985669614868e-03 6.201884064995556028e-02 6.424521984257702822e-02
8.454739303548312046e-01 2.537719018146264351e-03 8.516200080424267405e-02 6.682634982277976810e-02
8.043650358559044644e-01 3.140260636658545514e-03 1.173385994872163385e-01 7.515610402022064596e-02
7.479335516802277928e-01 3.957295957147879614e-03 1.586495209302461185e-01 8.945963143237829762e-02
6.822300318447611645e-01 4.937345730200626628e-03 2.055410956158855718e-01 1.072915268091526597e-01
6.243782517036873259e-01 5.790408232562679544e-03 2.468728825526821102e-01 1.229584575110677647e-01
5.936302179110907185e-01 6.258529400607893735e-03 2.680531825923521683e-01 1.320580700959491371e-01
5.919944909483420004e-01 6.404924587345961137e-03 2.657899402001704936e-01 1.358106442641416611e-01
6.053390228954552699e-01 6.338361602271739247e-03 2.515744886599511343e-01 1.367481268423219321e-01
6.262103055881489411e-01 6.014095484582074672e-03 2.341283957697600782e-01 1.336472031575089425e-01
6.573036064962135550e-01 5.409496261895428704e-03 2.124539381245928171e-01 1.248329591172983866e-01
6.961567029936712725e-01 4.672352738970804963e-03 1.860755493873489930e-01 1.130953948800091369e-01
7.313836290650920224e-01 3.974573750850797678e-03 1.613098833683672684e-01 1.033319138156899991e-01
7.520265281286955261e-01 3.403434561699330597e-03 1.464354195693278737e-01 9.813461774027759654e-02
7.547321035554140911e-01 2.978372774517081510e-03 1.450665570409711280e-01 9.722296662909751808e-02
7.439587522632501448e-01 2.663920943673550069e-03 1.543707979017926168e-01 9.900652889128352951e-02
7.285130081523261136e-01 2.392157707865968756e-03 1.681859621506521518e-01 1.009088719891555325e-01
7.164003400838629965e-01 2.148569038848730135e-03 1.801891752233494848e-01 1.012619156539390636e-01
7.127319349887223376e-01 1.952285483000457556e-03 1.841287118817094004e-01 1.011870676465680408e-01
7.169843664661110783e-01 1.794533523449381779e-03 1.775181184563847658e-01 1.037029815540546906e-01
7.200085784571261804e-01 1.672712095138119415e-03 1.658586793446915342e-01 1.124600301030440480e-01
7.121297741054216646e-01 1.478485984550447982e-03 1.546990642861626186e-01 1.316926756238651908e-01
6.864014896029219104e-01 1.349766780898818122e-03 1.484680863072330159e-01 1.637806573089461704e-01
6.461598753082008484e-01 1.256403279108845531e-03 1.439733260317024588e-01 2.086103953809877454e-01
5.935395654044004488e-01 1.206075344071703883e-03 1.368398211662447128e-01 2.684145380852832607e-01
5.283220989412744650e-01 1.167185846601620459e-03 1.255359387756695422e-01 3.449747764364543001e-01
4.537600258486129134e-01 1.081964156364617581e-03 1.123180710007309624e-01 4.328399389942912401e-01
3.807480963501624349e-01 9.623134667527421561e-04 1.000604333200012797e-01 5.182291568630833511e-01
3.191603877841950876e-01 8.792002971915527376e-04 8.946448756135316760e-02 5.904959243572600602e-01
2.696343337983924671e-01 8.361191351766207331e-04 7.873562199941611106e-02 6.507939250670150555e-01
2.293255274139499034e-01 7.693097206673277103e-04 6.707902917908657725e-02 7.028261336862963171e-01
1.978503554347630367e-01 6.480675301482919119e-04 5.634912134117518734e-02 7.451524556939136401e-01
1.773738882711214659e-01 5.204205159284271045e-04 4.936122183743496539e-02 7.727444693755152194e-01
1.684871969804929148e-01 4.480273798056279592e-04 4.732403086181963259e-02 7.837407447778818037e-01
1.694408306236225847e-01 4.476005911968401101e-04 4.884782820426111088e-02 7.812637405809196300e-01
1.783671893870693026e-01 5.074122221273894527e-04 5.196976574845912911e-02 7.691556326423442114e-01
1.922396958690182622e-01 6.086272019551011193e-04 5.604569356260617058e-02 7.511059833664203156e-01
2.085725738444881572e-01 7.353868158677718701e-04 6.116298228559239464e-02 7.295290570540516883e-01
2.317148964837695280e-01 8.907055052237185374e-04 6.770178143708636964e-02 6.996926165739204562e-01
2.691469593821614326e-01 1.090698077881742042e-03 7.599981568240517238e-02 6.537625268575518733e-01
3.172204086897104092e-01 1.309698171627044806e-03 8.400849240817397090e-02 5.974614007304888119e-01
3.685994831780950443e-01 1.480601137178963510e-03 8.838329720933532641e-02 5.415366184753906964e-01
4.260112408361599323e-01 1.576386604851768647e-03 8.803034961684080839e-02 4.843820229421477164e-01
4.968993864658167725e-01 2.033721803565594326e-03 8.358387256669506937e-02 4.174830191639226640e-01
5.819123154431501410e-01 1.952243260714359380e-03 7.921334837868093670e-02 3.369220929174545631e-01
6.700888967749474290e-01 1.945546245715566421e-03 7.526851328355263493e-02 2.526970436957842181e-01
7.461161245050423885e-01 1.995741359404762556e-03 7.122171301159080370e-02 1.806664211239622508e-01
8.042928723921426437e-01 2.022569890891282290e-03 6.593725871019712192e-02 1.277472990067688441e-01
8.446984923536877687e-01 1.983313898385602892e-03 5.985244464113383817e-02 9.346574910679267267e-02
8.704690504950827190e-01 1.875941449062514931e-03 5.410048853506387728e-02 7.355451952079093692e-02
8.880149296867467790e-01 1.717101273776046062e-03 4.833493544333296310e-02 6.193303359614416026e-02
9.023662408075514563e-01 1.549157622095100268e-03 4.157940703781456276e-02 5.450519453253886010e-02
9.156791460881157363e-01 1.383335120764098668e-03 3.331110081552481755e-02 4.962641797559542989e-02
9.252712015612496455e-01 1.256244168150764907e-03 2.517967789843379364e-02 4.829287637216588686e-02
8.443436963186240485e-01 3.073184597169762388e-04 4.713306456401792667e-03 1.506356787652570750e-01
2.393892207187391374e-01 1.300689051852509381e-01 4.400634542675347927e-01 1.904784198284749652e-01
1.653243773432187258e-01 1.647390177287760549e-01 5.098941943251338316e-01 1.600424106028718596e-01
1.133611921809352524e-01 2.105362788074294778e-01 5.422130061348532371e-01 1.338895228767820189e-01
7.930586528174334016e-02 2.670926675564992414e-01 5.388561533568448914e-01 1.147453138049128185e-01
5.690483982599867097e-02 3.327712193124528484e-01 5.112852550134755480e-01 9.903868584807319631e-02
4.126080118676725417e-02 4.080633720820172061e-01 4.665755835013545849e-01 8.410024322986128786e-02
3.066528589813815112e-02 4.920921032731718769e-01 4.080634878101195295e-01 6.917912301857075119e-02
2.339105063554459615e-02 5.762618602175584304e-01 3.452574997032414328e-01 5.508958944365538457e-02
1.828273828451401281e-02 6.489009282849154125e-01 2.893471892493899023e-01 4.346914418118032891e-02
1.484415836161661478e-02 7.049149472488532853e-01 2.452716097824134966e-01 3.496928460711676290e-02
1.275553776156196882e-02 7.459205632291971977e-01 2.121519712292532500e-01 2.917192777998760950e-02
1.168302423017807991e-02 7.758923332166619558e-01 1.871242883015027114e-01 2.530035425165751833e-02
1.122125005766680741e-02 8.001766454686368713e-01 1.662164736224222006e-01 2.238563085127391258e-02
1.097090007999611434e-02 8.221717100461249927e-01 1.471287812912630000e-01 1.972860858261578365e-02
1.062519708276650314e-02 8.430311161415869892e-01 1.292670013163067511e-01 1.707668545933928306e-02
1.011451577780161058e-02 8.625128140147664269e-01 1.128070441421044345e-01 1.456562606532735456e-02
9.567515547065042966e-03 8.787545946614939707e-01 9.924741559614370934e-02 1.243047419529736027e-02
9.426445299740730810e-03 8.882760236835350875e-01 9.135565766320966063e-02 1.094187335351440998e-02
1.067054949137424651e-02 8.848391001845926640e-01 9.386492263122996060e-02 1.062542769280327461e-02
1.526938487929424722e-02 8.577562986579665427e-01 1.147723984990945689e-01 1.220191796364489788e-02
2.839540398021527315e-02 7.848459990669236497e-01 1.698675035282321832e-01 1.689109342462932067e-02
6.073271535609449379e-02 6.311378845269790538e-01 2.823281646027847591e-01 2.580123551414194652e-02
1.133406603782036726e-01 3.963744871688006377e-01 4.560298623552032082e-01 3.425499009779252313e-02
1.571277535148462301e-01 1.839860374073505611e-01 6.270651710605676943e-01 3.182103801723544512e-02
2.006273611403194823e-01 7.443064029471872789e-02 6.997989094823580114e-01 2.514308908260414616e-02
2.497069675650239462e-01 3.086021253450888305e-02 6.978695464332842491e-01 2.156327346718288004e-02
2.935646919055094339e-01 1.433733057049372574e-02 6.705851010395263989e-01 2.151287648447046397e-02
3.368867604054608389e-01 7.756407951357645325e-03 6.307307869705252035e-01 2.462604467265630884e-02
3.889389694477974335e-01 5.027394560218343203e-03 5.756633229749944514e-01 3.037031301698985344e-02
4.442887621583675450e-01 3.507385403737405503e-03 5.145633798727679009e-01 3.764047256512721013e-02
5.009063410411400685e-01 2.439046430725053550e-03 4.523131459192882842e-01 4.434146660884676072e-02
5.645259563615050435e-01 1.638068238307285049e-03 3.869182703314714700e-01 4.691770506871589114e-02
6.338333299203522397e-01 1.056741237489122916e-03 3.205774776969442796e-01 4.453245114521441061e-02
6.982300081736344533e-01 6.524147608725872982e-04 2.609447932813138138e-01 4.017278378417928064e-02
7.478334106023827310e-01 4.069916353520345947e-04 2.152176484774482590e-01 3.654194928481716009e-02
7.801455564575690005e-01 2.719536961523974093e-04 1.842746745735944491e-01 3.530781527268425646e-02
7.983246804134098706e-01 1.987657514899542749e-04 1.638256935175768092e-01 3.765086031752321039e-02
8.019330157293417249e-01 1.643485591185257896e-04 1.523265898035153776e-01 4.557604590802441513e-02
7.849676816677365609e-01 1.627513720951124403e-04 1.517395449091454018e-01 6.313002205102243025e-02
7.401560938178247673e-01 2.108568926208385604e-04 1.630608972623949493e-01 9.657215202715938029e-02
6.663034722741121296e-01 2.402459213429654773e-04 1.820315167710029880e-01 1.514247650335418249e-01
5.728599139156880238e-01 3.930935951032656149e-04 2.026090605697111746e-01 2.241379319194977404e-01
4.832840923287733959e-01 5.774920046227074695e-04 2.173158404070288652e-01 2.988225752595752294e-01
4.134388968014802157e-01 7.580464788152198536e-04 2.259368197788582389e-01 3.598662369408464623e-01
3.649436846705726434e-01 9.600604950567754063e-04 2.360436040528915980e-01 3.980526507814787229e-01
3.336518679138705812e-01 1.188218025646705896e-03 2.556640068853228698e-01 4.094959071751598234e-01
3.140540227868554579e-01 1.348845145744880132e-03 2.850917698962290858e-01 3.995053621711707192e-01
3.026343752644080065e-01 1.374092184462513775e-03 3.211624030432908561e-01 3.748291295078386987e-01
2.988045753663468029e-01 1.304841076374095576e-03 3.636891817250886283e-01 3.362014018321903275e-01
3.011328504832366804e-01 1.207241558901310172e-03 4.054056390650530028e-01 2.922542688928092547e-01
3.092951410083383257e-01 1.147612715591248694e-03 4.346152248930262307e-01 2.549420213830438930e-01
3.250846706036618072e-01 1.162328608817015264e-03 4.456903312084367630e-01 2.280626695790846092e-01
3.503084961972308120e-01 1.252489077021455262e-03 4.404307750482829853e-01 2.080082396774649012e-01
3.842112929262786469e-01 1.411288491544951135e-03 4.267927872836164149e-01 1.875846312985599007e-01
4.204009333174433816e-01 1.630583777719987054e-03 4.143183673564810876e-01 1.636501155483557624e-01
4.485938103175144964e-01 1.912993416601060925e-03 4.089118794796477441e-01 1.405813167862365320e-01
4.656263000168773258e-01 2.278525946596015109e-03 4.120405444691677688e-01 1.200546295673587255e-01
4.782774847539180141e-01 2.739976048582895823e-03 4.197836532887582739e-01 9.919888590874094414e-02
4.961562380166705255e-01 3.638319195360657440e-03 4.223804927394504971e-01 7.782495004851858189e-02
5.185261278935536788e-01 4.520011195742612217e-03 4.181801657427373642e-01 5.877369516796621118e-02
5.437246344239624607e-01 5.904565789334961616e-03 4.054967317547625294e-01 4.487406803193982885e-02
5.623988904531490585e-01 7.772609392308490149e-03 3.938979967900832491e-01 3.593050336445913207e-02
5.686893630620084572e-01 1.003992659051597403e-02 3.908027553731601711e-01 3.046795497431537686e-02
5.670561854171365379e-01 1.270776263987892507e-02 3.931892350132039082e-01 2.704681692978052818e-02
5.680904528789701979e-01 1.600040259324743766e-02 3.913854846620187233e-01 2.452365986576349535e-02
5.808115570352767598e-01 2.041680600618460753e-02 3.763244839242422257e-01 2.244715303429655265e-02
6.070326818424170989e-01 2.606309985029522241e-02 3.459025498801909793e-01 2.100166842709675144e-02
6.391055628650130771e-01 3.193971700029223787e-02 3.085479371182415775e-01 2.040678301645313872e-02
6.657929350097236965e-01 3.648370314880630683e-02 2.769804403428987039e-01 2.074292149857093551e-02
6.806377729949898425e-01 3.901355293036905952e-02 2.584782825407022644e-01 2.187039153393872948e-02
6.820748169276428241e-01 4.008825924077882158e-02 2.544622690959381650e-01 2.337465473564010257e-02
2.392005549158999003e-02 7.658682618638202287e-03 1.490204894341553565e-01 8.194007724556161554e-01
4.351858841960244695e-03 4.176236486894068303e-03 3.474134281606585661e-01 6.440584765104870879e-01
4.974247381105263884e-03 4.463100327067273665e-03 4.563002362492840636e-01 5.342624160425432089e-01
5.744378413235375243e-03 4.610655326233848057e-03 5.566931754695368939e-01 4.329517907909934404e-01
7.004048826323095583e-03 4.693848790136150549e-03 6.293506625338507465e-01 3.589514398496899683e-01
7.758640134050879579e-03 4.606882715209982895e-03 6.718211025676077419e-01 3.158133745831311900e-01
8.714234742163325109e-03 4.390195668657943633e-03 6.929819312082842186e-01 2.939136383808945707e-01
9.770477122612008722e-03 4.016725522609615809e-03 7.037479746505078682e-01 2.824648227042704240e-01
1.100269622457673672e-02 3.525331293545846956e-03 7.119153607061770028e-01 2.735566117757005089e-01
1.267455642725203759e-02 3.024888628842844866e-03 7.232628312138010829e-01 2.610377237301038655e-01
1.515566939247517050e-02 2.637644440457173091e-03 7.411327372134794977e-01 2.410739489535881352e-01
1.878043428859628439e-02 2.413738529369238023e-03 7.639044219573639660e-01 2.149014052246703277e-01
2.367557670746582923e-02 2.624300157688577457e-03 7.845172784208062078e-01 1.891828447140392055e-01
3.093718708856227004e-02 2.356737725988225507e-03 7.948504449089435209e-01 1.718556302765057997e-01
4.066846045560850581e-02 2.408421686346315285e-03 7.899401760152591212e-01 1.669829418427857537e-01
5.366001895483794859e-02 2.447905235312718315e-03 7.702686937306028048e-01 1.736233820792466298e-01
7.013018891620168005e-02 2.430755702413150802e-03 7.396626101099029738e-01 1.877764452714825172e-01
9.100687642690261092e-02 2.346534544936178593e-03 7.026439796160630635e-01 2.040026094120982181e-01
1.197565647355570140e-01 2.261066091934334221e-03 6.631982819350870084e-01 2.147840872374217058e-01
1.629809655918165734e-01 2.285155263501281644e-03 6.235320561435798714e-01 2.112018230011023512e-01
2.297484987094481623e-01 2.431242406479913222e-03 5.792303685983070105e-01 1.885898902857648385e-01
3.311624795779354313e-01 2.464145555084263327e-03 5.147980367005702274e-01 1.515753381664098898e-01
4.726259161724823965e-01 2.103993696617113135e-03 4.145429637771562148e-01 1.107271263537445843e-01
6.358451967334124433e-01 1.682102087271426837e-03 2.878467668226248333e-01 7.462593435669155617e-02
7.722064428170460904e-01 1.173455302218611145e-03 1.778916962621782671e-01 4.872840561855677766e-02
8.580284361944804372e-01 1.040452343790191714e-03 1.080755841587822397e-01 3.285552730294717672e-02
9.022184821065744043e-01 1.220382880985481939e-03 7.292050016091082554e-02 2.364063485152942748e-02
9.202186992851305591e-01 1.881769617546819821e-03 5.948643729696449778e-02 1.841309380035814972e-02
9.224008996395119953e-01 3.708217596575836238e-03 5.880932942792246876e-02 1.508155333598931030e-02
9.148714952540217826e-01 8.708491052302544735e-03 6.420368551548569225e-02 1.221632817819015733e-02
8.960033391760179322e-01 2.256188237864359403e-02 7.068688685589284704e-02 1.074789158944585571e-02
8.521172735207240834e-01 5.837281626983299027e-02 7.813803690082182785e-02 1.137187330862116791e-02
7.595175785911295607e-01 1.400941695969585565e-01 8.831138550943649912e-02 1.207686630247510606e-02
6.125613134073933930e-01 2.932828990050342366e-01 8.365944258620133800e-02 1.049634500137086590e-02
4.253537898681687413e-01 5.126250377334585773e-01 5.482417425761078322e-02 7.196998140761612026e-03
2.384128572263912449e-01 7.313981485113685288e-01 2.589642856444067387e-02 4.292565697799334730e-03
1.078848899370182107e-01 8.791327226527484440e-01 1.046654544016425298e-02 2.515841970069240211e-03
4.743323515700326176e-02 9.467717793055878683e-01 4.223911647987837331e-03 1.571073889420821369e-03
2.224470104096033102e-02 9.746725961165422225e-01 1.959558279664536020e-03 1.123144562832996971e-03
1.149637425452405652e-02 9.865086227545946107e-01 1.089789126955942799e-03 9.052138639257388715e-04
6.793980992559201307e-03 9.916520931171417530e-01 7.418165292090016672e-04 8.121093610898437757e-04
4.859961609951053522e-03 9.936702110458094372e-01 6.360675267066257226e-04 8.337598175331545607e-04
4.101783464301055407e-03 9.943131597910556119e-01 6.383992908146475347e-04 9.466574538289449642e-04
3.780283895990838548e-03 9.944161803108486630e-01 6.766353278706877146e-04 1.126900465289922167e-03
3.679386057627371392e-03 9.941554696137469005e-01 7.497537695311623463e-04 1.415390559094530315e-03
3.791056370642472990e-03 9.933923293739284066e-01 8.987107920873016118e-04 1.917903463341759590e-03
4.103923406249283985e-03 9.919610431460186284e-01 1.179817285899201554e-03 2.755216161832664459e-03
4.481735412837879046e-03 9.899818667531049554e-01 1.619452973128309662e-03 3.916944860928679370e-03
4.890576485322876282e-03 9.875400817876134330e-01 2.249392854750221788e-03 5.319948872313328032e-03
5.619979039029583158e-03 9.840045508634005511e-01 3.253745503812371757e-03 7.121724593757502650e-03
7.223229341192333348e-03 9.778208098607329424e-01 5.103305966014761927e-03 9.852654832060086382e-03
1.013136391038528192e-02 9.674931569414279009e-01 8.405937828992642372e-03 1.396954131919448013e-02
1.442687824853124481e-02 9.521742157745471946e-01 1.370331224951636291e-02 1.969559372740510919e-02
1.941257044519490577e-02 9.311070915874828380e-01 2.178090117339009577e-02 2.769943679393215008e-02
2.635520762018528709e-02 9.011833070160409909e-01 3.365522661363080925e-02 3.880625875014276360e-02
3.362149928963277523e-02 8.660836715467946645e-01 4.866759683847170226e-02 5.162723232510085108e-02
3.959839311069927870e-02 8.334663974873098846e-01 6.380935321506858715e-02 6.312585618692234668e-02
4.386256951729512743e-02 8.072936510028236867e-01 7.732125057968702864e-02 7.152252890019449028e-02
4.719882153579518097e-02 7.848458764448581482e-01 9.072376142000085353e-02 7.723154059934581039e-02
4.961665317965473915e-02 7.660093674778832851e-01 1.040406757977419550e-01 8.033330354472001389e-02
5.038708512368414438e-02 7.560120692109721929e-01 1.135158013757447959e-01 8.008504428959890842e-02
4.942003642764318527e-02 7.569851289487048440e-01 1.165201565832079816e-01 7.707467804044394744e-02
4.716756415365806060e-02 7.647900129199943775e-01 1.146448763881448007e-01 7.339754653820278196e-02
4.429563834843951164e-02 7.723551859795966257e-01 1.118570370416484133e-01 7.149213863031572691e-02
4.214508473727445609e-02 7.717004997004136557e-01 1.125010782862884140e-01 7.365333727602345337e-02
3.995814676713357882e-02 7.580873491282287269e-01 1.204478313691828978e-01 8.150667273545497693e-02
3.933462393007929048e-02 7.246725387506739446e-01 1.393039020076053125e-01 9.668893531164125810e-02
4.019663385087134805e-02 6.722787673535328690e-01 1.692311404519520890e-01 1.182934583436438397e-01
4.101117978599115588e-02 6.186738115709791153e-01 2.004490511020009247e-01 1.398659575410284295e-01
4.098581261013733296e-02 5.832150829979247941e-01 2.200888941383578323e-01 1.557102102535798394e-01
4.067930084329907103e-02 5.676739146237560485e-01 2.254196855285194034e-01 1.662270990044255881e-01
4.092601470557223620e-02 5.595732930139161176e-01 2.239776321510676127e-01 1.755230601294441584e-01
2.816020345506971799e-03 2.458007774536225265e-01 4.380498706466497971e-01 3.133333315542203290e-01
1.292475603637086544e-02 1.651971160429919908e-03 7.271189346701527612e-01 2.583043381330465960e-01
1.177541027846668378e-02 1.824687474869880364e-03 7.193803480760019298e-01 2.670195541706614217e-01
1.139996047401092664e-02 2.079445896124692324e-03 7.133547308053271863e-01 2.731658628245373088e-01
1.210724111560673201e-02 2.386260019559748643e-03 7.117275926416551934e-01 2.737789062231785198e-01
1.418143375003049454e-02 2.715059518975713668e-03 7.129798190177755179e-01 2.701236877132180414e-01
1.772375269456269095e-02 3.038570247870255557e-03 7.207870523558195242e-01 2.584506247017477332e-01
2.242423591507704261e-02 3.314792970110785105e-03 7.365212450232462293e-01 2.377397260915659061e-01
2.764722566207767837e-02 3.833389559273729739e-03 7.557368577196352799e-01 2.127825270590134044e-01
3.146206817148040902e-02 3.674110047332824255e-03 7.783154540617193140e-01 1.865483677194675338e-01
3.602032132940147929e-02 3.451473679938608496e-03 8.003700473219720335e-01 1.601581576686877673e-01
3.921485638271332563e-02 3.210387095586837800e-03 8.203046159604419074e-01 1.372701405612577197e-01
4.490125699562393796e-02 3.028732484107872405e-03 8.306200622319270810e-01 1.214499482883413251e-01
5.361840903635151784e-02 2.907097551131781685e-03 8.290387707306293708e-01 1.144357226818874945e-01
6.570338132363412464e-02 2.752916864716226358e-03 8.155327175196683820e-01 1.160109842919814643e-01
8.538530296202084813e-02 2.678382819365986503e-03 7.867722913297022780e-01 1.251640228889109308e-01
1.147022879682173951e-01 2.659309193906844032e-03 7.433339053114630390e-01 1.393044975264130236e-01
1.551441793068111530e-01 2.650462602243845636e-03 6.863042834622160582e-01 1.559010746287291804e-01
2.052033692929843001e-01 2.622482951973548800e-03 6.181970877003365450e-01 1.739770600547055623e-01
2.619166429358539827e-01 2.615746388199102161e-03 5.432678567719989582e-01 1.921997539039482505e-01
3.223033401346614979e-01 2.681017392330298406e-03 4.655185782486732093e-01 2.094970642243353665e-01
3.817926672602816596e-01 2.840358838294571638e-03 3.863736943995876305e-01 2.289932795018358724e-01
4.313480967198591864e-01 3.157983621805745839e-03 3.130402336024433740e-01 2.524536860558913576e-01
4.637645518977192016e-01 3.692755933580531280e-03 2.541040319355178934e-01 2.784386602331822558e-01
4.749173294368853604e-01 4.464838796052082379e-03 2.143737439878621587e-01 3.062440877792004246e-01
4.581029170660414485e-01 5.517927901352892225e-03 1.931391092793299791e-01 3.432400457532758797e-01
4.100757336744246251e-01 6.874848211927140143e-03 1.838109094781998909e-01 3.992385086354480750e-01
3.378904429723570968e-01 8.712441165102296006e-03 1.796300577749181115e-01 4.737670580876220949e-01
2.551237397612358682e-01 1.175378262621991528e-02 1.776114497218287958e-01 5.555110278907151589e-01
1.785135048159117999e-01 1.722129530655762755e-02 1.752126141356305233e-01 6.290525857419000388e-01
1.187543153710638039e-01 2.654151720500981179e-02 1.691489757975116470e-01 6.855551916264148726e-01
7.774896939515062166e-02 4.209041379917478898e-02 1.589198009570027825e-01 7.212408158486719456e-01
5.449117900250519120e-02 6.820628088025733338e-02 1.493400996193521568e-01 7.279624404978857211e-01
4.294263426950085949e-02 1.141462186572646670e-01 1.463923185951360451e-01 6.965188284780986505e-01
3.608564897246806930e-02 1.827260553845642399e-01 1.461722735752568059e-01 6.350160220677106837e-01
3.068757390277132222e-02 2.623996400927016692e-01 1.431453068166162190e-01 5.637674791879107028e-01
2.533942369165712721e-02 3.382352590519884794e-01 1.366952842602599527e-01 4.997300329960946419e-01
2.065359276533405494e-02 3.925890301640463376e-01 1.317343129797373669e-01 4.550230640908822788e-01
1.694697879360571036e-02 4.243006325988726291e-01 1.310962051844746790e-01 4.276561834230467318e-01
1.389710905248588320e-02 4.625321628072303626e-01 1.315322781667504215e-01 3.920384499735332096e-01
1.113315786578958008e-02 5.391773484059410038e-01 1.266495348250883113e-01 3.230399589031808238e-01
8.579489911965941171e-03 6.465145087958363845e-01 1.119268584798289445e-01 2.329791428123688946e-01
6.648276511883874536e-03 7.413357898072451269e-01 9.323332036368232878e-02 1.587826133171883203e-01
5.637894295768865194e-03 8.003656364975573201e-01 8.013036281553544138e-02 1.138661063911385746e-01
5.520569678745316372e-03 8.292850418664555745e-01 7.586172347969427632e-02 8.933266497510468362e-02
6.049477396076227524e-03 8.408354500068864201e-01 7.726041301408707873e-02 7.585465958295010969e-02
7.555817242006894821e-03 8.363811740218545232e-01 8.621505648752862683e-02 6.984795224861022056e-02
1.033059823399999459e-02 8.167076602720938494e-01 1.031039476551550427e-01 6.985779383875101445e-02
1.450405963216856893e-02 7.831480235899369591e-01 1.271494570653459166e-01 7.519845971254857098e-02
1.990766888185578967e-02 7.388433680560364536e-01 1.565425398204768337e-01 8.470642324163112080e-02
2.638462819546921745e-02 6.899554663077092087e-01 1.878074382461071001e-01 9.585246725071459861e-02
3.212754918964760842e-02 6.488874953819105951e-01 2.138340219068551318e-01 1.051509335215868451e-01
3.662599902291940879e-02 6.281376332657208073e-01 2.259111298595082307e-01 1.093252378518515394e-01
3.965031921467497555e-02 6.281330842842300921e-01 2.235765324386245756e-01 1.086400640624704678e-01
4.178884706075053357e-02 6.306009395030031106e-01 2.184510173877252381e-01 1.091591960485213397e-01
4.408413963576359590e-02 6.180681662908166230e-01 2.210978453132068089e-01 1.167498487602125073e-01
4.744672573783363656e-02 5.865200318649227418e-01 2.332035795734751227e-01 1.328296628237684851e-01
5.222850650839588188e-02 5.407916383126405435e-01 2.517967730194984877e-01 1.551830821594652465e-01
5.801877274315402067e-02 4.878169021471359112e-01 2.743698095433190765e-01 1.797945155663912553e-01
6.460821872745117767e-02 4.313709769378665237e-01 3.005858126752894988e-01 2.034349916593928831e-01
7.175354052271880334e-02 3.754437701903604041e-01 3.285377247120283561e-01 2.242649645748926446e-01
7.858126668775823609e-02 3.273824923445523005e-01 3.532409850666461404e-01 2.407952559010434757e-01
8.416039437321819194e-02 2.940139278345708651e-01 3.706215346832837376e-01 2.512041431089271915e-01
8.685860743785511762e-02 2.782222263997909395e-01 3.809230961348742395e-01 2.539960700274794814e-01
8.603098833370019516e-02 2.759807388026712660e-01 3.886807374248422153e-01 2.493075354387863374e-01
8.395753779960428431e-02 2.798521518733250724e-01 3.968633933128206115e-01 2.393269170142499347e-01
8.191659211822724385e-02 2.869312747809736885e-01 4.043500218553030545e-01 2.268021112454960408e-01
7.898694404982964379e-02 2.983526286660833082e-01 4.085421923903195807e-01 2.141182348937673285e-01
7.461922047652677636e-02 3.167572513051849503e-01 4.063640635921943467e-01 2.022594646260937601e-01
7.007618447470906342e-02 3.471904184612546462e-01 3.922623283379333414e-01 1.904710687261030322e-01
6.669993869038778889e-02 3.981808703142193928e-01 3.581096065388701399e-01 1.770095844565227061e-01
6.341730776550161264e-02 4.796577834011319097e-01 2.988453085185688307e-01 1.580796003147977857e-01
8.397655048323203475e-03 8.668358981222441528e-01 5.152816965576609287e-03 1.196136298638558887e-01
5.590373979823033516e-03 9.118563441849588669e-01 3.381396968261242940e-03 7.917188486695699023e-02
4.321630643104849671e-03 9.314390081908096031e-01 2.638882198754461620e-03 6.160047896733088918e-02
3.856968097455069303e-03 9.328853818464651892e-01 2.585772854362913386e-03 6.067187720171696858e-02
4.027893016231211092e-03 9.136181654515971307e-01 3.273623257328975647e-03 7.908031827484279797e-02
4.811969883390583916e-03 8.603224134104560106e-01 5.163754066485413963e-03 1.297018626396680696e-01
6.331183994214802276e-03 7.568224223994398647e-01 8.886785127854677710e-03 2.279596084784906718e-01
6.847240837507224259e-03 6.169680645982629219e-01 1.390136650956445147e-02 3.622833280546653434e-01
7.131713125766381278e-03 4.885170261762868393e-01 1.909649385867282292e-02 4.852547668392739877e-01
7.025587417215979451e-03 3.927638495254730522e-01 2.332390508995950754e-02 5.768866579673516126e-01
6.707234320188017879e-03 3.109461545207382049e-01 2.594120605083961861e-02 6.564054051082344188e-01
6.230333628329182312e-03 2.287983571019991946e-01 2.647656807717080341e-02 7.384947411925008032e-01
5.689822582374850363e-03 1.542194916946802441e-01 2.476874653652494027e-02 8.153219391864200416e-01
5.255666909645352082e-03 9.914104922496279337e-02 2.139656649792058898e-02 8.742067173674712421e-01
5.031637258483302733e-03 6.259448481168336520e-02 1.740920812448367230e-02 9.149646698053494065e-01
5.069355091126249990e-03 3.928369376953274456e-02 1.384651935497100902e-02 9.418004317843702289e-01
5.461190114236564100e-03 2.565502320422165250e-02 1.144916304125203482e-02 9.574346236402895283e-01
6.244188283335302611e-03 1.834935165684341632e-02 1.024294957500915607e-02 9.651635104848119706e-01
7.554576296847325713e-03 1.512703307476296818e-02 1.014001442858032155e-02 9.671783761998095086e-01
9.804692770313150341e-03 1.516297495487571936e-02 1.121320106827497151e-02 9.638191312065363947e-01
1.368851658165955165e-02 1.833540000232087783e-02 1.351665728362421923e-02 9.544594261323954276e-01
2.031019610103387482e-02 2.485143593223138048e-02 1.703972741730883783e-02 9.377986405494261879e-01
3.071000299958741991e-02 3.384989058698543302e-02 2.117723603388974030e-02 9.142628703795372402e-01
7.189609286747928873e-01 1.062243282153671475e-02 2.119923106124139978e-01 5.842432789125659442e-02
7.362332142978414984e-01 1.184049663315798508e-02 1.871083164876038429e-01 6.481797258139665452e-02
7.574932093061113036e-01 1.330372999001784920e-02 1.609659833513387983e-01 6.823707735253203843e-02
7.798255309692685433e-01 1.503828094317065552e-02 1.373670710616889112e-01 6.776911702587166964e-02
8.000870346841061354e-01 1.715351039661119556e-02 1.192638321333482215e-01 6.349562278593437470e-02
8.154215042407179093e-01 1.952410599993250132e-02 1.080676424005142244e-01 5.698674735883546560e-02
8.240717050477863737e-01 2.159566892034529492e-02 1.039446839586638666e-01 5.038794207320460711e-02
8.282422724960833982e-01 2.251560139529953930e-02 1.048872973518939350e-01 4.435482875672309283e-02
8.349697013979097138e-01 2.151622138560422420e-02 1.055801072586705358e-01 3.793396995781572051e-02
8.506627906681706319e-01 1.876892235159414654e-02 1.002343823756451230e-01 3.033390460459010549e-02
8.766788722404011969e-01 1.507718536712054566e-02 8.645405042176614041e-02 2.178989197071194359e-02
9.058847240663783218e-01 1.123719139232101476e-02 6.849424157342826058e-02 1.438384296787249307e-02
9.311283269255454798e-01 7.909474460454306299e-03 5.173646068996289038e-02 9.225737924037301016e-03
9.497224592949904398e-01 5.493169409707615927e-03 3.876479990955501026e-02 6.019571385746987774e-03
9.623853143797861387e-01 3.875040528681770406e-03 2.955643689352472139e-02 4.183208198007237234e-03
9.711291360620032398e-01 2.384402096869341851e-03 2.329523487772552567e-02 3.191226963401735256e-03
9.768985959398273078e-01 1.753001570389053172e-03 1.861625221238024513e-02 2.732150277403617902e-03
9.802244161885164120e-01 1.332456811728534524e-03 1.580553038877198155e-02 2.637596610983273387e-03
9.815781931507685520e-01 1.069969375067252905e-03 1.450306212648881481e-02 2.848775347675353356e-03
9.816692601675252039e-01 9.095098263406147182e-04 1.414125243373378499e-02 3.279977572400600769e-03
9.811067518185618841e-01 8.086563991366453293e-04 1.429584099882378820e-02 3.788750783477785270e-03
9.804172946116789245e-01 7.403584402924666451e-04 1.466073651314949051e-02 4.181610434879043034e-03
9.798824162114087022e-01 6.916093336836212462e-04 1.512966467945532807e-02 4.296309775452218822e-03
9.791144745814548411e-01 6.780753664774096055e-04 1.609040379265805690e-02 4.117046259409844373e-03
9.773884856753543016e-01 7.249824909902531124e-04 1.811818016970788425e-02 3.768351663947813041e-03
9.741226431354588211e-01 8.368623009771993925e-04 2.153844285314060469e-02 3.502051710423236680e-03
9.694466631790485955e-01 9.996314509075024824e-04 2.616112339614610691e-02 3.392581973897839092e-03
9.641568611315308734e-01 1.205795562603770169e-03 3.131284510516457037e-02 3.324498200700833940e-03
9.593688059340774732e-01 1.448133159662820177e-03 3.598007242795896177e-02 3.202988478300658123e-03
9.557018035811613021e-01 1.733774323050764300e-03 3.955985594026073526e-02 3.004566155527235369e-03
9.548749808133117911e-01 1.837405254940678882e-03 4.059491868570076073e-02 2.692695246046507545e-03
9.527021553820630428e-01 2.258351231008141457e-03 4.256967759045611477e-02 2.469815796472684018e-03
9.496019505730286525e-01 2.878966701598719390e-03 4.510148373663988575e-02 2.417598988732250990e-03
9.453955637386958211e-01 3.785903114482890800e-03 4.823397456183491777e-02 2.584558584986479217e-03
9.397086154227810573e-01 5.100858273227358922e-03 5.217956458964461558e-02 3.010961714346816441e-03
9.319410930501135226e-01 7.107897129146173963e-03 5.714869836364933758e-02 3.802311457091004428e-03
9.217677774251029632e-01 1.030645892011204309e-02 6.281950674567474135e-02 5.106256909109845553e-03
9.071727341589727045e-01 1.556461644759323491e-02 7.008307055476517555e-02 7.179578838668764472e-03
8.838929503750022620e-01 2.390046389998424017e-02 8.170582103598722501e-02 1.050076468902578879e-02
8.472125681159934363e-01 3.570817135479538440e-02 1.012560878894385868e-01 1.582317263977269309e-02
7.933884981668551939e-01 5.092459551276206503e-02 1.317492763435199332e-01 2.393762997686271765e-02
7.211643139844621242e-01 6.992491314881650599e-02 1.740047413470496018e-01 3.490603151967208023e-02
6.321492526102254761e-01 9.311133877698381245e-02 2.268345916875132984e-01 4.790481692527739921e-02
5.329489531422556547e-01 1.171924628991543038e-01 2.884196632260230819e-01 6.143892073256708442e-02
4.353589785116246391e-01 1.370238233546071938e-01 3.544780784739150481e-01 7.313911965985321617e-02
3.507287487484095911e-01 1.469703889529842544e-01 4.222938943375927900e-01 8.000696796101330888e-02
2.854985209998112117e-01 1.500610840131735568e-01 4.842175575763723594e-01 8.022283741064277496e-02
2.412491369248173922e-01 1.543425360128397872e-01 5.290685831458884492e-01 7.533974391645455182e-02
2.145182629217799453e-01 1.652506671951979589e-01 5.510002434458921572e-01 6.923082643712963336e-02
1.991152223445184499e-01 1.810815363385130106e-01 5.555945320429291900e-01 6.420870927403944661e-02
1.895248011687480361e-01 1.967180911598882809e-01 5.536364779555281723e-01 6.012062971583572585e-02
1.835872252899072854e-01 2.104755882532235167e-01 5.492161854729360471e-01 5.672100098393322715e-02
1.812097358884019460e-01 2.240183855601395047e-01 5.405526028058040833e-01 5.421927574565411911e-02
1.896646812022760864e-01 2.359968792865798359e-01 5.222851367707795900e-01 5.205330274036392563e-02
2.162694501176851969e-01 2.446668773900063654e-01 4.898946426029248680e-01 4.916902988938363916e-02
2.665411963202657386e-01 2.421010363376391028e-01 4.459757225291521299e-01 4.538204481294273035e-02
3.509802053333570537e-01 2.144437509590778335e-01 3.933547421974897818e-01 4.122130151007525473e-02
4.736059029022712807e-01 1.644877957798250856e-01 3.259212988787175691e-01 3.598500243918608538e-02
6.166407431013073426e-01 1.108949494769735922e-01 2.438001686870189533e-01 2.866413873470028892e-02
7.405268588274089847e-01 7.070099811369273679e-02 1.678542803152593965e-01 2.091786274363870851e-02
8.225776336651569043e-01 4.548241868265878729e-02 1.170449589094075954e-01 1.489498874277658987e-02
8.663475186178173360e-01 3.094278474662326417e-02 9.145640816810156337e-02 1.125328846745811580e-02
8.839396266412988812e-01 2.220736248805186067e-02 8.438300582059163335e-02 9.470005050057564086e-03
8.845417158175369332e-01 1.635188897113563217e-02 9.022076844655534111e-02 8.885626764772077898e-03
8.758903587587515416e-01 1.229656982468061571e-02 1.027750856165900589e-01 9.037985799977821949e-03
8.652431438063590274e-01 9.917500980350235987e-03 1.151364982854871377e-01 9.702856927803611004e-03
8.542175372693606716e-01 8.892642497327352125e-03 1.260606014071731507e-01 1.082921882613882385e-02
8.370392627971079413e-01 8.695848711167139880e-03 1.417520440476881527e-01 1.251284444403676088e-02
8.045687672983641292e-01 9.158430557806357050e-03 1.710935031377003868e-01 1.517929900612914780e-02
7.496430157289868390e-01 1.062231147014771129e-02 2.207362110247371723e-01 1.899846177612837458e-02
6.736854950852291246e-01 1.327543877276328964e-02 2.904259631132476427e-01 2.261310302875992745e-02
5.874791663671432573e-01 1.672812573519289608e-02 3.718475617101431596e-01 2.394514618752062451e-02
5.008616599995683316e-01 2.060209032891771944e-02 4.555135610173302596e-01 2.302268865418364424e-02
4.216492529099760134e-01 2.468370431534166326e-02 5.323598532268247752e-01 2.130718954785740943e-02
3.583737846889679668e-01 2.945929980905194132e-02 5.923756314546970714e-01 1.979128404728292337e-02
3.099762922674046961e-01 3.411261799306143649e-02 6.372786620072832253e-01 1.863242773225080515e-02
2.759854406422168616e-01 3.980036233832991155e-02 6.661108158520301359e-01 1.810338116742353509e-02
2.525532218332566248e-01 4.702668343044247301e-02 6.820244922453700953e-01 1.839560249093068894e-02
2.372021468738437222e-01 5.587688456485435939e-02 6.874613289638418223e-01 1.945963959746020364e-02
2.279783964288445985e-01 6.619072827661455494e-02 6.848396059652417378e-01 2.099126932929902892e-02
2.231626271643870896e-01 7.686252404880546119e-02 6.773820604345336394e-01 2.259278835227362600e-02
2.242862783186891085e-01 8.535663382848229785e-02 6.661954541238520600e-01 2.416163372897676270e-02
2.328449087017722130e-01 9.146499136450063350e-02 6.493969911270515150e-01 2.629310880667591957e-02
2.477202484657353709e-01 9.291958335242347933e-02 6.300496095635261806e-01 2.931055861831508708e-02
2.642905647530034985e-01 8.743506872814592323e-02 6.150095656574336989e-01 3.326480086141672676e-02
2.774492190168700301e-01 7.823440195332524716e-02 6.052575647466138520e-01 3.905881428319075976e-02
2.860788213663321145e-01 6.965673511386295813e-02 5.958427613517794930e-01 4.842168216802573977e-02
2.891779743302625438e-01 6.229700012365321782e-02 5.853760729484719372e-01 6.314895259761202362e-02
2.829355792130145986e-01 5.444814570042020435e-02 5.767536579815457642e-01 8.586261710501945366e-02
