1.293801583383085707e-01 2.995915836384666076e-01 1.166972193107627398e-01 4.543310387124619987e-01
6.522786161862640375e-01 3.812616247065763690e-03 2.980409123247038661e-01 4.586785524196621000e-02
6.693019896827726578e-01 2.976847359302100138e-03 2.909753296989267546e-01 3.674583325899868219e-02
6.997748265889655039e-01 2.412851282740387238e-03 2.689107331758571751e-01 2.890158895243687132e-02
7.442146161964160456e-01 2.085065866085371485e-03 2.310074764924582025e-01 2.269284144504056869e-02
7.979307893032681065e-01 1.992523427314994971e-03 1.821295103396081416e-01 1.794717692980881199e-02
8.495116397522538554e-01 2.180269464348597638e-03 1.338475447119918949e-01 1.446054607140565343e-02
8.874446408098858319e-01 2.654334291407275861e-03 9.792658596329278931e-02 1.197443893541436100e-02
9.083922528938329632e-01 3.247598630344311448e-03 7.823193696029517863e-02 1.012821151552742785e-02
9.138494306822826374e-01 3.820446916936512741e-03 7.340355189498343202e-02 8.926570505797237418e-03
9.038532658450187940e-01 4.528627626951759952e-03 8.303780334427630916e-02 8.580303183752843732e-03
8.768468131457008985e-01 5.578312229122690639e-03 1.085328346746401856e-01 9.042039950536352733e-03
8.347177026559636781e-01 7.127610950935994380e-03 1.477673782924101842e-01 1.038730810068993343e-02
7.900030283470292902e-01 9.433243201379736681e-03 1.871982027381478009e-01 1.336552571344352958e-02
7.595665737802457240e-01 1.227104526936696922e-02 2.094530899759073084e-01 1.870929097448010767e-02
7.467020615634376579e-01 1.477992955823196307e-02 2.120025232746238497e-01 2.651548560370657268e-02
7.416684197078963203e-01 1.680613697315039984e-02 2.044315310906293370e-01 3.709391222832405383e-02
7.356344640057148609e-01 1.859516205250222320e-02 1.952150819418705663e-01 5.055529199991246059e-02
7.251412598751334482e-01 2.021850598622728507e-02 1.884580261792377920e-01 6.618220795940138457e-02
7.117025402358091446e-01 2.148797197936942044e-02 1.847461413547036579e-01 8.206334643011753416e-02
7.004965047984262894e-01 2.210965061100103254e-02 1.821093816847260127e-01 9.528446290584680067e-02
6.979083418092651980e-01 2.198910036786523581e-02 1.766765142172753433e-01 1.034260436055944171e-01
7.075656695665278884e-01 2.169711425966170185e-02 1.634703159317436316e-01 1.072669002420669621e-01
7.269783178982089922e-01 2.234010988088808158e-02 1.393302469743206429e-01 1.113513252465822556e-01
7.425382219958522878e-01 2.463732201640867620e-02 1.130017035769452644e-01 1.198227524107936537e-01
7.472104537421202508e-01 2.756491133798809681e-02 9.390007848236717192e-02 1.313245564375248586e-01
7.437738041041407344e-01 2.880586194894071972e-02 8.690696688068001718e-02 1.405133670662384315e-01
7.345965242035489284e-01 2.718629232572417412e-02 9.375985074889886528e-02 1.444573327218278413e-01
7.122289148673985881e-01 2.382137603153300018e-02 1.181677637900693106e-01 1.457819453109991115e-01
6.653194197912541963e-01 2.024240228595571359e-02 1.656618591759033976e-01 1.487763187468870152e-01
5.889294041943385905e-01 1.721310775451666622e-02 2.382433589163979182e-01 1.556141291347468147e-01
4.966574083501785752e-01 1.460287968375219639e-02 3.233819434269206150e-01 1.653577685391485474e-01
4.005190977554368148e-01 1.211334613452170680e-02 4.088839365909578416e-01 1.784836195190833974e-01
3.198061170189359648e-01 1.005294676791488109e-02 4.722689514544491374e-01 1.978719847586999647e-01
2.609275979903150633e-01 8.526042667105732803e-03 5.004942207963968270e-01 2.300521385461821167e-01
2.221990036051869344e-01 7.651225149447798968e-03 4.869650684306919275e-01 2.831847028146732836e-01
1.937769232490642590e-01 7.270199019548041763e-03 4.415742299817579375e-01 3.573786477496296854e-01
1.628698484841225036e-01 6.767794902483304821e-03 3.992238839995093103e-01 4.311384726138848267e-01
1.285960561407996916e-01 5.767654381525570348e-03 3.934819613194343035e-01 4.721543281582403773e-01
9.432346245546743835e-02 4.376732226839247404e-03 4.381190071063691405e-01 4.631807982113240185e-01
6.465351300081852159e-02 3.014454117512524196e-03 5.173162796187191770e-01 4.150157532629497603e-01
4.532563133800251304e-02 2.099686168782718618e-03 5.908779508679129489e-01 3.616967316253018594e-01
3.552350565576486291e-02 1.599691429404313846e-03 6.343096512986824420e-01 3.285671516161484673e-01
3.193160221520990882e-02 1.344655959280897711e-03 6.499502004609593042e-01 3.167735413645497156e-01
3.245755891603980398e-02 1.238268083883259981e-03 6.456446086541661744e-01 3.206595643459106415e-01
3.659010308092740943e-02 1.251386044292425578e-03 6.256367565455670521e-01 3.365217543292129410e-01
4.503684136679582395e-02 1.400622788526677135e-03 5.922004774512726888e-01 3.613620583934047392e-01
5.906028684508277810e-02 1.732958976340244267e-03 5.492489378091107710e-01 3.899578163694659150e-01
7.908005613992942495e-02 2.287966121059031941e-03 5.063027325155015079e-01 4.123292452235103323e-01
1.031890376244491009e-01 3.017194472266315850e-03 4.793169122788799585e-01 4.144768556244040059e-01
1.264673192042990724e-01 3.703830060494927613e-03 4.856038682400756756e-01 3.842249824951302628e-01
1.417278203503338219e-01 4.026180272428720071e-03 5.334127243991426681e-01 3.208332749780947735e-01
1.444781783271254227e-01 3.858309447591625092e-03 6.099797517129064151e-01 2.416837605123768329e-01
1.390303848353586502e-01 3.428813447572816656e-03 6.867054276828397086e-01 1.708353740342287985e-01
1.346854528079249880e-01 3.022695291421790068e-03 7.427970359551432367e-01 1.194948159455096887e-01
1.386085605882630412e-01 2.773920110896854665e-03 7.725679896321594464e-01 8.604952966868087416e-02
1.566202596679476255e-01 2.748006130673991045e-03 7.747434877760720484e-01 6.588824642530620446e-02
1.975942648674818281e-01 2.969321470578292505e-03 7.443690633544002289e-01 5.506735030753956428e-02
2.633839462193274250e-01 3.490186780903147858e-03 6.841996461282801034e-01 4.892622087148958132e-02
3.562849071437087511e-01 4.037477267548087237e-03 5.954715004513638776e-01 4.420611513737940368e-02
4.604625377070060144e-01 4.201715790270798417e-03 4.963722432650630734e-01 3.896350323765981893e-02
5.524300662786232330e-01 3.927015325158740924e-03 4.101252550588738721e-01 3.351766333734403774e-02
6.172055112455264725e-01 3.460659100788444908e-03 3.503731683464733626e-01 2.896066130721178938e-02
6.536503654874027402e-01 3.000642981462882299e-03 3.175562914169653417e-01 2.579270011416888442e-02
6.676333975129550291e-01 2.649343705274583710e-03 3.057233450134685948e-01 2.399391376830199707e-02
6.662914364095927633e-01 2.414023803904966417e-03 3.081505146338887613e-01 2.314402515261368767e-02
6.573998173848276672e-01 2.257233823965013823e-03 3.176262141774290892e-01 2.271673461377791969e-02
6.474622796690224780e-01 2.197197514146856726e-03 3.275539790575996979e-01 2.278654375923122935e-02
6.404972101798220852e-01 2.276687973247059227e-03 3.334119706004795569e-01 2.381413124645138935e-02
6.385288091622004503e-01 2.501826129252393040e-03 3.329268737140496093e-01 2.604249099449761420e-02
6.425430817571987641e-01 2.873782978684869330e-03 3.250624521831774749e-01 2.952068308093897323e-02
6.542189130042623812e-01 3.439229634084127896e-03 3.079138974055293798e-01 3.442795995612413923e-02
4.006382623339549975e-01 2.712510489965905269e-01 8.029312140230152051e-02 2.478175672671527885e-01
3.541713361041926023e-01 3.760091220222849112e-02 5.441311184593897732e-01 6.409663323418933467e-02
3.766806119029715294e-01 4.082639921591508375e-02 5.165936500082463079e-01 6.589933887286729408e-02
4.249430151775963616e-01 4.681408947301050893e-02 4.575696282211905164e-01 7.067326712820237722e-02
4.882512090268333327e-01 5.348618016980387357e-02 3.849537847612083952e-01 7.330882604215423204e-02
5.610854363476522888e-01 5.921828702548070228e-02 3.086701377640511113e-01 7.102613886281552991e-02
6.321046400277844368e-01 6.592927714989540999e-02 2.370939028160738427e-01 6.487218000624624115e-02
6.950092754346782753e-01 7.309878079536259732e-02 1.748001630506758330e-01 5.709178071928319026e-02
7.446346039258696647e-01 8.052432082670797631e-02 1.249087607227489655e-01 4.993231452467339349e-02
7.751968727474072285e-01 9.220125800176562358e-02 8.724420518269246361e-02 4.535766406813479534e-02
7.903847772806312788e-01 1.067030207364762506e-01 5.928221503838405904e-02 4.362998694450814785e-02
7.882680238514451210e-01 1.271754147085096265e-01 3.932287947235758863e-02 4.523368196768764310e-02
7.688422757441059074e-01 1.557239591180543947e-01 2.571038291744113385e-02 4.972338222039844602e-02
7.354863586810808096e-01 1.930461414907051199e-01 1.678257274343394889e-02 5.468492708478014247e-02
6.957047462232026636e-01 2.363060482788410244e-01 1.116900649094043109e-02 5.682019900701587578e-02
6.597375752528138459e-01 2.776660966485844928e-01 7.851482057660213315e-03 5.474484604094156937e-02
6.372830347536098117e-01 3.075661190893665409e-01 6.020452498279354331e-03 4.913039365874448394e-02
6.341241353222680788e-01 3.194694844650696752e-01 5.082906598227026826e-03 4.132347361443551581e-02
6.523871288479337061e-01 3.098146448223808025e-01 4.699547283284129760e-03 3.309867904640134695e-02
6.884746478770169542e-01 2.805259098929497874e-01 4.733318082695001268e-03 2.626612414733848350e-02
7.335311873350016665e-01 2.400344962016538186e-01 5.063599079291114698e-03 2.137071738405333515e-02
7.790315316942633128e-01 1.974355032286108369e-01 5.529153847482993697e-03 1.800381122964296934e-02
8.198496546812199526e-01 1.584864845452038651e-01 6.000463178538324900e-03 1.566339759503812545e-02
8.541827072321808156e-01 1.253017343660478289e-01 6.472608731054760485e-03 1.404294967071665831e-02
8.822661604471725427e-01 9.771563372033312267e-02 7.070059378353205602e-03 1.294814645414136753e-02
9.055576247427135073e-01 7.449681622376369550e-02 7.904686020074783159e-03 1.204087301344792561e-02
9.258124349366229078e-01 5.435621112367650803e-02 8.980943517181098207e-03 1.085041042251982946e-02
9.430486064575606120e-01 3.742489019594198024e-02 1.027803593897890812e-02 9.248467407518256786e-03
9.554832991497460570e-01 2.515012829693699659e-02 1.176250314810585972e-02 7.604069405211297435e-03
9.625226849184735922e-01 1.786270357341854936e-02 1.333596618787349745e-02 6.278645320234360096e-03
9.651944428949094101e-01 1.440588791950705126e-02 1.492499943166131736e-02 5.474669753922245530e-03
9.650234883493860050e-01 1.332710598591742637e-02 1.644981597552323122e-02 5.199589689173341779e-03
9.641191490325883295e-01 1.313076034790371105e-02 1.760368874214683632e-02 5.146401877361263602e-03
9.636390051314992489e-01 1.309365968178718975e-02 1.815239424856073674e-02 5.114940938152576569e-03
9.629591433472337592e-01 1.360026945150619518e-02 1.818959604188419635e-02 5.250991159375897020e-03
9.611645073124845950e-01 1.523046150843729643e-02 1.787635583611345280e-02 5.728675342964614087e-03
9.586342840902192242e-01 1.785460018363980994e-02 1.701813357981850003e-02 6.492982146322499697e-03
9.574710169162000684e-01 2.010957310612931925e-02 1.519174109231387348e-02 7.227668885356849926e-03
9.584694186178743802e-01 2.086934140115775591e-02 1.281244741861258321e-02 7.848792562355157501e-03
9.604774101344554227e-01 2.041474165561875734e-02 1.058434972300769696e-02 8.523498486918058836e-03
9.616256075911278067e-01 2.002578218758742715e-02 8.776099136650027110e-03 9.572511084634617584e-03
9.593749239024539355e-01 2.144854610335855671e-02 7.415316457773215957e-03 1.176121353641461885e-02
9.508393684127390832e-01 2.642392873483290910e-02 6.410283108338732209e-03 1.632641974408912539e-02
9.335083369278041054e-01 3.622439689767169985e-02 5.647689866072016195e-03 2.461957630845219847e-02
9.067868150914902836e-01 5.082388153943286774e-02 5.128019934992206208e-03 3.726128343408467714e-02
8.761179912689113225e-01 6.657430134841686720e-02 4.834380853207920214e-03 5.247332652946389703e-02
8.527411946421170619e-01 7.677888331530752231e-02 4.588795550331589007e-03 6.589112649224376783e-02
8.363486110948636920e-01 8.202064299940542424e-02 4.430037985791878200e-03 7.720070791993879911e-02
8.194591273332413328e-01 8.671617297860219342e-02 4.362499086743577316e-03 8.946220060141257813e-02
7.954158893212041059e-01 9.502084002809918495e-02 4.695307133693301348e-03 1.048679635170036706e-01
7.697114544471936881e-01 1.018719224150880648e-01 5.327725854213528206e-03 1.230888972835047640e-01
7.481879521289578339e-01 1.039679235477014713e-01 6.263615774149387978e-03 1.415805085491910753e-01
7.353365040265192887e-01 1.032015420764374747e-01 7.540711644385831441e-03 1.539212422526574919e-01
7.360141082731052053e-01 1.012229597305660256e-01 9.065120545800983698e-03 1.536978114505279658e-01
7.495551556787960479e-01 9.706386186720827869e-02 1.087794092180027240e-02 1.425030415321952848e-01
7.708876444807811756e-01 8.946919289469501546e-02 1.347447649030104194e-02 1.261686861342223576e-01
7.944800155831093225e-01 7.935011285627829869e-02 1.820422688444922610e-02 1.079656446761632499e-01
8.193940659045255703e-01 6.613095566136845127e-02 2.601731594983891158e-02 8.845766248426711886e-02
8.358885678688585674e-01 5.465159123509563677e-02 3.924823052050729899e-02 7.021161037553876050e-02
8.299491314836479061e-01 4.800353132566131942e-02 6.458256536836208539e-02 5.746477182232880704e-02
8.006643060526280609e-01 4.573150432109621827e-02 1.022150093640370599e-01 5.138918026223857766e-02
7.513128851175097100e-01 4.735775481361853556e-02 1.489213051148644551e-01 5.240805495400693848e-02
6.915411705314779001e-01 5.224185460994999752e-02 1.956751610231983463e-01 6.054181383537363126e-02
6.253966200210786530e-01 6.034686720699571766e-02 2.375677579936501249e-01 7.668875477827551135e-02
5.568209965984133314e-01 7.190839805606315249e-02 2.696316932963288560e-01 1.016389120491945769e-01
4.954288643506683520e-01 8.647249314292870803e-02 2.824745066855723907e-01 1.356241358208304382e-01
4.468440020594549034e-01 1.052185542970871662e-01 2.695468579415553623e-01 1.783905857019027208e-01
4.082991033211677556e-01 1.235855603942894870e-01 2.392154936010810473e-01 2.288998426834618072e-01
3.693796890001675992e-01 1.444209733310010957e-01 1.979373412923089715e-01 2.882619963765218896e-01
3.273979835671302352e-01 1.714408906283043654e-01 1.452437248432324468e-01 3.559174009613328415e-01
2.806929532208988221e-01 2.088251600954965925e-01 9.129540483131033668e-02 4.191864818522941794e-01
2.346064399924540078e-01 2.553986740502028341e-01 5.125541768073024751e-02 4.587394682766130494e-01
4.680843130680741732e-02 1.083076757299786426e-02 4.464456838663170002e-01 4.959151172538779351e-01
4.440278922656218374e-01 1.030386345722131142e-01 3.450736967338455252e-02 4.184261034887801767e-01
4.195465082418274871e-01 9.207487128501504192e-02 3.197059153531184306e-02 4.564080289378455446e-01
3.518889514530583740e-01 8.409925430758945220e-02 3.138136487353270637e-02 5.326304293658196132e-01
2.580602028477199661e-01 7.439105304236511007e-02 3.173256477919624702e-02 6.358161793307187670e-01
1.702258625584776308e-01 5.942882205247602273e-02 3.327672001516966682e-02 7.370685953738765894e-01
1.055699467779571271e-01 4.170358615536369495e-02 3.649056216327943580e-02 8.162359049033995895e-01
6.388254804301898848e-02 2.669832878126967082e-02 4.189055052109858651e-02 8.675285726546128062e-01
3.945166953286939615e-02 1.667504509860769438e-02 4.987241458542652356e-02 8.940008707830964241e-01
2.601613632014400726e-02 1.066115870985223299e-02 6.075289060168354016e-02 9.025698143683202890e-01
1.914828245887455899e-02 7.252099192603112844e-03 7.529527279001339835e-02 8.983043455585090209e-01
1.620462796194859292e-02 5.414674929064746539e-03 9.473314500038063080e-02 8.836475521086063489e-01
1.589940702961520694e-02 4.585758565507820801e-03 1.188789987047009222e-01 8.606358357001757664e-01
1.784736046638408027e-02 4.565971689019393889e-03 1.446260428591167324e-01 8.329606249854798472e-01
2.194458882570799255e-02 5.358928048514687709e-03 1.673435833290773389e-01 8.053528997966998837e-01
2.811770121922229498e-02 7.036471767285432111e-03 1.869389037365465633e-01 7.779069232769459941e-01
3.688600010534036355e-02 9.761259147345211981e-03 2.084446386644987215e-01 7.449081020828161037e-01
4.971182420712694922e-02 1.390736500042442578e-02 2.353527321620313140e-01 7.010280786304176059e-01
6.789909116087751439e-02 1.994084177506834712e-02 2.653637197618407551e-01 6.467963473022131371e-01
9.353841451295125120e-02 2.940927879571957754e-02 2.893217207161364879e-01 5.877305859751927875e-01
1.302135250773032160e-01 4.555317112541417551e-02 2.932914089251351664e-01 5.309418948721473797e-01
1.784558239286534176e-01 7.043653745932741683e-02 2.728261489634131731e-01 4.782814896486060063e-01
2.329051846556842720e-01 1.024924946234181955e-01 2.388253495291882411e-01 4.257769711917094302e-01
2.858578550380697081e-01 1.376615126459837801e-01 2.055264688724258715e-01 3.709541634435211122e-01
3.306905084808523521e-01 1.728352369481504225e-01 1.792829493032183918e-01 3.171913052677787226e-01
3.620074167054594394e-01 2.066775131898142548e-01 1.604837548465799513e-01 2.708313152581462990e-01
3.790739781890404281e-01 2.345910981679164009e-01 1.497465119403719735e-01 2.365884117026710309e-01
3.865522750515239525e-01 2.504614836174381964e-01 1.475813683975495949e-01 2.154048729334882284e-01
3.874415449343947548e-01 2.486320534204511101e-01 1.596847348442293479e-01 2.042416668009245373e-01
3.826931577782527460e-01 2.275793208815863611e-01 1.945097453764539908e-01 1.952177759637065968e-01
3.695377067783024994e-01 1.916698435866641126e-01 2.605906458926025571e-01 1.782018037424307755e-01
3.378482676817560204e-01 1.517384459106846384e-01 3.612201127412770219e-01 1.491931736662821528e-01
2.854640170296358637e-01 1.130055082184643067e-01 4.897881247374623048e-01 1.117423500144373721e-01
2.184562815176394890e-01 7.610447514275339720e-02 6.315721179930195994e-01 7.386712534658747276e-02
1.509948099952214684e-01 4.433352431861034559e-02 7.610925978317305551e-01 4.357906785443754066e-02
9.763087096215734839e-02 2.260866559808216020e-02 8.558192801096494717e-01 2.394118333011078723e-02
6.326533490175935415e-02 1.055515092690786222e-02 9.127793838652880076e-01 1.340013030604464243e-02
4.289781525348455860e-02 5.228104164868383613e-03 9.435384101486635755e-01 8.335670432983546471e-03
3.191545232656343989e-02 2.807759081695759482e-03 9.592342330441383513e-01 6.042555547602500472e-03
2.593525841088126921e-02 1.683680838931090511e-03 9.671946332722182182e-01 5.186427477969075307e-03
2.268912411545761718e-02 1.173556764436064440e-03 9.708014753923968065e-01 5.335843727709625034e-03
2.169200711197595555e-02 1.032258343859487632e-03 9.705910041108414266e-01 6.684730433322932930e-03
2.336663026428931547e-02 1.224300965140445860e-03 9.653448658831285112e-01 1.006420288744184696e-02
2.889921778128340391e-02 1.948341434897516355e-03 9.516153439160538463e-01 1.753709686776534077e-02
3.994475641154349166e-02 3.908096177444789557e-03 9.208747574156344040e-01 3.527238999537735814e-02
6.860611004879976771e-02 1.016681018122355708e-02 8.359973666418771820e-01 8.522971312809977940e-02
1.225276323203496331e-01 2.635979212596348611e-02 6.447735247746843035e-01 2.063390507790023309e-01
1.807630785394629125e-01 5.150446259585465120e-02 3.846561097610604607e-01 3.830763491036220381e-01
2.145648169744553413e-01 6.866456647938321001e-02 1.946251454886722687e-01 5.221454710574894298e-01
2.318163530401639583e-01 7.893745980518794558e-02 9.891682100961786406e-02 5.903293661450303986e-01
2.394017015193687092e-01 8.649394264330442783e-02 5.472309724243931695e-02 6.193812585948873517e-01
2.392999503512082404e-01 9.328314560927164489e-02 3.244129259923168168e-02 6.349756114402882456e-01
2.317026269304185981e-01 1.024765940134215875e-01 2.072791732288114391e-02 6.450928617332788439e-01
2.193344302296475479e-01 1.119830511517606320e-01 1.403842810823990525e-02 6.546440905103519947e-01
2.009883434775141808e-01 1.228068080730904538e-01 9.969258752785826669e-03 6.662355896966092317e-01
1.783236108736465653e-01 1.328254575333005227e-01 7.749889138194009444e-03 6.811010424548588071e-01
1.536397996904993735e-01 1.396925800572668686e-01 6.727309573838887759e-03 6.999403106783951278e-01
1.288441969284280231e-01 1.427134865559969990e-01 6.405358110137214338e-03 7.220369584054376899e-01
1.054433053582594371e-01 1.426211443138131196e-01 6.463168001118187178e-03 7.454723823268091243e-01
8.432850937786168233e-02 1.387337106951595511e-01 6.738745718507153058e-03 7.701990342084716890e-01
6.529568732811089071e-02 1.293059705841759777e-01 7.133849009255322469e-03 7.982644930784578152e-01
4.826952540628101640e-02 1.152105105745028502e-01 7.603662167630970484e-03 8.289163018515852688e-01
3.406415962861427532e-02 1.000340684710941258e-01 8.159493556106138870e-03 8.577422783441850385e-01
2.386600906474733302e-02 8.861335666222737439e-02 8.917366447431901780e-03 8.786032678255930595e-01
1.793981648086345401e-02 8.488376258685725873e-02 1.007784066759392569e-02 8.870985802646854657e-01
1.523345084797988504e-02 9.018722886879787515e-02 1.164128414094484955e-02 8.829380361422772827e-01
1.441934653736068675e-02 1.040111508278502156e-01 1.329121889328927809e-02 8.682782837414996235e-01
1.462759680983523845e-02 1.252903692378229683e-01 1.467812741504048897e-02 8.454039065373013528e-01
1.561265348799463666e-02 1.545859851767192039e-01 1.549719213180498524e-02 8.143041692034809209e-01
1.739783470017152583e-02 1.941296393194298642e-01 1.528720034321099167e-02 7.731853256371876704e-01
1.987992308778909617e-02 2.468756144183558432e-01 1.388717735958965027e-02 7.193572851342652230e-01
2.278930296388774132e-02 3.132474790952625709e-01 1.189175502810064372e-02 6.520714629127490891e-01
7.209069097601370490e-01 6.925097572003809099e-02 1.332801631269089904e-01 7.656195139291585572e-02
3.763511004902311274e-01 6.142409970729355989e-02 3.608909303248535871e-01 2.013338694776218851e-01
3.531240045872181543e-01 6.424137408916093250e-02 3.523600066101092998e-01 2.302746147135116828e-01
3.220023023077925317e-01 6.672458763417100924e-02 3.469993942805726928e-01 2.642737157774638357e-01
2.833655456322604627e-01 6.794655085018901086e-02 3.458601229590904103e-01 3.028277805584598803e-01
2.435637911029873426e-01 6.826384802679177910e-02 3.436143152068113493e-01 3.445580456634094735e-01
2.057525880819393027e-01 6.753271662078773330e-02 3.388897780289704120e-01 3.878249172683023716e-01
1.710651232992992377e-01 6.578113133239364696e-02 3.311790009339949936e-01 4.319747444343123854e-01
1.407936093988235715e-01 6.368983641088571401e-02 3.186845897806052652e-01 4.768319644096855048e-01
1.169365134687715413e-01 6.245033651826956828e-02 2.995667601233303889e-01 5.210463898896281476e-01
9.995255792900413494e-02 6.252182596068291132e-02 2.765436794473745130e-01 5.609819366629388293e-01
8.731707773305757980e-02 6.269527109290386202e-02 2.568475862273019161e-01 5.931400649467364339e-01
7.678038554602341359e-02 6.204986982599719481e-02 2.449552432824047832e-01 6.162145013455746501e-01
6.767529624077389672e-02 6.074299495409599819e-02 2.405391470792637432e-01 6.310425617258664799e-01
6.075986378319888498e-02 5.881322210218437735e-02 2.408044118542936041e-01 6.396225022603232446e-01
5.486643350056327750e-02 5.803823133443915955e-02 2.428608260261885532e-01 6.442345091388087530e-01
5.092960632439431923e-02 5.857774693500387292e-02 2.437858999315759001e-01 6.467067468090256233e-01
4.912163523504477214e-02 6.085580199736047996e-02 2.418405978721157312e-01 6.481819648954788571e-01
4.942907026004957766e-02 6.471774253537999899e-02 2.368236470485708400e-01 6.490295401559997845e-01
5.154847730623701024e-02 6.942184107875680465e-02 2.295870226760054200e-01 6.494426589390007720e-01
5.515434241864345527e-02 7.428355929873460550e-02 2.207608370381295426e-01 6.498012612444925562e-01
6.069816357863236367e-02 7.933396798697557595e-02 2.105880103346641496e-01 6.493798580997277581e-01
6.903268699061831937e-02 8.396231374481531728e-02 2.009449965237403712e-01 6.460600027408260893e-01
7.855673444272874562e-02 8.429857436005562532e-02 1.972248733273726240e-01 6.399198178698429773e-01
8.397981490320560738e-02 7.599954317344295718e-02 2.064643419837024763e-01 6.335562999396490147e-01
8.138603902363954201e-02 6.160491582911132441e-02 2.306599117796762355e-01 6.263491333675729189e-01
7.324849913031529491e-02 4.892746029227097032e-02 2.569271835973560014e-01 6.208968569800578097e-01
6.566359272556494819e-02 4.035788732288585895e-02 2.638336370345001902e-01 6.301448829170487320e-01
6.024549109793068957e-02 3.502828059670040628e-02 2.454811096323635811e-01 6.592451186730055035e-01
5.613704585696216443e-02 3.073566989726558493e-02 2.108428365619683387e-01 7.022844476838037142e-01
5.186407156969075061e-02 2.649946330061082531e-02 1.690187111265772091e-01 7.526177540031212532e-01
4.647201299485228393e-02 2.230990818644746146e-02 1.254810201606989806e-01 8.057370586580013816e-01
3.983068711950765728e-02 1.837422718473568153e-02 8.546922516493653255e-02 8.563258605308199378e-01
3.257006273807089292e-02 1.471053274159493315e-02 5.456298023820554260e-02 8.981564242821286070e-01
2.579862999458057415e-02 1.134247358278924790e-02 3.469288671147418429e-02 9.281660097111558150e-01
2.015110736374087566e-02 8.221000008497746786e-03 2.365386091662686346e-02 9.479740317111345904e-01
1.570959036689673072e-02 5.426764316973295421e-03 1.837959463344652003e-02 9.604840506826833879e-01
1.239932988362978973e-02 3.275556721205640561e-03 1.695753563360577129e-02 9.673675777615589055e-01
1.034790072708423152e-02 1.964673765733339263e-03 1.882363234984903155e-02 9.688637931573335083e-01
9.725500877886230494e-03 1.314887243951453049e-03 2.435872247062769932e-02 9.646008894075347451e-01
1.054454636412705676e-02 1.011573648153506763e-03 3.484264463402742679e-02 9.536012353536917896e-01
1.288149342980421386e-02 8.373321084537311155e-04 5.359195557818884764e-02 9.326892188835529396e-01
1.710429019704754611e-02 6.993887322694649061e-04 8.705373616013331595e-02 8.951425849105497656e-01
2.413842925791410271e-02 6.003392966655431238e-04 1.431617982463512795e-01 8.320994331990688719e-01
3.552793053247479266e-02 5.566847548600973878e-04 2.269420469407038843e-01 7.369733377719610568e-01
5.299298429102854147e-02 5.373771701029046504e-04 3.394259220803277355e-01 6.070437164585409384e-01
7.632074336229673073e-02 4.987513540021763911e-04 4.790786150620982564e-01 4.441018902216026798e-01
9.845902796113029098e-02 4.259716361779059598e-04 6.316391074950014062e-01 2.694758929076903065e-01
1.077677479873914573e-01 3.220996697119720299e-04 7.596595679122825073e-01 1.322505844306141876e-01
1.060242502876846682e-01 2.385491145316186818e-04 8.349787958572636448e-01 5.875840474051995804e-02
1.069738510941114912e-01 2.350909949603735040e-04 8.631989941931935695e-01 2.959206371773445005e-02
1.201665455474881100e-01 2.627958572539334961e-04 8.593161469189175561e-01 2.025451167634062175e-02
1.585805287495989924e-01 4.339282557425256097e-04 8.209251670140290669e-01 2.006037598062915261e-02
2.273355309087103093e-01 8.573672279903239322e-04 7.462015620821439432e-01 2.560553978115554657e-02
3.193931782624207516e-01 1.533689654965303970e-03 6.436224591403263418e-01 3.545067294228760463e-02
4.168449787442182197e-01 2.349365866169167601e-03 5.327358484793723870e-01 4.806980691024006352e-02
5.028778883648287179e-01 3.364107480687338753e-03 4.313723248961685575e-01 6.238567925831551425e-02
5.660494466639550692e-01 4.640742116626292608e-03 3.511981379222471888e-01 7.811167329717152996e-02
6.021006345298307583e-01 6.097509999939462917e-03 2.966088295104583050e-01 9.519302595977138792e-02
6.152172171457763739e-01 7.628661945967818957e-03 2.647764852349171472e-01 1.123776356733381943e-01
6.145337100566088395e-01 9.094414810716652114e-03 2.501792644711816616e-01 1.261926106614929266e-01
6.088122026740393489e-01 1.032860439264481935e-02 2.483215772017834944e-01 1.325376157315323322e-01
6.019999568839506932e-01 1.135174161486743848e-02 2.567949491230267500e-01 1.298533523781552068e-01
5.924772967891502873e-01 1.243758936995379913e-02 2.750224487039988341e-01 1.200626651368971870e-01
5.751886374933883328e-01 1.384881782407120301e-02 3.039448439534573332e-01 1.070177007290833288e-01
5.415366305124131863e-01 1.571397699830430830e-02 3.484328246359927883e-01 9.431656785328970671e-02
4.928313835866358628e-01 1.630940023359758045e-02 4.069885706680040349e-01 8.387064551176240390e-02
4.215399008486224730e-01 1.657794870697540390e-02 4.861310231683834693e-01 7.575112727601876483e-02
3.462935653747085119e-01 1.553461660369021002e-02 5.664007446341250418e-01 7.177107338747619469e-02
2.816866000312128193e-01 1.445413428935455463e-02 6.308735559420050043e-01 7.298570973742747603e-02
2.333214617099841071e-01 1.352438018885679383e-02 6.748343162478229740e-01 7.831984185333598636e-02
1.943028900917486701e-01 1.232080166974161214e-02 7.099004953254036687e-01 8.347581291310605944e-02
5.687583197181436123e-01 2.287782431072435049e-02 2.250426610257161980e-02 3.858595898685605041e-01
5.874995608116235779e-01 2.195161357808907490e-02 2.223330707297043601e-02 3.683155185373168106e-01
6.067659581973824379e-01 2.139306124458578706e-02 2.184203494741775164e-02 3.499989456106139540e-01
6.254974211946122686e-01 2.087791512677174971e-02 2.114590420702577162e-02 3.324787594715902794e-01
6.423913821679184677e-01 2.010971661706001043e-02 2.008301196408326245e-02 3.174158892509383323e-01
6.566675572910363190e-01 1.901195972612024915e-02 1.881441741252659616e-02 3.055060655703166761e-01
6.689096978281374728e-01 1.786708139698489628e-02 1.772460608563478437e-02 2.954986146892429333e-01
6.795433649812789856e-01 1.698098410412419990e-02 1.709292128066958877e-02 2.863827296339270245e-01
6.851121963792504710e-01 1.682896423742963679e-02 1.729104478992217475e-02 2.807677945933978458e-01
6.813023877992475663e-01 1.793049762672699679e-02 1.884446158271561519e-02 2.819226529913100854e-01
6.676867904205626703e-01 2.017844898776279677e-02 2.187352410280143933e-02 2.902612364888730867e-01
6.471173029960728407e-01 2.277879032424972791e-02 2.585161815022257031e-02 3.042522885294547397e-01
6.225597610575678287e-01 2.528880083978629623e-02 3.003069287754054489e-02 3.221207452251053094e-01
5.980919602572695171e-01 2.806922340309392708e-02 3.428367606892841757e-02 3.395551402707081556e-01
5.838281162941740821e-01 3.046159320310371996e-02 3.627449576231635275e-02 3.494357947404056475e-01
5.874290187335783342e-01 3.131697242393223501e-02 3.627632904254288193e-02 3.449776797999467570e-01
6.123954709691568077e-01 2.907860172461271958e-02 3.406273468091754186e-02 3.244631926253125909e-01
6.549866722685033782e-01 2.483158707177306884e-02 3.230915515428359891e-02 2.878725855054398708e-01
7.089176191729754661e-01 1.966265264676991115e-02 3.115303314489961672e-02 2.402666950353549435e-01
7.639250978073429676e-01 1.487881473948772341e-02 3.100095356077538916e-02 1.901951338923937307e-01
8.110937780300103705e-01 1.111940837291144381e-02 3.205085386803636222e-02 1.457359597290419362e-01
8.470792838314553652e-01 8.299397007541052876e-03 3.431643581414311334e-02 1.103048833468605605e-01
8.718887206682315316e-01 6.172241678101763294e-03 3.787488855779851116e-02 8.406414909586820694e-02
7.976640273205577447e-01 1.084308756625151499e-01 4.899176821095811707e-02 4.491332880596890509e-02
8.117132383124756601e-01 9.580489841563556708e-02 5.578083761349912628e-02 3.670102565838955638e-02
8.189267073377335393e-01 8.618564246304337428e-02 6.276729419915608177e-02 3.212035600006701158e-02
8.218007968412850417e-01 8.029302893163174637e-02 6.765799469861702442e-02 3.024817952846634364e-02
8.221901112891488728e-01 7.810848065204627211e-02 6.938922194248546560e-02 3.031218611631932014e-02
8.202817999259688353e-01 7.892039894261959621e-02 6.903777441808894855e-02 3.176002671332250893e-02
8.156728260907497585e-01 8.141730087380549818e-02 6.871195746661580561e-02 3.419791556882924993e-02
8.076281026724276835e-01 8.446250476002227503e-02 7.038225220467450582e-02 3.752714036287541077e-02
7.964735817705610454e-01 8.654884643456051130e-02 7.535047292840482691e-02 4.162709886647380370e-02
7.838732944573232331e-01 8.553911521102530724e-02 8.448579594011117189e-02 4.610179439154057229e-02
7.694760487009448813e-01 8.068588320935163316e-02 9.853550589977731755e-02 5.130256218992643169e-02
7.462134764553891575e-01 7.657301868572691239e-02 1.184547002594377035e-01 5.875880459944651107e-02
7.169113677047682653e-01 7.410764038638478768e-02 1.401701422693854282e-01 6.881084963946174082e-02
6.873332019338295185e-01 7.426155682488241871e-02 1.570062847757714708e-01 8.139895646551661978e-02
6.617264169554097908e-01 7.821954744429107653e-02 1.632843336867215722e-01 9.676970191357776863e-02
6.406167360068691918e-01 8.638878731641327913e-02 1.586391431150689368e-01 1.143553335616488975e-01
6.229795913556841480e-01 9.675521959459222610e-02 1.488721053961387097e-01 1.313930836535847635e-01
6.087902772928641681e-01 1.058566410381980849e-01 1.402053261952477259e-01 1.451477554736899656e-01
6.001496441752210975e-01 1.102742866495789315e-01 1.351428291732624243e-01 1.544332400019375606e-01
6.000829296888953168e-01 1.074902320985842569e-01 1.331006707180708570e-01 1.593261674944495276e-01
6.109787474018375519e-01 9.677432776603479836e-02 1.316162575883307873e-01 1.606306672437965433e-01
6.334898002773476922e-01 8.014917418253486581e-02 1.271362768791377273e-01 1.592247486609799922e-01
6.666698202114654803e-01 6.149915364923032313e-02 1.167311829226520270e-01 1.550998432166522112e-01
7.064739489212441548e-01 4.513349288177848084e-02 1.007817501435305241e-01 1.476108080534468681e-01
7.456298828833731740e-01 3.380741612812625946e-02 8.372087612982789806e-02 1.368418248586726893e-01
7.813009068012167768e-01 2.701723415808598983e-02 6.967079166388917555e-02 1.220110673768077941e-01
8.143762964739663657e-01 2.272741504611328067e-02 6.062955117294118595e-02 1.022667373069790359e-01
8.449228185877305508e-01 2.061304615320574268e-02 5.461786654994875423e-02 7.984626870911479268e-02
8.692157889554129602e-01 1.928570733222343542e-02 5.213008991133889075e-02 5.936841380102490101e-02
8.870263370867341735e-01 1.713992604440695011e-02 5.270063330141458446e-02 4.313310356744422258e-02
8.986385152118947506e-01 1.349597841782374311e-02 5.668056678069952059e-02 3.118493958958197185e-02
9.031241942805889877e-01 9.551826607884101802e-03 6.432947278363121413e-02 2.299450632789553847e-02
9.017822540015718591e-01 6.501132565982372692e-03 7.418233601286096379e-02 1.753427741958517999e-02
8.979241302351658183e-01 4.520196043819452170e-03 8.364275294562746599e-02 1.391292077538742317e-02
8.947618359985962666e-01 3.366433825281426803e-03 9.015800377378563324e-02 1.171372640233635763e-02
8.946907214762281901e-01 2.781919103681311251e-03 9.189537606566017258e-02 1.063198335443027789e-02
8.977873140129934981e-01 2.622044366068709224e-03 8.916568542809130693e-02 1.042495619284638901e-02
9.011336168011919723e-01 2.850274888548938283e-03 8.510644740307349299e-02 1.090966090718533711e-02
9.008244639434412893e-01 3.511057964192525020e-03 8.374379442036666843e-02 1.192068367199942795e-02
8.937154901567232468e-01 4.784068821500991192e-03 8.801020058803604718e-02 1.349024043373974954e-02
8.765544631398153319e-01 6.995692005993888081e-03 1.005469799851200219e-01 1.590286486907093941e-02
8.439216114291616666e-01 1.047693361397157921e-02 1.261054785318037330e-01 1.949597642506301770e-02
7.882827524347746362e-01 1.545772891000059095e-02 1.718116245065290648e-01 2.444789414869572020e-02
7.081661228096797212e-01 2.224161642975135827e-02 2.389393857872903482e-01 3.065287497327862098e-02
6.213699167273670776e-01 3.241199307088755976e-02 3.076490483413390487e-01 3.856904186040631399e-02
5.582568063166351013e-01 4.555206930398516402e-02 3.469616244119465009e-01 4.922949996743355289e-02
5.221848309365552110e-01 6.132755365649678742e-02 3.535611093554614781e-01 6.292650605148647491e-02
4.999034162649315105e-01 7.857671845323069282e-02 3.429926391435509925e-01 7.852722613828697074e-02
4.715432435825890334e-01 1.012559528619022542e-01 3.318731358352481342e-01 9.532766772026048108e-02
4.306039717717559667e-01 1.301343333913282940e-01 3.275417806619183581e-01 1.117199141749972702e-01
3.760831846260406230e-01 1.691177924056707083e-01 3.308967405945889007e-01 1.239022823737000040e-01
3.095726046924873187e-01 2.155406367948231039e-01 3.493146839929320846e-01 1.255720745197574373e-01
2.397830739976664904e-01 2.619456454693995240e-01 3.846052749071596777e-01 1.136660056257740165e-01
1.763598474870203270e-01 3.003560126931608676e-01 4.301270282406255974e-01 9.315711157919343011e-02
1.296344495089466475e-01 3.218504826532760377e-01 4.766622816312369171e-01 7.185278620654046711e-02
9.924268095716752558e-02 3.314237128635822427e-01 5.149137152097540415e-01 5.441989096949619714e-02
8.327421901023375483e-02 3.391741866613549039e-01 5.353607470192727202e-01 4.219084730913855164e-02
7.559695410839625818e-02 3.420731953657086266e-01 5.486860790112834119e-01 3.364377151461135640e-02
7.110797363360346623e-02 3.151784806498403868e-01 5.872576887323411876e-01 2.645585698421465404e-02
6.370859544894422188e-02 2.428909168570013988e-01 6.739852201497759099e-01 1.941526754427835150e-02
5.117492355147926913e-02 1.535102595543941795e-01 7.822672708953013476e-01 1.304754599882541020e-02
3.772445900284612103e-02 8.732220847624605486e-02 8.664709929833089852e-01 8.482339537598795540e-03
2.749738143423824041e-02 5.040110127166209236e-02 9.163292632033935847e-01 5.772254090706245566e-03
2.101934110003373171e-02 3.177489656506459620e-02 9.429065031359608051e-01 4.299259198941139323e-03
1.754197534353636734e-02 2.283221076604379993e-02 9.560427183509139226e-01 3.583095539505963458e-03
1.639680506522666475e-02 1.890848612004670040e-02 9.613385274601105035e-01 3.356181354615978257e-03
1.684782247835569374e-02 1.727899856632328368e-02 9.624755075348879751e-01 3.397671420433162788e-03
1.804161105311423430e-02 1.631677910721073335e-02 9.621301417742051942e-01 3.511468065470044544e-03
1.916006428005960840e-02 1.524747911591612347e-02 9.620250387775549639e-01 3.567417826469269568e-03
1.888777204246917113e-02 1.453787958180226096e-02 9.629895019587755289e-01 3.584846416952683357e-03
1.941846522027449937e-02 1.285912278043830487e-02 9.641279759746667066e-01 3.594436024620628785e-03
1.936846233270578255e-02 1.054111961736123662e-02 9.664742636443682811e-01 3.616154405564909677e-03
1.907955089859226724e-02 8.123053718588083005e-03 9.690214212442521680e-01 3.775974138567130076e-03
1.957001829656999578e-02 6.655054582161610242e-03 9.693042434813945452e-01 4.470683639874022293e-03
2.138528920599986130e-02 6.419103554200257522e-03 9.659365063571477839e-01 6.259100882651776401e-03
2.395825565252713424e-02 7.228740243493858748e-03 9.590844783175639376e-01 9.728525786414862070e-03
2.666202218201584040e-02 9.184716468543054069e-03 9.484581762823400819e-01 1.569508506710101323e-02
2.893080325858945340e-02 1.211343517664683136e-02 9.334902099583818336e-01 2.546555160638208984e-02
3.264278102773865431e-02 1.686418698497748475e-02 9.099256596727246515e-01 4.056737231455950082e-02
3.615870796148754063e-02 2.088053985571181395e-02 8.859990130956871823e-01 5.696173908711379269e-02
3.825693866758591438e-02 2.207076992527188392e-02 8.718088940934962672e-01 6.786339731364586514e-02
3.983142019769288916e-02 2.171283586173658117e-02 8.654081336697290183e-01 7.304761027084148706e-02
4.203394493634221574e-02 2.168307532573701679e-02 8.605018624903618685e-01 7.578111724755905165e-02
4.482177691324362723e-02 2.248452248118987945e-02 8.559683957168171542e-01 7.672530488874935994e-02
4.780544419610047863e-02 2.390507148921753103e-02 8.528718681563514092e-01 7.541761615833039722e-02
5.022542136509334371e-02 2.529407143951159509e-02 8.528249354260751813e-01 7.165557176931997008e-02
5.141516374276395435e-02 2.626476909301555737e-02 8.567980085506511356e-01 6.552205861356952266e-02
5.115703890709964730e-02 2.676818169592805330e-02 8.648884887316145020e-01 5.718629066535772798e-02
4.988353994579762529e-02 2.680167068923275733e-02 8.755889620980592536e-01 4.772582726691026317e-02
