8.548929389985129856e-02 3.875025744254576576e-01 1.024479816231047696e-01 4.245601500515864823e-01
8.764895548630106115e-01 5.478339213811617321e-03 8.527254457671905319e-02 3.275956134645868767e-02
8.935994996192884177e-01 3.975950445298696151e-03 7.803164109210218580e-02 2.439290884331071774e-02
9.093272212599541326e-01 2.989890287599579390e-03 6.976376986164385674e-02 1.791911859080248803e-02
9.226239017796670216e-01 2.430214566475671478e-03 6.150488113607956858e-02 1.344100251777776561e-02
9.313156609805892661e-01 1.962945530040064585e-03 5.591492550373472481e-02 1.080646798563590118e-02
9.376772154564465556e-01 2.415582625717566188e-03 5.079607119665765363e-02 9.111130721177973513e-03
9.371407106263713871e-01 2.976774685030595790e-03 5.145028314141200654e-02 8.432231547185932083e-03
9.300361260742321390e-01 3.761070285799283149e-03 5.814030993524216262e-02 8.062493704726517163e-03
9.134129486547035714e-01 4.622135534993819517e-03 7.401447076552850057e-02 7.950445044773948866e-03
8.815841292876326341e-01 5.676388948607910198e-03 1.043029550252176085e-01 8.436526738541635581e-03
8.311458322453522118e-01 6.986255680415847172e-03 1.522500955291130886e-01 9.617816545118566124e-03
7.692817734013813746e-01 8.542976896738866191e-03 2.106362598481797410e-01 1.153898985370004591e-02
7.158116122599750275e-01 1.061172031306797936e-02 2.588089716680935237e-01 1.476769575886332370e-02
6.866594240068986110e-01 1.307080243351554753e-02 2.805968536426959870e-01 1.967291991689000194e-02
6.798896378335028690e-01 1.520285133920714661e-02 2.791850472396163463e-01 2.572246358767369193e-02
6.846866304295577965e-01 1.707059741012494428e-02 2.658033859754785344e-01 3.243938618483855479e-02
6.921700480104000519e-01 1.904297531748771685e-02 2.493252276145305202e-01 3.946174905758161044e-02
6.980660545372670001e-01 2.127465670582529694e-02 2.341916419759716150e-01 4.646764678093604634e-02
7.024288303538340772e-01 2.366718818707082631e-02 2.208978970034546074e-01 5.300608445564058968e-02
7.087770076397086338e-01 2.590012937223098999e-02 2.071320274723436328e-01 5.819083551571636870e-02
7.226592781783454100e-01 2.770510407184043761e-02 1.887272791404347727e-01 6.090833860937941435e-02
7.475735911440444248e-01 2.957303560617225574e-02 1.616519739724346094e-01 6.120139927734850882e-02
7.774180663873635488e-01 3.317819583609962070e-02 1.278913322312987266e-01 6.151240554523796505e-02
7.973694203605988795e-01 4.035028040678225597e-02 9.749623029794954321e-02 6.478406893466913397e-02
7.992371703561723661e-01 5.109004243090012332e-02 7.860840805652913321e-02 7.106437915639812752e-02
7.917132898089959125e-01 6.116815042334758368e-02 7.079381729539147017e-02 7.632474247226504749e-02
7.783281279558895704e-01 6.761214398402265457e-02 7.519093330083155557e-02 7.886879475925641370e-02
7.540907693661645927e-01 7.074606361321703063e-02 9.411180204302438401e-02 8.105136497759399261e-02
7.133388259604429571e-01 7.114005903989129020e-02 1.297996267576063678e-01 8.572148824205946815e-02
6.487297242199967506e-01 6.998643238737217720e-02 1.862003124932980480e-01 9.508353089933296864e-02
5.640535282771812486e-01 6.681487536377116176e-02 2.601954686685851170e-01 1.089361276904626807e-01
4.682753735305352771e-01 6.216135136843432135e-02 3.425273585966191470e-01 1.270359165044112892e-01
3.794739096096682029e-01 5.672396476694858969e-02 4.136439499668786990e-01 1.501581756565046888e-01
3.077934700515684852e-01 5.203835028165043619e-02 4.581973379384196021e-01 1.819708417283615598e-01
2.564781656426782241e-01 4.955784301820612137e-02 4.660062189304354230e-01 2.279577724086798984e-01
2.151600673350678727e-01 4.966251800769511809e-02 4.473902866320851324e-01 2.877871280251518282e-01
1.787165536717928438e-01 4.910775209863456336e-02 4.269834728051559170e-01 3.451922214244164677e-01
1.432524859570480369e-01 4.437907859463000732e-02 4.362118735022608162e-01 3.761565619460613963e-01
1.099957207086931649e-01 3.528037104910836802e-02 4.849347554974181018e-01 3.697891527447804139e-01
8.234899120435515418e-02 2.529634342670999611e-02 5.551585975471221568e-01 3.371960678218126062e-01
6.439176819324703149e-02 1.780806046145830962e-02 6.138416443327967542e-01 3.039585270124980920e-01
5.646976043801808093e-02 1.326646762119382782e-02 6.438444169420138863e-01 2.864193549987743559e-01
5.633399689002892979e-02 1.065085482786717191e-02 6.485227984236787702e-01 2.844923498584249755e-01
6.253828436146223468e-02 9.176953680380187800e-03 6.347035079401834867e-01 2.935812540179739139e-01
7.520178607536733006e-02 8.460472107572466691e-03 6.059788418976584934e-01 3.103588999194014653e-01
9.571215466455613996e-02 8.361358213861178057e-03 5.640229547035813251e-01 3.319035324180012458e-01
1.251043800686513219e-01 8.800748051593299676e-03 5.129480455772281733e-01 3.531468263025270837e-01
1.614740016856539839e-01 9.668160494508491742e-03 4.630116707481279903e-01 3.658461670717093606e-01
1.994031265816003373e-01 1.077182669602360504e-02 4.288188953944521153e-01 3.610061513279240741e-01
2.314682322325742614e-01 1.174266618674318571e-02 4.233443405309363361e-01 3.334447610497461856e-01
2.504346275489200968e-01 1.209125114097594697e-02 4.518384583409549293e-01 2.856356629691489957e-01
2.542934578028039350e-01 1.155786239416807526e-02 5.058196122237659242e-01 2.283290675792622182e-01
2.499181303927298647e-01 1.033212941773248295e-02 5.650040676588063970e-01 1.747456725307315328e-01
2.485802898928041182e-01 8.878457170097513521e-03 6.101190636123594579e-01 1.324221893247388426e-01
2.596197496121950832e-01 7.599572753131032116e-03 6.304622951689182742e-01 1.023183824657555446e-01
2.899982497085760724e-01 6.750091331679784062e-03 6.206012568726190226e-01 8.265040208712512437e-02
3.458673633211354348e-01 6.395359695526782635e-03 5.771294419642950535e-01 7.060783501904260850e-02
4.211716462738655520e-01 6.400707640578017985e-03 5.102989303298863799e-01 6.212871575566995125e-02
5.063218253964024695e-01 6.357613430517339466e-03 4.329962009345272311e-01 5.432436023855290175e-02
5.839410695523153949e-01 6.154037677597419369e-03 3.633965540993476240e-01 4.650833867073939087e-02
6.412251491157359151e-01 5.881769545433148533e-03 3.131985421004545023e-01 3.969453923837652082e-02
6.739562957055607040e-01 5.636062343365739330e-03 2.856630334512016423e-01 3.474460849987158484e-02
6.846398540800614496e-01 5.445175917680588652e-03 2.781957914839640611e-01 3.171917851829400559e-02
6.785354434894047548e-01 5.332955458874381535e-03 2.857958465209864407e-01 3.033575453073442812e-02
6.622694954264957135e-01 5.263440482647697288e-03 3.025503213009883563e-01 2.991674278986844460e-02
6.438468552036168413e-01 5.175544520776658580e-03 3.212471821439607522e-01 2.973041813164582076e-02
6.296287464031711245e-01 5.157680588792072814e-03 3.351988413329746175e-01 3.001473167506202647e-02
6.224454565723542832e-01 5.358440453775458953e-03 3.406611063438422793e-01 3.153499663002817810e-02
6.224025991420736315e-01 5.836754925481868646e-03 3.371885667636885797e-01 3.457207916875582737e-02
6.289774583845524347e-01 6.627003391093132072e-03 3.253996304959561603e-01 3.899590772839807429e-02
6.429299744187469967e-01 7.842475420402178141e-03 3.044572929267244654e-01 4.477025723412649677e-02
3.818614785091523078e-01 3.259725199625454484e-01 6.681831886031541767e-02 2.253476826679868261e-01
3.894249385618967496e-01 5.385993922893304864e-02 4.833359056664805475e-01 7.337921654268955707e-02
4.233827461695878203e-01 5.476483504513392914e-02 4.444148403171641615e-01 7.743757846811397116e-02
4.828174541871205205e-01 5.800836972232149141e-02 3.745958066831798772e-01 8.457836940737789577e-02
5.565079044971003031e-01 6.060940078443406015e-02 2.939574553489184283e-01 8.892523936954735420e-02
6.302632098745685196e-01 6.282480343124705047e-02 2.194260768279914786e-01 8.748590986619271537e-02
6.996775977709989158e-01 6.449676019080406719e-02 1.549225744001011540e-01 8.090306763809587687e-02
7.569228675763552960e-01 6.659637587659000824e-02 1.044063229773588564e-01 7.207443356969614467e-02
7.975998688981552620e-01 6.996146427421907898e-02 6.808017401233976140e-02 6.435849281528609189e-02
8.210994880696659282e-01 7.526829375982889425e-02 4.331573073102366195e-02 6.031648743948130748e-02
8.278844246169261289e-01 8.313315501624084225e-02 2.720591054345813942e-02 6.177650982337491020e-02
8.174930082284254107e-01 9.445931931060271014e-02 1.725461154981546008e-02 7.079306091115621091e-02
7.884346916294685537e-01 1.110093449787039888e-01 1.132038254746941912e-02 8.923558084435803672e-02
7.449869242326110363e-01 1.326493413441174607e-01 7.558244779426639970e-03 1.148054896438451405e-01
6.942134885827880852e-01 1.605055371215241555e-01 5.322944891578016736e-03 1.399580294041096462e-01
6.504661049219804259e-01 1.898478910960924027e-01 4.057888672029365262e-03 1.556281153098977299e-01
6.296948861954847487e-01 2.099131972755952924e-01 3.312602934578080284e-03 1.570793135943418517e-01
6.357029111159779866e-01 2.154123692517015409e-01 2.933062898424979980e-03 1.459516567338957904e-01
6.661931092684241218e-01 2.033529199841182800e-01 2.761767309529681875e-03 1.276922034379279203e-01
7.102262219565711465e-01 1.779939253454372039e-01 2.756831996523956621e-03 1.090230207014677155e-01
7.552681625643232755e-01 1.479224450932268842e-01 2.888903216356826075e-03 9.392048912609293754e-02
7.942401303438296756e-01 1.196731272517541494e-01 3.098004308280460310e-03 8.298873809613582786e-02
8.252465301788262098e-01 9.598396842671039209e-02 3.327702103323910282e-03 7.544179929113961625e-02
8.493320331427643977e-01 7.692777841915758585e-02 3.564954087208395839e-03 7.017523435086973904e-02
8.690661758278098725e-01 6.136520357152848437e-02 3.837573453407802128e-03 6.573104714725391817e-02
8.879340526514016840e-01 4.785847036307207952e-02 4.145320940830362483e-03 6.006215604469580804e-02
9.085547727376976912e-01 3.556577848130178243e-02 4.438342918738960412e-03 5.144110586226178367e-02
9.292856512312575035e-01 2.516914830626271887e-02 4.730259966753311632e-03 4.081494049572664123e-02
9.454160742814390339e-01 1.796987189308239460e-02 5.124530374743011332e-03 3.148952345073579434e-02
9.553941111183645862e-01 1.391425604996524880e-02 5.556190658001300062e-03 2.513544217366862205e-02
9.605227501257991296e-01 1.216203479118164489e-02 5.823772656592479668e-03 2.149144242642697655e-02
9.621264689453136176e-01 1.199243082273647454e-02 5.917293605328435499e-03 1.996380662662169264e-02
9.621975728061913369e-01 1.244676404759113668e-02 5.862706904597799959e-03 1.949295624161985138e-02
9.620703225984678086e-01 1.289062059907476222e-02 5.649309134995787914e-03 1.938974766746183812e-02
9.612813624101063104e-01 1.356069260840951120e-02 5.313432249496812844e-03 1.984451273198735780e-02
9.589840213475516739e-01 1.488012194030249868e-02 4.917499456651412519e-03 2.121835725549464299e-02
9.557340625412479307e-01 1.654777099406049001e-02 4.433138905508456074e-03 2.328502755918316486e-02
9.539085543665062339e-01 1.733977370022918643e-02 3.773167606599920482e-03 2.497850432666492981e-02
9.543945055587218507e-01 1.680593648518295333e-02 3.077484082588266643e-03 2.572207387350663663e-02
9.561156756478264018e-01 1.565916704944647977e-02 2.499885883170041307e-03 2.572527141955690058e-02
9.572064654387701932e-01 1.494686395226650470e-02 2.059549636809450152e-03 2.578712097215368412e-02
9.549519044885486085e-01 1.587544892061120219e-02 1.746417875184348711e-03 2.742622871565584056e-02
9.466832900280404139e-01 1.970541718462765976e-02 1.536574661283430978e-03 3.207471812604877764e-02
9.310275500953738570e-01 2.752789331843200418e-02 1.395513817742189853e-03 4.004904276845205890e-02
9.089232707935059885e-01 3.958740048897015085e-02 1.314878209001334912e-03 5.017445050852230998e-02
8.865192430463677553e-01 5.289688601578430155e-02 1.280724603319220983e-03 5.930314633452882928e-02
8.743806384873270554e-01 6.106735471768637291e-02 1.229536795903539729e-03 6.332246999908312801e-02
8.709630265011280015e-01 6.445665389077875895e-02 1.189078624587398608e-03 6.339124098350559788e-02
8.666127218026504764e-01 6.868463376280603550e-02 1.220725849318687406e-03 6.348191858522446440e-02
8.567544685661090398e-01 7.659044457216400426e-02 1.352552480656695356e-03 6.530253438107015695e-02
8.432440181986661232e-01 8.661740271122546353e-02 1.590095473067972952e-03 6.854848361704053705e-02
8.296280001683156158e-01 9.628037927301318077e-02 1.947668673105493924e-03 7.214395188556577132e-02
8.178742810592193324e-01 1.049458269853242448e-01 2.465756187864672974e-03 7.471413576759197706e-02
8.114398726915317273e-01 1.108261427403653410e-01 3.131621544769128910e-03 7.460236302333392300e-02
8.124916609100937270e-01 1.116728065246812701e-01 3.977681964239060397e-03 7.185785060098599797e-02
8.201240972298153853e-01 1.070851765778152859e-01 5.222681529633749903e-03 6.756804466273559628e-02
8.323181345851337065e-01 9.811004419614531569e-02 7.282709960683343697e-03 6.228911125803786308e-02
8.458956645166855193e-01 8.695815238291877691e-02 1.085152208077307980e-02 5.629466101962253555e-02
8.546789378309878060e-01 7.726130225817491592e-02 1.722320150318013346e-02 5.083655840765676642e-02
8.505182602380508827e-01 7.259446540851467733e-02 2.871600692153218615e-02 4.817126743190201094e-02
8.266455375241059667e-01 7.490497459980170747e-02 4.812581943081328806e-02 5.032366844527912109e-02
7.802153103898566977e-01 8.474125460204220972e-02 7.620172953337804589e-02 5.884170547472296342e-02
7.139753477764331224e-01 1.012934451916484846e-01 1.101455923023840489e-01 7.458561472953473270e-02
6.322325235676499178e-01 1.236177770759767924e-01 1.453469420388544264e-01 9.880275731751893276e-02
5.381001111595717923e-01 1.536313770440585202e-01 1.757605606532930409e-01 1.325079511430765078e-01
4.468811158593811173e-01 1.898122102185049453e-01 1.886735163084056754e-01 1.746331576137080399e-01
3.711045596140044589e-01 2.285688944535050338e-01 1.774807520503712266e-01 2.228457938821192807e-01
3.049173194144353949e-01 2.704080752839286839e-01 1.527363205487963227e-01 2.719382847528394320e-01
2.455488077381180745e-01 3.181493343125368356e-01 1.228784401068755416e-01 3.134234178424696315e-01
1.882344793134527461e-01 3.840907751489158750e-01 9.062334619312870099e-02 3.370513993445025114e-01
1.363520881636851034e-01 4.711357039652546153e-01 5.883467895106279238e-02 3.336775289199973016e-01
9.449082923828165670e-02 5.655531693528483839e-01 3.478136835573199942e-02 3.051746330531381890e-01
7.379219498012473677e-02 4.675192036360954762e-02 3.733303908028712259e-01 5.061254938533946701e-01
4.192930621364180932e-01 1.692440577579501781e-01 1.706926228768486722e-02 3.943936178179470176e-01
3.835274718590709342e-01 1.423429069149997894e-01 1.475348048087259979e-02 4.593761407450567269e-01
3.080793045668055452e-01 1.212631938078924665e-01 1.343737253103849394e-02 5.572201290942635499e-01
2.177440443604997666e-01 1.025530228666989285e-01 1.291895679926889987e-02 6.667839759735324501e-01
1.440338615967474700e-01 8.106015964173152177e-02 1.351658124419743284e-02 7.613893975173234852e-01
9.334650899802066082e-02 5.949838011614019123e-02 1.507399743842834094e-02 8.320811134474108695e-01
6.086555711919030415e-02 4.085370966137819720e-02 1.762684043230250061e-02 8.806538927871291333e-01
4.095577448918723967e-02 2.757233348594455291e-02 2.114434142952882970e-02 9.103275505953394298e-01
2.993058004947892273e-02 1.941863906251795058e-02 2.598933546198531341e-02 9.246614454260179139e-01
2.509188688104764184e-02 1.486096843165229768e-02 3.315097667510565060e-02 9.268961680121946545e-01
2.471045025646704044e-02 1.268713693901218562e-02 4.395063038721882392e-02 9.186517824173023872e-01
2.826016803822071696e-02 1.240279547732750683e-02 5.966219534912341887e-02 8.996748411353284736e-01
3.568035421866465329e-02 1.404693669380392348e-02 8.003260246800904254e-02 8.702401066195223356e-01
4.582124227283011775e-02 1.791475813105179032e-02 1.020247909091252791e-01 8.342392086869927503e-01
5.669550718742340234e-02 2.422348219531425886e-02 1.233772064233542992e-01 7.957038041939078488e-01
6.831751983878132928e-02 3.335649105202457415e-02 1.455513850048211766e-01 7.527746041043730241e-01
8.298757680696336458e-02 4.647075096107322612e-02 1.688670884936838146e-01 7.016745837382795115e-01
1.019835673125161074e-01 6.406361753112659041e-02 1.878356379245028351e-01 6.461171772318545781e-01
1.251060084563361818e-01 8.944112828373457225e-02 1.922062688478234083e-01 5.932465944121060319e-01
1.500963644571319811e-01 1.251465183269664938e-01 1.786079273368788300e-01 5.461491898790229449e-01
1.745243983404066446e-01 1.672606641201209998e-01 1.564327078495136858e-01 5.017822296899585588e-01
1.964080400729253661e-01 2.118057123103353478e-01 1.350746604144779373e-01 4.567115872022610712e-01
2.153096036550628811e-01 2.546530730554292798e-01 1.196225268197430441e-01 4.104147964697648088e-01
2.301735914224814494e-01 2.951849213586930643e-01 1.102435299303733823e-01 3.643979572884523677e-01
2.387438349164493212e-01 3.339467087834135928e-01 1.057553296752514055e-01 3.215541266248856944e-01
2.395194300102299889e-01 3.689645919195768120e-01 1.055633203233558859e-01 2.859526577468373132e-01
2.379316965222962876e-01 3.886170912822617951e-01 1.129185391790720472e-01 2.605326730163697313e-01
2.369825347323767650e-01 3.842102930765466939e-01 1.342058652736753399e-01 2.446013069174014787e-01
2.368598230899585377e-01 3.503650333802742489e-01 1.808964012545247468e-01 2.318787422752425220e-01
2.305980335612692333e-01 2.931551526828046206e-01 2.650223523233594114e-01 2.112244614325668457e-01
2.094004963546527431e-01 2.234193212219136859e-01 3.921529210042037916e-01 1.750272614192298626e-01
1.697107893725932903e-01 1.562356882017806592e-01 5.468109076407533520e-01 1.272426147848728650e-01
1.203552670547666098e-01 9.727505045000690853e-02 7.021616937170870321e-01 8.020798877813946348e-02
7.598181674635853811e-02 5.316902782300624020e-02 8.257970811713026826e-01 4.505207425933246967e-02
4.501655278978024255e-02 2.642988344617884511e-02 9.046182973087990575e-01 2.393526645524150787e-02
2.670478418362882272e-02 1.335109553601703317e-02 9.468165863314996766e-01 1.312753394885443105e-02
1.660307443423240936e-02 6.675249874610980280e-03 9.688414684059600823e-01 7.880207285196678957e-03
1.123480188789620360e-02 3.646009981120947475e-03 9.796799324847169643e-01 5.439255646265892842e-03
8.312508575080887127e-03 2.216122679647802504e-03 9.851218922543346634e-01 4.349476490936509017e-03
6.683656738181130430e-03 1.538557058161903537e-03 9.877376017756991367e-01 4.040184427958021067e-03
5.916583268741619668e-03 1.310803997488221503e-03 9.883212177893502259e-01 4.451394944419834881e-03
5.865119016103028000e-03 1.461619469956576198e-03 9.867778963268023507e-01 5.895365187138086778e-03
6.555206202080078419e-03 2.148920227150491902e-03 9.819487646341892306e-01 9.347108936580321784e-03
8.621873421422411241e-03 4.205314572950148190e-03 9.689432534105208994e-01 1.822955859510637378e-02
1.508298478774585012e-02 1.084473754805087911e-02 9.293316117084332584e-01 4.474066595576967065e-02
3.108486835105070054e-02 3.334608533761821564e-02 8.160013472525612377e-01 1.195676990587700300e-01
5.849115707363192196e-02 8.408595579465039105e-02 5.946444125308526507e-01 2.627784746008648420e-01
8.370133188306000394e-02 1.446860551109909743e-01 3.564197922546569197e-01 4.151928207512924351e-01
9.620577364036292378e-02 1.863799733484704790e-01 1.999661687124838216e-01 5.174480842986828311e-01
9.923955905111002396e-02 2.089816869222065054e-01 1.169882104411494317e-01 5.747905435855341638e-01
9.748569445511261200e-02 2.206635468879473150e-01 7.283847093293488451e-02 6.090122877240052857e-01
9.329267191983324492e-02 2.263104166682099183e-01 4.764935182972104138e-02 6.327475595822359411e-01
8.718042806149788049e-02 2.286769222186112727e-01 3.259058294706621700e-02 6.515520667728246229e-01
7.958154460953562048e-02 2.283144057490731904e-01 2.360789231267436394e-02 6.684961573287169223e-01
7.181693720855303331e-02 2.247450106374535572e-01 1.863276737363619290e-02 6.848052847803570709e-01
6.474721181316774044e-02 2.180860112112203708e-01 1.632642653627938006e-02 7.008403504393323491e-01
5.817843686864863917e-02 2.101438981361758995e-01 1.572152984485775812e-02 7.159561351503175297e-01
5.179695858772365158e-02 2.026042338523702802e-01 1.624165533238970671e-02 7.293571522275160701e-01
4.548358320654783543e-02 1.943213826402964417e-01 1.768970430618552539e-02 7.425053298469699303e-01
3.879724715649973676e-02 1.822489460423947216e-01 2.008015940776755603e-02 7.588736473933379578e-01
3.160253087416139972e-02 1.655040481410136322e-01 2.359680908868569058e-02 7.792966118961395239e-01
2.463050443643247794e-02 1.468015290416658514e-01 2.856849472213542074e-02 7.999994717997662708e-01
1.899570142680014756e-02 1.319589318279226764e-01 3.527620910105089963e-02 8.137691576442261931e-01
1.527440411164847182e-02 1.266308847011068384e-01 4.339189668735043970e-02 8.147028144998941235e-01
1.313852604530744636e-02 1.328184441121246784e-01 5.126257692022464368e-02 8.027804529223433461e-01
1.196013046009490252e-02 1.493236083932255598e-01 5.655925462175830087e-02 7.821570065249215942e-01
1.164512850181568734e-02 1.743093943764537357e-01 5.762905205688524657e-02 7.564164250648449661e-01
1.112609860461692343e-02 2.079364609208692039e-01 5.647982233618164399e-02 7.244576181383322044e-01
1.136076918369034565e-02 2.521454594600420762e-01 5.091038537187244500e-02 6.855833859843949440e-01
1.185772143897147017e-02 3.080670439150982043e-01 4.258447145840820597e-02 6.374907631875225134e-01
1.244280515618797524e-02 3.733527178961281723e-01 3.395529226775120812e-02 5.802491846799329167e-01
6.701594852851366912e-01 1.110025435347674061e-01 1.205713299280784107e-01 9.826664125201718669e-02
5.861629926475858676e-01 8.036690171942974248e-02 2.169303586978538478e-01 1.165397469351306808e-01
5.528254979175729611e-01 8.739667218900110113e-02 2.217856010156163959e-01 1.379922288778095696e-01
5.120257191705621658e-01 9.349762945609074727e-02 2.315098740355136242e-01 1.629667773378331852e-01
4.657818932111957300e-01 9.819582161551521082e-02 2.457206810748330528e-01 1.903016040984558399e-01
4.194431690947402203e-01 1.015165737263484941e-01 2.594926820346771801e-01 2.195475751442339529e-01
3.718906014223871681e-01 1.038093116257520487e-01 2.738899683023369724e-01 2.504101186495236719e-01
3.251062178523018154e-01 1.051617157884014581e-01 2.869769993998255164e-01 2.827550669594711130e-01
2.793300104774555370e-01 1.069858939655174285e-01 2.967584130330342407e-01 3.169256825239924469e-01
2.373852394490157669e-01 1.110035118782455726e-01 2.994800081974494654e-01 3.521312404752888758e-01
2.026482203135792637e-01 1.171489287109567928e-01 2.949597677729883793e-01 3.852430832024756890e-01
1.752755895266936148e-01 1.222513834258056042e-01 2.901845004748018764e-01 4.122885265726990989e-01
1.535743996983790494e-01 1.237887204953567744e-01 2.916558434714666137e-01 4.309810363347974516e-01
1.366712721969282895e-01 1.207483625460822191e-01 3.010256610089628859e-01 4.415547042480266748e-01
1.228628196781413190e-01 1.158993606905431434e-01 3.157281365393558858e-01 4.455096830919595963e-01
1.123606298729799419e-01 1.102593112058713049e-01 3.323040833377428060e-01 4.450759755834061138e-01
1.053471378272291953e-01 1.056864224064002350e-01 3.464077494999077134e-01 4.425586902664623845e-01
1.014646420627932227e-01 1.040171917218550707e-01 3.545563607227793512e-01 4.399618054925725219e-01
1.021622269535500532e-01 1.038167703374603262e-01 3.556481228836728681e-01 4.383728798253170855e-01
1.063026449180741045e-01 1.048980643959211562e-01 3.510582506881422815e-01 4.377410399978626243e-01
1.128993205225319318e-01 1.063742462027198743e-01 3.425902147526436736e-01 4.381362185221047145e-01
1.221431874853444316e-01 1.075264074733350422e-01 3.300716767583855571e-01 4.402587282829351634e-01
1.334258429524977918e-01 1.092279831338767021e-01 3.135012206452725270e-01 4.438449532683528265e-01
1.454907010402254619e-01 1.066491927143914803e-01 3.009823021040901048e-01 4.468778041412927449e-01
1.528626027263221276e-01 9.536981976095292024e-02 3.053738483055976061e-01 4.463937292071272767e-01
1.502152193772635369e-01 7.871612588750191708e-02 3.293130810371646677e-01 4.417555736980698367e-01
1.384052942952658516e-01 6.336866984087938248e-02 3.567395457772049583e-01 4.414864900866498632e-01
1.240058522885893466e-01 5.380725322112962783e-02 3.647984070294991166e-01 4.573884874607818118e-01
1.124220025264751482e-01 4.815218721695382204e-02 3.473183466967823541e-01 4.921074635597886271e-01
1.035690169996634213e-01 4.367175579055657120e-02 3.100367446322395137e-01 5.427224825775402994e-01
9.426709410706651804e-02 3.913277146875443480e-02 2.600593846813571419e-01 6.065407497428214612e-01
8.156216114348598112e-02 3.449990923412674104e-02 2.034446409584317883e-01 6.804932886639554201e-01
6.495718990816885807e-02 2.994452797085437115e-02 1.478377181117263017e-01 7.572605640092502366e-01
4.739154884681666402e-02 2.520604093566737938e-02 1.020467169062647950e-01 8.253556933112510263e-01
3.265525358947141132e-02 2.008414474873581809e-02 6.995234335975904216e-02 8.773082583020340719e-01
2.219253179430633396e-02 1.461875845749962231e-02 5.011473096895087409e-02 9.130739787792433448e-01
1.547219066636422620e-02 9.421795718307061571e-03 3.943168857667575522e-02 9.356743250386526656e-01
1.147268464626130524e-02 5.441314192462204206e-03 3.533144720272841238e-02 9.477545539585480183e-01
9.477681778468327947e-03 3.061400762659135209e-03 3.620688312100894812e-02 9.512540343378634855e-01
9.106706496026783018e-03 1.881382165522986396e-03 4.132259496757597489e-02 9.476893163708743906e-01
1.023913406555896494e-02 1.322178151099482127e-03 5.099949397950025859e-02 9.374391938038415528e-01
1.302307903181348578e-02 1.020967829909614566e-03 6.714312583320131145e-02 9.188128273050757411e-01
1.778363360219454431e-02 8.306498939737357859e-04 9.284432915479223780e-02 8.885413873490396464e-01
2.500825602907021453e-02 7.363132919064603165e-04 1.307761673656196999e-01 8.434792633134037265e-01
3.553529386774731402e-02 7.548005196115002268e-04 1.822915327122916485e-01 7.814183729003495449e-01
5.096217510159284370e-02 9.000797484555498424e-04 2.488728141531522664e-01 6.992649309967992055e-01
7.377354260692602084e-02 1.191298797491533454e-03 3.330194790664291471e-01 5.920156795291530161e-01
1.057621801203718903e-01 1.609562823333375581e-03 4.317728946760381881e-01 4.608553623802564836e-01
1.450086296289825882e-01 1.996703290702304956e-03 5.248624678758007089e-01 3.281321992045148628e-01
1.883293838180077617e-01 2.175148088927326018e-03 5.836300524722299876e-01 2.258654156208348973e-01
2.401559918566069096e-01 2.317257577230499160e-03 5.904915382640452126e-01 1.670352123021175972e-01
3.099109400072692644e-01 2.810752909261454886e-03 5.415555171873415174e-01 1.457227898961276635e-01
3.985039251647898295e-01 3.940865614474972634e-03 4.460197898290709784e-01 1.515354193916642611e-01
4.875217696291966329e-01 5.942863612665316535e-03 3.331132283681846329e-01 1.734221383899533508e-01
5.499009880915554094e-01 7.713619904751071489e-03 2.425007399821266507e-01 1.998846520215670497e-01
5.882558661723246152e-01 9.929668035780367386e-03 1.795354859674028747e-01 2.222789798244924897e-01
6.119154987056734107e-01 1.255652353425587564e-02 1.391872352752644981e-01 2.363407424848061877e-01
6.274582988588571775e-01 1.564234014023366953e-02 1.148541959205176266e-01 2.420451650803913390e-01
6.369771808764618237e-01 1.900162329827363369e-02 1.026078197543479620e-01 2.414133760709167298e-01
6.419830836837082666e-01 2.261635578292731097e-02 9.935107053603232929e-02 2.360494899973318017e-01
6.445554286750253548e-01 2.646491970235653399e-02 1.026382188948556512e-01 2.263414327277625537e-01
6.470277508132638022e-01 3.024703791707340078e-02 1.109680726235938442e-01 2.117571386460688487e-01
6.500066418001629875e-01 3.385900036449093764e-02 1.238908169971136980e-01 1.922435408382323074e-01
6.508228452966741129e-01 3.776387151120257080e-02 1.420361289548945083e-01 1.693771542372286554e-01
6.433894072751328297e-01 4.254595092818384827e-02 1.675376977573823645e-01 1.465269440393007494e-01
6.190551000732353870e-01 4.837349705088399288e-02 2.050316541421388916e-01 1.275397487337416869e-01
5.748993276942326869e-01 5.325158410885674765e-02 2.582999947183464706e-01 1.135490934785642614e-01
5.054337766480091476e-01 5.708750238907819852e-02 3.332817591921707900e-01 1.041969617707417806e-01
4.243426797100673387e-01 5.981240662277768905e-02 4.166438730207803198e-01 9.920104064637466634e-02
3.492294643666581377e-01 6.254160606371689246e-02 4.891115549245010352e-01 9.911737464512399010e-02
2.920178120790410392e-01 6.486061964574503513e-02 5.399285175005260617e-01 1.031930507746880166e-01
2.498515807720408655e-01 6.408915775665338654e-02 5.780333082017488078e-01 1.080259532695565933e-01
6.328641468449970331e-01 2.801729847847088048e-02 1.365264152520342077e-02 3.254659131513290005e-01
6.523678773245397133e-01 2.912853408139539149e-02 1.327899165389338949e-02 3.052245969401713444e-01
6.706489146277577751e-01 2.983077176830345803e-02 1.284783365493768342e-02 2.866724799490009690e-01
6.869309856253977831e-01 3.046216336652705220e-02 1.219638690559811216e-02 2.704104641024771549e-01
7.008609011412890721e-01 3.058381415434785131e-02 1.134771813023028805e-02 2.572075665741325734e-01
7.122655909275227293e-01 2.992948250206252381e-02 1.042832334093257186e-02 2.473766032294822670e-01
7.220119367773923935e-01 2.882260034094042897e-02 9.638905583534628299e-03 2.395265572981327695e-01
7.307893763550368238e-01 2.775071953365512711e-02 9.114324966408448095e-03 2.323455791448996721e-01
7.349411627215185483e-01 2.754883581706895485e-02 9.094561830627402935e-03 2.284154396307848389e-01
7.302586134327492262e-01 2.909406625753969966e-02 9.918810181095539732e-03 2.307285101286156714e-01
7.178373305174133856e-01 3.216422878584272727e-02 1.169808285056883959e-02 2.383003578461749261e-01
7.026574391827835608e-01 3.545394199709354932e-02 1.419771676597939188e-02 2.476909020541434858e-01
6.884472581310091543e-01 3.821747026987833834e-02 1.705819284630358951e-02 2.562770787528090288e-01
6.788676998086536907e-01 4.040092993916205577e-02 1.974004634470770750e-02 2.609913239074765356e-01
6.812079462242810468e-01 4.119452102860973741e-02 2.144257471179019867e-02 2.561549580353188471e-01
7.016479034170410856e-01 3.893497968400298770e-02 2.162593258143474112e-02 2.377911843175212481e-01
7.400808053250759189e-01 3.294070062101175228e-02 2.046478483845419472e-02 2.065137092154583631e-01
7.890753368564045189e-01 2.506372809492285469e-02 1.876203003895834595e-02 1.670989050097140549e-01
8.381452633074776282e-01 1.773665586046450221e-02 1.721667546933265680e-02 1.269014053627251226e-01
8.793505265281730265e-01 1.218467750895819122e-02 1.613315595418185477e-02 9.233164000868730736e-02
9.096470052578521370e-01 8.450338984460289277e-03 1.556044393567314679e-02 6.634221182201448241e-02
9.306173777521666857e-01 5.983980530383119223e-03 1.530257249236140552e-02 4.809606922508870286e-02
9.449034127468232125e-01 4.313798071840303436e-03 1.514779611684182251e-02 3.563499306449430942e-02
8.339340678127021844e-01 1.296863798776255183e-01 1.157362670434541538e-02 2.480592560532694432e-02
8.395016859753169358e-01 1.293324412621239539e-01 1.209191863143991436e-02 1.907395413111891841e-02
8.365416292266864007e-01 1.346819512746508796e-01 1.297211748790752517e-02 1.580430201075520499e-02
8.257152471915061298e-01 1.463566241003466661e-01 1.374249737280993158e-02 1.418563133533730022e-02
8.080606071777978183e-01 1.642212360263498871e-01 1.410624259494159226e-02 1.361191420091045420e-02
7.846428697726968160e-01 1.875079579242623362e-01 1.414657861940012661e-02 1.370259368364058240e-02
7.563291452708008622e-01 2.152599254157223085e-01 1.418267115778629357e-02 1.422825815569046977e-02
7.225788111839314132e-01 2.476941019746626838e-01 1.460279457154721634e-02 1.512429226985844734e-02
6.842919893081458316e-01 2.837731664039488400e-01 1.565613445594984943e-02 1.627870983195560742e-02
6.457412041721530827e-01 3.194251196984124186e-01 1.741830471238504582e-02 1.741537141704920313e-02
6.071980794438192053e-01 3.539333704521582802e-01 2.015281117109107498e-02 1.871573893293154364e-02
5.643555110639945083e-01 3.909877463444766388e-01 2.401110333541113181e-02 2.064563925611759276e-02
5.143038141207301184e-01 4.341223442782196629e-01 2.827556896937695810e-02 2.329827263167314963e-02
4.586714193242849569e-01 4.835380481199118008e-01 3.133320558969893144e-02 2.645732696610432824e-02
4.053816037545127093e-01 5.327744460209139499e-01 3.176988422481354796e-02 3.007406599975982406e-02
3.560817534280464325e-01 5.798272394615604508e-01 3.005832783598442332e-02 3.403267927440910973e-02
3.163891793671003705e-01 6.189489012992256400e-01 2.721164623119136025e-02 3.745027310248268820e-02
2.860656580293240436e-01 6.498840745546694553e-01 2.417616175146253960e-02 3.987410566454389210e-02
2.687618352531792043e-01 6.671580172616705662e-01 2.224234624814045228e-02 4.183780123700980152e-02
2.629671289971441950e-01 6.717627600100786189e-01 2.118945463752762437e-02 4.408065635524959641e-02
2.721152276795433811e-01 6.587648392786348284e-01 2.147616199685159835e-02 4.764377104497029974e-02
2.992087155099020790e-01 6.257234953453938431e-01 2.176943986385699095e-02 5.329834928084702106e-02
3.486579697567666059e-01 5.686021166095927004e-01 2.193636922339404702e-02 6.080354441024667794e-02
4.172307290011786352e-01 4.936403361067646656e-01 2.118158117384322942e-02 6.794735371821343517e-02
4.928141863069580575e-01 4.161368642146616170e-01 1.942089591089272288e-02 7.162805356748770669e-02
5.654856699727203173e-01 3.478169839469322788e-01 1.715832449709929486e-02 6.953902158324784533e-02
6.361933785587137180e-01 2.878613596508129424e-01 1.445931810613888813e-02 6.148594368433429186e-02
7.012990569815819031e-01 2.362958922362326242e-01 1.249619169146199381e-02 4.990885909072340781e-02
7.616590704962814540e-01 1.892899998588751798e-01 1.083624975637388979e-02 3.821467988846941749e-02
8.191717404959272253e-01 1.433672939508125743e-01 9.383280912963826853e-03 2.807768464029642558e-02
8.738265949397119314e-01 9.823369152833347218e-02 8.132077356351716940e-03 1.980763617560272333e-02
9.186844875647116604e-01 6.038327416273150949e-02 7.210655648859437376e-03 1.372158262369728085e-02
9.483615590943238471e-01 3.518645602320085580e-02 6.664833803165331333e-03 9.787151079309972662e-03
9.652466491407781790e-01 2.089166862327790364e-02 6.408045915752406431e-03 7.453636320191635821e-03
9.740705282874754234e-01 1.346147194372953639e-02 6.306738028245668926e-03 6.161261740549801511e-03
9.783597807768402710e-01 9.863647224221779725e-03 6.242402601713964438e-03 5.534169397223964899e-03
9.798455092653742815e-01 8.502058253037859600e-03 6.226014455944295541e-03 5.426418025643124469e-03
9.790804405114904574e-01 8.696522061811616522e-03 6.397524937216104123e-03 5.825512489481728291e-03
9.761180814531112970e-01 1.022654763348578889e-02 6.921015359961011498e-03 6.734355553441812373e-03
9.703314678814918270e-01 1.332691862270932864e-02 8.048723949462896141e-03 8.292889546335932560e-03
9.599611725062784373e-01 1.875829052387526993e-02 1.033415897417449929e-02 1.094637799567171714e-02
9.417293640684044620e-01 2.770891933549542163e-02 1.500318844811481499e-02 1.555852814798541761e-02
9.095469135995182253e-01 4.215367170257519613e-02 2.458693860841845713e-02 2.371247608948813188e-02
8.541622311461751771e-01 6.535551907662624782e-02 4.267113265159087898e-02 3.781111712560773080e-02
7.713541185014307633e-01 9.961730765395776510e-02 6.917277393303968014e-02 5.985579991157170821e-02
6.780066948184033659e-01 1.389012549918588468e-01 9.480789951234194768e-02 8.828415067739546485e-02
5.963904065918017583e-01 1.729989327030493074e-01 1.120869426158204174e-01 1.185237180893285031e-01
5.286955789399740979e-01 2.011495556627249659e-01 1.230898801433505108e-01 1.470649852539503144e-01
4.642318764081107552e-01 2.314374428292725328e-01 1.324193139328286584e-01 1.719113668297880537e-01
3.927297230367889358e-01 2.741875201731997502e-01 1.435657604653875208e-01 1.895169963246240707e-01
3.174996810057004737e-01 3.305959256358891873e-01 1.583474755169518855e-01 1.935569178414586200e-01
2.463105178479660651e-01 3.951745667695182318e-01 1.787517555981666395e-01 1.797631597843490359e-01
1.858315070256350565e-01 4.556465646524148760e-01 2.067229420498575276e-01 1.517989862720927341e-01
1.381527438219148918e-01 5.027343289173680230e-01 2.402986123838572741e-01 1.188143148768597973e-01
1.029916653102467966e-01 5.273480971235655623e-01 2.810020224312670956e-01 8.865821513492062877e-02
7.833801267087563136e-02 5.407241272032897728e-01 3.165991383325748032e-01 6.433872179325988983e-02
6.256919252267401088e-02 5.540857240231514824e-01 3.367322167239721331e-01 4.661286673020265808e-02
5.391772953081000463e-02 5.673256686218232092e-01 3.443638485600583055e-01 3.439275328730857784e-02
4.983298108279132083e-02 5.592436255139136003e-01 3.652077170676003570e-01 2.571567633569475306e-02
4.737925039627408075e-02 5.064262076809575852e-01 4.271071154746901022e-01 1.908742644807875574e-02
4.322473360979629114e-02 4.099939463509604809e-01 5.330637046078051666e-01 1.371761543143838573e-02
3.638238143754238957e-02 3.021783623478014880e-01 6.518968263353849268e-01 9.542429879271127971e-03
2.890019806228327770e-02 2.150520359359263944e-01 7.494070780405989174e-01 6.640687961191455574e-03
2.262336214981025204e-02 1.580815241982407582e-01 8.144990344477199828e-01 4.796079204228734585e-03
1.826893503698052632e-02 1.274339849050075135e-01 8.505864166395445958e-01 3.710663418467485819e-03
1.591782282067874185e-02 1.160034840934704159e-01 8.649441253729955870e-01 3.134567712855319908e-03
1.505542126122483455e-02 1.163787893265040424e-01 8.657447035886365327e-01 2.821085823634437214e-03
1.489079625777538392e-02 1.223552734701896932e-01 8.601822552262722299e-01 2.571675045762700750e-03
1.479777448879156937e-02 1.297100424595378498e-01 8.532002275040675432e-01 2.291955547603152961e-03
1.462052153473515463e-02 1.373911319087032512e-01 8.459741833398184419e-01 2.014163216743115447e-03
1.443857699927863190e-02 1.440823994323020274e-01 8.396860751640253806e-01 1.792948404393974191e-03
1.429011832841334435e-02 1.457104428083727532e-01 8.383424674776652763e-01 1.656971385548441618e-03
1.432761422916786070e-02 1.416247493396664003e-01 8.423873351861713710e-01 1.660301244994392923e-03
1.502489758042787824e-02 1.392485064995677424e-01 8.437996975187583848e-01 1.926898401245810038e-03
1.663195751107786682e-02 1.442719117279569752e-01 8.364825119207702775e-01 2.613618840195065709e-03
1.871148902840234773e-02 1.566584340937525188e-01 8.207666733956963112e-01 3.863403482148787971e-03
2.073549516280099453e-02 1.773806923575761418e-01 7.960088005187998528e-01 5.875011960823061166e-03
2.283631506681216977e-02 2.082602106917660345e-01 7.598307010517434401e-01 9.072773189678291425e-03
2.569982424457421116e-02 2.403927354590318088e-01 7.199802575866701693e-01 1.392718270972360603e-02
2.965802572832503675e-02 2.550424966114708814e-01 6.952971561274673418e-01 2.000232153273655625e-02
3.427402758203366984e-02 2.482423988477516219e-01 6.915792552902313428e-01 2.590431827998346606e-02
3.893889409041587785e-02 2.333567834565424826e-01 6.968861215241506368e-01 3.081820092889056908e-02
4.302609378200149270e-02 2.199044580319068354e-01 7.026069505664279680e-01 3.446249761966337088e-02
4.586461394202438063e-02 2.075654958374556214e-01 7.102806099064911116e-01 3.628928031402892801e-02
4.731118034926667243e-02 1.938576199333089112e-01 7.225885934948861333e-01 3.624260622253813735e-02
4.721013362547225173e-02 1.763097780388022118e-01 7.418153889638159360e-01 3.466469937190944095e-02
4.527323720811719798e-02 1.551217069416341021e-01 7.678383583021700654e-01 3.176669754807884272e-02
4.154155358032783629e-02 1.329573381382694042e-01 7.978561444956580040e-01 2.764496378574514759e-02
3.682749042613302215e-02 1.124022501519428424e-01 8.279010846367336196e-01 2.286917478519065114e-02
