7.324828006463071639e-02 1.477948367390966578e-01 1.337332956741240086e-01 6.452235875221484784e-01
8.502207800956673722e-01 1.546424805066747010e-03 1.197253405802864157e-01 2.850745451897937141e-02
8.523438098659168460e-01 1.062913670632537966e-03 1.238066171627879297e-01 2.278665930066266221e-02
8.552394534435791007e-01 7.719711142444243444e-04 1.257943042812023626e-01 1.819427116097410355e-02
8.618801315408168850e-01 6.054556543702866583e-04 1.226168936436926593e-01 1.489751916112009959e-02
8.738160386642707111e-01 5.292793390457911293e-04 1.129812347746993323e-01 1.267344722198404661e-02
8.888165476227959383e-01 5.388879320623368632e-04 9.940176883805762476e-02 1.124279560708439825e-02
9.013037086906960926e-01 6.421920293521136015e-04 8.780395593353991501e-02 1.025014334641178269e-02
9.056601239266348635e-01 8.404451072346109421e-04 8.418807140845177561e-02 9.311359557678708723e-03
8.967605701002847596e-01 1.177740302255905888e-03 9.353883399234275142e-02 8.522855605116551672e-03
8.684872244445329681e-01 1.808232748961776824e-03 1.214760906108193345e-01 8.228452195685966378e-03
8.160627534267601568e-01 2.948368056651325380e-03 1.725770542478153591e-01 8.411824268773127056e-03
7.458419968740244155e-01 4.813948233561120282e-03 2.403156102639466551e-01 9.028444628467783076e-03
6.828760986748866335e-01 7.581785632996877744e-03 2.990471163348795147e-01 1.049499935723720474e-02
6.510924482441656780e-01 1.096287609837078361e-02 3.249273676660346943e-01 1.301730799142887529e-02
6.500770220839828806e-01 1.422076055680580528e-02 3.194008546963826300e-01 1.630136266282875349e-02
6.638604066930011705e-01 1.742427537938448512e-02 2.982738140892433054e-01 2.044150383837094534e-02
6.785525247382041547e-01 2.112484107466062674e-02 2.746383482390477582e-01 2.568428594808750548e-02
6.869865544241232636e-01 2.579602089944402557e-02 2.551340011649315120e-01 3.208342351150120925e-02
6.875504762871510467e-01 3.171508368363031016e-02 2.414592299858699109e-01 3.927521004334878080e-02
6.826897152679660685e-01 3.893570449496492475e-02 2.320393919071784272e-01 4.633518832989089870e-02
6.774004458763435155e-01 4.757053591062615494e-02 2.227850747626675398e-01 5.224394345036283832e-02
6.759640402278626059e-01 5.871932035419111934e-02 2.077193040189103113e-01 5.759733539903631738e-02
6.755544168712954711e-01 7.502791211055885590e-02 1.836905871105423971e-01 6.572708390760310937e-02
6.672523723211279956e-01 9.700187698607080911e-02 1.560239428381543225e-01 7.972180785464665076e-02
6.430990777335710007e-01 1.230567095916786230e-01 1.349272775898875953e-01 9.891693508486294750e-02
6.187553913974975783e-01 1.398187482356253730e-01 1.243674092787438457e-01 1.170584510881334112e-01
6.020988242971758719e-01 1.420520553012455389e-01 1.260675973538679384e-01 1.297815230477105120e-01
5.849408798880336713e-01 1.330389377458004174e-01 1.438411727092853698e-01 1.381790096568803750e-01
5.582697735561217289e-01 1.177271116142594443e-01 1.786736243761140042e-01 1.453294904535046284e-01
5.134162724475721529e-01 1.007151273406126230e-01 2.317924440407219677e-01 1.540761561710930205e-01
4.555862426277813571e-01 8.321256257459028194e-02 2.960534512951651376e-01 1.651477435024632512e-01
3.892676877547538994e-01 6.795539613036727378e-02 3.633738219582067219e-01 1.794030941566723547e-01
3.225114573012166641e-01 5.591274627154741578e-02 4.233315168540187079e-01 1.982442795732173579e-01
2.697157098832484445e-01 4.765688076684604368e-02 4.571551401901087774e-01 2.254722691597969009e-01
2.273343419118128983e-01 4.305765306996257175e-02 4.633943291585013169e-01 2.662136758597234976e-01
1.979226968592471270e-01 4.246495313429995977e-02 4.399344435642346673e-01 3.196779064422181071e-01
1.696819468082042537e-01 4.195054518504326424e-02 4.189714607340511154e-01 3.693960472727015887e-01
1.402585603806888181e-01 3.902054463206521689e-02 4.296866563607729117e-01 3.910342386264728520e-01
1.106152015073098849e-01 3.297329512633928594e-02 4.842007576630275589e-01 3.722107457033233535e-01
8.448435305029523834e-02 2.555967909730712251e-02 5.667701321930678215e-01 3.231858356593300119e-01
6.664942577307139682e-02 1.932993093479781765e-02 6.420763996257021766e-01 2.719442436664286089e-01
5.824240262172710597e-02 1.525947191492577071e-02 6.892000502687712915e-01 2.372980751945757971e-01
5.732543238145405146e-02 1.289084801711421792e-02 7.102511533397859456e-01 2.195325662616456619e-01
6.234820667339848604e-02 1.166559386593300600e-02 7.115500287665652568e-01 2.144361706941032286e-01
7.297889119036984895e-02 1.127884371836643772e-02 6.962014261903520795e-01 2.195408389009116668e-01
8.979344195079234925e-02 1.166410741456044495e-02 6.649283678349134918e-01 2.336140827997335856e-01
1.128739517211429788e-01 1.284574393249832830e-02 6.198727564025759973e-01 2.544075479437826193e-01
1.395369887339474313e-01 1.476671031826755007e-02 5.702303958091917702e-01 2.754659051385932589e-01
1.637806455113260395e-01 1.712895654573222057e-02 5.332385657611554697e-01 2.858518321817862806e-01
1.778869511801200731e-01 1.925580943875139506e-02 5.268519819276764604e-01 2.760052574534520575e-01
1.754301299069669084e-01 2.028880817388251101e-02 5.594621343613992437e-01 2.448189275577513091e-01
1.598649296938976228e-01 1.954765623938871377e-02 6.190787347855263301e-01 2.015086792811874861e-01
1.401450241956539722e-01 1.755460014650854841e-02 6.834588870851593390e-01 1.588414885726780468e-01
1.261135604157442303e-01 1.511938542471991109e-02 7.342273672766412851e-01 1.245396868828947540e-01
1.222612388838478087e-01 1.295449226753618739e-02 7.647579435768789846e-01 1.000263252717370627e-01
1.317626172258654083e-01 1.149123127553740992e-02 7.723732000436968059e-01 8.437295145490054937e-02
1.591442936440422840e-01 1.085341970836839476e-02 7.542646946480006109e-01 7.573759199958889077e-02
2.086185380193542604e-01 1.075386224551531586e-02 7.097396399711797255e-01 7.088795976395123599e-02
2.793058893778656016e-01 1.068357191360009596e-02 6.437000743751031262e-01 6.631046433343135149e-02
3.619804763758178723e-01 9.986753671829287637e-03 5.676132518937642146e-01 6.041951805858885444e-02
4.389188553723614161e-01 9.405651491217021168e-03 4.979268431051881438e-01 5.374865003123351775e-02
4.997480581540311162e-01 8.599103277776463591e-03 4.439891403973256212e-01 4.766369817086691524e-02
5.415477230579479606e-01 7.763504500348460645e-03 4.080089932777752892e-01 4.267977916392824006e-02
5.669334653626714182e-01 7.090603212648839519e-03 3.870279844272362380e-01 3.894794699744363875e-02
5.796834374508902377e-01 6.617887797238773510e-03 3.775980411864203190e-01 3.610063356545084590e-02
5.846415564645862650e-01 6.283341673934047904e-03 3.753648916192042218e-01 3.371021024227537771e-02
5.875469516210317655e-01 6.138183547967038245e-03 3.740453185182983087e-01 3.226954631270292223e-02
5.938526495104594627e-01 6.248046364114792292e-03 3.674165512319155780e-01 3.248275289351022083e-02
6.071911866920595147e-01 6.565728543235975143e-03 3.518559110757250585e-01 3.438717368897939441e-02
6.284592874353046588e-01 7.049921406482472473e-03 3.268259903748945150e-01 3.766480078331858189e-02
6.568885403784054944e-01 7.786992856325417219e-03 2.931379807463361242e-01 4.218648601893335015e-02
3.393688946781426852e-01 3.417336220229755805e-01 6.654996432582883925e-02 2.523475189730530754e-01
3.479982668842032112e-01 4.241168641886205321e-02 5.187248912563460213e-01 9.086515544058852700e-02
3.667989256066372938e-01 4.069359884652323789e-02 4.957275395858521394e-01 9.677993596098720397e-02
4.000347132593553012e-01 4.159578591838646033e-02 4.464696868225383475e-01 1.118998139997193914e-01
4.430098263712242135e-01 4.294715936984402210e-02 3.849372019568722547e-01 1.291058123020597248e-01
4.953510200337526426e-01 4.392722875272769140e-02 3.183736459868241608e-01 1.423481052266954427e-01
5.490774272434119085e-01 4.552123155177836833e-02 2.560399019134445564e-01 1.493614392913651390e-01
6.012797164708933995e-01 4.792242563473334688e-02 1.995870913401348867e-01 1.512107665542385404e-01
6.477221827343073723e-01 5.128907624662631254e-02 1.491786963767393337e-01 1.518100446423273631e-01
6.785225723525749597e-01 5.546834045902925003e-02 1.085553682074300447e-01 1.574537189809657178e-01
6.906662531063429977e-01 5.996863280133423596e-02 7.545093200576608039e-02 1.739141820865569010e-01
6.791269355335876057e-01 6.425376396706160287e-02 5.014411003157458885e-02 2.064751904677763206e-01
6.428383892911144759e-01 7.039806579491168781e-02 3.140298259669395409e-02 2.553605623172799932e-01
5.960277425685852615e-01 7.623894672329795119e-02 1.950944563015689567e-02 3.082238650779598466e-01
5.609368654007577115e-01 8.040643795002126726e-02 1.260867318385176968e-02 3.460480234653688925e-01
5.512932495253585197e-01 8.241956258625530995e-02 8.906862352827098900e-03 3.573803255355591513e-01
5.712290187111865869e-01 8.159646233437507779e-02 7.008143602080081636e-03 3.401663753523583855e-01
6.177049001685219753e-01 7.703626358872933677e-02 6.021171683207171901e-03 2.992376645595412055e-01
6.790070646062736914e-01 6.892108702164294332e-02 5.507823277069457020e-03 2.465640250950137391e-01
7.376080664808409848e-01 5.961098822886164161e-02 5.351164382254122720e-03 1.974297809080434174e-01
7.830102856663319066e-01 5.136907885396595208e-02 5.481167662150090297e-03 1.601394678175521447e-01
8.155299021322418573e-01 4.471000261317598784e-02 5.767718393654757900e-03 1.339923768609274923e-01
8.394611057297938217e-01 3.924577596937123963e-02 6.088510269919794084e-03 1.152046080309152010e-01
8.584777249556246881e-01 3.456657955607836397e-02 6.417299218257050027e-03 1.005383962700398814e-01
8.751014251808023614e-01 3.040405466814572952e-02 6.832167396915928177e-03 8.766235275413575279e-02
8.917528400293591728e-01 2.635116451489858888e-02 7.400194092954991490e-03 7.449580136278748099e-02
9.101561212303908022e-01 2.198529891977487813e-02 8.128982401712682090e-03 5.972959744812125077e-02
9.284230310682483056e-01 1.767296909248294509e-02 9.132415707091183846e-03 4.477158413217761923e-02
9.419094582592281162e-01 1.450226739127113626e-02 1.072198528493809901e-02 3.286628906456248028e-02
9.490926432345239139e-01 1.294065714171319277e-02 1.294831844141035998e-02 2.501838118235272593e-02
9.514331605384733770e-01 1.283303639239348828e-02 1.539382776893954453e-02 2.033997530019370989e-02
9.502191549526053382e-01 1.396876481814474796e-02 1.781046840611169232e-02 1.800161182313823882e-02
9.474584575161684175e-01 1.554556587040824105e-02 2.002034777668269816e-02 1.697562883674052711e-02
9.448837220989579899e-01 1.667391476739643261e-02 2.174599111886840047e-02 1.669637201477712843e-02
9.424110190183884184e-01 1.730360361302238359e-02 2.276600012945144413e-02 1.751937723913749023e-02
9.393351273427655856e-01 1.767433166195089486e-02 2.289064938446151720e-02 2.009989161082209944e-02
9.360166882611988814e-01 1.746823552489408515e-02 2.179295327310821692e-02 2.472212294079896913e-02
9.340963983483308031e-01 1.590432574713454214e-02 1.922039633962462427e-02 3.077887956491010338e-02
9.328568235593290847e-01 1.332073022241957519e-02 1.596091050162999972e-02 3.786153571662136119e-02
9.301590582780794314e-01 1.075919204453771282e-02 1.297937462530734595e-02 4.610237505207555320e-02
9.241929117026608242e-01 8.883954726313538289e-03 1.052067876032937790e-02 5.640245481069610517e-02
9.116749086139877001e-01 8.044502190719235793e-03 8.516417429956041341e-03 7.176417176533711473e-02
8.882707574596736544e-01 8.363930126587412750e-03 6.901134559833952374e-03 9.646417785390511146e-02
8.520966879197126032e-01 9.719179688374931375e-03 5.686247534454146914e-03 1.324978848574583923e-01
8.061562815806535554e-01 1.175564551534683498e-02 4.925982392110363900e-03 1.771620905118891920e-01
7.585346339544432048e-01 1.296584984489107875e-02 4.481972566268475552e-03 2.240175436343972704e-01
7.166017070157998381e-01 1.355969061400880832e-02 4.199878249244369706e-03 2.656387241209468564e-01
6.805638725684932666e-01 1.356003033432946585e-02 4.032399704511036194e-03 3.018436973926658662e-01
6.459538041554542254e-01 1.417051169270440621e-02 4.049051617550681291e-03 3.358266325342905700e-01
6.120547362429157312e-01 1.579098089365571500e-02 4.298991840762436505e-03 3.678552910226659534e-01
5.808509851351717490e-01 1.796143603850192463e-02 4.803713825380400565e-03 3.963838650009462450e-01
5.570604374980415718e-01 2.009079836656766857e-02 5.595996761086766309e-03 4.172527673743041121e-01
5.484182354883965216e-01 2.215982034412160295e-02 6.779823527763058875e-03 4.226421206397190655e-01
5.594075227739998546e-01 2.393938029677662380e-02 8.391534427546943134e-03 4.082615625016762784e-01
5.861338385693019015e-01 2.511838948631471558e-02 1.060300078191573313e-02 3.781447711624675856e-01
6.213207649820088330e-01 2.569045579512848482e-02 1.407061686304400018e-02 3.389181623598187532e-01
6.597439966712684845e-01 2.593473485362277411e-02 1.996268176973818240e-02 2.943585867053704619e-01
6.986593600360649914e-01 2.465460686178236327e-02 3.151570516238400010e-02 2.451703279397685897e-01
7.264733855648538574e-01 2.437567287765541116e-02 5.408658495680072203e-02 1.950643566006902974e-01
7.288397402413893111e-01 2.441039524850801765e-02 9.372647715064441609e-02 1.530233873594581961e-01
6.970499616561962597e-01 2.531478099000054188e-02 1.528770716301780797e-01 1.247581857236251673e-01
6.433933381745737812e-01 2.697072868922447200e-02 2.201109879338172814e-01 1.095249452023841913e-01
5.845652749599015152e-01 2.898106892460603976e-02 2.818739713049694950e-01 1.045796848105230437e-01
5.208978838988883586e-01 3.259345763264641371e-02 3.381182672801040789e-01 1.083903911883612597e-01
4.616546414873786697e-01 3.721073018935568133e-02 3.812209802415910675e-01 1.199136480816744288e-01
4.145405610744893887e-01 4.374167475474289440e-02 4.008130682682318202e-01 1.409046959025358203e-01
3.829951636228280942e-01 5.236277781602471926e-02 3.901566811179416616e-01 1.744853774432055804e-01
3.591995553902488370e-01 6.200756114807458308e-02 3.580699631600339772e-01 2.207229203016425334e-01
3.379144795368346221e-01 7.438815592445768843e-02 3.088944474069315604e-01 2.788029171317759070e-01
3.163854411496409558e-01 9.369084764104121388e-02 2.416362525906827485e-01 3.482874586186350818e-01
2.910410991212251663e-01 1.241022397491041707e-01 1.656785106907516791e-01 4.191781504389186508e-01
2.628358126615882306e-01 1.641597991209324259e-01 1.028622765456066873e-01 4.701421116718723647e-01
7.194727636229404644e-02 3.048517645103330717e-02 3.825211021721530158e-01 5.150464450145196826e-01
1.201222097720828219e-01 1.565096998272340056e-01 3.035231974067299429e-02 6.930157706600104106e-01
1.001152150453096801e-01 1.156775192922966794e-01 2.626065383673115497e-02 7.579466118256624751e-01
7.429695025277703591e-02 8.160116722306420822e-02 2.221754589552982218e-02 8.218843366286289198e-01
5.149215688841765615e-02 5.618962754879119892e-02 1.952006344890428596e-02 8.727981521138868937e-01
3.545896946569326164e-02 3.733609274890624385e-02 1.898218325081725555e-02 9.082227545345833430e-01
2.505942067428106046e-02 2.384727393948154681e-02 2.111432835103715933e-02 9.299789770352001606e-01
1.837903665732197253e-02 1.509613123405104639e-02 2.665709668541819954e-02 9.398677354232085612e-01
1.406254818949408993e-02 9.721879460822679606e-03 3.600060786586428002e-02 9.402149644838191378e-01
1.146960396591843734e-02 6.516006611893685428e-03 4.950318618879333277e-02 9.325112032333948697e-01
1.031507193093438718e-02 4.655780308279428015e-03 6.908297686971828777e-02 9.159461708910677791e-01
1.050745773810554846e-02 3.643820672287049253e-03 9.811124561888036333e-02 8.877374759707267193e-01
1.223703861579094818e-02 3.234941419182944724e-03 1.398769920008301471e-01 8.446510279641959995e-01
1.591314445155368393e-02 3.358512240795757595e-03 1.934535841122712874e-01 7.872747591953790369e-01
2.169173897981100871e-02 4.041008824533498349e-03 2.511664202744733898e-01 7.231008319211819080e-01
2.918609861595261590e-02 5.333348834193037472e-03 3.073117849344804142e-01 6.581687676153741284e-01
3.828612480059353368e-02 7.417265405368125494e-03 3.622348481731307301e-01 5.920617616209075118e-01
4.975151777155813193e-02 1.086945077628776075e-02 4.117999626716589145e-01 5.275790687804949863e-01
6.392131602869850771e-02 1.637821985476801620e-02 4.468500654227914870e-01 4.728503986937418468e-01
8.161587751236462629e-02 2.484125034082946062e-02 4.578863105179059589e-01 4.356565616289000964e-01
1.053414821473681595e-01 3.775107879345410838e-02 4.363168722635751284e-01 4.205905667956025273e-01
1.355648898447485151e-01 5.499128535209999585e-02 3.884774441787611221e-01 4.209663806243904016e-01
1.692080558913550414e-01 7.372312728231793233e-02 3.346450449485602330e-01 4.224237718777667516e-01
2.025714473028188689e-01 9.099985684082051440e-02 2.919307983536032491e-01 4.144978975027573398e-01
2.321398814974837133e-01 1.064617266510831800e-01 2.643800557487165914e-01 3.970183361027167512e-01
2.533537014565020451e-01 1.214690655306282507e-01 2.489715128358234164e-01 3.762057201770464543e-01
2.632663586977477266e-01 1.355436939230451610e-01 2.440265204197286653e-01 3.571634269594784472e-01
2.628016407356573714e-01 1.448104393452874783e-01 2.516127565933393706e-01 3.407751633257156132e-01
2.547576188889991711e-01 1.439407270744507139e-01 2.788905968381039657e-01 3.224110571984459273e-01
2.411407905387392137e-01 1.295792166970790305e-01 3.381571011473981647e-01 2.911228916167832859e-01
2.200383369802554889e-01 1.047814371376434850e-01 4.362593168641683006e-01 2.389209090179328920e-01
1.887501865826277103e-01 7.473988185000482454e-02 5.631942419137483391e-01 1.733156896536192648e-01
1.482380758998870229e-01 4.806869245214664271e-02 6.938099051109206661e-01 1.098833265370457168e-01
1.049347824199894363e-01 2.745537836132197484e-02 8.071057993340521319e-01 6.050403988463640137e-02
6.740886559289717417e-02 1.406522659227212556e-02 8.889912035313982663e-01 2.953470428343208873e-02
4.154748300481079376e-02 6.541333500171911570e-03 9.384545160022729204e-01 1.345666749274427969e-02
2.489025195883513147e-02 3.137113392348565930e-03 9.658929020141369115e-01 6.079732634679528569e-03
1.557897935515910152e-02 1.626442902321613340e-03 9.798167818021696895e-01 2.977795940349500185e-03
1.043570837614035685e-02 9.327692215718181440e-04 9.869734824532663264e-01 1.658039949021447839e-03
7.482039334337741744e-03 5.967528384202024951e-04 9.908472363083372647e-01 1.073971518904567705e-03
5.731440862319530857e-03 4.386065281646255010e-04 9.929979966071363906e-01 8.319560023795119670e-04
4.842236699033771602e-03 4.026844213754992132e-04 9.939372117057859723e-01 8.178671738045809785e-04
4.745661944074106194e-03 5.050586065267858964e-04 9.936771909780378609e-01 1.072088471361203879e-03
5.610358357045869618e-03 8.934812932520998013e-04 9.916306496071412013e-01 1.865510742560893978e-03
8.443123519242600600e-03 2.236424402983065631e-03 9.850254915197675931e-01 4.294960558007268440e-03
1.711558361921873550e-02 7.654936422196184469e-03 9.620305791648265936e-01 1.319890079375835197e-02
4.266053002955413204e-02 2.711668048030679498e-02 8.835436635206627143e-01 4.667912596947637605e-02
1.006016684672522282e-01 8.032531867372551260e-02 6.804643921895096037e-01 1.386086206695127665e-01
1.697148671651725060e-01 1.482527252394975070e-01 4.120713863534900545e-01 2.699610212418399602e-01
2.153966594701215431e-01 1.901468298782819366e-01 2.230486219231326561e-01 3.714078887284637531e-01
2.398786632905964833e-01 2.090350649142957151e-01 1.239540125773248014e-01 4.271322592177828059e-01
2.529137650773892743e-01 2.186304879726597705e-01 7.357262745150169869e-02 4.548831194984492843e-01
2.581326156012615503e-01 2.257184831209405884e-01 4.629160080925849574e-02 4.698573004685394627e-01
2.546026251037179500e-01 2.330200718303836460e-01 3.067181351982438062e-02 4.817054895460738395e-01
2.405108755159244827e-01 2.405627954984667083e-01 2.164167312302985383e-02 4.972846558625787505e-01
2.166459817726622272e-01 2.462308648430190650e-01 1.669417278628099535e-02 5.204289805980376604e-01
1.867374245920259135e-01 2.476343314000288010e-01 1.432646214588644169e-02 5.513017818620586930e-01
1.538743889705873613e-01 2.464332176822587039e-01 1.356074384276113529e-02 5.861316495043924490e-01
1.241511155824941148e-01 2.426354903017106379e-01 1.373614150174651098e-02 6.194772526140491786e-01
9.945958011943055455e-02 2.361138015024845105e-01 1.472467060669512169e-02 6.497019477713898983e-01
7.772751018597474915e-02 2.254156513879618795e-01 1.665483426209185200e-02 6.802020041639718073e-01
5.909736074941773776e-02 2.097907656709338819e-01 1.975546782275047070e-02 7.113564057568976251e-01
4.358671611166266974e-02 1.930379431611519980e-01 2.443031785832737099e-02 7.389450228688578814e-01
3.212520057456112049e-02 1.808796556407694378e-01 3.113300094093958414e-02 7.558621428437295453e-01
2.503845626946232111e-02 1.784304928811851210e-01 3.977486809725866435e-02 7.567561827520938866e-01
2.123998457254858488e-02 1.873346261058613516e-01 4.872391098034883211e-02 7.427014783412410059e-01
1.930111327209995883e-02 2.057168733644118841e-01 5.533519084258516768e-02 7.196468225209030622e-01
1.838957218669444796e-02 2.301116292292553489e-01 5.814079738562375615e-02 6.933580011984266100e-01
1.825190209976758696e-02 2.592972277094655054e-01 5.648164771268579520e-02 6.659692224780809910e-01
1.873436762853635321e-02 2.942163395391539371e-01 4.969315052790383019e-02 6.373561423044056262e-01
1.958878269747352241e-02 3.368182627687957842e-01 3.936319799546818959e-02 6.042297565382626079e-01
2.068775801914442616e-02 3.865681939354543295e-01 2.924159502716125458e-02 5.635024530182400904e-01
4.799836833625575894e-01 1.505559076017254916e-01 2.464971078426511086e-01 1.229633011930659492e-01
3.899216856101516693e-01 6.011405418538572770e-02 3.953687141901098268e-01 1.545955460143530469e-01
3.736127239763702979e-01 6.583081432966153557e-02 3.816023966653651067e-01 1.789540650286030876e-01
3.500169612102233541e-01 7.069297441713050245e-02 3.737373224614101708e-01 2.055527419112360421e-01
3.235531325792205259e-01 7.393797426491427460e-02 3.691564888131121380e-01 2.333524043427530059e-01
2.965054027335120579e-01 7.539484296616415226e-02 3.656198520789989970e-01 2.624799022213248345e-01
2.717832651258867971e-01 7.594793334317929967e-02 3.596481456789717424e-01 2.926206558519625633e-01
2.442371847081246661e-01 7.437086693328777420e-02 3.565879909931753966e-01 3.248039573654121770e-01
2.153624908905792112e-01 7.240759526867687756e-02 3.515273457322699024e-01 3.607025681084738422e-01
1.872805733190350264e-01 7.140922946286010209e-02 3.400819554339156725e-01 4.012282417841891990e-01
1.625639884444055050e-01 7.140059365649072121e-02 3.228690659410929920e-01 4.431663519580106292e-01
1.415885411985991216e-01 7.025845357352375475e-02 3.080232251307565838e-01 4.801297800971206509e-01
1.238427728294615032e-01 6.647414134965873300e-02 3.013645113836755929e-01 5.083185744372042958e-01
1.091059664563307358e-01 6.039527116499369269e-02 3.028312139218375942e-01 5.276675484568378316e-01
9.734399599169847594e-02 5.322393059649651453e-02 3.095795071425480049e-01 5.398525662692571503e-01
8.880910628022159470e-02 4.632218470118462661e-02 3.179696637510360802e-01 5.468990452675575042e-01
8.386449317380255397e-02 4.065157551198617103e-02 3.247340314874079814e-01 5.507498998268033352e-01
8.284656184934059697e-02 3.653442927302784360e-02 3.277172598795929370e-01 5.529017489980384559e-01
8.591218157147459400e-02 3.369497400517248997e-02 3.263401005122908427e-01 5.540527439110621843e-01
9.269139987947325188e-02 3.146751725580854836e-02 3.213389823888761487e-01 5.545021004758422523e-01
1.022901264922719267e-01 2.932662543075913522e-02 3.131447015464267070e-01 5.552385465305422763e-01
1.142592896264932462e-01 2.740699602884083541e-02 3.006392146890687345e-01 5.576944996555972534e-01
1.283355249080904426e-01 2.594588880894538666e-02 2.845258148419839150e-01 5.611927714409804535e-01
1.401705098759129520e-01 2.390454132768903006e-02 2.742698695116866370e-01 5.616550792847118112e-01
1.455772758226449859e-01 2.047191505953626159e-02 2.805146260461180430e-01 5.534361830717007269e-01
1.403781834874180123e-01 1.611517608991999695e-02 3.084536880541048909e-01 5.350529523685570998e-01
1.295632030914202204e-01 1.282514145508446314e-02 3.422976101473890753e-01 5.153140453061061388e-01
1.224447855687832987e-01 1.136698935651112539e-02 3.570423423619983327e-01 5.091458827127075537e-01
1.216328875994594771e-01 1.091843636862291529e-02 3.474295565524914697e-01 5.200191194794263616e-01
1.264781492740915392e-01 1.069110323700668726e-02 3.207578702428833251e-01 5.420728772460187139e-01
1.357220687771552026e-01 1.049834618381307282e-02 2.827254713822586196e-01 5.710541136567732767e-01
1.443331397347673573e-01 1.025668375504177991e-02 2.381909030603749922e-01 6.072192734498156330e-01
1.475381880668166779e-01 9.993013686372806056e-03 1.909479270432165587e-01 6.515208712035936989e-01
1.424483711344187997e-01 9.584884064646456703e-03 1.460670592471233764e-01 7.018996855538115476e-01
1.282181610586450027e-01 8.537688709967050302e-03 1.114637060098777332e-01 7.517804442215103577e-01
1.109355310039300546e-01 6.918748774348554634e-03 8.880301012804833749e-02 7.933427100936730758e-01
9.497981170638593318e-02 4.995582765155449564e-03 7.826999736362404148e-02 8.217546081648348100e-01
8.256390538203516039e-02 3.274929251285540327e-03 7.970550476148909047e-02 8.344556606051901637e-01
7.545724232789005614e-02 2.116338967312012768e-03 9.422987687502065723e-02 8.281965418297774217e-01
7.525806541269206007e-02 1.503864123816197468e-03 1.240083259104179381e-01 7.992297445530737177e-01
8.212690580118912898e-02 1.228907844439300172e-03 1.724488051675207301e-01 7.441953811868508017e-01
9.395891364511041455e-02 1.111624351786861436e-03 2.478375227538963388e-01 6.570919392492065025e-01
1.049250244369346746e-01 1.029177939478048785e-03 3.597802053328423288e-01 5.342655922907451060e-01
1.078439628460499122e-01 8.972554767090969077e-04 4.988232362871450332e-01 3.924355453900961188e-01
1.018386706706614353e-01 7.015882675721123131e-04 6.316605804262169777e-01 2.657991606355495362e-01
9.203149214291633795e-02 7.596206705928556808e-04 7.344264018072893530e-01 1.727824853792016280e-01
8.331154976450717842e-02 3.302586652651272694e-04 8.071716577128392744e-01 1.091865338573880795e-01
7.542905522896785342e-02 2.215833037448512613e-04 8.585808032815333002e-01 6.576855818575423618e-02
6.840860623448424827e-02 1.675577850035166801e-04 8.932249308624972128e-01 3.819890511801472821e-02
6.465370556771533883e-02 1.595449890931203572e-04 9.119233115063016815e-01 2.326343793688985875e-02
6.452845716375295304e-02 1.661531291500761788e-04 9.186416558384445930e-01 1.666373386865251452e-02
7.598819686819222041e-02 2.285443587880903150e-04 9.076941356186148946e-01 1.608912315440474625e-02
1.052880891238038158e-01 4.128572040984968732e-04 8.732006587294410815e-01 2.109839494265640381e-02
1.579243816731291661e-01 8.713152303734026478e-04 8.081143279506625143e-01 3.308997514583509464e-02
2.315796998346009439e-01 1.794989076582553323e-03 7.136723282784431799e-01 5.295298281037309762e-02
3.117987348573999506e-01 2.978035722032463736e-03 6.066047755547308018e-01 7.861845386583679596e-02
3.846380427351260289e-01 4.855586149191632415e-03 5.033000519568696651e-01 1.072063191588129433e-01
4.375005436637967038e-01 7.077138423187531203e-03 4.202903633114185578e-01 1.351319546015974371e-01
4.673366907131341619e-01 9.428809441379460560e-03 3.632729014451404614e-01 1.599615984003458502e-01
4.800527649744555925e-01 1.203346720608247482e-02 3.282063799843414897e-01 1.797073878351203580e-01
4.806567607960308686e-01 1.440292313183226536e-02 3.132171735070478080e-01 1.917231425650891274e-01
4.780357466110380371e-01 1.645243516075579546e-02 3.120323195235886748e-01 1.934794987046176140e-01
4.750317893869580588e-01 1.792380414871289074e-02 3.224912191719798704e-01 1.845531872923492633e-01
4.705356725177026744e-01 1.884843965765053975e-02 3.433424654628273731e-01 1.672734223618194405e-01
4.581840197764198153e-01 1.940306694440075558e-02 3.775509840867320444e-01 1.448619291924475028e-01
4.358184908847553274e-01 1.946411916116528099e-02 4.242894686378457791e-01 1.204279213162335466e-01
3.946652056301222511e-01 1.851003600449015532e-02 4.913845750603302309e-01 9.544018330505740777e-02
3.349099896072623705e-01 1.667189076353572594e-02 5.759546813039545521e-01 7.246343832524704265e-02
2.705572079421053044e-01 1.484041793605028227e-02 6.597403824544462170e-01 5.486199166739827437e-02
2.194084422272214729e-01 1.381469192720645618e-02 7.227404284573331061e-01 4.403643738823923015e-02
1.861140191989951176e-01 1.346459487454216251e-02 7.621469587823972436e-01 3.827442714406566887e-02
1.635870796398347371e-01 1.284925946962666224e-02 7.889334315447028567e-01 3.463022934583611517e-02
3.334367606869615419e-01 5.334968661160376102e-02 1.887017073471576947e-02 5.943433819667187645e-01
3.647687627751405315e-01 5.568925906905822926e-02 1.874518386688049654e-02 5.607967942889208190e-01
3.955360474543600513e-01 5.890134017441448627e-02 1.894090460550586219e-02 5.266217077657197043e-01
4.237459973292205806e-01 6.143814824300519034e-02 1.877090275764974059e-02 4.960449516701244677e-01
4.476151316320390872e-01 6.240485850037674753e-02 1.812754678505804420e-02 4.718524630825263189e-01
4.654786902149322114e-01 6.133530173627446680e-02 1.708124896133362408e-02 4.561047590874596214e-01
4.762726256497978872e-01 5.889067426472550937e-02 1.593147820795031561e-02 4.489052218775262948e-01
4.787060018240797965e-01 5.588406478791936582e-02 1.490376895429960935e-02 4.505061644337015614e-01
4.700920784489025506e-01 5.303646123423051001e-02 1.422642314843644215e-02 4.626450371684304175e-01
4.505999602870172649e-01 5.092859299044797533e-02 1.420172475095167301e-02 4.842697219715832446e-01
4.259654898283515290e-01 4.905401772073611499e-02 1.489691864684308115e-02 5.100835738040693235e-01
4.030160937868412785e-01 4.628793773956427909e-02 1.608866976399957183e-02 5.346072987095947804e-01
3.855131151592579575e-01 4.256021678106717415e-02 1.748255293405204941e-02 5.544441151256226386e-01
3.770518188848444030e-01 3.839866259760444517e-02 1.928984043658110714e-02 5.652596780809702182e-01
3.808902896983230590e-01 3.386471099381434952e-02 2.006114664027688552e-02 5.651838526675856400e-01
4.026481155561257852e-01 2.858424635440373965e-02 2.015271777808151990e-02 5.486149203113886985e-01
4.443544683909959048e-01 2.283195220532637654e-02 1.984712904150256682e-02 5.129664503621750304e-01
5.048771115910646312e-01 1.770520224057079914e-02 1.975827345779721661e-02 4.576594127105675369e-01
5.779001385702684512e-01 1.382065512892459262e-02 2.033399925625328092e-02 3.879452070445534306e-01
6.532190340669161710e-01 1.143497551552195846e-02 2.130073378605251352e-02 3.140452566315092287e-01
7.212108306918573186e-01 9.153386676225788374e-03 2.361392435175465113e-02 2.460218582801622367e-01
7.753219768105978904e-01 7.518960328555304370e-03 2.681935352871018044e-02 1.903397093321364808e-01
8.146442457246435564e-01 6.320076287839658351e-03 3.093710316903581364e-02 1.480985748184808493e-01
5.234486687544196437e-01 2.545417828865881860e-01 6.672537220111918188e-02 1.552841761578730440e-01
5.550099026113182177e-01 2.505214644106950050e-01 7.531949428056229634e-02 1.191491386974245503e-01
5.699556561309262470e-01 2.511553263107709766e-01 8.321368917244018060e-02 9.567532838586224886e-02
5.707660459953862730e-01 2.590356074419769561e-01 8.790767243730665537e-02 8.229067412533032366e-02
5.616685385908640749e-01 2.743582759911247226e-01 8.831364957977227981e-02 7.565953583823863127e-02
5.459288492324001485e-01 2.953800789849843622e-01 8.573457334493682358e-02 7.295649843767881837e-02
5.248925603944598617e-01 3.203071282732441460e-01 8.270283328750417662e-02 7.209747804479180178e-02
4.981137689275856317e-01 3.486857985275678695e-01 8.127365713708564754e-02 7.192677540776072631e-02
4.663348107647491414e-01 3.791669811119506295e-01 8.257719966984976290e-02 7.192100845345038296e-02
4.324353820407171867e-01 4.082563809124057919e-01 8.742155323605629857e-02 7.188668381082087555e-02
3.964592351948868498e-01 4.344256410215973641e-01 9.636512432499869107e-02 7.274999945851699790e-02
3.564097132231226484e-01 4.595537347796723182e-01 1.083043656132642030e-01 7.573218638394063618e-02
3.125713712535036493e-01 4.870621827522700897e-01 1.192546609253892081e-01 8.111178506883699735e-02
2.687923097595925070e-01 5.188898628897042897e-01 1.237661039241512023e-01 8.855172342655212581e-02
2.304181539916581867e-01 5.529290249871960938e-01 1.187211291181411860e-01 9.793169190300424209e-02
2.003930234567672108e-01 5.847309675969692977e-01 1.062986396314688220e-01 1.085773693147945862e-01
1.782998020678903117e-01 6.105330377662008257e-01 9.248604514093108908e-02 1.186811150249774682e-01
1.633405786770926182e-01 6.269660620998596112e-01 8.213743652522242922e-02 1.275559226978251470e-01
1.552240416915156851e-01 6.317408616423039192e-01 7.694978405030419855e-02 1.360853126158763637e-01
1.544381354723276811e-01 6.227759238304718670e-01 7.690272174161039143e-02 1.458832189555900605e-01
1.632918263470717890e-01 5.957574029182652886e-01 8.165407084375428393e-02 1.592966998909084997e-01
1.855155423245158641e-01 5.457755684627350057e-01 9.026645762649919413e-02 1.784424315862500054e-01
2.244763653287072114e-01 4.730024142052096092e-01 1.001716906707781768e-01 2.023495297953049887e-01
2.808340579677746085e-01 3.873749008901780644e-01 1.070888823333891737e-01 2.247021588086580979e-01
3.518964610499307200e-01 3.037597315870128600e-01 1.078866687707445426e-01 2.364571385923119606e-01
4.354717847174550682e-01 2.304805575543540375e-01 1.039250017818905275e-01 2.301226559463004639e-01
5.320180392236214528e-01 1.690504775837174123e-01 9.620026732341213638e-02 2.027312158692486932e-01
6.336087229806464105e-01 1.186451686806745121e-01 8.796467856357459425e-02 1.597814297751042334e-01
7.251852062582754277e-01 8.033663770735985366e-02 8.027252734308257254e-02 1.142056286912819102e-01
7.950254454165263107e-01 5.263877344046206941e-02 7.602916748406371439e-02 7.630661365894791937e-02
8.455119992470592205e-01 3.203583105554987098e-02 7.382521864831420588e-02 4.862695104907668181e-02
8.766449257235898740e-01 1.832192542598256105e-02 7.426168284442417888e-02 3.077146600600329240e-02
8.948048215619074375e-01 1.031914324863355409e-02 7.476505140600769872e-02 2.011098378345133747e-02
9.071473887176535467e-01 6.008482817719980155e-03 7.294207499947595597e-02 1.390205346515065860e-02
9.180283829279997088e-01 3.787512535779750250e-03 6.785345786348002950e-02 1.033064667274078557e-02
9.290066494169639810e-01 2.685155537693531460e-03 6.001940739105842554e-02 8.288787654284071951e-03
9.393170182728297624e-01 2.201545237811486713e-03 5.131360561586758434e-02 7.167830873491224698e-03
9.464579025746304719e-01 1.641736763239034667e-03 4.519441273378874829e-02 6.705947928341652112e-03
9.511955982897700723e-01 2.283090729460798829e-03 4.004259168550587666e-02 6.478719295263404843e-03
9.507362391467053531e-01 2.765388685593462344e-03 3.984139844857480933e-02 6.656973719126071248e-03
9.446069695209801109e-01 3.672411529991640843e-03 4.441872067486290349e-02 7.301898274165335642e-03
9.300956449275071813e-01 5.175982233940844973e-03 5.611382309971631871e-02 8.614549738835476297e-03
9.015750697375917166e-01 7.573679074522238902e-03 7.994292336568949164e-02 1.090832782219671587e-02
8.520840743840684128e-01 1.140895503253395657e-02 1.218010103004356776e-01 1.470596028296170150e-02
7.831373828647618662e-01 1.725639685675034798e-02 1.787129588283396520e-01 2.089326145014823444e-02
7.129340940610556787e-01 2.451795353006529232e-02 2.325336293290460044e-01 3.001432307983309053e-02
6.542133484186479775e-01 3.205623249496435817e-02 2.724337969990914821e-01 4.129662208729582840e-02
6.046749847234398345e-01 3.788953485659810050e-02 3.042027893067943412e-01 5.323269111316722424e-02
5.528951526468740552e-01 4.358471404440456692e-02 3.382311327233719078e-01 6.528900058534929662e-02
4.909823931806210906e-01 5.068684761529814592e-02 3.815282756549494558e-01 7.680248354913113418e-02
4.166549256040849580e-01 5.971063808408749035e-02 4.386042740736680878e-01 8.503016223815930419e-02
3.334087050827723164e-01 6.890648535083385151e-02 5.127728943571898679e-01 8.491191520920415847e-02
2.493543021494603884e-01 7.537997455610495612e-02 6.008350786958724932e-01 7.443064459856231496e-02
1.759754558229527088e-01 7.805054114746452776e-02 6.876639932703927371e-01 5.831000975919007484e-02
1.213409300438570426e-01 7.791262633839531049e-02 7.581544317833428526e-01 4.259201183440483596e-02
8.634176114272575087e-02 7.864814906736987410e-02 8.043778874264866374e-01 3.063220236341773761e-02
6.742555386542388451e-02 8.463077028185245210e-02 8.249746344488961824e-01 2.296904140382759196e-02
5.805317034957132444e-02 9.403306101850973653e-02 8.301601001720253503e-01 1.775366845989382464e-02
5.086372240372683678e-02 9.513152940957114723e-02 8.412112928328263628e-01 1.279345535387559074e-02
4.163208436073440738e-02 7.952896570926804021e-02 8.708723931856949818e-01 7.966556744302549786e-03
3.122320762318692502e-02 5.641768386378126499e-02 9.078844893327997490e-01 4.474619180231985578e-03
2.253160176787850216e-02 3.799753051694906847e-02 9.369255454033331709e-01 2.545322311839148723e-03
1.656684220201362287e-02 2.673516990325596962e-02 9.551126864404548833e-01 1.585301454275725441e-03
1.284514099935949415e-02 2.079489334217958507e-02 9.652540916017533501e-01 1.105874056707401975e-03
1.080072380319034575e-02 1.867017767292923972e-02 9.696572376401122462e-01 8.718608837682748341e-04
1.008501582294749760e-02 1.959324091406954710e-02 9.695468438540733036e-01 7.748994089094012484e-04
1.032583165427503752e-02 2.295849143204125448e-02 9.659745480163223208e-01 7.411288973618039740e-04
1.111281792187178603e-02 2.817974828119047120e-02 9.599859834789358226e-01 7.214503180020741084e-04
1.208283567313858838e-02 3.468306755528392099e-02 9.525361632613209562e-01 6.979335102566080985e-04
1.307334986264407223e-02 4.232629272799815628e-02 9.439161254081163133e-01 6.842320012415933125e-04
1.392361571719642928e-02 5.043094543337508368e-02 9.349515706437766527e-01 6.938682056516378002e-04
1.436569362436439755e-02 5.671362253598141723e-02 9.281866548578866505e-01 7.340289817674506070e-04
1.443361110398176834e-02 6.010654636236714699e-02 9.246171642401650459e-01 8.426782934859255829e-04
1.470450682614693125e-02 6.372733904076537115e-02 9.204348820652441532e-01 1.133272067843670841e-03
1.547792273657561807e-02 7.031214136684107996e-02 9.124162311989377772e-01 1.793704697645220805e-03
1.636987685261086581e-02 7.984084665981600049e-02 9.007276660890691788e-01 3.061610398504120961e-03
1.709096597122566202e-02 9.345939969766137168e-02 8.841719583989262610e-01 5.277675932186672372e-03
1.789709448102311251e-02 1.137640451605017172e-01 8.593165860439357928e-01 9.022274314539358367e-03
1.909316128715559183e-02 1.360224682451861844e-01 8.302032020566099124e-01 1.468116841104818299e-02
2.043675346575155732e-02 1.453674585841403244e-01 8.131071608888585933e-01 2.108862706124980252e-02
2.145427128933003261e-02 1.372234361821493276e-01 8.152114692577261401e-01 2.611082327079440948e-02
2.219447571661133101e-02 1.229092508307450676e-01 8.255159999136143512e-01 2.938027353902901428e-02
2.291974375303201111e-02 1.105065521905567311e-01 8.348971310496464682e-01 3.167657300676490068e-02
2.364208555444473336e-02 9.969210406997122687e-02 8.436283286710039020e-01 3.303748170458008226e-02
2.439033877378417661e-02 8.869329461327070396e-02 8.536656556264782258e-01 3.325071098646673051e-02
2.494978599774377859e-02 7.643683025254738306e-02 8.664868679429044152e-01 3.212651580680456892e-02
2.502322527625929285e-02 6.357035223274111468e-02 8.817548217220769757e-01 2.965160076892270694e-02
2.445008549896350580e-02 5.145389262348157300e-02 8.981268181006113460e-01 2.596920377694371396e-02
2.339822000641682276e-02 4.105909792661153329e-02 9.139126408080388009e-01 2.163004125893248225e-02
