9.993896727038782679e-02 2.916745633970128648e-01 1.066818256165410206e-01 5.017046437160579408e-01
8.249917311434913358e-01 3.811306141287134318e-03 1.541360081284672834e-01 1.706095458675408599e-02
8.162960721031452538e-01 3.061998967769018806e-03 1.665455123371508694e-01 1.409641659193507437e-02
8.119416027480812481e-01 2.575645543286734715e-03 1.738771562782851499e-01 1.160559543034687079e-02
8.145269399876828853e-01 2.329281075493346270e-03 1.733458331835002197e-01 9.797945753323435494e-03
8.241735286856135545e-01 2.329600633399626832e-03 1.647854741479672369e-01 8.711396533019442542e-03
8.376103530130829533e-01 2.632491056186135429e-03 1.514855070107601065e-01 8.271648919970869818e-03
8.489580921248530698e-01 3.262199931470251540e-03 1.396051905185395348e-01 8.174517425137015070e-03
8.519814939643612917e-01 4.072087725939201389e-03 1.360103808253404767e-01 7.936037484359049349e-03
8.403380130937176951e-01 4.982825453910599833e-03 1.471407439150131946e-01 7.538417537358462796e-03
8.074060327997729658e-01 6.229892800274314593e-03 1.789994905031120076e-01 7.364583896840622666e-03
7.501871159272469614e-01 8.008590125550664809e-03 2.342672355333691447e-01 7.537058413833084246e-03
6.795702694378960018e-01 1.027477251277522825e-02 3.020330351068311603e-01 8.121922942497606171e-03
6.241392568629954285e-01 1.300429529575301835e-02 3.532439433727941891e-01 9.612504468457469878e-03
6.040987843539402657e-01 1.591252388176303892e-02 3.674587640549424883e-01 1.252992770935409429e-02
6.130719888847729893e-01 1.834313159593886633e-02 3.515125094307151032e-01 1.707237008857304464e-02
6.337441555081044786e-01 2.049582765792241218e-02 3.223124159019288282e-01 2.344760093204426021e-02
6.532287609476361556e-01 2.285308511382261321e-02 2.922867627935693546e-01 3.163139114497161980e-02
6.655297304100389333e-01 2.561532258413500712e-02 2.675934638438327018e-01 4.126148316199329535e-02
6.697134565087198288e-01 2.869503895159837559e-02 2.498535702304741091e-01 5.173793430920786696e-02
6.686509898585365486e-01 3.180360919181424162e-02 2.373458500070352306e-01 6.219955094261413880e-02
6.680982560360030353e-01 3.475172899579820340e-02 2.254409274007428965e-01 7.170908756745571211e-02
6.740974548325444626e-01 3.820972083560664201e-02 2.072032997814229338e-01 8.048952455042568399e-02
6.861619231105320349e-01 4.408408945173739046e-02 1.787038464972853236e-01 9.105014094044512618e-02
6.933531903302466715e-01 5.402851718791411295e-02 1.466220537709901628e-01 1.059962387108493997e-01
6.884959758213239356e-01 6.666683653634228324e-02 1.209157524803713274e-01 1.239214351619622317e-01
6.720487773745585924e-01 7.866441659260405006e-02 1.102087063966843555e-01 1.390780996361526967e-01
6.545821413265787703e-01 8.523944750947685944e-02 1.143449358797601345e-01 1.458334752841841386e-01
6.336408530872278400e-01 8.624894309067276943e-02 1.346810839269964588e-01 1.454291198951030983e-01
6.016568663838315345e-01 8.306392854451613572e-02 1.720725037103729149e-01 1.432067013612794981e-01
5.548145600700454816e-01 7.745233490095390638e-02 2.234331414133942373e-01 1.442999636156062637e-01
5.013895978032629763e-01 6.935405138445209505e-02 2.783058225770442817e-01 1.509505282352406885e-01
4.449111145243515031e-01 6.104872892509282528e-02 3.285961928579237412e-01 1.654439636926321178e-01
3.915022430790571217e-01 5.365450378809408227e-02 3.640925831906006715e-01 1.907506699422482632e-01
3.453146752942449216e-01 4.774070975426440711e-02 3.754635806510009943e-01 2.314810343004897186e-01
3.101207694046985708e-01 4.389789116193267698e-02 3.537362778765297811e-01 2.922450615568390475e-01
2.767074956864502555e-01 4.142025903191605407e-02 3.120576884822178765e-01 3.698145567994157723e-01
2.398114714516404733e-01 3.887800568103329940e-02 2.754883614364537769e-01 4.458221614308720548e-01
1.992513022684649360e-01 3.452467661793692799e-02 2.675413039147425120e-01 4.986827171988555962e-01
1.613264742674216379e-01 2.884061851688401665e-02 2.924142288837218717e-01 5.174186783319724148e-01
1.298548012961141251e-01 2.282096136879293441e-02 3.407887475006537437e-01 5.065354898344393009e-01
1.070030000356914368e-01 1.752637532869625453e-02 3.878647298956355849e-01 4.876058947399766752e-01
9.572668157639811770e-02 1.379652562632671144e-02 4.094944320105657343e-01 4.809823607867095840e-01
9.391739535573248587e-02 1.132310138991048792e-02 4.037686817589696830e-01 4.909908214953873085e-01
9.921129858941706015e-02 9.701644256923814408e-03 3.776008695074047350e-01 5.134861876462543107e-01
1.093167865221029572e-01 8.608402703187143304e-03 3.379614659750766470e-01 5.441133447996332473e-01
1.251735943478345381e-01 8.054215074462453550e-03 2.896205745007088828e-01 5.771516160769941672e-01
1.452590932972247784e-01 7.958222468513289835e-03 2.404716204813079350e-01 6.063110637529541824e-01
1.679546151822046141e-01 8.332845412668210550e-03 1.995977968455586726e-01 6.241147425595684473e-01
1.932652526343222044e-01 9.319671313516330810e-03 1.737994244469775185e-01 6.236156516051838405e-01
2.178023146861575443e-01 1.066430221535171440e-02 1.701036152771444598e-01 6.014297678213464948e-01
2.393811349502056041e-01 1.224816633940454744e-02 1.896122427478109107e-01 5.587584559625787817e-01
2.526761530297286784e-01 1.360373444156342398e-02 2.330250249320435785e-01 5.006950875966643677e-01
2.559717671180682941e-01 1.420887163278706719e-02 2.958468774407898572e-01 4.339724838083548475e-01
2.534043520968080054e-01 1.388858386705271730e-02 3.672802761693610418e-01 3.654267878667784020e-01
2.516929306236664332e-01 1.295650967291543665e-02 4.335342267595486132e-01 3.018163329438692810e-01
2.583468710454803752e-01 1.203262861082167977e-02 4.802134857881960595e-01 2.494070145555022100e-01
2.810399913096004454e-01 1.162608632338210310e-02 4.964520868202748627e-01 2.108818355467421413e-01
3.236473842164381831e-01 1.176911932354605429e-02 4.814196422215579196e-01 1.831638542384580737e-01
3.823616751467816544e-01 1.213584648832388875e-02 4.446736232726690718e-01 1.608288550922253313e-01
4.460976234954894815e-01 1.241300700553611171e-02 4.006189809830951742e-01 1.408703885158793523e-01
5.018671555274429874e-01 1.247446175974991668e-02 3.620458443433584028e-01 1.236125383694485907e-01
5.420376954892017762e-01 1.228543858790350808e-02 3.357980700281602560e-01 1.098787958947346488e-01
5.685701990172926656e-01 1.163107396890037532e-02 3.205800068754330323e-01 9.921872013837400306e-02
5.808484492381291719e-01 1.097458009272272821e-02 3.171902599173199722e-01 9.098671075182811208e-02
5.849328634220524181e-01 1.019987342703572268e-02 3.209871512481723421e-01 8.388011190273952922e-02
5.848573380275354783e-01 9.343152647383966281e-03 3.288384447246734399e-01 7.696106460040730290e-02
5.846242131987726687e-01 8.659417151287094813e-03 3.355909596838803632e-01 7.112540996606007970e-02
5.878785893764763015e-01 8.387330099480708526e-03 3.360136098276468308e-01 6.772047069639634820e-02
5.970087882513812616e-01 8.532846282865083967e-03 3.276425501264600970e-01 6.681581533929366323e-02
6.127906150235066240e-01 9.055410078780273819e-03 3.104195878277872245e-01 6.773438706992593317e-02
6.357516998606388414e-01 1.004052946858810177e-02 2.842006182957607652e-01 7.000715237501242694e-02
4.145387255166924634e-01 3.445507648420172431e-01 8.301522335716021717e-02 1.578952862841297711e-01
2.858796284805635302e-01 4.456200317553261903e-02 5.973345927089219742e-01 7.222377563498222353e-02
3.036042745884448557e-01 4.715290890847503857e-02 5.690960409782298557e-01 8.014677552485019452e-02
3.443083543398968160e-01 5.305358602595759698e-02 5.080867934641937200e-01 9.455126616995232491e-02
3.970352243926875691e-01 5.992517877401468823e-02 4.334297750465318511e-01 1.096098217867658708e-01
4.548531715533795095e-01 6.685158268006750892e-02 3.579414349183741573e-01 1.203538108481784774e-01
5.144451906007612152e-01 7.487137070908933545e-02 2.854254991236870320e-01 1.252579395664626949e-01
5.669647364710270754e-01 8.384857293867750694e-02 2.232826663767197850e-01 1.259040242135754106e-01
6.086004602917902684e-01 9.519670474710104080e-02 1.698833398629842339e-01 1.263194950981245124e-01
6.340363542717176726e-01 1.084987019238541905e-01 1.253788664506877426e-01 1.320860773537403388e-01
6.391672528448257840e-01 1.229512830015003638e-01 8.872273123894562630e-02 1.491587329147278651e-01
6.188910464040492387e-01 1.375370608781856518e-01 5.968363762871353034e-02 1.838882550890511280e-01
5.704075552459978438e-01 1.522928992945066506e-01 3.835086119683712297e-02 2.389486842626586671e-01
5.030875624365747090e-01 1.686890013773398311e-01 2.404719735171050726e-02 3.041762388343748347e-01
4.370896893104521674e-01 1.889513555719962989e-01 1.536784070143559951e-02 3.585911144161157416e-01
3.886074979960291720e-01 2.144368341521902810e-01 1.065097483667278196e-02 3.863046930151077252e-01
3.620932193882944738e-01 2.438910943069852455e-01 8.404016605700595846e-03 3.856116696990195547e-01
3.550674596129431149e-01 2.729947068145335276e-01 7.607548359271228654e-03 3.643302852132523362e-01
3.656609542445082295e-01 2.943733982020336204e-01 7.731372609658409938e-03 3.322342749437998677e-01
3.921151147255858005e-01 3.017744991295907564e-01 8.775246393617930352e-03 2.973351397512054017e-01
4.339720161328626258e-01 2.913318938618008613e-01 9.997568632812623562e-03 2.646985213725240316e-01
4.833470550610904914e-01 2.695042981472082211e-01 1.144134903168561070e-02 2.357072977600154218e-01
5.348781329477557689e-01 2.421276948041569954e-01 1.286526358569997294e-02 2.101289086623875646e-01
5.847038321159009344e-01 2.136425957570214640e-01 1.422749592291228452e-02 1.874260762041653761e-01
6.312318531700775726e-01 1.862730042068932168e-01 1.574768661492069802e-02 1.667474560081084745e-01
6.753903483507727179e-01 1.604438522502789899e-01 1.773121420010431715e-02 1.464345851988441416e-01
7.194627530808285210e-01 1.355392343361700169e-01 2.045823783687863648e-02 1.245397747461227389e-01
7.617622990048731335e-01 1.120989061260989766e-01 2.438896895442273921e-02 1.017498259146049772e-01
7.945934315924887414e-01 9.320225285808160509e-02 3.006251042206710064e-02 8.214180512736217465e-02
8.137773781663854011e-01 8.117164021112577288e-02 3.697194319347191227e-02 6.807903842901713576e-02
8.221832600128337054e-01 7.570575522902411869e-02 4.327647600767851183e-02 5.883450875046367101e-02
8.233620249532734858e-01 7.517394859785674066e-02 4.783497742840205069e-02 5.362904902046791711e-02
8.212219081491131112e-01 7.638292707515909052e-02 5.085239516126049270e-02 5.154276961446747907e-02
8.184563025865752017e-01 7.703362579295383594e-02 5.260437431062635338e-02 5.190569730984460201e-02
8.145672674311166261e-01 7.753366191288614540e-02 5.292732737390714454e-02 5.497174328208997290e-02
8.075950988833973110e-01 7.904259528100759935e-02 5.182671897881616779e-02 6.153558685677922024e-02
7.982837821572051906e-01 8.068306721220079580e-02 4.897385513597486695e-02 7.205929549461910499e-02
7.922773356901761099e-01 7.911971261787857645e-02 4.286303728082626469e-02 8.573991441111891709e-02
7.881097085275130532e-01 7.338121998560322157e-02 3.635894197834255159e-02 1.021501295085412708e-01
7.831422813170832997e-01 6.593819615376757259e-02 3.082088751360170104e-02 1.200986350155472115e-01
7.764431634538476734e-01 5.988371914277980379e-02 2.534680323341122546e-02 1.383263141699612175e-01
7.641676171843729826e-01 5.791026812035934140e-02 2.054492795068122574e-02 1.573771867445866168e-01
7.456124069297112023e-01 6.128033385317201848e-02 1.629007243045739461e-02 1.768171867866591696e-01
7.256958525464799470e-01 6.973955510592957929e-02 1.285393143041331857e-02 1.917106609171770060e-01
7.137864652244585439e-01 8.080984845991678878e-02 1.042803627262608307e-02 1.949756500429988271e-01
7.130897030355968225e-01 9.231467388742779778e-02 9.050952890011777080e-03 1.855446701869639115e-01
7.254119854897741471e-01 9.758734513685339562e-02 8.084809368618021616e-03 1.689158600047546976e-01
7.422663012609738153e-01 9.805497146503409922e-02 7.381692467640935118e-03 1.522970348063515389e-01
7.516987428604434696e-01 1.001163708613167086e-01 7.058916451690037085e-03 1.411259698265496521e-01
7.485816636522392153e-01 1.069191138447483092e-01 7.219355885641718165e-03 1.372798666173708215e-01
7.363333431999455891e-01 1.159358889855331837e-01 7.854657141273172979e-03 1.398761106732480941e-01
7.227959113463924279e-01 1.231096696623095316e-01 8.899414533311413716e-03 1.451950044579863874e-01
7.154114965316645813e-01 1.272601862667213646e-01 1.031803085219212303e-02 1.470102863494217038e-01
7.195302687281824872e-01 1.276033450014831816e-01 1.202712486781868165e-02 1.408392614025155976e-01
7.340997714621195769e-01 1.232066874658815092e-01 1.427034672912335343e-02 1.284231943428753020e-01
7.515233008036591444e-01 1.155114218145719684e-01 1.823276856203595586e-02 1.147325088197328063e-01
7.682648014561415106e-01 1.035809730062091094e-01 2.547089652551096095e-02 1.026833290121388909e-01
7.768680667164271636e-01 9.076236041747023919e-02 4.008448014785447044e-02 9.228509271824816840e-02
7.698044615531701718e-01 7.928187784664653126e-02 6.862502865428497800e-02 8.228863194589844388e-02
7.312372615518256680e-01 7.231281776007068840e-02 1.231826099648551803e-01 7.326731072324846328e-02
6.687382368552605705e-01 6.652385356765257163e-02 1.998115431893336125e-01 6.492636638775335645e-02
5.981649209257124955e-01 6.286666437295530818e-02 2.797102350872367471e-01 5.925817961409561574e-02
5.319690160006352864e-01 6.321016164096411594e-02 3.468675620761167422e-01 5.795326028228395265e-02
4.723305422844066848e-01 6.601226030868394268e-02 4.006117157165368647e-01 6.104548169037243843e-02
4.150696327242872630e-01 7.193329705192171020e-02 4.448005063971876005e-01 6.819656382660348182e-02
3.689778484707872952e-01 8.150093667469901493e-02 4.698152307156293617e-01 7.970598413888450862e-02
3.418162060141479164e-01 9.548140645751593270e-02 4.656425772307686284e-01 9.705981029756702294e-02
3.295267496698384146e-01 1.137568399202875946e-01 4.358889787777345259e-01 1.208274316321396175e-01
3.263367900876142369e-01 1.401063353929839772e-01 3.817837117131752667e-01 1.517731628062264637e-01
3.265167909347371222e-01 1.825990180552105324e-01 2.995470644577389319e-01 1.913371265523134135e-01
3.186370157795171409e-01 2.439738812389370681e-01 2.026421409649796224e-01 2.347469620165661963e-01
2.957244772669199162e-01 3.144025319931098572e-01 1.215419660040300831e-01 2.683310247359403378e-01
1.205315669931868866e-01 7.378083753075061202e-02 2.995713502364189540e-01 5.061162452396436029e-01
6.467297283833877142e-01 1.848712366513382277e-01 3.665472988155658168e-02 1.317443050837176222e-01
6.439767934458361376e-01 1.569440258075034955e-01 3.669813044384414441e-02 1.623810503028161878e-01
5.964320817490758042e-01 1.411387568792571712e-01 3.982737535436580573e-02 2.226017860173013230e-01
5.050314937791564596e-01 1.296960537752319120e-01 4.638305787941155583e-02 3.188893945662001350e-01
3.958689496344523495e-01 1.102214834554327699e-01 5.650065670540075496e-02 4.374089102047143407e-01
2.934583441598756504e-01 8.408108915512571557e-02 7.167731252435288747e-02 5.507832541606458854e-01
2.115415244839494169e-01 5.905552168806098984e-02 9.428677012417494008e-02 6.351161837038146185e-01
1.537028362271000148e-01 4.105622918476811711e-02 1.258018446641332166e-01 6.794390899239989290e-01
1.178175186114795991e-01 2.901577505189572442e-02 1.665759583368598418e-01 6.865907479997648277e-01
9.798618113864950019e-02 2.101958531862704871e-02 2.173658948421040571e-01 6.636283387006193246e-01
8.961144524716231630e-02 1.602208221644333894e-02 2.777018755342838263e-01 6.166645970021100709e-01
8.999660343753521086e-02 1.333063918289464217e-02 3.410218189612284623e-01 5.556509384183415667e-01
9.764823623284334120e-02 1.259390405656905798e-02 3.930041725939679154e-01 4.967536871166198242e-01
1.112350917075100448e-01 1.370089691219331107e-02 4.220585011363220396e-01 4.530055102439742298e-01
1.294208744386503573e-01 1.653347389151047647e-02 4.324253155371362012e-01 4.216203361327031662e-01
1.516286150776521291e-01 2.116511548156303768e-02 4.361420188514407159e-01 3.910642505893442422e-01
1.779788591548123189e-01 2.822092586044871315e-02 4.383249038160030309e-01 3.554753111687362077e-01
2.092164576608842030e-01 3.813069591878696235e-02 4.366694303269821886e-01 3.159834160933467362e-01
2.482460802761292384e-01 5.164790833124881242e-02 4.199685493893072219e-01 2.801374620033146856e-01
2.960628597706136955e-01 6.997762965826484494e-02 3.777285255171384803e-01 2.562309850539832290e-01
3.503767505340911748e-01 9.329051928342760314e-02 3.141831250860285807e-01 2.421496050964524749e-01
4.034442814967043600e-01 1.179969141671089461e-01 2.496289588002828519e-01 2.289298455359037310e-01
4.473776691920675619e-01 1.420237483281631685e-01 2.007325500221402159e-01 2.098660324576294145e-01
4.810837653503552969e-01 1.665785506934747140e-01 1.672022308439180538e-01 1.851354531122515190e-01
4.998751613540128313e-01 1.943350164074354458e-01 1.459301453785339930e-01 1.598596768600175910e-01
5.049778637613373533e-01 2.232428615670072614e-01 1.327239131186112031e-01 1.390553615530444320e-01
4.973773285051589221e-01 2.478724176215506836e-01 1.290990454984179692e-01 1.256512083748727027e-01
4.826755608960784372e-01 2.593780523598396281e-01 1.382728204974733033e-01 1.196735662466085759e-01
4.646113803245929263e-01 2.507031754285390379e-01 1.670914732561999128e-01 1.175939709906681369e-01
4.424805270580439154e-01 2.219475884049482151e-01 2.229251541418080795e-01 1.126467303951995680e-01
4.085940462367266823e-01 1.840211732081423190e-01 3.077361537252678025e-01 9.964862682986333486e-02
3.594923468005177258e-01 1.439178892434798684e-01 4.174980147936110941e-01 7.909174916239113118e-02
2.962117717725652466e-01 1.033537215852379093e-01 5.440039167570078771e-01 5.643058988518906416e-02
2.257432719138700583e-01 6.571914470205857117e-02 6.715160199377131489e-01 3.702156344635818691e-02
1.606532860465951784e-01 3.699154703154652196e-02 7.793466327931951598e-01 2.300853412866299755e-02
1.106884840022756417e-01 1.955384500080320151e-02 8.553150142217743612e-01 1.444265677514690836e-02
7.839084270154594858e-02 1.005387389893316538e-02 9.017503393339038054e-01 9.804944065617052923e-03
5.989680741195461261e-02 5.791410067969978044e-03 9.267412111408542819e-01 7.570571379220995649e-03
5.036418785960613403e-02 3.667042546536221359e-03 9.392219210802088547e-01 6.746848513648430815e-03
4.659073208153036161e-02 2.633414799830831494e-03 9.436747208266734743e-01 7.101132291965063688e-03
4.792945290894822657e-02 2.294566923237526847e-03 9.406898233473421911e-01 9.086156820472124016e-03
5.526886320406868003e-02 2.569891245977951912e-03 9.280467212818243050e-01 1.411452426812911422e-02
6.914612868935260392e-02 3.916728300981686152e-03 9.016421041257436375e-01 2.529503888392215308e-02
9.661715727505694462e-02 7.068292519373056172e-03 8.450034944783254565e-01 5.131105572724436320e-02
1.477958274507966963e-01 1.556187170812511553e-02 7.237222697751114486e-01 1.129200310659665973e-01
2.211757046583189557e-01 3.474558490825277457e-02 5.157647857809681824e-01 2.283139246524599764e-01
2.768080578252977708e-01 6.303294815469825951e-02 3.026007827223329283e-01 3.575582112976707361e-01
3.022890080993382855e-01 8.924497486803466273e-02 1.644288716396417327e-01 4.440371453929853884e-01
3.111304810554045841e-01 1.087253226476657814e-01 9.354213879038482393e-02 4.866020575065450049e-01
3.120033002100686681e-01 1.234840295674258792e-01 5.769974612916878992e-02 5.068129240933367807e-01
3.095968615191808659e-01 1.365819193446697055e-01 3.778411492882972206e-02 5.160371042073195191e-01
3.063917801043603006e-01 1.500286118447068107e-01 2.602405307312768978e-02 5.175555549778053654e-01
3.005609815699200049e-01 1.663240440773498807e-01 1.867199091871326461e-02 5.144429834340167318e-01
2.892398531752689017e-01 1.862247804511081295e-01 1.412984725298107452e-02 5.104055191206420261e-01
2.712956407625995436e-01 2.079000207413851109e-01 1.160111037803044677e-02 5.092032281179850184e-01
2.473086668526272291e-01 2.269012526428917931e-01 1.050067960779772075e-02 5.152894008966830697e-01
2.185491616814913274e-01 2.398379680866317698e-01 1.033741937117097463e-02 5.312754508607060444e-01
1.871647342681123094e-01 2.453098865490637992e-01 1.077110374846034294e-02 5.567542754343637323e-01
1.547373238931027961e-01 2.416084688789322255e-01 1.165027930792237459e-02 5.920039279200427496e-01
1.253163771128987802e-01 2.236858040368022715e-01 1.276527328002849924e-02 6.382325455702703154e-01
9.858879409844274744e-02 1.945196946071020561e-01 1.401869900476998207e-02 6.928728122896855579e-01
7.336112123946489372e-02 1.622393422951057818e-01 1.542786749562680311e-02 7.489716689698026064e-01
5.333931775366698713e-02 1.338339452104656269e-01 1.706898789943674458e-02 7.957577491364308253e-01
4.041043473912000333e-02 1.155350021839810504e-01 1.916142474808989540e-02 8.248931383288090613e-01
3.370686662626533325e-02 1.089763493961467961e-01 2.158459318577308009e-02 8.357321907918149329e-01
3.093514082832305931e-02 1.122983293989318898e-01 2.369980992852517218e-02 8.330667198442196497e-01
3.028360187285977431e-02 1.225941895189869013e-01 2.501565956443776995e-02 8.221065490437157175e-01
3.100754715979901419e-02 1.386843340500283073e-01 2.543376464036265633e-02 8.048743541498102338e-01
3.280806976017251048e-02 1.606810266030482826e-01 2.465814559790393753e-02 7.818527580388754394e-01
3.534265066512422282e-02 1.890027108186215499e-01 2.255368728833231570e-02 7.531009512279219775e-01
3.848985699304965230e-02 2.235319124063117890e-01 1.981700278309007912e-02 7.181612278175484310e-01
8.087528752979898927e-01 6.305445311469175251e-02 8.953274760689858280e-02 3.865992398041951522e-02
4.820339992155036613e-01 4.228738740026095899e-02 3.805054795759359454e-01 9.517313380829964253e-02
4.581023794745863742e-01 4.688092352885016995e-02 3.787858085555679266e-01 1.162308884409957443e-01
4.294613489034121989e-01 5.107580893090413882e-02 3.797098129431323299e-01 1.397530292225512560e-01
3.975568567504869089e-01 5.450171005612419739e-02 3.831312183846344865e-01 1.648102148087542962e-01
3.663244345828259863e-01 5.726077390371563797e-02 3.847149815164306874e-01 1.916998099970281255e-01
3.319209437265273621e-01 5.904058841346773029e-02 3.886656477343350402e-01 2.203728201256701380e-01
2.960962433017859663e-01 5.982430205544292390e-02 3.930687257940592150e-01 2.510107288487118393e-01
2.617996447881408284e-01 6.138020926706906633e-02 3.926038858707606716e-01 2.842162600740292255e-01
2.290713218770704940e-01 6.401198424991641489e-02 3.868316499038352285e-01 3.200850439691780847e-01
2.017668663788131089e-01 6.809994072926553454e-02 3.746600694764747330e-01 3.554731234154464015e-01
1.797218915265514361e-01 7.134465927665951945e-02 3.643552590626975007e-01 3.845781901340913356e-01
1.617553892830541906e-01 7.199937341004870872e-02 3.631750220322278455e-01 4.030702152746692968e-01
1.473820048907282243e-01 7.015932159248068622e-02 3.721965752531245508e-01 4.102620982636664970e-01
1.365735050119089300e-01 6.669383459237715472e-02 3.885104548010211434e-01 4.082222055946929662e-01
1.297734975742443342e-01 6.276282900170053469e-02 4.072367365614598111e-01 4.002269368625949175e-01
1.276930732926901957e-01 5.939271244804554539e-02 4.232228103190220359e-01 3.896914039402422647e-01
1.310647049474506776e-01 5.711548610050188463e-02 4.326541438841006171e-01 3.791656650679464113e-01
1.403134360295582861e-01 5.578522287237595856e-02 4.343026381086699250e-01 3.695987029893957332e-01
1.550692762826870463e-01 5.466586614903617275e-02 4.296713228800227435e-01 3.605935346882542247e-01
1.741556057468771068e-01 5.311602639012886345e-02 4.207055071210745734e-01 3.520228607419192413e-01
1.965412951578923151e-01 5.137619676810255276e-02 4.069763574620836044e-01 3.451061506119216249e-01
2.205893867012969911e-01 4.981451441437935446e-02 3.889648657820151123e-01 3.406312331023084727e-01
2.403243857882403633e-01 4.722330864353278118e-02 3.765421655391149591e-01 3.359101400291120143e-01
2.458723618045958459e-01 4.179585369202147571e-02 3.864070148803820381e-01 3.259247696230007652e-01
2.317086392113146542e-01 3.441283100726433980e-02 4.238572456705651526e-01 3.100212841108559991e-01
2.058856776252577792e-01 2.823869018624767732e-02 4.678889349628062022e-01 2.979866972256886015e-01
1.836429425284567818e-01 2.465541723394809939e-02 4.896107800825646450e-01 3.020908601550302830e-01
1.722328973198040958e-01 2.261197326976793764e-02 4.808904422270532386e-01 3.242646871833746447e-01
1.699293124063054605e-01 2.081353788294160526e-02 4.480654150192115437e-01 3.611917346915414218e-01
1.716904681488307383e-01 1.884457171041654944e-02 3.971349473134442865e-01 4.123300128273085230e-01
1.705620840643357894e-01 1.664411361328411651e-02 3.321063965826328013e-01 4.806874057397472755e-01
1.633362308327071799e-01 1.464218019103398667e-02 2.553442813932189637e-01 5.666773075830399131e-01
1.461509109280692831e-01 1.243504142396029133e-02 1.803448506594213796e-01 6.610691969885486019e-01
1.236490401881977785e-01 1.024323912480288971e-02 1.206043509037142830e-01 7.455033697832847972e-01
1.007429041711150053e-01 7.812670730590234869e-03 8.341001126197465643e-02 8.080344138363200202e-01
8.193133961782790575e-02 5.581796449125908319e-03 6.418387643344700133e-02 8.483029874995993147e-01
6.726783321782736635e-02 3.737584981046860894e-03 5.778361828732821864e-02 8.712109635137975649e-01
5.696077831199543307e-02 2.459599999586512334e-03 6.103128459062896055e-02 8.795483370977890125e-01
5.177892624131795463e-02 1.733062972635836946e-03 7.279518548253398336e-02 8.736928253035121106e-01
5.174098860442271491e-02 1.360966122318149011e-03 9.417908983968083236e-02 8.527189554335785626e-01
5.611706824246814190e-02 1.152227582815681592e-03 1.308964738410997863e-01 8.118342303336163468e-01
6.320416382279908651e-02 1.002710549003900907e-03 1.928834491122599359e-01 7.429096765159368676e-01
7.049577551187700963e-02 8.893416648314256788e-04 2.859444760584988754e-01 6.426704067647922569e-01
7.574574917774537508e-02 8.058236141342149444e-04 4.011007452980069332e-01 5.223476819101133817e-01
7.817479192415074940e-02 7.585413256911353571e-04 5.212217356783196420e-01 3.998449310718383276e-01
7.779650642441604536e-02 7.391160936725350633e-04 6.371290459227144654e-01 2.843353315591968244e-01
7.332110770088424989e-02 7.002351664026142423e-04 7.442382843872067388e-01 1.817403727455062235e-01
6.440274708486423694e-02 6.192419991943113591e-04 8.302206275365465737e-01 1.047573833793947612e-01
5.520184646286518254e-02 5.367298770147237597e-04 8.849955062630436853e-01 5.926591739707622042e-02
5.194658463192486364e-02 5.211912697927786713e-04 9.092113349216741636e-01 3.832088917660824573e-02
5.965346891480875074e-02 6.490264685608432586e-04 9.069220321557929232e-01 3.277547246083788862e-02
8.386825637237481368e-02 1.059162574106559812e-03 8.769027845817317646e-01 3.816979647178694174e-02
1.300393107138549387e-01 2.020360303947810188e-03 8.137447220562109562e-01 5.419560692598585083e-02
1.959687296903523113e-01 3.864414356864181478e-03 7.196568372150607962e-01 8.051001873772276052e-02
2.703578276448688200e-01 6.818974317712954251e-03 6.086387143074486472e-01 1.141844837299691717e-01
3.407538301161401328e-01 1.084093737298649773e-02 4.976332634523761289e-01 1.507719690584974070e-01
3.991057958891843782e-01 1.565512295310897417e-02 3.989712129412124608e-01 1.862678682164941035e-01
4.339114597870428192e-01 2.037001957845094302e-02 3.282310844931171645e-01 2.174874361413890178e-01
4.554783501806984880e-01 2.463763161956815037e-02 2.775779939916616090e-01 2.423060242080717352e-01
4.653730396955044202e-01 2.894901881496455068e-02 2.475437152808038499e-01 2.581342262087273354e-01
4.697652593594424664e-01 3.296421763172405900e-02 2.339491429082731777e-01 2.633213801005602206e-01
4.718966190857624143e-01 3.669741585823287078e-02 2.337145889117529240e-01 2.576913761442517492e-01
4.723626930406522595e-01 4.054908191831504277e-02 2.444406441336937630e-01 2.426475809073388445e-01
4.694808719996118596e-01 4.486566757371063252e-02 2.645847770757919770e-01 2.210686833508854199e-01
4.582442175947545882e-01 4.939473418736705507e-02 2.949669558197632879e-01 1.973940923981153117e-01
4.363734064953982972e-01 5.295411722564184742e-02 3.357834466676612450e-01 1.748890296112986797e-01
3.970749459051490238e-01 5.538195914181145291e-02 3.919740918150926845e-01 1.555690031379467486e-01
3.493428666520976833e-01 5.704275419087798116e-02 4.513919471583077159e-01 1.422224319987166474e-01
3.023428046178781581e-01 5.870075328185861419e-02 5.020938830222881899e-01 1.368625590779752876e-01
2.629566401897503458e-01 5.959771605612869394e-02 5.393851267691799345e-01 1.380605169849411507e-01
2.301465853472414169e-01 5.772318120047190831e-02 5.705970279138692369e-01 1.415332055384177223e-01
3.303123007185163607e-01 3.244559480507658300e-02 1.622837971487721062e-02 6.210137247615298284e-01
3.456929158194739782e-01 3.516657028479982378e-02 1.640060082510043024e-02 6.027399130706259101e-01
3.620885551596847440e-01 3.824230334481508453e-02 1.647411007445836670e-02 5.831950314210416764e-01
3.768528587896685100e-01 4.102400030352328086e-02 1.623335358044679030e-02 5.658897873263614153e-01
3.858436386240269300e-01 4.273576454018288701e-02 1.555394945442183444e-02 5.558666473813682618e-01
3.852980268019460808e-01 4.296483065358450149e-02 1.453212418734419788e-02 5.572050183571253257e-01
3.753188536703702116e-01 4.221738902722139974e-02 1.351404422463800548e-02 5.689497130777704248e-01
3.575971735577513355e-01 4.118454293863409860e-02 1.275331372096477275e-02 5.884649697826499493e-01
3.336014467692300922e-01 4.070501052988888258e-02 1.248633388841659947e-02 6.132072088124647102e-01
3.077978091017001261e-01 4.169466017356192322e-02 1.305657951225675829e-02 6.374509512124812982e-01
2.863988699903558532e-01 4.485842416559299162e-02 1.509847417154831263e-02 6.536442316725028512e-01
2.708461168281958709e-01 4.741713910737824222e-02 1.758473930735910892e-02 6.641520047570669272e-01
2.629914802334215596e-01 4.917902064724755107e-02 2.047897385675427617e-02 6.673505252625764328e-01
2.636888961469516790e-01 5.037339851701789356e-02 2.340775349457140109e-02 6.625299518414587974e-01
2.759295594412642938e-01 5.074733606648652168e-02 2.591874137399370615e-02 6.474043631182554437e-01
3.037248024736440843e-01 4.916364641700782245e-02 2.769815176774711660e-02 6.194133993416012229e-01
3.517902988660142616e-01 4.485497928946344942e-02 2.885738579505427517e-02 5.744973360494679548e-01
4.249297941110035115e-01 3.874985299773432007e-02 3.007338197626942267e-02 5.062469709149923780e-01
5.197995719435952733e-01 3.201180861743712497e-02 3.179127234016384390e-02 4.163973470988032721e-01
6.213762217053876435e-01 2.501640166734439910e-02 3.336851387984514361e-02 3.202388627474231364e-01
7.085257816913922424e-01 1.914491871605046927e-02 3.642143220611885474e-02 2.359078673864386522e-01
7.718973245405107431e-01 1.453907129500760231e-02 4.035779047490129640e-02 1.732058136895805456e-01
8.125700880769595180e-01 1.114294022749877378e-02 4.563912622702973737e-02 1.306478454685121027e-01
6.795627570652855720e-01 2.152221457664726667e-01 5.702025955652777200e-02 4.819483761171373948e-02
6.815636897620152013e-01 2.137810665115442432e-01 6.449162404193237164e-02 4.016361968450796183e-02
6.751387901505824241e-01 2.171852818936752527e-01 7.201167044897024971e-02 3.566425750677178902e-02
6.620868277396645407e-01 2.268250904230532106e-01 7.701825899069762726e-02 3.406982284658444798e-02
6.445664935308127452e-01 2.425123710117161047e-01 7.828395454985125068e-02 3.463718090761984392e-02
6.243851212914440785e-01 2.621483664257371893e-01 7.681626212649592111e-02 3.665025015632301930e-02
6.028555804241395588e-01 2.829462619736816675e-01 7.478036309388819136e-02 3.941779450829048514e-02
5.796819799762648051e-01 3.036507577547263304e-01 7.416971037451745852e-02 4.249755189449157255e-02
5.551923685721317225e-01 3.230104546762242457e-01 7.620128476671575446e-02 4.559589198492863121e-02
5.318492429693814083e-01 3.381930796116126570e-01 8.152074083995916598e-02 4.843693657904709488e-02
5.066107656442349061e-01 3.506238880390041279e-01 9.111030603609741874e-02 5.165504028066399828e-02
4.808917433935164243e-01 3.599233197734071354e-01 1.030948860545104484e-01 5.609005077856608901e-02
4.513933142535395682e-01 3.717732474562531197e-01 1.145698544823285092e-01 6.226358380787887919e-02
4.201812454799682128e-01 3.887208742464002831e-01 1.208238097689647850e-01 7.027407050466681626e-02
3.902290621370099188e-01 4.097842255522174404e-01 1.193818478480863365e-01 8.060486446268677607e-02
3.636179325949537855e-01 4.309509607102599560e-01 1.121078426292870661e-01 9.332326406549898423e-02
3.416376364585226866e-01 4.478502598761856524e-01 1.035437537613438513e-01 1.069683499039477126e-01
3.260888670956215152e-01 4.566632736816286231e-01 9.726483180347253454e-02 1.199830274192771468e-01
3.188328238218824939e-01 4.552865315244397637e-01 9.427009976812726622e-02 1.316105448855505178e-01
3.214348750500630181e-01 4.428144501652930831e-01 9.383452766057226446e-02 1.419161471240715511e-01
3.361592642804744346e-01 4.172788483093622935e-01 9.457379989675876453e-02 1.519880875134041742e-01
3.652070261853102018e-01 3.770636257732777330e-01 9.459627340929617489e-02 1.631330746321161540e-01
4.084652428848466466e-01 3.246690219728389781e-01 9.179573997205682512e-02 1.750699951702577029e-01
4.604056294610656130e-01 2.691026874622429177e-01 8.531566469581726431e-02 1.851760183808741633e-01
5.114678365454227160e-01 2.205057000037194681e-01 7.741755829105116671e-02 1.906089051598066075e-01
5.569910569457608984e-01 1.836178398264045331e-01 7.011172077351811305e-02 1.892793824543167747e-01
6.009562431858461728e-01 1.540031649836179906e-01 6.599036061839913536e-02 1.790502312121368123e-01
6.461333529614470272e-01 1.291574698791160269e-01 6.504800011544922822e-02 1.596611770439873290e-01
6.912084250110587247e-01 1.074468286770914605e-01 6.688678940946701790e-02 1.344579569023830190e-01
7.344264273058562775e-01 8.680276218942875599e-02 7.084381921887712708e-02 1.079269912858380198e-01
7.742968980903857101e-01 6.585159580351446218e-02 7.669660518045988418e-02 8.315490092563980473e-02
8.060779769919168558e-01 4.679223938416626066e-02 8.447847248161501066e-02 6.265131114230192144e-02
8.319690377460411401e-01 3.121589596220189153e-02 8.976349220304631615e-02 4.705157408871058627e-02
8.521695484791511621e-01 2.049945254433428732e-02 9.103997367901303650e-02 3.629102529750170142e-02
8.698579616702186712e-01 1.389982282697094403e-02 8.678797611070625251e-02 2.945423939210434910e-02
8.866498720616042828e-01 1.018963661476018391e-02 7.764013165731602217e-02 2.552035966631926653e-02
9.015046801070751847e-01 8.378795681135071602e-03 6.638678228702438178e-02 2.372974192476525260e-02
9.120981562711124591e-01 7.855866483419581686e-03 5.658224885037404367e-02 2.346372839509375599e-02
9.169589919827878521e-01 8.313104439423870534e-03 5.061229762813499594e-02 2.411560594965339935e-02
9.149812346254810880e-01 9.804762002729242032e-03 4.955201703469903213e-02 2.566198633709070032e-02
9.037885030140837550e-01 1.275089497393869231e-02 5.456724324514352492e-02 2.889335876683389939e-02
8.783364560895450257e-01 1.788043176588748756e-02 6.862810086989641623e-02 3.515501127467123704e-02
8.300887878647988938e-01 2.642254964736497416e-02 9.754258000915054516e-02 4.594608247868565282e-02
7.520492682066066692e-01 4.003025480474165648e-02 1.460347085109144072e-01 6.188576847773721162e-02
6.544627855935811755e-01 5.922174803871533416e-02 2.043657299610786571e-01 8.194973640662463199e-02
5.679582609163391638e-01 7.981106473632257337e-02 2.480460295101682422e-01 1.041846448371702705e-01
5.071735964452513956e-01 9.493556781154552371e-02 2.703355151264015266e-01 1.275553206168017206e-01
4.607729932445312482e-01 1.060103755238306078e-01 2.808772869549174822e-01 1.523393442767207173e-01
4.126937781352369994e-01 1.167992191544556940e-01 2.912580749610353958e-01 1.792489277492717303e-01
3.546047502286420183e-01 1.317145666668264048e-01 3.074478772683590377e-01 2.062328058361726224e-01
2.881314492540299477e-01 1.531130855445917982e-01 3.338880085073530068e-01 2.248674566940252195e-01
2.212505591165593033e-01 1.803111834616444586e-01 3.762001835318295462e-01 2.222380738899666919e-01
1.614097995461745982e-01 2.096870001048923848e-01 4.355111688827579819e-01 1.933920314661749240e-01
1.121756682382074460e-01 2.363825120618355258e-01 5.017209178843550221e-01 1.497209018156022420e-01
7.736564437922334447e-02 2.533162512556964008e-01 5.617286697041683485e-01 1.075894346609119340e-01
5.533106748143607617e-02 2.636475010001347319e-01 6.056059317669116870e-01 7.541549975151759511e-02
4.200743215234915839e-02 2.760712291681634012e-01 6.280461518041569047e-01 5.387518687533061901e-02
3.504014844646190230e-02 2.870849513186333191e-01 6.383242600365314212e-01 3.955064019837335743e-02
3.062602649970915664e-02 2.759611283131828685e-01 6.649671649877220148e-01 2.844568019938611275e-02
2.602173103720342717e-02 2.287115131307465021e-01 7.262878068451854574e-01 1.897894898686466880e-02
2.067274016814477783e-02 1.641666726220580574e-01 8.033649788495144106e-01 1.179560836028287381e-02
1.587308011959566792e-02 1.109436689841606927e-01 8.658278890387252069e-01 7.355361857518450709e-03
1.247359030076271129e-02 7.703216287622002834e-02 9.055424880786412389e-01 4.951758744375769038e-03
1.041013609399565540e-02 5.802323092875661531e-02 9.278533752933910694e-01 3.713257683856933944e-03
9.486521320788017173e-03 4.931977207239053584e-02 9.380612541923127878e-01 3.132452414508931499e-03
9.653470337494659756e-03 4.799918183120815279e-02 9.393903686803534159e-01 2.956979150944060407e-03
1.079631453300126942e-02 5.175219968525580916e-02 9.344584762719314597e-01 2.993009509811533735e-03
1.266315146679899625e-02 5.885763082606464136e-02 9.253971334681804217e-01 3.082084238956045615e-03
1.497443795907633241e-02 6.840438815968027941e-02 9.134808544241347361e-01 3.140319457108501147e-03
1.774722757991996011e-02 8.083273512120278670e-02 8.982077405968974526e-01 3.212296701979879942e-03
2.118910279419497500e-02 9.564825683129662970e-02 8.797832302693550099e-01 3.379410105153407042e-03
2.543516706577418629e-02 1.092652747356905873e-01 8.615861713395102095e-01 3.713386859024870711e-03
3.090485688021363947e-02 1.194855137785152677e-01 8.452001516699392258e-01 4.409477671331646711e-03
3.904772146628902180e-02 1.310960723161005981e-01 8.238687503340536011e-01 5.987455883556585569e-03
5.129027989773847496e-02 1.487571675855458853e-01 7.906554995516179574e-01 9.297052965097496804e-03
6.711990760725988769e-02 1.729735123598556412e-01 7.445579348106963202e-01 1.534864522218808841e-02
8.472971274682533638e-02 2.065716549077971920e-01 6.833796241325232890e-01 2.531900821285414105e-02
1.010215980269562469e-01 2.527728633860192309e-01 6.059237824784104998e-01 4.028175610861400857e-02
1.156444524449461581e-01 2.969015126885413691e-01 5.280794343039388883e-01 5.937460056257350127e-02
1.266130703875194830e-01 3.158080303416544998e-01 4.800026189163294488e-01 7.757628035449644355e-02
1.341906419827757768e-01 3.091234213040960910e-01 4.669093013358389110e-01 8.977663537728924892e-02
1.394689964642713553e-01 2.942355415753281078e-01 4.708514877842648882e-01 9.544397417613548207e-02
1.442436683564954081e-01 2.812288192577273582e-01 4.776794359445276639e-01 9.684807644124972248e-02
1.487507010298075028e-01 2.687358757313704216e-01 4.874824536245919715e-01 9.503096961423010414e-02
1.515083234497298648e-01 2.525969091266833111e-01 5.057767517135653978e-01 9.011801571002141242e-02
1.500745904817975263e-01 2.301166606742565124e-01 5.372902633170896225e-01 8.251848552685599192e-02
1.427689094718104512e-01 2.030385103975903272e-01 5.814992095161712893e-01 7.269337061442780745e-02
1.299100036321328977e-01 1.750757636778019488e-01 6.339837005988951946e-01 6.103053209117053485e-02
1.137350298658228870e-01 1.481925229170133473e-01 6.893586080820945927e-01 4.871383913506916602e-02
