5.786036941490865781e-02 4.422131866763054364e-01 1.389686858604990416e-01 3.609577580482867809e-01
8.532972581240502175e-01 6.303215475558738255e-03 1.092025609715476381e-01 3.119696542884350596e-02
8.695218231065497960e-01 4.717461980048839008e-03 1.029687672738678755e-01 2.279194763953306876e-02
8.881056192852139208e-01 3.605097317980717961e-03 9.201009084977099239e-02 1.627919254703446769e-02
9.076443307862281928e-01 2.923564369521828091e-03 7.766882904802718812e-02 1.176327579622251686e-02
9.256119012036603255e-01 2.637000616886281661e-03 6.286010375735684441e-02 8.890994422096520217e-03
9.394319740226531046e-01 2.758659135788487770e-03 5.058967533726554250e-02 7.219691504292799662e-03
9.480813149553953822e-01 3.272356032278043222e-03 4.243020843993913077e-02 6.216120572387470213e-03
9.521773610851882452e-01 3.981713164144084181e-03 3.847932488442062232e-02 5.361600866247093373e-03
9.514800934280450706e-01 4.784505423816130289e-03 3.907335142597431060e-02 4.662049722164348861e-03
9.441068842290272212e-01 5.983888847899469961e-03 4.547478062807650684e-02 4.434446294996683205e-03
9.284198378114706385e-01 7.923591492850719231e-03 5.884570686867966749e-02 4.810863826999127457e-03
9.052430333851092525e-01 1.085490113824405349e-02 7.793492262799257830e-02 5.967142848654002907e-03
8.799232747633409790e-01 1.523901537217579177e-02 9.633499053688492075e-02 8.502719327598079468e-03
8.605782214253713258e-01 2.069706221036927279e-02 1.057914389985900872e-01 1.293327736566948598e-02
8.501078812528745088e-01 2.550578387377673562e-02 1.054445922619211135e-01 1.894174261142761787e-02
8.428425722430473721e-01 2.949582088394548871e-02 1.013224205714989834e-01 2.633918630150786783e-02
8.325205980639054371e-01 3.348697019741173064e-02 9.861060470577742709e-02 3.538182703290516234e-02
8.161571556826814344e-01 3.800721999315860578e-02 9.942814839190222687e-02 4.640747593225783008e-02
7.947607881645265548e-01 4.295640031879687654e-02 1.033006700974656300e-01 5.898214141921115372e-02
7.732965185143093612e-01 4.769847384422466752e-02 1.078053636536560334e-01 7.119964398780985471e-02
7.584144502383812769e-01 5.176449160867988009e-02 1.093076017782744630e-01 8.051345637466437999e-02
7.525368211917883299e-01 5.629163380366723757e-02 1.044533142725727337e-01 8.671823073197179599e-02
7.494830903631982677e-01 6.431018683889774823e-02 9.221335722092335874e-02 9.399336557698050043e-02
7.308777381810703799e-01 8.088379573442072701e-02 7.992451622069479678e-02 1.083139498638142212e-01
6.936846553414619532e-01 1.050557650720659597e-01 7.207218583225735720e-02 1.291873937542149520e-01
6.519250392963760188e-01 1.286694384681317249e-01 7.098633165134364542e-02 1.484191905841483194e-01
6.182780366695368457e-01 1.436255933252676142e-01 7.887157158830498949e-02 1.592247984168905783e-01
5.881797782620933335e-01 1.490128990452431745e-01 9.996615498647044851e-02 1.628411677061932794e-01
5.496008366852237481e-01 1.464080236259389378e-01 1.395101329922184275e-01 1.644810066966188589e-01
4.923846736796951840e-01 1.380276671198580329e-01 2.012138460095966586e-01 1.683738131908500413e-01
4.250795260434217515e-01 1.231787466560939209e-01 2.778178625192525564e-01 1.739238647812318406e-01
3.508989410340494497e-01 1.075993206300558669e-01 3.602956363014645502e-01 1.812061020344300499e-01
2.818323476903430991e-01 9.108494642590299339e-02 4.352084099936491812e-01 1.918742958901046292e-01
2.281418500188268084e-01 7.877979578502138092e-02 4.826334643072900943e-01 2.104448898888618136e-01
1.908339063671944114e-01 7.165058662945895940e-02 4.943854839796118505e-01 2.431300230237347093e-01
1.645794947703945466e-01 6.936263620374641392e-02 4.756657364978444380e-01 2.903921325280145460e-01
1.405086707121616652e-01 6.702390484927626957e-02 4.566566407242769188e-01 3.358107837142854102e-01
1.147610785791421256e-01 5.998342889831149993e-02 4.718289246528852843e-01 3.534265678696610347e-01
8.861475601240102751e-02 4.773416123506298014e-02 5.325696431741333559e-01 3.310814395784028030e-01
6.639662065009915848e-02 3.433988315004942588e-02 6.157872782349511631e-01 2.834762179648999680e-01
5.259056172365608045e-02 2.433055653513009620e-02 6.826217245392447452e-01 2.404571572019690018e-01
4.757314185756282565e-02 1.842633770610184463e-02 7.167186916585581713e-01 2.172818287777773527e-01
4.944352583547214491e-02 1.516935975912183689e-02 7.237045332778827555e-01 2.116825811275230562e-01
5.723660506629858757e-02 1.341815873312449461e-02 7.103599636952570018e-01 2.189852725053198501e-01
7.148816285495289413e-02 1.262074677820482042e-02 6.783977642872598413e-01 2.374933260795821510e-01
9.403385132716149397e-02 1.257796690439014556e-02 6.267312813799388316e-01 2.666569003885096434e-01
1.265486369245613085e-01 1.315826538734289272e-02 5.581795271242396828e-01 3.021135705638560709e-01
1.675708244950228354e-01 1.415548376168773020e-02 4.854689840088475816e-01 3.328047077344418181e-01
2.113649923789377993e-01 1.530806566305048001e-02 4.288432804249667218e-01 3.444836615330451046e-01
2.495555528263677936e-01 1.627039319698224407e-02 4.061171104256703357e-01 3.280569435509795295e-01
2.730893003644691008e-01 1.656835714741697677e-02 4.241330324536610186e-01 2.862093100344527685e-01
2.790327548903446253e-01 1.621867121954298496e-02 4.727016816749087247e-01 2.320468922152038871e-01
2.719895603351376034e-01 1.431517561620368126e-02 5.333046773649517958e-01 1.803905866837065275e-01
2.677266821595904456e-01 1.247726734548987998e-02 5.807348133105227905e-01 1.390612371843966688e-01
2.749146173742489929e-01 1.088740093648937236e-02 6.050269578019931149e-01 1.091710238872682509e-01
3.001446415367515774e-01 9.927924274947052402e-03 6.003827104150579741e-01 8.954472377324365628e-02
3.489030838567400150e-01 9.759817417364181902e-03 5.633876943888617150e-01 7.794940433703394234e-02
4.225835807130519650e-01 9.992037729107700050e-03 4.968696258716610026e-01 7.055475568617926296e-02
5.070192476138963844e-01 1.049863774031361413e-02 4.188845147926574253e-01 6.359759985313270803e-02
5.861085070285475540e-01 1.079154713770435689e-02 3.469891782699026095e-01 5.611076756384533737e-02
6.456939598564190863e-01 1.089812360395178356e-02 2.941756562181171430e-01 4.923226032151200443e-02
6.825054788636634173e-01 1.090410949760609385e-02 2.624776564482355634e-01 4.411275519049492194e-02
7.007047810906280594e-01 1.080557035063976073e-02 2.476053485267744603e-01 4.088430003195778900e-02
7.054092594413308159e-01 1.062561722359108875e-02 2.447382316006885550e-01 3.922689173438955595e-02
7.019407140412474710e-01 1.028977251880422439e-02 2.494787781455970466e-01 3.829073529435141759e-02
6.961577535791391158e-01 9.715321497293576830e-03 2.569883731502092816e-01 3.713855177335801533e-02
6.907659506007542971e-01 9.191138236525288677e-03 2.637696356856932822e-01 3.627327547702698107e-02
6.860132493256242414e-01 9.084281515443777544e-03 2.679808670581475538e-01 3.692160210078478111e-02
6.823760620747204575e-01 9.482508663820891220e-03 2.686530067882937911e-01 3.948842247316486365e-02
6.807238438558259608e-01 1.038968864280975964e-02 2.650836113773523128e-01 4.380285612401192685e-02
6.830577528937803455e-01 1.195465401304657629e-02 2.551954733846509282e-01 4.979211970852218810e-02
3.258742501762121879e-01 3.905090215022234967e-01 4.610470686627148040e-02 2.375120214552931819e-01
4.492205972994341434e-01 7.748650840983591082e-02 3.549460965426162740e-01 1.183467977481137273e-01
4.729258928116806260e-01 7.617291734125145042e-02 3.326341295366156969e-01 1.182670603104521712e-01
5.146486429474692592e-01 7.774112942226546474e-02 2.874451748731751688e-01 1.201650527570898713e-01
5.645782248391489899e-01 7.924836651735750470e-02 2.375490643403032065e-01 1.186243443031901046e-01
6.211419513755528365e-01 7.935676369400633534e-02 1.880828864724992111e-01 1.114183984579417419e-01
6.749251835164640223e-01 8.134035743321825496e-02 1.429374202127106641e-01 1.007970388376072252e-01
7.225914760056449948e-01 8.370834942595865857e-02 1.042247550239106535e-01 8.947541954448554047e-02
7.579087114994608188e-01 8.764639805445179066e-02 7.400481801622844913e-02 8.044007242985894146e-02
7.792664126920851864e-01 9.313337215237608990e-02 5.160514227544437532e-02 7.599507288009446637e-02
7.865554749279730640e-01 9.996000459433268537e-02 3.544283972692315737e-02 7.804168075077097533e-02
7.786095007288448278e-01 1.083358720710267120e-01 2.406336625580791921e-02 8.899126094432031897e-02
7.549284191669658473e-01 1.180111424584275315e-01 1.599728245769814136e-02 1.110631559169081850e-01
7.148816482650920401e-01 1.312275473217135724e-01 1.077274595872140112e-02 1.431180584544728129e-01
6.685207080691327741e-01 1.466894518419785409e-01 7.334015746220980125e-03 1.774558243426672954e-01
6.289637541694512723e-01 1.623605108665484853e-01 5.233876345562064360e-03 2.034418586184381927e-01
6.072737032309531990e-01 1.753156269932356348e-01 4.064534573407616383e-03 2.133461352024033086e-01
6.082094930669357247e-01 1.823307756070915442e-01 3.464003752299884501e-03 2.059957275736730431e-01
6.308600138380668909e-01 1.799002240019428878e-01 3.198357818275152260e-03 1.860414043417148999e-01
6.678769811136482382e-01 1.674645228435882593e-01 3.177521153478793468e-03 1.614809748892848951e-01
7.098795577677969870e-01 1.483552561101221801e-01 3.336379085906694946e-03 1.384288070361740786e-01
7.504689295762894119e-01 1.269297067743490881e-01 3.587922742373750480e-03 1.190134409069878302e-01
7.864521146592611256e-01 1.064661193240616227e-01 3.860176765289681337e-03 1.032215892513876493e-01
8.169699710559983341e-01 8.858589499469354811e-02 4.140506773821044095e-03 9.030362717548683082e-02
8.417034302393734402e-01 7.465144839562434798e-02 4.569509366667499559e-03 7.907561199833448851e-02
8.665887073951441533e-01 6.135955087135985808e-02 4.962351685136516359e-03 6.708939004835916264e-02
8.927390168092057543e-01 4.890299878818267498e-02 5.337131367433221169e-03 5.302085303517833220e-02
9.183347693066057360e-01 3.756780217407312827e-02 5.671059215713591950e-03 3.842636930360723152e-02
9.378554119357723762e-01 2.905885959102248728e-02 6.078462299633806236e-03 2.700726617357162782e-02
9.494151868237060699e-01 2.406709192317915691e-02 6.548490186972360030e-03 1.996923106614207147e-02
9.546166760791239270e-01 2.220222718811774160e-02 6.924941175785190653e-03 1.625615555697341313e-02
9.552386932649926665e-01 2.284472193259778905e-02 7.196678135308600885e-03 1.471990666710116559e-02
9.540634704862154258e-01 2.448737453223166771e-02 7.319154597566643328e-03 1.413000038398622149e-02
9.528700960511150564e-01 2.598631932431088101e-02 7.262053147708715135e-03 1.388153147686512282e-02
9.506856327502541948e-01 2.785228321435874108e-02 7.147083163259842532e-03 1.431500087212719298e-02
9.459482344393629338e-01 3.101118890174273113e-02 7.095075039309253068e-03 1.594550161958502299e-02
9.394437651333281680e-01 3.484053288957613542e-02 6.964953672380665324e-03 1.875074830471503209e-02
9.350405589379777727e-01 3.662007451046968287e-02 6.441757425234845812e-03 2.189760912631773249e-02
9.341288690737048483e-01 3.520783993786673338e-02 5.661342244968552151e-03 2.500194874345980714e-02
9.344139891176298507e-01 3.222281196494003463e-02 4.951985695047687701e-03 2.841121322238250244e-02
9.324220662114317548e-01 3.001200076234758832e-02 4.436707334061471865e-03 3.312922569215905749e-02
9.232850080707969420e-01 3.078913973310567348e-02 4.127087814165161274e-03 4.179876438193238369e-02
9.011877980686846534e-01 3.631268004253508652e-02 3.962508407520497385e-03 5.853701348126003068e-02
8.623938203286652948e-01 4.741458934386055118e-02 3.857408925765580185e-03 8.633418140170859290e-02
8.107671435838972318e-01 6.311353927458812629e-02 3.845788225113348693e-03 1.222735289164011557e-01
7.640650157290534983e-01 7.702055580704851578e-02 3.914159882477646901e-03 1.550002685814201031e-01
7.388357006354798751e-01 8.380969535986675101e-02 4.052783620959900593e-03 1.733018203836933224e-01
7.319888443126253419e-01 8.426716767989732293e-02 4.187804074399489006e-03 1.795561839330776510e-01
7.267912141847318042e-01 8.547410056372176101e-02 4.474312589700359111e-03 1.832603726618461659e-01
7.159412465042458429e-01 9.016570238314269847e-02 5.036486080549437520e-03 1.888565650320614131e-01
7.027895953153453501e-01 9.560059390598660278e-02 5.883456862964524942e-03 1.957263539157035326e-01
6.934591761744052230e-01 9.868594986558867910e-02 7.008427854349429977e-03 2.008464461056570782e-01
6.921907692032868153e-01 9.965866236730262784e-02 8.489980876957842551e-03 1.996605875524528895e-01
7.019239097386865689e-01 9.849020193701685244e-02 1.033132314753213918e-02 1.892545651767642279e-01
7.203268886313380914e-01 9.442486478551284645e-02 1.273253065711107621e-02 1.725157159260381767e-01
7.412919313138839339e-01 8.768239976804016733e-02 1.650350715615316044e-02 1.545221617619228494e-01
7.588491717096761402e-01 8.013357492668389537e-02 2.377072749105615945e-02 1.372465258725837078e-01
7.724382604732082935e-01 7.067487792696945659e-02 3.767389713878783325e-02 1.192129644610347150e-01
7.712830598547254501e-01 6.270114368497467505e-02 6.510629263190390037e-02 1.009095038283959328e-01
7.347497481466854774e-01 5.835264112555037241e-02 1.208301627188271138e-01 8.606744800893711966e-02
6.647404485464053492e-01 5.413341527440068690e-02 2.063747159214295579e-01 7.475142025776439214e-02
5.712212640843818967e-01 5.129460767776920088e-02 3.095371566970261945e-01 6.794697154082239565e-02
4.779855012535761949e-01 4.954686057691361223e-02 4.065886149567006225e-01 6.587902321280919571e-02
3.911583692680276614e-01 4.926401590680582615e-02 4.911802776322037323e-01 6.839733719296264836e-02
3.154464567872999892e-01 5.077833348845323114e-02 5.581102106061363033e-01 7.566499911811046253e-02
2.608210686704140469e-01 5.525257291936559734e-02 5.934423794251111328e-01 9.048397898510902870e-02
2.293193313930962651e-01 6.366334936546279299e-02 5.900668664834978205e-01 1.169504527579430797e-01
2.124832466326974090e-01 7.508733033652989497e-02 5.570704231537809692e-01 1.553589998769916714e-01
2.046602251228192004e-01 9.114538437797518877e-02 4.986011528388608061e-01 2.055932376603445688e-01
2.039570904139597074e-01 1.168126561323385437e-01 4.092413075321533200e-01 2.699889459215484844e-01
2.058840243991111041e-01 1.540707944900280846e-01 2.965213149542576532e-01 3.435238661566033525e-01
2.049006909273227983e-01 1.951007982396554541e-01 1.918859032896306216e-01 4.081126075433910705e-01
3.983489187682721228e-02 8.992959385116572335e-02 7.392039574316117134e-01 1.310315568403953301e-01
3.844437856696147904e-01 2.101080202479613523e-01 3.008047282742009818e-02 3.753677212550037279e-01
3.543431570138506070e-01 1.715489778904899787e-01 2.784599230253091348e-02 4.462618727931283447e-01
2.875963651086307360e-01 1.412205876703411800e-01 2.737342243997942931e-02 5.438096247810485506e-01
2.077295173451844668e-01 1.151768792724714302e-01 2.902970811143049112e-02 6.480638952709135703e-01
1.428911484956745248e-01 8.852986804156193212e-02 3.355508526704648053e-02 7.350238981957168960e-01
9.907577922946744775e-02 6.335764792149491120e-02 4.265894158394312879e-02 7.949076312650945608e-01
7.093061921230980893e-02 4.407397684567509327e-02 5.922521912425645491e-02 8.257701848177586568e-01
5.311584337104824360e-02 3.111940578250779396e-02 8.651327638696171274e-02 8.292514744594821074e-01
4.210346342002455056e-02 2.229611101227423758e-02 1.261723101418993631e-01 8.094281154258019528e-01
3.633734165964030288e-02 1.647130739973871535e-02 1.808952698169384310e-01 7.662960811236823044e-01
3.486117056826144173e-02 1.299107215604593767e-02 2.554360513001830424e-01 6.967117059755092434e-01
3.703085350089448807e-02 1.135205510781712827e-02 3.508793796227346329e-01 6.007377117685538392e-01
4.218188119259461133e-02 1.127513341957134957e-02 4.564122892100088702e-01 4.901306961778252314e-01
4.889646420363504692e-02 1.304341927116992560e-02 5.533987243354672181e-01 3.846613921897278909e-01
5.604654456381957112e-02 1.523352178988941936e-02 6.328828631942217120e-01 2.958370704520694172e-01
6.312632494475201028e-02 1.883408209715524070e-02 6.894541832591309927e-01 2.285854096989613504e-01
7.222240867338496073e-02 2.424738157811823919e-02 7.169739068325353681e-01 1.865563029159614250e-01
8.456650771691769097e-02 3.273885385842990187e-02 7.174013027784109653e-01 1.652933356462416292e-01
1.018532018306615300e-01 4.745520956578448690e-02 6.940142411114451626e-01 1.566773474921091813e-01
1.230406860111948886e-01 7.273250892031876691e-02 6.471637999129963292e-01 1.570630051554899875e-01
1.467588318082697074e-01 1.117115948178758061e-01 5.797007077941337405e-01 1.618288655797208431e-01
1.684594962479592506e-01 1.606564366146637224e-01 5.068724382579756771e-01 1.640116288794014054e-01
1.846810215461017202e-01 2.114226021006980760e-01 4.447723719464550807e-01 1.591240044067449289e-01
1.942612862100379922e-01 2.596506038864137555e-01 3.977612383955805853e-01 1.483268715079677502e-01
1.958077221486243247e-01 3.057392661980865567e-01 3.625384337796121459e-01 1.359145778736770005e-01
1.890738538974709171e-01 3.462694037578370465e-01 3.387163976626243467e-01 1.259403446820676897e-01
1.761278838370113897e-01 3.715710894518695073e-01 3.319375572311076272e-01 1.203634694800116978e-01
1.585085477508984264e-01 3.699533833410057482e-01 3.537483753541730835e-01 1.177896935539227141e-01
1.400623361611182949e-01 3.298222344934462202e-01 4.167255484803681909e-01 1.133898808650671691e-01
1.196899684675700737e-01 2.583017074486272380e-01 5.211684968359271419e-01 1.008398272478754354e-01
9.754797030194466145e-02 1.795144386215126731e-01 6.440010255273580508e-01 7.893656554918433710e-02
7.533104665915722753e-02 1.132473176854599251e-01 7.579607134989706507e-01 5.346092215641208567e-02
5.502031339117814668e-02 6.423424419969173127e-02 8.489893384083476713e-01 3.175610400078274220e-02
3.746505058751963685e-02 3.298724705815127972e-02 9.121971317246404531e-01 1.735057062968865804e-02
2.514155596668236556e-02 1.584968151063794253e-02 9.497298659365890350e-01 9.278896586090549375e-03
1.733538814849007806e-02 7.821406648134810943e-03 9.695455870977445212e-01 5.297618105630649658e-03
1.299984798222890599e-02 3.965330710278802337e-03 9.795786966674483454e-01 3.456124640044193081e-03
1.071663378672745894e-02 2.245138103706727922e-03 9.843589135180624838e-01 2.679314591503169276e-03
9.700994126929813124e-03 1.423159292078220129e-03 9.864254739476673306e-01 2.450372633324625956e-03
9.434872065731606319e-03 1.019079271575461547e-03 9.869392846731593893e-01 2.606763989533464072e-03
9.912265658599865581e-03 8.826593523069102554e-04 9.859314357370944082e-01 3.273639251998723600e-03
1.162210859380240387e-02 1.005224444845170123e-03 9.824118534144236081e-01 4.960813546928986156e-03
1.566375656512948578e-02 1.557319878991396747e-03 9.736787194098018849e-01 9.100204146077381720e-03
2.346508862292847122e-02 3.151464068458596085e-03 9.534048476335472699e-01 1.997859967506589174e-02
4.384973254578650864e-02 8.523400961286944563e-03 8.945094255996425270e-01 5.311744089328419849e-02
8.823457162569114942e-02 2.528537662440002304e-02 7.423503612102571037e-01 1.441296905396515782e-01
1.451791413538408848e-01 5.858392145084493491e-02 4.921652145407161560e-01 3.040717226545979757e-01
1.825007524518322266e-01 9.080355220987648690e-02 2.674542660064160859e-01 4.592414293318753948e-01
1.926869654311322289e-01 1.094621306911622016e-01 1.392542224286142660e-01 5.585966814490909149e-01
1.897215129880008011e-01 1.178461168507145829e-01 7.744455404575648072e-02 6.149878161155282186e-01
1.815697114811697377e-01 1.230200347774013242e-01 4.655139541287293958e-02 6.488588583285560540e-01
1.716108345079338793e-01 1.280578905278260404e-01 2.991929296298177429e-02 6.704119820012579556e-01
1.600708615748397401e-01 1.342471361923538997e-01 2.041877147324003619e-02 6.852632307595661887e-01
1.467043044036781818e-01 1.415154473560414627e-01 1.488238649175126910e-02 6.968978617485290794e-01
1.323210961744652470e-01 1.494188375691848647e-01 1.184426648854383819e-02 7.064157997678059964e-01
1.180131162063531303e-01 1.569526395855925516e-01 1.047543246821145552e-02 7.145588117398429251e-01
1.040835552624415905e-01 1.635899234085417542e-01 1.021643640447444934e-02 7.221100849245424280e-01
9.073491320427927442e-02 1.692478502165465082e-01 1.074923902137605268e-02 7.292679975577979201e-01
7.838050159098139402e-02 1.722445176699047564e-01 1.198392864067718798e-02 7.373910520984365835e-01
6.691938644341266507e-02 1.700683775987343049e-01 1.397576109970052709e-02 7.490364748581526122e-01
5.608448274459228861e-02 1.634658554820702658e-01 1.702778504347253474e-02 7.634218767298650565e-01
4.616592492282452914e-02 1.565766135987923247e-01 2.184961273172287416e-02 7.754078487466602443e-01
3.824453733918980330e-02 1.556794774788553826e-01 2.961706709068007842e-02 7.764589180912747635e-01
3.334345157401277793e-02 1.673945055183087005e-01 4.141950934115863625e-02 7.578425335665196494e-01
3.110782224311599981e-02 1.959118471145384066e-01 5.632764807183180539e-02 7.166526825705138437e-01
3.016792747237461922e-02 2.420534557080481486e-01 7.044032457406318448e-02 6.573382922455137667e-01
2.940639532795481445e-02 3.041532166240925594e-01 7.991258853481418567e-02 5.865277995131384925e-01
2.839506933457932800e-02 3.796786832931874356e-01 8.209691382344445898e-02 5.098293335487886768e-01
2.701360851746668554e-02 4.638287748102101760e-01 7.513700612043996974e-02 4.340206105518830126e-01
2.504311297527403446e-02 5.505346997547895249e-01 6.099681230755483324e-02 3.634253749623817531e-01
2.247016412217485784e-02 6.333494185823412836e-01 4.549193663992637249e-02 2.986884806555576977e-01
7.935635048360222266e-01 7.142637490247044640e-02 6.906987642664330629e-02 6.594024383486418728e-02
6.141458962677124322e-01 6.149231310135579165e-02 1.868717147761801145e-01 1.374900758547518975e-01
5.713674670478364748e-01 6.744054402273438886e-02 1.964643123777584377e-01 1.647276765516708652e-01
5.207595617859694936e-01 7.320646355260838900e-02 2.095115575514324702e-01 1.965224171099898831e-01
4.664659390131354888e-01 7.782066142264235098e-02 2.243541064088706294e-01 2.313592931553514753e-01
4.111589084301444652e-01 8.119463198072084109e-02 2.383685566176941828e-01 2.692779029714405525e-01
3.570824955861077732e-01 8.295716705246136691e-02 2.505421040135474287e-01 3.094182333478834868e-01
3.046267329209659258e-01 8.344333042234702846e-02 2.609543745216467148e-01 3.509755621350401089e-01
2.542063922057770653e-01 8.403968953542700904e-02 2.683175439115803584e-01 3.934363743472157338e-01
2.087754821228604285e-01 8.653218379350094414e-02 2.697501435457338448e-01 4.349421905379047826e-01
1.722318425493802319e-01 9.033518899141435021e-02 2.659288409000515330e-01 4.715041275591539960e-01
1.453208597191232854e-01 9.423166293627098511e-02 2.619791850634671793e-01 4.984682922811388139e-01
1.260036816370820045e-01 9.557756544921741648e-02 2.643905070208335539e-01 5.140282458928669973e-01
1.124098147268274145e-01 9.432784463630349003e-02 2.744506444939106005e-01 5.188116961429583007e-01
1.033187210106289583e-01 9.122678476563801653e-02 2.903374717634299995e-01 5.151170224603029979e-01
9.820510484163165466e-02 8.744218010442658673e-02 3.084640329331972408e-01 5.058886821207443374e-01
9.715663867682768073e-02 8.419259761732214575e-02 3.249283262652005178e-01 4.937224374406497529e-01
1.001405462615506531e-01 8.293442614373541799e-02 3.370283868085506840e-01 4.798966407861635086e-01
1.093139837899153727e-01 8.236183515748039807e-02 3.439373562261595074e-01 4.643868248264446663e-01
1.243707402263263678e-01 8.245264143288032199e-02 3.467811073916887699e-01 4.463955109491044571e-01
1.446782837699623347e-01 8.260704173684055296e-02 3.467142405788862791e-01 4.260004339143107499e-01
1.691222798713959419e-01 8.331105671940032542e-02 3.428576339369099335e-01 4.047090294722939796e-01
1.959124767878483164e-01 8.476549407651755297e-02 3.352636848560901495e-01 3.840583442795444391e-01
2.194482227775385041e-01 8.392730299953887751e-02 3.331614948961857947e-01 3.634629793267363795e-01
2.298351319237614820e-01 7.647609854703081578e-02 3.537635683775912643e-01 3.399252011516166183e-01
2.197236214789929643e-01 6.357112205944694117e-02 4.042685635838119684e-01 3.124366928777481678e-01
1.953602186933554030e-01 5.172052425064311426e-02 4.627369505427290641e-01 2.901823065132721480e-01
1.732044842180981425e-01 4.468469682025922457e-02 4.948458687486146368e-01 2.872649502130282806e-01
1.620412237727678340e-01 4.117018041093800651e-02 4.888184773817278450e-01 3.079701184345662868e-01
1.600863569868115344e-01 3.870178921023737645e-02 4.520243036495470434e-01 3.491875501534041915e-01
1.612915147322329379e-01 3.606703001537114872e-02 3.948910344207633427e-01 4.077504208316322654e-01
1.587700227529882657e-01 3.321541597901667142e-02 3.256756201939284834e-01 4.823389410740668293e-01
1.467243876109698697e-01 3.028385155725933989e-02 2.536751546899335685e-01 5.693166061418375445e-01
1.250123340816052808e-01 2.703360362418322227e-02 1.916496216864937707e-01 6.563044406077177539e-01
1.003697302186632168e-01 2.333566541581522796e-02 1.478416885088186250e-01 7.284529158567027984e-01
7.945175689525504903e-02 1.904151132315395553e-02 1.232321323105315530e-01 7.782745994710594806e-01
6.452711221526377661e-02 1.423761695284450797e-02 1.158808711133624408e-01 8.053543997185294012e-01
5.467303434159948017e-02 9.631088589670119479e-03 1.242484743188296131e-01 8.114474027499004594e-01
4.892838150987926377e-02 6.158468859989562477e-03 1.472117801414191407e-01 7.977013694887121753e-01
4.732632115153739133e-02 4.061282084832858012e-03 1.822155808122846166e-01 7.663968159513452338e-01
5.005862407021455934e-02 2.881859155204787894e-03 2.269964842172641217e-01 7.200630325573162960e-01
5.703182271371132206e-02 2.138081597145371354e-03 2.847694308239003824e-01 6.560606648652429485e-01
6.765124949108948516e-02 1.620308926448183135e-03 3.623494565633229025e-01 5.683789850191394155e-01
8.040170159136794670e-02 1.323593781298844493e-03 4.607186722341621299e-01 4.575560323931711637e-01
9.168968875398811336e-02 1.204396808819510438e-03 5.710286019242947209e-01 3.360773125128970751e-01
9.664751283925299141e-02 1.091068399343636660e-03 6.805081186280917960e-01 2.217533001333115150e-01
9.326121990047463173e-02 8.665001056650816933e-04 7.765026444724667520e-01 1.293696355213934668e-01
8.478775200904267728e-02 6.200042384928088979e-04 8.472057153284718867e-01 6.738652842399274479e-02
7.578657428031633503e-02 4.633887505344595759e-04 8.896130296272635185e-01 3.413700734188583608e-02
7.034864884140726304e-02 3.766396965780773477e-04 9.100794285013854568e-01 1.919528296062949016e-02
7.149729716761281384e-02 3.799202496881967216e-04 9.144928390625953751e-01 1.362994352010364618e-02
8.781998314833683317e-02 5.079091979640701230e-04 8.978716181404416963e-01 1.380048951325762302e-02
1.283602559459285919e-01 8.887602855414389585e-04 8.510603562270175892e-01 1.969062754151235106e-02
2.008826846145083667e-01 1.763285486503042782e-03 7.636439394496389310e-01 3.371009044934951404e-02
2.973200423911196988e-01 3.250693954839114271e-03 6.422665020938844727e-01 5.716276156015650395e-02
3.899877767792086503e-01 5.149247158850529110e-03 5.176466165817752429e-01 8.721635948016553952e-02
4.615292857323118336e-01 7.823701325723761077e-03 4.101381843094008550e-01 1.205088286325635555e-01
5.064648457301714757e-01 1.097592368135279217e-02 3.294680118908560607e-01 1.530912186976196021e-01
5.232586676836865625e-01 1.411922904714508695e-02 2.819049332815976028e-01 1.807171699875707860e-01
5.245986281089993764e-01 1.736004026379683179e-02 2.569573991667122304e-01 2.010839324604916378e-01
5.203231506582250976e-01 2.088746756438977434e-02 2.458833607403791699e-01 2.129060210370057604e-01
5.114122892445911450e-01 2.477208281967365616e-02 2.486486822447512568e-01 2.151669456909839628e-01
4.987884082724186041e-01 2.892336199443298894e-02 2.641686276836929248e-01 2.081196020494555377e-01
4.841362450254149685e-01 3.384949369418110976e-02 2.882887230676533519e-01 1.937255382127504866e-01
4.625160863969980385e-01 3.977327672267454151e-02 3.230439009569615050e-01 1.746667359233656514e-01
4.285184005169935251e-01 4.615350941008941610e-02 3.718625691884607232e-01 1.534655208844565299e-01
3.842796266859918042e-01 5.073641357209364433e-02 4.328269876819549888e-01 1.321569720599594377e-01
3.315299405951420142e-01 5.255095572583075997e-02 5.025363294089236765e-01 1.133827742701036811e-01
2.793297354032583946e-01 5.325437282738218481e-02 5.663086906602201598e-01 1.011072011091392053e-01
2.385652656456962173e-01 5.534609565030275402e-02 6.077050398893591998e-01 9.838359881464169010e-02
2.113532059527974682e-01 5.879530192353672746e-02 6.258608044464566422e-01 1.039906876772086763e-01
1.905404588326014559e-01 6.032844797494028855e-02 6.372048137889251285e-01 1.119262794035334740e-01
5.914698803794604665e-01 3.488383532088589617e-02 1.202932490909882322e-02 3.616169593905547153e-01
6.186297312468364007e-01 3.610588993419639597e-02 1.200113366482568819e-02 3.332632451541413521e-01
6.405301186304201977e-01 3.784237631642662497e-02 1.193294403991185422e-02 3.096945610132416093e-01
6.568248891316007532e-01 3.963921596925790852e-02 1.171848741837260011e-02 2.918174074807688978e-01
6.676578890970858993e-01 4.087251853496779580e-02 1.132431571731822191e-02 2.801452766506279390e-01
6.727538038398979126e-01 4.115810531119986487e-02 1.083648779931428545e-02 2.752516030495877897e-01
6.706107822661343532e-01 4.094240572963927377e-02 1.046131326069149950e-02 2.779854987435347868e-01
6.586584507575277136e-01 4.094614189180508651e-02 1.036645821371332855e-02 2.900289491369539285e-01
6.310510533930813182e-01 4.235900939722125197e-02 1.082580056401936247e-02 3.157641366456780396e-01
5.846332761765181685e-01 4.629369564157551770e-02 1.218650897201465841e-02 3.568865192098916173e-01
5.276799331680803729e-01 5.203144221484574949e-02 1.446091638666085512e-02 4.058277082304130867e-01
4.741132615486850499e-01 5.729519604414218259e-02 1.725246302649536753e-02 4.513390793806773549e-01
4.308501973475175051e-01 6.099847263542565456e-02 2.014376226222568469e-02 4.880075677548311175e-01
3.993854033481246124e-01 6.412421719117641916e-02 2.334945609193258415e-02 5.131409233687665994e-01
3.847806640037793602e-01 6.525622944754935761e-02 2.516470038188444239e-02 5.247984061667873013e-01
3.937250972403888993e-01 6.319338523180742517e-02 2.584903870879299084e-02 5.172324788190109102e-01
4.320933614534009370e-01 5.690967842764959456e-02 2.578858896594777780e-02 4.852083711530016941e-01
5.023012633461407805e-01 4.784977567162625872e-02 2.580946342523105994e-02 4.240394975570017100e-01
5.964081562892166177e-01 3.805177671275008361e-02 2.592954585678989080e-02 3.396105211412432379e-01
6.932195022756703073e-01 2.896234087154549858e-02 2.737601069767909429e-02 2.504421461551049055e-01
7.717405405104330596e-01 2.164077706576877924e-02 2.969056300541893581e-02 1.769281194183791039e-01
8.255742673627256556e-01 1.630712778508874167e-02 3.308366952703986619e-02 1.250349353251458961e-01
8.586624954603949700e-01 1.259722366038518518e-02 3.767700522951073633e-02 9.106327564970917443e-02
7.871483927105648037e-01 1.449282251118906295e-01 2.901119265128803901e-02 3.891218952625645489e-02
8.024937231314032138e-01 1.373259332195146676e-01 3.169481784517903106e-02 2.848552580390317085e-02
8.060737096676088287e-01 1.366527074150344356e-01 3.458314870349630393e-02 2.269043421386048032e-02
7.997289465105505979e-01 1.439298767992510664e-01 3.639636710972374289e-02 1.994480958047428754e-02
7.854195752516701656e-01 1.589927972804140999e-01 3.647175440192921420e-02 1.911587306598649602e-02
7.648971188155908596e-01 1.804229970766069446e-01 3.519796630694602135e-02 1.948191780085640340e-02
7.401446618662321786e-01 2.057946446766125981e-01 3.348691910744341915e-02 2.057377434971188745e-02
7.119571849305365019e-01 2.336387357869468273e-01 3.220671313202548569e-02 2.219736615049066816e-02
6.820462697396452167e-01 2.619851726128834546e-01 3.182971658354361716e-02 2.413884106392792314e-02
6.548515354499158114e-01 2.866707147481490359e-01 3.250372146090462627e-02 2.597402834103066521e-02
6.301723644138009783e-01 3.074053987393859377e-01 3.447908937823895154e-02 2.794314746857402484e-02
6.029844684425061940e-01 3.286192431022649796e-01 3.766208486374621189e-02 3.073420359148258327e-02
5.696360185295444856e-01 3.548244988074877870e-01 4.094491267476970536e-02 3.459456998819794571e-02
5.298402693020339838e-01 3.880749292133875428e-01 4.259956939345495297e-02 3.948523209112340254e-02
4.852640588165554880e-01 4.273497244627028069e-01 4.159020870070014031e-02 4.579600802004166193e-02
4.385489079757410869e-01 4.686614310258876981e-01 3.921369484566687019e-02 5.357596615270428936e-02
3.966208913507767719e-01 5.063740786712301878e-01 3.571010518534405848e-02 6.129492479264882915e-02
3.636107133077643438e-01 5.356353452945781246e-01 3.301600073005512420e-02 6.773794066760238652e-02
3.428354586758296518e-01 5.526178575883627930e-01 3.155054199919529040e-02 7.299614173661200800e-02
3.368226254160321953e-01 5.540523739276400628e-01 3.114743518558248797e-02 7.797756547074537192e-02
3.490014279300483468e-01 5.356249735766018816e-01 3.151903214830327482e-02 8.385456634504637186e-02
3.828640631010727935e-01 4.938638249890773269e-01 3.218666788072530732e-02 9.108544402912462090e-02
4.389764111204906283e-01 4.307067355891898708e-01 3.218900059828063570e-02 9.812785269203883054e-02
5.090159173477242227e-01 3.585628717957601852e-01 3.049431353346761936e-02 1.019268973230481046e-01
5.758582423945438622e-01 2.957350245690413826e-01 2.739829035251049871e-02 1.010084426839047006e-01
6.299285329807865486e-01 2.505180577134407671e-01 2.416887445536669218e-02 9.538453485040601643e-02
6.755456662174696980e-01 2.180268244838718672e-01 2.142611210371725416e-02 8.500139719494123614e-02
7.130335784728517590e-01 1.953398425893212997e-01 2.015895750788893048e-02 7.146762142993821898e-02
7.473087947018337562e-01 1.754053819228617861e-01 1.998179289488310334e-02 5.730403048042131964e-02
7.853057476415865601e-01 1.502615820424603177e-01 2.055903833279218093e-02 4.387363198316078516e-02
8.305336218010049842e-01 1.159284839497810582e-01 2.177656690806903730e-02 3.176132734114505557e-02
8.747849006077116352e-01 7.926369467333674312e-02 2.374065593401265481e-02 2.221074878493898425e-02
9.074146881458003966e-01 5.047920946773180872e-02 2.623585679282352395e-02 1.587024559364432624e-02
9.273515579087933114e-01 3.200575499417286640e-02 2.860427288379100222e-02 1.203841421324272111e-02
9.392448369463060054e-01 2.113766902776275172e-02 2.989344415903105040e-02 9.724049866900197694e-03
9.469787279319095141e-01 1.515256258097410005e-02 2.953936357371803045e-02 8.329345913398284243e-03
9.518911759396059269e-01 1.240178273678143109e-02 2.803745843933453524e-02 7.669582884277969734e-03
9.537180137930584278e-01 1.195411231126122971e-02 2.662082037235262780e-02 7.707053523327804002e-03
9.517952769860685835e-01 1.339188468738323513e-02 2.640556265905648001e-02 8.407275667491736007e-03
9.448980297246113436e-01 1.694754055020914960e-02 2.823995021396231639e-02 9.914479511217363927e-03
9.303352761719307917e-01 2.358367317067126823e-02 3.339416344489647831e-02 1.268688721250155194e-02
9.029746385596659763e-01 3.487254040958393669e-02 4.464232253098615599e-02 1.751049849976403158e-02
8.543059862001718407e-01 5.318930317667878993e-02 6.703086173649784596e-02 2.547384888665160663e-02
7.764063722558258718e-01 8.140451314705084152e-02 1.048842457017225838e-01 3.730486889540077927e-02
6.794124318660436090e-01 1.183146161759435905e-01 1.500644586643041511e-01 5.220849329370834402e-02
5.921329223990344781e-01 1.585672268772529980e-01 1.803966937622785427e-01 6.890315696143425872e-02
5.323977558033120561e-01 1.919932146831695441e-01 1.893121500771804411e-01 8.629687943633820857e-02
4.862245653768741960e-01 2.206541736596993875e-01 1.892033075410549658e-01 1.039179534223716450e-01
4.372456217781609533e-01 2.506547613019678433e-01 1.906323378954033199e-01 1.214672790244679529e-01
3.728398474018877473e-01 2.925357351016384944e-01 1.972311362885471320e-01 1.373932812079266541e-01
2.933334137409014941e-01 3.501479126778080375e-01 2.106716119468850790e-01 1.458470616344054172e-01
2.156856364639940515e-01 4.146721110926899767e-01 2.304695408228219500e-01 1.391727116204939940e-01
1.500950151056098525e-01 4.748816286922944441e-01 2.578472702933749527e-01 1.171760859087210283e-01
1.037582325189568278e-01 5.108629628291465608e-01 2.966283389496577327e-01 8.875046570223901754e-02
7.153168531572820510e-02 5.255673586949567433e-01 3.406255022836637836e-01 6.227545370565107374e-02
5.090528921605793483e-02 5.260582726773784801e-01 3.810387711068836114e-01 4.199766699967999450e-02
3.905421652137163607e-02 5.303209864605660240e-01 4.019845369106691546e-01 2.864026010739297023e-02
3.340070572161071144e-02 5.401416340676735706e-01 4.060794178684612454e-01 2.037824234225449685e-02
3.144633731666548332e-02 5.297757314680754392e-01 4.239617158197539482e-01 1.481621539550530102e-02
3.086862029566573434e-02 4.715342100583827523e-01 4.870480122794524913e-01 1.054915736649916780e-02
2.923233390167617740e-02 3.702836453312301490e-01 5.932843285604251227e-01 7.199692206668471990e-03
2.589184388497214190e-02 2.652801260920526483e-01 7.039634883964570600e-01 4.864541626517711846e-03
2.218715387896011068e-02 1.870707086219989823e-01 7.872809736497535793e-01 3.461163849287115634e-03
1.923578572017453983e-02 1.396800284441136741e-01 8.383694820920103430e-01 2.714703743701378427e-03
1.758106519988821351e-02 1.169689718677356938e-01 8.630399529975888440e-01 2.410009934787003729e-03
1.761358742457714774e-02 1.127964644624615681e-01 8.671540706105608232e-01 2.435877502400980547e-03
1.936791015487181536e-02 1.222015314247094503e-01 8.557429353792777027e-01 2.687623041140973102e-03
2.227220390609319089e-02 1.407864923995805762e-01 8.339291750942545711e-01 3.012128600071711706e-03
2.528278751882310355e-02 1.641820868546776668e-01 8.072857957961393494e-01 3.249329830360074122e-03
2.769903438944497365e-02 1.899248888991512951e-01 7.789935013227481386e-01 3.382575388655286851e-03
2.938580285880314918e-02 2.136955446486249466e-01 7.534355156782230889e-01 3.483136814348610204e-03
3.051036909843701447e-02 2.271569992282837236e-01 7.386982266743142844e-01 3.634404998965159225e-03
3.150242322116234006e-02 2.278153526778441962e-01 7.366845009987634807e-01 3.997723102230237198e-03
3.320393701635985378e-02 2.266400932285687619e-01 7.352530516705803043e-01 4.902918084491268182e-03
3.601755439430391614e-02 2.334318093032385633e-01 7.238215023879653875e-01 6.729133914492286574e-03
3.897113316957857843e-02 2.489695306831711252e-01 7.024027103039930386e-01 9.656625843256780653e-03
4.060137828453053849e-02 2.735048160377437920e-01 6.722326967839912237e-01 1.366110889373475107e-02
4.061914128165004106e-02 3.068521122552926306e-01 6.337278663115741839e-01 1.880088015148318262e-02
4.040568260091376152e-02 3.366391873656105482e-01 5.977854673143189190e-01 2.516966271915646244e-02
4.133446880049095051e-02 3.440106281626675311e-01 5.825788834886269640e-01 3.207601954821465151e-02
4.326728602552901148e-02 3.287572505972026216e-01 5.897534057701323551e-01 3.822205760713572043e-02
4.565578046332007672e-02 3.079567207791761296e-01 6.032494878955855233e-01 4.313801086191825646e-02
4.832603679047903222e-02 2.931707630484537419e-01 6.117389516073914457e-01 4.676424855367562750e-02
5.121404120108368624e-02 2.835759906882582282e-01 6.164378364229645690e-01 4.877213168769329449e-02
5.454990421773388276e-02 2.742263977998911639e-01 6.216337293358833449e-01 4.958996864649179576e-02
5.807529121298303509e-02 2.594568807717236303e-01 6.326387126546473283e-01 4.982911536064536101e-02
6.070085475058105418e-02 2.376255954799258996e-01 6.523202400086532959e-01 4.935330976083942417e-02
6.139557715227442897e-02 2.116744053372598411e-01 6.794176433925906977e-01 4.751237411787487264e-02
6.038243876813385175e-02 1.853255686754293752e-01 7.100064067424558534e-01 4.428558581398079480e-02
