8.920940909205629654e-02 2.697452932270485992e-01 8.970797880264068380e-02 5.513373188782543233e-01
9.238982867638554364e-01 1.327439095481473775e-03 3.904483667059321234e-02 3.572943747006993020e-02
9.324019449320541941e-01 9.789664379072243218e-04 3.808020969809098460e-02 2.853887893194784545e-02
9.415894104416888677e-01 7.536560337031261280e-04 3.565694063260554242e-02 2.199999289200220420e-02
9.505093296638827960e-01 6.333309506156594142e-04 3.196875702802440267e-02 1.688858235747697778e-02
9.581215636204454267e-01 6.129783180500265535e-04 2.795651116009887499e-02 1.330894690140572469e-02
9.634044904591941849e-01 7.138550955911777702e-04 2.481652393153312847e-02 1.106513051368147177e-02
9.659681935521352569e-01 9.698358371800276136e-04 2.333789498040819699e-02 9.724075630276189305e-03
9.659265987495561090e-01 1.372214891334380509e-03 2.389937896060627745e-02 8.801807398503466370e-03
9.622014404905939733e-01 1.917245973859429010e-03 2.753215404016988443e-02 8.349159495376417064e-03
9.522561602618155874e-01 2.708734824895139576e-03 3.630876027453060900e-02 8.726344638758661010e-03
9.338609755168777449e-01 3.819191774339335266e-03 5.230890800950196984e-02 1.001092469928080084e-02
9.077657929225023681e-01 5.219721975685899344e-03 7.481431896867690723e-02 1.220016613313487999e-02
8.802896560673716397e-01 7.008962078954650635e-03 9.705452743753786859e-02 1.564685441613583236e-02
8.606285298206294287e-01 9.115179663772808583e-03 1.098727724292007518e-01 2.038351808639685125e-02
8.516999198312588115e-01 1.113857749115278184e-02 1.113870333261099271e-01 2.577446935147847951e-02
8.480089049700343384e-01 1.316797748384104794e-02 1.071486340320304542e-01 3.167448351409393043e-02
8.436485756885305776e-01 1.548242374623571248e-02 1.025208457127312345e-01 3.834815485250261252e-02
8.357583069696812306e-01 1.816882943125525118e-02 1.000469951518711265e-01 4.602586844719234321e-02
8.251176359275287364e-01 2.096663709070804502e-02 9.960046496083586887e-02 5.431526202092730460e-02
8.158263436015922299e-01 2.326943681353141335e-02 9.909685117888958339e-02 6.180736840598670401e-02
8.131749177991868249e-01 2.454486113678567075e-02 9.552758489506384121e-02 6.675263616896365271e-02
8.187463669653045617e-01 2.523522808152700234e-02 8.668804017090926683e-02 6.933036478225884647e-02
8.256361893377723860e-01 2.712161975610966058e-02 7.395021572836316115e-02 7.329197517775469517e-02
8.228925635415315076e-01 3.206710353305278899e-02 6.219067783973272062e-02 8.284965508568321868e-02
8.075208113113517827e-01 4.040752783483275712e-02 5.459247355057299939e-02 9.747918730324242609e-02
7.858479570208061205e-01 4.890352448689661707e-02 5.399534282436369015e-02 1.112531756679336209e-01
7.658452191816229604e-01 5.430014538422230086e-02 6.046474899434252370e-02 1.193898864398125065e-01
7.422775383691707640e-01 5.671805399825220056e-02 7.699190370889329171e-02 1.240125039236838755e-01
7.034758442168497217e-01 5.780679723435395295e-02 1.083718472397275367e-01 1.303455113090688233e-01
6.409391580618907236e-01 5.844050269096863481e-02 1.588044459902491212e-01 1.418158932568921449e-01
5.562021536751319273e-01 5.824750575829385629e-02 2.276538821364345877e-01 1.578964584301397467e-01
4.656780952553856157e-01 5.634749618079410577e-02 3.012783010404858630e-01 1.766961075233347278e-01
3.815856821769751384e-01 5.344309890478362440e-02 3.659984180616475125e-01 1.989728008565939676e-01
3.143017507348659922e-01 5.077119943155165155e-02 4.064847319604718012e-01 2.284423178731104787e-01
2.674947449481233086e-01 5.003455229875412857e-02 4.122112929599260345e-01 2.702594097931963479e-01
2.346385773242627981e-01 5.104065257038724324e-02 3.918790897416778995e-01 3.224416803636716566e-01
2.061582374673071594e-01 5.174530903412107030e-02 3.755963670606471960e-01 3.665000864379241996e-01
1.777182711664524184e-01 4.905242084116078621e-02 3.946505891400944877e-01 3.785787188522922730e-01
1.482736745796779110e-01 4.185545362818846732e-02 4.605086873372553624e-01 3.493621844548780442e-01
1.199135006014714205e-01 3.224978056693379030e-02 5.542380791803876994e-01 2.935986396512071939e-01
9.922846886471911598e-02 2.397841555336500952e-02 6.347081043665043776e-01 2.420850112154115663e-01
9.026887143603988528e-02 1.863240282147824931e-02 6.780969297292160913e-01 2.130017960132655763e-01
9.231967970650861721e-02 1.557199890178132158e-02 6.864739108718305172e-01 2.056344105198796290e-01
1.043206857153537309e-01 1.394623850760990692e-02 6.666856354877913615e-01 2.150474402892449954e-01
1.266769583593972959e-01 1.324370288337459352e-02 6.225998613743721766e-01 2.374794773828560468e-01
1.608612050363020796e-01 1.322688525385777233e-02 5.568766442119619242e-01 2.690352654978784286e-01
2.065857516156342777e-01 1.372909368944695910e-02 4.769598649792105571e-01 3.027252897157079459e-01
2.587563113829313144e-01 1.455524823298810257e-02 4.003279271824410346e-01 3.263605132016398347e-01
3.099413854978904093e-01 1.552764093854447705e-02 3.474340445797529653e-01 3.270969289838123184e-01
3.533734294518481867e-01 1.634269413728253045e-02 3.299827487337967935e-01 3.003011276770723992e-01
3.816344654230016120e-01 1.644113339113290745e-02 3.487674642269617542e-01 2.531569369589037888e-01
3.922160851970598605e-01 1.562011972944498187e-02 3.915769167168696163e-01 2.005868783566253921e-01
3.888859125999395983e-01 1.358012474228191720e-02 4.422718988416095010e-01 1.552620638161691935e-01
3.920642098476517790e-01 1.144230457217483565e-02 4.749845743642432949e-01 1.215089112159300766e-01
4.139581924884874753e-01 9.521158428123482897e-03 4.785378582550150472e-01 9.798279082837399456e-02
4.643206037817769749e-01 7.987457840288942484e-03 4.455057166337904606e-01 8.218622174414361159e-02
5.378913055342566807e-01 7.098474369688891929e-03 3.839051024445154225e-01 7.110511765153885999e-02
6.259080094499142044e-01 6.486870228640301619e-03 3.056220270536454953e-01 6.198309326780013229e-02
7.087382365122920636e-01 5.968474527046060962e-03 2.321763580144703132e-01 5.311693094619174271e-02
7.713580657721643696e-01 5.501311230308659345e-03 1.781699131863428431e-01 4.497070981118424238e-02
8.092203235373743864e-01 5.139780806211944469e-03 1.468103525527437447e-01 3.882954310366979606e-02
8.250679908417102304e-01 4.900533665520870504e-03 1.348908861284951188e-01 3.514058936427370133e-02
8.239215430201471957e-01 4.721715706427802133e-03 1.379026102772388518e-01 3.345413099618608360e-02
8.099053676297970350e-01 4.561425500979594642e-03 1.523133152443848781e-01 3.321989162483812014e-02
7.867545784592702152e-01 4.371005667450729090e-03 1.751504841867121964e-01 3.372393168656689227e-02
7.590717426266152534e-01 4.120360273412765513e-03 2.025761040398019464e-01 3.423179306017005291e-02
7.307003732799439710e-01 3.922819438636950679e-03 2.304170870521070891e-01 3.495972022931173595e-02
7.038310190166822133e-01 3.914191822846847107e-03 2.555868994607175537e-01 3.666788969975336848e-02
6.798316439661737931e-01 4.124051896666600450e-03 2.763857881928643012e-01 3.965851594429503635e-02
6.604304908404349250e-01 4.553483325933152526e-03 2.911349349494919969e-01 4.388109088413954390e-02
6.495965546836595106e-01 5.267899937615166429e-03 2.956717903396355318e-01 4.946375503908974347e-02
3.155796757203638281e-01 3.850563212088474185e-01 7.731945862662936708e-02 2.220445444441595251e-01
5.172221671112477992e-01 3.206458308154044867e-02 3.593580661331295945e-01 9.135518367408194951e-02
5.713595443491522596e-01 3.016479235173164311e-02 3.034261317949796255e-01 9.504953150413640584e-02
6.367103640964049127e-01 2.963584413525176958e-02 2.335712403650480606e-01 1.000825514032953334e-01
7.047016960382422868e-01 2.824243944732483802e-02 1.665891311712982825e-01 1.004667333431347037e-01
7.685886702813574667e-01 2.570523327963666893e-02 1.116205717743198600e-01 9.408552466468585174e-02
8.227094517245229222e-01 2.285884306173206065e-02 7.112993402780033725e-02 8.330177118594481178e-02
8.633008582739331027e-01 2.049629832300481347e-02 4.423863443622275821e-02 7.196420896683955459e-02
8.901706460836362744e-01 1.907744193537838293e-02 2.747074532369776084e-02 6.328116665728758528e-02
9.045840323447523756e-01 1.892596454399381525e-02 1.713176702844207769e-02 5.935823608281163427e-02
9.068217696192771848e-01 2.054279938064543232e-02 1.074662064546683463e-02 6.188881035461069741e-02
8.948851837368526629e-01 2.494622613391579702e-02 6.880715130808722282e-03 7.328787499842279174e-02
8.659446312452034888e-01 3.369425082963663914e-02 4.579522074760307253e-03 9.578159585039937307e-02
8.222463283829822833e-01 4.799339344384191686e-02 3.156442672278488275e-03 1.266038355008975436e-01
7.734624237428660010e-01 6.774363050737369774e-02 2.263554402788098534e-03 1.565303913469722752e-01
7.330342695313368795e-01 8.947791682266331703e-02 1.681801786573742684e-03 1.758060118594257093e-01
7.081226007548446777e-01 1.106673066969998537e-01 1.390630066440585793e-03 1.798194624817146536e-01
7.034577444209089148e-01 1.255907024012554996e-01 1.249403360178444420e-03 1.697021498176575494e-01
7.166319574643607027e-01 1.306745218470176106e-01 1.205934976934846473e-03 1.514875857116866065e-01
7.392356541220094224e-01 1.265163262237980757e-01 1.261757734269360878e-03 1.329862619199230211e-01
7.626888042131378942e-01 1.172460225182891114e-01 1.420367238846923647e-03 1.186448060297262547e-01
7.825836911215955372e-01 1.068927927346877971e-01 1.665642451388081374e-03 1.088578736923287021e-01
7.979937473041809337e-01 9.760355566645934067e-02 1.976483403993219319e-03 1.024262136253663441e-01
8.099808746257921577e-01 8.974971878531348701e-02 2.352398804758546597e-03 9.791700778413560402e-02
8.209830840659066986e-01 8.258055119287593948e-02 2.828295037439666586e-03 9.360806970377741343e-02
8.349823605290757067e-01 7.462518131499509821e-02 3.434868194331833387e-03 8.695758996159756726e-02
8.546736377202581725e-01 6.543069779702551103e-02 4.244560633777078214e-03 7.565110384893894424e-02
8.815873373140152847e-01 5.307013773722681071e-02 5.085897632441532985e-03 6.025662731631618863e-02
9.065722709780317246e-01 4.154009617415576477e-02 6.045225241002960201e-03 4.584240760680957649e-02
9.244909183341752934e-01 3.301040167838337896e-02 6.982742675827848661e-03 3.551593731161303835e-02
9.353304602087902930e-01 2.774044538711056135e-02 7.692951583140888831e-03 2.923614282095853001e-02
9.406862671386289065e-01 2.494907748284115601e-02 8.197678405604688634e-03 2.616697697292495045e-02
9.435677082196556320e-01 2.297556351320296716e-02 8.489578087946208704e-03 2.496715017919512447e-02
9.452550955394275478e-01 2.114425951463199532e-02 8.586184497283178355e-03 2.501446044865713453e-02
9.437571985380003303e-01 2.045344989478305522e-02 8.730775913947221370e-03 2.705857565326943992e-02
9.365070451924454309e-01 2.201857706863291977e-02 9.166885113071048669e-03 3.230749262585071169e-02
9.233199641723615070e-01 2.573897501795005538e-02 9.698877804646496847e-03 4.124218300504205181e-02
9.080316355082329594e-01 2.960622912396847564e-02 9.687969984593551923e-03 5.267416538320493502e-02
8.935386846499124847e-01 3.183968074086623162e-02 9.045221098141606811e-03 6.557641351107949823e-02
8.790178516110597196e-01 3.264236949228731949e-02 8.199953563813228152e-03 8.013982533283944831e-02
8.604211777071865130e-01 3.389478465255518769e-02 7.456714197419986312e-03 9.822732344283810479e-02
8.299614682029778923e-01 3.855107572002861027e-02 6.914967767117422698e-03 1.245724883098759950e-01
7.805267849581677408e-01 4.945955404765345342e-02 6.473671666364757063e-03 1.635399893278143280e-01
7.152287351054197329e-01 6.735011229335829963e-02 5.992190769804516676e-03 2.114289618314174057e-01
6.494544042011125562e-01 8.913566826664322262e-02 5.574337880124118939e-03 2.558355896521200545e-01
6.004754743591317334e-01 1.069282931476037007e-01 5.237728417135772627e-03 2.873585040761286180e-01
5.720315289983427531e-01 1.166047795146275545e-01 5.115475600971045901e-03 3.062482158860586612e-01
5.552252081695311370e-01 1.215111779486502258e-01 5.143585466132748717e-03 3.181200284156855407e-01
5.371501161162699489e-01 1.299079721890919747e-01 5.421335331154039303e-03 3.275205763634838618e-01
5.141375334605853276e-01 1.446620827714671376e-01 5.998387581972154485e-03 3.352019961859755148e-01
4.901516519740490296e-01 1.610413045429918977e-01 6.820462458714020987e-03 3.419865810242449511e-01
4.708726626183014075e-01 1.735603008884491760e-01 7.848465134217741737e-03 3.477185713590312810e-01
4.611576032941316905e-01 1.818844762609463650e-01 9.176481016165641963e-03 3.477814394287563893e-01
4.634453272119489209e-01 1.861342141248132909e-01 1.088563864232568179e-02 3.395348200209125089e-01
4.765458003053609781e-01 1.844117516761394071e-01 1.324208689419318491e-02 3.258003611243064923e-01
4.986954919157889354e-01 1.752430139479884408e-01 1.698414735629179967e-02 3.090773467799308727e-01
5.288705079327352676e-01 1.593234446713101549e-01 2.354662651884575214e-02 2.882594208771087074e-01
5.640564427037019213e-01 1.400241076767131387e-01 3.561911155657314365e-02 2.603003380630119490e-01
5.937175582355889158e-01 1.224079532056455283e-01 5.786940981687365565e-02 2.260050787418915741e-01
6.002574522449597438e-01 1.103941002585127895e-01 9.611073976329236046e-02 1.932377077332351201e-01
5.734416089624387869e-01 1.051606113500952039e-01 1.513942596547943331e-01 1.700035200326715512e-01
5.216982000116231477e-01 1.064140404511946525e-01 2.123133844327797781e-01 1.595743751044022829e-01
4.618027636446263573e-01 1.126102045666821649e-01 2.640259127891839142e-01 1.615611189995075914e-01
4.023619277027937202e-01 1.225986701654363381e-01 3.004814061194577279e-01 1.745579960123121721e-01
3.499275302717607117e-01 1.347254437959047868e-01 3.180972309410292631e-01 1.972497949913055160e-01
3.108109839658669271e-01 1.479708212135407708e-01 3.105594032696574192e-01 2.306587915509348274e-01
2.878141121289266025e-01 1.588814473697809371e-01 2.765111768895908706e-01 2.767932636117012568e-01
2.687598370914272561e-01 1.680054137263749248e-01 2.296456907184896701e-01 3.335890584637081768e-01
2.479063794663436959e-01 1.796734432264386061e-01 1.765950141044941857e-01 3.958251632027235400e-01
2.223038545600301008e-01 2.017144981534575165e-01 1.211385475889340951e-01 4.548430996975778573e-01
1.921889248164637409e-01 2.385984874449803006e-01 7.299064195929709509e-02 4.962219457792586552e-01
1.627636281642169391e-01 2.849333519581567775e-01 4.037016670913629729e-02 5.119328531684897987e-01
4.682237334241350080e-02 5.652692987612664005e-02 5.322242952250028081e-01 3.644264015564571690e-01
3.709028014420117647e-01 8.658168760600308544e-02 3.416905742782850447e-02 5.083464535241564164e-01
3.152757047696036485e-01 6.807628224553280427e-02 3.055653698069020485e-02 5.860914760041736615e-01
2.314466188933693436e-01 5.374451016133049291e-02 2.748258279786348207e-02 6.873262881474369035e-01
1.488577587488491560e-01 4.264375821931476462e-02 2.525218412117514674e-02 7.832462989106609985e-01
9.029234606807098884e-02 3.284134810088606971e-02 2.444910881953347645e-02 8.524171970115096419e-01
5.502041164647188121e-02 2.399721955242607035e-02 2.547226437264275140e-02 8.955101044284593526e-01
3.479248438307741553e-02 1.685462251672231737e-02 2.834018688428751459e-02 9.200127062159130231e-01
2.343668394095546267e-02 1.172602824027473879e-02 3.260512774600829444e-02 9.322321600727611068e-01
1.735079769418033241e-02 8.279727228134839759e-03 3.751485829124646260e-02 9.368546167864384433e-01
1.469300535987130667e-02 6.134993186756121028e-03 4.327121906774695353e-02 9.359007823856255737e-01
1.462579557425184446e-02 4.978986065306727389e-03 5.118419424363660625e-02 9.292110241168046736e-01
1.713382478481508334e-02 4.647065774367444869e-03 6.284932942595790328e-02 9.153697800148593577e-01
2.279773223278910854e-02 5.185606789105682429e-03 7.917268073633401682e-02 8.928439802417711402e-01
3.193895645062610339e-02 6.829619478742225865e-03 9.943741532722821796e-02 8.617940087434032836e-01
4.391686191811129680e-02 9.843348646125656479e-03 1.224079571601352778e-01 8.238318322756273959e-01
5.809752482959001235e-02 1.444980443570983465e-02 1.474594879818638404e-01 7.799931827528359118e-01
7.501474512123265659e-02 2.097372339535532801e-02 1.726412965716727921e-01 7.313702349117391366e-01
9.532980456555906201e-02 2.945722512822149600e-02 1.936583724881829893e-01 6.815545978180364006e-01
1.187174756290039490e-01 4.041344462552391714e-02 2.061008263189839096e-01 6.347682534264883492e-01
1.425932445547746230e-01 5.492808416667717408e-02 2.072318930532367764e-01 5.952467782253114681e-01
1.650303448747569846e-01 7.513878855134144275e-02 1.958384773855970096e-01 5.639923891883045215e-01
1.826952433472657511e-01 9.964952532299073407e-02 1.790954872722749502e-01 5.385597440574686479e-01
1.955404900967925297e-01 1.275371506811664724e-01 1.633736876384712933e-01 5.135486715835693161e-01
2.054053625941008876e-01 1.570217752319019999e-01 1.523608840037271317e-01 4.852119781702700085e-01
2.122923954410796954e-01 1.894272541824426059e-01 1.452658169199993188e-01 4.530145334564783521e-01
2.155735618473760273e-01 2.216381669273405353e-01 1.426927933611992216e-01 4.200954778640844101e-01
2.152454801742090529e-01 2.458404582934930471e-01 1.478226895551467968e-01 3.910913719771512698e-01
2.114861604121867633e-01 2.533445896870130665e-01 1.676417564900131163e-01 3.675274934107873870e-01
2.049120621101340189e-01 2.388071584582401041e-01 2.136650468766872479e-01 3.426157325549389343e-01
1.931981758089695578e-01 2.051389258271694715e-01 2.984177647830205116e-01 3.032451335808403758e-01
1.742797437696352869e-01 1.645292402359514183e-01 4.170502230327103321e-01 2.441407929617031292e-01
1.449741918593432655e-01 1.216518920098523665e-01 5.583997295324165666e-01 1.749741865983878986e-01
1.092352577844851319e-01 8.100682824970775742e-02 6.988283589044959054e-01 1.109295550613115106e-01
7.541154257101570502e-02 4.755192007044199004e-02 8.134633222260632124e-01 6.357321513247921052e-02
5.011533226522622148e-02 2.532993048135777359e-02 8.898851601673768430e-01 3.466957708603908561e-02
3.448803320400711803e-02 1.365571174657713785e-02 9.322372123393137811e-01 1.961904271010194920e-02
2.468246060014708809e-02 7.259013502759255158e-03 9.559700230951571065e-01 1.208850280193661704e-02
1.930797874229104802e-02 4.194036528242144415e-03 9.680339842316213472e-01 8.464000497845401358e-03
1.654040308166690801e-02 2.693087984016007391e-03 9.739657678832458476e-01 6.800741051071477680e-03
1.532644401642810524e-02 1.978004360203693048e-03 9.763722501798642872e-01 6.323301443504062390e-03
1.548924192514946653e-02 1.775607764964349253e-03 9.757895939897841542e-01 6.945556320102087497e-03
1.743156439193479026e-02 2.069285506033516440e-03 9.714297271991674254e-01 9.069422902864039335e-03
2.219838685932833816e-02 3.166148809933747813e-03 9.607705644476522977e-01 1.386489988308586135e-02
3.151159086636726864e-02 6.208339684951795154e-03 9.373280771480327900e-01 2.495199230064806470e-02
5.638030194676569434e-02 1.609405803736695811e-02 8.720670112801761631e-01 5.545862873569095547e-02
1.105222182763698352e-01 4.531056807968739802e-02 7.142212115734104527e-01 1.299460020705325014e-01
1.884431909683445816e-01 1.012269397385847230e-01 4.686417736110830012e-01 2.416880956819877080e-01
2.595934054970336913e-01 1.576489476148364988e-01 2.607235442973482864e-01 3.220341025907816346e-01
3.122182679092413982e-01 1.977530754123336398e-01 1.443626166790373255e-01 3.456660399993875532e-01
3.494674713296596069e-01 2.231840708880215851e-01 8.593267723190953222e-02 3.414157805504094423e-01
3.738169981481931359e-01 2.399509749315247020e-01 5.517493461909538793e-02 3.310570923011870725e-01
3.872071205874547117e-01 2.541554703115619929e-01 3.775951014797698096e-02 3.208778989530063352e-01
3.898298834630735676e-01 2.702022035984706361e-01 2.737795517879119608e-02 3.125899577596647494e-01
3.786667383297780964e-01 2.906185136486860165e-01 2.129111622573097787e-02 3.094236317958046767e-01
3.565762965172628030e-01 3.095174100386170468e-01 1.787416315663477653e-02 3.160321302874852800e-01
3.248491552269883176e-01 3.236422789198701300e-01 1.622618378610199072e-02 3.352823820670399191e-01
2.846136751993569858e-01 3.334724202234531365e-01 1.603141957704507653e-02 3.658824850001449192e-01
2.415880802769033997e-01 3.371043142293405070e-01 1.669835739266100835e-02 4.046092481010951092e-01
1.991900229534687983e-01 3.322871855396085650e-01 1.806831093953480474e-02 4.504544805673877383e-01
1.577480657502937922e-01 3.174039570759579765e-01 2.010699413501843003e-02 5.047409830387301621e-01
1.210016130357134539e-01 2.910460838586237942e-01 2.278752175401023428e-02 5.651647813516526009e-01
8.730633660620459868e-02 2.615750648688087154e-01 2.620582783480428571e-02 6.249127706901822510e-01
6.119143993310312279e-02 2.363685012232289717e-01 3.044584576918522856e-02 6.719942130744824826e-01
4.443741889775590370e-02 2.238779786565721353e-01 3.535696121301194067e-02 6.963276412326596665e-01
3.529784545544946417e-02 2.276100855224397479e-01 3.980177258141837093e-02 6.972902964406926252e-01
3.081163273307359340e-02 2.456521198630091940e-01 4.198097827545242688e-02 6.815552691284644249e-01
2.897798742237774755e-02 2.741376353245373321e-01 4.119155149994387782e-02 6.556928257531409177e-01
2.904406236475838912e-02 3.119967817194795323e-01 3.783350831241175105e-02 6.211256476033504281e-01
3.077485083929318299e-02 3.606242012903849714e-01 3.242467004547002624e-02 5.761762778248518124e-01
3.368310787456857414e-02 4.215418585403273855e-01 2.546335921881594591e-02 5.193116743662882229e-01
3.753012657210792052e-02 4.934124060396754552e-01 1.999143647044870908e-02 4.490660309177681997e-01
7.153484510588600243e-01 1.516098592897509867e-01 6.737659047043526028e-02 6.566509918095347897e-02
6.719525346284208611e-01 3.776358771025310063e-02 1.206517556622644927e-01 1.696321219990616358e-01
6.296852910254230329e-01 4.363334372320199633e-02 1.231065669772423571e-01 2.035747982741327178e-01
5.811023361685858646e-01 4.928761322787211102e-02 1.266986264805249895e-01 2.429114241230170002e-01
5.274887339211152826e-01 5.446594858316257393e-02 1.312393578919254788e-01 2.868059596037968451e-01
4.697769499760642842e-01 5.927165537094718911e-02 1.360833771803830750e-01 3.348680174726055281e-01
4.103540737234908087e-01 6.311701220401136347e-02 1.400433451463121148e-01 3.864855689261854077e-01
3.506466127525643128e-01 6.566690205804312508e-02 1.421288984548794987e-01 4.415575867345131744e-01
2.921360177673252845e-01 6.750413297816938718e-02 1.416576103135188391e-01 4.987022389409864198e-01
2.392577326838705998e-01 6.974527722812162711e-02 1.382746224366144250e-01 5.527223676513932649e-01
1.973775847882296430e-01 7.255114672222023886e-02 1.330328445345944077e-01 5.970384239549554328e-01
1.672667838338999236e-01 7.416997557185882328e-02 1.282896335867888260e-01 6.302736070074527186e-01
1.464225659654513345e-01 7.265338673295312910e-02 1.262281606408936219e-01 6.546958866607022198e-01
1.319118525101695139e-01 6.991785237631367722e-02 1.260964214987555509e-01 6.720738736147613412e-01
1.223511970640265567e-01 6.611889743650435636e-02 1.268720294654573644e-01 6.846578760340120695e-01
1.171867274960666644e-01 6.221991898688571804e-02 1.267929119011711181e-01 6.938004416158766174e-01
1.165048094402459378e-01 5.896333954635833013e-02 1.242851134330894558e-01 7.002467375803062000e-01
1.207506087011061546e-01 5.661175785018614237e-02 1.184486462178595823e-01 7.041889872308483289e-01
1.303535787356146780e-01 5.551336992101778278e-02 1.090211359963386140e-01 7.051119153470292167e-01
1.455376022559630722e-01 5.337346158268662516e-02 9.768901547579091071e-02 7.033999206855593433e-01
1.652666341097259184e-01 5.045028417832068263e-02 8.529642880163251784e-02 6.989866529103208048e-01
1.883895278022159336e-01 4.714474563883935126e-02 7.325053409165051266e-02 6.912151924672939041e-01
2.138946712780578074e-01 4.392646922348702326e-02 6.304459893992450659e-02 6.791342605585303227e-01
2.385027932847726684e-01 3.969462437308010627e-02 5.589872903485537670e-02 6.659038533072918487e-01
2.557013233792429507e-01 3.300246224311367826e-02 5.245824370311423512e-02 6.588379706745292053e-01
2.590040367404816135e-01 2.530971215107590683e-02 5.258689296556163378e-02 6.630993581428807904e-01
2.469576739486722960e-01 1.958851641579399325e-02 5.457960541986047603e-02 6.788742042156732381e-01
2.257025604066045521e-01 1.640286721056547631e-02 5.505232487883093828e-02 7.028422475039989292e-01
2.039174684479091448e-01 1.455296306873870779e-02 5.173515023935766621e-02 7.297944182439947136e-01
1.841815758774107137e-01 1.301271015191605637e-02 4.497805913351086288e-02 7.578276548371626342e-01
1.638999452900513631e-01 1.145916543831665760e-02 3.633967845406227415e-02 7.883012108175696531e-01
1.406141358097851846e-01 9.991497292082844248e-03 2.736537612887424836e-02 8.220289907692577280e-01
1.149750906950715718e-01 8.770832567311490427e-03 1.944656206502519760e-02 8.568075146725916413e-01
9.028846606158268118e-02 7.776707796479639945e-03 1.358709038312437209e-02 8.883477357588132062e-01
6.969762606053950260e-02 6.833176268584691647e-03 9.904564984842222780e-03 9.135646326860337174e-01
5.361595513180613531e-02 5.656485769435717556e-03 7.854321154804945818e-03 9.328732379439531597e-01
4.091628430738482314e-02 4.153567512429246107e-03 6.894964328627614658e-03 9.480351838515580498e-01
3.100899325700710168e-02 2.207099453405251405e-03 6.743105269015440238e-03 9.600408020205724036e-01
2.404484363845511841e-02 1.271135789337166869e-03 7.634805971450315740e-03 9.670492146007575451e-01
2.044894311547380134e-02 8.044508883918430114e-04 9.754758342788022452e-03 9.689918476533465608e-01
1.980028594477399595e-02 6.085587446724846292e-04 1.354996491994257986e-02 9.660411903906107600e-01
2.347008525194810291e-02 5.260340194389960793e-04 1.880354913635103389e-02 9.572003315922620326e-01
2.977410401365353926e-02 4.114508592691164712e-04 2.943391524738848269e-02 9.403805298796886758e-01
4.079109684538045899e-02 3.461736400817996503e-04 4.919235726071344988e-02 9.096703722538241887e-01
5.803797430164032989e-02 3.369231579621256249e-04 8.637076078387405376e-02 8.552543417565237061e-01
8.193118399758901604e-02 3.773191130455323910e-04 1.555265379280156290e-01 7.621649589613498366e-01
1.078520714692227517e-01 3.839175592701902216e-04 2.784977078310908460e-01 6.132663031404164133e-01
1.258064365155069642e-01 3.763955828035211179e-04 4.618572653970423048e-01 4.119599025046475349e-01
1.171556728688063764e-01 2.966617663856530572e-04 6.619596029096829204e-01 2.205880624551250224e-01
9.202110867326036836e-02 2.319158050359233585e-04 8.050828793296435082e-01 1.026640961920601558e-01
7.376892287467583242e-02 1.978957436340916028e-04 8.742092524604874182e-01 5.182392892120279981e-02
7.194639955851300783e-02 2.166283974157785493e-04 8.925322624937298555e-01 3.530470955034149122e-02
8.911916196581644301e-02 3.196132804636868385e-04 8.758102387202889583e-01 3.475098603343087372e-02
1.280770680802784389e-01 5.726556471488166702e-04 8.269702535721710213e-01 4.438002270040142944e-02
1.865895774084099235e-01 1.070050944789010172e-03 7.504754138853925172e-01 6.186495776140847613e-02
2.553326396466871206e-01 1.918914374543282536e-03 6.583111147207463265e-01 8.443733125802309336e-02
3.237715337549768591e-01 3.224303237422934156e-03 5.633539757306433859e-01 1.096501872769568703e-01
3.815681810928421847e-01 5.025588715113478086e-03 4.773101936161239234e-01 1.360960365759201207e-01
4.208759311456389263e-01 7.283173902682685101e-03 4.089928808257329851e-01 1.628480141259451841e-01
4.429301343097083454e-01 1.020528047290862952e-02 3.588573991377728145e-01 1.880071860796102556e-01
4.494909391128738552e-01 1.314068026098128526e-02 3.295553361838007844e-01 2.078130444423439971e-01
4.505250164871341667e-01 1.615156890902866293e-02 3.148604585698283054e-01 2.184629560340088650e-01
4.497026051038751637e-01 1.920434964971297342e-02 3.130780314387315855e-01 2.180150138076800970e-01
4.472456863228316259e-01 2.266548452663483607e-02 3.228009355028318983e-01 2.072878936477016987e-01
4.411464927476254627e-01 2.690060966587623503e-02 3.429943883809618566e-01 1.889585092055362237e-01
4.252158926673453854e-01 3.162668659184479647e-02 3.768110179682041538e-01 1.663464027726053174e-01
3.998591936508711919e-01 3.526308191580646706e-02 4.228284738794340081e-01 1.420492505538882011e-01
3.650214369185095786e-01 3.681904636838410211e-02 4.791996603321476700e-01 1.189598563809589615e-01
3.278169124241954724e-01 3.704898890208089407e-02 5.341777221087097294e-01 1.009563765650143691e-01
2.988582357631176523e-01 3.732440007002168353e-02 5.731251260671439418e-01 9.069223809971645178e-02
2.819929602926206091e-01 3.763659198905429382e-02 5.933995809165591995e-01 8.697086680176577267e-02
2.704502123861888263e-01 3.644449453073038414e-02 6.076310828463099556e-01 8.547421023677072294e-02
5.074026453857853891e-01 2.373747863273248729e-02 8.604807024141873303e-03 4.602550689573404741e-01
5.305219976714244945e-01 2.529853828026033466e-02 8.475855961746445524e-03 4.357036080865687167e-01
5.521624369619155814e-01 2.742464943647255488e-02 8.369556235005468428e-03 4.120433573666063554e-01
5.706281549211104087e-01 2.972035723230308929e-02 8.166868979542997800e-03 3.914846188670437765e-01
5.836665574584034566e-01 3.171061299737675671e-02 7.792334320477762102e-03 3.768304952237420125e-01
5.892991638138684873e-01 3.311006828376208966e-02 7.269606918531536059e-03 3.703211609838377716e-01
5.872038955814660177e-01 3.418932868197399610e-02 6.739344162820791982e-03 3.718674315737393599e-01
5.768195798717936640e-01 3.542824292596213898e-02 6.307399022370221119e-03 3.814447781798736559e-01
5.545147513562255215e-01 3.770715841449080730e-02 6.124402155292941845e-03 4.016536880739907667e-01
5.181305877585555830e-01 4.257963651693391638e-02 6.669959190098251854e-03 4.326198165344123381e-01
4.770958883885396129e-01 4.779037733213953310e-02 7.363822622933110379e-03 4.677499116563875181e-01
4.390323842704962898e-01 5.223893847528750245e-02 8.302618019268497712e-03 5.004260592349475401e-01
4.080933931359981282e-01 5.506501101053262737e-02 9.338717204143975881e-03 5.275028786493252131e-01
3.860179957654221727e-01 5.675246602948968988e-02 1.037027083993466263e-02 5.468592673651536673e-01
3.775558443117358332e-01 5.712761617584636437e-02 1.126765506075977016e-02 5.540488844516583411e-01
3.881830202378568351e-01 5.473543191433483113e-02 1.191024130688289433e-02 5.451713065409254932e-01
4.214252669869008039e-01 4.871194302178533803e-02 1.234202845469309882e-02 5.175207615366208547e-01
4.787661287486215667e-01 4.058179717613350640e-02 1.290446227617467190e-02 4.677476117990702065e-01
5.571477566622002886e-01 3.129753687516400457e-02 1.394458599932088712e-02 3.976101204633148423e-01
6.425923896588218165e-01 2.380333080314061406e-02 1.548996464127380158e-02 3.181143148967638945e-01
7.214449580427689801e-01 1.817256981572662813e-02 1.742366805214478134e-02 2.429588040893597145e-01
7.850344444377991282e-01 1.337519773937268820e-02 2.013853824991229668e-02 1.814518195729155625e-01
8.311063529010266349e-01 9.947412755842996793e-03 2.329974249136705297e-02 1.356464918517633067e-01
7.993166204880119974e-01 9.878770414776964770e-02 3.635129444286192696e-02 6.554438092135650429e-02
8.076497845998485969e-01 9.764824063765149831e-02 3.992962144195189023e-02 5.477235332054827127e-02
8.013679996748930279e-01 1.045747997218695324e-01 4.449817254541271055e-02 4.955902805782481241e-02
7.824642765919641585e-01 1.205517972634013724e-01 4.848904431581282232e-02 4.849488182882145254e-02
7.526524344653433563e-01 1.461395164302688732e-01 5.090032994030212893e-02 5.030771916408598166e-02
7.136241109117511527e-01 1.805277335031250097e-01 5.200611074564614328e-02 5.384204483947756942e-02
6.680644561033860507e-01 2.210132823691942638e-01 5.293465213624490989e-02 5.798760939117473395e-02
6.159160606847317032e-01 2.662782783747607573e-01 5.565982466303696224e-02 6.214583627747034822e-02
5.647270618544246723e-01 3.098899048004790102e-01 5.998212270025697623e-02 6.540091064483967431e-02
5.164903940269915950e-01 3.490102234181877705e-01 6.707499804163891133e-02 6.742438451318159831e-02
4.711015866503663885e-01 3.823474677816189882e-01 7.773400508370927053e-02 6.881694048430558874e-02
4.263779891568100222e-01 4.115184083129314052e-01 9.160215463092701016e-02 7.050144789933128486e-02
3.828803783654456949e-01 4.392147382830994262e-01 1.054038452659698671e-01 7.250103808548503947e-02
3.441337499950182788e-01 4.675169011042152323e-01 1.137626179322177716e-01 7.458673096854896711e-02
3.131290538935317391e-01 4.964301826163806108e-01 1.130191334131532555e-01 7.742163007693467214e-02
2.893810343325705636e-01 5.246950286947551501e-01 1.044698485754684963e-01 8.145408839720577610e-02
2.701199954817108395e-01 5.508142658979087170e-01 9.338241674419829608e-02 8.568332187618220297e-02
2.545536031595370119e-01 5.716626982914582156e-01 8.437877466957598160e-02 8.940492387942891583e-02
2.444222929340325867e-01 5.836161057470086178e-01 7.914051898831545029e-02 9.282108233064331748e-02
2.426040378978487067e-01 5.833460105947936292e-01 7.747177840091951095e-02 9.657817310643797282e-02
2.531483205899205391e-01 5.663852719512357803e-01 7.855782151714645056e-02 1.019085859416972717e-01
2.804795535561355191e-01 5.286049580243601387e-01 8.083998770361215669e-02 1.100755007158921717e-01
3.271660086640637011e-01 4.706614712966445402e-01 8.149181399961566430e-02 1.206807060396761222e-01
3.895762989349057515e-01 4.020751318163056642e-01 7.773283323132876288e-02 1.306157360174596549e-01
4.558640669963618386e-01 3.378119441403201195e-01 7.017615199208809829e-02 1.361478368712299436e-01
5.160071205315148735e-01 2.866779907145844408e-01 6.223032244542017755e-02 1.350845663084803971e-01
5.695407178624122269e-01 2.470786977803204609e-01 5.637645157204553698e-02 1.270041327852221569e-01
6.200345017979786988e-01 2.133248277057003817e-01 5.311300249621222352e-02 1.135276680001085642e-01
6.659486201687867535e-01 1.832415998823926084e-01 5.268376085751443755e-02 9.812601909130616584e-02
7.133975058102712818e-01 1.493823958383520278e-01 5.410393506080977966e-02 8.311616329056693842e-02
7.629910513366081615e-01 1.105729935771065098e-01 5.721046461608184086e-02 6.922549047020346014e-02
8.076341900929349116e-01 7.389965691447764051e-02 6.149490694737522883e-02 5.697124604521229541e-02
8.421489539916490186e-01 4.636046228616966247e-02 6.485633152895167730e-02 4.663425219322967635e-02
8.682616070811973730e-01 2.878433363724407570e-02 6.463372965744008936e-02 3.832032962411850707e-02
8.896179160866184432e-01 1.880272897061616849e-02 5.950512402398297485e-02 3.207423091878248977e-02
9.079605177717799958e-01 1.371622494538100867e-02 5.063308298294711546e-02 2.769017429989202583e-02
9.224887254990132845e-01 1.166237001084974648e-02 4.091695378965329311e-02 2.493195070048353362e-02
9.319195727999897150e-01 1.160843513522239086e-02 3.296141426501376925e-02 2.351057779977391848e-02
9.361569557476636660e-01 1.301492965273805431e-02 2.780226787297753258e-02 2.302584672662050941e-02
9.351031715727579074e-01 1.583083532087237177e-02 2.552093760911954001e-02 2.354505549725015301e-02
9.275125714181239323e-01 2.047416161566636625e-02 2.627167388923777949e-02 2.574159307697210242e-02
9.110486804853464848e-01 2.754175347847161864e-02 3.086944663927121760e-02 3.054011939691055055e-02
8.824303679500773434e-01 3.771497732633757871e-02 4.096091700517695555e-02 3.889373771840811539e-02
8.393434144127458474e-01 5.172722705610793142e-02 5.759250760455323498e-02 5.133685092659304866e-02
7.855581589058363567e-01 6.960791646935517163e-02 7.716173059108878685e-02 6.767219403371979580e-02
7.361424731175784109e-01 8.733921683323002394e-02 9.032941915469741567e-02 8.618889089449457974e-02
6.942039069855373556e-01 1.030103384452914078e-01 9.738245343234448737e-02 1.054033011368265826e-01
6.555128608981783955e-01 1.176359791110433706e-01 1.025791696497008743e-01 1.242719903410773180e-01
6.085107728535976701e-01 1.369583531905126106e-01 1.114594180095882375e-01 1.430714559463011071e-01
5.445407622878704057e-01 1.667536879028247709e-01 1.283226810400214524e-01 1.603828687692832322e-01
4.615342648506500778e-01 2.093934169814344326e-01 1.579638193951123926e-01 1.711084987728032081e-01
3.682494421477172097e-01 2.597964266512898801e-01 2.035755227305165449e-01 1.683786084704763930e-01
2.736341898397860462e-01 3.044998973535854581e-01 2.717756756029827137e-01 1.500902372036456989e-01
1.898896526157091980e-01 3.307756152441715947e-01 3.579266692584595622e-01 1.214080628816595064e-01
1.267936317857015216e-01 3.309130336082856116e-01 4.510961576149214447e-01 9.119717699109107512e-02
8.485428869669212060e-02 3.148156777582067356e-01 5.343415585791079225e-01 6.598847496599297147e-02
6.049324761205419898e-02 2.990691042596165805e-01 5.921217525660615877e-01 4.831589556226800752e-02
4.684048575741516646e-02 2.857240082221197963e-01 6.309311450038754820e-01 3.650436101658958293e-02
3.829174059697292021e-02 2.564850258582220821e-01 6.779639680318494399e-01 2.725926551295549879e-02
3.048575920029290495e-02 1.993983447147803512e-01 7.513142221680690902e-01 1.880167391685777858e-02
2.250983458366212150e-02 1.337125983916317706e-01 8.319729671381781433e-01 1.180459988652810509e-02
1.590085600104704233e-02 8.471952398934692874e-02 8.921462676294361627e-01 7.233352380170047537e-03
1.145787772806656710e-02 5.595518779761606692e-02 9.278896718534181964e-01 4.697262620899239800e-03
8.794326827749840772e-03 4.082875032292906936e-02 9.470098416855431411e-01 3.367081163778199836e-03
7.408941541251967342e-03 3.418177738702392332e-02 9.556995399296741578e-01 2.709741142050153644e-03
7.028634692471017777e-03 3.330586081925249187e-02 9.572089648017332308e-01 2.456539686543157599e-03
7.415974646781505614e-03 3.654478790608481353e-02 9.536206331596475128e-01 2.418604287486311212e-03
8.288624054499958010e-03 4.278938744974215835e-02 9.464759069475757736e-01 2.446081548181940069e-03
9.357187532442219971e-03 5.121780756322864142e-02 9.369809908961378442e-01 2.444014008191415423e-03
1.051097209939382861e-02 6.152367197935884602e-02 9.255532256017831028e-01 2.412130319464161465e-03
1.179239493166205771e-02 7.277518045219211196e-02 9.130454891130267425e-01 2.386935503119062656e-03
1.325040897600167009e-02 8.228147511742260611e-02 9.020675269572482335e-01 2.400588949327093005e-03
1.508316878980078476e-02 8.898986054229952869e-02 8.933746607702153231e-01 2.552309897684288884e-03
1.791288908866887908e-02 9.730181234353015018e-02 8.817093182633001236e-01 3.075980304500808976e-03
2.215094772242236915e-02 1.115756085497962569e-01 8.620225528082799960e-01 4.250890919501741465e-03
2.725712292088256980e-02 1.325095718768705133e-01 8.339435885662892511e-01 6.289716635957927696e-03
3.249335656892878010e-02 1.616744731161964543e-01 7.964111145540160308e-01 9.421055760859151085e-03
3.790750400840434131e-02 2.015017046114624399e-01 7.464824610304368058e-01 1.410833034969636440e-02
4.399359181457149909e-02 2.434109039201521330e-01 6.917747390704078736e-01 2.082076519486824109e-02
5.076112233389965672e-02 2.668325553779280490e-01 6.534118426883406272e-01 2.899447959983183012e-02
5.790423378262032211e-02 2.656195820240758176e-01 6.393352775020310075e-01 3.714090669127265848e-02
6.557025522764244052e-02 2.534653535364216892e-01 6.366291896389691951e-01 4.433520159696684171e-02
7.369111975496969724e-02 2.418106481165216981e-01 6.343776108238029510e-01 5.012062130470545940e-02
8.054866060480160572e-02 2.319312200888381248e-01 6.336431498692054465e-01 5.387696943715436504e-02
8.691835726494394343e-02 2.205841977601304127e-01 6.365110218621418126e-01 5.598642311278383826e-02
9.114913822952300237e-02 2.050808629084936718e-01 6.466510238826934653e-01 5.711897497928932615e-02
9.218360210807709232e-02 1.858034399830651162e-01 6.645168785852092475e-01 5.749607932364891177e-02
9.000208165652134884e-02 1.657349025568072010e-01 6.876374792300927741e-01 5.662553655657889817e-02
8.620176384732272656e-02 1.471342621317650312e-01 7.123158525127855079e-01 5.434812150812669274e-02
