1.645772691219762884e-02 1.775815717226936945e-03 7.135443371627507581e-02 9.104120236543000733e-01
6.109904634792873157e-02 2.632442668006381714e-01 6.075796631211984739e-02 6.148987205393129374e-01
7.236612205594072922e-02 2.353534816988334943e-01 6.254944338784433622e-02 6.297309528573816761e-01
8.723187166627839606e-02 2.064007214216506125e-01 6.655810063424756617e-02 6.398093062778236195e-01
1.047703647450861919e-01 1.834929737320444565e-01 7.165969560538293370e-02 6.400769659174864179e-01
1.256261563870274545e-01 1.701636375226444897e-01 7.776093389913216192e-02 6.264492721911959494e-01
1.517000760910919288e-01 1.667882099145777397e-01 8.587789451392530138e-02 5.956338194804050579e-01
1.841210664223995597e-01 1.723103661183704172e-01 9.650253820941745442e-02 5.470660292498121802e-01
2.213038322400448510e-01 1.849694207273118174e-01 1.093016146339987477e-01 4.844251323986447644e-01
2.603551714499844905e-01 1.996700606879486528e-01 1.235912509577877655e-01 4.163835169042790496e-01
3.004800491458047285e-01 2.094291834590874812e-01 1.387806333606780851e-01 3.513101340344296775e-01
3.428126234532274386e-01 2.111688270430648884e-01 1.535700251108587933e-01 2.924485243928486300e-01
3.863411556187478779e-01 2.052454289431874523e-01 1.667593220544259236e-01 2.416540933836388572e-01
4.288300522882097510e-01 1.930236931124619248e-01 1.764770847030679435e-01 2.016691698962604640e-01
4.649444428024956388e-01 1.732272742919153119e-01 1.874282868371258681e-01 1.743999960684632367e-01
4.886167875238042746e-01 1.468185428618473398e-01 2.044941719364120059e-01 1.600704976779365463e-01
4.927567160725871975e-01 1.183555406935475063e-01 2.305236114728476116e-01 1.583641317610179067e-01
4.710656271678703155e-01 9.386340122896034976e-02 2.657615774571489564e-01 1.693093941460201979e-01
4.254006318842388779e-01 7.695997937635239150e-02 3.067766888723213459e-01 1.908626998670873987e-01
3.658891093351733792e-01 6.822105067835969316e-02 3.486186670032023205e-01 2.172711729832646765e-01
3.054992958390534419e-01 6.630716076829890060e-02 3.885407437531552821e-01 2.396527996394924309e-01
2.548488407335167127e-01 6.917692266119658540e-02 4.246538688275024453e-01 2.513203677777843814e-01
2.175111785560889244e-01 7.518543080922773791e-02 4.564824123946519818e-01 2.508209782400313004e-01
1.921079831866212007e-01 8.360854148959964705e-02 4.836558704005163856e-01 2.406276049232626280e-01
1.757867538413572239e-01 9.395811730171181597e-02 5.050628113289328258e-01 2.251923175279982869e-01
1.655293835011540371e-01 1.072377267371116133e-01 5.187380778436683215e-01 2.084948119180660975e-01
1.582760867608608846e-01 1.230610929079275218e-01 5.260539617477271168e-01 1.926088585834845879e-01
1.524371725088831397e-01 1.408181875967983721e-01 5.284130616218651877e-01 1.783315782724533283e-01
1.480718991562978704e-01 1.598412632292725288e-01 5.259742481351468157e-01 1.661125894792826740e-01
1.441983880406998153e-01 1.799025863324170416e-01 5.197645488215580922e-01 1.561344768053249121e-01
1.424025728660065770e-01 1.996286736956003616e-01 5.097605461020343620e-01 1.482082073363586161e-01
1.416046473928956051e-01 2.205183946551579344e-01 4.965777460039583202e-01 1.412992119479883901e-01
1.417011897500477791e-01 2.446819782906559104e-01 4.797713383228117690e-01 1.338454936364845693e-01
1.419734716919718864e-01 2.731577223878212113e-01 4.597868775802924080e-01 1.250819283399144666e-01
1.413660317794096233e-01 3.034226584514505554e-01 4.397810315364458211e-01 1.154302782326944998e-01
1.406287434717157503e-01 3.282021564375435796e-01 4.247313725495592274e-01 1.064377275411817064e-01
1.420537088847462492e-01 3.400453186746216772e-01 4.181832299866479752e-01 9.971774245398450087e-02
1.475678694794788914e-01 3.349970646983074785e-01 4.211884272185026368e-01 9.624663860371054924e-02
1.577076336575042315e-01 3.143451347397633877e-01 4.323339020473434546e-01 9.561332955538874578e-02
1.720190158451028739e-01 2.840860553749500750e-01 4.476213167174787899e-01 9.627361206246866365e-02
1.902136607831251547e-01 2.504424537399187467e-01 4.620592496885248535e-01 9.728463578843152271e-02
2.131375816751737429e-01 2.168792499350002956e-01 4.708011123232356820e-01 9.918205606659043216e-02
2.364638555275660747e-01 1.887356891213771426e-01 4.726488187378754535e-01 1.021516366131811349e-01
2.601167506146224162e-01 1.663568221979545014e-01 4.679381927466868540e-01 1.055882344407365475e-01
2.820976334794788043e-01 1.493777921595379199e-01 4.593060304144186978e-01 1.092185439465647445e-01
2.994414120416272196e-01 1.363073628149150673e-01 4.510431423820797647e-01 1.132080827613777541e-01
3.109813887670908050e-01 1.259329754722145478e-01 4.451436445169283385e-01 1.179419912437661838e-01
3.205593465960033805e-01 1.186492944053419013e-01 4.367895627515225865e-01 1.240017962471319929e-01
3.346453723191074592e-01 1.150573198457366803e-01 4.175857125741302411e-01 1.327115952610254668e-01
3.535302354577026795e-01 1.142068253067960726e-01 3.866458630208458036e-01 1.456170762146558884e-01
3.711997914669629695e-01 1.147892709706133385e-01 3.513088735973894927e-01 1.627020639650339218e-01
3.840475079435831107e-01 1.156126427360204406e-01 3.174200546023694947e-01 1.829197947180271622e-01
3.919826266560171302e-01 1.149694731706139977e-01 2.865839650063381483e-01 2.064639351670306544e-01
3.973157837936902581e-01 1.088251956706272477e-01 2.583261964035865610e-01 2.355328241320957805e-01
3.912797492867620130e-01 9.753733795171896925e-02 2.390829012469417314e-01 2.721000115145774667e-01
3.745018176526400122e-01 8.239877482374143025e-02 2.301503981770985918e-01 3.129490093465197020e-01
3.548821583075306707e-01 6.639964377752900770e-02 2.254023150309932833e-01 3.533158828839467747e-01
3.361779987444737938e-01 5.190786779901667564e-02 2.164660564284010824e-01 3.954480770281081914e-01
3.143422180226676521e-01 4.045105021575476356e-02 2.022724548958716451e-01 4.429342768657061336e-01
2.889322927240299821e-01 3.223288100354773644e-02 1.868611489561625982e-01 4.919736773162592947e-01
2.639892356262213968e-01 2.653592531544571309e-02 1.732372114081976167e-01 5.362376276501357175e-01
2.423334941866802927e-01 2.261637589738239515e-02 1.633765832795882056e-01 5.716735466363490614e-01
2.247274287118466718e-01 2.011703914205151614e-02 1.588427029244366961e-01 5.963128292216651749e-01
2.119919191035531669e-01 1.885109803559206765e-02 1.591665996554666729e-01 6.099903832053880093e-01
2.040721203101701353e-01 1.853745830604682648e-02 1.625302693300535450e-01 6.148601520537296805e-01
1.991128878945812308e-01 1.886907942128467422e-02 1.696969671009926350e-01 6.123210655831416993e-01
1.954460310717382465e-01 1.958282887753187707e-02 1.823689120125472352e-01 6.026022280381824192e-01
1.914842890826127797e-01 2.065254904276679279e-02 1.999748359078591942e-01 5.878883259667611050e-01
1.838513965089275115e-01 2.174381840507702210e-02 2.228603712024546657e-01 5.715444138835411581e-01
1.745666936191319352e-01 2.314628441369876583e-02 2.490980457160892891e-01 5.531889762510802111e-01
1.656916756147643610e-01 2.438151454149943900e-02 2.781414086561824761e-01 5.317854011875537967e-01
1.594296566133789894e-01 2.594219947479388388e-02 3.045813421571196278e-01 5.100468017547077348e-01
6.256294983435540386e-03 3.968235360639487536e-03 9.385695749804466859e-01 5.120589467547823070e-02
3.222340932253174861e-01 4.004660450227107843e-02 4.103739648267109019e-01 2.273453374457008458e-01
2.895752371054722829e-01 3.767626972796422891e-02 3.534769136628340136e-01 3.192715795037295301e-01
2.562641453673512038e-01 3.642127179117249369e-02 3.058515620839242222e-01 4.014630207575521359e-01
2.312845578537998659e-01 3.727832224907425690e-02 2.800501119631950697e-01 4.513870079339304398e-01
2.197167080382934623e-01 4.135252693704876553e-02 2.791234305007751493e-01 4.598073345238827270e-01
2.206421782792387931e-01 4.906956669494353523e-02 2.965476433956037439e-01 4.337406116302137127e-01
2.307528225320162607e-01 6.001581615351916227e-02 3.211380022608150142e-01 3.880933590536493893e-01
2.465305337051575674e-01 7.294256803993996729e-02 3.443970315468695143e-01 3.361298667080328539e-01
2.643524098384544274e-01 8.621394137524154844e-02 3.611832113506602271e-01 2.882504374356439913e-01
2.810786086726625999e-01 9.767929685351671443e-02 3.702196820925164333e-01 2.510224123813042940e-01
2.974546558429579379e-01 1.060093316686794712e-01 3.726259863273758688e-01 2.239100261609864861e-01
3.099743804657776325e-01 1.083800996609442097e-01 3.802466569757736448e-01 2.013988628975044437e-01
3.208925273898083907e-01 1.067645593193441017e-01 3.938134306472018120e-01 1.785294826436456539e-01
3.388646923908178454e-01 9.966089197912136877e-02 4.064717595252961835e-01 1.550026561047646023e-01
3.700599245791546532e-01 8.754737641167467666e-02 4.079809058627082985e-01 1.344117931464620386e-01
4.130001136572473697e-01 7.415591683766854791e-02 3.933901118477481362e-01 1.194538576573360711e-01
4.678159080444593831e-01 6.260956554132653118e-02 3.603342456295335339e-01 1.092402807846806628e-01
5.419912396568635771e-01 5.291987001478511837e-02 3.044967471886871890e-01 1.005921431396640808e-01
6.316259355647585449e-01 4.504421659075370094e-02 2.328511618820580664e-01 9.047868596242983341e-02
7.253966684206174520e-01 3.782381179223497786e-02 1.578273575745572643e-01 7.895216221259035438e-02
8.036794050718141236e-01 3.127385625584461898e-02 9.692907509829429280e-02 6.811766357404694383e-02
8.582349604651222652e-01 2.565554448868490392e-02 5.673659098544900359e-02 5.937290406074391402e-02
8.916094239002195776e-01 2.144257031009143971e-02 3.360718597468399793e-02 5.334081981500501252e-02
9.103540597949782986e-01 1.885072431827736553e-02 2.115029244062562735e-02 4.964492344611851765e-02
9.206103865003661957e-01 1.761190085626803889e-02 1.431165469225481601e-02 4.746605795111068227e-02
9.255093967488168261e-01 1.746043847358903778e-02 1.031903872696448600e-02 4.671112605062941597e-02
9.256338920460416286e-01 1.831709129628139934e-02 7.896850368733021944e-03 4.815216628894388590e-02
9.211020059567065488e-01 2.017881701520990445e-02 6.467831816258814287e-03 5.225134521182466657e-02
9.133716864958965065e-01 2.311578764661273086e-02 5.650682889536523187e-03 5.786184296795398446e-02
9.066610490608489892e-01 2.643958920113919850e-02 5.034000532652458879e-03 6.186536120535939681e-02
9.063795346575983514e-01 2.835931466977852783e-02 4.295410032682193263e-03 6.096574063994075060e-02
9.140032683579700779e-01 2.771956840028659552e-02 3.451683116577760127e-03 5.482548012516559599e-02
9.271690462019154255e-01 2.474090738328890010e-02 2.635023144470565945e-03 4.545502327032519690e-02
9.425309261940474359e-01 2.027179052708642099e-02 1.925157466171475160e-03 3.527212581269475317e-02
9.573500849337734930e-01 1.513268837537740975e-02 1.363030295812410258e-03 2.615419639503679256e-02
9.690142120415309313e-01 1.047736431619095479e-02 9.818656423190971674e-04 1.952655799995908770e-02
9.760343909818941510e-01 7.208273165209413275e-03 7.855051848013085147e-04 1.597183066809526597e-02
9.788337297551812366e-01 5.321086156166466956e-03 7.537710779015206058e-04 1.509141301075082875e-02
9.784066873211689774e-01 4.354539910256415534e-03 8.856768268434507584e-04 1.635309594173114250e-02
9.751368069880960165e-01 3.902020567462126301e-03 1.253401669141342286e-03 1.970777077530072585e-02
9.678520959040212146e-01 3.791300349807699352e-03 2.116471223354334571e-03 2.624013252281660533e-02
9.534817314328786209e-01 3.982200264993831541e-03 4.165150034874687615e-03 3.837091826725309851e-02
9.259827272344977045e-01 4.511579500576588797e-03 9.202871964168902325e-03 6.030282130075650254e-02
8.732834018839934487e-01 5.492776201938371836e-03 2.231712455718974641e-02 9.890669735687829256e-02
7.772285569649108883e-01 7.017940029456659623e-03 5.620999703596746278e-02 1.595435059696652669e-01
6.305099245443698264e-01 9.179791335218144555e-03 1.277387055012188521e-01 2.325715786191932533e-01
4.607356609815851933e-01 1.032604580073071855e-02 2.389151780503938061e-01 2.900231151672904573e-01
3.143787172349897796e-01 1.023516065163593280e-02 3.652258840282577301e-01 3.101602380851162244e-01
2.114223142192298288e-01 9.229731203371872861e-03 4.842479066514329133e-01 2.951000479259657250e-01
1.472800108257309448e-01 8.147032621148861745e-03 5.822279472492731811e-01 2.623450093038472430e-01
1.107014496137506826e-01 7.460881133957386786e-03 6.556202274025263455e-01 2.262174418497654993e-01
9.149290031831133763e-02 7.181807598920139299e-03 7.104477081214870537e-01 1.908775839612814607e-01
8.325519973244525918e-02 7.114001378658777949e-03 7.517605025363083282e-01 1.578702963525876468e-01
8.154383675363688355e-02 7.162590446635226996e-03 7.838374431441810231e-01 1.274561296555466183e-01
8.367094175063262418e-02 7.124267829265315370e-03 8.089509983322978881e-01 1.002537920878045635e-01
8.772890964062243779e-02 7.171943984288842340e-03 8.271595561219869941e-01 7.793959025310163991e-02
9.219021022097090290e-02 7.448383988676591377e-03 8.392887076968051918e-01 6.107269809354722023e-02
9.660787878329298028e-02 8.203760779288457594e-03 8.457594372464739552e-01 4.942892319094435022e-02
1.030940748280674002e-01 9.902862738858039110e-03 8.442935925493911808e-01 4.270946988368348740e-02
1.153779490044862660e-01 1.299032511588546837e-02 8.317407147488216079e-01 3.989101113080663341e-02
1.374658119468105955e-01 1.771471063940419782e-02 8.053295250728819132e-01 3.948995234090331430e-02
1.722655210458471642e-01 2.441848957088427891e-02 7.629159931440052667e-01 4.039999623926337352e-02
2.193455808626026127e-01 3.335124747727286065e-02 7.058868992378958263e-01 4.141627242222859634e-02
2.753484593762117738e-01 4.444669682414915252e-02 6.386621651447264014e-01 4.154267865491245021e-02
3.352717945612108674e-01 5.763057042670906294e-02 5.662966289819311161e-01 4.080100603014905070e-02
3.929111602906325551e-01 7.277965174369947776e-02 4.943602650093875117e-01 3.994892295628032358e-02
4.411223173809027398e-01 8.936584070132852498e-02 4.297599256776147847e-01 3.975191624015375624e-02
4.746968981425203626e-01 1.060730689545553856e-01 3.784996865261565646e-01 4.073034637676758996e-02
4.882570527206082089e-01 1.245072328861803884e-01 3.434988039902597823e-01 4.373691040295178689e-02
4.869723783350924373e-01 1.407005646214397609e-01 3.232710526015208363e-01 4.905600444194677112e-02
4.738809368167448688e-01 1.563958408126722155e-01 3.130327673786909015e-01 5.669045499189234727e-02
4.412615005891982328e-02 1.008765423575394169e-03 1.059383072193017805e-01 8.489267772982029836e-01
3.562952305607521297e-01 1.276604463558981065e-02 3.119476631334075489e-01 3.189910616702500423e-01
3.429532719191311085e-01 1.107222307932817333e-02 2.508723152420621605e-01 3.951021897594785282e-01
3.214011311876097676e-01 9.388709750581420224e-03 1.897282956708040980e-01 4.794818633910050143e-01
2.871300497945060703e-01 7.825510528642389343e-03 1.376753016361427495e-01 5.673691380407088758e-01
2.427282845864478511e-01 6.487158714942317835e-03 9.934872210919022673e-02 6.514358345894195601e-01
1.971682515903813160e-01 5.678247753045988395e-03 7.475008667294369413e-02 7.224034139836290613e-01
1.592834580825915336e-01 4.880513736740077317e-03 5.974766874268277322e-02 7.760883594379858197e-01
1.302598313312044731e-01 4.375481910830772425e-03 5.188673766209251498e-02 8.134779490958723436e-01
1.096470452328419110e-01 4.048341509717420621e-03 4.817187940229125664e-02 8.381327338551494144e-01
9.429684616552813647e-02 3.925924175489984430e-03 4.956638423057088683e-02 8.522108454284108570e-01
8.251094470496360411e-02 4.011163928089773317e-03 5.490203417998409940e-02 8.585758571869623879e-01
7.477598781793284854e-02 4.378313520302674205e-03 6.402981057998108350e-02 8.568158880817834389e-01
7.124743664150436084e-02 5.031524607509202558e-03 7.618458849475087669e-02 8.475364502562351410e-01
7.108750702148235179e-02 5.864482493367293922e-03 8.938939194016531919e-02 8.336586185449853525e-01
7.376058456684461695e-02 6.778397365899285071e-03 1.016666801711934437e-01 8.177943378960625953e-01
7.810825067659137033e-02 7.648650961483932295e-03 1.121179836858402223e-01 8.021251146760844941e-01
8.273303174875987209e-02 8.475478450375875314e-03 1.219134485597010292e-01 7.868780412411636727e-01
8.722548092734030978e-02 9.296964627225984268e-03 1.320872768715593282e-01 7.713902775738745721e-01
9.220507672920527642e-02 1.007261034123944909e-02 1.416574986513469969e-01 7.560648142782083747e-01
9.855095779007279344e-02 1.069321364247474704e-02 1.477818790174731112e-01 7.429739495499796398e-01
1.052604072469799229e-01 1.086974000923814770e-02 1.475715997367095522e-01 7.362982530070724119e-01
1.091447252761290898e-01 1.055510542353381258e-02 1.408745547237362228e-01 7.394256145766004984e-01
1.075755274567690573e-01 1.009381546050370539e-02 1.300524434630681569e-01 7.522782136196590752e-01
1.012265914222197222e-01 9.734209249310590145e-03 1.170015245408848187e-01 7.720376747875851153e-01
9.411506873896409442e-02 9.600509538476026047e-03 1.035278605536650021e-01 7.927565611688950353e-01
9.104139204158430421e-02 9.983361028870265177e-03 9.356131401744807730e-02 8.054139329120976187e-01
9.427851547720519920e-02 1.123855034785153570e-02 9.140669694921216282e-02 8.030762372257310711e-01
1.029375318205685702e-01 1.346186853886444275e-02 9.935989497768908663e-02 7.842407046628778744e-01
1.136732992192133196e-01 1.606670852612465325e-02 1.169561272446618255e-01 7.533038650100001288e-01
1.223690742385764030e-01 1.791488842187124661e-02 1.400264543574275822e-01 7.196895829821245982e-01
1.269620954019763381e-01 1.846978481900382954e-02 1.605625390108522677e-01 6.940055807681674294e-01
1.273429027077378761e-01 1.795931391300628968e-02 1.719691564064163569e-01 6.827286269728395363e-01
1.240755802168083677e-01 1.682853777510870744e-02 1.750736368119712172e-01 6.840222451961114336e-01
1.181890041783765499e-01 1.556409765526713118e-02 1.744240890171016023e-01 6.918228091492549803e-01
1.105284749480820727e-01 1.441630161540054765e-02 1.728426053912265059e-01 7.022126180452910038e-01
1.030680376226321415e-01 1.367770469540191026e-02 1.713329071521307034e-01 7.119213505298351841e-01
9.875411443732155792e-02 1.355880638977638789e-02 1.707655581295975944e-01 7.169215210433047547e-01
9.911513237193730896e-02 1.400069808842759229e-02 1.721052339651006624e-01 7.147789355745345352e-01
1.033833862280367777e-01 1.499360409627390270e-02 1.771259936668688473e-01 7.044970160088201983e-01
1.082023651375304540e-01 1.649480914849392119e-02 1.861942829412394362e-01 6.891085427727359214e-01
1.081778306408736623e-01 1.810984038570345386e-02 1.971536971130805616e-01 6.765586318603421523e-01
9.998107918429346985e-02 1.900023576658349533e-02 2.064436559719123321e-01 6.745750290772104529e-01
8.489426847573493251e-02 1.823422183354876658e-02 2.108272245498305220e-01 6.860442851408855569e-01
6.652491129339954679e-02 1.572859131305354499e-02 2.101443740403809435e-01 7.076021233531658572e-01
4.888412193684332774e-02 1.233876799126829016e-02 2.087613544842509827e-01 7.300157555876372051e-01
3.458031235023016625e-02 8.938721943101454737e-03 2.104762720058552250e-01 7.460046937008133483e-01
2.435119082779588912e-02 6.154739378138541529e-03 2.143688576100091780e-01 7.551252121840563714e-01
1.753326302760108493e-02 4.140571569744375818e-03 2.170812314470835780e-01 7.612449339555709127e-01
1.311880320820007356e-02 2.776239387449227873e-03 2.184852752922382957e-01 7.656196821121125096e-01
1.042842738988388092e-02 1.914265359147552473e-03 2.219562743407626215e-01 7.657010329102060808e-01
8.920925228001813298e-03 1.378835179193148080e-03 2.280605910930801894e-01 7.616396484997248750e-01
8.096282269769416659e-03 1.028638826095451715e-03 2.308987849775185341e-01 7.599762939266164752e-01
7.572091650273462225e-03 7.917317615113114194e-04 2.240768725412363160e-01 7.675593040469789186e-01
7.059036776787100224e-03 6.290221979061773631e-04 2.062705859455523927e-01 7.860413550797544779e-01
6.414604562295648377e-03 5.153176621889437063e-04 1.806437188096800817e-01 8.124263589658354823e-01
5.658932556237093910e-03 4.341932287432668223e-04 1.513888098615700506e-01 8.425180643534494473e-01
4.892057019624898931e-03 3.773497737537993358e-04 1.232361814840090136e-01 8.714944117226123277e-01
4.253550916502497198e-03 3.484030833002070690e-04 1.023480568475998304e-01 8.930499891525972567e-01
3.806448094094180834e-03 3.478630657839034573e-04 9.210978515944159839e-02 9.037359036806803525e-01
3.534964630675526374e-03 3.697322150966836319e-04 9.078844582315909184e-02 9.053068573310683043e-01
3.514430303352369511e-03 4.256197458802099911e-04 9.467998268999898437e-02 9.013799672607684110e-01
3.821806471181243836e-03 5.420858641777395520e-04 1.004999787043919096e-01 8.951361289602490778e-01
4.339440090499477667e-03 7.279249964146583757e-04 1.060665447118980254e-01 8.888660902011881193e-01
4.894506171282497591e-03 9.778125936768032427e-04 1.108465662744399505e-01 8.832811149606009105e-01
5.465840457972409583e-03 1.306836929856467454e-03 1.171433518751415631e-01 8.760839707370294827e-01
6.220295902907639098e-03 1.777026759471120017e-03 1.288181029397733324e-01 8.631845743978481256e-01
7.377171594248387552e-03 2.483492166244900563e-03 1.479690672567326171e-01 8.421702689827742505e-01
9.012931359586173405e-03 3.478760511114786791e-03 1.736111673781457476e-01 8.138971407511533807e-01
1.095438959946122906e-02 4.671119872166062947e-03 2.015063844608925014e-01 7.828681060674801406e-01
1.292520666456368865e-02 5.844764957204989439e-03 2.270180386218858815e-01 7.542119897563452913e-01
1.482573019598380781e-02 6.850678136725576843e-03 2.492559338365714083e-01 7.290676578307192512e-01
2.971791996996918650e-01 5.391688308001071211e-02 4.548669550434056852e-01 1.940369621768916197e-01
1.025116836985447560e-01 4.816813681154014093e-02 5.562382550615201093e-02 7.936963539837632586e-01
1.152662157903103501e-01 5.543088991377709274e-02 5.206799714946882401e-02 7.772348971464440037e-01
1.356030867427821252e-01 6.588565587978119364e-02 4.897295257600343260e-02 7.495383048014333527e-01
1.636018985607664844e-01 7.820505824958404184e-02 4.690747164117886614e-02 7.112855715484707186e-01
1.983719029662273925e-01 8.977384117828546284e-02 4.485081636846402486e-02 6.670034394870230088e-01
2.364154574301073064e-01 9.821004497488952656e-02 4.429502015059488818e-02 6.210794774444087230e-01
2.753632296647107180e-01 1.051059060936988532e-01 4.526770817577083911e-02 5.742631560658194578e-01
3.151262309552438912e-01 1.130006818025204307e-01 4.708800638416890672e-02 5.247850808580666326e-01
3.563638651053356310e-01 1.222195686624607397e-01 4.875570857384901868e-02 4.726608576583545274e-01
3.954164820472840236e-01 1.344646834961702730e-01 4.973612310388531715e-02 4.203827113526607540e-01
4.267603879310176151e-01 1.514215221336172035e-01 5.061561935769149506e-02 3.712024705776739153e-01
4.436358716335007113e-01 1.777872957818861788e-01 5.239490327715332074e-02 3.261819293074598169e-01
4.385375126660019385e-01 2.205618166118334667e-01 5.622802693497479243e-02 2.846726437871900384e-01
4.050311112687371429e-01 2.863099674188619992e-01 6.214317894940975945e-02 2.465157423629909805e-01
3.428958206818026322e-01 3.785075979378677569e-01 6.868798006590488836e-02 2.099086013144247365e-01
2.702479642733819909e-01 4.868603327953249238e-01 7.154039821507930663e-02 1.713513047162139036e-01
2.022584256388269830e-01 5.969084670483402189e-01 6.901179635620073582e-02 1.318213109566318264e-01
1.485505820954581557e-01 6.924594774675021380e-01 6.214065239576280208e-02 9.684928804127673763e-02
1.094072555770241317e-01 7.671878874409872040e-01 5.323989648163226368e-02 7.016496050035676835e-02
8.194900742939796590e-02 8.220585398019375489e-01 4.393646222860086992e-02 5.205599054006363607e-02
6.454948686571972127e-02 8.583199555940709269e-01 3.543709663313391461e-02 4.169346090707543029e-02
5.514132071447569450e-02 8.787891254132842445e-01 2.846893535027816141e-02 3.760061852196192045e-02
5.104158467948650968e-02 8.876841309564356131e-01 2.324391382722926572e-02 3.803037053684829583e-02
4.971509446089407425e-02 8.891516255255732526e-01 1.985685566834702320e-02 4.127642434518564302e-02
4.913810345372083416e-02 8.871017662892183298e-01 1.818658284646999801e-02 4.557354741059101155e-02
4.890897241433712905e-02 8.829332847349420366e-01 1.804152661527973558e-02 5.011621623544128268e-02
5.060474320840286505e-02 8.738349510110742235e-01 1.931842093526797005e-02 5.624188484525484422e-02
5.559219635107696955e-02 8.582511497644734755e-01 2.120204698580833297e-02 6.495460689864102077e-02
6.387887782011865412e-02 8.383436239960840863e-01 2.249306526523908722e-02 7.528443291855818620e-02
7.393319371210228808e-02 8.179847914411545462e-01 2.275242523118216689e-02 8.532958961556129374e-02
8.381710295510894082e-02 8.004130113516872980e-01 2.211654765783745494e-02 9.365333803536628199e-02
9.247708687481166756e-02 7.871003024069732623e-01 2.086297121489684436e-02 9.955963950331823964e-02
9.989426833650807969e-02 7.778366132078495809e-01 1.938989230493382704e-02 1.028792261507082417e-01
1.064901174146151014e-01 7.714558122740267088e-01 1.816543012130786283e-02 1.038886401900501744e-01
1.119512878042818183e-01 7.677956964689077735e-01 1.743559318229577146e-02 1.028174225445145223e-01
1.149734458234926010e-01 7.681678426902683876e-01 1.714334476316872746e-02 9.971536672307042271e-02
1.144837479133725272e-01 7.735577590583960772e-01 1.703973069515052341e-02 9.491876233308087218e-02
1.104512416470848635e-01 7.840022625840471493e-01 1.670568824240819053e-02 8.884080752646027201e-02
1.036411561318422297e-01 7.990460580648013345e-01 1.574455626958555857e-02 8.156822953377050600e-02
9.545381715075294815e-02 8.167789316969982227e-01 1.427245881913188560e-02 7.349479233311673188e-02
8.780739636187538666e-02 8.337809562069785629e-01 1.286346072140351522e-02 6.554818670974266182e-02
8.194805266792236365e-02 8.476602333244863674e-01 1.193116441532884008e-02 5.846054959226228837e-02
7.879776946829106232e-02 8.561333972698944583e-01 1.178045759433980419e-02 5.328837566747452598e-02
7.849367462580461585e-02 8.587249349893236738e-01 1.245004523398472555e-02 5.033134515088757283e-02
8.072477769663354008e-02 8.566671678633757114e-01 1.367838468518090857e-02 4.892966975480989716e-02
8.623583966843050008e-02 8.495177726260156881e-01 1.532184303159244559e-02 4.892454467396181034e-02
9.604339419934010413e-02 8.361311618996764006e-01 1.730857732489667761e-02 5.051686657608663727e-02
1.108412797600935584e-01 8.159196218733084649e-01 1.950383839413471349e-02 5.373525997246313829e-02
1.314387006198329544e-01 7.873526576503273589e-01 2.201518316209984810e-02 5.919345856773999132e-02
1.579866616414553060e-01 7.489783416254824910e-01 2.504609256219830077e-02 6.798890417086349280e-02
1.889917011965548121e-01 7.014188881955297772e-01 2.866838047721272792e-02 8.092103013070257866e-02
2.197186792921129728e-01 6.490028771108675709e-01 3.292318570326625143e-02 9.835525789375361427e-02
2.417809600212535714e-01 5.990949683111962409e-01 3.836096536495787329e-02 1.207631063025925017e-01
2.517090918948793332e-01 5.514676567397682749e-01 4.706055933618753101e-02 1.497626920291652564e-01
2.568952990447777585e-01 4.951508247912702054e-01 6.189110734081273990e-02 1.860627688231394627e-01
2.623707373150127586e-01 4.269099797765037452e-01 8.466621309307648113e-02 2.260530698154072649e-01
2.657504385923075696e-01 3.553052851930908473e-01 1.157683501855552022e-01 2.631759260290463254e-01
2.635097970724604166e-01 2.903365423495802844e-01 1.532301585638523311e-01 2.929235020141066625e-01
2.546302853025993462e-01 2.346968039555699104e-01 1.918605538763959173e-01 3.188123568654346873e-01
2.375888844263384092e-01 1.919278985991564601e-01 2.221584672521832449e-01 3.483247497223224687e-01
2.174749875347687378e-01 1.578043774338346583e-01 2.386408350611076701e-01 3.860797999702889061e-01
1.976151438530478199e-01 1.329910341917750205e-01 2.400593246459984675e-01 4.293344973091783867e-01
1.793740844061448847e-01 1.162136201232261412e-01 2.330809423626677424e-01 4.713313531079613150e-01
1.640989096986274487e-01 1.072432632650473644e-01 2.249359096890405918e-01 5.037219173472847755e-01
1.531790314269640685e-01 1.065019309144012716e-01 2.198455912173537252e-01 5.204734464412811290e-01
1.460274229028465931e-01 1.121813881286000125e-01 2.190974966947072111e-01 5.226936922738458779e-01
1.404967631031919240e-01 1.236098168929376101e-01 2.207190098699357284e-01 5.151744101339351678e-01
1.360134624192335662e-01 1.378221237884067751e-01 2.230103412335918134e-01 5.031540725587680951e-01
1.337621547426850188e-01 1.497576786069882426e-01 2.244367714380174350e-01 4.920433952123092203e-01
1.330582934235023940e-01 1.577436704191783057e-01 2.239083494790091722e-01 4.852896866783097951e-01
1.328887920403703238e-01 1.613751842209695808e-01 2.234861314995584824e-01 4.822498922391019738e-01
1.227873406284648028e-01 7.120273385213485851e-01 1.271502968201992934e-01 3.803502402998702736e-02
1.149141679314577974e-01 6.741283032084216531e-01 1.672642143421067262e-01 4.369331451801427429e-02
1.098069559704275000e-01 6.304864883617377069e-01 2.115272941901416848e-01 4.817926147769267115e-02
1.047998398813727861e-01 5.892032035270449164e-01 2.553725632696263736e-01 5.062439332195582675e-02
9.917255796670593204e-02 5.523993695733336873e-01 2.971653667336763838e-01 5.126270572628419814e-02
9.410126863906116690e-02 5.156239909563414825e-01 3.386785448508627394e-01 5.159619555373474303e-02
9.093433123666713747e-02 4.761843097737902264e-01 3.799447489960883217e-01 5.293660999345409235e-02
9.017596791689459768e-02 4.371518687642130252e-01 4.169753294109493913e-01 5.569683390794290256e-02
9.112805986336439124e-02 4.054979068298917300e-01 4.439896326361900680e-01 5.938440067055345689e-02
9.512978509829064788e-02 3.860856800147516310e-01 4.559898805632300323e-01 6.279465432372793865e-02
1.009234587116466381e-01 3.814149473212141706e-01 4.533736326873783473e-01 6.428796127976059427e-02
1.072084741705761624e-01 3.934997113584600137e-01 4.370303459525038403e-01 6.226146851846007385e-02
1.122716122148338797e-01 4.253812128915729907e-01 4.065431265969053909e-01 5.580404829668768329e-02
1.151231215193265767e-01 4.753258359371899111e-01 3.627348341650283303e-01 4.681620837845517497e-02
1.166673141324631596e-01 5.360279389150776064e-01 3.094634812316546246e-01 3.784126572080454692e-02
1.161821119328945162e-01 6.026874214104570582e-01 2.514247877051768443e-01 2.970567895147157092e-02
1.144591631140639693e-01 6.706321259431521353e-01 1.923923493313551281e-01 2.251636161142893389e-02
1.115684629583814369e-01 7.337093177782112452e-01 1.382271700567418715e-01 1.649504920666531801e-02
1.061803495890638188e-01 7.879314786305963159e-01 9.405038034034668426e-02 1.183779143999336321e-02
9.972415532492977241e-02 8.294005655457620252e-01 6.236231240872895654e-02 8.512966720579252800e-03
9.451098502981543359e-02 8.570200191309244042e-01 4.219573430221476573e-02 6.273261537045517026e-03
9.392816622108118851e-02 8.709333514747893412e-01 3.035655660456660146e-02 4.781925699562884421e-03
9.739654764611023474e-02 8.755090373242387924e-01 2.329098626808137965e-02 3.803428761569603144e-03
6.740998483315002732e-01 3.099083158867778631e-01 8.348942549645833877e-03 7.642893232075979523e-03
6.451995152057228289e-01 3.397111531694375630e-01 7.604145349568267216e-03 7.485186275271322673e-03
5.841729654608971423e-01 4.018216342568982080e-01 6.875456785871611985e-03 7.129943496332924978e-03
4.909254196398348813e-01 4.948039596248178240e-01 7.314537804352306410e-03 6.956082930995089765e-03
3.819671977882824754e-01 6.027217161032044634e-01 8.495167127116660596e-03 6.815918981396635636e-03
2.836725001250550160e-01 6.994152096461044854e-01 1.023976285170347458e-02 6.672527377137371825e-03
2.134561908740875424e-01 7.675505923258196805e-01 1.235674988556099453e-02 6.636466914531913459e-03
1.698800822512499531e-01 8.082346050942952331e-01 1.508396672560277825e-02 6.801345928852097107e-03
1.447404423275922281e-01 8.295470259534112323e-01 1.869068863890072096e-02 7.021843080095840385e-03
1.293006916540479778e-01 8.413679615479250362e-01 2.235717160561865799e-02 6.974175192408215221e-03
1.177968739304574852e-01 8.523532196668134331e-01 2.351963096172683676e-02 6.330275441002153856e-03
1.033946307685360000e-01 8.705547582899451076e-01 2.097205350786996575e-02 5.078557433648920628e-03
8.694810537996001953e-02 8.930833565803767415e-01 1.632941265297456479e-02 3.639125386688577858e-03
7.029959665423528292e-02 9.158101290640029424e-01 1.151228560776297767e-02 2.377988673999084125e-03
5.569077468191924174e-02 9.350893064987338965e-01 7.711881885886792166e-03 1.508036933459801351e-03
4.576101513598621051e-02 9.479047296224665242e-01 5.290205194375296321e-03 1.044050047171918641e-03
4.124803883078383138e-02 9.540041490182572526e-01 3.897509226754849228e-03 8.503029242040785474e-04
4.041457560710647046e-02 9.558625575600563362e-01 2.958705921333161515e-03 7.641609115037570777e-04
4.114555461745352666e-02 9.560172974606987450e-01 2.156427209895002677e-03 6.807207119530545632e-04
4.234929633451619407e-02 9.555555788916485493e-01 1.504271259076088007e-03 5.908535147592519502e-04
4.335652131880542159e-02 9.550902876631258698e-01 1.041123089446504375e-03 5.120679286220439002e-04
4.360335544591523171e-02 9.551904508529854843e-01 7.524727139103619400e-04 4.537209871890704655e-04
4.212030380054471862e-02 9.568830108248612687e-01 5.855913007816628121e-04 4.110940738120860325e-04
3.903502319169323970e-02 9.600878778873329633e-01 4.968686462889536967e-04 3.802302746850730374e-04
3.617997742536351730e-02 9.629795234230534851e-01 4.726025348990479870e-04 3.678966166839380079e-04
3.649891752985839899e-02 9.625542211718761676e-01 5.400638215512300637e-04 4.067974767141444795e-04
4.348174518893997698e-02 9.551232600502934655e-01 8.078748086753638523e-04 5.871199520911826817e-04
6.063892132101181970e-02 9.366624600893770358e-01 1.565322609896024376e-03 1.133295979715160003e-03
9.257930603385321200e-02 9.011933711742449171e-01 3.548000406198066874e-03 2.679322385703655687e-03
1.465013111955250080e-01 8.389190959948306103e-01 7.860394058296213057e-03 6.719198751347829450e-03
2.223573881691915388e-01 7.444054861328829320e-01 1.698953176928044012e-02 1.624759392864495028e-02
3.121610350912361609e-01 6.185583471543554257e-01 3.266543833358707960e-02 3.661517942082125748e-02
3.936282260488299101e-01 4.731921624969074869e-01 5.595057822208108350e-02 7.722903323218173466e-02
4.228669744954114962e-01 3.456854239065364487e-01 8.135623099715862117e-02 1.500913706008936144e-01
3.857896993520286699e-01 2.518488428303109483e-01 1.007918050860652781e-01 2.615696527315952147e-01
3.113788703485218523e-01 1.829736408994439567e-01 1.073302477631614543e-01 3.983172409888725563e-01
2.346877407481443301e-01 1.289512580579169343e-01 1.028688685633462607e-01 5.334921326305924749e-01
1.719202759402532477e-01 8.809955039076490524e-02 9.331317730833828261e-02 6.466669963606436200e-01
1.258057359413054799e-01 5.997756668905766808e-02 8.417894659865701734e-02 7.300377507709799874e-01
9.446797286366988289e-02 4.222315298942910800e-02 7.801926149114241094e-02 7.852896126557585843e-01
7.427338400738237034e-02 3.144139093905955196e-02 7.554691258536846976e-02 8.187383124681897328e-01
6.119758572996768925e-02 2.484768872538031803e-02 7.626570596674352165e-02 8.376890195779084225e-01
5.243239104938862694e-02 2.083653136663331587e-02 8.012639885945481433e-02 8.466046787245232741e-01
4.683866370549560898e-02 1.878960024795519809e-02 8.865009528500568392e-02 8.457216407615435472e-01
4.403152371678428073e-02 1.851997015663885138e-02 1.039933265937058871e-01 8.334551795328711821e-01
4.356673157136672220e-02 1.974259426673574680e-02 1.263831410870770999e-01 8.103075330748206184e-01
4.470128858201838362e-02 2.181348520574205238e-02 1.517867000623158713e-01 7.816985261499240778e-01
4.652295492248363640e-02 2.385437386032674204e-02 1.745663909715032547e-01 7.550562802456863842e-01
4.802748364303315726e-02 2.513042817094181952e-02 1.926325840522082888e-01 7.342095041338166928e-01
4.866021217614230343e-02 2.543489406798677202e-02 2.073027263750866767e-01 7.186021673807841958e-01
4.938700231821891579e-02 2.564885836344657499e-02 2.201375887429765366e-01 7.048265505753580351e-01
5.208473237271293854e-02 2.716110674670716221e-02 2.325475575178921894e-01 6.882066033626876855e-01
5.732710574048495433e-02 3.036996719611627024e-02 2.439032772159313855e-01 6.683996498474675807e-01
6.413480606157828667e-02 3.486236247011572503e-02 2.537033236173089623e-01 6.472995078509972133e-01
7.044225819912017239e-02 4.030638880625343756e-02 2.641953571972740500e-01 6.250559957973527148e-01
7.377017371281005542e-02 4.660917989512367715e-02 2.786327754884936891e-01 6.009878709035725297e-01
7.310557378103257897e-02 5.328615758014949161e-02 2.979731226031255842e-01 5.756351460356926575e-01
6.982492770530723813e-02 5.952487821038671134e-02 3.191753123739773379e-01 5.514748817103285461e-01
6.660228266980056100e-02 6.516958926401328345e-02 3.381720181863450136e-01 5.300561098798411974e-01
6.534879631332449201e-02 7.006278851205875735e-02 3.520440605542816126e-01 5.125443546203353185e-01
6.653814013884999656e-02 7.357350224117796544e-02 3.591576537175283912e-01 5.007307039024436746e-01
6.893414462224189965e-02 7.513993656631065554e-02 3.588823020635615313e-01 4.970436167478861633e-01
6.991005649506248920e-02 7.420897102507574561e-02 3.515115444485207297e-01 5.043694280313408829e-01
6.813845797282594430e-02 7.051272858555723833e-02 3.406648714437790493e-01 5.206839419978379624e-01
6.450380584379264426e-02 6.518860014212918275e-02 3.338573089117927162e-01 5.364502851022853180e-01
6.050172893437922444e-02 6.023338104934502363e-02 3.353357284791903536e-01 5.439291615370854815e-01
5.713481152466180074e-02 5.674476673643868291e-02 3.414111529456881344e-01 5.447092687932114652e-01
5.511153680671786181e-02 5.498725573003946515e-02 3.448677091309677034e-01 5.450334983322751015e-01
5.449056415422134925e-02 5.519611180725858546e-02 3.428962638422214937e-01 5.474170601962983218e-01
5.472292865402178519e-02 5.744538171616404149e-02 3.373761237312069561e-01 5.504555658986068911e-01
5.560058285011001272e-02 6.163340495267165264e-02 3.290263463775079389e-01 5.537396658197099031e-01
5.734903644070820511e-02 6.799258825864944178e-02 3.150758462853551212e-01 5.595825290152870446e-01
6.138757068733606548e-02 7.702315241664647871e-02 2.913413438025467816e-01 5.702479330934708823e-01
6.686155818677096130e-02 9.084931117935872436e-02 2.562587410578317515e-01 5.860303895760383686e-01
7.470639014953796286e-02 1.102881212625777263e-01 2.126763983730487195e-01 6.023290902148357162e-01
8.425314423875332470e-02 1.354629960464154570e-01 1.673646532732904479e-01 6.129192064415404095e-01
9.620961844091702186e-02 1.587199021501968232e-01 1.299754195846004046e-01 6.150950598242858058e-01
1.101196883515196956e-01 1.772255217842596542e-01 1.034925308566061741e-01 6.091622590076145594e-01
1.255309215002763656e-01 1.918487351098859262e-01 8.551167845614339458e-02 5.971086649336940777e-01
1.403785276394391157e-01 2.026698273459616173e-01 7.264299878577604175e-02 5.843086462288230587e-01
1.529164515293695847e-01 2.063950621597458457e-01 6.312451686022350905e-02 5.775639694506610189e-01
1.622610938755531251e-01 2.015792023390428345e-01 5.583510732134030347e-02 5.803245964640637578e-01
1.678824334786242489e-01 1.921057817074635632e-01 4.963107942732748051e-02 5.903807053865846033e-01
1.715593870833773960e-01 1.838401653702385896e-01 4.385091080047553297e-02 6.007495367459085855e-01
1.776866074174926202e-01 1.810369562484132333e-01 3.849363374190541837e-02 6.027828025921888599e-01
1.914424993817470666e-01 1.864202005035429099e-01 3.381108532211201528e-02 5.883262147925980567e-01
2.171289393460318073e-01 2.018608315510909135e-01 3.010977300128399661e-02 5.509004561015933277e-01
2.558479143041576531e-01 2.275138946796543549e-01 2.760072661650386436e-02 4.890374643996839299e-01
3.010810031695380640e-01 2.607496402871679053e-01 2.668411802809887365e-02 4.114852385151953063e-01
