2.419496300859345569e-02 2.036551741365278789e-03 1.783419855364683781e-01 7.954264997135729320e-01
1.625301576575582593e-02 6.059703660975149925e-02 1.837418354463342743e-02 9.047757640798588241e-01
1.517429165120928042e-02 5.592924441203506181e-02 1.691468021268235922e-02 9.119817837240734582e-01
1.482682176299962053e-02 5.418362218866429325e-02 1.708608752540334563e-02 9.139034685229325827e-01
1.520857091057705585e-02 5.574135975714553104e-02 1.853561957048816683e-02 9.105144497617891908e-01
1.666159998289700600e-02 6.148300687388853075e-02 2.129030095041304846e-02 9.005650921928015640e-01
1.993695734406015704e-02 7.348700167348395929e-02 2.600352522908688790e-02 8.805725157533690339e-01
2.605636231770470240e-02 9.477494960167444360e-02 3.360264933349751959e-02 8.455660387471235495e-01
3.612444715057146205e-02 1.287387904642453840e-01 4.505023785067364256e-02 7.900865245345094490e-01
5.098545118679176369e-02 1.749951915974964356e-01 6.096521737260229834e-02 7.130541398431095024e-01
7.079387271073513122e-02 2.258862080552007379e-01 8.128309707871068934e-02 6.220368221553534971e-01
9.489670813468582822e-02 2.713320314859424820e-01 1.051151698448340166e-01 5.286560905345375483e-01
1.222028089410258506e-01 3.036472879224109689e-01 1.308043585087286798e-01 4.433455446278343204e-01
1.511196976759200394e-01 3.166040084260569043e-01 1.572521098551719343e-01 3.750241840428510387e-01
1.795708034382279827e-01 3.042714248508381347e-01 1.861357417746394016e-01 3.300220299362940923e-01
2.012750580338881490e-01 2.700449895133084643e-01 2.195236935450068094e-01 3.091562589077967438e-01
2.100904026135385627e-01 2.227841233077154370e-01 2.591504970282312303e-01 3.079749770505146311e-01
2.050903192583489465e-01 1.766010574932543875e-01 3.006326240857992715e-01 3.176759991625975887e-01
1.932070122469269069e-01 1.396292364137481368e-01 3.403469217935837787e-01 3.268168295457413719e-01
1.816782611490101451e-01 1.173215100000152972e-01 3.736246749712408555e-01 3.273755538797336051e-01
1.733533042970389904e-01 1.086952294402661473e-01 3.997107448029630361e-01 3.182407214597315903e-01
1.686671016809377921e-01 1.107004907357364426e-01 4.174711639576797473e-01 3.031612436256462262e-01
1.672694562805121521e-01 1.205771345315478776e-01 4.266232595692091567e-01 2.855301496187306332e-01
1.687186864805985675e-01 1.367711091171433524e-01 4.276589430181660934e-01 2.668512613840916536e-01
1.722783235734454410e-01 1.593138963154019372e-01 4.199402125132145058e-01 2.484675675979378662e-01
1.759741446112839114e-01 1.884504838232485824e-01 4.041492937620610459e-01 2.314260778034063770e-01
1.772212379335396382e-01 2.232756855982632738e-01 3.837311495293125874e-01 2.157719269388846117e-01
1.750181959247819885e-01 2.618958163761849200e-01 3.616468253924099985e-01 2.014391623066231762e-01
1.705666905951546963e-01 3.012609479864831741e-01 3.393693649254100886e-01 1.888029964929524573e-01
1.659617312005497725e-01 3.374948164244132576e-01 3.182752868716520744e-01 1.782681655033847568e-01
1.630413425497022617e-01 3.679092022878035495e-01 2.993537219878115718e-01 1.696957331746826725e-01
1.627018237715505133e-01 3.931483840644420802e-01 2.821925536091782205e-01 1.619572385548297966e-01
1.637127167581277631e-01 4.184577295385589757e-01 2.645148153210770126e-01 1.533147383822362209e-01
1.682122667301151897e-01 4.400580551001966323e-01 2.481783770441913228e-01 1.435513011254967997e-01
1.719086588945493710e-01 4.587442112262123395e-01 2.356460389020266777e-01 1.337010909772114731e-01
1.766303044621657103e-01 4.697839226636510990e-01 2.274162548676312012e-01 1.261695180065516564e-01
1.847705754884381157e-01 4.649556786608101677e-01 2.269481901962714931e-01 1.233255556544802234e-01
1.970439351894442970e-01 4.418143409129452470e-01 2.347103791937226736e-01 1.264313447038878657e-01
2.119281733624569231e-01 4.049681563494867964e-01 2.483746222342784471e-01 1.347290480537776114e-01
2.297679571248398556e-01 3.553918952176425283e-01 2.686392539490604081e-01 1.462008937084574023e-01
2.473511858957638532e-01 3.050675126016322847e-01 2.883043890142122367e-01 1.592769124883913756e-01
2.618781259841752029e-01 2.582025959547473715e-01 3.044419471174832914e-01 1.754773309435941897e-01
2.703555923450828291e-01 2.193571258542308944e-01 3.135898060255774555e-01 1.966974757751088765e-01
2.727847584306717366e-01 1.901998795750060034e-01 3.133326195623055144e-01 2.236827424320169400e-01
2.696241244109167101e-01 1.701055412656679866e-01 3.033182818007449932e-01 2.569520525226700047e-01
2.628556463390665510e-01 1.570877258615617778e-01 2.840502296817622452e-01 2.960063981176094261e-01
2.503519768944436619e-01 1.494314396592890948e-01 2.608815700254230041e-01 3.393350134208443780e-01
2.359145850044840897e-01 1.462394808543454050e-01 2.335649683842181690e-01 3.842809657569526416e-01
2.234749008624873357e-01 1.467824136816375524e-01 2.017936398040944268e-01 4.279490456517806019e-01
2.132186461727426652e-01 1.487509474167576229e-01 1.697295751026934307e-01 4.683008313078063090e-01
2.024284913114647866e-01 1.502362534460913168e-01 1.424310729179103230e-01 5.049041823245337124e-01
1.897297206596015862e-01 1.507045329688370960e-01 1.215075821811690965e-01 5.380581641903923185e-01
1.775473376931351599e-01 1.488920629337390222e-01 1.057275242047195640e-01 5.678330751684060873e-01
1.685088725579198254e-01 1.430497272268721198e-01 9.385502714529478374e-02 5.945863730699133543e-01
1.635082477209562346e-01 1.331819971387462054e-01 8.711960467855323076e-02 6.161901504617439684e-01
1.644248751946155718e-01 1.214263474763320472e-01 8.743515666482830351e-02 6.267136206642238694e-01
1.735706958212532292e-01 1.084839637422243819e-01 9.350799955861009705e-02 6.244373408779122503e-01
1.891741118388690357e-01 9.347581048378471313e-02 1.011057600429075554e-01 6.162443176344385432e-01
2.048649056670195368e-01 7.778334833740098431e-02 1.074047048686023464e-01 6.099470411269770631e-01
2.160774018933063201e-01 6.431728372000683480e-02 1.125404911657275908e-01 6.070648232209593376e-01
2.227781134492920756e-01 5.430931936965524565e-02 1.176405195240804308e-01 6.052720476569722896e-01
2.270110496359381558e-01 4.734824396351952625e-02 1.239251113004496974e-01 6.017155951000927594e-01
2.298629842602622486e-01 4.278110681010733468e-02 1.320598470968148141e-01 5.952960618328156928e-01
2.303409266696592461e-01 4.000699794961420225e-02 1.406138352782554946e-01 5.890382401024709669e-01
2.278280618619855924e-01 3.835323720437439771e-02 1.476547666552283644e-01 5.861639342784119577e-01
2.234912308760921007e-01 3.720991384222412102e-02 1.544043438347459662e-01 5.848945114469378259e-01
2.184952952540384352e-01 3.615258198713518223e-02 1.630521205815919361e-01 5.823000021772340995e-01
2.126735788749039291e-01 3.536263557090216225e-02 1.743199700306676814e-01 5.776438155235259497e-01
2.041743054991294881e-01 3.515132526466416968e-02 1.894827082020793529e-01 5.711916610341267742e-01
1.925876658161832511e-01 3.510469009865530704e-02 2.106628686789942251e-01 5.616447754061670850e-01
1.803225031895347719e-01 3.486094880956317615e-02 2.350446295971128363e-01 5.497719184037894724e-01
1.686796243578553012e-01 3.433812501843033077e-02 2.565671721510918712e-01 5.404150784726224899e-01
9.130878553962233982e-03 2.614639381248119645e-03 9.511322304278415629e-01 3.712225163694776731e-02
3.426750722123539927e-01 4.291473108905744654e-02 2.076233942021125378e-01 4.067868024964762519e-01
2.751504155579506672e-01 3.325329803745986218e-02 1.711787590401536996e-01 5.204175273644355837e-01
2.262864827614896046e-01 2.667125848710493602e-02 1.422017536925013481e-01 6.048405050589041876e-01
2.001865702180264384e-01 2.372866669901991035e-02 1.277831780193168509e-01 6.483015850636369981e-01
1.942659713010257139e-01 2.421421695095278201e-02 1.281231089483250984e-01 6.533967027996966381e-01
2.031851254001451335e-01 2.765744713207324984e-02 1.398193597500029806e-01 6.293380677177785598e-01
2.230907316456114398e-01 3.373300680071646129e-02 1.578822010315123203e-01 5.852940605221599313e-01
2.542309797566311147e-01 4.209718817538417313e-02 1.772692685225995546e-01 5.264025635453852825e-01
2.967097328452701355e-01 5.217152069612603082e-02 1.925089381778551656e-01 4.586098082807487097e-01
3.468415939736885778e-01 6.291844671627902508e-02 1.996836666547700812e-01 3.905562926552624270e-01
3.983634558714728158e-01 7.289251938341829995e-02 2.007480273704871643e-01 3.279959973746219282e-01
4.462329977640597245e-01 8.143385841875401543e-02 2.005536426360101099e-01 2.717795011811765526e-01
4.923730164233705020e-01 8.818884975077173616e-02 1.987490770264341844e-01 2.206890567994239660e-01
5.448880310009829309e-01 9.083374088594910190e-02 1.896752175359965598e-01 1.746030105770715601e-01
6.046751800996218451e-01 8.729970902502086350e-02 1.712373871262273528e-01 1.367877237491298414e-01
6.617898602046179413e-01 8.002874379429991691e-02 1.484604827668619120e-01 1.097209132342203686e-01
7.175625807299926828e-01 7.101789882104894702e-02 1.208192509466347458e-01 9.060026950232347165e-02
7.712202619217520816e-01 6.269294741452426101e-02 9.064295874706547462e-02 7.544383191665825217e-02
8.197539436471014129e-01 5.565950858095970732e-02 6.229448124467541759e-02 6.229206652726374666e-02
8.566733305762079809e-01 5.047019650655193423e-02 4.077083086515505966e-02 5.208564205208522646e-02
8.812418008266106328e-01 4.672192698853146892e-02 2.658653163803046879e-02 4.544974054682750231e-02
8.982287247131749419e-01 4.323104010348297055e-02 1.731407865125971640e-02 4.122615653208240583e-02
9.104058590106320903e-01 3.971306688793160150e-02 1.116367906639760196e-02 3.871739503503873053e-02
9.185024829015653314e-01 3.643327703077044177e-02 7.225456517746755951e-03 3.783878354991731391e-02
9.231226396809528723e-01 3.363523545407965526e-02 4.792625666190154267e-03 3.844949919877747868e-02
9.241857577435309556e-01 3.182507319754658559e-02 3.311668940577106902e-03 4.067750011834521395e-02
9.205544232278667360e-01 3.151355090114928842e-02 2.449826122629760947e-03 4.548219974835437940e-02
9.111946075393457800e-01 3.291353164830265743e-02 2.018048269911692540e-03 5.387381254244010681e-02
8.965584160612426468e-01 3.638331392146593180e-02 1.867458580298155891e-03 6.519081143699340108e-02
8.809520471737413150e-01 4.131375700143569835e-02 1.828068055850253209e-03 7.590612776897248670e-02
8.710407126186054949e-01 4.549108609182807295e-02 1.748314781523035467e-03 8.171988650804372367e-02
8.697918104686488405e-01 4.717072677253172919e-02 1.602107034956736908e-03 8.143535572386279009e-02
8.761949589457697085e-01 4.585258751200057409e-02 1.422754425867251218e-03 7.652969911636245404e-02
8.882950850405434418e-01 4.167960793168321021e-02 1.230065500794194329e-03 6.879524152697920336e-02
9.060620029015921117e-01 3.442243048108770825e-02 1.017662865493734314e-03 5.849790375182637586e-02
9.260407304420485985e-01 2.562001021338808360e-02 8.140929041798090253e-04 4.752516644038379950e-02
9.409317647502077886e-01 1.836615157728303110e-02 6.866242207054206728e-04 4.001545945180395858e-02
9.481561713272743663e-01 1.379944956160873183e-02 6.665172001762999492e-04 3.737786191094057825e-02
9.486992533061647803e-01 1.132240678949864715e-02 7.660078894375350975e-04 3.921233201489871673e-02
9.437217236424605415e-01 1.001663112363000707e-02 1.028989476743827694e-03 4.523265575716564624e-02
9.326710994333161642e-01 9.320016555847283543e-03 1.602525237731113701e-03 5.640635877310547219e-02
9.139698975166429262e-01 8.948163996405082005e-03 2.849781362441892053e-03 7.423215712450999260e-02
8.855619454531937773e-01 8.884051278693851431e-03 5.683796892763027207e-03 9.987020637534914369e-02
8.429618346073398660e-01 9.453285582470018905e-03 1.268093376786197032e-02 1.349039460423282766e-01
7.790839866454056795e-01 1.099038890983812695e-02 3.016510265228962429e-02 1.797605217924665710e-01
6.872707011530523324e-01 1.365394208885930237e-02 6.840695128006799020e-02 2.306684054780203663e-01
5.701482506469295330e-01 1.769475554265330722e-02 1.323500162858245177e-01 2.798069775245926039e-01
4.465753800166804011e-01 1.997313838418947676e-02 2.171068738846236856e-01 3.163446077145066204e-01
3.374735988448458457e-01 1.982315641942916651e-02 3.144877716182803984e-01 3.282154731174447559e-01
2.543562630788253620e-01 1.808491296402005635e-02 4.138942527747038747e-01 3.136645711824507798e-01
1.992432962689087705e-01 1.629088817435575542e-02 5.036231389244423262e-01 2.808426766322930090e-01
1.671465635370785741e-01 1.508544321755225272e-02 5.794114786235614600e-01 2.383565146218079578e-01
1.521789151429075726e-01 1.435181154898602408e-02 6.392844186085082647e-01 1.941848546995982305e-01
1.459204105196462709e-01 1.356580252240750621e-02 6.880131285731778679e-01 1.525006583847683950e-01
1.468927401239678854e-01 1.269566714402893190e-02 7.242787491251696519e-01 1.161328436068334302e-01
1.513475615943416508e-01 1.200130172686563433e-02 7.489503654969803526e-01 8.770077118181256182e-02
1.565885819660740585e-01 1.176441460266962336e-02 7.640826208333211245e-01 6.756438259793520751e-02
1.616565021961630932e-01 1.241190159445360389e-02 7.710063255750525535e-01 5.492527063433062101e-02
1.695614016618999798e-01 1.462104899436348672e-02 7.669394891329904818e-01 4.887806021074563717e-02
1.851281545558979835e-01 1.897053034606654975e-02 7.481685241667236363e-01 4.773279093131199691e-02
2.123394496548622612e-01 2.569925908297584355e-02 7.127594178008773707e-01 4.920187346128470501e-02
2.528129036362684601e-01 3.515913863287631336e-02 6.605357480211387911e-01 5.149220970971635225e-02
3.050738423872754179e-01 4.762233129458395831e-02 5.944545642427454535e-01 5.284926207539519111e-02
3.648935968377111649e-01 6.288795838254196413e-02 5.201462557406592024e-01 5.207218903908776564e-02
4.255349410575389735e-01 8.066313846074402161e-02 4.442468212951463102e-01 4.955509918657071550e-02
4.804674743734740350e-01 1.000213599411018256e-01 3.729264808310369661e-01 4.658468485438744394e-02
5.180987785298917236e-01 1.240034156601826504e-01 3.132577009267611956e-01 4.464010488316436792e-02
5.387599704629011388e-01 1.482986538272473842e-01 2.687223410114685240e-01 4.421903469838271705e-02
5.373183332203924634e-01 1.770590176918827030e-01 2.391207317827260259e-01 4.650191730499888404e-02
5.169861022125732397e-01 2.090744173579145437e-01 2.219572469056131370e-01 5.198223352389894775e-02
4.841802669422406447e-01 2.423271517360552074e-01 2.132679131614227119e-01 6.022466816028166497e-02
1.116679144841164692e-02 9.981155458394523530e-04 1.105015852059482856e-01 8.773335077998003495e-01
1.042032953820135888e-01 3.700701208310575724e-02 3.677464278459494640e-01 4.910432646889307806e-01
9.420913574388234402e-02 2.935006320650876410e-02 3.145279383144511942e-01 5.619128627351578364e-01
8.304240813466623461e-02 2.277781451967719403e-02 2.570817622097271160e-01 6.370980151359292298e-01
6.997912196003100438e-02 1.733325229128846595e-02 2.029281117417120472e-01 7.097595140069686837e-01
5.646762914828260677e-02 1.305290846687885871e-02 1.587695179554779457e-01 7.717099444293603616e-01
4.507481516833497515e-02 1.004936047691156256e-02 1.270034275006488578e-01 8.178723968541049549e-01
3.667498228897076579e-02 8.081753083229980747e-03 1.064065888346294730e-01 8.488366757931696815e-01
3.078594895809505516e-02 6.796818558017630844e-03 9.486298887877049613e-02 8.675542436051170148e-01
2.702069078479662698e-02 6.061751958628841877e-03 9.135278698619611615e-02 8.755647702703787116e-01
2.483154921260663159e-02 5.837239123337400332e-03 9.569470620977758857e-02 8.736365054542786224e-01
2.343491680592452858e-02 6.039486188718431667e-03 1.070630701057782991e-01 8.634625268995790304e-01
2.256065198481076173e-02 6.672100069753263314e-03 1.238065325796512128e-01 8.469607153657848775e-01
2.209311109289095743e-02 7.655501887069400026e-03 1.431965590840249269e-01 8.270548279360144805e-01
2.190292447074165816e-02 8.781855689063313222e-03 1.619870652929925881e-01 8.073281545472025256e-01
2.201322775872383702e-02 9.903318365364949596e-03 1.780229127637162623e-01 7.900605411121948141e-01
2.232415703086412101e-02 1.090292789294483415e-02 1.912029313326985280e-01 7.755699837434923971e-01
2.288252807082966078e-02 1.189232577269275400e-02 2.031287289383036376e-01 7.620964172181738938e-01
2.390317968221405964e-02 1.302198321434390287e-02 2.149248157016053207e-01 7.481500214018368400e-01
2.557814315932301422e-02 1.431035431201879010e-02 2.250222928990190940e-01 7.350892096296393063e-01
2.805485976559372180e-02 1.568085460119978194e-02 2.291580476607227301e-01 7.271062379724839708e-01
3.104184682812899734e-02 1.672163195311477876e-02 2.238389013529937521e-01 7.283976198657624579e-01
3.363536097131547553e-02 1.713681348599623705e-02 2.077198343580036188e-01 7.415079911846841343e-01
3.459921683062173320e-02 1.702460966197921408e-02 1.819885323215238437e-01 7.663876411858752125e-01
3.309150764175599474e-02 1.642709436779350024e-02 1.504113682387858419e-01 8.000700297516648574e-01
2.988948503086746172e-02 1.557745050343388449e-02 1.188017723657639052e-01 8.357312920999342420e-01
2.712621424647555443e-02 1.526662367177758148e-02 9.380142570988914130e-02 8.638057363718577575e-01
2.631981958937954641e-02 1.632245018923188587e-02 7.918131862263355636e-02 8.781764115987551467e-01
2.781646503853777222e-02 1.912928959993781541e-02 7.511752430789186974e-02 8.779367210536325183e-01
3.109023316836492801e-02 2.314563411451522196e-02 8.002460858193773119e-02 8.657395241351824033e-01
3.511411637173986189e-02 2.682002764737668327e-02 9.122778404898122806e-02 8.468380719319023031e-01
3.914954287509129355e-02 2.902071279390971634e-02 1.045110132046108975e-01 8.273187311263880961e-01
4.287909742832884258e-02 2.958512509426173762e-02 1.156961475527681360e-01 8.118396299246412040e-01
4.613968912996981031e-02 2.887289429916247915e-02 1.240798711607429688e-01 8.009075454101246549e-01
4.862349163334447194e-02 2.747804551794928718e-02 1.312814038600185196e-01 7.926170589886877282e-01
4.977668517198882703e-02 2.567143761611865790e-02 1.385105747168524637e-01 7.860413024950396732e-01
4.980181634084832054e-02 2.394465726341229311e-02 1.460923853072519374e-01 7.801611410884874420e-01
4.992802063116889150e-02 2.280290047847515975e-02 1.540768778637231495e-01 7.731922010266327749e-01
5.104913759839610488e-02 2.229713141959737896e-02 1.625270652638286795e-01 7.641266657181778887e-01
5.295593788570529536e-02 2.238783502947129869e-02 1.722876984747789275e-01 7.523685286100444403e-01
5.407485589282032268e-02 2.282467075693230679e-02 1.838126657925722440e-01 7.392878075576754249e-01
5.203102435854484870e-02 2.308685982380964327e-02 1.963852519930456841e-01 7.284968638245995498e-01
4.590621909912623311e-02 2.244643079702638919e-02 2.080273066348751199e-01 7.236200434689724625e-01
3.708746470237962028e-02 2.021977242768960639e-02 2.168131933312389681e-01 7.258795695386917046e-01
2.784302375638514349e-02 1.672301241479491954e-02 2.235096386537275270e-01 7.319243251750922052e-01
2.015912519371102288e-02 1.309112988391096175e-02 2.339244746466322966e-01 7.328252702757459547e-01
1.464234984146198411e-02 9.961876272769176754e-03 2.540634151752678149e-01 7.213323587105011647e-01
1.092920604449254367e-02 7.518595378731433680e-03 2.827787428354396337e-01 6.987734557413362024e-01
7.728796890447655298e-03 5.633435082976991602e-03 3.142201356286736247e-01 6.724176323979016434e-01
5.985746807324068830e-03 4.224372326062833527e-03 3.446091236747164666e-01 6.451807571918966033e-01
4.926293841811645556e-03 3.225737078144731360e-03 3.738553823949801180e-01 6.179925866850630722e-01
4.343740814447465647e-03 2.524459286748534804e-03 3.988533410815630065e-01 5.942784588172412841e-01
4.076441083933136575e-03 2.008794240384446234e-03 4.125811209705615989e-01 5.813336437051207506e-01
4.024018312620936816e-03 1.635859646147106447e-03 4.115892434804002686e-01 5.827508785608316311e-01
4.075780391189349344e-03 1.380640747602553250e-03 3.974794818617251591e-01 5.970640969994833736e-01
4.104556488721979209e-03 1.210419555813461567e-03 3.720003235353745996e-01 6.226847004200899427e-01
4.014276721631326525e-03 1.090597734567386092e-03 3.358734511022571367e-01 6.590216744415443584e-01
3.777425111967326089e-03 9.961826954233146073e-04 2.934540216136463098e-01 7.017723705789629118e-01
3.462873878394634800e-03 9.334790954432744571e-04 2.560996520329627546e-01 7.395039949931995205e-01
3.741702563089091375e-03 9.848143703268255004e-04 2.344404635979392970e-01 7.608330194686444559e-01
3.476336848051144509e-03 9.965042336058799188e-04 2.286946360076989315e-01 7.668325229106441876e-01
3.361626522803886491e-03 1.074963204227482108e-03 2.297098665912006843e-01 7.658535436817678344e-01
2.780459852300230274e-03 1.188552336590179177e-03 2.291248613069249984e-01 7.669061265041849929e-01
2.946061636497845568e-03 1.505886973263079187e-03 2.240747898091914048e-01 7.714732615810478977e-01
3.166323818331621184e-03 1.939052049324229950e-03 2.166109728801911549e-01 7.782836512521530414e-01
3.473106434500055836e-03 2.523307419253186228e-03 2.122454446165374375e-01 7.817581415297093494e-01
4.001885682830558753e-03 3.390796254562590366e-03 2.172419207570014110e-01 7.753653973056054971e-01
4.924223599218294049e-03 4.749412735843683460e-03 2.341418223477365890e-01 7.561845413172013641e-01
6.344342264605815768e-03 6.744537234189500359e-03 2.615531501432356021e-01 7.253579703579691174e-01
8.213955039138735870e-03 9.256128132356681790e-03 2.951199393591600884e-01 6.874099774693447351e-01
1.038802175481165317e-02 1.190957000511458364e-02 3.304282775539245098e-01 6.472741306861493626e-01
1.338977884291449143e-02 1.440715947306366214e-02 3.658770454271753625e-01 6.063260162568463452e-01
1.329773939765702684e-01 4.578441560849935699e-02 6.269234702551357286e-01 1.943147201597945628e-01
5.374906122980770140e-02 3.798750613230876538e-02 3.493760739250298397e-02 8.733258252453803827e-01
5.422337911962975265e-02 3.739516066743771988e-02 2.962195493516227643e-02 8.787595052777705806e-01
5.607423657641085607e-02 3.718180697826840159e-02 2.476184355923110106e-02 8.819821128860891868e-01
5.847671482449724734e-02 3.635251550489167899e-02 2.071704458981967270e-02 8.844537250807912310e-01
6.004153387705678940e-02 3.400363170777839089e-02 1.780961146719495236e-02 8.881452229479698257e-01
5.915902833302041225e-02 3.028790655315591329e-02 1.657511982535908590e-02 8.939779452884646371e-01
5.707611779768977101e-02 2.635642543678192243e-02 1.571936201963460358e-02 9.008480947458935573e-01
5.397947087087464485e-02 2.376664390684379152e-02 1.569575778460075705e-02 9.065581274376807164e-01
5.124324199192967222e-02 2.308418214090382156e-02 1.634167627895522293e-02 9.093308995882114498e-01
5.036130440124502589e-02 2.463922198346865655e-02 1.693407031229225354e-02 9.080654033029941230e-01
5.011778565585219003e-02 2.793993912680278399e-02 1.859546701729592605e-02 9.033468082000490895e-01
4.987624252064305763e-02 3.374424179219422809e-02 2.074601911392875975e-02 8.956334965732338782e-01
4.941671684792506986e-02 4.371759665468866185e-02 2.368837842521713186e-02 8.831773080721694313e-01
4.905723997104771694e-02 6.111931429303413960e-02 2.795323535183658059e-02 8.618702103840814033e-01
4.854143510029630681e-02 8.968357081336215952e-02 3.349755986220259718e-02 8.282774342241386867e-01
4.754643854592589119e-02 1.332135259364722046e-01 3.965589595761757902e-02 7.795841395599842905e-01
4.609350883606591620e-02 1.945923747009716542e-01 4.528122937949356774e-02 7.140328870834690145e-01
4.443321652351164136e-02 2.712824607726039283e-01 4.896479783358123616e-02 6.353195248703032982e-01
4.252973045758225851e-02 3.540020597423670368e-01 4.972031594481834960e-02 5.537478938552324870e-01
4.006972518565565106e-02 4.315539601733437425e-01 4.713333183166113632e-02 4.812429828093398587e-01
3.713554180057526688e-02 4.918971370730945147e-01 4.156090488491799573e-02 4.294064162414122920e-01
3.432928424585326294e-02 5.268676260489422170e-01 3.448647470442200297e-02 4.043166150007825310e-01
3.228153744861023827e-02 5.391836409727525092e-01 2.780601931452040057e-02 4.007288022641165015e-01
3.106714086015235909e-02 5.404779840767098831e-01 2.289884273498311168e-02 4.055560323281547919e-01
3.136288941849500050e-02 5.447005300853762222e-01 2.054979334091353374e-02 4.033867871552150874e-01
3.233714110674531378e-02 5.612903447827216619e-01 2.036822916730316943e-02 3.860042849432298029e-01
3.540504640334004444e-02 5.870254890983076512e-01 2.212502117068135959e-02 3.554444433276712778e-01
3.966094123232817570e-02 6.148488643865464010e-01 2.423145616995329640e-02 3.212587382111722900e-01
4.548121031356405775e-02 6.424636065214271996e-01 2.539908282098484946e-02 2.866561003440239452e-01
5.196744773622809233e-02 6.728822170846534556e-01 2.513440308382792684e-02 2.500159320952903830e-01
5.779839451213941715e-02 7.055934856419320278e-01 2.362451183159068602e-02 2.129836080143376054e-01
6.224550524519345540e-02 7.367337690981621279e-01 2.136514130682377541e-02 1.796555843498206795e-01
6.535804652026898365e-02 7.631783457944836258e-01 1.896774869736659805e-02 1.524958589878806503e-01
6.727152106735180548e-02 7.838838105261838329e-01 1.693338630956206514e-02 1.319112820969020328e-01
6.821179346580773240e-02 7.992999221100847151e-01 1.556897480688834885e-02 1.169193096172190666e-01
6.757293434617081540e-02 8.118797404719206856e-01 1.479088977401880542e-02 1.057564354078897317e-01
6.498643290704188280e-02 8.238372288686293121e-01 1.432359116634745848e-02 9.685274705798138650e-02
6.082959681036902849e-02 8.363444912641547768e-01 1.376955499685052382e-02 8.905635692862572117e-02
5.578184595185514683e-02 8.500103100400676626e-01 1.279637947153818879e-02 8.141146453653884396e-02
5.061474246427652424e-02 8.640654045653830551e-01 1.150797360657498242e-02 7.381187936376516767e-02
4.634123692483032436e-02 8.760830531016770006e-01 1.039295197528751491e-02 6.718275799820530580e-02
4.361595521832203198e-02 8.842953550089865944e-01 9.808853277170794319e-03 6.227983649552069206e-02
4.286380421690796222e-02 8.870064296597393039e-01 1.001281292169510159e-02 6.011695320165769824e-02
4.400285937635815131e-02 8.838763340675613867e-01 1.106491852126055553e-02 6.105588803482016325e-02
4.667907617273840681e-02 8.760408102497362348e-01 1.280755627554767268e-02 6.447255730197767876e-02
5.135486660504298695e-02 8.631004427907728038e-01 1.523087955342609413e-02 7.031381105075791560e-02
5.899340978586438411e-02 8.435653486153498193e-01 1.843222069014250480e-02 7.900902090864296567e-02
7.061980703744037691e-02 8.163717344476352222e-01 2.243992290328973918e-02 9.056853561163463739e-02
8.767627658363323639e-02 7.792910159936101699e-01 2.743984702405812687e-02 1.055928603986986819e-01
1.115558885916715648e-01 7.299804752661934737e-01 3.353289954680466894e-02 1.249307365953307297e-01
1.426345153307549962e-01 6.687079309278193273e-01 4.047839801703631557e-02 1.481791557243892221e-01
1.788395686611300162e-01 5.990960953401973654e-01 4.796537886651162930e-02 1.740989571321608920e-01
2.147061898435854155e-01 5.266572861156473273e-01 5.647445884720463105e-02 2.021620651935626400e-01
2.453674411029261870e-01 4.531759295149190292e-01 6.836595350372878799e-02 2.330906758784257737e-01
2.691042686021284935e-01 3.785770692828862027e-01 8.639669304725061671e-02 2.659219690677346870e-01
2.850527756718981287e-01 3.075023654388562289e-01 1.111309115223591132e-01 2.963139473668867097e-01
2.876461632056962481e-01 2.490517726164144796e-01 1.422790897385661502e-01 3.210229744393230389e-01
2.809297138694515916e-01 2.052299675714218119e-01 1.733689997952329309e-01 3.404713187638936378e-01
2.704457182334310539e-01 1.717291243240635090e-01 1.967958418124794995e-01 3.610293156300260486e-01
2.578650531793203471e-01 1.465696841770500192e-01 2.059812859557418885e-01 3.895839766878873567e-01
2.434588872594543874e-01 1.272961048482747493e-01 1.994398691373558963e-01 4.298051387549148838e-01
2.273244978531427096e-01 1.128657990666311894e-01 1.821988307047431033e-01 4.776108723754829422e-01
2.101700675226090276e-01 1.033431881524475571e-01 1.627967348905804690e-01 5.236900094343630574e-01
1.945731754162624283e-01 9.990988111149887163e-02 1.470454771267595551e-01 5.584714663454788397e-01
1.827167786409975569e-01 1.038385633041163381e-01 1.372046401725296461e-01 5.762400178823564589e-01
1.737860916676537970e-01 1.146551846185155654e-01 1.329833065437584227e-01 5.785754171700722148e-01
1.655651112442112216e-01 1.302832966495125477e-01 1.329112118354471017e-01 5.712403802708289069e-01
1.563881812146127592e-01 1.480688756248114968e-01 1.355952616703971214e-01 5.599476814901789279e-01
1.468942231480498406e-01 1.656777839593021884e-01 1.398337759754836040e-01 5.475942169171645890e-01
1.387762635537344302e-01 1.815181227534727049e-01 1.456425291096543895e-01 5.340630845831388918e-01
1.318102039486747368e-01 1.945801981936882974e-01 1.540359528239228781e-01 5.195736450337140599e-01
1.032287719467132880e-01 8.219110245613681087e-01 5.846359929736790612e-02 1.639660419455074569e-02
1.046947596301618655e-01 7.904753306142494607e-01 8.515183648610211153e-02 1.967807326948689886e-02
1.059172199237959217e-01 7.568703657829338738e-01 1.145766358512424199e-01 2.263577844202783323e-02
1.053997014710909147e-01 7.265486287941954613e-01 1.433375736148662372e-01 2.471409611984736951e-02
1.037382369829906309e-01 7.003872902182890492e-01 1.699641880895461366e-01 2.591028470917437765e-02
1.017979134607185920e-01 6.746751247943242324e-01 1.964011977547518162e-01 2.712576399020528300e-02
1.015929393596061575e-01 6.463234058217919298e-01 2.227791767859156891e-01 2.930447803268595650e-02
1.035589735163036512e-01 6.167837728763537752e-01 2.469567394220951728e-01 3.270051418524710929e-02
1.082274469211674806e-01 5.906756401978725535e-01 2.642327905252457310e-01 3.686412235571462359e-02
1.161583434440565249e-01 5.723367998216932762e-01 2.709094909650806571e-01 4.059536576916950024e-02
1.275003726032693518e-01 5.630865810539257277e-01 2.670842383304789514e-01 4.232880801232567075e-02
1.414866964664339422e-01 5.636535699562061907e-01 2.542542588011540428e-01 4.060547477620592843e-02
1.564727516427016907e-01 5.749189701880021985e-01 2.335267376146714369e-01 3.508154055462450738e-02
1.701071909998463916e-01 5.936577966571041642e-01 2.080630488783298815e-01 2.817196346471965984e-02
1.811326981108191403e-01 6.151395786134057353e-01 1.815532025846806896e-01 2.217452069109458399e-02
1.893010267112294198e-01 6.385097070157298438e-01 1.547761104940678090e-01 1.741315577897289968e-02
1.942240459671616404e-01 6.649071333399426686e-01 1.273642758513559570e-01 1.350454484153979645e-02
1.937191573640885400e-01 6.957776628994132295e-01 1.002699598749251658e-01 1.023321986157306636e-02
1.871526085086653857e-01 7.294353101927137928e-01 7.581532818113027872e-02 7.596753117490748393e-03
1.777927158100731375e-01 7.601207091971496910e-01 5.646102640759984720e-02 5.625548585177156044e-03
1.651587286640852081e-01 7.889916659629963025e-01 4.171804935280446630e-02 4.131556020113879082e-03
1.540507803708523193e-01 8.113751388966188305e-01 3.155589594512182156e-02 3.018184787407109278e-03
1.462474647262008987e-01 8.267610748887926908e-01 2.474780364095578375e-02 2.243656744050564339e-03
2.678762333087297831e-01 7.088252866740530900e-01 5.635435420707333824e-03 1.766304459650977488e-02
2.551280691350649721e-01 7.230586862512304869e-01 5.028671916788376300e-03 1.678457269691657414e-02
2.300103471312497927e-01 7.506733413650681364e-01 4.549054553360049914e-03 1.476725695032213813e-02
1.996084465940402008e-01 7.831821658015062360e-01 4.481965428826871663e-03 1.272742217562675658e-02
1.700351630024514449e-01 8.142312296802357574e-01 4.823187290705137527e-03 1.091042002660776167e-02
1.462135409548157849e-01 8.388186817620101321e-01 5.512194101799428037e-03 9.455583181374557777e-03
1.319155184317097884e-01 8.530294972013449106e-01 6.533683571992161300e-03 8.521300794953147462e-03
1.275073107182982113e-01 8.562987785138495012e-01 8.084732123501248147e-03 8.109178644350964818e-03
1.308942735627049714e-01 8.508670464900059960e-01 1.032753911043913717e-02 7.911140836849709854e-03
1.396959839108220247e-01 8.400138090517929035e-01 1.278662008736147770e-02 7.503586950023493490e-03
1.492164264566150922e-01 8.301860154126571301e-01 1.405803974860106095e-02 6.539518382127180833e-03
1.541038447585928728e-01 8.277216924743635573e-01 1.315912468459200582e-02 5.015338082451389727e-03
1.528961102228074964e-01 8.329447793627996477e-01 1.074995348013937924e-02 3.409156934253474054e-03
1.463993571408843675e-01 8.435815628469668370e-01 7.913020389064133117e-03 2.106059623084667598e-03
1.367125815320806292e-01 8.565145391846611389e-01 5.504436591006390232e-03 1.268442692251978230e-03
1.272233584298433362e-01 8.680350523203480551e-01 3.896707241517637609e-03 8.448820082911079592e-04
1.206669479289646102e-01 8.757182145500976844e-01 2.942332645658082314e-03 6.725048752795194200e-04
1.168680723972933405e-01 8.802512423704633715e-01 2.283918232828556581e-03 5.967669994146662443e-04
1.135869151288148721e-01 8.841741476608344641e-01 1.710718572498547444e-03 5.282186378519441181e-04
1.074937069605195333e-01 8.906318833656127198e-01 1.400071231807495202e-03 4.743384420602484710e-04
9.948617145047500276e-02 8.990396659759093412e-01 1.054666227111224685e-03 4.194963465043760782e-04
8.669949577982624667e-02 9.121089588004943627e-01 8.116128335219292876e-04 3.799325861575252213e-04
6.976592731428542249e-02 9.292461235292206467e-01 6.378110987931691301e-04 3.501380577005925687e-04
5.240470915841545507e-02 9.467376093802311043e-01 5.259584107064803078e-04 3.317230506468099019e-04
3.861371797633453284e-02 9.605607053621179059e-01 4.884607769685791242e-04 3.371158845788467225e-04
3.056074740130967915e-02 9.684828053340733822e-01 5.544806996415617981e-04 4.019665649757210666e-04
2.880208418373854731e-02 9.697528370077550530e-01 8.172859398785641428e-04 6.277928686276859020e-04
3.359538872191280418e-02 9.635867501447687999e-01 1.534641617214877515e-03 1.283219516103530728e-03
4.690642057694027756e-02 9.466074282238077231e-01 3.369314152652048543e-03 3.116837046599751741e-03
7.283399071128661417e-02 9.115456970513974300e-01 7.723133442929309631e-03 7.897178794386732967e-03
1.162713762149358843e-01 8.476035689778290694e-01 1.703163592050363842e-02 1.909341888673135937e-02
1.762364117225010129e-01 7.449025428092119760e-01 3.544760413098770047e-02 4.341344133729890115e-02
2.354641728243337950e-01 6.066500768308199509e-01 6.541305687553262971e-02 9.247269346931354106e-02
2.603245753043547106e-01 4.597490017169377774e-01 1.013730917489173433e-01 1.785533312297903352e-01
2.363055198309694516e-01 3.341164749014529645e-01 1.283598868428676432e-01 3.012181184247099131e-01
1.864978921199136330e-01 2.387076202167450478e-01 1.367862663178527338e-01 4.380082213454885021e-01
1.400539981958283664e-01 1.705294539933903952e-01 1.311254271721284392e-01 5.582911206386528269e-01
1.078378614980618211e-01 1.248078779536766908e-01 1.221085105985137559e-01 6.452457499497477045e-01
8.820613066647273182e-02 9.573436767362385191e-02 1.161558359493111287e-01 6.999036657105920378e-01
7.658493242282994606e-02 7.780247582709672038e-02 1.142712305709973758e-01 7.313413611790758884e-01
6.870751731205970714e-02 6.633418722809493462e-02 1.157136583281666437e-01 7.492446371316787701e-01
6.165792429904389665e-02 5.823101932118737722e-02 1.197690662058471106e-01 7.603419901739215669e-01
5.485053045242308661e-02 5.233987540659233717e-02 1.271340398356386736e-01 7.656755543053459512e-01
4.941068131100766897e-02 4.896528415204034340e-02 1.401712842727593222e-01 7.614527502641924572e-01
4.635977749055708586e-02 4.873305327830677880e-02 1.609879508727130593e-01 7.439192183584231177e-01
4.584907910305764667e-02 5.166302391679753608e-02 1.886002469571924078e-01 7.138876500229524025e-01
4.742659287878227270e-02 5.683443602343545703e-02 2.177724280796830281e-01 6.779665430180989993e-01
5.088507110045234483e-02 6.229759343479553818e-02 2.430108097369406139e-01 6.438065257278114961e-01
5.365867862458464227e-02 6.707078685790873740e-02 2.646485031727161541e-01 6.146220313447899875e-01
5.518806927970194148e-02 7.025134525324316925e-02 2.864993505414981101e-01 5.880612349255561755e-01
5.524239298688858602e-02 7.335344272211666294e-02 3.099636179301624717e-01 5.614405463608325153e-01
5.448274698613606026e-02 7.888295479551031553e-02 3.310001978068866091e-01 5.356341004114667514e-01
5.341881560956059094e-02 8.713761878269334071e-02 3.444674358079681808e-01 5.149761297997776932e-01
5.212414019717576813e-02 9.655056558144373136e-02 3.502214862102918658e-01 5.011038080110886694e-01
5.022154842346093773e-02 1.056520237955395208e-01 3.528948136018300596e-01 4.912316141791693846e-01
4.742683959152696471e-02 1.135065225156990376e-01 3.576872343566809276e-01 4.813794035360933199e-01
4.406174811817271247e-02 1.188634935659330094e-01 3.672074631852618176e-01 4.698672951306324674e-01
4.074701291660278585e-02 1.211084168737259076e-01 3.806840203590399208e-01 4.574605498506317813e-01
3.800143193282208565e-02 1.214386616210442332e-01 3.957356757698230476e-01 4.448242306763108833e-01
3.602603394198167913e-02 1.204930916684500697e-01 4.110114927264898466e-01 4.324693816630783005e-01
3.471233042023810778e-02 1.175591181451415140e-01 4.260442654166393117e-01 4.216842860179810248e-01
3.359149251239516853e-02 1.119993628975231581e-01 4.411324035173272429e-01 4.132767410727543056e-01
3.212594305767652036e-02 1.035221572239928139e-01 4.586247434756735020e-01 4.057271562426570943e-01
3.046758115945976883e-02 9.252074965494494485e-02 4.824711952200685383e-01 3.945404739655267723e-01
2.864954254975791634e-02 8.109556040423451795e-02 5.158938435694492286e-01 3.743610534765584030e-01
2.829892917243147579e-02 7.163856771264268120e-02 5.546020182811414179e-01 3.454604848337843870e-01
2.935386600025341117e-02 6.619730804640210076e-02 5.888376849406573577e-01 3.156111410126871131e-01
3.272400329474746405e-02 6.569626794835702055e-02 6.083382975591670183e-01 2.932414311977286636e-01
3.907323196339710508e-02 7.041133382294086085e-02 6.098770672435186446e-01 2.806383669701437711e-01
4.824634912737501419e-02 7.965277386186946085e-02 5.986503170517186723e-01 2.734505599590366653e-01
5.983670095416034063e-02 9.245959739274468847e-02 5.803187829540511489e-01 2.673849186990437388e-01
7.369603682617451024e-02 1.088393550821463440e-01 5.545717906958704813e-01 2.628928173958084979e-01
9.010684629003115620e-02 1.305662074817344753e-01 5.153712551165452460e-01 2.639556911116890947e-01
1.098308637919819253e-01 1.598605551727105556e-01 4.583856515652101615e-01 2.719229294700969968e-01
1.340691397505507088e-01 1.986933629478241092e-01 3.856271782629506761e-01 2.816103190386748945e-01
1.617550480656061718e-01 2.448322595484904163e-01 3.070847938935044041e-01 2.863278984923990356e-01
1.931406729030604452e-01 2.872241979112468702e-01 2.360039120730257900e-01 2.836312171126669779e-01
2.204386862100820021e-01 3.208605707000831142e-01 1.841273765757534264e-01 2.745733665140815960e-01
2.426787837427084871e-01 3.471236677280603589e-01 1.492880290577895952e-01 2.609095194714415311e-01
2.570661965926885895e-01 3.709485200614676126e-01 1.252543491827235733e-01 2.467309341631200859e-01
2.662401384537024795e-01 3.884285911658624801e-01 1.086730175994004288e-01 2.366582527810346392e-01
2.748803938940630465e-01 3.946999951144750107e-01 9.759006331286861069e-02 2.328295476785933182e-01
2.850604852403083589e-01 3.916136530299484941e-01 8.981346457503520953e-02 2.335123971547078681e-01
2.971572598119975317e-01 3.850899963532319337e-01 8.317993505636395168e-02 2.345728087784067772e-01
3.124232129704271888e-01 3.795227684027651094e-01 7.628206266572687411e-02 2.317719559610807445e-01
3.340106088125106565e-01 3.763628730451255566e-01 6.857337275719856129e-02 2.210531453851647954e-01
3.649658731266900435e-01 3.742658934767693069e-01 6.036584605007660337e-02 2.004023873464638450e-01
4.053617332021152153e-01 3.700409534732424510e-01 5.254105712154305552e-02 1.720562562030990561e-01
4.472267946206636702e-01 3.635577177076042554e-01 4.643234812719022886e-02 1.427831395445414153e-01
