1.013321820861018234e-02 2.807731325692391184e-04 4.310344598114373982e-02 9.464825626776769418e-01
6.039473344347887074e-02 6.477211285489280213e-02 1.097657404907014661e-02 8.638565796525585760e-01
5.836636308893412145e-02 5.654833580528972892e-02 1.044309449885646134e-02 8.746422066069196033e-01
5.891565053956521192e-02 5.012452818394181470e-02 1.067380250123352650e-02 8.802860187752590271e-01
6.161326935529039955e-02 4.719035431238553790e-02 1.158808092677801257e-02 8.796082954055461922e-01
6.699762799299946447e-02 4.812939018306432865e-02 1.320408376277651917e-02 8.716688980611596582e-01
7.698671594742884094e-02 5.320415106645344505e-02 1.596408130264953887e-02 8.538450516834682480e-01
9.385985965610114945e-02 6.274368598807412989e-02 2.058628372235054085e-02 8.228101706334740584e-01
1.192812552158056122e-01 7.705599266296993266e-02 2.797378801933174397e-02 7.756889641018926973e-01
1.529005343023650543e-01 9.503292070476405951e-02 3.903088021920774614e-02 7.130356647736632025e-01
1.928879626312874906e-01 1.133961268382182724e-01 5.423603391652948719e-02 6.394798766139647705e-01
2.381702318201174839e-01 1.285908185270308313e-01 7.272683216550158980e-02 5.605121174873498591e-01
2.866262710230688127e-01 1.385240924357846737e-01 9.204772975836489346e-02 4.828019067827816757e-01
3.329701882300893923e-01 1.420026279480614551e-01 1.100573070039088108e-01 4.149698768179403419e-01
3.711232240366810764e-01 1.376374030569959828e-01 1.270468022517064199e-01 3.641925706546167429e-01
3.968101118312208908e-01 1.251140653592208163e-01 1.446920982303503966e-01 3.333837245792078408e-01
4.071085643107972829e-01 1.071457846916228501e-01 1.634499867024650221e-01 3.222956642951149142e-01
3.990109724425680571e-01 8.937417937046206184e-02 1.827862648934447387e-01 3.288285832935253228e-01
3.752461284673229147e-01 7.662146112606194048e-02 2.021001347449849495e-01 3.460322756616299733e-01
3.449446149010863549e-01 7.059491012749392891e-02 2.216841971034914094e-01 3.627762778679283207e-01
3.163990490980785886e-01 7.087247437847686571e-02 2.434701656316790030e-01 3.692583108917650847e-01
2.937793545874400336e-01 7.587278837433585055e-02 2.687664888584864742e-01 3.615813681797374612e-01
2.773441526508379495e-01 8.372775634244750131e-02 2.970272782488941887e-01 3.419008127578204159e-01
2.662538778243773718e-01 9.322320046345095035e-02 3.258370008582230359e-01 3.146859208539486419e-01
2.599466907540888272e-01 1.043707792917138166e-01 3.509562636697200477e-01 2.847262662844773362e-01
2.563686423928608904e-01 1.178539116877750509e-01 3.698147458713640368e-01 2.559627000480000358e-01
2.538281050641021941e-01 1.343212603043709430e-01 3.816145565324103317e-01 2.302360780991168088e-01
2.497253805521032211e-01 1.536672199852011367e-01 3.885564894436445704e-01 2.080509100190511829e-01
2.455299796415730818e-01 1.748847416223114626e-01 3.900386566939981203e-01 1.895466220421173908e-01
2.425702526169804807e-01 1.963260255128513043e-01 3.865137722054351466e-01 1.745899496647330684e-01
2.418676582804670516e-01 2.168939857345167088e-01 3.787264085004279357e-01 1.625119474845881096e-01
2.441111713335804290e-01 2.373875872197414305e-01 3.666141553875693626e-01 1.518870860591086946e-01
2.492011198044574438e-01 2.603099066346161727e-01 3.494963616199904255e-01 1.409926119409360412e-01
2.550916318604476429e-01 2.876739685579861594e-01 3.279829613801317767e-01 1.292514382014349206e-01
2.588773911250604187e-01 3.177818893317549964e-01 3.057788791018018482e-01 1.175618404413831669e-01
2.615363772606830173e-01 3.418500656878624144e-01 2.886055122818507179e-01 1.080080447696043916e-01
2.677675953255524988e-01 3.497379818580341748e-01 2.800768742571589920e-01 1.024175485592543067e-01
2.807540717346209691e-01 3.371214854347018841e-01 2.805476354505711534e-01 1.015768073801058408e-01
3.005806208947148783e-01 3.078726354712664759e-01 2.868420862348941003e-01 1.047046573991241847e-01
3.265401048149630947e-01 2.709066824430084730e-01 2.926426233941790134e-01 1.099105893478490997e-01
3.579748874053419461e-01 2.337390849851953833e-01 2.920478349944451435e-01 1.162381926150174299e-01
3.915965259161426903e-01 2.008102504797450727e-01 2.826691929825647098e-01 1.249240306215473745e-01
4.212007598812397280e-01 1.746298324487972620e-01 2.664897660520111899e-01 1.376796416179516258e-01
4.427751508143805692e-01 1.551000563580633429e-01 2.466516907954205418e-01 1.554731020321356849e-01
4.536246261272325331e-01 1.407724964926237998e-01 2.265059500092066469e-01 1.790969273709366039e-01
4.583924980200140276e-01 1.267373047762296312e-01 2.065650041393587710e-01 2.083051930643974037e-01
4.546983137941217334e-01 1.137686163039378778e-01 1.896077781379865435e-01 2.419252917639540534e-01
4.481931811751727057e-01 1.009608788027609172e-01 1.728717692473379641e-01 2.779741707747284130e-01
4.408447166874251977e-01 8.857053849331750217e-02 1.546037924056132273e-01 3.159809524136440451e-01
4.301847732902628341e-01 7.690848481386632074e-02 1.363160715227700603e-01 3.565906703731007155e-01
4.136739863512738924e-01 6.664156649316026193e-02 1.205886904376680807e-01 3.990957567178977650e-01
3.929161159493929634e-01 5.807308271893620727e-02 1.081414473910872337e-01 4.408693539405839634e-01
3.710408105655541577e-01 5.077563246077852060e-02 9.759959514917795897e-02 4.805839618244892031e-01
3.491967741047635743e-01 4.408650485826588750e-02 8.816127584711520859e-02 5.185554451898551909e-01
3.283405000179209221e-01 3.805961633864368698e-02 8.179744392937317310e-02 5.518024397140621762e-01
3.123406698131296899e-01 3.316323362885511411e-02 8.053320937235174115e-02 5.739628871856636838e-01
3.029517379148200518e-01 2.914849658823892922e-02 8.289846524773804293e-02 5.850013002492031600e-01
2.947041956747337710e-01 2.557513182353233355e-02 8.588049457097854389e-02 5.938401779307553863e-01
2.797235477941594217e-01 2.259097593325193332e-02 8.884049923373045499e-02 6.088449770388585369e-01
2.564452603781934292e-01 2.024352820730529121e-02 9.229845585432956689e-02 6.310127555601714455e-01
2.290424392158756373e-01 1.829318370091092757e-02 9.610205121118511884e-02 6.565623258720282296e-01
2.019207726196024233e-01 1.661278191309781271e-02 1.003506359176916246e-01 6.811158095496078202e-01
1.775331207675005241e-01 1.523992139269753771e-02 1.055571487988994084e-01 7.016698090409028143e-01
1.569185575273368549e-01 1.406635310228525684e-02 1.107822595975416907e-01 7.182328297728365341e-01
1.403480293014330860e-01 1.286696164266493136e-02 1.143466388292079666e-01 7.324383702266942242e-01
1.275460270695963350e-01 1.161862912915401225e-02 1.174267745709095256e-01 7.434085692303398218e-01
1.178473540255319529e-01 1.038470626524152542e-02 1.216404575433511770e-01 7.501274821658754366e-01
1.111253555930454412e-01 9.281847430562005508e-03 1.263687822535176919e-01 7.532240147228748128e-01
1.073312693568999748e-01 8.448775882610134666e-03 1.306219649975821628e-01 7.535979897629077051e-01
1.058295950593441948e-01 7.846737153766660325e-03 1.342558973825839497e-01 7.520677704043055023e-01
1.072304880757249251e-01 7.355258950278720231e-03 1.346868105915970948e-01 7.507274423823995235e-01
1.128399008883696902e-01 7.039523080204824340e-03 1.292806260315453870e-01 7.508399499998801296e-01
6.186690286164026054e-02 4.748106553904741720e-03 8.656342115584850783e-01 6.775077902597019530e-02
4.956139357597406092e-01 3.330485228683943699e-02 1.141343432855642520e-01 3.569468686678558544e-01
4.036014052506485261e-01 2.752110969909552993e-02 9.829299398598402571e-02 4.705844910642719148e-01
3.381873105627822840e-01 2.390069588866250080e-02 8.686747433547960251e-02 5.510445192130752901e-01
3.083401242339107728e-01 2.332183210868025991e-02 8.505395798305037669e-02 5.832840856743586322e-01
3.126121446863573961e-01 2.615954358140530969e-02 9.354121212484485526e-02 5.676870996073924980e-01
3.425048618336322126e-01 3.250983422355370467e-02 1.093661859296376909e-01 5.156191180131766139e-01
3.873838582830353428e-01 4.195750554429183293e-02 1.271950038365771418e-01 4.434636323360957033e-01
4.392249034315921508e-01 5.313658134136465400e-02 1.425469750116205025e-01 3.650915402154224498e-01
4.906722502376533734e-01 6.398178972284294941e-02 1.530778572114031566e-01 2.922681028281007842e-01
5.355155419353252455e-01 7.235428492409651247e-02 1.586539832848057885e-01 2.334761898557725368e-01
5.719838251489673953e-01 7.677070614123387982e-02 1.615087542220731698e-01 1.897367144877253886e-01
6.017648426607332679e-01 7.726781432228510549e-02 1.641006742562640119e-01 1.568666687607178922e-01
6.285076246642138376e-01 7.505918404696694524e-02 1.662801686257611988e-01 1.301530226630578657e-01
6.640330791729889270e-01 6.923087624142795771e-02 1.600010288497589195e-01 1.067350157358240015e-01
7.060444776268095524e-01 6.060605652473304711e-02 1.457813812443695123e-01 8.756808460408789518e-02
7.474136021577996170e-01 5.116368850280901548e-02 1.276974265819243448e-01 7.372528275746691173e-02
7.865697349842979413e-01 4.216872675769552797e-02 1.077857670369670590e-01 6.347577122103957581e-02
8.262925283804746224e-01 3.402547924230199528e-02 8.551034990437478278e-02 5.417164247284839140e-02
8.660188363695532354e-01 2.700693628337191843e-02 6.206848419110042037e-02 4.490574315597433558e-02
9.004143352111527721e-01 2.144587113735270043e-02 4.125566865048105325e-02 3.688412500101353325e-02
9.257278731364512181e-01 1.723295089433590430e-02 2.581539187133763055e-02 3.122378409787514644e-02
9.422072694303303964e-01 1.406946555983103891e-02 1.584943126583132286e-02 2.787383374400714819e-02
9.513494499068797516e-01 1.193881932178146241e-02 1.005167339040782641e-02 2.666005738093128394e-02
9.548258864976749694e-01 1.084802315427254964e-02 6.861035790646406556e-03 2.746505455740612042e-02
9.538378965011313770e-01 1.073321356080216699e-02 5.133103092039609412e-03 3.029578684602713887e-02
9.484441047072633690e-01 1.170747448487833089e-02 4.233362090332716196e-03 3.561505871752562724e-02
9.373689109705369837e-01 1.413006872024888914e-02 3.854499340431315028e-03 4.464652096878313214e-02
9.190419847608363169e-01 1.845475393235297690e-02 3.847509795000470228e-03 5.865575151181037783e-02
8.936978638792572038e-01 2.504966887836171385e-02 4.099638343594572132e-03 7.715282889878627426e-02
8.656911947512474503e-01 3.340937891206331029e-02 4.420948774033963725e-03 9.647847756265523489e-02
8.426265103860421934e-01 4.171100858515602167e-02 4.577617996234444736e-03 1.110848630325670522e-01
8.296918753337757524e-01 4.841343268314600434e-02 4.511647235635136977e-03 1.173830447474430994e-01
8.283329152594706146e-01 5.318560988549120294e-02 4.263965734087511901e-03 1.142175091209506471e-01
8.376998865018429052e-01 5.613651956959999495e-02 3.876727383223183172e-03 1.022868665453338793e-01
8.555191086787024002e-01 5.623301515821307883e-02 3.398131739593448098e-03 8.484974442349087209e-02
8.774670531191517409e-01 5.164519816737265373e-02 2.930516857438549179e-03 6.795723185603692873e-02
8.978726465296785753e-01 4.280663627669554355e-02 2.619961960453221807e-03 5.670075523317275046e-02
9.124104916130535425e-01 3.270167768074800502e-02 2.598355664416483746e-03 5.228947504178220462e-02
9.188093570208836214e-01 2.381821422295751084e-02 2.983902008817990257e-03 5.438852674734049458e-02
9.153425867760561774e-01 1.721001930791523152e-02 4.023860991924622932e-03 6.342353292410436716e-02
8.989858852676946288e-01 1.296605128288390654e-02 6.369625882864158803e-03 8.167843756655732146e-02
8.654509931915692622e-01 1.056594351305160592e-02 1.144522714978110992e-02 1.125378361455981469e-01
8.082050527588197086e-01 9.352720596458120872e-03 2.221831451160034832e-02 1.602239121331218152e-01
7.167984430553587805e-01 8.876471414424436102e-03 4.527240906278755944e-02 2.290526764674291060e-01
5.851751400743760989e-01 9.189962561369380972e-03 9.181482711183099055e-02 3.138200702524235330e-01
4.337801108218933832e-01 1.008429902088059729e-02 1.656417463387249156e-01 3.904938438185011074e-01
3.038013381045263084e-01 9.580171490096257153e-03 2.610600347679065125e-01 4.255584556374708005e-01
2.126542965796897056e-01 8.192786707303754273e-03 3.745994667907632247e-01 4.045534499222435132e-01
1.518794210416267165e-01 6.853693329924519240e-03 4.971130006445336202e-01 3.441538849839150815e-01
1.132481515864068727e-01 6.006499738294118762e-03 6.068141538650412281e-01 2.739311948102579608e-01
9.136599892825983393e-02 5.674421593212247358e-03 6.892469147091651038e-01 2.137126647693629311e-01
8.077370189949911738e-02 5.701167824332212773e-03 7.468147438491653523e-01 1.667103864270034486e-01
7.993893962369638673e-02 6.027079245314224953e-03 7.828266910349327423e-01 1.312072900960565558e-01
8.431433191216551604e-02 6.402571057055742205e-03 8.055860788550663898e-01 1.036970181757126130e-01
9.246139658146165785e-02 6.808992651337315502e-03 8.190869408952993203e-01 8.164266987190128833e-02
1.028639193559059972e-01 7.345816763585522741e-03 8.255455986738230445e-01 6.424466520668535574e-02
1.128419488341204924e-01 8.116262860301948559e-03 8.281380997800510402e-01 5.090368852552656226e-02
1.207457798081430916e-01 9.388145845376593898e-03 8.284166978832254724e-01 4.144937646325454195e-02
1.295640033905153810e-01 1.169964099612434520e-02 8.226942489523508817e-01 3.604210666100899491e-02
1.440211337310232376e-01 1.556577943452814444e-02 8.064132663524664624e-01 3.399982048198218337e-02
1.680225885145710252e-01 2.127891850462513765e-02 7.766955946320447390e-01 3.400289834875960121e-02
2.047462023293304123e-01 2.927553355835648893e-02 7.309063467016879700e-01 3.507191741062509055e-02
2.544390350277117574e-01 4.005461549271972788e-02 6.693288326849627934e-01 3.617751679460559644e-02
3.145193099239448897e-01 5.390629241134233668e-02 5.950864514357427915e-01 3.648794622897005846e-02
3.810975399508793049e-01 7.071006363981237330e-02 5.122540485864379711e-01 3.593834782287021884e-02
4.489102502507681391e-01 8.932961658195699706e-02 4.268220576548081846e-01 3.493807551246663756e-02
5.103179144608853690e-01 1.076499204917202579e-01 3.480552243520909084e-01 3.397694069530349248e-02
5.556336283510456830e-01 1.249560934800418299e-01 2.857655671062025449e-01 3.364471106271010176e-02
5.805416997963039893e-01 1.414939137929197843e-01 2.432259398106577097e-01 3.473844660011864843e-02
5.856203450008784506e-01 1.580620696739804265e-01 2.185019509383335223e-01 3.781563438680762140e-02
5.760608021537644285e-01 1.746364672953036046e-01 2.065666092634007855e-01 4.273612128753119521e-02
2.673358942631670968e-02 3.986610066524896726e-04 2.769916949636832409e-02 9.451685800706621787e-01
2.985062697674251142e-01 1.064540502975540315e-02 3.514974942907957978e-01 3.393508309120233379e-01
2.821141853625932505e-01 8.137839784088378436e-03 3.026522098031699248e-01 4.070957650501484393e-01
2.557303052482896022e-01 5.980528253987279705e-03 2.504874373919780961e-01 4.878017291057451521e-01
2.198768245038691949e-01 4.392546094532262871e-03 1.979049030199750148e-01 5.778257263816237721e-01
1.743954171702868372e-01 3.187774578478081398e-03 1.555211455219440431e-01 6.668956627292910166e-01
1.314399634528246041e-01 2.397070247118735908e-03 1.240149690002590038e-01 7.421479972997979679e-01
9.800808326341199639e-02 1.915979907495255321e-03 1.027120998145542863e-01 7.973638370145385013e-01
7.469097802700794264e-02 1.636039033714768980e-03 9.001432683159384107e-02 8.336586561076835267e-01
5.987934421794486456e-02 1.524516577244591168e-03 8.494564545932883903e-02 8.536504937454816311e-01
5.121894077896239211e-02 1.588484679201281405e-03 8.731346961253427796e-02 8.598791049293020849e-01
4.641281117142235374e-02 1.826977318008571110e-03 9.645928362676001178e-02 8.553009278838087370e-01
4.445184281089254591e-02 2.254260724910313752e-03 1.106903570665842967e-01 8.426035393976132326e-01
4.454178710307695604e-02 2.844183060154303541e-03 1.262724066609717255e-01 8.263416231757972907e-01
4.597474542350746957e-02 3.514994282012331907e-03 1.385642388509256973e-01 8.119460214435539891e-01
4.851331762027497052e-02 4.206710646542025436e-03 1.450330486215794246e-01 8.022469231116037269e-01
5.128250793580956673e-02 4.873626894696628242e-03 1.464209128295907714e-01 7.974229523399029018e-01
5.343308376459400544e-02 5.567846078846182614e-03 1.456087389808298493e-01 7.953903311757302141e-01
5.484744313980097208e-02 6.327834810501020528e-03 1.440503014550507388e-01 7.947744205946468687e-01
5.581554415138220010e-02 7.087429071369165910e-03 1.405353425309588955e-01 7.965616842462898139e-01
5.667629970714576498e-02 7.716626945849847097e-03 1.328969249313853296e-01 8.027101484156188294e-01
5.653386938147913349e-02 7.990851898920275226e-03 1.208405536337659458e-01 8.146347250858347877e-01
5.413086931017063730e-02 7.905162217664209873e-03 1.063721363531090619e-01 8.315918321190559626e-01
4.951060619611361013e-02 7.757542496408471704e-03 9.155685355963355532e-02 8.511749977478443308e-01
4.370816861612706467e-02 7.735058140248377533e-03 7.672688403600121110e-02 8.718298892076234985e-01
3.827513557069637390e-02 7.910206656788669813e-03 6.224211008040001630e-02 8.915725476921149140e-01
3.473522180430605594e-02 8.502153650280990654e-03 5.044762177442375928e-02 9.063150027709889756e-01
3.396014866454819675e-02 9.826956987773813670e-03 4.410632615771438447e-02 9.121065681899631628e-01
3.614021226082187593e-02 1.199802359989049320e-02 4.465899504611326593e-02 9.072027690931744326e-01
4.031964241155972656e-02 1.447278531603753832e-02 5.233096716050393560e-02 8.928766051118990354e-01
4.475212344303360068e-02 1.615158514462793765e-02 6.659261115229907213e-02 8.725036802600391050e-01
4.862218080451671115e-02 1.648805963435585539e-02 8.579874347057368789e-02 8.490910160905534854e-01
5.163642847174085282e-02 1.574923114799087545e-02 1.076936777285251168e-01 8.249206626517430196e-01
5.338959005769584182e-02 1.448593733409049220e-02 1.317178518598457471e-01 8.004066207483676587e-01
5.370623720321770350e-02 1.318943598314047984e-02 1.576852330018024828e-01 7.754190938118390442e-01
5.229833738300882634e-02 1.206566111827294015e-02 1.841439404239011146e-01 7.514920610748170304e-01
4.992444645930390473e-02 1.128220031455933435e-02 2.089133227777601187e-01 7.298800304483764601e-01
4.793971802987096603e-02 1.086141240150224375e-02 2.308863833893958217e-01 7.103124861792309286e-01
4.695051699755766611e-02 1.058882345069371740e-02 2.516351055478980303e-01 6.908255540038504838e-01
4.692557710344053001e-02 1.040036968803657348e-02 2.745873335167954843e-01 6.680867196917275042e-01
4.709852128862362236e-02 1.034689298384744438e-02 3.008510364308356055e-01 6.417035492966935983e-01
4.612306406957614874e-02 1.029299507290870434e-02 3.274215879057155720e-01 6.161623529517994413e-01
4.288520593577087314e-02 9.838847893717264648e-03 3.506226628730199635e-01 5.966532832974920098e-01
3.737342749976897693e-02 8.597287914765284686e-03 3.691415622915747430e-01 5.848877222938909659e-01
3.083511737554001098e-02 6.769029923891928431e-03 3.851724912548575297e-01 5.772233614457105144e-01
2.460471800905267292e-02 4.967837743728139958e-03 4.054762163698759636e-01 5.649512278773428653e-01
1.913295402820633720e-02 3.510272225587440700e-03 4.362639218857651269e-01 5.410928518604406490e-01
1.468775549473801297e-02 2.430226160373361033e-03 4.753482476371344578e-01 5.075337707077542948e-01
1.128951771454332967e-02 1.648424228157569340e-03 5.159162860532976458e-01 4.711457720040012620e-01
8.743432716942351607e-03 1.099394769898042303e-03 5.555034316255765825e-01 4.346537408875828512e-01
6.957314636939557553e-03 7.454179189309156905e-04 5.928270752097729579e-01 3.994701922343568135e-01
5.836920123102968573e-03 5.314994687799486171e-04 6.225479247867774513e-01 3.710836556213396586e-01
5.228068777353732377e-03 4.049396497909016346e-04 6.394122243986291032e-01 3.549547671742261379e-01
4.966957450616800961e-03 3.326334444162402297e-04 6.442799297056043262e-01 3.504204793993626055e-01
4.901794366499045638e-03 2.929886593484653601e-04 6.404222813028898065e-01 3.543829356712631107e-01
4.949997932304371108e-03 2.733712565116910745e-04 6.272391756059257917e-01 3.675374552052582122e-01
5.101693214286356914e-03 2.676015835845212717e-04 6.013543898885345129e-01 3.932763153135948597e-01
5.362873721952598170e-03 2.721879308805668718e-04 5.621055578961079435e-01 4.322593804510592719e-01
5.722163839812427662e-03 2.887445648429999676e-04 5.190010850220547756e-01 4.749880065732897116e-01
6.103229492909890801e-03 3.177631174357250306e-04 4.877161251641963791e-01 5.058628822254580548e-01
6.473265487337198990e-03 3.604810698090153459e-04 4.718435257961065554e-01 5.213227276467473637e-01
7.096751107793739313e-03 4.382828576219346939e-04 4.580893866533657377e-01 5.343755793812186017e-01
8.250367746735483981e-03 5.888390300624797048e-04 4.343666630630064196e-01 5.567941301601954107e-01
9.702290221353679009e-03 8.331009352347853699e-04 4.034058216749304981e-01 5.860587871684806993e-01
1.104518911017963838e-02 1.173303467783196833e-03 3.732447156667679788e-01 6.145367917552690962e-01
1.215993595471249154e-02 1.623700058721049997e-03 3.523581616151066909e-01 6.338582023714598446e-01
1.329449037093705620e-02 2.240086675894983718e-03 3.459918819967413572e-01 6.384735409564270547e-01
1.482311297934093067e-02 3.103303353564491451e-03 3.519996935472802790e-01 6.300738901198145170e-01
1.686295890359653868e-02 4.241639609426166822e-03 3.653246248157158149e-01 6.135707766712612532e-01
1.917868927569051432e-02 5.539496697151053556e-03 3.814079652448764124e-01 5.938738487822821099e-01
2.144670196426020151e-02 6.764721817161721551e-03 3.973940204888402050e-01 5.743945557297381876e-01
2.357376928136340963e-02 7.768055771805371622e-03 4.138662084916295836e-01 5.547919664552015684e-01
4.828232245994272809e-01 4.730555530136957426e-02 3.131062303866037344e-01 1.567649897125992786e-01
9.736034825348416355e-02 3.736237095132306091e-02 4.229328542718058942e-02 8.229839953680122555e-01
8.889171584720752251e-02 3.461353276841677706e-02 3.364444360352210339e-02 8.428503077808535693e-01
8.338444537925558675e-02 3.187615289372518895e-02 2.617141688022641202e-02 8.585679848467927533e-01
7.968691297128407958e-02 2.873260121882082949e-02 2.013143906661342408e-02 8.714490467432817189e-01
7.681553714538698341e-02 2.514728442304712056e-02 1.572622028066941041e-02 8.823109581508966626e-01
7.464475231692167811e-02 2.171085689882745404e-02 1.282215024454672753e-02 8.908222405397042687e-01
7.441388192567692517e-02 1.921962207463919631e-02 1.111291768897509045e-02 8.952535783107090639e-01
7.767174907195077693e-02 1.811322895623145371e-02 1.032478231119714554e-02 8.938902396606210887e-01
8.570121013639495078e-02 1.861120191915284494e-02 1.035228006602271350e-02 8.853353078784296226e-01
9.954598864965390204e-02 2.091056979102200869e-02 1.117927190528776767e-02 8.683641696540360666e-01
1.186668122460972224e-01 2.543807312162463599e-02 1.275568641437816765e-02 8.431394282179002220e-01
1.408299344020060850e-01 3.314613652377060987e-02 1.504659440435454111e-02 8.109773346698688767e-01
1.643636173044794591e-01 4.611655680975744465e-02 1.841361783031518484e-02 7.711062080554481613e-01
1.867292778986674173e-01 6.748603556229289258e-02 2.324869863953399687e-02 7.225359878995056828e-01
2.007039394703878654e-01 1.038081964002370017e-01 3.063701378388633892e-02 6.648508503454888530e-01
2.036733933277777575e-01 1.584742096164228065e-01 3.905351747841248611e-02 5.987988795773868667e-01
1.956970009168355340e-01 2.363431075457522734e-01 4.696262951288857762e-02 5.209972620245235664e-01
1.784777743417450269e-01 3.351903745350127140e-01 5.152917236840292431e-02 4.348026787548393557e-01
1.536882337740228255e-01 4.446674603904702816e-01 5.075962968502181760e-02 3.508846761504850198e-01
1.256558043123908730e-01 5.491754688923284888e-01 4.498078699328676017e-02 2.801879398019934131e-01
1.007292800384860521e-01 6.316784030484368095e-01 3.666520004976821234e-02 2.309271168633086901e-01
8.199538387869019507e-02 6.855887940592775287e-01 2.845771890464741591e-02 2.039581031573846071e-01
6.869589335828973908e-02 7.174123292475781399e-01 2.170970401129117267e-02 1.921820733828410455e-01
5.902898503362073723e-02 7.385236918168067710e-01 1.683810162281865544e-02 1.856092215267537704e-01
5.171401296565759920e-02 7.583030067871140423e-01 1.370681917225179298e-02 1.762761610749767616e-01
4.670609360584559305e-02 7.792568805132527032e-01 1.198072385621916022e-02 1.620563020246829355e-01
4.404359541555511598e-02 7.978498631533756935e-01 1.132623433405795764e-02 1.467803070970112311e-01
4.637599718280059624e-02 8.086479742090419975e-01 1.116597908602376399e-02 1.338100495221336284e-01
5.208641361976459883e-02 8.150109134266096955e-01 1.088027323762826015e-02 1.220223997159974455e-01
5.857051102382902774e-02 8.222001845187197899e-01 1.040886080957328062e-02 1.088204436478780179e-01
6.627353223993082132e-02 8.292884261963274772e-01 9.903359802834684616e-03 9.453468176090717989e-02
7.388220287365587780e-02 8.359038405839793739e-01 9.400866991992391786e-03 8.081308955037273811e-02
8.138055140485826733e-02 8.406164644124038965e-01 8.938164943457973383e-03 6.906481923927977606e-02
8.956303869050756539e-02 8.417346141377816116e-01 8.653591418053314596e-03 6.004875575365757612e-02
9.841356742617254905e-02 8.392720362870363937e-01 8.645988489944713556e-03 5.366840779684625001e-02
1.064298736217794555e-01 8.354302518036983427e-01 8.897281562042313671e-03 4.924259301248011533e-02
1.120128828298446455e-01 8.325462052680983049e-01 9.302112094119489513e-03 4.613879980793778035e-02
1.145112134511837576e-01 8.321148863483260882e-01 9.628861041040623001e-03 4.374503915944982779e-02
1.139995087316053729e-01 8.349938924544306751e-01 9.588936955694167194e-03 4.141766185826994268e-02
1.113373576715202401e-01 8.404533516943988314e-01 9.167269804557972787e-03 3.904202082952296093e-02
1.083688671507887641e-01 8.459718974389618396e-01 8.670034445436767406e-03 3.698920096481288916e-02
1.065391511413796982e-01 8.497031007386045554e-01 8.355204423877932510e-03 3.540254369613776014e-02
1.087712964933083143e-01 8.482151339857125771e-01 8.260780063167732015e-03 3.475278945781139911e-02
1.129503960037987892e-01 8.429684721075545450e-01 8.852583943626238586e-03 3.522854794502043585e-02
1.205447717371667393e-01 8.328872213669414881e-01 9.771777752938843806e-03 3.679622914295262864e-02
1.334431395562331590e-01 8.159272142885052315e-01 1.093177272245063336e-02 3.969787343281106634e-02
1.538138032953825507e-01 7.897092856422470719e-01 1.225114380744532667e-02 4.422576725492492755e-02
1.821263042105170649e-01 7.541429473608001199e-01 1.354571414591023044e-02 5.018503428277280853e-02
2.184157777705291736e-01 7.091401610913028453e-01 1.483064378579590677e-02 5.761341735237198586e-02
2.622237885993124462e-01 6.547521590479825626e-01 1.627869354717649195e-02 6.674535880552834310e-02
3.108614666618309541e-01 5.938405517165795677e-01 1.803580749388409774e-02 7.726217412770522430e-02
3.550962431520313656e-01 5.355784725860711637e-01 2.069810838418844126e-02 8.862717587770897743e-02
3.888803204672109937e-01 4.860371969605590259e-01 2.392377256166510271e-02 1.011587100105648812e-01
4.054879197383400302e-01 4.482161042918915705e-01 2.963517000266375351e-02 1.166608059671048608e-01
4.108153946257243061e-01 4.122103374192413461e-01 4.005439227928806606e-02 1.369198756757459001e-01
4.091600453996641629e-01 3.721002536398707594e-01 5.707687322601523450e-02 1.616628277344495934e-01
3.977070021942470945e-01 3.308806554235796948e-01 8.200799469229613781e-02 1.894043476898772671e-01
3.739600767427422312e-01 2.928339483011487276e-01 1.145522600459641105e-01 2.186537149101449584e-01
3.413455579378212312e-01 2.571950689133994383e-01 1.511394488574157036e-01 2.503199242913634603e-01
3.014351154462757698e-01 2.247486146416552977e-01 1.859497637261487424e-01 2.878665061859201346e-01
2.612392207040770131e-01 1.958821200134453211e-01 2.097251514678949991e-01 3.331535078145825279e-01
2.225710878894340550e-01 1.718814049982838044e-01 2.218543331952580466e-01 3.836931739170242328e-01
1.868416699193625741e-01 1.544224730253950795e-01 2.262027606236247657e-01 4.325330964316175808e-01
1.561378412649254421e-01 1.445830927274620592e-01 2.279457590817847434e-01 4.713333069258279773e-01
1.327608915934588296e-01 1.437315417214440894e-01 2.294114773868562440e-01 4.940960892982407815e-01
1.167243711025013897e-01 1.517960782357557492e-01 2.311797681831628537e-01 5.002997824785799796e-01
1.059394365041683023e-01 1.669976505749971585e-01 2.336071185250563897e-01 4.934557943957780801e-01
9.891727280442347281e-02 1.861167203663446346e-01 2.366408963393318021e-01 4.783251104899000072e-01
9.532671912451423646e-02 2.053031816347894445e-01 2.388503479073398050e-01 4.605197513333564863e-01
9.487325098333605766e-02 2.217359332932883620e-01 2.401306094632730814e-01 4.432602062601025406e-01
9.762819435098694931e-02 2.342943473908495888e-01 2.422804853455275409e-01 4.257969729126359626e-01
3.120543513264986135e-01 5.805032527792578501e-01 7.541465686701090410e-02 3.202773902723271560e-02
3.506031229140026406e-01 4.966906686544118599e-01 1.105394854130016674e-01 4.216672301858377658e-02
3.711435292913005113e-01 4.286480067727520549e-01 1.484129207797838801e-01 5.179554315616363008e-02
3.739355138580084392e-01 3.831415157463392562e-01 1.837207793464381289e-01 5.920219104921387032e-02
3.608589383022646757e-01 3.596068910027303001e-01 2.155483427831800525e-01 6.398582791182493013e-02
3.438602477985198691e-01 3.430781866853439555e-01 2.455453766645400993e-01 6.751618885159604844e-02
3.246936951691883344e-01 3.297656496334842591e-01 2.745292148584384528e-01 7.101144033888938389e-02
3.065107645779157619e-01 3.174767605707214391e-01 3.010472894260405874e-01 7.496518542532197571e-02
2.923314084660418311e-01 3.077232919044913251e-01 3.208241592051691571e-01 7.912114042429729821e-02
2.849158687141361002e-01 3.031290770387039535e-01 3.295908941548562066e-01 8.236416009230368429e-02
2.856656459886245392e-01 3.059801360769436318e-01 3.252263355892410224e-01 8.312788234519086217e-02
2.934031576027648081e-01 3.193844342171936468e-01 3.075049734368782706e-01 7.970743474316346888e-02
3.043928102872344166e-01 3.470208222669503573e-01 2.775238625680180315e-01 7.106250487779738889e-02
3.120965158727956323e-01 3.881417992699590092e-01 2.404480704150297465e-01 5.931361444221568829e-02
3.191451216612434805e-01 4.296767787662232885e-01 2.033401189705403012e-01 4.783798060199304786e-02
3.196279589549356759e-01 4.732354076630293505e-01 1.692097489739630700e-01 3.792688440807195221e-02
3.212819249538637623e-01 5.109629623138267629e-01 1.379732265210780462e-01 2.978188621123138702e-02
3.215512740749901233e-01 5.455546536520471390e-01 1.096347438011413683e-01 2.325932847182148391e-02
3.210434339252942193e-01 5.749943628813408703e-01 8.558201020456920882e-02 1.838019298879564611e-02
3.169158136301135631e-01 6.026037617575615846e-01 6.555774057937784061e-02 1.492268403294687643e-02
3.142819154267286752e-01 6.227609182110465103e-01 5.032207717130431079e-02 1.263508919092065814e-02
3.097267593930164153e-01 6.390475352089620698e-01 3.998507981062755096e-02 1.124062558739409752e-02
3.085746015258885588e-01 6.476174355562143159e-01 3.313605965342822368e-02 1.067190326446906638e-02
5.100187114383358811e-01 4.563884056265910538e-01 1.401426212999393531e-02 1.957862080507901184e-02
4.640731718747227452e-01 5.056304524030441616e-01 1.215430114775418492e-02 1.814207457447906610e-02
3.979673674448348519e-01 5.761064411648043615e-01 1.049322263792289503e-02 1.543296875243787593e-02
3.238310372459846653e-01 6.541323426513059314e-01 9.508317694162243816e-03 1.252830240854732428e-02
2.545916231634050564e-01 7.262287163872037654e-01 9.179557570911588485e-03 1.000010287847944747e-02
2.011510624122263557e-01 7.814362197713876634e-01 9.300817837669885998e-03 8.111899978716093085e-03
1.657596615870438606e-01 8.176947673837017261e-01 9.664993158862714845e-03 6.880577870391706326e-03
1.433021798514668987e-01 8.401895374809303929e-01 1.032492837175366836e-02 6.183354295849293261e-03
1.283022557296008836e-01 8.546608032940629096e-01 1.127337792406391502e-02 5.763563052272262233e-03
1.171142612508158654e-01 8.656060010220875123e-01 1.196219810327955879e-02 5.317539623817120822e-03
1.036264364334688742e-01 8.802503498959133310e-01 1.154354244671513575e-02 4.579671223902843750e-03
8.776974111834412451e-02 8.992964256819139246e-01 9.438298684274037953e-03 3.495534515467590714e-03
7.049853652966203699e-02 9.203118645604665415e-01 6.794320344328478450e-03 2.395278565542871465e-03
5.383834872714783615e-02 9.402227597847683249e-01 4.439671055373132363e-03 1.499220432710776825e-03
3.988831486986427199e-02 9.564290054385160555e-01 2.774736058937974596e-03 9.079436326818853204e-04
3.090446298458722138e-02 9.666769915349024966e-01 1.817291000311468691e-03 6.012544801988554651e-04
2.702024096665826478e-02 9.711831102520086523e-01 1.322678427105999097e-03 4.739703542272715830e-04
2.636184833280243167e-02 9.722036064908851083e-01 1.016247183431787191e-03 4.182979928804914571e-04
2.698737432585113921e-02 9.718859125323315862e-01 7.566131507403102635e-04 3.700999910767928261e-04
2.810263420516697502e-02 9.710297606522250158e-01 5.449215454499253212e-04 3.226835971582428172e-04
2.918821772764745859e-02 9.701314306762425232e-01 3.959646947246547085e-04 2.843869013855249476e-04
2.966849482578148151e-02 9.697672151236482740e-01 3.039967132041135594e-04 2.602933373662672293e-04
2.871485781760164946e-02 9.707864315686178802e-01 2.495161077099136075e-04 2.491945060705385564e-04
2.618532229885734905e-02 9.733455833305726390e-01 2.178319298217698541e-04 2.512624407483944676e-04
2.338028041368559601e-02 9.761370006623201201e-01 2.083778331330479435e-04 2.743410908612945029e-04
2.322033613314848297e-02 9.761838044270150228e-01 2.412929628179155575e-04 3.545664770185476614e-04
2.987137780362085493e-02 9.691321090306705965e-01 3.797994524063321776e-04 6.167137133022689921e-04
5.001768055147835096e-02 9.477383664127840834e-01 7.997015208865971940e-04 1.444251514851103285e-03
9.772541888069750937e-02 8.962555230945923324e-01 1.971237988553899145e-03 4.047820036156213157e-03
1.984484265401383341e-01 7.859413854688714896e-01 4.179237738898752656e-03 1.143095025209152869e-02
3.567719252378560024e-01 6.052192124661222028e-01 9.022689549528417965e-03 2.898617274649363529e-02
5.308496994377405187e-01 3.901950415372217318e-01 1.606215481644567358e-02 6.289310420859207940e-02
6.313432947070607426e-01 2.178903257703624086e-01 2.562349017904359469e-02 1.251428893435333201e-01
5.965641701936095220e-01 1.211248529797975121e-01 3.661965878083160708e-02 2.456913180457616086e-01
4.589977440969938427e-01 7.110599661763353230e-02 4.475599702770967359e-02 4.251402622576628820e-01
3.061390026324286584e-01 4.143302373154613555e-02 4.533568627792210898e-02 6.070922873581033885e-01
1.902333894380263402e-01 2.410437684444276946e-02 4.060777405367063664e-02 7.450544596638601913e-01
1.183706532845764381e-01 1.464665933730551449e-02 3.499587660852835486e-02 8.319868107695896908e-01
7.669559972549182258e-02 9.632363311736351699e-03 3.070938477417166704e-02 8.829626521886005941e-01
5.228895835274606496e-02 6.933696787694944470e-03 2.797484338656580291e-02 9.128025014729930220e-01
3.764526717247168586e-02 5.453252340574915071e-03 2.655981377906453667e-02 9.303416667078889812e-01
2.850546431689599328e-02 4.631683348109308894e-03 2.609840329332714995e-02 9.407644490416673388e-01
2.257446727570866854e-02 4.246011421449858575e-03 2.661532348271162043e-02 9.465641978201302376e-01
1.897187047618015612e-02 4.319508886867930338e-03 2.890773149689148183e-02 9.478008891400602209e-01
1.749475669794976415e-02 5.009854332391303934e-03 3.420855146109558209e-02 9.432868375085632362e-01
1.799116482889039775e-02 6.476977378329331486e-03 4.332786232462428749e-02 9.322039954681560214e-01
2.005906198548740998e-02 8.674993705284296877e-03 5.549279602535394512e-02 9.157731482838743498e-01
2.299627096112043592e-02 1.123114240874021133e-02 6.874694924963041520e-02 8.970256373805092220e-01
2.594245720301106145e-02 1.361229165644616684e-02 8.221528778204836851e-02 8.782299633584944587e-01
2.826675173982511752e-02 1.540682363861846198e-02 9.659219464789937926e-02 8.597342299736571158e-01
3.040602545986751185e-02 1.686674073720408756e-02 1.125847546504828711e-01 8.401424791524453317e-01
3.359588845224282389e-02 1.884102438951665640e-02 1.302870144908360173e-01 8.172760726674045406e-01
3.820586991117573550e-02 2.157536849266934731e-02 1.481997306600579267e-01 7.920190309360970460e-01
4.376633263490716658e-02 2.465672783258609363e-02 1.649856826100266904e-01 7.665912569224800910e-01
4.942294840757252561e-02 2.781156918036149089e-02 1.816571500768820180e-01 7.411083323351839169e-01
5.387339710230687473e-02 3.104464223125599429e-02 2.004047489619558975e-01 7.146772117044812855e-01
5.593826122392506900e-02 3.407795736070869108e-02 2.216757368470192446e-01 6.883080445683469328e-01
5.572317660297071429e-02 3.628217877169179900e-02 2.419791503101624552e-01 6.660154943151750384e-01
5.486141207913883960e-02 3.734393592622749225e-02 2.559110102879205706e-01 6.518836417067132016e-01
5.460530273406900142e-02 3.704189144080235335e-02 2.592107795718796015e-01 6.491420262532490160e-01
5.520985598028482072e-02 3.530657874202369068e-02 2.508596306697754019e-01 6.586239346079161283e-01
5.635676623145950692e-02 3.251502149673846792e-02 2.337770929510178952e-01 6.773511193207838454e-01
5.758002980821992633e-02 2.929331604549786916e-02 2.142660751771571503e-01 6.988605789691250125e-01
5.942704748755373023e-02 2.668966641345023316e-02 2.008108107601313252e-01 7.130724753388650861e-01
6.337290626214166223e-02 2.586960652719259499e-02 2.005096517508600518e-01 7.102478354598058541e-01
7.090624272532729255e-02 2.749133004617387507e-02 2.151061790321453226e-01 6.864962481963534646e-01
8.230972476427700357e-02 3.146849070148628746e-02 2.391294916854874164e-01 6.470922928487495840e-01
9.643870043769771361e-02 3.722666889747281577e-02 2.614043976503543365e-01 6.049302330144752382e-01
1.106754304629948144e-01 4.412141929850742911e-02 2.722499798583124520e-01 5.729531703801853393e-01
1.223013888702211560e-01 5.139654370254752996e-02 2.687499094040960990e-01 5.575521580231352914e-01
1.312691819995868703e-01 5.832525664945131111e-02 2.526146794294994447e-01 5.577908819214622005e-01
1.394725478873140301e-01 6.484975540366530455e-02 2.264703495049302240e-01 5.692073472040909410e-01
1.489980299416099052e-01 7.187971523186031941e-02 1.930977494126347171e-01 5.860245054138951692e-01
1.612784750482280371e-01 8.067896771829145830e-02 1.569700113971059241e-01 6.010725458363744833e-01
1.765964423503255387e-01 9.259176688234145580e-02 1.236417603534181175e-01 6.071700304139149296e-01
1.933006955565776397e-01 1.080462296899004915e-01 9.718658545252643888e-02 6.014664893009954438e-01
2.084324592414127653e-01 1.255795702507940814e-01 7.890921604025638580e-02 5.870787544675369896e-01
2.213889260110673551e-01 1.445481736990994748e-01 6.735935441170270987e-02 5.667035458781304325e-01
2.327552128510121388e-01 1.657056364692095773e-01 5.940278954885268303e-02 5.421363611309252262e-01
2.417534362867544417e-01 1.865710320966736946e-01 5.304059730014965002e-02 5.186349343164226022e-01
2.477613494494552981e-01 2.007510450826398563e-01 4.800942031829567858e-02 5.034781851496092919e-01
2.515084583802946749e-01 2.045742373264104741e-01 4.421962124029067687e-02 4.996976830530043823e-01
2.542458983360342262e-01 2.014919621402598005e-01 4.107892496092403756e-02 5.031832145627821440e-01
2.592105424009070180e-01 1.975646890962197144e-01 3.809265762813934808e-02 5.051321108747344191e-01
2.724604323708726961e-01 1.963888022047641235e-01 3.509098214924889075e-02 4.960597832751145742e-01
3.012135249045958529e-01 1.987074604348978424e-01 3.194549714332628465e-02 4.681335175171799090e-01
3.507800884903048422e-01 2.034072503976913915e-01 2.867470884323293501e-02 4.171379522687709285e-01
4.201538698143297279e-01 2.080330435121605093e-01 2.551447469094335341e-02 3.462986119825666176e-01
4.975857207949627159e-01 2.099088538065483900e-01 2.315849628475378716e-02 2.693469291137350896e-01
