2.693873769674981142e-02 1.512934532536915240e-03 7.700262221712966815e-02 8.945457055535835922e-01
5.467802695103890498e-02 1.719015655712987367e-01 4.669962736576353801e-02 7.267207801118988897e-01
5.711725625697863101e-02 1.471326070994956048e-01 4.594903836286152315e-02 7.498010982806642133e-01
5.981710692311272004e-02 1.243623257928728326e-01 4.692994040346777640e-02 7.688906268805467681e-01
6.364125124425150382e-02 1.080987506425258871e-01 4.918690341843843378e-02 7.790730946947840296e-01
7.023080341753916434e-02 1.002599650828540911e-01 5.309666785730356858e-02 7.764125636423032661e-01
8.165342818621575127e-02 1.016358364559061950e-01 5.982429690881350959e-02 7.568864384490643360e-01
9.959114337444312237e-02 1.129641310299968060e-01 7.018411387289434644e-02 7.172606117226654199e-01
1.240012956552223183e-01 1.346595863429425610e-01 8.409966432199550423e-02 6.572394536798398246e-01
1.521067736377893775e-01 1.639147791122684827e-01 1.003597147563227154e-01 5.836187324936191745e-01
1.805593527275535515e-01 1.935892616931233767e-01 1.170724105617708816e-01 5.087789750175522041e-01
2.091761977879215972e-01 2.171676996951796557e-01 1.325362362645357284e-01 4.411198662523632685e-01
2.393680191423304127e-01 2.322244541758718694e-01 1.456940449492015455e-01 3.827134817325962279e-01
2.688293539682758415e-01 2.379377535942338029e-01 1.579838520746085495e-01 3.352490403628820004e-01
2.938960217727460966e-01 2.330519712016466960e-01 1.704232854351345749e-01 3.026287215904727712e-01
3.064850176039086715e-01 2.169114327262277320e-01 1.879775346837153915e-01 2.886260149861483160e-01
3.011070706728171120e-01 1.920747469946400277e-01 2.127127856009448370e-01 2.941053967315976903e-01
2.768320644198776770e-01 1.655662955272367842e-01 2.425727948996781735e-01 3.150288451532073930e-01
2.403035712302991900e-01 1.424374423721045391e-01 2.756360959065341509e-01 3.416228904910618702e-01
2.040955392042420047e-01 1.275321920429856870e-01 3.054156251276530232e-01 3.629566436251192574e-01
1.755121380474976012e-01 1.217927024794870083e-01 3.306400759679702928e-01 3.720550835050450145e-01
1.562548456205542780e-01 1.233901544696446723e-01 3.533967318858896589e-01 3.669582680239114048e-01
1.449635241064200775e-01 1.299711437308078144e-01 3.755749742151940351e-01 3.494903579475781008e-01
1.396812963966163890e-01 1.401193124933555745e-01 3.963900015905634788e-01 3.238093895194647520e-01
1.385814283429144533e-01 1.535652135391897821e-01 4.131704002725655744e-01 2.946829578453305509e-01
1.393361079964998972e-01 1.702150535837880785e-01 4.247203574769571333e-01 2.657284809427551409e-01
1.394902994961536302e-01 1.893742928278948912e-01 4.323339927830279761e-01 2.388014148929236136e-01
1.381141697740424223e-01 2.101157402120536200e-01 4.371129191273678827e-01 2.146571708865359362e-01
1.359496815711151996e-01 2.313191636625302472e-01 4.389174715430198548e-01 1.938136832233346429e-01
1.330051532232668088e-01 2.519485200944766023e-01 4.385199207615495531e-01 1.765264059207069247e-01
1.318558450080090649e-01 2.700082302144753421e-01 4.357479661194993970e-01 1.623879586580158907e-01
1.322127285874676317e-01 2.873831868967559044e-01 4.303921406586653231e-01 1.500119438571112240e-01
1.340976415076275685e-01 3.076871525161543053e-01 4.205196232304586612e-01 1.376955827457592985e-01
1.364382543524598479e-01 3.332509219025743818e-01 4.053288915062986941e-01 1.249819322386667986e-01
1.377518527916606339e-01 3.618408819454496661e-01 3.875392156226885598e-01 1.128680496402009875e-01
1.390086622510262604e-01 3.848832363082965724e-01 3.725635652669155307e-01 1.035445361737620668e-01
1.430270481444435859e-01 3.937766515952489943e-01 3.645948218330465895e-01 9.860147842726114942e-02
1.514642581008136257e-01 3.847337239733003567e-01 3.653460696160474863e-01 9.845594830983869783e-02
1.641632390904532723e-01 3.597791914429996907e-01 3.740680704963636471e-01 1.019894989701834592e-01
1.804206005789901757e-01 3.253156130945965008e-01 3.874679365452003976e-01 1.067958497812128565e-01
1.998811205696726101e-01 2.875037309878191727e-01 4.014648621168116494e-01 1.111502863256967899e-01
2.228780995738205706e-01 2.498176099783044890e-01 4.118776541530548285e-01 1.154266362948199592e-01
2.445718075307036499e-01 2.177314953515489815e-01 4.174586481405102578e-01 1.202380489772372635e-01
2.638623493940231990e-01 1.925745556435278227e-01 4.175912584228286262e-01 1.259718365396206852e-01
2.781278246009811772e-01 1.738365242881907968e-01 4.146784243600619702e-01 1.333572267507663334e-01
2.845186760287543026e-01 1.590300392703044297e-01 4.133264176219895170e-01 1.431248670789517508e-01
2.828133909971156101e-01 1.459705236253374949e-01 4.150594868506176094e-01 1.561565985269293411e-01
2.775764939176685875e-01 1.350489707422221075e-01 4.136262687513625469e-01 1.737482665887466748e-01
2.749351802196656203e-01 1.272134100923688615e-01 3.999164667499143788e-01 1.979349429380512226e-01
2.752086234382409291e-01 1.215318516279223771e-01 3.731516833137925593e-01 2.301078416200441068e-01
2.732379357510055784e-01 1.135708467359435730e-01 3.437759248258657752e-01 2.694152926871848930e-01
2.684284579254532788e-01 1.062068478101073354e-01 3.112049223274181986e-01 3.141597719370208819e-01
2.571034088434044906e-01 9.727477099891874979e-02 2.816890099242677636e-01 3.639328102334090653e-01
2.394983939762694580e-01 8.639193128572415781e-02 2.545557266084737535e-01 4.195539481295328943e-01
2.140737321702806395e-01 7.350521462994816235e-02 2.333685971904346512e-01 4.790524560093365469e-01
1.846542786791278701e-01 6.061870176286156264e-02 2.202316535542781506e-01 5.344953660037324861e-01
1.573947096680506641e-01 4.941201401400052706e-02 2.105420707968383154e-01 5.826512055211107155e-01
1.333961900143571799e-01 4.002124886556879257e-02 1.970357994922542488e-01 6.295467616278196399e-01
1.113815363279799242e-01 3.229029104222497920e-02 1.788636206709776355e-01 6.774645519588176068e-01
9.210435205694687821e-02 2.620744333721729616e-02 1.602382000948802676e-01 7.214500045109555337e-01
7.662318625818771711e-02 2.169385266721479341e-02 1.445219890396919060e-01 7.571609720349056216e-01
6.503298093983736483e-02 1.851782059122921223e-02 1.334633737414379351e-01 7.829858247274954497e-01
5.696777264898995885e-02 1.644396869368031089e-02 1.274085647342277361e-01 7.991796939231019525e-01
5.159045449586453780e-02 1.515677461378785520e-02 1.241319151837979862e-01 8.091208557065494578e-01
4.784123047940502804e-02 1.434431062630790038e-02 1.211744797918316296e-01 8.166399791024557819e-01
4.511943605602831281e-02 1.386576538365186066e-02 1.197816051978029123e-01 8.212331933625166558e-01
4.304745668632827676e-02 1.360650640546553526e-02 1.215793424679288692e-01 8.217666944402776119e-01
4.152955823829684173e-02 1.364138087865500275e-02 1.264869826860124391e-01 8.183420781970357494e-01
4.040005942551432028e-02 1.410944365973314241e-02 1.348073950437007340e-01 8.106831018710517478e-01
3.905785489046807030e-02 1.482268404496378360e-02 1.475610142795782120e-01 7.985584467849899948e-01
3.750395236366414753e-02 1.558805662984201479e-02 1.630392704119321967e-01 7.838687205945615855e-01
3.671020702936302060e-02 1.658952569015586034e-02 1.770853858429675132e-01 7.696148814375135538e-01
3.191137862974655764e-02 3.875974524153385538e-03 8.553278361392484541e-01 1.088848107068516591e-01
6.316332300477398576e-01 1.180582161721101773e-02 1.432335388232543472e-01 2.133274095117945746e-01
5.894130939612005626e-01 1.020181942943790797e-02 1.214510423402366118e-01 2.789340442691250477e-01
5.552123346619963762e-01 8.791509373871748967e-03 1.057594091455821284e-01 3.302367468185495314e-01
5.416522809252697357e-01 8.465701788761914245e-03 9.774686524723495695e-02 3.521351520387334677e-01
5.471991943552586557e-01 9.036364961337530269e-03 1.007526134106829507e-01 3.430118272727208373e-01
5.633584998338571070e-01 1.090712102487802551e-02 1.110654463984472179e-01 3.146689327428177085e-01
5.805391945624083228e-01 1.311533493001128085e-02 1.264349923412531884e-01 2.799104781663273034e-01
5.971895668853873795e-01 1.575118335074502524e-02 1.431228461252815887e-01 2.439364036385861245e-01
6.115355629238475865e-01 1.844170700578841998e-02 1.582064375272911327e-01 2.118162925430728538e-01
6.207022798427629384e-01 2.092537179533943484e-02 1.704595173982219880e-01 1.879128309636756977e-01
6.230771597420405872e-01 2.311857280085347424e-02 1.826338291596696362e-01 1.711704382974364724e-01
6.160465491156219553e-01 2.523166231288093489e-02 2.016746854737879180e-01 1.570471030977089733e-01
6.053440452707165020e-01 2.797080309653079272e-02 2.255581582396242735e-01 1.411269933931286746e-01
5.942728029510748744e-01 3.081199185374794078e-02 2.511863838858515163e-01 1.237288213093253042e-01
5.865397977698915133e-01 3.328061445496924980e-02 2.717657876811113704e-01 1.084138000940279289e-01
5.850037719087967103e-01 3.526979370675396852e-02 2.826751139641771049e-01 9.705132042027217465e-02
5.987625516766076350e-01 3.654455376209785056e-02 2.769588342256563696e-01 8.773406033563800610e-02
6.380824458308470559e-01 3.677868983990710550e-02 2.475571478138743065e-01 7.758171651537140723e-02
7.038237739067524368e-01 3.564496213027464055e-02 1.951519871435041520e-01 6.537927681946897884e-02
7.805638526261411414e-01 3.316194388965925527e-02 1.335797117082423990e-01 5.269449177595692674e-02
8.471426092678934205e-01 2.966637695552335266e-02 8.142953031968769295e-02 4.176148345689560670e-02
8.941080034648967167e-01 2.563985477692572873e-02 4.693713035103291853e-02 3.331501140714440701e-02
9.234039987802138416e-01 2.186934140899713525e-02 2.734079744187550148e-02 2.738586236891339329e-02
9.407227463937606338e-01 1.893437470424701521e-02 1.695069758023495798e-02 2.339218132175734446e-02
9.510388959108362350e-01 1.694633429815993464e-02 1.136787195024626003e-02 2.064689784075743675e-02
9.567669700791778808e-01 1.598544366887274040e-02 8.222610009284840246e-03 1.902497624266451595e-02
9.586268226360629141e-01 1.609024072762881008e-02 6.418111636000920113e-03 1.886482500030714493e-02
9.569482571985464814e-01 1.713335149050528722e-02 5.448119183515601552e-03 2.047027212743211810e-02
9.523037817942128225e-01 1.911923242093657022e-02 5.006439572922034148e-03 2.357054621192860439e-02
9.469868227592531662e-01 2.152907962527235430e-02 4.722321657511270067e-03 2.676177595796297784e-02
9.444994060364241273e-01 2.298549215244730104e-02 4.247625457355739750e-03 2.826747635377295509e-02
9.459526397473803083e-01 2.258615382694738327e-02 3.566272786503105804e-03 2.789493363916891594e-02
9.503021252789334294e-01 2.035595610726905619e-02 2.827179638203710342e-03 2.651473897559372336e-02
9.566037396357740530e-01 1.678473760380685270e-02 2.135137282776896142e-03 2.447638547764203337e-02
9.645620934124361501e-01 1.257426103050146224e-02 1.544912352022671277e-03 2.131873320503977973e-02
9.723003435753982959e-01 8.807065779129081770e-03 1.113832163527800605e-03 1.777875848194501729e-02
9.770612290722275883e-01 6.267961732759353040e-03 8.721272159565483188e-04 1.579868197905661895e-02
9.780939188508206428e-01 4.916463643796172012e-03 8.028013030786173383e-04 1.618681620230446455e-02
9.757222038951401943e-01 4.311904995865920194e-03 8.856094504752996246e-04 1.908028165851904587e-02
9.700771004125967600e-01 4.042831152598597155e-03 1.143103028641896928e-03 2.473696540616264136e-02
9.601421492009565295e-01 3.904955332653046052e-03 1.692532989930761343e-03 3.426036247645961041e-02
9.437332397980772170e-01 3.848510620056267047e-03 2.792478631342942916e-03 4.962577095052345122e-02
9.176495169718924538e-01 3.930447102902385505e-03 4.977822562875366778e-03 7.344221336232983899e-02
8.768216835370324924e-01 4.229705918713549083e-03 9.586592234337233329e-03 1.093620183099169030e-01
8.151804627900569589e-01 4.739602365646307380e-03 1.976237851238106871e-02 1.603175563319153840e-01
7.294050159267689848e-01 5.394569396060353884e-03 4.107837147080881796e-02 2.241220432063618928e-01
6.234295834576646378e-01 6.158914323635111474e-03 8.001629393435974458e-02 2.903952082843406779e-01
5.091872691135890250e-01 6.968948165336855301e-03 1.393319854476030295e-01 3.445117972734711986e-01
3.997137146556448695e-01 7.115357974883922826e-03 2.193272061849759480e-01 3.738437211844952146e-01
3.082328094642919347e-01 6.975393718246129110e-03 3.119768621009304521e-01 3.728149347165313765e-01
2.442987915997066883e-01 6.815408038385878040e-03 4.036937075054532476e-01 3.451920928564541358e-01
2.071924455575194779e-01 6.798010738267286877e-03 4.859024937891067153e-01 3.001070499151066717e-01
1.908278011947661668e-01 6.890305574455834678e-03 5.524806503974415417e-01 2.498012428333368784e-01
1.894852136055533987e-01 6.950216951756316500e-03 6.011243315837262458e-01 2.024402378589642559e-01
1.981136054249755529e-01 6.932343567216009070e-03 6.338186843278825755e-01 1.611353666799260342e-01
2.114814471929242212e-01 6.934779412778823565e-03 6.543272956067395230e-01 1.272564777875575537e-01
2.242556989633446574e-01 7.084419977636116812e-03 6.677775315954548319e-01 1.008823494635646550e-01
2.334098962823533963e-01 7.636619665396146908e-03 6.772069522087768023e-01 8.174653184347394075e-02
2.413317644293005160e-01 8.994244246473078255e-03 6.801012951202801693e-01 6.957269620394637699e-02
2.544826937753236762e-01 1.149897853544837312e-02 6.711103001449494343e-01 6.290802754427848864e-02
2.794377778066486351e-01 1.531032627041607232e-02 6.458058919784999130e-01 5.944600394443596419e-02
3.186234857661899289e-01 2.066438330436500687e-02 6.034467600989465996e-01 5.726537083049824950e-02
3.692690964379622964e-01 2.783082358583020832e-02 5.483933990691518545e-01 5.450668090705584889e-02
4.262887460926835237e-01 3.696197341533147274e-02 4.864287804341481114e-01 5.032050005783715585e-02
4.832488369363136527e-01 4.818326273616086591e-02 4.230378811141961015e-01 4.553001921332957419e-02
5.329628374700108306e-01 6.152727022780105776e-02 3.640088892125130093e-01 4.150100308967484553e-02
5.701886876090912493e-01 7.610458266418328177e-02 3.146425296563620799e-01 3.906420007036347231e-02
5.878899841375745394e-01 9.416164641490575027e-02 2.791456902834196230e-01 3.880267916410001100e-02
5.875257076146205293e-01 1.131065334223362584e-01 2.583701925658573040e-01 4.099756639718583201e-02
5.705946968173017941e-01 1.339310334650836987e-01 2.494288749128499294e-01 4.604539480476449453e-02
5.421253901880613846e-01 1.555368306250365651e-01 2.487787982904654249e-01 5.355898089643670174e-02
1.992560855696871858e-02 6.363453322999041394e-04 1.105042977219751893e-01 8.689337483887562552e-01
1.935873285849386283e-01 1.447068623515358754e-02 4.574212591272580619e-01 3.345207260526498749e-01
1.828190506013842309e-01 1.293022582164958349e-02 3.905098986831584962e-01 4.137408248938074795e-01
1.674656562653512593e-01 1.145259485599645077e-02 3.123305558345929045e-01 5.087511930440592467e-01
1.439533477590243249e-01 9.928606020650517297e-03 2.331931363705155302e-01 6.129249098498097403e-01
1.158578136290470822e-01 8.426440061135426901e-03 1.640078358069443909e-01 7.117079105028730757e-01
8.789661098994853983e-02 7.045915023938634746e-03 1.138060915546190016e-01 7.912513824314940658e-01
6.617878612667561777e-02 5.982597802091582477e-03 8.117103041614472103e-02 8.466675856550881507e-01
5.108605595504666502e-02 5.213709302407710383e-03 6.212510883501685260e-02 8.815751259075289559e-01
4.145073562233403397e-02 4.739766106346707773e-03 5.261964584880520629e-02 9.011898524225139262e-01
3.556664239870585553e-02 4.569930117525980093e-03 4.976100012365822917e-02 9.101024273601096004e-01
3.182074352680954593e-02 4.672589144488805898e-03 5.141681463314066308e-02 9.120898526955609764e-01
2.965602992014166467e-02 5.075874638166229247e-03 5.647477269092713442e-02 9.087933227507650757e-01
2.870796801974127496e-02 5.748729688949966686e-03 6.371450711922485577e-02 9.018287951720834750e-01
2.849864655423070547e-02 6.565387183488517568e-03 7.124240113530554142e-02 8.936935651269751757e-01
2.881281308473827851e-02 7.435225857544241514e-03 7.734780007398632529e-02 8.864041609837308711e-01
2.933602919850342508e-02 8.266335230967479172e-03 8.105251689321056607e-02 8.813451186773185730e-01
2.991423428746563945e-02 9.097986042664193973e-03 8.291397562611604877e-02 8.780738040437539027e-01
3.059928885328443149e-02 1.002903614145330725e-02 8.379735108803235133e-02 8.755743239172301129e-01
3.154673332655842655e-02 1.108908316253352094e-02 8.362796892530639792e-02 8.737362145856015783e-01
3.290933942343578222e-02 1.221581450659692085e-02 8.145565796388203050e-02 8.734191881060853202e-01
3.406988133864194412e-02 1.310762111829137828e-02 7.622607224017241556e-02 8.765964253028942776e-01
3.395071223471594207e-02 1.357122049540288207e-02 6.837226950828959038e-02 8.841057977615917052e-01
3.194962924422080353e-02 1.374587439596132617e-02 5.931795660268456005e-02 8.949865397571328263e-01
2.817932107915942577e-02 1.375226736911494031e-02 4.969095146022937254e-02 9.083774600914957809e-01
2.380311841523304744e-02 1.382316743573629159e-02 4.036906813795265725e-02 9.220046460110780107e-01
2.057881660415541991e-02 1.467710516930524449e-02 3.342424790207255969e-02 9.313198303244667464e-01
1.952299757214912695e-02 1.717701070580299541e-02 3.054246934132783670e-02 9.327575223807196281e-01
2.073876502031580735e-02 2.169206489771432350e-02 3.222008056925518976e-02 9.253490895127147731e-01
2.357428183019957477e-02 2.727170298549488892e-02 3.792401761863627846e-02 9.112299975656693585e-01
2.697664916987604217e-02 3.164359640252526612e-02 4.618359853999919745e-02 8.951961558875994873e-01
3.045526857741812088e-02 3.348828695381378395e-02 5.514160438804989461e-02 8.809148400807182977e-01
3.392616122705826437e-02 3.327538447303697577e-02 6.314797565251542566e-02 8.696504786473893134e-01
3.720685659007621354e-02 3.188384374957821399e-02 6.991934996537897684e-02 8.609899496949670050e-01
3.983286376500326520e-02 2.989105455896662322e-02 7.604771514174095415e-02 8.542283665342891297e-01
4.100960316055821120e-02 2.749105547477427580e-02 8.152060077942982486e-02 8.499787405852377020e-01
4.089367192914399735e-02 2.526428328745721277e-02 8.622766232722302304e-02 8.476143824561757079e-01
4.065436488648341978e-02 2.386172725667147845e-02 9.028298118149562235e-02 8.452009266753492955e-01
4.113402442000203829e-02 2.339723624520188491e-02 9.420413178983831626e-02 8.412646075449575767e-01
4.242647390805314583e-02 2.379484984373837417e-02 9.980634930272727634e-02 8.339723269454814014e-01
4.357377316006898899e-02 2.480009441513432444e-02 1.085096951233731483e-01 8.231164373014234759e-01
4.295024708054882151e-02 2.566771240328254849e-02 1.190479680163274850e-01 8.123340724998411311e-01
3.953855991559018096e-02 2.529078126788186776e-02 1.277469371371266205e-01 8.074237216794015737e-01
3.346461571788563599e-02 2.279244164387107460e-02 1.312586016761184970e-01 8.124843409621248513e-01
2.600371953289489640e-02 1.849785434251072225e-02 1.300929734637379376e-01 8.254054526608566311e-01
1.895029973500030399e-02 1.379053361051993214e-02 1.285862032726187432e-01 8.386729633818611473e-01
1.334196729019031247e-02 9.725829150913394699e-03 1.296833351302426607e-01 8.472488684286536564e-01
9.459456749896674038e-03 6.726379108275784384e-03 1.335434121104347449e-01 8.502707520313930178e-01
7.035680780076988133e-03 4.702460547256138296e-03 1.399911257627619310e-01 8.482707329099051785e-01
5.657034384294315141e-03 3.389251056383115867e-03 1.515973987765412145e-01 8.393563157827813592e-01
5.038619728099006691e-03 2.560282927302065525e-03 1.722420783861406957e-01 8.201590189584584412e-01
4.940394861742902592e-03 2.005939425108726852e-03 2.010644187430602470e-01 7.919892469700882121e-01
5.150683500696414535e-03 1.590778058911454865e-03 2.304980311382851532e-01 7.627605073021070936e-01
5.532233531347807882e-03 1.278282872662461116e-03 2.538344209897391845e-01 7.393550626062506126e-01
5.969516386880522642e-03 1.060496873702438487e-03 2.692679685293587477e-01 7.237020182100584176e-01
6.345879554693165114e-03 9.188937966319282290e-04 2.746854281742205917e-01 7.180497984744542705e-01
6.554238897156818011e-03 8.276492022286623812e-04 2.667776164060011168e-01 7.258404954946136023e-01
6.539515613091954893e-03 7.648132455485695796e-04 2.459339608618364703e-01 7.467617102795229833e-01
6.358858634443628061e-03 7.279526732385247422e-04 2.207074703529893767e-01 7.722057183393281621e-01
6.072891609312011836e-03 7.164046559443685040e-04 2.008996372043258261e-01 7.923110665304177180e-01
5.710647989730808713e-03 7.208021793184385580e-04 1.879503448767184393e-01 8.056182049542323087e-01
5.446215393032682699e-03 7.583219823954459766e-04 1.764917587734898818e-01 8.173037038510821972e-01
5.428327575611368618e-03 8.618762759553102787e-04 1.622653516826358111e-01 8.314444444657974609e-01
5.568818100127404316e-03 1.033817867110379618e-03 1.463992611146403833e-01 8.469981029181218313e-01
5.770095124347681716e-03 1.264513673046772707e-03 1.321003435348313548e-01 8.608650476677743857e-01
6.102835852533445779e-03 1.578254533397861975e-03 1.235503780181221312e-01 8.687685315959462473e-01
6.762739909622886812e-03 2.054132232576048010e-03 1.242917577330443363e-01 8.668913701247566994e-01
7.943385612276507995e-03 2.801319597154167725e-03 1.350728503232491717e-01 8.541824444673201677e-01
9.692187725607712481e-03 3.879374669547633585e-03 1.540117189801646913e-01 8.324167186246795858e-01
1.180956309810898310e-02 5.194935784551952401e-03 1.767529064943518524e-01 8.062425946229873075e-01
1.399952392399260274e-02 6.535234193152203441e-03 1.987461229994948730e-01 7.807191188833606521e-01
1.619310443328313490e-02 7.781356848739649432e-03 2.187561996851560553e-01 7.572693390328210095e-01
2.499980406363722929e-01 4.836911235966005751e-02 5.690048050940800239e-01 1.326280419098873342e-01
1.013181411117088787e-01 3.137191337135152719e-02 4.710289501716917460e-02 8.202070504997701628e-01
1.089332377444885841e-01 3.403062090219353270e-02 4.312707200259516954e-02 8.139090693507231578e-01
1.189230871486657709e-01 3.717567068666138841e-02 3.846927710615016122e-02 8.054319650585226587e-01
1.285777188972677398e-01 3.962318955971445150e-02 3.347672494716801700e-02 7.983223665958496529e-01
1.349177016433563692e-01 3.989720810046656213e-02 2.891832780426915189e-02 7.962667624519076393e-01
1.373330806962845541e-01 3.770005754884957899e-02 2.550438699410916346e-02 7.994624747607567139e-01
1.384637417543372606e-01 3.451638386118368457e-02 2.361942000987340626e-02 8.034004543746053884e-01
1.423229970062144523e-01 3.210712821681864504e-02 2.318767629640528308e-02 8.023821984805614704e-01
1.523986151589313554e-01 3.130472726961582020e-02 2.386974813604435600e-02 7.924269094354084997e-01
1.713578370733115364e-01 3.203876105461362506e-02 2.534744355240891450e-02 7.712559583196657575e-01
1.978124302229294362e-01 3.402760384282808859e-02 2.728894272947870320e-02 7.408710232047638344e-01
2.258842654704172059e-01 3.778345781337595632e-02 2.949824364514918099e-02 7.068340330710576325e-01
2.513420403421550708e-01 4.520922839866099718e-02 3.252098916083822483e-02 6.709277420983459361e-01
2.721973151367116928e-01 5.926455176602326430e-02 3.733915825427996243e-02 6.311989748429853719e-01
2.855100434066900617e-01 8.278558102969034438e-02 4.407314304997907856e-02 5.876312325136406889e-01
2.908313622357550088e-01 1.185000401184711782e-01 5.180658572004405438e-02 5.388620119257295782e-01
2.911309247818138490e-01 1.666831433410461416e-01 5.901389123208522491e-02 4.831720406450546457e-01
2.879774213578292219e-01 2.259682716087955678e-01 6.401863092337352346e-02 4.220356761100017562e-01
2.816976414888935909e-01 2.907202770661925784e-01 6.602337117105762376e-02 3.615587102738560543e-01
2.723161098740485286e-01 3.530268345749574821e-01 6.461296997885737636e-02 3.100440855721364186e-01
2.578248469819223732e-01 4.064480385787326844e-01 6.047061960544983933e-02 2.752564948338950268e-01
2.406797484072553672e-01 4.458254787730946966e-01 5.413189926288291404e-02 2.593628735567668486e-01
2.198127700597838352e-01 4.763465751263095127e-01 4.720868052387367647e-02 2.566319742900329826e-01
1.961921680604585549e-01 5.047633526623395150e-01 4.144370819482363910e-02 2.576007710823781105e-01
1.731894501968535560e-01 5.349272766843379268e-01 3.791129197257464556e-02 2.539719811462338162e-01
1.518951851329229663e-01 5.685604775442283376e-01 3.707668001220471715e-02 2.424676573106441524e-01
1.404349023635556304e-01 5.934572845943638653e-01 3.846355232280571773e-02 2.276442607192748768e-01
1.392112959804049088e-01 6.060445954729433149e-01 4.033583504615746024e-02 2.144082735004946283e-01
1.485093099771638836e-01 6.097511367485740630e-01 4.059721737072890385e-02 2.011423359035335034e-01
1.620311505585329548e-01 6.154351549488146222e-01 3.879181613477481610e-02 1.837418783578776138e-01
1.743224386470307863e-01 6.271341505735928967e-01 3.536955212710348601e-02 1.631738586522727963e-01
1.826144168979378646e-01 6.434201990269537985e-01 3.108912013700926638e-02 1.428762639380990185e-01
1.872482551662683070e-01 6.603956065474164694e-01 2.687758644509397055e-02 1.254785518412211420e-01
1.895451694076149829e-01 6.748262400090664359e-01 2.354934290436112507e-02 1.120792476789578690e-01
1.898993600115566338e-01 6.861887628152154583e-01 2.143922259827550289e-02 1.024726545749524570e-01
1.880125056930850025e-01 6.956313605182784521e-01 2.043035281693833874e-02 9.592578097169847384e-02
1.838550537039687627e-01 7.044076132811097901e-01 2.012142408759756695e-02 9.161590892732426883e-02
1.781027666403739995e-01 7.136788132228145676e-01 1.984754122788351741e-02 8.837087890892794673e-02
1.715617426848613791e-01 7.246588143043458663e-01 1.895705571685388224e-02 8.482238729393933030e-02
1.651306096802857559e-01 7.367787771028513344e-01 1.747505694695659570e-02 8.061555626990610235e-02
1.608057650580145548e-01 7.465241540936591313e-01 1.606488226306545045e-02 7.660519858526113057e-02
1.601726815004469451e-01 7.510873848259054242e-01 1.523934323871908338e-02 7.350059043492870869e-02
1.637034596809472664e-01 7.486738300477273622e-01 1.535728970785747889e-02 7.226542056346813014e-02
1.701958650306907017e-01 7.400551619769196732e-01 1.642866429421317373e-02 7.332030869817673935e-02
1.789581546514647792e-01 7.267953195959488966e-01 1.807672476559078756e-02 7.616980098699561996e-02
1.923306835208256904e-01 7.068192558647782286e-01 2.005486860178413988e-02 8.079519201261195493e-02
2.123082122549777850e-01 6.777864476808533878e-01 2.220481717272274405e-02 8.770052289144611435e-02
2.376671973553452777e-01 6.410492760952808400e-01 2.429620352745498826e-02 9.698732302191902244e-02
2.663188669199851311e-01 5.979385874073812612e-01 2.638178108674415698e-02 1.093607645858894056e-01
2.966093450380191676e-01 5.491243505162316518e-01 2.854866910029841415e-02 1.257176353454511064e-01
3.264418069092339669e-01 4.971186446849823470e-01 3.068808680887483500e-02 1.457514615969087157e-01
3.521253500069432274e-01 4.460349325418721533e-01 3.276959400220712942e-02 1.690701234489773719e-01
3.673745103722805827e-01 4.002354524245725353e-01 3.537418124361309951e-02 1.970158559595337200e-01
3.665091296089971751e-01 3.604739016573808019e-01 4.024883011339181610e-02 2.327681386202302138e-01
3.499510700090060489e-01 3.222696497424216155e-01 4.895434192193777456e-02 2.788249383266346304e-01
3.174766145776040660e-01 2.863238931020151701e-01 6.318012473440981491e-02 3.330193675859710045e-01
2.783283856442687609e-01 2.506153921654420413e-01 8.236104246490230651e-02 3.886951797253868635e-01
2.386662600340720697e-01 2.171107355984958076e-01 1.039028893206722509e-01 4.403201150467597746e-01
1.994195806613383304e-01 1.871458714995270500e-01 1.249226921344040175e-01 4.885118557047307131e-01
1.630456108706969387e-01 1.601085251036563351e-01 1.399990859084280503e-01 5.368467781172187037e-01
1.316319551989107994e-01 1.364756177833854056e-01 1.452980806435802685e-01 5.865943463741234432e-01
1.069376793934544018e-01 1.174657795065299493e-01 1.414109767652378669e-01 6.341855643347780180e-01
8.958324059726847921e-02 1.041736849202284515e-01 1.333283417270359483e-01 6.729147327554672042e-01
7.894125157283107819e-02 9.779001463411579609e-02 1.251684001299789850e-01 6.981003336630738909e-01
7.387119513850930186e-02 9.875096836739145900e-02 1.189326274593190957e-01 7.084452090347799214e-01
7.275426461956466251e-02 1.056751895341138392e-01 1.150056763786092145e-01 7.065648694677123531e-01
7.365743617562688084e-02 1.161324137342410745e-01 1.128766105366244554e-01 6.973335395535072978e-01
7.517597197976243206e-02 1.278619099117530578e-01 1.122167955441092657e-01 6.847453225643754804e-01
7.679890377506715105e-02 1.391697332413697752e-01 1.122598683633570654e-01 6.717714946202061332e-01
7.876570593307118118e-02 1.486766846171137801e-01 1.126077505054612626e-01 6.599498589443537622e-01
8.140393400455651907e-02 1.555532947155828238e-01 1.140942867877604017e-01 6.489484844920999640e-01
4.904372905732506255e-02 8.673903426564114616e-01 6.162493742613453507e-02 2.194099086012916283e-02
5.479765527958468940e-02 8.258133678458773330e-01 9.255965277071863395e-02 2.682932410381892036e-02
6.118467176902393084e-02 7.784245826705536997e-01 1.292000533754680269e-01 3.119069218495451254e-02
6.432685056433487536e-02 7.348019288812190908e-01 1.668846612950218300e-01 3.398655925942443978e-02
6.556068587664014291e-02 6.983462281607597522e-01 2.008111844485610253e-01 3.528190151403912123e-02
6.588049655508389224e-02 6.645528331654986243e-01 2.332394300182252800e-01 3.632724026119222432e-02
6.711851551567350749e-02 6.279082887781770594e-01 2.665635314956458224e-01 3.840966421050337476e-02
6.983005344725176644e-02 5.891788417642030984e-01 2.991317291700324454e-01 4.185937561851261340e-02
7.366553904953408727e-02 5.553914058205755566e-01 3.248608013398714967e-01 4.608225379001891497e-02
7.832021189855857546e-02 5.348272154006189494e-01 3.371616976035428648e-01 4.969087509727966590e-02
8.381465823043011965e-02 5.319772426850839508e-01 3.330958982351130970e-01 5.111220084937261737e-02
8.959273903069492340e-02 5.494169070335397365e-01 3.121054655246766618e-01 4.888488841108900446e-02
9.426419402497671074e-02 5.880071634957314552e-01 2.752608563427417221e-01 4.246778613654993845e-02
9.755742368769394768e-02 6.375469149218340181e-01 2.305153083397716851e-01 3.438035305070075848e-02
1.002735385784001149e-01 6.848274477829462414e-01 1.876161362586785120e-01 2.728287737997522194e-02
1.032155421354422481e-01 7.252640584811456126e-01 1.498505158170361506e-01 2.166988356637611704e-02
1.060863328818908435e-01 7.602535480901001508e-01 1.165433658192654293e-01 1.711675320874312886e-02
1.074609001255815433e-01 7.915691875504652364e-01 8.760674257037405488e-02 1.336316975357913078e-02
1.070201214932003375e-01 8.185317847304218741e-01 6.404710678629278731e-02 1.040098699008541738e-02
1.059850817851713811e-01 8.392820773957949676e-01 4.650585048757545359e-02 8.226990331458221978e-03
1.054706377009599627e-01 8.531242367992282194e-01 3.466401603527372727e-02 6.741109464538165216e-03
1.070135556066731247e-01 8.599906759043443039e-01 2.724280388961203628e-02 5.752964599370359068e-03
1.109276870206855614e-01 8.612631097076689501e-01 2.262475020893492741e-02 5.184453062710456944e-03
3.188914999937007000e-01 6.566556235910199213e-01 1.314921737630009822e-02 1.130365903897941580e-02
2.758209760468803839e-01 7.032825968109838177e-01 1.124709895625805242e-02 9.649328185877907235e-03
2.234188536042076567e-01 7.588404104537251893e-01 9.868136904262870754e-03 7.872599037804356090e-03
1.724726069569860187e-01 8.114476807681634263e-01 9.543342895825670386e-03 6.536369379024803937e-03
1.284103699317215852e-01 8.558075135972185166e-01 1.021792404316325051e-02 5.564192427896619969e-03
9.612509584706019350e-02 8.870195776425668921e-01 1.190280865397222443e-02 4.952517856400592833e-03
7.996693397911883161e-02 9.007022876098235153e-01 1.457434441025098892e-02 4.756434000806528811e-03
7.539655248841727053e-02 9.006851330858640647e-01 1.891668008048473862e-02 5.001634345233867129e-03
7.851490956816467581e-02 8.906852677691253772e-01 2.527417790539019868e-02 5.525644757319761284e-03
8.558348214382724417e-02 8.762560340717565621e-01 3.220492338754937095e-02 5.955560396866899954e-03
9.075017642048156807e-02 8.675567729364094260e-01 3.584522511020698382e-02 5.847825532902062827e-03
9.450343311190256834e-02 8.665717994625561360e-01 3.386994563024720711e-02 5.054821795293837003e-03
9.066376486771811349e-02 8.777304134672117009e-01 2.772797580822884342e-02 3.877845856841425059e-03
8.102953616618954746e-02 8.958890345121143239e-01 2.039263502927266686e-02 2.688794292423487761e-03
6.871088183730797438e-02 9.154005330976131560e-01 1.410650912622906684e-02 1.782075938849840471e-03
5.849412714103941618e-02 9.303974657073208476e-01 9.846121950188290242e-03 1.262285201451670376e-03
5.269048959861593467e-02 9.390422662915732799e-01 7.241738714001982706e-03 1.025505395808889476e-03
4.976472141831963375e-02 9.439505840707219653e-01 5.389490658407679324e-03 8.952038525508784327e-04
4.786010009250591529e-02 9.475596992367359972e-01 3.818892006519070386e-03 7.613086642387495440e-04
4.717039867824931315e-02 9.495906635857394029e-01 2.609534557621511191e-03 6.294031783896594399e-04
4.730655775918886363e-02 9.503793025797977467e-01 1.794516804955787912e-03 5.196228560577186018e-04
4.643495077813644678e-02 9.518355580130775095e-01 1.294207833837515654e-03 4.352833749485033568e-04
4.260355870155748542e-02 9.560261251173909347e-01 1.001130986869671084e-03 3.691851941819253237e-04
3.613951717864107016e-02 9.626979513699800428e-01 8.432368919171186411e-04 3.192945594617892561e-04
2.968213056249297335e-02 9.692262312543424851e-01 7.979027119075123974e-04 2.937354712572501749e-04
2.575005698676954488e-02 9.730377597338611961e-01 8.965682491619648628e-04 3.156150302069292359e-04
2.594101490680984431e-02 9.723352449492138616e-01 1.279352344944148425e-03 4.443877990322749418e-04
3.160966949480249755e-02 9.652463554695622783e-01 2.313631740556465997e-03 8.303432950792113791e-04
4.539420598293059106e-02 9.477996430632853464e-01 4.908899494454217576e-03 1.897251459329903295e-03
7.182053991785476710e-02 9.125970668535000607e-01 1.090047128950994565e-02 4.681921939135115507e-03
1.164192543868311780e-01 8.490410510721042581e-01 2.319728817168863547e-02 1.134240636937577582e-02
1.820607759552763105e-01 7.459630990300344378e-01 4.568986060465216742e-02 2.628626441003735839e-02
2.529478854942006083e-01 6.076355120370688923e-01 8.168798559840494133e-02 5.772861687032519729e-02
2.994562166595208241e-01 4.583092599030111347e-01 1.260557037017417670e-01 1.161788197357260105e-01
2.949871362943007336e-01 3.337271939873449611e-01 1.645266591677371770e-01 2.067590105506167397e-01
2.506199558833470675e-01 2.431440326861807333e-01 1.869808636219650322e-01 3.192551478085072780e-01
1.974440791599311462e-01 1.814757256663584173e-01 1.912346790165811994e-01 4.298455161571291816e-01
1.538707205570779557e-01 1.377471066000002797e-01 1.887036105459002078e-01 5.196785622970214735e-01
1.226601700465875661e-01 1.066587142545482036e-01 1.859601598026022762e-01 5.847209558962619402e-01
1.006843747132276506e-01 8.625545485240193599e-02 1.842328614265065778e-01 6.288273090078642102e-01
8.473385522202413200e-02 7.253135747318828486e-02 1.846633050759874106e-01 6.580714822287999644e-01
7.242929128895163327e-02 6.357466455490894119e-02 1.869894302089209204e-01 6.770066139472185052e-01
6.311528223575157970e-02 5.706111665247150938e-02 1.935745413535218951e-01 6.862490597582551199e-01
5.677140910331350543e-02 5.374791727880802450e-02 2.070547413090739475e-01 6.824259323088044393e-01
5.348902978456577390e-02 5.366548769496359839e-02 2.291126314595541280e-01 6.637328510609166177e-01
5.299003474711732470e-02 5.610978246040305983e-02 2.566592222721423289e-01 6.342409605203371825e-01
5.470196721425499981e-02 5.983429134584229703e-02 2.830455401580693198e-01 6.024182012818333209e-01
5.754718092620013381e-02 6.348396356437999155e-02 3.041125546404858659e-01 5.748563008689338005e-01
5.996498573644586105e-02 6.600005646501602707e-02 3.218635248256455084e-01 5.521714329728925064e-01
6.085000491092996955e-02 6.719991952772293164e-02 3.410454734130081156e-01 5.309046021483390110e-01
6.076966054346660817e-02 6.868671495126187077e-02 3.624526505162420364e-01 5.080909739890292487e-01
6.126163548760706068e-02 7.250349368914345283e-02 3.815874192745251081e-01 4.846474515487243506e-01
6.298862329453244757e-02 7.902598149135818539e-02 3.939718859696184627e-01 4.640135092444907516e-01
6.558492785272382330e-02 8.730924417772793766e-02 4.011836446989543448e-01 4.459221832705937416e-01
6.789668141271090751e-02 9.619775417907007464e-02 4.088011367274633767e-01 4.271044276807554052e-01
6.833592838927370072e-02 1.045035910257412770e-01 4.217550455193488368e-01 4.054054350656360328e-01
6.604415014875024414e-02 1.104386548350290154e-01 4.409532136688525394e-01 3.825639813473684092e-01
6.185159982891753894e-02 1.132138454647878545e-01 4.628900620971339586e-01 3.620444926091607174e-01
5.758303990689377788e-02 1.140641159504642010e-01 4.825179302158986716e-01 3.458349139267434258e-01
5.444009980713066660e-02 1.138984848341118156e-01 4.962502556174162027e-01 3.354111597413415025e-01
5.254805436911594990e-02 1.120736063865382243e-01 5.020883207210610211e-01 3.332900185232846035e-01
5.108707519119428525e-02 1.075985161597183548e-01 4.995362935302177787e-01 3.417781151188696853e-01
4.890813892808557051e-02 1.002461147294874122e-01 4.904996066637237195e-01 3.603461396787033255e-01
4.596414965382448342e-02 9.063946851937826343e-02 4.789906928712856504e-01 3.844056889555116929e-01
4.314228316228298915e-02 8.053499525685911542e-02 4.721688521675329042e-01 4.041538694133250953e-01
4.129821758748521837e-02 7.237210954362968685e-02 4.761123853052142141e-01 4.102172875636709293e-01
4.096239643771648620e-02 6.774090703122026547e-02 4.883929184450347960e-01 4.029037780860287299e-01
4.251634199340218606e-02 6.691018238307953891e-02 4.983016982601224387e-01 3.922717773633958571e-01
4.574184778329378614e-02 6.923478341270045133e-02 4.972972335567191204e-01 3.877261352472864409e-01
4.970556847399432154e-02 7.357000294638425808e-02 4.847575938627231573e-01 3.919668347168984712e-01
5.381373852083334158e-02 7.919726072244447079e-02 4.620413473829766415e-01 4.049476533737453865e-01
5.890207192232861655e-02 8.591148477204373080e-02 4.271841902565172711e-01 4.280022530491105481e-01
6.399978733215171134e-02 9.481595430078590403e-02 3.763832863691523034e-01 4.648009719979100396e-01
6.996543207356377414e-02 1.055616328292658113e-01 3.087677084586200049e-01 5.157052266385505623e-01
7.608584533616344348e-02 1.187082174765123066e-01 2.332736908038016144e-01 5.719322463835225800e-01
8.133158931930750679e-02 1.347069175589266365e-01 1.660318507445092129e-01 6.179296423772567826e-01
8.573927021249445890e-02 1.520709785966859184e-01 1.179196286815135802e-01 6.442701225093062645e-01
9.008992522848811857e-02 1.688025443764783751e-01 8.950510330446888319e-02 6.516024270905642624e-01
9.436194598851205262e-02 1.876389589553265624e-01 7.313594473798777640e-02 6.448631503181735392e-01
9.858869053704126528e-02 2.078048353442278062e-01 6.319778772000500533e-02 6.304086863987259370e-01
1.029049962005054025e-01 2.241408391923036258e-01 5.677970093547183433e-02 6.161744636717192414e-01
1.071140772439338196e-01 2.322501442135413152e-01 5.223748127099082927e-02 6.083982972715340498e-01
1.104486771424764424e-01 2.336174375517871549e-01 4.832483104423700160e-02 6.076090542614995815e-01
1.128066693849389401e-01 2.341321316137352226e-01 4.440573704459485627e-02 6.086554619567311475e-01
1.155235118903637226e-01 2.394306075296161740e-01 4.044449506272015937e-02 6.046013855173001383e-01
1.195395954935514343e-01 2.546883641007040566e-01 3.657851609901075635e-02 5.891935243067336625e-01
1.277631696886992740e-01 2.830968704613334164e-01 3.301842636010602489e-02 5.561215334898613749e-01
1.377196573805479496e-01 3.281158313796865289e-01 3.009765461099968981e-02 5.040668566287656027e-01
1.471956966980102754e-01 3.841254241860975749e-01 2.843169733582204609e-02 4.402471817800700515e-01
