1.256604399409324418e-02 1.259218133625976919e-03 1.048009418598864206e-01 8.813737960123944060e-01
9.282275662700924246e-02 2.628621598419061955e-01 4.851195879679198741e-02 5.958031247342920889e-01
9.292749335838040858e-02 2.296943865637392501e-01 4.347036553568757455e-02 6.339077545421928361e-01
9.759252673892294949e-02 2.032090607507138769e-01 4.146326211592471500e-02 6.577351503944384170e-01
1.050049650373052618e-01 1.855826826837571608e-01 4.086894010000150651e-02 6.685434121789359807e-01
1.156159694808224919e-01 1.778548032036453841e-01 4.075532465793466758e-02 6.657739026575975050e-01
1.316227119301364157e-01 1.813952675948014015e-01 4.131454856486196231e-02 6.456674719102004634e-01
1.550230767538854637e-01 1.975171650541501789e-01 4.286632628487789531e-02 6.045934319070860319e-01
1.861969324734885634e-01 2.273468868936209530e-01 4.559094660675749172e-02 5.408652340261331792e-01
2.236472588021125307e-01 2.670944651647385593e-01 4.942844690525587809e-02 4.598298291278931083e-01
2.661918066858877108e-01 3.064443864403110784e-01 5.390752228446898248e-02 3.734562845893323324e-01
3.150475084701392370e-01 3.351002333773636654e-01 5.780566979546074985e-02 2.920465883570364518e-01
3.674197616413088507e-01 3.490843575167536517e-01 6.022893810817295246e-02 2.232669427337642121e-01
4.202809765958086530e-01 3.457961650415899424e-01 6.118458731355057301e-02 1.727382710490506790e-01
4.685209402624448960e-01 3.271416897665461176e-01 6.298168267547314680e-02 1.413556872955359089e-01
5.099891227036867924e-01 2.959660929572587862e-01 6.804140646727319108e-02 1.260033778717810637e-01
5.416881522945321548e-01 2.571678618606223488e-01 7.807620343289511933e-02 1.230677824119505714e-01
5.550977914134211932e-01 2.191323154515456006e-01 9.516290554827623593e-02 1.306069875867570396e-01
5.363758023858493651e-01 1.947603445316773707e-01 1.221400121366638947e-01 1.467238409458094806e-01
4.863791089498463172e-01 1.866935773196332637e-01 1.602024169109862728e-01 1.667248968195340353e-01
4.176272702086361588e-01 1.916448389899640392e-01 2.077643060799034269e-01 1.829635847214961253e-01
3.478390887819649557e-01 2.036674911179682246e-01 2.579649684706352697e-01 1.905284516294317720e-01
2.909099527197936963e-01 2.164863001072576676e-01 3.031849718508614622e-01 1.894187753220872295e-01
2.475846106860647988e-01 2.318282127042351759e-01 3.386785738082298547e-01 1.819086028014702816e-01
2.167624632209445845e-01 2.496535965915183675e-01 3.627351988205408939e-01 1.708487413669966815e-01
1.945935630673815420e-01 2.711969691086214551e-01 3.754911837747742509e-01 1.587182840492226410e-01
1.765399686443749061e-01 2.971404843072392166e-01 3.792517192097670797e-01 1.470678278386187976e-01
1.633037744551572579e-01 3.250428325867940060e-01 3.748391681483337345e-01 1.368142248097150016e-01
1.542681739591885148e-01 3.535686479404111515e-01 3.637579025294164214e-01 1.284052755709838289e-01
1.499256167662721406e-01 3.806724695189011021e-01 3.475318334011771593e-01 1.218700803136494454e-01
1.509696148107201596e-01 4.052342025597919783e-01 3.270854248113259088e-01 1.167107578181622168e-01
1.542554116348773263e-01 4.309307796077881392e-01 3.032077136671350037e-01 1.116060950901994614e-01
1.586031758111092205e-01 4.608163624549433401e-01 2.755597686500550481e-01 1.050206930838922248e-01
1.609726926749006914e-01 4.990479152201516833e-01 2.436737962885749120e-01 9.630559581637261612e-02
1.612283953928162761e-01 5.383486608984102695e-01 2.139804946782778161e-01 8.644244903049591588e-02
1.606107709086522783e-01 5.752391933355024412e-01 1.868059360133686453e-01 7.734409974247663522e-02
1.644491461591394421e-01 5.976011125660416479e-01 1.670519836394316338e-01 7.089775763538740116e-02
1.766721216543500894e-01 5.985579934976029692e-01 1.565527218233378204e-01 6.821716302470944016e-02
1.989551630488688438e-01 5.780807241451823009e-01 1.539397934708817972e-01 6.902431933506722461e-02
2.310346800695500524e-01 5.424035635279168543e-01 1.548990436957019545e-01 7.166271270683156891e-02
2.716390241746682310e-01 4.981271206037502508e-01 1.554940521372900619e-01 7.473980308429126196e-02
3.169927343847749879e-01 4.502557033086475036e-01 1.544491222415906029e-01 7.830244006498686404e-02
3.600551451540084935e-01 4.048622206935074130e-01 1.523906544514314343e-01 8.269197970105265916e-02
3.948634617518590462e-01 3.670057229442641455e-01 1.503482979853441592e-01 8.778251731853241313e-02
4.189100241042999495e-01 3.374497175368498803e-01 1.498458594019846657e-01 9.379439895686554618e-02
4.341020707339841023e-01 3.121542231657234434e-01 1.523027843559979222e-01 1.014409217442946570e-01
4.356826127074634458e-01 2.923050947486027229e-01 1.605196854751541335e-01 1.114926070687796700e-01
4.286166927670527205e-01 2.756357543927839271e-01 1.716606752281973625e-01 1.240868776119658790e-01
4.168234840271758390e-01 2.619141403699918880e-01 1.813815143761667859e-01 1.398808612266654594e-01
4.036514576257319575e-01 2.485146229140335616e-01 1.872893528558295384e-01 1.605445666044051367e-01
3.919227263585940424e-01 2.333131980932494354e-01 1.882918864537898307e-01 1.864721890943667471e-01
3.783544748428293025e-01 2.180491525525033447e-01 1.870733788533607833e-01 2.165229937513062086e-01
3.670628758851351425e-01 2.005654057094988507e-01 1.814928689136597051e-01 2.508788494917063017e-01
3.506075444299660560e-01 1.786436672806440973e-01 1.771527046568856234e-01 2.935960836325041678e-01
3.231331685436631407e-01 1.512857089132829957e-01 1.779939313193974748e-01 3.475871912236561112e-01
2.861579169433512981e-01 1.213585458164687797e-01 1.860395664785209902e-01 4.064439707616591679e-01
2.480992968275594346e-01 9.297996190254821658e-02 1.980612696106925363e-01 4.608594716591998819e-01
2.119309907704875484e-01 6.821830047604587888e-02 2.085918067816009414e-01 5.112589019718658534e-01
1.771284945722275128e-01 4.999875957112169533e-02 2.130319663505274019e-01 5.598407795061234316e-01
1.469669920047284861e-01 3.812513413903739767e-02 2.114312117837109928e-01 6.034766620725229291e-01
1.222840042479979017e-01 2.991788082786221020e-02 2.083800754868783134e-01 6.394180394372620535e-01
1.039763055791014940e-01 2.452446149380654514e-02 2.058939598951970151e-01 6.656052730318953170e-01
9.087038396873681201e-02 2.104297006230524195e-02 2.061481062061260583e-01 6.819385397628320300e-01
8.138801943629023206e-02 1.888361278066331278e-02 2.074442843823390281e-01 6.922840834007076838e-01
7.420907236344029267e-02 1.756564270225868113e-02 2.074346375114486385e-01 7.007906474228527971e-01
6.885425334240896644e-02 1.678270222980642393e-02 2.091366093157394079e-01 7.052264351120450803e-01
6.500844986034333417e-02 1.628710402197574778e-02 2.160009909456509225e-01 7.027034551720295896e-01
6.217229271980562882e-02 1.608226081599921711e-02 2.273236232792042455e-01 6.944218231849909051e-01
6.002800996103904024e-02 1.627273321946938467e-02 2.419163285127789997e-01 6.817829283067124990e-01
5.845045529121007527e-02 1.653368271655818872e-02 2.613459825920556034e-01 6.636698794001759660e-01
5.807922148101891252e-02 1.655784516483757574e-02 2.835432900999387273e-01 6.418196432542047081e-01
6.022638911768686543e-02 1.660444048248973029e-02 3.022505115109982987e-01 6.209186588888250258e-01
4.738014326898425457e-03 1.481561840895506384e-03 9.841387166549663279e-01 9.641707177239835017e-03
5.005189298827863453e-01 4.682063221113252904e-02 1.328410973840474518e-01 3.198193405220335905e-01
3.856631195665075618e-01 3.895117983739718875e-02 1.224103633411788156e-01 4.529753372549164547e-01
2.985366651949206140e-01 3.324364744781155984e-02 1.110238108982757183e-01 5.571958764589923785e-01
2.482294161748274108e-01 3.148384603410023935e-02 1.091131851967799132e-01 6.111735525942925129e-01
2.301437717291612284e-01 3.426965243990141852e-02 1.215795740674946029e-01 6.140070017634426947e-01
2.341494751310445044e-01 4.148656936485399516e-02 1.481880868379347183e-01 5.761758686661667683e-01
2.501899446141549466e-01 5.237894842967085601e-02 1.842047228992362562e-01 5.132263840569378788e-01
2.710277173673908413e-01 6.535187243911624866e-02 2.227558911463867752e-01 4.408645190471059960e-01
2.920338716048109240e-01 7.841725124371758116e-02 2.569390530063420108e-01 3.726098241451292203e-01
3.114754921298991674e-01 8.974842912897877667e-02 2.817737099369978515e-01 3.170023688041241905e-01
3.305302213277737100e-01 9.796224797902468306e-02 2.975983756050371576e-01 2.739091550881639914e-01
3.499366195174041794e-01 1.024155722505057375e-01 3.105013772007458872e-01 2.371464310313443347e-01
3.755013089089886957e-01 1.041463631975141774e-01 3.189317807162189711e-01 2.014205471772779754e-01
4.108535033608270437e-01 9.939301523463789367e-02 3.229225094792377848e-01 1.668309719252973888e-01
4.551944949037546317e-01 8.998782929457375956e-02 3.176272817754534628e-01 1.371903940262180210e-01
5.065837436312102815e-01 7.890400437986674897e-02 2.986421728270645670e-01 1.158700791618586384e-01
5.664497191175559276e-01 6.801744795085135076e-02 2.638455290060908731e-01 1.016873039255018485e-01
6.405627577776895620e-01 5.886570486949473796e-02 2.097119867886869937e-01 9.085955056412874098e-02
7.241966449169151554e-01 5.057300291091822164e-02 1.452817737520098740e-01 7.994857842015662408e-02
7.994797012983873019e-01 4.286738817573843702e-02 8.879714114197538588e-02 6.885576938389895152e-02
8.526338770139947343e-01 3.631169418190913212e-02 5.118545920780074449e-02 5.986896959629545850e-02
8.842406248476222252e-01 3.143579663450167538e-02 2.996822556162144491e-02 5.435535295625499447e-02
8.999958536202459225e-01 2.856079811287926679e-02 1.860585336957187169e-02 5.283749489730300147e-02
9.045926670348218845e-01 2.753237653735303436e-02 1.239613589555898891e-02 5.547882053226586840e-02
9.005839076577091262e-01 2.801278403423003438e-02 8.874934535006300668e-03 6.252837377305471567e-02
8.880679413580702120e-01 3.010021277496206793e-02 6.855099023150424201e-03 7.497674684381688825e-02
8.655846652207513925e-01 3.412237912221425390e-02 5.701584192295594371e-03 9.459137146473886593e-02
8.336134157497755437e-01 4.009683704160218326e-02 5.051768014452248309e-03 1.212379791941698981e-01
7.978507567735358963e-01 4.796113424265411457e-02 4.678859344823154028e-03 1.495092496389867354e-01
7.685005300684154550e-01 5.657497466643565676e-02 4.356633838549821974e-03 1.705678614265991322e-01
7.547423420236102354e-01 6.296296913178114907e-02 3.915951244228638162e-03 1.783787376003801439e-01
7.605091211048208288e-01 6.447336802658937271e-02 3.368413144002318539e-03 1.716490977245874738e-01
7.859347413967371354e-01 5.999114887184026773e-02 2.751355652799140298e-03 1.513227540786232506e-01
8.255829478967549040e-01 5.048063553538391368e-02 2.122831143186587957e-03 1.218135854246745614e-01
8.689216596533154702e-01 3.854147306849709659e-02 1.591309168203988451e-03 9.094555810998336542e-02
9.050160112418359493e-01 2.761154790899430708e-02 1.249943114872454969e-03 6.612249773429716704e-02
9.280553671730810139e-01 1.991375996689695102e-02 1.126577594322081917e-03 5.090429526570006136e-02
9.390289421564452788e-01 1.541904591149195931e-02 1.226965940385529863e-03 4.432504599167724768e-02
9.409515241858054102e-01 1.311327177168417416e-02 1.607472896859384265e-03 4.432773114565072975e-02
9.355517159672347427e-01 1.206072908767769764e-02 2.453344561992083610e-03 4.993421038309542315e-02
9.221469923655692957e-01 1.176252005502404115e-02 4.260346667807196619e-03 6.183014091159951681e-02
8.980228638551120968e-01 1.204244112138222814e-02 8.208938071972426975e-03 8.172575695153327935e-02
8.571245974339346541e-01 1.298679477018443128e-02 1.715230162953476981e-02 1.127363061663462507e-01
7.869291128107110955e-01 1.534628849206259339e-02 3.796065451920459938e-02 1.597639441780218661e-01
6.771149739418000912e-01 1.784717480466357573e-02 8.233955160963425668e-02 2.226982996439020035e-01
5.378447487153141804e-01 1.935059408914277870e-02 1.579850185368901760e-01 2.848196386586530071e-01
4.044546140752028895e-01 1.887597478492850089e-02 2.557563822489650751e-01 3.209130288909037843e-01
3.005510772208017101e-01 1.692598630956087050e-02 3.604113413221176621e-01 3.221115951475197470e-01
2.269904789019188962e-01 1.454097904924306871e-02 4.611866590977435343e-01 2.972818829510945338e-01
1.790204346881661135e-01 1.259991499613882619e-02 5.469989348731739698e-01 2.613807154425211721e-01
1.514186572277322895e-01 1.159213978747379581e-02 6.123445301815090280e-01 2.246446728032850115e-01
1.406619854526628965e-01 1.093256306820589337e-02 6.588610283943064916e-01 1.895444230848245259e-01
1.410732384831144548e-01 1.071011817474936366e-02 6.914727642401512497e-01 1.567438791019849231e-01
1.502137607725348989e-01 1.038271267347900054e-02 7.130571804365216648e-01 1.263463461174641755e-01
1.647382457841467807e-01 9.803745848590514692e-03 7.266048102302565814e-01 9.885319813700557678e-02
1.806009826688735886e-01 9.149705739121050119e-03 7.342796949232244241e-01 7.596961666878085384e-02
1.935101956022097780e-01 8.629756340617692617e-03 7.393088784947550174e-01 5.855116956241732812e-02
2.020020909364067252e-01 8.555852809140389315e-03 7.428520570721642846e-01 4.658999918228840659e-02
2.104464350100592740e-01 9.338907391260220861e-03 7.405959738989695840e-01 3.961868369971045800e-02
2.262560960762487750e-01 1.119237291358347181e-02 7.262466582711846197e-01 3.630487273898326539e-02
2.559055095219966436e-01 1.403335157144901257e-02 6.951929233463600699e-01 3.486821556019421842e-02
3.021365877336257277e-01 1.784812400780282429e-02 6.460141193842373619e-01 3.400116887433417973e-02
3.612665322826673631e-01 2.260752923382310792e-02 5.834856467708618988e-01 3.264029171264751922e-02
4.261306108313084318e-01 2.813400822772372731e-02 5.154287847094558561e-01 3.030659623151223461e-02
4.898134435538200049e-01 3.443668889973960229e-02 4.482687849697742921e-01 2.748108257666604867e-02
5.465174459320644162e-01 4.186089714569372899e-02 3.865974680628985749e-01 2.502418885934317230e-02
5.912243947608933903e-01 5.087496966719261965e-02 3.343383222701380997e-01 2.356231330177555386e-02
6.204476304762081007e-01 6.193959997885828406e-02 2.941967250275575596e-01 2.341604451737586828e-02
6.328107732612290315e-01 7.568917999512012051e-02 2.665192781517208287e-01 2.498076859193024482e-02
6.275333175994903812e-01 9.423509437309571246e-02 2.495824759247997626e-01 2.864911210261424784e-02
6.103740758137966571e-01 1.155242024504292836e-01 2.399616024764466837e-01 3.414011925932708413e-02
3.938310997518471718e-02 6.780299554831427161e-04 7.473089402745015930e-02 8.852079660418822327e-01
2.925123832507253718e-01 2.408371708361562932e-02 4.513278022892231456e-01 2.320760973764357527e-01
2.859385848341059466e-01 2.171366690526701712e-02 3.919886054851484114e-01 3.003591427754785936e-01
2.717860953416321168e-01 1.918239725636733395e-02 3.233000579564348498e-01 3.857314494455654774e-01
2.429006163863162981e-01 1.645183599609014238e-02 2.542034233689190459e-01 4.864441242486746697e-01
1.998948542502281822e-01 1.362266102108280162e-02 1.935272427504045323e-01 5.929552419782845307e-01
1.535854323343348593e-01 1.108977307019131525e-02 1.464469774611929231e-01 6.888778171342808676e-01
1.145110351085312089e-01 9.040963129987896266e-03 1.137583214143405297e-01 7.626896803471405750e-01
8.595781263603542721e-02 7.421756944262962799e-03 9.315215176112814910e-02 8.134682786585734071e-01
6.714796427148900237e-02 6.256640168699112783e-03 8.217432702744700834e-02 8.444210685323645382e-01
5.559874318830965861e-02 5.582598139320120792e-03 7.941548506939920260e-02 8.594031736029709156e-01
4.880173028509397076e-02 5.355228900812697077e-03 8.393806629692485144e-02 8.619049745171684096e-01
4.571721477608706868e-02 5.589808017603225231e-03 9.521823279241357907e-02 8.534747444138960359e-01
4.550945445111519161e-02 6.205747324372676461e-03 1.117086555296156608e-01 8.365761426948965518e-01
4.739238657055889342e-02 7.015708883734074475e-03 1.304870622453324081e-01 8.151048423003746102e-01
5.114738472268923891e-02 7.882991462668567303e-03 1.490213347747373629e-01 7.919482890399046626e-01
5.600338321313335505e-02 8.637439238654759377e-03 1.660259877351705771e-01 7.693331898130413293e-01
6.101636585902935062e-02 9.254862751638717397e-03 1.819683845421344315e-01 7.477603868471975890e-01
6.579899491062085604e-02 9.755279752637013857e-03 1.970036909491082178e-01 7.274420343876334405e-01
7.051399979452724343e-02 1.009537048613631978e-02 2.090606946702807112e-01 7.103299350490560604e-01
7.555146864529999062e-02 1.022078061775438633e-02 2.143989204942699234e-01 6.998288302426757257e-01
7.980398974338726026e-02 9.892596517932091341e-03 2.103908541196755633e-01 6.999125596190050036e-01
8.103668270681463337e-02 9.095008087621758719e-03 1.979318436228111044e-01 7.119364655827523647e-01
7.806613818833769980e-02 8.147992717334070351e-03 1.807615456122466657e-01 7.330243234820815745e-01
7.175021992585992048e-02 7.242738696804269100e-03 1.618497196728031773e-01 7.591573217045325395e-01
6.471962323996116595e-02 6.478184821876062545e-03 1.428914516680116487e-01 7.859107402701509537e-01
5.972327250489329470e-02 6.055467075634950701e-03 1.273784469466331948e-01 8.068428134728387047e-01
5.766772737923368114e-02 6.182859707112292949e-03 1.198546066061706855e-01 8.162948063074831895e-01
5.755244544406282192e-02 6.940783220003119737e-03 1.225403963463601864e-01 8.129663749895734703e-01
5.710758763620078088e-02 8.073801319437346607e-03 1.341126363033415536e-01 8.007059747410203432e-01
5.463986631371250957e-02 9.029376210628234020e-03 1.501224197760279155e-01 7.862083376996313877e-01
5.075616998239764616e-02 9.517372462535938007e-03 1.642905794648753526e-01 7.754358780901910997e-01
4.638440430946725451e-02 9.514158454838706619e-03 1.722676861694613648e-01 7.718337510662327539e-01
4.197888650577037695e-02 9.132884524906197468e-03 1.759362335739173555e-01 7.729519953954060441e-01
3.812817489975010160e-02 8.634819560608636077e-03 1.801619044624997446e-01 7.730751010771416132e-01
3.510847198944083702e-02 8.163946635492925694e-03 1.876494419755085630e-01 7.690781393995573811e-01
3.336543728849685614e-02 7.900693731439019027e-03 1.985927530276129227e-01 7.601411159524512628e-01
3.325869323090085983e-02 7.931407805171198505e-03 2.122881271979043249e-01 7.465217717660234120e-01
3.468336422152210052e-02 8.154573243726377652e-03 2.284274233474956339e-01 7.287346391872558948e-01
3.750425637120309574e-02 8.564282908529072605e-03 2.484780111538834602e-01 7.054534495663842275e-01
4.110555727305199858e-02 9.189188082323836160e-03 2.729971034000849284e-01 6.767081512445390912e-01
4.383274298049431167e-02 9.893099350834802866e-03 2.987308411803955566e-01 6.475433164882753445e-01
4.370321139213363681e-02 1.027163892431826216e-02 3.203777070412585082e-01 6.256474426422893309e-01
3.985265536380453583e-02 9.817193220069374282e-03 3.346530449132844032e-01 6.156771065028417977e-01
3.337230126336365732e-02 8.539589142160068647e-03 3.418428451908535615e-01 6.162452644036225946e-01
2.638419773336596677e-02 6.924281532354035866e-03 3.465823144327935812e-01 6.201092063014861377e-01
2.022098008003016256e-02 5.318017622834146640e-03 3.539618308503504895e-01 6.204991714467854580e-01
1.542177953654628314e-02 3.956168316722691834e-03 3.636386453860787626e-01 6.169834067606519978e-01
1.198586053090628344e-02 2.905756722404060841e-03 3.721616387397784775e-01 6.129467440069114037e-01
9.651292302430605416e-03 2.133183114235763511e-03 3.796298688375590591e-01 6.085856557457745009e-01
8.195277816029035087e-03 1.607117272742423619e-03 3.883470206007678671e-01 6.018505843104604569e-01
7.388057511930514430e-03 1.261371152724590199e-03 3.970291418370514025e-01 5.943214294982936963e-01
6.992452446894387511e-03 1.027198993641743321e-03 3.997909657603815892e-01 5.921893827990821757e-01
6.789477702992859597e-03 8.656429380791226449e-04 3.915793226032605046e-01 6.007655567556675624e-01
6.558820198303208851e-03 7.510141173403408294e-04 3.708896016370447080e-01 6.218005640473117657e-01
6.174331679830359458e-03 6.649900427786357374e-04 3.378618121261208196e-01 6.552988661512700874e-01
5.630613746731231994e-03 5.945419457835431423e-04 2.940111340524790839e-01 6.997637102550061661e-01
5.001220372329152550e-03 5.336705889933079884e-04 2.455471087210986114e-01 7.489180003175789357e-01
4.442360075023885774e-03 4.959183926084335340e-04 2.053035123128499895e-01 7.897582092195178927e-01
4.059963044248302705e-03 4.931082359172689247e-04 1.830956507215428242e-01 8.123512779982915433e-01
3.865646557391700863e-03 5.220749741462051919e-04 1.776410542573132190e-01 8.179712242111488729e-01
3.952185998183467726e-03 6.004182648132915445e-04 1.808795369456708824e-01 8.145678587913322000e-01
4.410782707081841239e-03 7.675832689129144645e-04 1.845383666855976434e-01 8.102832673384073869e-01
5.122263374411139408e-03 1.043621055553954451e-03 1.852116724913296653e-01 8.086224430787051221e-01
5.912542959023396084e-03 1.434431653370990892e-03 1.844889310883443823e-01 8.081640942992612819e-01
6.759700142692662804e-03 1.972948380072899778e-03 1.872625123285062143e-01 8.040048391487281121e-01
7.822522367921962150e-03 2.754249969293476926e-03 1.984827449720107662e-01 7.909404826907734387e-01
9.318595745690010437e-03 3.923033661849676876e-03 2.193765398531228039e-01 7.673818307393375227e-01
1.131444529276947990e-02 5.558661236447795702e-03 2.473241763133043891e-01 7.358027171574784697e-01
1.363651328886039335e-02 7.520364032290146987e-03 2.767591666310880161e-01 7.020839560477611929e-01
1.605128767153478006e-02 9.488640624282096078e-03 3.027705400937206748e-01 6.716895316104624092e-01
1.853654592912340471e-02 1.125982085205899479e-02 3.249371683868520488e-01 6.452664648319655916e-01
4.589697830715537830e-01 5.785205369399739478e-02 3.539476835473776561e-01 1.292304796870712424e-01
8.653038430671745884e-02 2.674178465828198903e-02 3.250549484739814754e-02 8.542223361876024601e-01
8.213000752328741827e-02 2.522518378907633377e-02 2.706469851292296613e-02 8.655801101747132575e-01
7.989969545696189168e-02 2.443935719970390108e-02 2.208040228210599032e-02 8.735805450612281753e-01
7.942981962176330624e-02 2.406138801799702354e-02 1.788122510866332199e-02 8.786275672515766466e-01
8.016130224481694821e-02 2.363770908608807397e-02 1.468112988465453822e-02 8.815198587844402800e-01
8.177448112603334651e-02 2.295641146422350981e-02 1.240909382976127136e-02 8.828600135799816728e-01
8.481663843846291850e-02 2.245079911781009893e-02 1.087059344667229595e-02 8.818619689970549347e-01
9.029940691299959132e-02 2.281631822040577906e-02 9.815051540341349773e-03 8.770692233262534776e-01
9.933573012610369402e-02 2.479627392403015163e-02 9.084818445157509526e-03 8.667831775047084575e-01
1.131000912662492308e-01 2.910486932568044638e-02 8.630065276571091681e-03 8.491649741314989397e-01
1.314108551168707562e-01 3.598477854810300941e-02 8.208592299213848809e-03 8.243957740358123232e-01
1.519179612375441413e-01 4.939216434761280194e-02 8.298964678534592049e-03 7.903909097363084335e-01
1.718757703502958867e-01 7.369512025164544344e-02 8.683202242292411069e-03 7.457459071557662744e-01
1.859079838945938701e-01 1.141444378628352907e-01 9.228424731618205951e-03 6.907191535109526992e-01
1.836275642777416006e-01 1.793034894128524848e-01 9.849580687685316818e-03 6.272193656217207591e-01
1.644618667656745636e-01 2.735395677419439342e-01 1.025644770659860615e-02 5.517421177857828596e-01
1.368347953488755486e-01 3.952783927402437336e-01 1.009439479550909916e-02 4.577924171153716082e-01
1.091041586926491669e-01 5.273239833238324570e-01 9.221257054270619313e-03 3.543506009292475833e-01
8.513980826530583024e-02 6.446956999742734506e-01 7.830214836460481012e-03 2.623342769239604411e-01
6.644897234561218669e-02 7.320035356321575870e-01 6.294457186721585072e-03 1.952530348355086820e-01
5.304177616903862219e-02 7.860827865381485591e-01 4.983983425627966889e-03 1.558914538671848371e-01
4.571038957771961231e-02 8.101641693726095994e-01 4.048407417733257234e-03 1.400770336319375475e-01
4.138899415184479902e-02 8.149471668549305159e-01 3.490431278236494610e-03 1.401734077149882352e-01
3.960511214789785156e-02 8.097740634818384464e-01 3.262156950728334164e-03 1.473586674195351831e-01
3.799105019659223398e-02 8.067022726400314703e-01 3.317087114290616714e-03 1.519895900490857155e-01
3.731670195662829814e-02 8.102172994560705721e-01 3.620279767155623867e-03 1.488457188201459391e-01
3.781596681594090459e-02 8.164947937982516279e-01 4.208229297537232662e-03 1.414810100882702426e-01
4.211508467550954121e-02 8.173079893070677171e-01 5.034370941197192917e-03 1.355425550762257847e-01
4.912655955585703421e-02 8.141348941286572494e-01 5.877056338002711183e-03 1.308614899774828422e-01
5.776428192241742782e-02 8.117643910001927088e-01 6.564151686323416342e-03 1.239071753910665902e-01
6.479160622007619497e-02 8.145804859327299141e-01 6.989433788838315606e-03 1.136384740583552960e-01
7.193123403498924429e-02 8.186337951671027735e-01 7.082726780533067992e-03 1.023522440173748466e-01
7.845556705495948524e-02 8.229574943106043872e-01 6.884449857299947996e-03 9.170248877713664537e-02
8.459376054596294547e-02 8.263409523624010156e-01 6.575762977931175028e-03 8.248952411370508164e-02
9.007920071926406314e-02 8.286892357486523863e-01 6.311588063708153257e-03 7.491997546837513011e-02
9.396699980072996394e-02 8.311224506121704936e-01 6.136475407687774775e-03 6.877407417941178158e-02
9.531198281295877317e-02 8.348824800792692402e-01 6.019697470509850767e-03 6.378583963726208728e-02
9.392919716689973608e-02 8.406065515973270008e-01 5.849124008963374130e-03 5.961512722680988030e-02
9.032662838250284099e-02 8.484226454957949359e-01 5.478519900922886911e-03 5.577220622077968398e-02
8.554053093847110989e-02 8.573416563811396829e-01 4.925393735664198962e-03 5.219241894472494842e-02
8.122382242298027688e-02 8.650648857057825492e-01 4.375663966556801732e-03 4.933562790468065673e-02
7.870798615648200158e-02 8.697696338556721862e-01 3.971057280456728213e-03 4.755132270738930689e-02
7.908194275740189350e-02 8.695057389718059415e-01 3.841152129777698591e-03 4.757116614101458696e-02
8.254888259658894889e-02 8.635949262719608832e-01 4.023051803703275517e-03 4.983313932774677268e-02
8.898121561958549641e-02 8.523334794700690997e-01 4.430450200232379128e-03 5.425485471011297356e-02
9.987668541427489888e-02 8.336436528860490247e-01 5.017662386528311952e-03 6.146199931314815651e-02
1.175556166474849146e-01 8.040581667552659795e-01 5.801799627798116289e-03 7.258441696945090726e-02
1.441774941244013120e-01 7.607044385087584626e-01 6.798452032591575239e-03 8.831961533424849409e-02
1.821295385205977391e-01 7.003666634124156021e-01 8.113922991215138589e-03 1.093898750757717059e-01
2.331676199790377602e-01 6.210515199984053547e-01 9.864550659067369831e-03 1.359163093634894737e-01
2.967176506974448236e-01 5.254241961546119999e-01 1.195669679273014298e-02 1.659014563552131116e-01
3.670767587440555424e-01 4.226030752595710260e-01 1.404953554279811216e-02 1.962706304535754009e-01
4.321669639170187538e-01 3.257141979383299524e-01 1.588517768774087152e-02 2.262336604569104015e-01
4.717275337265041668e-01 2.503085275052540082e-01 1.857519224483426476e-02 2.593887465234075984e-01
4.867640388968845766e-01 1.907508525767158958e-01 2.300185841919071689e-02 2.994832501072086095e-01
4.729056904947849804e-01 1.486431980675728959e-01 3.148171252257412484e-02 3.469693989150679503e-01
4.408162337285117527e-01 1.175288568175993642e-01 4.477979507276196730e-02 3.968751143811269921e-01
3.999219693944299769e-01 9.400895837591619064e-02 6.258800684020207616e-02 4.434810653894513677e-01
3.548625511373523778e-01 7.571904202557926122e-02 8.113818591543342507e-02 4.882802209216349776e-01
3.070165346865501577e-01 6.161556286239817243e-02 9.541715994934144018e-02 5.359507425017099314e-01
2.600644879384432229e-01 5.126328894428179572e-02 1.017654020400984155e-01 5.869068210771763994e-01
2.177705956581936497e-01 4.402910643172685407e-02 1.005925746802777410e-01 6.376077232298017483e-01
1.825035608302394974e-01 3.947292232260269512e-02 9.572940256529510750e-02 6.822941142818625959e-01
1.568300551416834387e-01 3.764996314194443000e-02 9.107659943431424543e-02 7.144433822820577262e-01
1.420504208157218895e-01 3.907238740131506460e-02 8.892039701045584277e-02 7.299567947725071893e-01
1.361923652843508303e-01 4.390782818467220405e-02 8.944304497899761841e-02 7.304567615519793611e-01
1.354743642792040903e-01 5.169430369516163359e-02 9.191756005468484925e-02 7.209137719709491909e-01
1.366219776766098848e-01 6.176782670843433687e-02 9.608305164517585983e-02 7.055271439697800018e-01
1.379836808576448415e-01 7.303961456042268319e-02 1.010983582003770892e-01 6.878783463815550947e-01
1.395061207610701903e-01 8.382050158727515077e-02 1.058685083577877023e-01 6.708048692938671786e-01
1.415149463960415632e-01 9.329370704378679713e-02 1.109394965355392504e-01 6.542518500246322644e-01
1.009348648477493421e-01 7.773351886773369745e-01 9.301085141536222234e-02 2.871909505955160674e-02
1.015982127188203299e-01 7.404931442724717039e-01 1.240810661186090430e-01 3.382757689009847218e-02
1.036474013200904959e-01 7.014279600263135794e-01 1.569462954885167683e-01 3.797834316507922581e-02
1.029236515372846245e-01 6.709394997842157427e-01 1.858401039824589818e-01 4.029674469604092868e-02
9.949060073756849087e-02 6.494691929089452254e-01 2.098826399586287694e-01 4.115756639485729229e-02
9.426566989616723402e-02 6.358398827624204275e-01 2.280496860998479924e-01 4.184476124156458199e-02
9.026746832712430335e-02 6.230112958115527899e-01 2.431082464604487903e-01 4.361298940087458831e-02
8.857037336508798153e-02 6.089527196661498332e-01 2.557840642817272303e-01 4.669284268703478846e-02
8.881656165676343750e-02 5.970405972820511664e-01 2.637433541370888812e-01 5.039948692409655651e-02
9.048257340110774094e-02 5.927922031009180692e-01 2.633913584261011742e-01 5.333386507187320297e-02
9.318671602912456664e-02 6.007216118689061579e-01 2.521973519849836087e-01 5.389432011698570835e-02
9.567109216443640818e-02 6.254174856533573079e-01 2.283402368751658307e-01 5.057118530704063364e-02
9.602869488495535677e-02 6.695915173904385398e-01 1.915795448863909234e-01 4.280024283821540210e-02
9.435253491104043932e-02 7.240853124603067181e-01 1.484480397924709538e-01 3.311411283618222179e-02
9.261044861437064957e-02 7.741905389509750046e-01 1.086959539087789250e-01 2.450305852587543812e-02
9.226718007038062219e-02 8.127757330351750298e-01 7.708876205966874728e-02 1.786832483477598585e-02
9.297574493174361188e-02 8.405698638454268679e-01 5.352510443168285309e-02 1.292928679114657350e-02
9.322717955066575635e-02 8.608368503072563183e-01 3.661099027596684263e-02 9.324979866110963064e-03
9.346446400707102142e-02 8.745326343727993779e-01 2.517324441769999005e-02 6.829657202429867402e-03
9.280896335684944709e-02 8.844031050268025274e-01 1.765326413108468662e-02 5.134667485263279089e-03
9.512679051851181955e-02 8.876704424810364369e-01 1.314522955149972742e-02 4.057537448951939810e-03
1.020722657502666636e-01 8.839049472057198820e-01 1.063628891093365038e-02 3.386498133079876485e-03
1.163217303777533546e-01 8.711226280893694662e-01 9.514879197103393027e-03 3.040762335773947514e-03
2.695438583858437154e-01 7.141389120122948464e-01 5.181678386897821398e-03 1.113555121496338958e-02
2.396463748103824232e-01 7.463748390474058692e-01 4.221226621373427336e-03 9.757559520838211820e-03
1.969498417024681536e-01 7.916355682821161199e-01 3.468691386045812380e-03 7.945898629369917143e-03
1.519373951277284140e-01 8.385765521497213770e-01 3.090073445811330165e-03 6.395979276738929069e-03
1.118149434703148010e-01 8.799330896667421076e-01 3.036485608007777164e-03 5.215481254935294339e-03
8.093004028046382747e-02 9.112352374676071509e-01 3.426192255665868897e-03 4.408529996263396873e-03
6.226419103759975315e-02 9.300922951720552723e-01 3.748829386002721503e-03 3.894684404342492468e-03
5.201148617637958715e-02 9.399245975275776210e-01 4.389204637893929367e-03 3.674711658148876754e-03
4.755208391398247497e-02 9.434186059525595525e-01 5.411645547836649826e-03 3.617664585621038244e-03
4.693328103594051476e-02 9.429793692890774404e-01 6.563283348332429358e-03 3.524066326649261203e-03
4.777578293858945890e-02 9.419323130335599537e-01 7.108125995407150663e-03 3.183778032443549538e-03
4.788872672185029433e-02 9.430019276483919688e-01 6.562110940430974752e-03 2.547234689326894827e-03
4.678119373843084988e-02 9.460629543476470893e-01 5.335188625600044247e-03 1.820663288321928107e-03
4.445792933206110104e-02 9.503894797071260614e-01 3.961892145266572920e-03 1.190698815545892120e-03
4.188423390047651962e-02 9.545366736794539397e-01 2.817037961099741559e-03 7.620544589694619019e-04
4.107748777556999992e-02 9.563164967829821395e-01 2.067483649230372755e-03 5.385317922176029041e-04
4.340260932748293138e-02 9.545013762372043242e-01 1.644141847328763582e-03 4.518725879839902452e-04
4.813533199753687597e-02 9.500821428762842302e-01 1.362174900125616255e-03 4.203502260528965608e-04
5.308173530798386552e-02 9.454335360611140215e-01 1.096727298325290718e-03 3.880013325770663782e-04
5.634457132482104114e-02 9.424543561262803681e-01 8.520029596439942935e-04 3.490695892545120208e-04
5.661545312891083648e-02 9.424148397413734113e-01 6.556173818530984521e-04 3.140897478628179324e-04
5.304722241738423633e-02 9.461497854533048590e-01 5.135245035076598397e-04 2.894676258031232555e-04
4.507450851595556918e-02 9.542491434131329386e-01 4.044067004472647552e-04 2.719413704641385774e-04
3.421286934032405358e-02 9.652127469326846620e-01 3.152401678609630283e-04 2.591435591303816789e-04
2.381326975407262181e-02 9.756777713627244886e-01 2.519630387406731177e-04 2.569958444620535493e-04
1.691916151456106243e-02 9.825604409018978691e-01 2.296870281277516859e-04 2.907105554132512659e-04
1.423035907406340096e-02 9.850729150737599360e-01 2.705805434308260291e-04 4.261453087457938035e-04
1.484554175980373585e-02 9.839217493796886815e-01 4.166637852436150366e-04 8.160450752641661533e-04
1.844835939065869040e-02 9.789120710481913346e-01 7.747031094293063951e-04 1.864866451720474357e-03
2.565413397340175067e-02 9.682732754482183957e-01 1.549636603635992822e-03 4.522953974743761096e-03
3.801981172682111082e-02 9.480981658003378998e-01 3.066051154806300350e-03 1.081597131803470162e-02
5.661284804455900266e-02 9.118952880387160009e-01 6.050318931419691217e-03 2.544154498530511177e-02
8.441974088687011213e-02 8.449527801666952831e-01 1.124516659214837809e-02 5.938231235428602373e-02
1.151890694798613224e-01 7.372022992192844848e-01 1.897973946784337410e-02 1.286288918330109887e-01
1.327479439497903646e-01 6.025323755506778456e-01 2.750066013361945200e-02 2.372190203659123586e-01
1.288374336030347345e-01 4.700748447260078566e-01 3.462139838395499741e-02 3.664663232870021270e-01
1.106365379089221529e-01 3.577233960692172698e-01 3.936034030104228892e-02 4.922797257208184618e-01
8.962832577388826771e-02 2.695814272227018971e-01 4.257958814362119287e-02 5.982106588597884134e-01
7.124058248774386981e-02 2.050681997959679370e-01 4.521086820734604439e-02 6.784803495089420933e-01
5.653483594483180164e-02 1.605520528087031606e-01 4.737287607575432075e-02 7.355402351707108766e-01
4.543710106674705290e-02 1.307501084619807630e-01 4.918753383450570615e-02 7.746252566367665127e-01
3.738476041916882070e-02 1.114110755823631976e-01 5.095338394441688290e-02 8.002507800540508143e-01
3.169309138619478411e-02 9.982304675740442945e-02 5.341352057756560551e-02 8.150703412788348201e-01
2.805435409106344508e-02 9.490703668367340973e-02 5.814546414833324933e-02 8.188931450769300069e-01
2.647493322168619281e-02 9.654989501195461454e-02 6.725134291966279598e-02 8.097238288466961365e-01
2.681829205804541622e-02 1.039211769953776315e-01 8.199665117603663345e-02 7.872638797705401315e-01
2.855420271145297367e-02 1.144720498238923495e-01 1.010743388134480170e-01 7.558994086512066390e-01
3.100328745862484039e-02 1.246421866035389153e-01 1.211652708927732774e-01 7.231892550450628177e-01
3.369505961318221277e-02 1.317860001952977367e-01 1.398102635720159803e-01 6.947086766195046392e-01
3.646863059599860651e-02 1.355906350338538513e-01 1.561138457603251650e-01 6.718268886098222037e-01
3.961248142006680573e-02 1.392427155659149707e-01 1.697884962809191600e-01 6.513563067330989664e-01
4.458672514033916456e-02 1.464756387441239760e-01 1.820978390960206472e-01 6.268397970195161983e-01
5.000108164788225756e-02 1.611018137656696492e-01 1.912835800891130311e-01 5.976135244973349581e-01
5.705152127971163667e-02 1.775499192000491999e-01 1.987484168380306837e-01 5.666501426822084797e-01
6.389086066517878082e-02 1.936653418895404877e-01 2.050927415671101595e-01 5.373510558781704471e-01
6.910444986125026390e-02 2.071008302956136027e-01 2.123190733424093202e-01 5.114756465007266328e-01
7.195787087108351798e-02 2.151999606033699053e-01 2.213815776367462074e-01 4.914605908888001196e-01
7.288240959602161617e-02 2.173426738681371595e-01 2.310194005101164072e-01 4.787555160257245257e-01
7.325650354620034943e-02 2.164921642889855724e-01 2.390471131527115156e-01 4.712042190121026874e-01
7.445468223228535187e-02 2.150605241199174678e-01 2.433563969597353494e-01 4.671283966880618865e-01
7.715338277671825173e-02 2.126429551876676816e-01 2.426555122103966622e-01 4.675481498252175849e-01
8.077266378933024848e-02 2.078790267619454457e-01 2.376953724880020158e-01 4.736529369607223039e-01
8.373555987806709233e-02 1.989139192024021729e-01 2.318089566911727128e-01 4.855415642283582578e-01
8.536982984358426618e-02 1.835882605055893235e-01 2.313319871084295043e-01 4.997099225423969338e-01
8.611550035744336418e-02 1.632256680981830632e-01 2.441254915145132376e-01 5.065333400298600575e-01
8.730578913012564113e-02 1.414238451427190790e-01 2.748053835583876836e-01 4.964649821687677766e-01
8.769511567903665039e-02 1.231401921899300395e-01 3.184603802910909720e-01 4.707043118399421577e-01
8.716287631373538514e-02 1.096074281400956085e-01 3.626273296429419202e-01 4.406023659032270445e-01
8.737323921271063221e-02 1.007610099776875684e-01 3.925223611387493872e-01 4.193433896708522179e-01
8.806179567204619474e-02 9.774878652062707340e-02 3.990153154436746341e-01 4.151741023636519867e-01
9.004209560748699381e-02 9.970591028028356895e-02 3.802459283897204334e-01 4.300060657225092120e-01
9.465185300051241757e-02 1.046029357888799277e-01 3.381615603150538996e-01 4.625836508955536441e-01
1.005282318539987979e-01 1.128813498350957345e-01 2.775921013243100033e-01 5.089983169865954782e-01
1.078090958584392439e-01 1.232004815023383104e-01 2.097980412058625121e-01 5.591923814333598086e-01
1.160691820585513512e-01 1.363969286756746002e-01 1.487873789368024113e-01 5.987465103289715262e-01
1.257858352443521899e-01 1.496170913938122682e-01 1.044736719606301489e-01 6.201234014012053652e-01
1.355863482405270382e-01 1.610726632518946766e-01 7.607415979535198103e-02 6.272668287122262765e-01
1.456229959407189800e-01 1.701337102514099697e-01 5.919328082403672864e-02 6.250500129838346686e-01
1.556389692578223349e-01 1.796087122820439475e-01 4.884978628422929903e-02 6.159025321759044047e-01
1.645153065813081128e-01 1.894802021781058499e-01 4.198544805509324407e-02 6.040190431854932651e-01
1.719325224808435082e-01 1.952477602633892195e-01 3.729048749322570050e-02 5.955292297625413012e-01
1.780331118204596941e-01 1.930386929278687103e-01 3.383283078444373343e-02 5.950953644672281051e-01
1.826861704331823599e-01 1.840701716640348595e-01 3.062642402827849344e-02 6.026172338745046098e-01
1.873860555798530780e-01 1.732104111381074785e-01 2.713273691619549899e-02 6.122707963658440278e-01
1.963998660068899949e-01 1.652826505007867486e-01 2.346406728589435498e-02 6.148534162064291930e-01
2.159520053684514662e-01 1.637901237806086152e-01 2.004819847662321977e-02 6.002096723743167717e-01
2.523504823082700077e-01 1.705257071001820834e-01 1.730509526544711171e-02 5.598187153261008353e-01
3.083875719531029014e-01 1.843407986907871221e-01 1.535124848643164286e-02 4.919203808696781532e-01
3.777783476679094088e-01 2.012053864899581712e-01 1.414754718339292054e-02 4.068687186587393589e-01
