2.759755964846371049e-02 2.467196472235538059e-03 1.359900195029161707e-01 8.339452243763845196e-01
8.325500722846844448e-02 1.184256427721224053e-01 3.940294922909182151e-02 7.589164007703174120e-01
7.787655048791310153e-02 9.842775769242868844e-02 3.427126242789346744e-02 7.894244293917644928e-01
7.716826971622484099e-02 8.476222510735249849e-02 3.263875530911276163e-02 8.054307498673097809e-01
8.050302600493586258e-02 7.703184894751571865e-02 3.319378305699952070e-02 8.092713419905491756e-01
8.845566089264265963e-02 7.486512095949712786e-02 3.532601370938905777e-02 8.013532044384715780e-01
1.031230668641329729e-01 7.882557661201416987e-02 3.946984647566095794e-02 7.785815100481920936e-01
1.269743557193638017e-01 9.003026180260749467e-02 4.629026961487611030e-02 7.367051128631526558e-01
1.614741587155595348e-01 1.097014572690558493e-01 5.639131845811291843e-02 6.724330655572720028e-01
2.055568542427436141e-01 1.361182698669956281e-01 7.014642993509094537e-02 5.881784459551697708e-01
2.559518422469874710e-01 1.631428394166213047e-01 8.705471406341595830e-02 4.938506042729751688e-01
3.096558555781666611e-01 1.846082048180911761e-01 1.049553932778014148e-01 4.007805463259411782e-01
3.634640753360380283e-01 1.972111661367752788e-01 1.207429511510011849e-01 3.185818073761854663e-01
4.124239529921411851e-01 1.993713025123366733e-01 1.334543395432397361e-01 2.547504049522824610e-01
4.505291451790953694e-01 1.898136801929741213e-01 1.470077258364713702e-01 2.126494487914592502e-01
4.761308662964978677e-01 1.682552597392399929e-01 1.642919001524513756e-01 1.913219738118108748e-01
4.835725985738194010e-01 1.397423476299536060e-01 1.885848016411427741e-01 1.881002521550844409e-01
4.680092577380557950e-01 1.124520817665267819e-01 2.202539492496052576e-01 1.992847112458123182e-01
4.325711241592444800e-01 9.233560217599980080e-02 2.575745999061362923e-01 2.175186737586195240e-01
3.875421530160225170e-01 8.094753224257826563e-02 2.987693346801865713e-01 2.327409800612128821e-01
3.425450401752335727e-01 7.717852377351090698e-02 3.438593661570468751e-01 2.364170698942083260e-01
3.047412706885296307e-01 7.889889639538741339e-02 3.893799109310409623e-01 2.269799219850418270e-01
2.772628886188109321e-01 8.440625609728479029e-02 4.293819015207013257e-01 2.089489537632029104e-01
2.580965257271752855e-01 9.229011366206879563e-02 4.618500442464564260e-01 1.877633163642994651e-01
2.504507017718000661e-01 1.037636391081565301e-01 4.784446388269641415e-01 1.673410202930795121e-01
2.498771341838686710e-01 1.192319795158063717e-01 4.813498595469261065e-01 1.495410267533986981e-01
2.515441999021176267e-01 1.388562305738809677e-01 4.751926168836916875e-01 1.344069526403098847e-01
2.526967026550791529e-01 1.621896080481004809e-01 4.636162269697484128e-01 1.214974623270720505e-01
2.536945020652532357e-01 1.876169770244014157e-01 4.481015159096791156e-01 1.105870050006664135e-01
2.555996389498862431e-01 2.125680758864772202e-01 4.302645601741874604e-01 1.015677249894490486e-01
2.588895447815690587e-01 2.351936497345337440e-01 4.117373101585616313e-01 9.417949532533545498e-02
2.633841319097936506e-01 2.562892899117002465e-01 3.925587381840310863e-01 8.776783999447482221e-02
2.683118725640071811e-01 2.788798630950112822e-01 3.714409731657326019e-01 8.136729117524904575e-02
2.714697824218076372e-01 3.052201166658123910e-01 3.489099425806189148e-01 7.440015833176114035e-02
2.708702105185929465e-01 3.329795486093067303e-01 3.290868978142406087e-01 6.706334305785965899e-02
2.696640755494386088e-01 3.521114899924937536e-01 3.177310079892289862e-01 6.049342646883858893e-02
2.737207661656475555e-01 3.519724310497204245e-01 3.185586719841558834e-01 5.574813080047597708e-02
2.855271976114543975e-01 3.292546312090084415e-01 3.320448548412076595e-01 5.317331633832941135e-02
3.040252339224250311e-01 2.891068395099133936e-01 3.548427454868629538e-01 5.202518108079839249e-02
3.282630714294852425e-01 2.412898173908906985e-01 3.794074369488613097e-01 5.103967423076313098e-02
3.589715618147566456e-01 1.944304247862617963e-01 3.966458154880280196e-01 4.995219791095373285e-02
3.954402144675788211e-01 1.544993902302304045e-01 4.002176736879379249e-01 4.984272161425294667e-02
4.329231960261692436e-01 1.251274045012355784e-01 3.905119469445997860e-01 5.143745252799543366e-02
4.656833182094892165e-01 1.042330432541274804e-01 3.757598755697487136e-01 5.432376296663465887e-02
4.866955852535242433e-01 9.180795551686382616e-02 3.632249555772814054e-01 5.827150365233082357e-02
4.917729544693281163e-01 8.535311306443234269e-02 3.592925877251226252e-01 6.358134474111691581e-02
4.803903027215353783e-01 8.299623615619135253e-02 3.656574932335160399e-01 7.095596788875720151e-02
4.580206462433558667e-01 8.389793254566633995e-02 3.767372142828135928e-01 8.134420692816411724e-02
4.308340729184587659e-01 8.819432544559548115e-02 3.843498660705413350e-01 9.662173556540443187e-02
4.094611968493329091e-01 9.319065268872037122e-02 3.784052796222371895e-01 1.189428708397096135e-01
3.896308376833134690e-01 9.877400723920258530e-02 3.628187604293593438e-01 1.487763946481245048e-01
3.694100194189723352e-01 1.041463643844647291e-01 3.418638726461882826e-01 1.845797435503747641e-01
3.478599141949964557e-01 1.077995371442882627e-01 3.194446756955276467e-01 2.248958729651875377e-01
3.259226796141908578e-01 1.068963300751969714e-01 2.978224137507433644e-01 2.693585765598689452e-01
2.992389363609265218e-01 1.012542270072719908e-01 2.842349304857925141e-01 3.152719061460093064e-01
2.709267844587385787e-01 9.216296088014720722e-02 2.821447272945432627e-01 3.547655273665712983e-01
2.453850733476553303e-01 8.153686148422005509e-02 2.870834645108650829e-01 3.859946006572597121e-01
2.222166878000950141e-01 7.031817251118811785e-02 2.882828524171850426e-01 4.191822872715315618e-01
1.983662326560204359e-01 5.946879174533838824e-02 2.804037699050214161e-01 4.617612056936194476e-01
1.732908003310992817e-01 4.937076186882510820e-02 2.672485398134297752e-01 5.100898979866461680e-01
1.503049293631651684e-01 4.168990938572535165e-02 2.515893736162807537e-01 5.564157876348287957e-01
1.312604214528167168e-01 3.632632111503716899e-02 2.373785823853560573e-01 5.950346750467901957e-01
1.153174380597384308e-01 3.201548967875578883e-02 2.286250387482116619e-01 6.240420335132947915e-01
1.033030345247873960e-01 2.900995931757834739e-02 2.219230349817580827e-01 6.457639711758762502e-01
9.455076868309417182e-02 2.690178897566510019e-02 2.145080137245289620e-01 6.640394286167116134e-01
8.876272716031950727e-02 2.547963998690441420e-02 2.099366937148513246e-01 6.758209391379247366e-01
8.566228207023904306e-02 2.458578242692107535e-02 2.119606065907753412e-01 6.777913289120641727e-01
8.492105220800390264e-02 2.439532935985232187e-02 2.207920282211671137e-01 6.698915902109763287e-01
8.606262045687577966e-02 2.514461135062519281e-02 2.373362084926500248e-01 6.514565596998488362e-01
8.803411965123746075e-02 2.647360363951754489e-02 2.638341263935944925e-01 6.216581503156503041e-01
9.073330937172140176e-02 2.809580389050584867e-02 2.963839405718725062e-01 5.847869461658999901e-01
9.542199721829981718e-02 3.050039613864308913e-02 3.273688653674049487e-01 5.467087412756520548e-01
1.635356102281742066e-02 3.804097073876498876e-03 9.637679965317350606e-01 1.607434537157089935e-02
2.009596049243410065e-01 2.864561956037714463e-02 2.027095571499558935e-01 5.676852183653261497e-01
1.457858442965948853e-01 2.104484348308768502e-02 1.464520904935037726e-01 6.867172217268138201e-01
1.132802314276657590e-01 1.682859940467146612e-02 1.144134697363066583e-01 7.554776994313563421e-01
1.008896606722594763e-01 1.574076965642362894e-02 1.066552066478133748e-01 7.767143630235034957e-01
1.043626535970477998e-01 1.745323990365893821e-02 1.206009139214510167e-01 7.575831925778422349e-01
1.203840455956386724e-01 2.175239616622728217e-02 1.539926327867414402e-01 7.038709254513925151e-01
1.452719462009403328e-01 2.802014657212345550e-02 2.022057460246172167e-01 6.245021612023190505e-01
1.802048519752694200e-01 3.629693106790769092e-02 2.537291697817805614e-01 5.297690471750422514e-01
2.238536487451901758e-01 4.582755731043108849e-02 2.963394964151038202e-01 4.339792975292751098e-01
2.719448540110768753e-01 5.467567630376354848e-02 3.227034067949539620e-01 3.506760628902055865e-01
3.228504252886263415e-01 6.196494317536702795e-02 3.326157536470261689e-01 2.825688778889804409e-01
3.724520822307371137e-01 6.698271397646815561e-02 3.356115161239234257e-01 2.249536876688713050e-01
4.211676031903217599e-01 7.025837495502616770e-02 3.342620589618466309e-01 1.743119628928053166e-01
4.691142901768600715e-01 6.998879024254966996e-02 3.296232138725069816e-01 1.312737057080834435e-01
5.163030589393465819e-01 6.626236110875932672e-02 3.187698976397684847e-01 9.866468231212555118e-02
5.600513694914247553e-01 6.115403942843347651e-02 3.013347186068784933e-01 7.745987247326292791e-02
6.035494108436711969e-01 5.633561256722049299e-02 2.750973524024418193e-01 6.501762418666640064e-02
6.537326417035579373e-01 5.221264605929027552e-02 2.361297904281908777e-01 5.792492180896084003e-02
7.122907847216946031e-01 4.844824333140600875e-02 1.852791080343946239e-01 5.398186391250507643e-02
7.701514447318206225e-01 4.507017210600201829e-02 1.321178627696755759e-01 5.266052039250179034e-02
8.149555023481531713e-01 4.255911086089921025e-02 8.837039816969045891e-02 5.411498862125700693e-02
8.425392583211168684e-01 4.132378205728259174e-02 5.812363228594981390e-02 5.801332733565061489e-02
8.556698603994238317e-01 4.190850235295766335e-02 3.868266821537078709e-02 6.373896903224793298e-02
8.589177385100905671e-01 4.457199629331688034e-02 2.649653710610046231e-02 7.001372809049213886e-02
8.565561381888104897e-01 4.885272608606677780e-02 1.898176247229859184e-02 7.560937325282399146e-02
8.508691860819267427e-01 5.440836306586920718e-02 1.428941775142725072e-02 8.043303310077658252e-02
8.422888067122081823e-01 6.084391866081985401e-02 1.126357845655184299e-02 8.560369617042011547e-02
8.315618105353412837e-01 6.712029127014962349e-02 9.339546976896160105e-03 9.197835121761264998e-02
8.216233634944190012e-01 7.175760544915558981e-02 7.983165554731950012e-03 9.863586550169323175e-02
8.129012264900828955e-01 7.639075853241970859e-02 7.064382094547651952e-03 1.036436328829496295e-01
8.112555846163107542e-01 7.774297734321385100e-02 6.061469951153653120e-03 1.049399680893213782e-01
8.175080551050486477e-01 7.455711146139722134e-02 5.026456833193513642e-03 1.029083766003602574e-01
8.280147673952409360e-01 6.881244458243575279e-02 4.156085096976615441e-03 9.901670292534679729e-02
8.430004399319949160e-01 5.996044780545840142e-02 3.346730065110942696e-03 9.369238219743568352e-02
8.599903386931511129e-01 5.056172007182542505e-02 2.686277942982287677e-03 8.676166329204133831e-02
8.770457213257755180e-01 4.112242427225551444e-02 2.205380243049232490e-03 7.962647415891964398e-02
8.894871683004957896e-01 3.217425078322722065e-02 1.939210900922214457e-03 7.639937001535491989e-02
8.940727476378518279e-01 2.470601713640997385e-02 1.900674274959328076e-03 7.932056095077887059e-02
8.896941091592784900e-01 1.916804683985257746e-02 2.105042933131112855e-03 8.903280106773772684e-02
8.757308489628687909e-01 1.526002118017871431e-02 2.630284307749102338e-03 1.063788455492035157e-01
8.495248983473783211e-01 1.267344793290859847e-02 3.729609990880852679e-03 1.340720437288322742e-01
8.075077620621394781e-01 1.120061078471576953e-02 5.969997271919496792e-03 1.753216298812250995e-01
7.474320512166889863e-01 9.777437687155993498e-03 1.060492285280412866e-02 2.321855882433510598e-01
6.655075017760306855e-01 9.649709502569504480e-03 2.147874935373566760e-02 3.033640393676640401e-01
5.639777625725469479e-01 1.023183356040302527e-02 4.628378492241540937e-02 3.795066189446344995e-01
4.488179916922312440e-01 1.174828949018285468e-02 9.886460173435669685e-02 4.405691170832296000e-01
3.359825264000321776e-01 1.286030789562409536e-02 1.835277523564811941e-01 4.676294133478624548e-01
2.426592017797426504e-01 1.255415697113269544e-02 3.024021987850905591e-01 4.423844424640338557e-01
1.718945046461502479e-01 1.110057745950703348e-02 4.468124662628527033e-01 3.701924516314902824e-01
1.225412597954696620e-01 9.526986906168688138e-03 5.831203034596388335e-01 2.848114498387229188e-01
9.249236916316024015e-02 8.449132136159366591e-03 6.863994603510528147e-01 2.126590383496275993e-01
7.595370571285106620e-02 7.811568417822741320e-03 7.579289894535478078e-01 1.583057364157780811e-01
6.922616012892797432e-02 7.805483908190109267e-03 8.037703715942786653e-01 1.191979843686033075e-01
6.769118327338870256e-02 7.812069044811052049e-03 8.335986004561100060e-01 9.089814722569034000e-02
6.973395578450582166e-02 7.855538097268877432e-03 8.522795885009308847e-01 7.013091761729428608e-02
7.417060514156020856e-02 8.039729021669909589e-03 8.625786413530752705e-01 5.521102448369429039e-02
7.944079589865005175e-02 8.463612351313133664e-03 8.674527181398522524e-01 4.464287361018446504e-02
8.508504928894911057e-02 9.404863257457771533e-03 8.678424384620883059e-01 3.766764899150470275e-02
9.350837988058716133e-02 1.143228909931640579e-02 8.608513927571640467e-01 3.420793826293238443e-02
1.081188745830078818e-01 1.507102239351621083e-02 8.431342598898683427e-01 3.367584313360762194e-02
1.322874997151428922e-01 2.062160068361443971e-02 8.120958571566235795e-01 3.499504244461905389e-02
1.697403060762395777e-01 2.858779352689157921e-02 7.643718858157654283e-01 3.730001458110320661e-02
2.219119928963741717e-01 3.956432136526907839e-02 6.991999100360304364e-01 3.932377570232633429e-02
2.871567825880128044e-01 5.390149193391400445e-02 6.190294268923767218e-01 3.991229858569668443e-02
3.612355586236994376e-01 7.168338640744058299e-02 5.280834012998171234e-01 3.899765366904260622e-02
4.362472829682685904e-01 9.233205604430413938e-02 4.341702532326718877e-01 3.725040775475572941e-02
5.011252054144766932e-01 1.145667301429384305e-01 3.488513165618156164e-01 3.545674788076957212e-02
5.461106798152961517e-01 1.369972444230234676e-01 2.825602069129548588e-01 3.433186884872530681e-02
5.678294497379480221e-01 1.595810414271600641e-01 2.378180285783166037e-01 3.477148025657537250e-02
5.687584333919302182e-01 1.820400256405218520e-01 2.118972026104943007e-01 3.730433835705370543e-02
5.553415150420047963e-01 2.040160419871365483e-01 1.989133725642493189e-01 4.172907040660960021e-02
1.127405826143033224e-02 4.113912643759995999e-04 2.590115434875878489e-02 9.624133961254349723e-01
2.714982174813457827e-01 1.621447570803508792e-02 3.279831332263044574e-01 3.843041735843145679e-01
2.391382842612816972e-01 1.387149173448234442e-02 2.728804359203735319e-01 4.741097880838628376e-01
2.015241570153745443e-01 1.161506274956004489e-02 2.104897088153477591e-01 5.763710714197174401e-01
1.559072862351339461e-01 9.274575553454981677e-03 1.545322384322664611e-01 6.802858997791444429e-01
1.114789719734109730e-01 7.216011073768111017e-03 1.108197492394880079e-01 7.704852677133330330e-01
7.665315326148250397e-02 5.696256206641061269e-03 8.122212751498288086e-02 8.364284630168936641e-01
5.320269155769496300e-02 4.676229867351102028e-03 6.300989579490623438e-02 8.791111827800478506e-01
3.851348722367384236e-02 3.981220631347269327e-03 5.252724383580499590e-02 9.049780483091737215e-01
3.004193203101805307e-02 3.549368388960949614e-03 4.779208321065753912e-02 9.186166163693635367e-01
2.575129452086164644e-02 3.380942146629461673e-03 4.819918687757675235e-02 9.226685764549318325e-01
2.407946043358225735e-02 3.458777369987879862e-03 5.342842110265490913e-02 9.190333410937749914e-01
2.446555248426867529e-02 3.825868744562685875e-03 6.329207303432531073e-02 9.084165057368431828e-01
2.653524705422025121e-02 4.473337212843174482e-03 7.654131855503348847e-02 8.924500971779030234e-01
2.986205826731021251e-02 5.304190891752286890e-03 9.047104689849716497e-02 8.743627039424403113e-01
3.431177438709306221e-02 6.243455171958319297e-03 1.025905226477777515e-01 8.568542477931703205e-01
3.940941187712745930e-02 7.198182855922201188e-03 1.120443266776211255e-01 8.413480785893292513e-01
4.471521847468476474e-02 8.206404714235912209e-03 1.202769691452986178e-01 8.268014076657805855e-01
5.015601803871905934e-02 9.344969597612775083e-03 1.280589678196203673e-01 8.124400445440476126e-01
5.584008379792061022e-02 1.058985433307060853e-02 1.335550574562466841e-01 8.000150044127621873e-01
6.183736031374278269e-02 1.179900098723926129e-02 1.334971512334258148e-01 7.928664874655920736e-01
6.684189838067434997e-02 1.253437802822715379e-02 1.256587550848666801e-01 7.949649685062318838e-01
6.873450890080633202e-02 1.256425899024763912e-02 1.114684651712510993e-01 8.072327669376947457e-01
6.644979604217425562e-02 1.220795048018674493e-02 9.505248920414519076e-02 8.262897642734937653e-01
6.059080741004953252e-02 1.180234180095912980e-02 7.905103728188127288e-02 8.485558135071098462e-01
5.363365018293730913e-02 1.163140384662992265e-02 6.468718970643319577e-02 8.700477562639993279e-01
4.882552898628395727e-02 1.225114761625956290e-02 5.423130571982505421e-02 8.846920176776313927e-01
4.764838772252851656e-02 1.427635079664680597e-02 4.970280570958589966e-02 8.883724557712385783e-01
4.942367458599940255e-02 1.791793833228555455e-02 5.151897739590608621e-02 8.811394096858092828e-01
5.188693758109402115e-02 2.231780541628406930e-02 5.867815407269250105e-02 8.671171029299291622e-01
5.264492791128334154e-02 2.562235282856272292e-02 6.905638994939479469e-02 8.526763293107588737e-01
5.136767907432580188e-02 2.682450512631743417e-02 7.969608415310749927e-02 8.421117316462497504e-01
4.878020397169769568e-02 2.614901094397400691e-02 8.781706887953678875e-02 8.372537162047918313e-01
4.545639031903839916e-02 2.423288707035546954e-02 9.333462464565474292e-02 8.369760979649516486e-01
4.186627064411875543e-02 2.187833113557507286e-02 9.809305731312314980e-02 8.381623409071831121e-01
3.816646714497705373e-02 1.961202508010431028e-02 1.035389846820765208e-01 8.386825230928423025e-01
3.504336841787486501e-02 1.803747747116969669e-02 1.107791533461887495e-01 8.361400007647666888e-01
3.327151244040255779e-02 1.750495680973648133e-02 1.201015882683667546e-01 8.291219424814945116e-01
3.279399261860106024e-02 1.783410408338220385e-02 1.303249478282131335e-01 8.190469554698036614e-01
3.315909426433936297e-02 1.888389215526091805e-02 1.412335114487275889e-01 8.067235021316719878e-01
3.357815932505710255e-02 2.050283238422749219e-02 1.532092488937996655e-01 7.927097593969159028e-01
3.295658621341347044e-02 2.209230770355562201e-02 1.647912253267855565e-01 7.801598807562452054e-01
3.046723512303938300e-02 2.256301504338358022e-02 1.729163133672470265e-01 7.740534364663298472e-01
2.599023599050806835e-02 2.093872746427038328e-02 1.749993827873623231e-01 7.780716537578591385e-01
2.053475203851344230e-02 1.745814021415954473e-02 1.713895485732372381e-01 7.906175591740899344e-01
1.558843533956453739e-02 1.333271244733517588e-02 1.661690331163673540e-01 8.049098190967329813e-01
1.174614918036337094e-02 9.475734138571547879e-03 1.629963556713980299e-01 8.157817610096671501e-01
8.982572095039064591e-03 6.433738144772175628e-03 1.621807890204792213e-01 8.224029007397096747e-01
7.059253883306402556e-03 4.295136652777132441e-03 1.620128459638910112e-01 8.266327635000253471e-01
5.760193751616345809e-03 2.883286410402196697e-03 1.626576800018895430e-01 8.286988398360918273e-01
4.982743070065236146e-03 2.004829163014483061e-03 1.654380032453677540e-01 8.275744245215528316e-01
4.594689258353668211e-03 1.456100841660679622e-03 1.684024621277600831e-01 8.255467477722254754e-01
4.429925592899015829e-03 1.089454354999100545e-03 1.669161489187646341e-01 8.275644711333374204e-01
4.355016885635551623e-03 8.384907762684438428e-04 1.585987335610119231e-01 8.362077587770840870e-01
4.251933420906539064e-03 6.693372116774467216e-04 1.444117856182504100e-01 8.506669437491655161e-01
4.073692200537177427e-03 5.582408369376682528e-04 1.271908725724170963e-01 8.681771943901082089e-01
3.839023423516796287e-03 4.860924009482161232e-04 1.093347238211174050e-01 8.863401603544177609e-01
3.580598304136533606e-03 4.401105643353297819e-04 9.324917163274769327e-02 9.027301194987804589e-01
3.381189532256003317e-03 4.239155427930112988e-04 8.351073340003278833e-02 9.126841615249182693e-01
3.300860920441007779e-03 4.417265974995801189e-04 8.363052328823117332e-02 9.126268891938282835e-01
3.352598777928250066e-03 4.911028286602343862e-04 9.330563517548176589e-02 9.028506632179296165e-01
3.657590856685927552e-03 5.929658190924720022e-04 1.096591908896969031e-01 8.860902524345249942e-01
4.358021276838043058e-03 7.899462532727598903e-04 1.284153786803886865e-01 8.664366537895002995e-01
5.366590038471502969e-03 1.098386918574801967e-03 1.452787994695176332e-01 8.482562235734359968e-01
6.486351188777889597e-03 1.511575158297232555e-03 1.587953369363411527e-01 8.332067367165841842e-01
7.672414265482020712e-03 2.057914311719503172e-03 1.729714723568578916e-01 8.172981990659405893e-01
9.117927375629098635e-03 2.847283872626065089e-03 1.940562872371258407e-01 7.939785015146190172e-01
1.109681219764008415e-02 4.041495457916034068e-03 2.245600151578662218e-01 7.603016771865774848e-01
1.369699613989787054e-02 5.726637146693388039e-03 2.622460257473304690e-01 7.183303409660780625e-01
1.669957327304465167e-02 7.756471514697899777e-03 3.010197241994168604e-01 6.745242310128407581e-01
1.977363674902531121e-02 9.799974986333248941e-03 3.345715670157545785e-01 6.358548212488865925e-01
2.279808633982360194e-02 1.164547192085127816e-02 3.611827775672999952e-01 6.043736641720252045e-01
4.337337119063185420e-01 5.977793694663161711e-02 4.149664682397291582e-01 9.152188290732071740e-02
1.046158529168257911e-01 4.497252337463662070e-02 4.934864025587697850e-02 8.010629834526603599e-01
1.083696967880627832e-01 4.864605358833284932e-02 4.636899783061811803e-02 7.966152517929862009e-01
1.144047806531243439e-01 5.254606244054828290e-02 4.265919617578039363e-02 7.903899607305470143e-01
1.207883661540066073e-01 5.486321755946558382e-02 3.844232304480132284e-02 7.859060932417263334e-01
1.250391764165856845e-01 5.358233935636139839e-02 3.433992227959700022e-02 7.870385619474559169e-01
1.261056806469817160e-01 4.883876628154867894e-02 3.096651082869552110e-02 7.940890422427744344e-01
1.254681935912154433e-01 4.346517759343690446e-02 2.870080639218671598e-02 8.023658224231610125e-01
1.260734119008694865e-01 4.019625061338680250e-02 2.755660361499779817e-02 8.061737338707462008e-01
1.304889354207876273e-01 4.021623657178760580e-02 2.734993792212551261e-02 8.019448900852991224e-01
1.393093618784533028e-01 4.370973243712575340e-02 2.778388318591564973e-02 7.891970224985055404e-01
1.505983301221831827e-01 5.064697212752118649e-02 2.859474543343551792e-02 7.701599523168601857e-01
1.616398710411417194e-01 6.175471123637818471e-02 2.981620630997778784e-02 7.467892114125022074e-01
1.703798942272376771e-01 7.989611426897379187e-02 3.217934681277298536e-02 7.175446446910156428e-01
1.724411344019002590e-01 1.099736694433391532e-01 3.653522790539316667e-02 6.810499682493674767e-01
1.637116206203843849e-01 1.542196246988735420e-01 4.232475496628373274e-02 6.397439997144583890e-01
1.467941510451578613e-01 2.130393942954272035e-01 4.797829645080287087e-02 5.921881582086122586e-01
1.281000817595553676e-01 2.852746524713309917e-01 5.180969710573649772e-02 5.348155686633776495e-01
1.113666848905351531e-01 3.651467869477543760e-01 5.279624075190816196e-02 4.706902874098024547e-01
9.658724502166463055e-02 4.443962176336412884e-01 5.073128001286616312e-02 4.082852573318278555e-01
8.262098846003052000e-02 5.160506029687160767e-01 4.575427044728604120e-02 3.555741381239675425e-01
7.002302365985407784e-02 5.710589672733467070e-01 3.876358958911570868e-02 3.201544194776838603e-01
6.031994369559574853e-02 6.022415228671924581e-01 3.142335482299370153e-02 3.060151786142185082e-01
5.412222592247926956e-02 6.121239866503425109e-01 2.516742799665423400e-02 3.085863594305239266e-01
5.082822895485149955e-02 6.123127538157304706e-01 2.083376026276953855e-02 3.160252569666488487e-01
4.907226640347053803e-02 6.172112768011882578e-01 1.855841997792403303e-02 3.151580368174175528e-01
4.826223522415644396e-02 6.337448473660660664e-01 1.807373535757724609e-02 2.999191820521998064e-01
4.968310867672093289e-02 6.546951695340130772e-01 1.902665858450562977e-02 2.765950632047601276e-01
5.487477975708966033e-02 6.699068363672062709e-01 2.051215053965672191e-02 2.547062333360473052e-01
6.434032523927521452e-02 6.789829072423534395e-01 2.150033590096167568e-02 2.351764316174095593e-01
7.688445560831340397e-02 6.884704319236761849e-01 2.167832378868055770e-02 2.129667886793298603e-01
8.997875648320829978e-02 7.014980399473226269e-01 2.106465379389901166e-02 1.874585497755701935e-01
1.022200287964698112e-01 7.157460205868146907e-01 1.983550025018749816e-02 1.621984503665281074e-01
1.128366701551863499e-01 7.288393418053018546e-01 1.828671471461965764e-02 1.400372733248919921e-01
1.221284316408007553e-01 7.391062044790813745e-01 1.689233530615892251e-02 1.218730285739589858e-01
1.290930301731526564e-01 7.476086231851347685e-01 1.594339113135583019e-02 1.073549555103565922e-01
1.318456154716035611e-01 7.570506770345470926e-01 1.543210088575414432e-02 9.567160660809523320e-02
1.295688340754508061e-01 7.690992818624033944e-01 1.515034566113696024e-02 8.618153840100889473e-02
1.234543160571418274e-01 7.834438084487332921e-01 1.473986735120650683e-02 7.836200814291845174e-02
1.155334509737796639e-01 7.990096186522142041e-01 1.386851690629542500e-02 7.158841346771091518e-02
1.077500748225520416e-01 8.139219008301368241e-01 1.264232355805504880e-02 6.568570078925600741e-02
1.021488626442261238e-01 8.252652385850093308e-01 1.156057437147358855e-02 6.102532439929118230e-02
9.978078600843591495e-02 8.314895773024519876e-01 1.097702461968831818e-02 5.775261206942359365e-02
1.011136060331826042e-01 8.313267441032896610e-01 1.116242148311159636e-02 5.639722838041608122e-02
1.059446711379260081e-01 8.245769327472554089e-01 1.218481558552055900e-02 5.729358052929772044e-02
1.145360595512325691e-01 8.112164356869090431e-01 1.386445211921760561e-02 6.038305264264062083e-02
1.293815971789024077e-01 7.881820150146131576e-01 1.613796282143844033e-02 6.629842498504583126e-02
1.531644641419133701e-01 7.518088387659649374e-01 1.898788526303175905e-02 7.603881182909000280e-02
1.862961167852647537e-01 7.014211760178842292e-01 2.226558376891881255e-02 9.001712342793204147e-02
2.280872266082624999e-01 6.370850385374574598e-01 2.596825732616553709e-02 1.088594775281145899e-01
2.768328444685509426e-01 5.601917367086916011e-01 3.001468700410243884e-02 1.329607318186549481e-01
3.286038867129029151e-01 4.764035579937658804e-01 3.406188583256453822e-02 1.609306694607666732e-01
3.769701115952021064e-01 3.947179661236283055e-01 3.782255352755586886e-02 1.904893687536138303e-01
4.120036049538360334e-01 3.253725440954448600e-01 4.184709919001970702e-02 2.207767517606995522e-01
4.250201369274085872e-01 2.740471508413366286e-01 4.856397829440334962e-02 2.523687339368517746e-01
4.138155110992761121e-01 2.400931874823400425e-01 6.237331487885657694e-02 2.837179865395274558e-01
3.858345225112683186e-01 2.175719128505868571e-01 8.629414281189050351e-02 3.102994218262541959e-01
3.476326370382036846e-01 2.031414305851266811e-01 1.205430079998459358e-01 3.286829243768236708e-01
3.051137204955788329e-01 1.925728878021113755e-01 1.618749255623604111e-01 3.404384661399495471e-01
2.655657314140822955e-01 1.816665184932161337e-01 1.998312974138610754e-01 3.529364526788403289e-01
2.334157709848145024e-01 1.678988355027533907e-01 2.239513347378471464e-01 3.747340587745851548e-01
2.092183996075569208e-01 1.517412572481366406e-01 2.281529569036435945e-01 4.108873862406630662e-01
1.906283739726426785e-01 1.357790124048952329e-01 2.146719647238415629e-01 4.589206488986207200e-01
1.753665573848315618e-01 1.227993098738205530e-01 1.935810160313312933e-01 5.082531167100166059e-01
1.632907088199850310e-01 1.158116802636484505e-01 1.743876503055550309e-01 5.465099606108115848e-01
1.552017080604475852e-01 1.168476564668872453e-01 1.610330188323964573e-01 5.669176166402686290e-01
1.503209812383182464e-01 1.250931409434359320e-01 1.529822469699120557e-01 5.716036308483338768e-01
1.464956305761789535e-01 1.378084644006312975e-01 1.486163836886722212e-01 5.670795213345173336e-01
1.420822369845668731e-01 1.519650768821190767e-01 1.471037792989947357e-01 5.588489068343193145e-01
1.371789823651585194e-01 1.651380322359519703e-01 1.473735607989497820e-01 5.503094245999398115e-01
1.328868150149819238e-01 1.756441631748814902e-01 1.487786278859923594e-01 5.426903939241439767e-01
1.294957099589117422e-01 1.827758152357222832e-01 1.520377675295414288e-01 5.356907072758249067e-01
3.967316960318111319e-01 4.877393599713411576e-01 1.024058188131710401e-01 1.312312518367649353e-02
3.759822631813624638e-01 4.751873671430031365e-01 1.338041872973845803e-01 1.502618237824965286e-02
3.503441034498134821e-01 4.679898713112197184e-01 1.646888718238470883e-01 1.697715341511970427e-02
3.205149593754649251e-01 4.696299142739293608e-01 1.913328921570534302e-01 1.852223419355241915e-02
2.927669321560510407e-01 4.729790866976262276e-01 2.146532382450286325e-01 1.960074290129413394e-02
2.665337417941132658e-01 4.759237620500314514e-01 2.368835046820871315e-01 2.065899147376770717e-02
2.484278961994212664e-01 4.694594944482861076e-01 2.598380838989317043e-01 2.227452545336093548e-02
2.341772383382351441e-01 4.588745505206622832e-01 2.824563142091301438e-01 2.449189693197235604e-02
2.237183614975418178e-01 4.486535593536404853e-01 3.006756435925821425e-01 2.695243555623562728e-02
2.178788218395948106e-01 4.422238797250881426e-01 3.108743338838091952e-01 2.902296455150826099e-02
2.166589578469022281e-01 4.427457592575118617e-01 3.107409530519539276e-01 2.985432984363205894e-02
2.177857638510085903e-01 4.550171224586511687e-01 2.986015784368296622e-01 2.859553525351035339e-02
2.174953599928965420e-01 4.839051262685504229e-01 2.736578913989283213e-01 2.494162233962489775e-02
2.138726586029801036e-01 5.255188255924876373e-01 2.402868401159879153e-01 2.032167568854440984e-02
2.080183881422064673e-01 5.707752773976267902e-01 2.049268477440623071e-01 1.627948671610441808e-02
2.021244290128667020e-01 6.150415812816194538e-01 1.697110492353773870e-01 1.312294047013639470e-02
1.955694091380466570e-01 6.593343039843646558e-01 1.345395614402235818e-01 1.055672543736524416e-02
1.847341156826628472e-01 7.059053789525467915e-01 1.009881897319411526e-01 8.372315632849083866e-03
1.678070199890015768e-01 7.535690509899906075e-01 7.208038917294148917e-02 6.543539848066508638e-03
1.459872639748344414e-01 7.989177453794472639e-01 5.001261599911383665e-02 5.082374646604571715e-03
1.224344928340930505e-01 8.383366682923248936e-01 3.523793016881415774e-02 3.990908704767905969e-03
9.841254934546013466e-02 8.728846216478902686e-01 2.553985974693814137e-02 3.162969259711277507e-03
7.946431915666057888e-02 8.983056223236977056e-01 1.958544860309158198e-02 2.644609916550206413e-03
6.357152969547765764e-01 3.383642236351648291e-01 1.105258354824359933e-02 1.486789586181491013e-02
6.563807664057293989e-01 3.197662674898429924e-01 9.965194761943813734e-03 1.388777134248365963e-02
6.619773767754422167e-01 3.163008536954036165e-01 9.424043070635237246e-03 1.229772645851896253e-02
6.546380576090007342e-01 3.245108293949971467e-01 9.955099546487246320e-03 1.089601344951507747e-02
6.360095083445331809e-01 3.423653622180511946e-01 1.178195370681593863e-02 9.843175730599819373e-03
6.132436782428991595e-01 3.627370006589823448e-01 1.485844710201509114e-02 9.160873996103338635e-03
5.971290549769694422e-01 3.752195424349568098e-01 1.878066730276861662e-02 8.870735285305027251e-03
5.907061565507230050e-01 3.768808261610896992e-01 2.346415878640344468e-02 8.948858501783755678e-03
5.900277802107959380e-01 3.719893882630962434e-01 2.885958970056658884e-02 9.123241825541316546e-03
5.917923657373339585e-01 3.657424535496648366e-01 3.349794402322877479e-02 8.967236689772456124e-03
5.909123352612338786e-01 3.662723912315631325e-01 3.461924423451177152e-02 8.196029272691076825e-03
5.791677860838859715e-01 3.826582261197706836e-01 3.133888626643654973e-02 6.835101529906973880e-03
5.501915696795401933e-01 4.188451226042021469e-01 2.572507460717139358e-02 5.238233109086435323e-03
5.059285592227275030e-01 4.710713526785051952e-01 1.933017677524347111e-02 3.669911323523863608e-03
4.461484202345652461e-01 5.371605480103415209e-01 1.417601456328314823e-02 2.515017191809855359e-03
3.868147810454477531e-01 6.008439469472486305e-01 1.049541346141173899e-02 1.845858545891897358e-03
3.423954379199395381e-01 6.479441167346551289e-01 8.109131861866550675e-03 1.551313483538764061e-03
3.148325315842540051e-01 6.773762433227158430e-01 6.372767970314163755e-03 1.418457122715793828e-03
2.980372512050862843e-01 6.958340219040395347e-01 4.839622951291810103e-03 1.289103939582239263e-03
2.878066757612641746e-01 7.074985533110833558e-01 3.542677034226153314e-03 1.152093893425826894e-03
2.794981130325728813e-01 7.168916200202848366e-01 2.572872372521379982e-03 1.037394574620989322e-03
2.649986110004836082e-01 7.321223381548001008e-01 1.923858933274028666e-03 9.551919114423724046e-04
2.372059489490896678e-01 7.603909596280926664e-01 1.512288704927208923e-03 8.908027178907084679e-04
1.987960036941518460e-01 7.991110167206157966e-01 1.257075253669056756e-03 8.359043315631059078e-04
1.602178155786630198e-01 8.378555214170000376e-01 1.119479352235467620e-03 8.071836521015053351e-04
1.321860861094506789e-01 8.658206054578306832e-01 1.121416449727174417e-03 8.718919829914209725e-04
1.222083286407675135e-01 8.752355940877639684e-01 1.365723453787871539e-03 1.190353817680501330e-03
1.328838118415872072e-01 8.629764127184090805e-01 2.049459695611586564e-03 2.090315744392287536e-03
1.664990514786698350e-01 8.256159189880152294e-01 3.553370410181300957e-03 4.331659123133660243e-03
2.258484881432674674e-01 7.583945853903051315e-01 6.409456210406949683e-03 9.347470256020729007e-03
3.095534030980936491e-01 6.601302019050641068e-01 1.110061991790389085e-02 1.921577507893851289e-02
4.059794142442640918e-01 5.386512362225739370e-01 1.810004623946348187e-02 3.726930329369867317e-02
4.902439669965432123e-01 4.120482528367363506e-01 2.777199237697419026e-02 6.993578778974648968e-02
5.313399882269835839e-01 3.017366373036625138e-01 3.919579901460172600e-02 1.277275754547521625e-01
5.064779701427487568e-01 2.215260274699376586e-01 5.014624316963650630e-02 2.218497592176769950e-01
4.303101789877087913e-01 1.641012546647291626e-01 5.723414133494979933e-02 3.483544250126124342e-01
3.378250989627430423e-01 1.223431811174966882e-01 5.994275798495806579e-02 4.798889619348022939e-01
2.604360009501042184e-01 9.067383350577205847e-02 6.005669209604243275e-02 5.888334734480809018e-01
2.042959791143015846e-01 6.890155345336962389e-02 6.045964841237775472e-02 6.663428190199511825e-01
1.655919724599688447e-01 5.483146276486945692e-02 6.221716621326567331e-02 7.173593985618961222e-01
1.386151544464622187e-01 4.592783810490178725e-02 6.564783710727990773e-02 7.498091703413556353e-01
1.189431956177737643e-01 4.023890728020669549e-02 7.077470002781442726e-02 7.700431970742054322e-01
1.041670733964556034e-01 3.688822190369887150e-02 7.826659775614396020e-02 7.806781069437016551e-01
9.389884091624896290e-02 3.598124924705786015e-02 9.036174352935381904e-02 7.797581663073389624e-01
8.831539578869627982e-02 3.796721837395974908e-02 1.103911668535823704e-01 7.633262189837617395e-01
8.670243733082877435e-02 4.275320748754260491e-02 1.399785949763755477e-01 7.305657602052529898e-01
8.738034958728424506e-02 4.928041852335202783e-02 1.753962473820576407e-01 6.879429845073059546e-01
8.832355841581193689e-02 5.591015373904566904e-02 2.098461438131712098e-01 6.459201440319712884e-01
8.759258941168264478e-02 6.119474945606749594e-02 2.400979621758992932e-01 6.111146989563508436e-01
8.416785242012163326e-02 6.448444054275767612e-02 2.658939049633733953e-01 5.854538020737474202e-01
7.938316830363664756e-02 6.727000781971025078e-02 2.845391625887416787e-01 5.688076612879116034e-01
7.598633650062538991e-02 7.227543488847976150e-02 2.933418078498850612e-01 5.583964207610097041e-01
7.485588865821901638e-02 8.023839997342126218e-02 2.936056451286424007e-01 5.513000662397170570e-01
7.565831396230963957e-02 8.949094765069653956e-02 2.905374648214066324e-01 5.443132735655870080e-01
7.520175816896493282e-02 1.003663197273303026e-01 2.908983590447547507e-01 5.335335630589500555e-01
7.254263987717943230e-02 1.118694659702125643e-01 2.989540954802243355e-01 5.166337986723834597e-01
6.734093456610035222e-02 1.222498992029282250e-01 3.142925016710906849e-01 4.961166645598808489e-01
6.091956907410347316e-02 1.297859490030673080e-01 3.318211130447885071e-01 4.774733688780408158e-01
5.518324607827201911e-02 1.349265781264654407e-01 3.451954497830768687e-01 4.646947260121853107e-01
5.110271484557169647e-02 1.380065645170159561e-01 3.498687275646006900e-01 4.610219930728117754e-01
4.856498742977194416e-02 1.377853605132912385e-01 3.445982416560467443e-01 4.690514104008897678e-01
4.653489458398853834e-02 1.327889220383983715e-01 3.323604767758626677e-01 4.883157066017506098e-01
4.371912758588699516e-02 1.222037323573015311e-01 3.195606967608805582e-01 5.145164432959311585e-01
4.020324541585873490e-02 1.070545167418068683e-01 3.141016708015318959e-01 5.386405670408028756e-01
3.694460858116079688e-02 9.137871724256889372e-02 3.235377458102125514e-01 5.481389283660578204e-01
3.453472953041777233e-02 7.907461270614711546e-02 3.498568926805330492e-01 5.365337650829020699e-01
3.316919650427576499e-02 7.118573152916457536e-02 3.849973888640758068e-01 5.106476831024836516e-01
3.336838435696740102e-02 6.725191867344240682e-02 4.139484888593498724e-01 4.854312081102402643e-01
3.569488634870390809e-02 6.675401607353485811e-02 4.264397476364281125e-01 4.711113499413331906e-01
4.019638441777143023e-02 6.891949911715010424e-02 4.219640333349155559e-01 4.689200831301630346e-01
4.660815187478654226e-02 7.295909758265886613e-02 4.030804691842619913e-01 4.773522813582927737e-01
5.454081235993205046e-02 7.887545983819410633e-02 3.701866263408853941e-01 4.963971014609880883e-01
6.400799285489368329e-02 8.790746344271173351e-02 3.230663095975386812e-01 5.250182341048557078e-01
7.526796240412352013e-02 1.020722172993109855e-01 2.662389211895496155e-01 5.564208991070160870e-01
8.827257215872483243e-02 1.243385765647860852e-01 2.090925897545928835e-01 5.782962615218959490e-01
1.019259370651934143e-01 1.564883703462111308e-01 1.594014149208506925e-01 5.821842776677448317e-01
1.153206155252469722e-01 1.905193132285564472e-01 1.225214846799985713e-01 5.716385865661982590e-01
1.274074262598759166e-01 2.205230428910747720e-01 9.711663595806832583e-02 5.549528948909806525e-01
1.385543764734704364e-01 2.454034985350137255e-01 7.946725654135769479e-02 5.365748684501578936e-01
1.486315870703959485e-01 2.648571831276079758e-01 6.657058747829605605e-02 5.199406423237000752e-01
1.580193052573609924e-01 2.751510384695684541e-01 5.731279725460531466e-02 5.095168590184651070e-01
1.668010836873473901e-01 2.743843841877485756e-01 5.079378944813284918e-02 5.080207426767715528e-01
1.736976920782127010e-01 2.669925421576585522e-01 4.572020347654746908e-02 5.135895622875811251e-01
1.784093365075850035e-01 2.605911017063645696e-01 4.111110922123978328e-02 5.198884525648105326e-01
1.837327197039024806e-01 2.611468365949464188e-01 3.663844640509398426e-02 5.184819972960569290e-01
1.946438663396964919e-01 2.727459532633146333e-01 3.236088849546003843e-02 5.002492919015291140e-01
2.148096231305330062e-01 2.986559674488845073e-01 2.857895641347002816e-02 4.579554530071126006e-01
2.428498008527207597e-01 3.393576735836937863e-01 2.555641210071616862e-02 3.922361134628690738e-01
2.719626719248685598e-01 3.883567636617301089e-01 2.368466167384914584e-02 3.159959027395521924e-01
