2.051856836973077816e-02 2.530236339892681999e-02 3.497857590231358976e-02 9.192004923290283402e-01
1.217994376094756331e-01 2.083158460759208450e-02 3.478856118218938333e-03 8.538901216647132308e-01
1.171168198048379849e-01 1.675908244942931127e-02 3.743906631193998948e-03 8.623801911145387855e-01
1.102247847960852317e-01 1.355357377066215147e-02 4.321333897002611196e-03 8.719003075362501409e-01
1.006114475562362304e-01 1.085716088899352227e-02 5.155126062203185637e-03 8.833762654925672031e-01
9.038053117992105034e-02 8.729948275851162620e-03 6.153577856220655493e-03 8.947359426880071576e-01
8.351525263431119894e-02 7.413839860051742690e-03 7.320368356421691480e-03 9.017505391492155464e-01
8.263883032462950029e-02 7.004024457439667929e-03 8.816077932213636434e-03 9.015410672857171459e-01
8.804644678948905789e-02 8.324987739667938716e-03 1.132866269859973338e-02 8.922999027722434695e-01
9.953189203682914765e-02 1.033584971228061235e-02 1.506431026687203578e-02 8.750679479840181019e-01
1.162774897403800745e-01 1.468207808298525700e-02 2.195163505731822368e-02 8.470887971193165056e-01
1.303475054595890914e-01 2.228507731616543100e-02 3.365009847892647815e-02 8.137173187453187184e-01
1.319008950449915285e-01 3.265400507167905142e-02 5.014055973997822574e-02 7.853045401433516037e-01
1.264095601356499676e-01 4.583545659139949546e-02 7.215408621183073967e-02 7.556008970611197695e-01
1.218419205159597674e-01 6.155262502078802378e-02 1.001371659895522875e-01 7.164682884737002544e-01
1.194634335869153713e-01 8.096958030748506452e-02 1.329457648542095582e-01 6.666212212513900059e-01
1.181960899858103264e-01 1.022240313717863447e-01 1.685238033623025489e-01 6.110560752801008633e-01
1.159173221234907208e-01 1.239998853926340405e-01 2.049421248255240413e-01 5.551406676583513500e-01
1.128416498347050295e-01 1.494555672468560470e-01 2.447729989244198379e-01 4.929297839940191550e-01
1.107694756943286701e-01 1.858503940515492392e-01 2.992743955412558998e-01 4.041057347128660382e-01
1.104278449946862056e-01 2.226646923404366207e-01 3.901052233881449616e-01 2.768022392767323647e-01
1.021846782232395251e-01 2.274996912424596396e-01 5.162859988212281648e-01 1.540296317130727122e-01
8.621470482230930710e-02 2.066303222789987459e-01 6.259391614238287715e-01 8.121581147486330032e-02
7.205302764500386148e-02 1.911947526066820890e-01 6.882677685050985206e-01 4.848445124321554278e-02
6.466637864761987098e-02 1.885906643899724067e-01 7.113960860492581917e-01 3.534687091314967639e-02
6.283647834486792705e-02 1.966032041457397017e-01 7.093332372579689293e-01 3.122708025142361191e-02
6.726201193899872255e-02 2.139414049982980293e-01 6.880314212155187459e-01 3.076516184718413108e-02
7.957191981825773031e-02 2.384341527839228536e-01 6.524840367102969774e-01 2.950989068752223748e-02
1.021895882173393250e-01 2.683693788437331307e-01 6.043131021667145220e-01 2.512793077221288363e-02
1.452151362351486175e-01 3.009343804588254234e-01 5.346296703414135099e-01 1.922081296461244579e-02
2.270853989652892868e-01 3.304677116426146255e-01 4.277131111660445462e-01 1.473377822605118417e-02
3.703827251903956674e-01 3.374345642077130059e-01 2.802077607014313854e-01 1.197494990045980950e-02
5.351735750414624571e-01 3.142173661364802695e-01 1.418774639036496643e-01 8.731594918407350678e-03
6.099779161245239001e-01 3.167785676115629778e-01 6.583349460795530350e-02 7.410021655957686748e-03
5.770831727076143336e-01 3.734869864172429832e-01 3.886919500776068320e-02 1.056064586738210929e-02
4.736340069101808714e-01 4.724736093854124963e-01 3.178370442257169581e-02 2.210867928183487055e-02
3.405784395496104233e-01 5.769060346623992031e-01 3.043281492940815708e-02 5.208271085858225818e-02
2.168269749345969055e-01 6.366687921086825463e-01 3.015652227696206597e-02 1.163477106797580068e-01
1.358272906532290714e-01 5.973732782969806143e-01 3.055097401658842318e-02 2.362484570332020473e-01
8.777551047516096716e-02 4.712307270428054418e-01 3.080192023372156293e-02 4.101918422483118998e-01
5.716293125663264585e-02 3.285527827753230157e-01 2.994760305145393459e-02 5.843366829165904663e-01
3.987750583224684842e-02 2.265239621088560584e-01 3.020506238942595109e-02 7.033934696694711386e-01
3.087625945926442128e-02 1.700426539692027339e-01 3.337188826949129272e-02 7.657091983020416492e-01
2.461915528475504267e-02 1.337143180920155883e-01 3.840799682139408450e-02 8.032585298018350972e-01
1.802408829478526625e-02 9.583185803324527352e-02 4.171056774341552753e-02 8.444334859285539396e-01
1.224490803836739486e-02 6.011212083834314296e-02 4.312524649380010400e-02 8.845177246294897433e-01
8.966697846233800950e-03 3.868739286191065496e-02 4.719312477282300994e-02 9.051527845190326937e-01
7.679192559538542719e-03 2.936853270513951897e-02 5.541784610675934419e-02 9.075344286285624840e-01
7.447501558505919932e-03 2.628978435370764311e-02 6.602745985773900150e-02 9.002352542300474658e-01
7.684461893989036514e-03 2.621934500818375036e-02 7.685831603886016106e-02 8.892378770589670633e-01
7.965602683538436368e-03 2.755163005162958312e-02 8.622618514268008683e-02 8.782565821221519631e-01
8.102802853474373734e-03 2.955230593327798708e-02 9.429672211134124127e-02 8.680481691019066304e-01
8.092123397301507343e-03 3.171774388445478682e-02 1.019638176850330841e-01 8.582263150332105628e-01
8.047219140494870498e-03 3.368921362235783451e-02 1.101292052514069725e-01 8.481343619857403260e-01
8.112703121784570898e-03 3.540237036267117332e-02 1.198941971926657246e-01 8.365907293228781461e-01
8.344350663690254175e-03 3.678838084581671775e-02 1.319666426343144572e-01 8.229006258561786247e-01
8.716126239659470476e-03 3.748612085918540809e-02 1.463610229267598983e-01 8.074367299743951953e-01
9.203232770157816420e-03 3.709985707055290377e-02 1.630085401681017621e-01 7.906883699911875230e-01
9.802588675556608150e-03 3.606491819935737919e-02 1.817407475949364137e-01 7.723917455301497759e-01
1.040156641685357174e-02 3.532706677259015576e-02 2.006665770750585276e-01 7.536047897354979375e-01
1.049200721243845856e-02 3.455458808024664680e-02 2.131468816289933677e-01 7.418065230783215114e-01
9.772474024675743831e-03 3.295701615029211079e-02 2.134026460915417756e-01 7.438678637334902310e-01
8.581764292441975556e-03 3.062193679603444213e-02 2.021534718030577327e-01 7.586428271084660890e-01
7.387029023198421300e-03 2.820316711096026649e-02 1.840464941058028714e-01 7.803633097600385371e-01
6.401569175652556051e-03 2.618977148111416298e-02 1.633239147579997608e-01 8.040847445852336017e-01
5.644845070160935119e-03 2.473842778917394181e-02 1.428728116013245619e-01 8.267439155393406791e-01
5.088517251079110494e-03 2.382291883910747296e-02 1.248425527996171319e-01 8.462460111101963722e-01
4.717342108961892697e-03 2.320366812713197877e-02 1.096031671258263090e-01 8.624758226380797588e-01
4.405583636058835184e-03 2.208382876449125135e-02 9.384763571450235875e-02 8.796629518849474749e-01
4.027655886877818357e-03 2.006807611174174152e-02 7.637352546598412395e-02 8.995307425353961106e-01
3.542464367566555260e-03 1.745926569019084704e-02 5.912149310989613799e-02 9.198767768323465877e-01
2.934003650975576961e-03 1.451960100059964884e-02 4.341285441059596767e-02 9.391335409378289700e-01
4.125215561856219754e-04 1.083492119107903016e-02 2.388317477266456088e-02 9.648693824800708141e-01
4.558464942170052832e-03 3.228209633997441985e-02 5.341784080532080425e-01 4.289810306646473781e-01
3.984901365004798850e-03 3.127949587567162987e-02 5.117107069450229639e-01 4.530248958143003324e-01
3.799561935131182903e-03 3.279249763654770722e-02 4.806619982850464656e-01 4.827459421432747644e-01
3.928758400136556778e-03 3.837115651130554306e-02 4.441665678549888696e-01 5.135335172335689924e-01
4.415559131071670335e-03 5.102835029882077378e-02 4.115068784419640413e-01 5.330492121281434903e-01
5.533547047095323072e-03 7.698151565021234266e-02 3.961314683750552512e-01 5.213534689276368983e-01
7.642296404375178986e-03 1.226390967946809213e-01 4.036672641142657336e-01 4.660513426866781939e-01
1.062651263699298729e-02 1.810158008465751200e-01 4.218460886347074612e-01 3.865115978817242892e-01
1.407200891745299248e-02 2.366417001432602751e-01 4.335325075854239985e-01 3.157537833538626715e-01
1.841552684831692516e-02 2.870960164704818851e-01 4.323627956697313479e-01 2.621256610114700569e-01
2.486068838330489014e-02 3.414659527452983401e-01 4.197961567755176815e-01 2.138772020958789322e-01
3.402270429912816752e-02 4.069829391261713392e-01 3.950734181432632441e-01 1.639209384314371243e-01
4.509655292194585108e-02 4.793989855065806660e-01 3.568504450882908907e-01 1.186540164831826200e-01
5.624979989610977282e-02 5.463581416625516995e-01 3.121040279335863254e-01 8.528803050775218830e-02
6.566051468373944322e-02 5.963374786974245945e-01 2.728031294302876164e-01 6.519887718854845693e-02
7.188432452556198227e-02 6.287450801334442119e-01 2.439648483095452347e-01 5.540574703144844626e-02
7.457869005072736979e-02 6.494157085523312167e-01 2.239759515728478589e-01 5.202964982409374883e-02
7.500800294081613750e-02 6.612696306870219365e-01 2.111432537415475763e-01 5.257911263061445378e-02
7.551074276328635648e-02 6.639890292433379138e-01 2.048050425653173690e-01 5.569518542805856898e-02
7.757275749215485072e-02 6.587714439189743532e-01 2.034324772762652611e-01 6.022332131260547949e-02
8.586467513281677288e-02 6.407303713756460350e-01 2.082944618547544202e-01 6.511049163678307716e-02
1.019338098571789253e-01 6.070764622943659594e-01 2.207424191342111652e-01 7.024730871424388068e-02
1.266477854266685743e-01 5.527516053200391966e-01 2.404128892209259627e-01 8.018772003236625256e-02
1.547489659712485977e-01 4.821255586927935544e-01 2.601952643457158265e-01 1.029302109902421047e-01
1.771375160748208388e-01 3.996573839258276140e-01 2.780626695487821709e-01 1.451424304505695706e-01
1.865954853856273965e-01 3.117564672984599050e-01 2.932673291845755981e-01 2.083807181313367396e-01
1.778914288215816542e-01 2.333123947281873500e-01 3.005240270490104337e-01 2.882721494012205343e-01
1.600599503912966404e-01 1.688452122882655171e-01 2.979179001135018323e-01 3.731769372069357327e-01
1.387780218353341366e-01 1.196893103447951995e-01 2.923341852790846129e-01 4.491984825407860371e-01
1.186561990439023440e-01 8.669076977071564494e-02 2.876794089173727587e-01 5.069736222680096827e-01
1.024732520179490042e-01 6.658618840154720275e-02 2.867946200797500955e-01 5.441459395007536282e-01
9.152446273269948529e-02 5.404232405550411095e-02 2.878413633263194327e-01 5.665918498854770613e-01
8.447663766273881547e-02 4.647082978228447847e-02 2.843285494908218691e-01 5.847239830641551839e-01
8.043383476532310616e-02 4.178110298092987951e-02 2.731316252994105964e-01 6.046534369543364873e-01
7.895426841833877440e-02 3.905777110345516612e-02 2.563670169316966674e-01 6.256209435465095448e-01
7.862023774446776081e-02 3.710245923128981105e-02 2.357841629172799935e-01 6.484931401069627954e-01
7.687650416049340851e-02 3.417917214973462819e-02 2.095354070203835906e-01 6.794089166693885185e-01
7.464016299179972169e-02 3.073949099733421994e-02 1.812133674237278169e-01 7.134069785871379743e-01
7.780119963919475412e-02 2.970504365369613931e-02 1.624973198472944025e-01 7.299964368598147457e-01
8.874672790787693777e-02 3.150989912918006342e-02 1.525789477852352305e-01 7.271644251777079626e-01
1.060929806420183724e-01 3.456107194325990645e-02 1.435494861368906971e-01 7.157964612778309199e-01
1.303619984014990907e-01 3.827268733447825033e-02 1.344652153710544085e-01 6.969000988929678897e-01
1.636500764677382702e-01 4.307640252659163810e-02 1.276417862050064356e-01 6.656317348006639545e-01
2.040324114339715500e-01 4.917145101528742901e-02 1.235887526438839701e-01 6.232073849068570093e-01
2.419015296200655862e-01 5.567136769392182910e-02 1.197701556795707362e-01 5.826569470064417722e-01
2.704221391515860273e-01 6.231497088841438797e-02 1.155031905971380113e-01 5.517596993628620661e-01
2.936239418888081376e-01 7.075293639733626350e-02 1.135650083437811098e-01 5.220581133700743504e-01
3.168297867790989542e-01 8.219739684673792179e-02 1.145419506319609593e-01 4.864308657422023452e-01
3.376347388562986884e-01 9.530113420373122202e-02 1.156666191998994286e-01 4.513975077400705360e-01
3.502872011858671475e-01 1.082303088825318921e-01 1.170244076156000540e-01 4.244580823160007399e-01
3.498195875256769893e-01 1.202919179005774025e-01 1.218320908362817839e-01 4.080564037374639907e-01
3.354664335295924338e-01 1.321145232715836004e-01 1.318699341318836649e-01 4.005491090669405785e-01
3.145886309319224639e-01 1.461066021411644988e-01 1.481331436876293928e-01 3.911716232392833947e-01
2.975701421890867837e-01 1.655470094715782436e-01 1.750557100074037753e-01 3.618271383319311973e-01
2.852588717840228716e-01 1.906395046213812949e-01 2.228652494408657481e-01 3.012363741537300577e-01
2.646358171307558460e-01 2.125293042698771506e-01 2.983149637031723422e-01 2.245199148961945501e-01
2.299380298335277351e-01 2.211108281568459899e-01 3.927512352256111727e-01 1.561999067840152133e-01
1.925129921521006593e-01 2.157519586278790202e-01 4.859827850941756955e-01 1.057522641258444585e-01
1.649476370842880013e-01 2.028189354832165558e-01 5.611350605379472611e-01 7.109836689454843150e-02
1.569545024790074961e-01 1.852106865057830676e-01 6.100423529750066409e-01 4.779245804020285093e-02
1.720502269885628432e-01 1.693878258197961950e-01 6.260121935358992085e-01 3.254975365574184348e-02
2.119896467873443879e-01 1.627500854707052136e-01 6.020407151952112956e-01 2.321955254673913754e-02
2.798704071376695857e-01 1.640188697847187183e-01 5.383504611299531062e-01 1.776026194765865582e-02
3.676183576308787448e-01 1.664702924868945444e-01 4.517976750037551725e-01 1.411367487847136129e-02
4.557648974243073692e-01 1.648752040390201457e-01 3.681863121231378488e-01 1.117358641353481154e-02
5.264438796643112761e-01 1.602231046441207063e-01 3.044815826648951673e-01 8.851433026673016791e-03
5.726260864421776065e-01 1.566960919882861014e-01 2.634129633325704156e-01 7.264858236965966720e-03
5.961163590776368260e-01 1.567316893029055969e-01 2.407917243393065398e-01 6.360227280151283663e-03
6.037734231762436066e-01 1.596920451682166120e-01 2.305603064042586192e-01 5.974225251281184770e-03
6.069853823450828134e-01 1.629347338492045938e-01 2.243773681203772019e-01 5.702515685335646754e-03
6.126647019451820775e-01 1.637001716392750272e-01 2.184355537482316478e-01 5.199572667311243984e-03
5.101825993190222536e-02 6.806853635001360869e-01 1.992774243432745840e-01 6.901895222468684699e-02
7.169371582977928092e-01 1.976340833996619029e-01 6.915196942109380629e-02 1.627678888145152672e-02
7.380475700644868464e-01 1.701661255670247064e-01 7.570628692136524562e-02 1.608001744712313566e-02
7.497485900453039198e-01 1.520044584291163348e-01 8.251794857254104998e-02 1.572900295303893831e-02
7.525150426925716340e-01 1.441004238638817492e-01 8.834556649923022698e-02 1.503896694431618511e-02
7.457552422311445328e-01 1.460219772752648915e-01 9.402237268863879172e-02 1.420040780495161400e-02
7.286246334232230337e-01 1.561500934804779805e-01 1.017454873979368735e-01 1.347978569836196655e-02
7.043885047602460592e-01 1.715473448048659144e-01 1.113355581794737426e-01 1.272859225541438447e-02
6.786886780396594876e-01 1.896662528160782402e-01 1.199873742936650861e-01 1.165769485059756604e-02
6.560106651706422154e-01 2.095722467256993793e-01 1.242420930386949479e-01 1.017499506496362567e-02
6.361772596118525636e-01 2.328073386963377123e-01 1.225210725227918324e-01 8.494329169018047937e-03
6.146528744811092793e-01 2.609602896164842645e-01 1.173637122057809845e-01 7.023123696625538544e-03
5.889101568420678223e-01 2.922601376203913803e-01 1.128012575341944129e-01 6.028448003346418248e-03
5.592379054487329748e-01 3.241690594395885694e-01 1.110810967645638470e-01 5.511938347114973998e-03
5.257024272233352669e-01 3.572017791705627276e-01 1.117486847926034838e-01 5.347108813498478372e-03
4.871204227718323176e-01 3.943426360603877745e-01 1.131519692401192767e-01 5.384971927660568702e-03
4.412009546277934624e-01 4.402566261889839239e-01 1.131497180398336189e-01 5.392701143389155329e-03
3.944924690713011439e-01 4.882343023944159532e-01 1.120027382587408249e-01 5.270490275542055389e-03
3.480693144334930378e-01 5.340731955067508085e-01 1.127908182341313126e-01 5.066671825625099559e-03
3.042787609491061640e-01 5.729675205521983505e-01 1.178612838195478435e-01 4.892434679147575176e-03
2.652465448266417281e-01 6.026764848116940021e-01 1.272674116978891601e-01 4.809558663774988335e-03
2.349800702664856800e-01 6.199799023740644177e-01 1.401553456624774763e-01 4.884681696972820696e-03
2.167677873253901766e-01 6.224203436448810800e-01 1.556634257246628239e-01 5.148443305065683595e-03
2.108246201693839972e-01 6.096541698249760000e-01 1.738969645147601384e-01 5.624245490880147233e-03
2.151176133653872613e-01 5.809934641094507413e-01 1.974321751351680587e-01 6.456747389994089634e-03
2.242445865761246160e-01 5.437373008810529873e-01 2.243023201957209944e-01 7.715792347101180226e-03
2.270127451288392051e-01 5.196942155964082710e-01 2.442113220699069220e-01 9.081717204845509914e-03
2.263895285572974925e-01 5.094146028018368133e-01 2.537749943229315464e-01 1.042087431793436991e-02
2.187401125932652846e-01 5.146420998802815339e-01 2.549496632097742466e-01 1.166812431667871991e-02
2.069325190175528295e-01 5.305179111474792597e-01 2.498443311907992126e-01 1.270523864416831482e-02
1.920683844078499569e-01 5.537560358332312971e-01 2.407147796532487227e-01 1.346080010567002154e-02
1.794332991902795882e-01 5.782705035694913898e-01 2.282583553458941150e-01 1.403784189433476999e-02
1.695983074613667263e-01 6.036958492963435674e-01 2.120380562883348585e-01 1.466778695395482175e-02
1.607498200395998111e-01 6.325757182253426425e-01 1.913790188952004256e-01 1.529544283985694204e-02
1.563643710819689059e-01 6.570478113612483462e-01 1.705429359755871177e-01 1.604488158119557473e-02
1.562025024365205628e-01 6.744360821021122554e-01 1.523143535527592685e-01 1.704706190860767051e-02
1.605481021266645381e-01 6.843124613692456171e-01 1.367983541697811722e-01 1.834108233430853385e-02
1.691071014252245042e-01 6.877518623671300402e-01 1.232589564350668881e-01 1.988207977257852588e-02
1.807637568099962899e-01 6.877829967156441349e-01 1.100489619633187033e-01 2.140428451104082336e-02
1.939520905835893927e-01 6.883103567655947108e-01 9.533667340692918157e-02 2.240087924388668369e-02
2.094692034535676484e-01 6.859810947215004839e-01 8.161410361048673789e-02 2.293559821444488001e-02
2.297429939911655172e-01 6.735321381392369577e-01 7.301736452555801504e-02 2.370750334403936080e-02
2.547622965134149209e-01 6.520353802917341346e-01 6.849680303657770808e-02 2.470552015827345849e-02
2.795694027455208897e-01 6.293388485147803912e-01 6.544584512711131008e-02 2.564590361258733617e-02
3.059525752847168101e-01 6.038669206936080336e-01 6.346286918525824439e-02 2.671763483641699521e-02
3.351638818472289505e-01 5.731806046231712193e-01 6.323934353154948840e-02 2.841616999805020999e-02
3.670503856300909584e-01 5.373632892158692886e-01 6.481439462409115115e-02 3.077193052994875444e-02
3.993404797079541102e-01 5.001979308784411105e-01 6.715180774183344969e-02 3.330978167177117699e-02
4.295458692375111465e-01 4.656921772920022407e-01 6.922353520959378947e-02 3.553841826089264994e-02
4.550458911869064704e-01 4.370288225505378765e-01 7.070742022952979100e-02 3.721786603302568858e-02
4.736817514989788425e-01 4.157433792422273178e-01 7.211800356186300054e-02 3.845686569693088780e-02
4.851227712612117271e-01 4.021314970626426732e-01 7.357454865291207513e-02 3.917118302323358003e-02
4.908620892199708208e-01 3.945608395009936875e-01 7.523096487532630883e-02 3.934610640370944656e-02
4.928371263389539902e-01 3.906368074334780616e-01 7.727753960938021915e-02 3.924852661818776373e-02
4.924474104059492485e-01 3.896050740720350958e-01 7.891507936585480387e-02 3.903243615616072693e-02
4.908448093538957946e-01 3.915495615866822487e-01 7.893558860043956016e-02 3.867004045898269488e-02
4.890928527997114861e-01 3.956465694506591246e-01 7.715498385576696760e-02 3.810559389386263679e-02
4.888504436989868918e-01 3.998455382381366219e-01 7.410101682729042238e-02 3.720300123558608479e-02
4.912431609179480074e-01 4.022908263439670673e-01 7.057042423777636075e-02 3.589558850030866166e-02
4.956191734449424402e-01 4.039806066213131319e-01 6.649379919582779075e-02 3.390642073791697020e-02
5.009398928528144834e-01 4.083283060130402098e-01 6.007511698032936415e-02 3.065668415381585590e-02
5.081764405651029159e-01 4.152015273759294689e-01 5.055108836272546174e-02 2.607094369624214647e-02
5.184641406616752324e-01 4.194567853918712563e-01 4.079505992076160742e-02 2.128401402569195938e-02
5.326538232563997610e-01 4.158744753574614150e-01 3.384753769733858664e-02 1.762416368880024425e-02
5.530028850877350965e-01 4.011669288380024789e-01 3.034965941879174886e-02 1.548052665547071556e-02
5.829963668582071046e-01 3.735510348043538098e-01 2.921222278547369600e-02 1.424037555196542258e-02
6.238254463709446140e-01 3.338869579002177734e-01 2.911194026801631682e-02 1.317565546082140500e-02
6.722177878769274306e-01 2.865833654783532247e-01 2.922342709341173642e-02 1.197541955130760824e-02
7.225582759466021576e-01 2.374637308351661702e-01 2.934518819478107443e-02 1.063280502345041734e-02
7.690429585188207628e-01 1.915186179537441413e-01 3.008111350525124322e-02 9.357310022183866483e-03
8.084733501912466647e-01 1.513365046800019820e-01 3.191781663499967947e-02 8.272328493751941042e-03
8.409402085029653584e-01 1.174304709423541204e-01 3.431089346782264377e-02 7.318427086857440256e-03
3.670344782003236552e-04 6.388484488260773655e-03 1.959680717569960151e-03 9.912848003159687726e-01
1.293928784075613347e-01 6.461958984977153042e-01 1.186243991919270491e-01 1.057868239027962426e-01
1.338244086380514786e-01 6.990561757392762532e-01 9.336704975489928948e-02 7.375236586777235426e-02
1.430693377962303781e-01 7.310602401297287001e-01 7.578500833209500520e-02 5.008541374194585422e-02
1.597997231032922960e-01 7.398349332735214556e-01 6.585253386645141538e-02 3.451280975673522156e-02
1.861980837890157559e-01 7.253141707570139873e-01 6.335990030241356319e-02 2.512784515155655485e-02
2.220126462965470171e-01 6.898350146083557233e-01 6.827331898272802346e-02 1.987902011236907657e-02
2.579067808531480543e-01 6.450133398444127808e-01 8.000565983889079691e-02 1.707421946354854142e-02
2.867950151255452274e-01 6.010306023468560133e-01 9.663530675846195017e-02 1.553907576913694626e-02
3.087909282355824625e-01 5.589990655423732191e-01 1.175247126202126902e-01 1.468529360183162651e-02
3.245294976187189651e-01 5.210129482918303134e-01 1.402155385006824129e-01 1.424201558876857232e-02
3.395007411654717422e-01 4.836019644853885580e-01 1.628540716327797344e-01 1.404322271636007126e-02
3.591413798044461037e-01 4.411678018923558264e-01 1.858715967934795321e-01 1.381922150971875984e-02
3.734164745442893341e-01 4.034491039004466373e-01 2.097696953888835980e-01 1.336472616638013054e-02
3.756097478737648321e-01 3.752032925403291364e-01 2.363190891488406720e-01 1.286787043706558858e-02
3.645266594297608687e-01 3.601520970389910370e-01 2.628029170303697315e-01 1.251832650087838193e-02
3.369192913192827765e-01 3.641303330262162796e-01 2.862281883115715408e-01 1.272218734292920872e-02
3.003822817705250059e-01 3.819767087533422201e-01 3.042297519919647808e-01 1.341125748416785966e-02
2.618643938596481036e-01 4.065809132874668719e-01 3.175960132140314696e-01 1.395867963885382736e-02
2.275814232291163419e-01 4.314089521669541849e-01 3.274692641527809367e-01 1.354036045114841331e-02
2.034200197263927867e-01 4.522367217988100818e-01 3.322278944744782025e-01 1.211536400031891850e-02
1.936470980398871389e-01 4.668314636681147878e-01 3.291784649401067187e-01 1.034297335189160276e-02
1.982339310185625703e-01 4.791560053919673989e-01 3.138587837010921033e-01 8.751279888378106150e-03
2.145189056344243006e-01 4.953743943362735047e-01 2.825276099319712353e-01 7.579090097330763373e-03
2.380999166576934223e-01 5.116038268076162909e-01 2.433963427127925072e-01 6.899913821898025906e-03
2.698211882485649360e-01 5.144081228434627118e-01 2.093429127127197642e-01 6.427776195252752831e-03
3.066384155027573888e-01 5.015922620973454205e-01 1.857250055944029143e-01 6.044316805494405649e-03
3.557591527632664730e-01 4.704865678319239408e-01 1.679938541234097804e-01 5.760425281399886473e-03
4.255097614469057210e-01 4.173754456600147211e-01 1.514672244421108038e-01 5.647568450968839908e-03
5.120828218871721349e-01 3.500423533363193895e-01 1.324105874028560781e-01 5.464237373651951654e-03
6.113264236673049412e-01 2.727103887302384511e-01 1.108494274908971428e-01 5.113760111559503135e-03
7.088600580348695113e-01 1.975191631453229457e-01 8.904589039850956123e-02 4.574888421297736325e-03
7.886134976102088245e-01 1.370147624319923707e-01 7.031126058564755865e-02 4.060479372151167173e-03
8.416407692986729305e-01 9.731608507483327508e-02 5.716176464572582383e-02 3.881380980768180458e-03
8.691882863341866550e-01 7.612645325223882375e-02 5.041153429544584230e-02 4.273726118129000766e-03
8.755547581979653549e-01 6.869143477015259014e-02 5.025874954271927070e-02 5.495057489162662873e-03
8.602114089922585638e-01 7.338362247938397254e-02 5.817124057499856865e-02 8.233727953359181242e-03
8.152833837448231202e-01 9.280615061770502994e-02 7.761538307429999284e-02 1.429508256317172168e-02
7.274362457260270531e-01 1.322641754619296173e-01 1.129495292700065101e-01 2.735004954203688193e-02
5.951638334789096652e-01 1.904171730870810597e-01 1.627202521841336069e-01 5.169874124987570291e-02
4.433800236006948392e-01 2.541139642192401515e-01 2.146543295860632583e-01 8.785168259400193136e-02
3.157097859948458374e-01 2.995338287365746366e-01 2.539590007522435355e-01 1.307973845163361848e-01
2.282879993792240048e-01 3.213738345875429281e-01 2.754083668791284523e-01 1.749297991541046426e-01
1.733790479420518338e-01 3.313120305977938496e-01 2.796817509542381397e-01 2.156271705059161214e-01
1.416573706869480587e-01 3.349642358345640281e-01 2.733919124983589799e-01 2.499864809801290721e-01
1.226789701741393956e-01 3.390952388971128495e-01 2.584551580482106203e-01 2.797706328805373843e-01
1.098027893884491457e-01 3.470520691109322819e-01 2.334161291325942411e-01 3.097290123680243035e-01
1.013051916360057092e-01 3.551526123755409659e-01 2.028603752102591251e-01 3.406818207781945884e-01
9.904147698010806744e-02 3.622956598128694861e-01 1.750659460185075844e-01 3.635969171885149454e-01
1.062429964160002682e-01 3.681567769374485266e-01 1.598229315828953445e-01 3.657772950636560272e-01
1.228496692164291332e-01 3.733348891364118294e-01 1.568562386002406994e-01 3.469592030469181299e-01
1.455489399395952232e-01 3.814254764257923869e-01 1.578034690641831883e-01 3.152221145704296457e-01
1.711815423204152975e-01 3.993395201907827263e-01 1.549349469014802416e-01 2.745439905873214848e-01
1.964142185963692333e-01 4.312692501111496934e-01 1.435970329665270662e-01 2.287194983259540904e-01
2.176106395434157792e-01 4.775740777752552346e-01 1.228097655766554885e-01 1.820055171046737197e-01
2.318087255112117606e-01 5.350378951070279276e-01 9.627176248588481533e-02 1.368816168958752466e-01
2.365792405904661999e-01 5.945831450275272934e-01 7.080867164431413341e-02 9.802894273769213740e-02
2.307431504050176385e-01 6.479435310230495793e-01 5.098693840496423824e-02 7.032638016696872441e-02
2.163846482405276661e-01 6.923690737727841160e-01 3.752691940798622006e-02 5.371935857870228925e-02
1.980475202884465213e-01 7.286753520712135890e-01 2.894706866414811092e-02 4.433005897619186203e-02
1.813309542027790044e-01 7.565834918314215951e-01 2.385851264225578861e-02 3.822704132354397266e-02
1.702104113537448726e-01 7.743819962367231025e-01 2.175375064118592952e-02 3.365384176834626540e-02
1.629725985393876975e-01 7.844018147160397580e-01 2.223556846290261277e-02 3.039001828166962640e-02
1.526463069484848833e-01 7.949342566622634720e-01 2.433131110060359273e-02 2.808812528864779168e-02
1.328445244092142652e-01 8.150407703887170285e-01 2.616144084115456028e-02 2.595326436091416680e-02
1.042203705122470292e-01 8.462026916571779855e-01 2.615559208175095157e-02 2.342134574882363124e-02
7.528245830156458929e-02 8.789925423522489956e-01 2.501759084491037358e-02 2.070740850127565646e-02
5.512891278824618574e-02 9.011968321082250988e-01 2.511855827588993506e-02 1.855569682763922451e-02
4.725232719702060491e-02 9.062786108393647844e-01 2.888018422099223811e-02 1.758887774262238649e-02
4.969198675146802718e-02 8.954250104113367081e-01 3.714512649063006489e-02 1.773787634656531775e-02
5.858279418481399103e-02 8.751675225385321388e-01 4.788821932413991900e-02 1.836146395251414196e-02
7.334542743689008437e-02 8.474044204154023152e-01 6.008984139069981079e-02 1.916031075700785208e-02
4.863712380583797706e-02 2.205404161792822726e-01 7.227419555549648988e-01 8.080504459914492413e-03
4.895164661824487340e-02 1.642803899423359582e-01 7.808464555249567951e-01 5.921507914462619676e-03
5.328509320331025617e-02 1.292089101954702890e-01 8.125842153879507812e-01 4.921781213268703117e-03
6.397901779578693549e-02 1.122807530669999582e-01 8.189828627425612684e-01 4.757366394651793735e-03
8.418142497120764678e-02 1.096190946124112053e-01 8.010222425678791280e-01 5.177237848501779587e-03
1.157451011119830647e-01 1.184638524254510578e-01 7.598044194825210873e-01 5.986626980045156241e-03
1.546403165359311327e-01 1.356656178021989900e-01 7.027831328087533747e-01 6.910932853116575486e-03
1.920544093153759846e-01 1.576785140768866000e-01 6.425367484425396070e-01 7.730328165198151018e-03
2.222842848889038103e-01 1.815671672916441548e-01 5.874808535417221922e-01 8.667694277730012692e-03
2.417207863254475231e-01 2.054925048486863082e-01 5.427068785674097340e-01 1.007983025845644691e-02
2.452690477993432205e-01 2.278345420358508788e-01 5.147032902998250892e-01 1.219311986498072993e-02
2.332945737113135964e-01 2.448710390729521014e-01 5.066186716335230322e-01 1.521571558221154752e-02
2.138607932095541175e-01 2.517284221958589474e-01 5.152033635614581275e-01 1.920742103312885612e-02
1.962734917514289135e-01 2.466571538193385593e-01 5.331366761269908938e-01 2.393267830224155360e-02
1.853754287284860580e-01 2.332290266270863888e-01 5.526285870181560922e-01 2.876695762627112102e-02
1.800727404388003383e-01 2.161203766252436931e-01 5.704166603096878507e-01 3.339022262626831217e-02
1.775146311578289782e-01 1.973226276227993681e-01 5.869205104562467135e-01 3.824223076312487091e-02
1.774250689480558751e-01 1.775509995966649268e-01 6.017088506422079153e-01 4.331508081307123420e-02
1.810998403792973832e-01 1.579591516861139910e-01 6.129454002766911991e-01 4.799560765789720462e-02
1.886068321513382218e-01 1.387612713525832042e-01 6.200426192215836574e-01 5.258927727449512479e-02
1.985213953766249706e-01 1.194354463319353132e-01 6.238425944247044663e-01 5.820056386673522902e-02
2.087735732183513271e-01 1.005600132904829330e-01 6.255041852042728667e-01 6.516222828689276214e-02
2.188744973051705844e-01 8.476691263163585455e-02 6.255925420943975190e-01 7.076604796879626402e-02
2.441413816583062613e-01 4.075108182150875002e-01 8.897302849144572701e-02 2.593747716351607058e-01
2.482202291364057345e-01 4.267036703771678874e-01 7.648333448974645177e-02 2.485927659966798153e-01
2.416325363557508266e-01 4.436229130805912635e-01 6.776528740494576486e-02 2.469792631587121867e-01
2.161767985821711480e-01 4.635283874614229971e-01 6.033089035731774297e-02 2.599639235990880426e-01
1.730426893882433814e-01 4.939459056456805275e-01 5.501058467624647674e-02 2.780008202898298642e-01
1.236328535308707233e-01 5.464319107923844010e-01 5.180643936867021515e-02 2.781287963080747994e-01
7.893197206608615346e-02 6.242273284623771623e-01 4.875283059074934228e-02 2.480878688807871824e-01
4.593830440737551452e-02 7.099604037246127763e-01 4.466177454793613527e-02 1.994395173200757543e-01
2.583863374709996844e-02 7.842852040935378577e-01 3.973285459170908251e-02 1.501433075676528173e-01
1.497181447495159190e-02 8.419830159218238963e-01 3.442614760954594566e-02 1.086190219936789131e-01
9.233691894998256530e-03 8.852884716536679743e-01 2.917021183869364029e-02 7.630762461263984608e-02
5.830775587095049506e-03 9.151953122601349522e-01 2.501562577492163347e-02 5.395828637784823995e-02
4.244214741878112387e-03 9.332749917174789633e-01 2.175935626384404437e-02 4.072143727679894409e-02
3.136407184876676812e-03 9.442299889820843228e-01 1.895785507596728717e-02 3.367574875707177867e-02
2.244699814144038817e-03 9.516031422231274739e-01 1.598329172731525680e-02 3.016886623541314982e-02
1.575245085223368584e-03 9.562518364856329445e-01 1.302748477668259908e-02 2.914543365246105577e-02
1.156521429678351691e-03 9.565340059546052487e-01 1.075107298356339953e-02 3.155839963215298360e-02
9.616264158059504739e-04 9.483913162423761589e-01 9.619148325502724708e-03 4.102790901631529069e-02
9.629019501676182530e-04 9.239674744679272633e-01 9.783284913609767430e-03 6.528633866829545995e-02
1.171923726956566620e-03 8.721435022665515735e-01 1.096869440119880093e-02 1.157158796052928651e-01
1.701740612180901654e-03 7.907929166868743476e-01 1.214012805837765691e-02 1.953652146425671476e-01
1.427321689032561318e-03 7.048974832394894197e-01 1.223648811423922421e-02 2.814387069572388822e-01
1.457660853926573928e-03 6.451190097480403729e-01 1.122107246475317552e-02 3.422022569332799358e-01
1.563898150709186431e-03 6.181125321883355062e-01 1.020686935425961159e-02 3.701167003066959671e-01
1.855317152130509569e-03 6.121318991451738523e-01 9.863694423681500581e-03 3.761490892790146923e-01
2.453587010965741031e-03 6.079862733134023811e-01 1.051654586684161452e-02 3.790435938087902690e-01
3.423084341651954840e-03 5.867640976860910573e-01 1.203839458206290916e-02 3.977744233901941429e-01
4.791551569862661196e-03 5.472544272724541026e-01 1.401847827201565394e-02 4.339355428856676578e-01
7.042910605049926276e-03 5.111673464098843711e-01 1.674486361773252011e-02 4.650448793673331305e-01
1.132961616193624635e-02 4.904600585970525506e-01 2.079836966070394352e-02 4.774119555803070791e-01
1.851433389884479808e-02 4.690169265374579677e-01 2.553462312513787164e-02 4.869341164385592169e-01
2.832768605115480731e-02 4.303955804487864523e-01 3.030965890400178289e-02 5.109670745960570581e-01
4.050259575168009551e-02 3.825693368218079926e-01 3.646079463997325965e-02 5.404672727865386106e-01
5.653004291642547280e-02 3.498191200249386457e-01 4.691709985345456080e-02 5.467337372051808142e-01
8.146155430026338906e-02 3.445139696151207076e-01 6.643969220931736364e-02 5.075847838752980401e-01
1.246696284012037831e-01 3.519514076591475082e-01 1.048625417264140575e-01 4.185164222132344847e-01
1.900973585702045443e-01 3.316345207884879298e-01 1.730993068069006657e-01 3.051688138344069712e-01
2.528622321043335064e-01 2.756122892623222298e-01 2.650688435510916707e-01 2.064566350822523433e-01
2.832178686064093509e-01 2.035193089239753228e-01 3.726595872654598907e-01 1.406032352041554356e-01
2.630090892433835648e-01 1.412986024514397421e-01 4.923494723153627461e-01 1.033428359898141968e-01
2.029475680463567466e-01 9.262743915108549719e-02 6.190348788925841284e-01 8.539011390997386375e-02
1.335478576072809953e-01 5.783352970572175344e-02 7.296431806194225711e-01 7.897543206757459688e-02
8.128913098537257631e-02 3.628443903404507398e-02 7.999842083213491994e-01 8.244222165923328904e-02
4.980322012275013172e-02 2.451944454732308404e-02 8.249435464274760266e-01 1.007337889024509381e-01
3.235733994361150723e-02 1.710204503997528325e-02 8.122123142470079049e-01 1.383283007694053046e-01
2.300786736911626662e-02 1.255393593359567170e-02 7.725939330583965203e-01 1.918442636388914824e-01
1.871059701987880589e-02 1.094954075809611606e-02 7.187795990407047642e-01 2.515602631813201318e-01
1.666716900116806815e-02 1.016579396654269767e-02 6.597370815764191931e-01 3.134299554558704348e-01
1.581836505036995563e-02 1.008623055502355301e-02 5.949783207111977168e-01 3.791170836834084623e-01
1.481985142769396725e-02 1.023468744607293826e-02 5.257270832236008440e-01 4.492183779026323598e-01
1.400653909911795357e-02 1.034869807725279263e-02 4.531933885207641288e-01 5.224513743028653678e-01
1.251785704999412024e-02 1.010582136879624969e-02 3.799005393052717339e-01 5.974757822759377834e-01
1.062240023423493586e-02 9.600671270610780170e-03 3.101873151705501486e-01 6.695896133246039827e-01
9.087250137871174388e-03 9.290112543223491906e-03 2.497916455033700467e-01 7.318309918155355698e-01
8.541641833559019542e-03 9.320704175806391115e-03 1.980522247988521500e-01 7.840854291917821461e-01
8.143669410159109015e-03 9.872243655913040192e-03 1.581722471506249172e-01 8.238118397833026352e-01
8.889029917406992068e-03 1.146029690615330866e-02 1.339347494450194853e-01 8.457159237314199052e-01
1.130151637875686024e-02 1.465681026805071979e-02 1.236106678932602926e-01 8.504310054599318880e-01
1.599096979454187398e-02 1.990102906111287928e-02 1.216529710448845947e-01 8.424550300994609886e-01
2.343172969078558682e-02 2.728880309966511680e-02 1.214750488540562584e-01 8.278044183554928992e-01
3.452195707677221947e-02 3.727473034112292749e-02 1.202746384420878972e-01 8.079286741400170113e-01
5.114416380023451697e-02 5.091305900821164326e-02 1.181358364183545118e-01 7.798069407731990088e-01
7.628345482069809336e-02 6.802567913320131665e-02 1.150754884590012989e-01 7.406153775870992773e-01
1.146569752241648199e-01 9.231025367050360586e-02 1.111339926162785707e-01 6.818987784890532255e-01
1.767388085124882158e-01 1.215424911093290899e-01 1.082386733220834368e-01 5.934800270560991464e-01
2.690748332237250517e-01 1.535108367164609300e-01 1.039073934094671831e-01 4.735069366503467103e-01
3.797420480136745602e-01 1.773315064881313963e-01 9.765468179273048555e-02 3.452717637054638078e-01
4.819747035240611877e-01 1.838612877912081112e-01 9.050456590999282624e-02 2.436594427747381664e-01
5.635887894282463062e-01 1.763562041916622303e-01 8.274227092402386408e-02 1.773127354560674884e-01
6.251612484546652526e-01 1.626096855226126514e-01 7.571995391019264998e-02 1.365091121125293905e-01
6.673731242362749283e-01 1.490909244760058316e-01 7.297684713950440549e-02 1.105591041482153758e-01
6.999972804456354725e-01 1.365932765902575230e-01 7.225983973081874512e-02 9.114960323328835656e-02
7.300469188322663561e-01 1.228703434471731804e-01 7.174467194770500766e-02 7.533806577285567796e-02
7.615053541569686280e-01 1.070991968704964881e-01 6.934781730971462110e-02 6.204763166282049186e-02
7.915976385495802070e-01 9.197614301612436205e-02 6.530173521547927296e-02 5.112448321881604696e-02
8.094562773237188313e-01 8.272060181843544913e-02 6.229017787254559346e-02 4.553294298530006362e-02
7.987497558544545129e-01 8.502656585409394674e-02 6.480175301917835695e-02 5.142192527227299609e-02
7.368668229594554919e-01 1.043595237596240122e-01 7.854632993523398554e-02 8.022732334568653811e-02
6.058082729941097755e-01 1.379603157774623168e-01 1.033396391131204684e-01 1.528917721153073284e-01
4.193045354077549192e-01 1.624719057799893229e-01 1.303389469360663744e-01 2.878846118761894113e-01
2.449137164070922801e-01 1.487289083256654876e-01 1.406875262477912947e-01 4.656698490194509654e-01
1.272121471693971329e-01 1.085651304321284261e-01 1.300079453673651797e-01 6.342147770311095112e-01
6.450434648440607488e-02 6.913722144957444582e-02 1.123290703121218176e-01 7.540293617538975646e-01
3.571409649927043128e-02 4.526798431380084364e-02 9.867594371999653668e-02 8.203419754669322161e-01
2.489040021304021050e-02 3.271919023045945230e-02 9.403762415740957170e-02 8.483527853990905365e-01
2.153975516977332458e-02 2.735019382534569291e-02 9.511697077230199526e-02 8.559930802325790289e-01
2.069626972273942711e-02 2.534141518656985240e-02 9.663534701083273393e-02 8.573269680798580872e-01
2.006669355730059112e-02 2.460816184712380159e-02 9.458238971724962363e-02 8.607427548783258553e-01
1.876870833173533565e-02 2.415605650705240914e-02 8.791270064935441386e-02 8.691625345118578760e-01
