4.483318599698558893e-02 2.586329427482723237e-02 4.579345296888543554e-02 8.835100667593017709e-01
5.059184968123237730e-02 1.433483519058267874e-02 1.719638990105879775e-03 9.333536761380788471e-01
4.553408479730169239e-02 1.173404246396405823e-02 1.774284427390181726e-03 9.409575883113440176e-01
4.108397750160799888e-02 9.782674146762846551e-03 2.003925061129870414e-03 9.471294232904993171e-01
3.653330592743343763e-02 8.104762916625915525e-03 2.348976421703772612e-03 9.530129547342368612e-01
3.261396759204048673e-02 6.756321415720214357e-03 2.761941436663618854e-03 9.578677695555756211e-01
3.079410092489704917e-02 5.972354952138623184e-03 3.296159308841166511e-03 9.599373848141229404e-01
3.201874908789160978e-02 5.881600061293631478e-03 4.116316701277110239e-03 9.579833341495377352e-01
3.676160691051891249e-02 6.585940110411981838e-03 5.507355266082205117e-03 9.511450977129869422e-01
4.612110821484500384e-02 8.523156366797783601e-03 8.159713165243023120e-03 9.371960222531140472e-01
6.146276859225417027e-02 1.404853621795624716e-02 1.375058406848242779e-02 9.107381111213072034e-01
7.913725255434669870e-02 2.326970968170218035e-02 2.461826081168459399e-02 8.729747769522665513e-01
8.836655487504679884e-02 3.728926314316639845e-02 4.159696622200283883e-02 8.327472157597834990e-01
8.885222627608684032e-02 5.649980905273992160e-02 6.584816208095886636e-02 7.887998025902144272e-01
8.565219246273007847e-02 8.050710480267325719e-02 9.810489772925778951e-02 7.357358050053388610e-01
8.211227063982602659e-02 1.055607031924567230e-01 1.380349729645377332e-01 6.742920532031794201e-01
7.909459358896697712e-02 1.282019785969979730e-01 1.825276014821250736e-01 6.101758263319101427e-01
7.724455367830139474e-02 1.430844836547262855e-01 2.292172394199520069e-01 5.504537232470200214e-01
7.749588330305910711e-02 1.529580684820072145e-01 2.791921099455643707e-01 4.903539382693691273e-01
8.070828462206811049e-02 1.652804102377908313e-01 3.427399905498108579e-01 4.112713145903303391e-01
8.786078721612967934e-02 1.744822558750977470e-01 4.410558136556655406e-01 2.966011432531069358e-01
9.146857587593605621e-02 1.647994601641268875e-01 5.678635386900869886e-01 1.758684252698499151e-01
8.659560972811912449e-02 1.483664125407364309e-01 6.664038672769139193e-01 9.863411045423045587e-02
8.306530982107578065e-02 1.452858231197740879e-01 7.089147381614264720e-01 6.273412889772399248e-02
8.491734624138480569e-02 1.559156270198504834e-01 7.110042593009723300e-01 4.816276743779251274e-02
9.278227105989472756e-02 1.734023100257689742e-01 6.895987045560257878e-01 4.421671435831053820e-02
1.070040900638749570e-01 1.943906423554196961e-01 6.536040062461019318e-01 4.500126133460302658e-02
1.293470073631133588e-01 2.202294118343510188e-01 6.059054416780208507e-01 4.451813912451478561e-02
1.639512915785964753e-01 2.527781175781735334e-01 5.441427036233068559e-01 3.912788721992304514e-02
2.211952350785929000e-01 2.901838209098103749e-01 4.585628548146441497e-01 3.005808919695268297e-02
3.171234468370330295e-01 3.236835448398135417e-01 3.381090479691649109e-01 2.108396035398860807e-02
4.406372647419769528e-01 3.450772840469250036e-01 1.998277366155598866e-01 1.445771459553812227e-02
5.347249457040361698e-01 3.575442913884501195e-01 9.703745709067940206e-02 1.069330581683429482e-02
5.318684813536187495e-01 4.081385111120133802e-01 4.948964997294425655e-02 1.050335756142358953e-02
4.449153378937478198e-01 5.066299689423976460e-01 3.308846109699184468e-02 1.536623206686263746e-02
3.170844371826820329e-01 6.223991779989549444e-01 2.969361367237549967e-02 3.082277114598771378e-02
1.981620478678000341e-01 7.014005487627211766e-01 2.991147039064387392e-02 7.052593297883441581e-02
1.212631818438547615e-01 6.859865662101609640e-01 3.094085939607005634e-02 1.618093925499142494e-01
7.793110349221697708e-02 5.703004331762449031e-01 3.142235752377857405e-02 3.203461058077594070e-01
4.783652867826320570e-02 4.125178351452591929e-01 2.931764580666751385e-02 5.103279903698099140e-01
2.950545995701626956e-02 2.698593445690427028e-01 2.626125808720988428e-02 6.743739373867311260e-01
2.038639816319936376e-02 1.771637277330899152e-01 2.525552784204267501e-02 7.771943462616681675e-01
1.640238959276336603e-02 1.271834411844860457e-01 2.753799370059796525e-02 8.288761755221528693e-01
1.404905761029281129e-02 9.723244128220838445e-02 3.175783385747948245e-02 8.569606672500195144e-01
1.122135365121549114e-02 7.108480160569770334e-02 3.431525929287169291e-02 8.833785854502153034e-01
8.454076117992440076e-03 4.942868056841411700e-02 3.546118505925683478e-02 9.066560582543365943e-01
7.022260833538798534e-03 3.818325808555275702e-02 4.003320261884545095e-02 9.147612784620628990e-01
6.840508753639180928e-03 3.540738696466039226e-02 4.982834778607507509e-02 9.079237564956256223e-01
7.450091751497703307e-03 3.745584115862041902e-02 6.355284090238288996e-02 8.915412261874992028e-01
8.490790404494318044e-03 4.228284590094816969e-02 7.888201178067537345e-02 8.703443519138821527e-01
9.569722495530912434e-03 4.869869871068384370e-02 9.336691991830935178e-02 8.483646588754758522e-01
1.046518628786596850e-02 5.620935158883095389e-02 1.066940976060789664e-01 8.266313645172241875e-01
1.114951742308007213e-02 6.439201581758192960e-02 1.197546826764536443e-01 8.047037840828846766e-01
1.173095576353618170e-02 7.274142731074691171e-02 1.336449090981355059e-01 7.818827078275812914e-01
1.236852729288006464e-02 8.094915927080034712e-02 1.498995936468775769e-01 7.567827197894416713e-01
1.312773833308597191e-02 8.852604084966285425e-02 1.698327500528968304e-01 7.285134707643544649e-01
1.439959296906178493e-02 9.340087554718411178e-02 1.946519832351324697e-01 6.975475482486217516e-01
1.542087294717183962e-02 9.613542878519323875e-02 2.238826345947577678e-01 6.645610636728771503e-01
1.658726165511166528e-02 9.597531223452709925e-02 2.579681867654211036e-01 6.294692393449403678e-01
1.774757503647427653e-02 9.491362957332276362e-02 2.940879513164447179e-01 5.932508440737582767e-01
1.823130384270827201e-02 9.350304049594322653e-02 3.234106222336358694e-01 5.648550334277127050e-01
1.718825950937952207e-02 9.187851539794990308e-02 3.380552920973191600e-01 5.528779329953515953e-01
1.607674078418317928e-02 8.940289255417127601e-02 3.383271466748968836e-01 5.561932199867489768e-01
1.499815371224115339e-02 8.797702459946268871e-02 3.283082679753481226e-01 5.687165537129480475e-01
1.420253887879919900e-02 8.848164719682823087e-02 3.117777117033286305e-01 5.855381022210439657e-01
1.367882081974438301e-02 9.106596981840966998e-02 2.916443793704011078e-01 6.036108299914448860e-01
1.336653281754282378e-02 9.533159228576286448e-02 2.710270241736684182e-01 6.202748507230260167e-01
1.324490729880498270e-02 1.004064857072646533e-01 2.506489660516298956e-01 6.356996409423006922e-01
1.343770877877317228e-02 1.033847352746415926e-01 2.248105148743597681e-01 6.583670410722256561e-01
1.277910806243457570e-02 1.045196626014365804e-01 1.898883275832847495e-01 6.928129017528438238e-01
1.124659121189119579e-02 1.033867107625977833e-01 1.505283824379290425e-01 7.348383155875820583e-01
9.498820194259493740e-03 9.763325950149982779e-02 1.126951699192675627e-01 7.801727503849730239e-01
2.423797356076656546e-03 3.332194732606848231e-02 3.568531708376983247e-02 9.285689382340851505e-01
1.056024307923295741e-02 3.646848729608487272e-02 4.118142501802556921e-01 5.411570194444264015e-01
8.581511469129523423e-03 3.443489551413526917e-02 3.840935220658103777e-01 5.728900709509248124e-01
7.311212283042529611e-03 3.446352828672515772e-02 3.508201463248689089e-01 6.074051131053639363e-01
6.534970841001606218e-03 3.757371506771752662e-02 3.161118791304042830e-01 6.397794349608766362e-01
6.277293313190560053e-03 4.572869890765179912e-02 2.904310036816074581e-01 6.575630040975503077e-01
6.866954640209972476e-03 6.300344414776694324e-02 2.885193379533462776e-01 6.416102632586768717e-01
8.709556692746697054e-03 9.285442923450348829e-02 3.188596934772341962e-01 5.795763205955158925e-01
1.156879734425946687e-02 1.276950104157741905e-01 3.689313412108703449e-01 4.918048510290960462e-01
1.475512552912638942e-02 1.545339634792094186e-01 4.170413033593786123e-01 4.136696076322856630e-01
1.856358418589616754e-02 1.726495388024358035e-01 4.586361771555161893e-01 3.501506998561519923e-01
2.404912341031618592e-02 1.889515735271018460e-01 5.020104097473533367e-01 2.849888933152281423e-01
3.165498216685984356e-02 2.083188563948241145e-01 5.465088036789329529e-01 2.135173577593832139e-01
4.057190263814742376e-02 2.318078096731693016e-01 5.778809986927737619e-01 1.497392889959091866e-01
4.921399367666507568e-02 2.569265888204088633e-01 5.894165720569783939e-01 1.044428454459474243e-01
5.563644168197387496e-02 2.780969542555529195e-01 5.892634090796906587e-01 7.700319498278256070e-02
5.772883608606146216e-02 2.937188878149447624e-01 5.864639890562346469e-01 6.208828704275894117e-02
5.489276301614553349e-02 3.060526256179532112e-01 5.847270109383875258e-01 5.432760042751383356e-02
4.903343242238648869e-02 3.154572868038221789e-01 5.851573712938180627e-01 5.035190947997327665e-02
4.332604110010605108e-02 3.213685168020502525e-01 5.866250103613155353e-01 4.868043173652854966e-02
4.028681207070286541e-02 3.255105790299411828e-01 5.852305538917994543e-01 4.897205500755649754e-02
4.164022678090748691e-02 3.321030371565977801e-01 5.748794003769961414e-01 5.137733568549850138e-02
4.946791980484595286e-02 3.432475193750406661e-01 5.508745140389639250e-01 5.641004678114937276e-02
6.559983629845922426e-02 3.534164579456118283e-01 5.138569654692505262e-01 6.712674028667856008e-02
8.857147777563777191e-02 3.515681670172803863e-01 4.697069730997841530e-01 9.015338210729784141e-02
1.137438490465208785e-01 3.254675014500113539e-01 4.291936675668204804e-01 1.315949819366468987e-01
1.343589967651077632e-01 2.765662247351817205e-01 3.958745726231672757e-01 1.932002058765430463e-01
1.446267030775248152e-01 2.184444445605116247e-01 3.653344752394646067e-01 2.715943771224991754e-01
1.436409482859205000e-01 1.646981448319840002e-01 3.352534107508106653e-01 3.564074961312849732e-01
1.345991638798140488e-01 1.229802520083174144e-01 3.096197018638058296e-01 4.328008822480629569e-01
1.227104581093488161e-01 9.345861955412800015e-02 2.941458629207113207e-01 4.896850594158118075e-01
1.109201557158150941e-01 7.560492315112690709e-02 2.904814133593812686e-01 5.229935077736764804e-01
1.016625298798781857e-01 6.578226714797479058e-02 2.942729775292146632e-01 5.382822254429325826e-01
9.593523357855357481e-02 5.960099533516999282e-02 2.965351170073430298e-01 5.479286540789335413e-01
9.315457682823137520e-02 5.624874875240869210e-02 2.921439111154173762e-01 5.584527633039428896e-01
9.349384990953545083e-02 5.528399263437226707e-02 2.822423146119740212e-01 5.689798428441185107e-01
9.558943162358961299e-02 5.569891501895035679e-02 2.670844571405722179e-01 5.816271962168875209e-01
9.616142474778914540e-02 5.558008253191310671e-02 2.429501489814297477e-01 6.053083437388679933e-01
9.606757589718942225e-02 5.469487246733880509e-02 2.147166851237048979e-01 6.345208665117670899e-01
1.021820144171402406e-01 5.812162091386390006e-02 1.970809491070459885e-01 6.426154155619500097e-01
1.180838759974090491e-01 6.526098000099246621e-02 1.880477729507825935e-01 6.286073710508158774e-01
1.422775702272452980e-01 7.243901056487257739e-02 1.768501520019373496e-01 6.084332672059449276e-01
1.756585156465582664e-01 7.776182807458337232e-02 1.634141567920903149e-01 5.831654994867682129e-01
2.198747193483454598e-01 8.247883867301550320e-02 1.524250509094119410e-01 5.452213910692269572e-01
2.704038261997586123e-01 8.647219427503416433e-02 1.473405625876515468e-01 4.957834169375552880e-01
3.126113898044058370e-01 9.159109305724599803e-02 1.461021301483753088e-01 4.496953869899729672e-01
3.382479850590824899e-01 9.888318893863844161e-02 1.479268219129232786e-01 4.149420040893556649e-01
3.531687853240572661e-01 1.099946441968526339e-01 1.553813341046185736e-01 3.814552363744715957e-01
3.628730479488569416e-01 1.259704811658992618e-01 1.687037124185664649e-01 3.424527584666776092e-01
3.631383270632788096e-01 1.463893719564490770e-01 1.845778375147370254e-01 3.058944634655349493e-01
3.480857846257353061e-01 1.704406209316861043e-01 2.034540994792687907e-01 2.780194949633097989e-01
3.156173412721370863e-01 1.958132623601573641e-01 2.302325901179580192e-01 2.583368062497476414e-01
2.718873975945002575e-01 2.210128463840590196e-01 2.633815174687259009e-01 2.437182385527149331e-01
2.275544772608215360e-01 2.421314133549637426e-01 3.032074458967300434e-01 2.271066634874844836e-01
1.895865932633119810e-01 2.594544322105142298e-01 3.519274685464403585e-01 1.990315059797329034e-01
1.566826533278216083e-01 2.691446928864264510e-01 4.178087726135901181e-01 1.563638811721614896e-01
1.263004265913081070e-01 2.639611374927909870e-01 4.984299176724830138e-01 1.113085182434175174e-01
1.000264453658917113e-01 2.485557213280115973e-01 5.743942342121951539e-01 7.702359909390146808e-02
8.268939737998225181e-02 2.324564457064328959e-01 6.296752185245364508e-01 5.517893838904835979e-02
7.724561333955341780e-02 2.187996845786136790e-01 6.625139129060815257e-01 4.144078917575107907e-02
8.387687232856766428e-02 2.067765468992452671e-01 6.775576843190351806e-01 3.178889645315168683e-02
1.072068569388885673e-01 1.988681637140611025e-01 6.692192864141768283e-01 2.470569293287380383e-02
1.587648507907076789e-01 1.987421930169193662e-01 6.224543047621192704e-01 2.003865143025419446e-02
2.479571389802589509e-01 2.048963287602813821e-01 5.300869695952000749e-01 1.705956266425951925e-02
3.630332735860126170e-01 2.105186689670967559e-01 4.119491522442646492e-01 1.449890520262628324e-02
4.744865864352516560e-01 2.082584241262953606e-01 3.053706734484580299e-01 1.188431598999489629e-02
5.578485334402795148e-01 2.016382702693808593e-01 2.308593680233287926e-01 9.653828267010760439e-03
6.068097315397066316e-01 1.979075898787897858e-01 1.871023165053193049e-01 8.180362076184210032e-03
6.262329589728721224e-01 2.007759134853473182e-01 1.655078001665976628e-01 7.483327375182976388e-03
6.272272074852549562e-01 2.077929498106943218e-01 1.575921951742411675e-01 7.387647529809211917e-03
6.254076858828668817e-01 2.129907361680762334e-01 1.541820525219327609e-01 7.419525427124515175e-03
6.299508881984843267e-01 2.121827343781988451e-01 1.507560022153197343e-01 7.110375207996907400e-03
1.600135126339747443e-02 6.589276228791339785e-01 2.859949581248847350e-01 3.907606773258347210e-02
3.814558590105574520e-01 5.313438747044548771e-01 7.831113621250450352e-02 8.889130072483006004e-03
4.281872844047665549e-01 4.736640008449999883e-01 8.874493331090292647e-02 9.403781439330415742e-03
4.619911253818324015e-01 4.295647748364543328e-01 9.884737103165243399e-02 9.596728750061039870e-03
4.737130420972904266e-01 4.102497271694702796e-01 1.067231900999468935e-01 9.314040633292448856e-03
4.582272027742939069e-01 4.204963592334973743e-01 1.126125652618881895e-01 8.663872730320385310e-03
4.244075267399668450e-01 4.486800598543684848e-01 1.190110141783148889e-01 7.901399227349888837e-03
3.812797972259503454e-01 4.862801559685177022e-01 1.254191515283790692e-01 7.020895277152879727e-03
3.384785258917598072e-01 5.260848257973415043e-01 1.294525770388558206e-01 5.984071272042756906e-03
2.999156476694698203e-01 5.666653917452385558e-01 1.285873564112441081e-01 4.831604174047391710e-03
2.653175538889326335e-01 6.087173195342728826e-01 1.222596155605905205e-01 3.705511016203998087e-03
2.367616687884856741e-01 6.460930275466467698e-01 1.143275572442719740e-01 2.817746420595401268e-03
2.185274653301653991e-01 6.691379887784213443e-01 1.100569685416978166e-01 2.277577349715305573e-03
2.109321943689893286e-01 6.751525764066709234e-01 1.118791231517040491e-01 2.036106072635591752e-03
2.093384871767036692e-01 6.702947045880799370e-01 1.183767480357930391e-01 1.990060199423076669e-03
2.081467223264096000e-01 6.634969480710199985e-01 1.263096311466253285e-01 2.046698455945046048e-03
2.036170193366230174e-01 6.622303532025650696e-01 1.320417930356062586e-01 2.110834425205967025e-03
1.944397842935738363e-01 6.691465965898846235e-01 1.343021888430390720e-01 2.111430273502528862e-03
1.823561902138419732e-01 6.781716785188073304e-01 1.373925372180312132e-01 2.079594049319770637e-03
1.695054708433228197e-01 6.828226750853968463e-01 1.456083283907695092e-01 2.063525680510988787e-03
1.579068658522652657e-01 6.795679206354631186e-01 1.604334449589376599e-01 2.091768553333908133e-03
1.510559195445643210e-01 6.653557205267115471e-01 1.813893243977454106e-01 2.199035530978662306e-03
1.532548925861863809e-01 6.372476095859294087e-01 2.070699398031466687e-01 2.427558024737430219e-03
1.644647708151874277e-01 5.960977140352405890e-01 2.366973414729039160e-01 2.740173676667996636e-03
1.867465943559564467e-01 5.370502886190687830e-01 2.729303967289382626e-01 3.272720296036491991e-03
2.130616556816298524e-01 4.725371761601691034e-01 3.103965716017316745e-01 4.004596556469350657e-03
2.341437730215998880e-01 4.244338033105461983e-01 3.366258676960290908e-01 4.796555971824829900e-03
2.461420927981692597e-01 3.971645702822952928e-01 3.511116781094294481e-01 5.581658810105666335e-03
2.489909138900138763e-01 3.853109767231097660e-01 3.593807837228639723e-01 6.317325664012338540e-03
2.446585466151596777e-01 3.834251028676726736e-01 3.649612072115336892e-01 6.955143305633895365e-03
2.359381011221196034e-01 3.880895027321164537e-01 3.685277426354830466e-01 7.444653510280761083e-03
2.251057508315705558e-01 3.992221090982418508e-01 3.678379519244797113e-01 7.834188145707837031e-03
2.149678189943257656e-01 4.189433006853137131e-01 3.578496693501903581e-01 8.239210970169925582e-03
2.070499465875506873e-01 4.480463973352375451e-01 3.362418203439299091e-01 8.661835733282101379e-03
2.011562580727921101e-01 4.808938995821129825e-01 3.088210458026154348e-01 9.128796542479616569e-03
1.975608282887877376e-01 5.114309599765957115e-01 2.813212126756373666e-01 9.686999058979453223e-03
1.963335583169877330e-01 5.380669415969148162e-01 2.552608018210082430e-01 1.033869826508854346e-02
1.969360302559451381e-01 5.619388664565807545e-01 2.300558631535628284e-01 1.106924013391100137e-02
1.972003654583686372e-01 5.886605542892544563e-01 2.024442627461467969e-01 1.169481750622998646e-02
1.949859096258690638e-01 6.228538423583954708e-01 1.701607928083250232e-01 1.199945520741051500e-02
1.904696799744043656e-01 6.596357868685551740e-01 1.379400356560187002e-01 1.195449750102196319e-02
1.871245782660276302e-01 6.868960277073791199e-01 1.140829544788691807e-01 1.189643954772432420e-02
1.860398577252484753e-01 7.042608800686636084e-01 9.782769808015175095e-02 1.187156412593609427e-02
1.870413490527405853e-01 7.152139341424142982e-01 8.592823143041296297e-02 1.181648537443208240e-02
1.909856948193338622e-01 7.196107626426746506e-01 7.751904249401726787e-02 1.188450004397441015e-02
2.000333423160311208e-01 7.143990984293210333e-01 7.321986972916449954e-02 1.234768952548318845e-02
2.152223504865825587e-01 6.988495339285851760e-01 7.270820266116956310e-02 1.321991292366240384e-02
2.366729030405729517e-01 6.745340540362798620e-01 7.453505366502306828e-02 1.425798925812415616e-02
2.580773950596879640e-01 6.503339344105365516e-01 7.642775301371583507e-02 1.516091751605982106e-02
2.782377796092130318e-01 6.280846851923482799e-01 7.787270021352159233e-02 1.580483498491729727e-02
2.943049340221216004e-01 6.101504324003393931e-01 7.932085022600406099e-02 1.622378335153490045e-02
3.044384687324399041e-01 5.981067199301061121e-01 8.106492517811028642e-02 1.638988615934380486e-02
3.087906418580780854e-01 5.914171287192124815e-01 8.345099252383289534e-02 1.634123689887649264e-02
3.083597741578176787e-01 5.886965452104542251e-01 8.672366248225545082e-02 1.622001814947261061e-02
3.036818798343669523e-01 5.904730954088415196e-01 8.978800474446262114e-02 1.605702001232890697e-02
2.940052596025122256e-01 5.995076457422806593e-01 9.070217530866697686e-02 1.578491934654024237e-02
2.862548985959034176e-01 6.088908631958862561e-01 8.944236250404538624e-02 1.541187570416511707e-02
2.837504496195427106e-01 6.147816601327364960e-01 8.653726933985234071e-02 1.493062090786867295e-02
2.848376643101040995e-01 6.182516092738177260e-01 8.257888756347939174e-02 1.433183885259843929e-02
2.914948751736635701e-01 6.172713936659720568e-01 7.772974767072231284e-02 1.350398348964198213e-02
3.006963845614488151e-01 6.174965604343326531e-01 6.964729517549568538e-02 1.215975982872289501e-02
3.102203523288354914e-01 6.217728287850327051e-01 5.772547829677552450e-02 1.028134058935619224e-02
3.243757946571920736e-01 6.215233960114728839e-01 4.574360040709261888e-02 8.357208924242118253e-03
3.406624419335111953e-01 6.145426934665959573e-01 3.780183252925465448e-02 6.993032070638001245e-03
3.627913358752860584e-01 5.966186417243617424e-01 3.430169805264142446e-02 6.288324347711021951e-03
3.935910316888843186e-01 5.665392006283970217e-01 3.388052834453715578e-02 5.989239338181830130e-03
4.346120633034033509e-01 5.246677178341512260e-01 3.492310608530439092e-02 5.797112777141265501e-03
4.815831107045134285e-01 4.762323583543264793e-01 3.658371454455330157e-02 5.600816396607016107e-03
5.366392275416229651e-01 4.200223738459060718e-01 3.804088739996559776e-02 5.297511212505376550e-03
5.943540447897097678e-01 3.605235075781087484e-01 4.011730666877267454e-02 5.005140963408769364e-03
6.518131232602670799e-01 3.001429672552061723e-01 4.329295280810525892e-02 4.750956676421678841e-03
7.050628604680043710e-01 2.435796155399505281e-01 4.687867367819789632e-02 4.478850313846966143e-03
2.204535135032720879e-04 7.484390200961386908e-03 2.016072947437619074e-03 9.902790833380978874e-01
1.744434261930015995e-01 5.303502373362098954e-01 2.163326712692734966e-01 7.887366520151516125e-02
1.777724056977493250e-01 5.763713799263554538e-01 1.880895961512062398e-01 5.776661822468889818e-02
1.795360098023964512e-01 6.126312120877082101e-01 1.669104499636966943e-01 4.092232814619829739e-02
1.789517850883648453e-01 6.382298984281190579e-01 1.539584425667753775e-01 2.885987391674068106e-02
1.746968208713189641e-01 6.541771444728761153e-01 1.502671894419183030e-01 2.085884521388654822e-02
1.639706287606610413e-01 6.654076254560029602e-01 1.549241086975955140e-01 1.569763708574041169e-02
1.471065930856259585e-01 6.748684642976136017e-01 1.656345860941531301e-01 1.239035652260723000e-02
1.293114008405724935e-01 6.804003648838522489e-01 1.800026007126344918e-01 1.028563356294040498e-02
1.120516277484684409e-01 6.822787392841963561e-01 1.967920188955319671e-01 8.877614071803504800e-03
9.917091136223672720e-02 6.783728015230725550e-01 2.144489309062396210e-01 8.007356208451105531e-03
9.008568700787619732e-02 6.726630857585632617e-01 2.298089819011523427e-01 7.442245332408334475e-03
8.393796717261961526e-02 6.658381571805953580e-01 2.432967168467080610e-01 6.927158800077217252e-03
7.923899588810853767e-02 6.564250519505326897e-01 2.579603305175400263e-01 6.375621643818235422e-03
7.409972092008822175e-02 6.459794103241056629e-01 2.741192664912587840e-01 5.801602264547512690e-03
6.782967810754882143e-02 6.391955855364600536e-01 2.876614301250825512e-01 5.313306230908819254e-03
6.136797041010872561e-02 6.371637922409395527e-01 2.963638602868596261e-01 5.104377062092316751e-03
5.582621885944954315e-02 6.361860928444026397e-01 3.027645810788079372e-01 5.223107217339983954e-03
5.192966181422550842e-02 6.317055120784145217e-01 3.109016043323353240e-01 5.463221775024573040e-03
5.018337392627025828e-02 6.211405084734761273e-01 3.231471269268584301e-01 5.528990673395348283e-03
5.146871059914619184e-02 6.035021460069097676e-01 3.396475509764179668e-01 5.381592417526009572e-03
5.725016497768414120e-02 5.780157079270173970e-01 3.595399591647621129e-01 5.194167930536812069e-03
6.920984893605934551e-02 5.519614928271754373e-01 3.737558541507889354e-01 5.072804085976288790e-03
8.944920977577837384e-02 5.371472760207310904e-01 3.683161697508067767e-01 5.087344452683465086e-03
1.205103981528670848e-01 5.287359758396920073e-01 3.454592949761520204e-01 5.294331031288892694e-03
1.631431555647095410e-01 5.112057661732579694e-01 3.201618989237886570e-01 5.489179338243702425e-03
2.190764196882848680e-01 4.760988943421552433e-01 2.993929426349624112e-01 5.431743334597598054e-03
2.965304032005858792e-01 4.208336643262876042e-01 2.774598009243117169e-01 5.176131548814463107e-03
4.047931595389293591e-01 3.441609951634636566e-01 2.462328640771913324e-01 4.812981220415701346e-03
5.407365881992177714e-01 2.527650461064915866e-01 2.022022185347223389e-01 4.296147159568110621e-03
6.814383981081323371e-01 1.641173300109651512e-01 1.508907448743606050e-01 3.553527006542080580e-03
7.972240984249162610e-01 9.637377836240854090e-02 1.037057664085324488e-01 2.696356804142566350e-03
8.726856682450356839e-01 5.580613703099727291e-02 6.951226133856849843e-02 1.995933385398542155e-03
9.159116143897639839e-01 3.375752378465738529e-02 4.872750425893909720e-02 1.603357566639539026e-03
9.373619845050638055e-01 2.326606678819598956e-02 3.785716524700112606e-02 1.514783459738909500e-03
9.455332887656886509e-01 1.899784601084849450e-02 3.376118398588527636e-02 1.707681237577308693e-03
9.430028354031166904e-01 1.898940710893895142e-02 3.570014724352865709e-02 2.307610244416054539e-03
9.275243730914994877e-01 2.351247941869038724e-02 4.519010588886011176e-02 3.773041600950161143e-03
8.912268767328540564e-01 3.502140434406526837e-02 6.647314685601959927e-02 7.278572067061177438e-03
8.222169157639692694e-01 5.772594631605931781e-02 1.049149009615260725e-01 1.514223695844522412e-02
7.170736408380495863e-01 9.209145030516661945e-02 1.606067474203817513e-01 3.022816143640175146e-02
5.924050783208318904e-01 1.337352216606118582e-01 2.204082435497028702e-01 5.345145646885313823e-02
4.806055586020415715e-01 1.713033133901759875e-01 2.661675807244573977e-01 8.192354728332526537e-02
3.988057496910237809e-01 1.997985964651729507e-01 2.902556645291173298e-01 1.111399893146858969e-01
3.461744661972462889e-01 2.197981203601260813e-01 2.965850518289508964e-01 1.374423616136768722e-01
3.151960094178509197e-01 2.334677100426606755e-01 2.903269094341272005e-01 1.610093711053611765e-01
2.984892377915679962e-01 2.424170535239772162e-01 2.733977666420867592e-01 1.856959420423679730e-01
2.910559951276701640e-01 2.463746982777624828e-01 2.488455524138638297e-01 2.137237541807035235e-01
2.936644632982086667e-01 2.400144989472036694e-01 2.270830895962678286e-01 2.392379481583197243e-01
3.067069174335823600e-01 2.246756254510031137e-01 2.183836466016015887e-01 2.502338105138129931e-01
3.295204681968810778e-01 2.053233334396841747e-01 2.223316862018704931e-01 2.428245121615639490e-01
3.598674877528300065e-01 1.890167546026909895e-01 2.285693922630034347e-01 2.225463653814756804e-01
3.977402014025214205e-01 1.801824128080278808e-01 2.278523143188888600e-01 1.942250714705620052e-01
4.420242862591904909e-01 1.798928986475483716e-01 2.153427830539703103e-01 1.627400320392908828e-01
4.910561652458231285e-01 1.865018176119203619e-01 1.901970774401776920e-01 1.322449397020787065e-01
5.344747370259619323e-01 2.036844546353502594e-01 1.579569025087617651e-01 1.038839058299260293e-01
5.663894417299915052e-01 2.293427186095178816e-01 1.253540618488187264e-01 7.891377781167205341e-02
5.731463592089729442e-01 2.677002049238909054e-01 9.879164479364453688e-02 6.036179107349154416e-02
5.535886359169069904e-01 3.174876404405677643e-01 7.991713004194282710e-02 4.900659360058252229e-02
5.181692183104252836e-01 3.719081356358837631e-01 6.725936029286316842e-02 4.266328576082804858e-02
4.791949537878067433e-01 4.233074633922994656e-01 5.925764676851431878e-02 3.823993605137927798e-02
4.435290051255481591e-01 4.666893001863737234e-01 5.567909759436538708e-02 3.410259709371258469e-02
4.095878208477944926e-01 5.036331683676349424e-01 5.632122182672107125e-02 3.045778895784974002e-02
3.700279108921553095e-01 5.428951480457409051e-01 5.943700390463714511e-02 2.763993715746646332e-02
3.182270643190523440e-01 5.952204261553132314e-01 6.123004663237801432e-02 2.532246289325621597e-02
2.534493046849148334e-01 6.650710747659904776e-01 5.855813658202200372e-02 2.292148396707263322e-02
1.870587041542671747e-01 7.398061622755832678e-01 5.283602598137219358e-02 2.029910758877750618e-02
1.354571992719333373e-01 7.976714080708836585e-01 4.898726199214162302e-02 1.788413066504158933e-02
1.120338910213536238e-01 8.210340824035727847e-01 5.025736263641971541e-02 1.667466393865413982e-02
1.107867203202066719e-01 8.153931606258034703e-01 5.698170377983882012e-02 1.683841527415127354e-02
1.226664201775441998e-01 7.938743788192957895e-01 6.536477609350878348e-02 1.809442490965143535e-02
1.456488801318998327e-01 7.601136617704510323e-01 7.395828865817766218e-02 2.027916943947159073e-02
9.033013197657865923e-02 1.955282087797076684e-01 7.054941484457312173e-01 8.647510797982376970e-03
7.527511999293433342e-02 1.528111580653274959e-01 7.663544086459178617e-01 5.559313295820433876e-03
6.843904970087760775e-02 1.218078236474499226e-01 8.057548456423920813e-01 3.998281009280614702e-03
7.091190142570549804e-02 1.050730385421634050e-01 8.206487239275659373e-01 3.366336104565280200e-03
8.421799700884223527e-02 1.013936042686366945e-01 8.111113848856276176e-01 3.277013836893369770e-03
1.096940332587209299e-01 1.087839337807125495e-01 7.780079329379682163e-01 3.514100022598231048e-03
1.448732171919843437e-01 1.243555227716724859e-01 7.268800366369986277e-01 3.891223399344839393e-03
1.824634779905790205e-01 1.446560292372362500e-01 6.686052619033854283e-01 4.275230868799484267e-03
2.160329152647498530e-01 1.675016899792800829e-01 6.116967130526654861e-01 4.768681703304357769e-03
2.403695361089852323e-01 1.920321829479675890e-01 5.620530063651657526e-01 5.545274577881112096e-03
2.495611537154883708e-01 2.155872249926734374e-01 5.281214433551104648e-01 6.730177936727738293e-03
2.435518749395468585e-01 2.320757429491692447e-01 5.158894417286834511e-01 8.482940382600445695e-03
2.293618081705388612e-01 2.356367139282551093e-01 5.240818828759117309e-01 1.091959502529411125e-02
2.149273985611507010e-01 2.253684358234975260e-01 5.457019498359714227e-01 1.400221577937994615e-02
2.048422964850384886e-01 2.062223339510753095e-01 5.714323535015175537e-01 1.750301606236815549e-02
1.988460892872768448e-01 1.841259392468709288e-01 5.956098584854149225e-01 2.141811298043712342e-02
1.941923784439680833e-01 1.623954057777201032e-01 6.171668906908565067e-01 2.624532508745513679e-02
1.899539045779547741e-01 1.422657149099385843e-01 6.355185872802332492e-01 3.226179323187355896e-02
1.874724582591824618e-01 1.240547716832275660e-01 6.490588571679084540e-01 3.941391288968151829e-02
1.872166084925626917e-01 1.072506666525103874e-01 6.571265851037965122e-01 4.840613975113057521e-02
1.881653830098673208e-01 9.132867890264496913e-02 6.597989954250084166e-01 6.070694266247963350e-02
1.888410363192608576e-01 7.677803283365268461e-02 6.575694461763568199e-01 7.681148467072945740e-02
1.891006156870218002e-01 6.546182573386095938e-02 6.528817945775515774e-01 9.255576400156563521e-02
3.412194576959010628e-01 3.060542449417225641e-01 1.188337596083662850e-01 2.338925377540097550e-01
3.357503741169169387e-01 3.385932600309295437e-01 1.035990981885352019e-01 2.220572676636186071e-01
3.237509892612017159e-01 3.670963916284619155e-01 9.155025649336624716e-02 2.176023626169696357e-01
2.935356767417170443e-01 3.960865019994480596e-01 8.030116454093741418e-02 2.300766567178977040e-01
2.403088429214936261e-01 4.359150539752238429e-01 7.197305939767430216e-02 2.518030437056082982e-01
1.738975652396918536e-01 4.984842505361784526e-01 6.754426976779638603e-02 2.600739144563332661e-01
1.102472189517842149e-01 5.832092913185809024e-01 6.372286730459252035e-02 2.428206224250424039e-01
6.331896247603194250e-02 6.685091279378847506e-01 5.884012669107350352e-02 2.093317828950099213e-01
3.582672981761372138e-02 7.375648207266854994e-01 5.315361557941966630e-02 1.734548338762809672e-01
2.149723048053812924e-02 7.920256506782017425e-01 4.707008959497990114e-02 1.394070292462807614e-01
1.397138152337982359e-02 8.378916908670098751e-01 4.083181830182186500e-02 1.073051093077886514e-01
9.819026829571912696e-03 8.743171853756317446e-01 3.527621430242664641e-02 8.058757349236950196e-02
6.963597244167055687e-03 8.987600793646138841e-01 3.130544666995265651e-02 6.297087672126618074e-02
5.281005055281516418e-03 9.136019893929741009e-01 2.737569911945048062e-02 5.374130643229389770e-02
3.804408094368234589e-03 9.226709908154457906e-01 2.310415468549350398e-02 5.042044640469271061e-02
2.633611053882156661e-03 9.269745965250624220e-01 1.887896461600842291e-02 5.151282780504717884e-02
1.872156251313550086e-03 9.242165136511265588e-01 1.560455107366992555e-02 5.830677902389003880e-02
1.478570455731267191e-03 9.083652550792975511e-01 1.374848068261470824e-02 7.640769378235667819e-02
1.397771919652925771e-03 8.691549421670689002e-01 1.329632820670185317e-02 1.161509577065764076e-01
1.686447025745195678e-03 7.988780507621818794e-01 1.366449131404495060e-02 1.857710108980280828e-01
1.320085722997144930e-03 7.111805850488287506e-01 1.374362010047275665e-02 2.737557091277014187e-01
1.213563824266012184e-03 6.402681376474596009e-01 1.268210754494720691e-02 3.458361909833270742e-01
1.125341519816160357e-03 6.114681492612022984e-01 1.114382363976686163e-02 3.762626855792143843e-01
1.159592340469099182e-03 6.220402465040728579e-01 1.014868459849316458e-02 3.666514765569650613e-01
1.398741924869727682e-03 6.532065201293252299e-01 1.020883703488074251e-02 3.351859009109240950e-01
1.984269259098570600e-03 6.815290301415247720e-01 1.170161371424213899e-02 3.047850868851345596e-01
3.090404931743636827e-03 6.890738650623595696e-01 1.472190243237145833e-02 2.931138275735254983e-01
4.956357037539792232e-03 6.764788722820430644e-01 1.914348775932046831e-02 2.994212829210966542e-01
8.522019810511134372e-03 6.601888568476567132e-01 2.588145017442998116e-02 3.054076731674021938e-01
1.620472896402695706e-02 6.463973250590993036e-01 3.620114917029108870e-02 3.011967968065827894e-01
3.137636345315263087e-02 6.215496328894416500e-01 4.872267430195874327e-02 2.983513293554468926e-01
5.652393130532202409e-02 5.745820513287792641e-01 6.114960257962333973e-02 3.077444147862753998e-01
9.173715225889195191e-02 5.131453275890767163e-01 7.407364418106170134e-02 3.210438759709697276e-01
1.360735896980994897e-01 4.583495431152506683e-01 8.971608386762283671e-02 3.158607833190268388e-01
1.956246288693475055e-01 4.154162780200569838e-01 1.107341336398070530e-01 2.782249594707882356e-01
2.865166446982120307e-01 3.609234712949565549e-01 1.399418831425619791e-01 2.126180008642696018e-01
4.034413958403239020e-01 2.826246522959312557e-01 1.738323510925527948e-01 1.401016007711919920e-01
4.940246179876409127e-01 2.041496554930689600e-01 2.153294340188003919e-01 8.649629250048976314e-02
5.284986265632850566e-01 1.440729898943367837e-01 2.703447920710956853e-01 5.708359147128264088e-02
5.063518622862380747e-01 1.027707928810306093e-01 3.475019271968295409e-01 4.337541763590193472e-02
4.313907366739357374e-01 7.454162480671790159e-02 4.552339396663092619e-01 3.883369885303720320e-02
3.256340322441124702e-01 5.485135860958747361e-02 5.803165068753491918e-01 3.919810227095072569e-02
2.241633539095390093e-01 4.151670907316367537e-02 6.917106290570655958e-01 4.260930796023185835e-02
1.477044653505233118e-01 3.305713507622370234e-02 7.686936494660653318e-01 5.054475010718745276e-02
9.763449620542025142e-02 2.763436919777534362e-02 8.106847218671648925e-01 6.404641272963947085e-02
6.898720771584464229e-02 2.442696658891143485e-02 8.257270701882865049e-01 8.085875550695770242e-02
5.453354148502137511e-02 2.367857975657000971e-02 8.242447949911365646e-01 9.754308376727224839e-02
4.656264864257405461e-02 2.364551526586089469e-02 8.163944179545645774e-01 1.133974181370004802e-01
4.295260876942154360e-02 2.511318062258024661e-02 8.005141299940780053e-01 1.314200806139197708e-01
4.117670609042439755e-02 2.702245896128895736e-02 7.774224468200157112e-01 1.543783881282706216e-01
3.936369891270716237e-02 2.893276298570894578e-02 7.467548017377628744e-01 1.849487363638207538e-01
3.617341179868091561e-02 3.049520981012444898e-02 7.078904739866092033e-01 2.254409044045851962e-01
3.182380372881906533e-02 3.181182856684386384e-02 6.601726494082617025e-01 2.761917182960754724e-01
2.792209378578377685e-02 3.354197113091240967e-02 6.043304579637946983e-01 3.342054771195093199e-01
2.561023034951362409e-02 3.617411962362162420e-02 5.399640674016725761e-01 3.982515826251922242e-01
2.547144889707427667e-02 4.007755387774131206e-02 4.745361458746333860e-01 4.599148513505511571e-01
2.837897630648532690e-02 4.592554651308387165e-02 4.232723005679542849e-01 5.024231766124765963e-01
3.630812422089207958e-02 5.447496860208275032e-02 3.927129915732009979e-01 5.165039156038241375e-01
4.975619038024227392e-02 6.599878194799967124e-02 3.768226303512693387e-01 5.074223973204887717e-01
7.001049039817755504e-02 8.049616796094814786e-02 3.621085870477145363e-01 4.873847545931599967e-01
9.832140644683687314e-02 9.827355773008136786e-02 3.410529922039952089e-01 4.623520436190863836e-01
1.361259587751891542e-01 1.200432764178326617e-01 3.119073795245874692e-01 4.319233852823908815e-01
1.870891790456243042e-01 1.419407586375978914e-01 2.750792552408408698e-01 3.958908070759368791e-01
2.556844441014567426e-01 1.605831566232329144e-01 2.345142512819708702e-01 3.492181479933396115e-01
3.494019072664543701e-01 1.701858680344232599e-01 1.940632513593147923e-01 2.863489733398074666e-01
4.678843442960884946e-01 1.664755695318666517e-01 1.552318078219312447e-01 2.104082783501135812e-01
5.887984096888547736e-01 1.496442999900940707e-01 1.225262155556469668e-01 1.390310747654044388e-01
6.846245097242276145e-01 1.272245466611457154e-01 9.908837181201313182e-02 8.906257180261388517e-02
7.551220899951094356e-01 1.050261050008655384e-01 8.068169697949942321e-02 5.917010802452558893e-02
8.020687117807255850e-01 8.755643032546624183e-02 6.782257570035649108e-02 4.255228219345153634e-02
8.272896515203609358e-01 7.672244763809370205e-02 6.207332330443796758e-02 3.391457753710726275e-02
8.389682547180121741e-01 7.021442475471094402e-02 6.153668739317911390e-02 2.928063313409744184e-02
8.458145684847797607e-01 6.460845365612581659e-02 6.287326923204919482e-02 2.670370862704519316e-02
8.535724960522873550e-01 5.808564641371639220e-02 6.324285440265207947e-02 2.509900313134420802e-02
8.614804722562937611e-01 5.190510120061764959e-02 6.259122670987256332e-02 2.402319983321619598e-02
8.606391155613687394e-01 4.998440483800128259e-02 6.422372445595873891e-02 2.515275514467133974e-02
8.352774027382054989e-01 5.766259650036149181e-02 7.375164992856406143e-02 3.330835083286920462e-02
7.616065933333149296e-01 8.141176225626117757e-02 9.877890463741696714e-02 5.820273977300729346e-02
6.127525282446210086e-01 1.277303741499564993e-01 1.438300309605583249e-01 1.156870666448640561e-01
4.154988842398847360e-01 1.763671321522431445e-01 1.942662795573570911e-01 2.138677040505145288e-01
2.442530743583206099e-01 1.890599572476597268e-01 2.249034081070954150e-01 3.417835602869241929e-01
1.320765321965217953e-01 1.638498146806406375e-01 2.249148534109865760e-01 4.791587997118509357e-01
7.024369601512529815e-02 1.259273360601603775e-01 2.067116330829200932e-01 5.971173348417940785e-01
4.030016494267217586e-02 9.710494663096533308e-02 1.878114880340429615e-01 6.747834003923192103e-01
2.807535394873746787e-02 8.159045363804411088e-02 1.799660873003984252e-01 7.103681051128197810e-01
2.393461679255199509e-02 7.671666815315231203e-02 1.819273803831401026e-01 7.174213346711556527e-01
2.241757373185758462e-02 7.927576253665125083e-02 1.856857701958502527e-01 7.126208935356407315e-01
2.268510617513899708e-02 8.372962038134257323e-02 1.848716820293916374e-01 7.087135914141270421e-01
2.210869688705315722e-02 9.070743852485171899e-02 1.756506607409926424e-01 7.115332038471023912e-01
