3.726651302732123666e-02 1.000207837818903878e-01 4.974713855656012762e-02 8.129655646342284214e-01
1.468745182066372168e-01 4.513778391317031097e-02 1.160832492218136789e-03 8.068268653879744345e-01
1.398243445452803380e-01 3.683812285292861061e-02 1.233842310566518217e-03 8.221036902912243205e-01
1.327962917827641698e-01 2.979209462134670833e-02 1.387112521475244303e-03 8.360245010744140615e-01
1.249051946527840462e-01 2.371910461666040457e-02 1.598445688802515230e-03 8.497772550417529436e-01
1.180549205629964488e-01 1.898341564315097346e-02 1.841188455690470063e-03 8.611204753381620502e-01
1.166175668544240790e-01 1.603401958014319742e-02 2.151964500584653724e-03 8.651964490648479389e-01
1.237612778470172786e-01 1.486256734024637462e-02 2.646958520477617205e-03 8.587291962922587452e-01
1.397909407993573327e-01 1.523713881806237902e-02 3.502480193884576019e-03 8.414694401886957387e-01
1.640155927246667034e-01 1.728266620985547536e-02 5.077263135020461220e-03 8.136244779304571129e-01
1.941472031649748853e-01 2.173482576062180094e-02 8.182735979071263308e-03 7.759352350953322430e-01
2.193443715391122928e-01 3.008002836338005692e-02 1.480352127064619820e-02 7.357720788268615753e-01
2.250260124334565182e-01 4.070377194902845969e-02 2.472296379666878360e-02 7.095472518208463253e-01
2.204050173745427110e-01 5.501767422328222162e-02 4.009486442294468017e-02 6.844824439792304149e-01
2.161441074270271101e-01 7.425581543064123380e-02 6.331239315742741292e-02 6.462876839849037713e-01
2.155636981075248759e-01 9.868759605874118102e-02 9.764145828104893454e-02 5.881072475526851751e-01
2.156907071915429297e-01 1.258502078704728244e-01 1.469218495475043684e-01 5.115372353904795721e-01
2.096711674719368423e-01 1.503693412747952596e-01 2.132518775412795276e-01 4.267076137119885093e-01
1.939281244465650700e-01 1.690236483261927380e-01 2.980840980870212986e-01 3.389641291402211709e-01
1.691456990946499095e-01 1.818577437093430726e-01 4.053104246388012366e-01 2.436861325572057813e-01
1.353527320670870060e-01 1.843666894442642090e-01 5.357020267755780996e-01 1.445785517130705189e-01
9.958607470879603241e-02 1.705196435189115511e-01 6.582775876920377023e-01 7.161669408025485295e-02
7.271722713973070851e-02 1.563781121308971955e-01 7.337132225089286752e-01 3.719143822044336523e-02
5.818729320171205088e-02 1.544958201901050487e-01 7.629208391651219889e-01 2.439604744306079695e-02
5.171330722755811821e-02 1.633704360130543709e-01 7.643754943025752313e-01 2.054076245681205060e-02
5.081162720889258189e-02 1.761260493560452556e-01 7.521592408040734812e-01 2.090308263098870564e-02
5.362302064207265934e-02 1.891922759403015797e-01 7.341637710964377117e-01 2.302093232118825050e-02
6.026838966282910964e-02 2.036607041326435052e-01 7.118911322445513612e-01 2.417977395997601697e-02
7.248544961752867444e-02 2.246951467100945510e-01 6.802591836681046722e-01 2.256022000427207810e-02
9.729490782012700789e-02 2.610213199513732873e-01 6.225349073956871759e-01 1.914886483281252189e-02
1.507171246757438576e-01 3.223251381964439277e-01 5.106063143925968495e-01 1.635142273521549700e-02
2.627956775025699354e-01 3.878163337686542089e-01 3.339383169422851516e-01 1.544967178649087579e-02
4.207712440927873776e-01 4.027279248242527365e-01 1.613265933213941516e-01 1.517423776156574637e-02
5.226068207051176584e-01 3.946811263409902293e-01 6.600789188779616901e-02 1.670416106609578025e-02
5.284551594269520924e-01 4.125173951393877880e-01 3.315024154410464025e-02 2.587720388955542378e-02
4.632427749960610353e-01 4.590245780108130891e-01 2.463793167042146667e-02 5.309471532270424593e-02
3.497252568612947976e-01 5.111798284886563959e-01 2.204826995781599894e-02 1.170466446922329568e-01
2.324033544319846489e-01 5.092676767303067065e-01 1.989460823723994756e-02 2.384343606004684923e-01
1.470371866741853883e-01 4.240264446587788116e-01 1.767919419830629724e-02 4.112571744687296693e-01
9.058372311167403601e-02 3.064706451281363764e-01 1.500245717325949558e-02 5.879431745869299064e-01
5.733343826621821460e-02 2.072705879974615084e-01 1.242241931899669243e-02 7.229735544173235828e-01
4.085169322285470139e-02 1.460530218702888461e-01 1.093047289467263990e-02 8.021648120121833703e-01
3.358820486984109843e-02 1.147710756238769642e-01 1.056043079525624540e-02 8.410802887110256920e-01
2.881343872906870149e-02 9.471697093234479614e-02 1.045195900630380322e-02 8.660176313322830444e-01
2.228228799036323024e-02 7.094062550466576078e-02 9.589011599557885693e-03 8.971880749054130799e-01
1.542335306026756600e-02 4.682930513968171921e-02 8.602795876389054963e-03 9.291445459236615800e-01
1.115207340335694353e-02 3.207544580589628130e-02 8.896382435037254038e-03 9.478760983557091846e-01
9.289513527385549405e-03 2.585749965759277444e-02 1.077323753135462671e-02 9.540797492836672333e-01
8.827722676108021652e-03 2.413971640576526023e-02 1.394153472359485439e-02 9.530910261945320094e-01
9.089682336809006002e-03 2.446880588432803066e-02 1.784325513631727575e-02 9.485982566425459339e-01
9.547069864306265488e-03 2.553062753411303523e-02 2.168856726405541530e-02 9.432337353375251920e-01
9.946747455608058799e-03 2.684482542573286487e-02 2.523884197532585971e-02 9.379695851433329512e-01
1.022917333771266798e-02 2.822317969450771277e-02 2.876617331209887357e-02 9.327814736556806485e-01
1.046200082874494328e-02 2.961905670777542979e-02 3.277892856582705072e-02 9.271400138976523264e-01
1.077072511925074305e-02 3.115761787417281603e-02 3.798627195777323079e-02 9.200853850488029950e-01
1.119260436691341468e-02 3.283347860467372009e-02 4.508740591355706040e-02 9.108865111148557459e-01
1.167019126722400324e-02 3.434080792765720203e-02 5.467801196390564833e-02 8.993109888412129660e-01
1.218508063263395134e-02 3.530873779212370667e-02 6.734333962464840451e-02 8.851628419505942480e-01
1.282489889207942026e-02 3.589408912028047016e-02 8.336383550919447549e-02 8.679171764784452403e-01
1.355411083400258170e-02 3.656521824529295611e-02 1.014301711991378585e-01 8.484504997215666089e-01
1.373196280285711619e-02 3.654308811764414577e-02 1.155569080545857108e-01 8.341680410249129318e-01
1.291675477752573381e-02 3.493479219339603453e-02 1.198466010596692805e-01 8.323018519694089790e-01
1.151438549113280654e-02 3.221666830571946055e-02 1.148612217634115140e-01 8.414077244397361044e-01
1.012151546403484634e-02 2.949232637444967192e-02 1.050043381692346289e-01 8.553818199922810228e-01
8.994688051120167810e-03 2.744687457688520238e-02 9.375964961378899232e-02 8.697987877582059602e-01
8.137325525418962618e-03 2.623159571411382354e-02 8.270128946065211095e-02 8.829297892998149155e-01
7.508411279528084264e-03 2.576287831623683827e-02 7.253298803015881258e-02 8.941957223740761851e-01
7.088754300228387352e-03 2.584890555990125571e-02 6.339019947307528158e-02 9.036721406667947987e-01
6.676223330453922265e-03 2.577151191069480471e-02 5.365597797740475489e-02 9.138962867814462987e-01
6.082493009702222113e-03 2.495363299849425939e-02 4.278302694851062599e-02 9.261808470432926210e-01
5.278736173730164821e-03 2.335938892306441139e-02 3.198265642777861628e-02 9.393792184754268249e-01
4.285946465244647174e-03 2.101053597039028234e-02 2.222072457814527197e-02 9.524827929862196285e-01
2.586416004543191146e-03 1.815092860224315832e-02 6.621836390466220856e-03 9.726408190027473477e-01
1.372159603558936562e-02 3.343650336989733435e-02 1.345847515192048205e-01 8.182571490753084431e-01
1.096572455478690526e-02 2.969784836248587356e-02 1.117501410069009077e-01 8.475862860758265338e-01
9.390750801706197748e-03 2.862504729284955085e-02 9.279124174360349475e-02 8.691929601618409995e-01
8.719280341603142734e-03 3.102114432910009489e-02 7.774911429762663972e-02 8.825104610316699683e-01
9.036748214661039641e-03 3.922228905932245713e-02 6.834285912774727689e-02 8.833981035982695351e-01
1.107499049476798163e-02 5.978387448396194764e-02 6.847551469076242070e-02 8.606656203305077524e-01
1.616172301550142590e-02 1.041523003595534874e-01 8.193729067210239747e-02 7.977486859528425400e-01
2.478513313127535603e-02 1.733759386323723839e-01 1.057962265156007636e-01 6.960427017207515554e-01
3.578915686043659256e-02 2.456261409647289007e-01 1.314137572949423682e-01 5.871709448798921871e-01
4.932938591363168063e-02 3.042584200345927470e-01 1.587939542958527739e-01 4.876182397559227777e-01
6.733970475003389633e-02 3.522916801469444525e-01 1.951191741367702404e-01 3.852494409662514108e-01
8.979136783736695049e-02 3.912708388717087704e-01 2.426794290770013796e-01 2.762583642139226914e-01
1.118954095763155521e-01 4.165749829650016167e-01 2.909687271440940526e-01 1.805608803145893337e-01
1.299513401812146252e-01 4.154181566177749807e-01 3.408079191790833740e-01 1.138225840219270618e-01
1.389695319014996600e-01 3.928368794632979832e-01 3.941673436701902955e-01 7.402624496501215845e-02
1.390623239498281760e-01 3.580371357478097649e-01 4.511608970181911205e-01 5.173964328417127861e-02
1.309246823051463948e-01 3.218704870012925046e-01 5.084514852770481985e-01 3.875334541651333231e-02
1.194382753857279045e-01 2.898581960284470349e-01 5.598601456839691348e-01 3.084338290185607151e-02
1.106583308586093634e-01 2.654581544920773806e-01 5.976643480384924434e-01 2.621916661082041716e-02
1.097850780319288566e-01 2.510502650671625480e-01 6.151440233149467751e-01 2.402063358596194867e-02
1.215548988644033768e-01 2.475279530954537233e-01 6.069948709002832565e-01 2.392227713985984813e-02
1.510250896049003255e-01 2.511020885625826482e-01 5.714963579204443977e-01 2.637646391207241342e-02
1.992189281697256953e-01 2.523718989141255920e-01 5.149546522816330629e-01 3.345452063451583025e-02
2.602700569158937216e-01 2.430792782431892285e-01 4.474929710762443058e-01 4.915769376467284818e-02
3.169187030903997671e-01 2.223337784515510285e-01 3.816141951387602149e-01 7.913332331928894792e-02
3.510020930862798316e-01 1.917760333460774014e-01 3.279865980437224882e-01 1.292352755239203621e-01
3.522903434175689852e-01 1.572709233525450834e-01 2.880764051770061673e-01 2.023623280528798474e-01
3.276862555409806865e-01 1.236728270047150469e-01 2.561390114144370123e-01 2.925019060398670878e-01
2.888534275460548639e-01 9.571316322360558237e-02 2.292730198233808858e-01 3.861603894069586262e-01
2.459025624103783614e-01 7.551539071509712209e-02 2.083219946875915773e-01 4.702600521869327310e-01
2.067444281361931480e-01 6.173095641415986962e-02 1.947644705344228344e-01 5.367601449152238358e-01
1.758803941019471961e-01 5.378082887675349893e-02 1.853938567785856639e-01 5.849449202427136063e-01
1.528137101081449845e-01 4.873195138508040758e-02 1.763423547057929863e-01 6.221119838009814274e-01
1.355116763396045365e-01 4.531024545532193193e-02 1.657749823592917782e-01 6.534030958457818228e-01
1.227679968159517271e-01 4.334245152962108716e-02 1.550742526817563416e-01 6.788152989726704556e-01
1.127276501171182582e-01 4.223882605975470134e-02 1.445444208470259839e-01 7.004891029761017851e-01
1.026188631080364871e-01 4.049144237650762618e-02 1.315316334729159931e-01 7.253580610425400810e-01
9.456704863545427331e-02 3.854226649466069299e-02 1.181997979653317404e-01 7.486908869045533210e-01
9.651318898593642948e-02 3.966702152570344281e-02 1.134193673152801979e-01 7.504004221730800062e-01
1.113211046953623273e-01 4.418973964795380738e-02 1.154539280794715655e-01 7.290352275772125079e-01
1.377108307413217603e-01 4.943576489323996820e-02 1.157177051663557110e-01 6.971356991990830254e-01
1.769542115125424808e-01 5.413997810881374800e-02 1.115174405906299987e-01 6.573883697880136268e-01
2.317845021912695314e-01 5.644618481295376328e-02 1.049182441148231726e-01 6.068510688809536369e-01
2.961747098501515407e-01 5.730629312667124414e-02 9.775257817088728318e-02 5.487664188522900499e-01
3.533584302339707883e-01 5.704006458633829185e-02 9.079442791180430961e-02 4.988070772678868114e-01
3.935485189940422512e-01 5.653142021538046236e-02 8.534478598442739317e-02 4.645752748061498516e-01
4.223586073138086983e-01 5.705409761107254479e-02 8.362763565364597640e-02 4.369596594214726348e-01
4.475936484345363064e-01 5.892839141391829211e-02 8.562839904279695435e-02 4.078495611087486483e-01
4.685345580824875622e-01 6.116218057979191242e-02 8.908404211144815843e-02 3.812192192262722767e-01
4.794826336933669664e-01 6.325477604809801035e-02 9.434277325537591963e-02 3.629198170031592285e-01
4.745012967472708731e-01 6.579106238017601305e-02 1.049487971418656129e-01 3.547588437306875009e-01
4.528728880248626409e-01 6.949200661685847602e-02 1.240975503739491365e-01 3.535375549843298715e-01
4.228765602672591162e-01 7.513563571869269486e-02 1.550773933190230658e-01 3.469104106950250954e-01
3.938883585675171384e-01 8.373638559382336199e-02 2.052935919908156215e-01 3.170816638478439198e-01
3.615761497671718394e-01 9.567676175015409068e-02 2.876454331106332862e-01 2.551016553720407143e-01
3.106933289451165869e-01 1.080555977981660504e-01 4.027934737241566920e-01 1.784575995325605180e-01
2.464280866347058341e-01 1.165446541295211413e-01 5.242118839177788425e-01 1.128153753179944735e-01
1.905483038534206142e-01 1.203307563586677592e-01 6.211332478370228394e-01 6.798769195088870398e-02
1.566780506727252775e-01 1.221505394990368004e-01 6.800106208554542730e-01 4.116078897278389187e-02
1.483156112210327338e-01 1.263167582801229538e-01 6.991687671313205898e-01 2.619886336752379544e-02
1.678879783426961425e-01 1.371531987766943794e-01 6.767905604515397355e-01 1.816826242906951008e-02
2.199117309316891977e-01 1.568476518947383436e-01 6.091914792403159140e-01 1.404913793325662623e-02
3.048262137039945974e-01 1.825761954219574379e-01 5.005977665702614487e-01 1.199982430378646048e-02
4.071644726690944460e-01 2.050890799605613879e-01 3.770759474918685683e-01 1.067049987847568798e-02
5.012110748712091945e-01 2.171673076154077842e-01 2.722419129108598623e-01 9.379704602523093043e-03
5.716152145260321449e-01 2.200619167670776199e-01 2.001310484024553804e-01 8.191820304434695166e-03
6.166948956231900203e-01 2.196405252165444799e-01 1.563038851056322842e-01 7.360694054633125372e-03
6.403774868073437432e-01 2.205146576935245739e-01 1.320884461459098935e-01 7.019409353221798056e-03
6.529518769224391672e-01 2.198514851006305171e-01 1.200625943889805647e-01 7.134043587949777041e-03
6.632059395351409536e-01 2.158124105538838100e-01 1.136221113744800698e-01 7.359538536494967045e-03
6.773200403965458083e-01 2.060436377293723698e-01 1.094045069813181781e-01 7.231814892763681162e-03
3.498250492288455110e-02 7.217499546731848126e-01 2.356830178915877982e-01 7.584522512342224861e-03
4.653712413054262864e-01 4.623915128571147171e-01 5.786723457772857682e-02 1.437001125973044226e-02
5.090189515942955545e-01 4.105774132835423029e-01 6.557085584450132731e-02 1.483277927766100783e-02
5.427361336562798177e-01 3.686036918507096805e-01 7.363529345049327213e-02 1.502488104251708395e-02
5.605174043155113361e-01 3.441496041239025527e-01 8.061317291010999808e-02 1.471981865047636111e-02
5.602212405982037735e-01 3.387819663130985925e-01 8.691447248751886512e-02 1.408232060117866474e-02
5.445403840341751511e-01 3.479640902016030157e-01 9.410318883632039222e-02 1.339233692790150858e-02
5.207382006860813428e-01 3.648728022374136959e-01 1.017985177897849924e-01 1.259047928671959415e-02
4.954930051794868007e-01 3.850186606691264335e-01 1.079869102154423360e-01 1.150142393594446796e-02
4.695555285058803929e-01 4.099674876749481167e-01 1.104131053495281262e-01 1.006387846964340929e-02
4.480777281851059390e-01 4.339787722195512232e-01 1.094102461849294911e-01 8.533253410412984172e-03
4.233225740950433691e-01 4.629760267768919246e-01 1.065122838528244492e-01 7.189115275240348137e-03
3.966748569625800913e-01 4.924489343543062558e-01 1.046231918050116450e-01 6.253016878101874329e-03
3.739530183539717112e-01 5.143129086909700165e-01 1.059452097114260277e-01 5.788863243632200346e-03
3.515582440907277784e-01 5.335148047077860056e-01 1.093066385595062168e-01 5.620312641980008787e-03
3.266517460271032292e-01 5.549471238944465590e-01 1.128000790356449845e-01 5.601051042805318438e-03
2.974644969702511799e-01 5.830134734583302114e-01 1.139646158461037201e-01 5.557413725314824457e-03
2.639247753684891284e-01 6.188391484730810799e-01 1.118732790183901149e-01 5.362797140039997704e-03
2.286600595603914543e-01 6.563986855151465738e-01 1.098421711961395097e-01 5.099083728322427456e-03
1.952066853075875852e-01 6.889494878469086814e-01 1.109765133547376409e-01 4.867313490765619831e-03
1.665075708001608479e-01 7.131268140319874105e-01 1.156535891887531808e-01 4.712025979098283246e-03
1.456333825045552366e-01 7.271583158331900165e-01 1.225365475178388786e-01 4.671754144415871807e-03
1.344815524180674460e-01 7.305001358543974366e-01 1.302597418499403525e-01 4.758569877594865521e-03
1.331914003653945910e-01 7.221030478037065992e-01 1.397027257978882275e-01 5.002826033010797369e-03
1.410642914061904230e-01 6.982090380756567072e-01 1.551756771830459514e-01 5.550993335106847379e-03
1.533702958772155955e-01 6.633169405832258780e-01 1.768728993596612176e-01 6.439864179897374780e-03
1.623576355455836895e-01 6.325669012855001938e-01 1.976238755809010539e-01 7.451587588015359462e-03
1.655479699495315260e-01 6.104082889045217009e-01 2.155698609534507093e-01 8.473880192495996180e-03
1.618880241387513075e-01 5.966728391773395979e-01 2.320606108942943890e-01 9.378525789614644906e-03
1.547036415400176168e-01 5.868980450349685629e-01 2.482664637419716436e-01 1.013184968304226517e-02
1.452234671107404951e-01 5.816377160617255404e-01 2.625000345081179298e-01 1.063878231941610582e-02
1.349646013327375493e-01 5.825482066951481741e-01 2.714999015543804739e-01 1.098729041773407501e-02
1.258757647189055473e-01 5.913747201952491706e-01 2.713668936805319620e-01 1.138262140531343634e-02
1.189680352780098510e-01 6.078234038937607719e-01 2.613740537523547292e-01 1.183450707587488035e-02
1.150099791498140900e-01 6.249470209196668069e-01 2.476597816882174785e-01 1.238321824230135745e-02
1.149917701549101889e-01 6.366917758209925671e-01 2.352068532511473464e-01 1.310960077294981950e-02
1.192163238773060185e-01 6.423381469689899426e-01 2.243884812785710003e-01 1.405704787513334907e-02
1.266245796092290155e-01 6.448160823806221575e-01 2.133225027897617532e-01 1.523683522038720393e-02
1.386957858816778577e-01 6.461750623539854743e-01 1.985843042680133508e-01 1.654484749632351495e-02
1.479495790125569810e-01 6.578315713948816867e-01 1.766526753852392662e-01 1.756617420732207308e-02
1.578925058765045797e-01 6.721435139480419485e-01 1.516627061284109845e-01 1.830127404704231034e-02
1.693396003508156888e-01 6.801803519749728411e-01 1.313486620180352726e-01 1.913138565617601705e-02
1.821047580889481599e-01 6.818480477665325168e-01 1.160245857857963581e-01 2.002260835872315958e-02
1.957599547424821729e-01 6.798169286016595425e-01 1.036254478610169338e-01 2.079766879484113914e-02
2.121070899058278281e-01 6.719127342162878325e-01 9.430744322045074568e-02 2.167273265743351746e-02
2.346250685872064978e-01 6.529086786019545618e-01 8.934445333368147557e-02 2.312179947715754108e-02
2.645504402779338959e-01 6.219217417756388588e-01 8.833895788661794146e-02 2.518886005980928294e-02
2.990747420988362770e-01 5.845037659611319603e-01 8.899279873595160317e-02 2.742869320408032260e-02
3.361727542831274285e-01 5.451810200109978854e-01 8.927860000401036111e-02 2.936762570186436314e-02
3.679668101038321426e-01 5.126723951285671044e-01 8.853076906046306038e-02 3.083002570713751223e-02
3.934940771469774279e-01 4.867682560372470491e-01 8.781042571529201757e-02 3.192724110048357489e-02
4.109891603081271549e-01 4.687477159372437363e-01 8.767009346328095976e-02 3.259303029134830165e-02
4.211136520770745739e-01 4.576897462937301042e-01 8.841592626086761109e-02 3.278067536832758588e-02
4.257545794239142589e-01 4.514615759948482077e-01 9.011167292507371585e-02 3.267217165616378982e-02
4.269628999001407466e-01 4.490193442078438402e-01 9.160629090815404496e-02 3.241146498386192343e-02
4.272031668096316626e-01 4.494558106403117592e-01 9.130693599498616864e-02 3.203408655507052061e-02
4.284276424821372165e-01 4.512272359637007346e-01 8.882972723186804975e-02 3.151539432229402693e-02
4.320478496832315107e-01 4.523578614458756975e-01 8.482598866087012746e-02 3.076830021002261578e-02
4.383105744230803569e-01 4.515469498559966377e-01 8.037297033204046648e-02 2.976950538888265690e-02
4.453927018278084904e-01 4.508794269703711999e-01 7.541615532401942101e-02 2.831171587780099280e-02
4.508973563446693755e-01 4.552086979987320370e-01 6.796859886946612916e-02 2.592534678713254506e-02
4.548602559538930667e-01 4.654178934057783268e-01 5.725139965380102863e-02 2.247045098652799763e-02
4.589690507103205697e-01 4.757792757104454817e-01 4.649239064010141781e-02 1.875928293913249958e-02
4.661073437789552965e-01 4.789155787777831241e-01 3.910611358210536181e-02 1.587096386115626964e-02
4.804080080780452899e-01 4.695241458055247064e-01 3.585949108654486878e-02 1.420835502988519565e-02
5.054796422029551595e-01 4.456365344079976643e-01 3.556034848088013289e-02 1.332347490816696185e-02
5.414355216556527850e-01 4.091456763012863429e-01 3.677765924240596063e-02 1.264114280065499474e-02
5.848022110257546924e-01 3.646008591224326745e-01 3.867877155606097572e-02 1.191815829575163313e-02
6.318501620007526132e-01 3.160999131379025329e-01 4.093864336407438548e-02 1.111128149727062114e-02
6.791663671400482993e-01 2.666056397969946978e-01 4.390971025308604975e-02 1.031828280987061135e-02
7.236065122299816244e-01 2.189646116065991910e-01 4.784101635980336775e-02 9.587859803616087528e-03
7.633117099337866085e-01 1.758726889683745187e-01 5.194542451302016500e-02 8.870176584818608920e-03
1.334280635126778181e-03 3.246815483772488159e-02 1.599331705940377829e-03 9.645982328212076018e-01
1.013858085289920385e-01 6.152601884445010327e-01 1.830521251776063008e-01 1.003018778489004476e-01
9.697046045697507721e-02 6.942510590351894662e-01 1.466308317971298791e-01 6.214764871070568852e-02
9.266906086543216792e-02 7.549581356577428348e-01 1.169864930674282683e-01 3.538631040939705513e-02
9.033093325207923463e-02 7.940174413552503196e-01 9.629641927951458624e-02 1.935520611315597050e-02
9.085015882292141187e-02 8.131801686190605061e-01 8.516726694310559898e-02 1.080240561491228705e-02
9.328025795617965465e-02 8.175720592772517392e-01 8.259708553755766569e-02 6.550597229010867578e-03
9.647073872630416991e-02 8.117200966831752407e-01 8.728964673320920020e-02 4.519517857311717082e-03
9.958854902599059700e-02 7.987463769371521138e-01 9.810611833143231819e-02 3.558955705424922400e-03
1.018685249337525217e-01 7.800111150922758307e-01 1.150122585058921676e-01 3.108101468079344648e-03
1.031241488217807811e-01 7.561126958851203117e-01 1.378302036894517857e-01 2.932951603647288453e-03
1.052587056422494838e-01 7.265947125151488439e-01 1.652271449716041785e-01 2.919436870997598344e-03
1.065111160026389059e-01 6.941751082281789609e-01 1.963953418853734978e-01 2.918433883808538298e-03
1.084544742923136268e-01 6.544682291507274430e-01 2.341479535505768816e-01 2.929343006382288846e-03
1.065578904730911519e-01 6.103671439263310683e-01 2.801391771209421067e-01 2.935788479635545196e-03
9.868595850880594600e-02 5.659912032845091368e-01 3.323410691448022702e-01 2.981769061882232844e-03
8.653030958281493490e-02 5.221883823452829754e-01 3.880818526066958096e-01 3.199455465206182958e-03
7.287153140136054530e-02 4.770859632019802121e-01 4.463834963495851849e-01 3.659009047074193027e-03
5.985978523183303063e-02 4.300978265094136388e-01 5.058590989762322687e-01 4.183289282521046246e-03
4.907508890557601283e-02 3.842789373675963294e-01 5.622063429361386921e-01 4.439630790688908410e-03
4.206295784947890887e-02 3.461058760165832138e-01 6.074738462798086047e-01 4.357319854129603973e-03
3.956782817982908151e-02 3.197785027859632034e-01 6.365210656924026322e-01 4.132603341805095830e-03
4.184463616165527006e-02 3.097009304544901531e-01 6.444415202496519557e-01 4.012913134202461540e-03
5.006923213509572451e-02 3.208255123111800056e-01 6.248549206504565579e-01 4.250334903267637479e-03
6.675988635613075428e-02 3.465090647175575467e-01 5.816777056152824255e-01 5.053343311029397621e-03
9.499099679932236640e-02 3.690807524260425465e-01 5.295230191421423926e-01 6.405231632492631999e-03
1.374661493493254116e-01 3.758928153092702118e-01 4.786167457645376100e-01 8.024289576866754439e-03
2.041425457936683896e-01 3.612618132664939807e-01 4.247829869990848439e-01 9.812653940752686862e-03
3.047282000657146606e-01 3.225567043265741840e-01 3.611286971519641620e-01 1.158639845574693794e-02
4.375082342222506582e-01 2.633367545915081820e-01 2.863780089892012937e-01 1.277700219704002924e-02
5.890864826862389769e-01 1.912304222027362000e-01 2.070012448976960850e-01 1.268185021332846572e-02
7.293246111223068429e-01 1.238902340309925021e-01 1.356701955146137062e-01 1.111495933208704254e-02
8.306908545091793439e-01 7.634391077662008862e-02 8.391356602690534794e-02 9.051668687295214358e-03
8.925494960746429562e-01 4.732137808463905693e-02 5.248691533082511240e-02 7.642210509893023612e-03
9.246843346347616288e-01 3.244212815464470046e-02 3.549932186556421787e-02 7.374215345029563884e-03
9.388864636493748916e-01 2.571996840285383987e-02 2.706027629753849847e-02 8.333291650232658998e-03
9.404474250319030393e-01 2.438656311263189339e-02 2.412001873462463197e-02 1.104599312084040760e-02
9.287962159311049515e-01 2.822444613352235315e-02 2.573234711524306426e-02 1.724699082012959989e-02
8.971626258698772727e-01 3.930166779953908618e-02 3.270065232578624193e-02 3.083505400479760045e-02
8.336929008646237760e-01 6.142885696905324433e-02 4.686267142687246257e-02 5.801557073945055182e-02
7.321435654990453568e-01 9.619170041855228115e-02 6.811462376390979567e-02 1.035501103184924415e-01
6.018184061939486629e-01 1.396271927924614964e-01 9.419311007382159817e-02 1.643612909397685617e-01
4.745294328284485053e-01 1.810464358812914343e-01 1.160161331698585652e-01 2.284079981204012733e-01
3.732353845862220187e-01 2.144410666064461013e-01 1.282622132290692218e-01 2.840613355782631300e-01
3.022228445046230005e-01 2.400719939146490345e-01 1.318693033181105034e-01 3.258358582626170175e-01
2.545926030626619596e-01 2.595728852246439455e-01 1.282113084872354147e-01 3.576232032254587079e-01
2.211774599740992664e-01 2.737864460558703805e-01 1.171718147289486089e-01 3.878642792410817441e-01
1.966612725806841655e-01 2.826690416965406683e-01 1.015566845702595145e-01 4.191130011525157073e-01
1.821881538685550528e-01 2.872928976576358817e-01 8.900537619522555510e-02 4.415135722785835104e-01
1.815817819165345404e-01 2.915052583130696706e-01 8.647104147639486649e-02 4.404419182940008115e-01
1.937461251395320161e-01 2.969655154962941856e-01 9.411279528234722802e-02 4.151755640818262094e-01
2.143446609575079265e-01 3.036286651939140713e-01 1.065345948606690879e-01 3.754920789879087617e-01
2.416090176619195284e-01 3.133342078105428863e-01 1.173570836824381208e-01 3.276996908450993118e-01
2.732847490089407305e-01 3.290586721812341353e-01 1.191107280703016941e-01 2.785458507395231487e-01
3.059692292789663592e-01 3.496197923237322480e-01 1.104774633900693637e-01 2.339335150072318348e-01
3.348624968274201974e-01 3.767002821034003412e-01 9.405748199728478087e-02 1.943797390718944307e-01
3.539079077945059271e-01 4.104432713489349904e-01 7.588214113822841500e-02 1.597666797183303899e-01
3.568280834265050716e-01 4.499072272049420285e-01 5.999261068407407693e-02 1.332720786844789340e-01
3.416763734338723046e-01 4.936559577215068328e-01 4.776014332336629004e-02 1.169075255212543019e-01
3.133311147790860396e-01 5.399308388185671825e-01 3.890396345916494886e-02 1.078340829431816972e-01
2.813489816142336619e-01 5.855273351049676833e-01 3.288160976843857580e-02 1.002420735123601969e-01
2.538074534574167318e-01 6.258136661092870145e-01 2.964055745925839661e-02 9.073832297403768010e-02
2.312938256192677011e-01 6.593979679528267912e-01 2.891563922468000369e-02 8.039256720322510152e-02
2.079018087923503177e-01 6.915103641704388737e-01 2.953752989905157264e-02 7.105029713815917691e-02
1.768185102003229370e-01 7.308769161210475485e-01 2.933513189190082443e-02 6.296944178672855830e-02
1.369352834665907570e-01 7.808629653364503875e-01 2.676179913324214926e-02 5.543995206371720580e-02
9.660289017386489152e-02 8.325261070370708616e-01 2.286821053347409122e-02 4.800279225559032914e-02
6.706962512910816243e-02 8.718878372806733168e-01 2.008768713978235573e-02 4.095485045043622402e-02
5.257087109877515985e-02 8.925458548275291282e-01 2.007366695517187258e-02 3.480960711852376654e-02
4.938527433758201773e-02 8.977808814848354801e-01 2.285078694609932876e-02 2.998305723148326704e-02
5.179978217420652675e-02 8.946987815771427766e-01 2.707612107118896605e-02 2.642531517746176187e-02
5.799111347030268260e-02 8.856161471883233771e-01 3.260102443816173534e-02 2.379171490321208005e-02
4.941931638092198625e-02 1.964053947905026742e-01 7.446610142541938426e-01 9.514274574381080540e-03
5.386869548502811605e-02 1.524852696356141790e-01 7.867431142823178014e-01 6.902920597040014539e-03
6.431303802385285318e-02 1.242263394150588673e-01 8.056857498190868050e-01 5.774872742001673984e-03
8.403212242705912494e-02 1.099031027647082853e-01 8.004112070478182073e-01 5.653567760414561147e-03
1.176261617889559769e-01 1.064605745955311267e-01 7.697054638034618312e-01 6.207799812050877018e-03
1.675947383477395525e-01 1.104187483455086050e-01 7.148339263803530352e-01 7.152586926398788250e-03
2.284879042236509783e-01 1.177191703830912234e-01 6.456924614286357889e-01 8.100463964622082319e-03
2.891915727927157342e-01 1.253468033328804243e-01 5.766886270884163945e-01 8.772996785987467738e-03
3.461720218957075046e-01 1.310866112002239126e-01 5.133553376323463091e-01 9.386029271722466302e-03
3.929896530535725852e-01 1.371759864815310648e-01 4.594162696106673383e-01 1.041809085422888692e-02
4.225012370967339281e-01 1.435040280591899087e-01 4.217593865783917928e-01 1.223534826568435652e-02
4.284691751623301847e-01 1.509893344757254618e-01 4.053209488999369170e-01 1.522054146200766539e-02
4.167570378056884017e-01 1.564048699038066426e-01 4.073251873575092774e-01 1.951290493299594198e-02
3.979121145607539822e-01 1.570354573323347602e-01 4.202076050780993444e-01 2.484482302881198257e-02
3.824323449754847837e-01 1.525796060069970206e-01 4.344762518585745803e-01 3.051179715894372646e-02
3.746363534223029479e-01 1.442184366212818369e-01 4.447478598411647721e-01 3.639735011525074143e-02
3.732232436827120359e-01 1.332950720246221521e-01 4.500193922090534038e-01 4.346229208361233887e-02
3.785643878500351556e-01 1.183370839777454775e-01 4.512537070603112599e-01 5.184482111190812786e-02
3.892511109415691117e-01 1.026565545380138111e-01 4.473720524667066378e-01 6.072028205371011317e-02
4.072253883079912096e-01 8.605405139399296965e-02 4.365686451624904985e-01 7.015191513552539171e-02
4.270686096140028365e-01 7.002234711347508911e-02 4.218652637000829264e-01 8.104377957243891206e-02
4.439406227761812374e-01 5.625132088217978110e-02 4.064238101237512835e-01 9.338424621788787849e-02
4.576899234651971571e-01 4.643346165929961022e-02 3.923353814075605794e-01 1.035412334679426255e-01
5.865994895859105718e-01 2.253283305523190727e-01 2.719486523019072968e-02 1.608773146315794489e-01
6.006174562853030530e-01 2.263330418380541942e-01 1.964259577904080636e-02 1.534069060976020749e-01
6.071940536191305915e-01 2.270200359927325162e-01 1.454884854671952173e-02 1.512370618414174972e-01
5.995436990985419934e-01 2.317185289481095423e-01 1.083972599274059430e-02 1.578980459606081077e-01
5.656450697498173197e-01 2.527010936522882667e-01 8.718289241351732596e-03 1.729355473565425683e-01
4.928522000874404063e-01 3.112364831189909919e-01 8.144851028280270314e-03 1.877664657652881874e-01
3.802652886557839618e-01 4.237386586090234886e-01 8.021917166875136909e-03 1.879741355683175741e-01
2.462722140014074745e-01 5.818249014813808850e-01 7.266693407025797899e-03 1.646361911101860420e-01
1.336682525152801948e-01 7.333371349323187793e-01 5.827495879707950827e-03 1.271671166726927593e-01
6.617294023528016989e-02 8.374901522545381560e-01 4.517145690056213747e-03 9.181976182012546728e-02
3.288045517728285100e-02 8.987477013419529204e-01 3.603948543435983760e-03 6.476789493732851288e-02
1.761541026443372640e-02 9.326313603905472815e-01 3.071155617406790082e-03 4.668207372761262047e-02
9.940529238289929487e-03 9.507554173100519757e-01 2.816238011235414063e-03 3.648781544042270508e-02
5.906519865718119419e-03 9.595863878156820626e-01 2.659744846520634750e-03 3.184734747207897121e-02
3.577134087206277398e-03 9.632239035318094222e-01 2.434458879833846859e-03 3.076450350115017898e-02
2.235023551162575259e-03 9.629642779868750058e-01 2.128135563582770912e-03 3.267256289837949801e-02
1.524990145707390754e-03 9.575882600722699367e-01 1.838874583807689365e-03 3.904787519821496800e-02
1.235405934434243925e-03 9.421962333305976545e-01 1.657623293469792950e-03 5.491073744149823493e-02
1.320093490847579643e-03 9.064228089967445445e-01 1.643647253602540043e-03 9.061345025880521153e-02
1.107241694444132318e-03 8.387096389925595696e-01 1.688263396252949033e-03 1.584948559167437265e-01
1.158774615122622979e-03 7.414643601464188105e-01 1.713608559594670877e-03 2.556632566788642480e-01
1.169407145909193927e-03 6.466531119963906393e-01 1.575861823922589458e-03 3.506016190337775673e-01
1.168019798789491975e-03 5.871232620700566063e-01 1.350422001010405946e-03 4.103582961301430743e-01
1.233520622296598035e-03 5.689440006890642554e-01 1.188775687471409865e-03 4.286337030011676541e-01
1.437546294990161904e-03 5.788851114495184857e-01 1.152902789201697403e-03 4.185244394662898659e-01
1.896408014312593463e-03 5.943007762112012538e-01 1.272655168664060723e-03 4.025301606058221959e-01
2.738452618201629371e-03 5.931395530318086529e-01 1.536369198215700033e-03 4.025856251517740958e-01
4.110106655623545560e-03 5.734364926517095951e-01 1.912981489036669463e-03 4.205404192036301669e-01
6.641882813654051247e-03 5.559065699993255283e-01 2.530908060144575634e-03 4.349206391268756744e-01
1.189109408333786574e-02 5.509208618087803044e-01 3.637938962369952674e-03 4.335501051455119548e-01
2.213430931734195611e-02 5.431537368084129458e-01 5.608617953568353388e-03 4.291033359206768982e-01
3.642425560589390016e-02 5.245157056049540856e-01 7.431781447557181570e-03 4.316282573415947121e-01
5.714103699798724068e-02 5.029727886393680070e-01 1.075378986470344397e-02 4.291323844979412772e-01
8.568894447787649138e-02 4.986486543621670986e-01 1.642667570272001928e-02 3.992357254572362901e-01
1.269275550786682083e-01 5.130508359158493237e-01 2.616184180430413883e-02 3.338597672011783257e-01
1.926906601974223976e-01 5.164143572591866072e-01 4.385654292034934371e-02 2.470384396230413115e-01
2.876452746370560254e-01 4.722218250392160033e-01 7.462785359037625577e-02 1.655050467333520903e-01
3.774942347066730375e-01 3.925668592312089311e-01 1.243799723962703552e-01 1.055589336658475375e-01
4.171048880229081268e-01 3.066610822123581048e-01 2.056977055325850401e-01 7.053632423214863112e-02
3.952235881579000965e-01 2.235656140169266504e-01 3.291702166076639902e-01 5.204058121750934629e-02
3.140312293754082273e-01 1.547406015699185899e-01 4.886018594978373542e-01 4.262630955683564121e-02
2.120614066126838282e-01 1.021026253962299124e-01 6.474461486342610872e-01 3.838981935682512364e-02
1.303067026505452253e-01 6.534561307772274175e-02 7.655235496424275254e-01 3.882413462930436876e-02
7.963728999865583857e-02 4.481761898429052066e-02 8.280732846987732820e-01 4.747180631828039343e-02
5.227637831213879926e-02 3.371685525194201283e-02 8.450653531617331460e-01 6.894141327418605580e-02
3.858494088736432598e-02 2.773866464375872656e-02 8.287809646721610024e-01 1.048954297967157057e-01
3.165042815805881732e-02 2.453984852778398618e-02 7.927237031441694004e-01 1.510860201699881777e-01
2.827865023635801889e-02 2.325674878530236203e-02 7.445764075271618099e-01 2.038881934511775074e-01
2.679669430207620717e-02 2.303716171932356643e-02 6.871057216706971671e-01 2.630604223079029969e-01
2.605850333113756898e-02 2.316433086912516801e-02 6.224659742197712342e-01 3.283111915799661884e-01
2.490275250573766377e-02 2.314701660902274832e-02 5.520702030815008987e-01 3.998800278037389910e-01
2.251647233908765297e-02 2.261885892414151542e-02 4.774177733606079777e-01 4.774468953761630274e-01
1.927913221534525642e-02 2.188519204154209738e-02 4.026919358361630841e-01 5.561437399069495413e-01
1.648577463020745384e-02 2.186178763175741779e-02 3.335806072604836081e-01 6.280718304775514405e-01
1.472144314435627939e-02 2.274890117625390923e-02 2.678968364441192684e-01 6.946328192352705377e-01
1.425839616650974827e-02 2.450399159369216068e-02 2.104018703805402568e-01 7.508357418592578325e-01
1.572949313338677102e-02 2.762483369526920127e-02 1.710961771995054004e-01 7.855494959718386516e-01
2.009633981858894095e-02 3.280088488508179495e-02 1.512848561897295052e-01 7.958179191065996028e-01
2.853875902787900848e-02 4.052781378026754783e-02 1.446494211020001308e-01 7.862840060898532712e-01
4.213140438238142244e-02 5.100551377873868697e-02 1.424858370442006750e-01 7.643772447946796111e-01
6.315693205772361651e-02 6.412857968900220751e-02 1.404990346153804914e-01 7.322154536378939760e-01
9.347105637033342740e-02 8.284461404019997921e-02 1.375332639127350154e-01 6.861510656767317862e-01
1.365999502763074469e-01 1.070394229491432453e-01 1.314852213989045615e-01 6.248754053756448990e-01
1.982898851819995256e-01 1.318283662338468054e-01 1.232408944251185967e-01 5.466408541590349612e-01
2.843694802169835500e-01 1.525968180267444352e-01 1.125080081093294548e-01 4.505256936469429485e-01
3.940922217943569894e-01 1.615087569637790044e-01 9.847487327640361277e-02 3.459241479654606155e-01
5.102025200342125144e-01 1.541713895716411153e-01 8.392198950827740866e-02 2.517041008858689755e-01
6.106374316143559078e-01 1.354280084193924538e-01 7.092788907201105775e-02 1.830066708942408860e-01
6.888996852233248980e-01 1.139259615526014152e-01 5.841550292449382287e-02 1.387588502995798223e-01
7.467258263257550155e-01 9.523697492552450627e-02 4.676125997772020287e-02 1.112759387710005460e-01
7.851199246096024487e-01 8.224135700467331833e-02 3.856000683146323244e-02 9.407871155426121568e-02
8.095294628675072657e-01 7.434708560545925937e-02 3.442305957717133741e-02 8.170039194986213060e-02
8.305341756010948817e-01 6.716238104944126375e-02 3.133600479051270454e-02 7.096743855895124020e-02
8.512416523441058702e-01 5.947657935579033633e-02 2.848799175285100793e-02 6.079377654725239000e-02
8.710472486106661805e-01 5.205332125956851907e-02 2.547088203090300956e-02 5.142854809886224926e-02
8.830576301854911048e-01 4.772607322304667915e-02 2.284216739953441253e-02 4.637412919192766825e-02
8.762773636761117535e-01 5.006842630120428989e-02 2.163619627406253992e-02 5.201801374862153465e-02
8.335638818345606493e-01 6.327075783290971034e-02 2.341499297248871014e-02 7.975036736004081916e-02
7.302058260081389918e-01 8.865976096290267838e-02 2.869684496770264978e-02 1.524375680612560791e-01
5.539911165095458001e-01 1.137157481255909319e-01 3.520106997614746297e-02 2.970920653887160201e-01
3.508784223470832186e-01 1.139964960313938069e-01 3.763557178413501347e-02 4.974895098373882107e-01
1.911306713214027675e-01 8.980303805774189629e-02 3.327916813405304430e-02 6.857871224868022919e-01
9.794163425325262684e-02 6.143608129396764539e-02 2.554342190658987627e-02 8.150788625461899972e-01
5.391353972394462984e-02 4.234562097440492529e-02 1.974159963931143916e-02 8.839992396623388426e-01
3.641688928957919485e-02 3.332507462130541304e-02 1.741339173955627068e-02 9.128446443495589202e-01
3.049492030430268549e-02 3.041909047727167983e-02 1.729746724970710262e-02 9.217885219687185216e-01
2.866780793907290278e-02 3.027909536199394416e-02 1.764632489574596494e-02 9.234067718031874206e-01
2.747108443605904282e-02 3.088032478290967178e-02 1.720531488988195565e-02 9.244432758911494963e-01
2.558033013586998722e-02 3.115507769484688813e-02 1.569670505768921628e-02 9.275678871115941027e-01
