5.702067031045762041e-02 1.298316140396730545e-01 1.870123671309461763e-02 7.944464789367747803e-01
1.150085602673509844e-01 1.008455110986806319e-02 2.549198129569250210e-03 8.723576904932118792e-01
1.026930859619624159e-01 7.916620991653718423e-03 2.613596020857954401e-03 8.867766970255261949e-01
9.018722532711447026e-02 6.309047988897137707e-03 2.871628326683145147e-03 9.006320983573050665e-01
7.751190589340657688e-02 5.051846472242161636e-03 3.244556738776618009e-03 9.141916908955743937e-01
6.668145117442235426e-02 4.134060457971935713e-03 3.660457985294472954e-03 9.255240303823112358e-01
6.036386452147140397e-02 3.658227029147918027e-03 4.153610689664917477e-03 9.318242977597156473e-01
5.966920048206753036e-02 3.693665354621972902e-03 4.857245981798921294e-03 9.317798881815116951e-01
6.437309293118356757e-02 4.326981221257173750e-03 5.975786612947066659e-03 9.253241392346122085e-01
7.476649845086287549e-02 5.894595120202218708e-03 7.964369120842055769e-03 9.113745373080927026e-01
9.105921028614739898e-02 1.024310128898700198e-02 1.231546323320062072e-02 8.863822251916647632e-01
1.064607403880768188e-01 1.735676243349999759e-02 1.958474491694282490e-02 8.565977522614802719e-01
1.099246008096583377e-01 2.872253932932506554e-02 3.078555130025486392e-02 8.305673085607613304e-01
1.043283321217816778e-01 4.631389212846829390e-02 4.775401593865939015e-02 8.016037598110907769e-01
9.679828048544630859e-02 7.341168854578068725e-02 7.268087742931984840e-02 7.571091535394530725e-01
9.043716773633479755e-02 1.131776614265129488e-01 1.073926571469256963e-01 6.889925136902266267e-01
8.473562921056682073e-02 1.646164168473049638e-01 1.518233022659366271e-01 5.988246516761920324e-01
7.870833079587410963e-02 2.192623993178175468e-01 2.039317760585054595e-01 4.980974938278026620e-01
7.339506996961034369e-02 2.688338448672197845e-01 2.652451669033151771e-01 3.925259182598547780e-01
6.992450590036052016e-02 3.068728532615718763e-01 3.456447885159311673e-01 2.775578523221362559e-01
6.704431613236115639e-02 3.101157305171790002e-01 4.600110646641953904e-01 1.628288886862642448e-01
6.100508440634495877e-02 2.670075816187864048e-01 5.902891498727922404e-01 8.169818410207618786e-02
5.350233058272874792e-02 2.160367305844898000e-01 6.879732513381580095e-01 4.248768749462347727e-02
4.863644140998455573e-02 1.864837584865008946e-01 7.378106012263471181e-01 2.706919887716745243e-02
4.783221510076894611e-02 1.786992424788595157e-01 7.514771729036966441e-01 2.199136951667482812e-02
5.095481076960056699e-02 1.843602651974944884e-01 7.427233834298622162e-01 2.196154060304282216e-02
5.842599922616872193e-02 1.974214430867243797e-01 7.196643851911271872e-01 2.448817249597971812e-02
7.217833338843575308e-02 2.125354723110898514e-01 6.885936578691951304e-01 2.669253643127969186e-02
9.462778614728220572e-02 2.254756228333245349e-01 6.538271988308487215e-01 2.606939218854458992e-02
1.361922112422092324e-01 2.350337388789902060e-01 6.055719387126707876e-01 2.320211116612933347e-02
2.194858054041833872e-01 2.432946982359048549e-01 5.164164069956803660e-01 2.080308936423123575e-02
3.830738598516501003e-01 2.392906980114628268e-01 3.579811584022670745e-01 1.965428373461994283e-02
5.986078657760210975e-01 2.058556253943663039e-01 1.787714652491559364e-01 1.676504358045653731e-02
7.227205271111495355e-01 1.857712545193563047e-01 7.588355734382871975e-02 1.562466102566547471e-02
7.225197500177353849e-01 2.136926193583280342e-01 4.108415552811677668e-02 2.270347509581966544e-02
6.365572052658973190e-01 2.828181390130050654e-01 3.265327915851712337e-02 4.797137656258046445e-02
4.900066179715682479e-01 3.636310639666624489e-01 3.280925838370299386e-02 1.135530596780665868e-01
3.370950235696913988e-01 3.858782417156004785e-01 3.300191996865661087e-02 2.440248147460511441e-01
2.198751797314574263e-01 3.180441284954648173e-01 3.163055212266705635e-02 4.304501396504104016e-01
1.380635135975558370e-01 2.177676031472472462e-01 2.767379987576234351e-02 6.164950833794345941e-01
8.727532883354796600e-02 1.371402231033547747e-01 2.323399786222068997e-02 7.523504502008767636e-01
6.076451311005031525e-02 8.930247706226064619e-02 2.089856951315826813e-02 8.290344403145309959e-01
4.787218831742814235e-02 6.433613434807385068e-02 2.103676382918996321e-02 8.667549135053081999e-01
3.874020687878791669e-02 4.850837692370884441e-02 2.212421796341529009e-02 8.906271982340879800e-01
2.800952792536469740e-02 3.350839360651753501e-02 2.167918348736153425e-02 9.168028949807559558e-01
1.822753671452530602e-02 2.117644375592550587e-02 2.014076351272089255e-02 9.404552560168283337e-01
1.269730885927697339e-02 1.472763416430059209e-02 2.036364845260914616e-02 9.522114085238135850e-01
1.047270259639135857e-02 1.261144869514230216e-02 2.300964533141452995e-02 9.539062033770516758e-01
1.002883131617726686e-02 1.286485224129043509e-02 2.719921380684018480e-02 9.499071026356921132e-01
1.047381416080532361e-02 1.446986107064745890e-02 3.175431224974272632e-02 9.433020125188046334e-01
1.114379733103489437e-02 1.678722507711921316e-02 3.554584744300477717e-02 9.365231301488410320e-01
1.170293883526984415e-02 1.955750197962008788e-02 3.847629341396246322e-02 9.302632657711479292e-01
1.206271559238540451e-02 2.270033677675439149e-02 4.116818264135050504e-02 9.240687649895096278e-01
1.230622052918587360e-02 2.619532762429738898e-02 4.442004163708929143e-02 9.170784102094277079e-01
1.260317966131588308e-02 3.005842077697909454e-02 4.901640000506705258e-02 9.083219995566379490e-01
1.302515867957435014e-02 3.404977909892770160e-02 5.538948036170211753e-02 8.975355818597963165e-01
1.351807411811622485e-02 3.750895342108997998e-02 6.360955047395910888e-02 8.853634219868348199e-01
1.404182681916473982e-02 3.973984306466494393e-02 7.370937117936343652e-02 8.725089589368066889e-01
1.467903787779395973e-02 4.099318787059814256e-02 8.558905694645552176e-02 8.587387173051520550e-01
1.542099741348357776e-02 4.215379366825282997e-02 9.823058341906892865e-02 8.441946254991945509e-01
1.555867697305387230e-02 4.246022042102664401e-02 1.070862999002700905e-01 8.348948027056491972e-01
1.454423603771345767e-02 4.078594383811503382e-02 1.077892870216592275e-01 8.368805331025122030e-01
1.281250523092699288e-02 3.759924032428562518e-02 1.013445640455292868e-01 8.482436903992579547e-01
1.107000565807573361e-02 3.421009624727825577e-02 9.163714541981485273e-02 8.630827526748312550e-01
9.645431579118466173e-03 3.150529719094440767e-02 8.143276228534951366e-02 8.774165089445872256e-01
8.566040654729854126e-03 2.973708024357456237e-02 7.202017544393218840e-02 8.896767036577635235e-01
7.788872184740848123e-03 2.883414369137185171e-02 6.412258315429983369e-02 8.992544009695874196e-01
7.277269088865469075e-03 2.853748336248899259e-02 5.769050878874058125e-02 9.064947387599050499e-01
6.801885393161864746e-03 2.797057984063363104e-02 5.057273999538604292e-02 9.146547947708185688e-01
6.161064975490598838e-03 2.649329450240166944e-02 4.168127236996784640e-02 9.256643681521399269e-01
5.325434436582326264e-03 2.412029385780752044e-02 3.207361081964176658e-02 9.384806608859682653e-01
4.314871957101940741e-03 2.097132608248507973e-02 2.293525056084952038e-02 9.517785513995637992e-01
3.423545700774023072e-03 1.272720863066765899e-02 4.631029134318386670e-02 9.375389543253744851e-01
1.640566886375622452e-02 2.481316737165745190e-02 2.430500107155656730e-01 7.157311530490206852e-01
1.404285851333313129e-02 2.379331978993450697e-02 2.135138211020693177e-01 7.486500005946633562e-01
1.263319129574372139e-02 2.499472579465500041e-02 1.870302782787889861e-01 7.753418046308124811e-01
1.211411581811539309e-02 2.950472407203559230e-02 1.662674427448145864e-01 7.921137173650345531e-01
1.279401757387029111e-02 4.007797916818919837e-02 1.565260300066295407e-01 7.906019732513109854e-01
1.565569627879030701e-02 6.337896327347698755e-02 1.665792609502496080e-01 7.543860794974829309e-01
2.221352781447014785e-02 1.071273672630677076e-01 2.037222441908966564e-01 6.669368607315657727e-01
3.096803016767371575e-02 1.676170489897041982e-01 2.570193028873114516e-01 5.443956179553105512e-01
3.944188732245466206e-02 2.250902716176313989e-01 3.050710688142720395e-01 4.303967722456416012e-01
4.823039581011687865e-02 2.703911410978849794e-01 3.443324251653852031e-01 3.370460379266129181e-01
5.874910833198590532e-02 3.112345736042707034e-01 3.798003977820646471e-01 2.502159202816787720e-01
7.056511200165146991e-02 3.511820338046701684e-01 4.102359210000354750e-01 1.680169331936429977e-01
8.127824536392785904e-02 3.847230336164629838e-01 4.295665017154028376e-01 1.044322193042064029e-01
8.936809542733172018e-02 4.033865902173507378e-01 4.424133532459783025e-01 6.483196110933941991e-02
9.354308441075488700e-02 4.017684952371262108e-01 4.612945735515910362e-01 4.339384680052756071e-02
9.216802738379714643e-02 3.829744106310563612e-01 4.923946886701204839e-01 3.246287331502592521e-02
8.565784741599341556e-02 3.545691242445195290e-01 5.329629045733533799e-01 2.681012376613388717e-02
7.694765373943006359e-02 3.225875062236808200e-01 5.765969243515550735e-01 2.386791568533385560e-02
6.990947128307879732e-02 2.919057056601201960e-01 6.155643477456670398e-01 2.262047531113373783e-02
6.782165320717734036e-02 2.674133845180007296e-01 6.420377082107285860e-01 2.272725406409330240e-02
7.365634444162007244e-02 2.546324641701498970e-01 6.475517865199654777e-01 2.415940486826449046e-02
9.152627567315958779e-02 2.572195673572962860e-01 6.238424390171470879e-01 2.741171795239708692e-02
1.236764349459650303e-01 2.733469693452561522e-01 5.683692644396634019e-01 3.460733126911540863e-02
1.712040035978878716e-01 2.913516576684406223e-01 4.872362790757114870e-01 5.020805965796006076e-02
2.246590622468821741e-01 2.961233464322376996e-01 3.993494609826055419e-01 7.986813033827444563e-02
2.695226238894785076e-01 2.794781123365692177e-01 3.230746511334656179e-01 1.279246126404862682e-01
2.919043687755293881e-01 2.476971366645918660e-01 2.653293584249311055e-01 1.950691361349475572e-01
2.949097245877553841e-01 2.036231129101951365e-01 2.255657228043842499e-01 2.759014396976652850e-01
2.807799004804992227e-01 1.636412937584277028e-01 1.959845971237649254e-01 3.595942086373080659e-01
2.555833566943873647e-01 1.312365033623130728e-01 1.782394937767416698e-01 4.349406461665581425e-01
2.277708702743855007e-01 1.083436816458173690e-01 1.693733335459138845e-01 4.945121145338834401e-01
2.032279450842567614e-01 9.300114360178739215e-02 1.649831038435332353e-01 5.387878074704224307e-01
1.835913702801472702e-01 8.145268383094232678e-02 1.594577874337247403e-01 5.754981584551858154e-01
1.681130394440661924e-01 7.343676661835932262e-02 1.500186583074849256e-01 6.084315356300896704e-01
1.567139412117016795e-01 6.785725791031176068e-02 1.400603385934385547e-01 6.353684622845479080e-01
1.477778462546436855e-01 6.348252455254685400e-02 1.310556823840454688e-01 6.576839468087638529e-01
1.378860144029121215e-01 5.867653383467110600e-02 1.197542638503060475e-01 6.836831879121109123e-01
1.299573280081732507e-01 5.294834405136877170e-02 1.081298630343253131e-01 7.089644649061328519e-01
1.346035798830359231e-01 5.158450438733668680e-02 1.042578961987811192e-01 7.095540195308461806e-01
1.564231187464423245e-01 5.462179393791471993e-02 1.071787503279208742e-01 6.817763369877223312e-01
1.940580824700265661e-01 5.846744647967388325e-02 1.094816510210807059e-01 6.379928200292187546e-01
2.495856105011951820e-01 6.113261468872045745e-02 1.089870791713810488e-01 5.802946956387030619e-01
3.253111629372775759e-01 6.240182439655646979e-02 1.069708831890110595e-01 5.053161294771552070e-01
4.104126023645873200e-01 6.286261444021939981e-02 1.049184592737249233e-01 4.218063239214681626e-01
4.816790413818649030e-01 6.334285047355846243e-02 1.034405296092335419e-01 3.515375785353430649e-01
5.290979921149304710e-01 6.497515383730412264e-02 1.038611578768302152e-01 3.020656961709355381e-01
5.605288110183892503e-01 6.880159679344728663e-02 1.078951736799122485e-01 2.627744185082508399e-01
5.839642679912884216e-01 7.494887489902586630e-02 1.146753176951636477e-01 2.264115394145222449e-01
5.981655576857989320e-01 8.295743829010970849e-02 1.223295364169649374e-01 1.965474676071262694e-01
5.961607951910661285e-01 9.347027389556307464e-02 1.336081512998951726e-01 1.767607796134750275e-01
5.698840234022615192e-01 1.080313605487653594e-01 1.552966293144522614e-01 1.667879867345206379e-01
5.151724084882021160e-01 1.279483399014726686e-01 1.940494759772672384e-01 1.628297756330579493e-01
4.452241143597426287e-01 1.497135729010666549e-01 2.484797519648038744e-01 1.565825607743873693e-01
3.634709376163758887e-01 1.726890630674810245e-01 3.240684397284000484e-01 1.397715595877430661e-01
2.773201042694563023e-01 1.895032375563153737e-01 4.229817844292101947e-01 1.101948737450180876e-01
1.948649137688462096e-01 1.907909273001069939e-01 5.372784583321814633e-01 7.706570059886561075e-02
1.284019748613565715e-01 1.787418918638871423e-01 6.423016310238081061e-01 5.055450225094814537e-02
8.661134635864253806e-02 1.609747224988313241e-01 7.192023297571322749e-01 3.321160138539371726e-02
6.553923679652150225e-02 1.440888581765996102e-01 7.676392253623531836e-01 2.273267966452568317e-02
5.860637988502495621e-02 1.305765274400049469e-01 7.944147768774048046e-01 1.640231579756500774e-02
6.517788704884522333e-02 1.235169248166644862e-01 7.985758190540983570e-01 1.272936908039166981e-02
8.829872514951700446e-02 1.274796017467302034e-01 7.732686350299046163e-01 1.095303807384804401e-02
1.356796733484056938e-01 1.448164105510632849e-01 7.090078776541717254e-01 1.049603844635939656e-02
2.131954287772367396e-01 1.705588266626311966e-01 6.057640615322481548e-01 1.048168302788411721e-02
3.116294038788711140e-01 1.926698712174186034e-01 4.856638042643071640e-01 1.003692063940303178e-02
4.086738268875736990e-01 2.031943861561393005e-01 3.790553851334989011e-01 9.076401822787915491e-03
4.865870443800398570e-01 2.047802066913679830e-01 3.005662310612498556e-01 8.066517867342363340e-03
5.414610176032242927e-01 2.025239353362760786e-01 2.486579244013063239e-01 7.357122659193327321e-03
5.804070547136183089e-01 1.977192714539139917e-01 2.148522890213858116e-01 7.021384811081549451e-03
6.157330402445597706e-01 1.889870608116286377e-01 1.885490802546608557e-01 6.730818689150977994e-03
6.531619716688832344e-01 1.750098871153096258e-01 1.656942894300588165e-01 6.133851785748125479e-03
2.127712074176144053e-02 6.339701227965232055e-01 3.132497938486962785e-01 3.150296261301915174e-02
3.804064183880721539e-01 5.723007865584641696e-01 3.958041586659003658e-02 7.712379186873951319e-03
4.233723240460438575e-01 5.233247832733152194e-01 4.523528693844871412e-02 8.067605742191851642e-03
4.593882329387884433e-01 4.830586123890451278e-01 4.937906513845355394e-02 8.174089533712989436e-03
4.743435082233555811e-01 4.672927086309643374e-01 5.049949146459512678e-02 7.864291681085175054e-03
4.630237276742552033e-01 4.806301690454924946e-01 4.910410470874903427e-02 7.241998571503557511e-03
4.292278295251464315e-01 5.169886760376350976e-01 4.721993981924522965e-02 6.563554617973092926e-03
3.823879173466050441e-01 5.661677933712494504e-01 4.556399515114484960e-02 5.880294131000629067e-03
3.321904952560441049e-01 6.194203391438534156e-01 4.331627572000976145e-02 5.072889880092642557e-03
2.775424314469491782e-01 6.782712442736580361e-01 4.002291395178771138e-02 4.163410327604788116e-03
2.230292377904349033e-01 7.383214542453067075e-01 3.543090927745577018e-02 3.218398686802444696e-03
1.750695019715137468e-01 7.910336055680424749e-01 3.142003626814771772e-02 2.476856192295922611e-03
1.439467049423324152e-01 8.241995795064646080e-01 2.980680151746407588e-02 2.046914033738928256e-03
1.270277841515673189e-01 8.398027522944854217e-01 3.125829602967487159e-02 1.911167524272232689e-03
1.189751772080578918e-01 8.440651546545143713e-01 3.498923432120176064e-02 1.970433816226005788e-03
1.128603055187445831e-01 8.458057741132337659e-01 3.922073668128858021e-02 2.113183686732891722e-03
1.074632222977805474e-01 8.475159164286860669e-01 4.276360429521854079e-02 2.257256978314936460e-03
1.006156137133039086e-01 8.523569175096354922e-01 4.473204200752382148e-02 2.295426769536711847e-03
9.369571839352985876e-02 8.569223062954779424e-01 4.711520252284267379e-02 2.266772788149200215e-03
8.780097573297525326e-02 8.578281743869593523e-01 5.212854943035077210e-02 2.242300449714552078e-03
8.370227784891617895e-02 8.528575488097016599e-01 6.117843964388595263e-02 2.261733697496510348e-03
8.306452623753762809e-02 8.390564553557692262e-01 7.550846997759649848e-02 2.370548429096609906e-03
8.763075895095741308e-02 8.134884703321384469e-01 9.627672628390739062e-02 2.604044432996758911e-03
9.858541555230997122e-02 7.733159229732610163e-01 1.251050961296686637e-01 2.993565344760074336e-03
1.163713052106429419e-01 7.147592108121091359e-01 1.652426877855276144e-01 3.626796191720315678e-03
1.361189427179728684e-01 6.459072056949103358e-01 2.134760390397356933e-01 4.497812547381061822e-03
1.532860779083312919e-01 5.856379381098969494e-01 2.556860159194816462e-01 5.389968062290246935e-03
1.619558416450369853e-01 5.463416193005619093e-01 2.854912582845464675e-01 6.211280769854533867e-03
1.633229615923107725e-01 5.248733148120005021e-01 3.048913382166661967e-01 6.912385379022938960e-03
1.589958911143924680e-01 5.158635499039359029e-01 3.176712822096946498e-01 7.469276771976831805e-03
1.505730830832167078e-01 5.153453586499684436e-01 3.262158720362762776e-01 7.865686230538685569e-03
1.396703555411770714e-01 5.223400509445267348e-01 3.298197531274172922e-01 8.169840386878570240e-03
1.289115317296913865e-01 5.377547265067632587e-01 3.248284639785082861e-01 8.505277785036917740e-03
1.200373200949929192e-01 5.620949953057278181e-01 3.090188715618285564e-01 8.848813037450910940e-03
1.136499154996291477e-01 5.900054858306020833e-01 2.871296964853215505e-01 9.214902184446895766e-03
1.102553174230080507e-01 6.156683478876893156e-01 2.644046081987430075e-01 9.671726490559365980e-03
1.100829286402340013e-01 6.374249235133445657e-01 2.422335265994616238e-01 1.025862124695976069e-02
1.128194970384936990e-01 6.563254361598123143e-01 2.198817730777030410e-01 1.097329372399131683e-02
1.171506992379644230e-01 6.761769512677259231e-01 1.950068893048367558e-01 1.166546018947298147e-02
1.216334851305228559e-01 7.013495109758701718e-01 1.649941102944626203e-01 1.202289359914441441e-02
1.268346624078423301e-01 7.264512546167095630e-01 1.346433535613207055e-01 1.207072941412764069e-02
1.355252180219273794e-01 7.403795649938860191e-01 1.118594555280618130e-01 1.223576145612459767e-02
1.477662436101334631e-01 7.435519766924872931e-01 9.613288508347868355e-02 1.254889461390018036e-02
1.622687065867101097e-01 7.402546414342303649e-01 8.459379827838493793e-02 1.288285370067461869e-02
1.788260226541931452e-01 7.314004365367968719e-01 7.642495982549236955e-02 1.334858098351779897e-02
1.983032357049279160e-01 7.153843935746595495e-01 7.207706616458657567e-02 1.423530455582553561e-02
2.204673632399131722e-01 6.926932212487498797e-01 7.122515209357484223e-02 1.561426341776215795e-02
2.455753329544161367e-01 6.645543005558179894e-01 7.258320188679502627e-02 1.728716460297069490e-02
2.695488967172262051e-01 6.375375960510858420e-01 7.398791678833217811e-02 1.892559044335575397e-02
2.927178947230906214e-01 6.118575358918774132e-01 7.511761552937701314e-02 2.030695385565458796e-02
3.128992508270088124e-01 5.892948216965732122e-01 7.642770560010946068e-02 2.137822187630837936e-02
3.278410158713178646e-01 5.720238706852830424e-01 7.809543223902502829e-02 2.203968120437386699e-02
3.370169883661888743e-01 5.604427681837260700e-01 8.025282532160049609e-02 2.228741812848444165e-02
3.414021027330956803e-01 5.534952165372144517e-01 8.282221628385469381e-02 2.228046444583483762e-02
3.426547643938016585e-01 5.507468839448901310e-01 8.450735471942004418e-02 2.209099694188834673e-02
3.432629989763804623e-01 5.512441553649536363e-01 8.376648201310706032e-02 2.172636364555871613e-02
3.454864602497436099e-01 5.527415421542385410e-01 8.051362180455370887e-02 2.125837579146392167e-02
3.514705809261001734e-01 5.521970542594849540e-01 7.560568977240972321e-02 2.072667504200495156e-02
3.631138671563089448e-01 5.466147679794661762e-01 7.013583909594957311e-02 2.013552576827543766e-02
3.807113366300796109e-01 5.359457485195432414e-01 6.406506638703442225e-02 1.927784846334256244e-02
4.027735941217712168e-01 5.238925421859780274e-01 5.566010607246749814e-02 1.767375761978295240e-02
4.280838317826222150e-01 5.121252569905312413e-01 4.462101305924560946e-02 1.516989816760090128e-02
4.561027115727113723e-01 4.973498724100356982e-01 3.412016411446000541e-02 1.242725190279272626e-02
4.874035094245969812e-01 4.755416527273365057e-01 2.681468550767863654e-02 1.024015234038782966e-02
5.240637785079459432e-01 4.442965148396854080e-01 2.278036492308472064e-02 8.859341729284028744e-03
5.689491969868987198e-01 4.024396675387139077e-01 2.063872694847541933e-02 7.972408525912015598e-03
6.225594732550764343e-01 3.511808339321038086e-01 1.906965589206493020e-02 7.190036920754810414e-03
6.803830250144028424e-01 2.958200474427301607e-01 1.744440314329608055e-02 6.352524399570702064e-03
7.358198901391979074e-01 2.429108138350283830e-01 1.577697631581150353e-02 5.492319709962110649e-03
7.831995829522847563e-01 1.974811049896133819e-01 1.456714499472912955e-02 4.752167063372610828e-03
8.207289241408881608e-01 1.610424517500722574e-01 1.404619236194772428e-02 4.182431747091796756e-03
8.504484014423108196e-01 1.320544237654493192e-01 1.379559064106153886e-02 3.701584151178429968e-03
1.690862310156000553e-04 7.653948537727302617e-03 1.095287460132662568e-03 9.910816777711246583e-01
1.616855431104344265e-01 5.533470647716207669e-01 2.175594296172049247e-01 6.740796250074009011e-02
1.628068699833249422e-01 5.829461499556506388e-01 2.046007222943969361e-01 4.964625776662732332e-02
1.627583649530323362e-01 6.024295462533295620e-01 1.993275065541913194e-01 3.548458223944687961e-02
1.619368446169674736e-01 6.091623668609512654e-01 2.038117734908400647e-01 2.508901503124142882e-02
1.553838345453539549e-01 6.060029798357939868e-01 2.208053542499524569e-01 1.780783136889948701e-02
1.475653593125723917e-01 5.882007010621823628e-01 2.512474336144239762e-01 1.298650601082166831e-02
1.344546055932370754e-01 5.625960650636480098e-01 2.931403851705088326e-01 9.808944172606434350e-03
1.187230306298868721e-01 5.318654198692457369e-01 3.417356748904006869e-01 7.675874610466603548e-03
1.020938696663275247e-01 4.966970033096911874e-01 3.950602679857071475e-01 6.148859038274215837e-03
8.655719155072517934e-02 4.572410670456402149e-01 4.511750612521024939e-01 5.026680151532191693e-03
7.382980643487305206e-02 4.152771657712768794e-01 5.067186623749093677e-01 4.174365418940749473e-03
6.386574865695353320e-02 3.702441512923501654e-01 5.624503628933457122e-01 3.439737157350548826e-03
5.535338976670075434e-02 3.222071568496525096e-01 6.196602735063657663e-01 2.779179877281133266e-03
4.703390575761744186e-02 2.760468501677089681e-01 6.747106541858215456e-01 2.208589888851897418e-03
3.901271317945440020e-02 2.388479392360220444e-01 7.203629857753457433e-01 1.776361809177717408e-03
3.215570119478483591e-02 2.133703682542254509e-01 7.529476264574859190e-01 1.526304093503890640e-03
2.673203703537807910e-02 1.961872953092065330e-01 7.756567690622783173e-01 1.423898593137317954e-03
2.240726980419765688e-02 1.805812246699140533e-01 7.956470721933153190e-01 1.364433332572918605e-03
1.915513611790222934e-02 1.622403095241721493e-01 8.173431050555376443e-01 1.261449302387881435e-03
1.764076477180348893e-02 1.430469545521688424e-01 8.381775798811010869e-01 1.134700794926418949e-03
1.852782477078974976e-02 1.270462015091877450e-01 8.533866100912350650e-01 1.039363628787484499e-03
2.279955014044668729e-02 1.185498353702313795e-01 8.576345904040862944e-01 1.016024085235725299e-03
3.294274522604156985e-02 1.217120421548486958e-01 8.442334674783522619e-01 1.111745140757533805e-03
5.389235005209640911e-02 1.367133143025237862e-01 8.080139207403752577e-01 1.380414905004815826e-03
9.155880713686877226e-02 1.576410224940150151e-01 7.489891991234892688e-01 1.810971245626972950e-03
1.517022463478248928e-01 1.764042367991724980e-01 6.695852404127761170e-01 2.308276440226227164e-03
2.443583917096492086e-01 1.873613582843726422e-01 5.654652483738359381e-01 2.815001632142159933e-03
3.784689665464871511e-01 1.826189484029965004e-01 4.356510917617349987e-01 3.260993288781059186e-03
5.425680151731641088e-01 1.566577762525178386e-01 2.973027949308921225e-01 3.471413643426070686e-03
7.012875768217465833e-01 1.163960699228024365e-01 1.790239496626063187e-01 3.292403592844877526e-03
8.223922601674490407e-01 7.663606646928249055e-02 9.816707695459576943e-02 2.804596408672644682e-03
8.966787901547099704e-01 4.835435338740809441e-02 5.267176790221440169e-02 2.295088555667492303e-03
9.370346367117852182e-01 3.080876492519026705e-02 3.017594062954900846e-02 1.980657733475533599e-03
9.562912045231535263e-01 2.169669258894598926e-02 2.005753840517884162e-02 1.954564482721683587e-03
9.635860474588033853e-01 1.781290626990696471e-02 1.633149644345860754e-02 2.269549827830986098e-03
9.621601819240989117e-01 1.787660137984343339e-02 1.681807232292837490e-02 3.145144373129191064e-03
9.506475144964510182e-01 2.234538003038426257e-02 2.176775205811466024e-02 5.239353415049914121e-03
9.222608633994467953e-01 3.376682506314793858e-02 3.374761565129901636e-02 1.022469588610618214e-02
8.646503921405915838e-01 5.661202109260132093e-02 5.715090930737829616e-02 2.158667745942865687e-02
7.671390619540615630e-01 9.382780843923263503e-02 9.484247714864867118e-02 4.419065245805708919e-02
6.424049469535941803e-01 1.384059301808668319e-01 1.395121405950828231e-01 7.967698227045610926e-02
5.171792067274867399e-01 1.827834330249907824e-01 1.766361188538444205e-01 1.234012413936779323e-01
4.220002545288319418e-01 2.167864948474103048e-01 1.944255331526267838e-01 1.667877174711309418e-01
3.583428096002149177e-01 2.425138247042986916e-01 1.951372618786381130e-01 2.040061038168484164e-01
3.182752962840560418e-01 2.618842786592090466e-01 1.847309669978228486e-01 2.351094580589121186e-01
2.926640558616557253e-01 2.761234941887945049e-01 1.665034088723441608e-01 2.647090410772054425e-01
2.761992215836475140e-01 2.853883365615433321e-01 1.439615934797084107e-01 2.944508483751005490e-01
2.702713561384001428e-01 2.896211852030070033e-01 1.244830727474164483e-01 3.156243859111766414e-01
2.797671921762670544e-01 2.906700062499817938e-01 1.152304043381630477e-01 3.143323972355880347e-01
3.037289008981480798e-01 2.901852698725397306e-01 1.158820391673359845e-01 2.902037900619763300e-01
3.372559402751731383e-01 2.893467837731573122e-01 1.199773299028095846e-01 2.534199460488603672e-01
3.750151181835622571e-01 2.932859780821526208e-01 1.212242048137114475e-01 2.104746989205737440e-01
4.169081312199046652e-01 3.012624477662217415e-01 1.143969315676485327e-01 1.674324894462247693e-01
4.540822112548891787e-01 3.174464532673874628e-01 9.898362706094029906e-02 1.294877084167831705e-01
4.787440420129544516e-01 3.444198709843574457e-01 7.907834092901712408e-02 9.775774607367108959e-02
4.820486072552836454e-01 3.843089903064130786e-01 6.084060540668780742e-02 7.280179703161560045e-02
4.593351017386682611e-01 4.371859443402706935e-01 4.761784837327329156e-02 5.586110554778816323e-02
4.151973831173837448e-01 4.988022017658836349e-01 3.951325544357735947e-02 4.648715967315544817e-02
3.606792953198707519e-01 5.621635646325107150e-01 3.508136627563083337e-02 4.207577377198754714e-02
3.072202208927124478e-01 6.203640894396951211e-01 3.311164799031050820e-02 3.930404167728190207e-02
2.623521483493170270e-01 6.678979351183168545e-01 3.348934261131338713e-02 3.626057392105259958e-02
2.267367598299679377e-01 7.038916265166320629e-01 3.628418836200941744e-02 3.308742529139079014e-02
1.963239776854724672e-01 7.335177717859806545e-01 3.979415213958178293e-02 3.036409838896515084e-02
1.637622755682306697e-01 7.650556287621576024e-01 4.316999620507388363e-02 2.801209946453789637e-02
1.290504709609384126e-01 8.028830980717827082e-01 4.229988285862779779e-02 2.576654810865116121e-02
9.616741791259955652e-02 8.410445604900556038e-01 3.916090743020624043e-02 2.362711416713868598e-02
7.322704759850862111e-02 8.672899018296039708e-01 3.743906121485023747e-02 2.204398935703706305e-02
6.398010686724148188e-02 8.746103046361726197e-01 4.006558368030613965e-02 2.134400481627963392e-02
6.594726712153479997e-02 8.652494551759191133e-01 4.732569604997278329e-02 2.147758165257348043e-02
7.437187197095529445e-02 8.466302559127124594e-01 5.673677973198744395e-02 2.226109238434492710e-02
8.774417515938062739e-02 8.212753288295631116e-01 6.753002630666481154e-02 2.345046970439150849e-02
4.386269673964076493e-02 4.349811976619565035e-02 9.043833235365958956e-01 8.255859957567847005e-03
3.851885054233081251e-02 2.866609366414142601e-02 9.272027322129894333e-01 5.612323580538108696e-03
3.775398156703004687e-02 2.114881180508363864e-02 9.365989243735929337e-01 4.498282254293572459e-03
4.216979182791627534e-02 1.924788398913772347e-02 9.342267640550290242e-01 4.355560127917164348e-03
5.467320755878464500e-02 2.011506874091556485e-02 9.203262891820800373e-01 4.885434518219742422e-03
7.710417543117585593e-02 2.456235013229890463e-02 8.923847186693779632e-01 5.948755767147445410e-03
1.091469541098225304e-01 3.243483976852255118e-02 8.510914048418388722e-01 7.326801279816112095e-03
1.468368018400727504e-01 4.391203048102872153e-02 8.004063140990669289e-01 8.844853579831996396e-03
1.875221945184188665e-01 5.754236315390688639e-02 7.441721319951127844e-01 1.076331033256151988e-02
2.281956459251898162e-01 7.430773713075954079e-02 6.839128931956270918e-01 1.358372374842386869e-02
2.597212666802983794e-01 9.378205989641463791e-02 6.289112537729305563e-01 1.758541965035654089e-02
2.736236432668281982e-01 1.137637836277920755e-01 5.896718111229412029e-01 2.294076198243854073e-02
2.728211008203109134e-01 1.302176070319502610e-01 5.673632060878577299e-01 2.959808605988084942e-02
2.659360962033229248e-01 1.407249166353271019e-01 5.562650604021360801e-01 3.707392675921428182e-02
2.627966839589818693e-01 1.455499033281224264e-01 5.470004249629357718e-01 4.465298774995993258e-02
2.666583599333535171e-01 1.469084501777448426e-01 5.338397568161410423e-01 5.259343307276011237e-02
2.761362048020590820e-01 1.464400000657196943e-01 5.149317421543472273e-01 6.249205297787366331e-02
2.910644977944630285e-01 1.442024060927886431e-01 4.895625772315427837e-01 7.517051888120558634e-02
3.141822521738437124e-01 1.396400602191179841e-01 4.557213434738279778e-01 9.045634413321017309e-02
3.470479573677668905e-01 1.318426700217338876e-01 4.117842353130348187e-01 1.093251372974642366e-01
3.881847690154057173e-01 1.196043099127332837e-01 3.589064759919918246e-01 1.333044450798691050e-01
4.336169200437413052e-01 1.040559872371953770e-01 3.022595322127395456e-01 1.600675605063237583e-01
4.792081118212929147e-01 8.792552401305300802e-02 2.550501131104163655e-01 1.778162510552382114e-01
5.738890297144647601e-01 1.811575786611920313e-01 4.694567326972857307e-02 1.980077183546148367e-01
5.898969981890391789e-01 1.748899121114880495e-01 4.003614212358445196e-02 1.951769475758884653e-01
5.960086744965809036e-01 1.663044365167426764e-01 3.538165324043279075e-02 2.023052357462436779e-01
5.834762372767705596e-01 1.557052460437459707e-01 3.137818100345045325e-02 2.294403356760330026e-01
5.402476162242378921e-01 1.516954072629283501e-01 2.934151475123861208e-02 2.787154617615949515e-01
4.654225776612795351e-01 1.662472880359442962e-01 3.040211633542372338e-02 3.379280179673523898e-01
3.698842402724077938e-01 2.071643117247636279e-01 3.371851892985719412e-02 3.892329290729710234e-01
2.712126412788610774e-01 2.738545018112808482e-01 3.780605551349378035e-02 4.171268013963643218e-01
1.875497059397157329e-01 3.572591470831591454e-01 4.071879895253410764e-02 4.144723480245910974e-01
1.277480973419166388e-01 4.484846061445109111e-01 4.141835577138641006e-02 3.823489407421859498e-01
8.889939595820230134e-02 5.437073129863153609e-01 4.004755344818777124e-02 3.273457376072949065e-01
6.387995603050218574e-02 6.347055238527014032e-01 3.752787519429523488e-02 2.638866449225009680e-01
4.698270181126201761e-02 7.075333195195377955e-01 3.468842789939227678e-02 2.107955507698082986e-01
3.447763998646032751e-02 7.566837336058385155e-01 3.131501047303317936e-02 1.775236159346680054e-01
2.484680627019799845e-02 7.844253935341365391e-01 2.719518110314863082e-02 1.635326190925167622e-01
1.794663028309956623e-02 7.919388046818145455e-01 2.302253503953225963e-02 1.670920299955535593e-01
1.300863582795483767e-02 7.745287740323442138e-01 1.959057138256288869e-02 1.928720187571379141e-01
1.146862244334944866e-02 7.153820874460631307e-01 1.755139748743688929e-02 2.555978926231506354e-01
9.178782873306940565e-03 6.027448060319788858e-01 1.609376545494993135e-02 3.719826456397641312e-01
7.583358207043491839e-03 4.507512514289087613e-01 1.438508673016154933e-02 5.272803036338862270e-01
5.812439315572761472e-03 3.134701772350034776e-01 1.220600970698675417e-02 6.685113737424370761e-01
4.328040587004981093e-03 2.288304283424360264e-01 1.016956209004838373e-02 7.566719689805102567e-01
3.536460326957513098e-03 1.944034674838545640e-01 8.880936743857191853e-03 7.931791354453309184e-01
3.468790391792322351e-03 1.927554702095185535e-01 8.583988708859775427e-03 7.951917506898290577e-01
4.127650705151856246e-03 2.104311643327909931e-01 9.271648180167334566e-03 7.761695367818898239e-01
5.679694766735713871e-03 2.349258117082476949e-01 1.089172734535620753e-02 7.485027661796603837e-01
8.151363016307321824e-03 2.499508713783791802e-01 1.282155261176501707e-02 7.290762129935483005e-01
1.160214153895477995e-02 2.523079016792714180e-01 1.434028474141932179e-02 7.217496720403542287e-01
1.775440714017517338e-02 2.598112088563690469e-01 1.608031925299739304e-02 7.063540647504583658e-01
3.060794731563556623e-02 2.820110119429113382e-01 1.856282230520553411e-02 6.688182184362475580e-01
5.367987564630565672e-02 3.033930663910936465e-01 2.050132456709685691e-02 6.224257333955035554e-01
8.628815188366709132e-02 3.079242908401898515e-01 2.131752106154802609e-02 5.844700362145951456e-01
1.245096196457313592e-01 3.027467976343096168e-01 2.264080560363810821e-02 5.501027771163211622e-01
1.717888716577734565e-01 3.038172496367480546e-01 2.608864767494588691e-02 4.983052310305324806e-01
2.384814965417847155e-01 3.161295129604468901e-01 3.213876471094319343e-02 4.132502257868254092e-01
3.379477410437420337e-01 3.228385053039498631e-01 4.093174766566967659e-02 2.982820059866385654e-01
4.598353365165105955e-01 3.008859798719295542e-01 5.146642038659806490e-02 1.878122632249619173e-01
5.614142182192410901e-01 2.609780460919306488e-01 6.336729281663903979e-02 1.142404428721891935e-01
6.200498865206214294e-01 2.233072464869346463e-01 8.012631334576436615e-02 7.651655364667946102e-02
6.320420953236123296e-01 1.982683692279822163e-01 1.087706721630751217e-01 6.091886328533041572e-02
6.034158239683345970e-01 1.825958168886387956e-01 1.545239972472821632e-01 5.946436189574492298e-02
5.354096282693223685e-01 1.738168305634886501e-01 2.217169171428644281e-01 6.905662402432494185e-02
4.395150667154827939e-01 1.664782531837411816e-01 3.039830549574987217e-01 9.002362514327767740e-02
3.338440011561323861e-01 1.558492132905437977e-01 3.826001788931444603e-01 1.277066066601793559e-01
2.386922395995697554e-01 1.390006236052168387e-01 4.355828396447332662e-01 1.867242971504800841e-01
1.691951552769820621e-01 1.187198504399403637e-01 4.545631988180469651e-01 2.575217954650307894e-01
1.258471908080368296e-01 1.013599289693602190e-01 4.503575508168622954e-01 3.224353294057405450e-01
1.006715903955724689e-01 8.930249950840195294e-02 4.327661761863257905e-01 3.772597339096999680e-01
8.596525651538984569e-02 8.062584375347689458e-02 4.048415392411999214e-01 4.285673604899335465e-01
7.647693973354335872e-02 7.285079041394991461e-02 3.703720696174739313e-01 4.803002002350331701e-01
6.819164527974856671e-02 6.450511746658149637e-02 3.320434389967871214e-01 5.352597982568831902e-01
5.879743371330826279e-02 5.536992770391264973e-02 2.902824614254231328e-01 5.955501771573560310e-01
4.883352738526321873e-02 4.667555126851711395e-02 2.470952555596418465e-01 6.573956657865780429e-01
4.061845855797556470e-02 3.999095488997856523e-02 2.077928990358406669e-01 7.115976875162051130e-01
3.499160549542133097e-02 3.525436445018397674e-02 1.735363355367056104e-01 7.562176945176889431e-01
3.257571829522349499e-02 3.239366017314291440e-02 1.474734399241090510e-01 7.875571816075244147e-01
3.479831870433896385e-02 3.195697962655445062e-02 1.337743213970566947e-01 7.994703802720498631e-01
4.360546582162696388e-02 3.413167591652947058e-02 1.319211697810254158e-01 7.903416884808179832e-01
6.131360618719617489e-02 3.831062607123911223e-02 1.369581412755387362e-01 7.634176264660260669e-01
8.970242081664439593e-02 4.240704771216456670e-02 1.419766097735341848e-01 7.259139216976572273e-01
1.303347534312873368e-01 4.695308480225000164e-02 1.432554174945663839e-01 6.794567442718960626e-01
1.855873758325547740e-01 5.213997031804605553e-02 1.405871457385833578e-01 6.216855081108159098e-01
2.574638653201554161e-01 5.651517106825539039e-02 1.341768606932118024e-01 5.518441029183773772e-01
3.512663064089157627e-01 6.026840712948286494e-02 1.230726405641397320e-01 4.653926458974615432e-01
4.714191338950976529e-01 6.207712141982255766e-02 1.067580131881179506e-01 3.597457314969622066e-01
6.063329812457370904e-01 6.010100046101257004e-02 8.598032044948933361e-02 2.475856978437607214e-01
7.240219756760386538e-01 5.432275340972668454e-02 6.624802707282759218e-02 1.554072438414072777e-01
8.062913026524356486e-01 4.617612515507055204e-02 5.100085172382392423e-02 9.653172046867038170e-02
8.598013993088373663e-01 3.698509516875014835e-02 4.014214939801333953e-02 6.307135612439936090e-02
8.949395618796210927e-01 2.897213658662024793e-02 3.172937966759007550e-02 4.435892186616852140e-02
9.150368379932870555e-01 2.348853200679922731e-02 2.739765155146525744e-02 3.407697844844814056e-02
9.265798753483203143e-01 1.974461304731847319e-02 2.589745257489479979e-02 2.777805902946659661e-02
9.346381813271564809e-01 1.662942029749162748e-02 2.537667227219143201e-02 2.335572610316020287e-02
9.422614916914189287e-01 1.377084529002806264e-02 2.416537979083069332e-02 1.980228322772275076e-02
9.495394729791376554e-01 1.162220398471007846e-02 2.191310573656421110e-02 1.692521729958788509e-02
9.532776466800169102e-01 1.089400220954397577e-02 1.992223847374015658e-02 1.590611263669925238e-02
9.479727158826448674e-01 1.240397865813484823e-02 2.022416564348542695e-02 1.939913981573471863e-02
9.223496905927953682e-01 1.810087097128972727e-02 2.568681642475102028e-02 3.386262201116370385e-02
8.516792616630366464e-01 3.146331857756028832e-02 4.032146408943559912e-02 7.653595566996711230e-02
7.019638509553888239e-01 5.399446254565101050e-02 6.577124103338671812e-02 1.782704454655731352e-01
4.856722625682995398e-01 7.172571365554014644e-02 9.531673134864847297e-02 3.472852924275117159e-01
2.857439791205195201e-01 7.147450864050169939e-02 1.110001610336257966e-01 5.317813512053529701e-01
1.556990511375507258e-01 5.919459728388591635e-02 1.105191243819274721e-01 6.745872271966358857e-01
9.006003604895457260e-02 4.626249337043978477e-02 1.051851877061111828e-01 7.584922828744944390e-01
6.259229416391497158e-02 4.003127557505594541e-02 1.034104890915463204e-01 7.939659411694827140e-01
5.246148387169136812e-02 3.976577321408857751e-02 1.058803972160392570e-01 8.018923456981810194e-01
4.938582695349458956e-02 4.185479444599347204e-02 1.087154922715264094e-01 8.000438863289853764e-01
4.763016509892717409e-02 4.481085587958692773e-02 1.080444328026485545e-01 7.995145462188377738e-01
4.520992258899369370e-02 4.688491710871303675e-02 1.024474870289172196e-01 8.054576732733761402e-01
