2.809279152089480189e-02 8.673877607341549945e-02 3.546016993711478132e-02 8.497082624685752261e-01
9.935592176725310809e-02 4.931672669655674107e-02 3.384267202659365682e-03 8.479430843335309387e-01
8.963254569960132923e-02 4.254139181529185271e-02 3.765600999553031947e-03 8.640604614855540433e-01
8.514464689479007975e-02 3.619228552498725271e-02 4.494486775803556607e-03 8.741685808044193928e-01
8.334661942071261431e-02 3.108906191775231975e-02 5.570976351436547451e-03 8.799933423100986252e-01
8.449686542387306598e-02 2.749831582879807765e-02 6.950369952984674325e-03 8.810544487943441361e-01
9.120209419046437782e-02 2.610879483411839008e-02 8.726210163424300004e-03 8.739629008119932374e-01
1.061263415740324872e-01 2.737150624655118256e-02 1.118287396840218426e-02 8.553192782110141668e-01
1.302964236878422499e-01 3.150827995261389763e-02 1.477534247231085049e-02 8.234199538872329915e-01
1.631303214888702169e-01 4.040447393616453803e-02 2.100063388768008688e-02 7.754645706872851374e-01
2.007973995413417923e-01 5.379340713069466484e-02 3.088019855124765276e-02 7.145289947767159422e-01
2.256995865619793873e-01 7.255860742554351428e-02 4.609892700675849442e-02 6.556428790057187150e-01
2.229021013342633306e-01 9.409209009068271456e-02 6.602197566716097588e-02 6.169838329078931594e-01
2.036745789949480356e-01 1.177018676272957309e-01 9.102039439581448288e-02 5.876031589819418199e-01
1.823345022419717576e-01 1.434622705679627908e-01 1.216065838531324855e-01 5.525966433369332576e-01
1.623999060007878525e-01 1.697204390007327479e-01 1.591002399673432655e-01 5.087794150311358843e-01
1.425075198845242030e-01 1.917554705534665616e-01 2.051995718873905472e-01 4.605374376746183551e-01
1.217923766360144849e-01 2.050562842029839961e-01 2.605055200254948744e-01 4.126458191355066307e-01
1.019271275967263551e-01 2.108412435672017415e-01 3.282083947061081308e-01 3.590232341299637309e-01
8.463101359288603687e-02 2.113067761856804450e-01 4.214214336071540057e-01 2.826407766142796651e-01
6.809264033488535151e-02 1.943879330536571748e-01 5.587386055437369992e-01 1.787808210677203080e-01
4.963030554933890726e-02 1.534545596281260971e-01 7.091098389182960426e-01 8.780529590423914732e-02
3.477884059682577467e-02 1.183633917402626690e-01 8.053740765266874657e-01 4.148369113622434740e-02
2.677148903317217582e-02 1.036677141722213980e-01 8.458289567478798343e-01 2.373184004672661274e-02
2.377701937333310048e-02 1.048219115752362929e-01 8.539570506328945099e-01 1.744401841853603086e-02
2.374352302008588336e-02 1.159074746830703467e-01 8.446053807416686876e-01 1.574362155517474229e-02
2.575199609789323094e-02 1.339225732972241789e-01 8.247087785960812711e-01 1.561665200880140228e-02
3.031956967352207599e-02 1.575210158320352605e-01 7.972592238302781409e-01 1.490019066416448795e-02
3.913428932021932594e-02 1.876274835712791744e-01 7.605458620322306240e-01 1.269236507627104216e-02
5.758827236781374065e-02 2.306456029427626231e-01 7.017505845432691070e-01 1.001554014615465768e-02
9.940531275416923662e-02 2.996173931772091459e-01 5.926639116807207452e-01 8.313382387900606837e-03
1.827616130078575651e-01 3.970752913054386712e-01 4.121279424234775557e-01 8.035153263226365791e-03
3.033850965042975689e-01 4.697864329990630305e-01 2.184487079592896397e-01 8.379762537349649820e-03
3.755747656123287759e-01 5.158173826914413951e-01 9.962607451795986446e-02 8.981777178269905598e-03
3.455125272819097315e-01 5.902784610021309941e-01 5.156990461171584439e-02 1.263910710424321314e-02
2.593993336887983614e-01 6.834455731863356975e-01 3.445526428041124217e-02 2.269982884445474053e-02
1.640284645698208699e-01 7.652959968441297445e-01 2.705161760625020631e-02 4.362392097979916200e-02
9.172870887521658578e-02 8.016273890082736830e-01 2.248980939828297901e-02 8.415409271822668624e-02
5.521711901972365527e-02 7.529596726414909957e-01 2.122345437580631933e-02 1.705997539629789950e-01
3.627674015417587522e-02 6.220385558984183882e-01 2.136011872974730857e-02 3.203245852176581643e-01
2.459633181082009068e-02 4.486034479616433646e-01 2.112448177138681257e-02 5.056757384561501034e-01
1.765650211756677676e-02 3.006302982456947603e-01 2.108824105652249217e-02 6.606249585802158597e-01
1.400132808688797637e-02 2.069397822872909576e-01 2.237315805709628666e-02 7.566857315687245400e-01
1.154662525845102407e-02 1.472215774331988580e-01 2.436919584204532904e-02 8.168626014663048496e-01
8.635379553409277056e-03 9.820907576080036006e-02 2.470510751803352972e-02 8.684504371677568280e-01
5.833239254683876031e-03 6.007187952166484490e-02 2.367311390246562217e-02 9.104217673211858486e-01
4.248014010927620397e-03 3.918737609988540149e-02 2.443153928419896509e-02 9.321330706049879566e-01
3.698439309327170629e-03 3.073947083677298561e-02 2.802402127587723737e-02 9.375380685780225765e-01
3.743435765648854031e-03 2.847611000460407993e-02 3.370785737441497898e-02 9.340725968553319492e-01
4.107429853769020006e-03 2.925640312179592778e-02 4.026050572770380892e-02 9.263756612967311010e-01
4.562379772598383794e-03 3.161622190595886339e-02 4.632402246675495355e-02 9.174973758546880465e-01
4.982717372548069873e-03 3.498093940181551398e-02 5.153921240670860521e-02 9.084971308189278005e-01
5.327411402809636987e-03 3.899874200048409484e-02 5.620362671867597942e-02 8.994702198780299973e-01
5.616816522514683600e-03 4.335085003407534998e-02 6.088056125027425242e-02 8.901517721931360150e-01
5.908408765124704455e-03 4.783046727151284150e-02 6.639124583806549351e-02 8.798698781252970447e-01
6.215887173546382795e-03 5.204238477770480042e-02 7.330212751146587824e-02 8.684396005372827521e-01
6.491551359264723792e-03 5.518071832844332475e-02 8.173144890833891618e-02 8.565962814039529416e-01
6.700187896869281776e-03 5.642582008223020335e-02 9.183247809077685342e-02 8.450415139301232781e-01
6.898316718336986071e-03 5.626368466324190715e-02 1.038932278927096747e-01 8.329447707257114919e-01
7.141488728905495513e-03 5.630720582565085924e-02 1.171162068611533158e-01 8.194350985842900892e-01
7.161597092266794480e-03 5.642389155045685056e-02 1.265052746367621439e-01 8.099092367205142917e-01
6.726140727442557823e-03 5.550296417796454079e-02 1.269891760022714422e-01 8.107817190923214401e-01
6.011851639097930307e-03 5.360781947609519899e-02 1.191499792728744900e-01 8.212303496119324198e-01
5.310717742328862831e-03 5.171738163667831401e-02 1.070651701932857219e-01 8.359067304277071342e-01
4.755233466352353638e-03 5.058378518806908725e-02 9.405174157599241469e-02 8.506092397695858009e-01
4.353658756608205609e-03 5.040815802130556300e-02 8.188382212854412867e-02 8.633543610935423551e-01
4.092255556259013181e-03 5.105224009718774963e-02 7.154633412583880081e-02 8.733091702207144147e-01
3.958662884746053275e-03 5.196635109989503065e-02 6.294264547334277315e-02 8.811323405420161681e-01
3.826830112642953807e-03 5.158704526598660578e-02 5.380904744343386475e-02 8.907770771779364161e-01
3.589384492231196926e-03 4.911356656706459406e-02 4.336707385868200648e-02 9.039299750820224411e-01
3.237585159497042599e-03 4.514076577676037066e-02 3.293821876054851827e-02 9.186834303031943261e-01
2.770244208419030563e-03 4.020143363645650725e-02 2.345689606993179785e-02 9.335714260851926127e-01
1.392117913373039969e-03 3.643230246964571789e-02 1.758556121312308124e-02 9.445900184038580338e-01
7.782797608207680552e-03 2.142583661052963398e-02 2.646511461158831402e-01 7.061402196653795427e-01
6.501082794058881190e-03 2.005710942794022150e-02 2.403927004280332624e-01 7.330491073499675325e-01
5.879152573104720267e-03 2.054315644438629157e-02 2.189222685101525068e-01 7.546554224723562854e-01
5.837266804276763921e-03 2.375674174895923280e-02 2.032108771314967421e-01 7.671951143152671015e-01
6.529613160258965904e-03 3.180924834287159747e-02 1.987304372503229388e-01 7.629307012465467164e-01
8.563372845763066871e-03 4.978564004109255897e-02 2.149957101405545190e-01 7.266552769725898031e-01
1.294215320071597126e-02 8.443645301610738785e-02 2.591723194788606577e-01 6.434490743043155270e-01
1.983709473390019712e-02 1.310888179556952138e-01 3.213443922460155200e-01 5.277296950643890483e-01
2.825478272524720169e-02 1.715591037287870768e-01 3.828175586041778211e-01 4.173685549417878726e-01
3.832827535565637433e-02 1.963167716203803870e-01 4.395755745676992454e-01 3.257793784562637018e-01
5.134288560939026524e-02 2.077035012248672208e-01 4.973775447691523577e-01 2.435760683965902951e-01
6.757529413309418254e-02 2.102215897141703482e-01 5.533803002249001457e-01 1.688228159278350737e-01
8.431382298372537554e-02 2.074951124742303310e-01 5.972212016966269577e-01 1.109698628454173358e-01
9.978283256243919430e-02 1.995488535063638935e-01 6.277179311792748795e-01 7.295038275192197719e-02
1.076750816636848768e-01 1.889088330197729593e-01 6.533462936755328743e-01 5.006979164100956031e-02
1.042099772016533699e-01 1.783801692050889509e-01 6.809923293293066449e-01 3.641752426395110376e-02
9.252470222805053712e-02 1.696777629459555459e-01 7.101199974269628568e-01 2.767753739903093188e-02
7.681470188637151697e-02 1.652025015684382148e-01 7.363722592295397495e-01 2.161053731565022035e-02
6.381133487745989374e-02 1.647300358724421154e-01 7.540309995028158241e-01 1.742762974728187184e-02
5.695067249732538306e-02 1.692007688051530567e-01 7.590850834275095771e-01 1.476347527001205945e-02
5.841830014676435701e-02 1.809463730358605305e-01 7.471018398054892762e-01 1.353348701188624922e-02
7.125642372180648887e-02 2.020779177217629230e-01 7.126078429922544366e-01 1.405781556417612897e-02
9.795993573250283415e-02 2.308343597450490670e-01 6.539532710386587455e-01 1.725243348378925623e-02
1.345333747060856733e-01 2.630243590747932680e-01 5.777449950870057194e-01 2.469727113211491951e-02
1.755696108926279031e-01 2.875464766397620719e-01 4.975387366616979001e-01 3.934517580591235381e-02
2.094521433145382916e-01 2.960211268236835336e-01 4.286687632139429827e-01 6.585796664783534482e-02
2.298386283215785586e-01 2.828061937570895967e-01 3.765741413044732533e-01 1.107810366168588134e-01
2.334167193694992037e-01 2.519679897030619453e-01 3.353228419472314981e-01 1.792924489802072141e-01
2.217010477047197392e-01 2.125158774372510884e-01 2.963817713105231233e-01 2.694013035475060769e-01
2.002003498796754155e-01 1.742779367245566036e-01 2.564356073545117076e-01 3.690861060412565786e-01
1.736891765874696292e-01 1.435634478450545370e-01 2.217277078373175170e-01 4.610196677301581780e-01
1.501376630436395965e-01 1.204144618235846870e-01 1.945146166345155803e-01 5.349332584982600114e-01
1.309838951895336001e-01 1.048897592829270559e-01 1.713027845358544299e-01 5.928235609916847615e-01
1.161810926400342198e-01 9.394216866774485197e-02 1.504822072292716639e-01 6.393945314629491117e-01
1.050619453330481068e-01 8.639232757378466354e-02 1.324241958291451915e-01 6.761215312640217467e-01
9.598378182288713756e-02 8.037491815907303605e-02 1.158560829390194308e-01 7.077852170790202013e-01
8.621419281983756788e-02 7.427322796879964883e-02 9.729822199373017177e-02 7.422143572176327364e-01
7.877167675440621686e-02 6.802887373046033470e-02 8.099802262922964347e-02 7.722014268859033193e-01
8.071465580995630662e-02 6.858575351167184309e-02 7.525741701500821002e-02 7.754421736633638762e-01
9.476887588617841085e-02 7.622777239329335541e-02 7.861636589070324088e-02 7.503869858298252149e-01
1.203457517311028319e-01 8.613473920863383426e-02 8.414945123494391166e-02 7.093700578253194777e-01
1.607290965288525053e-01 9.490048820537855256e-02 8.914568405383609118e-02 6.552247312119325873e-01
2.203164089982606877e-01 1.008454471784381440e-01 9.369345230613969344e-02 5.851446915171617524e-01
2.914824824757772936e-01 1.030876091625363977e-01 9.773423001422952561e-02 5.076956783474569912e-01
3.516535801243879655e-01 1.027693793863987404e-01 1.005645111928786667e-01 4.450125292963343915e-01
3.878812614602497599e-01 1.026710992528906130e-01 1.030392861003064098e-01 4.064083531865534393e-01
4.070145991725872547e-01 1.046925180402325378e-01 1.075268478204345485e-01 3.807660349667457145e-01
4.196404506108999399e-01 1.091127345328976733e-01 1.139039739527318851e-01 3.573428409034702935e-01
4.266263964173911405e-01 1.153923049191456912e-01 1.194809565639902982e-01 3.385003420994731616e-01
4.213384865967120252e-01 1.237751134335946246e-01 1.250375107638043992e-01 3.298488892058887845e-01
3.969104797881150004e-01 1.350186442391889396e-01 1.347680925120915141e-01 3.333027834606042128e-01
3.543542667021644110e-01 1.490117843826068711e-01 1.510464557438690736e-01 3.455874931713595610e-01
3.047751566908982190e-01 1.648513714284541853e-01 1.751208559414552113e-01 3.552526159391917737e-01
2.606167092466230573e-01 1.822989299375331052e-01 2.129297365010574539e-01 3.441546243147864392e-01
2.234669229426619608e-01 1.998191297227223107e-01 2.794761144609271275e-01 2.972378328736888786e-01
1.858864347500748804e-01 2.127136395213169440e-01 3.773954430862160869e-01 2.240044826423919222e-01
1.441037436774595115e-01 2.113637831005062417e-01 4.935821941524682344e-01 1.509502790695658736e-01
1.061619055779267212e-01 1.998493276161021903e-01 5.998805025051806572e-01 9.410826430079043126e-02
8.178951988392095529e-02 1.823739780719941528e-01 6.795850208734334208e-01 5.625148117065123521e-02
7.258843635222221591e-02 1.654445537843284020e-01 7.280068155040125832e-01 3.396019435943684744e-02
7.830884381562737417e-02 1.561899302594413064e-01 7.433003558819296641e-01 2.220087004300204045e-02
1.031100257977921597e-01 1.599963541533243605e-01 7.200826508167701423e-01 1.681096923211325075e-02
1.526575856804931186e-01 1.780945491601457487e-01 6.543028230510234966e-01 1.494504210833758062e-02
2.278328904484360484e-01 2.021320422735256028e-01 5.555115833937387393e-01 1.452348388429973262e-02
3.161624560158926012e-01 2.187171529639732603e-01 4.510683949504096790e-01 1.405199606972477519e-02
3.980462296773959463e-01 2.223046886484607021e-01 3.664951881448373916e-01 1.315389352930596695e-02
4.599069127391041678e-01 2.180168942004017396e-01 3.098588104411594268e-01 1.221738261933451655e-02
4.987631368643313245e-01 2.124691233540851043e-01 2.771188625633855263e-01 1.164887721819790785e-02
5.201703868086976490e-01 2.083620233117864651e-01 2.598275866980881421e-01 1.164000318142770565e-02
5.366322509702728949e-01 2.048877786277904511e-01 2.466868627402453718e-01 1.179310766169137242e-02
5.573867150324587350e-01 1.992466609634949981e-01 2.319091452929302744e-01 1.145747871111595789e-02
1.083936387787794511e-02 7.276753277149577981e-01 2.457173676138043328e-01 1.576794079336009055e-02
5.275648559001476778e-01 4.133167987794422182e-01 4.979976895226127798e-02 9.318576368149020239e-03
5.688244793862312632e-01 3.662142877756434656e-01 5.529716392211291714e-02 9.664068916012371474e-03
5.981708790080035865e-01 3.305144925859808125e-01 6.147908600818548924e-02 9.835542397830144765e-03
6.102573260968422453e-01 3.132736392100791689e-01 6.692503540749393520e-02 9.543999285584799791e-03
6.020841274190993353e-01 3.173393472877198418e-01 7.167437236265422618e-02 8.902152930526456218e-03
5.745139704095149069e-01 3.400527002851948533e-01 7.720963023783689039e-02 8.223699067453333830e-03
5.349338403816409349e-01 3.739749075449661508e-01 8.355588365320296140e-02 7.535368420190086472e-03
4.926251321228277691e-01 4.118474791732462670e-01 8.883018498817261965e-02 6.697203715753686885e-03
4.531690961467442769e-01 4.504405799551137179e-01 9.073211425156994803e-02 5.658209646572260991e-03
4.169385518519694300e-01 4.899924844805793600e-01 8.850733480280630061e-02 4.561628864644912823e-03
3.847747350872074423e-01 5.268122844870768429e-01 8.472434202076145615e-02 3.688638404954033573e-03
3.610300690573143845e-01 5.528055989717644003e-01 8.296018585254279210e-02 3.204146118378550616e-03
3.465565420164647970e-01 5.653762681874890950e-01 8.498346202168320651e-02 3.083727774363010429e-03
3.362043866294739392e-01 5.706324668107364273e-01 8.993937176641154940e-02 3.223774793377767126e-03
3.213080000730251795e-01 5.802633955019168566e-01 9.497667576739517170e-02 3.451928657662679464e-03
3.016410032738351954e-01 5.967762315087826730e-01 9.788128696877868018e-02 3.701478248603713803e-03
2.755055137577139268e-01 6.238947956910295689e-01 9.682956034898469733e-02 3.770130202271960908e-03
2.450099415480225529e-01 6.563296916209179210e-01 9.495631461846704147e-02 3.704052212592488531e-03
2.129082246255974420e-01 6.877405902770645785e-01 9.573788182454838480e-02 3.613303272789258631e-03
1.822940399980520487e-01 7.135754155920969177e-01 1.005547560903838067e-01 3.575788319467400334e-03
1.580727408364170639e-01 7.287673206814382354e-01 1.094939109736078886e-01 3.666027508536907117e-03
1.442354737143285159e-01 7.296485041914226866e-01 1.221924915733512834e-01 3.923530520897647658e-03
1.415967757669953087e-01 7.147450473033717389e-01 1.392753412050676265e-01 4.382835724565093544e-03
1.487520939796110608e-01 6.820941561826219246e-01 1.639689879067694478e-01 5.184761930997833917e-03
1.599267050170064264e-01 6.389275311874944574e-01 1.947897178994397183e-01 6.356045896059204538e-03
1.666867919301367462e-01 6.036291282822620063e-01 2.220568079630131642e-01 7.627271824588048588e-03
1.660543913947297723e-01 5.836202515772707100e-01 2.415692391534323968e-01 8.756117874567419246e-03
1.585701135765430203e-01 5.766157108372754747e-01 2.551458807280252983e-01 9.668294858156300381e-03
1.470165233794030746e-01 5.788184495216396330e-01 2.638688736915048016e-01 1.029615340745258963e-02
1.343781926163400697e-01 5.873681224712417048e-01 2.676373293346176463e-01 1.061635557780060517e-02
1.227893943976810787e-01 6.011943509100169392e-01 2.652603004116990126e-01 1.075595428060272495e-02
1.136670816980994425e-01 6.205555160372130397e-01 2.548574968868372315e-01 1.091990537785037831e-02
1.071605393359927466e-01 6.453148925125118396e-01 2.364259703260811474e-01 1.109859782541401316e-02
1.033667491822467671e-01 6.697772442222561518e-01 2.154986213680798735e-01 1.135738522741712268e-02
1.020382702617521203e-01 6.895229766330525090e-01 1.966235512470897173e-01 1.181520185810572970e-02
1.061969113570175177e-01 7.006018124018426052e-01 1.806286132612735795e-01 1.257266297986626633e-02
1.111652789519281537e-01 7.092523023567013363e-01 1.660512484417803192e-01 1.353117024958990638e-02
1.179175425055693227e-01 7.173119280752903171e-01 1.502821558531258761e-01 1.448837356601463330e-02
1.239370219658599975e-01 7.306491553750265044e-01 1.304201727179009895e-01 1.499364994121276176e-02
1.296686140778283702e-01 7.451831117170234497e-01 1.100372320292346412e-01 1.511104217591353535e-02
1.374354016758003727e-01 7.513851685634719280e-01 9.570098865571829982e-02 1.547844110500962676e-02
1.468515461247836829e-01 7.502348608588543799e-01 8.674016330169508071e-02 1.617342971466723123e-02
1.567925927395545926e-01 7.456428780056052474e-01 8.054020984193137334e-02 1.702431941290852985e-02
1.676885327118917413e-01 7.375645639301401379e-01 7.655816513298442649e-02 1.818873822498379492e-02
1.814190751633359688e-01 7.228151897794826697e-01 7.566673800492244861e-02 2.009899705225906899e-02
1.986452323834212719e-01 7.006132533256616002e-01 7.787444323205250374e-02 2.286707105886445421e-02
2.179223225635480987e-01 6.742516305595389614e-01 8.167164486202310725e-02 2.615440201488983263e-02
2.374319037565360002e-01 6.476660858385125952e-01 8.541081715387932594e-02 2.949119325107218970e-02
2.552810567719229762e-01 6.238239561266899491e-01 8.842957122159357530e-02 3.246541587979369370e-02
2.698126506474480824e-01 6.040862618823005237e-01 9.123156271952927165e-02 3.486952475072184476e-02
2.803840917516511877e-01 5.893105043404668342e-01 9.392190817683701565e-02 3.638349573104488616e-02
2.877718960552494987e-01 5.787274220141485070e-01 9.655449025843988731e-02 3.694619167216214861e-02
2.929200231309753155e-01 5.709324868712152279e-01 9.920839317581023331e-02 3.693909682199881389e-02
2.963212712917344116e-01 5.660595172463129821e-01 1.009125028394081691e-01 3.670670862254420130e-02
2.989944287474012863e-01 5.641378009264294002e-01 1.004434319039434753e-01 3.642433842222587287e-02
3.025091601966282129e-01 5.637088894271085060e-01 9.765704340893824331e-02 3.612490696732476719e-02
3.086992853091521383e-01 5.623822189372656988e-01 9.325359253036967500e-02 3.566490322321257816e-02
3.190837398267100666e-01 5.575856525508189332e-01 8.841012261881905920e-02 3.492048500365230873e-02
3.356417932334458953e-01 5.477571790517772321e-01 8.310595659716005223e-02 3.349507111761692441e-02
3.527797409150837393e-01 5.413072201753841295e-01 7.519768191907133525e-02 3.071535699046074736e-02
3.742618973137377125e-01 5.356952458312852494e-01 6.367805903324114114e-02 2.636479782173612244e-02
4.014398516222796309e-01 5.249783710554239979e-01 5.198010770402444053e-02 2.160166961827187510e-02
4.331491958429447009e-01 5.051162650923017861e-01 4.384280843845408948e-02 1.789173062629954847e-02
4.683338322895959083e-01 4.757764871454235878e-01 4.015455389516773416e-02 1.573512666981275246e-02
5.089746857714155803e-01 4.368901831294093041e-01 3.957406194418442574e-02 1.456106915499071931e-02
5.567573600801579703e-01 3.893142930672573998e-01 4.032075074208581189e-02 1.360759611049878332e-02
6.094136401161650562e-01 3.369169573836593434e-01 4.118355110610651126e-02 1.248585139406921223e-02
6.628952020665784817e-01 2.842659356389631298e-01 4.169382125804781819e-02 1.114504103641076292e-02
7.128705452888941529e-01 2.349847256900801928e-01 4.234633601882958204e-02 9.798393002196141566e-03
7.570120967362387043e-01 1.908899468036864833e-01 4.352075929280208727e-02 8.577197167272862174e-03
7.955438200405000604e-01 1.524668836369965641e-01 4.457370922856603024e-02 7.415587093937344408e-03
3.299918812725337542e-04 1.716008799861649600e-02 9.005442600270790543e-04 9.816093758600835661e-01
8.714398716922661103e-02 6.569245602581911259e-01 1.449006670457578805e-01 1.110307855268239663e-01
8.845228237926093529e-02 7.167599056498754617e-01 1.194046102472748061e-01 7.538320172358867199e-02
9.090340744694956621e-02 7.587154569434525486e-01 1.015318831476071382e-01 4.884925246199050414e-02
9.470401130904788911e-02 7.822102361029021900e-01 9.190923868089935500e-02 3.117651390715083307e-02
9.910945065641778295e-02 7.894290259958343103e-01 9.123313425151101386e-02 2.022838909623666734e-02
1.022475559607517459e-01 7.838268131261502125e-01 1.002115388227914489e-01 1.371409209030619372e-02
1.028750432519697222e-01 7.677458306022270085e-01 1.194230514832014256e-01 9.956074662601736153e-03
1.006225932597973882e-01 7.439215599729933626e-01 1.477121439848167461e-01 7.743702782392483143e-03
9.524622044459665759e-02 7.158129107295209126e-01 1.826283324830811350e-01 6.312536342801197686e-03
8.748399824331366814e-02 6.877963588266067241e-01 2.193980819100710411e-01 5.321561020008630863e-03
7.958961571331389651e-02 6.635631007702482709e-01 2.522475186009651149e-01 4.599764915472876435e-03
7.306416347607645745e-02 6.422808081830254645e-01 2.806584094625635406e-01 3.996618878334740402e-03
6.727958815296873618e-02 6.199784202083439277e-01 3.092527511244828053e-01 3.489240514204941870e-03
6.041388851464721266e-02 5.953726196703154061e-01 3.411192618071451355e-01 3.094230007892049324e-03
5.189065700664699521e-02 5.733953258901545169e-01 3.718698064781263968e-01 2.844210625072067251e-03
4.288398649698507703e-02 5.598184594048609686e-01 3.944703465169748791e-01 2.827207581179183322e-03
3.472794265589009000e-02 5.541365149150110359e-01 4.080627823920515151e-01 3.072760037047493880e-03
2.806578088775461485e-02 5.509702666505137403e-01 4.175228004966590745e-01 3.441151965072470655e-03
2.318041620388543861e-02 5.457558626662259993e-01 4.273692530797288391e-01 3.694468050159529539e-03
2.085789308300307898e-02 5.370595336488889204e-01 4.382538926356903675e-01 3.828680632417658276e-03
2.020203573126249860e-02 5.326098875603602067e-01 4.434101741810215214e-01 3.777902527355677005e-03
2.290806910415046915e-02 5.338787421010727785e-01 4.392966726579655701e-01 3.916516136811118952e-03
2.939068843104613443e-02 5.545563057406497354e-01 4.118490474436344861e-01 4.203958384669860895e-03
4.189321820148090431e-02 5.821648747984911054e-01 3.709147668617902016e-01 5.027140138238004631e-03
6.352919901549508586e-02 5.984816620017208155e-01 3.315911450373700275e-01 6.397993945414117908e-03
9.976310496651019655e-02 5.927603069988616191e-01 2.993286272314200080e-01 8.147960803208061792e-03
1.605518687058194172e-01 5.625171028240166793e-01 2.667574875544653223e-01 1.017354091569872866e-02
2.605033149991331509e-01 4.997279508876696918e-01 2.274469149680719837e-01 1.232181914512526892e-02
4.101043413191375331e-01 3.961872818946179375e-01 1.798289000181600983e-01 1.387947676808456120e-02
5.878385570777108216e-01 2.695018181657422573e-01 1.288983808964709044e-01 1.376124386007618154e-02
7.473723980183100135e-01 1.566146788702443005e-01 8.427365539678767503e-02 1.173926771465780110e-02
8.535633612441888562e-01 8.397031607046150092e-02 5.333847024003128545e-02 9.127852445318187374e-03
9.093193584896057668e-01 4.749047865325767975e-02 3.582512040290868754e-02 7.365042454228132134e-03
9.341012107106092532e-01 3.166424411527782312e-02 2.737113644842489521e-02 6.863408725688073531e-03
9.416662066217640348e-01 2.609929993513681462e-02 2.460477959274016621e-02 7.629713850358946226e-03
9.363003994138606734e-01 2.698533276998950001e-02 2.659473958671257354e-02 1.011952822943716808e-02
9.152037116442220954e-01 3.454381426631431690e-02 3.442768273856360028e-02 1.582479135089984168e-02
8.693999069417310821e-01 5.182576050594506906e-02 5.106617894827765458e-02 2.770815360404646488e-02
7.881601423270409024e-01 8.278451262855596182e-02 7.968128527596850252e-02 4.937405976843458472e-02
6.706477652032200032e-01 1.274077725272221018e-01 1.197041343619253684e-01 8.224032790763229073e-02
5.390145539890669468e-01 1.764447834613545596e-01 1.619995450647758739e-01 1.225411174848028278e-01
4.248172639664138939e-01 2.177420941039160118e-01 1.937749394581597673e-01 1.636657024715101882e-01
3.432927824683551510e-01 2.471763588672584167e-01 2.087971736344792772e-01 2.007336850299075715e-01
2.909700325672018861e-01 2.676481932715936707e-01 2.095817978960528294e-01 2.317999762651518081e-01
2.580278521369477884e-01 2.831832064442019181e-01 2.000745572299094388e-01 2.587143841889408269e-01
2.342313685958535285e-01 2.981977665179247339e-01 1.819220752388228390e-01 2.856487896473984267e-01
2.189271486986589521e-01 3.084026402436452208e-01 1.589317384231159758e-01 3.137384726345797681e-01
2.083247427548332031e-01 3.166972318425779198e-01 1.391003453086959440e-01 3.358776800938929608e-01
2.079444489002688079e-01 3.201939856515159666e-01 1.306985979049536117e-01 3.411629675432615305e-01
2.180285484632968340e-01 3.199526453803961945e-01 1.339074607470451539e-01 3.281113454092615123e-01
2.349219461593990699e-01 3.209421543155639989e-01 1.421816134145948152e-01 3.019542861104421716e-01
2.611453494228003214e-01 3.235271673771977219e-01 1.494684149445358323e-01 2.658590682554661244e-01
2.963540213761769460e-01 3.296337739296518188e-01 1.489388291284670929e-01 2.250733755657041979e-01
3.381229201701902998e-01 3.395866366336963704e-01 1.371707260052708877e-01 1.851197171908425532e-01
3.827269760345811123e-01 3.527848935056872026e-01 1.164403567515728821e-01 1.480477737081588308e-01
4.220638439353376903e-01 3.683246701053616845e-01 9.341578984274861996e-02 1.161956961165519220e-01
4.445983003326804961e-01 3.888796272864404879e-01 7.344547461548162071e-02 9.307659776539733976e-02
4.431757336873000663e-01 4.188934337747200476e-01 5.850773852441000511e-02 7.942309401356993648e-02
4.206558455402439889e-01 4.592556468903718492e-01 4.801199935891383580e-02 7.207650821047023593e-02
3.872161722587603161e-01 5.053056501097101805e-01 4.096404792060888422e-02 6.651412971092088289e-02
3.515615501282562949e-01 5.507871115085276603e-01 3.718928800987281874e-02 6.046205035334317746e-02
3.151348292742430779e-01 5.938044808669548091e-01 3.642985419658684165e-02 5.463083566221513948e-02
2.744192664029084239e-01 6.380457388239622052e-01 3.737030045919536442e-02 5.016469431393393713e-02
2.272561477888831449e-01 6.882134460334993209e-01 3.747725320963406215e-02 4.705315296798331937e-02
1.763268651789018371e-01 7.440964506668921175e-01 3.493488259730893192e-02 4.464180155689696783e-02
1.294906507596789436e-01 7.969412152501912372e-01 3.091262379039557556e-02 4.265551019973428531e-02
9.568428165172207511e-02 8.347519351698532430e-01 2.826208411785088165e-02 4.130169906057382795e-02
7.846143569724578493e-02 8.514300005465968990e-01 2.926071090464705052e-02 4.084785285151004697e-02
7.395518570718769003e-02 8.505669291401025678e-01 3.430260662111719178e-02 4.117527853159237000e-02
7.565922861560592239e-02 8.410938131686361841e-01 4.158055135831249111e-02 4.166640685744543021e-02
8.123031093196592112e-02 8.261779496183112581e-01 5.068325995531491879e-02 4.190847949440822118e-02
5.578606969882275030e-02 1.808524553530194146e-01 7.450977514103853672e-01 1.826372353777240554e-02
5.491671613232988053e-02 1.399780376958590922e-01 7.927853265470004018e-01 1.231991962481106088e-02
5.772017748155296168e-02 1.148427760914947499e-01 8.179800923995169670e-01 9.456954027435144489e-03
6.665632960825726427e-02 1.050887930616240806e-01 8.196964866478729794e-01 8.558390682245831799e-03
8.461122748436031293e-02 1.086988617703463639e-01 7.978008617901949373e-01 8.889048955098599256e-03
1.129288150042831312e-01 1.239235146377757335e-01 7.531464598322025195e-01 1.000121052573841977e-02
1.477594148214165515e-01 1.477448114664709489e-01 6.930929466501201119e-01 1.140282706199237904e-02
1.818706366195617652e-01 1.764208871328596939e-01 6.290313813459745829e-01 1.267709490160407945e-02
2.111262974654855851e-01 2.071722451422124966e-01 5.676304494515617138e-01 1.407100794074000669e-02
2.327731207072177011e-01 2.371345263131336145e-01 5.140547242553922258e-01 1.603762872425641348e-02
2.428461694553528949e-01 2.622450951869868541e-01 4.760712024063474268e-01 1.883753295131279648e-02
2.410715181238875793e-01 2.774568231179286859e-01 4.586873478613956445e-01 2.278431089678777804e-02
2.322567749825802386e-01 2.789079992429934207e-01 4.608456485053412655e-01 2.798957726908514465e-02
2.226275750688346544e-01 2.667675702017655026e-01 4.765352231534763505e-01 3.406963157592349245e-02
2.168154888464592922e-01 2.467526890204310153e-01 4.961795940710527764e-01 4.025222806205708964e-02
2.155075989983053775e-01 2.254701830478496316e-01 5.124456566890432940e-01 4.657656126480181485e-02
2.166966461082028006e-01 2.051216508104719283e-01 5.239699866456276611e-01 5.421171643569771409e-02
2.198555396089186265e-01 1.850668090781706909e-01 5.315428043679357728e-01 6.353484694497496532e-02
2.265777644047769490e-01 1.653311966701346836e-01 5.339849010121202610e-01 7.410613791296813413e-02
2.366880304092891518e-01 1.458457048608342854e-01 5.306502358632484428e-01 8.681602886662839746e-02
2.475148493431936214e-01 1.261884804823644457e-01 5.226513309822488074e-01 1.036453391921932782e-01
2.563369427307257697e-01 1.071195266096138521e-01 5.115218298484915938e-01 1.250217008111686456e-01
2.650165104883618894e-01 9.126635265315446999e-02 4.985317662213920586e-01 1.451853706370916930e-01
5.398634485763965651e-01 1.533817567367241619e-01 8.426610078857509067e-02 2.224886938983040852e-01
5.708807591380621327e-01 1.460141914566195909e-01 6.660746611638287962e-02 2.164975832889352025e-01
5.895706333249458586e-01 1.391144206405746930e-01 5.345561121239907065e-02 2.178593348220804748e-01
5.871328033147689140e-01 1.360826335961886624e-01 4.267591428464562187e-02 2.341086488043967462e-01
5.529839886049400244e-01 1.437070899418671222e-01 3.561493435530056761e-02 2.676939870978922720e-01
4.834955913361428381e-01 1.713302086325755036e-01 3.318647894171238011e-02 3.119877210895689590e-01
3.858655144532465719e-01 2.276060116508292486e-01 3.378798744149174443e-02 3.527404864544323448e-01
2.772329893772833009e-01 3.138166282942349561e-01 3.528063602075701827e-02 3.736697463077245374e-01
1.814134042754735332e-01 4.123619629704816658e-01 3.585286801338615631e-02 3.703717647406588043e-01
1.140019005406164992e-01 4.995334479492426483e-01 3.547075461410378189e-02 3.509938968960370498e-01
7.340861292939451777e-02 5.712815622051748976e-01 3.465105712854499309e-02 3.206587677368858413e-01
4.982824835432367316e-02 6.317361873395306304e-01 3.368136190880263725e-02 2.847542023973429481e-01
3.509518538304168961e-02 6.794704793847843316e-01 3.232394971941985468e-02 2.531103855127543323e-01
2.452533662343149568e-02 7.141582327634994343e-01 2.956005987335011409e-02 2.317563707397186090e-01
1.643353939767198263e-02 7.378835028091036419e-01 2.504290481727924553e-02 2.206400529759449392e-01
1.054812755148567399e-02 7.508239746782962021e-01 1.978562902060844106e-02 2.188422687496097419e-01
6.976194439753804349e-03 7.467125237726994769e-01 1.564603020300719266e-02 2.306652515845395435e-01
4.799011044034408660e-03 7.136761821853715437e-01 1.272980328449391241e-02 2.687950034860999704e-01
3.537788367616769535e-03 6.408305095219690717e-01 1.096960872046202733e-02 3.446620933899520178e-01
2.760327803465002783e-03 5.379452281546970305e-01 9.802385468995157211e-03 4.494920585728428009e-01
2.187408672488627345e-03 4.389016629618762155e-01 8.660223826467429095e-03 5.502507045391678009e-01
1.771363359162864788e-03 3.744062681197616316e-01 7.466089769132972127e-03 6.163562787519424324e-01
1.583179354205835549e-03 3.506964981384294022e-01 6.488759174401628749e-03 6.412315633329632725e-01
1.685621622258249479e-03 3.575097983901327492e-01 6.034509346342377921e-03 6.347700706412664484e-01
2.173928904499495586e-03 3.806653051840811486e-01 6.251963150014442847e-03 6.109088027614049121e-01
3.296354197948277599e-03 4.037335832745300168e-01 7.294082291436033635e-03 5.856759802360855804e-01
5.390043679764777197e-03 4.121399359208227642e-01 9.081369032007494471e-03 5.733886513674052443e-01
8.975326604887113105e-03 4.074268932534282905e-01 1.143915669755319123e-02 5.721586234441315977e-01
1.607341754129229874e-02 4.055116529377139067e-01 1.511564837452409812e-02 5.632992811464698768e-01
3.145200583571546027e-02 4.091369327359526409e-01 2.118831239939866426e-02 5.382227490289331895e-01
5.933869593358429007e-02 4.022150946904747837e-01 2.866927658493209283e-02 5.097769327910085524e-01
9.591499754158393232e-02 3.789813346465554789e-01 3.533027825733316141e-02 4.897733895545274274e-01
1.326088509238539659e-01 3.563777191201469297e-01 4.161052980062146522e-02 4.694029001553776115e-01
1.692460637927624412e-01 3.504736587467149334e-01 5.050993737496354413e-02 4.297703400855590328e-01
2.172088992573477928e-01 3.547562098396708219e-01 6.582414356337440431e-02 3.622107473396068422e-01
2.954406231425844020e-01 3.389598706043368548e-01 9.273354474199410613e-02 2.728659615110845538e-01
4.042483328108831819e-01 2.821138735391543473e-01 1.313632350170384488e-01 1.822745586329239109e-01
4.995606503009520361e-01 2.083047490406374769e-01 1.774888867313924312e-01 1.146457139270180420e-01
5.421822430950951066e-01 1.451851050167987378e-01 2.364138657101714502e-01 7.621878617793478861e-02
5.165799978783316426e-01 1.050506090854988056e-01 3.211005598844041131e-01 5.726883315176544559e-02
4.293609400268607046e-01 7.921853467412544314e-02 4.418427620539956968e-01 4.957776324501815546e-02
3.090449174040089675e-01 6.125272992855244208e-02 5.817568016215303173e-01 4.794555104590803030e-02
1.984607580184922226e-01 4.768216955195249407e-02 7.033411061846140955e-01 5.051596624494119475e-02
1.201083656771794461e-01 3.817590735451108913e-02 7.813078276322960036e-01 6.040789933601389133e-02
7.369892039460380906e-02 3.193186287820576341e-02 8.109372388286586464e-01 8.343197789853191992e-02
5.014012993001261409e-02 2.858947557665478256e-02 7.982123069630122636e-01 1.230580875303199234e-01
3.855910435447733320e-02 2.725936208285845153e-02 7.599710439068182444e-01 1.742104896558460680e-01
3.278305426280968965e-02 2.747946779498630296e-02 7.085707134753802539e-01 2.311667644668233268e-01
2.964680374468059432e-02 2.851796069186631616e-02 6.475690181174615923e-01 2.942662174459916846e-01
2.736883136442259598e-02 2.956966595493330449e-02 5.776338655284248835e-01 3.654276371522195421e-01
2.448057520877106735e-02 2.987411939623459134e-02 5.001014909808098041e-01 4.455438144141843915e-01
2.034097081011726829e-02 2.889853145337778831e-02 4.187276509558339743e-01 5.320328467806709760e-01
1.572397830206470615e-02 2.709896967720022004e-02 3.399522792859565046e-01 6.172247727347787150e-01
1.192779831566254112e-02 2.555748359427207489e-02 2.701277771295700902e-01 6.923869409604956893e-01
9.332443425292409958e-03 2.444310362848707563e-02 2.090876243431648573e-01 7.571368286030555339e-01
7.992723504946036561e-03 2.393912335924106016e-02 1.617903854871826086e-01 8.062777676486301281e-01
8.015432811321590925e-03 2.476089404047272097e-02 1.333621664741609925e-01 8.338615066740444615e-01
9.556560762109131413e-03 2.742746016126794764e-02 1.213106227674262960e-01 8.417053563091965174e-01
1.283805702816750473e-02 3.197215801582085903e-02 1.190948633019707770e-01 8.360949216540408679e-01
1.789140166872709575e-02 3.791573487642056067e-02 1.190743398721490903e-01 8.251185235827033226e-01
2.483981297140491415e-02 4.520834718613585962e-02 1.172968272225785868e-01 8.126550126198809343e-01
3.411273038303779676e-02 5.428055140799974143e-02 1.134178128141915959e-01 7.981889053947710533e-01
4.669410759318815690e-02 6.424077442704340113e-02 1.079946909113129461e-01 7.810704270684558637e-01
6.412330308178679217e-02 7.837996678342097623e-02 1.026315943446568374e-01 7.548651357901353665e-01
9.351260080834818134e-02 9.503648653778402899e-02 1.012744164227593058e-01 7.101764962311083451e-01
1.435908945173867690e-01 1.151858173736058921e-01 1.042753892427351614e-01 6.369478988662720109e-01
2.193730788169338253e-01 1.332913731123088474e-01 1.105983166555284392e-01 5.367372314152288881e-01
3.110831990920083778e-01 1.392874005815467053e-01 1.156226264738567239e-01 4.340067738525879570e-01
4.041443883035150120e-01 1.310544416954052271e-01 1.146916456177552723e-01 3.501095243833244330e-01
4.881603033242566947e-01 1.148543360604810382e-01 1.086484977491674192e-01 2.883368628660946120e-01
5.550894793909814107e-01 9.854066008337099281e-02 1.031248955787734400e-01 2.432449649468737540e-01
6.079232635709499455e-01 8.510834889563020922e-02 9.936211987912442478e-02 2.076062676542959062e-01
6.544102945159084861e-01 7.324340983263079308e-02 9.493554482458285704e-02 1.774107508268782385e-01
7.013728681588288216e-01 6.144789629309910239e-02 8.756752987040811176e-02 1.496117056776642140e-01
7.485529540578134133e-01 5.041691687156844848e-02 7.780416970131018295e-02 1.232259593693078720e-01
7.828134274324849429e-01 4.261535220394218476e-02 6.921371890339746147e-02 1.053575014601755150e-01
7.856026689347952452e-01 4.027086014238460271e-02 6.662770153483062174e-02 1.074987693879892597e-01
7.391849202360036841e-01 4.494563440702530749e-02 7.436427149098205625e-02 1.415051738659892089e-01
6.285936675571400789e-01 5.651086679126714890e-02 9.247315386015286798e-02 2.224223117914395920e-01
4.607844390458040174e-01 6.941243485657559720e-02 1.116564398507699785e-01 3.581466862468506429e-01
2.870211326976146449e-01 7.261169870822549444e-02 1.158224572364461163e-01 5.245447113577137443e-01
1.575890506324088558e-01 6.237913487363196119e-02 9.984375517634468122e-02 6.801880593176146128e-01
8.151039303222143428e-02 4.676654389668682271e-02 7.656091002626662367e-02 7.951621530448252928e-01
4.467984822834761283e-02 3.461930266690855379e-02 5.929061305708919344e-02 8.614102360476548759e-01
2.996564799560446149e-02 2.878091412400388474e-02 5.164414254314873831e-02 8.896092953372426448e-01
2.526082601666732042e-02 2.759995284876102725e-02 5.009513957986825444e-02 8.970440815547034985e-01
2.440874255620733430e-02 2.873361423817223648e-02 4.995276065200863341e-02 8.969048825536120040e-01
2.454439517467981932e-02 3.043920018450762058e-02 4.800629570926093909e-02 8.970101089315517529e-01
2.430871054821620580e-02 3.165569632912434289e-02 4.348215938306727174e-02 9.005534337395918465e-01
