3.517881039034564949e-02 1.240658425889435701e-01 5.051569324278600004e-02 7.902396537779248220e-01
8.956232223147020388e-02 5.728517565840886977e-02 5.129861467690219334e-03 8.480226406424308250e-01
8.406332062556232110e-02 4.518796000427006965e-02 5.378165305245915205e-03 8.653705540649215822e-01
7.986055947090522911e-02 3.551476742786388585e-02 6.052674447575403897e-03 8.785719986536552062e-01
7.621739913273864464e-02 2.863342732301090918e-02 7.141736185150126225e-03 8.880074373591001491e-01
7.437293555354945740e-02 2.408791872057307673e-02 8.498395026740520122e-03 8.930407506991371314e-01
7.677355080581081681e-02 2.188623226152668425e-02 1.002847204187119583e-02 8.913117448907914575e-01
8.591580713735211261e-02 2.199851634573196657e-02 1.176575704302148563e-02 8.803199194738944300e-01
1.036977024923081137e-01 2.445744810668178115e-02 1.387804522924804274e-02 8.579668041717618543e-01
1.316896743717941021e-01 3.093524549725190642e-02 1.740110359706801071e-02 8.199739765338859288e-01
1.699914437180781723e-01 4.139366218059160885e-02 2.273991100159670001e-02 7.658749830997337860e-01
2.054790640354576814e-01 5.725350671827395682e-02 3.054361846621815590e-02 7.067238107800500879e-01
2.216061944335603606e-01 7.714482770063865735e-02 3.976484347873879971e-02 6.614841343870621060e-01
2.224961705461382666e-01 1.015931459067524190e-01 5.040059060874545888e-02 6.255100929383641262e-01
2.180981166255481496e-01 1.351545647090728608e-01 6.089931529528654075e-02 5.858480033700925738e-01
2.151936600154699397e-01 1.769234120938744381e-01 7.179111569859060460e-02 5.360918121920646984e-01
2.142753457779165704e-01 2.244959269104759847e-01 8.391402252816275442e-02 4.773147047834448986e-01
2.131334736891160875e-01 2.731344932089253552e-01 9.859829831544640599e-02 4.151337347865120542e-01
2.096631609740325086e-01 3.246390932156278941e-01 1.181393347645763592e-01 3.475584110457633491e-01
2.056112735384621470e-01 3.853914981498222647e-01 1.436986977746679828e-01 2.652985305370473834e-01
1.957964584535134001e-01 4.423312017183806399e-01 1.881748058984920036e-01 1.736975339296140119e-01
1.748865074767768368e-01 4.617017110639612398e-01 2.619295013659712623e-01 1.014822800932907304e-01
1.437295744679566445e-01 4.512188015811693376e-01 3.465936048547085813e-01 5.845801909616509667e-02
1.169909765273914465e-01 4.389213333667906225e-01 4.075691321420467084e-01 3.651855796377142388e-02
1.008967704802714027e-01 4.338780814753699366e-01 4.386347991931611179e-01 2.659034885119793482e-02
9.274154053518290919e-02 4.341725716120455880e-01 4.503188705050405471e-01 2.276701734773118116e-02
9.137774380972762955e-02 4.388124043277693009e-01 4.483989607835299207e-01 2.141089107897313493e-02
9.614159206040635841e-02 4.457107149518885758e-01 4.384062510096383702e-01 1.974144197806710840e-02
1.071804539211625440e-01 4.575692692106718695e-01 4.187762197581246237e-01 1.647405711004100784e-02
1.319178184551409172e-01 4.767240736110501809e-01 3.787407511365337154e-01 1.261735679727490032e-02
1.832346155367714502e-01 5.032690776262809251e-01 3.038171791752100614e-01 9.679127661737865068e-03
2.692434512304890393e-01 5.259682926864548413e-01 1.972199143554217993e-01 7.568341727634250726e-03
3.658713030548865208e-01 5.279672018756365048e-01 1.003264439839894329e-01 5.835051085487695001e-03
4.030665999806289923e-01 5.450730835645817285e-01 4.623264813003099410e-02 5.627668324758318928e-03
3.841011330200114759e-01 5.814096135769665219e-01 2.642550318829687064e-02 8.063750214725351820e-03
3.204260782947636055e-01 6.424127540985103968e-01 2.140200835737759294e-02 1.575915924934844295e-02
2.353481126797781764e-01 7.099523844198012412e-01 2.044115864678939035e-02 3.425834425363125796e-02
1.626656038653321590e-01 7.399973139324651505e-01 2.227938008744526424e-02 7.505770211475733256e-02
1.172622765423469715e-01 6.968437559467923759e-01 2.606661813311511242e-02 1.598273493777455367e-01
9.176158637426372333e-02 5.735281143690945660e-01 3.146849257293030805e-02 3.032418066837112014e-01
7.191337854669629936e-02 4.196699739199677981e-01 3.625935250051684489e-02 4.721572950328190577e-01
5.749134509393481057e-02 2.974722017620764491e-01 4.131612301609364352e-02 6.037203301278951662e-01
4.850972958606410840e-02 2.246594376493040446e-01 4.905811414209360066e-02 6.777727186225384060e-01
4.075956766447082213e-02 1.769624740491635706e-01 5.852886435193911663e-02 7.237490939344265461e-01
3.075645220835366775e-02 1.289287575781854212e-01 6.424258074247789219e-02 7.760722094709833208e-01
2.084541515170192094e-02 8.335463326045620958e-02 6.552167784341735024e-02 8.302782737444246441e-01
1.467347710417737754e-02 5.514491481196448497e-02 6.935367215584403722e-02 8.608279359280139875e-01
1.190070502782296369e-02 4.252701367047915376e-02 7.824197722501972929e-02 8.673303040766783267e-01
1.104476434177854155e-02 3.832139007463294944e-02 8.974146164710672391e-02 8.608923839364817088e-01
1.110815208896281242e-02 3.832929262732495679e-02 1.006961247421337274e-01 8.498664305415789544e-01
1.137529955552826419e-02 4.042272779006875899e-02 1.086277004770618837e-01 8.395742721773412631e-01
1.151717818755626684e-02 4.363766435302837698e-02 1.135197769051445593e-01 8.313253805542708541e-01
1.150358735204403716e-02 4.733550599408537646e-02 1.164254857932889159e-01 8.247354208605819359e-01
1.149471208297497826e-02 5.106751279580306474e-02 1.187773949932504070e-01 8.186603801279713766e-01
1.168962551474399952e-02 5.467910488983250550e-02 1.224938534638310150e-01 8.111374161315927367e-01
1.215293896550075255e-02 5.787085537667602947e-02 1.290371275891140923e-01 8.009390780687092315e-01
1.281480113293142001e-02 5.980539282332504591e-02 1.388735097584819500e-01 7.885062962852614765e-01
1.358815571287360843e-02 5.959137726246522410e-02 1.519540243959768833e-01 7.748664426286842044e-01
1.443223468769407568e-02 5.783048700214078047e-02 1.675610949277787087e-01 7.601761833823864611e-01
1.522195800675960400e-02 5.625348724421723456e-02 1.833054390564842762e-01 7.452191156925388471e-01
1.533978413121798307e-02 5.489946201679928028e-02 1.926442014845075601e-01 7.371165523674751974e-01
1.440932075618995938e-02 5.291910852199469689e-02 1.903038110452429099e-01 7.423677596765725362e-01
1.289703004313782174e-02 5.049182854219620709e-02 1.781645036787968539e-01 7.584466377358691780e-01
1.144270288823213445e-02 4.858579487069292907e-02 1.617956841810001545e-01 7.781758180600745201e-01
1.031774766218335193e-02 4.795269639854798233e-02 1.452571388445550171e-01 7.964724170947135029e-01
9.509267540623094969e-03 4.879501690550689524e-02 1.304760125209680210e-01 8.112197030329021397e-01
8.933541220716973916e-03 5.091358436257842346e-02 1.185431752553795237e-01 8.216096991613249800e-01
8.525332004867306260e-03 5.368262573904149237e-02 1.092098353705222707e-01 8.285822068855690503e-01
8.050496153839785396e-03 5.552256180701721500e-02 9.860844534093128610e-02 8.378184966982116233e-01
7.300140538963445155e-03 5.527616572487104030e-02 8.450702479649878363e-02 8.529166689396666667e-01
6.252781279335965607e-03 5.296662900432438231e-02 6.832445275465029444e-02 8.724561369616894435e-01
4.974347818702350328e-03 4.879872567276605233e-02 5.169678828570584139e-02 8.945301382228253440e-01
2.131165053537467397e-03 4.219382667035879303e-02 3.690534438086873203e-02 9.187696638952350670e-01
1.638504457948957924e-02 3.962161857748470323e-02 4.391670837097527147e-01 5.048262531332728953e-01
1.463948666391552168e-02 3.906889113965545529e-02 3.999496358231227622e-01 5.463419863733061099e-01
1.391266262127833012e-02 4.224501879631244877e-02 3.575111108419223860e-01 5.863312077404867484e-01
1.413810402500080554e-02 5.185049694992972108e-02 3.174737093682976630e-01 6.165376896567715814e-01
1.562882659478403644e-02 7.362130006754773193e-02 2.873749716219459183e-01 6.233749017157222960e-01
1.950692409645946382e-02 1.179130754446126028e-01 2.764421156049178818e-01 5.861378848540106379e-01
2.581661786053487950e-02 1.966143226398666122e-01 2.834838970723468909e-01 4.940851624272514786e-01
3.410510863034552087e-02 2.893935996366065466e-01 2.949933760621301082e-01 3.815079156709179631e-01
4.256190007971924483e-02 3.683216498315664555e-01 2.968843234882302951e-01 2.922321266004836993e-01
5.218355395116993506e-02 4.246483921448414578e-01 2.928838715344258548e-01 2.302841823695625789e-01
6.529795848622589605e-02 4.645940528956639670e-01 2.895928953468929201e-01 1.805150932712175915e-01
8.179975013809726025e-02 4.954485669929181157e-01 2.874707390936185325e-01 1.352809437753658972e-01
9.953424158441760705e-02 5.171771999805804265e-01 2.849220468623987479e-01 9.836651157260337119e-02
1.163855057637689927e-01 5.235336429837441630e-01 2.870541788231815161e-01 7.302667242930538372e-02
1.308927948424050691e-01 5.086275872578176482e-01 3.021655797901426355e-01 5.831403810963425166e-02
1.406814869684014369e-01 4.761966328197788645e-01 3.318688458830145183e-01 5.125303432880542326e-02
1.442206790828276242e-01 4.353337037418708033e-01 3.715395952041291028e-01 4.890602197117280281e-02
1.418571828570482085e-01 3.941729791092311030e-01 4.146903548551835739e-01 4.927948317853746846e-02
1.401177612672656891e-01 3.561912311323824909e-01 4.524966768593385869e-01 5.119433074101324699e-02
1.440558295726189209e-01 3.256314729593886015e-01 4.764278070807020926e-01 5.388489038729041281e-02
1.597532445642684540e-01 3.045469334742554879e-01 4.786480154211151805e-01 5.705180654036086374e-02
1.926453032323445225e-01 2.907960130476435201e-01 4.554367648372382171e-01 6.112191888277389989e-02
2.432506923310103208e-01 2.770624885635060708e-01 4.106164491038730713e-01 6.907037000161077300e-02
2.976135333183609899e-01 2.622052953292953181e-01 3.539513049562437175e-01 8.622986639609980797e-02
3.403278051566003826e-01 2.413978696465055584e-01 3.010607931877096743e-01 1.172135320091844540e-01
3.575175663174609553e-01 2.153778342102937449e-01 2.631411981896699115e-01 1.639634012825753329e-01
3.470675632001671840e-01 1.862141406213081996e-01 2.416846775522045465e-01 2.250336186263202642e-01
3.208058349532315612e-01 1.551314952799744684e-01 2.297541573115574054e-01 2.943085124552370369e-01
2.837264747312119306e-01 1.274652136287793558e-01 2.257937274781469106e-01 3.630145841618616642e-01
2.434252445425116318e-01 1.058036640947277035e-01 2.278832598371718920e-01 4.228878315255888976e-01
2.059824278040061352e-01 9.055939534484744313e-02 2.358037871483895653e-01 4.676543897027566343e-01
1.753497539229312285e-01 7.992936708810294277e-02 2.477819258701541016e-01 4.969389531188120324e-01
1.524552717154213921e-01 7.367771020952376682e-02 2.567284132825699006e-01 5.171386047924848572e-01
1.360581794116265120e-01 6.976252658989587352e-02 2.598458902183954922e-01 5.343334037800818725e-01
1.247748101588850578e-01 6.754194026101796589e-02 2.577001041114109769e-01 5.499831454686862076e-01
1.162238040666635774e-01 6.575642077745892655e-02 2.502971893515568147e-01 5.677225858043208895e-01
1.073523500869642128e-01 6.260393978832667905e-02 2.346366792071907514e-01 5.954070309175186759e-01
9.960743378584174801e-02 5.908225826434117256e-02 2.143656782492371904e-01 6.269446297005798474e-01
9.989995332091970714e-02 5.921166963014394546e-02 2.028769727813139190e-01 6.380114042676221509e-01
1.105233618535914619e-01 6.338889365571750978e-02 1.992131095198717006e-01 6.268746349708191890e-01
1.292987519324234613e-01 6.870436877160365774e-02 1.930956974881461452e-01 6.089011818078270410e-01
1.563784156369021627e-01 7.368060675934984260e-02 1.831013439179049740e-01 5.868396336858432427e-01
1.934931846664057487e-01 7.854103179596785833e-02 1.725123424982924480e-01 5.554534410393341393e-01
2.372185900242334833e-01 8.432416788003098407e-02 1.627994603492000092e-01 5.156577817465354263e-01
2.774053089512052428e-01 8.919001619442962214e-02 1.532793745490389770e-01 4.801253003053261859e-01
3.078958134410719749e-01 9.418230359531190587e-02 1.439108310099581345e-01 4.540110519536580402e-01
3.344107982955771274e-01 1.004758957312357065e-01 1.375580467526254791e-01 4.275552592205618119e-01
3.626000992052280103e-01 1.084785370222877965e-01 1.342138791467188674e-01 3.947074846257653258e-01
3.896012623295842525e-01 1.167261927469256527e-01 1.310449877901136428e-01 3.626275571333764103e-01
4.094380340576718180e-01 1.236624042006043839e-01 1.289373612217239451e-01 3.379622005200000889e-01
4.164890603318779361e-01 1.288800254118966093e-01 1.321611143112545184e-01 3.224697999449711583e-01
4.080966019781265830e-01 1.336771541544793107e-01 1.434301914687593216e-01 3.147960523986348402e-01
3.885987363703067299e-01 1.406104542013267844e-01 1.640818326247805992e-01 3.067089768035860531e-01
3.648546503170723709e-01 1.521516656351200036e-01 1.984894531552147956e-01 2.845042308925929686e-01
3.330679165616090565e-01 1.684282358656155609e-01 2.588357318278028951e-01 2.396681157449726263e-01
2.864911633458940288e-01 1.827816543656501092e-01 3.482385186591783199e-01 1.824886636292776809e-01
2.262229142576029361e-01 1.873527688032099736e-01 4.564514294573849829e-01 1.299728874818021074e-01
1.716282865245361278e-01 1.805229619490638648e-01 5.582781867141017873e-01 8.957056481229828948e-02
1.342354331522701005e-01 1.676417032221400594e-01 6.371595803204520569e-01 6.096328330513791499e-02
1.202350109241090703e-01 1.516645820651122967e-01 6.865288334058721187e-01 4.157157360490600084e-02
1.272746985466769454e-01 1.415932550764691655e-01 7.019174189040164880e-01 2.921462747283736991e-02
1.592394702479134894e-01 1.413334332273794292e-01 6.772145348819869071e-01 2.221256164272008421e-02
2.202730940301634022e-01 1.509316145364537898e-01 6.100973048145905686e-01 1.869798661879221516e-02
3.064789583849831800e-01 1.628325132448652235e-01 5.140758665729340260e-01 1.661266179721755665e-02
3.997742612660591943e-01 1.687288677088784328e-01 4.168547291140181077e-01 1.464214191104421837e-02
4.799944605002658959e-01 1.674779303671764807e-01 3.398153735418778520e-01 1.271223559067993607e-02
5.374641325726157159e-01 1.632491108732610496e-01 2.880474052745692903e-01 1.123935127955389898e-02
5.731364263521052660e-01 1.594498152620572595e-01 2.569708748778107843e-01 1.044288350802701285e-02
5.946380338531946919e-01 1.560675627595380921e-01 2.390285734163914433e-01 1.026582997087600348e-02
6.140550515980403024e-01 1.509103171424040490e-01 2.248709699927012307e-01 1.016366126685449081e-02
6.377549692322486141e-01 1.415927334685235239e-01 2.111277169989272395e-01 9.524580300300681396e-03
2.889999461351253074e-02 8.447952673421631475e-01 8.216827093542024285e-02 4.413646710890385683e-02
8.441920401463591794e-01 3.683293981523556859e-02 1.050436558526287173e-01 1.393136418577680530e-02
8.429498730928119965e-01 3.616069987327079349e-02 1.074218676182946280e-01 1.346755941562255421e-02
8.391375899565126639e-01 3.640879294622588469e-02 1.114494053806348306e-01 1.300421171662644385e-02
8.336294377652164744e-01 3.792398812368696220e-02 1.160813713041030371e-01 1.236520280699371192e-02
8.244925955461978040e-01 4.150348134430016656e-02 1.223293720873460666e-01 1.167455102215624908e-02
8.086205851933386812e-01 4.794200626188386410e-02 1.323001397539953772e-01 1.113726879078209657e-02
7.869117966691934196e-01 5.725663400376571066e-02 1.451973989468204884e-01 1.063417038022056692e-02
7.634207587422008334e-01 6.910902930826021140e-02 1.575460002875529175e-01 9.924211661986188579e-03
7.432121094725662180e-01 8.235813542068631810e-02 1.655354007238823977e-01 8.894354382864953432e-03
7.239378095809118063e-01 9.991953655426902281e-02 1.684190723011171897e-01 7.723581563701962041e-03
7.026719567251042964e-01 1.204481876727742096e-01 1.701686522169081617e-01 6.711203385213236963e-03
6.786723961389551363e-01 1.386794466295550587e-01 1.765731177334196045e-01 6.075039498070608154e-03
6.542591311982240976e-01 1.481421114562494479e-01 1.917595069506361216e-01 5.839250394890568852e-03
6.300655180633450980e-01 1.481356488307474240e-01 2.158780585463637436e-01 5.920774559543585253e-03
6.045246553560091884e-01 1.431593310767831084e-01 2.461030819886874110e-01 6.212931578520177606e-03
5.777314994506957957e-01 1.376701790573860440e-01 2.780488074115610164e-01 6.549514080356721481e-03
5.492409188724057811e-01 1.343020719072544888e-01 3.096992634144345447e-01 6.757745805905311133e-03
5.138458023061763802e-01 1.331758896590237717e-01 3.461446331997204418e-01 6.833674835079564178e-03
4.667915542142432872e-01 1.333146844077269799e-01 3.930562051826431147e-01 6.837556195386772576e-03
4.124829260220754801e-01 1.305530181599482975e-01 4.502050320932262095e-01 6.759023724750255757e-03
3.600661900815982364e-01 1.230046191123332772e-01 5.102504871930402253e-01 6.678703613028391314e-03
3.198003512934791126e-01 1.106734194335697585e-01 5.629021222021859394e-01 6.624107070765269251e-03
2.939183402160815417e-01 9.336330684548412029e-02 6.060293337835441774e-01 6.689019154890254309e-03
2.774149775126276696e-01 7.525005383864347142e-02 6.403772245485055414e-01 6.957744100223242113e-03
2.650401045826958346e-01 6.045769902632208703e-02 6.669928822766231225e-01 7.509314114359001008e-03
2.552242943679696174e-01 5.077898727001182999e-02 6.856917687773321779e-01 8.304949584686532535e-03
2.457686904675214778e-01 4.490662665793314356e-02 7.000321191846121671e-01 9.292563689933450860e-03
2.344800086567436215e-01 4.106495976380390711e-02 7.141002966595549895e-01 1.035473491989750451e-02
2.215618662278291406e-01 3.811405630938632938e-02 7.289592297291771494e-01 1.136484773360718452e-02
2.094577253575712894e-01 3.554524881814804388e-02 7.427891013435933276e-01 1.220792448068719858e-02
2.019343270603558005e-01 3.371722590561098548e-02 7.513542218072394308e-01 1.299422522679367052e-02
2.031165537916875818e-01 3.335943200666129788e-02 7.494896588029312801e-01 1.403435539872015421e-02
2.144766339366062646e-01 3.462104168314165953e-02 7.354882864243926788e-01 1.541403795585949768e-02
2.346097621734327676e-01 3.710801538491471235e-02 7.111934680029458056e-01 1.708875443870639527e-02
2.627956630035794272e-01 4.027921250565790617e-02 6.779111757923167447e-01 1.901394869844606761e-02
2.993683228213118164e-01 4.383969955560659826e-02 6.356372537215396745e-01 2.115472390154192472e-02
3.441784669192156643e-01 4.784421082939640385e-02 5.845055616072856175e-01 2.347176064410211316e-02
3.966330126937712142e-01 5.267067786203666335e-02 5.248778189073097789e-01 2.581849053688244078e-02
4.571479949804397869e-01 5.870304141967705447e-02 4.563184487656731791e-01 2.783051483421022584e-02
5.220111255268640171e-01 6.556718763137356354e-02 3.832474713586819237e-01 2.917421548308071072e-02
5.816503832336931135e-01 7.157757213772519833e-02 3.169146687325095635e-01 2.985737589607237452e-02
6.299669355677287585e-01 7.860063084125210042e-02 2.613991376555465651e-01 3.003329593547235735e-02
6.704198187254682972e-01 8.475970857577405648e-02 2.151168073254305924e-01 2.970366537332687351e-02
7.043635075338490203e-01 8.891802723728818580e-02 1.774700222837815866e-01 2.924844294508109621e-02
7.281284026440479895e-01 9.347351679920021250e-02 1.490321456293575153e-01 2.936593492739403635e-02
7.425747327863930769e-01 9.787439693244119610e-02 1.293968911100421559e-01 3.015397917112317208e-02
7.513774507121564472e-01 1.015749771142067936e-01 1.157699220509225829e-01 3.127765012271425948e-02
7.581639293473896313e-01 1.039186224675790471e-01 1.055764169388944407e-01 3.234103124613689484e-02
7.633009315308918463e-01 1.054149895780937402e-01 9.805858796866247229e-02 3.322549092235217022e-02
7.632143025119697555e-01 1.085264732214814565e-01 9.403565756310811041e-02 3.422356670344098295e-02
7.608626697661139415e-01 1.110582042272158787e-01 9.295955584023045393e-02 3.511957016643987156e-02
7.562252214208994294e-01 1.131183473570734482e-01 9.487643951206041482e-02 3.577999170996666589e-02
7.504583370623238991e-01 1.136447265208841428e-01 9.968720254286710103e-02 3.620973387392478066e-02
7.468777300380299300e-01 1.110154418833162598e-01 1.057308329057753543e-01 3.637599517287818524e-02
7.445124857436796750e-01 1.078158572123142228e-01 1.112102062912670858e-01 3.646145075273928698e-02
7.465387172553631379e-01 1.024302748746446362e-01 1.146904683592590429e-01 3.634053951073308586e-02
7.536069022096756331e-01 9.459386590789126137e-02 1.159840574102270899e-01 3.581517447220625844e-02
7.645295491355819095e-01 8.503403757387743844e-02 1.156648020972096264e-01 3.477161119333084527e-02
7.788018264814444702e-01 7.482142360103595513e-02 1.134043656853682275e-01 3.297238423215122921e-02
7.979072298973185484e-01 6.553852388134923102e-02 1.064905684844815875e-01 3.006367773685052203e-02
8.258608051700924158e-01 5.521580156154492353e-02 9.308359803963878187e-02 2.583979522872354231e-02
8.548915836705047733e-01 4.589537049530001411e-02 7.784760542115747028e-02 2.136544041303763825e-02
8.764051088188257177e-01 3.904069171207764921e-02 6.662468803418995777e-02 1.792951143490660593e-02
8.878890858092294280e-01 3.498344678077826980e-02 6.117897914924277925e-02 1.594848826074982823e-02
8.934306282417618927e-01 3.236863850437703138e-02 5.943050002563379786e-02 1.477023322822751047e-02
8.978463355932619905e-01 2.987521953872795608e-02 5.863478948060733831e-02 1.364365538740284524e-02
9.030361174814223180e-01 2.722204911155325091e-02 5.740544700534300215e-02 1.233638640168135958e-02
9.086827251438522879e-01 2.466142676487377908e-02 5.570548324744647312e-02 1.095036484382760737e-02
9.130662369470237127e-01 2.259274077388393961e-02 5.461391093526101609e-02 9.727111343831347165e-03
9.155729918025772296e-01 2.106298400659204623e-02 5.462534372473630551e-02 8.738680466094241733e-03
9.175805741149204442e-01 1.987087739035465692e-02 5.465513479083826398e-02 7.893413703886496130e-03
5.822317864370387579e-04 2.943261796597415256e-02 1.595850935346019824e-03 9.683892993122426018e-01
1.669139309833376772e-01 5.243507220786433054e-01 2.180136918557805670e-01 9.072165508223845043e-02
1.653250237310107118e-01 5.803268572218053256e-01 1.889925515230067576e-01 6.535556752417749637e-02
1.644277517117422316e-01 6.237283215666985514e-01 1.665780045797008169e-01 4.526592214185838625e-02
1.653696306122546533e-01 6.505155426328566026e-01 1.530979915348493758e-01 3.101683522003907331e-02
1.676846905294362144e-01 6.602653899081144528e-01 1.503387467553546630e-01 2.171117280709460376e-02
1.685818612614411460e-01 6.572332113304543144e-01 1.581707249766069190e-01 1.601420243149747485e-02
1.661630631346026066e-01 6.459535426682850856e-01 1.751293323979553618e-01 1.275406179915720105e-02
1.603894476995598450e-01 6.301556210730977492e-01 1.985662501437616134e-01 1.088868108358073683e-02
1.487078445600092114e-01 6.163021817912575084e-01 2.254416375099142222e-01 9.548336138819201943e-03
1.346219885220504842e-01 6.033294174382216601e-01 2.535846748279005358e-01 8.463919211827422226e-03
1.212649604225797123e-01 5.906834045165224589e-01 2.805047272771982181e-01 7.546907783699474508e-03
1.105508654249443556e-01 5.748358878104932179e-01 3.078860763006733281e-01 6.727170463889293496e-03
1.013282122231802251e-01 5.530251211607840611e-01 3.396456411066535730e-01 6.001025509382459933e-03
9.089441439193983452e-02 5.272306515032360030e-01 3.765081293387025352e-01 5.366804766121473745e-03
7.837873481825623212e-02 5.035055840799811389e-01 4.132364530734763397e-01 4.879228028286058602e-03
6.521816021260774809e-02 4.862192358978741913e-01 4.438745458688765910e-01 4.688058020641605768e-03
5.287073198925367618e-02 4.746790872645569870e-01 4.676273345863215525e-01 4.822846159867579668e-03
4.204584425889465460e-02 4.656734624363083053e-01 4.872511513834532626e-01 5.029541921343865137e-03
3.327592446029017936e-02 4.580054243472804765e-01 5.037678164690284621e-01 4.950834723400685151e-03
2.733521539129236955e-02 4.529105683196488763e-01 5.151881587300494170e-01 4.566057559009126417e-03
2.437385999344040405e-02 4.485668270508962330e-01 5.229017832468778604e-01 4.157529708785606681e-03
2.438420673845123621e-02 4.552022857038884873e-01 5.166351552736673236e-01 3.778352283993132842e-03
2.724819319508288429e-02 4.817898393320239059e-01 4.873935858532189025e-01 3.568381619674205855e-03
3.391866934281390772e-02 5.177995887296221733e-01 4.445089240456197577e-01 3.772817881944272745e-03
4.533256593056602529e-02 5.465398164779391443e-01 4.038775423931461606e-01 4.250075198348812928e-03
6.324636432193771196e-02 5.566905118586924495e-01 3.752262594737386658e-01 4.836864345631074723e-03
9.263999719431009749e-02 5.482893374890384086e-01 3.535277337974579437e-01 5.542931519193701993e-03
1.422099430137969689e-01 5.218769883009168886e-01 3.294705107446885273e-01 6.442557940597852875e-03
2.217362608818854164e-01 4.772047216081094501e-01 2.936267736456843469e-01 7.432243864320961860e-03
3.377437267387108366e-01 4.100444691072006598e-01 2.441029685506277414e-01 8.108835603460632160e-03
4.824316916181997095e-01 3.212323949876882412e-01 1.882861117774161375e-01 8.049801616696106166e-03
6.292717846252487979e-01 2.276160474995549410e-01 1.357721237769728140e-01 7.340044098223265888e-03
7.415456332077521306e-01 1.561231294355673593e-01 9.560941492560985633e-02 6.721822431070558282e-03
8.103866343375205616e-01 1.129124806139938098e-01 6.998319892653355467e-02 6.717686121952028827e-03
8.438849622238731030e-01 9.182774027791405780e-02 5.669063511769695252e-02 7.596662380516026360e-03
8.484852907139757150e-01 8.815555740592295741e-02 5.351809240042295496e-02 9.841059479678263347e-03
8.236540216703722717e-01 1.019291634613398306e-01 5.984703649320321367e-02 1.456977837508469271e-02
7.613344174329322867e-01 1.375087299714033706e-01 7.729146953227093719e-02 2.386538306339338819e-02
6.547910984992506567e-01 1.974755385790010476e-01 1.074125222652537043e-01 4.032084065649464699e-02
5.186260157763924461e-01 2.691659831081333887e-01 1.471607694572715230e-01 6.504723165820269770e-02
3.900572062674819152e-01 3.277732630138042724e-01 1.862295437433028888e-01 9.593998697541071541e-02
2.914978972221133890e-01 3.633645122902212088e-01 2.155082112102625624e-01 1.296293792774025344e-01
2.278479738181452552e-01 3.798658938924808215e-01 2.289676860680228965e-01 1.633184462213513322e-01
1.891308454315462351e-01 3.863850807673926968e-01 2.298169074725943395e-01 1.946671663284665899e-01
1.662389155821021036e-01 3.894240340007598111e-01 2.211605480739398943e-01 2.231765023431980521e-01
1.519538186490907994e-01 3.935519986965894113e-01 2.039393665262249078e-01 2.505548161280947705e-01
1.431314552670460150e-01 3.989256207443899194e-01 1.814675768606497930e-01 2.764753471279141617e-01
1.417216787357069019e-01 4.018560383575809358e-01 1.632878974637813896e-01 2.931343854429309670e-01
1.513558733846679660e-01 3.995123297695921671e-01 1.596510696111679006e-01 2.894807272345717442e-01
1.712534904686720261e-01 3.922641831090973308e-01 1.713229108994071825e-01 2.651594155228235161e-01
1.966602199543424911e-01 3.847711826744998898e-01 1.896645359184531143e-01 2.289040614527045325e-01
2.232615486696038765e-01 3.845204513710381855e-01 2.040565893012733223e-01 1.881614106580845325e-01
2.471476408947932690e-01 3.979932408915729525e-01 2.058021381624663693e-01 1.490569800511674370e-01
2.637876267342773029e-01 4.305290916661251299e-01 1.906877916824358254e-01 1.149954899171617140e-01
2.676278625719102355e-01 4.850826218406158463e-01 1.612782584771968730e-01 8.601125711027719778e-02
2.541882461264683424e-01 5.571057017966188907e-01 1.261375658505569930e-01 6.256848622635551027e-02
2.253756600084083350e-01 6.352743210784875805e-01 9.348545996365575927e-02 4.586455894944820727e-02
1.898136271763778415e-01 7.068476573082319581e-01 6.776688976407273246e-02 3.557182575131749569e-02
1.554518335933898210e-01 7.654632124279965311e-01 4.945941646930434449e-02 2.962553750930966776e-02
1.260870045432010422e-01 8.107290287027042464e-01 3.741697026184614278e-02 2.576699649224875946e-02
1.031359024202579411e-01 8.435064166513343009e-01 3.050792943611022393e-02 2.284975149229736061e-02
8.535689608096234948e-02 8.669152909651898220e-01 2.714844236704083702e-02 2.057937058680704701e-02
6.946754600917472156e-02 8.867692217242184594e-01 2.513547571297224115e-02 1.862775655363441141e-02
5.274312401851192350e-02 9.087362261935044705e-01 2.208565798775486214e-02 1.643499180022869530e-02
3.582619021583022950e-02 9.331348261788051657e-01 1.726518518274067215e-02 1.377379842262396042e-02
2.231713967460122877e-02 9.540994133580579240e-01 1.244594805719911185e-02 1.113749891014164002e-02
1.520989702911574280e-02 9.662819017463915028e-01 9.272393117628367418e-03 9.235808106864399139e-03
1.154231418253133870e-02 9.721794070823980283e-01 8.327810395682963551e-03 7.950468339387636516e-03
1.062619396846072907e-02 9.733014911369090028e-01 8.837694121508280973e-03 7.234620773122005417e-03
1.084327773978591668e-02 9.725757184558816437e-01 9.814310557204728239e-03 6.766693247127458094e-03
1.174768471402642782e-02 9.708405960646601107e-01 1.098608902889491173e-02 6.425630192418884529e-03
2.805754525367539984e-02 3.496281924940135566e-01 6.043560733595420009e-01 1.795818889276909122e-02
2.748206368055206711e-02 2.644034106291620057e-01 6.948057673652155986e-01 1.330875832507030440e-02
2.964105891762987277e-02 2.048742477159448128e-01 7.544052109077118429e-01 1.107948245871360343e-02
3.656319574428768676e-02 1.744645115291247328e-01 7.782367447551874484e-01 1.073554797140015803e-02
5.124449810015071355e-02 1.686805187167760567e-01 7.682724012368162825e-01 1.180258194625660728e-02
7.687335789447038992e-02 1.838817072543427744e-01 7.253043065357310804e-01 1.394062831545564603e-02
1.116871579384290936e-01 2.176744702758248440e-01 6.540347116918956427e-01 1.660366009385059322e-02
1.513096936236909551e-01 2.638749995803983950e-01 5.654973146879104240e-01 1.931799210800024327e-02
1.898840255494579354e-01 3.128382713973595353e-01 4.749555131461155044e-01 2.232218990706720183e-02
2.243133516566082897e-01 3.535545260344223339e-01 3.958775953213375942e-01 2.625452698763182033e-02
2.505042216348657425e-01 3.794065228348925123e-01 3.385141941915763564e-01 3.157506133866528480e-02
2.634110347436254274e-01 3.901881051774710452e-01 3.077350542874496275e-01 3.866580579145387914e-02
2.681487691417270280e-01 3.830932672611658263e-01 3.012495797296896871e-01 4.750838386741740998e-02
2.706264130576720994e-01 3.594369352313109278e-01 3.129152073589176464e-01 5.702144435209931250e-02
2.754238178813062099e-01 3.258389213937865070e-01 3.333582816558361972e-01 6.537897906907133572e-02
2.835973801731341837e-01 2.902784495156439659e-01 3.538072075062330124e-01 7.231696280498874085e-02
2.943801324608978365e-01 2.551948303972721432e-01 3.709023671452373883e-01 7.952266999659243774e-02
3.081327242693869262e-01 2.197995140366012790e-01 3.847064480204975823e-01 8.736131367351412935e-02
3.264206934086381073e-01 1.849734501446038681e-01 3.937644705808014400e-01 9.484138586595658449e-02
3.483830861217085961e-01 1.512782137810854965e-01 3.981526693908705727e-01 1.021860307063355844e-01
3.694572412224608193e-01 1.191701605848543566e-01 4.009960148419514647e-01 1.103765833507333594e-01
3.835044952475601399e-01 9.123035511235916273e-02 4.063361659846050356e-01 1.189289836554754815e-01
3.884108484652905591e-01 7.130289743490211829e-02 4.164401219512719465e-01 1.238461321485355426e-01
4.874294252904451952e-01 2.534724888710200852e-01 1.078511884777626773e-01 1.512468973607716816e-01
4.825726769635647062e-01 2.858895467056036810e-01 8.655609801544408843e-02 1.449816783153874966e-01
4.609761473853901115e-01 3.227718596455554922e-01 7.143475878677006674e-02 1.448172341822840936e-01
4.178163576857452655e-01 3.684926545994207658e-01 5.974765727161859136e-02 1.539433304432155647e-01
3.483123468476124751e-01 4.318746027119615416e-01 5.199200451206634210e-02 1.678210459283593081e-01
2.578802610237074799e-01 5.227012049166490648e-01 4.758123362357687125e-02 1.718373004360668477e-01
1.650881671508809545e-01 6.380570688104251209e-01 4.310353872952829568e-02 1.537512253091658232e-01
9.295780172650397466e-02 7.498793135816849142e-01 3.725410963690009569e-02 1.199087750549112097e-01
4.927992064920026782e-02 8.333784980173982726e-01 3.094793147416472628e-02 8.639364985923658757e-02
2.723524487672199929e-02 8.868905078017697008e-01 2.542267836913325238e-02 6.045156895237493305e-02
1.565170409136071306e-02 9.225499688732120562e-01 2.047773309064840688e-02 4.132059394477898689e-02
9.916305648430472769e-03 9.449826945613019058e-01 1.674663467245271486e-02 2.835436511781469493e-02
6.900379302387365035e-03 9.582458864827683165e-01 1.429301936308174405e-02 2.056071485176273403e-02
4.995541982695618499e-03 9.665319304741378792e-01 1.245092822051313206e-02 1.602159932265381781e-02
3.560590431590778936e-03 9.726118584588557825e-01 1.066184157700436619e-02 1.316570953254904593e-02
2.490682182943051905e-03 9.772223863486507733e-01 8.975772133296594166e-03 1.131115933510958363e-02
1.797156200741366729e-03 9.799027980856123143e-01 7.780588925864646843e-03 1.051945678778133143e-02
1.430565158030990382e-03 9.798303332938350652e-01 7.371941049925039707e-03 1.136716049820908972e-02
1.320692258014893351e-03 9.757931141268825215e-01 7.934224601039450986e-03 1.495196901406297199e-02
1.390480432204846926e-03 9.664337452137450324e-01 9.411201087286453354e-03 2.276457326676373932e-02
1.501357494984047929e-03 9.524072383255542951e-01 1.097871007255680868e-02 3.511269410690491533e-02
1.511080903804360061e-03 9.388891296607919656e-01 1.133770122364645937e-02 4.826208821175732855e-02
1.422077367948782227e-03 9.319901745042429297e-01 1.018474658445461811e-02 5.640300154335387700e-02
1.370878915357544390e-03 9.314422742896047991e-01 8.652067697151226769e-03 5.853477909788658978e-02
1.461024163555085494e-03 9.328557039305891418e-01 7.660434082124469371e-03 5.802283782373143795e-02
1.783449283696158247e-03 9.312681921682220976e-01 7.599304115529757937e-03 5.934905443255208968e-02
2.391888662354822465e-03 9.236523587593715723e-01 8.367214763092750002e-03 6.558853781518078629e-02
3.317386578091650363e-03 9.105689000335327465e-01 9.635460304456963318e-03 7.647825308391872912e-02
4.847162722172318819e-03 8.959073754251263288e-01 1.148529164415954332e-02 8.776017020854161299e-02
7.691810688311799364e-03 8.816681396734468157e-01 1.412131504299416265e-02 9.651873459524717980e-02
1.345866759074551208e-02 8.635502183724481640e-01 1.706760186009605162e-02 1.059235121767106713e-01
2.169773228996898715e-02 8.372396567016925362e-01 1.984136839350300607e-02 1.212212426148360778e-01
3.403727434808934832e-02 8.010060564212567735e-01 2.322226408700844846e-02 1.417344051436454366e-01
5.141205140960122821e-02 7.646783633211555742e-01 2.780224838253112646e-02 1.561073368867123834e-01
7.523975883395120356e-02 7.378343669848961284e-01 3.417614494682191806e-02 1.527497292343307500e-01
1.114784503419884581e-01 7.095562501714973713e-01 4.508184728769974031e-02 1.338834521988148674e-01
1.686223881543547354e-01 6.519863646511953048e-01 6.700031112805258926e-02 1.123909360663972595e-01
2.393121124721265258e-01 5.581940943512996300e-01 1.066043095237065308e-01 9.588948365286753539e-02
2.987993516043402353e-01 4.458580277687265725e-01 1.700998206014640857e-01 8.524280002546878732e-02
3.222060602878178970e-01 3.345256988370478579e-01 2.632701978978891910e-01 7.999804297724530389e-02
2.946747638333868102e-01 2.377328009451083468e-01 3.874798377256319371e-01 8.011259749587268386e-02
2.293382964492322040e-01 1.603752824841000180e-01 5.260281025480069150e-01 8.425831851866082134e-02
1.590703014777165303e-01 1.045931694076190910e-01 6.436355136218854245e-01 9.270101549277916242e-02
1.039840291100162517e-01 6.843206178354563352e-02 7.165911245301728183e-01 1.109927845762656434e-01
6.787671838040285066e-02 4.632053400225417256e-02 7.416851405892467275e-01 1.441176070280963117e-01
4.718060128938186826e-02 3.335250034559461563e-02 7.310546111085154397e-01 1.884122872565083817e-01
3.659049794795693478e-02 2.638326484530876051e-02 7.030781743833045550e-01 2.339480628234294202e-01
3.154802751951989864e-02 2.300808738998285849e-02 6.695207125696498451e-01 2.759231725208474706e-01
2.917906447869689918e-02 2.135783753379338207e-02 6.331145635309669562e-01 3.163485344565426516e-01
2.786272900761186527e-02 2.032541156718991812e-02 5.945737382289024708e-01 3.572381211962958325e-01
2.628011684472650669e-02 1.932596493142368574e-02 5.524454626476914543e-01 4.019484555761581590e-01
2.354360239625653134e-02 1.799605029429657971e-02 5.040548020550849051e-01 4.544055452543622198e-01
1.997680340921940620e-02 1.641069317627034951e-02 4.487652092112002222e-01 5.148472942033097688e-01
1.677867601461851058e-02 1.502998642437728717e-02 3.883593045771022156e-01 5.798320329839017351e-01
1.447303199357808691e-02 1.398681407096257108e-02 3.216658737368162102e-01 6.498742801986433504e-01
1.331264447363584950e-02 1.341457282082107912e-02 2.585399951168377841e-01 7.147327875887053983e-01
1.388562420058122096e-02 1.371076812395411772e-02 2.134440795295310944e-01 7.589595281459338150e-01
1.703460295178275963e-02 1.521254168882178910e-02 1.891009563981739250e-01 7.786518989612215558e-01
2.388408703857715712e-02 1.803942919612443879e-02 1.786607019802274599e-01 7.794157817850707604e-01
3.580378353440306916e-02 2.210135912474783110e-02 1.719613171929143536e-01 7.701335401479351139e-01
5.519152355042827862e-02 2.763511735730933214e-02 1.633207820363843099e-01 7.538525770558780481e-01
8.570472989494851146e-02 3.505997570058844159e-02 1.515445005625010166e-01 7.276907938419618915e-01
1.315138368442302086e-01 4.339776694527634759e-02 1.369576173723793255e-01 6.881307788381141322e-01
2.010062203901492317e-01 5.401858187577696785e-02 1.205306402435576824e-01 6.244445574905160834e-01
3.052057232527503050e-01 6.338447852367561086e-02 1.039084135861223501e-01 5.275013846374519977e-01
4.433513497373862133e-01 6.951421868029047935e-02 8.587873269957986555e-02 4.012556988827433169e-01
5.865897237290140787e-01 6.995441612439634582e-02 6.890893158585058298e-02 2.745469285607388676e-01
7.011960986772644011e-01 6.483072744426783551e-02 5.471117718232068605e-02 1.792619966961475353e-01
7.823238648365428149e-01 5.652302904746078771e-02 4.253456159309817325e-02 1.186185445228980923e-01
8.367312427893079940e-01 4.778966471516882947e-02 3.343628743892598787e-02 8.204280505659729272e-02
8.722507747958384572e-01 4.092532454226722322e-02 2.721486690897742533e-02 5.960903375291683182e-02
8.971376217159181543e-01 3.508249056153604772e-02 2.354644014794877310e-02 4.423344757459692772e-02
9.163163280730186599e-01 2.941617955638935189e-02 2.113179421912913386e-02 3.313569815146254899e-02
9.314928803131103940e-01 2.403467103092795862e-02 1.930563092628462610e-02 2.516681772967721900e-02
9.421185222250373359e-01 1.990697330211146920e-02 1.818348983871017482e-02 1.979101463414105130e-02
9.456576046194483665e-01 1.819878731782742509e-02 1.853385027079467937e-02 1.760975779192993501e-02
9.373185527682704743e-01 2.027388138325007805e-02 2.192192542664266747e-02 2.048564042183683570e-02
9.048527537735491233e-01 2.927777984606400388e-02 3.225952533818335355e-02 3.360994104220357825e-02
8.217751041157550507e-01 5.092120926390682895e-02 5.699413294807847280e-02 7.030955367225968922e-02
6.612950573067049032e-01 8.668276173085516512e-02 1.010755037867890338e-01 1.509466771756509951e-01
4.481872550277228862e-01 1.190762451556787727e-01 1.571819938319032606e-01 2.755545059846952749e-01
2.638753204884228265e-01 1.268482251839551933e-01 1.990061894353959138e-01 4.102702648922261219e-01
1.456549131188035473e-01 1.124102899138167411e-01 2.156320599219179179e-01 5.263027370454617104e-01
8.295230058726200950e-02 9.323310718712250755e-02 2.154826951199764473e-01 6.083318971056390634e-01
5.503317339187083213e-02 8.022786929345929186e-02 2.148224260159176668e-01 6.499165312987521537e-01
4.375833765580085938e-02 7.529110143453318638e-02 2.182303178467693006e-01 6.627202430628962304e-01
3.861973395797620168e-02 7.535077151705041332e-02 2.179498606919447468e-01 6.680796338330284856e-01
3.504887591739355018e-02 7.720751426692142039e-02 2.069351497181295130e-01 6.808084600975558009e-01
3.151422580497575954e-02 7.842308192645033871e-02 1.842010844569268446e-01 7.058616078116473069e-01
