7.093596220601133470e-03 1.014139951548636009e-01 8.694562011349326047e-01 2.203620748960251688e-02
6.452953613506866581e-01 3.393075511364967989e-01 1.097943196837223960e-02 4.417655544444311182e-03
5.730173402320473119e-01 4.110986074361153153e-01 1.151158287947231899e-02 4.372469452365236771e-03
4.921867489319060041e-01 4.922741516625650515e-01 1.142189675523364381e-02 4.117202650295256373e-03
4.051775232672514826e-01 5.797170008024685739e-01 1.135121712338671950e-02 3.754258806893355418e-03
3.149728066510700253e-01 6.707466041037160043e-01 1.101008983065387102e-02 3.270499414560156665e-03
2.274656384681524590e-01 7.595427887379133658e-01 1.029080103975949130e-02 2.700771754174710344e-03
1.533699697106231385e-01 8.352844827661022320e-01 9.211811124691828348e-03 2.133736398582811080e-03
9.865331361830352586e-02 8.917713249407649423e-01 7.927451747255615314e-03 1.647909693675853006e-03
6.306525126227997824e-02 9.291048119346829726e-01 6.558539686924878473e-03 1.271397116112262882e-03
3.977220711586076235e-02 9.540837615800625837e-01 5.174079966546482438e-03 9.699513375298159839e-04
2.507468099587847540e-02 9.702968099449419404e-01 3.898879202649545642e-03 7.296298565300598539e-04
1.656667634873083481e-02 9.799639998785556472e-01 2.910930624964897483e-03 5.583931477486480787e-04
1.175290608881624822e-02 9.855880556879539345e-01 2.215519910163306263e-03 4.435183130664228880e-04
8.983992996887572163e-03 9.889097102808592776e-01 1.739480187742759769e-03 3.668165345101939787e-04
7.333799108218222798e-03 9.909395329573411626e-01 1.413030726400478412e-03 3.136372080399733972e-04
6.263977466503790024e-03 9.922871831044624003e-01 1.176168776919882383e-03 2.726706521137320762e-04
5.339129844627439787e-03 9.934644327365911298e-01 9.646969390293858460e-04 2.317404797518144745e-04
4.255987391857873545e-03 9.948240072362126707e-01 7.375161842228300426e-04 1.824891877065405580e-04
3.256187513225524809e-03 9.960694632709872209e-01 5.381809569320177575e-04 1.361682588553140433e-04
2.708643649288005467e-03 9.967676487790657625e-01 4.170139604426392516e-04 1.066936112036820703e-04
2.658955104370270411e-03 9.968815654759558553e-01 3.660923833679800387e-04 9.338703630603538636e-05
3.116087210831921389e-03 9.964280914399328282e-01 3.644893999335702692e-04 9.133194930153959521e-05
4.028792472393119203e-03 9.954940922244933654e-01 3.839381310275625614e-04 9.317717208561881841e-05
5.058365855479396954e-03 9.944628923961413847e-01 3.884306615779979438e-04 9.031108680120758904e-05
5.909201215505031565e-03 9.936366557027379587e-01 3.714031844363094000e-04 8.273989732066836661e-05
6.629743402592425984e-03 9.929436236459214804e-01 3.507501389654538778e-04 7.588281252077273983e-05
7.304762167474136356e-03 9.922884071617250612e-01 3.352033842480737439e-04 7.162728655296802377e-05
7.984830647378416552e-03 9.916196110989279333e-01 3.257361365084009098e-04 6.982211718534441901e-05
8.370243210602586886e-03 9.912470710042802224e-01 3.145483324255291045e-04 6.813745269148697265e-05
8.027721599835257668e-03 9.916147145091923631e-01 2.935103983637683237e-04 6.405349260867297396e-05
7.009549726501271803e-03 9.926657932630768011e-01 2.668226515977105764e-04 5.783435882439378424e-05
5.897207705939936512e-03 9.938004141071572484e-01 2.498081068149544145e-04 5.257008008785659373e-05
5.152657172319300045e-03 9.945410270772514494e-01 2.554035561591296759e-04 5.091219426982733991e-05
4.870807096755629118e-03 9.947847987972358030e-01 2.904997992130526696e-04 5.389430679560725928e-05
5.007757075209824313e-03 9.945684122678495331e-01 3.615061581922621777e-04 6.232449874830296027e-05
5.457402089244128666e-03 9.939931179905679981e-01 4.727781430910682156e-04 7.670177709666938523e-05
6.119588315734930846e-03 9.931585864335861213e-01 6.246055009996566649e-04 9.721974967935040964e-05
7.167353665445742351e-03 9.918760159541245569e-01 8.294410262775815538e-04 1.271893541518486534e-04
8.942512984012865665e-03 9.897695135314152903e-01 1.115211743940555276e-03 1.727617406311729626e-04
1.123706751734847298e-02 9.870589010755966841e-01 1.473015711639092101e-03 2.310156954156382923e-04
1.333257542212594286e-02 9.845203415852080697e-01 1.858318989448073250e-03 2.887640032177043710e-04
1.451165287629024685e-02 9.829465028841966046e-01 2.210910348021819655e-03 3.309338914910243913e-04
1.423546961242450754e-02 9.829869216706911272e-01 2.434121707888241976e-03 3.434870089963165088e-04
1.250457780882938651e-02 9.847103255223162988e-01 2.461894454660299922e-03 3.232022141940625246e-04
1.007726956529143326e-02 9.872788173988900073e-01 2.358510078745967072e-03 2.854029570725775782e-04
7.949309258435373685e-03 9.895185851947018163e-01 2.278408523629717707e-03 2.536970232328985631e-04
6.496555800033911726e-03 9.909452591808597388e-01 2.318578243973514093e-03 2.396067751329885123e-04
5.633363725386577800e-03 9.916153804411602657e-01 2.506681265188673291e-03 2.445745682645995541e-04
5.195585189275952510e-03 9.916795117069913124e-01 2.856125231043213798e-03 2.687778726893534447e-04
5.032401708938780659e-03 9.912800003703304830e-01 3.374983254540238082e-03 3.126146661905720124e-04
4.951079748692423753e-03 9.906625200019226751e-01 4.014329359102270130e-03 3.720708902828236521e-04
4.674981795417938908e-03 9.902797638341696018e-01 4.612869840097847535e-03 4.323845303147810337e-04
4.005170371571371499e-03 9.905732274654915903e-01 4.951196035762567976e-03 4.704061271743513808e-04
3.130384870644824843e-03 9.914333312357368477e-01 4.957359211493887231e-03 4.789246821243486885e-04
2.422004350713336581e-03 9.923084758009264039e-01 4.789678068796721262e-03 4.798417795635641489e-04
1.978282817553043537e-03 9.929085288084523730e-01 4.619351507596765674e-03 4.938368663977507362e-04
1.657561036116590074e-03 9.932943362434364376e-01 4.528236550392632231e-03 5.198661700543723979e-04
1.359467727453708870e-03 9.934772849028667974e-01 4.609198635325317643e-03 5.540487343538098765e-04
1.129482912157184866e-03 9.932533432129087014e-01 5.009110400279520245e-03 6.080634746546420295e-04
1.048918187686709302e-03 9.923825504218000138e-01 5.867340187183886849e-03 7.011912033292918688e-04
1.151648091405113854e-03 9.907883963183267140e-01 7.215718449444793320e-03 8.442371408234809835e-04
1.444119192497706795e-03 9.887138252597114096e-01 8.811259277169631102e-03 1.030796270621282601e-03
1.848275661589376950e-03 9.870868852710822372e-01 9.852041590315215730e-03 1.212797477013112654e-03
2.146630662087263986e-03 9.872103690991247404e-01 9.335811460590034278e-03 1.307188778198251642e-03
2.313850725453494694e-03 9.889153292155689057e-01 7.465793740954962399e-03 1.305026318022819163e-03
2.560470449346612890e-03 9.906455546966144166e-01 5.521201442772734162e-03 1.272773411266096095e-03
3.127417137846361887e-03 9.913430813558178345e-01 4.248723570719615920e-03 1.280777935616151265e-03
4.263634280771802162e-03 9.907317627195892928e-01 3.633544805102562145e-03 1.371058194536013903e-03
6.277416443648181632e-03 9.886620120621885111e-01 3.492311336635588008e-03 1.568260157527827077e-03
9.525713851329283000e-03 9.848823511137552167e-01 3.689848633553495603e-03 1.902086401361996687e-03
1.404163285711994280e-02 9.795240202363034721e-01 4.058571303412384160e-03 2.375775603164405683e-03
9.449510445196009911e-01 3.294947277363211718e-02 1.991215622734338747e-02 2.187326479423518967e-03
7.225396897661444662e-01 2.318894878859423248e-01 3.204371372353385927e-02 1.352710862437952674e-02
6.817560163403181273e-01 2.566648208776060036e-01 4.376847906367399565e-02 1.781068371840173123e-02
6.269932230011275864e-01 2.880736114587144625e-01 6.092351369362413588e-02 2.400965184653406498e-02
5.575636363244663718e-01 3.256537581615190358e-01 8.424968689764027185e-02 3.253291861637423038e-02
4.786323116619437545e-01 3.654586701308515373e-01 1.125977662230119997e-01 4.331125198419286809e-02
3.998651389964494873e-01 4.012043818909900028e-01 1.431455101581797229e-01 5.578496895438066205e-02
3.403859049848632079e-01 4.202374646319718132e-01 1.702235627333803514e-01 6.915306764978466914e-02
2.987255477325444497e-01 4.284988352307885218e-01 1.906600471878440728e-01 8.211556984882327492e-02
2.632991637990075851e-01 4.372111238887301798e-01 2.057514519864288016e-01 9.373826032583364165e-02
2.271946729622659755e-01 4.520875421729950161e-01 2.177483600902370420e-01 1.029694247745019942e-01
1.920424103082508105e-01 4.726078060348528620e-01 2.272121928784514855e-01 1.081375907784449530e-01
1.599679224187389170e-01 4.972384542885229242e-01 2.344820497187717623e-01 1.083115735739665214e-01
1.323825981746551139e-01 5.251160079466546948e-01 2.388349902992534246e-01 1.036664035794365446e-01
1.074159933172170317e-01 5.560025367731131762e-01 2.418028791469486738e-01 9.477859076272129868e-02
8.988724612937715186e-02 5.832200563409818406e-01 2.433516577900721733e-01 8.354103973956916729e-02
7.914680684302674574e-02 6.050534173480995870e-01 2.435404202059182344e-01 7.225935560295558557e-02
7.625057152475808731e-02 6.152007710650118089e-01 2.457526926645713095e-01 6.279596474565876663e-02
7.943177730766307065e-02 6.104712047248573858e-01 2.543506102203870189e-01 5.574640774709280211e-02
8.835797215220701772e-02 5.910254649208424027e-01 2.698176668980976634e-01 5.079889602885302724e-02
1.042497629461971442e-01 5.596004857623919637e-01 2.886483042242746211e-01 4.750144706713619464e-02
1.238078202289951968e-01 5.186252896521532652e-01 3.121698558212842589e-01 4.539703429756704323e-02
1.341572615856041761e-01 4.703362600212658284e-01 3.517944180932531806e-01 4.371206029987680791e-02
1.283506250237566315e-01 4.156082268714336725e-01 4.145841974144790498e-01 4.145695069033041719e-02
1.164291614285918597e-01 3.585040055301829676e-01 4.866285969653880716e-01 3.843823607583691376e-02
1.095705246273636357e-01 3.031517224522776166e-01 5.514332297907280633e-01 3.584452312963042064e-02
1.057219527247890006e-01 2.553587663568973598e-01 6.044554726968786040e-01 3.446380822143486206e-02
1.048807969707957477e-01 2.189153054879352522e-01 6.413676629108037153e-01 3.483623463046522234e-02
1.028413755885866365e-01 1.958831950600461169e-01 6.642999150943270648e-01 3.697551425703991118e-02
9.661786285856874268e-02 1.870443831781821997e-01 6.757286421409663957e-01 4.060911182228283539e-02
8.980767622767106551e-02 1.953592596306227280e-01 6.687674421294831362e-01 4.606562201222274416e-02
8.501342705497978713e-02 2.197937650183606761e-01 6.417907374765344786e-01 5.340207045012518999e-02
8.291854949115555484e-02 2.549096413056138322e-01 6.003724277289809175e-01 6.179938147424934164e-02
8.580900536555413627e-02 2.980286030663894525e-01 5.450348475881636734e-01 7.112754397989286270e-02
9.087677888364635581e-02 3.438748267498479838e-01 4.837033905696349612e-01 8.154500379687049105e-02
8.958330765496154424e-02 3.853931662545490022e-01 4.315096026817268338e-01 9.351392340876228670e-02
7.843534381739138139e-02 4.198047491860098512e-01 3.939362636535066464e-01 1.078236433430921626e-01
6.459002693303635134e-02 4.458930903142368507e-01 3.652370931403928211e-01 1.242797896123336299e-01
5.382909226352144277e-02 4.571673815710204924e-01 3.462705190301708091e-01 1.427330071352873042e-01
4.583761150911783155e-02 4.448886328774279697e-01 3.454824737977341687e-01 1.637912818157201966e-01
3.973793766530132887e-02 4.114590917935039283e-01 3.650986689299006160e-01 1.837043016112941685e-01
3.432250499165637875e-02 3.621922444356133752e-01 4.084832928665884100e-01 1.950019577061418152e-01
2.804235308666377588e-02 3.005279957008473724e-01 4.801156350127587236e-01 1.913140161997300137e-01
2.100820549568800655e-02 2.280312311266711744e-01 5.800879111263173016e-01 1.708726522513236146e-01
1.430752032867124886e-02 1.559623135753435974e-01 6.887645557737110957e-01 1.409656103222737544e-01
8.871793764571528698e-03 9.708906410317665048e-02 7.811794869848360801e-01 1.128596551474157772e-01
5.287614068477304065e-03 5.755518522904837231e-02 8.435665625250894362e-01 9.359063817738463853e-02
3.332719249921045276e-03 3.402887080436269029e-02 8.767180603016889728e-01 8.592034964402738006e-02
2.165944755721869140e-03 2.238911211738670373e-02 8.839331839724455797e-01 9.151175915444535736e-02
1.693878363759939712e-03 1.691918926822968267e-02 8.674074163141682892e-01 1.139795160538423918e-01
1.747959335367257070e-03 1.650602826407632576e-02 8.231072766475571179e-01 1.586387357529994158e-01
2.461600790461152682e-03 2.168696998921259764e-02 7.494430246402031814e-01 2.264084045801232348e-01
4.445071742273393883e-03 3.689975598444557303e-02 6.507244633347553098e-01 3.079307089385256990e-01
9.421675488236976037e-03 7.418249903777522636e-02 5.368198977070020028e-01 3.795759277669855103e-01
2.019088785731953245e-02 1.500111915901306270e-01 4.163525869794885703e-01 4.134453335730615131e-01
3.825765208820727098e-02 2.651665606055967350e-01 3.038718993835338722e-01 3.927038879226620316e-01
6.337281482601367366e-02 3.944424932438314046e-01 2.150917590053610939e-01 3.270929329247939110e-01
9.803638337913050949e-02 5.012187626510766769e-01 1.518031383525621503e-01 2.489417156172307743e-01
1.503994217943972478e-01 5.552511230289668420e-01 1.118770723178474646e-01 1.824723828587883623e-01
2.290193359021537589e-01 5.462320717854624030e-01 8.912180236432797054e-02 1.356267899480558814e-01
3.230387052568480799e-01 4.974364730330037010e-01 7.507696593837379084e-02 1.044478557717743311e-01
4.091999108625387072e-01 4.428187371996134547e-01 6.508007426145402674e-02 8.290127767639372813e-02
4.764074654193615199e-01 3.978808477925402376e-01 5.785182917172471129e-02 6.785985761637353120e-02
5.232552460339244815e-01 3.661156433774028218e-01 5.295988603202370776e-02 5.766922455664877378e-02
5.535801210272119910e-01 3.454550583004633024e-01 5.002516580117764844e-02 5.093965487114692631e-02
5.720362143028991930e-01 3.325593960907230473e-01 4.868540746714736245e-02 4.671898213923016130e-02
5.822987476354545278e-01 3.247053769499796960e-01 4.862337499095277515e-02 4.437250042361286922e-02
5.872034112953721241e-01 3.201586336654480003e-01 4.903492041128275358e-02 4.360303462789692081e-02
5.840901924592009076e-01 3.201894802182481126e-01 5.127673878497902155e-02 4.444358853757190975e-02
5.744776715576994652e-01 3.238027589632113679e-01 5.485468970871879013e-02 4.686487977037052249e-02
5.570799837759052853e-01 3.313801464060148749e-01 6.078831594284424961e-02 5.075155387523542366e-02
5.335384030712694292e-01 3.420519546711714987e-01 6.823541311896821893e-02 5.617422913859063810e-02
2.715316065357388856e-02 1.151701491380895254e-01 1.478796293381580418e-01 7.097970608701785755e-01
4.942247552133401389e-01 4.927386524486793706e-01 1.129631400836502049e-02 1.740278329615461495e-03
4.031562783921083803e-01 5.822595994473621639e-01 1.284973841187548628e-02 1.734383748653820943e-03
3.121263407214185381e-01 6.719780661240890574e-01 1.416923025918468727e-02 1.726362895307626379e-03
2.370943249088851290e-01 7.461944982502992652e-01 1.498402011623380797e-02 1.727156724581806755e-03
1.812578575037145368e-01 8.018026677073525343e-01 1.520823043362412065e-02 1.731244355308802834e-03
1.411413722549275385e-01 8.420077757764753423e-01 1.509421298174925576e-02 1.756638986847978588e-03
1.157898731180604102e-01 8.675938795093608435e-01 1.482286968141797827e-02 1.793377691160693860e-03
9.853494746445448649e-02 8.853848544870549508e-01 1.425000513596761699e-02 1.830192912522936787e-03
8.752715194502759533e-02 8.972845268239280081e-01 1.333674627260045438e-02 1.851574958444032618e-03
8.179503913779165303e-02 9.040647745024467108e-01 1.227732591533887627e-02 1.862860444422778129e-03
7.997425972896470003e-02 9.069652088377162524e-01 1.119812151647877480e-02 1.862409916840229154e-03
7.966693149838986743e-02 9.084791648937707853e-01 1.002873686124462760e-02 1.825166746594804454e-03
7.809105811158499610e-02 9.115156479275098311e-01 8.667946820223346865e-03 1.725347140681669127e-03
7.388431188669149219e-02 9.173568726412939522e-01 7.185372409456981975e-03 1.573443062557489461e-03
6.927291787241995902e-02 9.234527279119962850e-01 5.846849876415068439e-03 1.427504339168455053e-03
6.907316653840513132e-02 9.246493868881601186e-01 4.919746068589931492e-03 1.357700504844727967e-03
7.667267883935431627e-02 9.174647001745077635e-01 4.465770967392319879e-03 1.396850018745772340e-03
9.059090025667590473e-02 9.035982119877093988e-01 4.300661753434807492e-03 1.510226002179878386e-03
1.052488589331663782e-01 8.889284835931579032e-01 4.190019756437293567e-03 1.632637717238458880e-03
1.171990725099479047e-01 8.769939192998460475e-01 4.064812803030233568e-03 1.742195387175986135e-03
1.257630584678275931e-01 8.684551043913428803e-01 3.941531080974616623e-03 1.840306059855133756e-03
1.311717526395112521e-01 8.630842241533969172e-01 3.826626294009559393e-03 1.917396913082402904e-03
1.362941268659740024e-01 8.580781206302734443e-01 3.644850879943592210e-03 1.982901623808803679e-03
1.370448455711486546e-01 8.573828887778675023e-01 3.559525293455646517e-03 2.012740357528681849e-03
1.295432028392360380e-01 8.650024089671055627e-01 3.494170679955754030e-03 1.960217513702692572e-03
1.155769406510749053e-01 8.794343091117802214e-01 3.179327963584038536e-03 1.809422273560736330e-03
9.819527021745870499e-02 8.974448624473385649e-01 2.775433818972611842e-03 1.584433516230168313e-03
8.353117453626109079e-02 9.127321302149018489e-01 2.390551025417008649e-03 1.346144223420220115e-03
7.410488934333524236e-02 9.226851053109416112e-01 2.081217987792123060e-03 1.128787357931072604e-03
6.979745905014431151e-02 9.273955597830602082e-01 1.861729144757064310e-03 9.452520220385120155e-04
6.937433619351206227e-02 9.281095325667532148e-01 1.721131467257815649e-03 7.949997724766485205e-04
7.109927151447154037e-02 9.265989241242942320e-01 1.631113282531901961e-03 6.706910787022682873e-04
7.267884672713903482e-02 9.252205390082509640e-01 1.542414073672579303e-03 5.582001909374851309e-04
7.460640450382464983e-02 9.234682590117773149e-01 1.461619538015780304e-03 4.637169463821440686e-04
7.954158335331611152e-02 9.186235690267134935e-01 1.433934400227251721e-03 4.009132197429917895e-04
8.849500889124704839e-02 9.096446813569429857e-01 1.488134722197271284e-03 3.721750296125845539e-04
9.872711914867722538e-02 8.992890528307562192e-01 1.615458207107830189e-03 3.683698134588396858e-04
1.054761680895516252e-01 8.923743315097411033e-01 1.774237803035725062e-03 3.752625976714459846e-04
1.076834160568578003e-01 8.899809684768433815e-01 1.947749947707359775e-03 3.878655185915475673e-04
1.103107364495929388e-01 8.870945559006553349e-01 2.180255926053122507e-03 4.144517236983089417e-04
1.193903348023641481e-01 8.776045154835954154e-01 2.539984963091272002e-03 4.651647509489895767e-04
1.401482113213870784e-01 8.562976288216661569e-01 3.020044287631125455e-03 5.341155693154893283e-04
1.697742594145508488e-01 8.258285533270095513e-01 3.754754635306243715e-03 6.424326231332861455e-04
2.050691621594346592e-01 7.893895975410170074e-01 4.747343951493820588e-03 7.938963480545557609e-04
2.346282493574825545e-01 7.584379307298511064e-01 5.946659347914917335e-03 9.871605647512552567e-04
2.478529339336044690e-01 7.437350822315652588e-01 7.202763457594075526e-03 1.209220377236248749e-03
2.435273744406212248e-01 7.467044818879898793e-01 8.320464391065974380e-03 1.447679280322852063e-03
2.329166434675275510e-01 7.560921881925887211e-01 9.255143472705241667e-03 1.736024867178262649e-03
2.254114692571236311e-01 7.624121026609244067e-01 1.004354893216094329e-02 2.132879149791179312e-03
2.162495652710506866e-01 7.706014080003877886e-01 1.052249011607469219e-02 2.626536612486697706e-03
1.968293748276088440e-01 7.895894559195645312e-01 1.045915610241755084e-02 3.122013150409263908e-03
1.692035614798328425e-01 8.173562468843182938e-01 9.898660416684397154e-03 3.541531219164393771e-03
1.414775802586716869e-01 8.453413833655882836e-01 9.276868662314807779e-03 3.904167713425365279e-03
1.220828507362542725e-01 8.649497586865609877e-01 8.656257729064720588e-03 4.311132848119997481e-03
1.074792302761481549e-01 8.794983374112721464e-01 8.230520933744132211e-03 4.791911378835793725e-03
9.403670710696100665e-02 8.927621399162267712e-01 7.904860316712360863e-03 5.296292660099790120e-03
7.977130140898618105e-02 9.069007096868740847e-01 7.591573230243365937e-03 5.736415673896484539e-03
6.522358421320348376e-02 9.214646086277129555e-01 7.269518678408300009e-03 6.042288480675105447e-03
5.231559453051894126e-02 9.344286225706712745e-01 7.013060045139365983e-03 6.242722853670257775e-03
4.288352418003286287e-02 9.435546829676221270e-01 7.033008316796984793e-03 6.528784535547938611e-03
3.643977044520872038e-02 9.490725918200606515e-01 7.442898571821536177e-03 7.044739162908963612e-03
3.117647821636608182e-02 9.528761140206031266e-01 8.163792416990918802e-03 7.783615346040100892e-03
2.587079304719897346e-02 9.563458943752288777e-01 9.094923055573607765e-03 8.688389521998051909e-03
2.053983256482193667e-02 9.593823176028858368e-01 1.030629292705379993e-02 9.771556905238218405e-03
1.615459734226826552e-02 9.605220903097626550e-01 1.215758256109671087e-02 1.116572978687227664e-02
1.331270203778814852e-02 9.587712536336984170e-01 1.496040132245917559e-02 1.295564300605434385e-02
1.180256410327915409e-02 9.546286504125143235e-01 1.848634761436949991e-02 1.508243786983700860e-02
1.088815514651277593e-02 9.497225073387395300e-01 2.200496635326075132e-02 1.738437116148700001e-02
1.014661093881165550e-02 9.457253519091671778e-01 2.474110690438773713e-02 1.938693024763356310e-02
9.504522197568312028e-03 9.446837449075009552e-01 2.566563683812327773e-02 2.014609605680766843e-02
9.122604051255187030e-03 9.477285739468394032e-01 2.404784816459739141e-02 1.910097383730782403e-02
3.227676249149623745e-03 2.214404031780980442e-01 6.208697287457934921e-01 1.544621918269588334e-01
8.729189005186470673e-01 1.169571877747418442e-01 8.428326578250482093e-03 1.695585128360933749e-03
8.055219054429442194e-01 1.800594421646904142e-01 1.241925695539946792e-02 1.999395436965817861e-03
6.994108915929581061e-01 2.798640317605539662e-01 1.843579905277504746e-02 2.289277593712770939e-03
5.387813180554263948e-01 4.318424183735127819e-01 2.686374280919537338e-02 2.512520761865514544e-03
3.484022615803330503e-01 6.132969557014873452e-01 3.578865226231793539e-02 2.512130455861784090e-03
1.855986511202025457e-01 7.697644492718572762e-01 4.231264763756390629e-02 2.324251970376265720e-03
8.602875948028934627e-02 8.669710437828037630e-01 4.502134501682258927e-02 1.978851720084385136e-03
3.639504250084061449e-02 9.159516455371975452e-01 4.600462499826611651e-02 1.648686963695789086e-03
1.563162748021259749e-02 9.369559442734382015e-01 4.600988390877717993e-02 1.402544337572053136e-03
7.131303810988362697e-03 9.479844950643609991e-01 4.364864145223017883e-02 1.235559672420601628e-03
3.917761684660544912e-03 9.557805561106781367e-01 3.915116167063225489e-02 1.150520534029010394e-03
2.499386398712732677e-03 9.620151679139846701e-01 3.437953600604603394e-02 1.105909681256456167e-03
1.781187486521585220e-03 9.657252883313186542e-01 3.139337873386838229e-02 1.100145448291669267e-03
1.451917722333747338e-03 9.654279954757448712e-01 3.194337654214826627e-02 1.176710259773108488e-03
1.458524034240257219e-03 9.588792537164730900e-01 3.824501171913290143e-02 1.417210530153530145e-03
1.775743663591289106e-03 9.433499926499913091e-01 5.299906717993612543e-02 1.875196506481272701e-03
2.275672167408997974e-03 9.168597351330650680e-01 7.839173242355486348e-02 2.472860275970809475e-03
3.028226773721451239e-03 8.790094943342318112e-01 1.148156520415605508e-01 3.146626850486129896e-03
4.428521505732548220e-03 8.345596380924562574e-01 1.570130265747249343e-01 3.998813827086099629e-03
6.721708986976620941e-03 7.929289031302538815e-01 1.952127406847329050e-01 5.136647198036582186e-03
9.873228123519593377e-03 7.629685529310027414e-01 2.205603612252682866e-01 6.597857720209591992e-03
1.433229378378483680e-02 7.468681493539014449e-01 2.303259866622489049e-01 8.473570200065019820e-03
1.936638255666286654e-02 7.404709700503386838e-01 2.293170887466231267e-01 1.084555864637540105e-02
2.473333196415428148e-02 7.375269048462043120e-01 2.237994719373100072e-01 1.394029125233142360e-02
2.974169291902447471e-02 7.359438304365946149e-01 2.163291406296423969e-01 1.798533601473796886e-02
3.480349596402065177e-02 7.382938327893091568e-01 2.036255318925751789e-01 2.327713935409478699e-02
4.167600024660367969e-02 7.479308690936153914e-01 1.806194144211362707e-01 2.977371623864442929e-02
5.099641491328084364e-02 7.646073192663475071e-01 1.479885104606873392e-01 3.640775535968431009e-02
6.412610095468536386e-02 7.793635871202717613e-01 1.147540349490592387e-01 4.175627697598355975e-02
7.559713312804691721e-02 7.934433388220668570e-01 8.622550457445503358e-02 4.473402347543121993e-02
8.466708420693311310e-02 8.058491036372932292e-01 6.432882339159276541e-02 4.515498876418121837e-02
9.522616797262090094e-02 8.125881052479373423e-01 4.899316390432324059e-02 4.319256287511859943e-02
1.078135299123356566e-01 8.134712978598670485e-01 3.886711813242092750e-02 3.984805409537620774e-02
1.186755252389608828e-01 8.132271712957506171e-01 3.200235207731737946e-02 3.609495138797083613e-02
1.245252722884826607e-01 8.160332101391079007e-01 2.705375361245343502e-02 3.238776395995647539e-02
1.253590423527034814e-01 8.223540197175012167e-01 2.333960529969099362e-02 2.894733263010437069e-02
1.250265563638564281e-01 8.283141317755796651e-01 2.064519964471417737e-02 2.601411221584986472e-02
1.296651004535412932e-01 8.281095197666421548e-01 1.838116175770970404e-02 2.384421802210681327e-02
1.430740548093831499e-01 8.164247290769545140e-01 1.791570685236215654e-02 2.258550926130040507e-02
1.648718993649780362e-01 7.947133153604198919e-01 1.835348810732766178e-02 2.206129716727445178e-02
1.888537198012832652e-01 7.700632998326051304e-01 1.918213029782291426e-02 2.190085006828873873e-02
2.120363960629143563e-01 7.458512637698037073e-01 2.015837561875217718e-02 2.195396454852958229e-02
2.411754266432016014e-01 7.147606383967967103e-01 2.163741007862145585e-02 2.242652488138048572e-02
2.807494412024044150e-01 6.728953135770106009e-01 2.319537060050024316e-02 2.315987462008501155e-02
3.293703698515166867e-01 6.218732374353369563e-01 2.480638722780783428e-02 2.395000548533863724e-02
3.722797489345432975e-01 5.772686754434650513e-01 2.586853977696840917e-02 2.458303584502314829e-02
3.988609259595873313e-01 5.497855952557032522e-01 2.622742322267040613e-02 2.512605556203906243e-02
4.163388539867625693e-01 5.315733921628420511e-01 2.629956058667302227e-02 2.578819326372244064e-02
4.270113646921706030e-01 5.201161207555627941e-01 2.630555923712034685e-02 2.656695531514639483e-02
4.311964191200217122e-01 5.148065822884618781e-01 2.648554431629742897e-02 2.751145427521884193e-02
4.261537596512376402e-01 5.181190783199129957e-01 2.711803778471745530e-02 2.860912424413231819e-02
4.065000005325474786e-01 5.353527083800838637e-01 2.841508756250628667e-02 2.973220352486241613e-02
3.653312774288211551e-01 5.738446923064336458e-01 3.027475572820830310e-02 3.054927453653689950e-02
3.017513984308445862e-01 6.356200029194952750e-01 3.213443813180622693e-02 3.049416051785383205e-02
2.312049815416163667e-01 7.052760382420477647e-01 3.426237669842661926e-02 2.925660351790924235e-02
1.695002234988112200e-01 7.678696205459700774e-01 3.565121666151179619e-02 2.697893929370705560e-02
1.213534259669789700e-01 8.169099755121602691e-01 3.744714107469299808e-02 2.428945744616812022e-02
8.116842090427411893e-02 8.579183617357225566e-01 3.977361192124870271e-02 2.113960543875437192e-02
4.718602253971227595e-02 8.917437104685582705e-01 4.353392530481699219e-02 1.753634168691227055e-02
2.498382525097046780e-02 9.067597861051120978e-01 5.359782973176713261e-02 1.465855891215048570e-02
1.366270239816568845e-02 8.957675626891831167e-01 7.730343040634951590e-02 1.326630450630169981e-02
9.418788555382348604e-03 8.500113334371295348e-01 1.272133843600766756e-01 1.335649364741136637e-02
7.255043493073950675e-03 7.529202969865936845e-01 2.254966029828592566e-01 1.432805653747314285e-02
6.426566855984638081e-03 5.844059783046058332e-01 3.937851946117039703e-01 1.538226022770545348e-02
5.582837916803704351e-03 3.738484279861114534e-01 6.055404361315923634e-01 1.502829796549273039e-02
4.564712515234694602e-03 2.019994168829051251e-01 7.804279441792477678e-01 1.300792642261256425e-02
3.811605920460485204e-03 1.061658267923030613e-01 8.792068278350685384e-01 1.081573945216785827e-02
3.915213341334310496e-03 6.516573057605851149e-02 9.210865421399725417e-01 9.832513942634603377e-03
4.259399049795805151e-03 5.219221923335912866e-02 9.330644321445448197e-01 1.048394957230030893e-02
6.499137101817396844e-03 5.201099618828866622e-02 9.286750823303578928e-01 1.281478437953597997e-02
9.351505838152480987e-03 5.884758042378495507e-02 9.151680718961454630e-01 1.663284184191748255e-02
7.441852997704383466e-01 2.360913876194494498e-01 1.562248234980385259e-02 4.100830260308132441e-03
6.841997124155486665e-01 2.878088224673244766e-01 2.305365969490309752e-02 4.937805422223871289e-03
6.100718116261364399e-01 3.480914351090562131e-01 3.593030312588585407e-02 5.906450138921240552e-03
5.249908197172934443e-01 4.085223113771189740e-01 5.941643023825803754e-02 7.070438667329602238e-03
4.381300642066719986e-01 4.522779123687447611e-01 1.011606178230545633e-01 8.431405601528628446e-03
3.501144440243015299e-01 4.720781636871145825e-01 1.680261253916697783e-01 9.781266896913953096e-03
2.709998676626619862e-01 4.534388114920310242e-01 2.645894629074910798e-01 1.097185793781577968e-02
2.023065804748376828e-01 4.007078709422793872e-01 3.851393682806195651e-01 1.184618030226330596e-02
1.500469282074262667e-01 3.259780760027902180e-01 5.115448567926502710e-01 1.243013899713356699e-02
1.147378208730143456e-01 2.511126360817390046e-01 6.212519860307871289e-01 1.289755701445981055e-02
9.191006809090467022e-02 1.889294916167012228e-01 7.057514200743055799e-01 1.340902021808865197e-02
7.225617591709453114e-02 1.413082555516207151e-01 7.726943617830535072e-01 1.374120674823109747e-02
5.395604158192380401e-02 1.048502760482557528e-01 8.274812226304472107e-01 1.371245973937333142e-02
3.847277194265912720e-02 7.792628845460643217e-02 8.701967759498963062e-01 1.340416365283812056e-02
2.724424778519348236e-02 5.885592405278290001e-02 9.007754184708535172e-01 1.312440969117018887e-02
2.047864672978540190e-02 4.661421056226192766e-02 9.195681436536169429e-01 1.333899905433602595e-02
1.747173964159592918e-02 4.057733427668740872e-02 9.273497380350008701e-01 1.460118804671562895e-02
1.720654575860985566e-02 3.953552483051533256e-02 9.259434674677471389e-01 1.731446194312765210e-02
1.881464652216985334e-02 4.157780974461786766e-02 9.181560617496314913e-01 2.145148198358109298e-02
2.179713521017725281e-02 4.450361705964175213e-02 9.072755650769364077e-01 2.642368265324467752e-02
2.650904679248445445e-02 4.689051869416901996e-02 8.950845597638908968e-01 3.151587474945582307e-02
3.367461283582032922e-02 4.873729258298084566e-02 8.815529496981644453e-01 3.603514488303416474e-02
4.258831224783157787e-02 5.029726983831097481e-02 8.677038876714423532e-01 3.941053024241512881e-02
7.153304241501461380e-01 2.731851345044367108e-01 8.053031103368399335e-03 3.431410242048912786e-03
6.864502596964525694e-01 3.017163364545209503e-01 8.460887477367111387e-03 3.372516371659248832e-03
6.563195257796241577e-01 3.313235358156758625e-01 9.037346479578696121e-03 3.319591925121083247e-03
6.221155656700830816e-01 3.646294174479826622e-01 9.955976521403880203e-03 3.299040360530281889e-03
5.786133781471802795e-01 4.064044043362184944e-01 1.160638606344665397e-02 3.375831453154599926e-03
5.235319885651185112e-01 4.582304852696297282e-01 1.459587266648684593e-02 3.641653498764881296e-03
4.572482166094252176e-01 5.191281265825663516e-01 1.948971543252636315e-02 4.133941375482091951e-03
3.718361566211157987e-01 5.957425655485946159e-01 2.749856088890838962e-02 4.922716941381186269e-03
2.725454874922286219e-01 6.831713761458256817e-01 3.844287426390342877e-02 5.840262098041761052e-03
1.773326824337630447e-01 7.646445509462564960e-01 5.138059977161633929e-02 6.642166848364263083e-03
1.005384484039195947e-01 8.276756847993660404e-01 6.467795581347733636e-02 7.107910983236958267e-03
5.125792848200301510e-02 8.583405505561433335e-01 8.288491037047648891e-02 7.516610591377409674e-03
2.481570928860556136e-02 8.533420259982643641e-01 1.134212582584410572e-01 8.421006454689369466e-03
1.208121842748465825e-02 8.160777238322900473e-01 1.615153275093609009e-01 1.032573023086410038e-02
6.441352752614227899e-03 7.524189611875898853e-01 2.276615567090920222e-01 1.347812935070390704e-02
3.375537070121721432e-03 6.699479262575913641e-01 3.090345089880369156e-01 1.764202768424968926e-02
1.921855358787767599e-03 5.760830809236227035e-01 3.995279701963686536e-01 2.246709352122088291e-02
1.114061406418516420e-03 4.846943581094564357e-01 4.869793521907054834e-01 2.721222829341924873e-02
7.286499041411775585e-04 4.119599940405892502e-01 5.554381575864048015e-01 3.187319846886499386e-02
5.628159045596022817e-04 3.508982235474222833e-01 6.112080685687828474e-01 3.733089197923567665e-02
4.760711735730010271e-04 2.851697638812349389e-01 6.712240585775203217e-01 4.313010636767163064e-02
4.235862705784989982e-04 2.212663230362878486e-01 7.310515642085044785e-01 4.725852648462888078e-02
4.128710530042556458e-04 1.745378924506466312e-01 7.760724772152555184e-01 4.897675928109370552e-02
4.602314980372536552e-04 1.502651137445304430e-01 7.991411562398609281e-01 5.013349851757158832e-02
5.711201054279923389e-04 1.437401865577207782e-01 8.033809288556539308e-01 5.230776448119728306e-02
7.526361940386809514e-04 1.497638281593026421e-01 7.943600762525162562e-01 5.512345939414264873e-02
1.017399408812947248e-03 1.675387578166979696e-01 7.743298034587724477e-01 5.711403931571644443e-02
1.324734312998656445e-03 1.942476517958028337e-01 7.477648629324835650e-01 5.666275095871479289e-02
1.574269950577589618e-03 2.223386409482001058e-01 7.220980460753978480e-01 5.398904302582443332e-02
1.717591344004755103e-03 2.482424329552920528e-01 6.997351984646388301e-01 5.030477723606436441e-02
1.741140974499045440e-03 2.730872415076413540e-01 6.793928607770068906e-01 4.577875674085243873e-02
1.706529864496618637e-03 3.043295153307140621e-01 6.531133877438213275e-01 4.085056706096799189e-02
1.794506129930465441e-03 3.540879576007931462e-01 6.074143816030989074e-01 3.670315466617729561e-02
2.139076310001690722e-03 4.291731832286630466e-01 5.353560376195621862e-01 3.333170284177307957e-02
2.722470053828507461e-03 5.292550466081643590e-01 4.391403495209925678e-01 2.888213381701485241e-02
3.305272573701003094e-03 6.391707156447242744e-01 3.353715317716024491e-01 2.215248000997237579e-02
3.603549758238300434e-03 7.332140799147748300e-01 2.482828200350910564e-01 1.489955029189578284e-02
3.958943407141631531e-03 7.956882806789448148e-01 1.909081928306902431e-01 9.444583083223523010e-03
3.725591446387203128e-03 8.293916096969011775e-01 1.608191213714549594e-01 6.063677485256688954e-03
3.519837018989742990e-03 8.446043566517973389e-01 1.477261491739079169e-01 4.149657155304902791e-03
3.312337725922412726e-03 8.527812611272108656e-01 1.408262877939647773e-01 3.080113352901944854e-03
3.156261436593232102e-03 8.606668767614952253e-01 1.336858526686545701e-01 2.491009133256981162e-03
3.081223827459372844e-03 8.659631775007079479e-01 1.287826861669731648e-01 2.172912504859421130e-03
2.985323170215947904e-03 8.613090706734747304e-01 1.337190518784582560e-01 1.986554277851191458e-03
2.945683119519349434e-03 8.412944756056671691e-01 1.538481301391727007e-01 1.911711135640977582e-03
3.255879497288533854e-03 8.014378018189866060e-01 1.932954689852718899e-01 2.010849698453016660e-03
2.825233396533200717e-03 7.391360508639742699e-01 2.558304244388680537e-01 2.208291300624208500e-03
2.938653996597307121e-03 6.529777712616011698e-01 3.414532636029383172e-01 2.630311138863257892e-03
2.804313796049299080e-03 5.491978254689203753e-01 4.448008368589254080e-01 3.197023876104892418e-03
2.470271018944111482e-03 4.413858215281264985e-01 5.521502749022202394e-01 3.993632550709038699e-03
2.090528852218883488e-03 3.476030763441990690e-01 6.450217859210094495e-01 5.284608882572996123e-03
1.753124849407760926e-03 2.748476108215182623e-01 7.158514713148991238e-01 7.547793014174518887e-03
1.503068281129023688e-03 2.209330041909824682e-01 7.658648559795343536e-01 1.169907154835423194e-02
1.372381503575637778e-03 1.842691130880541872e-01 7.942521963172087807e-01 2.010630909116155329e-02
1.420998103758640274e-03 1.648128332313082700e-01 7.940884409958515189e-01 3.967772766908162635e-02
1.841676307053127922e-03 1.605777870918353445e-01 7.493893525064856398e-01 8.819118409462614605e-02
2.628224606750802998e-03 1.572957328888454909e-01 6.469652439772816122e-01 1.931107985271222627e-01
3.113616418014048329e-03 1.414801085640683687e-01 4.813790892925315368e-01 3.740271857253859578e-01
2.686601591998518616e-03 1.112671022106741098e-01 2.835764873612563464e-01 6.024698088360710413e-01
1.713533782483465983e-03 7.828164576911759986e-02 1.316049330340098300e-01 7.883998874143890445e-01
1.020370661567092602e-03 5.656185472609859266e-02 5.704903050009997589e-02 8.853687441122345403e-01
7.060750174901449846e-04 4.826518697481754772e-02 2.926393999488154790e-02 9.217647980128106378e-01
6.358945498479149413e-04 5.052902854055061482e-02 2.022885458081170873e-02 9.286062223287895323e-01
7.883014046476721813e-04 6.195629105371669443e-02 1.793417037746905529e-02 9.193212371641669156e-01
1.226619725557091378e-03 7.973493905090121847e-02 1.772026000560817521e-02 9.013181812179333896e-01
2.018747845804269060e-03 1.008605050911849099e-01 1.813930950904744585e-02 8.789814375539635183e-01
3.311404770873690399e-03 1.289302028613850681e-01 1.937926998041226284e-02 8.483791223873290432e-01
5.553880980433721810e-03 1.735221580327202806e-01 2.184697957155849399e-02 7.990769814152878237e-01
9.768964068816237203e-03 2.462614683794363823e-01 2.552810691659722353e-02 7.184414606351500199e-01
1.737739227007240386e-02 3.503944493763984092e-01 2.982391165267465200e-02 6.024042467008544621e-01
2.698327774346773872e-02 4.616638670363908958e-01 3.265931923147317312e-02 4.786935359886682617e-01
3.709794431907635637e-02 5.559958588225082377e-01 3.401684605625843877e-02 3.728893508021572378e-01
4.484147140656576103e-02 6.274854879588237511e-01 3.354096083719183136e-02 2.941320797974190104e-01
5.210394152390490641e-02 6.770841898890240795e-01 3.345534844679495801e-02 2.373565201402760283e-01
6.128263834337635552e-02 7.079069928618216823e-01 3.508463581340047488e-02 1.957257329814018898e-01
7.045273025270619438e-02 7.253977834175567851e-01 3.821772759631331118e-02 1.659317587334233624e-01
7.557625740525544811e-02 7.378825438976553963e-01 4.203496504113073129e-02 1.445062336559584937e-01
7.203963651996639350e-02 7.547755900716759392e-01 4.469441874847847329e-02 1.284903546598791246e-01
6.196812593600300317e-02 7.738896247566425801e-01 4.657126541617940402e-02 1.175709838911747629e-01
4.939133911901360391e-02 7.905494623338172877e-01 4.873151799086235941e-02 1.113276805563068739e-01
3.758474840943740181e-02 8.028122913247863757e-01 5.158466843400914131e-02 1.080182918317669355e-01
2.999265791437235110e-02 8.072800182159834970e-01 5.675126663338015548e-02 1.059760572362642289e-01
2.569431327359725931e-02 8.057290091701013734e-01 6.521533121139937161e-02 1.033613463449018777e-01
2.309102689778637710e-02 7.999015069332713335e-01 7.830005617969924836e-02 9.870740998924278087e-02
2.117890830103141483e-02 7.903265063241875499e-01 9.767624264585886285e-02 9.081834272892214122e-02
2.019537409567697880e-02 7.782286840549381690e-01 1.230918668199581650e-01 7.848407502942651714e-02
2.032093712317799283e-02 7.673922975808267211e-01 1.491621852418930916e-01 6.312458005410205575e-02
2.050307782618483732e-02 7.656005223640921509e-01 1.661081971294774695e-01 4.778820268024577822e-02
2.018417838013607246e-02 7.780177709188951241e-01 1.673107445845204710e-01 3.448730611644799243e-02
