6.672504363859322121e-03 6.517683781804972654e-02 9.107014552630178228e-01 1.744920255507323437e-02
5.582006035207507377e-01 4.286708568767091942e-01 9.324055098805612493e-03 3.804484503734579560e-03
4.686793970783464380e-01 5.187377660951740799e-01 8.950153254276291617e-03 3.632683572203191345e-03
3.698735032335345729e-01 6.184893869997185600e-01 8.334260150206546439e-03 3.302849616539631911e-03
2.736942245917981520e-01 7.160009673848186651e-01 7.447629295624106673e-03 2.857178727759132619e-03
1.860234653380545833e-01 8.053275199375142801e-01 6.323841622492586308e-03 2.325173101938649185e-03
1.141490565944772440e-01 8.789761082289965222e-01 5.101702152109731554e-03 1.773133024416444214e-03
6.686268011860399541e-02 9.279100373439560512e-01 3.926743688406826235e-03 1.300538849033159054e-03
3.869470077886924542e-02 9.573482433097649791e-01 3.004120564634005664e-03 9.529353467321623194e-04
2.300610750243794328e-02 9.739668166776817015e-01 2.314640604318236698e-03 7.124352155622995422e-04
1.407096382246173991e-02 9.836172381947194676e-01 1.773130272064087987e-03 5.386677107547680268e-04
8.907871186582485071e-03 9.893395120530040776e-01 1.342801642753047421e-03 4.098151176602890695e-04
6.068335611470602672e-03 9.925768429802145354e-01 1.033233735110574130e-03 3.215876732041752627e-04
4.483278764895598512e-03 9.944354897562229789e-01 8.182681679317706279e-04 2.629633109497218186e-04
3.561721333480002191e-03 9.955476075078916187e-01 6.673475901114683632e-04 2.233235685170856114e-04
3.014300822082829467e-03 9.962281790885293420e-01 5.620676526144617905e-04 1.954524367737591807e-04
2.676245057718998257e-03 9.966630216004832565e-01 4.869888222255596040e-04 1.737445195720742027e-04
2.386915518622355868e-03 9.970426194159437427e-01 4.193618628682973604e-04 1.511032025654651136e-04
2.012778438059466095e-03 9.975238142593326751e-01 3.410353435871051682e-04 1.223719590207404228e-04
1.662934844218936755e-03 9.979712327800968064e-01 2.706176222201703676e-04 9.521475346414766828e-05
1.530492351612424773e-03 9.981564697746588832e-01 2.338393132873361319e-04 7.919856044152822423e-05
1.684518742331077767e-03 9.980088977969024944e-01 2.322438612730718288e-04 7.433959949343130441e-05
2.210310313659915368e-03 9.974504179092890110e-01 2.613600658630309357e-04 7.791171118783035384e-05
3.169120948924658131e-03 9.964382732128824749e-01 3.077089740807750404e-04 8.489686411211447195e-05
4.366199664825279325e-03 9.952030638330011669e-01 3.428547353527796660e-04 8.788176682092107271e-05
5.535570218396729594e-03 9.940234871380604353e-01 3.551725005398834742e-04 8.577014300289629526e-05
6.642690188253483688e-03 9.929176468405196410e-01 3.566765825417892734e-04 8.298638868521847269e-05
7.718554879984008271e-03 9.918428968543855362e-01 3.567835514005283210e-04 8.176471422992169112e-05
8.838004946316597998e-03 9.907190850536248261e-01 3.601005096309017948e-04 8.280949042745941186e-05
9.663680657079924338e-03 9.898931122304542862e-01 3.594327433246284360e-04 8.377436914103748140e-05
9.554973257740347753e-03 9.900210305187888693e-01 3.429435368271184698e-04 8.105268664350835086e-05
8.392250256752815593e-03 9.912220264254733015e-01 3.115860930114027058e-04 7.413722476259731282e-05
6.873070740780403386e-03 9.927772738500352245e-01 2.826736103566726424e-04 6.698179882789634268e-05
5.666632587278491902e-03 9.939976177587155348e-01 2.721673583571218883e-04 6.358229564876993994e-05
4.932520177764244430e-03 9.947161542094453690e-01 2.859462835337618744e-04 6.537932925664356840e-05
4.590241725727823435e-03 9.950109159650850632e-01 3.260797119992498209e-04 7.276259718775620168e-05
4.486212896003693822e-03 9.950359547351942391e-01 3.925317735292622903e-04 8.530059527311522401e-05
4.520504520495310756e-03 9.948919162116248716e-01 4.854570794003179829e-04 1.021221884795562852e-04
4.857941313388042248e-03 9.943953094790543012e-01 6.210698602383590882e-04 1.256793473195299757e-04
5.792857931615961672e-03 9.932110779413338975e-01 8.344359373504341582e-04 1.616281896996009219e-04
7.257280588708309166e-03 9.913974456100591581e-01 1.136880235969383408e-03 2.083935652632408866e-04
8.857311319949096387e-03 9.893733062199159267e-01 1.512384634949002311e-03 2.569978251859365284e-04
1.013096461714810964e-02 9.876484689793396665e-01 1.923702095307163644e-03 2.968643082046450014e-04
1.060326546393587643e-02 9.867992240016110195e-01 2.281066061135710640e-03 3.164444733172498496e-04
1.010153723492515643e-02 9.870840727993362984e-01 2.502556234755742588e-03 3.118337309828909921e-04
9.009053860603357181e-03 9.880764745120286241e-01 2.620509993496732831e-03 2.939616338711908061e-04
7.979279730675100865e-03 9.889821819456919849e-01 2.756969079977985779e-03 2.815692436551544436e-04
7.304750722912530664e-03 9.894238064198074278e-01 2.986659446021333597e-03 2.847834112587927955e-04
6.964468706316628149e-03 9.894127864320219068e-01 3.316744573473452695e-03 3.060002881880853859e-04
6.877924044021431135e-03 9.890373385523650862e-01 3.737389311039441414e-03 3.473480925736782514e-04
6.949843615526427390e-03 9.884126813892659680e-01 4.226020091741442171e-03 4.114549034660019977e-04
6.984278616188426686e-03 9.878316351388987115e-01 4.689191967242424715e-03 4.948942776702645570e-04
6.632440271786358039e-03 9.878581293829573617e-01 4.930240678580361836e-03 5.791896666759672801e-04
5.643440177605350133e-03 9.889624738762103906e-01 4.758387552531329924e-03 6.356983936531857568e-04
4.319076153489403297e-03 9.907994563745660122e-01 4.221905554909316169e-03 6.595619170349472423e-04
3.214545800520865818e-03 9.924863807294465046e-01 3.614162193304308081e-03 6.849112767281710472e-04
2.475389078489733958e-03 9.936468970840887094e-01 3.133162916569561234e-03 7.445509208519177947e-04
1.915589878967721617e-03 9.944476305082923240e-01 2.793430042641248130e-03 8.433495700986472915e-04
1.430159066131936156e-03 9.949857115305213995e-01 2.600388042586296820e-03 9.837413607606214621e-04
1.082532556209391894e-03 9.951021007864980783e-01 2.622411261228465781e-03 1.192955396064134931e-03
9.356618782390620529e-04 9.945953908971900681e-01 2.958984742986727704e-03 1.509962481584102784e-03
9.882693842961898754e-04 9.933580243199567894e-01 3.701132686300374810e-03 1.952573609446978326e-03
1.230849713633565658e-03 9.914482942414701849e-01 4.830371277016605805e-03 2.490484767879888421e-03
1.607550253640906797e-03 9.894500178323969442e-01 5.939267422143478838e-03 3.003164491818553338e-03
1.948345459442613926e-03 9.884631396156720040e-01 6.273005260601850763e-03 3.315509664283548645e-03
2.219069253478288435e-03 9.887228406310075712e-01 5.673682390996716979e-03 3.384407724517402537e-03
2.580174096729340432e-03 9.893867253507485637e-01 4.758282959488241426e-03 3.274817593033929001e-03
3.274418802222028250e-03 9.895340358075478404e-01 4.082936069581397619e-03 3.108609320648698156e-03
4.614550372996111677e-03 9.885942119184509824e-01 3.788603128753387922e-03 3.002634579799989389e-03
6.941319151683561159e-03 9.862017094893407165e-01 3.839219148798909877e-03 3.017752210176862307e-03
1.053387599754384250e-02 9.821181984120186392e-01 4.166331844613539379e-03 3.181593745823933349e-03
1.523277102998636147e-02 9.766988263670701720e-01 4.610453115624251093e-03 3.457949487319155607e-03
9.419234404537615291e-01 4.497270885051438821e-02 1.062191526277841101e-02 2.481935432945439699e-03
6.916424682321730133e-01 2.661572685474305477e-01 3.049202063542763921e-02 1.170824258496897148e-02
6.508103852105798781e-01 2.931613915257504366e-01 4.067346450159694399e-02 1.535475876207258172e-02
5.964025516502181601e-01 3.270929729071595515e-01 5.588405566517292561e-02 2.062041977744944257e-02
5.281634298062987121e-01 3.662152992297748599e-01 7.778001887374318135e-02 2.784125209018346869e-02
4.493273064277172879e-01 4.071455433245181887e-01 1.066939539435984990e-01 3.683319630416603124e-02
3.764427707301909454e-01 4.360793393696839049e-01 1.403999586994134907e-01 4.707793120071195048e-02
3.210071282255745895e-01 4.481118800370598176e-01 1.734106500973425502e-01 5.747034164002295942e-02
2.830901791008119117e-01 4.498106989202008688e-01 2.001192419526721111e-01 6.697988002631515003e-02
2.511113195069483717e-01 4.531515017893128494e-01 2.202955097698560405e-01 7.544166893388315476e-02
2.181673932534319571e-01 4.637086009004199871e-01 2.352048660731425322e-01 8.291913977300570393e-02
1.859259729919532089e-01 4.813312570915573851e-01 2.437957862746477078e-01 8.894698364184140671e-02
1.565577005023951196e-01 5.048282445930181161e-01 2.455444935997350420e-01 9.306956130485173617e-02
1.311908985675745432e-01 5.333456076929524725e-01 2.406013510979858050e-01 9.486214264148716546e-02
1.091263038564044691e-01 5.655329767323757917e-01 2.317717390247448772e-01 9.356898038647494531e-02
9.244571237488691251e-02 5.979525266628548108e-01 2.206535789694165084e-01 8.894818199284192095e-02
8.364488245455772852e-02 6.244682293217735936e-01 2.106134684344618258e-01 8.127341978920674115e-02
8.391344571168625477e-02 6.379103529023396613e-01 2.059018758739999677e-01 7.227432551197406074e-02
9.233872879915513976e-02 6.328109609278854686e-01 2.106818024635556119e-01 6.416850780940368260e-02
1.102123559568834732e-01 6.072719382186442250e-01 2.247408641330576606e-01 5.777484169141466896e-02
1.368317244908059116e-01 5.665771190080447495e-01 2.435095255006200499e-01 5.308163100052940703e-02
1.672119415499566386e-01 5.161226550690890535e-01 2.667033122218959718e-01 4.996209115905841242e-02
1.831654489532375529e-01 4.664944650969870543e-01 3.022117654328242420e-01 4.812832051695117852e-02
1.756527705204130596e-01 4.206329966469296022e-01 3.568387997232567166e-01 4.687543310940042035e-02
1.595205984047747272e-01 3.737293879843591182e-01 4.214257918928596691e-01 4.532422171800668670e-02
1.501077017310820938e-01 3.229523203641082585e-01 4.832196641049003594e-01 4.372031379990937161e-02
1.480669376338963061e-01 2.729540234627059192e-01 5.363126466541984216e-01 4.266639224919927670e-02
1.511550539488006883e-01 2.317606522442066386e-01 5.742537405931643635e-01 4.283055321382844144e-02
1.528557593296393236e-01 2.048470465937761720e-01 5.976051103155469724e-01 4.469208376103743496e-02
1.453382913245290509e-01 1.971853003935883086e-01 6.091550750391043767e-01 4.832133324277824299e-02
1.343939845135093125e-01 2.103364559369806652e-01 6.012203599082174277e-01 5.404919964129259458e-02
1.239149034190060172e-01 2.427307587820854151e-01 5.716281506099730736e-01 6.172618718893520956e-02
1.187422470147067866e-01 2.849695637307494978e-01 5.259033202797900319e-01 7.038486897475393356e-02
1.191608773748527167e-01 3.332794638292199130e-01 4.683921033330871175e-01 7.916755546284021117e-02
1.216732002741768986e-01 3.818169790966308152e-01 4.080924001043164662e-01 8.841742052487618075e-02
1.149216874808096089e-01 4.275506495966746590e-01 3.570199952291638335e-01 1.005076676933515933e-01
9.522917260187369060e-02 4.686128504841778897e-01 3.172074192168566342e-01 1.189505576970917577e-01
7.329450295014461325e-02 4.979148868925076798e-01 2.843077027264409029e-01 1.444829074309068595e-01
5.667873672744299512e-02 5.077443818327062042e-01 2.611641633690088282e-01 1.744127180708417990e-01
4.606863380591435381e-02 4.918235655229798997e-01 2.549706956017102066e-01 2.071371050693953386e-01
3.781584644644676863e-02 4.573913851317931156e-01 2.668280290982337766e-01 2.379647393235262975e-01
3.151321514368794069e-02 4.050994978702246452e-01 3.014942786966420818e-01 2.618930082894456723e-01
2.513201241593566657e-02 3.353473406002388524e-01 3.625488406195315205e-01 2.769718063642938044e-01
1.875746479884464468e-02 2.526246087934390649e-01 4.517369849706818208e-01 2.768809414370344557e-01
1.308984566105651087e-02 1.709354350962256908e-01 5.579682012818784065e-01 2.580065179608392323e-01
8.350917114086425438e-03 1.044071987555697661e-01 6.585415463909957134e-01 2.287003377393482528e-01
5.000257495009487532e-03 5.978617351926573953e-02 7.351298733544556763e-01 2.000836956312689319e-01
2.984193837431748948e-03 3.387559463323686071e-02 7.814980710444946466e-01 1.816421404848365673e-01
1.886006936878569917e-03 2.017540232833240146e-02 7.995405791799012896e-01 1.783980115548874923e-01
1.372853048003883471e-03 1.374744167763588924e-02 7.949526392372660011e-01 1.899270660370942776e-01
1.301243343610334518e-03 1.201400728855116055e-02 7.762011770754517759e-01 2.104835722923866503e-01
1.697629404389195936e-03 1.429797792749396522e-02 7.509055364286190137e-01 2.330988562394978036e-01
2.958934538806916488e-03 2.281331425286103887e-02 7.200273701510084834e-01 2.542003810573237321e-01
6.460590608470877412e-03 4.560510762117123140e-02 6.789237651955788433e-01 2.690105365747794131e-01
1.520867228899456039e-02 9.784276948840493759e-02 6.140129158986060709e-01 2.729356423239942542e-01
3.215362109934779417e-02 1.904373936677232759e-01 5.130524984090001350e-01 2.643564868239291488e-01
5.704346105886122509e-02 3.126265669549642134e-01 3.930246407203243364e-01 2.373053312658502667e-01
8.910450554552883096e-02 4.355449027288285646e-01 2.814051476829424470e-01 1.939454440427002824e-01
1.359150905653476737e-01 5.205194243579536195e-01 1.964262969427109096e-01 1.471391881339878804e-01
2.052257355436881148e-01 5.456229079221587286e-01 1.398565442625098743e-01 1.092948122716430465e-01
2.931324759434973393e-01 5.182538089153139182e-01 1.051234931244613563e-01 8.349022201672730292e-02
3.775544412743624401e-01 4.728147613201781896e-01 8.359534195999784867e-02 6.603545544546170210e-02
4.451173663006369186e-01 4.308818605001649149e-01 7.002718242248309743e-02 5.397359077671515237e-02
4.945095456104101062e-01 3.984658150308622582e-01 6.113827661427981286e-02 4.588636274444787833e-02
5.254360630723994285e-01 3.775661508997670834e-01 5.648069274175424731e-02 4.051709328607962235e-02
5.446684866512856438e-01 3.638899056585140346e-01 5.423554786149566848e-02 3.720605982870475725e-02
5.559277910637510089e-01 3.549352924905615492e-01 5.369914345463671496e-02 3.543777299105071998e-02
5.609302655721950526e-01 3.495192245468423664e-01 5.458197037091924025e-02 3.496853951004355587e-02
5.594920634934062997e-01 3.477054657058652465e-01 5.698952889235564534e-02 3.581294190837296110e-02
5.521080500160298055e-01 3.487758235010139929e-01 6.116856435661023605e-02 3.794756212634609743e-02
5.391330428005838282e-01 3.520363810462606713e-01 6.753082082754177651e-02 4.129975532561368928e-02
5.190381126628995645e-01 3.581258896355954957e-01 7.695691868845443151e-02 4.587907901305034869e-02
3.102851563890036968e-02 1.280184740266764321e-01 1.687798040473509065e-01 6.721732062870723334e-01
5.953175398654771966e-01 3.958166434837841474e-01 7.270840152991199339e-03 1.594976497747636847e-03
5.227188616442934865e-01 4.674113514856803597e-01 8.235174848151125340e-03 1.634612021875388134e-03
4.396418144989613364e-01 5.496093484266123541e-01 9.104515342063908973e-03 1.644321732362624341e-03
3.564492887417115008e-01 6.317308550616905771e-01 1.011816024402523162e-02 1.701695952572672248e-03
2.846073218180985576e-01 7.026521957674114471e-01 1.098174111420549721e-02 1.758741300284580485e-03
2.288448151071224845e-01 7.576005522478461707e-01 1.172989914283955985e-02 1.824733502191995711e-03
1.889352095746243132e-01 7.968034657913479757e-01 1.235377542591040850e-02 1.907549208117433363e-03
1.615802810938218315e-01 8.238179014615110152e-01 1.261618361158339807e-02 1.985633833083541491e-03
1.442088729042582118e-01 8.413792212530513126e-01 1.237249481292426560e-02 2.039411029766098095e-03
1.335425439216955945e-01 8.526502067690868714e-01 1.174231152891946905e-02 2.064937780297959689e-03
1.296225144523917572e-01 8.573744866164001444e-01 1.094245098729892084e-02 2.060547943909426995e-03
1.276194006248053125e-01 8.603854994968379577e-01 9.988313083268418602e-03 2.006786795088315485e-03
1.242390321001394932e-01 8.650133271991738981e-01 8.857358200210257299e-03 1.890282500476481078e-03
1.178047498236230728e-01 8.728495531320242806e-01 7.618668082894733927e-03 1.727028961458128200e-03
1.113703969021753032e-01 8.805595747869472412e-01 6.497845275128122031e-03 1.572183035749180960e-03
1.123931824298116389e-01 8.803481972273387024e-01 5.760063692433286218e-03 1.498556650416309199e-03
1.266776413195032092e-01 8.662729316077304453e-01 5.500087905136718039e-03 1.549339167629724826e-03
1.541841927909695931e-01 8.386237981989993484e-01 5.494143389680393799e-03 1.697865620350650197e-03
1.827577687647971294e-01 8.098540929355864115e-01 5.520205374770176948e-03 1.867932924846390759e-03
2.069443026089340942e-01 7.855408814533253459e-01 5.485978554053720299e-03 2.028837383686731607e-03
2.241026397898133182e-01 7.683001220371493689e-01 5.423030677463610075e-03 2.174207495573760463e-03
2.343776508330731312e-01 7.579762872057957956e-01 5.355039167267920674e-03 2.291022793863342014e-03
2.401418481774915958e-01 7.521694416968998098e-01 5.312690123934957903e-03 2.376020001673239193e-03
2.393750518578907083e-01 7.529557906176097548e-01 5.259534562628698576e-03 2.409622961870343510e-03
2.263669566322818738e-01 7.661925803581082217e-01 5.094030230887514228e-03 2.346432778722385478e-03
1.997762637263988394e-01 7.933229697807863134e-01 4.742293335358091846e-03 2.158473157456696715e-03
1.670738322486179928e-01 8.268184284899705583e-01 4.231137680796448128e-03 1.876601580615421937e-03
1.380006452535333661e-01 8.567653167397495384e-01 3.664587242428342558e-03 1.569450764288710890e-03
1.156418396214179828e-01 8.799124227944011833e-01 3.165746000442906227e-03 1.279991583737985321e-03
1.022088866256672945e-01 8.940447482973745696e-01 2.705757876697590433e-03 1.040607200260712777e-03
9.407259932712709605e-02 9.027298826644190033e-01 2.350795375417855798e-03 8.467226330363134207e-04
8.854967210290295987e-02 9.086838320789559775e-01 2.076548576204492215e-03 6.899472419364219592e-04
8.319659592697328798e-02 9.144161719117297471e-01 1.830161238521353130e-03 5.570709227756872467e-04
7.930513198393546181e-02 9.186137306982493644e-01 1.626339492189651965e-03 4.547978256255291556e-04
8.013495974097552266e-02 9.179555280349067647e-01 1.516123526608737599e-03 3.933886975090359847e-04
8.653016347178157930e-02 9.115790504228999946e-01 1.520301148018596022e-03 3.704849572998691215e-04
9.475881189558035822e-02 9.032576784524036784e-01 1.610495169101242756e-03 3.730144829147568112e-04
9.892764808937831722e-02 8.989609195264138819e-01 1.726856075357857895e-03 3.845763088499655393e-04
9.799925396060901739e-02 8.997516188317744579e-01 1.848464017443255140e-03 4.006631901731659475e-04
9.745096085858626078e-02 9.000994801945422230e-01 2.018746010552512505e-03 4.308129363185865556e-04
1.034362753802241935e-01 8.937775587972300873e-01 2.300084124851585216e-03 4.860816976940047530e-04
1.206706147422378500e-01 8.760648096032646048e-01 2.698864706246301495e-03 5.657109482510607650e-04
1.476263519953991965e-01 8.483669733385245104e-01 3.322286975660776812e-03 6.843876904154383130e-04
1.819805573510820951e-01 8.129709008130121539e-01 4.201030617503676359e-03 8.475112184024340611e-04
2.124262573864741932e-01 7.812320365636642450e-01 5.291640848657288773e-03 1.050065201204266338e-03
2.268972885796462224e-01 7.653840399040912068e-01 6.443051201822402527e-03 1.275620314440417593e-03
2.241584995346947995e-01 7.668378484774193149e-01 7.490352661511364384e-03 1.513299326374413240e-03
2.167526809719487746e-01 7.729789384920011663e-01 8.467711751533896908e-03 1.800668784516007339e-03
2.139356068819221746e-01 7.743927525857481342e-01 9.476273893085623151e-03 2.195366639243939710e-03
2.094173284193963369e-01 7.775690853006316239e-01 1.033388573971211720e-02 2.679700540259800142e-03
1.938974234022040610e-01 7.922163079455184498e-01 1.072980372319254708e-02 3.156464929085027113e-03
1.696172479317492321e-01 8.162284514685252956e-01 1.060736231465900063e-02 3.546938285066428709e-03
1.446064299001525444e-01 8.412387574606782215e-01 1.029072564475591416e-02 3.864086994413448370e-03
1.273351467699828654e-01 8.584803439363247746e-01 9.967538310389247036e-03 4.216970983303259569e-03
1.141590076735192333e-01 8.714061613783429250e-01 9.803399960989755621e-03 4.631430987147972488e-03
1.014571467522577819e-01 8.837429112840782253e-01 9.725674632928204763e-03 5.074267330735763790e-03
8.734818503709515514e-02 8.975072782898095847e-01 9.652306036327221866e-03 5.492230636768322821e-03
7.275270390248346486e-02 9.118014267535066164e-01 9.582750440034556658e-03 5.863118903975248451e-03
6.010261754605934759e-02 9.239675516565573066e-01 9.668560707254770029e-03 6.261270090128646937e-03
5.142645314180373933e-02 9.314438651560282834e-01 1.024754257804617007e-02 6.882139124122057909e-03
4.597119301074830550e-02 9.346628007403364746e-01 1.153076278374728404e-02 7.835243465167774507e-03
4.142952745214652233e-02 9.360570521813098566e-01 1.345408879326072393e-02 9.059331573282898911e-03
3.611422930526113351e-02 9.375916005076510018e-01 1.586539183366814793e-02 1.042877835341974105e-02
2.870069762738906849e-02 9.406723276714541448e-01 1.886954190151032135e-02 1.175743279964622419e-02
2.267856570307827738e-02 9.415329857091391252e-01 2.246911212838286973e-02 1.331933645939980745e-02
1.868974681152986775e-02 9.391393122123324888e-01 2.705512244823213633e-02 1.511581852790555222e-02
1.648607660065540270e-02 9.347735330051174518e-01 3.177201657881364993e-02 1.696837381541355105e-02
1.505674701558326264e-02 9.308489443135092856e-01 3.546084362765040271e-02 1.863346504325722602e-02
1.451972202744310214e-02 9.281256891557154720e-01 3.754374361702443597e-02 1.981084519981716335e-02
1.355843160436448133e-02 9.293280158903144406e-01 3.736344187146709017e-02 1.975011063385385263e-02
1.321367417033977344e-02 9.340758863277750512e-01 3.440371979619066128e-02 1.830671970569491477e-02
2.391202495849166238e-03 1.852033339969837711e-01 6.517990661226760185e-01 1.606063973844915616e-01
6.708315856598184856e-01 3.182306274118071876e-01 8.615640191465439787e-03 2.322146736908916893e-03
5.560907728678308182e-01 4.304270120334683369e-01 1.092072094949343014e-02 2.561494149207516231e-03
4.129347183264767684e-01 5.715353906848549270e-01 1.292414853280384086e-02 2.605742455864549969e-03
2.560634477058766345e-01 7.271188097041026976e-01 1.436811701566511126e-02 2.449625574356106058e-03
1.315882471348514826e-01 8.514511095089449810e-01 1.481734666925679442e-02 2.143296686946994344e-03
6.239572428246349667e-02 9.208449619424955435e-01 1.492877461532236306e-02 1.830539159718575989e-03
2.909936301357408939e-02 9.538576740313132740e-01 1.543940611493548228e-02 1.603556840177066496e-03
1.351399720901465262e-02 9.688457311714807618e-01 1.620213908180977158e-02 1.438132537694655462e-03
6.096971194401288978e-03 9.760409067033110064e-01 1.655603501631995600e-02 1.306087085967820799e-03
3.073329603712315894e-03 9.792497846122567573e-01 1.644127822248298704e-02 1.235607561548142299e-03
1.889718945250682064e-03 9.808573498650257072e-01 1.603125135538253226e-02 1.221679834341043124e-03
1.373404424585239524e-03 9.816303863532445106e-01 1.575547416068322215e-02 1.240735061486859629e-03
1.121237615682238453e-03 9.812203118391704670e-01 1.636324940226860022e-02 1.295201142878544881e-03
1.037640407271528831e-03 9.784837541701425501e-01 1.904873306914451475e-02 1.429872353441501761e-03
1.161436575111571062e-03 9.710536858627257795e-01 2.603985791165610089e-02 1.745019650506910705e-03
1.539173592514255992e-03 9.556072392263165183e-01 4.051775204211842396e-02 2.335835139050843404e-03
2.087884247962930925e-03 9.297145230153863737e-01 6.501340049256257303e-02 3.184192244088006503e-03
2.847481052908780886e-03 8.932678447985540338e-01 9.962271552006533859e-02 4.261958628471800362e-03
4.157946614991336540e-03 8.514573597861589960e-01 1.387533891063484903e-01 5.631304492501234410e-03
6.265097462934108435e-03 8.132264274214464628e-01 1.731607975383888942e-01 7.347677577230295187e-03
9.222107763373663114e-03 7.859490358535816679e-01 1.953832439349658945e-01 9.445612448078755455e-03
1.382564084312515665e-02 7.702165259685619381e-01 2.038484031289226339e-01 1.210943005939022279e-02
1.892871105945034826e-02 7.617445246445702089e-01 2.038148079224973430e-01 1.551195637348193671e-02
2.467952130694075694e-02 7.537252506666947127e-01 2.014502480230652703e-01 2.014498000329922878e-02
3.045236074730082315e-02 7.438833750590890803e-01 1.991621143012288764e-01 2.650214989238140056e-02
3.662384403110258146e-02 7.343494347885886064e-01 1.940787293547099335e-01 3.494799182559912842e-02
4.489172939867367568e-02 7.293008669906961838e-01 1.808630306158881818e-01 4.494437299474172975e-02
5.623415492792586956e-02 7.317765358017300770e-01 1.575440152886065370e-01 5.444529398173761359e-02
7.041035083863791955e-02 7.388761224526475546e-01 1.298475946836063488e-01 6.086593202510801048e-02
8.310964155767726347e-02 7.514217745082174549e-01 1.024361638391245583e-01 6.303242009498047360e-02
9.320411097402182821e-02 7.669900151948035871e-01 7.882063332587908866e-02 6.098524050529569723e-02
1.046623120916162775e-01 7.793092409657097486e-01 6.074261472215823632e-02 5.528583222051609153e-02
1.181692627671682705e-01 7.854289226304973504e-01 4.817751237846022716e-02 4.822430222387422138e-02
1.299419908862480821e-01 7.888171596570550115e-01 3.956679491668074061e-02 4.167405454001648496e-02
1.365759813811271428e-01 7.938345237993309489e-01 3.344907203758560460e-02 3.614042278195686575e-02
1.379824236636903179e-01 8.015568925209053397e-01 2.893942191159693325e-02 3.152126190380719062e-02
1.389390676004034764e-01 8.082377054937924798e-01 2.511252731173155631e-02 2.771069959407219951e-02
1.426934229659136688e-01 8.096549055983499610e-01 2.303011006247310255e-02 2.462156137326335786e-02
1.557162038046739916e-01 7.997332101260117287e-01 2.219618753813260015e-02 2.235439853118198830e-02
1.766855148980286394e-01 7.801530083119314618e-01 2.235824276837678273e-02 2.080323402166321667e-02
1.994836663900325102e-01 7.577503800906902898e-01 2.299683469414466608e-02 1.976911882513253740e-02
2.230322637705169919e-01 7.337168685016397518e-01 2.403031655219986865e-02 1.922055117564364785e-02
2.490004319833083457e-01 7.069236874549357230e-01 2.506813467292864223e-02 1.900774588882725435e-02
2.862606565569478234e-01 6.682111440642739542e-01 2.638140622014913464e-02 1.914679315862898717e-02
3.321063813706675028e-01 6.208102413616858328e-01 2.763550715879467545e-02 1.944787010885151018e-02
3.728388137966396343e-01 5.789273715942258036e-01 2.840750016740689263e-02 1.982631444172741619e-02
3.982713306141119070e-01 5.526346549324410162e-01 2.875189719762418286e-02 2.034211725582306396e-02
4.156767656214392370e-01 5.343602292382033658e-01 2.885164210949085761e-02 2.111136303086668178e-02
4.261546032996969546e-01 5.227519275862230197e-01 2.901063080036145325e-02 2.208283831371853773e-02
4.295103864968822238e-01 5.177701914976290398e-01 2.946783988092276790e-02 2.325158212456611070e-02
4.229076588911827583e-01 5.220356955561236134e-01 3.045695755275524413e-02 2.459968799993821065e-02
4.014233857122488924e-01 5.404004179802095464e-01 3.212357286118951855e-02 2.605262344635215707e-02
3.593258689411805151e-01 5.789163799810781441e-01 3.433946609508006786e-02 2.741828498266133535e-02
2.967300063168842872e-01 6.384000351989576050e-01 3.653612927348078021e-02 2.833382921067736232e-02
2.281645730976157582e-01 7.052602953416715614e-01 3.813769623744640153e-02 2.843743532326612963e-02
1.692056735641321308e-01 7.635951707143532330e-01 3.931885070123061071e-02 2.788030502028397001e-02
1.210432107827856402e-01 8.107817436907664987e-01 4.123211608522425048e-02 2.694292944122334346e-02
8.128834886046955310e-02 8.503958115069152335e-01 4.235815707463015667e-02 2.595768255798494920e-02
4.731813288945581342e-02 8.843571353561513471e-01 4.323459059311608732e-02 2.509014116127674526e-02
2.489410341665479129e-02 9.026850948944529218e-01 4.662406849649933932e-02 2.579673319239276369e-02
1.449085506964292031e-02 8.988480578834712187e-01 5.687575326548052757e-02 2.978533378140553467e-02
9.587133182320302371e-03 8.725238355715516647e-01 7.993876666184659974e-02 3.795026458428156502e-02
7.706679215436945327e-03 8.124598166591323611e-01 1.279804323262355992e-01 5.185307179919523141e-02
7.463745344988980887e-03 6.983588645947857998e-01 2.225828680488531885e-01 7.159452201137177230e-02
7.720859015665800310e-03 5.196324469371950139e-01 3.828483081776773989e-01 8.979838586946177481e-02
7.364593849248052097e-03 3.201970778479761304e-01 5.809536686863799870e-01 9.148465961639588861e-02
6.225931252259039698e-03 1.707074319081988145e-01 7.491420051119543899e-01 7.392463172758763357e-02
5.391534648855056400e-03 9.341193723727056475e-02 8.472680242429668773e-01 5.392850387090719622e-02
5.705308426967533458e-03 6.259259974527879578e-02 8.892091630288643245e-01 4.249292879888918323e-02
7.151970805808273088e-03 5.253878959403448373e-02 9.019149499321861274e-01 3.839428966797110709e-02
9.486265465961993618e-03 5.149005871574900695e-02 9.003293568172141548e-01 3.869431900107479089e-02
7.089111678888054824e-01 2.751734427369345037e-01 1.227611758377997533e-02 3.639271790480004716e-03
6.268587649413094320e-01 3.520364179137489002e-01 1.678929201279989389e-02 4.315525132141784237e-03
5.247623934191010253e-01 4.465173824048639384e-01 2.368311183548492058e-02 5.037112340550034192e-03
4.148872953951436848e-01 5.446112213797530410e-01 3.468941295707649031e-02 5.812070268027055321e-03
3.123061300439106125e-01 6.279965261104999419e-01 5.292231834896709425e-02 6.775025496622302801e-03
2.368278072647467258e-01 6.729100142714933286e-01 8.226833085889849462e-02 7.993847604861102282e-03
1.831827949777615483e-01 6.782555192265451449e-01 1.289268777860942961e-01 9.634808009598851142e-03
1.492649036302670651e-01 6.403031693640880428e-01 1.986987058886251212e-01 1.173322111701969803e-02
1.292135462909494159e-01 5.650958745198356725e-01 2.915316672665084763e-01 1.415891192270613691e-02
1.178489915772144153e-01 4.682671795421763927e-01 3.972083484978747858e-01 1.667548038273435410e-02
1.098752864314289368e-01 3.697293958298624728e-01 5.014232336381118094e-01 1.897208410059666658e-02
9.896312642486596034e-02 2.828714770953023594e-01 5.975342257593920792e-01 2.063117072043988212e-02
8.293570755664222971e-02 2.122037458468285509e-01 6.834893093293381572e-01 2.137123726719125649e-02
6.525392699648499550e-02 1.581365566644468701e-01 7.552471350346523504e-01 2.136238130441566255e-02
5.019621305709705966e-02 1.187649535411223201e-01 8.099064854736727215e-01 2.113234792810786758e-02
4.022288447133658823e-02 9.248110971406886538e-02 8.458851117279910792e-01 2.141089408660348109e-02
3.572198874962435183e-02 7.807985466983732858e-02 8.631929869942218669e-01 2.300516958631628611e-02
3.577909228211246379e-02 7.300342383390076573e-02 8.647639964990689876e-01 2.645348738491776208e-02
3.921147499276041171e-02 7.343833063473259593e-02 8.556638452739687706e-01 3.168634909853801362e-02
4.540125727090609659e-02 7.556683978447796546e-02 8.410407839122102658e-01 3.799111903240560972e-02
5.549111727992710186e-02 7.734927105518075996e-02 8.225925970643755969e-01 4.456701460051631924e-02
7.123614835129540857e-02 7.899432750926412006e-02 7.989875916921830301e-01 5.078193244725773270e-02
9.087633687229242085e-02 8.060302112816705722e-02 7.724161605763485428e-01 5.610448142319200693e-02
6.120153417584386357e-01 3.766188908942880165e-01 7.977321482061287480e-03 3.388445865211966220e-03
5.612574162347743201e-01 4.272757376035964394e-01 8.131165043515445681e-03 3.335681118113873345e-03
5.077612736437148167e-01 4.806422752919290997e-01 8.326424082095674681e-03 3.270026982260313981e-03
4.555164839424867274e-01 5.329833332200732965e-01 8.338622577005348410e-03 3.161560260434393126e-03
3.978078225964082892e-01 5.900825163083848190e-01 8.969255468689282459e-03 3.140405626517509940e-03
3.404335798536295421e-01 6.460071880694218116e-01 1.031165527676408851e-02 3.247576800184576000e-03
2.843235067957677886e-01 6.993841098937184642e-01 1.275778816002528376e-02 3.534595150488171154e-03
2.264266279925924163e-01 7.529134147585894166e-01 1.665669800145621812e-02 4.003259247361975852e-03
1.662621840452042088e-01 8.070311295300737209e-01 2.212922939326147226e-02 4.577457031460559905e-03
1.119184720206849032e-01 8.536628341950562859e-01 2.925179455206232057e-02 5.166899232196500713e-03
6.801705902477700461e-02 8.881928896414582608e-01 3.808942206997641827e-02 5.700629263788411713e-03
3.837545064580828030e-02 9.040640719257005964e-01 5.121389700288246638e-02 6.346580425608852952e-03
2.077227484213484132e-02 8.981063230339637604e-01 7.363007305621437071e-02 7.491329067687244395e-03
1.076202409396221672e-02 8.674453646207754831e-01 1.121944440452583153e-01 9.598167240003875611e-03
6.127071208923549027e-03 8.077206253249262780e-01 1.729727550943239434e-01 1.317954837182639186e-02
3.593805743247749200e-03 7.189841457190614404e-01 2.592375004492503687e-01 1.818454808844051362e-02
2.070133751170614902e-03 6.074196774721550840e-01 3.662859538311366014e-01 2.422423494553775994e-02
1.162583358628661726e-03 4.927875967295987092e-01 4.754387196649389469e-01 3.061110024683360437e-02
7.028259588936196928e-04 3.993694709719111113e-01 5.627890452489484607e-01 3.713865782024677875e-02
4.865621032920457688e-04 3.247034743917784905e-01 6.306800474887056529e-01 4.412991601622360399e-02
3.628566637842608436e-04 2.538589063767501819e-01 6.952833945763583490e-01 5.049484238310721768e-02
2.717513522055323518e-04 1.914534252678842252e-01 7.543747347906245571e-01 5.390008858928579255e-02
2.093406235309470606e-04 1.477557398537275857e-01 7.983539597436907220e-01 5.368095977905101152e-02
1.993699717899850930e-04 1.236926842189042253e-01 8.245590511669914635e-01 5.154889464231429685e-02
2.521275078537369763e-04 1.130021093303754387e-01 8.377620287991899284e-01 4.898373436258066094e-02
3.680437605708191881e-04 1.106500247212862942e-01 8.429099773577229948e-01 4.607195416042003666e-02
5.545020439249172088e-04 1.164261371976986897e-01 8.399620303605418448e-01 4.305733039783432581e-02
7.982580343186658966e-04 1.290619607959571924e-01 8.296941128993077230e-01 4.044566827041649881e-02
1.042548423550917341e-03 1.434198069932384467e-01 8.171156701726806082e-01 3.842197441052985080e-02
1.244800973284863844e-03 1.562766755720304546e-01 8.056326082863167759e-01 3.684591516836791675e-02
1.376954383064750388e-03 1.670233175771832779e-01 7.962895785665148329e-01 3.531014947323681680e-02
1.478412237915684244e-03 1.806964563267844937e-01 7.837563965875318228e-01 3.406873484776819228e-02
1.703430923709873483e-03 2.080539788567031256e-01 7.563272159228436875e-01 3.391537429674303800e-02
2.214368100830904802e-03 2.587908190511824524e-01 7.043411896536652117e-01 3.465362319432158111e-02
3.100033378344988454e-03 3.418415225243859878e-01 6.206205799012700641e-01 3.443786419599889626e-02
4.177331614060232623e-03 4.537574213093145126e-01 5.113574961389885098e-01 3.070775093763720293e-02
5.018896224479635522e-03 5.682446538082962517e-01 4.030232284152390765e-01 2.371322155198486020e-02
5.490125711183001592e-03 6.560392076697894037e-01 3.218620222374126705e-01 1.660864438161511678e-02
5.667741424473644180e-03 7.089670605513503920e-01 2.739506214749523605e-01 1.141457654922363278e-02
5.597256942171413042e-03 7.383445793744464192e-01 2.479157199225889285e-01 8.142443760793257462e-03
5.353848088175122179e-03 7.603076896751320701e-01 2.281540146811844028e-01 6.184447555508537642e-03
5.609077938544239361e-03 7.830705302500846621e-01 2.062157228834532452e-01 5.104668927917876790e-03
5.272990163277740255e-03 8.034621592438228044e-01 1.868323362950945477e-01 4.432514297805095933e-03
4.927966192373162309e-03 8.113758603365230915e-01 1.796846081502506409e-01 4.011565320853367235e-03
4.651763578304443994e-03 8.022098671950299575e-01 1.893449412417285427e-01 3.793427984937056217e-03
4.051469041788266674e-03 7.741066152103571740e-01 2.180698993724236034e-01 3.772016375430744650e-03
4.089178766699271515e-03 7.243195230420532704e-01 2.674972640560966397e-01 4.094034135151155759e-03
4.074451230693591601e-03 6.545403468691933790e-01 3.367014741138452116e-01 4.683727786267894051e-03
3.682233419996659013e-03 5.700292134868153449e-01 4.207795838218794104e-01 5.508969271308823343e-03
3.038243414960278745e-03 4.804691409869659702e-01 5.098061460768938957e-01 6.686469521179684919e-03
2.455125488832994758e-03 3.975929288595377864e-01 5.914234080717487574e-01 8.528537579880193439e-03
2.019705155553183726e-03 3.252049565574596790e-01 6.612565700623632692e-01 1.151876822462384944e-02
1.701328055594007477e-03 2.625492048102540665e-01 7.192385742875514465e-01 1.651089284660068116e-02
1.496898134003298670e-03 2.110504197010154848e-01 7.617724553227676054e-01 2.568022684221340016e-02
1.414753590651261989e-03 1.727819697797792209e-01 7.798442163951566641e-01 4.595906023441264504e-02
1.498443962723541856e-03 1.474437225986141853e-01 7.516828106144884947e-01 9.937502282417369492e-02
1.907375242082988203e-03 1.279439145120450094e-01 6.388345033938341855e-01 2.313142068520374350e-01
2.587130243620776749e-03 1.044923568423256482e-01 4.268591407372094304e-01 4.660613721768445683e-01
2.279251199077842686e-03 7.484695786569695031e-02 2.078165210318203560e-01 7.150572699034047908e-01
1.465163426556465075e-03 5.007847785521112038e-02 8.011763817093857376e-02 8.683387205472937742e-01
9.331143196659058038e-04 3.637515753013651626e-02 3.056592582148589740e-02 9.321258023287115613e-01
7.135478952459031569e-04 3.200257798641766016e-02 1.520579209867091788e-02 9.520780820196654837e-01
7.192251402476122291e-04 3.529930639453253416e-02 1.195135977115754575e-02 9.520301086940623492e-01
9.833514679351762142e-04 4.749670686129697783e-02 1.356093593364478961e-02 9.379590057371229861e-01
1.622852788514278326e-03 6.880520659307334808e-02 1.702087863671088511e-02 9.125510619817015501e-01
2.761797478008339805e-03 9.725394303747543490e-02 2.073699338174551932e-02 8.792472661027705971e-01
4.614007428483627750e-03 1.357815938144745771e-01 2.495473651098393045e-02 8.346496622460581882e-01
7.726814529988990446e-03 1.935935969192472406e-01 3.035446852409578317e-02 7.683251200266679737e-01
1.322610095394747588e-02 2.802125663223601904e-01 3.673202217835112859e-02 6.698293105453413387e-01
2.254836675849167596e-02 3.907707558407200743e-01 4.246135189191452969e-02 5.442195255088735362e-01
3.385034395426898823e-02 4.960096608306122645e-01 4.716476929632001935e-02 4.229752259187987695e-01
4.435941033352110846e-02 5.772521865436965882e-01 4.881700515036405119e-02 3.295713979724181342e-01
5.282585860767032709e-02 6.363517854851629130e-01 4.895534013816656149e-02 2.618670157690000666e-01
6.086547907145457847e-02 6.771809383225533274e-01 4.976052064611100056e-02 2.121930619598813850e-01
7.097958528520410815e-02 7.019770049605565942e-01 5.291999703763174134e-02 1.741234127166078616e-01
8.100048924206448842e-02 7.149304089219471470e-01 5.812133359417753775e-02 1.459477682418104660e-01
8.589443222000672784e-02 7.247967108339685716e-01 6.380821268955870484e-02 1.255006442564655655e-01
8.305505267734239472e-02 7.375970408779395360e-01 6.871509078253847103e-02 1.106328156621795428e-01
7.255816088837048483e-02 7.539144743860171083e-01 7.275872108307877839e-02 1.007686436425337811e-01
5.860361451458935556e-02 7.692856107856059777e-01 7.716529708110514418e-02 9.494547761869975844e-02
4.656527402359873086e-02 7.787658650293298734e-01 8.341793031491628874e-02 9.125093063215473921e-02
3.843161747921076260e-02 7.810051126986382597e-01 9.269028012479442469e-02 8.787298969735651832e-02
3.414972305831450589e-02 7.751607236265695144e-01 1.068500584467032000e-01 8.383949486841296705e-02
3.021108654576066394e-02 7.646180482444258075e-01 1.267118885946096341e-01 7.845897661520367938e-02
2.683516415277850328e-02 7.454166121347837182e-01 1.563780851673810812e-01 7.137013854505692978e-02
2.572219562805091314e-02 7.171082211224509839e-01 1.954774883887020476e-01 6.169209486079627047e-02
2.602564697262673907e-02 6.919595061969806560e-01 2.317511807220620501e-01 5.026366610833067627e-02
2.657593705459900674e-02 6.832642825141641563e-01 2.508646535025780278e-01 3.929512692865896883e-02
2.529412679122594945e-02 6.985886318765662795e-01 2.462358898821211672e-01 2.988135145008670793e-02
