8.468811078470682777e-03 1.105172028521648198e-01 8.444031642749695310e-01 3.661082179439497514e-02
5.789063926330606513e-01 4.025214793288361403e-01 1.275893990867407908e-02 5.813188129428848230e-03
4.835285095458948246e-01 4.987047827787587928e-01 1.223657187072748481e-02 5.530135804618973271e-03
3.751983830225879557e-01 6.084713240822324787e-01 1.137672945674325468e-02 4.953563438436394198e-03
2.684396470950481395e-01 7.174491666854506677e-01 9.964411390512750016e-03 4.146774828988571138e-03
1.730006860318059336e-01 8.157163859243089510e-01 8.087065602492799626e-03 3.195862441392096319e-03
9.875236301592954513e-02 8.928928838722863803e-01 6.095434309560527654e-03 2.259318802223455810e-03
5.273660718259564478e-02 9.415410191737844103e-01 4.216028707273979104e-03 1.506344936345880995e-03
2.743746663757068091e-02 9.687295126565774739e-01 2.841132402201623688e-03 9.918883036503444665e-04
1.455097155820135255e-02 9.828811797436366460e-01 1.904130548729964867e-03 6.637181494320927751e-04
7.902281922286145607e-03 9.903873030687497803e-01 1.260781471382017502e-03 4.496335375821365848e-04
4.438264145211413131e-03 9.944270572650645290e-01 8.256440929191956107e-04 3.090344968049959823e-04
2.706497495274363171e-03 9.965152129721008833e-01 5.551047980701464841e-04 2.231847345549968487e-04
1.829071267104536228e-03 9.976068661948543914e-01 3.920255461123697913e-04 1.720369919287340066e-04
1.369338122819802831e-03 9.981972339324888255e-01 2.926237065580525646e-04 1.408042381333698642e-04
1.770037603510385976e-06 9.998835832500186926e-01 5.919841706327103563e-05 5.544829531464925542e-05
1.395916374398756375e-06 9.999112564865466624e-01 4.304398654115818094e-05 4.430361053781760794e-05
1.124447437542997254e-06 9.999340182346573291e-01 3.093124179154847254e-05 3.392607611354655009e-05
7.961465407136921085e-07 9.999557021372573740e-01 2.019975328394580055e-05 2.330196291801972337e-05
5.233643934861475159e-07 9.999722061211882007e-01 1.244610082026012906e-05 1.482441359817159139e-05
4.143893107341898204e-07 9.999810807059852369e-01 8.492700105608485471e-06 1.001220459833164939e-05
4.578315404390213509e-07 9.999844544974962890e-01 7.167532824309549931e-06 7.920138138827974549e-06
7.086670447659811881e-07 9.999839522775060274e-01 7.735228568727997231e-06 7.603826880514285411e-06
1.306632824440442490e-06 9.999802993156969855e-01 9.952522951972086280e-06 8.441528526470701204e-06
1.420293068435534789e-03 9.984294107877367264e-01 1.079981445352197895e-04 4.229799929261865606e-05
1.750839533676337191e-03 9.980949969992707338e-01 1.129591816592175627e-04 4.120428539405945293e-05
2.066366704726783476e-03 9.977762644238862277e-01 1.166985800575350989e-04 4.067029132932594701e-05
2.385596077573162114e-03 9.974506173919857055e-01 1.220913513751033100e-04 4.169517906599645967e-05
2.723043268199179957e-03 9.971021782899356367e-01 1.302702400054980988e-04 4.450820185965378349e-05
2.952805752364341153e-03 9.968622245442400054e-01 1.374290323232126303e-04 4.754067107287646273e-05
2.862175744949254416e-03 9.969530322319810622e-01 1.367153477486478925e-04 4.807667532154647828e-05
2.445824323590877272e-03 9.973810464401547948e-01 1.277196346068317260e-04 4.540960164755788330e-05
1.971371042674856678e-03 9.978665089951395117e-01 1.198240423327931784e-04 4.229591985295053764e-05
1.653283043034429068e-03 9.981823834961830455e-01 1.225833667085634193e-04 4.175009407383221862e-05
1.527502198403518033e-03 9.982858038724011784e-01 1.415097743189250897e-04 4.518415487636325977e-05
1.567705739188871754e-03 9.981973162652179044e-01 1.815097771090327494e-04 5.346821848408147068e-05
1.726846238412619054e-03 9.979606005082235498e-01 2.458484132546608601e-04 6.670484010901491043e-05
1.964262731428040136e-03 9.976176752268939296e-01 3.340739531279074892e-04 8.398808855021794913e-05
2.357275402614998454e-03 9.970814410474367895e-01 4.541530790050865986e-04 1.071304709432297387e-04
3.087024283955281875e-03 9.961406869246495210e-01 6.304700860793184232e-04 1.418187053156525520e-04
4.161289078465561612e-03 9.947806363644979832e-01 8.703157579334500288e-04 1.877587991026755782e-04
5.348449299345620252e-03 9.932614101597154743e-01 1.153466378791612136e-03 2.366741621474839207e-04
6.296956832854364722e-03 9.919928177718803086e-01 1.433323531980651823e-03 2.769018632845768237e-04
6.608452976486892984e-03 9.914714464071203714e-01 1.625055726533461030e-03 2.950448898593587823e-04
6.138073420550767788e-03 9.918915439518484201e-01 1.683267096620970132e-03 2.871155309797705736e-04
5.212993022717561306e-03 9.928468732191263468e-01 1.674021350339860784e-03 2.661124078164989301e-04
4.345704895880636749e-03 9.936947541882540369e-01 1.707779909813394960e-03 2.517610060515540916e-04
3.748417868865474775e-03 9.941608536913545402e-01 1.837124875343497648e-03 2.536035644366985294e-04
3.397766839302799550e-03 9.942624975049633163e-01 2.066203684323183153e-03 2.735319714107861547e-04
3.225104821858891611e-03 9.940715562568759323e-01 2.390163879736155288e-03 3.131750415294633628e-04
3.160315623757087126e-03 9.936698393739120672e-01 2.795248062692519755e-03 3.745969396381340546e-04
3.096652333925761693e-03 9.932363077119610306e-01 3.212729393770344562e-03 4.543105603431049568e-04
2.868403809865080652e-03 9.931096209611584014e-01 3.487581767998125179e-03 5.343934609780312235e-04
2.364370316833708328e-03 9.935957555900098992e-01 3.454159295808332305e-03 5.857147973480813152e-04
1.733798602492681983e-03 9.945475711957852960e-01 3.117600476067716384e-03 6.010297256543175540e-04
1.233752913497829532e-03 9.954628046462233870e-01 2.689688451670990948e-03 6.137539886075004184e-04
9.235897804509597686e-04 9.960771499455189915e-01 2.341136197110780127e-03 6.581240769189663706e-04
7.177762448110996084e-04 9.964337922359778332e-01 2.108381894779636986e-03 7.400496244314660630e-04
4.613326056502717460e-06 9.973615909692956638e-01 1.853771894206993108e-03 7.800238104408517125e-04
5.068514050227818599e-06 9.971200952586516397e-01 1.923903693097597789e-03 9.509325342006174795e-04
6.932699132607824439e-06 9.965326716340496827e-01 2.266697237341229812e-03 1.193698429476451345e-03
1.156283433103503983e-05 9.954418003608148657e-01 3.008802847112305306e-03 1.537833957741825252e-03
6.678605053608710354e-04 9.927615090716492841e-01 4.494319429878003945e-03 2.076310993111843677e-03
9.057139658778370689e-04 9.907480067734592000e-01 5.816193467646877703e-03 2.530085793015965454e-03
1.108152437196115734e-03 9.897804321375082148e-01 6.328822660074312489e-03 2.782592765221540611e-03
1.235147616102945378e-03 9.902283079238961561e-01 5.747325409099209546e-03 2.789219050901773581e-03
1.376482221379921609e-03 9.911873450703131416e-01 4.781334640683289339e-03 2.654838067624016272e-03
1.666423718274958601e-03 9.917603651756119465e-01 4.063650153352515830e-03 2.509560952760633498e-03
2.264164737720096316e-03 9.916061903197262994e-01 3.696770460580922624e-03 2.432874481972869835e-03
3.344244602143015260e-03 9.906139776291138510e-01 3.594449727269188443e-03 2.447328041473642146e-03
5.040875932733238952e-03 9.887045992250620419e-01 3.694066813551092569e-03 2.560458028653962281e-03
7.328763391318825725e-03 9.860059913333262260e-01 3.912675394248970283e-03 2.752569881105719918e-03
8.839907688828497756e-01 8.016229694119239579e-02 3.234553003849479497e-02 3.501404137463254816e-03
7.137650207046442041e-01 2.262362355554250193e-01 4.533373065182161321e-02 1.466501308810896909e-02
6.550649901996163926e-01 2.638263319665995477e-01 6.233795638416379098e-02 1.877072144962043179e-02
5.804999894451227105e-01 3.080099707075534265e-01 8.711484444036206309e-02 2.437519540696156395e-02
4.940134510727472450e-01 3.533722659057466076e-01 1.209597790922112559e-01 3.165450392929482909e-02
4.063160572638201407e-01 3.903359507023886898e-01 1.628271487573253740e-01 4.052084327646576084e-02
3.308645025958431019e-01 4.097353954067733950e-01 2.087347353534630690e-01 5.066536664392029543e-02
2.786517507557026430e-01 4.093133930914842344e-01 2.506987729602666026e-01 6.133608319254642283e-02
2.454558039298681826e-01 4.017058928932412676e-01 2.813416375836029215e-01 7.149666559328735072e-02
2.179215507117400197e-01 3.993446482000970188e-01 3.021139204193385441e-01 8.061988066882445902e-02
1.895038429845658512e-01 4.064459745003569657e-01 3.156397299048286920e-01 8.841045261024860213e-02
1.616181011035374426e-01 4.227353702963774218e-01 3.213884516523451973e-01 9.425807694773968848e-02
1.360231132043506763e-01 4.468664092853905090e-01 3.192846872158833227e-01 9.782579029437570017e-02
1.133034251966601319e-01 4.774032631650184100e-01 3.102689198482772581e-01 9.902439179004429715e-02
9.394947472518605514e-02 5.128840573321327145e-01 2.955177415045023848e-01 9.764872643817917863e-02
7.889285205930761380e-02 5.497384914096602460e-01 2.779425550131620071e-01 9.342610151787011930e-02
6.996965256455803250e-02 5.817548919719551792e-01 2.619284064684733182e-01 8.634704899501342845e-02
6.774596675270275203e-02 6.022380178402972906e-01 2.523180448565295886e-01 7.769797055047038270e-02
7.108474714940823946e-02 6.062203468069127243e-01 2.532405865752727636e-01 6.945431946840591175e-02
7.991704891076456541e-02 5.939261938110780292e-01 2.635325723478995630e-01 6.262418493025753707e-02
9.521156510501227466e-02 5.684952824699488483e-01 2.787006060101711036e-01 5.759254641486766246e-02
1.136839886462982507e-01 5.331395465924947397e-01 2.987352807229442520e-01 5.444118403826281316e-02
1.234012881814715579e-01 4.912398281769438380e-01 3.325931052215733152e-01 5.276577842001134444e-02
1.182503518780050195e-01 4.439104086568365082e-01 3.860868947282529162e-01 5.175234473690568104e-02
1.091151624890724647e-01 3.915456998051528026e-01 4.486348870743164796e-01 5.070425063145809347e-02
1.041903205256742293e-01 3.375026962626407889e-01 5.084835663147794227e-01 4.982341689690532316e-02
1.037233853398683986e-01 2.861190573007030280e-01 5.605396580986402588e-01 4.961789926078827295e-02
1.059072933737151140e-01 2.447773348381618030e-01 5.985199943046461968e-01 5.079537748347661558e-02
1.057206886521647876e-01 2.185154172317216870e-01 6.217687927119401881e-01 5.399510140417333737e-02
9.985344250834994606e-02 2.095533943309793590e-01 6.310292187126290697e-01 5.956394444804151422e-02
9.220430550450643692e-02 2.201090897511450706e-01 6.197536306018592844e-01 6.793297414248933297e-02
8.602042203558850353e-02 2.469862836611037837e-01 5.884460557381943069e-01 7.854723856511336422e-02
8.243374003169115505e-02 2.825843204641976802e-01 5.449452172610925738e-01 9.003672224301896565e-02
8.328346010668076504e-02 3.234972708428019428e-01 4.904586152540479915e-01 1.027606537964693978e-01
8.537426979300480334e-02 3.656082705447075143e-01 4.302311488216325475e-01 1.187863108406553292e-01
8.092672364984032640e-02 4.031582517332794602e-01 3.742164124022505645e-01 1.416986122146297322e-01
6.789193940657073378e-02 4.322553833459388817e-01 3.244943974723171198e-01 1.753582797751733202e-01
5.374640236011076627e-02 4.493124672018315446e-01 2.787755634801691307e-01 2.181655669578886347e-01
4.300806246075378897e-02 4.523464179738079238e-01 2.403333950573451061e-01 2.643121245080932713e-01
3.541592149006003720e-02 4.352607245112810608e-01 2.171800405966755332e-01 3.121433134019830913e-01
2.999677373777021386e-02 4.012579988944901532e-01 2.119116639854240758e-01 3.568335633823153663e-01
2.578414827775272686e-02 3.549295362882878280e-01 2.263845953482599982e-01 3.929017200856996239e-01
2.137668515476835729e-02 2.964853011015620710e-01 2.626187750062170534e-01 4.195192387374523935e-01
1.667353312615601352e-02 2.284238616400253996e-01 3.221447463912132103e-01 4.327578588426053696e-01
1.230954822698005630e-02 1.602219163165325977e-01 3.995597879689793963e-01 4.279087474875080677e-01
8.488367072796350679e-03 1.024547713213638939e-01 4.805358342315915743e-01 4.085210273742484466e-01
5.556666613885571752e-03 6.170693320272781918e-02 5.492997155581251789e-01 3.834366846252616479e-01
3.611551062399495030e-03 3.685113922214506427e-02 5.915390948130183624e-01 3.679982149024371707e-01
2.450804521023979173e-03 2.323555602183621435e-02 6.008859784147614347e-01 3.734276610423784559e-01
1.873103815318533268e-03 1.683002861824074367e-02 5.826806846261343154e-01 3.986161829403065404e-01
1.804545537165124945e-03 1.549725270693760350e-02 5.488177891287194798e-01 4.338804126271781358e-01
2.302255268769493653e-03 1.894430051757342928e-02 5.082279253997951107e-01 4.705255188138615652e-01
3.808457780668422603e-03 2.987458298018920780e-02 4.649675487378969185e-01 5.013494105012455959e-01
7.814611122474975427e-03 5.623625511433698321e-02 4.253779638368717086e-01 5.105711699263162373e-01
1.730463562340569736e-02 1.091856135547637496e-01 3.934272970812871528e-01 4.800824537405435910e-01
3.472549639892854451e-02 1.917143248601890226e-01 3.632742938373975661e-01 4.102858849034850541e-01
6.036889121244569389e-02 2.935343929189775936e-01 3.204850950847886182e-01 3.256116207837881360e-01
9.553097330040957735e-02 3.946820869170440393e-01 2.616199043433211635e-01 2.481670354392251365e-01
1.456151520019087486e-01 4.685113644499210306e-01 2.007173638500019119e-01 1.851561196981680313e-01
2.178238870870808086e-01 4.907672822726094064e-01 1.528533154147899142e-01 1.385555152255198430e-01
3.065794639139239885e-01 4.670538080646433055e-01 1.195637475061563926e-01 1.068029805152763967e-01
3.913737462032798042e-01 4.254381042289118176e-01 9.763890158829068022e-02 8.554924797951789228e-02
4.595981717596107630e-01 3.856479438543352622e-01 8.354315031134737501e-02 7.121073407470659977e-02
5.083148412730192911e-01 3.550524743758428081e-01 7.492080548816079655e-02 6.171187886297702097e-02
5.404168877171154906e-01 3.338112753964990187e-01 7.017580550112152704e-02 5.559603138526376248e-02
5.601545707760285930e-01 3.196974153029279453e-01 6.820447583708029449e-02 5.194353808396294514e-02
5.730042328337618951e-01 3.093352258800434185e-01 6.752292308425374145e-02 5.013761820194085478e-02
5.767355737866848298e-01 3.039335997047945548e-01 6.939519368286170553e-02 4.993563282565872258e-02
5.730524645289177821e-01 3.022462389406201932e-01 7.330804385548636559e-02 5.139325267497548561e-02
5.623387130127246447e-01 3.034677198696389411e-01 7.967487878834485227e-02 5.451868832929206155e-02
5.451096980154309657e-01 3.066090063003230615e-01 8.902725436061258157e-02 5.925404132363355780e-02
5.177681492436951860e-01 3.132727381147639711e-01 1.032349882741575020e-01 6.572412436738347963e-02
3.391001288842533656e-02 9.870584571566662357e-02 1.439655685051867418e-01 7.234185728907213120e-01
4.897329572965687938e-01 4.902053993949517796e-01 1.758636643738017286e-02 2.475276871099107122e-03
3.945991316289502726e-01 5.830911345725169337e-01 1.990781150209091147e-02 2.401922296442003234e-03
2.923396201849626230e-01 6.840738432835435923e-01 2.132109388214107823e-02 2.265442649352714718e-03
2.032271043935423016e-01 7.734959495695801213e-01 2.119816521459984629e-02 2.078780822277867882e-03
1.341681532633595963e-01 8.443570096858314944e-01 1.961079352989310645e-02 1.864043520915737535e-03
8.965011573562454983e-02 8.913047265855436052e-01 1.738503553706426466e-02 1.660122141767581818e-03
6.184776651726456992e-02 9.213604149680038047e-01 1.527460184643801566e-02 1.517216668293735722e-03
4.498558447801759286e-02 9.402778143658365728e-01 1.332064155737642044e-02 1.415959598769271849e-03
3.510570084489770398e-02 9.520659680626397670e-01 1.148893155778279995e-02 1.339399534679664707e-03
2.988027183539730680e-02 9.589155768252896062e-01 9.914705849786884309e-03 1.289445489526477471e-03
2.776399441436452203e-02 9.623243171298552223e-01 8.646673502895971947e-03 1.265014952884251391e-03
2.731665363066160257e-02 9.638985168032819795e-01 7.541823302464277165e-03 1.243006263592512243e-03
2.705881032541525635e-02 9.653431559440767140e-01 6.408674780030596159e-03 1.189358950477089564e-03
2.606443457918016654e-02 9.676211494029427485e-01 5.220659823971757034e-03 1.093756193905507518e-03
2.510315208023136332e-02 9.697245287044217177e-01 4.178686318764879108e-03 9.936328965819492438e-04
2.630743680892149577e-02 9.692435424219510987e-01 3.502307043034965858e-03 9.467137260924870937e-04
3.136158054183330740e-02 9.644357647474637307e-01 3.220615937291399031e-03 9.820387734116081593e-04
3.966117552279098402e-02 9.561182441695873502e-01 3.149854323562630790e-03 1.070725984058811669e-03
4.816356408677878453e-02 9.476051791774070532e-01 3.076691464322664406e-03 1.154565271491463617e-03
5.459824655448286546e-02 9.412383030044046972e-01 2.950800223837228651e-03 1.212650217275438973e-03
5.804710883417938533e-02 9.379070955152651878e-01 2.798410470260010059e-03 1.247385180295547315e-03
5.841068023946899279e-02 9.376931669142055670e-01 2.638717889314997136e-03 1.257434957010496873e-03
5.693515527346035970e-02 9.393049650833613651e-01 2.505586840395777892e-03 1.254292802782631337e-03
5.388050041318802330e-02 9.425052959371279515e-01 2.380317497295232620e-03 1.233886152388595460e-03
4.814948864165016773e-02 9.484905367255013209e-01 2.194201092327294905e-03 1.165773540521057540e-03
3.987543863489997897e-02 9.571718618761713149e-01 1.916941372614308029e-03 1.035758116314423058e-03
3.142070363092371726e-02 9.661030993238212128e-01 1.601265024393468302e-03 8.749320208618481965e-04
2.501842590979818509e-02 9.729303620485482140e-01 1.323377169477523742e-03 7.278348721757949219e-04
2.098711225225531954e-02 9.772941512964427035e-01 1.109332475380025475e-03 6.094039759222005890e-04
1.871097919900691769e-02 9.798163151492887968e-01 9.565956893270872443e-04 5.161099623772743899e-04
1.747364842877931548e-02 9.812320805530342360e-01 8.533390636802986066e-04 4.409319545065635616e-04
1.675364408596517751e-02 9.820850459540499955e-01 7.821605002662597927e-04 3.791494597185618952e-04
1.605309385190456517e-02 9.829082633679203651e-01 7.151053957791043188e-04 3.235373843960714945e-04
1.560118431316046689e-02 9.834617413475326142e-01 6.581197934408586749e-04 2.789545458663191457e-04
1.602360780604976387e-02 9.830840105938406515e-01 6.380340596674520743e-04 2.543475404422833016e-04
1.749924633972528912e-02 9.815778292304924157e-01 6.708133992570846716e-04 2.521110305248824932e-04
1.927232867532544316e-02 9.797138299638489256e-01 7.473656622370437918e-04 2.664756985888455838e-04
2.005185910295554860e-02 9.788265064261348902e-01 8.352827764830968041e-04 2.863516944261670243e-04
1.968736079103780914e-02 9.790847973800830273e-01 9.201983717842447761e-04 3.076434570950454302e-04
1.949991064490380968e-02 9.791356693209244400e-01 1.027080510322774583e-03 3.373395238490590510e-04
2.077456557045812002e-02 9.776438813164162189e-01 1.196929002802917625e-03 3.846241103224180531e-04
2.413628203149861817e-02 9.739411703133747933e-01 1.467247825101007349e-03 4.552998300257531995e-04
2.981010966839327259e-02 9.677467652922406849e-01 1.886040013907415219e-03 5.570850254584437536e-04
3.735907025329212455e-02 9.594282674209775319e-01 2.510529702529662975e-03 7.021326232005538305e-04
4.406791489690307928e-02 9.517721311470359602e-01 3.280355805967710529e-03 8.795981500935319943e-04
4.649362692633674660e-02 9.484672101718906179e-01 3.985177835608352814e-03 1.053985066164373798e-03
4.444936023664095015e-02 9.499117250328903417e-01 4.439337308033326941e-03 1.199577422435413971e-03
4.220294843126352197e-02 9.516964842149586712e-01 4.740804475780877741e-03 1.359762877997033837e-03
4.261977948528996446e-02 9.507449443671419642e-01 5.039635083830883849e-03 1.595641063737234964e-03
4.382094742472118776e-02 9.491007505959294654e-01 5.199876064062303183e-03 1.878425915287106713e-03
4.258877114967921096e-02 9.502820647725982450e-01 5.017677283471993176e-03 2.111486794250705661e-03
3.891869075906212450e-02 9.542584662202788781e-01 4.565735918933932005e-03 2.257107101725194624e-03
3.530738637213041292e-02 9.581958168047716162e-01 4.110411766874579910e-03 2.386385056223459030e-03
3.322131633068246825e-02 9.603722985174358850e-01 3.818158817441987245e-03 2.588226334439629531e-03
3.216516821619688077e-02 9.612659299013132097e-01 3.681276432254134215e-03 2.887625450235997791e-03
3.094420172504209338e-02 9.621721647632888175e-01 3.624763799050234863e-03 3.258869712618782302e-03
2.877072958460333632e-02 9.639790815693498605e-01 3.590609387578526379e-03 3.659579458468288551e-03
2.571699137329604493e-02 9.666642141119181630e-01 3.562817569342762412e-03 4.055976945443224776e-03
2.256075433776791664e-02 9.693720376729078048e-01 3.590261043341405525e-03 4.476946945982689628e-03
2.030489209350553464e-02 9.707986627090413601e-01 3.814948630823513515e-03 5.081496566629544083e-03
1.893016985195895840e-02 9.707325573829950205e-01 4.330114420869037896e-03 6.007158344177125457e-03
1.761381218023468087e-02 9.700241426227111941e-01 5.106173283061195452e-03 7.255871913992913147e-03
1.566623168560636256e-02 9.695119689041772348e-01 6.074555187083632152e-03 8.747244223132631669e-03
1.306872423769574881e-02 9.692772331533712205e-01 7.241329841610829980e-03 1.041271276732241326e-02
1.056206714882638315e-02 9.683741075566693057e-01 8.791612432789234002e-03 1.227221286171513263e-02
8.839374205111829100e-03 9.659670818076147025e-01 1.090810641805815828e-02 1.428543756921508631e-02
7.910514589724786799e-03 9.624984159249569959e-01 1.340702253576882969e-02 1.618404694954951942e-02
7.299786174520555074e-03 9.593180390172263428e-01 1.579947608305800125e-02 1.758269872519515470e-02
6.757470836517063748e-03 9.573290700084775562e-01 1.777101542414591742e-02 1.814244373085924233e-02
6.288245683136999692e-03 9.572845067364966765e-01 1.886098574316022458e-02 1.756626183720591886e-02
6.021551736243970290e-03 9.596307406212785107e-01 1.844354806021197488e-02 1.590415958226560136e-02
1.731877320614553725e-02 2.009601715610282446e-01 4.830646477926980320e-01 2.986564074401282243e-01
6.607974730622692139e-01 3.238377025313475821e-01 1.250212784053340159e-02 2.862696565849734767e-03
5.291632799770189521e-01 4.512750458770131146e-01 1.639187234333739848e-02 3.169801802630324485e-03
3.740126482061444380e-01 6.035267609956638246e-01 1.934937137291015130e-02 3.111219425281420894e-03
2.171596731649154399e-01 7.591986900003282468e-01 2.090470496063764894e-02 2.736931874118719420e-03
1.046304778812842812e-01 8.726524788505093388e-01 2.051346038140502981e-02 2.203582886801194914e-03
4.513877355336362585e-02 9.339254624015396189e-01 1.921064727364950667e-02 1.725116771447111549e-03
1.900373801194176968e-02 9.613124932198868766e-01 1.829423212767978396e-02 1.389536640491318212e-03
8.550695352996410398e-03 9.726864039307039356e-01 1.759400437470786532e-02 1.168896341591707175e-03
3.637288381114824835e-03 9.792198754403672600e-01 1.614389647004065703e-02 9.989397084774046844e-04
1.749726926518421722e-03 9.830175867747741325e-01 1.432688623595636083e-02 9.058000627509493015e-04
1.028058144848490287e-03 9.854767115177200942e-01 1.261713287531154859e-02 8.780974621200541294e-04
7.196500978074803863e-04 9.870222224492042340e-01 1.136634890287005484e-02 8.917785501181621499e-04
8.205976388630368038e-05 9.880223087125525883e-01 1.100606115093197106e-02 8.895703726292648016e-04
9.614866370504241073e-05 9.867930099304430547e-01 1.208560971013741478e-02 1.025231695714452773e-03
1.642157514772237361e-04 9.824080317673129503e-01 1.610080201513028678e-02 1.326950466079434513e-03
3.890255708241294294e-04 9.722986244273145173e-01 2.540657000218057848e-02 1.905779999680940048e-03
1.222802778489167491e-03 9.549427629717583965e-01 4.106670200931830661e-02 2.767732240434232598e-03
1.809280463446160270e-03 9.284032425292082502e-01 6.593173023251266973e-02 3.855746774833006089e-03
2.867689828263300482e-03 8.942110381726036117e-01 9.757123526969366245e-02 5.350036729439637886e-03
4.649090341856277481e-03 8.588119447990728572e-01 1.291502040474770407e-01 7.388760811594057877e-03
7.234007629694559280e-03 8.299749216458249812e-01 1.527537541921278330e-01 1.003731653235266467e-02
1.050721583504470383e-02 8.108756081551230510e-01 1.652839779549263866e-01 1.333319805490566605e-02
1.520887042767037414e-02 7.963962201244810801e-01 1.708138474625403025e-01 1.758106198530826753e-02
1.998374006805635206e-02 7.817919154394965542e-01 1.751726859356396993e-01 2.305165855680765818e-02
2.480730736524998023e-02 7.646127545834752182e-01 1.803739039272908018e-01 3.020603412398405185e-02
2.995248910208401366e-02 7.474600332795977575e-01 1.832363129056123197e-01 3.935116471270608263e-02
3.671567980259316660e-02 7.360034624456813779e-01 1.773091877074123301e-01 4.997167004431293108e-02
4.551543717170312975e-02 7.362081485658573676e-01 1.584478867860722728e-01 5.982852747636736856e-02
5.659103555252123496e-02 7.454076519395653744e-01 1.319646844579453748e-01 6.603662804996829339e-02
6.580124999153383336e-02 7.640953947522485246e-01 1.029894086584732527e-01 6.711394659774422289e-02
7.298178999612967011e-02 7.858857567678780853e-01 7.726819214667499103e-02 6.386426108931757273e-02
8.215169451486918628e-02 8.019251625039707232e-01 5.808762221787497348e-02 5.783552076328540847e-02
9.437847440239206798e-02 8.090598048755358596e-01 4.535509401598050716e-02 5.120662670609149592e-02
1.063964030908678277e-01 8.114731793702167906e-01 3.691025374630368949e-02 4.522016379261188657e-02
1.148073110949141690e-01 8.141148244294702518e-01 3.099273537027244507e-02 4.008512910534329371e-02
1.191535186086624259e-01 8.184129950224678929e-01 2.669049429457088021e-02 3.574299207429875586e-02
1.227480342848558392e-01 8.212864478599315454e-01 2.369768435165534731e-02 3.226783350355699048e-02
1.320572202594705591e-01 8.165483958107229157e-01 2.149650641278550919e-02 2.989787751702083218e-02
1.492828478214950627e-01 8.009300319825588543e-01 2.118079418654622570e-02 2.860632600939961440e-02
1.746202679861569573e-01 7.752874894483690049e-01 2.190932424727957267e-02 2.818291831819450671e-02
2.016533053366940942e-01 7.471687983644985653e-01 2.304300285253220101e-02 2.813489344627513947e-02
2.274187060119959025e-01 7.200169381275830505e-01 2.428055938289349486e-02 2.828379647752736828e-02
2.586925309878980173e-01 6.864119201185457930e-01 2.601679849328699529e-02 2.887875040026915280e-02
2.997328404716896322e-01 6.426072693594213625e-01 2.783503653950379630e-02 2.982485362938526452e-02
3.455407712181660651e-01 5.942380966692571986e-01 2.947764966871271874e-02 3.074348244386422568e-02
3.844391313659429321e-01 5.534981224113391107e-01 3.063596807248637754e-02 3.142677815023151716e-02
4.055780477361464187e-01 5.316057418144168878e-01 3.097079800983740597e-02 3.184541243959928408e-02
4.122021692798764070e-01 5.249906709448728392e-01 3.075499068444819545e-02 3.205216909080253751e-02
4.086829657267100901e-01 5.289119971023467093e-01 3.029136179933657885e-02 3.211367537160662866e-02
3.962947504431784118e-01 5.416255946001856669e-01 2.989127975723491690e-02 3.218837519940080660e-02
3.743272660583988887e-01 5.633828275540323505e-01 2.986082085226623301e-02 3.242908553530252785e-02
3.407739184286492362e-01 5.959389516466870873e-01 3.038683810518929065e-02 3.290029181947439624e-02
2.928504172100220848e-01 6.423515919410746067e-01 3.133559133623783910e-02 3.346239951266555962e-02
2.322292599009152803e-01 7.018989461628740711e-01 3.216051380115388797e-02 3.371128013505647614e-02
1.709346161007962717e-01 7.625263990394262059e-01 3.318525828558610558e-02 3.335372657419127806e-02
1.217729061237851212e-01 8.116189363030639203e-01 3.382009811563020663e-02 3.278805945752126527e-02
8.576484986813651124e-02 8.461860835034491490e-01 3.538999691583903651e-02 3.265906971257528935e-02
5.724337619638415753e-02 8.717836420744360382e-01 3.802442294510009063e-02 3.294855878407974836e-02
3.396304363697037060e-02 8.907839139321087618e-01 4.165847020911107174e-02 3.359457222180992075e-02
1.876432896875813647e-02 8.975084368775548826e-01 4.803559124136345948e-02 3.569164291232352487e-02
1.159007295072158293e-02 8.858492028335358537e-01 6.152708218635450504e-02 4.103364202938810518e-02
8.276705606143250696e-03 8.504537292128310222e-01 8.979648006859380915e-02 5.147308511243221113e-02
7.177516653384780412e-03 7.754587803664895196e-01 1.480120820765983003e-01 6.935162090352726960e-02
7.031954003763691598e-03 6.397506235471623892e-01 2.595795530957322184e-01 9.363786935334128536e-02
6.809910743460033736e-03 4.474192953910008375e-01 4.331232490894166842e-01 1.126475447761225851e-01
5.941227237967603401e-03 2.590137541275017719e-01 6.244078300798535652e-01 1.106371885546767464e-01
4.904585887329926050e-03 1.350610454705562236e-01 7.691071469145185358e-01 9.092722172759544474e-02
4.463135680780377403e-03 7.568282085963756733e-02 8.485431243073052743e-01 7.131091915227684430e-02
4.984693575540735840e-03 5.295925527223621643e-02 8.806635327329837004e-01 6.139251841923956676e-02
6.472245053369861216e-03 4.657886344714170374e-02 8.868936672759103468e-01 6.005522422357829904e-02
8.789467143989945427e-03 4.791358880031530709e-02 8.789452835014854859e-01 6.435166055420932230e-02
7.968403030567783318e-01 1.800237388501394198e-01 1.827435423420268809e-02 4.861603858879384212e-03
7.176416766145338189e-01 2.490540860728890360e-01 2.742882926944709143e-02 5.875408043130189890e-03
6.121710565312679098e-01 3.381674408782404662e-01 4.270644618474521426e-02 6.955056405746650079e-03
4.876315610574531445e-01 4.356796429763464817e-01 6.859727816908804676e-02 8.091517797112375565e-03
3.662719330113994309e-01 5.140343238343743071e-01 1.104180682474027730e-01 9.275674906823926091e-03
2.699402925032586831e-01 5.450954378347491192e-01 1.743428856444783348e-01 1.062138401751401388e-02
2.011767600473954865e-01 5.222706530092118271e-01 2.645466880235461393e-01 1.200589891984674314e-02
1.516769353966788414e-01 4.580676459836358627e-01 3.771604476749858548e-01 1.309497094469943765e-02
1.158112965569109698e-01 3.722402685007736300e-01 4.981305973460696812e-01 1.381783759624578833e-02
9.185326914336844339e-02 2.844292712809763368e-01 6.092286914565114841e-01 1.448876811914378074e-02
7.549432217547898116e-02 2.095807862136496724e-01 6.996207153519575783e-01 1.530417625891385830e-02
6.094794770473095646e-02 1.519747590626633060e-01 7.709941803112574377e-01 1.608311292134805351e-02
4.635015292842041557e-02 1.098438723861823868e-01 8.271817201270619258e-01 1.662425455833529270e-02
3.351405491179127588e-02 8.019644123086720755e-02 8.692944154058583894e-01 1.699508845148327632e-02
2.405627103130362002e-02 5.985202080626859239e-02 8.986227801132927739e-01 1.746892804913515243e-02
1.832365261118556327e-02 4.682065559256300136e-02 9.162951947099883254e-01 1.856049708626308914e-02
1.578057755074506810e-02 4.007480036213721675e-02 9.231083358066991540e-01 2.103628628041833565e-02
1.558965566465143893e-02 3.826421637993648178e-02 9.205644632546430284e-01 2.558166470076883581e-02
1.698614031977292368e-02 3.934034039301268632e-02 9.114840693395945825e-01 3.218944994762003992e-02
1.947773406689125644e-02 4.099986872099702084e-02 8.998125563313429387e-01 3.970984088076902341e-02
2.332260311020098800e-02 4.182510114960349273e-02 8.883902589578734910e-01 4.646203678232199014e-02
2.918010596487401187e-02 4.195680917431299228e-02 8.776448453881373624e-01 5.121823947267572369e-02
3.653814568071343805e-02 4.190206291108858339e-02 8.677701398823377543e-01 5.378965152586036996e-02
7.687784394945325062e-01 2.171668761422192728e-01 9.597970432256070286e-03 4.456713930992093481e-03
7.305752274184286188e-01 2.548377397669851496e-01 1.016417276752982525e-02 4.422860047056573728e-03
6.875130948635307382e-01 2.972166111252245724e-01 1.089827535994135517e-02 4.372018651303515545e-03
6.344044634150540762e-01 3.492874496307877275e-01 1.197499566302714750e-02 4.333091291131158096e-03
5.643754989566655000e-01 4.174997981773200251e-01 1.374716632850785970e-02 4.377536537506557072e-03
4.803883423632099858e-01 4.988541862954480322e-01 1.622219022488665188e-02 4.535281116455213042e-03
3.832749387201829228e-01 5.911966758787935428e-01 2.059972510347635177e-02 4.928660297547489758e-03
2.813552070519376724e-01 6.863949935837554417e-01 2.675459393875585443e-02 5.495205425550786851e-03
1.842146061340113605e-01 7.752315124224063991e-01 3.445076425750561583e-02 6.103117186076586348e-03
1.101628051544965986e-01 8.404321674958158406e-01 4.280233389364281743e-02 6.602693456044325324e-03
6.056705051009741297e-02 8.797168592810516996e-01 5.269803711305334759e-02 7.018053095797498198e-03
3.179432627593305888e-02 8.946573578574492647e-01 6.602547251945752038e-02 7.522843347160421482e-03
1.580681665540627570e-02 8.905396640407153841e-01 8.520595211008091807e-02 8.447567193797319782e-03
7.944236434544253364e-03 8.684672928905454725e-01 1.132871942069462040e-01 1.030127646796370582e-02
4.479750807327351897e-03 8.304954471808313476e-01 1.516683739078132642e-01 1.335642810402819930e-02
2.952725763912466064e-03 7.781121488776789885e-01 2.014625484178347581e-01 1.747257694057394520e-02
1.496973339068977072e-03 7.128734202105041495e-01 2.633419091622922759e-01 2.228769728813458778e-02
8.416268687227256408e-04 6.400196077785695881e-01 3.318613255821567520e-01 2.727743977055085978e-02
5.108307155290037638e-04 5.716164653310897847e-01 3.955960028935056050e-01 3.227670105987565097e-02
3.616145579857633994e-04 5.057568583982270383e-01 4.561570768057003344e-01 3.772445023808682074e-02
2.874293039577911356e-04 4.307548814626437905e-01 5.260747188518370976e-01 4.288297038156135138e-02
2.492337035009617669e-04 3.538938128179859866e-01 5.999846354749640565e-01 4.587231800354920480e-02
2.428970385513050541e-04 2.947798887587263494e-01 6.586037394807505718e-01 4.637347472197179271e-02
2.754392645618347233e-04 2.635569351595407062e-01 6.898587724160581969e-01 4.630885315983922917e-02
3.393530262838199301e-04 2.558721631359101023e-01 6.967946978777342926e-01 4.699378596007204589e-02
4.231563498163375711e-04 2.633096410075038141e-01 6.882905590161016995e-01 4.797664362657791393e-02
5.227402373345167849e-04 2.810396958585341665e-01 6.705144276680711224e-01 4.792313623606019035e-02
6.258967307629209045e-04 3.041186941311938563e-01 6.497298976167451556e-01 4.552551152129783590e-02
7.082053062086413964e-04 3.267724376140128673e-01 6.313306080422999012e-01 4.118874903747865579e-02
7.602557209013837726e-04 3.489788337883003022e-01 6.139752148889535688e-01 3.628569560184490006e-02
7.715843004058084821e-04 3.743483392588943248e-01 5.935181365902798545e-01 3.136193985041989263e-02
7.586662291768342652e-04 4.097516273236782580e-01 5.627444821919530549e-01 2.674522425519139032e-02
7.977440836384095367e-04 4.624960327389347481e-01 5.136952694514202999e-01 2.301095372600600944e-02
9.554114212360362637e-04 5.333377223453383831e-01 4.456412671278285331e-01 2.006559910559732943e-02
1.250452241369414243e-03 6.185004852465122438e-01 3.632423876321059786e-01 1.700667488001229161e-02
1.604377726689332120e-03 7.056008360500837240e-01 2.794809452011479678e-01 1.331384102207898608e-02
1.884132087889487739e-03 7.765362976419853958e-01 2.119678253566917581e-01 9.611744913433499168e-03
2.345962374652014321e-03 8.209024500308089722e-01 1.699764422918624840e-01 6.775145302676794865e-03
2.406039545907155859e-03 8.422521791857801032e-01 1.504633227965951336e-01 4.878458471717458944e-03
2.446880428425465912e-03 8.502249318396081224e-01 1.436378469352271037e-01 3.690340796739031808e-03
2.409025007018607452e-03 8.559091799203267792e-01 1.387301414041587910e-01 2.951653668495896922e-03
2.332489541258420552e-03 8.650035870413418371e-01 1.301469397464851963e-01 2.516983670914429028e-03
2.283794227520630389e-03 8.733612893182441939e-01 1.220582709265982113e-01 2.296645527637060716e-03
2.216256413520026596e-03 8.734028227288008761e-01 1.221831210259053252e-01 2.197799831773861005e-03
2.180620983438159768e-03 8.608173572071839974e-01 1.347888717451521945e-01 2.213150064225823544e-03
2.356386080049106477e-03 8.324537882207901918e-01 1.627786310953688587e-01 2.411194603792133663e-03
2.117644309594394515e-03 7.859177730976693033e-01 2.091907691962109073e-01 2.773813396525647793e-03
2.223689359045971387e-03 7.200186985253395067e-01 2.743562480218929567e-01 3.401364093721514093e-03
2.126662347548578975e-03 6.387659293567926611e-01 3.548788566514666232e-01 4.228551644192331954e-03
1.873669324442306253e-03 5.491750469693619241e-01 4.435928911081156722e-01 5.358392598080173944e-03
1.624493943643826998e-03 4.609436211291896845e-01 5.303146727241569991e-01 7.117212203009321524e-03
1.426064572372325642e-03 3.794648906565306623e-01 6.090425794683764771e-01 1.006646530272045127e-02
1.266461085302041014e-03 3.070622295260483359e-01 6.764524434539239683e-01 1.521886593472598394e-02
1.159389380535305993e-03 2.479440486958277290e-01 7.258441179789281161e-01 2.505244394470885344e-02
1.138773050503961081e-03 2.056750328294490726e-01 7.464344159686536750e-01 4.675177815139294063e-02
1.365398743484652188e-03 1.790234887065720593e-01 7.201561746122328023e-01 9.945493793771062463e-02
2.127088578717571763e-03 1.584107136944535865e-01 6.287344108699187695e-01 2.107277868569100432e-01
3.075108616083402618e-03 1.363836917014632777e-01 4.695455287448018211e-01 3.909956709376513073e-01
3.197780071463405833e-03 1.106916085334828659e-01 2.803611507716400331e-01 6.057494606234138379e-01
2.539005493156240231e-03 8.648490027802493985e-02 1.338136194748553720e-01 7.771624747539639388e-01
1.933823383286547778e-03 7.249708272021603006e-02 5.982937374278788495e-02 8.657397201537098130e-01
1.677059814161848891e-03 7.197911870140773216e-02 3.326453225830294791e-02 8.930792892261272264e-01
1.720113125242025845e-03 8.487801087100692310e-02 2.754604621364036693e-02 8.858558297901106826e-01
2.070107927638680564e-03 1.110882070551827000e-01 2.935508156261572646e-02 8.574866034545628457e-01
2.835899452891742570e-03 1.450497999384675607e-01 3.199014960870087687e-02 8.201241509999395163e-01
4.160143537695126965e-03 1.804494008912504166e-01 3.356843461363535897e-02 7.818220209574194834e-01
6.234070910486101853e-03 2.213856981683562097e-01 3.504556407845711014e-02 7.373346668427007700e-01
9.491427903281678818e-03 2.775241790184260204e-01 3.695721233581813342e-02 6.760271807424742541e-01
1.483667340304079332e-02 3.554540967331039636e-01 3.892198646793484929e-02 5.907872433959201475e-01
2.376606175441316887e-02 4.485124063985514997e-01 4.064377740224998231e-02 4.870777544447855156e-01
3.327195609571044488e-02 5.357110029409160035e-01 4.158569631924228377e-02 3.894313446441312054e-01
4.196465448994621261e-02 6.033677913665606019e-01 4.142407263364852876e-02 3.132434815098449898e-01
4.859627905511650775e-02 6.519950391526957434e-01 4.076546262097471146e-02 2.586432191712129125e-01
5.503904641294557476e-02 6.829937285688975068e-01 4.115609203830464941e-02 2.208111329798521649e-01
6.384344376873600513e-02 6.988523418723389113e-01 4.390042408509178123e-02 1.934037902738335590e-01
7.304095422925684089e-02 7.047675165714529788e-01 4.903452624517761621e-02 1.731570029541123767e-01
7.857489134702821953e-02 7.083359203638761592e-01 5.524786262135578802e-02 1.578413256677398402e-01
7.750659526287348444e-02 7.148289361996267299e-01 6.178259060667014996e-02 1.458818779308296287e-01
6.953815262831671007e-02 7.251699156195842155e-01 6.787393978633080027e-02 1.374179919657685656e-01
5.783568087625740733e-02 7.358428676955262038e-01 7.404796293352072789e-02 1.322734884946955569e-01
4.798585950097242897e-02 7.397478747081778216e-01 8.274011905211127449e-02 1.295261467387384957e-01
3.978779951679493193e-02 7.391512880768176252e-01 9.367283114623324580e-02 1.273880812601545232e-01
3.526766877645176601e-02 7.281163147221534349e-01 1.118955947292666481e-01 1.247204217721284009e-01
3.250376692008193069e-02 7.066889465824935934e-01 1.413840039992599884e-01 1.194232824981642932e-01
2.936703931354785191e-02 6.787312184645024615e-01 1.837179067379792474e-01 1.081838354839703698e-01
2.764862693508221558e-02 6.434583943182053956e-01 2.396137585156093708e-01 8.927922023110290706e-02
2.717856623230380589e-02 6.134439241176601332e-01 2.927233188210154324e-01 6.665419082902065973e-02
2.666602775743462383e-02 6.044068083108584677e-01 3.223070647625863039e-01 4.662009916912032009e-02
2.379509345787428690e-02 6.262417698676294719e-01 3.184979020876885780e-01 3.146523458680772212e-02
