6.287920707807046275e-03 9.616411966968098357e-02 8.885210286378997235e-01 9.026930984612439174e-03
6.373461289918852524e-01 3.430660671268312423e-01 1.337412491530029154e-02 6.213678965983059424e-03
5.604083292756725232e-01 4.196945359698102673e-01 1.378812351549800821e-02 6.109011239018898552e-03
4.700996926757376460e-01 5.109746207130403395e-01 1.325267208293349694e-02 5.673014528288278235e-03
3.683783258688343998e-01 6.141195924829120356e-01 1.248302180308877816e-02 5.019059845164709245e-03
2.625013724611346411e-01 7.222744921357620029e-01 1.108722183037593768e-02 4.136913572727308162e-03
1.662693776944036139e-01 8.215045900662606426e-01 9.096691484602761196e-03 3.129340754733032134e-03
9.458902415558000099e-02 8.962743285720249364e-01 6.934607694633548348e-03 2.202039577761757093e-03
5.156981117039421275e-02 9.419388154876302544e-01 4.982286511140373783e-03 1.509086830835478952e-03
2.792258564147824182e-02 9.675555646028922707e-01 3.484370330140405987e-03 1.037479425489173197e-03
1.529990673570243154e-02 9.816056944133040307e-01 2.377066052941188921e-03 7.173327980521790239e-04
8.649951096393609581e-03 9.892552097670190836e-01 1.594562852613182853e-03 5.002762839742667554e-04
5.295231523708642495e-03 9.932489256094358954e-01 1.093205237433515428e-03 3.626376294217634254e-04
3.585332582865133431e-03 9.953530659987984697e-01 7.845883901715222783e-04 2.770130281648842149e-04
2.678700224760370042e-03 9.965068117993366448e-01 5.923280707859516830e-04 2.221599051169323978e-04
2.177354052497626740e-03 9.971678032356497967e-01 4.699356273386491741e-04 1.849070845136627206e-04
1.877857936677192760e-03 9.975783510967842771e-01 3.872804744695248591e-04 1.565104920687776556e-04
1.623171111602706102e-03 9.979319538925996991e-01 3.165111063283195816e-04 1.283638894691281976e-04
1.307495748762662648e-03 9.983553683536502410e-01 2.410416344832880644e-04 9.609426310379308423e-05
1.485377596581035212e-06 9.999675159307704897e-01 1.811762512918023503e-05 1.288106650370468434e-05
1.078983693776803533e-06 9.999793002309081968e-01 1.162098585962446133e-05 7.999799538364283313e-06
1.115160549949927195e-06 9.999838734706903987e-01 9.074629980432068354e-06 5.936738779419278357e-06
1.654818718308617671e-06 9.999838144095642978e-01 9.007547740541615427e-06 5.523223976812757393e-06
1.602657434938456731e-03 9.981856578281846915e-01 1.601648694423302448e-04 5.151986743459127107e-05
2.162133396124400753e-03 9.976088274827965563e-01 1.751352807838990166e-04 5.390384029514329745e-05
2.708319222672859149e-03 9.970576015415807403e-01 1.805654788749373610e-04 5.351375687135654405e-05
3.256467376006602025e-03 9.965066125019934606e-01 1.836647436994819842e-04 5.325537830025961868e-05
3.855991259167828710e-03 9.958997950279774303e-01 1.894445364468047403e-04 5.476917640778630443e-05
4.576238830312553789e-03 9.951643549624413776e-01 2.006130831314197017e-04 5.879312411454754202e-05
5.268054293952834609e-03 9.944548180488812505e-01 2.133552645222899292e-04 6.377239264347585041e-05
5.557443327316904935e-03 9.941561975573999232e-01 2.198016066175376333e-04 6.655750866561191664e-05
5.309386833326238016e-03 9.944050185139905462e-01 2.193588522849768965e-04 6.623580039781575284e-05
4.900235444256148543e-03 9.948093352652854771e-01 2.241048876728901705e-04 6.632440278547959518e-05
4.756469950359871676e-03 9.949232451729974613e-01 2.490334046809966791e-04 7.125147196137925206e-05
5.044994931564602061e-03 9.945648980795940286e-01 3.061628946125242653e-04 8.394409422863743345e-05
5.786404442484983750e-03 9.936991184222319085e-01 4.074862166883037829e-04 1.069909185946209458e-04
6.847668267056959343e-03 9.924500915438237980e-01 5.605304602545984867e-04 1.417097288646474644e-04
8.027084038256040999e-03 9.910198885805897584e-01 7.654753519686910077e-04 1.875520291851711892e-04
9.592166171038281688e-03 9.891134308265665531e-01 1.044449088737393547e-03 2.499539136577006815e-04
1.227396080646557704e-02 9.859244991310022188e-01 1.458285325885842970e-03 3.432547366463105506e-04
1.615699095446297695e-02 9.813470314150883889e-01 2.028116759320478402e-03 4.678608711280088763e-04
2.035668287945053764e-02 9.763441427015824292e-01 2.698724223786558730e-03 6.004501951806278303e-04
2.341246073190966781e-02 9.725454007762426301e-01 3.339792846040602441e-03 7.023456458071766686e-04
2.382866819933781091e-02 9.716996338571888270e-01 3.739900709180469119e-03 7.317972342929993492e-04
2.140630773173170937e-02 9.741359545097529882e-01 3.776593115138704524e-03 6.811446433762458974e-04
1.767521689061837126e-02 9.781517691181581542e-01 3.579610325914725326e-03 5.934036653090312254e-04
1.446181741980578223e-02 9.816048919141329154e-01 3.408430706251823136e-03 5.248599598090414060e-04
1.241172373364868298e-02 9.836796171372690356e-01 3.409367307798734804e-03 4.992918212837108667e-04
1.137256019334332256e-02 9.845013360439904826e-01 3.608925419752537223e-03 5.171783429135426956e-04
1.105280447417389400e-02 9.843732178962399937e-01 3.997375115435744357e-03 5.766025141500262172e-04
1.115727669318684542e-02 9.836363665108438514e-01 4.530881510383500711e-03 6.754752855857772825e-04
1.125190570129217665e-02 9.828894670254539889e-01 5.059653056985950574e-03 7.989742162680911475e-04
1.066538102321568961e-02 9.831376482106900516e-01 5.292971543383425542e-03 9.039992227110168945e-04
8.901225667386002821e-03 9.852124092360085017e-01 4.954893472756888469e-03 9.314716238486310789e-04
6.479750309235700681e-03 9.885230508316981135e-01 4.124800498947412547e-03 8.723983601188037328e-04
4.423798300496286327e-03 9.915669484888365304e-01 3.221063668718072374e-03 7.881895419487301539e-04
3.045693250902728640e-03 9.937112403393322246e-01 2.513640167525265940e-03 7.294262422395491989e-04
2.105127988804424664e-03 9.951775720034139461e-01 2.018399639831611452e-03 6.989003679500916397e-04
1.432908790956391194e-03 9.961634543014367127e-01 1.710194798190991334e-03 6.934421094158545835e-04
1.012314990715349654e-03 9.966593045242567728e-01 1.598254097917973333e-03 7.301263871100397655e-04
8.315868508552090328e-04 9.966191087270385163e-01 1.711156035454222809e-03 8.381483866521026276e-04
8.555247554604271561e-04 9.960185501629816862e-01 2.081921809690354726e-03 1.044003271867747443e-03
1.067877062104962294e-03 9.948809964717750809e-01 2.697244765435150710e-03 1.353881700684689444e-03
1.415240260773533961e-03 9.935482113147987571e-01 3.332083117137542294e-03 1.704465307290319552e-03
1.716416786786152844e-03 9.927825857623662209e-01 3.546146042430870469e-03 1.954851408417055889e-03
1.911923505703468952e-03 9.927670220041990845e-01 3.259973236291509140e-03 2.061081253805782578e-03
2.152438830051591704e-03 9.929044126646621171e-01 2.844107178394556738e-03 2.099041326891507193e-03
2.655165121745642776e-03 9.925620463258885140e-01 2.607735429900745992e-03 2.175053122465164454e-03
3.679927931183425011e-03 9.913267950792052918e-01 2.626465159501393566e-03 2.366811830110034879e-03
5.547197356463646166e-03 9.888524808703732516e-01 2.886359111136892024e-03 2.713962662026078373e-03
8.634904361210704246e-03 9.847298551161505209e-01 3.376090907683045039e-03 3.259149614955621829e-03
1.312879701233149628e-02 9.788175890266639367e-01 4.034431951347416424e-03 4.019182009657059490e-03
9.434187275988640264e-01 3.079705367644749309e-02 2.295979829410356790e-02 2.824420430585020559e-03
6.775571629753851521e-01 2.545900128841217525e-01 4.953213734744259245e-02 1.832068679305030520e-02
6.204653207852744989e-01 2.888914151152233711e-01 6.725899398035926902e-02 2.338427011914267703e-02
5.474534856223928214e-01 3.296481734042948086e-01 9.256834416584902581e-02 3.032999680746324700e-02
4.615359941260110399e-01 3.732212477837034692e-01 1.259537996556915340e-01 3.928895843459397769e-02
3.785979017603893215e-01 4.061199295993656033e-01 1.650354797871137202e-01 5.024668885313121613e-02
3.100379426627829504e-01 4.208695453198177949e-01 2.059563245417554977e-01 6.313618747564361811e-02
2.632502867878617203e-01 4.181790405148196887e-01 2.410136686896181268e-01 7.755700400770014491e-02
2.341496125547620211e-01 4.068453256058368606e-01 2.662392241357908751e-01 9.276583770361018777e-02
2.111391518403224199e-01 3.997884351123397462e-01 2.804647386728453262e-01 1.086076743744923134e-01
1.878929353544551428e-01 4.010078727229545170e-01 2.861148716958472615e-01 1.249843202267431341e-01
1.654082214866622602e-01 4.110557046705144435e-01 2.830567711962196364e-01 1.404793026466034656e-01
1.439557228776683906e-01 4.315064872886805736e-01 2.715484688300537353e-01 1.529893210035973838e-01
1.265755042352841031e-01 4.561523007052650791e-01 2.568316064236224050e-01 1.604405886358284128e-01
1.113886944336024698e-01 4.873228382227564603e-01 2.405380033452652055e-01 1.607504639983759753e-01
9.847043317159856479e-02 5.216431654438981047e-01 2.265819180045603176e-01 1.533044833799430129e-01
9.239166960822334240e-02 5.512331836212670533e-01 2.169219953602728179e-01 1.394531514102367864e-01
9.441822696248571012e-02 5.679367936898075397e-01 2.149556738753844176e-01 1.226893054723223325e-01
1.042886342823566986e-01 5.680973007947556219e-01 2.209790212823757871e-01 1.066350436405118368e-01
1.212201476429770608e-01 5.504232155095158951e-01 2.358393135982708444e-01 9.251732324923603312e-02
1.482198747194738431e-01 5.145158894914078074e-01 2.565083376533882631e-01 8.075589813573018361e-02
1.758496758537832216e-01 4.714960370125650946e-01 2.812486892470631994e-01 7.140559788658902562e-02
1.873474468995217357e-01 4.306667709914739905e-01 3.178001220028661700e-01 6.418566010613810380e-02
1.759216840127395265e-01 3.939516925295214467e-01 3.717954869854290800e-01 5.833113647230959986e-02
1.570640110509407827e-01 3.547958348270772722e-01 4.347398512250545410e-01 5.340030289692773019e-02
1.457861530397961680e-01 3.090060285813542862e-01 4.952607914712395809e-01 4.994702690761029101e-02
1.417134552164464600e-01 2.609148227207383486e-01 5.492377637368841548e-01 4.813395832593105744e-02
1.421326143453857938e-01 2.189068669089330454e-01 5.908355332486704414e-01 4.812498549701069855e-02
1.403400682574505731e-01 1.904569653329208356e-01 6.190895923462639283e-01 5.011337406336455191e-02
1.329618566018314629e-01 1.782619411101865059e-01 6.345247754712373123e-01 5.425142681674491318e-02
1.218208556389820812e-01 1.857285199419777821e-01 6.314363819340490513e-01 6.101424248499108527e-02
1.140455817846786624e-01 2.073275170235374665e-01 6.079392017791140912e-01 7.068769941267016854e-02
1.102945987602041017e-01 2.364100301452233821e-01 5.707928262559276433e-01 8.250254483864519206e-02
1.130328264054926007e-01 2.684737852563723881e-01 5.219778025481291994e-01 9.651558579000579785e-02
1.175947298092127336e-01 3.000698869357042997e-01 4.688611534680975912e-01 1.134742297869853200e-01
1.131483760694785706e-01 3.290720983288064061e-01 4.224271142246801558e-01 1.353524113770348258e-01
9.445003914373840959e-02 3.553919599492639247e-01 3.850077390140056455e-01 1.651502618929922006e-01
7.293921576707027010e-02 3.735710890852628197e-01 3.500690654938946600e-01 2.034206296537725278e-01
5.638361123516891921e-02 3.762639840744902986e-01 3.196230012500172468e-01 2.477294034403238476e-01
4.492331699413290580e-02 3.591038399710584361e-01 3.001075167341617500e-01 2.958653263006465473e-01
3.645668490413758039e-02 3.271873952052755108e-01 2.977819489073147974e-01 3.385739709832718547e-01
2.985614226933374499e-02 2.879026573534984590e-01 3.177460365198312986e-01 3.644951638573364905e-01
2.338505432539881787e-02 2.405854915620372902e-01 3.652797210191457422e-01 3.707497330934184099e-01
1.717221067548350619e-02 1.849200893276896629e-01 4.403535078521783608e-01 3.575541921446484528e-01
1.197974428273645107e-02 1.280130374420143657e-01 5.316167230267558885e-01 3.283904952484933970e-01
7.836819811713325104e-03 7.953510070664226994e-02 6.218910777754784736e-01 2.907370017061657874e-01
4.883164867277961854e-03 4.583413090899882136e-02 6.966456838722250300e-01 2.526370203514980983e-01
3.025263777163869107e-03 2.572620699764237989e-02 7.461956926369079923e-01 2.250528365882855930e-01
1.954645105478609000e-03 1.479301399394399724e-02 7.690083535713847507e-01 2.142439873291930863e-01
1.426353166757036561e-03 9.397577592151238474e-03 7.686552736322476154e-01 2.205207956088441612e-01
1.338128402728620912e-03 7.407717070292854297e-03 7.477483706914979100e-01 2.435057838354804105e-01
1.717428837460379266e-03 7.804248446730024241e-03 7.064421246758081363e-01 2.840361980400011865e-01
2.912219619353403378e-03 1.101474019024228923e-02 6.451433710624276952e-01 3.409296691279768421e-01
6.065825004131005817e-03 1.992412954039020703e-02 5.712856838060446085e-01 4.027243616494339262e-01
1.364375588495110071e-02 4.069193317116040487e-02 4.957151236923552085e-01 4.499491872515334334e-01
2.916374081233953641e-02 8.074963334644218171e-02 4.236086579850483202e-01 4.664779678561700171e-01
5.611686300712673964e-02 1.425389083500340492e-01 3.573856354668358826e-01 4.439585931760032245e-01
9.803844619971696650e-02 2.187760034103187479e-01 2.960366857263732610e-01 3.871488646635908304e-01
1.587267841789326284e-01 2.901257256169747500e-01 2.407594530404597588e-01 3.103880371636329460e-01
2.396315392376183184e-01 3.363207107957775222e-01 1.906695169820825098e-01 2.333782329845215386e-01
3.316359272938007585e-01 3.444593353792663182e-01 1.515802457923334789e-01 1.723244915345993888e-01
4.159059818520151053e-01 3.305000291566523307e-01 1.233645603629964921e-01 1.302294286283362523e-01
4.815065521283393712e-01 3.117911553799317392e-01 1.042359669748738060e-01 1.024663255168551806e-01
5.266422781986843660e-01 2.967429444111706061e-01 9.205217346047137039e-02 8.456260392967394901e-02
5.550666569531352845e-01 2.869905174759633248e-01 8.485705497869414082e-02 7.308577059220740246e-02
5.737704879982955530e-01 2.799162576565772942e-01 8.038844953203048982e-02 6.592480481309657969e-02
5.818251341046564162e-01 2.771356712579654547e-01 7.923057328975077751e-02 6.180862134762724752e-02
5.834238834820416608e-01 2.762232370079766852e-01 8.022945664503206009e-02 6.012342286494956611e-02
5.783033520602121058e-01 2.772027410549269266e-01 8.371305921454069709e-02 6.078084767032001373e-02
5.665951101138654300e-01 2.797018015823964365e-01 9.010604186779617997e-02 6.359704643594207840e-02
5.483338622024687137e-01 2.833599130274827016e-01 9.997621266560344222e-02 6.833001210444490658e-02
5.219283028599467356e-01 2.886204488870813822e-01 1.144986425303851640e-01 7.495260572258652387e-02
3.439618511201442824e-02 7.305250532384030548e-02 3.291936020695416243e-01 5.633577074946035657e-01
5.327478415224038422e-01 4.494174238472269933e-01 1.549409034393515669e-02 2.340644286434073306e-03
4.305469341065982780e-01 5.496743331154348988e-01 1.751569962921278173e-02 2.263033148753713138e-03
3.201824885020096989e-01 6.585275127128771278e-01 1.911003742304363470e-02 2.179961362069310522e-03
2.278482242751212472e-01 7.503847897104402032e-01 1.967643250373851335e-02 2.090553510699875387e-03
1.615663155077614599e-01 8.171945148767424394e-01 1.923123774223618049e-02 2.007931873259738084e-03
1.196879890559635340e-01 8.599414368663663710e-01 1.839553381603357962e-02 1.975040261636474594e-03
9.780178153562008037e-02 8.825243135135898420e-01 1.765289765320371060e-02 2.021007297586292425e-03
8.815315501664523767e-02 8.927469884440983883e-01 1.696600559569650529e-02 2.133850943559864859e-03
8.747531040483871867e-02 8.939215278129848397e-01 1.630634076458033557e-02 2.296821017596021534e-03
9.500390893560503591e-02 8.866547953430957696e-01 1.582821636641110544e-02 2.513079354888001025e-03
1.107805490664563047e-01 8.708788956544886162e-01 1.556181255914393206e-02 2.778742719911411144e-03
1.331995938368112364e-01 8.485193279527916133e-01 1.523597542804793967e-02 3.045102782349133445e-03
1.571407961957650978e-01 8.251602208712568443e-01 1.447079251939488789e-02 3.228190413583062902e-03
1.779238781827119087e-01 8.056309707349931237e-01 1.314909657076729875e-02 3.296054511528005802e-03
1.920788794716219161e-01 7.929759580237992767e-01 1.164301180986761219e-02 3.302150694710982107e-03
2.105396342591729641e-01 7.756147734215186329e-01 1.044447084970088341e-02 3.401121469607686944e-03
2.406936337312066687e-01 7.459469315219854346e-01 9.695434316910679293e-03 3.664000429897232985e-03
2.750162114855761453e-01 7.118562320811853139e-01 9.133210125694016940e-03 3.994346307544789296e-03
2.989444913221072642e-01 6.882710975331755021e-01 8.528913874068970793e-03 4.255497270648227366e-03
3.079873006597903529e-01 6.796745678556587178e-01 7.908703032974888011e-03 4.429428451575964133e-03
3.046970962468836808e-01 6.834159802923114313e-01 7.345587187667579170e-03 4.541336273136948806e-03
2.945848730794332626e-01 6.939628845320146011e-01 6.862448549650601234e-03 4.589793838902026836e-03
2.833148214513802055e-01 7.056095983347366873e-01 6.487744542496625896e-03 4.587835671386766671e-03
2.691545317752509492e-01 7.201470210119601534e-01 6.178811750315604118e-03 4.519635462473583880e-03
2.452387382233331137e-01 7.446511941605639118e-01 5.804846435487127053e-03 4.305221180616040921e-03
2.092091235213319467e-01 7.816567812116564928e-01 5.255532164267402023e-03 3.878563102744441229e-03
1.687816782773662039e-01 8.233734195036652714e-01 4.557421059021361451e-03 3.287481159947382246e-03
1.335527420752214145e-01 8.597682200004903574e-01 4.013800536577309154e-03 2.665237387710985700e-03
1.109782216262835269e-01 8.835156122165347403e-01 3.378874602536203683e-03 2.127291554645496102e-03
9.759250055148885328e-02 8.978046560032761914e-01 2.912856225232702406e-03 1.689987220002064092e-03
9.038532634016277489e-02 9.056894087669357107e-01 2.583920462604445169e-03 1.341344430297175452e-03
8.655305947190145011e-02 9.100412649772421370e-01 2.342448952224838923e-03 1.063226598631509612e-03
8.367435938379579052e-02 9.133675481077271341e-01 2.124555593922975664e-03 8.335369145541184814e-04
8.246555129241493753e-02 9.149414969129124886e-01 1.936955882737774774e-03 6.559959119347262297e-04
8.535265017064912196e-02 9.122852702468938757e-01 1.823687366993808441e-03 5.383922154632343358e-04
9.292767667089264771e-02 9.047917236699025700e-01 1.806209083312135429e-03 4.743905758924872791e-04
1.023070487311500826e-01 8.953795798764386804e-01 1.866195488680678785e-03 4.471759037308287925e-04
1.086589540468323040e-01 8.889548678753209643e-01 1.949718134684770956e-03 4.364599431618999695e-04
1.102673302606583527e-01 8.872711581522459978e-01 2.027544617586298122e-03 4.339669695093419880e-04
1.112551674037000199e-01 8.861557066197702781e-01 2.140991497952422426e-03 4.481344785770520543e-04
1.171157907553994487e-01 8.800353349369626210e-01 2.358476605840458505e-03 4.903977017973944500e-04
1.323645754036591182e-01 8.644293891664812657e-01 2.648537788062101106e-03 5.574976417972964116e-04
1.550156931504517999e-01 8.411234440645564137e-01 3.189865402981764773e-03 6.709973820100688683e-04
1.837249028669882822e-01 8.114604338031923270e-01 3.976863477165583707e-03 8.377998526536550037e-04
2.060666072541532945e-01 7.879437012927990036e-01 4.939904880516249493e-03 1.049786572531913624e-03
2.075847624341274067e-01 7.852653113918909300e-01 5.873526160812506114e-03 1.276400013169562680e-03
1.879141098323089121e-01 8.040391286937551563e-01 6.557645777338430571e-03 1.489115696597397877e-03
1.635868727835162462e-01 8.276535156280085959e-01 7.032827326654497030e-03 1.726784261820686530e-03
1.463345429994365732e-01 8.441255578116100278e-01 7.477561961944326901e-03 2.062337227008950290e-03
1.306116967555079611e-01 8.590464254198881822e-01 7.869509940264729150e-03 2.472367884339206519e-03
1.127087283453213629e-01 8.766975151500033814e-01 7.751834270766888059e-03 2.841922233908555050e-03
9.292616635228485855e-02 8.966959082311850571e-01 7.262900396450061233e-03 3.115025020079958094e-03
7.701938379688934300e-02 9.128900188590061138e-01 6.726169030805154159e-03 3.364428313299327924e-03
6.676800062059183583e-02 9.231605993593121617e-01 6.377955846755476756e-03 3.693444173340340066e-03
6.005746426473747984e-02 9.295921105800782902e-01 6.223783692829250661e-03 4.126641462354955874e-03
5.417908319716428778e-02 9.350403954590343902e-01 6.163300085986583333e-03 4.617221257814499262e-03
4.754408302926125401e-02 9.412609155049459497e-01 6.107774985059928434e-03 5.087226480732645779e-03
4.011406685221952095e-02 9.483919077516076435e-01 6.025165773178829849e-03 5.468859622994088135e-03
3.314304825084427031e-02 9.550494080724408752e-01 6.002707767389757997e-03 5.804835909324881395e-03
2.819623448047007055e-02 9.591838281719995418e-01 6.292463352644153338e-03 6.327473994886217805e-03
2.516819913471739917e-02 9.605508854786858342e-01 7.061939518014733255e-03 7.218975868582042967e-03
2.279871933469127324e-02 9.604512294309845988e-01 8.273820429832944717e-03 8.476230804491311638e-03
2.006418346324076105e-02 9.601164835466496905e-01 9.818181906301551645e-03 1.000115108380832465e-02
1.679885771104587880e-02 9.598241853256822553e-01 1.166580794238665508e-02 1.171114902088523854e-02
1.377974463523206315e-02 9.585751445230047407e-01 1.400310849309205179e-02 1.364200234867131087e-02
1.180096779895383093e-02 9.552615796699022166e-01 1.704491465594799512e-02 1.589253787519600419e-02
1.091410679118397925e-02 9.498386149192928896e-01 2.070564412448170494e-02 1.854163416504145401e-02
1.057535648723690810e-02 9.432074985979538306e-01 2.463432353256653565e-02 2.158282138224250357e-02
1.042221260702776674e-02 9.366561010300457069e-01 2.828668141816110398e-02 2.463500494476549701e-02
1.035868677680142243e-02 9.324780699944291706e-01 3.042804689897439518e-02 2.673519632979510369e-02
1.050099574848715675e-02 9.326976441813995544e-01 2.981470894686697598e-02 2.698665112324663898e-02
6.931063884284935535e-03 1.883772779565472122e-01 5.659839965768245218e-01 2.387076615823432724e-01
8.265277780972997146e-01 1.586662568136347762e-01 1.188949995902584961e-02 2.916465130039356483e-03
7.371607108761391025e-01 2.420823408433567248e-01 1.723082485792117730e-02 3.526123422582686222e-03
5.974723393940247762e-01 3.741160068085720436e-01 2.435155342151982746e-02 4.060100375883412584e-03
4.114317248651832015e-01 5.528824328650796538e-01 3.144535997068529515e-02 4.240482299051951884e-03
2.304260446352832947e-01 7.301956722790069465e-01 3.541557576185562495e-02 3.962707323854084383e-03
1.095605670492344058e-01 8.521122382392678496e-01 3.492100945744837370e-02 3.406185254049128464e-03
4.558039069659305248e-02 9.204367243215287875e-01 3.119744439324765445e-02 2.785440588630546787e-03
1.804924798985729772e-02 9.519659828236497479e-01 2.769319960823860352e-02 2.291569578254516997e-03
7.416454183586427586e-03 9.660942999639210438e-01 2.455240616453090163e-02 1.936839687961698555e-03
3.360553437852778404e-03 9.737602816984693987e-01 2.120177078287044381e-02 1.677394080807165884e-03
1.887865819340403539e-03 9.786176536544077820e-01 1.800039695292384584e-02 1.494083573328041726e-03
1.267209645747298776e-03 9.817115338144565273e-01 1.566954211737494815e-02 1.351714422421054253e-03
9.710540047457996227e-04 9.829329017508453559e-01 1.483545887420413371e-02 1.260585370204378268e-03
8.609092908854993698e-04 9.816547479427493172e-01 1.621917533818588095e-02 1.265167428179035181e-03
9.440563330138883585e-04 9.763343615410704501e-01 2.127414677810099755e-02 1.447435347814754816e-03
1.247056552169420506e-03 9.648594559711251017e-01 3.202402243188090525e-02 1.869465044824701735e-03
1.697278253614135099e-03 9.462306725754987546e-01 4.959075500433104966e-02 2.481294166555997934e-03
2.332680125209499623e-03 9.207269965524877975e-01 7.367758867782261967e-02 3.262734644479749722e-03
3.462093717616123497e-03 8.906024866043286137e-01 1.015964593329588966e-01 4.338960345096140245e-03
5.371270246080728748e-03 8.598097949795791006e-01 1.289584261259119347e-01 5.860508648428286275e-03
8.224471692679662452e-03 8.325030160619133479e-01 1.512780598064336901e-01 7.994452438973597905e-03
1.286869866057110436e-02 8.103211067747893015e-01 1.657515359312342340e-01 1.105865863340550585e-02
1.797884137173494379e-02 7.930082123167209174e-01 1.736683688651023960e-01 1.534457744644165435e-02
2.370804030319947214e-02 7.765998462625186560e-01 1.781611569544295226e-01 2.153095647985259556e-02
2.938426450831689574e-02 7.596178651022149619e-01 1.806044504049710286e-01 3.039341998449706164e-02
3.541482577593435543e-02 7.430752366830664091e-01 1.786251048753494941e-01 4.288483266565001895e-02
4.362157270270258097e-02 7.292232868064010276e-01 1.680218767174902761e-01 5.913326377340612922e-02
5.525828829081261273e-02 7.202597994766180012e-01 1.479547410062462542e-01 7.652717122632327063e-02
6.926022270554534066e-02 7.177884427373873999e-01 1.228207571327131764e-01 9.013057742435412467e-02
8.174981765237208930e-02 7.235178649771282222e-01 9.784522241585047464e-02 9.688709495464917221e-02
9.118268238143284465e-02 7.362009142279465346e-01 7.612347246642572896e-02 9.649293092419503060e-02
1.013940015601884626e-01 7.490120161111167851e-01 5.968708604948850388e-02 8.990689627920624150e-02
1.129722160337757603e-01 7.582595158868778995e-01 4.830715293478455435e-02 8.046111514456150138e-02
1.222638798793350828e-01 7.665376816430301554e-01 4.027019423553654387e-02 7.092824424209839829e-02
1.260828510172906092e-01 7.774441716223819965e-01 3.421489439284701450e-02 6.225808296748043535e-02
1.246559383538237975e-01 7.911826607400173073e-01 2.949385351609257189e-02 5.466754739006621233e-02
1.220122317118075006e-01 8.035739608073408924e-01 2.601681093720466936e-02 4.839699654364688908e-02
1.236470455481783193e-01 8.086204100380615101e-01 2.395970527611689799e-02 4.377283913764307144e-02
1.340451709293776217e-01 8.015673332895110192e-01 2.350465428746278951e-02 4.088284149364843079e-02
1.519154687155569450e-01 7.844535055162584758e-01 2.432440971061376397e-02 3.930661605757077709e-02
1.714272483086998755e-01 7.644629697623315234e-01 2.572056659389402103e-02 3.838921533507434758e-02
1.898727155132591826e-01 7.448752734155823507e-01 2.735199670966000779e-02 3.790001436149843111e-02
2.119217003612112737e-01 7.206686994771511756e-01 2.936238000435126977e-02 3.804722015728623230e-02
2.450590140550374385e-01 6.840947425148802274e-01 3.192571546387042852e-02 3.892052796621164185e-02
2.872613979856009636e-01 6.380522765731172496e-01 3.456220550914344825e-02 4.012411993213858136e-02
3.253246389933520111e-01 5.967441119773795322e-01 3.649085302247953577e-02 4.144039600678901120e-02
3.507665113575384463e-01 5.685154250637637352e-01 3.762512759984654176e-02 4.309293597885155425e-02
3.664421941629799062e-01 5.500280501337095895e-01 3.835881892981020391e-02 4.517093677350026565e-02
3.762991153436689440e-01 5.370517363639542019e-01 3.900364551491363602e-02 4.764550277746336382e-02
3.811360604826624643e-01 5.286027962802448688e-01 3.977455950591241712e-02 5.048658373118023596e-02
3.794061176904058308e-01 5.261596539431143693e-01 4.086314803233077886e-02 5.357108033414887532e-02
3.670820403094605666e-01 5.338968749874921649e-01 4.236408159171771437e-02 5.665700311132976230e-02
3.379877023203157194e-01 5.584807639679554292e-01 4.409784594571303923e-02 5.943368776601585385e-02
2.896475198162766773e-01 6.033750290062314114e-01 4.554211482204064548e-02 6.143533635545105759e-02
2.323763923662263420e-01 6.592770620096005674e-01 4.634770416679605959e-02 6.199884145737715596e-02
1.797503930452281629e-01 7.121908249685233727e-01 4.684775410718138716e-02 6.121102787906716053e-02
1.355716976567152565e-01 7.572097747059188810e-01 4.753486308186666981e-02 5.968366455549879018e-02
9.536212695866998212e-02 7.992457670931466529e-01 4.803568045229513611e-02 5.735642549588865213e-02
5.830258097808781181e-02 8.397903410217036901e-01 4.782394054024161067e-02 5.408313745996717187e-02
3.199610134275909790e-02 8.667795152051089858e-01 4.938612636951256185e-02 5.183825708261911858e-02
1.841581763763699975e-02 8.702450487974950910e-01 5.774207927465672269e-02 5.359705429021098533e-02
1.300843464742676425e-02 8.452739342863320182e-01 7.991487050907100653e-02 6.180276055717012079e-02
1.070892321477697785e-02 7.840796791068672666e-01 1.268307653253321343e-01 7.838063235302353271e-02
1.032668717486811931e-02 6.699465980560063150e-01 2.169469598131016086e-01 1.027797549560240387e-01
9.996987803909094389e-03 5.025742540237654321e-01 3.625503262358512613e-01 1.248784319364741741e-01
9.049594927082404983e-03 3.259413299208896442e-01 5.364791179238070917e-01 1.285299572282209979e-01
7.916616116067790379e-03 1.932441797023556618e-01 6.863107670449968278e-01 1.125284371365795205e-01
7.587165556866943064e-03 1.184054359626337538e-01 7.821960366168622114e-01 9.181136186363711427e-02
8.577927936518608271e-03 8.388619657918539030e-02 8.294309567286191065e-01 7.810491875567718290e-02
1.089721790087500898e-02 6.973812532067545644e-02 8.465475237408600639e-01 7.281713303758913236e-02
1.425544552783554290e-02 6.478454312135105420e-02 8.473192712295052331e-01 7.364074012130794600e-02
7.322389652939463867e-01 2.416252595790425173e-01 2.045807365667552669e-02 5.677701470335622287e-03
6.716691236657227337e-01 2.924029680086384086e-01 2.926275320042409991e-02 6.665155125214865250e-03
5.953240092097800140e-01 3.533046472395515170e-01 4.368080953226052138e-02 7.690534018408083823e-03
5.036939478651391022e-01 4.194365233198233400e-01 6.810423750277060095e-02 8.765291312266852708e-03
4.042791715527439544e-01 4.783884362441078730e-01 1.075354437656716455e-01 9.796948437476766386e-03
3.118534151636973006e-01 5.102215840803356883e-01 1.672321459095109653e-01 1.069285484645602670e-02
2.336060773174619409e-01 5.031516682932769546e-01 2.518068159322006672e-01 1.143543845706039216e-02
1.753854591400033913e-01 4.511191412220712516e-01 3.613885683462768617e-01 1.210683129164839660e-02
1.335032587143250293e-01 3.681256342463945508e-01 4.856274878600403966e-01 1.274361917924029218e-02
1.073001851115900074e-01 2.765151456510306360e-01 6.028327208640095192e-01 1.335194837337002130e-02
8.890341657410814891e-02 1.993584556511090733e-01 6.978924204403093023e-01 1.384570733447339566e-02
7.276639475951257596e-02 1.418240110069115267e-01 7.713439525272490771e-01 1.406564170632709082e-02
5.639119851330497146e-02 1.012678966952021559e-01 8.284773169352193101e-01 1.386358785627349842e-02
4.160750194798649298e-02 7.347777777327306470e-02 8.715857696177425895e-01 1.332895066099779903e-02
3.033302369070942778e-02 5.452825631217075170e-02 9.024405909946102700e-01 1.269812900250950026e-02
2.322201323124294808e-02 4.212806290738471682e-02 9.223023514226550423e-01 1.234757243871774206e-02
1.983288628244609872e-02 3.511809440220441114e-02 9.323352239404579800e-01 1.271379537489139393e-02
1.916967784732624691e-02 3.210247385521285135e-02 9.346781184789013652e-01 1.404972981855967008e-02
2.024255673238771480e-02 3.124516035249885401e-02 9.322624862030112203e-01 1.624979671210213458e-02
2.248090723239233590e-02 3.088230162339027432e-02 9.277535405265029400e-01 1.888325061771429017e-02
2.630564506459840551e-02 3.037897956827358831e-02 9.217529097634471480e-01 2.156246560368057716e-02
3.252390186558465346e-02 3.013371973107996718e-02 9.132580892479664758e-01 2.408428915536868498e-02
4.043891394756001650e-02 3.033346439824096547e-02 9.030840147710621491e-01 2.614360688313691061e-02
7.089330331103161909e-01 2.753051209388620024e-01 1.075968096299926256e-02 5.002164987822464368e-03
6.819250304568398313e-01 3.017533024258085006e-01 1.139153758834064896e-02 4.930129529011281070e-03
6.554226621344817483e-01 3.274467875660589944e-01 1.227038783467256609e-02 4.860162464786876857e-03
6.282284059234991558e-01 3.533238754100654910e-01 1.362021197667244790e-02 4.827506689762848038e-03
5.960706993416623467e-01 3.830578359328684068e-01 1.594828562822553364e-02 4.923179097243432674e-03
5.556281147743197257e-01 4.190501792188970343e-01 2.004617954175762565e-02 5.275526465025576206e-03
5.018646208763974936e-01 4.652682951910478981e-01 2.688316874760810285e-02 5.983915184946470706e-03
4.276627133914659429e-01 5.279929735477889574e-01 3.728186519330470294e-02 7.062447867440281406e-03
3.314393477108683039e-01 6.093834042489024716e-01 5.087338786793241252e-02 8.303860172296667966e-03
2.280174294939876778e-01 6.975767948537667795e-01 6.513010757259156402e-02 9.275668079653919679e-03
1.340488849202908783e-01 7.797048195345389621e-01 7.673855882819777263e-02 9.507736716972732191e-03
6.897335485534181188e-02 8.302564311257329965e-01 9.144715273998532679e-02 9.323061278940072971e-03
3.323173871079616870e-02 8.369506779602303714e-01 1.202810480682435096e-01 9.536535260730364880e-03
1.599407938945892130e-02 8.032585114731173315e-01 1.701692345197244882e-01 1.057817461769937351e-02
7.988113512726536386e-03 7.382116927314116284e-01 2.414493898347569723e-01 1.235080392110474504e-02
3.991135953348873625e-03 6.512383576963005627e-01 3.303033747486137650e-01 1.446713160173674836e-02
2.080485188432298384e-03 5.531642181633412703e-01 4.282200608734813008e-01 1.653523577474505860e-02
1.101569859430359287e-03 4.599506483565342085e-01 5.207508980737085569e-01 1.819688371032671115e-02
6.608201300143569249e-04 3.851069569683746030e-01 5.944089455309040648e-01 1.982327737070698967e-02
4.680581465946487838e-04 3.205674061993444846e-01 6.571598504896113413e-01 2.180468516444930907e-02
3.583787641134869107e-04 2.538219927091881489e-01 7.222700158574436591e-01 2.354961266925443761e-02
2.871634042359709244e-04 1.935834056796849334e-01 7.817457450965140664e-01 2.438368581956507075e-02
2.569842115672665590e-04 1.528079699933042601e-01 8.222448117344749452e-01 2.469023406065318227e-02
2.732597520781619889e-04 1.339733467627043095e-01 8.401083865201538492e-01 2.564500696506356522e-02
3.378594923080637056e-04 1.323924785280619909e-01 8.393675897148066278e-01 2.790207226482317032e-02
4.589001377014290226e-04 1.443582448818684638e-01 8.240107380278649529e-01 3.117211695256521739e-02
6.479263610382294267e-04 1.699962473840625488e-01 7.948246102161027338e-01 3.453121603879621276e-02
8.715413436280282497e-04 2.068334094085921282e-01 7.558980465913907043e-01 3.639700265638923932e-02
1.049767231669489426e-03 2.477373844522221813e-01 7.151718713342474221e-01 3.604097698186107396e-02
1.144985090775666988e-03 2.892655024379592876e-01 6.754675875724881484e-01 3.412192489877680784e-02
1.148800744415028052e-03 3.317132128448430084e-01 6.359098754536158804e-01 3.122811095712590621e-02
1.106408609713817760e-03 3.803365936687672089e-01 5.906298877780857826e-01 2.792710994343299696e-02
1.135699795694546923e-03 4.425875326859751158e-01 5.313993876640725755e-01 2.487737985425783616e-02
1.322192485216814890e-03 5.188377131694246192e-01 4.577558076062769321e-01 2.208428673908184592e-02
1.679124098797370396e-03 6.040000264275260378e-01 3.755121222150291649e-01 1.880872725864740982e-02
2.098664922292378405e-03 6.864765544437188005e-01 2.966857570332354088e-01 1.473902360075338147e-02
2.406634175155286919e-03 7.523529063793704674e-01 2.345840210825285155e-01 1.065643836294566903e-02
2.966350609570562839e-03 7.939005185936379716e-01 1.956299343787504530e-01 7.503196418041160019e-03
2.938681213587229345e-03 8.138560349620365120e-01 1.778563991941055356e-01 5.348884630270837187e-03
2.895880789789778698e-03 8.194198463198086868e-01 1.737082061288925949e-01 3.976066761509202373e-03
2.821726367769086981e-03 8.200885990078778942e-01 1.739747681846863236e-01 3.114906439666930652e-03
2.759978047664140167e-03 8.225628317743139961e-01 1.720736006603231505e-01 2.603589517698696749e-03
2.755283426456287248e-03 8.250964442240098506e-01 1.698214477481476137e-01 2.326824601386269249e-03
2.762316512199220440e-03 8.197165944965950635e-01 1.753495822983948682e-01 2.171506692810837476e-03
2.256645694641689053e-03 8.008150850111260821e-01 1.948779078346593585e-01 2.050361459572952721e-03
2.257165235400140132e-03 7.630016325737164484e-01 2.326348527983914671e-01 2.106349392492112144e-03
2.391286360677268279e-03 7.033679852478165184e-01 2.919188559706850650e-01 2.321872420821365600e-03
2.484955189626798268e-03 6.233836111668924485e-01 3.714690974476150265e-01 2.662336195865708157e-03
2.327863819506087017e-03 5.306065548967220380e-01 4.639837671761634086e-01 3.081814107608302905e-03
1.975679168581831804e-03 4.375976798523258382e-01 5.567730569169540011e-01 3.653584062138239951e-03
1.626820197280792355e-03 3.567052382200250338e-01 6.370362178766695305e-01 4.631723706024681343e-03
1.365430886690042079e-03 2.898682234570026939e-01 7.023400413653214658e-01 6.426304290986196814e-03
1.185748411371821730e-03 2.341893869818506280e-01 7.548485524509895850e-01 9.776312155787805075e-03
1.087227781782988461e-03 1.899650196949622394e-01 7.923814281525024539e-01 1.656632437075263725e-02
1.092009114276989686e-03 1.587832104368586683e-01 8.076635008977292030e-01 3.246127955113545932e-02
1.318941596500187909e-03 1.397030261871006762e-01 7.849995698294073287e-01 7.397846238699187782e-02
1.920423413447951101e-03 1.255130881922931207e-01 7.002305162061626120e-01 1.723359721880960704e-01
2.591807433516420903e-03 1.087533299621632477e-01 5.358499971912742410e-01 3.528048654130463424e-01
2.438534714514736454e-03 8.239716325391661933e-02 3.298401913419534148e-01 5.853241106896153179e-01
1.611781573447430664e-03 5.369502681489517204e-02 1.646550054674225938e-01 7.800381861442347020e-01
9.928804360688045678e-04 3.380252216919792108e-02 7.512018075530477179e-02 8.900844166394286106e-01
7.221761585458598637e-04 2.343263514339591694e-02 3.647038180849061784e-02 9.393748068895674264e-01
9.452566925161491390e-04 1.857172221440617915e-02 2.184449349911781954e-02 9.586385275939598438e-01
1.101020382599824298e-03 1.831475363230896866e-02 1.658379475156334520e-02 9.640004312335278547e-01
1.638111806188223855e-03 2.019320609865698016e-02 1.579501678445711932e-02 9.623736653106979011e-01
2.557612838742460808e-03 2.307941751917421888e-02 1.699432745950898299e-02 9.573686421825744475e-01
3.991566233795018279e-03 2.778467301010848975e-02 1.985500282256538393e-02 9.483687579335310369e-01
6.449089202783333391e-03 3.705959588616138112e-02 2.514210707886173346e-02 9.313492078321933265e-01
1.223283546214246238e-02 5.651585779887943056e-02 3.284030276687367744e-02 8.984110039721044938e-01
2.265954709511149023e-02 9.054042668615665257e-02 4.581077777166159964e-02 8.409892484470699037e-01
3.808364587056229517e-02 1.383162474757404503e-01 6.000636305284478417e-02 7.635937436008525259e-01
5.477189773045971349e-02 1.915910161083219099e-01 7.110401969160558278e-02 6.825330664696128702e-01
7.007386427358965053e-02 2.438773232399299717e-01 7.835974133888939930e-02 6.076890711475910756e-01
8.501247662983814346e-02 2.934754231110551781e-01 8.446231218579987321e-02 5.370497880733064999e-01
1.021639284995181224e-01 3.408628262836774780e-01 9.218529902076913474e-02 4.647879461960355285e-01
1.180087208050893399e-01 3.827484405113248944e-01 1.016712782909718893e-01 3.975715603926137653e-01
1.259346817168001953e-01 4.197840693363409925e-01 1.117437547882148413e-01 3.425374941586437072e-01
1.228398405153128953e-01 4.561619920844308673e-01 1.207966495135207735e-01 3.002015178867359357e-01
1.086689497390606191e-01 4.933029647937680062e-01 1.280141877908525516e-01 2.700138976763187815e-01
8.840701749449762781e-02 5.298913452072103736e-01 1.341701258763811910e-01 2.475315114219104606e-01
6.940576283546021075e-02 5.637864353042146837e-01 1.407756964803823230e-01 2.260321053799428659e-01
5.525328257918719899e-02 5.935041090094083094e-01 1.496317887744982589e-01 2.016108196369064687e-01
4.547395659257381234e-02 6.183490098588139139e-01 1.624791980554572413e-01 1.736978354931550117e-01
3.808897660180745465e-02 6.359088410129229985e-01 1.821981278219384215e-01 1.438040545633310352e-01
3.140828994766561855e-02 6.452908075558300149e-01 2.092563916144419001e-01 1.140445108820622444e-01
2.739114964922059747e-02 6.405260331682686159e-01 2.454286825619762802e-01 8.665413462053454807e-02
2.529715885991659294e-02 6.318812138851117588e-01 2.788225977730733329e-01 6.399902948189824248e-02
2.393409984564446452e-02 6.330942593508082084e-01 2.962419441191904146e-01 4.672969668435664192e-02
2.153384421477754981e-02 6.535523683272080886e-01 2.910722659070686391e-01 3.384152155094606595e-02
