8.956631050613202485e-03 1.766900352681107511e-01 7.924257431982850708e-01 2.192759048299123409e-02
6.076870417054547335e-01 3.796903664980336712e-01 9.169538898890418344e-03 3.453052897621235878e-03
5.222296719687659072e-01 4.650940248985417913e-01 9.274504874375146327e-03 3.401798258317174223e-03
4.276179158325091323e-01 5.605668382330929456e-01 8.668253234721562395e-03 3.146992699676690215e-03
3.268977978885121427e-01 6.623276996933330496e-01 7.978166992920723150e-03 2.796335425233793977e-03
2.282497984513271738e-01 7.624689640783608446e-01 6.952320634073580648e-03 2.328916836238405664e-03
1.430898405153635256e-01 8.494590125411334292e-01 5.651964750355571721e-03 1.799182193147665912e-03
8.183108047686654674e-02 9.125282829561860432e-01 4.331072185284384236e-03 1.309564381663013951e-03
4.558065667261319148e-02 9.502973639207005219e-01 3.188475108674039028e-03 9.335042980122569469e-04
2.549327194792745319e-02 9.715264509607938193e-01 2.313662324560506692e-03 6.666147667179592477e-04
1.445165822495265290e-02 9.834233403943601903e-01 1.650351243173105338e-03 4.746501375142030046e-04
8.413416530563594745e-03 9.900876966703204829e-01 1.161846402731512651e-03 3.370403963846406990e-04
5.273078159500724747e-03 9.936449952318036072e-01 8.355613982059945100e-04 2.463652104897349256e-04
3.620116571258482404e-03 9.955669349948740310e-01 6.243606206829119872e-04 1.885878131844573953e-04
2.718185632772351142e-03 9.966442538060324985e-01 4.861598074691581115e-04 1.514007537265262546e-04
2.219253794219495316e-03 9.972574222990007176e-01 3.963514193086634476e-04 1.269724874711844476e-04
1.940290100381215823e-03 9.976128369554487785e-01 3.370604547684392981e-04 1.098124894015257053e-04
1.731850723630143059e-03 9.978864687840841574e-01 2.876312964682384114e-04 9.404919581752687338e-05
1.472323642119832774e-03 9.982202310069014928e-01 2.320070334191698868e-04 7.543831755956296071e-05
1.225826987492692390e-03 9.985344797069659606e-01 1.814866358611870174e-04 5.820666968042089036e-05
1.602720779459339629e-06 9.999736901347380247e-01 1.687264692321176427e-05 7.834497559145023318e-06
1.231797335678694880e-03 9.985762911120652507e-01 1.474305327814173078e-04 4.448101947484754622e-05
1.576324553938719154e-03 9.982173371998974698e-01 1.603053997463302122e-04 4.603284641749994774e-05
2.170160956140431557e-03 9.975970814732026959e-01 1.831645398983575037e-04 4.959303075868126454e-05
2.833462104498263041e-03 9.969164210975079987e-01 1.992730734359923956e-04 5.084372455814666997e-05
3.383679891911561648e-03 9.963640055082776392e-01 2.029756799319166105e-04 4.933891987887690172e-05
3.816128923155354905e-03 9.959348998702217681e-01 2.013897361628789800e-04 4.758147045972806351e-05
4.149557812205002805e-03 9.956050408463639201e-01 1.987520374252429284e-04 4.664930400577166727e-05
4.432782509129911536e-03 9.953227772276376228e-01 1.973851824416857634e-04 4.705508079080909719e-05
4.527230930023639840e-03 9.952317999889797040e-01 1.933609802893013446e-04 4.760810070722950449e-05
4.210136196277709103e-03 9.955626271513410286e-01 1.808996489052107511e-04 4.633700347571618198e-05
3.538542008609427830e-03 9.962556844680509061e-01 1.626115301485164550e-04 4.316199319120040019e-05
2.857747771457589108e-03 9.969523044798589417e-01 1.494379111814939033e-04 4.050983750210839602e-05
2.405286308508086234e-03 9.974037979980965307e-01 1.502162417368694267e-04 4.069945165842199806e-05
2.196748897621222246e-03 9.975894952379963376e-01 1.690347403640110461e-04 4.472112401826181362e-05
2.176528673720770201e-03 9.975608045979318383e-01 2.095230609937354051e-04 5.314366735350043255e-05
2.264047310596057488e-03 9.973960901420320102e-01 2.740500016622175847e-04 6.581254571001615597e-05
2.398796814479847196e-03 9.971569601252218140e-01 3.624887688987587933e-04 8.175429139947046147e-05
2.670124251863126557e-03 9.967437849637542646e-01 4.835900355936320963e-04 1.025007487890344505e-04
3.249042903807479107e-03 9.959606874069063531e-01 6.579814772028591248e-04 1.322882120834608646e-04
4.088990559640378990e-03 9.948575430637289774e-01 8.843408948381915619e-04 1.691254817924968260e-04
4.948395076336909414e-03 9.937085394778772951e-01 1.138360289464644464e-03 2.047051563209168899e-04
5.559122204307681558e-03 9.928293382696035119e-01 1.381817311475514896e-03 2.297222146134404838e-04
5.665013554124824144e-03 9.925479781566873827e-01 1.551156812796399128e-03 2.358514763913938919e-04
5.210391652986254458e-03 9.929541697517593191e-01 1.611724148490928680e-03 2.237144467634238562e-04
4.462182962212371713e-03 9.937218834617388419e-01 1.610877745026009127e-03 2.050558310227516107e-04
3.812488692528133091e-03 9.943574136298098942e-01 1.636179712314241204e-03 1.939179653477084749e-04
3.419343203676968122e-03 9.946513160093621853e-01 1.732970627103722593e-03 1.963701598572504484e-04
3.265200945918015143e-03 9.946132287803509664e-01 1.907955327152863418e-03 2.136149465781875148e-04
3.312219403669698289e-03 9.942768989553413261e-01 2.163192929599437771e-03 2.476887113894285703e-04
3.523033689216419680e-03 9.936773358201929085e-01 2.497818945981664270e-03 3.018115446091161331e-04
3.802575556088283373e-03 9.929460128174953937e-01 2.876188360188025248e-03 3.752232662283062144e-04
3.931498862913833554e-03 9.924137785113795740e-01 3.199836237816920843e-03 4.548863878897831678e-04
3.660134234920010745e-03 9.924832941240806505e-01 3.341159922281792833e-03 5.154117187173255787e-04
3.054409235145527732e-03 9.931176000452405228e-01 3.282604142938344918e-03 5.453865766757757345e-04
2.465737114837969826e-03 9.937779781648842237e-01 3.187604688866703829e-03 5.686800314111435531e-04
2.059484794535017087e-03 9.941136124487240933e-01 3.212000709369385292e-03 6.149020473713836870e-04
1.739221795313079062e-03 9.941679746582511301e-01 3.400427813557918219e-03 6.923757328779123936e-04
1.428207742555442613e-03 9.939629216599580319e-01 3.804267924844089398e-03 8.046026726426329639e-04
1.194967929624191115e-03 9.932639974676322758e-01 4.568198581467379331e-03 9.728360212761034184e-04
1.137899381146203950e-03 9.917313957901454646e-01 5.899262085378029902e-03 1.231442743330479978e-03
1.308858910494972803e-03 9.891351844676662397e-01 7.952703304585140298e-03 1.603253317253671914e-03
1.748750359048055914e-03 9.856286562344030999e-01 1.055382370489140256e-02 2.068769701657345757e-03
2.412388105911182287e-03 9.823357054099589591e-01 1.273507178581929564e-02 2.516834698310306193e-03
3.053282202506135603e-03 9.810761694025009749e-01 1.310181356832562476e-02 2.768734826667150657e-03
3.603173089232550915e-03 9.821064039106957022e-01 1.152768465481543089e-02 2.762738345256367592e-03
4.335971867346489865e-03 9.837163736331994146e-01 9.355955467766376848e-03 2.591699031687647124e-03
5.690155818958215171e-03 9.841971608123364357e-01 7.689176939138194986e-03 2.423506429567066564e-03
8.196696899581785642e-03 9.826800870861762682e-01 6.746128676408134038e-03 2.377087337833894490e-03
1.255093364911765742e-02 9.785273041913655767e-01 6.426896873086213220e-03 2.494865286430501036e-03
1.956874036445798576e-02 9.710304963919411669e-01 6.608474945374024322e-03 2.792288298226707193e-03
2.924710126870406351e-02 9.604973795407006909e-01 7.030451291902465802e-03 3.225067898692739448e-03
9.391902790579181870e-01 3.748326078009447254e-02 2.114161422584486319e-02 2.184845936142538417e-03
7.791842619307409734e-01 1.760802792593469390e-01 3.497240484139958056e-02 9.763053968512493130e-03
7.356224597153115941e-01 2.021882908726671535e-01 4.907762229833086826e-02 1.311162711369069471e-02
6.742881491748191625e-01 2.370780531194409679e-01 7.044059439281981361e-02 1.819320331291979925e-02
5.935132213531820744e-01 2.806854842700935992e-01 1.003044236221841690e-01 2.549687075454005331e-02
5.006027090543166969e-01 3.276050259656286823e-01 1.367398288818734708e-01 3.505243609818100431e-02
4.116257737839328357e-01 3.673595515722520854e-01 1.746318254143909843e-01 4.638284922942396277e-02
3.422710188108508134e-01 3.922632016953829237e-01 2.069308337123225983e-01 5.853494578144342181e-02
2.938802199951688343e-01 4.060667004313370798e-01 2.294319778498215279e-01 7.062110172367255800e-02
2.549876650198446559e-01 4.187583086510612840e-01 2.437281135590490533e-01 8.252591277004489578e-02
2.183412471279919664e-01 4.355762534391134921e-01 2.518237284886609695e-01 9.425877094423351643e-02
1.849140845713667936e-01 4.564082286401732746e-01 2.536490064490826146e-01 1.050286803393772062e-01
1.558211495171354932e-01 4.804157874252099614e-01 2.498421260818939060e-01 1.139209369757606394e-01
1.308637968848427036e-01 5.072241507175282438e-01 2.419625122781266791e-01 1.199495401195023597e-01
1.099820370361280358e-01 5.366566771816655423e-01 2.317105354156580865e-01 1.216507503665480716e-01
9.387677474009395451e-02 5.668906745756255861e-01 2.214798647178879420e-01 1.177526859663922953e-01
8.464276949303310704e-02 5.938945809032047940e-01 2.136579025750455219e-01 1.078047470287164106e-01
8.314825620715243781e-02 6.121099980101928351e-01 2.105720994522483625e-01 9.416964633040675325e-02
8.828984868221866067e-02 6.155776047383544336e-01 2.149406596932072477e-01 8.119188688621951921e-02
1.013619391507874778e-01 6.009770430046592615e-01 2.267915064339914022e-01 7.086951141056192782e-02
1.211803922897130015e-01 5.736635023628414709e-01 2.421368644629840750e-01 6.301924088446121675e-02
1.431006780794298328e-01 5.361770825096614512e-01 2.633266941052567756e-01 5.739554530565176005e-02
1.514726459046193963e-01 4.954126743505761210e-01 2.994774607531226485e-01 5.363721899168184815e-02
1.398919751789145516e-01 4.529919805990398340e-01 3.565061811536969216e-01 5.060986306834852622e-02
1.235813235700165547e-01 4.061822321786899836e-01 4.229143383678343193e-01 4.732210588345873992e-02
1.122380699682885841e-01 3.579577096846803808e-01 4.855861063466979655e-01 4.421811400033313216e-02
1.085918771035446345e-01 3.096499667974509928e-01 5.396488648605441973e-01 4.210929123846024469e-02
1.080200905121870003e-01 2.699439282752413849e-01 5.806106587332692248e-01 4.142532247930250794e-02
1.064861990344523890e-01 2.440772527321636298e-01 6.068035860280379667e-01 4.263296220534595893e-02
1.007034500486609641e-01 2.359528277440440802e-01 6.174091967999699726e-01 4.593452540732505252e-02
9.418448461146182449e-02 2.495676364475561404e-01 6.044585145327323605e-01 5.178936440824986887e-02
8.968806060302077221e-02 2.825832541123445285e-01 5.673229260016240394e-01 6.040575928301041703e-02
8.809834764786948769e-02 3.263881980364731761e-01 5.141596378657479205e-01 7.135381644990938799e-02
9.130957914225332206e-02 3.749787114089256357e-01 4.495848689223020389e-01 8.412684052651898947e-02
9.560176360716766963e-02 4.214366986358107359e-01 3.844308277208734470e-01 9.853071003614850831e-02
9.176906533199413740e-02 4.599543970057151654e-01 3.316544719206209191e-01 1.166220657416698198e-01
7.698580282515656015e-02 4.879003527644411586e-01 2.932021239375804944e-01 1.419117204728213844e-01
5.962712575210726840e-02 5.027692168850965704e-01 2.633372750698254050e-01 1.742663822929707562e-01
4.765263966140299845e-02 4.989700886611793673e-01 2.433738983616246243e-01 2.100033733157931071e-01
3.813439709228479829e-02 4.785981733287867912e-01 2.365225243435251923e-01 2.467449052354032946e-01
3.154844167339297678e-02 4.423563599160323934e-01 2.493392727339866499e-01 2.767559256765877995e-01
2.640130295264375010e-02 3.945989317801718577e-01 2.861092928816724168e-01 2.928904723855120795e-01
2.119736525640589231e-02 3.314530762501818884e-01 3.527083208048957252e-01 2.946412376885164663e-01
1.588722381252580251e-02 2.536274881860516861e-01 4.498420618872875365e-01 2.806432261141350026e-01
1.109022367720792837e-02 1.736773538257370131e-01 5.639233647178071296e-01 2.513090577792478353e-01
7.067518222171316131e-03 1.064243046969818030e-01 6.732859197111888960e-01 2.132222573696577472e-01
4.212643662064440887e-03 6.018339622782434284e-02 7.612728394479572058e-01 1.743311206621538934e-01
2.484800835182626299e-03 3.314662671853411263e-02 8.211770239359903467e-01 1.431915485102933927e-01
1.540693591316678879e-03 1.902113196543581478e-02 8.559263505843500708e-01 1.235118238588972378e-01
1.097536197754025045e-03 1.247802510853592006e-02 8.729927390169446300e-01 1.134316996767650160e-01
1.024549555013599348e-03 9.935174405783042326e-03 8.791152865341508305e-01 1.099249895050524589e-01
1.348530779381289235e-03 1.239365347069441153e-02 8.733794597165047691e-01 1.128783560334195857e-01
2.412124005715421491e-03 1.986135982512424875e-02 8.531666260041766980e-01 1.245598901649834223e-01
5.479212996864039897e-03 4.060394746810323807e-02 8.102460744552811844e-01 1.436707650797514613e-01
1.351310215324972447e-02 8.980745681758008081e-02 7.318821743233846489e-01 1.647972667057854557e-01
3.015072351673255685e-02 1.796800462658446063e-01 6.109120819032352045e-01 1.792571483141874589e-01
5.682239149365875264e-02 2.993859736395657611e-01 4.678430850409125985e-01 1.759485498258630543e-01
9.480657560206685874e-02 4.170724089099616672e-01 3.336982043973452661e-01 1.544228110906263329e-01
1.501662473744807824e-01 4.948160997736083533e-01 2.302663327224818701e-01 1.247513201294292440e-01
2.326820192229981654e-01 5.070809532765996330e-01 1.624296539047647425e-01 9.780737359563783373e-02
3.337023348276856871e-01 4.680764890353404373e-01 1.210163538321769594e-01 7.720482230479715213e-02
4.270940252446824292e-01 4.157404147635029301e-01 9.536395747124831734e-02 6.180160252056640657e-02
5.014391659657935207e-01 3.691312712452839984e-01 7.870553101732580270e-02 5.072403177159673371e-02
5.508688279845715963e-01 3.370559612225986768e-01 6.901227334261272883e-02 4.306293745021682468e-02
5.829960080695802960e-01 3.154449847717299971e-01 6.351463855536479408e-02 3.804436860332498921e-02
6.029526466672465723e-01 3.011907321771871149e-01 6.088909140595670511e-02 3.496752974960945504e-02
6.144543299070924780e-01 2.919095033062642508e-01 6.030913524910257173e-02 3.332703153754051212e-02
6.191033117867921209e-01 2.865682809285871047e-01 6.147592184271093163e-02 3.285248544190962072e-02
6.168087382237361638e-01 2.850626590539841465e-01 6.458622064674958418e-02 3.354238207553029982e-02
6.081280495076063497e-01 2.865599750803023427e-01 6.996918345978014875e-02 3.534279195231120746e-02
5.933673120606686169e-01 2.903907811232261382e-01 7.811413429600949643e-02 3.812777252009563050e-02
5.707945983480250396e-01 2.973139629371480130e-01 9.005621043428244099e-02 4.183522828054454107e-02
2.789080667230533009e-02 1.149537421819986360e-01 2.178528643683866062e-01 6.393025867773091120e-01
5.939705448756631423e-01 3.960103972254046534e-01 8.438668433858880977e-03 1.580389465073105647e-03
5.186681608010905720e-01 4.699934578133183050e-01 9.686537036769495707e-03 1.651844348821566002e-03
4.336805940528500880e-01 5.539165866553040773e-01 1.071602830036980092e-02 1.686790991476275290e-03
3.481276859472158813e-01 6.385021231595569002e-01 1.161443867206885840e-02 1.755752221158123245e-03
2.728881653601564206e-01 7.132813842055663045e-01 1.203382029782625214e-02 1.796630136451070076e-03
2.134148749484930940e-01 7.726650541466362210e-01 1.210680367393289839e-02 1.813267230937917794e-03
1.704485793103353852e-01 8.156970882109806364e-01 1.203153427798898077e-02 1.822798200694737344e-03
1.398577097942325931e-01 8.465350626834495795e-01 1.178376871888317870e-02 1.823458803434639805e-03
1.225058556584060904e-01 8.642774969638956639e-01 1.140730407925456651e-02 1.809343298443716287e-03
1.143108469258327375e-01 8.729079230880025797e-01 1.098433645418630221e-02 1.796893531978305735e-03
1.130736350306267707e-01 8.745887879220042294e-01 1.055237725353198701e-02 1.785199793837061307e-03
1.155532745683185147e-01 8.726993807652156931e-01 9.994539307995388075e-03 1.752805358470635845e-03
1.179627650760373125e-01 8.711926394520633776e-01 9.168119837913003486e-03 1.676475633986390483e-03
1.175767279246100749e-01 8.727821066691765495e-01 8.083936302221032821e-03 1.557229103992420829e-03
1.166005479322175103e-01 8.749754615278014791e-01 6.985125261700957794e-03 1.438865278280225578e-03
1.227329334599060601e-01 8.696756382233110649e-01 6.201920323462620059e-03 1.389507993320361406e-03
1.442585747045891931e-01 8.484490708937127978e-01 5.844188061084582865e-03 1.448166340613777931e-03
1.759416444877483499e-01 8.167373459560547388e-01 5.741219742170710835e-03 1.579789814026099411e-03
2.075532102196247508e-01 7.851188332695492322e-01 5.610245763660285864e-03 1.717710747165761016e-03
2.313223793549252782e-01 7.614392065590902536e-01 5.400245266594410308e-03 1.838168819389928571e-03
2.451926085938963273e-01 7.476935331364488180e-01 5.172569729107101208e-03 1.941288540547567859e-03
2.507551723542277844e-01 7.422506009621044898e-01 4.973427364070182738e-03 2.020799319597786810e-03
2.514507652103591395e-01 7.416393955711040320e-01 4.832225744964290665e-03 2.077613473572487070e-03
2.449901612384344229e-01 7.482294944465164299e-01 4.689141560322828903e-03 2.091202754726273136e-03
2.252334801897473704e-01 7.683293420463438439e-01 4.423636853349899312e-03 2.013540910559275410e-03
1.917130744873536408e-01 8.024994400282345897e-01 3.968407913684191858e-03 1.819077570727830337e-03
1.535892726117706331e-01 8.414827841204960412e-01 3.383514426770934357e-03 1.544428840962371171e-03
1.202539846709811816e-01 8.755929037596926756e-01 2.895643393634995087e-03 1.257468175691061826e-03
9.827192346928975697e-02 8.983272826161189384e-01 2.396717562201174535e-03 1.004076352389944712e-03
8.459736410612475610e-02 9.125664547332736909e-01 2.037709388294492007e-03 7.984717723071826489e-04
7.639294305908961302e-02 9.211742270935908694e-01 1.796657669897543151e-03 6.361721774220448905e-04
7.068880218675213656e-02 9.271766357247377410e-01 1.628498280794257562e-03 5.060638077159534303e-04
6.523086011188074240e-02 9.328938261610022487e-01 1.478293864908941223e-03 3.970198622082093715e-04
6.123095488205919368e-02 9.370973702928514504e-01 1.357096278756841088e-03 3.145785463324229144e-04
6.124707062648179073e-02 9.371802352663991531e-01 1.307748562985639514e-03 2.649455441332295141e-04
6.587368125733404634e-02 9.325343450660485978e-01 1.347743145788615543e-03 2.442305308289204903e-04
7.253920055997446770e-02 9.257664191997191372e-01 1.452522105427961211e-03 2.418581348784478889e-04
7.714015972796764431e-02 9.210430081816758374e-01 1.570569689952135964e-03 2.462624004042395171e-04
7.888616491604562297e-02 9.191731267550612428e-01 1.686414903499873670e-03 2.542934253933813813e-04
8.172297020797235356e-02 9.161629581077045392e-01 1.842185616663833368e-03 2.718860676589438148e-04
9.030133222240338542e-02 9.072971777371585667e-01 2.095748882764270678e-03 3.057411576739110901e-04
1.072912117809240035e-01 8.898618808715410555e-01 2.488127102116141631e-03 3.587802454186690064e-04
1.351839000474014951e-01 8.613709524421186980e-01 3.021935003218314403e-03 4.232125072614889029e-04
1.686852279294213663e-01 8.270011375012298327e-01 3.798198737685381989e-03 5.154358316632929888e-04
1.978357061999986843e-01 7.968075155021238087e-01 4.734150960220616898e-03 6.226273376570616537e-04
2.100866490516163920e-01 7.835142043264562428e-01 5.669257840153196608e-03 7.298887817740190445e-04
2.044832738011446438e-01 7.882392232949448907e-01 6.448592534077797131e-03 8.289103698326092838e-04
1.949736775616408013e-01 7.969548219908565434e-01 7.126723885043408091e-03 9.447765624590905150e-04
1.914347200580242270e-01 7.996412697920187718e-01 7.813101158630325269e-03 1.110908991326664498e-03
1.872817085792224945e-01 8.030805120900441629e-01 8.329754714180378009e-03 1.308024616552446113e-03
1.729238145901423884e-01 8.172039604926976120e-01 8.396210358188802708e-03 1.476014558971108000e-03
1.505422201345970878e-01 8.398505701023314396e-01 8.018165641345194675e-03 1.589044121726371130e-03
1.281000393293239281e-01 8.626982650598182811e-01 7.516189904564692624e-03 1.685505706293034811e-03
1.130017192900287792e-01 8.780877818503717291e-01 7.089517183118000838e-03 1.820981676481551710e-03
1.018444898105368285e-01 8.893285370845052107e-01 6.816693210827671698e-03 2.010279894130492101e-03
9.114858276613439780e-02 8.999934822810931045e-01 6.624362342218886000e-03 2.233572610553668895e-03
7.905550584790572988e-02 9.120349493796561235e-01 6.446686494942180205e-03 2.462858277495882670e-03
6.620349211848750026e-02 9.248496395264603764e-01 6.267730812938156031e-03 2.679137542114308143e-03
5.468740893512381157e-02 9.362552287182605015e-01 6.155627852234444794e-03 2.901734494381046515e-03
4.651150075640026610e-02 9.439724310099004700e-01 6.295683715696170565e-03 3.220384518003023902e-03
4.116663334744591340e-02 9.483707338327084235e-01 6.772147502071217996e-03 3.690485317774805894e-03
3.656958956232307656e-02 9.516960869752683072e-01 7.469945208439295742e-03 4.264378253969174776e-03
3.119841744456371135e-02 9.557406595411077621e-01 8.216810423581409270e-03 4.844112590747620337e-03
2.508727463411066644e-02 9.605658391428564258e-01 8.966889336563846694e-03 5.379996886468990831e-03
1.973662315668131204e-02 9.643186067775464387e-01 9.982701085101819763e-03 5.962068980670349669e-03
1.618869426314700072e-02 9.655377026664450080e-01 1.155948139544183025e-02 6.714121674966469847e-03
1.417490507663589187e-02 9.646679514689352475e-01 1.351681920403656478e-02 7.640324250392377392e-03
1.281869981402948035e-02 9.632708593743171122e-01 1.527934180164062551e-02 8.631099010012660555e-03
1.170084625282923931e-02 9.624052211162010817e-01 1.640481997019322541e-02 9.489112660776491751e-03
1.082200071582690298e-02 9.629069616425167677e-01 1.642486127494611342e-02 9.846176366710137837e-03
1.038629666897390030e-02 9.651451335674505749e-01 1.505788654540096173e-02 9.410683218174602932e-03
6.459732729881865164e-03 1.671873940216481447e-01 5.101660531463355630e-01 3.161868201021345026e-01
8.001422958405794983e-01 1.895935575661668593e-01 8.510423151217390639e-03 1.753723442036198227e-03
7.008087722480884629e-01 2.853618292150301716e-01 1.179075224122676929e-02 2.038646295654751844e-03
5.527789004765980563e-01 4.291236292416664155e-01 1.583598091172805714e-02 2.261489370007638885e-03
3.658745136896313643e-01 6.124044557214741724e-01 1.946769037801568403e-02 2.253340210878961806e-03
1.938811025752140982e-01 7.826466982187193500e-01 2.141977239726065158e-02 2.052426808805549868e-03
8.727402803670591958e-02 8.893014386187750864e-01 2.165089202157496548e-02 1.773641322943994309e-03
3.574856217778487472e-02 9.414183367954913617e-01 2.130103982096564347e-02 1.532061205758213562e-03
1.549500161588448534e-02 9.613085932816193280e-01 2.179674405049772737e-02 1.399661051998369980e-03
6.445727568034997565e-03 9.700914442823371786e-01 2.215553893370601768e-02 1.307289215921652193e-03
3.165275679348039141e-03 9.733767540942339647e-01 2.215908975929071698e-02 1.298880467127544631e-03
1.928443844165079373e-03 9.749784150110081260e-01 2.173797319447618240e-02 1.355167950350682268e-03
1.397776250065474717e-03 9.756535737827438659e-01 2.149096401968383918e-02 1.457685947507024894e-03
1.148207567257264429e-03 9.748659336273697296e-01 2.236142752280476445e-02 1.624431282568215753e-03
1.080234288499964381e-03 9.712985512102538799e-01 2.570079435894055339e-02 1.920420142305653962e-03
1.235043928105229293e-03 9.624132940547185378e-01 3.387555917083044654e-02 2.476102846346044453e-03
1.669579091073954179e-03 9.451843046968736450e-01 4.972828942054206836e-02 3.417826791510343923e-03
2.311304566874461137e-03 9.181390509645376286e-01 7.483252771424690752e-02 4.717116754340946842e-03
3.199033979366143737e-03 8.816042018809000513e-01 1.089201731792676653e-01 6.276590960466136605e-03
4.653350218280648438e-03 8.392962133460734053e-01 1.480057263176097204e-01 8.044710118035976881e-03
6.886458865725263861e-03 7.973754390649342438e-01 1.857435544966316021e-01 9.994547572708978658e-03
9.883423212635982294e-03 7.625516776754548420e-01 2.154482862491877426e-01 1.211661286272108090e-02
1.346048504613762790e-02 7.383973122524255528e-01 2.336775072436164669e-01 1.446469545782064388e-02
1.850977949998404426e-02 7.215443470225798572e-01 2.425941671302995484e-01 1.735170634713653279e-02
2.360045462029897179e-02 7.079266247019649905e-01 2.475042483284289885e-01 2.096867234930685150e-02
2.869121987592205408e-02 6.948616834694451017e-01 2.507790385929241639e-01 2.566805806170866996e-02
3.412974789065159609e-02 6.858892172893295003e-01 2.483705409850301971e-01 3.161049383498858167e-02
4.143610507454097147e-02 6.878442715417948383e-01 2.323956209422224362e-01 3.832400244144196222e-02
5.179633735626550106e-02 7.029805696410279525e-01 2.008273942299020065e-01 4.439569877280469951e-02
6.459764434079680318e-02 7.261686671863692988e-01 1.609752459822754722e-01 4.825844249055809276e-02
7.665636716606169521e-02 7.501628213978801529e-01 1.236300486484815941e-01 4.955076278757668262e-02
8.685817059191446032e-02 7.722928146535276150e-01 9.238253284742828364e-02 4.846648190712902343e-02
9.925636650613914314e-02 7.864957275807183956e-01 6.927857681812479851e-02 4.496932909501770437e-02
1.146735302892611108e-01 7.912580853414736826e-01 5.380781501363444269e-02 4.026056935563063210e-02
1.290964482432551963e-01 7.917496745565801852e-01 4.357058272940553950e-02 3.558329447075878060e-02
1.386825275693970294e-01 7.934369803904688379e-01 3.647791228910564343e-02 3.140257975102837135e-02
1.430229842194133683e-01 7.978261015061715034e-01 3.133407228990126026e-02 2.781684198451373977e-02
1.466246466070664778e-01 8.012644748779906845e-01 2.720273436423153307e-02 2.490814415071121446e-02
1.535447935073450676e-01 7.989739996577555070e-01 2.481230669309958739e-02 2.266890014179966106e-02
1.705202808719802343e-01 7.845638140452336762e-01 2.376829739456828502e-02 2.114760768821799530e-02
1.963679105921875001e-01 7.596351311051885435e-01 2.379708104246138975e-02 2.019987726016277477e-02
2.259687627798251108e-01 7.298138494460012504e-01 2.455434847344381208e-02 1.966303930072963238e-02
2.527768182632791349e-01 7.026149185124933583e-01 2.531490726179543710e-02 1.929335596243197948e-02
2.824902320205294193e-01 6.719788425414843225e-01 2.634562750594036246e-02 1.918529793204569109e-02
3.227848298958554407e-01 6.303027232532180113e-01 2.760744779095240103e-02 1.930499905997432736e-02
3.707298281199489232e-01 5.810406592259030889e-01 2.878732784423761182e-02 1.944218480991026857e-02
4.106209706573699658e-01 5.402709516265162826e-01 2.958516571489482744e-02 1.952291200121871600e-02
4.388180493062141529e-01 5.114465829815836306e-01 2.998252323640006323e-02 1.975284447580247932e-02
4.565859147264401119e-01 4.929978800355587776e-01 3.027196369182006894e-02 2.014424154618107976e-02
4.674739399082819546e-01 4.811472072255389421e-01 3.065769143118910953e-02 2.072116143498986193e-02
4.710525436036762104e-01 4.760704255599527701e-01 3.134454503234157530e-02 2.153248580402919790e-02
4.641319309807205307e-01 4.807079940462249956e-01 3.258339368821693699e-02 2.257668128483773448e-02
4.413656519129339761e-01 5.002392309783904034e-01 3.460595805745068226e-02 2.378915905122501104e-02
3.964967774938763512e-01 5.410010688403815715e-01 3.743674712948374256e-02 2.506540653625826190e-02
3.290960656188573474e-01 6.040855055667039286e-01 4.062142340278666192e-02 2.619700541165194060e-02
2.542444161442867778e-01 6.753743797879708799e-01 4.349976116037140156e-02 2.688144290737078806e-02
1.894104761302755624e-01 7.371898312360017913e-01 4.621559045416778755e-02 2.718410217955499059e-02
1.362837191230462375e-01 7.864764576249180239e-01 5.000158600407240972e-02 2.723823724796348850e-02
9.266748255389824218e-02 8.252210232254634237e-01 5.475241317697285282e-02 2.735908104366527663e-02
5.554649213164787602e-02 8.538984159317078992e-01 6.274871659855048300e-02 2.780637533809380418e-02
3.077989900423666256e-02 8.597045618316752069e-01 7.948462557552883612e-02 3.003091358855935339e-02
1.767360869887573196e-02 8.342309675632280097e-01 1.129497116688301106e-01 3.514571206906604017e-02
1.251890442358801099e-02 7.664571910426372092e-01 1.777814758332676159e-01 4.324242870050725579e-02
9.966828604523551502e-03 6.426458481851922144e-01 2.949518737837730220e-01 5.243544942651115481e-02
8.075613359501510741e-03 4.578683116544558507e-01 4.766936337856539363e-01 5.736244120038865024e-02
6.368881322992344524e-03 2.645554784125871417e-01 6.772984729050860464e-01 5.177716735933456799e-02
4.714013299110328924e-03 1.296293886514123805e-01 8.270538088401679921e-01 3.860278920930965141e-02
3.871377270284046511e-03 6.338761992132320444e-02 9.063791162196938034e-01 2.636188658869889623e-02
3.045895742650285305e-03 3.617084068449458872e-02 9.422720439440205320e-01 1.851121962883461869e-02
3.402895724810070868e-03 2.756103075287574811e-02 9.539441481089987462e-01 1.509192541331543479e-02
5.166926823960023979e-03 2.654530824641947173e-02 9.539026008509805532e-01 1.438516407863992506e-02
7.437925372440844403e-03 3.060879742896140815e-02 9.464790562500697835e-01 1.547422094852813831e-02
7.778965348681132763e-01 2.062173075772902597e-01 1.279799152156549207e-02 3.088166033030713409e-03
7.076494443013018332e-01 2.702201730202059560e-01 1.843178735496566953e-02 3.698595323526435944e-03
6.131534990309219779e-01 3.548770244070494906e-01 2.759037445022390761e-02 4.379102111804720164e-03
4.976363734893431423e-01 4.543977345441906346e-01 4.283432606740252002e-02 5.131565899063394304e-03
3.808828564835494701e-01 5.458666985329179155e-01 6.733815225374104041e-02 5.912292729791177558e-03
2.806876454170285085e-01 6.085301001519612951e-01 1.041443811147435422e-01 6.637873316266764377e-03
2.042524956504453704e-01 6.291778643355372402e-01 1.591832173902910097e-01 7.386422623726394444e-03
1.524262388412232494e-01 5.998798894415005023e-01 2.394626698144906585e-01 8.231201902785334826e-03
1.194702130206261315e-01 5.250182594654088097e-01 3.463525341643355349e-01 9.158993349629555164e-03
9.882018163330869021e-02 4.236433703606487522e-01 4.675405484600571593e-01 9.995899545985360152e-03
8.412312223199114314e-02 3.214597301879746905e-01 5.838624117307216199e-01 1.055473584931257598e-02
6.951615532266984532e-02 2.344648057608374192e-01 6.853342919081339968e-01 1.068474700835872308e-02
5.355981069815928669e-02 1.671557934973880721e-01 7.689043903509513722e-01 1.038000545350130019e-02
3.881396832513267503e-02 1.184945608201315725e-01 8.328524126711394082e-01 9.839058183596424007e-03
2.757810278255529157e-02 8.476628335636582356e-02 8.783115734207490588e-01 9.344040440329326458e-03
2.056446021114799114e-02 6.297271927583492079e-02 9.072460573575134024e-01 9.216763155503630151e-03
1.724405522084581158e-02 5.096035737940012023e-02 9.220006551680639539e-01 9.794932231690173241e-03
1.658667084544863599e-02 4.601620476343046967e-02 9.260969739605566797e-01 1.130015043056428400e-02
1.767300050389049304e-02 4.503544408970761026e-02 9.235981336126799501e-01 1.369342179372184075e-02
2.000472856375099667e-02 4.528574448993668428e-02 9.180759610577454710e-01 1.663356588856697987e-02
2.396648191269601380e-02 4.537378110075321325e-02 9.109346967626494873e-01 1.972504022390132727e-02
3.031891574872302986e-02 4.548432707441137091e-02 9.015395753837323056e-01 2.265718179313334218e-02
3.839643517351856716e-02 4.586174207517255963e-02 8.905669681245897973e-01 2.517485462671914531e-02
7.212355996819690418e-01 2.687581582480657594e-01 7.216315792838655895e-03 2.789926277126362954e-03
6.878022403055055189e-01 3.019796080237670544e-01 7.470671818463728991e-03 2.747479852263878981e-03
6.503699402197572477e-01 3.390645555407978406e-01 7.854216822701130113e-03 2.711287416744089483e-03
6.067075303522655449e-01 3.821177177451125506e-01 8.475723313121514071e-03 2.699028589500651436e-03
5.526786814953864591e-01 4.349815691006258533e-01 9.582741840829101312e-03 2.757007563158936705e-03
4.883327690606980576e-01 4.971923709574623262e-01 1.152516510522535835e-02 2.949694876614154197e-03
4.176376272011047552e-01 5.646510602037327908e-01 1.443303978638346002e-02 3.278272808779047250e-03
3.325221083940781419e-01 6.446717174091508573e-01 1.898162499775554388e-02 3.824549199015036659e-03
2.389112929445546263e-01 7.321305046076289624e-01 2.450330418475476363e-02 4.454898263061466378e-03
1.516635639495544918e-01 8.134409826961539469e-01 2.988271452359080385e-02 5.012738830700800771e-03
8.553684612851192304e-02 8.751519769458703246e-01 3.389071913039409106e-02 5.420457795223636126e-03
4.221299624340696388e-02 9.142649968741495270e-01 3.768479312644817253e-02 5.837213755995123224e-03
2.022341024968214371e-02 9.276785857651649314e-01 4.520417342308413744e-02 6.893830562068744942e-03
9.381409913940435760e-03 9.215782924718090019e-01 5.969862189979996403e-02 9.341675714450254839e-03
5.183110009688755328e-03 8.974429250777854472e-01 8.285507804468981996e-02 1.451888686783586908e-02
3.487978665518168004e-03 8.565437151801956750e-01 1.161197841285526722e-01 2.384852202573336383e-02
2.628655426903261146e-03 7.988718483115213598e-01 1.602158464232496526e-01 3.828364983832573815e-02
2.304989538230703839e-03 7.290392929196668481e-01 2.118615632736610410e-01 5.679415426844155318e-02
1.732671948812399606e-03 6.573079650420298181e-01 2.647251544602122753e-01 7.623420854894545629e-02
1.920335142963121387e-03 5.841038711317149135e-01 3.183965788761312643e-01 9.557921484919024158e-02
2.267231893797015761e-03 4.984948607872461412e-01 3.838295130767633290e-01 1.154083942421934711e-01
2.370752347223842402e-03 4.063516897148263252e-01 4.607626176531352535e-01 1.305149402848144180e-01
1.941250649597882263e-03 3.284286416702540401e-01 5.355436062404053121e-01 1.340865014397428778e-01
1.268745971521042593e-03 2.778673228922871608e-01 5.941092921052042453e-01 1.267546390309877147e-01
7.413170016437967700e-04 2.515184058277359358e-01 6.335179935380745864e-01 1.142222836325457458e-01
4.788397831546667687e-04 2.417923013959928646e-01 6.583618803874174974e-01 9.936697843343540726e-02
4.988249294814092998e-04 2.462884289878159161e-01 6.706676178195021265e-01 8.254512826320045682e-02
7.288747737644870684e-04 2.610991314365617155e-01 6.724817925453195899e-01 6.569020124435408226e-02
9.835272596699360433e-04 2.783482187902112104e-01 6.689915893890585608e-01 5.167666456106029260e-02
1.147814687422376656e-03 2.949473274456340111e-01 6.627792258952218685e-01 4.112563197172172669e-02
1.201425916369946610e-03 3.122587959474557029e-01 6.534034323777191400e-01 3.313634575845480351e-02
1.212809705939837859e-03 3.383359146696329756e-01 6.333383267373667858e-01 2.711294888706036743e-02
1.335953295907508533e-03 3.855323925360106263e-01 5.902536163849319006e-01 2.287803778315007641e-02
1.675127681338430116e-03 4.582683693612036868e-01 5.203828844874665016e-01 1.967361846999137950e-02
2.222439982598100206e-03 5.530120949970515065e-01 4.284828089574700960e-01 1.628265606288043649e-02
2.772603204982405836e-03 6.547554118495169106e-01 3.302109376164981680e-01 1.226104732900252549e-02
3.076023855266285089e-03 7.408988600052126561e-01 2.476135520451374639e-01 8.411564094383034221e-03
3.637427785742208645e-03 7.979505746294245361e-01 1.927745278840296006e-01 5.637469700803647739e-03
3.382537852092600602e-03 8.293421888362515482e-01 1.634395805526143997e-01 3.835692759041350527e-03
3.163097533800621891e-03 8.448464148103854710e-01 1.492408074931799999e-01 2.749680162633722467e-03
2.924514540976660623e-03 8.555214895984181167e-01 1.394701340803982947e-01 2.083861780207021605e-03
2.732346412427643333e-03 8.668386992177651296e-01 1.287419118674306417e-01 1.687042502376490810e-03
2.635049596212268343e-03 8.756357149464510936e-01 1.202480129977620688e-01 1.481222459574558885e-03
2.528677768940106475e-03 8.758816340623947205e-01 1.201839808653961394e-01 1.405707303268933150e-03
2.428651960553512585e-03 8.648279476544495914e-01 1.312936042435385309e-01 1.449796141458267566e-03
2.501730346364987225e-03 8.408188993581975357e-01 1.550313525027828543e-01 1.648017792654724511e-03
2.303446475560381665e-03 8.019159704779065256e-01 1.937877773596048403e-01 1.992805686928150050e-03
2.366200708745392831e-03 7.453863409273284724e-01 2.496871048445130081e-01 2.560353519413093720e-03
2.266335059186692837e-03 6.717905791308531604e-01 3.225920906585301728e-01 3.350995151429818613e-03
2.060228100345849571e-03 5.868885488602680889e-01 4.065444941152077662e-01 4.506728924178217237e-03
1.875276581107166666e-03 5.018948585405224039e-01 4.898490641489685604e-01 6.380800729401699470e-03
1.728696210337953270e-03 4.235820622339678820e-01 5.650365927743864480e-01 9.652648781307946943e-03
1.619394751799206134e-03 3.546766463644935308e-01 6.280389077373061957e-01 1.566505114640115437e-02
1.591415429096596033e-03 2.994827461970929194e-01 6.713621656969660512e-01 2.756367267684460554e-02
1.687350863682115197e-03 2.605304824992262791e-01 6.838640463758536292e-01 5.391812026123798257e-02
1.853544626544638375e-03 2.324793453549103550e-01 6.476348354205146984e-01 1.180322745980300903e-01
1.949244939652523476e-03 1.977555001018166114e-01 5.379910210586474895e-01 2.623042338998835543e-01
2.235983836820618856e-03 1.492747250191666930e-01 3.475885687138158264e-01 5.009007224301967875e-01
1.860451949394906820e-03 9.795928287540388302e-02 1.642017616607875374e-01 7.359785035144134069e-01
1.165795201316081713e-03 6.264012625272562251e-02 6.511009210157858718e-02 8.710839864443798986e-01
7.478124366858063731e-04 4.659931603332331806e-02 2.844326442094687393e-02 9.242096071090439846e-01
5.840224726101278041e-04 4.413457617564926772e-02 1.701626752101272760e-02 9.382651338307279598e-01
5.994450652077320000e-04 5.188156724870984782e-02 1.408827177361192569e-02 9.334307159124706210e-01
8.366638209985062351e-04 6.979276350707419585e-02 1.394264196549995470e-02 9.154279307064275839e-01
1.426827317835887253e-03 9.568366129250155394e-02 1.442497208828072419e-02 8.884645393013820280e-01
2.501026949442734446e-03 1.261141406339152116e-01 1.507419881261064069e-02 8.563106336040314792e-01
4.268807947794787429e-03 1.651508054708034079e-01 1.632323094758818954e-02 8.142571556338137340e-01
7.298664902870169099e-03 2.233586803523713582e-01 1.851276264609197017e-02 7.508298920986665737e-01
1.282704855492798439e-02 3.108459637531261199e-01 2.169751781245824254e-02 6.546294698794876687e-01
2.238803691457640771e-02 4.232733080682276605e-01 2.570763093592002418e-02 5.286310240812757133e-01
3.459416421316808404e-02 5.296012225179000943e-01 2.932493634353096693e-02 4.064796769254010456e-01
4.598334779612504170e-02 6.108621684743081870e-01 3.141664116465824746e-02 3.117378425649083851e-01
5.525286734172626252e-02 6.674318896683720803e-01 3.221111245062385775e-02 2.451041305392775149e-01
6.420145844059005347e-02 7.029936272529981878e-01 3.304345538751066180e-02 1.997614589189013468e-01
7.502073755303990954e-02 7.219505748232349918e-01 3.514689373009886181e-02 1.678817938936262300e-01
8.744391926975007834e-02 7.292381996973631431e-01 3.794659507547636090e-02 1.453712859574108063e-01
9.373727679282757574e-02 7.370591628498249781e-01 4.051416449639484024e-02 1.286893958609526822e-01
9.123849416063141426e-02 7.513236027775332948e-01 4.176828364708963515e-02 1.156696194147457946e-01
7.958886200756080942e-02 7.729177438355459007e-01 4.133671799483516068e-02 1.061566761620579974e-01
6.337788013205858384e-02 7.967800452127299371e-01 4.002947405947751558e-02 9.981260059573394960e-02
4.899142739768795607e-02 8.162651510278270406e-01 3.935965376090564544e-02 9.538376781357969791e-02
3.947666502915544301e-02 8.279182692570625779e-01 4.099286638657517745e-02 9.161219932720693349e-02
3.290333859870704647e-02 8.348526572346747221e-01 4.501565427537378844e-02 8.722834989124453320e-02
2.844371580640400049e-02 8.373465566198861065e-01 5.257476836757295907e-02 8.163495920613689227e-02
2.488978086076874471e-02 8.365627054375859295e-01 6.471990872479634060e-02 7.382760497684874579e-02
2.259690428933008866e-02 8.334941530395213460e-01 8.176097983391981960e-02 6.214796283722898163e-02
2.170994733068069144e-02 8.296687462132174007e-01 1.008670641411349433e-01 4.775424231496687433e-02
2.118676151138217112e-02 8.295404375742693182e-01 1.151342102229655356e-01 3.413859069138299590e-02
1.966118791731857190e-02 8.391282790394690716e-01 1.179352532107943441e-01 2.327527983241806792e-02
