1.420493857744770452e-02 4.487716484821610008e-01 4.779514580132235291e-01 5.907195492716767193e-02
6.915812396770804060e-01 2.915522066278387614e-01 1.033754399283380067e-02 6.529009702246966855e-03
5.941966137380079171e-01 3.881396843903920368e-01 1.105725461716984895e-02 6.606447254430137216e-03
4.853251472787609155e-01 4.980120329754788022e-01 1.044221768905403275e-02 6.220602056706165360e-03
3.705214436099119601e-01 6.140137756895296395e-01 9.876890243223215154e-03 5.587890457335062053e-03
2.583908533004387609e-01 7.281601197009707205e-01 8.778804628716036992e-03 4.670222369874434815e-03
1.616257329942005216e-01 8.275572382652290893e-01 7.224903195652477260e-03 3.592125544917942198e-03
9.208956999526680953e-02 8.996533239769224366e-01 5.663461684878014386e-03 2.593644342932658817e-03
5.138086575459535621e-02 9.426486509575464634e-01 4.142162311730745831e-03 1.828320976127314861e-03
2.888987424376873725e-02 9.667808116675288277e-01 3.027517865150952149e-03 1.301796223551316594e-03
1.646979621474634059e-02 9.804033906087418204e-01 2.194341483401846590e-03 9.324716931097346831e-04
9.595241559067487630e-03 9.881605780567010999e-01 1.573451480652225069e-03 6.707289035790552122e-04
5.948585986945282601e-03 9.924064047090273011e-01 1.146434978578442015e-03 4.985743254488807360e-04
3.965037332658259694e-03 9.947890355219339842e-01 8.582144125611474014e-04 3.877127328465721813e-04
2.832033968681256161e-03 9.961928089135960729e-01 6.601925515709582701e-04 3.149645661517908013e-04
2.168537362425190015e-03 9.970398548287160434e-01 5.250738624901418392e-04 2.665339463688640837e-04
1.765854057324793861e-03 9.975696645003592211e-01 4.318860273805246374e-04 2.325954149350792886e-04
1.458875307241557168e-03 9.979854072375069496e-01 3.545826331897317541e-04 2.011348220614260138e-04
1.133683211713061708e-03 9.984305927755805499e-01 2.736978686588791400e-04 1.620261440473824580e-04
1.331012786803133400e-06 9.999235596107106661e-01 4.384388862279143292e-05 3.126548787985181327e-05
9.157720191257707531e-07 9.999440545134987701e-01 3.256124208765630648e-05 2.246847239443341122e-05
8.533029746908846860e-07 9.999526247723178329e-01 2.853788119103143342e-05 1.798404351634426128e-05
1.093826762595456858e-06 9.999524840798929004e-01 3.006652783214997331e-05 1.635556551267365122e-05
1.675293703419714567e-06 9.999462195580300916e-01 3.587480425361411418e-05 1.623034401301760531e-05
1.228209168624117345e-03 9.983992788432785037e-01 2.621969894441248533e-04 1.103149986535395982e-04
1.466349786023100161e-03 9.981186976051317217e-01 3.018942377750702833e-04 1.130583710702369162e-04
1.741689795044136469e-03 9.977978578058330772e-01 3.436527357185249570e-04 1.167996634046847607e-04
2.085229789508060132e-03 9.974000000011971068e-01 3.910538443658899627e-04 1.237163649288916631e-04
2.550437836858799288e-03 9.968644457105031442e-01 4.492687993122617871e-04 1.358476533258892401e-04
3.076212426709514555e-03 9.962647140852661787e-01 5.087347615766453328e-04 1.503387264474731087e-04
3.449609287918005158e-03 9.958443913824472915e-01 5.461083700780874342e-04 1.598909595566596232e-04
3.537585622071982242e-03 9.957476368361176666e-01 5.540327011509231124e-04 1.607448406593709909e-04
3.471614970062457482e-03 9.958139809305479595e-01 5.563575892751889199e-04 1.580465101143800827e-04
3.456640243191161626e-03 9.958010955872736991e-01 5.829343129494047931e-04 1.593298565856436351e-04
3.601886098442817156e-03 9.955758971387823619e-01 6.532555109809125770e-04 1.689612517936420048e-04
3.964976794973579417e-03 9.950602005489659341e-01 7.844990981637521088e-04 1.903235578965978704e-04
4.523568917232676477e-03 9.942652167168893884e-01 9.864460402112529280e-04 2.247683256668885033e-04
5.221453315017405422e-03 9.932460703532235424e-01 1.260469069253104075e-03 2.720072625059714953e-04
6.292337503177558924e-03 9.917168422309163844e-01 1.649488009532377661e-03 3.413322563737729233e-04
8.221404854625580239e-03 9.890783517910812783e-01 2.248646394578743355e-03 4.515969597143919051e-04
1.098817376594305069e-02 9.853357718371514862e-01 3.076661131541289212e-03 5.993932653641167877e-04
1.389111523098179694e-02 9.813054353038710431e-01 4.049273634061481206e-03 7.541758310855487370e-04
1.597193541102761780e-02 9.781407576036699192e-01 5.010235535130551018e-03 8.770714501719384555e-04
1.639876701523379846e-02 9.769643693800782458e-01 5.707435570678261877e-03 9.294280340094342044e-04
1.511114621019005004e-02 9.780111990241211473e-01 5.976582635717288955e-03 9.010721299715557025e-04
1.289337317133767806e-02 9.803532533442165242e-01 5.928170143990655304e-03 8.252033404550011527e-04
1.072253460554662904e-02 9.827230156704082065e-01 5.801778303370063068e-03 7.526714206752045276e-04
9.030007102975991934e-03 9.845372042441444815e-01 5.723208233592092312e-03 7.095804192878911020e-04
7.842684674679866602e-03 9.857265441140199425e-01 5.729536750334998478e-03 7.012344609654262186e-04
7.040835054365651366e-03 9.863984409068978776e-01 5.833956338706989923e-03 7.267677000295175507e-04
6.437044212255002042e-03 9.867650132479117708e-01 6.017756452420467382e-03 7.801860874127325299e-04
5.788962531648733645e-03 9.871852851401943241e-01 6.182790996846082750e-03 8.429613313111675556e-04
4.858872382297536700e-03 9.881055029124524713e-01 6.156118612507927544e-03 8.795060927422036247e-04
3.612535788505183074e-03 9.897398730512727560e-01 5.792278850079879415e-03 8.553123101421556632e-04
2.394423250201767848e-03 9.916678846816037174e-01 5.152331339484028140e-03 7.853607287105113417e-04
1.555989835820078757e-03 9.932090084306857136e-01 4.502244953229260147e-03 7.327567802648619335e-04
1.085865400115529344e-03 9.941442152409233346e-01 4.030936584538916123e-03 7.389827744222123452e-04
8.103589319554388827e-04 9.946050914790653952e-01 3.778984027669175967e-03 8.055655613099010686e-04
6.258605973654131046e-04 9.946539862878156502e-01 3.787034413246708874e-03 9.331187015721964214e-04
1.296328396687479922e-05 9.948080873202767016e-01 4.080744219229946561e-03 1.098205176526665999e-03
1.926982551373346641e-05 9.934936442178960991e-01 5.016574185932739030e-03 1.470511770657224751e-03
5.826159153932245231e-04 9.903964069968231865e-01 6.913225563691571124e-03 2.107751524092041188e-03
7.861542499545700171e-04 9.867114705074246928e-01 9.547707733554759366e-03 2.954667509065817942e-03
1.073447064057927959e-03 9.826584000882044867e-01 1.232364289670984797e-02 3.944509951027559344e-03
1.304890933139029761e-03 9.802362391468560920e-01 1.367346530504964970e-02 4.785404614955158890e-03
1.438358561396834443e-03 9.802930875560683655e-01 1.295276312209620376e-02 5.315790760438693710e-03
1.592145225311959083e-03 9.815420789365628673e-01 1.129811821401787916e-02 5.567657624107313734e-03
1.925680741877886524e-03 9.825195299126664450e-01 9.873162061216229565e-03 5.681627284239345460e-03
2.629421102655819450e-03 9.826457227087888047e-01 8.917581397346647717e-03 5.807274791208743778e-03
3.968277208199186279e-03 9.816320797609444648e-01 8.358792811111171589e-03 6.040850219745383734e-03
6.259187116968057893e-03 9.790523734694307478e-01 8.204988813855326746e-03 6.483450599745596045e-03
9.578856851592598698e-03 9.749320729335406721e-01 8.352585703081987639e-03 7.136484511784796196e-03
9.599388034971489958e-01 1.880697134411519686e-02 1.827219308904329612e-02 2.982032069692447905e-03
7.473959304967588979e-01 1.968628347514373156e-01 3.709849357129116343e-02 1.864274118051267859e-02
6.988341595388334326e-01 2.250872339988844451e-01 5.142293840784013109e-02 2.465566805444169632e-02
6.344747054916660689e-01 2.594851993131449541e-01 7.276215061315173538e-02 3.327794458203750527e-02
5.534203670121085050e-01 2.991638989501289037e-01 1.024847331084909052e-01 4.493100092927161671e-02
4.627898331015693478e-01 3.384164145499987675e-01 1.395319646436466443e-01 5.926178770478526814e-02
3.775101960182051797e-01 3.670093420465553313e-01 1.802383062344811993e-01 7.524215570075830362e-02
3.118017062669999895e-01 3.787988340974595136e-01 2.179623762811556120e-01 9.143708335438482937e-02
2.679216675678431914e-01 3.773300869970059312e-01 2.479417587821528268e-01 1.068064866529976342e-01
2.328564263087108954e-01 3.772370774931037563e-01 2.689941392735391013e-01 1.209123569246464414e-01
1.997997392136217076e-01 3.828896639870612018e-01 2.837392552350955777e-01 1.335713415642216517e-01
1.693424086465273593e-01 3.949467835410014893e-01 2.919509006462314704e-01 1.437599071662396810e-01
1.424336675013844755e-01 4.125253075636333699e-01 2.944797035219198222e-01 1.505613214130620270e-01
1.191326764782712627e-01 4.345836732065889163e-01 2.930670426676784124e-01 1.532166076474613670e-01
9.961612331064201298e-02 4.612813845653918610e-01 2.881536548693939825e-01 1.509488372545722823e-01
8.464168054398879537e-02 4.912998543769874771e-01 2.805602034722735061e-01 1.434982616067502492e-01
7.619343441801991468e-02 5.199646926970966643e-01 2.725674527110327761e-01 1.312744201738507699e-01
7.512091472384530011e-02 5.412314945763757601e-01 2.671612859944736407e-01 1.164863047053049383e-01
8.046352280393238854e-02 5.492970240138786986e-01 2.680203521343072492e-01 1.022191010478812473e-01
9.254997498854465598e-02 5.423822747052798876e-01 2.750616688576776325e-01 9.000608144849812919e-02
1.130802604500231318e-01 5.210088304623854416e-01 2.853400737657595942e-01 8.057083532183198504e-02
1.382908672831162089e-01 4.877622124482345889e-01 2.999357448162116024e-01 7.401117545243741935e-02
1.527238206177863322e-01 4.499885865900052351e-01 3.279356009490286272e-01 6.935199184317994425e-02
1.473261945956906016e-01 4.124818147546504554e-01 3.748354353803657890e-01 6.535655526929272374e-02
1.341393371947276203e-01 3.741690442886548840e-01 4.300910651592831369e-01 6.160055335733424786e-02
1.263877663143871122e-01 3.307821262946790686e-01 4.839942733732052749e-01 5.883583401772818355e-02
1.240813686267425997e-01 2.838377176853416062e-01 5.346127444811132889e-01 5.746816920680283824e-02
1.252793497394242561e-01 2.413444278970344192e-01 5.752852824523337905e-01 5.809093991120729134e-02
1.240928047782975246e-01 2.114565130571094687e-01 6.030866687818239313e-01 6.136401338276897821e-02
1.169084720737797595e-01 1.979242210487744125e-01 6.173183266031200267e-01 6.784898027432612055e-02
1.049212307489908319e-01 2.059603359759983876e-01 6.104545811268431432e-01 7.866385214816774829e-02
9.417820929461556689e-02 2.315642810138217600e-01 5.797239260125661708e-01 9.453358367899658554e-02
8.608002255714819473e-02 2.672732164774049290e-01 5.326365847620043725e-01 1.140101762034423788e-01
8.156418085440512999e-02 3.073002070879684022e-01 4.758529474563852335e-01 1.352826646012411094e-01
7.889494999243232276e-02 3.434284595549093599e-01 4.186600397593179257e-01 1.590165506933405304e-01
7.129102678064690168e-02 3.694450517554606073e-01 3.694348399088170365e-01 1.898290815550754129e-01
5.673408571404823381e-02 3.836279247628422429e-01 3.270276881679634595e-01 2.326103013551459320e-01
4.367919947985590690e-02 3.840208068509573525e-01 2.880564301937528215e-01 2.842435634754338358e-01
3.458343989993046402e-02 3.714562614590890544e-01 2.573223586752313996e-01 3.366379399657489779e-01
2.854738887424790317e-02 3.424347107715344785e-01 2.435474897829193186e-01 3.854704105712981055e-01
2.447005401141481851e-02 3.037733364780907941e-01 2.507147062031994666e-01 4.210419033072950179e-01
2.136894145357472186e-02 2.629093261938482140e-01 2.816415271909731288e-01 4.340802051616039492e-01
1.798892106130652035e-02 2.190775970096560665e-01 3.412878484637433818e-01 4.216456334652938231e-01
1.431004743613989091e-02 1.710347810993398388e-01 4.343717803940621569e-01 3.802833910704582765e-01
1.072184330044345137e-02 1.224062636216502881e-01 5.503459839356891203e-01 3.165259091422168991e-01
7.309672014571056732e-03 7.922842018031341083e-02 6.650734848174983949e-01 2.483884229876172078e-01
4.608894285535179366e-03 4.731884403886749135e-02 7.578467477359313031e-01 1.902255139396661354e-01
2.848998694406813456e-03 2.731987732140244568e-02 8.190567331748187518e-01 1.507743908093717722e-01
1.837818933589823898e-03 1.623887113885078351e-02 8.503343746438341011e-01 1.315889352837253390e-01
1.349349540863969618e-03 1.088248843256104000e-02 8.575261128242481767e-01 1.302420492023264043e-01
1.283182165878774374e-03 9.329172927545044403e-03 8.434911364283085300e-01 1.458965084782678223e-01
1.670475313246625728e-03 1.101054841864978692e-02 8.074968062693045345e-01 1.798221699987991029e-01
2.864300077527017103e-03 1.771115016181851187e-02 7.463496439631939205e-01 2.330749057974604022e-01
6.034681302573955547e-03 3.620659822413618140e-02 6.587725306264092806e-01 2.989861898468804124e-01
1.362823634459438445e-02 7.983851837798452977e-02 5.514949273377750538e-01 3.550383179396459088e-01
2.858521546116083237e-02 1.595796083291624035e-01 4.403121900396817501e-01 3.715229861699951841e-01
5.267756459799074337e-02 2.691815546490479716e-01 3.405336477482511226e-01 3.376072330047102388e-01
8.749771858415404668e-02 3.848241076258143711e-01 2.535296156338380791e-01 2.741485581561937668e-01
1.380185097549689877e-01 4.732889781958194986e-01 1.813690896807575448e-01 2.073234223684539412e-01
2.126911538448039984e-01 4.998949420333244631e-01 1.324413727594664358e-01 1.549725313624055467e-01
3.047158682486970083e-01 4.735507451863432138e-01 1.016526733574906610e-01 1.200807132074691169e-01
3.911649328999257658e-01 4.298147450168767758e-01 8.224964478917820565e-02 9.677067729401916951e-02
4.592859512909098774e-01 3.899105045057240648e-01 6.992639070747508345e-02 8.087715349589089109e-02
5.071047652097206981e-01 3.602007379789474162e-01 6.236547368143087466e-02 7.032902312990081672e-02
5.382385036162490310e-01 3.401013676343264125e-01 5.806783571427742013e-02 6.359229303514735143e-02
5.573333831435767216e-01 3.269760185981753220e-01 5.604031158354751824e-02 5.965028667470062551e-02
5.683093157230214576e-01 3.182123170172934112e-01 5.564205674265713941e-02 5.783631051702799869e-02
5.731579397887492933e-01 3.123675767549246030e-01 5.662069923103916352e-02 5.785378422528694026e-02
5.717841605063743726e-01 3.093186102882187760e-01 5.909353855486949858e-02 5.980369065053729727e-02
5.642995924791057716e-01 3.087089873909740212e-01 6.326988381648680770e-02 6.372153631343337177e-02
5.504895816012160825e-01 3.105028335181062582e-01 6.944410303599220236e-02 6.956348184468555407e-02
5.285053407116425683e-01 3.157589308982112208e-01 7.826837802419096823e-02 7.746735036595533974e-02
2.530874536636466832e-02 8.501966309845734870e-02 1.174003158166816024e-01 7.722712757184961863e-01
4.853584832013686512e-01 4.995328609713255430e-01 1.254504108176996910e-02 2.563614745535980257e-03
3.860356925594495836e-01 5.973250232772137069e-01 1.416555425110944087e-02 2.473729912227457233e-03
2.857557507772515160e-01 6.965811607706886566e-01 1.531409405989131445e-02 2.348994392168568535e-03
2.029857994538910304e-01 7.791485449819653963e-01 1.564957019792079587e-02 2.216085366222456023e-03
1.413540175473036176e-01 8.413635324650388103e-01 1.519856575177610560e-02 2.083884235881361142e-03
1.022486431113464739e-01 8.814363552948080160e-01 1.433697739553553736e-02 1.978024198309928910e-03
7.736183072133932803e-02 9.072478246150386116e-01 1.346644631366083512e-02 1.923898349961311940e-03
6.164203249730148410e-02 9.238730924376928888e-01 1.258880246502240910e-02 1.896072599982960398e-03
5.206262707228079267e-02 9.343471850574368576e-01 1.171234815097272827e-02 1.877839719309959757e-03
4.692950440529614076e-02 9.402387706423773750e-01 1.095863833125183123e-02 1.873086621074990200e-03
4.478379348542466110e-02 9.429919920015708001e-01 1.034629871453207964e-02 1.877915798472521141e-03
4.380669040498401390e-02 9.446221717421190434e-01 9.708881015603120293e-03 1.862256837293997875e-03
4.217791481106223511e-02 9.471760081913332963e-01 8.853829592249494798e-03 1.792247405355348313e-03
3.899318940790184873e-02 9.515862092337535882e-01 7.753745214339206361e-03 1.666856144005586515e-03
3.555854432138071120e-02 9.562603126144209043e-01 6.639068085451922153e-03 1.542074978746820618e-03
3.478786454732873262e-02 9.578745123827663299e-01 5.835226293487475423e-03 1.502396776417547902e-03
3.877914587804740659e-02 9.541589300092144788e-01 5.466812652806225456e-03 1.595111459931772757e-03
4.695527677316487652e-02 9.459142881506590328e-01 5.348946216147829058e-03 1.781488860028021363e-03
5.634769761340618910e-02 9.364455099992787801e-01 5.230652248354122555e-03 1.976140138960827582e-03
6.466152497980819092e-02 9.281433868930552000e-01 5.053042731353682253e-03 2.142045395782588100e-03
7.065039485197210922e-02 9.222375306809460493e-01 4.842681828106016641e-03 2.269392638975723745e-03
7.369351555307566970e-02 9.193497612470479252e-01 4.617185966846096452e-03 2.339537233030371081e-03
7.440326396359693562e-02 9.188263611323915780e-01 4.413165612753906786e-03 2.357209291257366182e-03
7.208226592519602349e-02 9.214196538090354549e-01 4.190171056360232800e-03 2.307909209408080201e-03
6.473960761935652897e-02 9.292751442792561711e-01 3.842510086023761401e-03 2.142738015363368932e-03
5.273768715493529213e-02 9.420770724096672044e-01 3.332990868889907591e-03 1.852249566507265617e-03
3.996588990854997581e-02 9.557718029875970078e-01 2.754382423045415636e-03 1.507924680807397983e-03
3.014527096756183799e-02 9.664134889421447383e-01 2.241753518240054577e-03 1.199486572053407073e-03
2.416030377310841512e-02 9.730163082349492232e-01 1.859974248838630606e-03 9.634137431037630801e-04
2.142327598267377425e-02 9.761575466298739734e-01 1.620749629269175067e-03 7.984277581830618968e-04
2.099942041191936448e-02 9.768161666521258946e-01 1.500238400916350991e-03 6.841745350382284156e-04
2.196032055163196425e-02 9.759892588568528371e-01 1.452306380380227096e-03 5.981142111347359557e-04
2.327759649487297355e-02 9.747888799358340739e-01 1.413691700951799982e-03 5.198318683412962238e-04
2.517886243797428508e-02 9.729789424713189971e-01 1.386526177860501838e-03 4.556689128459425007e-04
2.924544414097546285e-02 9.689045837256162752e-01 1.427182987617458881e-03 4.227891457908835638e-04
3.691714680743851673e-02 9.610754881775274150e-01 1.580447617474097692e-03 4.269173975599377890e-04
4.753036085150112028e-02 9.501761570034372717e-01 1.835616597156393545e-03 4.578655479054453059e-04
5.729907558878770402e-02 9.400906750622703978e-01 2.115878006156687429e-03 4.943713427853587599e-04
6.313521968944016405e-02 9.339698224145827066e-01 2.367489805778358932e-03 5.274680901987651360e-04
6.659343682514323737e-02 9.302108069257876144e-01 2.626114524259291066e-03 5.696417248100839846e-04
7.143771548068621191e-02 9.249579171390269750e-01 2.967134689904094534e-03 6.372326903826921497e-04
8.010678966281511992e-02 9.157098970713066777e-01 3.445418654750251417e-03 7.378946111279955462e-04
9.316838259401860611e-02 9.018411629876798008e-01 4.112429305223082830e-03 8.780251130786199780e-04
1.083238904478570630e-01 8.856027416899682203e-01 5.006635417613184216e-03 1.066732444561667133e-03
1.171769435931163533e-01 8.755663919989996602e-01 5.976774003090434828e-03 1.279890404793518474e-03
1.121971831267173231e-01 8.796048106844003289e-01 6.727722702995831902e-03 1.470283485886560116e-03
9.653944413147501347e-02 8.947764435969611796e-01 7.068082979493738559e-03 1.616029292070307339e-03
8.148389724908622345e-02 9.095509464480879824e-01 7.180838749085586246e-03 1.784317553740360530e-03
7.223568874741444212e-02 9.184182498757395008e-01 7.292253616372294626e-03 2.053807760473906011e-03
6.459841274209000839e-02 9.257931968968683423e-01 7.230766282674464147e-03 2.377624078367314431e-03
5.428113613705914942e-02 9.363626309737347331e-01 6.735610007433097055e-03 2.620622881773145355e-03
4.291559578685389537e-02 9.484347592623324497e-01 5.917795770305146058e-03 2.731849180508804254e-03
3.401702217890687635e-02 9.580520655506220562e-01 5.127132692961786434e-03 2.803779577509470100e-03
2.840966590441023482e-02 9.640777631443925300e-01 4.569411781442636947e-03 2.943159169754736189e-03
2.478646717177929865e-02 9.678235288624439381e-01 4.223150629010445460e-03 3.166853336766251026e-03
2.169837814310682234e-02 9.708920870903620104e-01 3.981648560416323548e-03 3.427886206114458614e-03
1.851643461495842968e-02 9.740349093217371967e-01 3.774455787180159509e-03 3.674200276124077891e-03
1.539696889196833819e-02 9.771245692033918573e-01 3.593355823042758412e-03 3.885106081596925980e-03
1.279074997048658055e-02 9.796133103100307382e-01 3.486499043859634349e-03 4.109440675622806627e-03
1.111913775706036174e-02 9.808013456281601261e-01 3.571969653197434001e-03 4.507546961581743346e-03
1.019076577789430893e-02 9.807039863749547060e-01 3.911881403338815337e-03 5.193366443812425653e-03
9.440499787229343978e-03 9.799456779010241592e-01 4.465475530943335304e-03 6.148346780803351508e-03
8.443476213340496417e-03 9.791042078718485975e-01 5.167036402860971864e-03 7.285279511949782454e-03
7.139032400051868385e-03 9.783352375295165659e-01 5.995177825238376737e-03 8.530552245193162922e-03
5.904273479779387039e-03 9.771663218935227047e-01 7.027816282740752783e-03 9.901588343957328994e-03
5.090145824958550169e-03 9.752016779567505012e-01 8.295361221839582522e-03 1.141281499645147197e-02
4.686039415406126514e-03 9.727259060728116191e-01 9.602953226880636683e-03 1.298510128490159773e-02
4.437694687953195986e-03 9.704704777913786273e-01 1.066800744569537836e-02 1.442382007497264480e-02
4.207152272181009962e-03 9.690993728700498799e-01 1.131603412163133260e-02 1.537744073613791368e-02
3.987077607973392446e-03 9.693922344396789237e-01 1.125243365967466130e-02 1.536825429267291675e-02
3.871420063906869363e-03 9.715727386059311854e-01 1.028852440190597232e-02 1.426731692825572960e-02
9.199055578762627486e-03 2.140557760648973684e-01 4.160589496307222634e-01 3.606862187256177910e-01
9.383947857040838558e-01 5.181640580967356718e-02 7.412751550973402728e-03 2.376056935269014667e-03
8.958992936084428926e-01 9.063791222972575334e-02 1.061566334232196158e-02 2.847130819509454888e-03
8.139167265533098217e-01 1.672473241413140188e-01 1.546253891039196804e-02 3.373410394984052707e-03
6.585049138563134896e-01 3.154981308290341069e-01 2.213516657183188518e-02 3.861788742820417269e-03
4.312848494725618487e-01 5.368430419240369789e-01 2.788344155907820920e-02 3.988667044323058672e-03
2.207243200114147319e-01 7.465683597930697912e-01 2.914962888601382515e-02 3.557691309501846873e-03
9.591141437887285015e-02 8.747579192362873179e-01 2.644668328494628046e-02 2.883983099893888853e-03
3.759759138950546919e-02 9.383214103508353832e-01 2.184259067400141224e-02 2.238407585657944867e-03
1.565020732566994172e-02 9.645013559543940129e-01 1.802067427141975861e-02 1.827762448516133875e-03
6.925121750820111173e-03 9.763510039724434542e-01 1.515642417394567378e-02 1.567450102790811199e-03
3.786228599918689802e-03 9.813312131622708989e-01 1.341400720709348161e-02 1.468551030717146939e-03
2.492252210382175578e-03 9.833365632258466160e-01 1.270984999724346191e-02 1.461334566527880277e-03
1.874122715280272496e-03 9.832284931729163846e-01 1.336987101134505876e-02 1.527513100458447208e-03
1.626377226195883886e-03 9.804477749366766748e-01 1.621342413202376750e-02 1.712423705103585572e-03
1.734174318716417843e-03 9.731311708675425276e-01 2.300424858910050246e-02 2.130406224640655089e-03
2.209868708563549229e-03 9.587943900325140989e-01 3.611785983127117211e-02 2.877881427650991544e-03
2.899212478854607412e-03 9.363736537739041355e-01 5.684312893635067032e-02 3.884004810890971486e-03
3.844992114738066905e-03 9.062833283210098845e-01 8.477002531709484923e-02 5.101654247157251000e-03
5.501748527828268821e-03 8.708841564428028148e-01 1.169571462476242940e-01 6.656948781744663132e-03
8.800318255891096189e-03 8.347168359143221084e-01 1.477730314747282836e-01 8.709814355058546551e-03
1.306875604038581357e-02 8.053401406244063976e-01 1.703625680659215658e-01 1.122853526928638788e-02
1.839039913112471003e-02 7.866196789261715727e-01 1.806931892975687792e-01 1.429673264513511670e-02
2.445498704245335775e-02 7.761936808413113509e-01 1.811731713757395446e-01 1.817816074049601743e-02
3.074396948681198255e-02 7.685358286556588370e-01 1.773827596624336089e-01 2.333744219509590115e-02
3.655490781589591787e-02 7.605269867478293699e-01 1.725271222988856712e-01 3.039098313738870794e-02
4.259452136364097474e-02 7.519643535713147475e-01 1.652787447572093837e-01 4.016238030783540053e-02
5.064925978404956342e-02 7.452646750072509096e-01 1.512978446635012408e-01 5.278822054519839019e-02
6.375029128047093874e-02 7.386684811829303809e-01 1.311500368222036916e-01 6.643119071439512746e-02
7.946598433595997157e-02 7.370785499950381903e-01 1.067049808269241590e-01 7.675048484207794286e-02
9.365296224964812788e-02 7.420067901837196223e-01 8.343502272688851917e-02 8.090522483974391110e-02
1.041718700713373524e-01 7.530880812076404807e-01 6.382006434894829661e-02 7.891998437207375927e-02
1.155503235889751151e-01 7.628700529297296473e-01 4.927192739366104829e-02 7.230769608763434886e-02
1.287230028515154723e-01 7.679215616130959932e-01 3.939830941292259137e-02 6.395712612246579054e-02
1.399763858545332584e-01 7.714312818622427459e-01 3.262294736614148455e-02 5.596938491708274011e-02
1.462026237387594463e-01 7.770673565295241891e-01 2.773183547258152928e-02 4.899818425913450570e-02
1.476980509483548920e-01 7.850629995066185085e-01 2.410994507190361916e-02 4.312900447312304625e-02
1.486096012002662003e-01 7.913574927640552037e-01 2.157412533052968304e-02 3.845878070514908292e-02
1.557077494203035761e-01 7.894415452685372703e-01 1.963067753510946978e-02 3.522002777604960055e-02
1.721387428165264688e-01 7.752468560064615932e-01 1.940118055417748219e-02 3.321322062283425802e-02
1.973594080304975629e-01 7.504120088699419711e-01 2.005756206689146212e-02 3.217102103266905599e-02
2.241296362055199276e-01 7.232087701198839369e-01 2.107631012446214286e-02 3.158528355013423550e-02
2.490877946505906104e-01 6.973552952996953103e-01 2.223437955229052784e-02 3.132253049742369372e-02
2.773117885264477778e-01 6.674814011102282452e-01 2.363777418823621509e-02 3.156903617508780013e-02
3.164926090328977204e-01 6.257906926837073502e-01 2.534455670170937189e-02 3.237214158168554012e-02
3.641473160005007648e-01 5.755377769614572481e-01 2.697969897948085394e-02 3.333520805856103608e-02
4.071573558618172273e-01 5.306570589915632352e-01 2.804033259231180492e-02 3.414525255430771178e-02
4.375864745007003731e-01 4.990116444564307585e-01 2.850165770524844266e-02 3.490022333762047430e-02
4.579469264133979589e-01 4.776762191673520896e-01 2.865406908196675359e-02 3.572278533728336092e-02
4.708964156223572339e-01 4.636218159329315580e-01 2.876825775026444626e-02 3.671351069444690751e-02
4.754200698893053523e-01 4.574573927199275247e-01 2.909693147876981148e-02 3.802560591199719009e-02
4.680473087098116491e-01 4.622832280739498922e-01 2.989300174974670460e-02 3.977646146649167769e-02
4.435113710624654093e-01 4.832155031464972494e-01 3.132913197612049311e-02 4.194399381491667467e-02
3.956245279175548690e-01 5.262558887739516855e-01 3.391129209579851755e-02 4.420829121269498341e-02
3.246530088376716194e-01 5.935833148098127454e-01 3.595689268829475177e-02 4.580678366422105685e-02
2.453595607104601950e-01 6.715315939097245002e-01 3.725276213924184898e-02 4.585608324057363627e-02
1.759347153621446669e-01 7.416685390890250806e-01 3.786353148079021902e-02 4.453321406804005428e-02
1.216485580893814228e-01 7.971040778599544074e-01 3.852302657403445380e-02 4.272433747662974374e-02
7.800162935771456918e-02 8.413989771891838831e-01 3.976341585639888571e-02 4.083597759670271055e-02
4.375490330191145888e-02 8.738469171592314622e-01 4.282074698281918695e-02 3.957743255603767690e-02
2.282082797759973913e-02 8.844046349335775714e-01 5.142851828912411299e-02 4.134601879969852095e-02
1.341948883241760211e-02 8.676089590463640366e-01 7.066271962324881251e-02 4.830883249796948803e-02
9.174798610239001326e-03 8.206216258511082051e-01 1.082834641027146383e-01 6.192011143593835476e-02
7.741806050729445332e-03 7.304156291512632349e-01 1.781561286808471811e-01 8.368643611716004849e-02
7.206944864907992299e-03 5.869346737019907057e-01 2.948704860976045228e-01 1.109878953354969805e-01
6.677447032454611464e-03 4.097862786823741610e-01 4.509371260807827908e-01 1.325991482043880898e-01
5.762216632725224337e-03 2.499980984615220170e-01 6.077005388767452443e-01 1.365391460290075187e-01
4.941869776967823188e-03 1.439757041224466461e-01 7.267780957086295013e-01 1.243043303919557918e-01
4.787373010938697146e-03 8.939545081049059261e-02 7.964830873551740353e-01 1.093340888233965136e-01
5.593663167196210456e-03 6.680382667643525174e-02 8.253912256802776737e-01 1.022112844760908884e-01
7.383118425435993872e-03 6.015282009575846633e-02 8.283413311996655759e-01 1.041227302791396664e-01
1.000254800405410080e-02 6.170674560387166135e-02 8.150546679462323807e-01 1.132360384458419855e-01
7.968515763402561625e-01 1.833761149420313485e-01 1.429994209665355620e-02 5.472366621058909371e-03
7.317597030507378975e-01 2.412477142900194271e-01 2.041329426272275177e-02 6.579288396519768385e-03
6.470629296250643980e-01 3.152590879036749061e-01 2.993395933924376459e-02 7.744023132016763025e-03
5.447460636938777911e-01 4.012128804093023637e-01 4.505173021391611216e-02 8.989325682903788473e-03
4.386844478870689512e-01 4.828136785380515161e-01 6.817084441066156852e-02 1.033102916421795719e-02
3.426445079820500950e-01 5.446716390899516425e-01 1.009360032114655498e-01 1.174784971653287415e-02
2.635285879875254311e-01 5.770945172648682675e-01 1.460722047866462869e-01 1.330468996095952351e-02
2.044306955881867727e-01 5.744838801334928302e-01 2.059909680196136683e-01 1.509445625870673227e-02
1.655010562316683587e-01 5.348036557010883429e-01 2.824169281842059953e-01 1.727835988303769860e-02
1.409227693928606362e-01 4.673669330295529556e-01 3.718926904283149648e-01 1.981760714927126993e-02
1.245898881190894703e-01 3.869231143309334597e-01 4.660446678625993489e-01 2.244232968737755463e-02
1.073993938208777643e-01 3.096110610326642809e-01 5.584645778363320767e-01 2.452496731012606540e-02
8.739615260190812529e-02 2.430214367253662189e-01 6.439467440750921146e-01 2.563566659763350658e-02
6.621625538735424754e-02 1.899665631164535462e-01 7.181169877916496747e-01 2.570019370454256630e-02
4.856911760996224930e-02 1.481643214344800785e-01 7.780558110449832254e-01 2.521074991057492207e-02
3.643237641726260884e-02 1.169029548870806068e-01 8.216625004221914663e-01 2.500216827346496418e-02
2.971423010532785527e-02 9.643663267198897271e-02 8.477926286011858714e-01 2.605650862149709937e-02
2.703010473335709304e-02 8.485525120738059146e-02 8.591455216187781074e-01 2.896912244048425664e-02
2.686934784358559203e-02 7.805188438284850483e-02 8.615112277974082966e-01 3.356753997615805757e-02
2.836457670469820502e-02 7.215854800821298876e-02 8.605318556300748378e-01 3.894501965701351043e-02
3.184391426912649287e-02 6.568489152743994808e-02 8.583574039274084466e-01 4.411379027602506386e-02
3.794771864245831405e-02 5.952253920645199370e-02 8.543577161653815866e-01 4.817202598570818894e-02
4.570940764816040086e-02 5.458594390759641257e-02 8.492190644584015624e-01 5.048558398584136048e-02
8.045185875525473485e-01 1.829080241136790685e-01 7.659820789140008891e-03 4.913567544633640032e-03
7.824411788784013666e-01 2.046355105398021124e-01 8.044761778819541076e-03 4.878548802977047613e-03
7.548467221419115081e-01 2.317216131583320349e-01 8.581975807914452720e-03 4.849688891841760600e-03
7.184244403656023792e-01 2.673147168442058241e-01 9.403984348127517046e-03 4.856858442064175552e-03
6.674448809594799581e-01 3.167568257853393687e-01 1.081303689085090503e-02 4.985256364329806317e-03
5.987737194727817958e-01 3.826545648978843528e-01 1.322415905163044567e-02 5.347556577703333792e-03
5.113143224768726958e-01 4.656703348702312950e-01 1.700898068922059025e-02 6.006361963675133607e-03
4.086193148633232020e-01 5.627932849775515445e-01 2.173386474305164656e-02 6.853535416074025936e-03
2.926756900876685275e-01 6.715994392435714611e-01 2.796512850286386048e-02 7.759742165896182237e-03
1.849720359205465070e-01 7.727183219943632997e-01 3.398894433858375835e-02 8.320697746506499140e-03
1.047230197743163060e-01 8.483938582013668128e-01 3.850976965026872006e-02 8.373352374048176686e-03
5.212500593978476593e-02 8.966632608152047546e-01 4.315364816443328227e-02 8.058085080577028977e-03
2.505424117242767770e-02 9.145204486729923143e-01 5.237362881179256219e-02 8.051681342787371173e-03
1.112524895282581382e-02 9.103514709958870910e-01 6.998172627885698716e-02 8.541553772430128880e-03
5.242255384937720072e-03 8.876700012435952969e-01 9.736125434886822028e-02 9.726489022598622247e-03
2.644246988112582044e-03 8.492614339794156697e-01 1.366636984456589543e-01 1.143062058681263739e-02
1.621484784851734027e-03 7.933286227342867258e-01 1.915405725623520183e-01 1.350931991850922408e-02
7.469460561766420740e-04 7.223131459064884297e-01 2.613631938742270733e-01 1.557671416310816258e-02
4.786723097503464935e-04 6.439320296925149512e-01 3.380775213008082036e-01 1.751177669692656480e-02
3.839807301775149885e-04 5.577191593973552797e-01 4.224296019291356452e-01 1.946725794333139040e-02
3.603961773689468105e-04 4.566545132565857368e-01 5.218426256076075243e-01 2.114246495843774554e-02
3.573461478020856512e-04 3.548990847390138259e-01 6.228857169920168912e-01 2.185785212116736487e-02
3.492310678231942494e-04 2.776207841382014041e-01 7.003252852252358496e-01 2.170469956873927880e-02
3.526453764472584117e-04 2.350414599981559549e-01 7.430297056770617248e-01 2.157618894833470899e-02
3.792106724966980277e-04 2.207674759635949724e-01 7.568889220749986935e-01 2.196439128890970843e-02
4.267471956717880702e-04 2.266694722326000055e-01 7.500735974770108561e-01 2.283018309471718937e-02
4.945224280763862480e-04 2.506568633103963273e-01 7.248605510921073414e-01 2.398806316941956909e-02
5.673981725857302032e-04 2.884571459767766299e-01 6.861663984777494063e-01 2.480905737288848639e-02
6.269912575503515167e-04 3.301095247416494516e-01 6.444530769649023938e-01 2.481040703589763169e-02
6.759378641464252506e-04 3.698484600911544073e-01 6.053093941801690470e-01 2.416620786453011968e-02
7.063180778927618435e-04 4.075399469794252494e-01 5.687078954987763169e-01 2.304583944390570585e-02
7.296951745888261833e-04 4.495863363488404318e-01 5.279508460571773476e-01 2.173312241939347536e-02
8.189154426446929556e-04 5.028293804164907232e-01 4.756718637032782415e-01 2.067984043758657256e-02
1.051350860792711573e-03 5.665677916363497379e-01 4.126273449876218247e-01 1.975351251523565360e-02
1.472102163415250822e-03 6.398964154287029027e-01 3.406268418371820594e-01 1.800464057069993754e-02
2.020662722210466236e-03 7.172661470860143273e-01 2.658951916737650745e-01 1.481799851801040777e-02
2.813031455813903674e-03 7.845711158839570043e-01 2.016000326279727695e-01 1.101582003225622629e-02
2.981315487075285493e-03 8.318427175993591272e-01 1.573537304190143482e-01 7.822236494551231337e-03
3.172036135347548746e-03 8.590367258475162249e-01 1.321312518198767827e-01 5.659986197259256335e-03
3.291070361316608250e-03 8.737924722641409181e-01 1.186031145956415872e-01 4.313342778900877347e-03
3.332056480571623201e-03 8.846469333389598289e-01 1.085211195311398258e-01 3.499890649328544785e-03
3.359492291647579731e-03 8.964120687893328832e-01 9.718807889309900860e-02 3.040360025920425292e-03
3.400277036992020285e-03 9.072077189939558028e-01 8.658133649435455215e-02 2.810667474697514569e-03
3.306938037649388099e-03 9.129134149988751279e-01 8.109551424548187837e-02 2.684132717993518037e-03
3.129789810861849462e-03 9.115920355919007179e-01 8.261857318538860795e-02 2.659601411848602683e-03
3.112831074248434155e-03 9.014069211408803906e-01 9.263938522416707844e-02 2.840862560703948970e-03
3.375642056688324920e-03 8.799195573586435781e-01 1.133790243861845792e-01 3.325776198483558054e-03
3.763414563554684338e-03 8.458985078161462834e-01 1.461992241078250154e-01 4.138853512474266645e-03
4.036103168277864819e-03 7.995665272032662640e-01 1.910987716611944887e-01 5.298597967261602787e-03
3.413030803789580958e-03 7.417925595404392114e-01 2.478685188086327817e-01 6.925890847138603708e-03
3.066955809862445884e-03 6.713001449556001976e-01 3.159829941194566838e-01 9.649905115080889551e-03
2.776273022567578123e-03 5.876901740563440502e-01 3.952729441310915415e-01 1.426060878999698550e-02
2.497563592695187153e-03 4.946981539157425667e-01 4.807477702750476145e-01 2.205651221651459826e-02
2.230875498003675409e-03 4.047078344575174569e-01 5.573282631698303069e-01 3.573302687464857685e-02
2.026094855513174177e-03 3.313440420468358183e-01 6.043487881513122106e-01 6.228107494633871449e-02
1.975507830305345790e-03 2.763363364392310007e-01 6.030264708933976703e-01 1.186616848370663779e-01
2.020456994033314763e-03 2.221763536319456001e-01 5.466024660418907777e-01 2.292007233321305959e-01
2.102958370114477085e-03 1.639415329780191943e-01 4.266819314364763138e-01 4.072735772153902589e-01
1.898518399372468336e-03 1.109284668147840353e-01 2.667769715395382768e-01 6.203960432463053731e-01
1.330109479554725683e-03 7.192809542102233944e-02 1.353241456211283500e-01 7.914176494782949600e-01
8.942445933146643110e-04 5.015955708488603615e-02 6.325704675965970747e-02 8.856891515621396760e-01
6.996439466372298766e-04 4.180455977787701088e-02 3.245441960502551404e-02 9.250413766704604912e-01
6.988354756947163376e-04 4.304535807351949489e-02 2.141667794012916751e-02 9.348391285106568693e-01
9.111618024654109197e-04 5.304959004092719282e-02 1.913994778006783415e-02 9.268993003765395589e-01
1.411026497402624201e-03 7.004642196128441078e-02 2.008542058010827358e-02 9.084571309612045065e-01
2.280457269983766737e-03 9.123671586559779778e-02 2.169530846801667398e-02 8.847875183964019064e-01
3.697965302668396962e-03 1.193945813093621883e-01 2.399553651920340383e-02 8.529119168687657737e-01
6.143339290603983850e-03 1.627726737208450014e-01 2.748338591754267632e-02 8.036006010710085024e-01
1.066620742863889915e-02 2.309980120090411593e-01 3.190398062319649980e-02 7.264317999391234348e-01
1.875302482159188835e-02 3.257020326530624676e-01 3.641084811623089557e-02 6.191340944091150433e-01
2.965522568453551541e-02 4.248340263228710945e-01 3.965575416419570703e-02 5.058549938283974923e-01
4.040005925644714335e-02 5.095873873778713481e-01 4.093358861144324318e-02 4.090789647542380503e-01
4.931061222974503916e-02 5.764102929772946249e-01 4.079808420050959339e-02 3.334810105924509438e-01
5.737370383491834785e-02 6.261427554156386854e-01 4.081797608563964008e-02 2.756655646638033197e-01
6.662092223783264155e-02 6.611053627661367393e-01 4.220166525406239544e-02 2.300720497419685706e-01
7.474464872625806444e-02 6.852802235857610169e-01 4.480414844540950292e-02 1.951709792425716516e-01
7.712478290019722516e-02 7.058466588281374632e-01 4.791472505475674604e-02 1.691138332169084824e-01
7.297494602976410671e-02 7.265060690305296109e-01 5.058676323647523509e-02 1.499322217032309223e-01
6.130101831664883094e-02 7.490899444871005342e-01 5.261403452437218159e-02 1.369950026718786407e-01
4.667766482409419632e-02 7.692806687617907979e-01 5.462471972066562653e-02 1.294169466934493029e-01
3.447707045381904339e-02 7.827691659063985563e-01 5.754721523698634600e-02 1.252065484027962972e-01
2.634352125772123146e-02 7.896135644499371331e-01 6.213425234626208243e-02 1.219086619460798826e-01
2.131484445597369229e-02 7.916304608915406549e-01 6.945091478751982961e-02 1.176037798649657712e-01
1.803899338610761086e-02 7.902090787117024284e-01 8.055100438121072515e-02 1.112009235209791141e-01
1.542367864309044864e-02 7.824575517695950833e-01 1.002400528140491576e-01 1.018787167732653903e-01
1.405243917499974030e-02 7.708387893354343712e-01 1.277745850690149010e-01 8.733418642055129633e-02
1.366617397392016348e-02 7.653718582027767559e-01 1.525984803171612503e-01 6.836348750614168468e-02
1.358650931081435698e-02 7.712043113161020091e-01 1.653788078390366900e-01 4.983037153404713815e-02
1.278335921769963718e-02 7.924542625977143429e-01 1.601480618835606773e-01 3.461431630102523860e-02
