7.503330759159058116e-01 1.837795574588353339e-02 7.238087258265115710e-03 2.240508810799456407e-01
5.119894822443979421e-02 1.479149300923952026e-01 4.629367094375685943e-01 3.379494122455966032e-01
5.262272222721954551e-02 1.676412641380086166e-01 4.496920704615181008e-01 3.300439431732537510e-01
5.432057933193327331e-02 1.829198902774602786e-01 4.315391865130605020e-01 3.312203438775460085e-01
5.627291642485170164e-02 1.904587691573126906e-01 4.089575386886570851e-01 3.443107757291783422e-01
5.852369327798385978e-02 1.911362585607478126e-01 3.832388901389207625e-01 3.671011580223474957e-01
6.098671352751675045e-02 1.898644202294696437e-01 3.584688751356945868e-01 3.906799911073189358e-01
6.366218305299971292e-02 1.935343706844147582e-01 3.393502305350070691e-01 4.034532157275782516e-01
6.666170515755287518e-02 2.069169194884305230e-01 3.283534439920008929e-01 3.980679313620156257e-01
6.997959374523571308e-02 2.298510439275573691e-01 3.247740485929938026e-01 3.753953137342130320e-01
7.353821571491864217e-02 2.595825584630596095e-01 3.242975801621946208e-01 3.425816456598273496e-01
7.709452980330458449e-02 2.919078545078156450e-01 3.225075266114251771e-01 3.084900890774544546e-01
8.025509719953397014e-02 3.268940840599944275e-01 3.128693028652081987e-01 2.799815158752632094e-01
8.312588506169898972e-02 3.563324675606553416e-01 3.003634317420791344e-01 2.601782156355667563e-01
8.594209530671913233e-02 3.787006177314208855e-01 2.869954015904498390e-01 2.483618853714100738e-01
8.926482509591056325e-02 3.956297181840985333e-01 2.716259322147276944e-01 2.434795245052631396e-01
9.364541294652095615e-02 4.079714624510589749e-01 2.531046494809277014e-01 2.452784751214922843e-01
9.953050931317744543e-02 4.164072774530800936e-01 2.321575228591044870e-01 2.519046903746378074e-01
1.067710058427052272e-01 4.228751281447357124e-01 2.112364776136644584e-01 2.591173883988943105e-01
1.134165195353484812e-01 4.309069068247610157e-01 1.910935548263431316e-01 2.645830188135473438e-01
1.194138778294144831e-01 4.349649085818581562e-01 1.745390963193710621e-01 2.710821172693563819e-01
1.224874857609952600e-01 4.343405518808651777e-01 1.606962852400136976e-01 2.824756771181258230e-01
1.224586052200214853e-01 4.274558677455241873e-01 1.497775800070442753e-01 3.003079470274098162e-01
1.210858797840932144e-01 4.128675467326603510e-01 1.418066995959302024e-01 3.242398738873161212e-01
1.211492878146624430e-01 3.937486682211526201e-01 1.350702442873278064e-01 3.500317996768571582e-01
1.252343102032583144e-01 3.788005213637558599e-01 1.263855649562125871e-01 3.695796034767735994e-01
1.355294795636654281e-01 3.724349102830327163e-01 1.143903097972606836e-01 3.776453003560412136e-01
1.542459416093742708e-01 3.728053449061684566e-01 1.004112515727640653e-01 3.725374619116929575e-01
1.832685462331667681e-01 3.763056404649810505e-01 8.702246393118169554e-02 3.534033493706706386e-01
2.225442305371432838e-01 3.791774436017602001e-01 7.606933343942373638e-02 3.222089924216730017e-01
2.677870649187750196e-01 3.807533078232540058e-01 6.715868635653263197e-02 2.843009409014381483e-01
3.166886610022955906e-01 3.793269345355411715e-01 5.959484289108832322e-02 2.443895615710745817e-01
3.647564247668325099e-01 3.773517748906854430e-01 5.276718201044018619e-02 2.051246183320416527e-01
4.062888530762552852e-01 3.782615908837148044e-01 4.666088387349335426e-02 1.687886721665366463e-01
4.381044581598966259e-01 3.831114158025526462e-01 4.130068645541571520e-02 1.374834395821346589e-01
4.645675075725320680e-01 3.876018799136629056e-01 3.629990282867644885e-02 1.115307096851284735e-01
4.957839354747946570e-01 3.834076968204300218e-01 3.108175332971044313e-02 8.972661437506497528e-02
5.402574224151412974e-01 3.633232265911142678e-01 2.564030485595373415e-02 7.077904613779079090e-02
6.002424092728878557e-01 3.249973557702728333e-01 2.057550609959551621e-02 5.418472885724372884e-02
6.688429654873293551e-01 2.742640408882947578e-01 1.631868095860678977e-02 4.057431266576945472e-02
7.297479805143327614e-01 2.250550516918921329e-01 1.433221870313293629e-02 3.086474909064226835e-02
7.720274766569645841e-01 1.885588942152334746e-01 1.428431943270106613e-02 2.512930969510069126e-02
7.913698515142897350e-01 1.699357234340708456e-01 1.629057483586787008e-02 2.240385021577133429e-02
7.908722523594196030e-01 1.677334300430375902e-01 2.032314386213189550e-02 2.107117373541086969e-02
7.741856739536534526e-01 1.792806596126678698e-01 2.660145859158547996e-02 1.993220784209284724e-02
7.412315085414654670e-01 2.039292372969789824e-01 3.604946454733014977e-02 1.878978961422542518e-02
6.938302683311325936e-01 2.391265874342368702e-01 4.941438668815700819e-02 1.762875754647332330e-02
6.372907661491368225e-01 2.789746792793418861e-01 6.713211940549049239e-02 1.660243516603105221e-02
5.774131254231757993e-01 3.175626195257237883e-01 8.899516026100071087e-02 1.602909479009985774e-02
5.162656040599910012e-01 3.540734140655846240e-01 1.136094168256703146e-01 1.605156504875407744e-02
4.528389473190310155e-01 3.924294358899911295e-01 1.383177623561882286e-01 1.641385443478978259e-02
3.854105256764339127e-01 4.391743643025909360e-01 1.589800131795136851e-01 1.643509684146135866e-02
3.130631941833887377e-01 5.002462871455694016e-01 1.712431139962483362e-01 1.544740467479358004e-02
2.399665170919730028e-01 5.742407730672073329e-01 1.724875043800677687e-01 1.330520546075218170e-02
1.787517801728568390e-01 6.468712183988115649e-01 1.637686501528937133e-01 1.060835127543779954e-02
1.330951681520420871e-01 7.102820294712827165e-01 1.485478368729346021e-01 8.074965503740729605e-03
1.010288451975188961e-01 7.594746010019673976e-01 1.332584532613010908e-01 6.238100539212444555e-03
7.974702472548948762e-02 7.907058741492484222e-01 1.242689934862205442e-01 5.278107639041448862e-03
6.713730997544223311e-02 8.030886709071278773e-01 1.245641643959492506e-01 5.209854721480957317e-03
6.155404195341387247e-02 7.995784363059971200e-01 1.327706185799920890e-01 6.096903160597180391e-03
5.843272905309487147e-02 7.904259501716031089e-01 1.432482193428043782e-01 7.893101432497733397e-03
5.608037958461139366e-02 7.834523418175877163e-01 1.500363587343567784e-01 1.043091986344413941e-02
5.318796169836299825e-02 7.839736524883695878e-01 1.494911124867800700e-01 1.334727332648714265e-02
4.989768007005047218e-02 7.930353771478979574e-01 1.410511122074998569e-01 1.601583057455163717e-02
4.650101665760615621e-02 8.101081210669769384e-01 1.256567433325792571e-01 1.773411894283764140e-02
4.307220560044509178e-02 8.339696312848755566e-01 1.048167079309374472e-01 1.814145518374204666e-02
3.905674786536928594e-02 8.610190564550506132e-01 8.227660721587021220e-02 1.764758846371024259e-02
3.773722155977012743e-02 8.815644497083932052e-01 6.316615848622379736e-02 1.753217024561264450e-02
3.994357752074769591e-02 8.920245004180189508e-01 4.947899569567457134e-02 1.855292636555896241e-02
4.635196756687984254e-02 8.919983218213153320e-01 4.043373135202180807e-02 2.121597925978295843e-02
5.758640425262680218e-02 8.819105374034152955e-01 3.467551318516597786e-02 2.582754515879209095e-02
7.506665964447047090e-02 8.615472108519208749e-01 3.131013960777909860e-02 3.207598989582947230e-02
2.001117666462483638e-02 5.664940143176876207e-04 9.688364356154814949e-01 1.058589370557578603e-02
5.131583586292267629e-01 2.298727213496173927e-01 8.313385063519929119e-02 1.738350693859566920e-01
4.807484548304508665e-01 2.960698308093804298e-01 7.692227888382029144e-02 1.462594354763483151e-01
4.174293810466148669e-01 3.858880504495378339e-01 7.280091205489259976e-02 1.238816564489546718e-01
3.343714396176893922e-01 4.888537371043445434e-01 7.017067424684950150e-02 1.066041490311163548e-01
2.556017132036643158e-01 5.795277734593290431e-01 6.936445035260493941e-02 9.550606298440168784e-02
1.996692517407645528e-01 6.359820095673965890e-01 7.174515888691206100e-02 9.260357980492642249e-02
1.683699972508506115e-01 6.523278673802963556e-01 7.911238031425338324e-02 1.001897550545995108e-01
1.548973223011730349e-01 6.312067968206233060e-01 9.267672290618503284e-02 1.212191579720183626e-01
1.508695623398335905e-01 5.797589381053325219e-01 1.113727645513922782e-01 1.579987350034413873e-01
1.489720291509184225e-01 5.097051083363707269e-01 1.312663956411938837e-01 2.100564668715172167e-01
1.456844191145653666e-01 4.337948135566423447e-01 1.467284412526083937e-01 2.737923260761838673e-01
1.412138569233816476e-01 3.614736590345171696e-01 1.534620751428616148e-01 3.438504088992392904e-01
1.364021547058487660e-01 2.984353372348118594e-01 1.515621642333122576e-01 4.136003438260270060e-01
1.315017352088651559e-01 2.474008299422306989e-01 1.446380508790769404e-01 4.764593839698271771e-01
1.272858125083428937e-01 2.095389416137013183e-01 1.369052555911775271e-01 5.262699902867779000e-01
1.256826133406056811e-01 1.843497232892881144e-01 1.316788999419154504e-01 5.582887634281907818e-01
1.286744793516664265e-01 1.694291209944961407e-01 1.308466679704475832e-01 5.710497316833899051e-01
1.377075124618897806e-01 1.617268346648159660e-01 1.346752238981459571e-01 5.658904289751482963e-01
1.536884546437778942e-01 1.589447585505623373e-01 1.420430205987606720e-01 5.453237662068989300e-01
1.763981590220436435e-01 1.601038411575083920e-01 1.513483500020479655e-01 5.121496498183998325e-01
2.033266063165208026e-01 1.646941169320682574e-01 1.612756676105571163e-01 4.707036091408539624e-01
2.284106060852257869e-01 1.693102320286690443e-01 1.694058468670018303e-01 4.328733150191035328e-01
2.442871870759608655e-01 1.691291365868356211e-01 1.753219161957876582e-01 4.112617601414154667e-01
2.477156777982435221e-01 1.633765414739096478e-01 1.812714674143131310e-01 4.076363133135336159e-01
2.425103007872370653e-01 1.540985735737955276e-01 1.875950713503786171e-01 4.157960542885890121e-01
2.301427883758805082e-01 1.422272089850430687e-01 1.953851339374378937e-01 4.322448687016379743e-01
2.079041535777955141e-01 1.272766759957954519e-01 2.075928643991890865e-01 4.572263060272201973e-01
1.756652446802176026e-01 1.082270957834433472e-01 2.265415953868656629e-01 4.895660641494732346e-01
1.392181654474980990e-01 8.797613131224024663e-02 2.503014832251691524e-01 5.225042200150924465e-01
1.065242261869127627e-01 6.785315483510652446e-02 2.767157832362029946e-01 5.489068357417774546e-01
7.988188873999962913e-02 5.028043048653848407e-02 3.036876769339769133e-01 5.661500038394851053e-01
5.948694729804730741e-02 3.558305708820970470e-02 3.295862390991038948e-01 5.753437565146392041e-01
4.390564208772283067e-02 2.479587042321010348e-02 3.524970393220392961e-01 5.788014481670277211e-01
3.233522488131362199e-02 1.731837349307389917e-02 3.713091188932619580e-01 5.790372827323504445e-01
2.426690311873361955e-02 1.228670503711775004e-02 3.875272620908678523e-01 5.759191297532806342e-01
1.937466442361496580e-02 9.267348198866114453e-03 4.034400095317811075e-01 5.679179778457379424e-01
1.667353247685567780e-02 7.920278736381628631e-03 4.212648767455001164e-01 5.541413120412624904e-01
1.758441183584966844e-02 8.047663969075569829e-03 4.409072602185030165e-01 5.334606639765721026e-01
1.958224680148027905e-02 9.215125204039255336e-03 4.611258956004523069e-01 5.100767323940285092e-01
2.253927988168492880e-02 1.131464481339316229e-02 4.757485950108609751e-01 4.903974802940608280e-01
2.590943728078035774e-02 1.432194118055977149e-02 4.797391803353942552e-01 4.800294412032654057e-01
2.991556987653956265e-02 1.825336681582116760e-02 4.732213730128106421e-01 4.786096902948287490e-01
3.522541656451960018e-02 2.300512512459355202e-02 4.601079470327072984e-01 4.816615112781795216e-01
4.214533088032932501e-02 2.849489512311446926e-02 4.441949707238135869e-01 4.851648032727426396e-01
5.023071244209005581e-02 3.474248943320715211e-02 4.271351784383429218e-01 4.878916196863597454e-01
5.872272074075898102e-02 4.168522021661121707e-02 4.090423373107266447e-01 4.905497217319031988e-01
6.722759124989116652e-02 4.935379994174507456e-02 3.908171791350998903e-01 4.926014296732639797e-01
7.579694702877282086e-02 5.774444732534302072e-02 3.745020577995653577e-01 4.919565478463187036e-01
8.386841614616726004e-02 6.614847051014165202e-02 3.620746995190433082e-01 4.879084138246480018e-01
8.993013181314846172e-02 7.297631058988643393e-02 3.534852265346185574e-01 4.836083310623463527e-01
9.286765300680538404e-02 7.546107279129385392e-02 3.471045520282237118e-01 4.845667221736769670e-01
9.339795702751321760e-02 7.163385996361548713e-02 3.404828342263574448e-01 4.944853487825138227e-01
9.352240027882768869e-02 6.315760829868136139e-02 3.319673875738632929e-01 5.113526038486274627e-01
9.501752717863019837e-02 5.330600543377047446e-02 3.207813868410421820e-01 5.308950805465572076e-01
9.904717903025911374e-02 4.430865174506111448e-02 3.058087174812387787e-01 5.508354517434407294e-01
1.055056567436466752e-01 3.671183254071704039e-02 2.859171738659464501e-01 5.718653368496898759e-01
1.114848229373400779e-01 3.038110983239924318e-02 2.623095441449447285e-01 5.958245230853159713e-01
1.124460720410829645e-01 2.501214665191142314e-02 2.389972707658003237e-01 6.235445105412052991e-01
1.063159365402887857e-01 2.019680042102427187e-02 2.188567525420958837e-01 6.546305104965912669e-01
9.448058062485714670e-02 1.573345028745302271e-02 2.018894578913293103e-01 6.878965111963604162e-01
8.031274543277877598e-02 1.186889507124878895e-02 1.873123356481059820e-01 7.205060238478665502e-01
6.697647106421592000e-02 8.959299900580581025e-03 1.751013245160273901e-01 7.489629045191757983e-01
5.631219809352505656e-02 7.005502075297458629e-03 1.647013547038474746e-01 7.719809451273300649e-01
4.884178805106581533e-02 5.740498198444929021e-03 1.553722158093990002e-01 7.900454979410904688e-01
4.406747530709162475e-02 4.869857194246669102e-03 1.475629420294315430e-01 8.034997254692303192e-01
4.114982628637573608e-02 4.280079006930313096e-03 1.433294149107955107e-01 8.112406797958985338e-01
3.834909166337677894e-02 3.953661663552160942e-03 1.446150954851035952e-01 8.130821511879673391e-01
3.368465922123151796e-02 3.642798760921345507e-03 1.486857196418604754e-01 8.139868223759867405e-01
2.728908055688436529e-02 3.183228287718698445e-03 1.514663699467084235e-01 8.180613212086885744e-01
2.118640261404984571e-02 2.717810907182842493e-03 1.524463356973254913e-01 8.236494507814421384e-01
1.671096640124595384e-02 2.399442210538130660e-03 1.539274330455169537e-01 8.269621583426988165e-01
7.668323276132844590e-01 5.953992188799511059e-02 1.642804897624556282e-01 9.347260736264538517e-03
4.009055486804845025e-01 3.548063801319503163e-01 1.199726661741580130e-01 1.243154050134071126e-01
3.677941062926367577e-01 3.988908809873339956e-01 1.351753663901718860e-01 9.813964632985751335e-02
3.441974509415987038e-01 4.270702521205773095e-01 1.483356325750740667e-01 8.039666436275011430e-02
3.311907919625565189e-01 4.415164528689850543e-01 1.582159264577995827e-01 6.907682871065888575e-02
3.262836635646786387e-01 4.472950964474119440e-01 1.640591972298769130e-01 6.236204275803256675e-02
3.259969728539288125e-01 4.492322020143317274e-01 1.656600305141511797e-01 5.911079461758825260e-02
3.265322405064129407e-01 4.517810986796890749e-01 1.630209805403302625e-01 5.866568027356758308e-02
3.238415044110888319e-01 4.597579283467730926e-01 1.560922048631076808e-01 6.030836237903054731e-02
3.151250973394971733e-01 4.776912701346310852e-01 1.449126064777725154e-01 6.227102604809924696e-02
2.961709790265513176e-01 5.087755955155052190e-01 1.322859852227005195e-01 6.276744023524334637e-02
2.651464181648853224e-01 5.500328416419555388e-01 1.225804705023974955e-01 6.224026969076177501e-02
2.300140667835826880e-01 5.884459397853334384e-01 1.188235500050176668e-01 6.271644342606629008e-02
1.992264481303967771e-01 6.119254276787522429e-01 1.225065416893058590e-01 6.634158250154524594e-02
1.753716726947273929e-01 6.167281812933118612e-01 1.335687834699353926e-01 7.433136254202528381e-02
1.571725220596114636e-01 6.070196634863866958e-01 1.499877793835543149e-01 8.582003507044777546e-02
1.425277659229045868e-01 5.926258630508195457e-01 1.676855646564865965e-01 9.716080636978921548e-02
1.297869622164147252e-01 5.824607345602250685e-01 1.838320609570884001e-01 1.039202422662717923e-01
1.179870870218727857e-01 5.787245443665290923e-01 1.989733505925692647e-01 1.043150180190287324e-01
1.075223109222572249e-01 5.805223552504017448e-01 2.118746092228683264e-01 1.000807246044726206e-01
9.598382933234725356e-02 5.893101180506578052e-01 2.204023839557788522e-01 9.430366866121626945e-02
8.641145787278299573e-02 6.025481955615026308e-01 2.209994119487700415e-01 9.004093461694419320e-02
8.041851849893606741e-02 6.127962052147120087e-01 2.176182834033991986e-01 8.916699288295261427e-02
8.028256709272296732e-02 6.078385349238850655e-01 2.178434690017660158e-01 9.403542898162617347e-02
8.867757197269000857e-02 5.780030979246419953e-01 2.262098131227697484e-01 1.071095169798980951e-01
1.082611275349890656e-01 5.232480699762822596e-01 2.397662299517496765e-01 1.287245725369793314e-01
1.417930228797150971e-01 4.543880322460668864e-01 2.491550173062784812e-01 1.546639275679395908e-01
1.914489428245888802e-01 3.864636354713074651e-01 2.460129946647358623e-01 1.760744270393680977e-01
2.637534056109251956e-01 3.276023748251530865e-01 2.258822599745479442e-01 1.827619595893740234e-01
3.593945095611583707e-01 2.782452566593872079e-01 1.936682578712500824e-01 1.686919759082042836e-01
4.631941629323085285e-01 2.390742339281061168e-01 1.589635810800175963e-01 1.387680220595677028e-01
5.540985716936818184e-01 2.107415247750088205e-01 1.288101061603305342e-01 1.063497973709786742e-01
6.144004722436093857e-01 1.960484014689125032e-01 1.077850621301937178e-01 8.176606415728447652e-02
6.416804695154385563e-01 1.959865820441706874e-01 9.535807879757578209e-02 6.697486964281483546e-02
6.409917321888057851e-01 2.097785163184452684e-01 8.991545402424164224e-02 5.931429746850746393e-02
6.111927095967500945e-01 2.400057516601976637e-01 9.269620575866580059e-02 5.610533298438687144e-02
5.472866037178775178e-01 2.911394204229857396e-01 1.052948121773194107e-01 5.627916368181726248e-02
4.519199778081529062e-01 3.617984085681076878e-01 1.266135246959338989e-01 5.966808892780523649e-02
3.436128422317749065e-01 4.394570066263966956e-01 1.521291021191830406e-01 6.480104902264527400e-02
2.407931249259489259e-01 5.139043553300192135e-01 1.781561850544483849e-01 6.714633468958361440e-02
1.649901053255024008e-01 5.714379596261988103e-01 1.999028468777869771e-01 6.366908817051139535e-02
1.174486252299569156e-01 6.092338685654954400e-01 2.167019351266069038e-01 5.661557107794043531e-02
8.839637560446605979e-02 6.302185966354924007e-01 2.315484575148902269e-01 4.983657024515146527e-02
6.992815422126363867e-02 6.388774871501967656e-01 2.455757564838783324e-01 4.561860214466164493e-02
5.772463250370287596e-02 6.429586035964182100e-01 2.546156167824501493e-01 4.470114711742947250e-02
4.980208325805925845e-02 6.497139274355709926e-01 2.530354629782680664e-01 4.744852632810193233e-02
4.571888365901015383e-02 6.584268120967977644e-01 2.415152973144647774e-01 5.433900692972775531e-02
4.572406934469720741e-02 6.628226401954415703e-01 2.268997750904289679e-01 6.455351536943233770e-02
5.073965846144565944e-02 6.568853451560716650e-01 2.166651547678032363e-01 7.570984161467918250e-02
6.257135200834680611e-02 6.385846325302755311e-01 2.123620704319335584e-01 8.648194502944415996e-02
8.328041897603431776e-02 6.128252259414226355e-01 2.064414704380313770e-01 9.745288464451196120e-02
1.145003722369642707e-01 5.811163379172348264e-01 1.954078659782083338e-01 1.089754238675929160e-01
1.594669608951298778e-01 5.415787788485050269e-01 1.767208243452780825e-01 1.222334359110871793e-01
2.228957027901226073e-01 4.854633163472754642e-01 1.536643254930516733e-01 1.379766553695501996e-01
3.026368371458241224e-01 4.138885720862418016e-01 1.292967866636030583e-01 1.541778041043309622e-01
3.807506573713658748e-01 3.424938336591697441e-01 1.084846707816282257e-01 1.682708381878361137e-01
4.381714059567689556e-01 2.869446463214057053e-01 9.486489654305475805e-02 1.800190511787710113e-01
4.743230624760009229e-01 2.484121174755193062e-01 8.800805572825336209e-02 1.892567643202263949e-01
4.964385792723233770e-01 2.229404054735955043e-01 8.694283935955174347e-02 1.936781758945292919e-01
5.212518504048969659e-01 2.004307792681770117e-01 8.831373348906181031e-02 1.900036368378643370e-01
5.608114283762660746e-01 1.744889628851323260e-01 8.847834859588930845e-02 1.762212601427124992e-01
6.150193167846947917e-01 1.455178533836646582e-01 8.357882685116513333e-02 1.558840029804757776e-01
6.661000042515886621e-01 1.189355393521118187e-01 7.618997491031428981e-02 1.387744814859846743e-01
6.967357707055972238e-01 1.002306701504047243e-01 6.897816192857389450e-02 1.340553972154247542e-01
6.969218786395546816e-01 9.062623289469751153e-02 6.464295290281758810e-02 1.478089355629303436e-01
6.615013645608354143e-01 8.935461520518567236e-02 6.478239378552649863e-02 1.843616264484526091e-01
5.947366420584482283e-01 9.466054127164538756e-02 7.032246838180317150e-02 2.402803482881029629e-01
5.221377209732932512e-01 1.022088244878715940e-01 7.966219281888052561e-02 2.959912617199546570e-01
4.721100865689122905e-01 1.073800275182777292e-01 9.033479075251148183e-02 3.301750951602981932e-01
4.526716550483569912e-01 1.090017185307269598e-01 1.022431826996554327e-01 3.360834437212604220e-01
4.568654570933199932e-01 1.077305492252763758e-01 1.167463056567832613e-01 3.186576880246201893e-01
4.750960971218086693e-01 1.039487506454699478e-01 1.346689167596912262e-01 2.862862354730300041e-01
3.191758776702842415e-02 8.081767544993923025e-01 1.285059818161151945e-01 3.139967591746391229e-02
8.106014590823436977e-03 9.288092209257905463e-01 5.182918000196200248e-02 1.125558448142418427e-02
7.504459137306271170e-03 9.223160670060172039e-01 5.957679318474377178e-02 1.060268067193283550e-02
7.582360221834833283e-03 9.120242563162568317e-01 6.913896587584350550e-02 1.125441758606478271e-02
8.027719892336590904e-03 8.989624262262371213e-01 8.014111645242377735e-02 1.286873742900276202e-02
8.775104297806188280e-03 8.836563131714757491e-01 9.236672104141079032e-02 1.520186148930742845e-02
1.012067736412948331e-02 8.646916563793399790e-01 1.065058914133606288e-01 1.868177484317002507e-02
1.232818294071466592e-02 8.419373862424918142e-01 1.222616722266548078e-01 2.347275859013850038e-02
1.629496752972125345e-02 8.165210218392562336e-01 1.381566602200478833e-01 2.902735041097444929e-02
2.080363449536367162e-02 7.931157982466013889e-01 1.519627830593205942e-01 3.411778419871459161e-02
2.681971363738831771e-02 7.708836425447659346e-01 1.635213953338410520e-01 3.877524848400480673e-02
3.503331740424629054e-02 7.486117203107999218e-01 1.725849046895791272e-01 4.377005759537460489e-02
4.603728935855802562e-02 7.261836836120418859e-01 1.782886585581122674e-01 4.949036847128784888e-02
5.976607145567170570e-02 7.047913230472160340e-01 1.799639208909393218e-01 5.547868460617294550e-02
7.456421783015990123e-02 6.865725024577247204e-01 1.779323815440453371e-01 6.093089816807020775e-02
8.690676908088300345e-02 6.704406309473034398e-01 1.771875239922527934e-01 6.546507597956099933e-02
9.432068734460777315e-02 6.574705593818014338e-01 1.788020238481424773e-01 6.940672942544819091e-02
9.782252807316919874e-02 6.417675093346906223e-01 1.863193010674344119e-01 7.409066152470566990e-02
9.974328043341891548e-02 6.152529668860283740e-01 2.026177843845080317e-01 8.238596829604467875e-02
1.000700225687663758e-01 5.714096061140904181e-01 2.299666526270097711e-01 9.855371869013344888e-02
9.833097587611064339e-02 5.075551401126872086e-01 2.712349121853521727e-01 1.228789718258498226e-01
9.488163492184058245e-02 4.345512364006303141e-01 3.215789622533161696e-01 1.489881664242129755e-01
9.152780843535890387e-02 3.601037513414117597e-01 3.768464174698152869e-01 1.715220227534141051e-01
8.911470587681091793e-02 2.967632901514377641e-01 4.254158474209288610e-01 1.887061565508224292e-01
8.890448987364525657e-02 2.503825952558956236e-01 4.583216273762453219e-01 2.023912874942137841e-01
9.199297598444858282e-02 2.186275139358755670e-01 4.734305954182647103e-01 2.159489146614111954e-01
9.868301359532566375e-02 1.971555676497157295e-01 4.731384458203588550e-01 2.310229729345998073e-01
1.080365956073569972e-01 1.831477845786027847e-01 4.611487813948675352e-01 2.476668384191725858e-01
1.177660957107493078e-01 1.752164163476390701e-01 4.414597093445346565e-01 2.655577785970770210e-01
1.260825663264056040e-01 1.716977824910879136e-01 4.190432446509085307e-01 2.831764065315981460e-01
1.328675398175284683e-01 1.712135389712221289e-01 3.978713974065256065e-01 2.980475238047235464e-01
1.381975013803007357e-01 1.737695913885252408e-01 3.801751202235739702e-01 3.078577870075999701e-01
1.413583209728675461e-01 1.811709570863692664e-01 3.666834361318733748e-01 3.107872858088899237e-01
1.425783876442952569e-01 1.964481478084462718e-01 3.560842718673118967e-01 3.048891926799466856e-01
1.429280761823910062e-01 2.215744195230953950e-01 3.454490565383419032e-01 2.900484477561714458e-01
1.405463590637161531e-01 2.564132408408186237e-01 3.343182913997144179e-01 2.687221086957506944e-01
1.316554939440012506e-01 2.978601852788143600e-01 3.273797026230162444e-01 2.431046181541679230e-01
1.158259134035002497e-01 3.407320807268174323e-01 3.290377469473221850e-01 2.144042589223600637e-01
9.557858470676737495e-02 3.790528350908650701e-01 3.403392588498824201e-01 1.850293213524853153e-01
7.412043191990613789e-02 4.071904043408962059e-01 3.610594639127829297e-01 1.576296998264145599e-01
5.452752934832325038e-02 4.233093486638097036e-01 3.880728136277078466e-01 1.340903083601593937e-01
3.898335681804954156e-02 4.346016040586950790e-01 4.115178285593503182e-01 1.148972105639051999e-01
2.774423117925289839e-02 4.526649777862309376e-01 4.212398481813076634e-01 9.835094285320888918e-02
1.972463233603639898e-02 4.827293397660723517e-01 4.159584072858199533e-01 8.158762061207133764e-02
1.411832609010203222e-02 5.229089335089653900e-01 3.989371406257618546e-01 6.403559977517060686e-02
9.921028252024302607e-03 5.648825151666295730e-01 3.773003261255892804e-01 4.789613045575685096e-02
7.276949745725093226e-03 6.039909385200262770e-01 3.530914972597751222e-01 3.564061447447339215e-02
5.643929831223984395e-03 6.350145375486309085e-01 3.318209041153900030e-01 2.752062850475485087e-02
4.604000363545792882e-03 6.519550937635851806e-01 3.210372711782288335e-01 2.240363469464064575e-02
3.865157073709444505e-03 6.476689436901552632e-01 3.292482760803631670e-01 1.921762315577213096e-02
3.262828916078185267e-03 6.152173227499674324e-01 3.642012689369373279e-01 1.731857939701725302e-02
2.695236989864775810e-03 5.548940116974745429e-01 4.263572652724429424e-01 1.605348604021792150e-02
2.178778931954885797e-03 4.853594529252205358e-01 4.976209681033572640e-01 1.484080003946707145e-02
1.760544920329041229e-03 4.276407340446169436e-01 5.573504743724745358e-01 1.324824666257961442e-02
1.443563548799078368e-03 3.850298286897398947e-01 6.023839887849803398e-01 1.114261897648103662e-02
1.219874947376400334e-03 3.492408981625503839e-01 6.405920214040490279e-01 8.947205486024257040e-03
1.054497854474962084e-03 3.107908005918078032e-01 6.811164502546518396e-01 7.038251299065593179e-03
9.183893463577002571e-04 2.672879190529875437e-01 7.262470092217142570e-01 5.546682378940410996e-03
8.062459782898649457e-04 2.251639857785572019e-01 7.694983313893990484e-01 4.531436853753860808e-03
7.212790013173596502e-04 1.905925457217432506e-01 8.046736595074348575e-01 4.012515769504743264e-03
6.663624109445255746e-04 1.652478286111451478e-01 8.300958682161150293e-01 3.989940761795192012e-03
6.443501531391840819e-04 1.467390405449454371e-01 8.481080223161220344e-01 4.508586985793325633e-03
6.599553653607680538e-04 1.305811946878207841e-01 8.630284899301220447e-01 5.730360016696594942e-03
7.226651613381490516e-04 1.134739281704702646e-01 8.778738464860795787e-01 7.929560182112108807e-03
8.560150837540322563e-04 9.562071543763973891e-02 8.920605414310804893e-01 1.146272804752552360e-02
1.113739834808006235e-03 8.077128420387350016e-02 9.012092223267301749e-01 1.690575363458839131e-02
1.631391868405227116e-03 7.296216640053404534e-02 8.997423372397453933e-01 2.566410449131536695e-02
2.687662588198858060e-03 7.216409688592760607e-02 8.848723201805053229e-01 4.027592034536849747e-02
4.808581327512440919e-03 7.671206006236767905e-02 8.535052609928549527e-01 6.497409761726508082e-02
8.652261468575363906e-03 8.405527549007316135e-02 8.025008044342490932e-01 1.047916586071026973e-01
1.453568227251065409e-02 9.067402586520392771e-02 7.334548871301588280e-01 1.613354047321268470e-01
2.250896051433498579e-02 9.369033649647941220e-02 6.506349545426246550e-01 2.331657484465607666e-01
1.008672112508230551e-02 5.810609691261701126e-01 2.357889622337803193e-01 1.730633475149676304e-01
7.455147735619569241e-03 6.476223439574866347e-01 2.380177850931902706e-01 1.069047232137033399e-01
4.859903985076938042e-03 6.909391742115060797e-01 2.437416173660129914e-01 6.045930443740409749e-02
2.766894640989496067e-03 6.995370031442178504e-01 2.649672943635316691e-01 3.272880785126086600e-02
1.706933054225073321e-03 6.710234477873610048e-01 3.093360769352285211e-01 1.793354222318555014e-02
1.108616909693071291e-03 6.111129157743904194e-01 3.772794982952249465e-01 1.049896902069145585e-02
7.814472227576298342e-04 5.330302393335091260e-01 4.593739193807528376e-01 6.814394062980670685e-03
6.116473871046390273e-04 4.589297236198264796e-01 5.354321337848205742e-01 5.026495208248099068e-03
5.365129464786398770e-04 4.133812946441716707e-01 5.817402462168920207e-01 4.341946192457430374e-03
5.355613400999317689e-04 4.030642932216679797e-01 5.919311118365127022e-01 4.469033601719463178e-03
6.006989057586331225e-04 4.122807298933456877e-01 5.817975488293387620e-01 5.321022371556837285e-03
7.716647803873500407e-04 4.317971471134675054e-01 5.600662053323312017e-01 7.364982773813736998e-03
1.152120829906743771e-03 4.592977150511116657e-01 5.277953600718058302e-01 1.175480404717546730e-02
1.939430583925129403e-03 4.820633024181833481e-01 4.954143603936806972e-01 2.058290660421091892e-02
3.483719684879435421e-03 4.813490504039839579e-01 4.779000277082741110e-01 3.726720220286267038e-02
6.143805727492279538e-03 4.468517403461426674e-01 4.816188293175806545e-01 6.538562460878409588e-02
1.002162923428282643e-02 3.810666495137929877e-01 5.004602901107614299e-01 1.084514311411630405e-01
1.476297101071352702e-02 2.949759823005788095e-01 5.179279619901754339e-01 1.723330846985323128e-01
1.917877359526943756e-02 2.063368359960087439e-01 5.119658222461381802e-01 2.625185681625835099e-01
2.150948007003849333e-02 1.319100066330326504e-01 4.768926739937007220e-01 3.696878393032283494e-01
2.131775922131176615e-02 8.008144244740264539e-02 4.303408928884812079e-01 4.682599054428041585e-01
1.997002097961837058e-02 4.930805760816121819e-02 3.874411473068522516e-01 5.432807741053684580e-01
1.845088947458239578e-02 3.200334581491712932e-02 3.493880700064224687e-01 6.001576947040779819e-01
2.771202742932455942e-01 1.306529131164547441e-01 7.089104405080269566e-02 5.213357685394971464e-01
2.731044305004389772e-01 1.582684791670296576e-01 8.028439642287606148e-02 4.883426939096554009e-01
2.721646172403179853e-01 1.852896054259381142e-01 8.964913023237161549e-02 4.528966471013718409e-01
2.759232536774635092e-01 2.071693763921833575e-01 9.706571192904898948e-02 4.198416580013041854e-01
2.843706434082816648e-01 2.192487175069167959e-01 1.021580138007135430e-01 3.942226252840878020e-01
2.967724904596278357e-01 2.202957884883296191e-01 1.051520378886869056e-01 3.777796831633556396e-01
3.115687124372915062e-01 2.126529674645853130e-01 1.066434760783862984e-01 3.691348440197365632e-01
3.272506543011551305e-01 1.990495611293917888e-01 1.072382417628425233e-01 3.664615428066106961e-01
3.426306592136716955e-01 1.803270099364072121e-01 1.069722082748923164e-01 3.700701225750290813e-01
3.539814708505543139e-01 1.572328146073116439e-01 1.053824424269681481e-01 3.834032721151658940e-01
3.526508775767811521e-01 1.332820577762874603e-01 1.027149857156815227e-01 4.113520789312498094e-01
3.300981875328619641e-01 1.134589851426138080e-01 1.004534365426557052e-01 4.559893907818686754e-01
2.892964339574722876e-01 1.020628551043695070e-01 1.000702157435269524e-01 5.085704951946311558e-01
2.489139405270411887e-01 1.011235591672139944e-01 9.952306775795806415e-02 5.504394325477867111e-01
2.192074756322590079e-01 1.116618526076532530e-01 9.718384124669188218e-02 5.719468305133960095e-01
1.968626797247430560e-01 1.330383937288636409e-01 9.372988597702974767e-02 5.763690405693636665e-01
1.778012837565293158e-01 1.630281525069615378e-01 8.928001042368487183e-02 5.698905533128241219e-01
1.597830581996744770e-01 1.977547206785876255e-01 8.329888791563888617e-02 5.591633332060990114e-01
1.428971917829664762e-01 2.336619779544785724e-01 7.589729247288373726e-02 5.475435377896710198e-01
1.300489459914660750e-01 2.693839418088976867e-01 6.819293606565667021e-02 5.323741761339796374e-01
1.248291538163381342e-01 3.025706576437524609e-01 6.182913669087537756e-02 5.107710518490338192e-01
1.290485870262725321e-01 3.274485724585595725e-01 5.826593519104970170e-02 4.852369053241185060e-01
1.423538743579092214e-01 3.385143178618655324e-01 5.793369560011023267e-02 4.611981121801153050e-01
1.632819407080679242e-01 3.355059260792914722e-01 5.982274893312006930e-02 4.413893842795204581e-01
1.907661093816301612e-01 3.227147111362099197e-01 6.178340780117261288e-02 4.247357716809874728e-01
2.245706305821789650e-01 3.060560942186890121e-01 6.168537888011574322e-02 4.076878963190165850e-01
2.642310931901569182e-01 2.905494185235507620e-01 5.882417220668748753e-02 3.863953160796048669e-01
3.065631710161162982e-01 2.772258485708327669e-01 5.416338668817169411e-02 3.620475937248791021e-01
3.454144164886271962e-01 2.634281054687191426e-01 4.952048799574546717e-02 3.416369900469084508e-01
3.770946220186216502e-01 2.472032596830674445e-01 4.605270881223623436e-02 3.296494094860746848e-01
4.005509267497717185e-01 2.283603234238672230e-01 4.429094683399567578e-02 3.267978029923653827e-01
4.139268932296347181e-01 2.075954084885114626e-01 4.485327114662814030e-02 3.336244271352253321e-01
4.146453008027463638e-01 1.883800467964572012e-01 4.840746047627001586e-02 3.485671919245263983e-01
3.998144698948498110e-01 1.742398698830061043e-01 5.583248461568030008e-02 3.701131756064635625e-01
3.669151467167996450e-01 1.642841275292304948e-01 6.825286249346321221e-02 4.005478632605068978e-01
3.157775191087861533e-01 1.540437773552178202e-01 8.608483148026052634e-02 4.440938720557356945e-01
2.499394049635665360e-01 1.386646031632889353e-01 1.077246674454957892e-01 5.036713244276489476e-01
1.794741422477414694e-01 1.157066104958216074e-01 1.287712531700158369e-01 5.760479940864207116e-01
1.171929929007825971e-01 8.672243619118634450e-02 1.452205429527233249e-01 6.508640279553074004e-01
7.050105527566180585e-02 5.928504243224560349e-02 1.548586254898922931e-01 7.153552768022006791e-01
3.993621264520153674e-02 3.765223633990709418e-02 1.579350404745556713e-01 7.644765105403357186e-01
2.274082654774029280e-02 2.229454424137664384e-02 1.537363285087012532e-01 8.012283007021818726e-01
1.344665317676429703e-02 1.271444196670746402e-02 1.425935622410075265e-01 8.312453426155207437e-01
8.318452820218891555e-03 7.082695946963306344e-03 1.264328245690926333e-01 8.581660266637249901e-01
5.365362813005728967e-03 3.958781743214696142e-03 1.077383771001267782e-01 8.829374783436528817e-01
3.632216423203633339e-03 2.305706805267705196e-03 8.919556111041215818e-02 9.048665156611164218e-01
2.637508729189750462e-03 1.454551948655194221e-03 7.332821479646459140e-02 9.225797245256907031e-01
2.088406476793937781e-03 1.010021616772422033e-03 6.145764858240183870e-02 9.354439233240318119e-01
1.817019514277931017e-03 7.621127516223738345e-04 5.382840722771485564e-02 9.435924605063849002e-01
1.735266144169060002e-03 6.115299707246394300e-04 4.991218312170860733e-02 9.477410207633975014e-01
1.799237049320206745e-03 5.190304879862884992e-04 4.865621154978826829e-02 9.490255209129051517e-01
1.996930785478249776e-03 4.708524921364757340e-04 4.906536378884466393e-02 9.484668529335409382e-01
2.301314991819661173e-03 4.577823740391272016e-04 5.059576963761756863e-02 9.466451329965235306e-01
2.664628356982297070e-03 4.677803597360308914e-04 5.332040709052927874e-02 9.435471841927524084e-01
3.070725020506633561e-03 4.996232154901822679e-04 5.813281323877589335e-02 9.382968385252269394e-01
3.533983848152216518e-03 5.628280691672228652e-04 6.639118043983351092e-02 9.295120076428470268e-01
4.022176114173557464e-03 6.674329789729054833e-04 7.883920818941830833e-02 9.164711827174349956e-01
4.429727592839009277e-03 8.116858469399018151e-04 9.470440469885260670e-02 9.000541818613687628e-01
4.626300742238294121e-03 9.592221254660025223e-04 1.115816863370624190e-01 8.828327907952332465e-01
4.561463119877072654e-03 1.056645936433168792e-03 1.277309806760700550e-01 8.666509102676197562e-01
4.294355108912377948e-03 1.083135223145796589e-03 1.437734759272430995e-01 8.508490337406987569e-01
3.926164309796265246e-03 1.048351671161524244e-03 1.615840309707306244e-01 8.334414530483118533e-01
3.561728813281586289e-03 9.797114198460438617e-04 1.843416620807959150e-01 8.111168976860761992e-01
2.588001708962723094e-03 8.205384933652848205e-04 2.166856892582819383e-01 7.799057705393900308e-01
2.220777525265567754e-03 7.377747874334274506e-04 2.622870251021600652e-01 7.347544225851408983e-01
1.932193114022034237e-03 6.838793993043939959e-04 3.230181130070444162e-01 6.743658144796291776e-01
1.729091915967528263e-03 6.736654785598340626e-04 3.978692590354849790e-01 5.997279835699876882e-01
1.605434200141911709e-03 7.090826255883188713e-04 4.837223534095000388e-01 5.139631297647698771e-01
1.549002141808572758e-03 7.839751695046135935e-04 5.750429065439629506e-01 4.226241161447243377e-01
1.930337535461441965e-03 9.200053797665104461e-04 6.644754085784391195e-01 3.326742485063328703e-01
1.676146829592495930e-03 9.640330695037135390e-04 7.472395986147327696e-01 2.501202214861713569e-01
1.502347614020465997e-03 9.969911349726734689e-04 8.184808926493011283e-01 1.790197686017059586e-01
1.404466011579686476e-03 1.073498764747911685e-03 8.724950505917302701e-01 1.250269846319423672e-01
1.736635385763510373e-03 1.243538819067634875e-03 9.086348410797417952e-01 8.838498471542692581e-02
1.561132478683598850e-03 1.505704377547113218e-03 9.320153274585185610e-01 6.491783568525084924e-02
1.624892100878068011e-03 1.996751414395570978e-03 9.459605054607388430e-01 5.041785102398763097e-02
1.885401651533040717e-03 2.802556794886535817e-03 9.534058892310447453e-01 4.190615232253564609e-02
2.337147070907107365e-03 4.004144314781523176e-03 9.566241873347508529e-01 3.703452127956049361e-02
2.998664389602149864e-03 5.621711159508244009e-03 9.573122719793324409e-01 3.406735247155726759e-02
4.624387074541958312e-03 7.790829403365648158e-03 9.551021644364086072e-01 3.248261908568390866e-02
5.890079435325273546e-03 1.032575133449132460e-02 9.516917196724136163e-01 3.209244955776983932e-02
7.132176959904740383e-03 1.306146990954740184e-02 9.476099742725534458e-01 3.219637885799411098e-02
8.194369256490785167e-03 1.573295717767653201e-02 9.438574283855528657e-01 3.221524518027969741e-02
9.036555688638547162e-03 1.824089917793530330e-02 9.407532611497095854e-01 3.196928398371629704e-02
9.741230042932539496e-03 2.057288934213228129e-02 9.380389159698520052e-01 3.164696464508335444e-02
1.051356304486787685e-02 2.297340314515970011e-02 9.345249835091590240e-01 3.198805030081355860e-02
1.138940511863233140e-02 2.537686348026882768e-02 9.300534069961639005e-01 3.318032440493511731e-02
1.206517910797092440e-02 2.706088821954108839e-02 9.262813976232712188e-01 3.459253504921669387e-02
1.212389538120968620e-02 2.746603344447003450e-02 9.242554386115691134e-01 3.615463256275085191e-02
