7.557257319207391077e-01 1.868115036750052360e-02 8.331871909043577634e-03 2.172612458027168292e-01
4.757834288286583863e-02 1.586134013651768482e-01 3.178522000745310216e-01 4.759560556774267148e-01
4.946329579396151199e-02 1.663037148092819661e-01 3.190593593026818664e-01 4.651736300940748081e-01
5.134451997382846744e-02 1.692733332543074620e-01 3.121722923801834582e-01 4.672098543916806124e-01
5.300304108576352896e-02 1.657788887921342325e-01 3.000690089838988217e-01 4.811490611382032712e-01
5.449057241437634674e-02 1.576024268978885590e-01 2.880906547828703257e-01 4.998163459048645674e-01
5.598708868251674187e-02 1.496790785108594035e-01 2.834006777570329816e-01 5.109331550495905816e-01
5.777265809603653740e-02 1.476568376024650353e-01 2.910140379166872293e-01 5.035564663848109968e-01
5.989187479724017438e-02 1.542678794765123540e-01 3.104643723453248683e-01 4.753758733809227421e-01
6.183779729904439332e-02 1.674570326004226062e-01 3.366632520044176569e-01 4.340419180961156420e-01
6.327870610119872008e-02 1.842853760177872169e-01 3.637140334275803522e-01 3.887218844534334750e-01
6.433906835130237534e-02 2.038152687592303947e-01 3.864312547240280615e-01 3.454144081654392240e-01
6.520970313455314027e-02 2.245990659649119703e-01 4.005267022902717078e-01 3.096645286102632233e-01
6.553683383095292025e-02 2.436621427472240031e-01 4.057929477253302553e-01 2.850080756964926687e-01
6.712006650353674608e-02 2.608260853703064375e-01 4.018316195794025547e-01 2.702222285467542062e-01
6.905191845107611082e-02 2.758949113416886423e-01 3.924660871690842101e-01 2.625870830381510923e-01
7.258976565707331297e-02 2.898284471716587318e-01 3.775251644812384622e-01 2.600566226900294931e-01
7.855684159157566571e-02 3.026339402267048673e-01 3.579431457085441304e-01 2.608660724731754477e-01
8.684552285114433001e-02 3.122439819733263677e-01 3.377458486023439121e-01 2.631646465731853901e-01
9.607065839834429133e-02 3.158239198722772034e-01 3.216849403422015197e-01 2.664204813871772215e-01
1.041531555519013691e-01 3.110236088618918426e-01 3.118976454108945418e-01 2.729255901753124269e-01
1.093574968158013277e-01 2.970403853876363298e-01 3.084179805972710464e-01 2.851841371992913654e-01
1.114070249446973554e-01 2.749316768319204907e-01 3.108948261701171001e-01 3.027664720532649567e-01
1.114375219579815390e-01 2.466982055326926992e-01 3.190525489296716644e-01 3.228117235796544304e-01
1.121059873242405969e-01 2.183138548481397823e-01 3.285511718716278007e-01 3.410289859559916259e-01
1.170746844219682226e-01 1.962288163608668645e-01 3.336609931371449234e-01 3.530355060800199896e-01
1.301749098357038448e-01 1.815667587575424402e-01 3.322346004117033846e-01 3.560237309950503026e-01
1.557640243476234865e-01 1.732394773706152080e-01 3.226434619851868968e-01 3.483530362965738814e-01
1.981278829197748170e-01 1.693172289916212436e-01 3.025782419904790022e-01 3.299766460981253258e-01
2.581346475834678245e-01 1.665619210025982566e-01 2.715292920151347600e-01 3.037741393987994365e-01
3.316040437117929174e-01 1.618756923583350993e-01 2.324256319673063120e-01 2.740946319625656158e-01
4.120754260849344153e-01 1.544718836436205500e-01 1.900424613387037553e-01 2.434102289327413071e-01
4.919187041006423677e-01 1.458638411390272838e-01 1.499360018220195767e-01 2.122814529383107718e-01
5.630319607097816759e-01 1.383088169018506508e-01 1.166213766930310758e-01 1.820378456953363477e-01
6.211289321622194270e-01 1.326535082907876750e-01 9.135926489534297590e-02 1.548582946516496028e-01
6.689502637033913901e-01 1.272990305474213657e-01 7.266164023913775083e-02 1.310890655100498126e-01
7.130386962368878701e-01 1.195007881042044195e-01 5.803210954085770423e-02 1.094284061180502698e-01
7.565404253628732478e-01 1.082134338465485096e-01 4.630210935788110077e-02 8.894403143269723200e-02
8.015461181487244513e-01 9.384123692429277575e-02 3.531714621081615685e-02 6.929549871616641488e-02
8.421932763944685041e-01 7.907322457032653351e-02 2.666856040070320066e-02 5.206493863450193521e-02
8.733366259700349188e-01 6.673357947838982895e-02 2.100378980618219579e-02 3.892600474539283095e-02
8.917762570935987565e-01 5.921888436271749434e-02 1.836071217327658184e-02 3.064414637040713610e-02
8.975566988476498809e-01 5.761713532803413446e-02 1.838459732886630477e-02 2.644156849544957583e-02
8.935473989573907705e-01 6.139366483896802063e-02 2.057328023112448001e-02 2.448565597251657275e-02
8.817255888004507103e-01 7.010911378325125620e-02 2.485302783621970088e-02 2.331226958007863448e-02
8.606360852999888067e-01 8.486808295308533034e-02 3.197020737010607128e-02 2.252562437681984026e-02
8.291984372012238813e-01 1.063525326129760862e-01 4.252499075275070761e-02 2.192403943304940817e-02
7.872263604703571005e-01 1.342955515057880356e-01 5.698202069839156808e-02 2.149606732546346238e-02
7.345734707828392995e-01 1.682052740825085990e-01 7.583290261975565716e-02 2.138835251489645817e-02
6.705001080552256409e-01 2.087988091272626467e-01 9.911786111871388749e-02 2.158322169879782829e-02
5.948937675582303131e-01 2.576443022419284135e-01 1.257520251586726479e-01 2.170990504116847991e-02
5.093468930175429898e-01 3.164902596399382095e-01 1.530229325958256115e-01 2.113991474669324119e-02
4.161622302455748601e-01 3.860666053299435241e-01 1.782009394827160642e-01 1.957022494176545793e-02
3.245956371865853507e-01 4.586785889009223904e-01 1.995926052717179600e-01 1.713316864077457299e-02
2.475436379296899192e-01 5.218127755568384707e-01 2.164511743163812785e-01 1.419241219709045133e-02
1.887931092088461216e-01 5.706110780040080099e-01 2.292757362293162127e-01 1.132007655782975471e-02
1.465215528616116147e-01 6.050072977162643806e-01 2.394465589692572338e-01 9.024590452866765658e-03
1.132113046247768262e-01 6.299523555666974861e-01 2.491749929631313365e-01 7.661346845394430977e-03
8.829956850329293006e-02 6.455530725617913967e-01 2.588107902182562592e-01 7.336568716659419218e-03
7.158842828544306758e-02 6.532574582091816850e-01 2.671000636969832476e-01 8.054049808392360621e-03
6.060156456841647027e-02 6.598455368493479911e-01 2.700016244204561100e-01 9.551274161779194430e-03
5.159804531178727172e-02 6.748420881381670400e-01 2.621066661743159387e-01 1.145320037572955529e-02
4.317960192265329900e-02 7.004602145007040592e-01 2.429141130594190956e-01 1.344607051722367455e-02
3.567285020574276211e-02 7.316148741295133151e-01 2.174475865723305146e-01 1.526468909241333362e-02
2.945573228852813377e-02 7.638663155900928814e-01 1.899635653812441483e-01 1.671438674013520087e-02
2.464638673303239103e-02 7.972790884560952973e-01 1.604201771080879801e-01 1.765434770278412682e-02
2.155970321861207240e-02 8.306481466068684760e-01 1.295804234672400523e-01 1.821172670727896556e-02
2.078960171868112633e-02 8.572293797869976473e-01 1.030201525217259717e-01 1.896086597259510897e-02
2.267382252923155414e-02 8.734546836756039712e-01 8.357493100886051463e-02 2.029656278630347088e-02
2.854266642303206203e-02 8.773407316839759718e-01 7.145624818519487331e-02 2.266035370779694372e-02
3.916840420993227684e-02 8.706627696175226472e-01 6.406348601159513045e-02 2.610534016094976859e-02
5.750515018114872590e-02 8.513422553073352050e-01 6.057042206542664897e-02 3.058217244608976010e-02
1.691505639292784427e-02 1.373572410887163257e-03 9.651667083727891727e-01 1.654466282339572131e-02
4.522278530722915746e-01 2.701063478596404388e-01 8.522223178745619299e-02 1.924435672806117381e-01
4.073453312380092561e-01 3.357303803293616440e-01 8.393408600438076461e-02 1.729902024282485573e-01
3.423123494382005472e-01 4.168827756523648120e-01 8.394559623372384316e-02 1.568592786757105617e-01
2.678463725451259436e-01 5.040738907333305319e-01 8.447789872832787983e-02 1.436018379932157141e-01
2.027496486738560311e-01 5.774248262009679111e-01 8.537050533506311545e-02 1.344550197901129007e-01
1.587000093069547424e-01 6.214169381040526297e-01 8.765830880627301092e-02 1.322247437827196725e-01
1.349334713588856149e-01 6.324632789029868141e-01 9.258803123727972484e-02 1.400152185008478045e-01
1.253879609604359457e-01 6.130034223542331073e-01 1.004499351209668517e-01 1.611586815643643034e-01
1.231565130297986171e-01 5.690337220303953725e-01 1.097269360572991070e-01 1.980828288825065564e-01
1.220131258661220630e-01 5.090693190304212967e-01 1.176998457947352056e-01 2.512177093087209490e-01
1.186900528935450616e-01 4.410870514645566787e-01 1.214796785039707755e-01 3.187432171379276369e-01
1.130200875984641584e-01 3.706480182011068769e-01 1.192538508801901653e-01 3.970780433202385495e-01
1.053327099775496489e-01 3.026389931759002061e-01 1.112958979001493209e-01 4.807323989464009073e-01
9.578034234865920316e-02 2.426424092992028048e-01 1.000351012768665032e-01 5.615421470752715027e-01
8.577557310138710089e-02 1.964465071836169197e-01 8.908893191453466642e-02 6.286889878004610077e-01
7.766229053563145079e-02 1.665392047378559670e-01 8.149568221682347569e-02 6.743028225096890926e-01
7.301105848712968749e-02 1.512310109275819825e-01 7.866537031156331516e-02 6.970925602737250149e-01
7.252698610633925846e-02 1.475326242006089472e-01 8.075883012097481717e-02 6.991815595720768384e-01
7.643943411903676710e-02 1.532638193771723445e-01 8.729510014804105211e-02 6.830016463557497808e-01
8.404891749790820155e-02 1.677115719131337390e-01 9.748255295948614341e-02 6.507569576294718328e-01
9.281857424184948580e-02 1.909400977728026028e-01 1.100249974651257151e-01 6.062163305202222796e-01
9.845978144736350357e-02 2.182487409464521078e-01 1.212658558153406479e-01 5.620256217908438101e-01
9.796262466567821903e-02 2.398370980790608398e-01 1.287552496878151265e-01 5.334450275674460507e-01
9.224448275191686475e-02 2.497162853136771221e-01 1.342482989159357321e-01 5.237909330184706835e-01
8.456839115735488577e-02 2.485661298246316930e-01 1.397908915416854747e-01 5.270745874763278493e-01
7.622787849382051117e-02 2.375201541355790036e-01 1.472353042780862320e-01 5.390166630925143920e-01
6.680055478876947839e-02 2.165367040511145258e-01 1.585021615552566765e-01 5.581605796048594303e-01
5.640556957353164841e-02 1.873400615652417445e-01 1.744547036788581806e-01 5.817996651823683640e-01
4.718475005117741400e-02 1.527940146237753427e-01 1.949205294752237583e-01 6.051007058498237834e-01
3.911751008646135314e-02 1.197311699312278432e-01 2.161596048041688478e-01 6.249917151781420044e-01
3.265605590298078370e-02 9.087903261165829194e-02 2.364907610944395888e-01 6.399741503909214257e-01
2.727298952400117327e-02 6.794794023635936098e-02 2.536747477633747305e-01 6.511043224762648185e-01
2.252977515868294714e-02 5.100639691660909664e-02 2.651801283078321081e-01 6.612836996168757198e-01
1.804019104384427599e-02 3.886869665022156528e-02 2.694351484910359473e-01 6.736559638148981177e-01
1.505403642121648337e-02 3.040996469228448434e-02 2.667036061041444528e-01 6.878323927823546402e-01
1.334959721630337749e-02 2.524443164771880688e-02 2.611412776834169391e-01 7.002646934525609268e-01
1.319265867682794385e-02 2.348566916773603408e-02 2.587564966571075931e-01 7.045651754983284221e-01
1.451922626413380130e-02 2.524946773594387295e-02 2.634741550114974018e-01 6.967571509884248337e-01
1.692398453202657860e-02 3.060577033338765518e-02 2.752552949450993713e-01 6.772149501894862977e-01
1.967993928010313906e-02 3.970892801410872558e-02 2.903818032109197200e-01 6.502293294948684466e-01
2.222604137296015428e-02 5.283044140850863546e-02 3.041904798895662676e-01 6.207530373289651404e-01
2.535614265095234923e-02 6.996830290118617734e-02 3.149914507865116398e-01 5.896841036613498233e-01
2.819705620457419945e-02 9.104737140646010363e-02 3.239466668704032992e-01 5.568089055185622138e-01
3.098021514173002894e-02 1.157955737091294485e-01 3.296716610364263111e-01 5.235525501127141768e-01
3.319372172617859190e-02 1.432967090409221766e-01 3.300267589994784756e-01 4.934828102334206656e-01
3.455399328414881371e-02 1.720610535365166838e-01 3.238744719819084406e-01 4.695104811974257775e-01
3.471110611829361647e-02 2.020200539823077401e-01 3.113233398338928759e-01 4.519455000655055454e-01
3.532618695164312095e-02 2.291850086053306146e-01 2.970869440449546151e-01 4.384018603980714968e-01
3.610896489037834778e-02 2.514151272584127517e-01 2.850244582714230313e-01 4.274514495797860358e-01
3.689567599673305998e-02 2.649079925491481524e-01 2.779174492763401561e-01 4.202788821777785899e-01
3.762673169258266143e-02 2.646752334734556178e-01 2.764191695896542900e-01 4.212788652443077431e-01
3.890477898433868098e-02 2.468815888390907265e-01 2.796672751635407850e-01 4.345463570130298492e-01
4.199641825614015139e-02 2.135116320216033370e-01 2.859692059899511252e-01 4.585227437323055599e-01
4.844993926057513528e-02 1.718567577029357918e-01 2.923480316714474059e-01 4.873452713650418544e-01
5.653377693194278769e-02 1.344056704212370223e-01 2.933303592634576851e-01 5.157301933833627894e-01
6.517174698144918843e-02 1.046359568467364609e-01 2.874341227744353633e-01 5.427581733973787514e-01
7.157282953656908531e-02 8.217011487679851123e-02 2.748071807171769132e-01 5.714498748694548658e-01
7.224433698106878798e-02 6.568204016608922280e-02 2.581594262530694239e-01 6.039141965997723016e-01
6.798733228047552923e-02 5.193484293236692861e-02 2.409773009312711212e-01 6.391005238558864487e-01
5.962045399605470780e-02 4.055226816746265034e-02 2.250566006222599613e-01 6.747706772142227916e-01
5.003404671936811238e-02 3.135180149367455815e-02 2.108255673806557762e-01 7.077885844063013243e-01
4.163458018446871550e-02 2.460095412860998851e-02 1.989186156061563404e-01 7.348458500807648619e-01
3.528551756438028097e-02 2.007292101164944581e-02 1.887289032718862114e-01 7.559126581520839716e-01
3.095790785474420576e-02 1.701226252443207784e-02 1.788385076466122714e-01 7.731913219742114762e-01
2.820471452053777139e-02 1.469154538851082797e-02 1.697415012250158839e-01 7.873622388659355931e-01
2.636746891749241345e-02 1.296379711626787119e-02 1.644573112598977371e-01 7.962114227063420424e-01
2.448561541801628355e-02 1.190707920054003867e-02 1.650516496287620094e-01 7.985556557526816146e-01
2.147720228822787292e-02 1.096987016432498553e-02 1.681837072453902238e-01 7.993692203020567044e-01
1.749470102306470085e-02 9.699757056920301629e-03 1.693471109072848813e-01 8.034584310127297346e-01
1.381383225422117868e-02 8.329265995744905560e-03 1.673968475528632427e-01 8.104600541971704875e-01
1.119387345942244281e-02 7.199054212417559107e-03 1.638806307685541919e-01 8.177264415596057212e-01
8.629011117122791230e-01 5.331369165801674165e-02 7.532629060520254494e-02 8.458906024501942553e-03
3.812927618896663762e-01 3.482802585721779254e-01 1.622257444099701462e-01 1.082012351281853163e-01
3.382279402072491115e-01 3.814805328835297327e-01 1.888221094185214277e-01 9.146941749069949223e-02
3.090715337386248374e-01 3.956292468564595599e-01 2.151581518123485137e-01 8.014106759256715840e-02
2.898759513239362873e-01 3.966846228503054239e-01 2.399193088827547282e-01 7.352011694300344957e-02
2.847105279696706681e-01 3.850415520151696525e-01 2.593376605775755128e-01 7.091025943758388905e-02
2.872900359434360507e-01 3.713677947335084495e-01 2.695560433082496710e-01 7.178612601480555133e-02
2.963566640615336034e-01 3.589749146695396798e-01 2.691624617213882464e-01 7.550595954753831773e-02
3.080438087410031223e-01 3.517684610926584132e-01 2.594608691568855985e-01 8.072686100945265786e-02
3.180717747477297963e-01 3.528826035282728313e-01 2.442775175760960593e-01 8.476810414790179882e-02
3.187360903118297006e-01 3.662629897201403750e-01 2.290599042782410222e-01 8.594101568978894379e-02
3.069562974446984338e-01 3.883699202949042473e-01 2.189438209766515209e-01 8.572996128374558988e-02
2.835551132207956293e-01 4.163471344836884858e-01 2.135770141274875855e-01 8.652073816802835493e-02
2.534154662510560985e-01 4.449920873238908392e-01 2.111791147631958687e-01 9.041333166185726300e-02
2.260327084247670815e-01 4.672038557503169764e-01 2.080143927254881342e-01 9.874904309942778013e-02
2.025827872725340928e-01 4.829876831882055077e-01 2.032858476972068951e-01 1.111436818420539624e-01
1.840029586776422976e-01 4.947671887932506007e-01 1.969406113101037636e-01 1.242892412190033519e-01
1.704430732698596351e-01 5.040722271582321889e-01 1.917913938321179901e-01 1.336933057397905189e-01
1.614659674200984718e-01 5.092733833569407231e-01 1.920169328557509714e-01 1.372437163672099725e-01
1.561578416846924056e-01 5.090372104483738003e-01 1.982772433016594671e-01 1.365277045652742716e-01
1.527018907200080322e-01 5.067737863114710750e-01 2.055828554439635691e-01 1.349414675245574902e-01
1.503337940877881307e-01 5.055469948167727878e-01 2.084273613301689809e-01 1.356918497652702393e-01
1.505163597913344309e-01 5.024628524489336279e-01 2.062094266997596681e-01 1.408113610599726062e-01
1.563083001734750510e-01 4.887252359953286329e-01 2.022300498677608582e-01 1.527364139634356799e-01
1.713731388907161479e-01 4.557163667132299034e-01 1.992326983100701498e-01 1.736777960859839931e-01
1.980577753756618820e-01 4.023506516997699678e-01 1.967085494988626282e-01 2.028830234257055221e-01
2.373664431464700408e-01 3.364272314281090970e-01 1.921520618620925214e-01 2.340542635633284241e-01
2.918307113937341768e-01 2.693183871210111935e-01 1.833655663975308492e-01 2.554853350877234752e-01
3.591814513731062530e-01 2.139683865027534604e-01 1.724940896619026054e-01 2.543560724622379032e-01
4.413928631474488551e-01 1.726099661759468717e-01 1.594284256877646633e-01 2.265687449888397487e-01
5.237192700935311418e-01 1.441775430104685618e-01 1.489025953969139449e-01 1.832005914990864071e-01
5.882051551558473701e-01 1.282181896534201893e-01 1.421001274230621891e-01 1.414765277676703903e-01
6.221947152807746351e-01 1.251057305137589226e-01 1.413027652178351079e-01 1.113967889876313205e-01
6.329786844970629600e-01 1.316818317693257967e-01 1.424267729415637507e-01 9.291271079204707628e-02
6.178267986667345113e-01 1.509765871968078432e-01 1.485136276815947065e-01 8.268298645486296672e-02
5.738314638306627469e-01 1.863012169247760530e-01 1.628605324587748260e-01 7.700678678578658232e-02
4.934872099589537875e-01 2.430373530075085886e-01 1.893933106218528839e-01 7.408212641168455959e-02
3.877194873292112987e-01 3.167804974352661507e-01 2.231665109312038764e-01 7.233350430431832734e-02
2.791921525263835191e-01 3.948559662821461425e-01 2.557089402765761466e-01 7.024294091489448333e-02
1.886387862776522095e-01 4.641401584149682513e-01 2.811477207354197150e-01 6.607333457195989357e-02
1.268555843024061491e-01 5.192761724180903204e-01 2.948411049099419756e-01 5.902713836956142296e-02
8.885822845765226075e-02 5.629902909106837550e-01 2.973624702942051501e-01 5.078901033745866767e-02
6.562638422939680305e-02 5.976337085152055861e-01 2.929026070058597941e-01 4.383730024953796239e-02
5.073547767449093637e-02 6.261767570534892968e-01 2.836831491876254385e-01 3.940461608439419644e-02
4.052408432406867655e-02 6.544589300050597247e-01 2.675947293159826601e-01 3.742225635488925783e-02
3.335915033187966672e-02 6.877338140485887985e-01 2.415901213812343684e-01 3.731691423829719412e-02
2.907032233806649754e-02 7.222540611370309449e-01 2.101130615127263235e-01 3.856255501217623061e-02
2.779818467272466773e-02 7.492354215464303024e-01 1.827673268625790437e-01 4.019906691826575368e-02
2.970773900676567172e-02 7.635386231208055596e-01 1.655032834122439900e-01 4.125035446018501112e-02
3.536710377940097128e-02 7.647918555609142244e-01 1.579171937666922210e-01 4.192384689299265277e-02
4.565813500303882166e-02 7.555605565256094946e-01 1.553185021147869826e-01 4.346280635656470104e-02
6.107080218756749668e-02 7.390584778358914031e-01 1.527725185145871190e-01 4.709820146195390494e-02
8.538422158636248260e-02 7.081240083323685486e-01 1.514840859428077946e-01 5.500768413846131993e-02
1.213519563837243270e-01 6.631595017256139979e-01 1.478942792932489703e-01 6.759426259741276033e-02
1.712237819656709514e-01 6.030191729628441299e-01 1.418621118244981771e-01 8.389493324698675536e-02
2.263223888076487944e-01 5.371438849923697578e-01 1.345121961263608668e-01 1.020215300736203312e-01
2.711969647405231831e-01 4.804583381503336192e-01 1.285612566770068521e-01 1.197834404321365259e-01
2.993805243944336336e-01 4.395550778571384876e-01 1.259633823141840248e-01 1.351010154342440761e-01
3.172879233331704074e-01 4.090767210712724089e-01 1.271854779499996813e-01 1.464498776455574469e-01
3.385238703114096803e-01 3.767377354483933405e-01 1.317732394771044258e-01 1.529651547630922759e-01
3.779014553604810867e-01 3.307381750183804869e-01 1.375074728983898820e-01 1.538528967227483224e-01
4.418731211003930071e-01 2.693448953879392094e-01 1.395852887433400302e-01 1.491966947683276978e-01
5.137060045390815510e-01 2.083801975026303710e-01 1.358163355101081604e-01 1.420974624481797233e-01
5.803001762550820120e-01 1.570131230739233441e-01 1.245147213717832102e-01 1.381719792992120721e-01
6.234623016042416532e-01 1.208568517741311910e-01 1.115920533658947694e-01 1.440887932557324558e-01
6.332328953905239644e-01 9.908827010399533231e-02 1.017252871322910646e-01 1.659535473731894306e-01
6.058094970232835719e-01 8.857313036201512613e-02 9.823310327702583500e-02 2.073842693376754254e-01
5.597421472620214278e-01 8.222271164283651013e-02 9.864570326578378512e-02 2.593894378293579717e-01
5.254848842035274581e-01 7.342194158893285139e-02 9.848808658305370500e-02 3.026050876244860133e-01
5.164608854076720990e-01 6.136979890921216707e-02 9.658243094012994301e-02 3.255868847429858048e-01
5.295407483574574581e-01 4.824655773462518948e-02 9.354499055762449666e-02 3.286677033502925505e-01
5.571431690654028435e-01 3.600579530507926063e-02 8.970127713174917694e-02 3.171497584977686635e-01
4.173443865433029698e-02 8.129566785924485783e-01 1.050567214465191884e-01 4.025216130670187381e-02
7.826337493915711332e-03 9.464478556741775517e-01 3.910842513960737649e-02 6.617381692299137592e-03
6.710190385074875190e-03 9.456558974434974285e-01 4.206880401856211149e-02 5.565108152865537970e-03
6.439278863894067062e-03 9.406713478588801802e-01 4.749248043129730701e-02 5.396892845928208046e-03
6.639609999852977631e-03 9.319387952209013948e-01 5.562169133016521549e-02 5.799903449080175306e-03
7.198835529737593851e-03 9.197918717990537507e-01 6.636597887636737358e-02 6.643313794841524712e-03
8.380182659785410243e-03 9.024933963510399781e-01 8.088106723961682731e-02 8.245353749558067061e-03
1.039436092331512407e-02 8.787441789580598961e-01 9.999122030590396060e-02 1.087023981272095159e-02
1.408503955798251668e-02 8.477695302536250033e-01 1.237130763982845355e-01 1.443235379010793934e-02
1.803937167278316447e-02 8.124783608329366746e-01 1.513442002354057903e-01 1.813806725887414165e-02
2.300341479533756645e-02 7.718490064424720076e-01 1.833431648628088551e-01 2.180441389938139046e-02
2.938321508130332591e-02 7.257921396225429644e-01 2.191675091057186664e-01 2.565713619043512653e-02
3.736392815889071073e-02 6.776287143606369856e-01 2.553265647477527822e-01 2.968079273271912594e-02
4.653523329489069049e-02 6.333191238697475356e-01 2.867660714386974785e-01 3.337957139666418438e-02
5.544589647630582263e-02 5.981100963293223272e-01 3.101297436609933844e-01 3.631426353337868090e-02
6.178411078064297707e-02 5.743950409710839589e-01 3.251587635489789352e-01 3.866208469929394848e-02
6.418824689264530925e-02 5.595275254513430996e-01 3.352971516294472321e-01 4.098707602656422727e-02
6.328650470533965511e-02 5.446214357629366454e-01 3.480909863148270444e-01 4.400107321689665507e-02
6.012150213237949653e-02 5.193263307414579533e-01 3.716125470257814478e-01 4.893962010038125504e-02
5.528546251511363280e-02 4.781080033709604882e-01 4.085769128872003830e-01 5.802962122672553763e-02
4.953320622748396546e-02 4.247840508173226781e-01 4.541581339412452678e-01 7.152460901394810944e-02
4.380735626017152884e-02 3.648700759247715530e-01 5.051982518902075059e-01 8.612431592484937060e-02
3.882026965956707210e-02 3.055593665875747655e-01 5.558479705233161372e-01 9.977239322954190026e-02
3.512003779274382176e-02 2.568664447603210554e-01 5.959969326811945800e-01 1.120165847657404179e-01
3.312338835139026771e-02 2.229712013827463424e-01 6.207033331387716846e-01 1.232020771270922604e-01
3.304736309659969673e-02 2.020727134829723437e-01 6.306625900809910146e-01 1.342173333394370283e-01
3.487348865176406743e-02 1.902377852566656258e-01 6.296118366943054268e-01 1.452768893972644915e-01
3.834404948087760667e-02 1.836648665489429288e-01 6.212805678716247781e-01 1.567105160985552137e-01
4.280481081057813109e-02 1.797015885905856869e-01 6.079106861504696147e-01 1.695829144483664563e-01
4.747082559139260277e-02 1.769669011279736970e-01 5.921353521785452934e-01 1.834269211020884693e-01
5.174695822747443774e-02 1.759316804082352026e-01 5.771107441832089568e-01 1.952106171810817359e-01
5.505886070304096686e-02 1.781029394877730321e-01 5.653428925190832066e-01 2.014953072901026487e-01
5.695195590763878213e-02 1.856292878967147064e-01 5.563631712244894167e-01 2.010555849711572751e-01
5.774844218164170567e-02 2.013687572095078371e-01 5.464213836638094346e-01 1.944614169450411267e-01
5.784547491822789045e-02 2.273829218751937387e-01 5.317416269466108680e-01 1.830299762599674473e-01
5.632334650823958566e-02 2.633091428549579893e-01 5.113361249519642326e-01 1.690313856848382756e-01
5.190245886695216831e-02 3.043672424273899391e-01 4.898245229711081228e-01 1.539057757345495825e-01
4.465431590841485027e-02 3.436049978340653954e-01 4.740833595648850651e-01 1.376573266926348627e-01
3.597071039466063352e-02 3.751610961114443810e-01 4.673604820773747948e-01 1.215077114165200867e-01
2.758952151227923519e-02 3.953130849221249687e-01 4.694966359698913849e-01 1.076007575957044077e-01
2.063962935862141343e-02 4.054748066178441857e-01 4.764602498704291755e-01 9.742531415310516640e-02
1.543371188991794242e-02 4.153997221605086332e-01 4.783510644231102060e-01 9.081550152646308827e-02
1.156920486418960663e-02 4.365013567357583502e-01 4.666107931039130685e-01 8.531864529613911174e-02
8.504364963667162061e-03 4.733046192816766085e-01 4.408004175197728358e-01 7.739059823488329826e-02
6.065773048963611809e-03 5.226051372054644206e-01 4.056222258438849648e-01 6.570686390168695157e-02
4.286433256500288107e-03 5.753577875457449586e-01 3.679200398181448062e-01 5.243573937961005377e-02
3.137916606001643106e-03 6.221295789368938012e-01 3.339094630034699085e-01 4.082304145363452319e-02
2.476932810941294850e-03 6.563605401622728541e-01 3.087153740495100496e-01 3.244715297727571168e-02
2.107587890230668004e-03 6.729196574559274113e-01 2.979262664423396045e-01 2.704648821150182347e-02
1.895515489175540313e-03 6.673456694592710958e-01 3.068514876730296659e-01 2.390732737852366979e-02
1.769282521036365588e-03 6.354717076422253808e-01 3.403073497855647611e-01 2.245166005117349081e-02
1.679280897587339099e-03 5.772417474814273142e-01 3.990704535571117928e-01 2.200851806387330023e-02
1.623049618217825346e-03 5.067914478580493043e-01 4.696550565885148076e-01 2.193044593521817701e-02
1.610250266909778270e-03 4.449024046875325045e-01 5.319380683204064653e-01 2.154927672515131315e-02
1.641252755364987735e-03 3.992070465309131566e-01 5.787495576625113491e-01 2.040214305121065830e-02
1.724369714246167321e-03 3.621555999602368847e-01 6.172627772279041247e-01 1.885725309761230109e-02
1.820609010629541460e-03 3.207730729048386409e-01 6.600639920050296316e-01 1.734232607950213917e-02
1.871850149437933588e-03 2.699090363165049244e-01 7.122297670141026771e-01 1.598934651995413680e-02
1.861534674071931928e-03 2.160870480333806076e-01 7.669445594757232643e-01 1.510685781682421375e-02
1.816086234994037426e-03 1.678928141535150909e-01 8.149781664117128344e-01 1.531293319977819131e-02
1.782181487843681553e-03 1.292342794884889512e-01 8.515505280370415653e-01 1.743301098662588741e-02
1.809064996363078616e-03 9.901102956661804455e-02 8.765344775185390791e-01 2.264542791847938899e-02
1.954271148788868425e-03 7.500640936842171980e-02 8.899494439483408570e-01 3.308987553444838609e-02
2.293107265537886776e-03 5.681849678206231380e-02 8.883937882370243067e-01 5.249460771537550752e-02
2.924469343159473780e-03 4.434702941142089350e-02 8.675457786654637848e-01 8.518272257995603003e-02
3.732359059180413805e-03 3.504316108759625986e-02 8.282755883739388869e-01 1.329488914792843479e-01
6.118686694638757889e-03 3.022021237226089896e-02 7.688891809523067389e-01 1.947719199807937673e-01
1.012732815991779917e-02 2.700093501886586742e-02 6.989974018491476038e-01 2.638743349720688025e-01
1.779076574837042124e-02 2.544596307128196150e-02 6.253154168508657795e-01 3.314478543294818724e-01
3.063285070499223439e-02 2.517056914827990252e-02 5.526750660131106718e-01 3.915215141336171323e-01
4.885872469553319275e-02 2.537005742945495218e-02 4.853123355440133735e-01 4.404588823309986134e-01
7.263931002098909795e-02 2.503292629286033716e-02 4.242857327487799535e-01 4.780420309373705767e-01
3.639008867284975173e-03 7.071580091345547325e-01 1.658386820402413531e-01 1.233642999579186716e-01
2.382592484304353348e-03 7.568717521755052857e-01 1.606461357811766466e-01 8.009951955901396803e-02
1.534597813197368342e-03 7.880318282333653723e-01 1.618243690315089578e-01 4.860920492192840475e-02
1.109508678371089055e-03 7.926086125455685805e-01 1.779142724936214337e-01 2.836760628243907567e-02
6.190507503318544869e-04 7.651834389846519091e-01 2.175954707925033260e-01 1.660203947251290280e-02
4.555085719786775597e-04 7.044365557757473750e-01 2.848600374908145105e-01 1.024789816145924362e-02
3.679860588129171524e-04 6.178117517491140687e-01 3.748885476782931048e-01 6.931714513779917326e-03
3.330513261869894807e-04 5.283704871770845690e-01 4.660349323617877237e-01 5.261529134940609934e-03
3.343039186398046210e-04 4.659194887831724641e-01 5.291158261261450502e-01 4.630381172042340697e-03
3.636243031232065485e-04 4.398938691694905812e-01 5.548801256129070048e-01 4.862380914479547990e-03
4.203731785867532230e-04 4.395402627275031282e-01 5.540790312378035543e-01 5.960332856106654795e-03
5.289638126298628392e-04 4.611289989431157088e-01 5.298523220302348014e-01 8.489715214019451575e-03
7.473399893765392136e-04 5.000816948732939027e-01 4.854221446829429798e-01 1.374882045438653895e-02
1.181369217684198831e-03 5.356332464213493516e-01 4.391281115659751433e-01 2.405727279499151119e-02
2.023185141464548670e-03 5.419808697048299484e-01 4.125069290403566291e-01 4.348901611334868994e-02
3.477007224193525564e-03 5.059478187394581550e-01 4.136359185384969051e-01 7.693925549785136930e-02
5.585066084694547024e-03 4.302504290324065672e-01 4.352490674423035166e-01 1.289154374405953318e-01
8.070327343878093071e-03 3.289729775565519709e-01 4.590298567947822539e-01 2.039268383047876665e-01
1.023968505771341575e-02 2.247246941086416538e-01 4.626621654862698163e-01 3.023734553473751419e-01
1.130274728579508739e-02 1.392201905232128833e-01 4.407937763967874067e-01 4.086832857942048758e-01
1.115065247799336759e-02 8.239025324723958654e-02 4.095466557303932831e-01 4.969124385443739467e-01
1.056889639648125705e-02 5.021457825252689799e-02 3.819664551561194887e-01 5.572500701948722712e-01
1.008223061668524385e-02 3.279303957446088463e-02 3.577443348895056885e-01 5.993803949193481362e-01
7.103740793341214999e-02 1.489863204478417136e-01 5.512925657284148406e-02 7.248470150459045414e-01
6.847291660753278275e-02 1.799591189142326908e-01 6.431177328210974098e-02 6.872561911961243553e-01
6.897272361769625493e-02 2.091115864923621948e-01 7.358591091182470345e-02 6.483297789781166109e-01
7.309547537226514236e-02 2.306420643864464937e-01 8.180420560089111948e-02 6.144582546403971612e-01
8.090797203000438254e-02 2.395919593331591879e-01 8.815050505180853369e-02 5.913495635850279930e-01
9.167584005470305608e-02 2.359244791841150213e-01 9.204280506049394850e-02 5.803568757006878354e-01
1.036613304416301173e-01 2.237095933628636402e-01 9.353599357209746445e-02 5.790930826234088613e-01
1.146081901035220230e-01 2.066150624801783298e-01 9.328796857051768754e-02 5.854887788457817654e-01
1.226041006650181037e-01 1.852506582387202505e-01 9.162565984814920184e-02 6.005195812481124440e-01
1.256710123470258234e-01 1.594540426110516718e-01 8.810311138484502869e-02 6.267718336570775595e-01
1.208938393669642675e-01 1.322658970440096227e-01 8.265594334180069447e-02 6.641843202472251795e-01
1.072784167730855276e-01 1.091006305798032511e-01 7.661321333349235818e-02 7.070077393136183774e-01
8.956433679874295506e-02 9.557953048990966427e-02 7.226567952576536114e-02 7.425904531855821444e-01
7.544937521479481990e-02 9.521233861051089931e-02 6.978394984523940414e-02 7.595543363294550154e-01
6.685550705764220503e-02 1.093890319710356801e-01 6.805396875040246873e-02 7.557014922209195351e-01
6.069598468842739986e-02 1.373407609720258826e-01 6.588258790083938166e-02 7.360806664387071763e-01
5.397464539366240294e-02 1.769152601928888069e-01 6.212081904129072157e-02 7.069892753721582768e-01
4.553307191977088580e-02 2.246279856392979779e-01 5.644443502737288287e-02 6.733945074135581077e-01
3.641016458102577791e-02 2.765775004400926051e-01 4.962831469876115981e-02 6.373840202801203114e-01
2.861607991319716979e-02 3.300916193333381377e-01 4.321016834639729298e-02 5.980821324070673128e-01
2.342209647113162319e-02 3.821141632067383553e-01 3.868093062714245134e-02 5.557828096949877228e-01
2.091549190221511298e-02 4.275585834950168529e-01 3.686428146612719114e-02 5.146616431366405342e-01
2.072971950910697247e-02 4.610240035288005189e-01 3.783836740005194765e-02 4.804079095620407136e-01
2.257780134661822521e-02 4.808220382498660239e-01 4.095805216730382531e-02 4.556421082362119845e-01
2.640810905014355503e-02 4.891592276961148622e-01 4.478235018192924799e-02 4.396503130718122376e-01
3.244030392845845268e-02 4.907644502669475384e-01 4.743743166175323767e-02 4.293578141428407435e-01
4.098263883495592563e-02 4.915758842323748601e-01 4.775988122290343585e-02 4.196815957097656535e-01
5.167408199240081795e-02 4.929849070798536514e-01 4.608552523045433835e-02 4.092554856972909771e-01
6.314661088322960636e-02 4.887822927487056046e-01 4.379655147081646521e-02 4.042745448972481226e-01
7.407092171596774133e-02 4.733462830970310287e-01 4.191454938686613868e-02 4.106682458001350011e-01
8.392907988338636771e-02 4.451264928904023477e-01 4.096301225817051972e-02 4.299814149680407649e-01
9.275599304876648576e-02 4.048555901119037514e-01 4.141741600615669178e-02 4.609710008331729392e-01
9.936754941892950166e-02 3.605559573158330089e-01 4.360526104543380188e-02 4.964712322198037708e-01
9.994101285987350147e-02 3.223254989368574130e-01 4.777364562358133587e-02 5.299598425796875345e-01
9.196184337345122972e-02 2.909708637970134792e-01 5.403895731563404525e-02 5.630283355139010792e-01
7.779648699567864867e-02 2.597547312885672977e-01 6.175856309711608150e-02 6.006902186186382497e-01
6.117690627477157667e-02 2.222349673366444955e-01 6.911998637690193459e-02 6.474681400116820695e-01
4.500580531150466523e-02 1.773068435620077377e-01 7.370569439952327773e-02 7.039816567269643333e-01
3.103306776439457640e-02 1.297532062248824003e-01 7.354088991250826157e-02 7.656728360982149040e-01
2.014459628078939246e-02 8.662784004067025645e-02 6.830885802939312690e-02 8.249187056491471548e-01
1.249246188962024884e-02 5.314395196818077344e-02 5.982601794576437870e-02 8.745375681964349113e-01
7.650045981700845897e-03 3.063241892818664713e-02 5.052196800596651938e-02 9.111955670841459520e-01
4.801706411696174751e-03 1.694010661727612249e-02 4.193351913582352153e-02 9.363246678352042940e-01
3.182769590949787591e-03 9.175005960936007815e-03 3.476506814289977154e-02 9.528771563052139681e-01
2.261061414128775950e-03 5.009569169716007915e-03 2.903082611561164095e-02 9.636985433005433865e-01
1.420127545097838373e-03 2.339056343517828714e-03 2.461716282249737722e-02 9.716236532888867794e-01
1.190489891086160676e-03 1.470545892552096653e-03 2.117562610976046061e-02 9.761633381066013859e-01
1.075797948475447786e-03 1.018015761659619642e-03 1.888685026976253539e-02 9.790193360201023820e-01
1.070384806345526553e-03 7.786610518524108649e-04 1.796309097770156307e-02 9.801878631641005590e-01
1.189878375371268690e-03 6.589108884649493621e-04 1.856377582848379656e-02 9.795874349076797438e-01
1.433798249599985879e-03 6.112625520551760987e-04 2.037409878435955668e-02 9.775808404139854080e-01
1.785344446983545136e-03 6.094082735874153944e-04 2.280183468092875088e-02 9.748034125985000076e-01
2.190625398555768547e-03 6.336305533589770651e-04 2.521790326283288725e-02 9.719578407852527135e-01
2.569532539010330966e-03 6.662208796896954650e-04 2.725939865824687433e-02 9.695048479230532479e-01
2.886054373006062112e-03 7.089637862988469510e-04 2.918742935477956074e-02 9.672175524859154550e-01
3.160290622522609044e-03 7.800165857609596149e-04 3.166869963853545522e-02 9.643909931531808866e-01
3.399277345334911302e-03 8.949344255514782862e-04 3.515999002810590163e-02 9.605457982010076057e-01
3.585335692658079589e-03 1.054842551254246740e-03 3.964549342965398293e-02 9.557143283264338818e-01
3.668976354592149054e-03 1.224310549066985393e-03 4.435722096773948853e-02 9.507494921286012701e-01
3.776752793890986778e-03 8.191747442678126235e-04 4.871621638272349841e-02 9.466878560791177621e-01
3.422785540918198924e-03 7.865997702701985582e-04 5.288730095626317101e-02 9.429033137325483205e-01
3.043351050389794029e-03 7.265752625161552188e-04 5.779436274908171522e-02 9.384357109380121464e-01
2.704653129886642679e-03 6.613628715212354703e-04 6.455997112383723979e-02 9.320740128747551090e-01
2.431617335823409946e-03 6.094537647531695712e-04 7.426046063983775258e-02 9.226984682595855691e-01
2.228373885108787551e-03 5.815803632055317838e-04 8.748513677946415101e-02 9.097049089722213377e-01
2.126101746573922074e-03 5.955245581646056259e-04 1.048923797296032051e-01 8.923859939656577644e-01
2.179084923530634314e-03 6.820496655106304384e-04 1.283212650578006153e-01 8.688176003531580260e-01
1.828781067466145544e-03 8.033933213087594491e-04 1.621568622278203031e-01 8.352109633834049474e-01
2.060780892445706215e-03 1.130268880037181827e-03 2.130109672347762495e-01 7.837979829927408382e-01
2.470938558222853139e-03 1.677258478561883528e-03 2.877413324742722489e-01 7.081104704889428225e-01
2.993393998373759975e-03 2.449467507026035183e-03 3.904365899039141663e-01 6.041205485906858685e-01
3.519054201165378384e-03 3.434524934666704707e-03 5.188161027017845761e-01 4.742303181623837571e-01
4.377847905185866181e-03 4.758597857320220718e-03 6.509286366878507257e-01 3.399349175496433895e-01
4.450323075657730901e-03 6.407241413561798674e-03 7.594339024048157860e-01 2.297085331059645907e-01
5.263036287685860827e-03 8.195600445954071347e-03 8.337137776697821634e-01 1.528275855965778862e-01
5.201268322478967351e-03 1.180348894850923903e-02 8.788397019119459364e-01 1.041555408170656005e-01
5.757327544029925727e-03 1.624427312511540072e-02 9.027882025391085197e-01 7.521019679174614780e-02
6.461037592709207439e-03 2.250586915941442390e-02 9.124372418809912899e-01 5.859585136688529733e-02
7.376451409782705179e-03 3.107099299683858604e-02 9.125332924548140712e-01 4.901926313856459078e-02
8.576522897094514611e-03 4.275765114928201799e-02 9.048401665836075525e-01 4.382565937001579176e-02
9.986245621594141975e-03 5.778845488511227119e-02 8.907987101421628306e-01 4.142658935113088109e-02
1.138874851475932780e-02 7.471126932695004719e-02 8.736996641280786458e-01 4.020031803021190120e-02
1.266417987308627452e-02 9.250275868011653690e-02 8.554706688885228560e-01 3.936239255827452682e-02
1.379705616469079597e-02 1.114709521664606351e-01 8.359445928003195192e-01 3.878739886852915902e-02
1.485614716925205518e-02 1.324263041349845460e-01 8.142052198227306414e-01 3.851232887303251279e-02
1.599368673087768478e-02 1.562615439481364332e-01 7.888356156140752251e-01 3.890915370691084424e-02
1.708321186003158507e-02 1.823024514090308412e-01 7.607693836460884818e-01 3.984495308484890808e-02
1.763440970792850768e-02 2.084245673876584382e-01 7.334002145738551803e-01 4.054080833055778710e-02
1.698170802349624822e-02 2.321036720974996026e-01 7.100189367622083969e-01 4.089568311679569329e-02
