8.218954550670934944e-01 2.061229879469394372e-02 5.073913531095057897e-03 1.524183326071171241e-01
5.915591022368286295e-02 5.770940555863762061e-02 5.839785200283910127e-01 2.991561641892884205e-01
6.371758633123122961e-02 6.528608056632542733e-02 5.892716360326618608e-01 2.817246970697816488e-01
6.711885005835789564e-02 7.241252681460018381e-02 5.844980871646124898e-01 2.759705359624292642e-01
6.920898227554042603e-02 7.808809498878022115e-02 5.699898407274724965e-01 2.827130820082064400e-01
7.047731979657791135e-02 8.227241589255873677e-02 5.495848069104937172e-01 2.976654574003695375e-01
7.141435887960514983e-02 8.634587204348849465e-02 5.313497078538220730e-01 3.108900612230839910e-01
7.247104591324836365e-02 9.291389352582146710e-02 5.223889864707136343e-01 3.122260740902166321e-01
7.381665621896414675e-02 1.036229233279409856e-01 5.252720926118534805e-01 2.972883278412415953e-01
7.494083690899239203e-02 1.173332745128965598e-01 5.382376583535956049e-01 2.694882302245154571e-01
7.539629499102949717e-02 1.323816431024557871e-01 5.558044938913934141e-01 2.364175680151211489e-01
7.513187614139787973e-02 1.488579428421745177e-01 5.710328663922989989e-01 2.049773146241288535e-01
7.411738460746193635e-02 1.674554197212259066e-01 5.782484228934197112e-01 1.801787727778925430e-01
7.237183658320806012e-02 1.883477902495207801e-01 5.756375261105338703e-01 1.636428470567372062e-01
7.042809508867374502e-02 2.121875037237047068e-01 5.637438789815221174e-01 1.536405222060991116e-01
6.832084525030142352e-02 2.407736077659004270e-01 5.426839125884654891e-01 1.482216343953325910e-01
6.831337473684273576e-02 2.724137642371206036e-01 5.127862277633511434e-01 1.464866332626852119e-01
7.070935168010875072e-02 3.043949742183247875e-01 4.773887310348039481e-01 1.475069430667623749e-01
7.624460881374087173e-02 3.305302826582915410e-01 4.438144328799980554e-01 1.494106756479696985e-01
8.224935715393046076e-02 3.478265752839329594e-01 4.191638175419399315e-01 1.507602500201964124e-01
8.753990094245600595e-02 3.543405568635699665e-01 4.052474417450507294e-01 1.528721004489231039e-01
9.076977118333298677e-02 3.502701028424834440e-01 4.007122704914541367e-01 1.582478554827292661e-01
9.175651308162509345e-02 3.360308238578806894e-01 4.044793614229406087e-01 1.677333016375539554e-01
9.171070761101939028e-02 3.112168903841837087e-01 4.164930942020820259e-01 1.805793078027149445e-01
9.336916237287767872e-02 2.806210213634291462e-01 4.310348539063175166e-01 1.949749623573758806e-01
9.954704130298883125e-02 2.538000906836571091e-01 4.392301577596661177e-01 2.074227102536875811e-01
1.125941438983222714e-01 2.352895422152993798e-01 4.373223539875777388e-01 2.147939598988004573e-01
1.357707075630544269e-01 2.242292023800749601e-01 4.243763119723707455e-01 2.156237780845000618e-01
1.732468911513352361e-01 2.178542801408486218e-01 3.992165646052219796e-01 2.096822641025938294e-01
2.269121354540677149e-01 2.132656950367732285e-01 3.619259794094017435e-01 1.978961900997570633e-01
2.942330832771327120e-01 2.087854071529891553e-01 3.151016811121977179e-01 1.818798284576804147e-01
3.709822373157974917e-01 2.036153076172619869e-01 2.626194035982328812e-01 1.627830514687074459e-01
4.516285222170890457e-01 1.972578377948430717e-01 2.100062772885751827e-01 1.411073626994926999e-01
5.271090121460755284e-01 1.910054890595346277e-01 1.634048193582219310e-01 1.184806794361676768e-01
5.948542232090363591e-01 1.830299343696014935e-01 1.248880897280952446e-01 9.722775269326718039e-02
6.532329115763386707e-01 1.740691241045805027e-01 9.411886535423844014e-02 7.857909896484245593e-02
7.055436798605577708e-01 1.627834174176446824e-01 6.934502936403337536e-02 6.232787335776430321e-02
7.531334684759991571e-01 1.488304516540845668e-01 4.963820647318344798e-02 4.839787339673259914e-02
7.956343603529415498e-01 1.325622561151179879e-01 3.485075640100476768e-02 3.695262713093555584e-02
8.311767605013897775e-01 1.155942281367304536e-01 2.498526975838671199e-02 2.824374160349320609e-02
8.573376786808954986e-01 1.009142864110463000e-01 1.941202995911047238e-02 2.233600494894778452e-02
8.720230756993566645e-01 9.165010352220641365e-02 1.722229109345280174e-02 1.910452968498433518e-02
8.748301808909394461e-01 8.956888906478378820e-02 1.763415741368904582e-02 1.796677263058778923e-02
8.678716548135693154e-01 9.445310974795656511e-02 1.987572897120142706e-02 1.779950646727271671e-02
8.528531280618742993e-01 1.061668487132707422e-01 2.335830515349050091e-02 1.762171807136466220e-02
8.275644098493313283e-01 1.268932561497801426e-01 2.826800818741780769e-02 1.727432581347100593e-02
7.893066717189307635e-01 1.586823965909628931e-01 3.518424888930274386e-02 1.682668280080358222e-02
7.373080860244756174e-01 2.013497630485155121e-01 4.488706195967327728e-02 1.645508896733542323e-02
6.729001578193375410e-01 2.524848069088732050e-01 5.815849838455155324e-02 1.645653688723784300e-02
5.986963199025889804e-01 3.092120226263089799e-01 7.514692424001091775e-02 1.694473323109114971e-02
5.187674034224757369e-01 3.689216425547253708e-01 9.468182816404042967e-02 1.762912585875866037e-02
4.379219285022588615e-01 4.303502931941647347e-01 1.139088783115315140e-01 1.781889999204501820e-02
3.595299402188862348e-01 4.933246634341488801e-01 1.301415159364201490e-01 1.700388041054477772e-02
2.880562573740400589e-01 5.536711382280424809e-01 1.429520967914248708e-01 1.532050760649269344e-02
2.342726694271536347e-01 5.980592293206838939e-01 1.543070802780188433e-01 1.336102097414334708e-02
1.973686523176973462e-01 6.252614652016572627e-01 1.657933435514264975e-01 1.157653892921868023e-02
1.729443393089454828e-01 6.356230954914511289e-01 1.811230865830033843e-01 1.030947861660017929e-02
1.517289766356564873e-01 6.335662022240938773e-01 2.050198199883862815e-01 9.685001151863615806e-03
1.364719843381305975e-01 6.131549496144582667e-01 2.405989069039310979e-01 9.774159143480067383e-03
1.230875427612636713e-01 5.809612067554821291e-01 2.852988899092750996e-01 1.065236057397941742e-02
1.098889134073448154e-01 5.498195355969801579e-01 3.280707121091522294e-01 1.222083888652280952e-02
9.553107267559633742e-02 5.348864403404769430e-01 3.553803466911294451e-01 1.420214029279768912e-02
8.106941291103841873e-02 5.419539042872513201e-01 3.607829810035081963e-01 1.619370179820194336e-02
6.804536244841172254e-02 5.684601484674517424e-01 3.458893961319430277e-01 1.760509295219362877e-02
5.683433650127828196e-02 6.119255954231190842e-01 3.133553523044337319e-01 1.788471577116862443e-02
4.711427107821890975e-02 6.719985648290185409e-01 2.640246117716442131e-01 1.686255232111846802e-02
3.914192304634184216e-02 7.413201022643796101e-01 2.044895714199035375e-01 1.504840326937452802e-02
3.380147240439028422e-02 8.027095565355806261e-01 1.500938844871659295e-01 1.339508657286288262e-02
3.075267547672849711e-02 8.474958101174930869e-01 1.093698200603693965e-01 1.238169434540922417e-02
3.174553076994229145e-02 8.736627096109780277e-01 8.226001710196235994e-02 1.233174251711741630e-02
3.378982673380711427e-02 8.884635983140717341e-01 6.473095206542343882e-02 1.301562288669787237e-02
3.911636366060300407e-02 8.927593359386618577e-01 5.367260839952547186e-02 1.445169200120970283e-02
7.855850093924220123e-02 1.775319090087110110e-03 8.935802918624314861e-01 2.608588810823903037e-02
4.612920238749123047e-01 2.386009422732142393e-01 9.189988283668580615e-02 2.082071510151877192e-01
4.160992745479051846e-01 3.058625073766936264e-01 9.196523216758432928e-02 1.860729859078166792e-01
3.479144579321845066e-01 3.920189897044624172e-01 9.387664971600351294e-02 1.661899026473496188e-01
2.715282804432729846e-01 4.841171993163057019e-01 9.645899880953309746e-02 1.478955214308879940e-01
2.069618252699550187e-01 5.593705958527821487e-01 1.002037657474928317e-01 1.334638131297700703e-01
1.646827859391497562e-01 6.016202313015093228e-01 1.071575211170956998e-01 1.265394616422453877e-01
1.428363446119423896e-01 6.076746290116750160e-01 1.196489547045846147e-01 1.298400716717982850e-01
1.352879513443643600e-01 5.802041778831602548e-01 1.390248298728386234e-01 1.454830408996371227e-01
1.357963763510974808e-01 5.262036582981769461e-01 1.638224065090697623e-01 1.741775588416559772e-01
1.390817970688382477e-01 4.570411441211801318e-01 1.894539357337544916e-01 2.144231230762271567e-01
1.423353918591544476e-01 3.848432162303300763e-01 2.094806100896284551e-01 2.633407818208866602e-01
1.450227743613817788e-01 3.185986626698156243e-01 2.187410679268230740e-01 3.176374950419798004e-01
1.469089201702095393e-01 2.629203687770750308e-01 2.171975919989226900e-01 3.729731190537928787e-01
1.478817902848727772e-01 2.189182203518380276e-01 2.094999348139628403e-01 4.237000545493262438e-01
1.493726017741908718e-01 1.867234200902256891e-01 2.013560094865584627e-01 4.625479686490249209e-01
1.544108531036520460e-01 1.659301710429090249e-01 1.972042045361146190e-01 4.824547713173242269e-01
1.656684867927272209e-01 1.551295398413874704e-01 1.989865199334204804e-01 4.802154534324648560e-01
1.842777826261544627e-01 1.524486569559116433e-01 2.055374866999263028e-01 4.577360737180076744e-01
2.094658865626948252e-01 1.561887664635569217e-01 2.135974251506553567e-01 4.207479218230928963e-01
2.385825215173916769e-01 1.652885470163754644e-01 2.204126193729147032e-01 3.757163120933180167e-01
2.676760648743432558e-01 1.792963456225111774e-01 2.248512570574090486e-01 3.281763324457369069e-01
2.916977171541368374e-01 1.951366993293012775e-01 2.257621035136366805e-01 2.874034800029250381e-01
3.054569666611986478e-01 2.063818039320787778e-01 2.266789814122373015e-01 2.614822479944849953e-01
3.082554943916146484e-01 2.103606365233696707e-01 2.305367545813409302e-01 2.508471145036744732e-01
3.038611166504028849e-01 2.060159401960335590e-01 2.383834432967591177e-01 2.517394998568045494e-01
2.929303070646081530e-01 1.941564829790542734e-01 2.505444728187386505e-01 2.623687371375986177e-01
2.714087212386031012e-01 1.753316844293779375e-01 2.700298757630322233e-01 2.832297185689867658e-01
2.388734884571996897e-01 1.522244348821175097e-01 2.956117239112496797e-01 3.132903527494328433e-01
1.991218223557401079e-01 1.259850681824601915e-01 3.272698324859390495e-01 3.476232769758605956e-01
1.612673297599241384e-01 1.003364884897585546e-01 3.588954541494756012e-01 3.795007276008418584e-01
1.290208117026198920e-01 7.776824054849541812e-02 3.882082895417420798e-01 4.050026582071423742e-01
1.024419384103901348e-01 5.954341572941507232e-02 4.147387295534190055e-01 4.232759163067756902e-01
8.055871603332752373e-02 4.591181766310763884e-02 4.376603854036663077e-01 4.358690808998986754e-01
6.305224239868979785e-02 3.622184663115671915e-02 4.561985524161800698e-01 4.445273585539737948e-01
5.013803900448290246e-02 2.948341428219567253e-02 4.715755094116393376e-01 4.488030373016822505e-01
4.209962514276478079e-02 2.540423522352403679e-02 4.838094664257436839e-01 4.486866732079671793e-01
3.899358182096425429e-02 2.411935219899201399e-02 4.920131391868187154e-01 4.448739267932249608e-01
4.035848153740705796e-02 2.570510559148897131e-02 4.966994882621000307e-01 4.372369246090040962e-01
4.528702447237181045e-02 3.007733847207177957e-02 4.987457648867592575e-01 4.258898721687976452e-01
5.232988735120042145e-02 3.712901562728956190e-02 4.972334959857058201e-01 4.133076010358041064e-01
6.033423328672420788e-02 4.675006876585705018e-02 4.901149032951512829e-01 4.028007946522675353e-01
6.973493025832561143e-02 5.852862329035266042e-02 4.779634847117866792e-01 3.937729617395349657e-01
8.166909175545429556e-02 7.154519605945607041e-02 4.643064081450189451e-01 3.824793040400706334e-01
9.576344506256054268e-02 8.495090069202736183e-02 4.519004305082125472e-01 3.673852237371994511e-01
1.098126754775179681e-01 9.819914971424943684e-02 4.406161930043346886e-01 3.513719818038977816e-01
1.219547173982091365e-01 1.113330084741240705e-01 4.284232991551368275e-01 3.382889749725296880e-01
1.319335539553637693e-01 1.249933423431349722e-01 4.137286969923542612e-01 3.293444067091471639e-01
1.406545831965076154e-01 1.390903460152386473e-01 3.972717544650832266e-01 3.229833163231705662e-01
1.482709246787092261e-01 1.521211772532597706e-01 3.814272405267289390e-01 3.181806575413022586e-01
1.536041754959325822e-01 1.615774773761190219e-01 3.675437292499852404e-01 3.172746178779632942e-01
1.561667409271589035e-01 1.636257909579835745e-01 3.554740600048061916e-01 3.247334081100514136e-01
1.571711128354305043e-01 1.552501130992818001e-01 3.428723943916176520e-01 3.447063796736701269e-01
1.585375049335457642e-01 1.374124882638970147e-01 3.268776818850591681e-01 3.771723249174980808e-01
1.618632494637049779e-01 1.148670788599429754e-01 3.060933962481439674e-01 4.171762754282082875e-01
1.682440876479756875e-01 9.306500018663786677e-02 2.808119386704828746e-01 4.578789734949035295e-01
1.773780156731337154e-01 7.464563822857708808e-02 2.521402699542621417e-01 4.958360761440269715e-01
1.852805507856095102e-01 6.002698786959047295e-02 2.222231194189263626e-01 5.324693419258739180e-01
1.863941974542231150e-01 4.865106641758656231e-02 1.945809884060192008e-01 5.703737477221710872e-01
1.787818817394717652e-01 3.952805577753129573e-02 1.709625746927653234e-01 6.107274877902317822e-01
1.642809395574409692e-01 3.185853864819251924e-02 1.509989008965077761e-01 6.528616208978589297e-01
1.468331374278426249e-01 2.551165410536606823e-02 1.345517246433430292e-01 6.931034838234484408e-01
1.303595025470073721e-01 2.076841014761862669e-02 1.221493304942838920e-01 7.267227568110897762e-01
1.169111892139535896e-01 1.755467227700786489e-02 1.130459203637753235e-01 7.524882181452631214e-01
1.067336545145968485e-01 1.534834276156564828e-02 1.053563664803934680e-01 7.725616362434440942e-01
9.904236652054967949e-02 1.358860579829525642e-02 9.789915971414341056e-02 7.894698679670120178e-01
9.272598274113447170e-02 1.218922193730305123e-02 9.145218431574057838e-02 8.036326110058218397e-01
8.547227558860660823e-02 1.128668669180467668e-02 8.781504011279026023e-02 8.154259976067983473e-01
7.459540202149361754e-02 1.039491763548369002e-02 8.512433495083573942e-02 8.298853453921872791e-01
6.047120446371810620e-02 9.096615277200591210e-03 8.038513393464216672e-02 8.500470463244392816e-01
4.665866567526709419e-02 7.675835798503468851e-03 7.389725725343421203e-02 8.717682412727950636e-01
3.590404360773681580e-02 6.534237624220572832e-03 6.803084913058980721e-02 8.895308696374527591e-01
5.683475241265805167e-01 1.476375535222992919e-01 2.589412322617005158e-01 2.507369008941976243e-02
4.499295155420575121e-01 3.621659895837011645e-01 1.312270992101743083e-01 5.667739566406723023e-02
4.233857818615900381e-01 3.825474265609771218e-01 1.491882642464787134e-01 4.487852733095397395e-02
4.046890265221689820e-01 3.869471442628890645e-01 1.702394511814732114e-01 3.812437803346859638e-02
3.913386990727104608e-01 3.820404520470417342e-01 1.921664708017617462e-01 3.445437807848625994e-02
3.858653186071986374e-01 3.695711043658039818e-01 2.115947434515404457e-01 3.296883357545720566e-02
3.877908859301747446e-01 3.542661016641334149e-01 2.245474139422955762e-01 3.339559846339617416e-02
3.976557614757610937e-01 3.387558253346896198e-01 2.279544895846349339e-01 3.563392360491454691e-02
4.062891301530374144e-01 3.317933557700598057e-01 2.225867654030963538e-01 3.933074867380655787e-02
4.102427961846168980e-01 3.361429811183240801e-01 2.105072009633689178e-01 4.310702173369011792e-02
4.078691503048815781e-01 3.497966434172120609e-01 1.967556227218067999e-01 4.557858355609962359e-02
3.907430604688582054e-01 3.739416277461757310e-01 1.881432687295216399e-01 4.717204305544462489e-02
3.624033044027690775e-01 4.021149670997751224e-01 1.863016808478979713e-01 4.918004764955782870e-02
3.312237908050506552e-01 4.263209454026056777e-01 1.894917614927091876e-01 5.296350229963416728e-02
3.012466861762252424e-01 4.431592375412570228e-01 1.960871742017552266e-01 5.950690208076214738e-02
2.792837051853270802e-01 4.484254448123607406e-01 2.037933797742743913e-01 6.849747022803759355e-02
2.641509084422324904e-01 4.473796503288291482e-01 2.107527418572878175e-01 7.771669937165039121e-02
2.548376182190270622e-01 4.442369813388260535e-01 2.168151373135420446e-01 8.411026312860493681e-02
2.496403754487678261e-01 4.409441621002896938e-01 2.230601716694063097e-01 8.635529078153658666e-02
2.437576670462786310e-01 4.391547052346562729e-01 2.312186020163989608e-01 8.586902570266609358e-02
2.370872382009930335e-01 4.403439314921546721e-01 2.373808391619934566e-01 8.518799114485897661e-02
2.304933655524836478e-01 4.441849601431760997e-01 2.387051423525288762e-01 8.661653195181170939e-02
2.270485051928398113e-01 4.450126823422931310e-01 2.362332090374833216e-01 9.170560342738384718e-02
2.302803667201244187e-01 4.318683253205697903e-01 2.349735037920717695e-01 1.028778041672342575e-01
2.427734346811918908e-01 3.955701945752744808e-01 2.383457830056146254e-01 1.233105877379189474e-01
2.647968219781733357e-01 3.378702733434842953e-01 2.427127838038993235e-01 1.546201208744430178e-01
2.960480793766195329e-01 2.703536502843110201e-01 2.395298230373255344e-01 1.940684473017442457e-01
3.373335043657589849e-01 2.067530098322045151e-01 2.235444671892666268e-01 2.323690186127698731e-01
3.951196280504573610e-01 1.560710222302508221e-01 1.954890302066844276e-01 2.533203195126070839e-01
4.734829090136957186e-01 1.188946926440475477e-01 1.649774654947231689e-01 2.426449328475334399e-01
5.657434666378216015e-01 9.330844904395275974e-02 1.375755702829181415e-01 2.033725140353074001e-01
6.496373906005488141e-01 7.687446493239369349e-02 1.172613087258361358e-01 1.562268357412211206e-01
7.058026068266060049e-01 6.812142233810870862e-02 1.063720247754343928e-01 1.197039460598508381e-01
7.310101062244871439e-01 6.573278649358103853e-02 1.050550848274380417e-01 9.820202245449380363e-02
7.299171996537473506e-01 6.920363804683542230e-02 1.135646086972116470e-01 8.731455360220546913e-02
7.083705229948021875e-01 7.865169056225790323e-02 1.315471324786510188e-01 8.143065396428905700e-02
6.568153299851844373e-01 9.734269824308923458e-02 1.668327235112458395e-01 7.900924826048046079e-02
5.660220947983997108e-01 1.280554976979486892e-01 2.260471954295943386e-01 7.987521207405727519e-02
4.445571303219080228e-01 1.647289353428517400e-01 3.093882832208558753e-01 8.132565111438437577e-02
3.173045463100888641e-01 1.964411182491714314e-01 4.081036221486361582e-01 7.815071329210347695e-02
2.157484673304531364e-01 2.165383542644766790e-01 4.993557751796682820e-01 6.835740322540191649e-02
1.462991862757257455e-01 2.307372825221581936e-01 5.668938705951092061e-01 5.606966060700670912e-02
1.022291491537854202e-01 2.418035555898936373e-01 6.101062632221285753e-01 4.586103203419250596e-02
7.362850591876578255e-02 2.528906771836534895e-01 6.340588562834421626e-01 3.942196061413846819e-02
5.393551871603727288e-02 2.679869406323697190e-01 6.413326074546895628e-01 3.674493319690334825e-02
4.143603489920502647e-02 2.925454870553969577e-01 6.281228757881853753e-01 3.789560225721241848e-02
3.481411861703324201e-02 3.293018035479235439e-01 5.929470655921408317e-01 4.293701224290227131e-02
3.309089785522424665e-02 3.734496817850518346e-01 5.428494499213541991e-01 5.060997043836987230e-02
3.588161722153214439e-02 4.173924418971953210e-01 4.884592610483292630e-01 5.826667983294361863e-02
4.349396690674896260e-02 4.576257323503441499e-01 4.344496189289844823e-01 6.443068181392276605e-02
5.609880491922374091e-02 4.952741327834411234e-01 3.784643596648579744e-01 7.016270263247717520e-02
7.321750881888147711e-02 5.274426331969115367e-01 3.220684697622202552e-01 7.727138822198692525e-02
9.527465402623912227e-02 5.456698791476443100e-01 2.701974818202116935e-01 8.885798500590465221e-02
1.241999883977648461e-01 5.424698461135283312e-01 2.258743792483951518e-01 1.074557862403115321e-01
1.599476683433142810e-01 5.158429038532589272e-01 1.899726449414792517e-01 1.342367828619475401e-01
1.953347804202480997e-01 4.727979274421498235e-01 1.630350344011986252e-01 1.688322577364032850e-01
2.208727630905332473e-01 4.261374196692033212e-01 1.451750150193990563e-01 2.078148022208644585e-01
2.355649139540976489e-01 3.840247845487146372e-01 1.352854794224147283e-01 2.451248220747731521e-01
2.463853050002202116e-01 3.473218468508835755e-01 1.315660896328731122e-01 2.747267585160231840e-01
2.628866243412472659e-01 3.130275375093068413e-01 1.316583059295737268e-01 2.924275322198721661e-01
2.950458822328017594e-01 2.763000865565826691e-01 1.315351482681881845e-01 2.971188829424274425e-01
3.426531464390523696e-01 2.375876800066970551e-01 1.266983992764805222e-01 2.930607742777702196e-01
3.974909353604892948e-01 1.981223452304917698e-01 1.152266085896965359e-01 2.891601108193221359e-01
4.400917522784493219e-01 1.622740891630254367e-01 1.014723372600108003e-01 2.961618212985147602e-01
4.549371696114650199e-01 1.339921577058979518e-01 8.824396281738414172e-02 3.228267098652530809e-01
4.369479907282072251e-01 1.139563477467206709e-01 7.777142274162764102e-02 3.713242387834440605e-01
3.986574175043923751e-01 1.005203795911818604e-01 7.155947341831964126e-02 4.292627294861061094e-01
3.666050046009236008e-01 9.004122100242475946e-02 6.907009511117194467e-02 4.742836792854797645e-01
3.595985307090399097e-01 7.937766147065689060e-02 6.855117958928519384e-02 4.924726282310177283e-01
3.813846430768540463e-01 6.794967744991876890e-02 6.875524832411282483e-02 4.819104311491143044e-01
4.274097116754254633e-01 5.633699194975673452e-02 6.885841847418475159e-02 4.473948779006331478e-01
4.898182876523935469e-01 4.509869505428854008e-02 6.800450841474005303e-02 3.970785088785776518e-01
4.872687035991180721e-02 8.081875729047320878e-01 9.833979782446208850e-02 4.474575891089428020e-02
9.672018580931538226e-03 8.894418139714916904e-01 9.290608321396104374e-02 7.980084233615935760e-03
8.680893771883368276e-03 8.863909902724304013e-01 9.774617216601892700e-02 7.181943789667369349e-03
8.677012886553120419e-03 8.772118321216174630e-01 1.066416736195730380e-01 7.469481372256689053e-03
9.187348704947658970e-03 8.626432578982377031e-01 1.195634010366296296e-01 8.605992360184789788e-03
1.068334666276214012e-02 8.436463925841214406e-01 1.350557966554233880e-01 1.061446409769300180e-02
1.228698252142934946e-02 8.202587911947889499e-01 1.535536252503556798e-01 1.390060103342653265e-02
1.482107724833727283e-02 7.910165780743954045e-01 1.752395633836885402e-01 1.892278129357898367e-02
1.817442439118838876e-02 7.572976650245593078e-01 1.992296619778451405e-01 2.529824860640677436e-02
2.205998235713547626e-02 7.215253315838637826e-01 2.245733131345686306e-01 3.184137292443246781e-02
2.667767298221111749e-02 6.833368268653589039e-01 2.519878841939821035e-01 3.799761595844755591e-02
3.256169323745746608e-02 6.422324179951318657e-01 2.811831560394780771e-01 4.402273272793239683e-02
4.004330624029321661e-02 6.003573680391719458e-01 3.094960345834223414e-01 5.010329113711253779e-02
4.885254994197679723e-02 5.614529119997602180e-01 3.337497328959824205e-01 5.594480516228067524e-02
5.767506705277695989e-02 5.284619812076764012e-01 3.528523113305387371e-01 6.101064040900808921e-02
6.432391778829928131e-02 5.027388172137894351e-01 3.679890614126075099e-01 6.494820358530356552e-02
6.737623821811697389e-02 4.834971161903794945e-01 3.813001569507097344e-01 6.782648864079356132e-02
6.702844244697450660e-02 4.664773439362399077e-01 3.960935812644597598e-01 7.040063235232557615e-02
6.381777194754696680e-02 4.457208141532190693e-01 4.161139197322802352e-01 7.434749416695364543e-02
5.853013703875217105e-02 4.171048303775831134e-01 4.421421405552342643e-01 8.222289202843034717e-02
5.287409241051846398e-02 3.813193830489333691e-01 4.713909065404077725e-01 9.441561800014001971e-02
4.813431307662455194e-02 3.386006341045972867e-01 5.051370073853973519e-01 1.081280454333807400e-01
4.465579504851619613e-02 2.913703328982646390e-01 5.421672914780585328e-01 1.218065805751608610e-01
4.248291560003358142e-02 2.474630970134182595e-01 5.750513852742475951e-01 1.350026021123003905e-01
4.168377438838024446e-02 2.123028644799058451e-01 5.978510815094805197e-01 1.481622796222334393e-01
4.238906140270952416e-02 1.866587187983004548e-01 6.082872928772774523e-01 1.626649269217123051e-01
4.481103353088890240e-02 1.692536560088603315e-01 6.068087570970244204e-01 1.791265533632263318e-01
4.919639514437224026e-02 1.587367824415788775e-01 5.946839077186875100e-01 1.973829146953611779e-01
5.532600547575807631e-02 1.539156368564898458e-01 5.738713468882901125e-01 2.168870107794619861e-01
6.265915941588108551e-02 1.532663227853513499e-01 5.479893922673592099e-01 2.360851255314078134e-01
7.070023779481138249e-02 1.559604238528476683e-01 5.208671828137252380e-01 2.524721555386155170e-01
7.870953251253964833e-02 1.623714071185717034e-01 4.959210636558668006e-01 2.629979967130218199e-01
8.582380589108311308e-02 1.741661917731981424e-01 4.747106732107017613e-01 2.652993291250169694e-01
9.199008737158384519e-02 1.938596586491989626e-01 4.558245253623958160e-01 2.583257286168211819e-01
9.739127487679791195e-02 2.223468194841004830e-01 4.372110834840453042e-01 2.430508221550561621e-01
1.005443399179198755e-01 2.575169711452033883e-01 4.190893378258725988e-01 2.228493511110042902e-01
9.915662695989332920e-02 2.933856392296190219e-01 4.063821377269714596e-01 2.010755960835162448e-01
9.250415594969192690e-02 3.231435735835979095e-01 4.045315656003237725e-01 1.798207048663864327e-01
8.148299075466219898e-02 3.416101131847061878e-01 4.155445929412907580e-01 1.613623031193406054e-01
6.804143318341199231e-02 3.446961411110952000e-01 4.396562115142519933e-01 1.476062141912408143e-01
5.433762591256013214e-02 3.326822994861928229e-01 4.736142388108363077e-01 1.393658357904107858e-01
4.217443396090948121e-02 3.142976430423023437e-01 5.077707727524584103e-01 1.357571502443296607e-01
3.224879314033399919e-02 3.001261251829877574e-01 5.346008880677259878e-01 1.330241936089524846e-01
2.432706016479635122e-02 2.934999827008077933e-01 5.565715228532271963e-01 1.256014342811683782e-01
1.814276141261390168e-02 2.931761693718941131e-01 5.778700399288241307e-01 1.108110292866679308e-01
1.357946066196838095e-02 2.971315091127380570e-01 5.977325479578377010e-01 9.155648226745567719e-02
1.049389792709913387e-02 3.036621964945607766e-01 6.124453846059468853e-01 7.339852097239313311e-02
8.568833081732648085e-03 3.110477981538355974e-01 6.208042766644740196e-01 5.957909209995800037e-02
7.289434825490307204e-03 3.143630714303395912e-01 6.284851719961418448e-01 4.986232174802827238e-02
6.243866433092065509e-03 3.060196703843156563e-01 6.445663716083990247e-01 4.317009157419316595e-02
5.211063487145463878e-03 2.796856227992990385e-01 6.763827904222344811e-01 3.872052329132100179e-02
4.143531226023538204e-03 2.379921703818090595e-01 7.220614960324653886e-01 3.580280235970242919e-02
3.237319940200820197e-03 1.954506477003851439e-01 7.670939632958498899e-01 3.421806906356428951e-02
2.620969447857288918e-03 1.624187161068643970e-01 8.016643191996256634e-01 3.329599524565261121e-02
2.247152142095531178e-03 1.392448866800078400e-01 8.267548732468389394e-01 3.175308793105775101e-02
2.041641443073416787e-03 1.228858215095209594e-01 8.456109488129569529e-01 2.946158823444902999e-02
1.909486789721955534e-03 1.090248378072781327e-01 8.621385819285320995e-01 2.692709347446810980e-02
1.802396399117094355e-03 9.526156234082566732e-02 8.782421353427146693e-01 2.469390591734238818e-02
1.739821510589106704e-03 8.268644467697776335e-02 8.919197093939744692e-01 2.365402441845881887e-02
1.746311572893719400e-03 7.256010375038909888e-02 9.007231495268941401e-01 2.497043514982291712e-02
1.836147238966357332e-03 6.506021133215955654e-02 9.028920689307831093e-01 3.021157249809109518e-02
2.030233346527825743e-03 5.952437360811865114e-02 8.964767242772406775e-01 4.196866876811252561e-02
2.361126597947885500e-03 5.494428156212611408e-02 8.779259239959967820e-01 6.476866784392920628e-02
2.862343155850213209e-03 5.008369659132715784e-02 8.429883943425584558e-01 1.040655659102641406e-01
3.590471893352516989e-03 4.349844397943275487e-02 7.915864196897751670e-01 1.613246644374391470e-01
4.755393119019921642e-03 3.627231952398904391e-02 7.261617989226987202e-01 2.328104884342921399e-01
6.857266837221424882e-03 3.060354120774602324e-02 6.510750240566106628e-01 3.114641678984217399e-01
1.070427919056666198e-02 2.664067852812112419e-02 5.785916082786420889e-01 3.840634340026698457e-01
1.735172302183343729e-02 2.399025629625436626e-02 5.187909256193394825e-01 4.398670950625727105e-01
2.734471245972763462e-02 2.231068354590255362e-02 4.743373821960744086e-01 4.760072217982953546e-01
4.036090454970817087e-02 2.109647019630307707e-02 4.425441485234443140e-01 4.959984767305448128e-01
5.654639009029811120e-02 1.988249532339346481e-02 4.142892404192902167e-01 5.092818741670187555e-01
5.344965624399788950e-03 7.444586710052156775e-01 1.882222550904975311e-01 6.197410827988684284e-02
3.587360165431972749e-03 7.720702682305815578e-01 1.882951822627978444e-01 3.604718934118834872e-02
2.535410143600998374e-03 7.790842160523768767e-01 1.978480003874293069e-01 2.053237341659301662e-02
1.548122086357959495e-03 7.601161128976091641e-01 2.265439206033423025e-01 1.179184441269037764e-02
1.074959731636130050e-03 7.079654489890317981e-01 2.839389139793788153e-01 7.020677299953152067e-03
8.062613146314557199e-04 6.216732611924514762e-01 3.730441397164135364e-01 4.476337776503630864e-03
6.760075637629423158e-04 5.094831957488639151e-01 4.866868142878078562e-01 3.153982399565131468e-03
6.235037067169903451e-04 3.924726477457223250e-01 6.043737560432187461e-01 2.530092504341887108e-03
5.926863511523412916e-04 2.973306778380371274e-01 6.996800554935949101e-01 2.396580317215456311e-03
6.151389237385575335e-04 2.346918350689225774e-01 7.619563177739001603e-01 2.736708233438461726e-03
7.302578022958670012e-04 1.960563314320815653e-01 7.995751327683182641e-01 3.638277997304371122e-03
1.023032573654975843e-03 1.743439268690183119e-01 8.189513508463320823e-01 5.681689710994615797e-03
1.691146502789072237e-03 1.647274088582456608e-01 8.232434430937602965e-01 1.033800154520471415e-02
3.105759511714349750e-03 1.582883299570904401e-01 8.181109664210305388e-01 2.049494411016460071e-02
5.906812870992531571e-03 1.454072389863796111e-01 8.078192192900167656e-01 4.086672885261125737e-02
1.069811402465964054e-02 1.223129218423401887e-01 7.910845966701690601e-01 7.590436746283099612e-02
1.738836354219329763e-02 9.473439065034189310e-02 7.595586761343590121e-01 1.283185696731057868e-01
2.507504790757526109e-02 6.856538385487614962e-02 7.056242677958567411e-01 2.007353004416922160e-01
3.176715531304010603e-02 4.574433810406784706e-02 6.287997646353270520e-01 2.936887419475651129e-01
3.485023554806987445e-02 2.830096808055797622e-02 5.405973722431466344e-01 3.962514241282253380e-01
3.380571641371937774e-02 1.710092774977715543e-02 4.607568179187024882e-01 4.883365379178009613e-01
3.075731387059481292e-02 1.078694541502050498e-02 3.978618801285298545e-01 5.605938605858548085e-01
2.727865909652163814e-02 7.351822773486531813e-03 3.462503946063183458e-01 6.191191235236737089e-01
2.742222752997883761e-01 2.291942907636151938e-01 1.001809084420130364e-01 3.964025254945834353e-01
2.699517519730185167e-01 2.502835622120110903e-01 1.142884896740841288e-01 3.654761961408861115e-01
2.703794234827909260e-01 2.594652370033461164e-01 1.272198150825225305e-01 3.429355244313403439e-01
2.761617171271344429e-01 2.574731018522038450e-01 1.357951766829149087e-01 3.305700043377467479e-01
2.869425755506308517e-01 2.446619249302911803e-01 1.398724346070565061e-01 3.285230649120216562e-01
3.021517031885143645e-01 2.242199327313733059e-01 1.395526414112141789e-01 3.340757226688980674e-01
3.209863047725495244e-01 2.010609984182121224e-01 1.349699657942411146e-01 3.429827310149969333e-01
3.413206262654609469e-01 1.769037286550428356e-01 1.295592569999420574e-01 3.522163880795541879e-01
3.618916061611952006e-01 1.533692148890380691e-01 1.234943380499074761e-01 3.612448408998590876e-01
3.799564678977964127e-01 1.305782205643769012e-01 1.170374820955942252e-01 3.724278294422326274e-01
3.881601204526103910e-01 1.103297929705740754e-01 1.112325502126447208e-01 3.902775363641710626e-01
3.778516209013142446e-01 9.534192189439624765e-02 1.081521389825146756e-01 4.186543182217745129e-01
3.498536404674792988e-01 8.795969531990298351e-02 1.094729911128620309e-01 4.527136730997560199e-01
3.208753611931635663e-01 8.925188874606239386e-02 1.125787949366732904e-01 4.772939551241010547e-01
3.013736915155160179e-01 1.002890002622129906e-01 1.151479129306458155e-01 4.831893952916253010e-01
2.878452340399833553e-01 1.220318508663599255e-01 1.179263591459662752e-01 4.721965559476904994e-01
2.756359449018799812e-01 1.546236788625129366e-01 1.206152540238819432e-01 4.491251222117251252e-01
2.627847464524137311e-01 1.948085590227937036e-01 1.206768487106790883e-01 4.217298458141135464e-01
2.502796896380377611e-01 2.361302165243368556e-01 1.161283517801325049e-01 3.974617420574928506e-01
2.408364576397470647e-01 2.736359748474885834e-01 1.079000674989993580e-01 3.776275000137648274e-01
2.407987822637794040e-01 3.039564866608152616e-01 9.616842204502543123e-02 3.590763090303797922e-01
2.512472419838704951e-01 3.249010123647179671e-01 8.436912257398432313e-02 3.394826230774271592e-01
2.702899417007266214e-01 3.357063092840489316e-01 7.425794171082861217e-02 3.197458073043957238e-01
2.938191070628813351e-01 3.387595556270794339e-01 6.592202422035808862e-02 3.014993130896811424e-01
3.171722813186552137e-01 3.394196164762764423e-01 5.865634743120111405e-02 2.847517547738673827e-01
3.440496402529777953e-01 3.372040730783669726e-01 5.054353541678167222e-02 2.682027512518733170e-01
3.728987640496259082e-01 3.350760380556688789e-01 4.195489151827928170e-02 2.500703063764261325e-01
4.012669865809541658e-01 3.326762674696738253e-01 3.406541438274684336e-02 2.319913315666246312e-01
4.259691464296453955e-01 3.267609948765414773e-01 2.816088101029227270e-02 2.191089776835210001e-01
4.474215090001623651e-01 3.140409731969244778e-01 2.440808016661080715e-02 2.141294376363023499e-01
4.684030644093046258e-01 2.923489605608709518e-01 2.230893764238755031e-02 2.169390373874370836e-01
4.855370655117837164e-01 2.652722126116182078e-01 2.194531454848415442e-02 2.272454073281137132e-01
4.989431234752493838e-01 2.342298176511075358e-01 2.285509764216055867e-02 2.439719612314828479e-01
4.980482147828197981e-01 2.085423497598895004e-01 2.537653729228242505e-02 2.680328981650083042e-01
4.767768805252732833e-01 1.888433912019415462e-01 2.999851467083988060e-02 3.043812136019453107e-01
4.333028718138247637e-01 1.702588695420333698e-01 3.701252739516595891e-02 3.594257312489760325e-01
3.677628675690077786e-01 1.476222342120931674e-01 4.582869953684486075e-02 4.387861986820540960e-01
2.855747391405533686e-01 1.186957209925533635e-01 5.433801838100476428e-02 5.413915214858884273e-01
1.996935759848732783e-01 8.578133880350338747e-02 5.919555567390333284e-02 6.553295295377200569e-01
1.257525744965524162e-01 5.502255562896799651e-02 5.838037112315069138e-02 7.608444987513288682e-01
7.343880550562302545e-02 3.191408695546433388e-02 5.330069506999405432e-02 8.413464124689186141e-01
4.229308328812893952e-02 1.758861429403093396e-02 4.744736697790713498e-02 8.926709354399329222e-01
2.537849340234268544e-02 9.642042200374626587e-03 4.282233150273754424e-02 9.221571328945450396e-01
1.618612902682130955e-02 5.435410540543764157e-03 3.961123853765256136e-02 9.387672218949822955e-01
1.094189311017992362e-02 3.239285297428989158e-03 3.736242668639763731e-02 9.484563949059935384e-01
7.825283373581883029e-03 2.090261158474486514e-03 3.567751703268868396e-02 9.544069384352547036e-01
5.971725032930041283e-03 1.489199167852931502e-03 3.456318923209054234e-02 9.579758865671262891e-01
4.897583163251646200e-03 1.171465399489807126e-03 3.429778726510595427e-02 9.596331641721529415e-01
4.363944044366371497e-03 9.958790111432339835e-04 3.522036670795142960e-02 9.594198102365392167e-01
4.243127614013661279e-03 8.872655412648591420e-04 3.730337674830268291e-02 9.575662300964186135e-01
4.429533480730907594e-03 8.158756775454498438e-04 4.019455167120683514e-02 9.545600391705167942e-01
4.856553721625574832e-03 7.791885062760144868e-04 4.337618196856053016e-02 9.509880758035380577e-01
5.414162468490073266e-03 7.747580642248532573e-04 4.625667516464926354e-02 9.475544043026358221e-01
5.969313861333226494e-03 7.900129285502294207e-04 4.864584768781848867e-02 9.445948255222980094e-01
6.477356427402975077e-03 8.238721659047532758e-04 5.107780246809888458e-02 9.416209689385938164e-01
6.953764030605374437e-03 8.861511734143987873e-04 5.429213000722186988e-02 9.378679547887583956e-01
7.343530917316038256e-03 9.850140404359226075e-04 5.872732081778422875e-02 9.329441342244635393e-01
7.515563363402367504e-03 1.112981500769158428e-03 6.438136176959720347e-02 9.269900933662310605e-01
7.324364194860261482e-03 1.221847152971446788e-03 7.007600915609449310e-02 9.213777794960738010e-01
6.750218866363752977e-03 1.253178252606863136e-03 7.432171343176871559e-02 9.176748894492608999e-01
5.936153770192235078e-03 1.198823753697736720e-03 7.696789226336141210e-02 9.158971302127485448e-01
5.068335523677759344e-03 1.088428439536525674e-03 7.897631394452074571e-02 9.148669220922652778e-01
4.296254304145540569e-03 9.628224254555401611e-04 8.213269092976281660e-02 9.126082323406361496e-01
3.688014191665625954e-03 8.559767580957415014e-04 8.857712423164709747e-02 9.068788848185915796e-01
3.247604882266934712e-03 7.840601315314109235e-04 9.988366378821919578e-02 8.960846711979825185e-01
2.982235475207376234e-03 7.635164387592617780e-04 1.169361272690618986e-01 8.793181208169716934e-01
2.921283202915180097e-03 8.192322344848098573e-04 1.408391968206269551e-01 8.554202877419728734e-01
3.111143775149117444e-03 9.830413339490320923e-04 1.744640986609846955e-01 8.214417162299174624e-01
2.851607150798022867e-03 1.201933225052189205e-03 2.224014844572937966e-01 7.735449751668559415e-01
3.335936884967022256e-03 1.657447225084487767e-03 2.874305570849527980e-01 7.075760588049955224e-01
3.998180817452250471e-03 2.288380863030355528e-03 3.689910111854634578e-01 6.247224271340535706e-01
4.777291313618935858e-03 3.118401575529991532e-03 4.637437669770050341e-01 5.283605401338463681e-01
5.698271729134548290e-03 4.314538996080457406e-03 5.620367258169651770e-01 4.279504634578197297e-01
7.158686751590294384e-03 6.136075923484585193e-03 6.519436545094078328e-01 3.347615828155169893e-01
8.375423580890481445e-03 8.763111565891035931e-03 7.262605481166216626e-01 2.566009167365969068e-01
1.017877339555981440e-02 1.261354278976590734e-02 7.803971088376715493e-01 1.968105749770028279e-01
1.270254601611882188e-02 1.810240992843628605e-02 8.142557051858290151e-01 1.549393388696156948e-01
1.618010389786357292e-02 2.557565448510805764e-02 8.310161646914722144e-01 1.272280769255558219e-01
2.100536839419394827e-02 3.529513043250218779e-02 8.345317051248594131e-01 1.091677960484443433e-01
2.749689972781256889e-02 4.792019630200447522e-02 8.267419451791733209e-01 9.784095879100968007e-02
3.517207766790814150e-02 6.365443686279297075e-02 8.105318820058640128e-01 9.064160346343465291e-02
4.288673074534486013e-02 8.106430958030398648e-02 7.916263806375224421e-01 8.442257903682935660e-02
4.993017306981536313e-02 9.868946976615179667e-02 7.737088876702429285e-01 7.767146949378993248e-02
5.629284515787878057e-02 1.159022994067917256e-01 7.572205640182607667e-01 7.058429141706851206e-02
6.171821391440665550e-02 1.329423498646622182e-01 7.412847622814915383e-01 6.405467393943960197e-02
6.784914226362606660e-02 1.491217862990280585e-01 7.237388863027640618e-01 5.929018513458167439e-02
7.312885842564402494e-02 1.642370177447006752e-01 7.062908928265599906e-01 5.634323100309520521e-02
7.635981080524878450e-02 1.773155820002186300e-01 6.916662478789389334e-01 5.465835931559342997e-02
7.647441360604571858e-02 1.871326714059378948e-01 6.820267137193416485e-01 5.436620126867504343e-02
