8.375401677262712674e-01 8.680422769807715974e-03 4.144081227611009013e-03 1.496353282763097647e-01
6.775869002111500894e-02 8.019691499441103377e-02 5.780945067675300475e-01 2.739498882169437710e-01
6.652632954054246706e-02 8.722497073752531749e-02 5.841549264032297462e-01 2.620937733187024277e-01
6.432948120187742536e-02 9.157537068772823863e-02 5.869661750653871746e-01 2.571289730450070365e-01
6.120453905359202890e-02 9.260540198274071211e-02 5.865119096831363787e-01 2.596781492805309011e-01
5.786799055199138425e-02 9.177423897821397614e-02 5.841270922576420332e-01 2.662306782121521831e-01
5.479750750505332779e-02 9.185662911728863234e-02 5.841277947426287698e-01 2.692180686350287289e-01
5.226438741362846030e-02 9.601229562400048767e-02 5.897670611166794252e-01 2.619562558456913770e-01
5.043518781231579734e-02 1.061927447809983827e-01 6.009453989982727062e-01 2.424266684084133705e-01
4.904133935601609484e-02 1.222934908056903941e-01 6.155316676786177776e-01 2.131335021596756363e-01
4.788095583791374815e-02 1.448516529183532520e-01 6.272720346741744724e-01 1.799953565695587288e-01
4.708612258972311171e-02 1.767800177087261171e-01 6.263218971892852149e-01 1.498119625122653897e-01
4.653655916662621794e-02 2.204825572940996015e-01 6.063130481531976423e-01 1.266678353860765383e-01
4.570584725613261595e-02 2.740852084324876259e-01 5.698746606559766947e-01 1.103342836554028900e-01
4.446480490612980674e-02 3.334276514108344691e-01 5.236580271330785186e-01 9.844951654995685864e-02
4.318865554953076752e-02 3.946605503921900016e-01 4.723488947869238230e-01 8.980189927135542871e-02
4.246400704549411348e-02 4.522979403023890677e-01 4.205217288023708755e-01 8.471632384974593644e-02
4.291654638964507995e-02 4.995762132286326040e-01 3.741211368301933238e-01 8.338610355152892284e-02
4.446950616210909590e-02 5.324510981078258709e-01 3.386920343496312991e-01 8.438736138043363699e-02
4.622120576159203381e-02 5.527549580691427655e-01 3.152497241669490191e-01 8.577411200231607746e-02
4.726323028988066444e-02 5.634577480971882935e-01 3.018612906124550355e-01 8.741773100047604828e-02
4.742708298982237225e-02 5.644130014353158087e-01 2.972207040860971872e-01 9.093921148876457639e-02
4.719714036965463183e-02 5.537977079041361828e-01 3.014009101684701486e-01 9.760424155773915478e-02
4.738683327963556791e-02 5.288535348655549750e-01 3.160271465895851395e-01 1.077324852652244425e-01
4.919581253142112781e-02 4.912768686798351103e-01 3.387098595567721859e-01 1.208174592319715829e-01
5.368047786602551247e-02 4.513049826801667774e-01 3.612173742355739292e-01 1.337971652182335658e-01
6.190459284284266506e-02 4.179445593833851502e-01 3.774332793482838011e-01 1.427175684254884669e-01
7.589157463839071860e-02 3.939035690788795230e-01 3.841156810947163880e-01 1.460891751880134259e-01
9.885047664458980476e-02 3.778702972611910904e-01 3.779659123071140714e-01 1.453133137871051861e-01
1.337772450885904296e-01 3.670253267333965508e-01 3.568183746169246162e-01 1.423790535610883201e-01
1.818128937637541742e-01 3.593187398238387731e-01 3.209154957215999415e-01 1.379528706908073055e-01
2.426471306405094119e-01 3.524702937252910395e-01 2.732365284027636898e-01 1.316460472314360253e-01
3.148408182893006058e-01 3.430486706597900004e-01 2.195873470361879576e-01 1.225231640147215056e-01
3.886010977661690791e-01 3.298279329195313303e-01 1.708563413569980927e-01 1.107146279573017617e-01
4.600347585647225901e-01 3.121665281092518840e-01 1.298161381274332837e-01 9.798257519859232545e-02
5.254158353727957920e-01 2.900844074268527084e-01 9.877758615336255932e-02 8.572217104698907908e-02
5.868778814876651762e-01 2.629869652636356303e-01 7.624564260435551244e-02 7.388951064434344518e-02
6.483973244631794364e-01 2.299517702363335081e-01 5.952231562693795219e-02 6.212858967354892986e-02
7.044911494363450544e-01 1.959480623211048711e-01 4.848202067239981011e-02 5.107876757015038238e-02
7.533425188935034544e-01 1.633637158199436334e-01 4.166587832073862657e-02 4.162788696581423697e-02
7.888390818968252782e-01 1.373074412307569159e-01 3.903295942055316770e-02 3.482051745186460351e-02
8.071415451714006872e-01 1.210500766928282179e-01 4.057829561769576987e-02 3.123008251807506477e-02
8.082239283448804379e-01 1.153206345057464083e-01 4.614506614887434882e-02 3.031037100049905134e-02
7.953439685573119311e-01 1.191285934903517640e-01 5.504289121869897911e-02 3.048454673363724596e-02
7.725986607022747865e-01 1.298757772096285901e-01 6.767305725816087636e-02 2.985250482993589624e-02
7.372669610186870504e-01 1.498893815426257381e-01 8.451813288735468555e-02 2.832552455133283825e-02
6.873221248562076946e-01 1.797860447568754294e-01 1.069191179594845553e-01 2.597271242743245598e-02
6.231702689900794345e-01 2.185325916622628817e-01 1.350789277086402451e-01 2.321821163901748725e-02
5.508765164058428976e-01 2.616237898558745889e-01 1.669060678428043176e-01 2.059362589547810221e-02
4.822890868242311058e-01 3.021389443612662595e-01 1.972640836352031191e-01 1.830788517929944972e-02
4.207474283778286361e-01 3.411194064124150049e-01 2.217493419603858429e-01 1.638382324937062359e-02
3.708303426393186331e-01 3.780523979415872926e-01 2.365927511467263433e-01 1.452450827236786632e-02
3.291217151359339677e-01 4.165521798926132280e-01 2.417180978813818215e-01 1.260800709007117194e-02
2.900470348438805579e-01 4.582477130240201757e-01 2.409468484568879632e-01 1.075840367521128590e-02
2.573028530259134361e-01 4.961544527943125837e-01 2.375680203074696517e-01 8.974673872304446409e-03
2.280372530944151654e-01 5.279614825395440025e-01 2.365170171999045889e-01 7.484247166136472063e-03
2.010507854441106190e-01 5.481979434414350205e-01 2.443072507357869905e-01 6.444020378667244218e-03
1.744371729648347413e-01 5.506930283776657609e-01 2.687955184973726541e-01 6.074280160126915677e-03
1.507515476802515075e-01 5.280957103462480262e-01 3.146826517820601188e-01 6.470090191440269409e-03
1.324361805891197397e-01 4.784558387717842698e-01 3.813198859726577572e-01 7.788094666438237675e-03
1.184672851824094542e-01 4.135735243824939511e-01 4.579598511690323726e-01 9.999339266064123308e-03
1.054848631572363193e-01 3.562433609675150215e-01 5.253516753692378805e-01 1.292010050601083426e-02
9.296735012002481369e-02 3.226811957172102119e-01 5.680069177509842193e-01 1.634453641178107777e-02
8.240838284849295869e-02 3.171060420817390368e-01 5.805989996224149019e-01 1.988657544735311297e-02
7.483140342899081976e-02 3.388963212961055849e-01 5.631986219611836431e-01 2.307365331372000436e-02
7.032982370131411753e-02 3.864461983946757551e-01 5.175331920891274029e-01 2.569078581488257185e-02
6.891851063406975730e-02 4.535596309340174104e-01 4.495170184589696860e-01 2.800483997294314631e-02
7.132276232680204164e-02 5.246561195884907880e-01 3.733586369635432112e-01 3.066248112116385510e-02
7.862764331275620688e-02 5.821214326008404827e-01 3.051407847782931504e-01 3.411013930811031269e-02
9.142591355250244411e-02 6.175480709453486927e-01 2.522957371519023440e-01 3.873027835024678289e-02
1.099512054107157633e-01 6.333046585720312205e-01 2.121837905017718018e-01 4.456034551548101325e-02
1.355276213172817434e-01 6.338431942772055905e-01 1.795832985659974179e-01 5.104588583951548408e-02
2.412694120815966556e-02 3.180781404562197691e-03 9.441904022391913731e-01 2.850187514808657716e-02
4.571621450713230783e-01 2.509987952994244265e-01 9.756932303546513030e-02 1.942697365937873510e-01
4.281923623161503212e-01 3.103960122715793690e-01 9.495948497301495705e-02 1.664521404392557413e-01
3.754722665153996108e-01 3.883395192087154002e-01 9.427901273416365580e-02 1.419092015417212915e-01
3.070509049774374777e-01 4.779621547405092374e-01 9.440891968191426897e-02 1.205780206001388216e-01
2.418538942599834374e-01 5.586504570379139389e-01 9.535864833259172224e-02 1.041370003695109014e-01
1.956506892763755778e-01 6.098915338284022214e-01 9.916041879186647534e-02 9.529735810335572543e-02
1.711318986349597560e-01 6.239988867841660403e-01 1.086977366390211586e-01 9.617147794185282317e-02
1.627590440016890017e-01 6.028146875219151379e-01 1.257184303360922573e-01 1.087078381403039917e-01
1.626295700387709042e-01 5.545436824461088543e-01 1.482294998301474931e-01 1.345972476849727484e-01
1.637130943111140546e-01 4.911918709599026878e-01 1.701733594303999897e-01 1.749216752985837398e-01
1.629061545747889639e-01 4.228144693376694185e-01 1.838263215065850109e-01 2.304530545809566899e-01
1.613788398033726146e-01 3.527665443054103234e-01 1.843880603000092877e-01 3.014665555912078299e-01
1.558431108723310199e-01 2.900082837289006399e-01 1.693013020403559277e-01 3.848473033584121628e-01
1.487005049950275437e-01 2.328719690710383539e-01 1.463515300503020478e-01 4.720759958836318604e-01
1.399922913869523222e-01 1.875953112594615502e-01 1.216182421079796266e-01 5.507941552456063761e-01
1.331905517691173435e-01 1.561541684041007627e-01 1.004709761378458910e-01 6.101843036889362804e-01
1.314500603822440772e-01 1.370640487913725725e-01 8.516985657245262908e-02 6.463160342539306935e-01
1.363907351848536176e-01 1.274370737038756085e-01 7.569666837479974153e-02 6.604755227364713654e-01
1.484352345139501317e-01 1.251410661871146801e-01 7.121123321020238206e-02 6.552124660887327368e-01
1.667149795179619365e-01 1.295675856399693404e-01 7.073583513550420199e-02 6.329815997065646460e-01
1.886318127383225518e-01 1.408347784792799151e-01 7.307323222612439884e-02 5.974601765562729261e-01
2.081793046092486887e-01 1.556421513254555855e-01 7.556207584738490468e-02 5.606164682179108905e-01
2.176765275774993902e-01 1.678083911063021072e-01 7.664084368205810460e-02 5.378742376341403286e-01
2.147067874626032158e-01 1.743198254337195718e-01 7.772060430860738833e-02 5.332527827950697130e-01
2.035097514551425235e-01 1.751886321817284486e-01 7.988751589469980652e-02 5.414141004684296377e-01
1.858352406571103510e-01 1.705898051385422998e-01 8.426293293527033212e-02 5.593120212690769755e-01
1.606384369964672099e-01 1.597784303562772845e-01 9.213308684035839691e-02 5.874500458068970810e-01
1.298939488001867870e-01 1.425629124389577451e-01 1.036654042441899626e-01 6.238777345166652832e-01
9.992932281377159276e-02 1.208053618834324106e-01 1.181221364731820656e-01 6.611431788296142642e-01
7.616426303579681978e-02 9.653535126996533322e-02 1.354295210733975352e-01 6.918708646208404645e-01
5.874784401689247398e-02 7.461619584208026290e-02 1.536854468133757035e-01 7.129505133276513584e-01
4.593518467095263069e-02 5.635458401052659966e-02 1.728140655352763677e-01 7.248961657832446726e-01
3.541415615737079220e-02 4.244928346606902103e-02 1.915195057793425415e-01 7.306170545972175967e-01
2.785430835829552643e-02 3.186266089215729347e-02 2.075029126580913430e-01 7.327801180914557122e-01
2.236174440417960582e-02 2.434591209399889281e-02 2.202817710781260208e-01 7.330105724236954945e-01
1.912287129395208105e-02 1.971061828211246106e-02 2.315523128880796755e-01 7.296141975358555465e-01
1.836237651146621283e-02 1.800920479874740243e-02 2.445390311721385990e-01 7.190893875176481709e-01
2.006731022758200325e-02 1.913955414758735166e-02 2.613117517404419110e-01 6.994813838843885190e-01
2.395263357621743930e-02 2.292273452491546543e-02 2.796945292634715474e-01 6.734301026353954889e-01
2.930407660101984682e-02 2.926207580415585499e-02 2.942157591549896534e-01 6.472180884398345269e-01
3.544977887896701152e-02 3.815490964595984885e-02 3.009262310127011619e-01 6.254690804623718181e-01
4.278168075371535650e-02 4.970363642471926219e-02 3.004731294466416180e-01 6.070415533749236037e-01
5.308344553256930110e-02 6.369795383370265018e-02 2.956826504209950079e-01 5.875359502127331934e-01
6.503362518042463125e-02 8.056326821828868612e-02 2.890885704354956287e-01 5.653145361657908596e-01
7.764636773186053831e-02 9.986542785782898113e-02 2.802706797106990222e-01 5.422175246996115971e-01
8.908748837345875637e-02 1.205506479385245466e-01 2.680569300340827077e-01 5.223049336539339338e-01
9.877222687866746287e-02 1.416949146498601153e-01 2.530824264914831589e-01 5.064504319799890686e-01
1.073991631265273916e-01 1.620600790486182718e-01 2.383869473096574265e-01 4.921538105151965770e-01
1.147108922078630411e-01 1.803991737719973509e-01 2.263978705473642106e-01 4.784920634727751754e-01
1.204430858786833258e-01 1.920685696383507002e-01 2.192222620856485726e-01 4.682660823973170960e-01
1.233050885949442121e-01 1.939899244625303831e-01 2.156045430734978008e-01 4.671004438690275484e-01
1.241438694603900494e-01 1.829890399778728305e-01 2.143305174463716323e-01 4.785365731153655156e-01
1.246051398891470513e-01 1.609842826383001690e-01 2.151588226453846064e-01 4.992517548271682148e-01
1.263786241209071126e-01 1.328241103099946085e-01 2.177379062480461758e-01 5.230593593210524084e-01
1.294516668215313360e-01 1.068257883765806326e-01 2.178545460805104139e-01 5.458679987213778118e-01
1.336469918186792838e-01 8.490075840496100201e-02 2.130382136394967652e-01 5.684140361368629213e-01
1.354060577419360922e-01 6.724435837692024909e-02 2.030866293915241094e-01 5.942629544896194105e-01
1.311780287624171593e-01 5.375962509802224149e-02 1.897963742301076728e-01 6.252659719094528779e-01
1.197683260766581742e-01 4.204911853547820683e-02 1.769538420682290614e-01 6.612287133196345090e-01
1.043122874846519194e-01 3.219708148479681620e-02 1.639627243225108555e-01 6.995279067080405477e-01
8.851414024511837508e-02 2.421444595529055263e-02 1.507748755611311442e-01 7.364965382384600634e-01
7.511482676568456696e-02 1.837675857998981657e-02 1.381792195066318674e-01 7.683291951476939330e-01
6.508002853239738816e-02 1.445133586668659494e-02 1.266197308215184225e-01 7.938489047793978459e-01
5.814131841762073399e-02 1.178833017800680338e-02 1.159761792761805216e-01 8.140941721281920174e-01
5.341297856806985489e-02 9.795779474287155675e-03 1.063496680356559310e-01 8.304415739219869197e-01
4.997909802746487717e-02 8.343859631681676062e-03 9.921128190436721839e-02 8.424657604364855779e-01
4.626013197033900654e-02 7.456993134157006119e-03 9.565618551312324302e-02 8.506266893823807296e-01
4.025354423260218972e-02 6.680460323561752088e-03 9.252473164937810579e-02 8.605412637944575005e-01
3.206419229599776627e-02 5.678452073140786462e-03 8.659209185897634442e-02 8.756652637718851384e-01
2.405372099516252943e-02 4.663417627152764179e-03 7.894222713019075077e-02 8.923406342474936581e-01
1.793059497823821374e-02 3.899516592301885496e-03 7.247692058632070056e-02 9.056929678431393516e-01
4.710722978098188518e-01 6.866286264747957502e-02 4.355102913913495577e-01 2.475454815135234854e-02
5.505578084710603948e-01 2.482242249017662106e-01 1.367435162572960827e-01 6.447445036987731193e-02
4.935711036165904564e-01 2.934012904947189138e-01 1.620146246455208550e-01 5.101298124316976795e-02
4.382870497784147057e-01 3.313325463412717942e-01 1.888111967960962312e-01 4.156920708421706773e-02
3.914395436143058293e-01 3.605514091671883636e-01 2.129159934002087251e-01 3.509305381829701254e-02
3.551484397674987692e-01 3.831948727577024205e-01 2.306812435073664069e-01 3.097544396743216050e-02
3.294190629884869992e-01 4.019500539644753068e-01 2.398382208584711461e-01 2.879266218856653056e-02
3.128419646666178444e-01 4.187122217303001492e-01 2.403148923951951010e-01 2.813092120788673184e-02
3.027450752491891994e-01 4.349610172916842377e-01 2.338773135937421144e-01 2.841659386538441384e-02
2.960008110310661245e-01 4.532447654019067240e-01 2.221833604603050405e-01 2.857106310672211449e-02
2.836828537360255309e-01 4.805048076125095213e-01 2.079699584553409419e-01 2.784238019612399195e-02
2.628355229528794856e-01 5.147131774677884408e-01 1.957644900255393339e-01 2.668680955379279171e-02
2.370906715513700080e-01 5.492662030613691959e-01 1.875274204125605693e-01 2.611570497470032046e-02
2.131432052694922363e-01 5.760576884944828002e-01 1.836832048565494591e-01 2.711590137947548704e-02
1.936150069059315582e-01 5.924700088249406082e-01 1.837407122046332275e-01 3.017427206449467547e-02
1.784942251213662567e-01 6.003450735605820876e-01 1.862311439361348242e-01 3.492955738191666493e-02
1.673628605307739270e-01 6.040952672659518630e-01 1.886143804546265013e-01 3.992749174864724387e-02
1.592346371760896273e-01 6.079289628496474807e-01 1.895077624341294786e-01 4.332863754013345503e-02
1.526678706700769494e-01 6.124467566123081852e-01 1.903876407357354139e-01 4.449773198187943757e-02
1.466759422038314831e-01 6.161390929868455490e-01 1.928438219010138732e-01 4.434114290830903221e-02
1.406705715271460155e-01 6.193665546135401767e-01 1.958463078966974358e-01 4.411656596261588625e-02
1.360327515056751480e-01 6.203991610409163027e-01 1.983870202190702314e-01 4.518106723433844979e-02
1.365699046898845581e-01 6.108098161896796663e-01 2.033794851176227436e-01 4.924079400281307362e-02
1.473720271915822388e-01 5.766476526440170725e-01 2.168713592382565392e-01 5.910896092614430219e-02
1.696541107057759068e-01 5.081380314111730856e-01 2.440237551988035658e-01 7.818410268424759446e-02
2.072645830300308967e-01 4.050676793341102533e-01 2.781194841540839957e-01 1.095482534817747849e-01
2.556091183334067152e-01 2.956118440479942877e-01 2.972136440869666552e-01 1.515653935316323142e-01
3.134891873089089565e-01 2.055183488261885238e-01 2.866377122506396646e-01 1.943547516142629106e-01
3.830589369222391349e-01 1.426011900302904256e-01 2.539267442385054752e-01 2.204131288089651031e-01
4.717841698211457935e-01 1.012351967523463653e-01 2.113121145261999678e-01 2.156685189003079706e-01
5.667872819283975572e-01 7.567081039925065145e-02 1.736529637588861696e-01 1.838889439134651638e-01
6.496186259877982927e-01 6.088944671023471811e-02 1.458513098622791493e-01 1.436406174396878122e-01
7.025898941703604406e-01 5.414217784616635193e-02 1.318013731917631326e-01 1.114665547917099847e-01
7.284356006830173813e-01 5.220788821040159983e-02 1.275865553085613613e-01 9.176995579801998371e-02
7.307804306078179435e-01 5.419737474780329800e-02 1.333823997303813513e-01 8.163979491399737942e-02
7.094798226201578517e-01 6.141505509221414916e-02 1.520026002974766144e-01 7.710252199015130148e-02
6.547050299158082565e-01 7.771835000599990051e-02 1.907581155668203188e-01 7.681850451137162139e-02
5.613428025779909625e-01 1.070692841655616068e-01 2.518470787672091871e-01 7.974083448923828532e-02
4.382419783373376343e-01 1.501062254777428828e-01 3.290969283007501578e-01 8.255486788416917243e-02
3.113724744120081600e-01 2.046091746821804280e-01 4.043666343318593759e-01 7.965171657395214710e-02
2.131564671649332776e-01 2.657051924489331474e-01 4.521497202980355734e-01 6.898862008809801549e-02
1.479414214316226717e-01 3.370954050017546666e-01 4.596070064114790021e-01 5.535616715514361796e-02
1.079745849400312319e-01 4.147051508886834825e-01 4.333983711200623534e-01 4.392189305122288362e-02
8.065381560004332429e-02 4.957186689341722685e-01 3.874513161105040959e-01 3.617619935528016556e-02
6.177740190760544481e-02 5.779793005120337224e-01 3.286496864053103373e-01 3.159361117505035677e-02
4.853023230036950658e-02 6.627305532748213324e-01 2.597157217842322452e-01 2.902349264057699912e-02
3.999606840889582959e-02 7.419381240965661206e-01 1.903457447160968596e-01 2.772006277844118668e-02
3.607044131755159089e-02 8.033397229653644889e-01 1.335499610587358998e-01 2.703987465834778448e-02
3.739225303815582602e-02 8.421007150684338693e-01 9.401746986686874974e-02 2.648956202654180817e-02
4.304016555400086430e-02 8.605525541455195659e-01 7.024869064646856176e-02 2.615858965401091432e-02
5.485226218438953028e-02 8.626950765941818755e-01 5.564945684601330794e-02 2.680320437541543199e-02
7.180235007307651796e-02 8.527056730517723615e-01 4.663437117620190114e-02 2.885760569894936164e-02
9.427556254311901529e-02 8.302615788487872628e-01 4.186473629637101762e-02 3.359812231172299574e-02
1.253144747123938474e-01 7.920869923008584390e-01 4.015149299297558066e-02 4.244703999377216763e-02
1.654359393593586858e-01 7.379536991904183107e-01 4.008242518514641001e-02 5.652793626507651714e-02
2.060321884070994980e-01 6.763392298616088816e-01 4.104314232395890605e-02 7.658543940733227029e-02
2.345725722942052782e-01 6.205150030779402748e-01 4.287495155341979058e-02 1.020374730744348091e-01
2.476345781269614077e-01 5.769463032156953997e-01 4.516678623447777791e-02 1.302523324228656021e-01
2.537588586048920569e-01 5.408183948136118246e-01 4.751392460258596628e-02 1.579088219789103742e-01
2.677110628619505106e-01 4.989880799238491926e-01 4.984003222735312183e-02 1.834608249868474039e-01
3.043050679770630818e-01 4.370580221516998654e-01 5.156141581125062850e-02 2.070754940599866256e-01
3.673715185648502302e-01 3.533458636327108660e-01 5.094277790012079893e-02 2.283398399023181258e-01
4.402136716353595158e-01 2.656183540476173555e-01 4.671207741437088251e-02 2.474558969026520727e-01
4.928919814411581446e-01 1.956434008770069899e-01 4.050148369969139295e-02 2.709631339821433338e-01
5.079256767394969563e-01 1.483183809456142255e-01 3.408088694475401581e-02 3.096750553701347886e-01
4.829793123710829916e-01 1.197462598634382036e-01 2.931568115483079023e-02 3.679587466106479798e-01
4.377215635021214357e-01 1.012343937748182432e-01 2.658787333407948428e-02 4.344561693889809617e-01
3.971544106813689745e-01 9.027634676917965784e-02 2.648068207825686124e-02 4.860885604711945862e-01
3.846204439246811435e-01 8.009182110563163592e-02 2.700515859640853153e-02 5.082825763732785607e-01
4.037753662246942876e-01 6.964236497246510671e-02 2.790726676608057746e-02 4.986750020367600178e-01
4.498548244370537685e-01 5.922277624146472103e-02 2.904394906522023492e-02 4.618784502562611194e-01
5.148868894805879171e-01 4.912198701509744303e-02 3.011937485787105281e-02 4.058717486464434310e-01
2.529352486969829034e-02 7.171047943943377190e-01 2.131030044414095326e-01 4.449867629455442342e-02
4.740873536265518585e-03 9.321834649236266923e-01 5.805541037632178797e-02 5.020251163785904858e-03
4.042715660211576058e-03 9.334468930146331278e-01 5.829685298453735759e-02 4.213538340618309778e-03
3.929346349413030855e-03 9.278246687241208379e-01 6.409973434349815202e-02 4.146250582967771041e-03
4.142706152841384853e-03 9.158306009424791450e-01 7.547269873921057248e-02 4.553994165468811840e-03
4.603241721943788708e-03 8.979607389536266027e-01 9.209535352625677906e-02 5.340665798172779255e-03
5.491851884654512690e-03 8.728279848250319883e-01 1.149005769805195309e-01 6.779586309793837057e-03
6.937210448725516024e-03 8.405610087135263475e-01 1.434420602890769392e-01 9.059720548671290966e-03
9.549440670779896223e-03 8.032329540287388436e-01 1.752178524823944095e-01 1.199975281808713691e-02
1.204597662945172155e-02 7.659298559579726939e-01 2.071885914939726181e-01 1.483557591860309305e-02
1.506160097745054376e-02 7.295872543854442505e-01 2.378871882129574289e-01 1.746395642414746638e-02
1.906767271772151495e-02 6.935299347111099078e-01 2.671227497130876927e-01 2.027964285808082218e-02
2.464432407571215053e-02 6.567185027236902561e-01 2.950283430631472359e-01 2.360883013745032274e-02
3.220326156510874838e-02 6.195267857516145726e-01 3.209232380646440119e-01 2.734671461863265318e-02
4.144699475096292468e-02 5.847708831015684394e-01 3.426827121865290149e-01 3.109940996093975632e-02
5.100940811551190474e-02 5.562543172484353260e-01 3.580975772442459570e-01 3.463869739180715918e-02
5.931044033726966952e-02 5.347670974457041648e-01 3.677800418731199672e-01 3.814242034390606662e-02
6.563067572690174656e-02 5.156954420453120358e-01 3.764144723028602924e-01 4.225940992492586284e-02
6.954199209283587479e-02 4.933097569851168096e-01 3.887121613142587306e-01 4.843608960778858497e-02
7.046480877227585815e-02 4.662534795965729839e-01 4.039686803007973004e-01 5.931303133035379510e-02
6.885567391948974048e-02 4.376318586233329810e-01 4.177353987740030083e-01 7.577706868317435340e-02
6.649718882112187757e-02 4.064818263135501764e-01 4.326184665493768011e-01 9.440251831595128373e-02
6.473539480913109712e-02 3.723331788807833775e-01 4.508912826581102373e-01 1.120401436519752325e-01
6.402618672764880114e-02 3.401700013814760726e-01 4.687654151333420782e-01 1.270383967575328676e-01
6.459208013037422147e-02 3.127887407279358878e-01 4.836465028720696724e-01 1.389726762696199824e-01
6.667546325289598619e-02 2.892815366143471900e-01 4.953503227846642321e-01 1.486926773480927721e-01
7.052624663255034621e-02 2.689835544777621767e-01 5.033037736651073679e-01 1.571864252245803451e-01
7.588036427000030559e-02 2.522518710957509236e-01 5.061477159950958926e-01 1.657200486391527117e-01
8.130627202838830447e-02 2.386440706733552464e-01 5.045746282648114756e-01 1.754750290334446960e-01
8.567964356537724480e-02 2.265420580902027803e-01 5.021170794746885324e-01 1.856612188697314980e-01
8.932204143619962289e-02 2.157900179814917219e-01 5.009501379760458173e-01 1.939378026062627547e-01
9.267764999459540687e-02 2.082656218909576529e-01 5.010319376289120719e-01 1.980247904855351460e-01
9.536143750257372598e-02 2.064893654129507095e-01 5.013086121886536350e-01 1.968405848958217907e-01
9.742042830415044430e-02 2.126296954215310397e-01 4.993748879138678598e-01 1.905749883604508643e-01
9.941670699648262610e-02 2.272300424301813837e-01 4.926880672444052811e-01 1.806651833289308617e-01
9.979976362530119938e-02 2.487463314959857674e-01 4.818661861829349746e-01 1.695877186957781557e-01
9.575139307600742666e-02 2.727281307851772141e-01 4.726514114509086095e-01 1.588690646879068746e-01
8.667268735120303713e-02 2.928056517354086230e-01 4.722603030531021262e-01 1.482613578602860471e-01
7.384818561147633853e-02 3.027386081499249815e-01 4.852153920256427333e-01 1.381978142129562104e-01
5.932926476495249679e-02 2.986033153619042646e-01 5.120776534763380461e-01 1.299897663968052897e-01
4.535469152800983977e-02 2.816195318664783676e-01 5.482241034220836085e-01 1.248016731834282189e-01
3.381384494719915507e-02 2.604010981001064762e-01 5.829940942634677103e-01 1.227909626892267625e-01
2.525650800433377335e-02 2.451810662276661390e-01 6.077209009360510228e-01 1.218415248319492106e-01
1.910055308427986015e-02 2.410398437290287577e-01 6.219218173177217812e-01 1.179377858689694414e-01
1.468858930232705071e-02 2.480214523824216255e-01 6.285688217418898827e-01 1.087211365733615487e-01
1.163168295205622461e-02 2.632873348998256979e-01 6.292474838270315507e-01 9.583349832108652155e-02
9.720862065506758257e-03 2.833849242129172774e-01 6.235652106661612182e-01 8.332900305541464381e-02
8.735989388002903672e-03 3.033041458615274300e-01 6.138781758065967598e-01 7.408168894387279213e-02
8.266263726725016359e-03 3.134674088546276494e-01 6.100380094634885175e-01 6.822831795515862940e-02
7.853362088407766367e-03 3.046694491977991470e-01 6.227188409616879472e-01 6.475834775210506655e-02
7.154896417041170693e-03 2.737565115095371149e-01 6.564393926396391299e-01 6.264919943378276235e-02
6.084480212080680891e-03 2.281048165225346147e-01 7.049983303851994343e-01 6.081237288018487980e-02
4.997889775570546304e-03 1.861659071766201268e-01 7.498071254528707597e-01 5.902907759493828538e-02
4.241894553902112938e-03 1.600220732284152458e-01 7.787635840922126906e-01 5.697244812546983089e-02
3.847432875954702892e-03 1.485637352267410449e-01 7.941031991037168503e-01 5.348563279358738154e-02
3.700356672742927903e-03 1.457119167195255749e-01 8.018415237503122572e-01 4.874620285741931153e-02
3.610670424985189253e-03 1.438276964210105646e-01 8.089236268614278247e-01 4.363800629257652552e-02
3.455797304759976839e-03 1.374943111751526226e-01 8.203041085453988135e-01 3.874578297468840582e-02
3.243751236900648850e-03 1.259816897990442552e-01 8.358117459745687539e-01 3.496281298948614863e-02
3.023834042772633075e-03 1.105464261548191190e-01 8.530080206753890559e-01 3.342171912701943221e-02
2.840773191975473708e-03 9.300466628091158539e-02 8.690285257812111475e-01 3.512603474590178521e-02
2.734303400338707057e-03 7.506077403562379236e-02 8.812113423610783425e-01 4.099358020295924832e-02
2.755396014911594763e-03 5.863262144816801247e-02 8.861002553875090282e-01 5.251172714941131081e-02
2.980229903969419756e-03 4.571219285208578953e-02 8.793220551074133473e-01 7.198552213653139353e-02
3.152208774564268286e-03 3.662558956132818538e-02 8.587146738177072747e-01 1.015075278464003111e-01
4.711540179700293880e-03 3.042557196248479867e-02 8.226030863276655447e-01 1.422598015301492491e-01
7.043726538992151412e-03 2.731130525138817516e-02 7.719583958587996619e-01 1.936865723508197079e-01
1.170014889352006225e-02 2.642115490414792545e-02 7.117119544258191377e-01 2.501667417765129908e-01
2.070202479722357131e-02 2.725059534212885895e-02 6.460689376019167485e-01 3.059784422587306651e-01
3.600602411222192378e-02 2.945932263391312297e-02 5.762840640105447720e-01 3.582505892433202055e-01
5.808596828059609668e-02 3.232213795272387280e-02 5.055125094583200474e-01 4.040793843083596570e-01
8.662210172163468946e-02 3.474534403855579490e-02 4.353306319431042848e-01 4.433019222967051198e-01
6.466779970363680657e-03 7.416574049839113059e-01 1.423049221224320926e-01 1.095708929232926954e-01
4.447268779223306420e-03 7.856080614105237503e-01 1.403806594668369490e-01 6.956401034341611056e-02
2.884616610386962765e-03 8.163847921943994113e-01 1.398944077968910793e-01 4.083618339832236627e-02
1.884429309432575014e-03 8.286696525361205712e-01 1.466584194093603910e-01 2.278749874508653392e-02
1.374316534855478476e-03 8.192312786671102076e-01 1.666780177922004280e-01 1.271638700583378745e-02
1.297329278684418918e-03 7.877728418644330821e-01 2.033560171485356560e-01 7.573811708346632823e-03
6.774797434869678833e-04 7.368615950541600457e-01 2.574324588553583704e-01 5.028466346994659233e-03
5.962603898451530535e-04 6.740780622416050472e-01 3.214334537138192616e-01 3.892223654730519143e-03
6.172494862176245919e-04 6.195171279236600936e-01 3.762708142946820655e-01 3.594808295440509848e-03
7.492657628305842256e-04 5.881782904788894761e-01 4.070928755719041003e-01 3.979568186376123036e-03
1.020633360509794283e-03 5.771613794655955365e-01 4.167566614452062335e-01 5.061325728688339902e-03
1.566182117086940351e-03 5.805209559916074680e-01 4.105481684853867219e-01 7.364693405919113707e-03
2.718596431564383829e-03 5.913295875731837681e-01 3.937444656290481348e-01 1.220735036620350031e-02
5.141814441021078791e-03 5.942659824483953468e-01 3.783309263371866793e-01 2.226127677339695757e-02
9.997955650271603267e-03 5.730333079342052605e-01 3.743807718118150052e-01 4.258796460370777026e-02
1.819235782502527307e-02 5.215902650875181568e-01 3.803007780900723445e-01 7.991659899738430550e-02
3.115489841985161559e-02 4.367094352713611904e-01 3.906385928036065214e-01 1.414970735051808148e-01
4.605397969781168527e-02 3.324252303191501667e-01 3.846683126579020784e-01 2.368524773251362292e-01
5.775003744929500110e-02 2.245003286516706886e-01 3.464046540965464716e-01 3.713449798024877624e-01
6.013120481408487650e-02 1.336311697827453626e-01 2.841525752272003880e-01 5.220850501759694007e-01
5.304245649240246080e-02 7.633598199332071454e-02 2.245392854872296506e-01 6.460822760270468201e-01
4.496440979383907466e-02 4.490020260603375807e-02 1.819470933081421826e-01 7.281882942919849500e-01
3.809466054418254172e-02 2.856763745911441998e-02 1.531039057526557556e-01 7.802337962440472063e-01
3.005560906526032472e-01 1.277645872736661858e-01 9.238472183135207350e-02 4.792946002423785212e-01
2.960473866898346573e-01 1.543180874016279736e-01 1.038772411790439276e-01 4.457572847294935525e-01
2.924268428409067533e-01 1.786027834680816440e-01 1.133271106106277654e-01 4.156432630803836847e-01
2.923349955517029475e-01 1.961707635823744522e-01 1.193911544511244982e-01 3.921030864147980743e-01
2.972992948592725893e-01 2.032949154607597564e-01 1.219687810005610912e-01 3.774370086794066603e-01
3.080972875014127976e-01 1.992829947538536928e-01 1.215386122357592497e-01 3.710811055089741073e-01
3.242413305657118050e-01 1.865386879510071982e-01 1.188792142899287585e-01 3.703407671933523493e-01
3.446081227102721911e-01 1.678644070813276601e-01 1.147175932618729882e-01 3.728098769465270079e-01
3.679124826873969578e-01 1.446399805729014776e-01 1.090739459141545908e-01 3.783735908255472236e-01
3.897459654616276525e-01 1.186658213683998431e-01 1.015571898609179402e-01 3.900310233090544809e-01
3.994928028620148841e-01 9.399978829417490744e-02 9.292293041797949904e-02 4.135844784258307372e-01
3.853758209428450598e-01 7.467543056229572485e-02 8.526197939391964853e-02 4.546867691009395251e-01
3.475349335078283253e-01 6.283255576107091289e-02 8.017580405170061930e-02 5.094567066794003507e-01
3.063222392613935696e-01 5.796995272639283991e-02 7.568085782945034590e-02 5.600269501827634944e-01
2.757801730359594194e-01 5.942639594017332799e-02 7.036143542568655540e-02 5.944319955981807180e-01
2.540475791388953075e-01 6.705423519366383867e-02 6.495829936401038840e-02 6.139398863034307707e-01
2.369395983737568046e-01 8.072273401074039900e-02 5.950362649398494019e-02 6.228340411215176342e-01
2.209514190139810763e-01 9.967870631775470336e-02 5.301857779407759264e-02 6.263512968741867804e-01
2.048124567111586081e-01 1.228287696505647314e-01 4.503915615864845928e-02 6.273196174796283886e-01
1.914834216937341405e-01 1.496365598919352502e-01 3.661155439306765236e-02 6.222684640212629015e-01
1.854670958619601406e-01 1.796275806912589201e-01 2.944417463449520642e-02 6.054611488122854102e-01
1.881160931157292437e-01 2.106132631530782950e-01 2.456057936047328916e-02 5.767100643707191443e-01
1.965004773588117093e-01 2.384578488846695599e-01 2.196791126940731212e-02 5.430737624871114777e-01
2.066382067294341707e-01 2.599171050177003783e-01 2.105860814252944260e-02 5.123860801103358176e-01
2.166320062544313252e-01 2.738616220233462961e-01 2.098608615263396204e-02 4.885202855695880420e-01
2.268273126453502209e-01 2.809344518192726237e-01 2.096918350685116408e-02 4.712690520285260365e-01
2.383829206640038778e-01 2.835116844942279779e-01 2.062241021038317690e-02 4.574829846313847592e-01
2.508644273536477787e-01 2.825602900973917531e-01 2.000317504909898333e-02 4.465721074998613704e-01
2.619998046200753272e-01 2.754221132361880375e-01 1.944983805452336206e-02 4.431282440892133634e-01
2.712126225314522854e-01 2.593680439682026218e-01 1.915872961419843451e-02 4.502606038861465265e-01
2.789278944016797546e-01 2.345453987984690569e-01 1.923728140892173866e-02 4.672894253909296580e-01
2.842423983825569378e-01 2.038862479337638645e-01 1.992064377361928845e-02 4.919507099100601244e-01
2.844146261703413003e-01 1.746301597437012187e-01 2.156903316388301267e-02 5.193861809220744474e-01
2.753899834838695604e-01 1.531742116555852573e-01 2.469154261783796170e-02 5.467442622427074461e-01
2.540683321681568851e-01 1.391138017847819708e-01 2.978293514786058138e-02 5.770349308992007709e-01
2.196815215033398883e-01 1.267863657540465872e-01 3.665512249206497042e-02 6.168769902505489844e-01
1.738308352029106774e-01 1.102124804810484110e-01 4.381557296448957556e-02 6.721411113515511904e-01
1.234058026257680435e-01 8.743049026881889729e-02 4.861610277652964746e-02 7.405476043288834465e-01
7.816212002550927684e-02 6.172716770328300767e-02 4.864952197269425266e-02 8.114611902985132685e-01
4.472484893491981972e-02 3.863274780294134042e-02 4.376841818130942918e-02 8.728739850808298062e-01
2.400350406439621248e-02 2.194323534553297220e-02 3.654095564760104914e-02 9.175123049424697141e-01
1.288243516348469911e-02 1.189036348649981367e-02 2.968441015404924693e-02 9.455427911959662923e-01
7.283278410852885368e-03 6.422552714879499990e-03 2.422965703916704627e-02 9.620645118351002223e-01
4.405616951461615444e-03 3.563028052058700434e-03 2.020841031793419243e-02 9.718229446785457970e-01
2.835541923474616238e-03 2.078193859790336464e-03 1.726309971525564688e-02 9.778231645014792139e-01
1.513786503638368678e-03 1.144734087514966310e-03 1.514245982414619274e-02 9.821990195847004612e-01
1.127044772621788602e-03 7.986059268870480997e-04 1.352947188351243460e-02 9.845448774169786033e-01
9.046657847970113664e-04 6.059195264984079243e-04 1.254033359492312885e-02 9.859490810937813210e-01
7.931689506323246147e-04 4.931235854697533410e-04 1.223345720647564527e-02 9.864802502574221421e-01
7.662982027964670116e-04 4.252104545332641389e-04 1.267013443556355180e-02 9.861383569071067168e-01
8.045465576549456089e-04 3.888683517122656528e-04 1.382380684581983009e-02 9.849827782448129510e-01
8.987066644076224364e-04 3.811247933321694264e-04 1.561857721029177339e-02 9.831015913319687272e-01
1.033459850770876301e-03 3.975100526449958462e-04 1.784259508817729808e-02 9.807264350084068383e-01
1.185080251826128124e-03 4.285335748268437155e-04 2.023136728122435640e-02 9.781550188921227518e-01
1.347312243351356242e-03 4.733717860201051690e-04 2.280170181964139356e-02 9.753776141509871156e-01
1.532001894315479810e-03 5.416950222545353693e-04 2.585390185571048022e-02 9.720724012277194293e-01
1.741019739134405057e-03 6.447583653545259797e-04 2.962842923408869414e-02 9.679857926614221508e-01
1.947352061740970260e-03 7.804125205577368577e-04 3.386775647452589660e-02 9.634044789431751576e-01
2.084202714295451189e-03 9.106122430817435243e-04 3.756309668403631091e-02 9.594420883585866866e-01
2.100806552058288174e-03 9.884898052642055247e-04 3.989002257012702612e-02 9.570206810725504498e-01
2.019173596715413167e-03 1.009742385333263449e-03 4.107338461616893976e-02 9.558976994017823747e-01
1.554697580656553288e-03 4.774347510430516938e-04 4.204430510397121068e-02 9.559235625643293099e-01
1.364008095338393751e-03 4.252261268557423930e-04 4.353235686383122999e-02 9.546784089139745966e-01
1.211424619044233200e-03 3.806163540699781058e-04 4.656941659602418376e-02 9.518385424308614118e-01
1.102274415969414821e-03 3.506660527849505844e-04 5.157692755142345015e-02 9.469701319798219386e-01
1.049626747895644188e-03 3.451229266138041395e-04 5.885921567190211673e-02 9.397460346535886355e-01
1.079193714375602936e-03 3.802338069826159336e-04 6.929140315393779448e-02 9.292491693247040274e-01
1.229205513276390932e-03 4.797404645060332311e-04 8.506263307571051979e-02 9.132284209465074687e-01
1.563330257228922552e-03 6.874123028406897923e-04 1.099964935958467477e-01 8.877527638440838587e-01
2.158971166289718087e-03 1.067864148802398754e-03 1.491321865464792507e-01 8.476409781384285358e-01
2.146871331855577155e-03 1.539616050749727065e-03 2.082486978391832055e-01 7.880648147782116641e-01
2.922479475480475267e-03 2.367476579749375112e-03 2.927871873995293583e-01 7.019228565452408919e-01
3.924551003202824372e-03 3.661151319374009953e-03 4.019625441020260870e-01 5.904517535753971424e-01
5.165119684037628757e-03 5.664175209421752101e-03 5.217371048331950201e-01 4.674336002733453510e-01
7.031828567596524852e-03 8.704795425943549075e-03 6.308827843865857377e-01 3.533805916198740071e-01
8.541638660170521383e-03 1.311845256526106632e-02 7.142868511590048097e-01 2.640530576155638021e-01
1.068754648288188988e-02 1.962975370830171568e-02 7.677311687566674703e-01 2.019515310521491080e-01
1.351976588522746554e-02 2.883020655116298042e-02 7.969501632518176670e-01 1.606998643117917847e-01
1.722322670961555849e-02 4.114031630394405364e-02 8.093782968454897864e-01 1.322581601409503205e-01
2.195610044327563765e-02 5.739170007611418822e-02 8.080741538746271102e-01 1.125780456059829737e-01
2.743055903708293761e-02 7.836728094273295864e-02 7.942552929556669916e-01 9.994686706451666458e-02
3.319964376519454752e-02 1.036704410778768320e-01 7.712562188841235455e-01 9.187369627280522755e-02
3.922790734359877379e-02 1.328387812960328818e-01 7.417080505745621277e-01 8.622526078580595998e-02
4.573923032294159585e-02 1.655483088575683825e-01 7.070254213844332503e-01 8.168703943505679910e-02
5.307982385293503330e-02 2.008554349629925739e-01 6.683988078335899585e-01 7.766593335048233016e-02
6.128189829044357329e-02 2.373487557735792230e-01 6.265960584157301838e-01 7.477328752024646474e-02
6.943430698243954757e-02 2.728671682378425722e-01 5.843656162421458911e-01 7.333290853757168382e-02
7.583649335339007203e-02 3.058704904254375689e-01 5.454444720145281700e-01 7.284854420664430008e-02
7.857752135875904764e-02 3.358122833379512118e-01 5.119380719947312919e-01 7.367212330855818503e-02
