8.135932343203641226e-01 1.650730491146487275e-02 7.088408272101129858e-03 1.628110524960701133e-01
7.184366536458224040e-02 1.728036627768777811e-01 3.541644852702910962e-01 4.011881865882489517e-01
7.012418316245078165e-02 1.826370047028499366e-01 3.387278788226025239e-01 4.085109333120974240e-01
6.737188760985556024e-02 1.861759089581510596e-01 3.207538454613885759e-01 4.256983579706049570e-01
6.358485546444161973e-02 1.808391567777320463e-01 3.036605934051281874e-01 4.519153943526976192e-01
5.959678516967922141e-02 1.696811355184681958e-01 2.904379977362048226e-01 4.802840815756477810e-01
5.621795488243448713e-02 1.598392397771398188e-01 2.844220406530771350e-01 4.995207646873486285e-01
5.398656275099898705e-02 1.581377162336618236e-01 2.874266943710843680e-01 5.004490266442546131e-01
5.310602082246584921e-02 1.674334801441180465e-01 2.982344230436071442e-01 4.812260759898090989e-01
5.331323362361222590e-02 1.860333331588786276e-01 3.135230244765491170e-01 4.471304087409596617e-01
5.423749843796595027e-02 2.113909531491818816e-01 3.298815458832846104e-01 4.044900025295680712e-01
5.553851056921924045e-02 2.423754637838572701e-01 3.435172005269783169e-01 3.585688251199453114e-01
5.684728733744066898e-02 2.772428490327215056e-01 3.508475087126167180e-01 3.150623549172210658e-01
5.760614399419700798e-02 3.118692923525096528e-01 3.519084060809240522e-01 2.786161575723693495e-01
5.835872018628777969e-02 3.449302809353703703e-01 3.464422025098966018e-01 2.502687963684452344e-01
5.936824851117948609e-02 3.738135675598036611e-01 3.376684934461803844e-01 2.291496904828365655e-01
6.151302058314443710e-02 3.971896632197724486e-01 3.264694101644531887e-01 2.148279060326302170e-01
6.538236374408201712e-02 4.132582332561920979e-01 3.143511492475017932e-01 2.070082537522240362e-01
7.077838307883128899e-02 4.223408995385029563e-01 3.033218329204460106e-01 2.035588844622199800e-01
7.645971141864854603e-02 4.262955623165858854e-01 2.956598368766607532e-01 2.015848893881051762e-01
8.077246994767686705e-02 4.255421312705887638e-01 2.930067782903391094e-01 2.006786204913954541e-01
8.273238952008936387e-02 4.193351352946161903e-01 2.955686197819296646e-01 2.023638554033648784e-01
8.270089305915989675e-02 4.066690171933237119e-01 3.033959238276319748e-01 2.072341659198842778e-01
8.195587171484465527e-02 3.854577931298098781e-01 3.177938895458040647e-01 2.147924456095415824e-01
8.241371527106589046e-02 3.578732851570229356e-01 3.352320734005724279e-01 2.244809261713387738e-01
8.618895460158101929e-02 3.319775390572824447e-01 3.473425457075562939e-01 2.344909606335804919e-01
9.536704324674408206e-02 3.126949869908654533e-01 3.490632834933521944e-01 2.428746862690381314e-01
1.124179800773166676e-01 3.000398879515369654e-01 3.384963373375725615e-01 2.490457946335736528e-01
1.398527051252650422e-01 2.929340119866393199e-01 3.148536820043069118e-01 2.523596008837887816e-01
1.771408228385223105e-01 2.912954888432677802e-01 2.803449582948212004e-01 2.512187300233890141e-01
2.234554721827191615e-01 2.920479271974670832e-01 2.403151232870536780e-01 2.441814773327601606e-01
2.728015068614005334e-01 2.964969871354533604e-01 1.998085756194844242e-01 2.308929303836617097e-01
3.251225323425445679e-01 3.016221207606559762e-01 1.614610134885436088e-01 2.117943334082560136e-01
3.757535691778188247e-01 3.071757365574063203e-01 1.282932160111560915e-01 1.887774782536187079e-01
4.220876921311804697e-01 3.117034115514420445e-01 1.014023461652538427e-01 1.648065501521236986e-01
4.665873589990109371e-01 3.112427214576362067e-01 8.043159915433284457e-02 1.417383203890200394e-01
5.148035123151125658e-01 3.010365691404732202e-01 6.411694756190323974e-02 1.200429709825110020e-01
5.704826759640150291e-01 2.784951421812352224e-01 5.111705024038935841e-02 9.990513161436041789e-02
6.343261909095254669e-01 2.436192465690389664e-01 4.056301565694397232e-02 8.149154686449182339e-02
7.026101211232316235e-01 2.001812514554595079e-01 3.196182582186208460e-02 6.524680159944683255e-02
7.605373622798390354e-01 1.599413038244147378e-01 2.710288050897762674e-02 5.241845338676864863e-02
8.009306606458346245e-01 1.295887451041505545e-01 2.549413763360960233e-02 4.398645661640502441e-02
8.213088774685696203e-01 1.119371184579445039e-01 2.719598156628328864e-02 3.955802250720249352e-02
8.267820117055970641e-01 1.041729192301477369e-01 3.200253195208999785e-02 3.704253711216539541e-02
8.226677133923370189e-01 1.027445428070684619e-01 4.003788746735255366e-02 3.454985633324189620e-02
8.082502199765533302e-01 1.072628136118670972e-01 5.249229631524857109e-02 3.199467009633085585e-02
7.815570384769260359e-01 1.182539026352316391e-01 7.048669448127430071e-02 2.970236440656821159e-02
7.438484880459267368e-01 1.343523796041863616e-01 9.404764572250894072e-02 2.775148662737789151e-02
7.017905401994953829e-01 1.510520410813208370e-01 1.210059054746337459e-01 2.615151324455049220e-02
6.577929864501633750e-01 1.690055533815216782e-01 1.480981010526793706e-01 2.510335911563591274e-02
6.141089136982035290e-01 1.893688144614348590e-01 1.720646689800295337e-01 2.445760286033209913e-02
5.674361887085977996e-01 2.166502521069043896e-01 1.919851543295232887e-01 2.392840485497478575e-02
5.106146000568778653e-01 2.552943593527118304e-01 2.106677800678226631e-01 2.342326052258744337e-02
4.424152855170852550e-01 3.028098353962344613e-01 2.318593197672815798e-01 2.291555931939863108e-02
3.730730314374012258e-01 3.492798244933962293e-01 2.555364368065488612e-01 2.211070726265352768e-02
3.118368688194881888e-01 3.871786195901689154e-01 2.801069665156614708e-01 2.087754507468164711e-02
2.601788681374387346e-01 4.142795377232476595e-01 3.061057044757202750e-01 1.943588966359313663e-02
2.168843941263957908e-01 4.296361164119210097e-01 3.353099696894540349e-01 1.816951977222915765e-02
1.822943141071279582e-01 4.335517989647553194e-01 3.665117635995251422e-01 1.764212332859144833e-02
1.570865867903905033e-01 4.298454419352307210e-01 3.944103853525104397e-01 1.865758592186850598e-02
1.392476957974130292e-01 4.272532719155589520e-01 4.120238493456311879e-01 2.147518294139703215e-02
1.237636333189015836e-01 4.390667870043699073e-01 4.116823829703314952e-01 2.548719670639724988e-02
1.080466574013135422e-01 4.735260348455529456e-01 3.887804682382062782e-01 2.964683951492726177e-02
9.247057421640196562e-02 5.296094307789667166e-01 3.452839019006029853e-01 3.263609310402804109e-02
7.778566906997190500e-02 6.016329600341646655e-01 2.871019496567698281e-01 3.347942123909343481e-02
6.427519486884966660e-02 6.827508853535659838e-01 2.208308277595402713e-01 3.214309201804447375e-02
5.287041924212669552e-02 7.609202142094746435e-01 1.565868815479089515e-01 2.962248500048988292e-02
4.583849146302904076e-02 8.214017177545893666e-01 1.054939819562248776e-01 2.726580882615657619e-02
4.132520076084823801e-02 8.619081000469697162e-01 7.127858712993122292e-02 2.548811206225067363e-02
4.108015602132748106e-02 8.845704073167894865e-01 4.965235070422548830e-02 2.469708595765770370e-02
4.408219897483378613e-02 8.943505773386936086e-01 3.675094099902281863e-02 2.481628268744999477e-02
5.109696172692624466e-02 8.936877911405479713e-01 2.958915259123136993e-02 2.562609454129452860e-02
4.651571432955967089e-02 9.859322974886950471e-04 9.362636977096119306e-01 1.623465566333967200e-02
5.469101199510776334e-01 2.029084056793210855e-01 6.921295018784921760e-02 1.809685241817519108e-01
5.354935143751433646e-01 2.418860760447534008e-01 6.751327129741613309e-02 1.551071382826869904e-01
4.954612126836061559e-01 2.984442176702361560e-01 6.939972255891090069e-02 1.366948470872467458e-01
4.356820610217443379e-01 3.661015069886742190e-01 7.384720856444733361e-02 1.243692234251340956e-01
3.704264971334941814e-01 4.321039502275435540e-01 8.013816686811993384e-02 1.173313857708420671e-01
3.175265005562100118e-01 4.787593140922595247e-01 8.779737419150325517e-02 1.159168111600271250e-01
2.845986844937177795e-01 4.964523654045939760e-01 9.716590283242984571e-02 1.217830472692583987e-01
2.684365114647246919e-01 4.852813822712424563e-01 1.086671750870436687e-01 1.376149311769893635e-01
2.612931193441072053e-01 4.521190504196609394e-01 1.214662445775392258e-01 1.651215856586928377e-01
2.564469011032248225e-01 4.065633293047168917e-01 1.335883592460464231e-01 2.034014103460112244e-01
2.521025894361330622e-01 3.561637810808665483e-01 1.426511420914556572e-01 2.490824873915444271e-01
2.498069094023616099e-01 3.052385826083354736e-01 1.468902857087960034e-01 2.980642222805071628e-01
2.501558766784325316e-01 2.570057844540542535e-01 1.464689319687136337e-01 3.463694068987995256e-01
2.516715364015639778e-01 2.150266910558582267e-01 1.433753567465862189e-01 3.899264157959914656e-01
2.534828325005720195e-01 1.827044281194887543e-01 1.399634091002918967e-01 4.238493302796476625e-01
2.580235275081351753e-01 1.612211102421909348e-01 1.379928363994646912e-01 4.427625258502090322e-01
2.686937720116181483e-01 1.492716635356147181e-01 1.381963022774287120e-01 4.438382621753382273e-01
2.866095691550898938e-01 1.444794319287792395e-01 1.399334290943254344e-01 4.289775698218053490e-01
3.098747371450845112e-01 1.447251869407946978e-01 1.417640626249823121e-01 4.036360132891386177e-01
3.346774159541857641e-01 1.490351232305673623e-01 1.431706915301549921e-01 3.731167692850915762e-01
3.564269955323829953e-01 1.572948003340532142e-01 1.449349922445619387e-01 3.413432118890020184e-01
3.700279218047134444e-01 1.668405993893809225e-01 1.470952113179395393e-01 3.160362674879657607e-01
3.708683338063014645e-01 1.728971913754921985e-01 1.509170090800596997e-01 3.053174657381466650e-01
3.578028920397471335e-01 1.728414483422492098e-01 1.585985842998927642e-01 3.107570753181110867e-01
3.357786910413438908e-01 1.663658581755974308e-01 1.702682840560023059e-01 3.275871667270566223e-01
3.054093258700227298e-01 1.547970012735639112e-01 1.867141123194291097e-01 3.530795605369843049e-01
2.636814012632042181e-01 1.394797298477346570e-01 2.100206227860128561e-01 3.868182461030483243e-01
2.122532761749393038e-01 1.209826701329658194e-01 2.399804544341124501e-01 4.267835992579822602e-01
1.606757679981311027e-01 9.919455920816092065e-02 2.732439346354554321e-01 4.668857381582522947e-01
1.182276203022855493e-01 7.761042012141050606e-02 3.040290138888255833e-01 5.001329456874782364e-01
8.645106777536074039e-02 5.885485732133528824e-02 3.301265735597982420e-01 5.245675013435058265e-01
6.375369553015831914e-02 4.347454179687303827e-02 3.502896646495087252e-01 5.424820980234598133e-01
4.736565925151837997e-02 3.240581735739526265e-02 3.618637204633011195e-01 5.583648029277855640e-01
3.559230198824127334e-02 2.475930620126532214e-02 3.629487401556510950e-01 5.766996516548422713e-01
2.756064738176422502e-02 1.945972931774677533e-02 3.549850237512107154e-01 5.979945995492784716e-01
2.285734800436613548e-02 1.620931301004016264e-02 3.424678937053640682e-01 6.184654452802295088e-01
2.123903889116121602e-02 1.507387488733975475e-02 3.323610113042807512e-01 6.313260749172180386e-01
2.237091728836435728e-02 1.605016964623590114e-02 3.301185057078662721e-01 6.314604073575333931e-01
2.578434010604266705e-02 1.905581817427881228e-02 3.353685220958778634e-01 6.197913196238007405e-01
3.070892853762328609e-02 2.409695429550118631e-02 3.417526059051724796e-01 6.034415112617032007e-01
3.651489962177469073e-02 3.127944271023367501e-02 3.441863278091660816e-01 5.880193298588254347e-01
4.369659634767082690e-02 4.070483314817021497e-02 3.437881696594286551e-01 5.718104008447298936e-01
5.347566330044617455e-02 5.229493672152867034e-02 3.439044247586490743e-01 5.503249752193760669e-01
6.615737207368178885e-02 6.589005145354544235e-02 3.442271494582713753e-01 5.237254270145015322e-01
8.027580293802316636e-02 8.102028224364433984e-02 3.413791955231452735e-01 4.973247192951869566e-01
9.434803955010569176e-02 9.601895141838329151e-02 3.324910263654780596e-01 4.771419826660331376e-01
1.061400201336344523e-01 1.112654649765367765e-01 3.176729984902763593e-01 4.649215163995522038e-01
1.166630889634808904e-01 1.250105312799712765e-01 3.005818653173650268e-01 4.577445144391827925e-01
1.259237099450051800e-01 1.358062207450432823e-01 2.855374588532205715e-01 4.527326104567310217e-01
1.320682645976914704e-01 1.434082909683712659e-01 2.739321254621868706e-01 4.505913189717505318e-01
1.349112495632872610e-01 1.435733452924127795e-01 2.670143123566794396e-01 4.545010927876207418e-01
1.351740748330445829e-01 1.337133167298416025e-01 2.650017297305221065e-01 4.661108787065916803e-01
1.339729748825647382e-01 1.168517828382763940e-01 2.666840951373339874e-01 4.824911471418252273e-01
1.334226506022851422e-01 9.680256577438532684e-02 2.705782198148126150e-01 4.991965638085169576e-01
1.347198232279161190e-01 7.819267373919989994e-02 2.730854959305620278e-01 5.140020071023220227e-01
1.381648463745020483e-01 6.348658948174340511e-02 2.701764668349382337e-01 5.281720973088162019e-01
1.401863644938882436e-01 5.144842134005320894e-02 2.618765390203726673e-01 5.464886751456856651e-01
1.369663652190792058e-01 4.208144144743528048e-02 2.496568188893363294e-01 5.712953744441491288e-01
1.277324233657559371e-01 3.439465493286043840e-02 2.368957548260404167e-01 6.009771668753433049e-01
1.146925444154589385e-01 2.775174608305216312e-02 2.251930831493068053e-01 6.323626263521818780e-01
1.011623302700938448e-01 2.218405112615680699e-02 2.146751269365435588e-01 6.619784916672054598e-01
8.961295073242707410e-02 1.801746501255000951e-02 2.051398141085530313e-01 6.872297701464699093e-01
8.098081214874162936e-02 1.520256586600810325e-02 1.958235269969678116e-01 7.079930949882825564e-01
7.528471022430915927e-02 1.330803598833337799e-02 1.863570606550120912e-01 7.250501931323453109e-01
7.203163175189143674e-02 1.187143638867581980e-02 1.777689814765943677e-01 7.383279503828383827e-01
7.014536614399700942e-02 1.077313526685552171e-02 1.716078756751272527e-01 7.474736229140198640e-01
6.694071601279175110e-02 1.002944527932089422e-02 1.677602554651779487e-01 7.552695832427096523e-01
5.965502766052802053e-02 9.175327580896862345e-03 1.625250877493663038e-01 7.686445570092088619e-01
4.867638360521730351e-02 7.897300376069614145e-03 1.526355653162043691e-01 7.907907507025088156e-01
3.728569339217679968e-02 6.520337798247134373e-03 1.393231684207647258e-01 8.168708003888113245e-01
2.809479792130672657e-02 5.423557531792328780e-03 1.267231806658964399e-01 8.397584638810045021e-01
8.639153686865608250e-01 3.917852354068002835e-02 8.656635284276746611e-02 1.033975492999152437e-02
5.555083547408281586e-01 2.261776900745903485e-01 1.360746573313461327e-01 8.223929785323533248e-02
5.141142217719482099e-01 2.638520465347194421e-01 1.545970725208650753e-01 6.743665917246753627e-02
4.767872305987767567e-01 2.948490787193535079e-01 1.711959456961588411e-01 5.716774498571084578e-02
4.474358111890290868e-01 3.189762085296514726e-01 1.833728307128294210e-01 5.021514956848976280e-02
4.258194628801276194e-01 3.387209247617675167e-01 1.896646286506535051e-01 4.579498370745126862e-02
4.109822766989719711e-01 3.557076185000180857e-01 1.898262585473912134e-01 4.348384625361885469e-02
4.017227789546104488e-01 3.702601815893429293e-01 1.849216900567683675e-01 4.309534939927817110e-02
3.961159830762158718e-01 3.827900916290929434e-01 1.767639142358939652e-01 4.433001105879713633e-02
3.925883309425191037e-01 3.948040628661742546e-01 1.666453902602108572e-01 4.596221593109609677e-02
3.820945441560305023e-01 4.140004027187973445e-01 1.570931250404200286e-01 4.681192808475238137e-02
3.631077588269196466e-01 4.384627407226341922e-01 1.511862003618205941e-01 4.724330008862577535e-02
3.383272553802056937e-01 4.625282937432181884e-01 1.509126166434685834e-01 4.823183423310752060e-02
3.158915437129037329e-01 4.776934147873194147e-01 1.555919597503474805e-01 5.082308174942937185e-02
2.985254608491750283e-01 4.825253997503811676e-01 1.633686316272029704e-01 5.558050777324113206e-02
2.849583420448001392e-01 4.812521155830398190e-01 1.719159498061919034e-01 6.187359256596770135e-02
2.738401884765553906e-01 4.799191602224499031e-01 1.787377042443198949e-01 6.750294705667510275e-02
2.639238772191631610e-01 4.828849681582109699e-01 1.833342969378105591e-01 6.985685768481512958e-02
2.531120741183726652e-01 4.908367099284837720e-01 1.876788971068593104e-01 6.837231884628422462e-02
2.400642412927945224e-01 5.024181548601240888e-01 1.926063813244348333e-01 6.491122252264674986e-02
2.249041739295619957e-01 5.175413935826824741e-01 1.960102482661280066e-01 6.154418422162748897e-02
2.106939499432709806e-01 5.335102575844791195e-01 1.961759100500638786e-01 5.961988242218592415e-02
2.028196719067255349e-01 5.421913786048347950e-01 1.949330977936941101e-01 6.005585169474546292e-02
2.065999042504544914e-01 5.312186351183779687e-01 1.978072442645076867e-01 6.437421636665963121e-02
2.260111226200062773e-01 4.910993671175533648e-01 2.088648306364803697e-01 7.402467962596004369e-02
2.628571854786918571e-01 4.245682964566062645e-01 2.234836668304142349e-01 8.909085123428760189e-02
3.124708118558504055e-01 3.476316621803195450e-01 2.331135750899383519e-01 1.067839508738917670e-01
3.782469219217925449e-01 2.721731882941110237e-01 2.281810588354977187e-01 1.213988309485990597e-01
4.555646433747191359e-01 2.116148976937231585e-01 2.074900349287780443e-01 1.253304240027794392e-01
5.396785390352830669e-01 1.668547431172336393e-01 1.787446263703448834e-01 1.147220914771387573e-01
6.177526922425253808e-01 1.373333991630255047e-01 1.504746495638346060e-01 9.443925903061431426e-02
6.759059423669780964e-01 1.212210415745899050e-01 1.289879298404563446e-01 7.388508621797559850e-02
7.057408691902362641e-01 1.178657140295453071e-01 1.172424266745671073e-01 5.915099010565126603e-02
7.121826723917249469e-01 1.237519835112820543e-01 1.134692964867394793e-01 5.059604761025373459e-02
6.980734332073550430e-01 1.389605548020924064e-01 1.169577418154549991e-01 4.600827017509777350e-02
6.621828369555371463e-01 1.650441554381340825e-01 1.297043491459703435e-01 4.306865846035827505e-02
5.918501799709897648e-01 2.108313647209733022e-01 1.560463937465605411e-01 4.127206156147644051e-02
4.890352195983457828e-01 2.761680382624744357e-01 1.945824651057553589e-01 4.021427703342467241e-02
3.691247681552855542e-01 3.539203199163524771e-01 2.382282856781086644e-01 3.872662625025351246e-02
2.563365312576033617e-01 4.314981845600739385e-01 2.767584403688870265e-01 3.540684381343528475e-02
1.719803677786061469e-01 4.989139453819154690e-01 2.990219222525350995e-01 3.008376458694355174e-02
1.165832304573676259e-01 5.561165455657003376e-01 3.029902179850867960e-01 2.431000599184509128e-02
8.130345612349036688e-02 6.036983839647077632e-01 2.953478443974243972e-01 1.965031551437752128e-02
5.875424057223315594e-02 6.424713231014663739e-01 2.822091515785973836e-01 1.656528474770296855e-02
4.417176040763572120e-02 6.766757565056925605e-01 2.644263421103887901e-01 1.472614097628324736e-02
3.478782883264689568e-02 7.112670851096091207e-01 2.402321568227126225e-01 1.371292923503148430e-02
2.939573955025814866e-02 7.452423860592649607e-01 2.120041728757285082e-01 1.335770151474828873e-02
2.745802210099677551e-02 7.730855844669991539e-01 1.860722987019458319e-01 1.338409473005856484e-02
2.886315160093098908e-02 7.896792108328088977e-01 1.679776146999024389e-01 1.348002286635756677e-02
3.397965567307732748e-02 7.933773741465156570e-01 1.589285928892863742e-01 1.371437729112012435e-02
4.326312851729026410e-02 7.873658034877071277e-01 1.549801620685774817e-01 1.439090592642499125e-02
5.718660584079354042e-02 7.752182653432728721e-01 1.518441322934822868e-01 1.575099652245122786e-02
7.794469840997758636e-02 7.545173313619771838e-01 1.489526457749655308e-01 1.858532445307965741e-02
1.122843624657225703e-01 7.161526137779151702e-01 1.477401008704572472e-01 2.382292288590486320e-02
1.633895695289796224e-01 6.591141502238884176e-01 1.458819462425745839e-01 3.161433400455725823e-02
2.257033922247984603e-01 5.906150250728801065e-01 1.422573914798098416e-01 4.142419122251157770e-02
2.829948855380842176e-01 5.268098570691591709e-01 1.382115895304709408e-01 5.198366786228574704e-02
3.245845399788227503e-01 4.774963223464323558e-01 1.361366523940777395e-01 6.178248528066705714e-02
3.538443900952287224e-01 4.394095427442809565e-01 1.371722735903463941e-01 6.957379357014414900e-02
3.841205079440653813e-01 4.003666779681150922e-01 1.406665261633482378e-01 7.484628792447148293e-02
4.337430836173186144e-01 3.464613913110667354e-01 1.424249452776695513e-01 7.737057979394534879e-02
5.034103706153509883e-01 2.803652770259948412e-01 1.395556721524233712e-01 7.666868020623114621e-02
5.826726655244246489e-01 2.138959991117007908e-01 1.289876308401234073e-01 7.444370452375100033e-02
6.499749815390468699e-01 1.615518928253961983e-01 1.143193055304661809e-01 7.415382010509075084e-02
6.907055558737885681e-01 1.284505935560789902e-01 1.012596529377121773e-01 7.958419763242022271e-02
7.004498092281590260e-01 1.127035623042072776e-01 9.309686943116968205e-02 9.374975903646427799e-02
6.790020123814453079e-01 1.111344605727807994e-01 9.383308258123863876e-02 1.160304444645348099e-01
6.478550347734370884e-01 1.143349293742618733e-01 1.004272575206248824e-01 1.373827783316762807e-01
6.315006653697219363e-01 1.129141023127032545e-01 1.077989605866209177e-01 1.477862717309538498e-01
6.391268173383136686e-01 1.037785771063297474e-01 1.126740833573342399e-01 1.444205221980225107e-01
6.664574560637377409e-01 8.914989129679133650e-02 1.136479683067355695e-01 1.307446843327352559e-01
7.059193494313026340e-01 7.242571311689206814e-02 1.099601373550846556e-01 1.116948000967205867e-01
4.632995195527639387e-02 5.745350793634828035e-01 3.090153689319621311e-01 7.011959974927857442e-02
5.263586994353731952e-03 9.265730573087789246e-01 5.782260137752459617e-02 1.034075431934290343e-02
4.782695583960819806e-03 9.243087804172342992e-01 6.140759204118077103e-02 9.500931957623935664e-03
4.863714252804286070e-03 9.175190497395900868e-01 6.766752392837571684e-02 9.949712079229918946e-03
5.308739603516088486e-03 9.063950213699346614e-01 7.686981053030343680e-02 1.142642849624537008e-02
6.074185632453858556e-03 8.913021297539418519e-01 8.881816811054321636e-02 1.380551650306072360e-02
7.421407286804607498e-03 8.705896651489777316e-01 1.043052257668465044e-01 1.768370179737121378e-02
9.610007758065601882e-03 8.433713193077729819e-01 1.236339382635544409e-01 2.338473467060682084e-02
1.352674705789617959e-02 8.091876933228578928e-01 1.470353059459140743e-01 3.025025367333164864e-02
1.810526731774888404e-02 7.707252864312668095e-01 1.745596319859984147e-01 3.660981426498597507e-02
2.435551864033239436e-02 7.261944701878207953e-01 2.074274061436802985e-01 4.202260502816628635e-02
3.302034458549327200e-02 6.755764047060819344e-01 2.445879482869346699e-01 4.681530242148979060e-02
4.450918017704683094e-02 6.239080407308926768e-01 2.807220319259143837e-01 5.086074716614585184e-02
5.833435417130354572e-02 5.798430888804489980e-01 3.084771817982413511e-01 5.334537515000602886e-02
7.245083989229390842e-02 5.508652600110123254e-01 3.231762112582008406e-01 5.350768883849274515e-02
8.337394317066224025e-02 5.403726997801621135e-01 3.248407840976408334e-01 5.141257295153465329e-02
8.883691678389739332e-02 5.450231237136305973e-01 3.182976166835317366e-01 4.784234281894064050e-02
8.982133075627987684e-02 5.543497219366989581e-01 3.119671150055093878e-01 4.386183230151195767e-02
8.825575913909003423e-02 5.571794546121391356e-01 3.137507125711226363e-01 4.081407367764822158e-02
8.458596957831722440e-02 5.491725745493220012e-01 3.255844977233706694e-01 4.065695814899018129e-02
7.913245345822343679e-02 5.341052903222276438e-01 3.427064242607814615e-01 4.405583195876749958e-02
7.369237309371384770e-02 5.142026867321661809e-01 3.628995511195035051e-01 4.920538905461679935e-02
6.959875542843563245e-02 4.900257592182056809e-01 3.853579027718277428e-01 5.501758258153095077e-02
6.713028434351467344e-02 4.646020667407946281e-01 4.069335639288208517e-01 6.133408498686981902e-02
6.629847366849900281e-02 4.392661023228227601e-01 4.262372261082568170e-01 6.819819790042140617e-02
6.716722504862690513e-02 4.125569578044497310e-01 4.443255066664083541e-01 7.595031048051474609e-02
6.969476623323307696e-02 3.826047538036715934e-01 4.629402330014090738e-01 8.476024696168596440e-02
7.325630717077465104e-02 3.498501179084547719e-01 4.820634526877692339e-01 9.483012223300117671e-02
7.569665554065263535e-02 3.187533142100306693e-01 4.993561208881532321e-01 1.061939093611635604e-01
7.782904690077636911e-02 2.917649385308871968e-01 5.127046790726483838e-01 1.177013354956880642e-01
7.946628131839233999e-02 2.704903765487702283e-01 5.232514215899368715e-01 1.267919205429009488e-01
8.084783572239115368e-02 2.554851370837927793e-01 5.324947806719656507e-01 1.311722465218505551e-01
8.169935409800087311e-02 2.483320249726468643e-01 5.395414232300153046e-01 1.304271976993371940e-01
8.242201489448129637e-02 2.516675821240508260e-01 5.404833747576160974e-01 1.254270282238519885e-01
8.394542261179180342e-02 2.664604051939334917e-01 5.327037262704517051e-01 1.168904459238227223e-01
8.562753036042787536e-02 2.918823780936707357e-01 5.159057027317538457e-01 1.065843888141478762e-01
8.476004506446459252e-02 3.233702222541817717e-01 4.954210030079631566e-01 9.644872967339059022e-02
7.940778177014827521e-02 3.540457888149066701e-01 4.800703263279322841e-01 8.647610308701283999e-02
7.050149229887121838e-02 3.788556164289776929e-01 4.737042492544815686e-01 7.693864201766939526e-02
5.880194960497216183e-02 3.959626002322798044e-01 4.759957795662185243e-01 6.923967059652975931e-02
4.718209076716205208e-02 4.066003581569853642e-01 4.814412470108790920e-01 6.477630406497313087e-02
3.724666156499763237e-02 4.188044289818140808e-01 4.802850887548115177e-01 6.366382069837672741e-02
2.936547755197124049e-02 4.408652501298807591e-01 4.659793090863845744e-01 6.378996323176382155e-02
2.302921958670093097e-02 4.737981024940712271e-01 4.414746678051360007e-01 6.169801011409186547e-02
1.787968878982191048e-02 5.123168228310550631e-01 4.139551436302011944e-01 5.584834474892166889e-02
1.387132292359931525e-02 5.472035119269035297e-01 3.910497981930418643e-01 4.787536695645532026e-02
1.111256147880722127e-02 5.704117619256368066e-01 3.778868082544155627e-01 4.058886834114040776e-02
9.438840385541907851e-03 5.757291898638894345e-01 3.793670466617838355e-01 3.546492308878471805e-02
8.425406358540339646e-03 5.594894823640015336e-01 3.998259310403983746e-01 3.225918023705957177e-02
7.642549765235664115e-03 5.211383247108952732e-01 4.407868659759555108e-01 3.043225954791296817e-02
6.806739389372172544e-03 4.601880418576276277e-01 5.033199292385879264e-01 2.968528951441207903e-02
5.808139177965852482e-03 3.833922280840861285e-01 5.811065705629543388e-01 2.969306217499423015e-02
4.856844400011250604e-03 3.108718904320563747e-01 6.537531735304670244e-01 3.051809163746512649e-02
4.183307495646182775e-03 2.574290571540188144e-01 7.064417718126317913e-01 3.194586353770352549e-02
3.801182319003180380e-03 2.228640650366173759e-01 7.402875398522041905e-01 3.304721279217533170e-02
3.644155716893122173e-03 2.009311790717282775e-01 7.617969625733757022e-01 3.362770263800251430e-02
3.587076599995983692e-03 1.838385831221053812e-01 7.786055537490449430e-01 3.396878652885326755e-02
3.547432488104083730e-03 1.659141998126225925e-01 7.961315210893680216e-01 3.440684660990574184e-02
3.541972888460815337e-03 1.465774806682987874e-01 8.138907414436811205e-01 3.598980499955931056e-02
3.625407165847066310e-03 1.283288326238875288e-01 8.271979593067723124e-01 4.084780090349292986e-02
3.866486145064731202e-03 1.139185180212120979e-01 8.298110468580949250e-01 5.240394897562830612e-02
4.349771980092463457e-03 1.044016847671702941e-01 8.150963547953203880e-01 7.615218845741693332e-02
5.142865543576857941e-03 9.895130277574477884e-02 7.748239117988987568e-01 1.210819198817795345e-01
6.174636973589346135e-03 9.326471087167820251e-02 7.038269326009723992e-01 1.967337195537598449e-01
7.244424191163278959e-03 8.108949296627161740e-02 6.113688795555473066e-01 3.002972032870176999e-01
8.496737404137831573e-03 6.394965984603515063e-02 5.155660703649782572e-01 4.119875323848490867e-01
1.052842514137463867e-02 4.884349486033761484e-02 4.317946936625557952e-01 5.088333863357320519e-01
1.414425576534665205e-02 3.867216463615205657e-02 3.699474737980857908e-01 5.772361058004154000e-01
2.025615063381362713e-02 3.334111681644393727e-02 3.271596110511233446e-01 6.192431214986191534e-01
2.905662930381332221e-02 3.202284297471710839e-02 2.946704353584213565e-01 6.442500923630486431e-01
3.992090951749659167e-02 3.349000307983633629e-02 2.693100897303284946e-01 6.572789976723385497e-01
5.300537439463576250e-02 3.634452999968423859e-02 2.517689554641620586e-01 6.588811401415179958e-01
7.423556238609407831e-03 7.678037736736379459e-01 1.464779169222803212e-01 7.829475316547238051e-02
4.819926722555730944e-03 8.145382256209455774e-01 1.300347074592659580e-01 5.060714019723225321e-02
3.033038304507643546e-03 8.449292513880996003e-01 1.212529752546766815e-01 3.078473505271608901e-02
1.939422127481738598e-03 8.557379651208789628e-01 1.240029931779303984e-01 1.831961957370880148e-02
1.353519170107357313e-03 8.464153092775280607e-01 1.410156608704474790e-01 1.121551068191720645e-02
1.151091744075305847e-03 8.184532051387438667e-01 1.729389772027173644e-01 7.456725914463451128e-03
7.220343256614300933e-04 7.753981367163220728e-01 2.183015835853523989e-01 5.578245372664083525e-03
6.342682763913078505e-04 7.229321537713230272e-01 2.715872834922991585e-01 4.846294459986590607e-03
6.546096694300678094e-04 6.730223078164191408e-01 3.213591863506697899e-01 4.963896163480828461e-03
7.948259393932426446e-04 6.352390608415517947e-01 3.579923100206306441e-01 5.973803198424038237e-03
1.073110019609212857e-03 6.097286531485147654e-01 3.810515121924609727e-01 8.146724639415186750e-03
1.595433788703640643e-03 5.960384300455343620e-01 3.898068738370303321e-01 1.255926232873165807e-02
2.598131682580293120e-03 5.922616429301106322e-01 3.836298350550121361e-01 2.151039033229715236e-02
4.474309669485895639e-03 5.855779579369471133e-01 3.709261642950242299e-01 3.902156809854305519e-02
7.813201612252582487e-03 5.584138181527117384e-01 3.626537865989057918e-01 7.111919363612993761e-02
1.301401860186006398e-02 5.015396237225252518e-01 3.629402875853529054e-01 1.225060700902614597e-01
1.982334359775154986e-02 4.169553162910167865e-01 3.688919662462402660e-01 1.943293738649915781e-01
2.719523087401260267e-02 3.150917395757880102e-01 3.715716251891660327e-01 2.861414043610336910e-01
3.289547730450576024e-02 2.142382429424704859e-01 3.606786815267726820e-01 3.921875982262513216e-01
3.523811742021287080e-02 1.326690950141670711e-01 3.383343509276734995e-01 4.937584366379466072e-01
3.362648118474796666e-02 8.024303222530468349e-02 3.149907481096830275e-01 5.711397384802643362e-01
2.993875210491776448e-02 5.020520450655042294e-02 2.975703831486032902e-01 6.222856602399287063e-01
2.704491842692510403e-02 3.321751182864481067e-02 2.820480700382066996e-01 6.576894997062231463e-01
3.557031269934767259e-01 1.819329964285603118e-01 9.042953013953305974e-02 3.719343464384302078e-01
3.565007127622975558e-01 2.129216717085194444e-01 1.026030617409037921e-01 3.279745537882791107e-01
3.599023366566050930e-01 2.370328665750122132e-01 1.132757136935396286e-01 2.897890830748433566e-01
3.664729560132286013e-01 2.524490259702076300e-01 1.201449022241978110e-01 2.609331157923658884e-01
3.806324279466276606e-01 2.531255310483079279e-01 1.235061501704154130e-01 2.427358908346487210e-01
4.020753581705574509e-01 2.413994906858561718e-01 1.236764853114838553e-01 2.328486658321023695e-01
4.308290812045026397e-01 2.204821695064183851e-01 1.219897334807852340e-01 2.266990158082936857e-01
4.627885761276313570e-01 1.970387190013523082e-01 1.201000411783178651e-01 2.200726636926985391e-01
4.997597378148029290e-01 1.720568181952003284e-01 1.170271669957531208e-01 2.111562769942438578e-01
5.390310945962691891e-01 1.453059230546825398e-01 1.138648187827513147e-01 2.017981635662971507e-01
5.700895659911594526e-01 1.220909903035708038e-01 1.112758650079510997e-01 1.965435786973186438e-01
5.789423128134950636e-01 1.074471735186922350e-01 1.122811386867314659e-01 2.013293749810812494e-01
5.593406109691876349e-01 1.042141651311146999e-01 1.181743904568632736e-01 2.182708334428345165e-01
5.254921639258313126e-01 1.114547703852862975e-01 1.231892109638964145e-01 2.398638547249860864e-01
4.912278817217650140e-01 1.286450361481424054e-01 1.221726226798702519e-01 2.579544594502222732e-01
4.578627570682142212e-01 1.560849591831730554e-01 1.159050190625436627e-01 2.701472646860690330e-01
4.248804770970111000e-01 1.923339544803641388e-01 1.059871960316132733e-01 2.767983723910112381e-01
3.931558486247850870e-01 2.328578099963622139e-01 9.410431479316766490e-02 2.798820265856847844e-01
3.628178141759081932e-01 2.750945524281361299e-01 8.144230337410257592e-02 2.806453300218532121e-01
3.349025993157533909e-01 3.168869779101345374e-01 7.051444514709995226e-02 2.776959776270122582e-01
3.192278198783634058e-01 3.502993106728767847e-01 6.119703551632370980e-02 2.692758339324358707e-01
3.171783238696374574e-01 3.705537352441840571e-01 5.477076111701078415e-02 2.574971797691674169e-01
3.261602391938825396e-01 3.744104825082104071e-01 5.131457697920150524e-02 2.481147013187056938e-01
3.412929851568898831e-01 3.644728746828188592e-01 4.984772513950556927e-02 2.443864150207855634e-01
3.597692099284371947e-01 3.465059873709760430e-01 4.877157428200089989e-02 2.449532284185857167e-01
3.813044401736647715e-01 3.259298538409287072e-01 4.667594285213409050e-02 2.460897631332723823e-01
4.073919840144342719e-01 3.056544200776649678e-01 4.280899511209713265e-02 2.441446007958036901e-01
4.307570371342667181e-01 2.914472219777055617e-01 3.864899201564066245e-02 2.391467488723873214e-01
4.492415940484576486e-01 2.793456596217748777e-01 3.485264235310996800e-02 2.365601039766575819e-01
4.625315820774055231e-01 2.652535247274053765e-01 3.197772163033012899e-02 2.402371715648588535e-01
4.733663472034313480e-01 2.458233886681941704e-01 3.018578074331387112e-02 2.506244833850604370e-01
4.856569231299949774e-01 2.178491679584714236e-01 2.945695874131987538e-02 2.670369501702140602e-01
4.927859026795064490e-01 1.894527221214796497e-01 3.038768229975661109e-02 2.873736928992570716e-01
4.881757362310680248e-01 1.666215566583837959e-01 3.320280608403695238e-02 3.119999010265110950e-01
4.644133164051307272e-01 1.512235794508269282e-01 3.828661693823565831e-02 3.460764872058067487e-01
4.181666719841145574e-01 1.401442589167213870e-01 4.566272399791958952e-02 3.960263451012444591e-01
3.528729809218186797e-01 1.249271227240728310e-01 5.363788997681386700e-02 4.685620063772946153e-01
2.720836983835764333e-01 1.046750985894302072e-01 5.994243246180021301e-02 5.632987705651931742e-01
1.889870997115310480e-01 7.940507728958046130e-02 6.133437645880886191e-02 6.702734465400796982e-01
1.178595924737486644e-01 5.372544435531104862e-02 5.646801701853804839e-02 7.719469461524021137e-01
6.750042040592563186e-02 3.274620838904991615e-02 4.725212263991265815e-02 8.525012485651120020e-01
3.746658537794340937e-02 1.859155931220732652e-02 3.718179448348996746e-02 9.067600608263595152e-01
2.132190375658580758e-02 1.018094808610858250e-02 2.875015991392389225e-02 9.397469882433818755e-01
1.280271160906697354e-02 5.556034241523534305e-03 2.264433816914779643e-02 9.589969159802613774e-01
8.150119340395960491e-03 3.124623622374795781e-03 1.842822124814194260e-02 9.702970357890875475e-01
5.509143557894420964e-03 1.867938098547194037e-03 1.549939004326061388e-02 9.771235283002978056e-01
3.985686105603783100e-03 1.215561368124610207e-03 1.349642648653963904e-02 9.813023260397319980e-01
3.100395492634734802e-03 8.629606790983790571e-04 1.222623421363895103e-02 9.838104096146275124e-01
2.036508862367647586e-03 5.380050324896952160e-04 1.188800629488725134e-02 9.855374798102554124e-01
1.908386828445202826e-03 4.438481399217370079e-04 1.234843343306695797e-02 9.852993315985659750e-01
1.963528055321225440e-03 3.966598633376927294e-04 1.377116352509687169e-02 9.838686485562442297e-01
2.162284045394614277e-03 3.861820956742054796e-04 1.592229199308226040e-02 9.815292418658486673e-01
3.183522228908389033e-03 4.172784880742975424e-04 1.811889225953097066e-02 9.782803070234862286e-01
3.506142727625405960e-03 4.143324764538648089e-04 2.005036617034134175e-02 9.760291586255793739e-01
3.751677561130469483e-03 4.168677505330305459e-04 2.151959773221898825e-02 9.743118569561176612e-01
3.935822326918479545e-03 4.305188701305580606e-04 2.290136851741985530e-02 9.727322902855308762e-01
4.046133634027635449e-03 4.605359048137345514e-04 2.446709793573017752e-02 9.710262325254283011e-01
4.036690809880338904e-03 5.039220929287238160e-04 2.603226483652962622e-02 9.694271222606613003e-01
3.853953377710653359e-03 5.384329713881586422e-04 2.701013446303567739e-02 9.685974791878657619e-01
3.496768046115322857e-03 5.384831399752124928e-04 2.706940772689788582e-02 9.688953410870115857e-01
2.474235793436317058e-03 5.840540457059965797e-04 2.660001493810236484e-02 9.703416952227550407e-01
2.124464447877923937e-03 5.369541301201257973e-04 2.602644845789105210e-02 9.713121329641107859e-01
1.830088257671144735e-03 4.967764608756842842e-04 2.605282725334152893e-02 9.716203080281116122e-01
1.617231044258819923e-03 4.803190850515447934e-04 2.708518170950484014e-02 9.708172681611849653e-01
1.485745438074676265e-03 4.937131526622074275e-04 2.911970920017453029e-02 9.689008322090886249e-01
1.442155725960385642e-03 5.442311871048430673e-04 3.207639740777989967e-02 9.659372156791551367e-01
1.513743650816597565e-03 6.534048393623366957e-04 3.631477185231548471e-02 9.615180796575055755e-01
1.769355970556305479e-03 8.753447552839683024e-04 4.310859355552155991e-02 9.542467057186380108e-01
1.789178078312754277e-03 5.660146051525937177e-04 5.519128282028278043e-02 9.424535244962515268e-01
2.365166216077497618e-03 8.875057155929272747e-04 7.611874531191631377e-02 9.206285827564133495e-01
3.350788813372379809e-03 1.439890424780144096e-03 1.116602934324625734e-01 8.835490273293850061e-01
4.886713794130115827e-03 2.354122798562893921e-03 1.704367910597534008e-01 8.223223723475536762e-01
6.239381952919469468e-03 3.799235168610735382e-03 2.602784991473504062e-01 7.296828837311194471e-01
8.635084663860070550e-03 6.186662399998107444e-03 3.779668682617004505e-01 6.072113846744416898e-01
1.201579179654865652e-02 9.713140620713857365e-03 5.055717681751451531e-01 4.726992994075921994e-01
1.459369481040933940e-02 1.438145168565121285e-02 6.194561619726032253e-01 3.515686915313362970e-01
1.749363254795886780e-02 2.039706485489135510e-02 7.029334633284359812e-01 2.591758392687140145e-01
2.084363592238789448e-02 2.783010554048164290e-02 7.556289112878368242e-01 1.956973472492937460e-01
2.496521817498524240e-02 3.677606531990030431e-02 7.853483230242909174e-01 1.529103934808236920e-01
3.013706193500135730e-02 4.797137268154663681e-02 7.972671259384170872e-01 1.246244394450353038e-01
3.601299871880522807e-02 6.207205136565446812e-02 7.952800987583986680e-01 1.066348511571411639e-01
4.190072323941552990e-02 7.841476060377723656e-02 7.852774645203188797e-01 9.440705163648840936e-02
4.743853591130726272e-02 9.624810401905603552e-02 7.711576088773995918e-01 8.515575119223729728e-02
5.185731287991339478e-02 1.155542587190597076e-01 7.547909036774678171e-01 7.779752472355951076e-02
5.686082282431993012e-02 1.355740832341024993e-01 7.353654427360579726e-01 7.219965120551985471e-02
6.215400162188530059e-02 1.579398310700232955e-01 7.108836868058284741e-01 6.902248050226254816e-02
6.738933056139327638e-02 1.830984196476387049e-01 6.815547989123832417e-01 6.795745087858491573e-02
7.134433735056755488e-02 2.093255281059818451e-01 6.517970268779745835e-01 6.753310766547641897e-02
7.238666155762892018e-02 2.350714159927702329e-01 6.250817590941860624e-01 6.746016335541467346e-02
