8.452009037309479167e-01 1.773824670877027429e-02 7.447960540310103947e-03 1.296128890199717554e-01
7.316356507787948049e-02 2.142155569586462471e-01 2.855414218262473658e-01 4.270794561372269760e-01
7.316780519324303511e-02 2.360094340752506292e-01 2.966072623082101622e-01 3.942154984232962289e-01
7.267769973669593875e-02 2.523900987579944521e-01 3.043009196850751663e-01 3.706312818202345261e-01
7.196260867265179273e-02 2.596703976459292518e-01 3.096348658819450539e-01 3.587321277994738322e-01
7.151288123145127518e-02 2.586102377002653663e-01 3.139926656481907830e-01 3.558842154200925201e-01
7.152772720029069997e-02 2.550720746925649318e-01 3.195294908194394878e-01 3.538707072877046445e-01
7.218094664560187335e-02 2.570083034187133353e-01 3.266436970507274884e-01 3.441670528849575805e-01
7.355423040770107945e-02 2.687783534135612107e-01 3.336804845673300157e-01 3.239869316114071807e-01
7.487732324647619619e-02 2.869421227707715794e-01 3.412742144374371622e-01 2.969063395453152010e-01
7.628897497881585721e-02 3.114767312118786879e-01 3.445290642299106976e-01 2.677052295793947434e-01
7.680276804029644022e-02 3.369879920832744569e-01 3.462118348821962011e-01 2.399974049942326937e-01
7.650650374629919259e-02 3.642216965486895219e-01 3.428920271574327772e-01 2.163797725475788136e-01
7.535075763163845419e-02 3.921059691910556699e-01 3.344422812476779971e-01 1.981009919296278510e-01
7.375050170216337908e-02 4.199670656118135170e-01 3.217567319928651970e-01 1.845257006931578792e-01
7.234786566791638618e-02 4.471058874447674802e-01 3.059019455024958312e-01 1.746443013848203440e-01
7.205975431740635484e-02 4.725987244398996978e-01 2.874744083103425996e-01 1.678671129323512090e-01
7.402343543033107487e-02 4.959853338069842299e-01 2.666379240536184692e-01 1.633533067090661983e-01
7.804491936291797771e-02 5.175521321807049491e-01 2.449953602099528005e-01 1.594075882464238703e-01
8.431252852471543546e-02 5.341535801852665966e-01 2.265836101263720426e-01 1.549502811636461475e-01
8.878923918198665388e-02 5.463791706557774575e-01 2.138202008624555950e-01 1.510113892997802243e-01
9.157347998457808502e-02 5.515487966708837453e-01 2.070974576505318354e-01 1.497802656940065702e-01
9.198326563994026206e-02 5.485145215231477245e-01 2.073817865926722570e-01 1.521204262442395760e-01
9.149780136301344236e-02 5.347399582424532394e-01 2.162688492427523590e-01 1.574933911517808205e-01
9.354791818799770842e-02 5.117751221750187485e-01 2.306857352007302964e-01 1.639912244362532745e-01
9.930202690756197159e-02 4.892873863475643570e-01 2.434828552240819732e-01 1.679277315207917676e-01
1.118146551468738731e-01 4.720162885523414009e-01 2.492535294933052592e-01 1.669155268074795084e-01
1.340664540675034211e-01 4.599545763592015057e-01 2.452586226467530772e-01 1.607203469265418017e-01
1.680535654389113676e-01 4.521308983956945360e-01 2.298917463316473841e-01 1.499237898337467956e-01
2.177519951395434916e-01 4.450142592304364153e-01 2.014114250104400983e-01 1.358223206195800226e-01
2.807907924690521417e-01 4.336850398291732800e-01 1.656465845441854878e-01 1.198775831575887296e-01
3.533681463890189778e-01 4.150220978355059764e-01 1.285620970828766640e-01 1.030476586925982707e-01
4.294585351101160020e-01 3.896154854347070873e-01 9.496360897786687572e-02 8.596237047730975744e-02
5.005194125217459211e-01 3.616712647124216695e-01 6.799670316384279212e-02 6.981261960198936745e-02
5.611588050919293913e-01 3.344332523021973924e-01 4.841308141472003279e-02 5.599486119115325983e-02
6.151385693765750728e-01 3.057292538843895402e-01 3.435813259105736928e-02 4.477404414797832993e-02
6.661570631146758181e-01 2.729567131232156774e-01 2.518891074140076555e-02 3.569731302070784651e-02
7.196240173165033838e-01 2.335108377238974964e-01 1.866856957279992846e-02 2.819657538679947242e-02
7.741742536404065955e-01 1.898441110410149235e-01 1.399176397435044662e-02 2.198987134422801873e-02
8.239355489211597217e-01 1.481676288592098933e-01 1.087682319914058324e-02 1.701999902048980870e-02
8.626088738121728827e-01 1.148077793664869090e-01 9.194986778523622784e-03 1.338836004281643288e-02
8.869938987996217605e-01 9.298661709781491647e-02 8.834512904648553211e-03 1.118497119791481836e-02
8.980958224426809355e-01 8.206688591012932521e-02 9.698517809197141834e-03 1.013877383799283334e-02
8.998241506975255266e-01 7.893398387178816866e-02 1.165063504989505630e-02 9.591230380791211999e-03
8.947932743426468827e-01 8.145170133786115707e-02 1.474723843905161209e-02 9.007785880440537241e-03
8.814758341831558930e-01 9.052965499044286768e-02 1.960538141258645964e-02 8.389129413814493466e-03
8.577800864882739740e-01 1.075101865779204829e-01 2.688450532522899603e-02 7.825221608576649404e-03
8.221407737780147551e-01 1.333144866966728681e-01 3.716315140854521692e-02 7.381588116767054918e-03
7.735086203402185001e-01 1.685485799377524629e-01 5.081592517861565489e-02 7.126874543413826146e-03
7.125160860162672583e-01 2.133958072021200636e-01 6.706486031103342516e-02 7.023246470579097740e-03
6.423655018838292374e-01 2.674427551496357247e-01 8.327483485955244902e-02 6.916908106982731091e-03
5.670055072007844643e-01 3.309243085859649436e-01 9.545682229729769708e-02 6.613361915952942725e-03
4.866574668371029255e-01 4.060343398367299295e-01 1.012596529953625618e-01 6.048540330804557177e-03
4.035230733356238719e-01 4.889930194589150458e-01 1.021879902022805320e-01 5.295917003180512089e-03
3.249015525218895140e-01 5.698092785081138034e-01 1.008707824384289936e-01 4.418386531567958762e-03
2.604437146265586311e-01 6.347948775891569806e-01 1.010741872419841370e-01 3.687220542300278636e-03
2.073670167907885886e-01 6.855671646240634187e-01 1.038665870499413668e-01 3.199231535206781534e-03
1.637364522731555860e-01 7.230174703734179031e-01 1.101962486413104458e-01 3.049828712115856388e-03
1.309011314709562224e-01 7.447001061241185216e-01 1.210555602997126085e-01 3.343202105212934698e-03
1.100523832022944765e-01 7.484008790900594787e-01 1.372804908795534906e-01 4.266246828092371164e-03
9.829188482239811786e-02 7.379303262071048586e-01 1.577684270706699865e-01 6.009361899827083027e-03
9.059556779445156194e-02 7.208323159708365235e-01 1.798585932182108216e-01 8.713523016500903870e-03
8.449881066070975832e-02 7.017439931146661758e-01 2.013335791389579132e-01 1.242361708566641111e-02
7.977924639040180621e-02 6.837270854028415501e-01 2.195546778345128514e-01 1.693899037224384438e-02
7.637510588955878643e-02 6.734694878106267657e-01 2.283408070171765725e-01 2.181459928263830214e-02
7.394637226855006740e-02 6.803933148736193148e-01 2.190547521463147296e-01 2.660556071151576676e-02
7.283052425841970989e-02 7.052245534792194182e-01 1.907114870517557792e-01 3.123343521060490888e-02
7.471588121521399728e-02 7.338750271975905681e-01 1.552466157545253078e-01 3.616247583267035576e-02
8.116638198326307785e-02 7.514268122253573434e-01 1.256072770032243824e-01 4.179952878815538370e-02
9.293880342347744794e-02 7.563906360234270432e-01 1.025429369128595947e-01 4.812762364023588646e-02
1.099748700228977555e-01 7.508187045847035668e-01 8.495709108308306667e-02 5.424933430931567352e-02
1.336594099060065821e-01 7.364493415116774022e-01 7.139690286997038560e-02 5.849434571234599090e-02
5.536523747775664445e-02 2.242506111656873431e-03 9.236546968164468518e-01 1.873755959413952316e-02
5.009043351279601763e-01 2.906630246534466222e-01 6.965347690140696879e-02 1.387791633171860661e-01
4.619497837736682433e-01 3.534676487460295391e-01 6.494780376237144215e-02 1.196347637179308310e-01
3.993805162557598210e-01 4.348437857564679265e-01 6.194271832409384976e-02 1.038329796636783819e-01
3.247030400323738242e-01 5.244577402996108972e-01 6.001706353853780013e-02 9.082215612947737438e-02
2.572319503767821480e-01 6.021815911327919046e-01 5.917178254173211666e-02 8.141467594869367108e-02
2.111186338533984352e-01 6.513937522874387875e-01 6.019237934915449423e-02 7.729523451000841483e-02
1.879184478862699903e-01 6.678610164289653373e-01 6.421831400568707438e-02 8.000222167907797277e-02
1.823316359583204427e-01 6.544197710097310328e-01 7.219761794968292123e-02 9.105097508226522862e-02
1.874687267681303671e-01 6.172348072569958655e-01 8.393418852708110778e-02 1.113622774477927430e-01
1.972447098865645621e-01 5.640953850473161557e-01 9.775419437063108397e-02 1.409057106954887395e-01
2.086692450631210116e-01 5.014884648411910284e-01 1.107818072717684926e-01 1.790604828239194535e-01
2.213929574187919191e-01 4.338272645495969138e-01 1.201218391560116699e-01 2.246579388755993723e-01
2.345531027744285901e-01 3.657541188952116440e-01 1.248600666502844431e-01 2.748327116800753367e-01
2.464572000998080659e-01 3.017345693108660631e-01 1.270269120718906797e-01 3.247813185174351913e-01
2.543325899512823840e-01 2.501933316362051629e-01 1.275738407159421051e-01 3.679002376965704313e-01
2.625254933446582450e-01 2.106158230039753276e-01 1.295727091248125018e-01 3.972859745265542308e-01
2.746330126589793807e-01 1.829443397301125374e-01 1.333401818674126715e-01 4.090824657434954936e-01
2.936506637101936046e-01 1.647580656166038882e-01 1.384136129808504478e-01 4.031776576923518651e-01
3.207160563007487308e-01 1.543131967972142804e-01 1.435011010719422775e-01 3.814696458300948501e-01
3.540748571144989865e-01 1.508041110399622464e-01 1.479455713270762807e-01 3.471754605184624309e-01
3.874187555609562295e-01 1.535435573320708680e-01 1.523001868931257996e-01 3.067375002138472695e-01
4.115636389375703641e-01 1.591121195237850394e-01 1.565857666586057961e-01 2.727384748800387171e-01
4.193537387781807180e-01 1.626950878745010431e-01 1.626129547551845300e-01 2.553382185921335701e-01
4.094422247868148568e-01 1.624830146983222701e-01 1.735848700184605686e-01 2.544898904964023600e-01
3.879890951649014874e-01 1.584387745617653331e-01 1.899746924248925939e-01 2.635974378484404190e-01
3.565024628546140661e-01 1.513889747504298666e-01 2.129237272756320798e-01 2.791848351193238487e-01
3.118088862482609191e-01 1.416582177959371525e-01 2.452021114628268605e-01 3.013307844929750123e-01
2.556345900503844693e-01 1.285252906380924820e-01 2.872833499077666053e-01 3.285567694037563879e-01
1.983481663209629708e-01 1.114880974219909920e-01 3.354042192277164602e-01 3.547595170293294520e-01
1.502303052468403066e-01 9.167673523344391229e-02 3.849939464530873212e-01 3.730990130666284599e-01
1.134949693758623701e-01 7.196240842477887034e-02 4.327889158921066626e-01 3.817537063072520831e-01
8.590873150871235209e-02 5.482788043469842554e-02 4.752124632122673442e-01 3.840509248443220169e-01
6.477336060545309249e-02 4.145583078483714573e-02 5.068838686044436770e-01 3.868869400052660223e-01
4.876858906416689510e-02 3.163905308061183697e-02 5.235874736648539196e-01 3.960048841903675565e-01
3.748145747825984420e-02 2.461117643636263203e-02 5.270654922195242564e-01 4.108418738658530800e-01
3.079393197412218924e-02 2.029101017155172590e-02 5.221865465494096581e-01 4.267285113049165690e-01
2.843506745238342723e-02 1.879795550075156335e-02 5.154284488312474988e-01 4.373385282156176390e-01
2.976154944066019756e-02 2.000538188275087503e-02 5.118025669019834467e-01 4.384305017746052413e-01
3.401356894457273350e-02 2.369991693565007621e-02 5.103406594968620258e-01 4.319458546229153484e-01
4.032182769002593675e-02 2.987857803345057503e-02 5.041621589026696881e-01 4.256374353738538452e-01
4.811459865879344489e-02 3.871752898898302847e-02 4.890330539109019048e-01 4.241348184413214484e-01
5.819248264725820907e-02 5.032098546082984514e-02 4.678832170064552987e-01 4.236033148854569941e-01
7.217386857873352157e-02 6.445575144854451266e-02 4.450135488159113195e-01 4.183568311568103826e-01
9.041951102145592833e-02 8.092313784926399856e-02 4.211836518958180786e-01 4.074736992334621610e-01
1.108379086324078056e-01 9.942720826516732169e-02 3.955784021997034161e-01 3.941564809027212624e-01
1.301782179256371907e-01 1.190215256694237000e-01 3.686024038578236128e-01 3.821978525471156352e-01
1.463571270598163221e-01 1.387228181340482425e-01 3.425071212920147712e-01 3.724129335141206920e-01
1.594839775866724874e-01 1.572879483738631179e-01 3.205051518180780379e-01 3.627229222213864679e-01
1.694316926472419216e-01 1.729283427513390592e-01 3.053447648947990589e-01 3.522951997066199326e-01
1.745007909297120741e-01 1.838995055231841813e-01 2.976941597443401033e-01 3.439055438027636691e-01
1.747743102554511208e-01 1.870532912347205590e-01 2.968354411383859470e-01 3.413369573714424288e-01
1.733164182864160574e-01 1.798407524946453728e-01 3.012445416186245728e-01 3.455982876003139692e-01
1.733994532769601582e-01 1.636995412660511018e-01 3.097038715284846089e-01 3.531971339285038258e-01
1.769899968928603240e-01 1.425999305356686342e-01 3.201759566677062074e-01 3.602341159037645846e-01
1.844074108751618257e-01 1.207070007226599129e-01 3.285209173360992274e-01 3.663646710660792283e-01
1.941211898448746143e-01 1.004162858457500890e-01 3.302687224221774742e-01 3.751938018871976976e-01
2.007192032856102704e-01 8.293867474854078881e-02 3.239492576978812433e-01 3.923928642679677670e-01
1.977729429166759922e-01 6.847145703807290540e-02 3.133290496786825252e-01 4.204265503665683967e-01
1.839055699601188365e-01 5.627413438014342018e-02 3.027899031836774890e-01 4.570303924760603098e-01
1.623985272110244349e-01 4.556354957761619279e-02 2.932652022015506676e-01 4.987727210098086839e-01
1.387353090334921824e-01 3.635832822717012525e-02 2.832042657448139433e-01 5.417020969945238740e-01
1.175717231132235446e-01 2.921419010892132434e-02 2.712181204357557718e-01 5.819959663420993801e-01
1.010277298941015950e-01 2.417497610736279653e-02 2.565622589047653612e-01 6.182350350937702022e-01
8.957742016200098689e-02 2.069264804484859110e-02 2.403260795429119356e-01 6.494038522502385558e-01
8.243754775411088476e-02 1.810715746376916416e-02 2.256529935599374259e-01 6.738023012221823205e-01
7.777551826396279788e-02 1.625288414502779402e-02 2.166145895388429388e-01 6.893570080521662646e-01
7.271128624535858065e-02 1.519837850194904680e-02 2.158333405556523976e-01 6.962569946970400547e-01
6.429544700302956828e-02 1.420620016235618621e-02 2.197104794721923271e-01 7.017878733624222098e-01
5.269644736333867902e-02 1.267177265740184258e-02 2.233530003795510810e-01 7.112787795997086437e-01
4.138834828260778281e-02 1.099278801346664260e-02 2.270030621879329802e-01 7.206158015159925823e-01
3.288826223988692427e-02 9.720202719638535230e-03 2.344400579935400630e-01 7.229514770469346319e-01
6.916873745593503653e-01 1.374675555879535105e-01 1.639819088735936237e-01 6.863160979102817146e-03
5.016350672157330326e-01 2.640133575838374269e-01 1.934663516508438041e-01 4.088522354958600002e-02
4.595234404990661270e-01 2.954410392874661229e-01 2.126737362464277414e-01 3.236178396703993931e-02
4.234170106274778855e-01 3.225954669153120458e-01 2.270440148741784958e-01 2.694350758303121207e-02
3.975135335540158632e-01 3.445760107957295815e-01 2.343077007641543030e-01 2.360275488610016209e-02
3.806816583112704877e-01 3.637174530944601303e-01 2.339090615671024220e-01 2.169182702716664080e-02
3.692502241415623332e-01 3.829779708131924032e-01 2.269033262258018102e-01 2.086847881944348809e-02
3.654986766653923747e-01 3.996256828316795406e-01 2.139895725518438929e-01 2.088606795108394198e-02
3.629297098747910066e-01 4.170597261693520519e-01 1.983840887367787631e-01 2.162647521907823736e-02
3.580418895645516297e-01 4.367746189792806599e-01 1.826464065124776270e-01 2.253708494369006249e-02
3.423788854674276183e-01 4.655810573241625505e-01 1.688971253863873478e-01 2.314293182202257354e-02
3.159016178103947192e-01 5.010418410445283133e-01 1.593541585141089734e-01 2.370238263096837578e-02
2.813358692670386296e-01 5.410123079428068582e-01 1.530096250051735662e-01 2.464219778498091817e-02
2.469877938282350471e-01 5.786901079639148460e-01 1.478823654503465534e-01 2.643973275750349100e-02
2.181414496926414315e-01 6.101676336798149691e-01 1.424513507199891837e-01 2.923956590755433238e-02
1.967449055629633681e-01 6.344248903195239819e-01 1.363547272255657694e-01 3.247547689194645731e-02
1.832096597260441662e-01 6.516992177777721773e-01 1.302288597699455541e-01 3.486226272623779709e-02
1.762007056094148927e-01 6.624319915993718277e-01 1.261428184573213374e-01 3.522448433389164385e-02
1.729049997865201582e-01 6.663611583243260750e-01 1.270602035718254585e-01 3.367363831732819723e-02
1.707388084810822493e-01 6.632900809400941178e-01 1.344835265909680722e-01 3.148758398785576895e-02
1.679886695856139811e-01 6.553165088765413593e-01 1.468265490779375182e-01 2.986827245990736693e-02
1.650942109821547654e-01 6.441837475500666876e-01 1.612141062286411020e-01 2.950793523913751090e-02
1.644082289126188867e-01 6.288639706744991731e-01 1.759159462694577514e-01 3.081185414342447679e-02
1.696729255206203824e-01 6.029839067335464042e-01 1.928469875608911643e-01 3.449618018494175764e-02
1.853971820380560520e-01 5.570916462580839390e-01 2.161536783096260905e-01 4.135749339423389764e-02
2.145698304935466649e-01 4.883936397474461510e-01 2.452162908763879934e-01 5.182023888261888533e-02
2.586943224092277949e-01 4.035107815801535214e-01 2.729681728493391080e-01 6.482672316127977008e-02
3.176602425379428940e-01 3.188410848111282170e-01 2.865236469986916501e-01 7.697502565223748872e-02
3.907443934067996727e-01 2.468373556758425291e-01 2.793195439621416476e-01 8.309870695521626160e-02
4.724009693508173791e-01 1.925555930133630300e-01 2.551113227610615208e-01 7.993211487475762600e-02
5.501099620719952510e-01 1.558284758770162315e-01 2.242749760944126314e-01 6.978658595657570574e-02
6.097966648471584428e-01 1.345737722806994996e-01 1.971438733889829265e-01 5.848568948315899241e-02
6.435217522268082968e-01 1.265699672259779363e-01 1.794380741972725346e-01 5.047020634994092009e-02
6.521235044392318381e-01 1.296579850149919555e-01 1.713291030807269910e-01 4.688940746504953461e-02
6.397359306815643132e-01 1.422120892804212000e-01 1.717558376310212298e-01 4.629614240699321537e-02
6.030145984648275226e-01 1.659226045420044982e-01 1.846194046244735432e-01 4.644339236869460957e-02
5.329177634761147475e-01 2.043524563134689609e-01 2.161681539328434432e-01 4.656162627757279987e-02
4.339831905027056180e-01 2.541203216880552618e-01 2.652594243995405887e-01 4.663706340969842740e-02
3.257650470741306203e-01 3.050668106218125120e-01 3.234015298094651270e-01 4.576661249459210851e-02
2.310338195034170317e-01 3.481259096766043393e-01 3.783912848504321080e-01 4.244898596954643777e-02
1.632562910792757227e-01 3.845599495700741666e-01 4.155049495113702362e-01 3.667880983927997163e-02
1.191378550265871916e-01 4.220046378091482642e-01 4.285441882775534173e-01 3.031331888671105063e-02
9.033931558151001018e-02 4.640947034153194983e-01 4.204196973100937096e-01 2.514628369307680272e-02
7.070616078809831284e-02 5.113759763064701369e-01 3.960457048803810443e-01 2.187215802505061008e-02
5.667086628716670044e-02 5.650808897033970934e-01 3.578993587513314423e-01 2.034888525810468404e-02
4.648692824158492942e-02 6.277901255137477987e-01 3.055413033899505582e-01 2.018164285471669289e-02
3.981919195167389625e-02 6.948606506581653797e-01 2.443245738789271981e-01 2.099558351123355371e-02
3.689825107005717530e-02 7.537536342988447879e-01 1.872506198931957744e-01 2.209749473790253299e-02
3.825293873672299533e-02 7.944467533036316809e-01 1.445199009795521405e-01 2.278040698009340531e-02
4.466975014435241309e-02 8.162101659604268367e-01 1.159937877229332420e-01 2.312629617228766435e-02
5.715283506912668954e-02 8.217387315659941960e-01 9.716385856148219979e-02 2.394457480339690775e-02
7.637839863471730661e-02 8.144369002998291807e-01 8.330000641884315049e-02 2.588469464661044550e-02
1.054640260130132318e-01 7.898089296968553441e-01 7.445050221123311607e-02 3.027654207889806867e-02
1.496935531049060908e-01 7.427472148099372173e-01 6.945328291527001763e-02 3.810594916988681302e-02
2.114074761460929819e-01 6.731455144651826705e-01 6.588597874616893002e-02 4.956103064255568819e-02
2.812264424443278732e-01 5.915315201188443561e-01 6.289771308544749029e-02 6.434432435138012774e-02
3.415400551138662033e-01 5.156662147556816400e-01 6.136912301498046590e-02 8.142460711547161445e-02
3.835554802250051853e-01 4.556799579582735960e-01 6.206616191806015037e-02 9.869839989866098506e-02
4.137035657637328501e-01 4.078228982187298013e-01 6.503769095139784462e-02 1.134358450661394901e-01
4.474042430176793372e-01 3.599434822403210221e-01 6.962786890645124294e-02 1.230244058355485365e-01
4.997438729378213540e-01 3.011573684756034264e-01 7.384729254292858591e-02 1.252514660436465921e-01
5.725177661429958764e-01 2.326143418830790843e-01 7.471489833420298654e-02 1.201529936397221637e-01
6.402898596424385635e-01 1.732473879808422712e-01 7.360102237918925150e-02 1.128617299975298721e-01
6.862896611007933689e-01 1.318316427845635241e-01 7.114312294155759886e-02 1.107355731730853554e-01
7.023765014626918157e-01 1.092555210094362378e-01 6.896013725135262395e-02 1.194078402765191421e-01
6.832739351361020175e-01 1.030056541975591655e-01 7.155317414878911708e-02 1.421672365175494224e-01
6.362852834757732889e-01 1.097386625212222605e-01 8.000165481772834875e-02 1.739743991852760741e-01
5.858255854656627681e-01 1.225217133173700651e-01 9.287991934875407252e-02 1.987727818682133440e-01
5.570447809085244950e-01 1.325326759505479068e-01 1.068321771026402439e-01 2.035903660382875346e-01
5.563519452955010269e-01 1.348891498954798984e-01 1.200642644653703156e-01 1.886946403436483843e-01
5.764746474952952005e-01 1.290593000240678745e-01 1.321249736450051671e-01 1.623410788356317025e-01
6.080908064626390219e-01 1.165107257952939235e-01 1.425274976319578224e-01 1.328709701101092322e-01
4.429965013402991508e-02 7.881958825160564341e-01 1.494950270716398910e-01 1.800944027827390201e-02
1.494429937125403389e-02 9.070846278719834066e-01 7.317329354266943753e-02 4.797779214092994481e-03
1.222269824786378044e-02 9.123748973744415514e-01 7.128630323741574903e-02 4.116101140279352852e-03
1.116273547109140028e-02 9.128785751856194342e-01 7.184676194027296570e-02 4.111927403016134817e-03
1.094975815346141239e-02 9.097986350754947438e-01 7.468819955945028843e-02 4.563407211593335962e-03
1.124749766475444633e-02 9.039679602026969851e-01 7.946273070042111919e-02 5.321811432127517873e-03
1.226441696452749107e-02 8.944995675225604348e-01 8.668467775584673407e-02 6.551337757065378228e-03
1.484930291051093573e-02 8.801790776286397833e-01 9.655531053813810882e-02 8.416308922711165236e-03
1.755675762660222419e-02 8.630092356273874055e-01 1.088235559129927393e-01 1.061045083301814622e-02
2.071222382264964121e-02 8.437073748678218799e-01 1.229051797863987272e-01 1.267522152312981591e-02
2.450038015313484030e-02 8.223658573848544595e-01 1.386488734752713836e-01 1.448488898673913616e-02
2.937407667431178246e-02 7.983263317316122709e-01 1.560240774479214054e-01 1.627551414615467651e-02
3.562063594476661682e-02 7.718704760336976278e-01 1.743319916960422156e-01 1.817689632549308529e-02
4.304634497354996314e-02 7.448749867723774010e-01 1.920535919758454280e-01 2.002507627822727732e-02
5.061822246483374532e-02 7.204095171945722464e-01 2.073813126291440823e-01 2.159094771145002312e-02
5.656877542866237812e-02 7.014156942519559346e-01 2.190774815976122003e-01 2.293804872176955292e-02
5.964022777308380929e-02 6.873885574199829485e-01 2.285710494423090489e-01 2.440016536462427318e-02
5.992339990301573383e-02 6.719737723915492067e-01 2.416969017409532350e-01 2.640592596448214369e-02
5.793169776132869875e-02 6.459439273609762777e-01 2.664878572100957688e-01 2.963651766759946293e-02
5.432190630103123086e-02 6.030354600565867029e-01 3.071284484047582253e-01 3.551418523762375073e-02
5.037761953576016388e-02 5.461759093139194610e-01 3.587609747941537530e-01 4.468549635616668458e-02
4.712161778992961930e-02 4.805864190970016714e-01 4.166796048402452990e-01 5.561235827282344502e-02
4.491760350126462048e-02 4.134667148336733100e-01 4.742870234447758016e-01 6.732865822028590019e-02
4.380599429658414007e-02 3.560758860618457033e-01 5.203340166784822252e-01 7.978410296308779959e-02
4.372798821884198162e-02 3.132369572600584018e-01 5.497975873309850492e-01 9.323746719011488659e-02
4.453070042735444295e-02 2.826310552658761188e-01 5.648726601193571062e-01 1.079655841874126859e-01
4.594363812550322779e-02 2.606534561066430888e-01 5.702621798364433392e-01 1.231407259314104552e-01
4.761509657289127867e-02 2.457917995933998623e-01 5.692121560136842451e-01 1.373809478200246903e-01
4.848226119063735184e-02 2.385657230061363487e-01 5.627778247214850760e-01 1.501741910817412096e-01
5.027264861264693629e-02 2.355691193410876516e-01 5.530995883641233180e-01 1.610586436821419276e-01
5.152217648264893757e-02 2.379884045206483445e-01 5.411588922956258596e-01 1.693305267010768445e-01
5.286341177724986767e-02 2.457940529672094365e-01 5.273791649810919413e-01 1.739633702744487198e-01
5.411857019706017152e-02 2.613924572880664821e-01 5.103791519239160301e-01 1.741098205909574204e-01
5.548793403869146240e-02 2.876155805809019195e-01 4.880383367053882648e-01 1.688581486750183325e-01
5.725227311959181498e-02 3.252023439356906409e-01 4.596968636606282854e-01 1.578485192840890228e-01
5.870008868406854236e-02 3.723116299410224039e-01 4.260303561539273698e-01 1.429579252209814966e-01
5.837284624587807391e-02 4.232609994048118218e-01 3.919095524377146922e-01 1.264566019115955231e-01
5.512996607838112351e-02 4.714476074067626699e-01 3.639753226268793718e-01 1.094471038879769043e-01
4.896041758478740513e-02 5.130991461319165392e-01 3.442238900162222226e-01 9.371654626707383307e-02
4.118081229011597011e-02 5.461128562188792834e-01 3.313285257311995857e-01 8.137780575980493869e-02
3.344540538278008984e-02 5.711579913168056688e-01 3.220157066154098469e-01 7.338089668500408225e-02
2.683166297343267045e-02 5.946690307876506543e-01 3.097890110694029864e-01 6.871029516951344951e-02
2.148235481923106358e-02 6.247690004076766890e-01 2.894415150404311965e-01 6.430712973266133892e-02
1.708970517125901062e-02 6.637442153737991291e-01 2.621519271900966674e-01 5.701415226484513737e-02
1.349228672080550299e-02 7.079501094587472565e-01 2.320499536430512544e-01 4.650765017739535989e-02
1.071403262911166561e-02 7.509989570291112360e-01 2.029172355355216839e-01 3.536977480625523584e-02
8.782313800731036957e-03 7.874031711892589547e-01 1.775121929089309158e-01 2.630232210107869006e-02
7.129381143017108312e-03 8.148620449291659185e-01 1.579003355274421483e-01 2.010823840037481366e-02
6.492090745790759718e-03 8.310780010960555630e-01 1.460634536935401517e-01 1.636645446461355152e-02
6.098811518571566753e-03 8.355093832050639602e-01 1.438781497491531669e-01 1.451365552721101300e-02
5.819936750991770887e-03 8.265546137550805472e-01 1.533149077423212880e-01 1.431054175160635482e-02
5.585834590235420026e-03 8.032034276327080224e-01 1.754495107910161444e-01 1.576122698604020406e-02
5.450820866061738268e-03 7.672238683177543539e-01 2.082461016529919273e-01 1.907920916319203603e-02
5.501598286261740779e-03 7.218700461621399000e-01 2.489742980244803172e-01 2.365405752711772364e-02
4.920564972911594705e-03 6.705136210649285111e-01 2.971621525369189110e-01 2.740366142524095286e-02
4.658053800876609495e-03 6.120441620006059624e-01 3.542019204406213762e-01 2.909586375789636678e-02
4.384429915603852736e-03 5.417750817274430419e-01 4.248552866937911343e-01 2.898520166316167004e-02
4.067156327995351088e-03 4.527375278379939805e-01 5.155585242761212550e-01 2.763679155788946115e-02
3.686343405305347355e-03 3.468775259217857232e-01 6.238269670985033821e-01 2.560916357440561758e-02
3.228714989412942785e-03 2.408416822962757275e-01 7.321349106117784888e-01 2.379469210253294317e-02
2.776615694921184905e-03 1.554679681790606949e-01 8.184323659147368923e-01 2.332305021128146597e-02
2.451478416035359799e-03 9.794171855818814554e-02 8.743495552469059406e-01 2.525724777887068326e-02
2.315056011354753307e-03 6.277050595311770009e-02 9.042565330816556557e-01 3.065790495387156825e-02
2.391848647985708298e-03 4.229618564534345232e-02 9.147461488585050260e-01 4.056581684816571581e-02
2.729268556328865759e-03 3.080432723193076219e-02 9.115257955351424579e-01 5.494060867659764785e-02
3.169714023902184177e-03 2.457836868146641082e-02 9.000472815382891678e-01 7.220463575634232523e-02
4.421908227796555492e-03 2.080620303197253107e-02 8.840954718812543689e-01 9.067641685897613602e-02
7.751634178770628811e-03 2.006881059454899627e-02 8.637226921930380996e-01 1.084568630336423395e-01
1.346635049091843457e-02 2.094813490978150727e-02 8.398504027484283707e-01 1.257351118508715226e-01
2.368970624479423484e-02 2.376072454056321961e-02 8.063461788192768376e-01 1.462033903953656178e-01
3.926385727970793660e-02 2.787120645319714554e-02 7.605336277283998303e-01 1.723313085386953269e-01
6.079964003914288539e-02 3.202120438953672682e-02 7.000892428337154305e-01 2.070899127376048809e-01
1.239083570632304107e-02 8.772932370336863350e-01 4.842299427144264312e-02 6.189293298854777609e-02
8.409518784906408473e-03 9.162076606750158003e-01 3.729476425284500990e-02 3.808805628723290621e-02
5.446790391658724514e-03 9.426326090224619314e-01 2.974387194618673819e-02 2.217672863969277069e-02
3.482836153772234534e-03 9.571814184540148318e-01 2.660105614404103744e-02 1.273468924817169716e-02
2.336174986564470632e-03 9.621812966410591139e-01 2.788442980347716899e-02 7.598098568899138046e-03
1.746670653659800846e-03 9.599062944674187081e-01 3.335861551862621954e-02 4.988419360295261520e-03
1.485361290645678244e-03 9.513369316515513097e-01 4.343303243535600461e-02 3.744674622446991005e-03
1.447062712475148151e-03 9.358779912651459254e-01 5.940440528263492975e-02 3.270540739743471939e-03
1.618626814905861069e-03 9.134774869710557965e-01 8.159267131475153589e-02 3.311214899286635868e-03
2.041627659276516477e-03 8.860273049988049987e-01 1.081316345887998048e-01 3.799432753118781470e-03
2.782132193714397482e-03 8.548772466538924197e-01 1.376143251416673818e-01 4.726296010725918040e-03
4.049043551179695201e-03 8.208340610597382181e-01 1.687435888237567572e-01 6.373306565325461380e-03
6.209248528837005981e-03 7.858201659024798280e-01 1.986147119092447344e-01 9.355873659438469769e-03
9.896100791205158370e-03 7.467441596134675175e-01 2.285560483236974416e-01 1.480369127162972295e-02
1.704750115770283306e-02 6.930014956705481399e-01 2.650018399318579410e-01 2.494916323989131851e-02
2.783704086412227066e-02 6.163340696695291943e-01 3.133650608268700455e-01 4.246382863947856939e-02
4.241598509955404883e-02 5.151659440449507521e-01 3.720395386349779621e-01 7.037853222051773661e-02
5.908317108900487669e-02 3.975283757843699473e-01 4.306086350459493173e-01 1.127798180806758865e-01
7.281033222034490049e-02 2.808322252022222298e-01 4.710622493004498201e-01 1.752951932769832022e-01
7.621472692352757039e-02 1.849469630899197303e-01 4.778640020873943239e-01 2.609743078991583198e-01
6.830906953260156012e-02 1.177281010590413984e-01 4.541259728129053985e-01 3.598368565954513931e-01
5.559702199220247637e-02 7.510406075469515386e-02 4.161620384921048132e-01 4.531368787609976190e-01
4.365533902318800841e-02 4.968603223846188022e-02 3.747166102570164692e-01 5.319420184813337116e-01
3.492811061995604316e-01 2.543090713676344206e-01 6.725068728612879077e-02 3.291591351466762738e-01
3.312550388283020952e-01 3.000765399145491896e-01 7.234055121253879506e-02 2.963278700446098646e-01
3.137323996480454458e-01 3.426428073636781924e-01 7.651956483059729752e-02 2.671052281576793974e-01
3.052923674852772717e-01 3.716908302761523508e-01 7.866778290891916769e-02 2.443490193296511126e-01
3.075204072029013025e-01 3.832081633401768217e-01 7.933498842134070750e-02 2.299364410355813071e-01
3.206268437412248540e-01 3.777275183371179845e-01 7.880045061378697369e-02 2.228451873078704237e-01
3.424614571333324808e-01 3.600575751032736860e-01 7.728818829169475935e-02 2.201927794716992126e-01
3.700926125495017094e-01 3.351140071359642869e-01 7.511650284707387104e-02 2.196768774674601188e-01
4.015927965883159811e-01 3.048549291228241920e-01 7.243401588717833517e-02 2.211182584016814778e-01
4.344194100314974216e-01 2.700836320518588685e-01 6.918744524996846279e-02 2.263095126666750667e-01
4.623680740443815718e-01 2.340964831642475819e-01 6.556768487508682353e-02 2.379677579162840784e-01
4.736755283622312573e-01 2.049719957612069487e-01 6.248104871972311181e-02 2.588714271568385294e-01
4.653302308392688325e-01 1.874853836588261102e-01 5.980877319331295155e-02 2.873756123085922098e-01
4.491344299198513634e-01 1.829676505830804545e-01 5.631577017444445998e-02 3.115821493226238470e-01
4.359541080989750017e-01 1.902740233160326033e-01 5.169474091413708144e-02 3.220771276708555564e-01
4.237983682806985009e-01 2.074568752965229579e-01 4.729250955888954222e-02 3.214522468638890684e-01
4.085817821530832172e-01 2.318122791982924480e-01 4.371012054009791592e-02 3.158958181085263495e-01
3.884708875743012046e-01 2.596387688952307982e-01 4.069279199401286407e-02 3.111975515364549527e-01
3.646177042062807572e-01 2.873518400642725568e-01 3.788105668479879035e-02 3.101493990446476112e-01
3.425556300736702364e-01 3.120061401674508184e-01 3.513825923923893924e-02 3.102999705196399227e-01
3.308969786971376337e-01 3.301514964395748652e-01 3.272967837469084595e-02 3.062218464885968494e-01
3.349641872626131778e-01 3.381655342621615601e-01 3.126445832993527546e-02 2.956058201452901879e-01
3.530436531583141524e-01 3.343541144007942667e-01 3.123993590467591744e-02 2.813622965362151951e-01
3.793937092263177102e-01 3.210202801779516446e-01 3.254852057045256458e-02 2.670374900252781569e-01
4.096193998312863682e-01 3.025832235984280971e-01 3.428134175463942723e-02 2.535160348156459409e-01
4.419719734053348392e-01 2.830999149851419205e-01 3.517430060737548186e-02 2.397538110021477653e-01
4.743334783730914217e-01 2.659979709291736549e-01 3.457910077476204075e-02 2.250894499229727785e-01
5.020454335488290232e-01 2.526304923013970027e-01 3.292661301041319849e-02 2.123974611393608380e-01
5.205959429661993765e-01 2.411248703345741373e-01 3.127981168456127337e-02 2.069993750146650602e-01
5.305517665538355132e-01 2.280188096308565504e-01 3.029497037599746326e-02 2.111344534393105599e-01
5.368266786872842866e-01 2.091377811080541993e-01 2.998493780996283262e-02 2.240506023946993164e-01
5.368695893962992516e-01 1.873814427558675721e-01 3.112455717448114542e-02 2.446244106733523327e-01
5.291864958433196708e-01 1.659131520837100193e-01 3.396887273589021400e-02 2.709314793370802832e-01
5.077662832058368325e-01 1.499395538827474061e-01 3.913531823996109493e-02 3.031588446714547080e-01
4.681713854539759634e-01 1.397882513252816650e-01 4.736072436776944672e-02 3.446796388529732025e-01
4.089216408129068281e-01 1.314499308624642315e-01 5.899179271266091068e-02 4.006366356119679950e-01
3.327253523033968374e-01 1.181381704995146664e-01 7.206354546687440688e-02 4.770729317302140338e-01
2.454737462472511011e-01 1.001450177007107006e-01 8.236498693016491845e-02 5.720162491218733214e-01
1.629808315298929000e-01 7.677855688675268298e-02 8.621969726507786036e-02 6.740209143182763762e-01
9.823371468104463711e-02 5.341764223657385208e-02 8.184125332926629748e-02 7.665073897531154978e-01
5.571615914641626921e-02 3.439320375780285238e-02 7.253859958544069120e-02 8.373520375103400415e-01
3.164970249807130126e-02 2.124210683862808036e-02 6.303992498927384058e-02 8.840682656740269652e-01
1.913494043602010850e-02 1.303127861933948278e-02 5.634178000014567617e-02 9.114920009444944515e-01
1.267185870015453443e-02 8.187939361714191566e-03 5.364699636990358927e-02 9.254932055682274505e-01
9.158475905995415098e-03 5.392584654625508928e-03 5.480103782361469417e-02 9.306479016157641615e-01
7.139981801320593319e-03 3.784393695201011820e-03 5.922910286313621403e-02 9.298465216403418721e-01
5.981564277166882306e-03 2.867334136869663201e-03 6.677764655211151923e-02 9.243734550338519318e-01
5.363771901885986716e-03 2.342995557820612244e-03 7.789209677261460518e-02 9.144011357676787854e-01
5.183643753715339204e-03 2.045196368804403676e-03 9.469802040672956056e-02 8.980731394707506254e-01
5.426476521090189617e-03 1.883874348872679886e-03 1.205263469777877461e-01 8.721633021522491314e-01
6.021792178125176705e-03 1.806342964335434266e-03 1.561665330917534622e-01 8.360053317657858418e-01
6.821304836649874637e-03 1.778508101616410857e-03 1.961915937371559449e-01 7.952085933245777172e-01
6.891632633859063294e-03 1.681802907278110966e-03 2.305990618030926420e-01 7.608275026557701493e-01
7.329165667767295785e-03 1.649144347368239382e-03 2.535929237362863908e-01 7.374287662485782269e-01
7.571338187624402499e-03 1.622711711361391222e-03 2.674385992952937330e-01 7.233673508057203438e-01
7.716619065630133355e-03 1.630961850356250041e-03 2.770553827809721370e-01 7.135970363030417207e-01
7.796333295095258034e-03 1.692630854673821822e-03 2.838231231085788231e-01 7.066879127416516582e-01
7.722028954233842689e-03 1.791654280864560288e-03 2.850621891361481142e-01 7.054241276287536166e-01
7.321299889194381183e-03 1.850718853366827401e-03 2.784560164069153632e-01 7.123719648505234536e-01
6.546251153934419358e-03 1.794186296577413367e-03 2.659149060394622732e-01 7.257446565100260649e-01
5.554605958882440249e-03 1.629352179643618267e-03 2.520647523537628554e-01 7.407512895077109638e-01
4.571968082908960118e-03 1.412759712316765661e-03 2.415935492901792048e-01 7.524217229145949704e-01
3.756465565295782905e-03 1.202055294186011323e-03 2.386057379326671501e-01 7.564357412078511755e-01
3.143341410854285506e-03 1.030994512898645134e-03 2.451236549710510415e-01 7.507020091051959110e-01
2.696938703382272852e-03 9.067419883888378678e-04 2.604524911657584152e-01 7.359438281424705020e-01
2.393257608865245745e-03 8.408331875644652932e-04 2.827557829737908368e-01 7.140101262297794404e-01
2.237318019339927522e-03 8.555762362435273809e-04 3.120672599050496876e-01 6.848398458393670785e-01
2.254242803002036877e-03 9.761654031198531206e-04 3.523636637873875932e-01 6.444059280064905471e-01
2.477842172766865549e-03 1.239993250043291192e-03 4.086659837910452397e-01 5.876161807861446373e-01
2.910608605859346491e-03 1.677852011252059473e-03 4.834536265080434103e-01 5.119579128748454888e-01
3.465532786734453960e-03 2.258392916515453500e-03 5.753678712948878671e-01 4.189082030018623781e-01
4.363962016407030992e-03 2.985906160632268314e-03 6.761428376428627596e-01 3.165072941800981532e-01
4.616547098233136394e-03 3.852440082331737292e-03 7.681198316871947762e-01 2.234111811322400110e-01
5.134858050785759236e-03 5.136993553523220603e-03 8.369911779846302968e-01 1.527369704110608517e-01
5.790583394566963492e-03 6.684969722347802040e-03 8.814630142352842812e-01 1.060614326478008795e-01
7.442312487514294098e-03 1.009201522107940757e-02 9.039965847655002662e-01 7.846908752590599223e-02
9.619996906222205366e-03 1.478998009163394814e-02 9.114069056779257050e-01 6.418311732421808080e-02
1.277332932874422969e-02 2.179730031690557332e-02 9.076237334214525276e-01 5.780563693289787752e-02
1.709671729549337021e-02 3.151053510762340942e-02 8.962444092677148699e-01 5.514833832916840595e-02
2.264798534149026557e-02 4.476790989514063679e-02 8.781785309998818567e-01 5.440557376348730684e-02
2.897038136849851980e-02 6.248566497625315103e-02 8.535297484117274625e-01 5.501420524352083896e-02
3.530607761201225853e-02 8.417906459275514841e-02 8.247389361526064055e-01 5.577592164262627078e-02
4.122099630338565274e-02 1.090149778447913331e-01 7.940084172467635204e-01 5.575560860505970884e-02
4.654573991052075171e-02 1.361850164922885353e-01 7.626257124420915412e-01 5.464353115509894276e-02
5.138313804972201998e-02 1.643599664551743111e-01 7.316558776529131780e-01 5.260101784219051863e-02
5.594488950345608003e-02 1.926141354941105222e-01 7.007930067973560107e-01 5.064796820507770636e-02
5.975421243660834075e-02 2.193375903713265795e-01 6.714702469672919616e-01 4.943795022477295159e-02
6.149960687594015207e-02 2.428544887973467792e-01 6.468055825721572560e-01 4.884032175455602781e-02
5.983361767755029925e-02 2.634935582926504760e-01 6.275027542172763040e-01 4.917006981252330933e-02
