3.819421682120841544e-01 4.094690869850088899e-01 1.600180230310599971e-01 4.857072177184669493e-02
9.494965148753184980e-01 3.671037319770184548e-02 6.881714098319563142e-03 6.911397828659938090e-03
9.570886527143711575e-01 3.172645513821366337e-02 5.479843849649015941e-03 5.705048297766020932e-03
9.634569302956850212e-01 2.725162337020691286e-02 4.657435996467077823e-03 4.634010337641043635e-03
9.697182955699723550e-01 2.248907726576516303e-02 4.030065243825779221e-03 3.762561920436544461e-03
9.759778484744544569e-01 1.749875721012824834e-02 3.480275292468125795e-03 3.043119022948975565e-03
9.817638013176492873e-01 1.286755250334458908e-02 2.980065147302663180e-03 2.388581031703480417e-03
9.866902422439822740e-01 9.095339756689954647e-03 2.468735083084168998e-03 1.745682916243627113e-03
9.904478941146174220e-01 6.423672888317747548e-03 1.949693866947456054e-03 1.178739130117332102e-03
9.928388410714170664e-01 4.842451799888134248e-03 1.534129185032019182e-03 7.845779436630503229e-04
9.939710643327698270e-01 4.166022897093994704e-03 1.290716249700252574e-03 5.721965204359606792e-04
9.940033750699670545e-01 4.271784715021887009e-03 1.230185098559564765e-03 4.946551164512962917e-04
9.929333944321471206e-01 5.208184371844658614e-03 1.349410966177647542e-03 5.090102298304959505e-04
9.904505197196389332e-01 7.264322632077577918e-03 1.689326784241427766e-03 5.958308640423576200e-04
9.857182230666526879e-01 1.110556007564112053e-02 2.410289914363130271e-03 7.659269433430888636e-04
9.771605956773423696e-01 1.795461689711018091e-02 3.815693280428745105e-03 1.069094145118588621e-03
9.628908444105052089e-01 2.933452585477706875e-02 6.199033183921263263e-03 1.575596550796134684e-03
9.416027747236380696e-01 4.644504813058905612e-02 9.623392804620226060e-03 2.328784341152831221e-03
9.163777500813835575e-01 6.682784213312471799e-02 1.354796996430202710e-02 3.246437821189712605e-03
8.854906993210589494e-01 9.254649212358916077e-02 1.774307916212546077e-02 4.219729393226326689e-03
8.516711655348507826e-01 1.216574396567163402e-01 2.159478145926845699e-02 5.076613349164403773e-03
8.150950085737092010e-01 1.541125517635522080e-01 2.498045347503127789e-02 5.811986187707396390e-03
7.737964076320564821e-01 1.916329187125475897e-01 2.797580423233756927e-02 6.594869423058259163e-03
7.261922119082506732e-01 2.362800969335458467e-01 3.004223917684710476e-02 7.485451981356459374e-03
6.721164218788099332e-01 2.897380708862852261e-01 2.993374178876115690e-02 8.211765446143784453e-03
6.094206725189909024e-01 3.547103144886303294e-01 2.736048631751205121e-02 8.508526674866586856e-03
5.373286357281535919e-01 4.309334802823536203e-01 2.340121004529115145e-02 8.336673944201530503e-03
4.644170582232085565e-01 5.094503008562332180e-01 1.846962418344548149e-02 7.663016737112552344e-03
3.934038472104890438e-01 5.855889224375171453e-01 1.427197263408044349e-02 6.735257717913584186e-03
3.326810288964637818e-01 6.510379641442880505e-01 1.060464793762733518e-02 5.676359021620659868e-03
2.822209754526285863e-01 7.056164761647096828e-01 7.555912879513632628e-03 4.606635503148106062e-03
2.375334004812680866e-01 7.536311578201234651e-01 5.223521665752643185e-03 3.611920032855741799e-03
1.962887722986392525e-01 7.973770902788894777e-01 3.587350049862163444e-03 2.746787372608899998e-03
1.605505685125084014e-01 8.348111358968985929e-01 2.578946301870581846e-03 2.059349288722575610e-03
1.345109308200207465e-01 8.618239310709113754e-01 2.090325950039316830e-03 1.574812159028802800e-03
1.201377263375998650e-01 8.766101003232344979e-01 1.969014092193745093e-03 1.283159246972062238e-03
1.177669058622601572e-01 8.789691381289576055e-01 2.110034551613202379e-03 1.153921457168680326e-03
1.301666388629648119e-01 8.660528625678027836e-01 2.607091829291161532e-03 1.173406739941316654e-03
1.604764565865929027e-01 8.344192499261319229e-01 3.756501244302671606e-03 1.347792242972655017e-03
2.081129035834723973e-01 7.842355418888093954e-01 5.971442179287243454e-03 1.680112348430855664e-03
2.672534241392607313e-01 7.212084943432359729e-01 9.452101413098708965e-03 2.085980104404673140e-03
3.330688420561681573e-01 6.506588980744941741e-01 1.385146319680229977e-02 2.420796672535159306e-03
4.053618479727141288e-01 5.734256450788568493e-01 1.858033998088924263e-02 2.632166967539607480e-03
4.839432744454119084e-01 4.901552213940374991e-01 2.313893267977717300e-02 2.762571480773548267e-03
5.642130454899515479e-01 4.052384887886852916e-01 2.766185098100400891e-02 2.886614740358984209e-03
6.435330134108991906e-01 3.218422321363447747e-01 3.169822706787455563e-02 2.926527384881552358e-03
7.112166851256547240e-01 2.502473247437220216e-01 3.562796475602283269e-02 2.908025374600302013e-03
7.641802799672386959e-01 1.942189057088677950e-01 3.877543779636059840e-02 2.825376527533120588e-03
8.043214704631329592e-01 1.536112719967692997e-01 3.939787711445427026e-02 2.669380425643146874e-03
8.359514447653398905e-01 1.250453717477806315e-01 3.655385754491822375e-02 2.449325941961380450e-03
8.621599556189947222e-01 1.040436082776738241e-01 3.160085752019992089e-02 2.195578583131399183e-03
8.841698143509620911e-01 8.740579263024511603e-02 2.648979989630298806e-02 1.934593122489600570e-03
9.022817465732330122e-01 7.398430398643689176e-02 2.204878834904920940e-02 1.685161091280862116e-03
9.157248389925678467e-01 6.441250500266262891e-02 1.840933413882925307e-02 1.453321865940381506e-03
9.288887219672561368e-01 5.550655237447221779e-02 1.440491386015460736e-02 1.199811798117044305e-03
9.400237356152274515e-01 4.815483125943257475e-02 1.085700787740695276e-02 9.644252479330762875e-04
9.489982207580321960e-01 4.213084468147319794e-02 8.096158941687624580e-03 7.747756188068561332e-04
9.553583961049642026e-01 3.775051697995229077e-02 6.248334143778829473e-03 6.427527713045970295e-04
9.585292601614466834e-01 3.564886477220780697e-02 5.254541131939011525e-03 5.673339344065213936e-04
9.584904518949256547e-01 3.608707806683314478e-02 4.885620303758783124e-03 5.368497344825418939e-04
9.556795423420408886e-01 3.889164710310573370e-02 4.891351652016927808e-03 5.374589028365134389e-04
9.518837394211306924e-01 4.253506891347043350e-02 5.023309311259221629e-03 5.578823541395179454e-04
9.441940792184883025e-01 4.969122445013260392e-02 5.496288108720267379e-03 6.184082226588761243e-04
9.324591197935965248e-01 6.014533449560285905e-02 6.644721007378332454e-03 7.508247034224008187e-04
9.165082918295001102e-01 7.361909461982278635e-02 8.893891069094399596e-03 9.787224815829553837e-04
8.980097768632059330e-01 8.810079142980022093e-02 1.259321225664938523e-02 1.296219450344595963e-03
8.792355238928507566e-01 1.008977996026439866e-01 1.817933883348099577e-02 1.687337671024418013e-03
8.627324557339122180e-01 1.093626083727833459e-01 2.579024537539980830e-02 2.114690517904732787e-03
8.499550362172799689e-01 1.124201110748788007e-01 3.510966000134752019e-02 2.515192706493658576e-03
8.401547464881135019e-01 1.111841150193593614e-01 4.582594024983762532e-02 2.835198242689596429e-03
8.310825907269234758e-01 1.075390927908208838e-01 5.833115647470574205e-02 3.047160007550025421e-03
8.171014027955303405e-01 1.039710071446267314e-01 7.570109281519735167e-02 3.226497244645611540e-03
1.223534489937879860e-01 2.505283412747865215e-02 1.315214127099656634e-02 8.394415756077366897e-01
1.270701629775548153e-02 2.808718542500128756e-01 4.903538472716554297e-01 2.160672821805761645e-01
1.349439132800781503e-02 3.212331479137106593e-01 4.511704988074390910e-01 2.141019619508426342e-01
1.492476410260901859e-02 3.531255475085374185e-01 4.193211459382338302e-01 2.126285424506200727e-01
1.776756716199848901e-02 3.757745748420970311e-01 3.980861394462711922e-01 2.083717185496334334e-01
2.236064070055414008e-02 3.916367072694883489e-01 3.835631017536065279e-01 2.024395502763510213e-01
2.822876872887737990e-02 4.025522996539637188e-01 3.762157833923814865e-01 1.930031482247775154e-01
3.465441598045561344e-02 4.070475181223751626e-01 3.891991189106036031e-01 1.690989469865658013e-01
4.128220770318261068e-02 4.022489562204459301e-01 4.267976718775717271e-01 1.296711641987998709e-01
4.792216639158258795e-02 3.814186233451902219e-01 4.830960132455705547e-01 8.756319701765638563e-02
5.408896206997257372e-02 3.427431501348424669e-01 5.486293294396151765e-01 5.453855835556981752e-02
6.023517888366038825e-02 2.924565600747049965e-01 6.141861606015429631e-01 3.312210044009160359e-02
6.871301362663284618e-02 2.365364465839573382e-01 6.742111729127959752e-01 2.053936687661370164e-02
8.279773846650508029e-02 1.818905800528378414e-01 7.218914488915749716e-01 1.342023258908196445e-02
1.067104033620278752e-01 1.375206541317372244e-01 7.464506825000031265e-01 9.318260006231655901e-03
1.481395869444211699e-01 1.094020130772434679e-01 7.354558377730523455e-01 7.002562205283247368e-03
2.152713220294975027e-01 9.790495638620981544e-02 6.808942596809148817e-01 5.929461903377859951e-03
3.074708953618728868e-01 9.935625322071348076e-02 5.876005304644432714e-01 5.572320952970171055e-03
4.067541094049744177e-01 1.112977706949101753e-01 4.762352623154766929e-01 5.712857584638825204e-03
4.961674357156717341e-01 1.283494692840447537e-01 3.690283251697491496e-01 6.454769830534257645e-03
5.573249526055036318e-01 1.452135648541759694e-01 2.893540614821561441e-01 8.107421058164261674e-03
5.882162522295403262e-01 1.622566635305827953e-01 2.386118825851355485e-01 1.091520165474128834e-02
6.078384602113832136e-01 1.764115303716879413e-01 2.014606136050439977e-01 1.428939581188498446e-02
6.333031822328906157e-01 1.835808249701833261e-01 1.660935566664077656e-01 1.702243613051792476e-02
6.709456780720872704e-01 1.808682726976465205e-01 1.300139225570438040e-01 1.817212667322225944e-02
7.219021373896642446e-01 1.635689152654172529e-01 9.685584677719445701e-02 1.767310056772390323e-02
7.728855380293129240e-01 1.385386486940329009e-01 7.212875250907845037e-02 1.644706076757595364e-02
8.145804371515794617e-01 1.129435700113385205e-01 5.715355686629221971e-02 1.532243597078958644e-02
8.451607063421240351e-01 9.062458979751651655e-02 4.990609012250776799e-02 1.430861373785177748e-02
8.685069691746312159e-01 7.122226024525486754e-02 4.728622794513906435e-02 1.298454263497488340e-02
8.898495565827349019e-01 5.348971185785059840e-02 4.563689312370349666e-02 1.102383843571095277e-02
9.114617479474801387e-01 3.772165193988976511e-02 4.224975748164346012e-02 8.566842630986922294e-03
9.320675244832319351e-01 2.513020814776844095e-02 3.669739044930119681e-02 6.104876919698768063e-03
9.472857212068902522e-01 1.682156948258944906e-02 3.180380397717497143e-02 4.088905333345381130e-03
9.558051506433314914e-01 1.224107895370316230e-02 2.933900929976430635e-02 2.614761103200886373e-03
9.623989167067655837e-01 9.779983041772705860e-03 2.626390402877152100e-02 1.557196222690135053e-03
9.693858170014273412e-01 8.746355880452760106e-03 2.099919111284747134e-02 8.686360052724163968e-04
9.744711832225000370e-01 9.357082898010652891e-03 1.567757427316734259e-02 4.941596063217211119e-04
9.741422963531370938e-01 1.288797250352439507e-02 1.263273892880826393e-02 3.369922145303972326e-04
9.633918210308021202e-01 2.349653548684659671e-02 1.279047780588946082e-02 3.211656764615943602e-04
9.288373894344504889e-01 5.326247053642062246e-02 1.746687768122037743e-02 4.332623479085473623e-04
8.445308034941523267e-01 1.262711818898331895e-01 2.852321725079404180e-02 6.747973652203916733e-04
6.843026342731657330e-01 2.651127995239301871e-01 4.953960899051896433e-02 1.044957212385070906e-03
4.844685938352968901e-01 4.400084988303972766e-01 7.409244492565263129e-02 1.430462408653387354e-03
3.168156801293731117e-01 5.919177482577967497e-01 8.955899692964128245e-02 1.707574683188949321e-03
2.009258450571505816e-01 7.021357454526541142e-01 9.503378540653216466e-02 1.904624083663100046e-03
1.295908307007490601e-01 7.697748374917564584e-01 9.838231728326235492e-02 2.252014524232400644e-03
8.575622078043287910e-02 8.081059630184981302e-01 1.034344666374218957e-01 2.703349563646848669e-03
5.916846859480545673e-02 8.255469144467455500e-01 1.120374266037556243e-01 3.247190354693623490e-03
4.247818579958304724e-02 8.308800064771886262e-01 1.227895216906403630e-01 3.852286032588030703e-03
3.359044689460848748e-02 8.311915176496357249e-01 1.307178376901708683e-01 4.500197765584999093e-03
2.812493145281208529e-02 8.354400816277705033e-01 1.312465619206182321e-01 5.188424998799311127e-03
2.604951859220141011e-02 8.408535435419328685e-01 1.269603003353236004e-01 6.136637530542487021e-03
2.717737855097568378e-02 8.422458045280305505e-01 1.229890390261574595e-01 7.587777894836065899e-03
3.165890449515795096e-02 8.370803442360322810e-01 1.216025570213132290e-01 9.658194247496709045e-03
4.019634399579258277e-02 8.242064703823527294e-01 1.230241520769402574e-01 1.257303354491443211e-02
5.414872657442111603e-02 8.016538748762735977e-01 1.269108803989575096e-01 1.728651815034798131e-02
7.481700801144866575e-02 7.680359060744730293e-01 1.313518203695447362e-01 2.579526554453356879e-02
1.005850012847547409e-01 7.230585999327399094e-01 1.351622426066841076e-01 4.119415617582133232e-02
1.275148723475229562e-01 6.669809886471538274e-01 1.386301369396396865e-01 6.687400206568379357e-02
1.485980591836157383e-01 6.093461840082482484e-01 1.374214848718659510e-01 1.046342719362698681e-01
1.580020876167273491e-01 5.572965162271376061e-01 1.283945335770507734e-01 1.563068625790844657e-01
1.528758093227886861e-01 5.094183156647247301e-01 1.112171521891537618e-01 2.264887228233327943e-01
1.339396306088478372e-01 4.568310201322535180e-01 8.720903297710783098e-02 3.220203162817907860e-01
1.054104605580550580e-01 3.902549010763293746e-01 6.080360757487798806e-02 4.435310307907375238e-01
7.520693814257330134e-02 3.128383476052799539e-01 3.910772231813407218e-02 5.728469919340125616e-01
5.186909256878020902e-02 2.433033357811805186e-01 2.611834022762234142e-02 6.787092314224167922e-01
3.762426207818541507e-02 1.969058294006647281e-01 2.028571712562598703e-02 7.451841913955239427e-01
3.005606634938540536e-02 1.751566216357302863e-01 1.910561397217680826e-02 7.756816980427075903e-01
2.722883018696211840e-02 1.767934226854412927e-01 2.232605041333593499e-02 7.736516967142608170e-01
2.820270210205912814e-02 2.013719556572373393e-01 3.190537236215477274e-02 7.385199698785485101e-01
3.141233402878484265e-02 2.431868302042494712e-01 4.893012486388222809e-02 6.764707109030834165e-01
7.858729238597303990e-01 1.079568729673845845e-01 1.040913558454653887e-01 2.078847327419324712e-03
8.234324187162699038e-02 1.119591742096483072e-01 6.992264992011522073e-01 1.064710847175729114e-01
7.575200146454125205e-02 1.179771356077223970e-01 6.869076331467657281e-01 1.193632297809707338e-01
6.868407531974374258e-02 1.276033635110705722e-01 6.685227034162305459e-01 1.351898577529550283e-01
6.213618704291121869e-02 1.427853027531366670e-01 6.400860281590355916e-01 1.549924820449167517e-01
5.656616627234868633e-02 1.641458142589550806e-01 5.993912908421330510e-01 1.798967286265635013e-01
5.134693472967608030e-02 1.890787099764973112e-01 5.512140889956101963e-01 2.083602662982165787e-01
4.542680800622639348e-02 2.146793424790221227e-01 5.043153324581545194e-01 2.355785170565971309e-01
3.857079770887350545e-02 2.427699954865513710e-01 4.651814778532936678e-01 2.534777289512815668e-01
3.166060635098229964e-02 2.787254034771221023e-01 4.386840246690212330e-01 2.509299655028746079e-01
2.589156241873492512e-02 3.237796943095900271e-01 4.286792793020219872e-01 2.216494639696527935e-01
2.195751372071526666e-02 3.686881159285193554e-01 4.313187383708534939e-01 1.780356319799120124e-01
1.996645089487905297e-02 4.044562146200206265e-01 4.328418646484764598e-01 1.427354698366239405e-01
2.031158880871914915e-02 4.273382905005669863e-01 4.272702767830716120e-01 1.250798439076422630e-01
2.374521826624469145e-02 4.315279081041653031e-01 4.233236181707862866e-01 1.214032554588036494e-01
3.086838547637683894e-02 4.153561144573150177e-01 4.280910406333340301e-01 1.256844594329737941e-01
4.234355063843593669e-02 3.825293023885916743e-01 4.408499688860284538e-01 1.342771780869437548e-01
5.813991263984068930e-02 3.421911059341280481e-01 4.557357066304168480e-01 1.439332747956145742e-01
7.544347901673319201e-02 3.058266776309737089e-01 4.715851469594087297e-01 1.471446963928843554e-01
9.170879225355135778e-02 2.787124995012104089e-01 4.955418173801151016e-01 1.340368908651233537e-01
1.019147390507138262e-01 2.640930943663461483e-01 5.294855457597861248e-01 1.045066208231540950e-01
1.039980599150554658e-01 2.606739825806683175e-01 5.650914669357187670e-01 7.023649056855760242e-02
1.001123261298296208e-01 2.636495347266762934e-01 5.932536187898589386e-01 4.298452035363490437e-02
9.492293075870256169e-02 2.674742611210588206e-01 6.112241456036763276e-01 2.637866251656212357e-02
9.395086065235980222e-02 2.707588667198336241e-01 6.171749276293138076e-01 1.811534499849240532e-02
9.909635938496877405e-02 2.808819190486787631e-01 6.052321160303826275e-01 1.478960553596965315e-02
1.124090447559442374e-01 3.034928566913788761e-01 5.700194530215586530e-01 1.407864553111815888e-02
1.363361659635397571e-01 3.340691399651566917e-01 5.153271591159607201e-01 1.426753495534295937e-02
1.684655654346554898e-01 3.672560242497188709e-01 4.507998622846992598e-01 1.347854803092627014e-02
2.078601281813931279e-01 3.951653750587859060e-01 3.858393452367320786e-01 1.113515152308869327e-02
2.556073499112903602e-01 4.030140158624612168e-01 3.329683817688048886e-01 8.410252457443641999e-03
3.056444067446149604e-01 3.885549392129755697e-01 2.995149261412055064e-01 6.285727901203968723e-03
3.537814455034470895e-01 3.588627458500204259e-01 2.824266426046250222e-01 4.929166041907216862e-03
3.987233616698597771e-01 3.237132260493521541e-01 2.734233776216093426e-01 4.140034659178922286e-03
4.452894808934606541e-01 2.879304615519866495e-01 2.630665035963012377e-01 3.713553958251617892e-03
4.965340077983880218e-01 2.540788838077168155e-01 2.458482260809169151e-01 3.538882312978037289e-03
5.451748973860772729e-01 2.271159220740280871e-01 2.241719196898052102e-01 3.537260850089415497e-03
5.781040028030115518e-01 2.127470972599531940e-01 2.055366163106610300e-01 3.612283626374166931e-03
5.863809585963617454e-01 2.139336786602650808e-01 1.959972439398995347e-01 3.688118803473289416e-03
5.667585867722438886e-01 2.315741519162609063e-01 1.979385278800808168e-01 3.728733431414581710e-03
5.226590304465974501e-01 2.629110071509393465e-01 2.107675374964605719e-01 3.662424906002669650e-03
4.680257409582460615e-01 2.971938647946320011e-01 2.313329495087840249e-01 3.447444738337860498e-03
4.227859645528485588e-01 3.169040627196325066e-01 2.570939856689216652e-01 3.215987058597379565e-03
3.993157837784269693e-01 3.088783778815825110e-01 2.886347266123430177e-01 3.171111727647497706e-03
3.982172366018493226e-01 2.748023735647027177e-01 3.236065549333317914e-01 3.373834900115556777e-03
4.127518862173294445e-01 2.285670259872055188e-01 3.550009082184593656e-01 3.680179577005536669e-03
4.347432374839383384e-01 1.835684475016233219e-01 3.778501337164411611e-01 3.838181297997135619e-03
4.563793304875538026e-01 1.465014647358141020e-01 3.934107967038583675e-01 3.708408072774060493e-03
4.702362094111925406e-01 1.192360054093371535e-01 4.071214627195905433e-01 3.406322459879755193e-03
4.703150512349054679e-01 1.023518597567828897e-01 4.243254790144156408e-01 3.007609993896070543e-03
4.576567550318231814e-01 9.198581915462457348e-02 4.477169565049928246e-01 2.640469308559648641e-03
4.436046146378425648e-01 8.463752362949826524e-02 4.695118411256983815e-01 2.246020606960784198e-03
4.358675300040512623e-01 7.795836778815111445e-02 4.842567286140840310e-01 1.917373593713706231e-03
4.344623329599499040e-01 7.124313886751534874e-02 4.925958255761487825e-01 1.698702596385873479e-03
4.358682966731396435e-01 6.494195866505497738e-02 4.976310339490292445e-01 1.558710712776054585e-03
4.348199879456004502e-01 6.028856123261299577e-02 5.034048238215697024e-01 1.486627000216659070e-03
4.251300582654360394e-01 5.856143994398757546e-02 5.148239495526997223e-01 1.484552237876295795e-03
4.018471828223892928e-01 6.008138863229926102e-02 5.365522680370622410e-01 1.519160508249397081e-03
3.656411845956541451e-01 6.455596902306216800e-02 5.682727624287736701e-01 1.530083952510102700e-03
3.202862450614818446e-01 7.205706515018098224e-02 6.061637842709951540e-01 1.492905517341757207e-03
2.710312648905197630e-01 8.284232430660774804e-02 6.446787751392283328e-01 1.447635663643972960e-03
2.247591581911449476e-01 9.624351650175440309e-02 6.775097173820476826e-01 1.487607925052998777e-03
1.887584688578078096e-01 1.118346672134996750e-01 6.979260400413377363e-01 1.480823887355023480e-03
1.595121269072415915e-01 1.271224801723356279e-01 7.118286427293185614e-01 1.536750191104145451e-03
1.357265395449079592e-01 1.411536688293697217e-01 7.215171927043241284e-01 1.602598921398266495e-03
1.162926353172116234e-01 1.528235433840738899e-01 7.291971871860007948e-01 1.686634112713933896e-03
1.006181211257218544e-01 1.598063282690412035e-01 7.377730458247319101e-01 1.802504780505415202e-03
8.804675611657437895e-02 1.615540783191994068e-01 7.484674190482825118e-01 1.931746515944104308e-03
7.901493129296532913e-02 1.611158408553548249e-01 7.577556014651988248e-01 2.113626386481186857e-03
7.375355576535905233e-02 1.630946818215515404e-01 7.607488250563759768e-01 2.402937356713692393e-03
7.102335719287626581e-02 1.693663042413338926e-01 7.568032180999879621e-01 2.807120465801730708e-03
6.911771254378393237e-02 1.788311232395819739e-01 7.487637258664400219e-01 3.287438350193989858e-03
9.554988528378658419e-01 3.349049825460207602e-02 5.080233381921088476e-03 5.930415525610932895e-03
9.369276760140821114e-01 3.081619918504503383e-02 2.853857894027393705e-02 3.717545860599165333e-03
9.636635719677435485e-01 2.038934725561173875e-02 1.365385433257828088e-02 2.293226444066136498e-03
9.772107200402250227e-01 1.409934364550202712e-02 7.177375057813292943e-03 1.512561256459492472e-03
9.823550233534664722e-01 1.224433795460937169e-02 4.328617340241379223e-03 1.072021351682878607e-03
9.847053234941511857e-01 1.162799583197021702e-02 2.887993353287298878e-03 7.786873205913021154e-04
9.851848417609644359e-01 1.206533412610438609e-02 2.174303537099366111e-03 5.755205758318520824e-04
9.837189276094920887e-01 1.390378380340552555e-02 1.927852651661791884e-03 4.494359354407835181e-04
9.798267570952594596e-01 1.774162170314946482e-02 2.047601688801866694e-03 3.840195127890310561e-04
9.730951025495069295e-01 2.405213923891012448e-02 2.497215057600655260e-03 3.555431539823269375e-04
9.634725243059817368e-01 3.292634197100650223e-02 3.250724060116214932e-03 3.504096628955515329e-04
9.529256166210056112e-01 4.251635247995740052e-02 4.196493519421647979e-03 3.615373796152057434e-04
9.394784127204178770e-01 5.459211308653416639e-02 5.530638046678956754e-03 3.988361463692001951e-04
9.234041771319688729e-01 6.875815303287220737e-02 7.368861203748799070e-03 4.688086314102218790e-04
9.049113444826775154e-01 8.506313576877658211e-02 9.458651680015263061e-03 5.668680685307656919e-04
8.841551323781700056e-01 1.037351922489490041e-01 1.142529524810097750e-02 6.843801247800403078e-04
8.624761258058988300e-01 1.236687700084376229e-01 1.305548044087252030e-02 7.996237447911294432e-04
8.434185341763870136e-01 1.416893382931963263e-01 1.402142815274727734e-02 8.706993776692197430e-04
8.288674287874158164e-01 1.560100396296446867e-01 1.423941660228891966e-02 8.831149806507991194e-04
8.177280008363960739e-01 1.674574347450629441e-01 1.394908375722294681e-02 8.654806613182273534e-04
8.084336200016928320e-01 1.774477573799832508e-01 1.325549106250016596e-02 8.631315558236752261e-04
8.007324077259058148e-01 1.863270734315519428e-01 1.203684353939022365e-02 9.036753031521098031e-04
7.958988169564151782e-01 1.926152174782802817e-01 1.051024719307297461e-02 9.757183722314106099e-04
7.954023922206624464e-01 1.943653337430430172e-01 9.191560872943300639e-03 1.040713163351062462e-03
7.982020023133550302e-01 1.920420647218638588e-01 8.648235642635487136e-03 1.107697322145558428e-03
8.001414920794950314e-01 1.895244454852348381e-01 9.102202811837474192e-03 1.231859623432713085e-03
7.946827017563393714e-01 1.932713835337369623e-01 1.055729780051680583e-02 1.488616909406986679e-03
7.763894616739543952e-01 2.084886748581542826e-01 1.314439788262865803e-02 1.977465585262621218e-03
7.432279973952190533e-01 2.368455642944278516e-01 1.715438678045933668e-02 2.772051529893596652e-03
6.921163387519774224e-01 2.801098553684956416e-01 2.380753271220742082e-02 3.966273167319361685e-03
6.175200442719512850e-01 3.408969463071458428e-01 3.571989438753069707e-02 5.863115033371951376e-03
5.190029501425440506e-01 4.163341274447953100e-01 5.552784642514911606e-02 9.135075987511528592e-03
4.094139153488330352e-01 4.945870761337882726e-01 8.141949126872494169e-02 1.457951724865359962e-02
3.046186384200340047e-01 5.686864774102893261e-01 1.042498157451212243e-01 2.244506842455544840e-02
2.195110049224932025e-01 6.304463843409657819e-01 1.179644667020791071e-01 3.207814403446208884e-02
1.582858750162885464e-01 6.778366457290457836e-01 1.227810369184512002e-01 4.109644233621400494e-02
1.172576186633517703e-01 7.143565380541058163e-01 1.219748245547832705e-01 4.641101872775886539e-02
9.028998865480959701e-02 7.444968091501458218e-01 1.179245337330476207e-01 4.728866846199731439e-02
7.295109230728755167e-02 7.683705091724765124e-01 1.123964806980166653e-01 4.628191782221952738e-02
6.169027769734091587e-02 7.877477403150960900e-01 1.042014672627848693e-01 4.636051472477793756e-02
5.414124825559958609e-02 8.018975122055780336e-01 9.451321365248011031e-02 4.944802588634274187e-02
4.963931477996115504e-02 8.061247817159922224e-01 8.763559450919253258e-02 5.660030899485412464e-02
4.811514270440669927e-02 7.989294810457425733e-01 8.551653683144780360e-02 6.743883941840302099e-02
4.960624737457114408e-02 7.811723866499706848e-01 8.912382350795407249e-02 8.009754246750441786e-02
5.366684202471494469e-02 7.547498066879575473e-01 9.961539944454284035e-02 9.196795184278448720e-02
5.801360455066158217e-02 7.244410138196214488e-01 1.163339572195247196e-01 1.012114244101921107e-01
5.934666798275779753e-02 6.967039805695788290e-01 1.364435253602472864e-01 1.075058260874161564e-01
5.749708389735300879e-02 6.743551316262936801e-01 1.579813330281118755e-01 1.101664514482416646e-01
5.466430718467236993e-02 6.606695194075672406e-01 1.782850442663467261e-01 1.063811291414139548e-01
5.024227552964190963e-02 6.628097781072491701e-01 1.920076790129596478e-01 9.494026735014900187e-02
4.702304407851979479e-02 6.800909946071852508e-01 1.936938158445287994e-01 7.919214546976617586e-02
4.286025869178507891e-02 7.134403527976685977e-01 1.808829300479366797e-01 6.281645846260958121e-02
3.908993684316319772e-02 7.549722741002896642e-01 1.576297838930367234e-01 4.830800516351056728e-02
3.552309122823404941e-02 7.999435974994233423e-01 1.283666002949430951e-01 3.616671097739982549e-02
3.459054978662243207e-02 8.397626482024413974e-01 9.910147922470327608e-02 2.654532278623278688e-02
3.368030308667149808e-02 8.742302797083668642e-01 7.317955972677216148e-02 1.890985747818956300e-02
3.319869383814087749e-02 9.018541086097937587e-01 5.192460099970746396e-02 1.302259655235815140e-02
3.186078936342822548e-02 9.240168576472939099e-01 3.551807922867251943e-02 8.604273760605341687e-03
2.923601804293484568e-02 9.419833454191881561e-01 2.326216809043989836e-02 5.518468447437247307e-03
2.767765054656604745e-02 9.535051465907168344e-01 1.511745806937804006e-02 3.699744793339342173e-03
2.636405867451537682e-02 9.608302234959956722e-01 1.007520912094607771e-02 2.730508708542669829e-03
2.832500814900104635e-02 9.619851957015259636e-01 7.391415245241093196e-03 2.298380904231941968e-03
3.431755441094283543e-02 9.574981639321995530e-01 6.069204125814273848e-03 2.115077531043131707e-03
4.549212567842886301e-02 9.471282144356525379e-01 5.362601146061581059e-03 2.017058739857042777e-03
6.472966818021155810e-02 9.284555712649746884e-01 4.860852390329056111e-03 1.953908164484412929e-03
9.831385022532734830e-02 8.951129766508693075e-01 4.588322020133521299e-03 1.984851103669873183e-03
1.571417043033574157e-01 8.363019525572034096e-01 4.387065209566815178e-03 2.169277929872056795e-03
2.409739012409863046e-01 7.518214498768025500e-01 4.664558391667565640e-03 2.540090490543475254e-03
3.343499485350580613e-01 6.573493106372477746e-01 5.248206462621490646e-03 3.052534365072496515e-03
4.102934676227245614e-01 5.799311855758282341e-01 6.098057775434672680e-03 3.677289026012581230e-03
4.500710058480905662e-01 5.384577697508396987e-01 7.019208923813229778e-03 4.452015477256895601e-03
4.484226838211769484e-01 5.381705873634545778e-01 7.838580522531364905e-03 5.568148292837024789e-03
9.533394259914053370e-02 5.104915828601429978e-02 2.804535340883037436e-02 8.255715457060148754e-01
1.041741202679898198e-01 5.437256531366610468e-02 4.017186764637523111e-02 8.012814467719687750e-01
1.086670383783413379e-01 5.443580299045602811e-02 5.248429257165838913e-02 7.844128660595439673e-01
1.093116238138913260e-01 5.229733960449010899e-02 6.292565318165697918e-02 7.754653833999617385e-01
1.074465981709014778e-01 4.913821367950139962e-02 6.996721693123428287e-02 7.734479712183626177e-01
1.046091301417603342e-01 4.595570971062728355e-02 7.371198300651918278e-02 7.757231771410928456e-01
1.017972841724310018e-01 4.340230281849914024e-02 7.575603676595618619e-02 7.790443762431135122e-01
9.940009518941576860e-02 4.172283483624781436e-02 7.803585119027495187e-02 7.808412187840613194e-01
9.661881735823435458e-02 4.040324030610713268e-02 8.076541656305756545e-02 7.822125257726009195e-01
9.113446816506493020e-02 3.807745195510272435e-02 8.131295564666750353e-02 7.894751242331653485e-01
8.179782996197203226e-02 3.412750717297671071e-02 7.812234797853176427e-02 8.059523148865195274e-01
7.059918093771991310e-02 2.972674275679663275e-02 7.403117114828611234e-02 8.256429051571974043e-01
5.920809270916908146e-02 2.566956786026020065e-02 7.084194310866881450e-02 8.442803963219019936e-01
4.786010639573749781e-02 2.175946997775511649e-02 6.761238224814863917e-02 8.627680413783584967e-01
3.745973691894165930e-02 1.813226552334310307e-02 6.433591067161062438e-02 8.800720868861042767e-01
2.939163554859651820e-02 1.534906235276680894e-02 6.268137170069118524e-02 8.925779303979453072e-01
2.389641192324221466e-02 1.359011420368533112e-02 6.361780193573951525e-02 8.988956719373333293e-01
2.036084600477428008e-02 1.273295053635375637e-02 6.731938611495567881e-02 8.995868173439163229e-01
1.813452113360777482e-02 1.268421071855760709e-02 7.432840227163602098e-02 8.948528658761986110e-01
1.675800798162608782e-02 1.341580940596265835e-02 8.568964904666935556e-02 8.841365335657417335e-01
1.580172363224197421e-02 1.482185610650203419e-02 1.017516569741537119e-01 8.676247632871019189e-01
1.492134923648961477e-02 1.679724914273068512e-02 1.227748350600621624e-01 8.455065665607175429e-01
1.391293398355396109e-02 1.932118370134817617e-02 1.502097578111927512e-01 8.165561245039051341e-01
1.960004337816177167e-01 3.193045292261049717e-01 2.101949990469319796e-01 2.745000379453455541e-01
2.461565314704256269e-01 3.228157645218558969e-01 1.984082463917079819e-01 2.326194576160104388e-01
2.931931202269144610e-01 3.254235536631215342e-01 1.873347908162951159e-01 1.940485352936685837e-01
3.315942826698324297e-01 3.324520353955233709e-01 1.763763808243423714e-01 1.595773011103020778e-01
3.606777396247207723e-01 3.511382303185581755e-01 1.610823357327171856e-01 1.271016943240040609e-01
3.768996068607680661e-01 3.857404621001634948e-01 1.406347622876865933e-01 9.672516875138205406e-02
3.647356599635462882e-01 4.401119379058653358e-01 1.210421045957773556e-01 7.411029753481096494e-02
3.139140463177889084e-01 5.170367027296364215e-01 1.077135474827632805e-01 6.133570346981132709e-02
2.447408372965155510e-01 5.991165725813303311e-01 1.017552131342825267e-01 5.438737698787134839e-02
1.862480327387209256e-01 6.668908577928166492e-01 9.768234725999676293e-02 4.917876220846558594e-02
1.461368427313246288e-01 7.211272402087938183e-01 8.889715534989790779e-02 4.383876170998399213e-02
1.199066014401833496e-01 7.679496384253411412e-01 7.403474784182101365e-02 3.810901229265428042e-02
1.043723807967976841e-01 8.052026310753167548e-01 5.772439678875061764e-02 3.270059133913492261e-02
9.938642428789871974e-02 8.271064469199610469e-01 4.490579861190664018e-02 2.860133018023361395e-02
1.054010092061291731e-01 8.312179028549883109e-01 3.704335126645916937e-02 2.633773667242338828e-02
1.208956435311975136e-01 8.208968022696150335e-01 3.269210683099973980e-02 2.551544736818768533e-02
1.435835870227232802e-01 8.014468505865114389e-01 2.956285617743104402e-02 2.540670621333419171e-02
1.671132589882122765e-01 7.792457518231206137e-01 2.816730595164547435e-02 2.547368323702161805e-02
1.911018041962364022e-01 7.548134645381857633e-01 2.814917824374944810e-02 2.593555302182814007e-02
2.164277408269907055e-01 7.256940050032951728e-01 3.034859134465128436e-02 2.752966282506285819e-02
2.429979923267535369e-01 6.923052558080898811e-01 3.434606150067889135e-02 3.035069036447773927e-02
2.693931729850255752e-01 6.587248183023648451e-01 3.858375738065071558e-02 3.329825133195897513e-02
2.954051110286619597e-01 6.271317622322605256e-01 4.225664357128646603e-02 3.520648316779130538e-02
3.200024766952884181e-01 6.012254603285024368e-01 4.353586851556614373e-02 3.523619446064307076e-02
3.438477739743278083e-01 5.808210691541128012e-01 4.179302388166991622e-02 3.353813298988925218e-02
3.686353440594749009e-01 5.623528363964118704e-01 3.820140018878472044e-02 3.081041935532858808e-02
3.981910625830905048e-01 5.398978064742296912e-01 3.419214014012297853e-02 2.771899080255680811e-02
4.287353622705572520e-01 5.161019958474887259e-01 3.047999129401314511e-02 2.468265058794125166e-02
4.584977093422449856e-01 4.921448502910255041e-01 2.739858033611835414e-02 2.195886003061134004e-02
4.901915177987170025e-01 4.664940691855786747e-01 2.392350380142518884e-02 1.939090921427906802e-02
5.191191104318235716e-01 4.438962273158794658e-01 2.006995048476274343e-02 1.691471176753439956e-02
5.425388356677477431e-01 4.261971227168073195e-01 1.656908077316401884e-02 1.469496084228071216e-02
5.571122050309643692e-01 4.161537006872028099e-01 1.392258631485152574e-02 1.281150796698148422e-02
5.605958526539465137e-01 4.163421155506778493e-01 1.195679212421015686e-02 1.110523967116573522e-02
5.533270785301257488e-01 4.272307072269840300e-01 1.014253479067270085e-02 9.299679452217596634e-03
5.379411911446078109e-01 4.462892550774227862e-01 8.350677333376594486e-03 7.418876444592879468e-03
5.217261081322945859e-01 4.663395916839236932e-01 6.228654028982729546e-03 5.705646154799174329e-03
5.035881586730587278e-01 4.865672243160339971e-01 5.320164963068294006e-03 4.524452047838911639e-03
4.895719022592953107e-01 5.016088414605558432e-01 5.028070312960899318e-03 3.791185967187946353e-03
4.814832864617075714e-01 5.099104024982820116e-01 5.200281784672465199e-03 3.406029255338085399e-03
4.796954179704999710e-01 5.112542423502214328e-01 5.725998393936227761e-03 3.324341285342579180e-03
4.836842149824907011e-01 5.060200548566834433e-01 6.669012612024821651e-03 3.626717548801047797e-03
4.917605454367531270e-01 4.954717301230934789e-01 8.228338553952262505e-03 4.539385886201396936e-03
4.987910169542942862e-01 4.842468779248647048e-01 1.048662052374993263e-02 6.475484597091475322e-03
4.979404943183076693e-01 4.784128546083087352e-01 1.341472708557052071e-02 1.023192398781300715e-02
4.853473224725530777e-01 4.810126075809116331e-01 1.664132813649274803e-02 1.699874181004242327e-02
4.568662946743652364e-01 4.956916860327333363e-01 1.951771733588333196e-02 2.792430195701801551e-02
4.135015925799735426e-01 5.214495826468352746e-01 2.074823759762521938e-02 4.430058717556606407e-02
3.475756969567405652e-01 5.602403135641476073e-01 2.205106603106854468e-02 7.013292344804344935e-02
2.649584443253702459e-01 5.979526712735763194e-01 2.257041940960210699e-02 1.145184649914511993e-01
1.850838197252910322e-01 5.992455756200398831e-01 2.238718218071404642e-02 1.932834224739547746e-01
1.195162090959304563e-01 5.411426132163478231e-01 2.010882414713002081e-02 3.192323535405918733e-01
6.886665534609699713e-02 4.415841046072167542e-01 1.524681879843758220e-02 4.743024212482486734e-01
3.768623673255420276e-02 3.378867861859315425e-01 1.027531622903665384e-02 6.141516608524777432e-01
2.247676689469953887e-02 2.609968452301187902e-01 7.162280855385635622e-03 7.093641070197962417e-01
1.624940564945970972e-02 2.170254885903764863e-01 5.777662354186648141e-03 7.609474434059773085e-01
1.488617016581325787e-02 2.020488075953946472e-01 5.545954034582754703e-03 7.775190682042092405e-01
1.687926573692901527e-02 2.167428355498194070e-01 6.039328863696703624e-03 7.603385698495549461e-01
2.235602365176744127e-02 2.725450859732999054e-01 6.930501189211820193e-03 6.981683891857208835e-01
3.299568391034572029e-02 3.923685190459340055e-01 8.096086763706841424e-03 5.665397102800134865e-01
5.068058897121709150e-02 5.631849741697958489e-01 9.395202573644191243e-03 3.767392342853425058e-01
7.371183433575553834e-02 6.918826947703315966e-01 9.446492047864409394e-03 2.249589788460485129e-01
1.025059591827520572e-01 7.429354056095819336e-01 7.419830453045788907e-03 1.471388047546201561e-01
1.467328563371845251e-01 7.392931517824312682e-01 5.252994187556910520e-03 1.087209976928271704e-01
2.119825976489843056e-01 7.001812775477495032e-01 3.847750539907919196e-03 8.398837426335850620e-02
2.888792292217069457e-01 6.440418071768215791e-01 2.913858014363616706e-03 6.416510558710775136e-02
3.568437720509957112e-01 5.931276476262052899e-01 2.511590194538578132e-03 4.751699012826047369e-02
4.048444400654007125e-01 5.572601163261104995e-01 2.458521018693714515e-03 3.543692258979499327e-02
4.244767063963489906e-01 5.448751927533840300e-01 2.511876211078155514e-03 2.813622463918917516e-02
4.264538751828554908e-01 5.459911828904641107e-01 2.490024418794419252e-03 2.506491750788585049e-02
4.224877317072020522e-01 5.504180537578876597e-01 2.356292628933382219e-03 2.473792190597712617e-02
4.219171807839668942e-01 5.517209853742036652e-01 2.187997930037049663e-03 2.417383591179247948e-02
4.343296922478375732e-01 5.426361255170527587e-01 1.993144845540249007e-03 2.104103738956952449e-02
4.677888754104896907e-01 5.135768802990006154e-01 1.890119178734093715e-03 1.674412511177548329e-02
5.209786289463008702e-01 4.626328301089165373e-01 2.282328991831805622e-03 1.410621195295079164e-02
5.922872830672647471e-01 3.913124913120495929e-01 2.293068678909535463e-03 1.410715694177593939e-02
6.626302560004421194e-01 3.184509084546362501e-01 2.419887106502123433e-03 1.649894843841943903e-02
7.064459262367623893e-01 2.699978650868107288e-01 3.425367956841588943e-03 2.013084071958508997e-02
7.145918957333590171e-01 2.561867635308683888e-01 6.134686238030528753e-03 2.308665449774210260e-02
6.931784164260702541e-01 2.696029321932285616e-01 1.235837500391925858e-02 2.486027637678176611e-02
6.538956750320690237e-01 2.944199378598267303e-01 2.602910292804433423e-02 2.565528418006002981e-02
6.140514347430621189e-01 3.090669862269879165e-01 5.139756041437416878e-02 2.548401861557555992e-02
5.864258766217042007e-01 3.047979786562352578e-01 8.458040805334723911e-02 2.419573666871305262e-02
5.701935880400160750e-01 2.949497824531010504e-01 1.131245875147373348e-01 2.173204199214536642e-02
5.522459899559095664e-01 2.964194165473990061e-01 1.329725962908992476e-01 1.836199720579217987e-02
5.217824936506927358e-01 3.170826178427371134e-01 1.461581001898805965e-01 1.497678831668941384e-02
4.784078614327793022e-01 3.557024156767663592e-01 1.532346979015943578e-01 1.265502498885987676e-02
4.226197035887614972e-01 4.077683333974710944e-01 1.578021019190266327e-01 1.180986109474069408e-02
3.620746216859628830e-01 4.616288628103069058e-01 1.640243211498126352e-01 1.227219435391758637e-02
