5.713771518759170887e-01 1.889555947775408695e-01 1.841504614946883889e-01 5.551679185185354193e-02
7.494378154168960249e-01 2.298195593742966281e-01 1.121313003088051340e-02 9.529495177926793764e-03
7.743960962392347769e-01 2.087611127377009268e-01 9.505556261088598732e-03 7.337234761975753097e-03
8.104293375482998218e-01 1.753146957769612935e-01 8.460406572117605203e-03 5.795560102621498920e-03
8.503295554383700772e-01 1.373068008238709503e-01 7.645234647461214735e-03 4.718409090297943399e-03
8.877154253003108897e-01 1.014573649180449816e-01 6.927261064086713896e-03 3.899948717557562717e-03
9.188303155893668972e-01 7.178608146950840596e-02 6.239879659017788516e-03 3.143723282106584797e-03
9.424957579529414931e-01 4.971904837281644618e-02 5.445529414484468617e-03 2.339664259757410006e-03
9.584074744343602514e-01 3.544189325270322155e-02 4.555226985346979250e-03 1.595405327589602624e-03
9.692801919375818587e-01 2.588324447457447663e-02 3.794265323077373672e-03 1.042298264766338290e-03
9.743478843540471779e-01 2.149948044396981714e-02 3.414432822691413055e-03 7.382023792916772532e-04
9.746546135175260250e-01 2.120391331828814716e-02 3.520596522086743164e-03 6.208766420991048123e-04
9.706336895405970333e-01 2.453971880867184679e-02 4.196753831465368893e-03 6.298378192657394037e-04
9.621989709801012092e-01 3.143665052020739453e-02 5.626665762923765274e-03 7.377127367676005560e-04
9.485473989212680479e-01 4.219239873569907706e-02 8.298758148727890943e-03 9.614441943051775172e-04
9.270493352154998146e-01 5.844234312739488013e-02 1.312212222711389188e-02 1.386199429991592314e-03
8.974736292211769051e-01 8.012710499943712095e-02 2.029798344714628389e-02 2.101282332239728240e-03
8.545068812521124935e-01 1.116359992254539191e-01 3.060675810034678770e-02 3.250361422086662285e-03
8.028171131386676596e-01 1.495613150021471716e-01 4.284710183835699349e-02 4.774470020828519741e-03
7.490735840352218400e-01 1.890037468800901121e-01 5.544512089570614172e-02 6.477548188981938244e-03
6.986405639754176278e-01 2.263347575991810356e-01 6.689700079549661116e-02 8.127677629904413170e-03
6.511017950735531468e-01 2.623396116971507541e-01 7.686872080137925611e-02 9.689872427916806572e-03
6.008998585741427423e-01 3.025322000922566756e-01 8.522256105992576103e-02 1.134538027367483840e-02
5.451571535760926235e-01 3.522132343311722980e-01 8.957122449998813907e-02 1.305838759274732981e-02
4.846760516698962462e-01 4.147896852992407069e-01 8.627318299996537820e-02 1.426108003089751435e-02
4.182320275777359209e-01 4.920668954124273187e-01 7.526616014208842298e-02 1.443491686774849188e-02
3.510136710090909773e-01 5.755714176648052405e-01 5.990586858634840833e-02 1.350904273975559768e-02
2.875806091298827027e-01 6.555568393993992382e-01 4.504446060243610245e-02 1.181809086828214048e-02
2.339488484442121263e-01 7.235812946255303357e-01 3.269499644598564125e-02 9.774860484272110059e-03
1.915797021880151774e-01 7.774756736921305533e-01 2.321127157589246426e-02 7.733352543961791170e-03
1.586004088848678995e-01 8.193329973964920132e-01 1.618766639257626649e-02 5.878927326063916256e-03
1.309235145577043458e-01 8.536021526927980441e-01 1.118453768473877397e-02 4.289795064758415537e-03
1.049427199023499763e-01 8.840520053764070463e-01 7.993614894482251737e-03 3.011659826760744799e-03
8.461951336764539366e-02 9.075478960040401777e-01 5.807779790709365064e-03 2.024810837605162898e-03
7.005397103459255759e-02 9.238997755441845650e-01 4.695321121385129075e-03 1.350932299837586835e-03
6.211218870289547667e-02 9.326021933509198725e-01 4.347039652515771041e-03 9.385782936689231887e-04
6.121158547287432888e-02 9.335207141065428038e-01 4.553117200876817539e-03 7.145832197059328889e-04
7.014540925125188620e-02 9.236786158624955556e-01 5.541560642649085051e-03 6.344142436034007175e-04
9.319267519230418906e-02 8.980778358990509913e-01 8.041077204645211141e-03 6.884117039996837367e-04
1.359008607231233512e-01 8.501032675041860776e-01 1.310634869452230629e-02 8.895230781681737848e-04
1.950100163836620826e-01 7.820362697897733639e-01 2.169692203915694201e-02 1.256791787407315940e-03
2.668086893466800613e-01 6.985073749903516482e-01 3.295265479444746404e-02 1.731280868521059297e-03
3.474862222400845746e-01 6.054117851873244138e-01 4.486644072731580529e-02 2.235551845275321210e-03
4.314920234386616094e-01 5.102093285321174232e-01 5.555325352718644416e-02 2.745394502034436551e-03
5.212034452600963208e-01 4.125274619359295958e-01 6.319652305132628101e-02 3.072569752647853585e-03
6.063163553523720495e-01 3.224966887173411068e-01 6.795758722597099177e-02 3.229368704315844184e-03
6.804540326134803641e-01 2.460679845902682128e-01 7.025351299059898191e-02 3.224469805652025334e-03
7.398838183521909695e-01 1.867235067771468859e-01 7.027467510148563412e-02 3.117999769176366467e-03
7.850825925612646694e-01 1.447365137243178668e-01 6.722649924359158646e-02 2.954394470826101141e-03
8.195678269109331060e-01 1.166615238048085007e-01 6.100116649654038770e-02 2.769482787718334331e-03
8.470705587326292640e-01 9.709127359071718921e-02 5.324913359243416827e-02 2.589034084219391050e-03
8.703248681887314486e-01 8.156159416913591476e-02 4.570049788281287800e-02 2.413039759319582107e-03
8.901742856380238100e-01 6.852456163610520790e-02 3.906334745051207730e-02 2.237805275358689238e-03
9.065093847893408441e-01 5.830847378706021517e-02 3.313324668990101640e-02 2.048894733697946471e-03
9.197913172717117058e-01 5.085879434550014122e-02 2.752813383346123383e-02 1.821754549327048774e-03
9.303387419496367272e-01 4.557201443618348613e-02 2.250746411121941001e-02 1.581779502960096269e-03
9.385217242376554525e-01 4.169278920629929108e-02 1.841554509700415315e-02 1.369941459041447169e-03
9.443928622614186086e-01 3.890726840816906978e-02 1.548476860906289332e-02 1.215100721349478188e-03
9.484210847195907457e-01 3.657071374529415747e-02 1.387802138903209900e-02 1.130180146082877075e-03
9.474316144163016373e-01 3.796173531079239521e-02 1.347758808057797006e-02 1.129062192328065704e-03
9.424462254637308023e-01 4.236959980247956975e-02 1.398865106701740676e-02 1.195523666772321586e-03
9.324461796436454009e-01 5.105070140067089618e-02 1.517275231539297331e-02 1.330366640290877320e-03
9.173539830798483896e-01 6.425958232881655297e-02 1.682051655101161891e-02 1.565918040323553652e-03
8.948914299320213095e-01 8.301717054706449217e-02 2.009215729037047357e-02 1.999242230543703518e-03
8.682117344267630266e-01 1.038775793292446847e-01 2.523063885221502392e-02 2.680047391777224015e-03
8.421356571058449259e-01 1.220340027622435763e-01 3.225236249188859899e-02 3.577977640022979907e-03
8.189828888412459262e-01 1.350435890904793101e-01 4.134107980204423244e-02 4.632442266230382862e-03
7.979884233505945001e-01 1.438717234469053530e-01 5.239434684389218666e-02 5.745506358607896033e-03
7.790063611579547409e-01 1.495710639066275827e-01 6.467461327175999530e-02 6.747961663657457351e-03
7.639065453445953446e-01 1.513577019016165148e-01 7.728047330019877093e-02 7.455279453589166647e-03
7.525489244851488735e-01 1.492337034145076735e-01 9.043238905811970541e-02 7.784983042223690350e-03
7.384758914272990804e-01 1.459399341733622901e-01 1.076211454170314108e-01 7.963028982307213469e-03
3.454787651735647530e-02 2.668434230271040514e-02 1.451876394223318434e-02 9.242490172377001434e-01
1.693692436375669394e-02 2.264749654725416173e-01 4.589463019203829930e-01 2.976418082433184842e-01
1.639274198741558566e-02 2.451272628955467603e-01 4.550833232338484247e-01 2.833966718831893994e-01
1.637627054344267113e-02 2.636875304246100171e-01 4.468627059502859877e-01 2.730734930816612893e-01
1.730406611898441596e-02 2.801105963089154938e-01 4.394261615985465830e-01 2.631591759735536495e-01
1.899183552105822986e-02 2.950716952840681806e-01 4.308209634663600629e-01 2.551155057285137140e-01
2.084017044239524358e-02 3.094834973219897645e-01 4.234129197106168974e-01 2.462634125249981432e-01
2.279324918718083834e-02 3.191947822481337460e-01 4.342755002065347703e-01 2.237364683581506974e-01
2.533726023374290731e-02 3.180772385418292325e-01 4.716753133618587501e-01 1.849101878625691586e-01
2.894106987435885250e-02 3.002523368598911113e-01 5.301122349863428562e-01 1.406943582794070446e-01
3.348888785872546764e-02 2.679580151486764539e-01 5.963995979628535782e-01 1.021534990297444101e-01
3.883852495621673007e-02 2.312222770803340210e-01 6.565419579729466770e-01 7.339723999050268288e-02
4.607069425070690200e-02 1.971150252699813143e-01 7.031320748307430257e-01 5.368220564856905630e-02
5.726834787964332069e-02 1.693933792404792582e-01 7.325534882298868622e-01 4.078478464999023972e-02
7.517746888466564359e-02 1.514072600923378475e-01 7.411396392290575674e-01 3.227563179393917042e-02
1.049556675381139309e-01 1.449536944392815774e-01 7.233751150983397382e-01 2.671552292426443778e-02
1.551192209367975305e-01 1.482673656270575013e-01 6.730998714919392834e-01 2.351354194420589988e-02
2.314595814253127548e-01 1.567238678117413297e-01 5.900015300110956762e-01 2.181502075185011436e-02
3.308296652348682865e-01 1.667701089166165607e-01 4.811061794729999397e-01 2.129404637551511603e-02
4.350070874258294973e-01 1.783452942948032527e-01 3.640756265613629417e-01 2.257199171800433612e-02
5.106776490531143020e-01 1.932286045123649820e-01 2.698011854041617585e-01 2.629256103035879089e-02
5.486509533829539986e-01 2.116579951506227519e-01 2.078388234309250238e-01 3.185222803549801751e-02
5.664915528103742215e-01 2.315195898681838005e-01 1.654541433719204646e-01 3.653471394952125667e-02
5.879441697193086291e-01 2.444193598887222374e-01 1.303199532054067911e-01 3.731651718656247424e-02
6.172458711497843531e-01 2.502028499256591099e-01 9.884370065200114019e-02 3.370757827255536909e-02
6.541638481814820993e-01 2.451891917202687343e-01 7.285298119519126314e-02 2.779397890305818075e-02
6.950614216042402260e-01 2.276196422183778267e-01 5.504666413309634160e-02 2.227227204428567850e-02
7.339927196127037368e-01 2.023482890388609845e-01 4.534256298575509853e-02 1.831642836268022184e-02
7.668126043860048480e-01 1.757730261158075846e-01 4.189094940841749104e-02 1.552342008977005902e-02
7.946988475813319130e-01 1.493515627482907004e-01 4.277652685291422063e-02 1.317306281746330465e-02
8.208261156134383230e-01 1.225627433683429829e-01 4.584356969723112074e-02 1.076757132098749015e-02
8.456259089065538692e-01 9.706243797283711783e-02 4.906505620395212874e-02 8.246596916656712475e-03
8.669205999236004878e-01 7.592467864289551005e-02 5.126089548844815769e-02 5.893825945055627610e-03
8.810787750494724069e-01 6.026874261110992670e-02 5.464858598376082233e-02 4.003896355656938640e-03
8.884328594770772858e-01 4.790269503741319268e-02 6.109403798674523101e-02 2.570407498764368595e-03
8.982175025050607164e-01 3.653308021248290877e-02 6.377758552147115567e-02 1.471831760985345969e-03
9.148770662855497671e-01 2.710912207317281095e-02 5.727020487009649996e-02 7.436067711809389406e-04
9.324810589173587738e-01 2.087661402793889245e-02 4.627753897783062204e-02 3.647880768715683602e-04
9.427766188652514368e-01 1.847040196991197106e-02 3.853936027974582540e-02 2.136188850907414210e-04
9.408674600737211291e-01 2.067255709177744788e-02 3.827548902796658326e-02 1.844938065347451151e-04
9.222329269506603922e-01 2.928371030467552191e-02 4.823865922581342669e-02 2.447035188506397848e-04
8.777483954494992302e-01 4.743695407136762354e-02 7.437638966041473787e-02 4.382608187185716656e-04
7.971042323965593646e-01 7.628460449085298911e-02 1.257199866013919143e-01 8.911765111959879179e-04
6.833248052644108617e-01 1.158866562443974513e-01 1.990474542335826380e-01 1.741084257608778224e-03
5.632409915682514701e-01 1.630192701922812126e-01 2.707345596900026519e-01 3.005178549464698409e-03
4.509989420402508165e-01 2.167721913373312215e-01 3.275761104650447564e-01 4.652756157373124160e-03
3.504644424720249618e-01 2.716747304657572970e-01 3.713381545179208487e-01 6.522672544296778847e-03
2.638885807930214655e-01 3.198335941114814895e-01 4.079804575388307764e-01 8.297367556666615518e-03
1.921728604348243996e-01 3.566405969178846336e-01 4.414825243828031098e-01 9.704018264487912493e-03
1.403144012783909822e-01 3.786818108931180316e-01 4.701240622606561170e-01 1.087972556783502534e-02
1.047415834061303092e-01 3.948192418090420985e-01 4.882296854965709754e-01 1.220948928825653715e-02
8.247147469360743832e-02 4.158246210709504731e-01 4.874676432957971706e-01 1.423626093964522853e-02
6.893890751145884122e-02 4.459624258830109378e-01 4.674862887206043816e-01 1.761237788492572842e-02
6.352211901297481755e-02 4.778620289442685465e-01 4.356463759406294933e-01 2.296947610212709753e-02
6.564151621095649924e-02 5.021761821101408119e-01 4.019382173621167120e-01 3.024408431678570625e-02
7.523715410081527333e-02 5.135969400284883246e-01 3.722287016598399001e-01 3.893720421085655747e-02
9.196619247787227169e-02 5.139679131343404261e-01 3.444281010126344911e-01 4.963779337515292212e-02
1.127018744784494403e-01 5.112696867069633777e-01 3.115612736130680682e-01 6.446716520151929419e-02
1.332234318376087356e-01 5.054868332579025569e-01 2.753272605316676724e-01 8.596247437282124315e-02
1.521734535974214042e-01 4.910708776921254848e-01 2.411862342776850410e-01 1.155694344327683615e-01
1.665155381013572744e-01 4.682793701569588629e-01 2.127429592639852596e-01 1.524621324776986864e-01
1.752230218360514846e-01 4.444023045567724872e-01 1.837418678185868404e-01 1.966328057885893543e-01
1.726520801454971277e-01 4.226917278343420570e-01 1.534071932628585655e-01 2.512489987573021666e-01
1.562484675541362111e-01 4.029291062689195346e-01 1.201255248615852589e-01 3.206969013153591064e-01
1.302897141807200510e-01 3.807456125557208138e-01 8.655970955879417617e-02 4.024049637047645844e-01
1.039501838424748414e-01 3.558533818035430896e-01 5.995619321369793225e-02 4.802402411402840743e-01
8.543639588587796652e-02 3.368578496877930872e-01 4.478062979576206276e-02 5.329251246305668488e-01
7.654279526069823758e-02 3.325592430554421552e-01 3.934379708330748571e-02 5.515541646005523990e-01
7.465636317604605610e-02 3.435208091648009332e-01 4.078227499694202923e-02 5.410405526622109607e-01
7.740981856821192719e-02 3.651084951476438745e-01 4.878027869499743097e-02 5.087014075891465037e-01
8.272687998587838210e-02 3.902426065158670077e-01 6.470949722584164177e-02 4.623210162724128991e-01
8.786958810541678488e-02 4.136961513360716824e-01 8.680710839806173029e-02 4.116271521604497607e-01
5.349611222689317769e-01 1.906982943065690661e-01 2.706580302404257288e-01 3.682553184073580031e-03
8.155054068801596834e-02 1.015027405602830085e-01 6.484886261625103510e-01 1.684580925891908387e-01
7.554394768167518870e-02 1.059478480352132324e-01 6.422179834861365677e-01 1.762902207969746782e-01
6.952238765973921264e-02 1.131356697772372272e-01 6.360024028654543971e-01 1.813395396975691909e-01
6.429465615118215571e-02 1.247125268946105148e-01 6.275746240810151644e-01 1.834181928731918876e-01
6.029285335569532084e-02 1.418023250273456604e-01 6.145153188442699088e-01 1.833895027726888394e-01
5.688587280255004430e-02 1.635350294557326722e-01 5.985488697873641017e-01 1.810302279543534454e-01
5.260729211133653022e-02 1.882614227156662046e-01 5.846614050887769531e-01 1.744698800842202635e-01
4.660732783409965441e-02 2.160655446149854775e-01 5.767047138964453978e-01 1.606224136544694425e-01
3.951313471089796386e-02 2.469676401785185216e-01 5.760728910194438113e-01 1.374463340911399323e-01
3.296975669363616523e-02 2.760936083733502300e-01 5.828977797773453595e-01 1.080388551556683008e-01
2.863806483443802342e-02 2.960513645096419233e-01 5.941550091826589552e-01 8.115556147326109804e-02
2.731590139425912889e-02 3.090043196842993112e-01 6.000136019288320188e-01 6.366617699260919416e-02
2.957353698130750150e-02 3.187127068056249679e-01 5.952035115642673180e-01 5.651024464880009118e-02
3.628727605700367287e-02 3.177199825718622916e-01 5.885572072729782223e-01 5.743553409815594507e-02
4.791862660233612431e-02 2.998728334677507323e-01 5.886433452146706546e-01 6.356519471524266218e-02
6.404979072149817598e-02 2.689227865334375966e-01 5.942101725560541281e-01 7.281725018901001600e-02
8.142614292754746241e-02 2.363672644219758090e-01 5.996608098369834439e-01 8.254578281349328472e-02
9.796034712800630317e-02 2.102799877182263688e-01 6.045118860805068772e-01 8.724777907326047854e-02
1.093754196678404372e-01 1.925716935329276902e-01 6.176251628394134885e-01 8.042772395981855060e-02
1.129249466769825377e-01 1.832298025246820727e-01 6.411718126746391855e-01 6.267343812369613465e-02
1.084638542532785910e-01 1.815739615127627826e-01 6.678368279415635156e-01 4.212535629239513857e-02
9.907327139687999162e-02 1.865687328971733783e-01 6.881898278700508964e-01 2.616816783589553594e-02
9.003167816424589853e-02 1.975143630823467111e-01 6.958467323549912820e-01 1.660722639841616388e-02
8.253877840657902754e-02 2.185275930761196861e-01 6.871764152627108935e-01 1.175721325459055423e-02
7.858865887220059521e-02 2.559621749431909010e-01 6.558185247563456111e-01 9.630641428262767811e-03
7.900889281100989536e-02 3.132322464003675644e-01 5.988345408772485223e-01 8.924319911374030065e-03
8.636854336960529677e-02 3.779303648603210553e-01 5.268452333497360973e-01 8.855858420336969530e-03
1.034831813014788771e-01 4.323745913378991834e-01 4.555898622065319703e-01 8.552365154090262392e-03
1.318762229704869837e-01 4.683342016123493989e-01 3.922712199469452488e-01 7.518355470218296595e-03
1.776317508508676590e-01 4.730840012267814587e-01 3.429829778352770364e-01 6.301270087073926503e-03
2.416888306875188963e-01 4.423450320396422608e-01 3.104594783627614429e-01 5.506658910077367845e-03
3.154256683486258428e-01 3.905198867368111504e-01 2.888240222330964446e-01 5.230422681466308926e-03
3.919210275690992451e-01 3.334028230993059116e-01 2.694549394570215362e-01 5.221209874573370414e-03
4.700554438529972456e-01 2.774765938496774886e-01 2.472421481049713599e-01 5.225814192354045519e-03
5.496432509751582041e-01 2.223596143305174855e-01 2.228963850759697052e-01 5.100749618355089263e-03
6.182213834564196375e-01 1.758044836708894942e-01 2.011472839821092928e-01 4.826848890581741068e-03
6.636697206261243931e-01 1.441313281615300979e-01 1.876412035471647366e-01 4.557747665180875672e-03
6.830638300105920102e-01 1.259892108003631828e-01 1.865142152966716982e-01 4.432743892372843428e-03
6.764831947735411299e-01 1.188802560545523385e-01 2.001401951030994664e-01 4.496354068807289876e-03
6.472082593566144126e-01 1.198167668175268569e-01 2.283118481639570263e-01 4.663125661901775312e-03
6.038435935079617956e-01 1.243067603065200893e-01 2.670914806516557771e-01 4.758165533862364870e-03
5.579592563767178381e-01 1.266574531228489287e-01 3.107272458498034351e-01 4.656044650629715710e-03
5.163188301779381151e-01 1.224888929628698692e-01 3.567834247557640781e-01 4.408852103427981887e-03
4.825544231685508501e-01 1.100016151824181193e-01 4.034190339513068491e-01 4.024927697723801670e-03
4.540444899017460068e-01 9.302091376627096009e-02 4.492601833905495723e-01 3.674412941433339869e-03
4.288290331807459999e-01 7.469823865973793109e-02 4.931962660718753333e-01 3.276462087640731862e-03
4.034116039987387103e-01 5.790400309205935570e-02 5.358705636574873088e-01 2.813829251714935250e-03
3.746050157615630760e-01 4.453956763960361526e-02 5.784848310429678842e-01 2.370585555865464909e-03
3.396632297628069397e-01 3.505540623217919677e-02 6.232536052319488373e-01 2.027758773065057012e-03
3.001399478570516699e-01 2.855730525547599263e-02 6.695527732996306991e-01 1.749973587841341729e-03
2.644531505560130946e-01 2.390036478866997688e-02 7.101718854256741098e-01 1.474599229642814145e-03
2.384688480581190761e-01 2.058488226617928227e-02 7.396982619050038732e-01 1.248007770697575833e-03
2.205717680298168726e-01 1.825793031847381190e-02 7.600830275111225554e-01 1.087274140586913258e-03
2.064408413975656609e-01 1.659997310475874385e-02 7.759972248609120493e-01 9.619606367637412213e-04
1.928902289968391637e-01 1.560538004475289092e-02 7.906363775382236891e-01 8.680134201841323326e-04
1.784330042319346721e-01 1.529405051346856975e-02 8.054564322654509390e-01 8.165129891460943829e-04
1.627464718498408958e-01 1.528518587040172613e-02 8.211711805097245964e-01 7.971617700325435950e-04
1.467323333976258692e-01 1.510821535409877757e-02 8.373741630949358417e-01 7.852881533395150021e-04
1.312846950852336880e-01 1.467094763949947436e-02 8.532708388744397743e-01 7.735184008269951330e-04
1.173385441118239281e-01 1.421510512438249434e-02 8.676632625269934396e-01 7.830882368002503417e-04
1.057035785143943946e-01 1.410633738890845756e-02 8.793551565852897323e-01 8.349275114072288043e-04
9.543063830223685873e-02 1.392966690570375358e-02 8.897251674276627220e-01 9.145273643964946892e-04
8.549201294779007476e-02 1.525057860582282494e-02 8.982468413492152859e-01 1.010567097171944512e-03
7.449549104471417382e-02 1.761510660411530135e-02 9.067698942620229241e-01 1.119508089147636500e-03
6.279799226705516657e-02 2.132968168942422221e-02 9.146207468499717441e-01 1.251579193548798576e-03
5.157957589773281420e-02 2.617448213309754579e-02 9.208301844743810305e-01 1.415757494788607348e-03
4.353490430815929596e-02 2.958061211827543030e-02 9.253008272709712934e-01 1.583656302594187463e-03
3.768255603894564432e-02 3.366633884289824130e-02 9.268576308937066521e-01 1.793474224449515811e-03
3.466767437168766924e-02 3.850462470399526604e-02 9.247302461696790266e-01 2.097454754638084992e-03
3.397021792045920585e-02 4.409174809127090755e-02 9.194173710839755875e-01 2.520662904294086130e-03
3.516957410871367207e-02 4.938985272746826416e-02 9.123703124532781539e-01 3.070260710539847449e-03
9.302846216952881386e-01 6.241888257195942619e-02 5.194630959924410353e-03 2.101864772828051283e-03
7.371453887626305823e-01 1.857160901666158603e-01 6.919033000572852310e-02 7.948191065024841698e-03
8.338708201850529855e-01 1.219943441604871559e-01 3.934553891275467674e-02 4.789296741705316267e-03
8.875500734302456118e-01 8.514028508971238640e-02 2.432973726112360596e-02 2.979904218918235335e-03
9.157159527089393514e-01 6.557739378823058962e-02 1.676189241658627288e-02 1.944761086243589239e-03
9.299326862794142778e-01 5.589356801713896150e-02 1.287097992269997486e-02 1.302765780746895519e-03
9.403983775618278695e-01 4.815435575244992467e-02 1.056907092386103961e-02 8.781957618613398745e-04
9.482297055596748958e-01 4.152313087687314191e-02 9.625252565136698663e-03 6.219109983152972237e-04
9.549157821441108807e-01 3.492685225282459588e-02 9.681746468589979074e-03 4.756191344744963045e-04
9.611063469071777776e-01 2.810328079510258231e-02 1.040197357233796360e-02 3.883987253817568620e-04
9.642231100305320712e-01 2.376128633206942703e-02 1.167655176611869482e-02 3.390518712796833194e-04
9.660640949993292148e-01 2.021537332732537343e-02 1.340264500818711194e-02 3.178866651581697803e-04
9.649965502891311164e-01 1.879227898922745596e-02 1.588445123575107573e-02 3.267194858901370990e-04
9.606066026544278769e-01 1.960027165867933921e-02 1.942220711889383958e-02 3.709185679987633951e-04
9.534311064378738765e-01 2.273410677455104181e-02 2.338626407217785780e-02 4.485227153973384007e-04
9.438094819594764484e-01 2.852826497968137531e-02 2.710211481211728321e-02 5.601382487249128000e-04
9.323685903654358453e-01 3.672807662287803920e-02 3.020830563462124571e-02 6.950273770647434407e-04
9.216521759955731419e-01 4.567890212753874385e-02 3.185784037236873145e-02 8.110815045192090256e-04
9.141990267137525272e-01 5.342918461863385704e-02 3.149668194959997364e-02 8.751067180136401415e-04
9.104158977690797183e-01 5.931656674334845336e-02 2.937256788657925666e-02 8.949676009926766165e-04
9.080612098559528444e-01 6.449865558713659131e-02 2.652013226483099922e-02 9.200022920795581901e-04
9.047944204979673222e-01 7.238321811645800907e-02 2.187445290499560532e-02 9.479084805789827692e-04
9.003338415492867508e-01 8.099028712531076979e-02 1.768120270431019700e-02 9.946686210920540738e-04
8.989304012783367881e-01 8.589288255423196961e-02 1.417018788949712081e-02 1.006528277934140569e-03
9.024580774210462231e-01 8.450364717139072224e-02 1.203422516156693080e-02 1.004050245995959101e-03
9.075377763110905605e-01 8.003925125900715476e-02 1.137218821449550998e-02 1.050784215406439133e-03
9.072763509798663639e-01 7.951301871000059085e-02 1.199418215072124358e-02 1.216448159412008732e-03
8.970963054797932434e-01 8.749363593975945097e-02 1.382370096589165265e-02 1.586357614555719943e-03
8.810386137525744177e-01 1.001746715051307218e-01 1.657722368934874332e-02 2.209491052946256379e-03
8.691616593355158127e-01 1.074055836450392848e-01 2.031159091249784207e-02 3.121166106947235661e-03
8.650843721404688491e-01 1.043208384595367272e-01 2.607463551041400845e-02 4.520153889580526274e-03
8.597315165415324589e-01 9.736374276470735611e-02 3.589327955398150666e-02 7.011461139778418956e-03
8.407771129606168570e-01 9.564465552910419999e-02 5.187646028637257073e-02 1.170177122390653711e-02
8.008096527588142166e-01 1.045228960732534074e-01 7.457409606266733604e-02 2.009335510526510243e-02
7.379036700939758386e-01 1.259742273618404407e-01 1.026226500266153585e-01 3.349945251756828585e-02
6.601236777469153827e-01 1.571899177508887802e-01 1.321665862767454624e-01 5.051981822545026368e-02
5.854510068834792857e-01 1.911979000839078291e-01 1.574915162686485182e-01 6.585957676396465843e-02
5.231526856575225981e-01 2.249282207227722707e-01 1.760294592313284001e-01 7.588963438837639797e-02
4.679684695404179307e-01 2.627418090576282839e-01 1.871417795361708658e-01 8.214794186578280866e-02
4.143156475635190739e-01 3.116401134047305232e-01 1.861948497462043717e-01 8.784938928554626714e-02
3.598833764398800539e-01 3.720489738086848464e-01 1.729827705092095713e-01 9.508487924222551457e-02
3.067039922389185880e-01 4.313950725205705772e-01 1.570729054692697191e-01 1.048280297712408937e-01
2.715246930053640262e-01 4.664064983242650064e-01 1.444281073625225398e-01 1.176407013078483582e-01
2.552929060937000894e-01 4.708476187006616631e-01 1.410333699972147470e-01 1.328261052084234173e-01
2.512767720072811573e-01 4.512211206346132264e-01 1.492145631928750715e-01 1.482875441652304060e-01
2.489021888641672897e-01 4.217717556277839619e-01 1.672019671910461025e-01 1.621240883170023683e-01
2.398665441788062347e-01 3.960334446846631162e-01 1.901004217228517146e-01 1.739995894136790455e-01
2.254156727204197908e-01 3.769750061823553544e-01 2.143202303153059207e-01 1.832890907819189064e-01
2.140119880547486919e-01 3.626846284549097854e-01 2.366269600191841793e-01 1.866764234711576764e-01
2.075963839395747745e-01 3.536438440677843187e-01 2.569538838002490277e-01 1.818058881923918513e-01
2.098485821417500619e-01 3.463294809427224230e-01 2.744035471857583230e-01 1.694183897297691921e-01
2.174385048051803715e-01 3.435543515665053782e-01 2.877641888928434422e-01 1.512429547354711135e-01
2.312567572975831043e-01 3.428467947875325494e-01 2.958614859227485794e-01 1.300349619921354061e-01
2.534742247486407307e-01 3.430281004698746417e-01 2.950087077796343937e-01 1.084889670018501923e-01
2.857199705873771922e-01 3.432682711260093833e-01 2.825707930043554472e-01 8.844096528225794951e-02
3.267307396185691326e-01 3.429965902890831919e-01 2.596994173243740711e-01 7.057325276797359048e-02
3.694272606776146661e-01 3.437865411984146191e-01 2.315754934750396954e-01 5.521070464893106794e-02
4.106153801272859893e-01 3.443683393373153101e-01 2.024675474060597669e-01 4.254873312933871166e-02
4.422820853584771283e-01 3.520706242598037328e-01 1.728345558830795270e-01 3.281273449863936903e-02
4.659705004518579496e-01 3.651296616677102702e-01 1.427499328053694339e-01 2.614990507506216935e-02
4.900365388592401450e-01 3.733119446253115314e-01 1.145648633401393779e-01 2.208665317530907404e-02
5.252537906796933553e-01 3.636629207123448504e-01 9.157150520920975811e-02 1.951178339875189391e-02
5.773636049623884769e-01 3.314635595716375338e-01 7.400364076332306695e-02 1.716919470265080780e-02
6.451256265945857216e-01 2.821340506639816170e-01 5.848362894223823466e-02 1.425669379919418563e-02
7.230663447870198102e-01 2.234256411394023589e-01 4.271524069019724812e-02 1.079277338338026880e-02
8.001202861142288070e-01 1.637011705534560102e-01 2.863378950418552643e-02 7.544753828129251334e-03
8.626172828850939833e-01 1.133783227576189018e-01 1.880910566004959442e-02 5.195288697237344412e-03
9.043565597127106725e-01 7.858219469902619214e-02 1.324514619311607626e-02 3.816099395147058617e-03
9.281118277229574165e-01 5.810561009989889669e-02 1.062773943478815229e-02 3.154822742355469032e-03
9.394120732314518163e-01 4.786184610162402125e-02 9.754756623009274222e-03 2.971324043914914254e-03
9.405985576321104213e-01 4.649740658223300988e-02 9.736652051202736649e-03 3.167383734453872030e-03
9.343905841190784933e-01 5.155489339900333479e-02 1.023336350653792498e-02 3.821158975379984959e-03
1.194740351336189277e-01 1.895490366778918856e-01 8.589895679929203387e-02 6.050779713891969447e-01
1.222078554833214148e-01 1.738503782929266273e-01 1.102804751755539631e-01 5.936612910481976479e-01
1.223625129224542724e-01 1.548234525956681540e-01 1.335051302656069250e-01 5.893089042162706903e-01
1.211400139827660261e-01 1.363914720434030170e-01 1.533307536769501489e-01 5.891377602968806970e-01
1.196516598372686369e-01 1.203667871687530422e-01 1.682638301275845016e-01 5.917177228663936805e-01
1.184881416092151835e-01 1.059186198874140228e-01 1.788956785670785532e-01 5.966975599362926985e-01
1.169260161853186292e-01 9.437282340361195787e-02 1.855100731693569427e-01 6.031910872417126646e-01
1.146943436221839752e-01 8.464851004130359569e-02 1.908049289130288872e-01 6.098522174234832782e-01
1.110716641289114515e-01 7.620254868260877001e-02 1.950941436219388592e-01 6.176316435665406557e-01
1.045889590434720129e-01 6.789901195564711223e-02 1.956979919775950760e-01 6.318140370232858682e-01
9.445159314256099115e-02 5.984293621148315673e-02 1.917775393030255460e-01 6.539279313429303686e-01
8.246730116274209044e-02 5.166430316873164841e-02 1.896236720967092726e-01 6.762447235718171967e-01
7.036659071215897732e-02 4.495096425052987760e-02 1.927788901585952286e-01 6.919035548787157985e-01
5.873324930298454843e-02 3.935608011058228800e-02 1.999348897071138165e-01 7.019757808793196663e-01
4.825287120751904635e-02 3.459418726624404611e-02 2.094743529899591727e-01 7.076785885362777417e-01
3.997378902196913053e-02 3.095781992037443045e-02 2.222215894228585509e-01 7.068468016347976279e-01
3.416473166324004301e-02 2.867077488124849041e-02 2.391301740294802802e-01 6.980343194260308914e-01
3.031919226530542175e-02 2.774107042085571101e-02 2.608510206896181849e-01 6.810887166242208801e-01
2.776569179557790076e-02 2.817461012870475096e-02 2.889315798609894959e-01 6.551281182147276061e-01
2.591197418472432693e-02 2.990099144586196717e-02 3.246056921584426491e-01 6.195813422109708313e-01
2.421164116738899405e-02 3.261221152184443084e-02 3.659009852816244024e-01 5.772751620291423080e-01
2.227241680909687604e-02 3.603202027699376614e-02 4.113089529599637251e-01 5.303866099539458201e-01
1.987597499636539061e-02 4.000749859757608828e-02 4.625307448331769655e-01 4.775857815728811184e-01
1.533731967267299157e-01 2.111191603795429250e-01 1.707445252433220095e-01 4.647631176504047890e-01
1.923135697911086128e-01 2.267831680821529028e-01 1.596319486637630958e-01 4.212713134629758605e-01
2.300321844588179565e-01 2.486927091058974137e-01 1.513394626018448319e-01 3.699356438334397423e-01
2.629047419275192254e-01 2.794021014760576516e-01 1.437839613297478281e-01 3.139091952666752672e-01
2.847304415622377571e-01 3.303318673779766512e-01 1.320964458588844981e-01 2.528412452009010103e-01
2.946863875159553281e-01 4.002230956643410553e-01 1.156109969653384556e-01 1.894795198543651193e-01
2.761770620211795868e-01 4.889354951063800137e-01 9.795815490443979257e-02 1.369292879680009123e-01
2.251193605913062168e-01 5.896380153369791266e-01 8.297972150810309366e-02 1.022629025636116878e-01
1.700219745235170554e-01 6.747207095722598247e-01 7.364565822528908179e-02 8.161165767893394096e-02
1.319673361448793214e-01 7.307647242255763675e-01 6.807020539260198733e-02 6.919773423694224046e-02
1.089231607808407859e-01 7.693025712114599513e-01 6.159101152792984674e-02 6.018325647976923570e-02
9.488926622991844528e-02 8.005807490701731810e-01 5.233101194622942487e-02 5.219897275367886558e-02
8.834067833021282123e-02 8.235142659548362332e-01 4.265529332680624564e-02 4.548976238814471384e-02
9.103500262768456086e-02 8.322594930581406203e-01 3.545670365971601012e-02 4.124880065445890587e-02
1.057240451256182129e-01 8.225936384702252635e-01 3.163157592209924623e-02 4.005074048205747861e-02
1.333369225671098279e-01 7.952507288277790298e-01 3.017820904014811845e-02 4.123413956496278093e-02
1.719461413792289506e-01 7.545470918204030264e-01 2.980853774448321419e-02 4.369822905588495454e-02
2.172924872309081878e-01 7.058830337093865426e-01 3.007443290212015799e-02 4.675004615758506649e-02
2.635786712341977034e-01 6.547189109018597408e-01 3.138217424346922274e-02 5.032024362047341631e-02
3.054309351898750191e-01 6.047764832939979129e-01 3.475293816034980693e-02 5.503964335577739980e-02
3.377519975056617052e-01 5.621142755222968690e-01 3.973007967773673627e-02 6.040364729430451607e-02
3.633439836572395221e-01 5.270834308642268207e-01 4.469128109415002742e-02 6.488130438438396985e-02
3.899574815247885406e-01 4.933326465437221642e-01 4.898555062891405548e-02 6.772432130257545480e-02
4.194558753314799882e-01 4.618630190893064369e-01 5.070407555309879022e-02 6.797703002611496514e-02
4.518223988825784132e-01 4.335981780436903299e-01 4.904175774778870428e-02 6.553766532594276772e-02
4.870771305897678705e-01 4.065956307934090463e-01 4.514816344383137947e-02 6.117907517299181475e-02
5.248129526664176980e-01 3.788494240088007281e-01 4.056467953015235189e-02 5.577294379462894441e-02
5.636476420395909459e-01 3.501102574448057836e-01 3.628046978250452220e-02 4.996163073309837360e-02
6.014086331011276876e-01 3.227137411131525413e-01 3.178555659039391385e-02 4.409206919532599606e-02
6.330367618576238087e-01 3.010269661967185928e-01 2.777772902383192702e-02 3.815854292182568192e-02
6.584709033109680254e-01 2.859064078718283053e-01 2.337959933628302317e-02 3.224308948092074328e-02
6.757347865100629125e-01 2.780008931027150854e-01 1.936635333079900559e-02 2.689796705642311450e-02
6.821903480143385323e-01 2.790356106803146274e-01 1.630476863462201192e-02 2.246927267072499484e-02
6.767486527197811297e-01 2.905017215890757232e-01 1.401824283537985577e-02 1.873138285576332954e-02
6.611609742121307143e-01 3.117570695319721863e-01 1.190710769194677082e-02 1.517484856395030259e-02
6.382937685726074450e-01 3.400908495618871763e-01 9.817645736221299047e-03 1.179773612928387491e-02
6.115894073574376089e-01 3.712081124356453321e-01 8.128273285101334997e-03 9.074206921815762203e-03
5.870572514675586051e-01 3.985606458454541978e-01 7.122939709611818965e-03 7.259162977375729388e-03
5.739982472194630203e-01 4.137659541574300048e-01 6.083869231866006859e-03 6.151929391240795394e-03
5.696662539714236750e-01 4.184938025996153832e-01 6.142998280940498504e-03 5.696945148020619333e-03
5.705751280859078234e-01 4.171833807585792475e-01 6.538880824299797209e-03 5.702610331213229904e-03
5.679813731181948544e-01 4.184883886264813557e-01 7.271444948051122154e-03 6.258793307272794357e-03
5.559799063716784895e-01 4.279524044328387733e-01 8.451230838869634027e-03 7.616458356613388554e-03
5.326961639089643485e-01 4.471847234624308220e-01 1.003691010862276661e-02 1.008220251998213045e-02
4.996404676631683861e-01 4.742055237858330830e-01 1.194501350048881791e-02 1.420899505050966967e-02
4.603655924310607883e-01 5.046567946496577362e-01 1.400193418687712549e-02 2.097567873240415576e-02
4.157774360600010599e-01 5.367754736167917873e-01 1.584666079450018292e-02 3.160042952870696642e-02
3.577656493233666857e-01 5.781597814684503733e-01 1.653371018719311872e-02 4.754085902098989513e-02
2.836323787611974567e-01 6.269788513290817100e-01 1.753668879610300810e-02 7.185208111361793271e-02
1.973708676801150252e-01 6.750685981077493292e-01 1.749193697839487860e-02 1.100685972337405449e-01
1.224378546594948464e-01 6.901633834539504520e-01 1.684819222199631164e-02 1.705505696645583658e-01
7.005887576960563579e-02 6.575117217726613728e-01 1.523881244526201911e-02 2.571905900124709654e-01
3.779526291228008095e-02 5.894575882140631329e-01 1.243212835814121175e-02 3.603150205155156161e-01
2.100554886908345686e-02 5.088932672486841113e-01 9.463383603402156924e-03 4.606378002788303339e-01
1.336800267021532110e-02 4.399247382320898847e-01 7.405992912686884533e-03 5.393012661850078437e-01
1.041750633377366321e-02 3.945449351966259788e-01 6.429480990102712061e-03 5.886080774794973935e-01
1.014248908554765162e-02 3.771056280018461604e-01 6.320747983581635233e-03 6.064311349290244513e-01
1.193386107052313641e-02 3.947901941057654351e-01 6.781300085752347585e-03 5.864946447379590921e-01
1.597182270244047742e-02 4.587080595639889125e-01 7.479251132976157991e-03 5.178408666005943628e-01
2.391885492752107711e-02 5.705646783001030453e-01 8.333454579236766746e-03 3.971830121931390623e-01
3.858127321046712216e-02 6.908010880754383853e-01 9.879796868490858808e-03 2.607378418456037794e-01
6.535814795262467891e-02 7.605087200709670370e-01 1.111632425199525487e-02 1.630168077244129599e-01
1.119597912739233453e-01 7.712162157289761399e-01 1.012351503890850622e-02 1.067004779581914864e-01
1.919157099384404819e-01 7.270290747501143569e-01 8.004160055882524050e-03 7.305105525556229717e-02
3.137031525965879308e-01 6.307226323939719714e-01 5.860714246286717957e-03 4.971350076315338845e-02
4.600119753651236154e-01 5.026259756889608354e-01 4.756276801140845757e-03 3.260577214477448915e-02
5.924511711412309145e-01 3.826130349931240460e-01 3.862382790742460801e-03 2.107341107490232415e-02
6.857497891020318814e-01 2.965572790157205985e-01 3.292611449400713233e-03 1.440032043284693308e-02
7.403370253291343683e-01 2.454421026617082113e-01 2.991925806544522889e-03 1.122894620261274089e-02
7.680508349238910348e-01 2.189136105040050406e-01 2.715126277316288420e-03 1.032042829478788462e-02
7.828754726856542723e-01 2.038049304550401120e-01 2.459147969431383762e-03 1.086044888987443627e-02
7.995795963336269629e-01 1.866343852938702474e-01 2.263798592824117946e-03 1.152221977967874365e-02
8.283013560364684835e-01 1.588171104106221865e-01 2.066771877102866698e-03 1.081476167580634057e-02
8.644957213252731920e-01 1.245242090916639371e-01 1.932306674265752127e-03 9.047762908796866746e-03
8.920096443828223753e-01 9.828888993852333278e-02 1.953215825343664405e-03 7.748249853310473084e-03
9.038505757670519669e-01 8.649924506465327123e-02 2.053687820361741866e-03 7.596491347932957973e-03
9.046999980910359618e-01 8.431385486954183495e-02 2.336705963497133758e-03 8.649441075925263372e-03
8.992252366829743826e-01 8.636292774820879259e-02 3.470224792284755649e-03 1.094161077653201149e-02
8.873626186641481173e-01 9.217739813067800381e-02 6.456544254595558870e-03 1.400343895057846316e-02
8.627896854872892929e-01 1.058729252429245760e-01 1.345711502527485899e-02 1.788027424451143696e-02
8.179446500150235888e-01 1.303717168439654794e-01 2.873154014266049786e-02 2.295209299835071493e-02
7.527942621171064275e-01 1.627389772931054635e-01 5.567041950345285456e-02 2.879634108633526493e-02
6.823672804197261632e-01 1.955835190129812939e-01 8.807702098368788701e-02 3.397217958360410767e-02
6.256452927143234533e-01 2.237230038145652522e-01 1.137339844679584044e-01 3.689771900315298031e-02
5.875536550152059556e-01 2.438809220235363395e-01 1.319104901166358590e-01 3.665493284462193607e-02
5.644167951017406981e-01 2.545965072203555946e-01 1.469067369994910832e-01 3.407996067841258941e-02
5.491565224720117433e-01 2.594422206156878907e-01 1.595786075377610136e-01 3.182264937453967157e-02
5.320040251958012556e-01 2.620891721499200577e-01 1.739211889443515180e-01 3.198561370992712011e-02
5.067494462723978188e-01 2.624123168811994256e-01 1.957692156400647754e-01 3.506902120633783454e-02
