2.975840870338037902e-01 4.881584584290055706e-01 1.658281565495065835e-01 4.842929798768426386e-02
8.638074764213971024e-01 1.238822443040611954e-01 5.718866198735648131e-03 6.591413075806227574e-03
9.092105273842800983e-01 8.165698672544213776e-02 4.316208373666714088e-03 4.816277516610891971e-03
9.442777501974322085e-01 4.895565385407528447e-02 3.354883353500935465e-03 3.411712594991506489e-03
9.661716154465270767e-01 2.889440124906522689e-02 2.499508951757928223e-03 2.434474352649579516e-03
9.795495973682867286e-01 1.665783575945936623e-02 2.012535314670809133e-03 1.780031557583296436e-03
9.869246573433169134e-01 1.006866236738773908e-02 1.688003077377189494e-03 1.318677211917960264e-03
9.911543196778420661e-01 6.467383135261920747e-03 1.428858468885281594e-03 9.494387180109465285e-04
9.936484719778567731e-01 4.494280627873142170e-03 1.200516297304261284e-03 6.567310969657805904e-04
9.949564031087491101e-01 3.534502876223182682e-03 1.047538020109387664e-03 4.615559949183690937e-04
9.952937647559689793e-01 3.321288962769242299e-03 1.022936654320985746e-03 3.620096269408120326e-04
9.946268527684982708e-01 3.847599968374260711e-03 1.184605969195397365e-03 3.409412939321495488e-04
9.926056324361752781e-01 5.380965320768203372e-03 1.625833417728489525e-03 3.875688253281536115e-04
9.883879322101207787e-01 8.551830739471893289e-03 2.549237835994442279e-03 5.109992144131170807e-04
9.801075904308726994e-01 1.467819176667396058e-02 4.453494413496197901e-03 7.607233889570868494e-04
9.637257334844049339e-01 2.661079997277419895e-02 8.394702774266304263e-03 1.268763768554557027e-03
9.325815475700330870e-01 4.924382477910543149e-02 1.590399073822699322e-02 2.270636912634584580e-03
8.825567693389337887e-01 8.604364399682475073e-02 2.741062616374917438e-02 3.988960500492205567e-03
8.139863815826166027e-01 1.367023986883130482e-01 4.284461175245329184e-02 6.466607976617345238e-03
7.348888904398360733e-01 1.959413090336396546e-01 5.980639597528046580e-02 9.363404551243863574e-03
6.547313907370745367e-01 2.574859207022933139e-01 7.563336352752737801e-02 1.214932503310454590e-02
5.766297695813416002e-01 3.197182743758771872e-01 8.907595083654913648e-02 1.457600520623188352e-02
4.989776049884121489e-01 3.847885016014677695e-01 9.947365604236903247e-02 1.676023736775095196e-02
4.239081862719761284e-01 4.524799597382964667e-01 1.050135614942852014e-01 1.859829249544249150e-02
3.555610681092646885e-01 5.217052185670276732e-01 1.032826961589276005e-01 1.945101716478028070e-02
2.916376351856092008e-01 5.954642962041831744e-01 9.397447358753095725e-02 1.892359502267706994e-02
2.363872699346926121e-01 6.659066618755223876e-01 8.035126755539688526e-02 1.735480063438791729e-02
1.899188893848355042e-01 7.290487611448818184e-01 6.582975343074870533e-02 1.520259603953415251e-02
1.532311099221419226e-01 7.810589335082583906e-01 5.271140856446396294e-02 1.299854800513563710e-02
1.270916082425985194e-01 8.203593841253848939e-01 4.148080526361833109e-02 1.106820236839814280e-02
1.066993611208815057e-01 8.518953616257731731e-01 3.199442856317998712e-02 9.410848690165344449e-03
9.131184736405892344e-02 8.761093493754310568e-01 2.454428419675369968e-02 8.034519063756561177e-03
7.962239148012041634e-02 8.941850241128853627e-01 1.930402664505322802e-02 6.888557761940979074e-03
7.190002952619417576e-02 9.057018502019509310e-01 1.642911378731860481e-02 5.969006484536230374e-03
6.904500820363311531e-02 9.096273908198553304e-01 1.601359719440417079e-02 5.314003782107333193e-03
7.157653733169440369e-02 9.054886342869916671e-01 1.794354276617698973e-02 4.991285615136932530e-03
8.117519453069264868e-02 8.915578117692033455e-01 2.218253882149440886e-02 5.084454878609548367e-03
1.034205424927171352e-01 8.609610102031808321e-01 2.991333615711017427e-02 5.705111146991890571e-03
1.451802917947132843e-01 8.049564144109617736e-01 4.291839745383722177e-02 6.944896340487546893e-03
2.083670790946793860e-01 7.220425754214302438e-01 6.087007135636571947e-02 8.720274127524452884e-03
2.860810082076593042e-01 6.236782162818639286e-01 7.979931047263014166e-02 1.044146503784671581e-02
3.687376739954129068e-01 5.248156332303975935e-01 9.502884950668015474e-02 1.141784326750916456e-02
4.504513670556553606e-01 4.333222973268736067e-01 1.046615078788057512e-01 1.156482773866544626e-02
5.282643876324054633e-01 3.513123925154912897e-01 1.092084414487710098e-01 1.121477840333237781e-02
5.988259177397606825e-01 2.796247301700639509e-01 1.108677747076982911e-01 1.068157738247695575e-02
6.587691486118180118e-01 2.196650717756586102e-01 1.115198466471028077e-01 1.004593296542088607e-02
7.070115124793866501e-01 1.719630126057269115e-01 1.116896134319340511e-01 9.335861482952402882e-03
7.465253723876985603e-01 1.349927584615314147e-01 1.098432389439649992e-01 8.638630206805322440e-03
7.782643982422015050e-01 1.102744895482673376e-01 1.034380054061487947e-01 8.023106803382208316e-03
8.075827422298993419e-01 9.348039735574421860e-02 9.147880193366218771e-02 7.458058480694351559e-03
8.339589290036373281e-01 8.186196420674531071e-02 7.726224378670393245e-02 6.916863002913312478e-03
8.592752913527041958e-01 7.060136094737676227e-02 6.380067577934860068e-02 6.322671920570393546e-03
8.809237197993340374e-01 6.084844085986818724e-02 5.250703269457192290e-02 5.720806646225797855e-03
8.987860689945955661e-01 5.317540427233195810e-02 4.291618324313854066e-02 5.122343489933874408e-03
9.136478434601241760e-01 4.744711999390244933e-02 3.441578056291207804e-02 4.489255983061533374e-03
9.254675567717773887e-01 4.343001361345459610e-02 2.722905160354101989e-02 3.873378011226925009e-03
9.340365228635914008e-01 4.097940962628112554e-02 2.162827283937880651e-02 3.355794670748515375e-03
9.389093715447646149e-01 4.031766568821777696e-02 1.777580333110919536e-02 2.997159435908501243e-03
9.399973452033515420e-01 4.134546088184051088e-02 1.582537196279658678e-02 2.831821952011365565e-03
9.337215907727273168e-01 4.787126898600479324e-02 1.552708512081244809e-02 2.880055120455455794e-03
9.215441360701263074e-01 5.891003272808544716e-02 1.645464713995331563e-02 3.091184061835245116e-03
9.063677300399320957e-01 7.241076908660172562e-02 1.780664225717858151e-02 3.414858616287515160e-03
8.840824824366789736e-01 9.157309230571625269e-02 2.040475576732391286e-02 3.939669490281108057e-03
8.545155457470945404e-01 1.156078924650895123e-01 2.507035607292170537e-02 4.806205714894114418e-03
8.187878447872584120e-01 1.422668378049088411e-01 3.287488386622092890e-02 6.070433541611905577e-03
7.799966718427473467e-01 1.678140705377752784e-01 4.457259265336168536e-02 7.616664966115747719e-03
7.402755330932575539e-01 1.892468511382272012e-01 6.119465775570650384e-02 9.282958012809082796e-03
7.015001690527359335e-01 2.042916788548857776e-01 8.336851468489001049e-02 1.083963740748808240e-02
6.660612679072871467e-01 2.108907784848930989e-01 1.110775206157722239e-01 1.197043299204749583e-02
6.353779228782705513e-01 2.081226744664191608e-01 1.440682520513758003e-01 1.243115060393471492e-02
6.098926811698262007e-01 1.948733488916460366e-01 1.830338931042953532e-01 1.220007683423201747e-02
5.753951205317135997e-01 1.787876129915317303e-01 2.341366585123854371e-01 1.168060796436931267e-02
1.245654100435189676e-01 8.620089109283853024e-02 3.023895790902338121e-02 7.589947409546190515e-01
2.479082228392695542e-02 3.019893770845883396e-01 4.823281965543079752e-01 1.908916040771769518e-01
2.579515581452778913e-02 3.271614888966639656e-01 4.718674244129020812e-01 1.751759308759061329e-01
2.780758429539766097e-02 3.432264299162499088e-01 4.655500072180022153e-01 1.634159785703504231e-01
3.152846532934761026e-02 3.488468179822569737e-01 4.641413757146687913e-01 1.554833409737262362e-01
3.654370508080826557e-02 3.470741856399808256e-01 4.649637505145113869e-01 1.514183587646994178e-01
4.142402856840523423e-02 3.376783307794461453e-01 4.726559171358417633e-01 1.482417235163068225e-01
4.507326561715733343e-02 3.122495189414425942e-01 5.047089370180827261e-01 1.379682784233173254e-01
4.724421876206479076e-02 2.696000502727078363e-01 5.658156198113648561e-01 1.173401111538622532e-01
4.813950552468850008e-02 2.183727886552804809e-01 6.412301450467646768e-01 9.225756077326599525e-02
4.837966280656347262e-02 1.698908547490337873e-01 7.113514329562649063e-01 7.037804948813769501e-02
4.914689645060201645e-02 1.302520130195501946e-01 7.659013691892050391e-01 5.469972134064306213e-02
5.194685926811267590e-02 9.951056535197190522e-02 8.039849572025727920e-01 4.455761817734282121e-02
5.829145559125096382e-02 7.626936484280776030e-02 8.271050411884444120e-01 3.833413837749660019e-02
7.026616415683623051e-02 5.992517182912713430e-02 8.351939663642140577e-01 3.461469764982250813e-02
9.269007906735339530e-02 5.100820112895510655e-02 8.230583943138383152e-01 3.324332548985332869e-02
1.341583419221119289e-01 5.056383509368423540e-02 7.804424780149483709e-01 3.483534496925592278e-02
2.016428502695336022e-01 5.910165519196579342e-02 7.007401975544763628e-01 3.851529698402431090e-02
2.903742605309579394e-01 7.541907113133114460e-02 5.910018852390058752e-01 4.320478309870493666e-02
3.754694500097148779e-01 9.788288001135019012e-02 4.763909745927520922e-01 5.025669538618268706e-02
4.212428608854399403e-01 1.282374318700674476e-01 3.886506941055711817e-01 6.186901313892125692e-02
4.216394230483558325e-01 1.658836477068543758e-01 3.355826259811482970e-01 7.689430326364143919e-02
4.002894673433639028e-01 2.119031290364734588e-01 2.979176577470450948e-01 8.988974587311761300e-02
3.802426813481051826e-01 2.631046750048599003e-01 2.620061401391818312e-01 9.464650350785326627e-02
3.720413686516670926e-01 3.161143435203435104e-01 2.230287381072269537e-01 8.881554972076251275e-02
3.846625425488039984e-01 3.554983651231796715e-01 1.846649265788599115e-01 7.517416574915639083e-02
4.165878570638399392e-01 3.702959511191922237e-01 1.531697422285326626e-01 5.994644958843495935e-02
4.665708537029126801e-01 3.539596002708980671e-01 1.319259744845900362e-01 4.754357154159912641e-02
5.291438913764289209e-01 3.123493538870777408e-01 1.203153857771234320e-01 3.819136895936971893e-02
5.981943144967932779e-01 2.556967086840666314e-01 1.154939762345291304e-01 3.061500058461068957e-02
6.687381941277126263e-01 1.948160243778545297e-01 1.125673813476723018e-01 2.387840014676086836e-02
7.358585166260026567e-01 1.393247819485248229e-01 1.070949307343150442e-01 1.772177069115737566e-02
7.961820566290549461e-01 9.364457415560012432e-02 9.785166258258982952e-02 1.232170663275531861e-02
8.386099404463367435e-01 6.306434987378045642e-02 9.029233497767791272e-02 8.033374702205105938e-03
8.682271603108094871e-01 4.109128783074148666e-02 8.589863655238207107e-02 4.782915306066892747e-03
8.940573149481572113e-01 2.654931462870142173e-02 7.687321718780459889e-02 2.520153235336885199e-03
9.211023267537357118e-01 1.781200752486409092e-02 5.989620359224748225e-02 1.189462129153034259e-03
9.438057986011275657e-01 1.344857300575533557e-02 4.218724299848414933e-02 5.583853946328349834e-04
9.555206662791319028e-01 1.285699382446066526e-02 3.130177077788259821e-02 3.205691185250646408e-04
9.538951807491792279e-01 1.690430221300280589e-02 2.892647310806421498e-02 2.740439297537094793e-04
9.353333793313766131e-01 2.915935431963065025e-02 3.515544811574647377e-02 3.518182332464542131e-04
8.889008947746432909e-01 5.749879977616981219e-02 5.302493126668892526e-02 5.753741824982590422e-04
7.979709045689605817e-01 1.130645660784625750e-01 8.796186576809356117e-02 1.002663584483397654e-03
6.627648386781593848e-01 1.998396724930234514e-01 1.357608269923915867e-01 1.634661836425452697e-03
5.118501082052522300e-01 3.073795000603825045e-01 1.783700987273796335e-01 2.400293006985662874e-03
3.718430346243249418e-01 4.165570717356710251e-01 2.083237475985602050e-01 3.276146041443829884e-03
2.572862167613010342e-01 5.074135105227146614e-01 2.311001233442304126e-01 4.200149371753788587e-03
1.739013601022757760e-01 5.666679517458332871e-01 2.543408355683901001e-01 5.089852583500687616e-03
1.177878268632820968e-01 5.927293347304147808e-01 2.834701932498818744e-01 6.012645156421144756e-03
8.192279565829570231e-02 5.947784175867250056e-01 3.163260636664788628e-01 6.972723088500331311e-03
6.000206919351272483e-02 5.883912842361144202e-01 3.434890259739173946e-01 8.117620596455826440e-03
4.730073022229567409e-02 5.888738069070983405e-01 3.540151503182450976e-01 9.810312552360651861e-03
4.077978261830163959e-02 6.003336681411126641e-01 3.461725214898163094e-01 1.271402775076946497e-02
3.902215313644954997e-02 6.175726744601838236e-01 3.258861066061841671e-01 1.751906579718236906e-02
4.152014523328282497e-02 6.324327405677095948e-01 3.017582390726069042e-01 2.428887512640044710e-02
4.838877656021637469e-02 6.386905573807125647e-01 2.804463673392231793e-01 3.247429871984757604e-02
6.008489565622977813e-02 6.347241974943393927e-01 2.626227988040372718e-01 4.256810804539358506e-02
7.553762595033068628e-02 6.250054955472513774e-01 2.426375296092988243e-01 5.681934889311936882e-02
9.074438775516595335e-02 6.139802974243248057e-01 2.175212525563001431e-01 7.775406226420918110e-02
1.063364623561249833e-01 5.943264563965867664e-01 1.928672856589757900e-01 1.064697955883120023e-01
1.182324171829069875e-01 5.755583868911396950e-01 1.653812296226870870e-01 1.408279663032661611e-01
1.259769459547217252e-01 5.574539227705890276e-01 1.366480438696864030e-01 1.799210874050022890e-01
1.254007692351878089e-01 5.394013287998266071e-01 1.079418183362089029e-01 2.272560836287761954e-01
1.133228162293744984e-01 5.175651818506419310e-01 8.005880843150112169e-02 2.890531934884826293e-01
9.223835945808926684e-02 4.862822169160087582e-01 5.500939790546576641e-02 3.664700257204357992e-01
6.977998936841688093e-02 4.458799625411457024e-01 3.633100591352420722e-02 4.480090421769133413e-01
5.293026198372675906e-02 4.071458556925411920e-01 2.554353095680568855e-02 5.143803513669265026e-01
4.316716059542125700e-02 3.820704262884093705e-01 2.070985859820079905e-02 5.540525545179685318e-01
3.850814534141550061e-02 3.751100326101255988e-01 1.924297244499614812e-02 5.671388496034628357e-01
3.791822146169020191e-02 3.903173023170445344e-01 2.113293538319075543e-02 5.506315408380746401e-01
4.057655284270745427e-02 4.267818355195035496e-01 2.681744960036710340e-02 5.058241620374218650e-01
4.437976389845969816e-02 4.779581525910454043e-01 3.461261182758529342e-02 4.430494716829097013e-01
6.589226661374207872e-01 4.505931548653518970e-02 2.949623296085377433e-01 1.055688767506151454e-03
7.333725858151246557e-02 1.502871089182211684e-01 6.148295371945466936e-01 1.615460953057199223e-01
7.020106590974803384e-02 1.613320051525456988e-01 6.044352263246514090e-01 1.640317026130549138e-01
6.650894366356216447e-02 1.789722602705407506e-01 5.873809478340947798e-01 1.671378482318023329e-01
6.259879356309105969e-02 2.066537906432354132e-01 5.575461143975953826e-01 1.732013013960780334e-01
5.835967430023775854e-02 2.452091577507836406e-01 5.129709146736672887e-01 1.834602532753111248e-01
5.319795070324997988e-02 2.889714939473921884e-01 4.627006010163454697e-01 1.951299543330126118e-01
4.683746911853402944e-02 3.309671594682515594e-01 4.202022175402670423e-01 2.019931538729472786e-01
3.985393219519042102e-02 3.707239709194489752e-01 3.925444029063576701e-01 1.968776939790027325e-01
3.340176463201489920e-02 4.096467536199470127e-01 3.820568351878890212e-01 1.748946465601490807e-01
2.855752450225593556e-02 4.409594732282318130e-01 3.906863648219134344e-01 1.397966374475986540e-01
2.579161872786350784e-02 4.533165676669692057e-01 4.162713723175729963e-01 1.046204412875943873e-01
2.491058263575237491e-02 4.488761490102544660e-01 4.466692408484045917e-01 7.954402750558868529e-02
2.628519007945425562e-02 4.285538809905166668e-01 4.788106050947655845e-01 6.635032383526343058e-02
2.956427028607851518e-02 3.920373726003174575e-01 5.169515149490363504e-01 6.144684216456755554e-02
3.609853169267589895e-02 3.387940175183937197e-01 5.648952882247129104e-01 6.021216256421711016e-02
4.382342575438533810e-02 2.790732685911715971e-01 6.171061209317905139e-01 5.999718472265284930e-02
5.196167675548036408e-02 2.251603436249422219e-01 6.633058783011352988e-01 5.957210131844209444e-02
5.899252038677825494e-02 1.823718391367648572e-01 7.024210490892162095e-01 5.621459138724068522e-02
6.302364461650170058e-02 1.477943215312889080e-01 7.425506036175995028e-01 4.663143023461000652e-02
6.191119116793569743e-02 1.181280026505484859e-01 7.879984507526263116e-01 3.196235542888961612e-02
5.541007970000425692e-02 9.196798511532558451e-02 8.345085358486874494e-01 1.811339933598292429e-02
4.632368783357327519e-02 7.019826235326745434e-02 8.742506057702970068e-01 9.227444042862069373e-03
3.829575969510207872e-02 5.447753939257803102e-02 9.023626347393784997e-01 4.864066172941631724e-03
3.334656926779221847e-02 4.542592291941974225e-02 9.182067924589750740e-01 3.020715353812983024e-03
3.180313125339725294e-02 4.284534336350086930e-02 9.230284324965639664e-01 2.323092886538489447e-03
3.396029626638293747e-02 4.681255103552764418e-02 9.170598256845943208e-01 2.167327013495215938e-03
4.119218931574664816e-02 5.797199622553551174e-02 8.985310611778465351e-01 2.304753280871377034e-03
5.536067367494990066e-02 7.606854854524505716e-02 8.661331301072010547e-01 2.437647672604231243e-03
7.829071738157780680e-02 9.873546036974234497e-02 8.206682824471805970e-01 2.305539801499075555e-03
1.108950617548805917e-01 1.209733177916724189e-01 7.661268466481887529e-01 2.004773805258219105e-03
1.507845582957438035e-01 1.368424592402025242e-01 7.106209644685838045e-01 1.752017995469776082e-03
1.939692772556025624e-01 1.441844226642395310e-01 6.601986574827475307e-01 1.647642597410104619e-03
2.397396024517763347e-01 1.444989382124053923e-01 6.140753002436981633e-01 1.686159092120325699e-03
2.930987269308666932e-01 1.406177601319511250e-01 5.643599100471342611e-01 1.923602890047804072e-03
3.682600143746556642e-01 1.313421449564152466e-01 4.982157020545501802e-01 2.182138614379011774e-03
4.573913128526927441e-01 1.230905212012852051e-01 4.170859104315800536e-01 2.432255514442090410e-03
5.411044081131967109e-01 1.172793377586813374e-01 3.390237794409118877e-01 2.592474687209943458e-03
6.039514885572394576e-01 1.134553634285237339e-01 2.799327278247771278e-01 2.660420189459886293e-03
6.377708818916696387e-01 1.157406556152192623e-01 2.437511870166776118e-01 2.737275476433414373e-03
6.461793344776129988e-01 1.250665466203914333e-01 2.259504574174723279e-01 2.803661484523243836e-03
6.386375379885994574e-01 1.399492843900708994e-01 2.186290230605971996e-01 2.784154560732002553e-03
6.253686222126078054e-01 1.563064513114128529e-01 2.156887887409401627e-01 2.636137735039589727e-03
6.118538866895073536e-01 1.694272870535457609e-01 2.162764795982902444e-01 2.442346658656380926e-03
6.010735236654048963e-01 1.765218337050264152e-01 2.200728176266634195e-01 2.331825002905262012e-03
5.958035437374259446e-01 1.778018312608919127e-01 2.240376950793057931e-01 2.356929922376512637e-03
5.977631637647107254e-01 1.749562622561609271e-01 2.248266881772998660e-01 2.453885801828406456e-03
6.033606301311452702e-01 1.704564292452826757e-01 2.236480345340710607e-01 2.534906089500875859e-03
6.038736513855269550e-01 1.674703266921119538e-01 2.260576439494647871e-01 2.598377972896096389e-03
5.895444734792794073e-01 1.682648738226833196e-01 2.394872095972763459e-01 2.703443100761108477e-03
5.603801781945930705e-01 1.701862430909328594e-01 2.666338988331923843e-01 2.799679881281637740e-03
5.293680034795709144e-01 1.666278471610636580e-01 3.012499825071308091e-01 2.754166852234891764e-03
5.047591409507352633e-01 1.549145328847944536e-01 3.377038109374517760e-01 2.622515227018409455e-03
4.852875270849466571e-01 1.388740893651071451e-01 3.733356190023366938e-01 2.502764547609655308e-03
4.697706405483939029e-01 1.195452555376094045e-01 4.083643263145762536e-01 2.319777599420254181e-03
4.471163864936963384e-01 1.044925166620902790e-01 4.462706245079003375e-01 2.120472336313186049e-03
4.115565094373767052e-01 9.368018593497216828e-02 4.927292824327578202e-01 2.034022194893460225e-03
3.627501445778267275e-01 8.630304047830242298e-02 5.489452766762334956e-01 2.001538267637112314e-03
3.069893266776930751e-01 8.102484188632952389e-02 6.100288317022253270e-01 1.956999733751851444e-03
2.514526831521070593e-01 7.805014352394368249e-02 6.686102727185420092e-01 1.886900605407190257e-03
2.007219923171122966e-01 7.731733937366336296e-02 7.200869020508521290e-01 1.873766258372521528e-03
1.599175826129256295e-01 8.040809468922491265e-02 7.578041212753476863e-01 1.870201422501757910e-03
1.272400372325212803e-01 8.382380773279970998e-02 7.870115572379057234e-01 1.924597796773293507e-03
1.008483031843849798e-01 8.590436375906276845e-02 8.112886259102077835e-01 1.958707146344355974e-03
7.882865549194166543e-02 8.516228346540601069e-02 8.340453861892288545e-01 1.963674853423643275e-03
6.031994885958323616e-02 8.137992686844650048e-02 8.563420827732909357e-01 1.958041498679273865e-03
4.520538271732979507e-02 7.478676681525152359e-02 8.780501468964592160e-01 1.957703570959671777e-03
3.353539501807088069e-02 6.626185091241830472e-02 8.982720096299653401e-01 1.930744439545400157e-03
2.550890125238998093e-02 5.818977216522577822e-02 9.143834314842935740e-01 1.917895098090884346e-03
2.068765370436115997e-02 5.282012503425830008e-02 9.245166042646715265e-01 1.975616996709075868e-03
1.813245740688146715e-02 5.040734443399048914e-02 9.293510310268252583e-01 2.109167132302503054e-03
1.700542607355404190e-02 5.003714479063469528e-02 9.306621130077521453e-01 2.295316128059369035e-03
9.027876990216523456e-01 8.336250826757025945e-02 5.192611395878244870e-03 8.657181314899019958e-03
8.529517481580740634e-01 1.070447615957120097e-01 3.536756684413473045e-02 4.635923402079079360e-03
9.214089604524546839e-01 5.912034474608421353e-02 1.685329095109587907e-02 2.617403850365095531e-03
9.572534716592840942e-01 3.262194240863489775e-02 8.543644817454497734e-03 1.580941114626584253e-03
9.742385977779495221e-01 1.983536435012881946e-02 4.896617669305444211e-03 1.029420202616248723e-03
9.827289684149908000e-01 1.344130521798763030e-02 3.134664533064225687e-03 6.950618339575132540e-04
9.869911094542386243e-01 1.024420297085939548e-02 2.279706853944881654e-03 4.849807209572069475e-04
9.887775284350368565e-01 8.911261035680703366e-03 1.947231567398033944e-03 3.639789618844210079e-04
9.889323190889989235e-01 8.791940624175100319e-03 1.972429008973147681e-03 3.033112778529032934e-04
9.880229663397031015e-01 9.423367512222141640e-03 2.276458941245892292e-03 2.772072068289730741e-04
9.864027682905122107e-01 1.050912395367487387e-02 2.814131144831492383e-03 2.739766109815743554e-04
9.842683544624288849e-01 1.186966452147380190e-02 3.568842075347061511e-03 2.931389407502674248e-04
9.815555817997010379e-01 1.346833262864773235e-02 4.634274101389587557e-03 3.418114702614222212e-04
9.778617016877358958e-01 1.548736927077071744e-02 6.215133913736721992e-03 4.357951277566785519e-04
9.731447184171818643e-01 1.805434838891711510e-02 8.216718295106398978e-03 5.842148987948644900e-04
9.658024372800850799e-01 2.290097542351454338e-02 1.049235682613334879e-02 8.042304702671552574e-04
9.587539077858888703e-01 2.751014376525403801e-02 1.266182445630481199e-02 1.074123992552191873e-03
9.522126589319871437e-01 3.213809976104518851e-02 1.431837226827298824e-02 1.330869038694450571e-03
9.484896263469633215e-01 3.482974107863880120e-02 1.517506877931856443e-02 1.505563795079076922e-03
9.443807425770421871e-01 3.872907458765688371e-02 1.527096824776460332e-02 1.619214587536434765e-03
9.404902643059501743e-01 4.302369044261823705e-02 1.475897622517992683e-02 1.727069026251729219e-03
9.367187329474145896e-01 4.781146550459139388e-02 1.358954635018326529e-02 1.880255197810676640e-03
9.341270624560352731e-01 5.191686537923193012e-02 1.192046427149088574e-02 2.035607893241494267e-03
9.356666105181988824e-01 5.218712988690591553e-02 1.007471359445213238e-02 2.071546000442953898e-03
9.362273461481052106e-01 5.270401051707616913e-02 9.042980406094318704e-03 2.025662928724383111e-03
9.344748952208197235e-01 5.458102257029690679e-02 8.933891310459433563e-03 2.010190898424042867e-03
9.267171579472074372e-01 6.130805257488611271e-02 9.823792846551493430e-03 2.150996631354893350e-03
9.085273067607217978e-01 7.698462985131365732e-02 1.194064071358307000e-02 2.547422674381588040e-03
8.783375566263587064e-01 1.030696469086880424e-01 1.545035070345946587e-02 3.142445761493587158e-03
8.383456563945407281e-01 1.369508448183250071e-01 2.096021568378051911e-02 3.743283103353868026e-03
7.890027453857046957e-01 1.765093456154304130e-01 3.019952483718384151e-02 4.288384161680807750e-03
7.248411007505596304e-01 2.246135872219681695e-01 4.554883486776772211e-02 4.996477159704502263e-03
6.421911484450073537e-01 2.847513953452572855e-01 6.697015557064663061e-02 6.087300639088816939e-03
5.453028752216075858e-01 3.580765114169160435e-01 8.911096002053350840e-02 7.509653340942630713e-03
4.428119466038605845e-01 4.430066312861479227e-01 1.052506787504892821e-01 8.930743359502325146e-03
3.462037684186614062e-01 5.325443039182387039e-01 1.116150605085858977e-01 9.636867154514085904e-03
2.711392323189708575e-01 6.091775789398374830e-01 1.104293547160169614e-01 9.253834025174646066e-03
2.162408878988940630e-01 6.715036948698328567e-01 1.041599724343207356e-01 8.095444796952405361e-03
1.756091419550321608e-01 7.217991687382745436e-01 9.560372244988356305e-02 6.987966856809761998e-03
1.442668820666593854e-01 7.644238918781367520e-01 8.502420081396908080e-02 6.285025241234577960e-03
1.205560658221622589e-01 7.989527684161882304e-01 7.446723061023222123e-02 6.023935151417357178e-03
1.059220119263319104e-01 8.198950807386390371e-01 6.795736924818332469e-02 6.225538086845963659e-03
1.014878180920996409e-01 8.245970257452867047e-01 6.709801119979956485e-02 6.817144962813851024e-03
1.065876643051355960e-01 8.135525712621013428e-01 7.212727667085626349e-02 7.732487761906959092e-03
1.188250431831099352e-01 7.890754594620821294e-01 8.317796342182885716e-02 8.921533932979364492e-03
1.328474377914376781e-01 7.583950563844229498e-01 9.863560435018159378e-02 1.012190147395781656e-02
1.419655268232573875e-01 7.318117659230400918e-01 1.151995309129833361e-01 1.102317634071920197e-02
1.436858023320766176e-01 7.130805020888257850e-01 1.315045860029293023e-01 1.172910957616838876e-02
1.399999627517549972e-01 7.005342419134915621e-01 1.470772345076649390e-01 1.238856082708831782e-02
1.340943189264099389e-01 6.941488301418561324e-01 1.588896028284911000e-01 1.286724810324270385e-02
1.284989127518045560e-01 6.959213368440005931e-01 1.626510630895220133e-01 1.292868731467281505e-02
1.247985049390726020e-01 7.065025534666118379e-01 1.562982350659316844e-01 1.240070652838405792e-02
1.237779764892227852e-01 7.241886082192506846e-01 1.407838102841437178e-01 1.124960500738301020e-02
1.254315050351788863e-01 7.457736824313451196e-01 1.191331009345605457e-01 9.661711598915937588e-03
1.292667608944294000e-01 7.672065842814407288e-01 9.552328436537908807e-02 8.003370458750906288e-03
1.344094163747070747e-01 7.853911011907845907e-01 7.365166521490411344e-02 6.547817219604065882e-03
1.386326632697292560e-01 8.007367245595016225e-01 5.528073818621388746e-02 5.349873984555386652e-03
1.389516750490479846e-01 8.160055097970275728e-01 4.070792265029957863e-02 4.334892503625151043e-03
1.311210201298203537e-01 8.369182072843984743e-01 2.854858978499943967e-02 3.412182800781651208e-03
1.203681916771402322e-01 8.574038564029925480e-01 1.946867797256327665e-02 2.759273947304001322e-03
1.115650216037356868e-01 8.727466344789764907e-01 1.325083570385682426e-02 2.437508213430949252e-03
1.076014522462689360e-01 8.806978231797371048e-01 9.315332224758313476e-03 2.385392349235437078e-03
1.094734397851089974e-01 8.811586076620940844e-01 6.900886348453607287e-03 2.467066204342997782e-03
1.184460995404061218e-01 8.737009777836057811e-01 5.309968881249054612e-03 2.542953794738942331e-03
1.401199461788041611e-01 8.535210462245782503e-01 3.827764686897250444e-03 2.531242909720119935e-03
1.779432725318516872e-01 8.165862735867741584e-01 2.922825288285132734e-03 2.547628593089005123e-03
2.379373422854388909e-01 7.569597316426308620e-01 2.397419648426529944e-03 2.705506423503864673e-03
3.147053346625990344e-01 6.800530048081711021e-01 2.181417683877985222e-03 3.060242845351528705e-03
3.908547413220013755e-01 6.033243109514726532e-01 2.199404646549280116e-03 3.621543079976842928e-03
4.511108108732872490e-01 5.420721779369289672e-01 2.412199519416400369e-03 4.404811670367303131e-03
4.881637125201285232e-01 5.036207993763774926e-01 2.741256208544484273e-03 5.474231894949488191e-03
4.966721394613044516e-01 4.930829180017298752e-01 3.133126368966862238e-03 7.111816167998623664e-03
2.536980060449528854e-02 7.765107818674628348e-02 4.221776374066227300e-02 8.547613574680960058e-01
2.684432237464318485e-02 7.689546717508598250e-02 5.592413749112076088e-02 8.403360729591499156e-01
2.721366168479776720e-02 7.235498380097687976e-02 6.942299069719551352e-02 8.310083638170298048e-01
2.668098344111117723e-02 6.607603918961138523e-02 8.107699241553456559e-02 8.261659849537431599e-01
2.560904704893280162e-02 5.958400039682932442e-02 8.956257356261786151e-02 8.252443789916200645e-01
2.443079498312129838e-02 5.374556898882294764e-02 9.487418097563748987e-02 8.269494550524183474e-01
2.348244700757948222e-02 4.895062881012209738e-02 9.829041529944732014e-02 8.292765088828507603e-01
2.293240857429217072e-02 4.525704316758839135e-02 1.015517781106797524e-01 8.302587701474395399e-01
2.254156158422948933e-02 4.209313982866587367e-02 1.049153468439944087e-01 8.304499517431104261e-01
2.152196417370428466e-02 3.818519891657514570e-02 1.061591609684053999e-01 8.341336759413152668e-01
1.946353572688925074e-02 3.306803486085101162e-02 1.044421111399490704e-01 8.430263182723107818e-01
1.704997054183251398e-02 2.796620812886342275e-02 1.032899369515395127e-01 8.516938843777644985e-01
1.478444833490459749e-02 2.362582468427903634e-02 1.048986479041026931e-01 8.566910790767138240e-01
1.255196057671844473e-02 1.976404712426188537e-02 1.077976566739478337e-01 8.598863356250719958e-01
1.042575416294897958e-02 1.636014880584690107e-02 1.108757107745147741e-01 8.623383862566895708e-01
8.740428096733410951e-03 1.377484847657193569e-02 1.151012662253506486e-01 8.623834572013440170e-01
7.600096652041094490e-03 1.209342538438253414e-02 1.213630065951986914e-01 8.589434713683774536e-01
6.897220262941153139e-03 1.119406769453686404e-02 1.303253975893300110e-01 8.515833144531919086e-01
6.499711916905627843e-03 1.098856075823401168e-02 1.435760822116410040e-01 8.389356451132192749e-01
6.290238205870749347e-03 1.140700911255545374e-02 1.630723811730382389e-01 8.192303715085356153e-01
6.118670189707706673e-03 1.227915289129179362e-02 1.889993171486862023e-01 7.926028597703144163e-01
5.863647634678025890e-03 1.344062750784451310e-02 2.216512117922366798e-01 7.590445130652406780e-01
5.460581853728506234e-03 1.478854411482809564e-02 2.635510739076490916e-01 7.161998001237944722e-01
1.512760572537596715e-01 2.387197567735345471e-01 2.250713912703807273e-01 3.849327947023252761e-01
2.066449144644302571e-01 2.386566142211230812e-01 2.293062573299048945e-01 3.253922139845418227e-01
2.596628461584247205e-01 2.339387144412437280e-01 2.306373859219647271e-01 2.757610534783668244e-01
3.051135987157834739e-01 2.313721365903881333e-01 2.292535861451488466e-01 2.342606785486796295e-01
3.490057939020525524e-01 2.335052447646722706e-01 2.229522681495399727e-01 1.945366931837350377e-01
3.951231008458078175e-01 2.400211256890371903e-01 2.103467759516411129e-01 1.545089975135138793e-01
4.250918739938250868e-01 2.520874398746856815e-01 1.988626942335811332e-01 1.239579918979081957e-01
4.128900987443366866e-01 2.776576120493160493e-01 1.989328217881272398e-01 1.105194674182197190e-01
3.601075936696757074e-01 3.172607775045269696e-01 2.125656254550742086e-01 1.100660033707233920e-01
2.966933909711189643e-01 3.626318123095492174e-01 2.260929226376751644e-01 1.145818740816568065e-01
2.445382333989074009e-01 4.110969224888113005e-01 2.251962417583248111e-01 1.191686023539562655e-01
2.094595765800568166e-01 4.644002233140763769e-01 2.039616829548797361e-01 1.221785171509873341e-01
1.876917208371250145e-01 5.179986842912501777e-01 1.713705229587825229e-01 1.229390719128422987e-01
1.772673215807715752e-01 5.621549766918285673e-01 1.388463227885833873e-01 1.217313789388166506e-01
1.776118957425550371e-01 5.895275324225035529e-01 1.132439260693040711e-01 1.196166457656372556e-01
1.866457214763044825e-01 6.016117952096385890e-01 9.464905902278497596e-02 1.170934242912720635e-01
2.011499131460424417e-01 6.039188685236022147e-01 8.087220670914517517e-02 1.140590116212104183e-01
2.180135738519009825e-01 6.002737582482398082e-01 7.100448431114488035e-02 1.107081835887145510e-01
2.335217496260715009e-01 5.931334478485951189e-01 6.507690649868533295e-02 1.082678960266479501e-01
2.448561662606566214e-01 5.824182259434000919e-01 6.375076833413921562e-02 1.089748394618041544e-01
2.522714849032622886e-01 5.691807799354390296e-01 6.569253501146864183e-02 1.128552001498297486e-01
2.612435599195080949e-01 5.540656943280499735e-01 6.831477155078292951e-02 1.163759742016592935e-01
2.765781121857185942e-01 5.365955640307759067e-01 7.037718047974769742e-02 1.164491433037573853e-01
2.978396525959778329e-01 5.206110974553352921e-01 6.951808691735544832e-02 1.120311630313315376e-01
3.245216897074506557e-01 5.065459594369920993e-01 6.515138448569743335e-02 1.037809663698601309e-01
3.571126187984783318e-01 4.910459417443694963e-01 5.879907886148572765e-02 9.304236059566657613e-02
3.957562134352539673e-01 4.708784225041418026e-01 5.215513273935864363e-02 8.121023132124553789e-02
4.391371627796625821e-01 4.451232648350803567e-01 4.617624756725876439e-02 6.956332481799834544e-02
4.841762112942174512e-01 4.157766630355529958e-01 4.084448645985643001e-02 5.920263921037313692e-02
5.285089412670910258e-01 3.857623662659575570e-01 3.527744933547857092e-02 5.045124313147291567e-02
5.713529695998911251e-01 3.565451286806269882e-01 2.886807398072394754e-02 4.323382773875786983e-02
6.089757606485067809e-01 3.294683869584787983e-01 2.385783119507022335e-02 3.769802119794416623e-02
6.406417758647197092e-01 3.056749471857367895e-01 2.014038211409446485e-02 3.354289483544883876e-02
6.670574352828556597e-01 2.857927021836845216e-01 1.737387601977039703e-02 2.977598651368962290e-02
6.922727535045417602e-01 2.678220260357814797e-01 1.470190821539243790e-02 2.520331224428441763e-02
7.191544107996226121e-01 2.491883298967125238e-01 1.187772320399483987e-02 1.977953609967009543e-02
7.463830486844102996e-01 2.295362719459747292e-01 9.412614845856344739e-03 1.466806452375848946e-02
7.709827612292102783e-01 2.104603865946697017e-01 7.755888827496744582e-03 1.080096334862299529e-02
7.907197053605262704e-01 1.940895122353207825e-01 6.916508778538965098e-03 8.274273625613941252e-03
8.046456674621350613e-01 1.819015406491552300e-01 6.681965004175930214e-03 6.770826884533963190e-03
8.122108959814716700e-01 1.748767043004708366e-01 6.882564185458327384e-03 6.029835532599192062e-03
8.119363869805108491e-01 1.744635681038959329e-01 7.574066664201738706e-03 6.025978251391222486e-03
8.024777414777443107e-01 1.816642849676398386e-01 8.952379208650723327e-03 6.905594345964939131e-03
7.837790609218004967e-01 1.962665941762609945e-01 1.106154285624134578e-02 8.892802045696928878e-03
7.551375424242160461e-01 2.186198007929799070e-01 1.384147770572402222e-02 1.240117907707997610e-02
7.166246943043053097e-01 2.486827928707032176e-01 1.685928742242765246e-02 1.783322540256381331e-02
6.715799942788284183e-01 2.842958650555849620e-01 1.915799160293451403e-02 2.496614906265207101e-02
6.222351564546446667e-01 3.243419146369839745e-01 1.997048109691060280e-02 3.345244781146067964e-02
5.638685907371162598e-01 3.711925673137476123e-01 2.016276998998127457e-02 4.477607195915474930e-02
4.899590178160638798e-01 4.271303486632792579e-01 1.968818570563592510e-02 6.322244781502137090e-02
3.979973865495664564e-01 4.872364238448588791e-01 1.904858034282057994e-02 9.571760926275403591e-02
2.950397177358758394e-01 5.378946563178693685e-01 1.729451154258894452e-02 1.497711144036658615e-01
1.994166090095281230e-01 5.583088624040872805e-01 1.396838977711198013e-02 2.283061388092726962e-01
1.287334815472319649e-01 5.370205446095527302e-01 1.051004085789126151e-02 3.237359329853241596e-01
8.463461716631624776e-02 4.886618235544143984e-01 8.206037645156975813e-03 4.184975216341124127e-01
6.121273527860478930e-02 4.366500463371674190e-01 7.182802613109710854e-03 4.949544157711186498e-01
5.207320737291110807e-02 4.004727729160286742e-01 7.230768868983402861e-03 5.402232508420770074e-01
5.317670423696135157e-02 3.947446974874834758e-01 8.122485574564254282e-03 5.439561127009905350e-01
6.347096726048968851e-02 4.298730146687573250e-01 9.599333386015375738e-03 4.970566846847377929e-01
8.558967342683013180e-02 5.067710972419515736e-01 1.162887145424431647e-02 3.960103578769738064e-01
1.247889713506126069e-01 5.894920449800556961e-01 1.442652828029544580e-02 2.712924553890356805e-01
1.822128307751683107e-01 6.238731366903543796e-01 1.621754860613401281e-02 1.776964839283431408e-01
2.556605130992313790e-01 6.062253435693094605e-01 1.421448902403001958e-02 1.238996543074291079e-01
3.465767010013614535e-01 5.511568312652225243e-01 1.063279873544251651e-02 9.163366899797342757e-02
4.529856091513301264e-01 4.704862726946121287e-01 7.822848586128073461e-03 6.870526956792959161e-02
5.608612022697057053e-01 3.823913050630979305e-01 5.645062798381984825e-03 5.110242986881404631e-02
6.492528741714926888e-01 3.083330195309935129e-01 4.675863185597826759e-03 3.773824311191601583e-02
7.082331295540046368e-01 2.588368156379201590e-01 4.301713819321755818e-03 2.862834098875357072e-02
7.375294424509369895e-01 2.347528025621212766e-01 4.320271360603892760e-03 2.339748362633788450e-02
7.439522100146657158e-01 2.302418905294619234e-01 4.343015459531491401e-03 2.146288399634108460e-02
7.360380031354245567e-01 2.378717739515713303e-01 4.268947581918579662e-03 2.182127533108568773e-02
7.253819022114061932e-01 2.486869522876984928e-01 4.101556296401592631e-03 2.182958920449352622e-02
7.256928621479324937e-01 2.517000197991157151e-01 3.735048855640693641e-03 1.887206919731116914e-02
7.428995340626255439e-01 2.397286559489567315e-01 3.316292389428633636e-03 1.405551759898911700e-02
7.681640725938722047e-01 2.184940884658562454e-01 3.042187848885935953e-03 1.029965109138576175e-02
7.916832748692983479e-01 1.970281424404311810e-01 2.850408960196034684e-03 8.438173730074860143e-03
8.086967742338521115e-01 1.803569185502363059e-01 2.884285026927748546e-03 8.062022188983865301e-03
8.098220170176559929e-01 1.774848938513524932e-01 3.829468366831857793e-03 8.863620764159484827e-03
7.866924179435601516e-01 1.964226153803733388e-01 6.572889349964359737e-03 1.031207732610213944e-02
7.316169603145936673e-01 2.429200584675899333e-01 1.317064435580468651e-02 1.229233686201187080e-02
6.444345871736920639e-01 3.131549387357034364e-01 2.762627330195460695e-02 1.478420078864976436e-02
5.458098621125112571e-01 3.838885436583405197e-01 5.296382029712346645e-02 1.733777393202456246e-02
4.635927313250277071e-01 4.334359115267076290e-01 8.379548955703808311e-02 1.917586759122677856e-02
4.067249087835261845e-01 4.655872886194054594e-01 1.083225236769596173e-01 1.936527892010906846e-02
3.666505425286522568e-01 4.927439060556476624e-01 1.231246684078647763e-01 1.748088300783538773e-02
3.425811688040971137e-01 5.117897393053750799e-01 1.311068836745770405e-01 1.452220821595092727e-02
3.253372857265502405e-01 5.292044300729589201e-01 1.333765747631416865e-01 1.208170943734907833e-02
3.063629406103902664e-01 5.483035245771672450e-01 1.343949319363589023e-01 1.093860287608333474e-02
2.813536373826059922e-01 5.695159171138751697e-01 1.381965626287649240e-01 1.093388287475396785e-02
