5.640124379130284638e-01 2.365962904967473246e-01 1.768744323533549268e-01 2.251683923686960062e-02
8.799170570773162670e-01 1.129912203593660819e-01 4.741044139140913882e-03 2.350678424176735112e-03
9.074493652062560756e-01 8.777249482544342840e-02 3.005374255180757494e-03 1.772765713119876666e-03
9.314397926152614415e-01 6.524598241670080678e-02 1.967205994292297016e-03 1.347018973745700132e-03
9.507959806662840130e-01 4.680182258830038050e-02 1.337951560833110405e-03 1.064245184582650284e-03
9.646754167991700157e-01 3.349193109028076459e-02 9.597223053303547335e-04 8.729298052189081968e-04
9.761200002287949706e-01 2.250518765270840410e-02 6.758043980051126011e-04 6.990077204915119084e-04
9.838639809293584504e-01 1.512082461057503643e-02 4.909386971861429182e-04 5.242557628803696081e-04
9.887746190882938935e-01 1.049219042097577874e-02 3.696053728049246358e-04 3.635851179252475116e-04
9.915201253278111970e-01 7.922509008493320085e-03 3.066246379543081653e-04 2.507410257411643172e-04
9.925705020983172089e-01 6.937043703739854961e-03 2.999096604040690003e-04 1.925445375389120417e-04
9.920950077974534098e-01 7.368160520129970678e-03 3.586521309913533921e-04 1.781795514250720429e-04
9.898653307797226075e-01 9.423830960982024219e-03 5.131211041197894594e-04 1.977171551755694200e-04
9.851593396609247266e-01 1.376024101367770598e-02 8.330839129343202420e-04 2.473354124632012375e-04
9.764121663459726097e-01 2.176383296033693529e-02 1.489434106968234601e-03 3.345665867222788969e-04
9.604535518271947181e-01 3.619498455808062981e-02 2.861021989492088576e-03 4.904416252323962272e-04
9.358768802420220911e-01 5.800160537600703575e-02 5.371061298860295777e-03 7.504530831105993413e-04
8.974855737107111375e-01 9.173524751243797293e-02 9.619290764627808077e-03 1.159888012222974347e-03
8.486128008739547424e-01 1.341662406012543995e-01 1.553363257139806115e-02 1.687325953392842474e-03
7.951937034777454283e-01 1.801126145753936536e-01 2.245114945990742475e-02 2.242532486953613489e-03
7.424449807896799092e-01 2.254008116539344408e-01 2.942762248694446095e-02 2.726585069441251480e-03
6.905841062122946017e-01 2.702387816879874283e-01 3.604838482389643994e-02 3.128727275821376573e-03
6.352032383768972945e-01 3.191123673738905930e-01 4.215914059917618556e-02 3.525253650035971992e-03
5.737536758948251769e-01 3.758021532937911857e-01 4.653589934290127544e-02 3.908271468482462513e-03
5.076347804894130178e-01 4.413691089543145263e-01 4.689962898976258315e-02 4.096481566509995072e-03
4.382046718836780097e-01 5.152521351848408093e-01 4.255486984917782045e-02 3.988323082303197459e-03
3.734415863386338352e-01 5.879604561631865955e-01 3.500182015371035293e-02 3.596137344469155141e-03
3.132160989942196494e-01 6.564924877724100938e-01 2.717260129091630255e-02 3.118811942453808984e-03
2.636057416775559603e-01 7.134521764968269064e-01 2.032351339049673355e-02 2.618568435120567552e-03
2.245744591425943015e-01 7.585203216676793536e-01 1.476447947605834775e-02 2.140739713667769856e-03
1.928379766701940057e-01 7.950789367822265197e-01 1.038714469239509532e-02 1.695941855184077271e-03
1.642550165131317907e-01 8.273075270266190273e-01 7.137989943637663634e-03 1.299466516611280436e-03
1.375566007142156599e-01 8.565893393331949213e-01 4.893363570078067618e-03 9.606963825115207543e-04
1.145092726769059710e-01 8.812958191071992298e-01 3.504619109313569531e-03 6.902891065812036785e-04
9.687674794883802121e-02 8.997335459644385525e-01 2.885819855108140083e-03 5.038862316153314537e-04
8.786821417439871773e-02 9.091419033687688778e-01 2.608277719313004984e-03 3.816047375192922341e-04
8.666910202498138982e-02 9.103843134982897434e-01 2.628211827220792388e-03 3.183726495079904485e-04
9.670341610110778918e-02 8.999721374454430212e-01 3.017797460276762898e-03 3.066489931722138720e-04
1.241603115897947640e-01 8.715285652005774208e-01 3.966986632941483550e-03 3.441365766864310166e-04
1.694978783720124393e-01 8.240681372942598726e-01 5.972651774971419331e-03 4.613325587564102884e-04
2.308415590736522804e-01 7.593514943911430226e-01 9.155852416871484295e-03 6.510941183333914363e-04
3.032339795669067306e-01 6.825693123055451839e-01 1.332171108512020426e-02 8.749970424276555438e-04
3.839061769151846937e-01 5.968454003662336804e-01 1.814748548168400311e-02 1.100937236897443902e-03
4.702374209968819829e-01 5.051560009994249256e-01 2.328238862582312704e-02 1.324189377869978285e-03
5.562621329653167912e-01 4.134590542580564576e-01 2.870545954835627966e-02 1.573353228270423388e-03
6.383973073255110320e-01 3.259948988543691084e-01 3.384945919213446647e-02 1.758334627985508065e-03
7.063391590049986624e-01 2.529419673206259045e-01 3.880779708589054966e-02 1.911076588484745143e-03
7.584562346094125829e-01 1.966895000604612087e-01 4.282589650033027939e-02 2.028368829795824512e-03
7.980315191632221250e-01 1.558500638366744906e-01 4.402132150306936609e-02 2.097095497034043039e-03
8.295285829135150557e-01 1.269183858864376957e-01 4.144746540389549622e-02 2.105565796151741536e-03
8.554554975053908494e-01 1.058260417535555192e-01 3.665791899138680365e-02 2.060541749666840259e-03
8.767133359953963589e-01 8.961812555879240805e-02 3.169892469951893221e-02 1.969613746292442173e-03
8.919997125001916105e-01 7.808615188239502458e-02 2.804680419857362092e-02 1.867331418839784539e-03
9.067154689103678056e-01 6.780400986726869972e-02 2.378393197917207796e-02 1.696589243191536003e-03
9.186229140423151085e-01 6.026210050505620419e-02 1.961786911711211126e-02 1.497116335516729792e-03
9.282652238559824243e-01 5.459477016928155485e-02 1.584382893640751480e-02 1.296177038328510641e-03
9.361860098436477484e-01 4.990037847341843164e-02 1.278846942692366158e-02 1.125142256010048213e-03
9.424754704956063156e-01 4.586397854572153016e-02 1.065490671587160723e-02 1.005644242800496054e-03
9.464350806572918717e-01 4.305184285932936450e-02 9.560626875231317129e-03 9.524496081473228255e-04
9.477230861201376699e-01 4.190515318010325230e-02 9.409306729137284497e-03 9.624539706217740851e-04
9.465293615376412228e-01 4.242625424823872476e-02 1.002254950762702587e-02 1.021834706492940432e-03
9.426344856965881425e-01 4.492517976595662710e-02 1.131412778844484435e-02 1.126206749010471957e-03
9.346687286356027968e-01 5.039400444508080473e-02 1.362560865196823026e-02 1.311658267348211546e-03
9.206775094516296276e-01 5.961577014173573968e-02 1.804908777682144583e-02 1.657632629813331942e-03
9.002257129811991332e-01 7.154359706721551138e-02 2.601046401268668207e-02 2.220225938898608749e-03
8.760596836218860206e-01 8.294933413336186279e-02 3.803109091838981215e-02 2.959891326362385552e-03
8.450535523379034686e-01 9.346215873643860805e-02 5.764141705577850716e-02 3.842871869879430514e-03
8.090657481842618015e-01 1.002156161089828995e-01 8.600382434623238259e-02 4.714811360523003120e-03
7.712458477963403114e-01 1.003163402541991794e-01 1.230747434009528268e-01 5.363068548507689270e-03
7.294950106742450480e-01 9.698406494008186829e-02 1.678713504688440772e-01 5.649573916828655278e-03
6.829961272057566424e-01 9.118250428702895372e-02 2.202792034159002099e-01 5.542165091313880874e-03
6.264529760125677749e-01 8.184205436713894166e-02 2.865111812009092929e-01 5.193788419383942902e-03
9.332752733348052832e-02 2.164888576314825605e-02 6.192394619257616042e-03 8.788311922841135493e-01
1.990204167188963300e-02 2.996094307996127748e-01 5.656663092625163758e-01 1.148222182659812407e-01
1.972531507353043889e-02 3.698378038566585979e-01 5.068105286029979117e-01 1.036263524668131208e-01
2.048900578060075181e-02 4.352637987509303530e-01 4.504469659698407402e-01 9.380022949862791559e-02
2.312436044254484457e-02 4.822432470593568943e-01 4.092252046297864543e-01 8.540718786831190401e-02
2.706957670360197327e-02 5.166122602258077512e-01 3.769589100344913901e-01 7.935925303609887849e-02
3.102057543859645938e-02 5.404561317958596067e-01 3.553536558174844595e-01 7.316963694805936336e-02
3.415181975481478005e-02 5.528336323964334609e-01 3.508302952570635513e-01 6.218425259168806202e-02
3.674979401139460283e-02 5.501082169501967378e-01 3.664042680654524542e-01 4.673772097295631617e-02
3.964172295917109401e-02 5.274718547444028349e-01 4.008106577517802083e-01 3.207576454464569626e-02
4.382411167470275093e-02 4.851454888924934261e-01 4.493770754183947780e-01 2.165332401440897558e-02
5.070729131414045132e-02 4.289156023471457080e-01 5.049666879862487745e-01 1.541041835246530212e-02
6.241836562699978191e-02 3.635109860084340672e-01 5.620070070967926323e-01 1.206364126777327919e-02
8.144289445285460283e-02 2.953693161948653390e-01 6.128466783845958332e-01 1.034111096768410704e-02
1.105332317867535608e-01 2.358025006952982061e-01 6.444905175231718797e-01 9.173749994776120992e-03
1.540350418593320891e-01 1.945497478416003401e-01 6.433396980614344285e-01 8.075512237633105869e-03
2.174194424257676894e-01 1.735631587804819798e-01 6.018455150315769053e-01 7.171883762173143599e-03
2.995077636744897243e-01 1.686579384564719231e-01 5.252716695923279611e-01 6.562628276710748103e-03
3.903137152070088045e-01 1.721900394835344794e-01 4.311563746982742251e-01 6.339870611182688714e-03
4.716985602287311341e-01 1.791551615640413209e-01 3.423613844223976077e-01 6.784893784829653697e-03
5.202955794994522654e-01 1.906533208235701438e-01 2.807962549352243653e-01 8.254844741753107618e-03
5.340254529720481758e-01 2.080471801702460377e-01 2.470410180803032096e-01 1.088634877740280761e-02
5.299079322305688677e-01 2.297495603858327740e-01 2.262951349459675909e-01 1.404737243763065808e-02
5.252226245871957078e-01 2.530153240488176580e-01 2.054147300090978234e-01 1.634732135488881771e-02
5.289210634594180283e-01 2.759579953518948026e-01 1.785322096425993876e-01 1.658873154608767400e-02
5.506855904251986011e-01 2.885954183003337503e-01 1.460007166791350286e-01 1.471827459533271883e-02
5.879308538525693795e-01 2.862137937411309285e-01 1.138973214248931304e-01 1.195803098140639856e-02
6.347678407333489092e-01 2.676887866569339081e-01 8.806261915076761537e-02 9.480753458949357435e-03
6.828889608671907530e-01 2.387377909702128043e-01 7.078493939855652617e-02 7.588308764039827271e-03
7.300280382177430916e-01 2.032904339314245412e-01 6.058617576134127380e-02 6.095352089490967649e-03
7.775942794159963478e-01 1.633910156666443791e-01 5.423565558610097398e-02 4.779049331258455185e-03
8.237229785826656325e-01 1.234685622065726102e-01 4.924969721637504488e-02 3.558761994387070644e-03
8.628069162704573580e-01 8.995734013548933872e-02 4.476191253453277313e-02 2.473831059520707493e-03
8.888911182904414288e-01 6.730120545052399594e-02 4.219938954656549807e-02 1.608286712468817888e-03
9.026726969396802192e-01 5.410999827050073929e-02 4.223279431857972221e-02 9.845104712391152934e-04
9.132964152361242594e-01 4.587811134363031090e-02 4.027460306188071493e-02 5.508703583647965672e-04
9.251306243338884849e-01 4.097142288755870054e-02 3.361442426562225028e-02 2.835285129306020857e-04
9.337899315619719864e-01 4.028941662694150716e-02 2.577115343037299569e-02 1.494983807135812364e-04
9.320412676771140381e-01 4.616449639868248911e-02 2.169041840145143410e-02 1.038175227519445002e-04
9.070002132695661468e-01 7.011145464597802468e-02 2.278830448774801093e-02 1.000275967077752690e-04
8.434287537012633562e-01 1.242997511715552700e-01 3.211830615399219324e-02 1.531889731891353820e-04
7.181842654700125728e-01 2.274260919369609779e-01 5.408892425500495815e-02 3.007183380213493580e-04
5.381587452942383498e-01 3.697026497020738378e-01 9.152383920318392374e-02 6.147658005039855541e-04
3.610976214854092481e-01 5.063153587218357510e-01 1.316507938793589905e-01 9.362259133959519204e-04
2.378429793324366159e-01 6.020215050117816435e-01 1.589841557469744981e-01 1.151359908807020327e-03
1.638200326045147204e-01 6.565103361933571913e-01 1.783627677430236758e-01 1.306863459104510173e-03
1.205993478854686246e-01 6.756007229262867009e-01 2.022354644564526849e-01 1.564464731792153352e-03
9.351336076210282899e-02 6.641037295817682207e-01 2.403873044957949845e-01 1.995605160334031764e-03
7.450862241472872016e-02 6.229492636146034545e-01 2.999258879666509836e-01 2.616226004016707248e-03
5.973636087611440548e-02 5.600910842101990417e-01 3.767673633966062141e-01 3.405191517079994394e-03
4.829734826790783864e-02 4.947336653153825425e-01 4.526460411072982803e-01 4.322945309411426081e-03
4.095985975975422605e-02 4.455263455019923824e-01 5.080417951084147399e-01 5.471999629838382798e-03
3.826486281390890226e-02 4.186845276917947056e-01 5.358448227435156364e-01 7.205786750780675959e-03
4.057308084156700106e-02 4.104991838152267647e-01 5.389780761772652307e-01 9.949659165941491037e-03
4.830641736572086065e-02 4.129566430132623478e-01 5.249103758999273950e-01 1.382656372108959607e-02
6.236844731462550667e-02 4.182294608161319371e-01 5.007547714766569236e-01 1.864732039258569854e-02
8.415762576555346763e-02 4.224318878933350230e-01 4.686317987047798894e-01 2.477868763633164426e-02
1.123835444917667403e-01 4.268784470808806852e-01 4.271080063907880531e-01 3.363000203656492382e-02
1.458611525599632364e-01 4.290573528262567327e-01 3.778147055830000656e-01 4.726678903078002092e-02
1.817837732348234203e-01 4.248976779910276780e-01 3.263790713708406011e-01 6.693947740330827290e-02
2.150031247258781253e-01 4.192065811738213132e-01 2.742686020228229382e-01 9.152169207747766488e-02
2.425325269718095200e-01 4.161262687788854775e-01 2.221094651198302627e-01 1.192317391294750173e-01
2.556148807238790566e-01 4.209105574393245952e-01 1.725480515702244588e-01 1.509265102665718339e-01
2.464631079994708818e-01 4.350201890277034522e-01 1.269962426989739712e-01 1.915204602738517226e-01
2.158584903228548124e-01 4.489067415991700449e-01 8.702258081777204668e-02 2.482121872602032764e-01
1.738196330424126301e-01 4.434258350097566859e-01 5.633611522526589532e-02 3.264184167225644972e-01
1.330036046947508932e-01 4.097045612875328535e-01 3.693358843525914453e-02 4.203582455824571573e-01
1.012016357280089845e-01 3.623088862875075700e-01 2.628874958957996832e-02 5.102007283949036021e-01
7.991052321110880818e-02 3.222847796364421424e-01 2.111220100924629528e-02 5.766924961432028374e-01
6.819903137404066673e-02 3.022137232934924977e-01 2.004183845506040534e-02 6.095454068774064371e-01
6.393745262044965572e-02 3.035850881851857030e-01 2.304101869743675410e-02 6.094364404969280224e-01
6.360785053747505802e-02 3.191883632846130303e-01 2.965032291622580335e-02 5.875534632616856712e-01
7.704327008037642477e-01 8.369569020663980563e-02 1.448379296639875635e-01 1.033679325608137913e-03
7.639721143780735246e-02 1.013580560014035042e-01 6.812358865453803647e-01 1.410088460154087786e-01
7.266173781374120344e-02 1.061489043648730229e-01 6.733051406764184454e-01 1.478842171449670229e-01
6.889136486198867149e-02 1.147957451746451085e-01 6.627474019524234317e-01 1.535654880109428855e-01
6.581503745179319298e-02 1.292627765402120377e-01 6.456239088827079309e-01 1.592982771252868524e-01
6.376999024666057947e-02 1.506970449546562174e-01 6.188659037881538705e-01 1.666670610105290551e-01
6.196010459992389724e-02 1.771928572194668150e-01 5.864895031365534583e-01 1.743575350440559335e-01
5.877989349336458502e-02 2.051958698244811252e-01 5.583003948498415081e-01 1.777238418323128233e-01
5.328073693363391539e-02 2.336512821186920164e-01 5.427729185570751014e-01 1.702950623905987726e-01
4.598307811102790577e-02 2.632080834607727904e-01 5.438776646305184537e-01 1.469311737976806143e-01
3.842917304448172089e-02 2.910472082994997600e-01 5.595210973160672507e-01 1.110025213399512545e-01
3.250812470782327157e-02 3.114111975024850265e-01 5.796248760140387812e-01 7.645580177565286517e-02
2.961243951662275234e-02 3.248247951731282890e-01 5.917170323317914038e-01 5.384573297845762774e-02
3.062260822441777164e-02 3.326244758157447801e-01 5.936198216730430577e-01 4.313309428679437674e-02
3.638536217706278553e-02 3.295257556382771846e-01 5.937639846045735803e-01 4.032489758008623443e-02
4.734649538256922863e-02 3.119019706142758253e-01 5.987002213241016113e-01 4.205131267905303644e-02
6.327518256144432085e-02 2.818737132736087725e-01 6.082655241953246472e-01 4.658557996962236353e-02
8.112910598492663328e-02 2.475738997556808652e-01 6.190325670621859011e-01 5.226442719720646862e-02
9.740858001504640318e-02 2.166103862822595649e-01 6.306675394904248666e-01 5.531349421226925550e-02
1.065313176343407331e-01 1.906425600919772201e-01 6.522037923141799087e-01 5.062232995950234626e-02
1.048348487051604661e-01 1.679796090674678666e-01 6.892035810449049782e-01 3.798196118246635611e-02
9.308179299226948533e-02 1.468501948166086868e-01 7.365021738272475860e-01 2.356583836387450906e-02
7.741444117698718930e-02 1.273583352186752893e-01 7.821595603106149541e-01 1.306766329372283618e-02
6.224572636639918305e-02 1.138814041902596191e-01 8.165712338975353868e-01 7.301635545806035681e-03
5.214200823799465534e-02 1.097592226504507662e-01 8.334407756906475617e-01 4.657993420907113880e-03
4.766536035431218760e-02 1.184268125512268899e-01 8.302933129703035098e-01 3.614514124157064499e-03
4.888685284251377550e-02 1.417825903887405536e-01 8.059391359154378653e-01 3.391420853307615998e-03
5.696209761879220124e-02 1.771151865820079774e-01 7.622959572710650278e-01 3.626758528134341273e-03
7.315172183025750452e-02 2.163143480134116781e-01 7.066329387807733786e-01 3.900991375557336886e-03
9.703241463877185224e-02 2.501712779242840079e-01 6.489237950387647391e-01 3.872512398179424158e-03
1.285884233209643457e-01 2.672691246814925536e-01 6.004113631392210548e-01 3.731088858321864998e-03
1.622719432259721040e-01 2.645068379943400494e-01 5.694685026200347888e-01 3.752716159653051321e-03
1.922639676944152276e-01 2.506494786152084764e-01 5.531276918160903389e-01 3.958861874286100264e-03
2.190763552803254299e-01 2.342889331214511317e-01 5.423561917328939552e-01 4.278519865329456252e-03
2.456556771942693673e-01 2.216468819235210552e-01 5.279675969297770166e-01 4.729843952432594666e-03
2.818567629938135699e-01 2.113965395481048337e-01 5.014123268680557022e-01 5.334370590025521233e-03
3.254603468125478738e-01 2.048844603137108256e-01 4.637749739201480481e-01 5.880218953593435542e-03
3.605155662722746013e-01 2.058872194716840909e-01 4.274727058903482479e-01 6.124508365693040815e-03
3.704396953656098335e-01 2.178977292698640877e-01 4.056252244983631905e-01 6.037350866162962890e-03
3.508412159951017628e-01 2.409331688076326028e-01 4.025955247759593347e-01 5.630090421306472269e-03
3.108937325461662571e-01 2.692017716799963711e-01 4.150437299406953828e-01 4.860765833142115591e-03
2.679832515424526163e-01 2.908445323429011964e-01 4.372867340255310875e-01 3.885482089115340973e-03
2.364439626151896567e-01 2.943500496739320793e-01 4.661263250787019974e-01 3.079662632176626957e-03
2.258662120500224135e-01 2.722665162688169271e-01 4.992199103757032352e-01 2.647361305457511266e-03
2.348333376178772247e-01 2.325173660333909598e-01 5.301290253005339626e-01 2.520271048197960956e-03
2.562604965292853976e-01 1.905095714159641129e-01 5.507119773604324253e-01 2.517954694318262372e-03
2.877398974949200161e-01 1.526971686633199210e-01 5.570919709937713904e-01 2.470962847988595733e-03
3.230405575656942196e-01 1.208113122132657979e-01 5.537713915836181000e-01 2.376738637421841639e-03
3.543584857116434117e-01 9.835911378792129567e-02 5.451758660999000972e-01 2.106534400535149502e-03
3.712017764318567004e-01 8.219010244051307146e-02 5.446723840698428631e-01 1.935737057787008343e-03
3.708495558493788424e-01 7.138379686007212399e-02 5.559748928625125597e-01 1.791754428036397128e-03
3.641139629755079099e-01 6.321730237203046499e-02 5.710456092795525018e-01 1.623125372908946996e-03
3.626871457498471174e-01 5.593948986987717920e-02 5.798978851179042993e-01 1.475479262371154126e-03
3.698019603881179673e-01 4.897149347037790812e-02 5.798535040974122090e-01 1.373042044091979082e-03
3.823975603410737500e-01 4.274437316256508163e-02 5.735657698512928171e-01 1.292296645068312638e-03
3.941618579161341729e-01 3.817247588264360836e-02 5.664263769037544138e-01 1.239289297467621905e-03
3.972009593356746748e-01 3.576460821362679315e-02 5.657964403352334637e-01 1.237992115465158310e-03
3.851564559466845172e-01 3.510716908840470080e-02 5.784559701853296820e-01 1.280404779580792676e-03
3.583369674048419440e-01 3.544711593457761101e-02 6.048887388388844988e-01 1.327177821695744346e-03
3.212065221859987663e-01 3.656904580448928216e-02 6.408671492048108043e-01 1.357282804700987505e-03
2.787597541444551408e-01 3.881155160097617823e-02 6.810328892297694559e-01 1.395805024799533049e-03
2.363050513631552441e-01 4.226663742088353909e-02 7.199551399330850199e-01 1.473171282876359605e-03
1.977568481651706123e-01 4.628347624516468417e-02 7.543881241913155122e-01 1.571551398348906619e-03
1.634459766735577302e-01 5.000114772745440500e-02 7.848900765403048485e-01 1.662799058683098056e-03
1.324439916576873322e-01 5.254409285495827142e-02 8.132663083220722511e-01 1.745607165282157250e-03
1.051396239287900602e-01 5.430330552001751826e-02 8.387648815040489314e-01 1.792189047143574222e-03
8.053904504779391127e-02 5.329545942976446349e-02 8.643376305315413344e-01 1.827864990900318187e-03
6.017784132331498864e-02 4.949374062982973138e-02 8.885260525277594024e-01 1.802365519095910137e-03
4.567331348028703941e-02 4.455310100157350989e-02 9.080241015924717107e-01 1.749483925668056340e-03
3.689885578773090258e-02 4.045472169853885774e-02 9.209142275194036609e-01 1.732194994326684409e-03
3.228079286816760290e-02 3.781595246070540428e-02 9.281349257100172112e-01 1.768328961109721324e-03
3.030366714841356904e-02 3.643392225994621092e-02 9.314117673722198676e-01 1.850643219420063188e-03
8.542585302977511175e-01 1.406458081724040465e-01 2.458332922852178061e-03 2.637328606992691334e-03
9.159804385521974623e-01 5.274373387732333301e-02 2.829948238158303681e-02 2.976345188896394652e-03
9.519123723733856623e-01 3.492138544780031689e-02 1.143290499763771791e-02 1.733337181176124609e-03
9.660989645458311070e-01 2.735375259688450564e-02 5.444637240398730003e-03 1.102645616885601166e-03
9.713603158716845876e-01 2.475801971543645577e-02 3.119965507047553401e-03 7.616989058315276227e-04
9.719331214504373095e-01 2.543509626733658768e-02 2.083242107484999540e-03 5.485401747409860340e-04
9.691341546875766877e-01 2.884468074549390373e-02 1.613360682779895654e-03 4.078038841495582934e-04
9.630996441546126885e-01 3.511022880096299065e-02 1.466282219525124816e-03 3.238448248993091227e-04
9.556920656904936973e-01 4.254681434413493807e-02 1.483378058713461000e-03 2.777419066577378965e-04
9.454394172983194844e-01 5.261499714400763583e-02 1.688276906093483069e-03 2.573086515794035883e-04
9.353168972121368441e-01 6.245173192109593902e-02 1.980555545778042714e-03 2.508153209892316038e-04
9.271976409239680583e-01 7.021114435254663388e-02 2.333038139535842468e-03 2.581765839493894293e-04
9.214575744099207100e-01 7.544934322009828886e-02 2.808868623317383340e-03 2.842137466636885713e-04
9.168241258821973050e-01 7.930876361296199106e-02 3.528914217761999587e-03 3.381962870789442474e-04
9.124916569891119433e-01 8.264087502354464099e-02 4.444779550724971100e-03 4.226884366181250666e-04
9.078568098293897659e-01 8.614289200165621552e-02 5.460019577019358493e-03 5.402785919346360117e-04
9.036322991153191708e-01 8.923151130648264429e-02 6.457562605796497192e-03 6.786269724014299841e-04
9.019375313857485033e-01 9.011170539541533964e-02 7.159127404189169486e-03 7.916358146473103903e-04
9.037585094399823715e-01 8.801122136519695660e-02 7.386023844566358930e-03 8.442453502541414235e-04
9.081433539281389411e-01 8.381194817757334214e-02 7.196591616790763875e-03 8.481062774967095853e-04
9.132574469605385659e-01 7.917126981742643455e-02 6.722060919024475632e-03 8.492223030106208891e-04
9.181426861181047894e-01 7.495276789027711939e-02 6.021059588490057513e-03 8.834864031279616265e-04
9.234816296782303313e-01 7.037283282033070242e-02 5.210663723345033971e-03 9.348737780936756643e-04
9.303899030359582545e-01 6.417058933940424093e-02 4.489281263186741845e-03 9.502263614503542177e-04
9.380161992861534292e-01 5.690494721828398550e-02 4.142457695722336075e-03 9.363957998399891850e-04
9.440481524718054018e-01 5.066162457163288918e-02 4.330665244960471214e-03 9.595577116016027180e-04
9.456284826317291614e-01 4.809762016926438094e-02 5.169366286923593283e-03 1.104530912082874773e-03
9.407758678023105947e-01 5.081173339085411772e-02 6.933801845687388027e-03 1.478596961147976736e-03
9.299379712745664550e-01 5.790034509888582204e-02 9.982092371951651472e-03 2.179591254596166885e-03
9.135958211922298178e-01 6.788911368040946581e-02 1.519458929787011192e-02 3.320475829490451402e-03
8.875645338659460259e-01 8.220993034214292561e-02 2.498101032154294299e-02 5.244525470368012650e-03
8.407626735236051196e-01 1.063846495688337557e-01 4.391540278871496061e-02 8.937274118846413873e-03
7.608682519441765102e-01 1.468580500836872416e-01 7.608142483643036413e-02 1.619227313570614085e-02
6.456277220603755529e-01 2.074703252579026547e-01 1.180384805517731839e-01 2.886347212994870223e-02
5.100098434760838018e-01 2.859381821539424551e-01 1.574406560020764623e-01 4.661131836789730865e-02
3.840366969778500339e-01 3.687810897757743955e-01 1.828965621001701347e-01 6.428565114620550525e-02
2.873475836661174565e-01 4.429217679661215379e-01 1.944830198860034720e-01 7.524762848175742258e-02
2.209982488215690710e-01 5.040173092483560824e-01 1.972430657843511348e-01 7.774137614572378119e-02
1.747311616270215973e-01 5.545920148719760689e-01 1.951745871375830943e-01 7.550223636341946154e-02
1.407661521182097808e-01 5.981990230988639690e-01 1.874151417570339706e-01 7.361968302589211310e-02
1.147650790966420059e-01 6.346851923893308545e-01 1.753445825499273525e-01 7.520514596409991204e-02
9.591831204149227352e-02 6.587508066739070633e-01 1.642343967087503409e-01 8.109648457585051651e-02
8.429407794002359566e-02 6.682721151981573238e-01 1.572989901762500142e-01 9.013481668556888593e-02
7.896407452156957441e-02 6.637088171890600519e-01 1.574515824198294833e-01 9.987552586954066836e-02
7.767540145781955119e-02 6.467326614922014327e-01 1.679105688689135623e-01 1.076813681810653706e-01
7.647859627769415525e-02 6.222703222893862796e-01 1.890611314790136277e-01 1.121899499539063816e-01
7.183413099485311260e-02 5.956929060876943183e-01 2.184554669927753767e-01 1.140174959246775671e-01
6.425686184648568555e-02 5.691748495892484661e-01 2.527917682965843404e-01 1.137765202676814108e-01
5.602373684782514796e-02 5.491705739981469492e-01 2.850948610199965927e-01 1.097108281340314490e-01
4.818600363076104565e-02 5.464085145174933933e-01 3.050201515706262856e-01 1.003853302811192061e-01
4.120669745824612901e-02 5.669177643530944888e-01 3.051166779873633050e-01 8.675886020129613962e-02
3.549358880242770020e-02 6.088066031668853961e-01 2.847001276309787943e-01 7.099968039970797062e-02
3.108547535553404795e-02 6.654037574573040681e-01 2.481289940459456833e-01 5.538177314121615902e-02
2.771620667588188536e-02 7.285680864552127600e-01 2.022126853718524409e-01 4.150302149705282356e-02
2.517325832441317385e-02 7.893814185350932489e-01 1.551971859150008681e-01 3.024813722549294162e-02
2.330466246460244015e-02 8.412207665659011679e-01 1.139431861565454729e-01 2.153138481295079759e-02
2.154847104520276821e-02 8.826227380660890409e-01 8.103048796818257404e-02 1.479830292052551968e-02
1.987031656623193532e-02 9.142540154275539122e-01 5.616886852838359756e-02 9.706799477830440476e-03
1.706946353966655797e-02 9.393129393719363840e-01 3.753331324567158594e-02 6.084283842725502454e-03
1.418202235648055760e-02 9.574031995095650949e-01 2.454859920288162203e-02 3.866178931072497809e-03
1.245795483471892097e-02 9.685460139769904719e-01 1.632458398998543059e-02 2.671447198304832595e-03
1.246405099523382326e-02 9.739346330535313401e-01 1.154348358137903888e-02 2.057832369855728399e-03
1.433436467997515999e-02 9.751130009948389965e-01 8.838987286925949552e-03 1.713647038259922791e-03
1.860958595188512768e-02 9.727551565784104959e-01 7.160101449519366487e-03 1.475156020185005180e-03
2.736352943656612802e-02 9.654207166459293221e-01 5.930713976343652410e-03 1.285039941161258492e-03
4.604858454227404169e-02 9.477400178548380794e-01 5.051207513310111696e-03 1.160190089577673367e-03
8.461312907561691077e-02 9.096826224474935385e-01 4.577849551657560065e-03 1.126398925232111655e-03
1.538553996835222148e-01 8.408379272206595312e-01 4.157236309534506451e-03 1.149436786283772457e-03
2.446468402686927390e-01 7.501974138473564979e-01 3.946633591392751349e-03 1.209112292557784889e-03
3.346245446141957736e-01 6.603321110484982048e-01 3.764089337996902145e-03 1.279254999308883974e-03
4.057163361965109294e-01 5.894112638803032933e-01 3.502737670161121166e-03 1.369662253024488954e-03
4.502620271770292337e-01 5.449727269564567100e-01 3.209570341385193683e-03 1.555675525128874049e-03
9.166383690840688991e-02 1.678845959203162930e-01 3.407110317189823712e-02 7.063804639993783718e-01
1.023234849991797590e-01 1.689353737729882565e-01 4.667718203087265622e-02 6.820639591969590576e-01
1.091405208984633640e-01 1.604164593722284538e-01 5.911892105814886555e-02 6.713240986711594971e-01
1.123476133917468700e-01 1.474246156223133486e-01 6.941533456022584703e-02 6.708124364257136429e-01
1.131976381937308818e-01 1.336865518463378755e-01 7.623179037767811861e-02 6.768840195822531935e-01
1.132734055781838972e-01 1.212032615652689910e-01 7.985945181105040536e-02 6.856638810454966926e-01
1.135949057022861697e-01 1.109123332767862763e-01 8.180991670905050916e-02 6.936828443118771004e-01
1.144043097846045159e-01 1.029196938982918363e-01 8.374702445062182088e-02 6.989289718664820628e-01
1.145428393209371454e-01 9.586132972735374180e-02 8.583419726187484222e-02 7.037616336898342428e-01
1.111765489994725742e-01 8.692988852652781817e-02 8.623953254906216448e-02 7.156540299249376513e-01
1.025204439189242311e-01 7.480966704600561235e-02 8.454198036072504974e-02 7.381279086743447460e-01
9.047020012537357325e-02 6.191540000934030175e-02 8.387719570302669403e-02 7.637372041622594310e-01
7.743937971667462505e-02 5.047378435065381225e-02 8.615435680102086213e-02 7.859324791316507630e-01
6.404234530573983675e-02 4.046974798122455336e-02 9.039322152416712219e-02 8.050946851888687306e-01
5.123632614496593379e-02 3.190909834371890436e-02 9.609749914794205039e-02 8.207570763633730282e-01
4.083381066167885570e-02 2.541135519689619385e-02 1.046427798600546438e-01 8.291120542813704697e-01
3.354937790718032914e-02 2.105837153740170234e-02 1.170236382724111762e-01 8.283686122830070664e-01
2.888887633242309683e-02 1.846722316916391687e-02 1.336719973371491843e-01 8.189719031612640032e-01
2.607800477621059418e-02 1.727785911230031793e-02 1.559161833322645629e-01 8.007279527792245943e-01
2.428947740233305258e-02 1.743792111881485238e-02 1.842042848988984516e-01 7.740683165799535637e-01
2.303875234195426613e-02 1.778335504985428805e-02 2.223569705843463640e-01 7.368209220238453039e-01
2.140492499004695640e-02 1.874664102281110856e-02 2.659077383216800761e-01 6.939406956654619041e-01
1.919549927592938132e-02 1.990103063282840784e-02 3.188462930655328598e-01 6.420571770257090805e-01
2.284101422028293749e-01 2.286854734879883999e-01 1.829794691105686988e-01 3.599249151986134154e-01
2.797425268604874504e-01 2.342176002652280875e-01 1.600764192630116656e-01 3.259634536112729353e-01
3.280009038767272012e-01 2.414848127729853910e-01 1.426221700094392475e-01 2.878921133408477995e-01
3.686003487240550602e-01 2.536090922425883742e-01 1.296091906345211153e-01 2.481813683988353669e-01
3.986804101831799563e-01 2.793361574429736871e-01 1.168006480725892332e-01 2.051827843012571928e-01
4.158627095762816861e-01 3.225732260724116784e-01 1.020198955126385837e-01 1.595441688386679546e-01
4.007261432206126739e-01 3.883198692146991871e-01 8.875499645939601001e-02 1.221989911052923650e-01
3.443911094879512635e-01 4.752557006963222253e-01 8.050135722216150702e-02 9.985183259356512908e-02
2.714025526769013874e-01 5.625225891244273191e-01 7.819704065692334449e-02 8.787781754174807392e-02
2.120879306066564274e-01 6.289738100301529578e-01 7.823523933913931194e-02 8.070302002405144171e-02
1.729527794215239833e-01 6.766544903173505876e-01 7.528561536430844470e-02 7.510711489681697051e-02
1.484514672806887259e-01 7.149879570072474877e-01 6.706244047433358724e-02 6.949813523773054613e-02
1.350437906466657179e-01 7.449217159367180763e-01 5.627719032740612776e-02 6.375730308921001566e-02
1.328613844797077448e-01 7.614461015512300479e-01 4.689070806713413475e-02 5.880180590192832929e-02
1.428112833354188982e-01 7.610753479384659848e-01 4.063057309949876655e-02 5.548279562661635050e-02
1.633653119100287598e-01 7.462412594818110811e-01 3.670581282061106260e-02 5.368761578754915886e-02
1.906143942301738170e-01 7.225311011054871280e-01 3.390487296258658245e-02 5.294963170175220196e-02
2.194973029964651101e-01 6.954606800813308842e-01 3.200195537739060347e-02 5.304006154481357566e-02
2.457130401921688023e-01 6.684087523709666412e-01 3.155737263617603566e-02 5.432083480068848613e-02
2.686641083755406667e-01 6.399614986248419735e-01 3.357339207685394039e-02 5.780100092276321821e-02
2.885575397634538297e-01 6.106699700726763158e-01 3.758746093853791714e-02 6.318502922533171529e-02
3.065626644015586599e-01 5.832305766174543660e-01 4.182958153454002098e-02 6.837717744644712659e-02
3.250183293783225347e-01 5.577440305065435311e-01 4.537398184280281438e-02 7.186365827233091863e-02
3.441647402756355945e-01 5.363823117689762165e-01 4.655164576828980244e-02 7.290130218709826859e-02
3.643306602845390874e-01 5.193948779484844902e-01 4.476044739173896253e-02 7.151401437523764726e-02
3.863116968401770213e-01 5.044316472072513102e-01 4.103594721772366172e-02 6.822070873484832598e-02
4.107263792485917331e-01 4.889694108631003622e-01 3.672026119579851339e-02 6.358394869250942605e-02
4.375912929825667153e-01 4.716653887562451963e-01 3.267542962034695325e-02 5.806788864084145435e-02
4.659772601913738654e-01 4.528331210471212009e-01 2.902556725265826448e-02 5.216405150884640546e-02
4.947881103156696048e-01 4.344029682250608593e-01 2.469090449171592802e-02 4.611801696755363222e-02
5.223743510214549080e-01 4.167052097689296075e-01 2.065847519399877444e-02 4.026196401561684540e-02
5.467240145854913580e-01 4.012569907786253109e-01 1.695042091454277214e-02 3.506857372134055545e-02
5.639848448815503179e-01 3.912496004068261035e-01 1.405122765347915914e-02 3.071432705814442637e-02
5.708270219668081236e-01 3.906089378596455663e-01 1.182050346891793703e-02 2.674353670462849969e-02
5.669356222863577432e-01 4.008415052373514587e-01 9.789069412788564684e-03 2.243380306350252831e-02
5.542079329917228847e-01 4.200711316751956081e-01 7.894025861106362257e-03 1.782690947197506856e-02
5.388048458788367023e-01 4.417762606395568281e-01 5.777988778493773313e-03 1.364090470311266935e-02
5.212335263195633228e-01 4.634149862798288555e-01 4.749748318990731216e-03 1.060173908161715119e-02
5.090579005106222743e-01 4.780949424200576225e-01 4.279421216983291844e-03 8.567735852336407984e-03
5.059725084662169969e-01 4.825557049833580359e-01 4.193640656347107087e-03 7.278145894077762100e-03
5.116778203966337868e-01 4.773512418266728785e-01 4.381640654793933498e-03 6.589297121899303188e-03
5.219762786005148758e-01 4.665888287100229959e-01 4.880113060191311296e-03 6.554779629270628821e-03
5.310432532366522462e-01 4.557767081001424248e-01 5.827020112739820547e-03 7.353018550465517146e-03
5.323895952471214832e-01 4.511524638441249402e-01 7.268096140968616919e-03 9.189844767784919807e-03
5.218635282260544184e-01 4.565833776897478824e-01 9.188829544251361781e-03 1.236426453994619000e-02
4.978596770952151140e-01 4.729952237935252657e-01 1.196386066640883934e-02 1.718123844485078960e-02
4.704100435643086553e-01 4.926718495544621934e-01 1.373165653800330344e-02 2.318645034322582704e-02
4.281037863463516557e-01 5.264190590074555587e-01 1.547028668689402059e-02 3.000686795929888989e-02
3.689683556929455044e-01 5.767247722214529082e-01 1.645198012673767043e-02 3.785489195886362901e-02
2.958940932291275749e-01 6.383143774933512926e-01 1.713762213854086794e-02 4.865390713898011532e-02
2.211500013546209564e-01 6.945109834188076814e-01 1.804323023065272993e-02 6.629578499591891327e-02
1.575397620409715871e-01 7.261869289662691296e-01 1.911455698180741097e-02 9.715875201095182379e-02
1.117502321138224425e-01 7.196059273456698602e-01 1.970231317516167244e-02 1.489415273653461880e-01
8.136736053135579239e-02 6.774324031396234957e-01 1.941982468739081313e-02 2.217804116416297322e-01
6.191974213636199098e-02 6.162422015087771765e-01 1.890056937779269891e-02 3.029374869770680712e-01
5.160220810680408304e-02 5.530908565628053219e-01 1.917304745096554131e-02 3.761338878794247553e-01
4.897228295745880561e-02 5.089286969885364886e-01 2.063294358147919894e-02 4.214660764725256525e-01
5.258472991662250379e-02 5.052293704033821165e-01 2.281761476041867590e-02 4.193682849195764506e-01
6.070475225645829281e-02 5.539248610503682002e-01 2.445100731379640929e-02 3.609193793793772365e-01
7.095584308427262121e-02 6.519437833355596901e-01 2.411689059921620984e-02 2.529834829809514685e-01
8.055494834916102076e-02 7.578092440342052427e-01 2.138748595612663742e-02 1.402483216605069638e-01
9.250068415788451071e-02 8.184195883855622800e-01 1.672630084914705079e-02 7.235342660740577692e-02
1.168033821532197813e-01 8.297891937631531878e-01 1.124905301382469504e-02 4.215837106980206694e-02
1.633165098451789810e-01 8.022587203874991246e-01 6.849507078313062970e-03 2.757526268900874558e-02
2.407909595743522313e-01 7.362821192752168065e-01 4.424290110526999005e-03 1.850263103990376634e-02
3.329757842859670802e-01 6.522212882391804634e-01 2.899582335129501781e-03 1.190334513972292861e-02
4.140110375416898858e-01 5.766636077112117231e-01 2.010216741596472165e-03 7.315138005501767987e-03
4.626241676016869531e-01 5.313570473419692020e-01 1.519770917790559846e-03 4.499014138553292068e-03
4.760028938482528948e-01 5.197928759589400816e-01 1.238123012311028543e-03 2.966107180495928912e-03
4.680033892513614235e-01 5.287859508942988063e-01 1.009383215954577119e-03 2.201276638385281110e-03
4.544860359761134783e-01 5.428858041574662341e-01 8.101697773372310571e-04 1.817990089082917489e-03
4.452981727076574803e-01 5.525668475848842798e-01 6.371707601444173003e-04 1.497808947314006748e-03
4.464262166414378896e-01 5.519708775228586717e-01 4.815469495068000223e-04 1.121358886196592271e-03
4.583200990528136232e-01 5.404868238426298044e-01 3.765582545326761677e-04 8.165188500238113392e-04
4.721618698209816833e-01 5.268086592809083646e-01 3.364993963551455680e-04 6.929715017543540108e-04
4.791711147505125501e-01 5.197512838306896921e-01 3.319923603178363066e-04 7.456090584797604726e-04
4.774092790357039040e-01 5.212387062486619760e-01 3.642021268027447302e-04 9.878125888313736558e-04
4.601718515920378283e-01 5.377784694536819066e-01 5.413511695911747907e-04 1.508327784689100217e-03
4.143012204036520818e-01 5.823430059474498099e-01 1.067395686031698742e-03 2.288377962866208933e-03
3.409568503567034781e-01 6.532519812107729917e-01 2.493559227937050538e-03 3.297609204586687826e-03
2.609819485652441484e-01 7.278850738486077887e-01 6.470094134019187260e-03 4.662883452128720359e-03
1.980988595582026945e-01 7.782132865623991869e-01 1.700853917144150643e-02 6.679314707956952174e-03
1.591607992001559946e-01 7.913635716129909792e-01 4.000264621161702533e-02 9.472982975235829176e-03
1.366961354559056707e-01 7.752609067373884555e-01 7.580376392633493554e-02 1.223919388037106315e-02
1.232695209000238407e-01 7.443172076888049382e-01 1.187133187968659465e-01 1.369995261430543947e-02
1.144305840433484933e-01 7.140072197114293306e-01 1.581080104658751651e-01 1.345418577934713936e-02
1.088698306016671474e-01 6.921937119512566738e-01 1.862766419387426320e-01 1.265981550833359705e-02
1.059991464659371108e-01 6.758959884223360026e-01 2.056258405434519820e-01 1.247902456827495316e-02
1.038023099611377620e-01 6.587510820729484129e-01 2.242578991094222318e-01 1.318870885649165402e-02
