6.286104311825232438e-01 2.228754017559957945e-01 9.724089411767210256e-02 5.127327294380897016e-02
8.741822549296605072e-01 1.116344913880918804e-01 8.145521925856630263e-03 6.037731756390882394e-03
8.879299797894697477e-01 1.008961381117736145e-01 6.767088338839336026e-03 4.406793759917386824e-03
9.055884199967864090e-01 8.532299129067924537e-02 5.858712633352505285e-03 3.229876079181813898e-03
9.246377256346053342e-01 6.782573789861970348e-02 5.106854439908616559e-03 2.429682026866259500e-03
9.428014981687233842e-01 5.091070307698786213e-02 4.419809709618536912e-03 1.867989044670470685e-03
9.572775337351671077e-01 3.753231837542122390e-02 3.766626577016315286e-03 1.423521312395301759e-03
9.703311587423422147e-01 2.562880483925606551e-02 3.034748621935446158e-03 1.005287796466142712e-03
9.797748734806496218e-01 1.726875465511276339e-02 2.305298676749565571e-03 6.510731874881125515e-04
9.857601700551912316e-01 1.209489991569916503e-02 1.731010646667309385e-03 4.139193824421621461e-04
9.887224254204123319e-01 9.590130709006838144e-03 1.396397917827292860e-03 2.910459527535172778e-04
9.892429418724505430e-01 9.216534709604597489e-03 1.292425765873567297e-03 2.480976520714125110e-04
9.876176551481280486e-01 1.073536957558242355e-02 1.388437738356508924e-03 2.585375379331679891e-04
9.836762132255284508e-01 1.431158058169907168e-02 1.698839196675074829e-03 3.133669960973986643e-04
9.765576784333014349e-01 2.065895971138410545e-02 2.358282317225792683e-03 4.250795380884300149e-04
9.641933125857319320e-01 3.150513942913936438e-02 3.662250983583141724e-03 6.392970015455432496e-04
9.456493429271416451e-01 4.747414108115071557e-02 5.857471570604002795e-03 1.019044421103553703e-03
9.176138495544503559e-01 7.148099877230108812e-02 9.265204289244686336e-03 1.639947384004078641e-03
8.823074310717279323e-01 1.014114277399458530e-01 1.378405147794229541e-02 2.497089710384034662e-03
8.434401574764430753e-01 1.340613612715426950e-01 1.899847643653024623e-02 3.500004815484192029e-03
8.041835248979687378e-01 1.669854696039986541e-01 2.430943889982297573e-02 4.521566598209455362e-03
7.635805756684937995e-01 2.013893273470827583e-01 2.948118307669415211e-02 5.548913907729355159e-03
7.167314802216081526e-01 2.421417081568795759e-01 3.441487094674704206e-02 6.711940674765072383e-03
6.616454207570418022e-01 2.922293764123831683e-01 3.813270405056279344e-02 7.992498780012374793e-03
6.014994148891383841e-01 3.507362749381047196e-01 3.879396202984208841e-02 8.970348142914851344e-03
5.376193152168508016e-01 4.172425709890957291e-01 3.586055770441871904e-02 9.277556089634922051e-03
4.741566751529550094e-01 4.867524229774591316e-01 3.020562522950131015e-02 8.885276640084604355e-03
4.095252226786086358e-01 5.581222346529186584e-01 2.432348239640588772e-02 8.029060272066991522e-03
3.478345754789335942e-01 6.264332480762091482e-01 1.883334675010584630e-02 6.898829694751537102e-03
2.906939144404859232e-01 6.897046183861800239e-01 1.394185980406657636e-02 5.659607369267544152e-03
2.388156929116179716e-01 7.469483119602852161e-01 9.810394924776304204e-03 4.425600203320332812e-03
1.913121370260169596e-01 7.987313982373568377e-01 6.669924044482168635e-03 3.286540692143963358e-03
1.481018531126032656e-01 8.450811046123376524e-01 4.511895451276096494e-03 2.305146823782634660e-03
1.112638265804006404e-01 8.839906455753834269e-01 3.204199258731449049e-03 1.541328585484664669e-03
8.287747164624742480e-02 9.133755353130794674e-01 2.717048521071342444e-03 1.029944519601799172e-03
6.481543737405108530e-02 9.320119453036184165e-01 2.464153126271491270e-03 7.084641960589404706e-04
5.459232042132295543e-02 9.423208508281151197e-01 2.549821018633631822e-03 5.370077319280250686e-04
5.301765925489711206e-02 9.434366568393215413e-01 3.069434399747247248e-03 4.762495060341393285e-04
6.135220819603804526e-02 9.337568035233768660e-01 4.373810987729496828e-03 5.171772928552354626e-04
8.054666965197312956e-02 9.117823759395781158e-01 6.993127357587785795e-03 6.778270508610826934e-04
1.105966350724175151e-01 8.770597659369034904e-01 1.137903467081452166e-02 9.645643198645930403e-04
1.539016550895274948e-01 8.273376803799179502e-01 1.743868584563249696e-02 1.321978684922026125e-03
2.087405470450795775e-01 7.645280717662690240e-01 2.501614135339298717e-02 1.715239835258566001e-03
2.766376107395391859e-01 6.876395823145672326e-01 3.360390265628457329e-02 2.118904289609035117e-03
3.556100512475306452e-01 5.989122147155298004e-01 4.295520773545253440e-02 2.522526301486797528e-03
4.371542183690246275e-01 5.070072814776391823e-01 5.291288965688353135e-02 2.925610496452787663e-03
5.186502588302681627e-01 4.161571175275603496e-01 6.202390656764299182e-02 3.168717074528634280e-03
5.899066460968088732e-01 3.381789748392881600e-01 6.863032855087909667e-02 3.284050513024148500e-03
6.487638352806543995e-01 2.782939440483054860e-01 6.971175650175935601e-02 3.230464169280611395e-03
6.961952930275456808e-01 2.361727148501424900e-01 6.460069221773258319e-02 3.031299904579270316e-03
7.355977675518193815e-01 2.054748164357685369e-01 5.617002055770493191e-02 2.757395454706797980e-03
7.707450015131905863e-01 1.793177727015305423e-01 4.748287130762302022e-02 2.454354477655617487e-03
8.025444891370722145e-01 1.556406203451603243e-01 3.966671449447345399e-02 2.148176023294037177e-03
8.304843964078140184e-01 1.351276407181066230e-01 3.255024327893688008e-02 1.837719595142552889e-03
8.552376608228390298e-01 1.174058889342340095e-01 2.584263414439940190e-02 1.513816098527570727e-03
8.771705847372263110e-01 1.017161612726703163e-01 1.989875842178328788e-02 1.214495568319940702e-03
8.960263165328081758e-01 8.786062108583662933e-02 1.513531104612574930e-02 9.777513352294125992e-04
9.110216045235706162e-01 7.639120739541288563e-02 1.176907267800925312e-02 8.181154030072405447e-04
9.211325260876042087e-01 6.833516048792669106e-02 9.795869672704323253e-03 7.364437517649932837e-04
9.261671848602198720e-01 6.418609439435132846e-02 8.926572338201547302e-03 7.201484072272933265e-04
9.269552829642887515e-01 6.351463622097329453e-02 8.781399933635644986e-03 7.486808811021533096e-04
9.241170895214293468e-01 6.597080674464957106e-02 9.101955305019315476e-03 8.101484289017823722e-04
9.171412780829962808e-01 7.191922004449920192e-02 1.001142651530571338e-02 9.280753571985622804e-04
9.051686837522374685e-01 8.156942348217503802e-02 1.209836506910742793e-02 1.163527696480090535e-03
8.889701295186653862e-01 9.348828984383203422e-02 1.597642227865079048e-02 1.565158358851808382e-03
8.707956455245264848e-01 1.048862756589218070e-01 2.218440056086232529e-02 2.133678255689799592e-03
8.521855576973925706e-01 1.134271885407133612e-01 3.154938126618763578e-02 2.837872495706596394e-03
8.336783330043791018e-01 1.178458380854808529e-01 4.488644288018436845e-02 3.589386029955650773e-03
8.151035377995602405e-01 1.179019822769242498e-01 6.275106403440007530e-02 4.243415889115398874e-03
7.961340868276232108e-01 1.139272983305892883e-01 8.527382742797273707e-02 4.664787413814782020e-03
7.773144077789494455e-01 1.050684795780147951e-01 1.128352827475524872e-01 4.781829895483729297e-03
7.480420949832113919e-01 9.653483702080038753e-02 1.506443864493582363e-01 4.778681546629767393e-03
2.886377682915320167e-02 1.907652401995699187e-02 2.774083456643192461e-02 9.243188645844578888e-01
1.958871535145672443e-02 1.253991476440486641e-01 4.474941132299386504e-01 4.075180237745561485e-01
2.118550097978168581e-02 1.533458103862195554e-01 4.208788466888349622e-01 4.045898419451638417e-01
2.321852334327658210e-02 1.784976117001019769e-01 4.022453412200795997e-01 3.960385237365416922e-01
2.621219576307223798e-02 2.009449006848125774e-01 3.949251863990023703e-01 3.779177171531126755e-01
2.975161470728741528e-02 2.221994892968656987e-01 3.938257112762021395e-01 3.542231847196444794e-01
3.274197026364912555e-02 2.453674064524951626e-01 3.978957666081712752e-01 3.239948566756844506e-01
3.496120976834261873e-02 2.746922695904637779e-01 4.161303793922322414e-01 2.742161412489614869e-01
3.715739753709187271e-02 3.078691453006308087e-01 4.476990784367663734e-01 2.072743787255110770e-01
4.049010122628595582e-02 3.322232717314502759e-01 4.854623447432004357e-01 1.418242822990632424e-01
4.565400543041536752e-02 3.351089925621491550e-01 5.267844149787468400e-01 9.245258702868854039e-02
5.276983635338201167e-02 3.138020492370642289e-01 5.728638313756434508e-01 6.056428303391036411e-02
6.217556841681377150e-02 2.704440625868275161e-01 6.264204784106309765e-01 4.095989058572746533e-02
7.423176835161961196e-02 2.137361759429863284e-01 6.834280338357024975e-01 2.860402186969143029e-02
8.989076099321421931e-02 1.600409069728865041e-01 7.297901425661754704e-01 2.027818946772403166e-02
1.139542483226085728e-01 1.223515719495011506e-01 7.488498545709210141e-01 1.484432515696901961e-02
1.580987156511043101e-01 1.032921631389772527e-01 7.265359859231905748e-01 1.207313528672771669e-02
2.360894452628116424e-01 9.715791551386601665e-02 6.554821674201871673e-01 1.127047180313529851e-02
3.518333718453171555e-01 9.568353799652044855e-02 5.407747790208988770e-01 1.170831113726332820e-02
4.779710853050189723e-01 9.234292848806961718e-02 4.164233883542208248e-01 1.326259785269033771e-02
5.712028309879012555e-01 8.883941960875069155e-02 3.234197871243688627e-01 1.653796227897937413e-02
6.205270163451872545e-01 8.945718593075166480e-02 2.681490401854551564e-01 2.186675753860565022e-02
6.471628548897061517e-01 9.282270985362951754e-02 2.321645987668671529e-01 2.784983648979743806e-02
6.715996824120024078e-01 9.634179972600975805e-02 2.003214541874358545e-01 3.173706367455172983e-02
7.003040134694129559e-01 1.006191542776296299e-01 1.673505626301319826e-01 3.172626962282578539e-02
7.316897873828168697e-01 1.042207892930381435e-01 1.357384842992706286e-01 2.835093902487404588e-02
7.580895582880455841e-01 1.071788768104940531e-01 1.107457206007293610e-01 2.398584430073085264e-02
7.718732636296560257e-01 1.117742549169629257e-01 9.590647823911592484e-02 2.044600321426514808e-02
7.749114076128320594e-01 1.161535258235287527e-01 9.116556277747975279e-02 1.776950378615941434e-02
7.689453911050186941e-01 1.204327105272978704e-01 9.510791641799158647e-02 1.551398194969191499e-02
7.611546680612432114e-01 1.217099132629872321e-01 1.038926063264518085e-01 1.324281234931781737e-02
7.592306724726297640e-01 1.175091789841386652e-01 1.124552013022026564e-01 1.080494724102902190e-02
7.606279995661303639e-01 1.125582017232378551e-01 1.184329389293312246e-01 8.380859781300422848e-03
7.603896542498113087e-01 1.076831655625458545e-01 1.257586363572115729e-01 6.168543830431138207e-03
7.596842083205819218e-01 1.007954861084434106e-01 1.352932370912020565e-01 4.227068479772335199e-03
7.753187509103801611e-01 9.007804726776250104e-02 1.319930916227698425e-01 2.610110199087416812e-03
8.126833209492793086e-01 7.843470983843865707e-02 1.074115114035546631e-01 1.470457808727375967e-03
8.550814500819989838e-01 7.019409727304164182e-02 7.391832814049673073e-02 8.061245044626120593e-04
8.828515272070105446e-01 6.801764780273464317e-02 4.864543190180830451e-02 4.853930884464043136e-04
8.815899873384058782e-01 8.100835439546325012e-02 3.701514630375953713e-02 3.865119623714354446e-04
8.451557553852510063e-01 1.183228868844495157e-01 3.608241009665202198e-02 4.389476336475896636e-04
7.668272132397949692e-01 1.884892043260736616e-01 4.404632201979922362e-02 6.372604143321486218e-04
6.480973608521158891e-01 2.898979509584688752e-01 6.099280022366630055e-02 1.011887965748632700e-03
5.126832057122622244e-01 4.031124923549415096e-01 8.265075208175912125e-02 1.553549851036803301e-03
3.907182631033870313e-01 5.061095950877549932e-01 1.009797098029167617e-01 2.192432005941160559e-03
2.911654263816393362e-01 5.907903113256209870e-01 1.151219627272827978e-01 2.922299565456537660e-03
2.180299444459679881e-01 6.466062557875067451e-01 1.313276709055706259e-01 4.036128860954478655e-03
1.648492330439681464e-01 6.758184160738915924e-01 1.537671470288824449e-01 5.565203853257569971e-03
1.283457506781360002e-01 6.771567170639728461e-01 1.869151819123275327e-01 7.582350345563498677e-03
1.026813857299824218e-01 6.555498280475346995e-01 2.317146363138368748e-01 1.005414990864593634e-02
8.539957738341093230e-02 6.202347015437297273e-01 2.814666538577954569e-01 1.289906721506401538e-02
7.402189550740433110e-02 5.881596368682390219e-01 3.215240756166018454e-01 1.629439200775468360e-02
6.816645192426649957e-02 5.676751994383291144e-01 3.430621311040632504e-01 2.109621753334113559e-02
6.823697677351117652e-02 5.576076514614237700e-01 3.458748656852552172e-01 2.828050607980981540e-02
7.469277452129123585e-02 5.526577569749211438e-01 3.345801254232501076e-01 3.806934308053741556e-02
8.796794810093196137e-02 5.467275028822481397e-01 3.150310368122504201e-01 5.027351220456938163e-02
1.082786448476975721e-01 5.350805647842370449e-01 2.900242089579664340e-01 6.661658141009937917e-02
1.336716310429529875e-01 5.154109602972900550e-01 2.590062327646062701e-01 9.191117589515053476e-02
1.603245073927306863e-01 4.823389129558826038e-01 2.251448300195108554e-01 1.321917496318761320e-01
1.846734067725070705e-01 4.331681108000438041e-01 1.918180598890611155e-01 1.903404225383874548e-01
2.037749545405053431e-01 3.756828414912160019e-01 1.576588188531669599e-01 2.628833851151117784e-01
2.140307162441790756e-01 3.174844330893081268e-01 1.235564406128822623e-01 3.449284100536302855e-01
2.095925894712278859e-01 2.624716737780953824e-01 9.191524258434165262e-02 4.360204941663349820e-01
1.872136353703059419e-01 2.111775053902153199e-01 6.396545184399349271e-02 5.376434073954851067e-01
1.520164191054065861e-01 1.633289162317547172e-01 4.132712993350701886e-02 6.433275347293320179e-01
1.158654063205890733e-01 1.224314560691780462e-01 2.613029123712574606e-02 7.355728463731069366e-01
8.872841909132134219e-02 9.388911435282792928e-02 1.822805400495849243e-02 7.991544125508925900e-01
7.214084902890620377e-02 7.850708724400082272e-02 1.524702324460399001e-02 8.341050404824889020e-01
6.304571690293393760e-02 7.385021955354133250e-02 1.531856634373572092e-02 8.477854971997887956e-01
5.971187923693532795e-02 7.941825596768821438e-02 1.837005305817295334e-02 8.424998117372034523e-01
6.153388320325583333e-02 9.677195745816236094e-02 2.574754250883480242e-02 8.159466168297471178e-01
6.698464864424041876e-02 1.251470572077595655e-01 3.802851421324526110e-02 7.698397799347544979e-01
7.143547693555067912e-01 1.905007137145036111e-01 9.354978208550529528e-02 1.594734844484307131e-03
9.208139496834109872e-02 1.095199703880485459e-01 5.639183269457431757e-01 2.344803076978675405e-01
8.783771001355329677e-02 1.189070938070827949e-01 5.374526228146619955e-01 2.558025733647020794e-01
8.328100214682561397e-02 1.350758191952976806e-01 5.024302671016098731e-01 2.792129115562669295e-01
7.888848762904022982e-02 1.624145007177217881e-01 4.515029417340387652e-01 3.071940699191995638e-01
7.429053895259353502e-02 2.035601396567756627e-01 3.822857155885614477e-01 3.398636058020691464e-01
6.842507660050418938e-02 2.545858837770014760e-01 3.073892095343603303e-01 3.695998300881341292e-01
6.083902492847685639e-02 3.098268618022775311e-01 2.433655374384235404e-01 3.859685758308221692e-01
5.221456601780212481e-02 3.720984979632529499e-01 1.961636019687453825e-01 3.795233340501993902e-01
4.385441442661346806e-02 4.488685830172791658e-01 1.649092043082136527e-01 3.423677982478937065e-01
3.712344434476503446e-02 5.359414601146614832e-01 1.482340005614753153e-01 2.787010949790984515e-01
3.305206349288302564e-02 6.105747687130759216e-01 1.435584517115789938e-01 2.128147160824619133e-01
3.202971273274479724e-02 6.554458408721487439e-01 1.448644180737413689e-01 1.676600283213649512e-01
3.491489737091379303e-02 6.657873044882846036e-01 1.508032804191773713e-01 1.484945177216241974e-01
4.420857735123875226e-02 6.368689468050922065e-01 1.685469518123977328e-01 1.503755240312714403e-01
6.012967686586961902e-02 5.771040793918873479e-01 1.983145047872379996e-01 1.644517389550049502e-01
8.282643274361474461e-02 4.968942129987434231e-01 2.372593540058332007e-01 1.830200002518087565e-01
1.091359535536178399e-01 4.176975918362669793e-01 2.753761796947229445e-01 1.977902749153924999e-01
1.367577840208474005e-01 3.562623448161989503e-01 3.091772172830473675e-01 1.978026538799062539e-01
1.581909652509253805e-01 3.206908876028078947e-01 3.476275087224548477e-01 1.734906384238120713e-01
1.680742648801651362e-01 3.028729217121733930e-01 4.006750991100876957e-01 1.283777142975737195e-01
1.644435195562914398e-01 2.896988550748156865e-01 4.661798731684537733e-01 7.967775220043935014e-02
1.472133361069754287e-01 2.731225273768755901e-01 5.362372877717862529e-01 4.342684874436290865e-02
1.229469508931383820e-01 2.535101723402760632e-01 6.005619419555414673e-01 2.298093481104361221e-02
1.014054677548123368e-01 2.394216278513744411e-01 6.458407900299942828e-01 1.333211436381895494e-02
8.578434951232262462e-02 2.443924654432805821e-01 6.607196831397372794e-01 9.103501904659756783e-03
7.930950216368262695e-02 2.731888162075797877e-01 6.401609181514618108e-01 7.340763477275676595e-03
8.327148518186615334e-02 3.193988982003929111e-01 5.906949006725276119e-01 6.634715945213253384e-03
9.850724768605789716e-02 3.698785035627832340e-01 5.256260594129856800e-01 5.988189338173042185e-03
1.243379805519509995e-01 4.129937887598392754e-01 4.577689829833280766e-01 4.899247704881527950e-03
1.633371201325626854e-01 4.310276936527378533e-01 4.019223740431375202e-01 3.712812171562213884e-03
2.134331685268763823e-01 4.152701720726706403e-01 3.684784589233648933e-01 2.818200477088232507e-03
2.703837575637304536e-01 3.722220341824356016e-01 3.550746532226051189e-01 2.319555031228628245e-03
3.261678771960078160e-01 3.189130706031030882e-01 3.527733507523935774e-01 2.145701448495873978e-03
3.826539540096421943e-01 2.647081129995705884e-01 3.504240723803778157e-01 2.213860610409203438e-03
4.422467164431829745e-01 2.167404239727390158e-01 3.385546101127711038e-01 2.458249471307180373e-03
4.984622297377406808e-01 1.814837149618665491e-01 3.172776184935499066e-01 2.776436806842813229e-03
5.396569331587525165e-01 1.607957106443700657e-01 2.964460717310701265e-01 3.101284465807793538e-03
5.579462948839797320e-01 1.525240952697879127e-01 2.860950038476588464e-01 3.434605998573712730e-03
5.510489223568987294e-01 1.547324504838390458e-01 2.904305652694376683e-01 3.788061889824460762e-03
5.228122048316306003e-01 1.649375135060705266e-01 3.081636899389973983e-01 4.086591723301584954e-03
4.829215746247178531e-01 1.787186413048925393e-01 3.341527057721872529e-01 4.207078298202183812e-03
4.419309031088309858e-01 1.900260839067194618e-01 3.639206271433278461e-01 4.122385841121429563e-03
4.045473390345878939e-01 1.938819011993627994e-01 3.976468056624012370e-01 3.923954103648215341e-03
3.723102154451256585e-01 1.897610250620030414e-01 4.342005832742176219e-01 3.728176218653736756e-03
3.470564186367458559e-01 1.811353302827734546e-01 4.682411335617310266e-01 3.567117518749726626e-03
3.299926574667186308e-01 1.716063358011832296e-01 4.950347541160881604e-01 3.366252616009957153e-03
3.194774791502456024e-01 1.630250624883675947e-01 5.144334882142843623e-01 3.063970147101956545e-03
3.117946960123539890e-01 1.562318166511109663e-01 5.292737970005361170e-01 2.699690335998687022e-03
3.013937658039978484e-01 1.509826680141472532e-01 5.452756037102332032e-01 2.347962471621649165e-03
2.849656905456625644e-01 1.454787823355126464e-01 5.675466865362700508e-01 2.008840582554506388e-03
2.663708226863564787e-01 1.382866181503304703e-01 5.936795180337947064e-01 1.663041129518371590e-03
2.501796045958501469e-01 1.294961184310292890e-01 6.189382464850985421e-01 1.386030488022076210e-03
2.368561227389303636e-01 1.201171731359691880e-01 6.418309019897762147e-01 1.195802135324235691e-03
2.245402497791638141e-01 1.114252628558674435e-01 6.629826430181711139e-01 1.051844346797432697e-03
2.113993203064409576e-01 1.048919659754844191e-01 6.827576766000448272e-01 9.510371180295000820e-04
1.967002979866757928e-01 1.010526282026020933e-01 7.013402189522899288e-01 9.068548584319875098e-04
1.809924682689995623e-01 9.840603717960587360e-02 7.196940697904466999e-01 9.074247609476943869e-04
1.661694360902775669e-01 9.584886168768015635e-02 7.370564221584550157e-01 9.252800635870833028e-04
1.533799739184200928e-01 9.435111534948725787e-02 7.513179826938999328e-01 9.509280381929055169e-04
1.425248126391845949e-01 9.562733760824349005e-02 7.608398306900989727e-01 1.008019062473005907e-03
1.329175549636251175e-01 1.006369169607272546e-01 7.653236571926291809e-01 1.121870883018537051e-03
1.232562431167223277e-01 1.088894978553873183e-01 7.665804169919624433e-01 1.273842035928336117e-03
1.121787861243829371e-01 1.189485878406513625e-01 7.674420005308757453e-01 1.430625504089993744e-03
9.963432933531667091e-02 1.296916237457292342e-01 7.690947760600241878e-01 1.579270858930211484e-03
8.619711481321275237e-02 1.395964166943444718e-01 7.724827368183631027e-01 1.723731674079688166e-03
7.295398304447082982e-02 1.445064947963647650e-01 7.806696832895987370e-01 1.869838869565628890e-03
6.148813832536547536e-02 1.416130663666011480e-01 7.949135562443837566e-01 1.985239063649611377e-03
5.352476196668708858e-02 1.339659743708994377e-01 8.103943407399389898e-01 2.114922922474661311e-03
4.976590129550407388e-02 1.275451364345989713e-01 8.203504595669854904e-01 2.338502702911744117e-03
4.982104603881260668e-02 1.246806530433629268e-01 8.228033320399908979e-01 2.694968877833313695e-03
5.304470806177989661e-02 1.244116162690510341e-01 8.193446434984315019e-01 3.199032170737422989e-03
9.414599701342674098e-01 5.383370990288907643e-02 2.579326612917096258e-03 2.126993349926370198e-03
9.235757109097183504e-01 5.824170650280219991e-02 1.316154154686040301e-02 5.021041040618983396e-03
9.533490696343077664e-01 3.794507593827650682e-02 5.837632962057312004e-03 2.868221465358384865e-03
9.678393250561488914e-01 2.728897267790197922e-02 3.106755431083789432e-03 1.764946834865193563e-03
9.739054972429853629e-01 2.293265779082388073e-02 1.990541620212913764e-03 1.171303345978122294e-03
9.754518572623592787e-01 2.225595775967202997e-02 1.484575690146011867e-03 8.076092878227868026e-04
9.736173489484316601e-01 2.451170780864435350e-02 1.295482752234939413e-03 5.754604906890248631e-04
9.681921590694040347e-01 3.002017964959283539e-02 1.347403189182952562e-03 4.402580918202966039e-04
9.600294646256071207e-01 3.799765729870874936e-02 1.604171674959630227e-03 3.687064007246020503e-04
9.473119050314277034e-01 5.018191521937164640e-02 2.167947183046839334e-03 3.382325661539334642e-04
9.312488226227952914e-01 6.538241066960863435e-02 3.036826995984747649e-03 3.319397116111015957e-04
9.128602458325991709e-01 8.259200925970454354e-02 4.201812419058609943e-03 3.459324886377908954e-04
8.933870189401266204e-01 1.004970712329382454e-01 5.733871752315821378e-03 3.820380746194099522e-04
8.732400944155075395e-01 1.185223446520216606e-01 7.789757688680778655e-03 4.478032437901518386e-04
8.526669345813343570e-01 1.366952935722101636e-01 1.009879619164406189e-02 5.389756548112984141e-04
8.313487453072481159e-01 1.558023269114362785e-01 1.219950791335680518e-02 6.494198679589910676e-04
8.110931751134542456e-01 1.744183404409871962e-01 1.372984245338223531e-02 7.586419921763806621e-04
7.959732768518752444e-01 1.889168112414866818e-01 1.428831647885757915e-02 8.215954277802572318e-04
7.876546293349353522e-01 1.977191475423930311e-01 1.380524865058594709e-02 8.209744720854483466e-04
7.844101285692828274e-01 2.022394408437724611e-01 1.256569365577768146e-02 7.847369311671751214e-04
7.831408155769296053e-01 2.052726879133062732e-01 1.082989749269770013e-02 7.565990170664410857e-04
7.824111905423341007e-01 2.080863510787607507e-01 8.744824185068379024e-03 7.576341938367738655e-04
7.850883265693560098e-01 2.074734612491711261e-01 6.671037990021361219e-03 7.671741914516910050e-04
7.950784231208390951e-01 1.991683530772084265e-01 5.004396556884790383e-03 7.488272450679293608e-04
8.113533717493991437e-01 1.839405090236780893e-01 3.984323986308025388e-03 7.217952406144743189e-04
8.272606031250542280e-01 1.684506858805863705e-01 3.550317519691909614e-03 7.383934746676289358e-04
8.326133990622698322e-01 1.629572532479554026e-01 3.574248651984226945e-03 8.550990377906983117e-04
8.198446985660172714e-01 1.749559758832364975e-01 4.048703939018607513e-03 1.150621611727655402e-03
7.900981599918482923e-01 2.031909444092830641e-01 5.006452444976135577e-03 1.704443153892766516e-03
7.506980074469027375e-01 2.399548715014146183e-01 6.736810519769315456e-03 2.610310531913252827e-03
7.054170190442501376e-01 2.803892063958399739e-01 1.007467841263894048e-02 4.119096147270667925e-03
6.498418872524517331e-01 3.268120163480306428e-01 1.645034359651077055e-02 6.895752803006967996e-03
5.783996048686419478e-01 3.825321377313521398e-01 2.700348103780749603e-02 1.206477636219869566e-02
4.905065201176040390e-01 4.478821348997645835e-01 4.084275958335219225e-02 2.076858539927928932e-02
3.953669495615977358e-01 5.161694123753010066e-01 5.527055710287521323e-02 3.319308096022605820e-02
3.093155550683753252e-01 5.752193743604019360e-01 6.857049497913275671e-02 4.689457559209001675e-02
2.457658763837662075e-01 6.179893310289975572e-01 7.886786784181994137e-02 5.737692474541598170e-02
2.030466987580296367e-01 6.476408250086499452e-01 8.646036413095965767e-02 6.285211210236101020e-02
1.733903499828403916e-01 6.696259539877116307e-01 9.119598641750736867e-02 6.578770961194041478e-02
1.500163660532498611e-01 6.900166564966164762e-01 9.048766117054266034e-02 6.947931627959109957e-02
1.305842525586791703e-01 7.080907016191791969e-01 8.497386459897948718e-02 7.635118122316190969e-02
1.176464523040223892e-01 7.141551037921958223e-01 8.001066877537256483e-02 8.818777512840926536e-02
1.142442940784780953e-01 7.017263968068174762e-01 7.898745970718615284e-02 1.050418494075179149e-01
1.205483256923397112e-01 6.724952299747137818e-01 8.262077478750216863e-02 1.243356695454441857e-01
1.336474553699809331e-01 6.339970838038141432e-01 9.064467168510083328e-02 1.417107891411042153e-01
1.480399892549845442e-01 5.959893625371066594e-01 1.017217074923197628e-01 1.542489407155891445e-01
1.583967762455885941e-01 5.654489540851238560e-01 1.140192625394668147e-01 1.621350071298203466e-01
1.634756769990848846e-01 5.441287917056731871e-01 1.268610121023787951e-01 1.655345191928633275e-01
1.649646412867047662e-01 5.339856227070600703e-01 1.392566660913102106e-01 1.617930699149248419e-01
1.640130373201838243e-01 5.390810345174894547e-01 1.475591026442398812e-01 1.493468255180872284e-01
1.604004140510216503e-01 5.615123927952612171e-01 1.478373567970579228e-01 1.302498363566589046e-01
1.538384705132987418e-01 5.993846518971853721e-01 1.389263559544670068e-01 1.078505216350485740e-01
1.448167485128912524e-01 6.481741355738647181e-01 1.218561287045839270e-01 8.515298720866019966e-02
1.343147942634637104e-01 7.020928607913821118e-01 9.931602991848795248e-02 6.427631502666633634e-02
1.232405515275334512e-01 7.544858810999428567e-01 7.559111505552357224e-02 4.668245231700012682e-02
1.121405081624182176e-01 8.003763440017376274e-01 5.468269844426181664e-02 3.280044939158242162e-02
1.006278033559356855e-01 8.386913541485307988e-01 3.838827244744890538e-02 2.229257004808444728e-02
8.737535138233619436e-02 8.717514795532029792e-01 2.632052602147047851e-02 1.455264304299017791e-02
7.368797755981321140e-02 8.996282986292950534e-01 1.745141991394432573e-02 9.232303896947464950e-03
6.141113430755262143e-02 9.211787171306646815e-01 1.137411224539900886e-02 6.036036316383876395e-03
5.457917653147606463e-02 9.334891887740189853e-01 7.564824616878583312e-03 4.366810077626331194e-03
5.323693361216991909e-02 9.378707634613909772e-01 5.360711108393741674e-03 3.531591818045388530e-03
5.668094518681933425e-02 9.361499932281642788e-01 4.123973419324962301e-03 3.045088165691637542e-03
6.505007952932166659e-02 9.289424907962003930e-01 3.351504164005502263e-03 2.655925510472514038e-03
8.057504437162496536e-02 9.143287272432972790e-01 2.793890202752265326e-03 2.302338182325479495e-03
1.082751338395883112e-01 8.871810431382592954e-01 2.486046588178591771e-03 2.057776433973710142e-03
1.567177201241125584e-01 8.394720387182901256e-01 1.893065569926593748e-03 1.917175587670637976e-03
2.228819310415364741e-01 7.733104645577820735e-01 1.829953745048979808e-03 1.977650655632688832e-03
2.969689998495689820e-01 6.989052294881953342e-01 1.939361532303179522e-03 2.186409129932758398e-03
3.633700021260310997e-01 6.318738200898539326e-01 2.209352368316400313e-03 2.546825415798568710e-03
4.084704832825595266e-01 5.858670073093158459e-01 2.577201512910227629e-03 3.085307895214286621e-03
4.205934972089413471e-01 5.724733061574474036e-01 2.996228950413223902e-03 3.936967683197970837e-03
8.080323414797985215e-02 2.032700073814241448e-01 5.317071908166327160e-02 6.627560393889330159e-01
8.437702235126365302e-02 1.955187372107251298e-01 7.133773818289912416e-02 6.487665022551121208e-01
8.519059243830623407e-02 1.807962545219054806e-01 9.031709733306829413e-02 6.436960557067199495e-01
8.390926571755813468e-02 1.636744028153257202e-01 1.078093715446110379e-01 6.446069599225050517e-01
8.168220118945392072e-02 1.472503709899155022e-01 1.215893520312189835e-01 6.494780757894116352e-01
7.967607184417986599e-02 1.327594833936793506e-01 1.309572031321384056e-01 6.566072416300023917e-01
7.836921370150733146e-02 1.203540689542555026e-01 1.371078573357636665e-01 6.641688600084736382e-01
7.795804348904300518e-02 1.087471582544869836e-01 1.428562262368111291e-01 6.704385720196588405e-01
7.675864045374004851e-02 9.913563634534473812e-02 1.482416949068669221e-01 6.758640282940482358e-01
7.307172688791832571e-02 8.900294728162393143e-02 1.527570823205155470e-01 6.851682435099420987e-01
6.575266001922061565e-02 7.765849759170379008e-02 1.568948952988504786e-01 6.996939470902252545e-01
5.623316482394827287e-02 6.670912653536381631e-02 1.654690623363328783e-01 7.115886463043552546e-01
4.569160099369538874e-02 5.804978136162341346e-02 1.817540321037470485e-01 7.145045855409341007e-01
3.591054442693063231e-02 4.984335271561121661e-02 2.050141771079349307e-01 7.092319257495229845e-01
2.727134544082727291e-02 4.278153168328573813e-02 2.336659471627477724e-01 6.962811757131389667e-01
2.065687570071590706e-02 3.728191890048611346e-02 2.669027126111643833e-01 6.751584927876337350e-01
1.604403120650225306e-02 3.346933724438672098e-02 3.027910914617773508e-01 6.476955400873336544e-01
1.285480056564156787e-02 3.119210442965955968e-02 3.396187975610686638e-01 6.163342974436302191e-01
1.053882234958490767e-02 3.030043634802913680e-02 3.781266366975818416e-01 5.810341046048039804e-01
8.749339776090650153e-03 3.056543030797363031e-02 4.201875802789697412e-01 5.404976496369657823e-01
7.268166447096370726e-03 3.154040948226956298e-02 4.653975805863214688e-01 4.957938434843126019e-01
5.952877976937189647e-03 3.279696105507620696e-02 5.139223584212027074e-01 4.473278025467835595e-01
4.723582637303004247e-03 3.398544624578149487e-02 5.682035941242314925e-01 3.930873769926838679e-01
8.388441979487291922e-02 2.259617364497369940e-01 1.632088086183805520e-01 5.269450351370097430e-01
1.118035519286169621e-01 2.601310945472544711e-01 1.657894552325092086e-01 4.622758982916194137e-01
1.426217405935862881e-01 2.988328782631529124e-01 1.690295793474835551e-01 3.895158017957773278e-01
1.744534799142317683e-01 3.403641543177208240e-01 1.711955910311514228e-01 3.139867747368959017e-01
2.033636413845335555e-01 3.945861265013168029e-01 1.640216197380373608e-01 2.380286123761124195e-01
2.284354295754824626e-01 4.573459310889829710e-01 1.470844021096767984e-01 1.671342372258577957e-01
2.357266739522473065e-01 5.252280963104772882e-01 1.250695927289398324e-01 1.139756370083358783e-01
2.140160330337405326e-01 5.970791159552093497e-01 1.065302844434596469e-01 8.237456656759017948e-02
1.775416515400203565e-01 6.602775994466523191e-01 9.617115980748082438e-02 6.600958920584652778e-02
1.459798672866459701e-01 7.065534219285599660e-01 8.988875951454372570e-02 5.757795127025052556e-02
1.237504618895303860e-01 7.436309082868995946e-01 8.075963303967285956e-02 5.185899678389738893e-02
1.083440419662287241e-01 7.787999930635862711e-01 6.657257926490507682e-02 4.628338570528011536e-02
9.924141983693243740e-02 8.086875942695518349e-01 5.119964591378849822e-02 4.087133997972711846e-02
9.838025372468621466e-02 8.255756281395987273e-01 3.914741408693352825e-02 3.689670404878170329e-02
1.078272588160111012e-01 8.252190591101982164e-01 3.169718281808071164e-02 3.525649925570992216e-02
1.273698144219139183e-01 8.095088432591101002e-01 2.748944915436510317e-02 3.563189316461076728e-02
1.543834205784072044e-01 7.834425786350680543e-01 2.498228698660357600e-02 3.719171379992119303e-02
1.846564751630289103e-01 7.523868808627661720e-01 2.360038189052083429e-02 3.935626208368397938e-02
2.136960476248623841e-01 7.207121272784935417e-01 2.345295691671173133e-02 4.213886817993229422e-02
2.394860874022336217e-01 6.890578742481868746e-01 2.510300937215732830e-02 4.635302897742232808e-02
2.612569018479419247e-01 6.590039665954251502e-01 2.807725140263839583e-02 5.166188015399455352e-02
2.813141911099535375e-01 6.311196380944268380e-01 3.117904262410809910e-02 5.638712817151188966e-02
3.032447671008781653e-01 6.031281548641745927e-01 3.399248091962947527e-02 5.963459711531771124e-02
3.266322105794122743e-01 5.778408609940914875e-01 3.511956712340350006e-02 6.040736130309259933e-02
3.509423635931823160e-01 5.564961302354840544e-01 3.397876894490960142e-02 5.858273722642385467e-02
3.767414813301311338e-01 5.368593782026965799e-01 3.142417034069691639e-02 5.497497012647555026e-02
4.046302000007149791e-01 5.163144716836881587e-01 2.854060575185881493e-02 5.051472256373833875e-02
4.334562447129673424e-01 4.951635723991908433e-01 2.552361632155087517e-02 4.585656656629091832e-02
4.637433635472943960e-01 4.715422763862748834e-01 2.335804979201178133e-02 4.135631027441897395e-02
4.937529937211104225e-01 4.486392792410356933e-01 2.082190660584253700e-02 3.678582043201138185e-02
5.219179109665579297e-01 4.281617839713886542e-01 1.779636837250714657e-02 3.212393668954593301e-02
5.456997298163774879e-01 4.115955611843936102e-01 1.489602070106576387e-02 2.780868829816321441e-02
5.618142839186412996e-01 4.014491571781662049e-01 1.260768270352869910e-02 2.412887619966365416e-02
5.681049160639609630e-01 4.002500364286351586e-01 1.083724602807374475e-02 2.080780147932990640e-02
5.660098576942220738e-01 4.075975974407823332e-01 9.149978376253165360e-03 1.724256648874229053e-02
5.592885624401613409e-01 4.197810749552394749e-01 7.466383213276335876e-03 1.346397939132292464e-02
5.545127033644107195e-01 4.300668402561135806e-01 5.358488468068966191e-03 1.006196791140698786e-02
5.494928966219211341e-01 4.383930310577225931e-01 4.404153467015467158e-03 7.709918853340963496e-03
5.472307287149970056e-01 4.425042351226349813e-01 3.993693258565899143e-03 6.271342903802240576e-03
5.475463895069738740e-01 4.429819242012784652e-01 3.972329067031750080e-03 5.499357224715711173e-03
5.490295845400983143e-01 4.414823082023504597e-01 4.233377749609221023e-03 5.254729507942023162e-03
5.481214482747256422e-01 4.414423658088025282e-01 4.817756368741749236e-03 5.618429547730325810e-03
5.401371467697028139e-01 4.471129573403470059e-01 5.874447065639192521e-03 6.875448824310935632e-03
5.199008498393019595e-01 4.631075892856009735e-01 7.487015477716929025e-03 9.504545397380381733e-03
4.855998701446236909e-01 4.902801123863117505e-01 9.695980955371304513e-03 1.442403651369326967e-02
4.434937665422744590e-01 5.211776751873148372e-01 1.232225269312736855e-02 2.300630557728376366e-02
4.017907139622561297e-01 5.468943233452002728e-01 1.485822774680099247e-02 3.645673494574271783e-02
3.598044482316568038e-01 5.674247848030907759e-01 1.678710163187048174e-02 5.598366533338188650e-02
3.117836540940672752e-01 5.844089723306118422e-01 1.813471008023090705e-02 8.567266349509033985e-02
2.574648031104683210e-01 5.868543978778762993e-01 1.943692231689221617e-02 1.362438766947631219e-01
2.024227714563777980e-01 5.512721033255039149e-01 2.055186753085598214e-02 2.257532576872622321e-01
1.472830905309430172e-01 4.664053217087258396e-01 2.000828049955168803e-02 3.663033072607791985e-01
9.421667555944260308e-02 3.553545063094160072e-01 1.667319909011683379e-02 5.337556190410243095e-01
5.588929599554235544e-02 2.564924112834986447e-01 1.238700859098645912e-02 6.752312841299726864e-01
3.537793617775175647e-02 1.918718984765075686e-01 9.442496623564713629e-03 7.633076687221759249e-01
2.688298380557766973e-02 1.592232827665660821e-01 8.202453988136997748e-03 8.056912794397194100e-01
2.596063830185294657e-02 1.517150135289615231e-01 8.319208876217051851e-03 8.140051392929686935e-01
3.146626508077602496e-02 1.698372502676787354e-01 9.469116368500696615e-03 7.892273682830446280e-01
4.540762515376995517e-02 2.247865471243079560e-01 1.140279264470880904e-02 7.184030350772132589e-01
7.346841483535261619e-02 3.371575605740684267e-01 1.399835858571766255e-02 5.753756660048612304e-01
1.198183520047273604e-01 4.896228134173393753e-01 1.654667805370614586e-02 3.740121565242274237e-01
1.772613372946369170e-01 5.923665476034501998e-01 1.632982891108048645e-02 2.140422861908326257e-01
2.468321074356914779e-01 6.127460796077244254e-01 1.229088460676716968e-02 1.281309283498169582e-01
3.396759265865593180e-01 5.706303030422319456e-01 7.470677995679909401e-03 8.222309237552873074e-02
4.439684209876571530e-01 4.978161866797224389e-01 4.823045870242812470e-03 5.339234646237787929e-02
5.454654655348996073e-01 4.162039616975733436e-01 3.364994777973643464e-03 3.496557798955323565e-02
6.248258832077154823e-01 3.490513654150758094e-01 2.617769657935321501e-03 2.350498171927355509e-02
6.761973550696102064e-01 3.044719513640594122e-01 2.339109868041341304e-03 1.699158369828884796e-02
7.039661249102172613e-01 2.798128151969689892e-01 2.317402496823049805e-03 1.390365739599107656e-02
7.178071824278953184e-01 2.667493907078701820e-01 2.284187409140432928e-03 1.315923945509398646e-02
7.245733143875892068e-01 2.593193980872637860e-01 2.186924993098233669e-03 1.392036253204877692e-02
7.300518882893586303e-01 2.535500211611793064e-01 2.041783744314121761e-03 1.435630680514806551e-02
7.422717081980628739e-01 2.432935880008629259e-01 1.804967525723554520e-03 1.262973627535071176e-02
7.630384784216874827e-01 2.256781387643350123e-01 1.590564280261452757e-03 9.692818533715914092e-03
7.858765514906913552e-01 2.050112718328163941e-01 1.512461969072888442e-03 7.599714707419378754e-03
8.079622911341020064e-01 1.836799019181622195e-01 1.504819245850188853e-03 6.852987701885478178e-03
8.271397326468736821e-01 1.639673756205788369e-01 1.634777095580034357e-03 7.258114636967250184e-03
8.337788631929770045e-01 1.550575010248002317e-01 2.367323894471648395e-03 8.796311887751361372e-03
8.208579553127999251e-01 1.636057370608276773e-01 4.401711536582729629e-03 1.113459608978947454e-02
7.831613799526750963e-01 1.933390194622315872e-01 9.320625046709576228e-03 1.417897553838383569e-02
7.184315058550714284e-01 2.433565208794006562e-01 2.038669197803187269e-02 1.782528128749610169e-02
6.372973599262832245e-01 3.005684423960989782e-01 4.066746095108420694e-02 2.146673672653339263e-02
5.627266247998465865e-01 3.469728052380593453e-01 6.613765046674938142e-02 2.416291949534468686e-02
5.098184451319290877e-01 3.788647806250575178e-01 8.626975010707306490e-02 2.504702413594064175e-02
4.774141267026704716e-01 4.009446884878782869e-01 9.780070615202052231e-02 2.384047865743076089e-02
4.595826860729216867e-01 4.163319137524125191e-01 1.026608729654082397e-01 2.142452720925747123e-02
4.485573098413648263e-01 4.296548692235029887e-01 1.022680534041337103e-01 1.951976753099832554e-02
4.347192381841036846e-01 4.449795062128497625e-01 1.009881243624174418e-01 1.931313124062893419e-02
4.138166267317497371e-01 4.623010069821814616e-01 1.029458574600309873e-01 2.093650882603759200e-02
