4.311725828084475021e-01 3.515071254240597631e-01 1.812865185528890477e-01 3.603377321460348587e-02
9.510311825198050073e-01 4.265433630730584152e-02 3.547661705724043137e-03 2.766819467165141429e-03
9.551421741958633360e-01 3.998463958151392272e-02 2.790118434839862754e-03 2.083067787782783530e-03
9.592925151575799614e-01 3.682731315928602922e-02 2.297684265816603462e-03 1.582487417317465783e-03
9.661291762907279201e-01 3.068327862964121897e-02 1.966550719825847001e-03 1.220994359805058563e-03
9.734948776619364308e-01 2.384048945046546991e-02 1.707633315692164318e-03 9.569995719060545676e-04
9.802612762713956984e-01 1.748286628168280871e-02 1.513794971618448405e-03 7.420624753030884840e-04
9.857621706788395333e-01 1.235977206819675878e-02 1.336000047396853968e-03 5.420572055669637106e-04
9.898076497590007072e-01 8.674651780835805973e-03 1.148986071961042871e-03 3.687123882025904512e-04
9.923505855661992614e-01 6.399259606855257042e-03 9.996802800902946772e-04 2.504745468550910372e-04
9.935307627681069231e-01 5.339340763158418116e-03 9.401443285210509286e-04 1.897521402137179237e-04
9.935171851492470285e-01 5.298766172991209791e-03 1.009849223489919009e-03 1.741994542718785946e-04
9.923302981181046922e-01 6.222034492524825162e-03 1.252680621637737536e-03 1.949867677328199372e-04
9.897136058815068083e-01 8.263342240182406859e-03 1.769052381239317150e-03 2.539994970714713101e-04
9.848941498173374720e-01 1.191504616099418185e-02 2.820321166786909136e-03 3.704828548814238917e-04
9.762499926548959817e-01 1.824960586825863720e-02 4.906158574143041143e-03 5.942429027021214200e-04
9.617022556122120092e-01 2.870666724499465819e-02 8.585027413818108535e-03 1.006049728975283311e-03
9.397176600777021882e-01 4.450105498256657494e-02 1.409129657421964894e-02 1.689988365511483834e-03
9.103169344193036139e-01 6.591482038874055260e-02 2.109551617607312995e-02 2.672729015882628970e-03
8.800425853458124781e-01 8.832189035510296105e-02 2.781429532115528569e-02 3.821228977929399650e-03
8.468249389546608219e-01 1.137575198917182423e-01 3.438776641132985229e-02 5.029774742290883151e-03
8.127284309251853189e-01 1.411564804510762883e-01 3.989626977145419029e-02 6.218818852284385516e-03
7.751093589119698590e-01 1.732037311817396230e-01 4.417757833731807138e-02 7.509331568972589695e-03
7.341780677349474260e-01 2.106322566530583473e-01 4.630831896479677134e-02 8.881356647197300933e-03
6.940708964634989542e-01 2.513194088149516836e-01 4.471649085982260657e-02 9.893203861727036669e-03
6.549543651875103789e-01 2.953709433044282018e-01 3.946577449465332038e-02 1.020891701340813536e-02
6.152452006418120956e-01 3.422469923606434872e-01 3.260035896333186162e-02 9.907448034212642390e-03
5.756364899845866079e-01 3.892352435824462664e-01 2.596630764229024280e-02 9.161958790676943618e-03
5.366780573808579424e-01 4.347244113889834893e-01 2.041360803930290790e-02 8.183923190855594415e-03
5.015754873430492422e-01 4.761845362186398201e-01 1.519934059267388435e-02 7.040635845637062060e-03
4.634432064985100075e-01 5.193325850885638362e-01 1.132380589423675858e-02 5.900402518689673581e-03
4.203086533409177150e-01 5.665611887842116889e-01 8.336996486642239690e-03 4.793161388228556717e-03
3.713683155322254903e-01 6.186483962117039770e-01 6.205143016217648522e-03 3.778145239853186472e-03
3.206439566059304802e-01 6.715787746975261374e-01 4.875610886381679700e-03 2.901657810161701375e-03
2.722912813056931336e-01 7.212630083647465495e-01 4.247527833477982885e-03 2.198182496082782839e-03
2.276062087439563175e-01 7.665962560632743061e-01 4.103943840655245590e-03 1.693591352114416550e-03
1.894362991985319156e-01 8.049308025112391629e-01 4.252339322730498521e-03 1.380558967498141327e-03
1.658459188148219132e-01 8.280334511245464046e-01 4.874934922539712195e-03 1.245695138092101995e-03
1.606107164247446706e-01 8.316107741963812972e-01 6.480852205677676767e-03 1.297657173196228213e-03
1.714865772162006696e-01 8.171978601561215028e-01 9.751173279592670329e-03 1.564389348084836793e-03
1.947386008234168464e-01 7.879746098938528176e-01 1.526817758744718201e-02 2.018611695283341768e-03
2.272196720686780469e-01 7.471866659028523205e-01 2.304639762810911999e-02 2.547264400360679543e-03
2.674855141042075113e-01 6.967998767402792115e-01 3.264766492482676363e-02 3.066944230686509225e-03
3.147639954553047570e-01 6.381153000363632977e-01 4.354340541368317830e-02 3.577299094648854223e-03
3.667156156328461036e-01 5.735212399693399021e-01 5.566138185022875828e-02 4.101762547584920232e-03
4.198782674087189748e-01 5.061464151012277091e-01 6.933373269687240215e-02 4.641584793180915727e-03
4.757328391422057656e-01 4.358131729908059637e-01 8.341087579057854251e-02 5.043112076409974470e-03
5.292043896598691566e-01 3.700604009200146871e-01 9.543688343087186610e-02 5.298325989244298886e-03
5.763693722242579920e-01 3.177460958568490423e-01 1.005062653853191351e-01 5.378266533573772441e-03
6.166650024404636277e-01 2.814016964042121982e-01 9.662431864091662603e-02 5.308982514407595797e-03
6.536926711256909606e-01 2.540593018427809713e-01 8.712761559953713375e-02 5.120411431990830320e-03
6.914165327471697431e-01 2.274664406587632581e-01 7.630743892130049943e-02 4.809587672766408271e-03
7.286995202834940510e-01 2.008748946179845785e-01 6.602242704677734053e-02 4.403158051744058589e-03
7.620227470487580534e-01 1.779083853693987083e-01 5.613509046819711162e-02 3.933777113646281035e-03
7.909802009737368911e-01 1.593653940901851584e-01 4.625219585746240258e-02 3.402209078615338420e-03
8.166026807910730101e-01 1.435295728236166135e-01 3.700209994827425436e-02 2.865646437035841015e-03
8.391238824088367299e-01 1.292559436773629278e-01 2.922140053861368297e-02 2.398773375186539266e-03
8.574643462729303334e-01 1.170137571914867392e-01 2.347260652484792903e-02 2.049290010734934261e-03
8.700605106362532259e-01 1.082102790821903998e-01 1.989338423064335865e-02 1.835826050913026437e-03
8.764766457824586521e-01 1.037152886934646079e-01 1.806519354679057832e-02 1.742871977286158036e-03
8.774569623814462149e-01 1.034453536523534389e-01 1.735989648919544076e-02 1.737787477005101836e-03
8.737491666785580646e-01 1.071540655303232642e-01 1.729414065188253705e-02 1.802627139236520973e-03
8.654360030945564830e-01 1.145926220716161903e-01 1.799810017043334404e-02 1.973274663394044247e-03
8.526144330088344381e-01 1.247082417756462808e-01 2.034876437476157429e-02 2.328560840758009138e-03
8.364265926518127392e-01 1.355148859138235184e-01 2.515452549540947783e-02 2.903995938954236338e-03
8.177303238700923682e-01 1.455209005738186956e-01 3.309056686612527054e-02 3.658208689963695151e-03
7.957694200422521513e-01 1.543720077912530131e-01 4.532993447644238783e-02 4.528637690052620367e-03
7.698463848215746363e-01 1.617476535490344758e-01 6.299726146488646150e-02 5.408700164504369988e-03
7.414093048855541213e-01 1.660019456415732508e-01 8.646596452422711243e-02 6.122784948645643849e-03
7.131663463605469877e-01 1.652789223699275833e-01 1.150505275810512901e-01 6.504203688474109388e-03
6.879939110978724459e-01 1.576321006419978965e-01 1.478907060017167485e-01 6.483282258413069522e-03
6.563112989356859606e-01 1.487914914970417390e-01 1.886379793855444686e-01 6.259230181727569800e-03
1.787286531507936982e-01 4.542939623914827446e-02 1.055875921551247508e-02 7.652831913945458142e-01
2.813507821550962490e-02 2.000621482751767655e-01 5.934406736430897222e-01 1.783620998662240331e-01
2.901835641768708840e-02 2.235313728021447732e-01 5.712485198787168317e-01 1.762017509014514038e-01
3.084356984963895071e-02 2.421906172026776771e-01 5.528447596491504745e-01 1.741210532985328907e-01
3.445464317500561424e-02 2.546982322051705716e-01 5.399603208896220918e-01 1.708868037302014864e-01
3.944687874237325781e-02 2.619348579062424354e-01 5.310381983318768206e-01 1.675800650195075348e-01
4.403354447626098983e-02 2.635517752542635983e-01 5.301705125005835573e-01 1.622441677688919448e-01
4.666001442643472746e-02 2.547612373546088160e-01 5.521291106572204788e-01 1.464496375617359847e-01
4.724751486306115467e-02 2.349860195518635175e-01 5.981801428306520174e-01 1.195863227544229357e-01
4.664589448862753451e-02 2.084872318540602343e-01 6.547506793804275249e-01 9.011619427688483119e-02
4.568702200705440641e-02 1.803922225014432390e-01 7.083874658280235881e-01 6.553328966347922446e-02
4.531345554163515588e-02 1.534625432934239031e-01 7.532426287414778487e-01 4.798137242346353637e-02
4.676128400231750054e-02 1.277235648115803701e-01 7.891625334901207767e-01 3.635261769598122084e-02
5.103736000652396576e-02 1.040372474943035142e-01 8.160745249898244680e-01 2.885086750934840946e-02
5.895013233718437301e-02 8.547731738446126548e-02 8.316210481509034302e-01 2.395150212745101800e-02
7.263096038109445596e-02 7.569383976866807251e-02 8.305619755096375068e-01 2.111322434059934722e-02
9.666758583609151578e-02 7.722770656113987775e-02 8.056523356956927229e-01 2.045237190707603972e-02
1.361791727368136529e-01 9.108137150065080678e-02 7.511295575096940125e-01 2.160989825284164931e-02
1.954793712191720545e-01 1.163414933648567462e-01 6.636597667116007626e-01 2.451936870437008975e-02
2.703322922184470678e-01 1.487810459716694123e-01 5.506396413866566641e-01 3.024702042322714376e-02
3.366231091773552730e-01 1.815160171267143907e-01 4.421269701239061156e-01 3.973390357202399165e-02
3.782592835620594562e-01 2.110545271630527575e-01 3.586242445627837450e-01 5.206194471210420782e-02
4.049415526123021913e-01 2.379337326999811097e-01 2.941403657757590273e-01 6.298434891195744956e-02
4.320023479188732640e-01 2.627448909971885072e-01 2.379826889726377459e-01 6.727007211130053843e-02
4.673220652539665232e-01 2.835676142514702569e-01 1.863122340499154539e-01 6.279808644464748846e-02
5.161727697867601883e-01 2.895620384743788356e-01 1.419595436913079767e-01 5.230564804755291619e-02
5.693799810940998185e-01 2.797324807187300810e-01 1.095967705639679379e-01 4.129076762320219030e-02
6.169831139406594112e-01 2.593112539167297115e-01 9.070592387236368903e-02 3.299970827024704262e-02
6.520360404120091324e-01 2.366783732504442184e-01 8.399952037826226292e-02 2.728606595928426484e-02
6.775628535847190159e-01 2.120194500230642987e-01 8.736695562331747711e-02 2.305074076889894463e-02
7.013592607466186957e-01 1.819246452260831481e-01 9.738127362491212635e-02 1.933482040238609923e-02
7.276901755214207901e-01 1.472637518351461450e-01 1.093866234393802428e-01 1.565944920405302684e-02
7.562632921113345841e-01 1.121882119807827288e-01 1.194603224054526097e-01 1.208817350243020401e-02
7.732989382357241537e-01 8.591191305814867285e-02 1.318209467205742891e-01 8.968201985553349298e-03
7.762157414677208767e-01 6.820655111375001356e-02 1.493387698368999483e-01 6.238937581629242987e-03
7.855839447641518314e-01 5.423179179756816570e-02 1.563472181532417626e-01 3.837045285038436730e-03
8.118006372808639348e-01 4.558993459194108505e-02 1.405134237758009497e-01 2.096004351393938956e-03
8.456629273558218252e-01 4.266014904337393082e-02 1.105768208609896053e-01 1.100102739814831296e-03
8.676568680837185576e-01 4.697471252294721511e-02 8.471620837989463082e-02 6.522110134394475600e-04
8.629480868137853200e-01 6.362534263561049619e-02 7.289903552958845734e-02 5.275350210156404913e-04
8.203948150764258651e-01 1.025322621873331064e-01 7.646066723975658563e-02 6.122554964843733875e-04
7.286300770848244124e-01 1.750814010912276342e-01 9.539405020191479845e-02 8.944716220333329181e-04
5.913858772515180329e-01 2.798254215532129940e-01 1.274022716028889446e-01 1.386429592380205005e-03
4.434795482276449596e-01 3.950699235787802910e-01 1.594127017490761800e-01 2.037826444498576361e-03
3.152890047295108245e-01 5.048458834392328676e-01 1.771859590662280548e-01 2.679152765028312150e-03
2.208825978872867857e-01 5.900055079100272604e-01 1.855843383217442577e-01 3.527555880941684111e-03
1.565066750803707218e-01 6.428308112247300699e-01 1.959655295591767321e-01 4.696984135722533441e-03
1.135173844383015468e-01 6.652118689089444592e-01 2.150489466494086288e-01 6.221800003345405103e-03
8.467389035316293111e-02 6.628721225678682050e-01 2.443961183467580067e-01 8.057868732210786075e-03
6.552981113177258621e-02 6.452139360634587817e-01 2.790865683325002289e-01 1.016968447226869465e-02
5.317663664403781548e-02 6.264295183751951157e-01 3.077830551115653956e-01 1.261078986920138346e-02
4.600986823651405377e-02 6.194367561777130993e-01 3.187333369751446654e-01 1.582003861062815375e-02
4.323769954655081599e-02 6.257508243357600142e-01 3.103128468893597280e-01 2.069862922832940016e-02
4.460487254330155332e-02 6.382902032843278395e-01 2.890710289620511131e-01 2.803389521031944553e-02
5.003050503519799325e-02 6.476122576196616798e-01 2.646331202336730803e-01 3.772411711146711477e-02
5.967050207790663974e-02 6.458391959812532779e-01 2.452451676533183300e-01 4.924513428752175237e-02
7.412108823568167026e-02 6.296840546779002290e-01 2.322441510183780589e-01 6.395070606804041657e-02
9.213043703556324238e-02 6.037801091835971468e-01 2.183369237896566062e-01 8.575252999118318509e-02
1.124484522186687124e-01 5.658792880075929066e-01 2.028276026675532306e-01 1.188446571061850809e-01
1.304352364147692844e-01 5.228546421594274518e-01 1.829969391520048783e-01 1.637131822737983855e-01
1.429594545863684396e-01 4.816768930446231334e-01 1.586658797356935435e-01 2.166977726333147725e-01
1.468002491103635176e-01 4.462340156341339514e-01 1.309032760231859938e-01 2.760624592323163706e-01
1.388849464576115134e-01 4.125446247368084185e-01 1.016194252198827364e-01 3.469510035856975816e-01
1.187407338127528938e-01 3.718230095717046102e-01 7.229866812650859176e-02 4.371375884890341124e-01
9.121598778219894288e-02 3.181380477865865530e-01 4.630817605177027507e-02 5.443377883794443539e-01
6.532146481314893283e-02 2.581493003465734626e-01 2.807620360738198942e-02 6.484530312328954382e-01
4.754954473058637526e-02 2.075299166579319399e-01 1.837351941455534626e-02 7.265470191969265468e-01
3.768081019803892762e-02 1.742946305159572828e-01 1.436758007679224923e-02 7.736569792092113929e-01
3.293173278461127701e-02 1.570082185096681737e-01 1.366906264472053482e-02 7.963909860610001168e-01
3.199935406211459193e-02 1.547166370747395936e-01 1.598064802384925251e-02 7.973033608392964267e-01
3.463270940253460745e-02 1.681668244669995704e-01 2.265146498189580387e-02 7.745490011485699489e-01
3.985759177214893978e-02 1.957804671340052927e-01 3.478412607034098852e-02 7.295778150235046056e-01
6.042705752894935722e-01 1.423888506621022454e-01 2.515685536640703268e-01 1.772020384333963545e-03
7.528226525074042941e-02 1.411158067883618861e-01 6.538641504056779130e-01 1.297377775552197576e-01
6.824808265299166232e-02 1.484614665180680471e-01 6.526647751625457294e-01 1.306256756663946306e-01
6.142481594853120563e-02 1.614288826467368820e-01 6.489505462376791156e-01 1.281957551670527273e-01
5.537312119402085925e-02 1.829620365985334951e-01 6.368448982678821535e-01 1.248199439395638044e-01
5.097187938305633437e-02 2.141540331881875703e-01 6.111827463414368777e-01 1.236913410873193842e-01
4.646148330742986415e-02 2.544371559134905314e-01 5.739639552074141671e-01 1.251374055716653888e-01
4.152469199087709811e-02 3.000896701765137231e-01 5.328035621681405098e-01 1.255820756644686897e-01
3.568736914501471902e-02 3.518646980911722677e-01 4.931518226149821382e-01 1.192961101488307224e-01
2.957971999154002454e-02 4.105332343562749786e-01 4.576003772732694652e-01 1.022866683789155351e-01
2.399133860009223726e-02 4.701568136902660733e-01 4.280249491759223757e-01 7.782689853371929645e-02
2.137259968189831119e-02 5.142128539690646871e-01 4.086884368258765221e-01 5.572610952316048999e-02
2.061231759362977187e-02 5.450488477484943806e-01 3.923097192371394204e-01 4.202911542073680534e-02
2.188869959461838682e-02 5.613133716639602255e-01 3.800255158177971437e-01 3.677241292362444514e-02
2.747179196713702559e-02 5.516214423029279779e-01 3.828392105404123669e-01 3.806755518952241457e-02
3.717076505039370454e-02 5.118062758313949301e-01 4.074181546868036463e-01 4.360480443140754558e-02
5.149795146312834832e-02 4.495773651350749023e-01 4.473279703536762186e-01 5.159671304812045445e-02
6.876126897772003033e-02 3.818544840258350503e-01 4.899847246238464016e-01 5.939952237259843448e-02
8.485032191260036272e-02 3.228160953627673968e-01 5.303653237968076750e-01 6.196825892782467649e-02
9.421015538544054435e-02 2.742601459325194058e-01 5.769508279696958786e-01 5.457887071234360926e-02
9.590418534891903546e-02 2.319783537567940979e-01 6.327936930257908044e-01 3.932376786849617334e-02
8.976225863972432661e-02 1.931445795547365174e-01 6.933167108289151059e-01 2.377645097662380372e-02
8.025808748825967454e-02 1.569975062469483318e-01 7.495599200512238491e-01 1.318448621356823475e-02
7.012610688446171969e-02 1.282016815197131732e-01 7.941291192859808445e-01 7.543092309843963360e-03
6.338170534488977992e-02 1.109838426696063002e-01 8.206530691896577467e-01 4.981382795846466330e-03
6.160824899986811626e-02 1.086226193692452352e-01 8.257577923000873898e-01 4.011339330798936037e-03
6.685288842339330573e-02 1.226537753387390295e-01 8.065655762883373603e-01 3.927759949530135360e-03
8.328745959337825744e-02 1.517919258108997860e-01 7.604911347921776699e-01 4.429479803543940643e-03
1.153158553849639723e-01 1.905379840031503624e-01 6.890655301276255029e-01 5.080630484260069586e-03
1.706666338830205021e-01 2.260938156269719501e-01 5.976720594981804746e-01 5.567490991827028085e-03
2.525756486177690996e-01 2.417262241104706499e-01 4.996512057140186092e-01 6.046921557741839065e-03
3.510031300345154426e-01 2.325200820586800776e-01 4.100860837986454732e-01 6.390704108159057754e-03
4.530807075703320308e-01 2.056106762642853913e-01 3.351051249504173879e-01 6.203491214965328737e-03
5.475762508244393922e-01 1.731645523821992438e-01 2.737455012544726674e-01 5.513695538888817999e-03
6.345292013041481383e-01 1.415610574317741899e-01 2.193295684019775649e-01 4.580172862100196328e-03
7.147523293595710037e-01 1.141715608573496965e-01 1.674783567916350857e-01 3.597752991444018097e-03
7.769082181648935270e-01 9.661700697615628608e-02 1.236789544834631799e-01 2.795820375487196967e-03
8.161588535589925364e-01 8.806831285570825008e-02 9.349296832591914852e-02 2.279865259380285322e-03
8.324373704631394810e-01 8.928273303752019829e-02 7.628701852660710325e-02 1.992877972733449014e-03
8.294291898839764032e-01 9.989329085865662761e-02 6.882317261482905069e-02 1.854346642538075036e-03
8.098266310137087753e-01 1.200833728888137386e-01 6.829950325213142437e-02 1.790492845346003349e-03
7.778764833634655984e-01 1.481532192078061638e-01 7.223044149472912512e-02 1.739855933999357460e-03
7.409764365307835998e-01 1.780220938442018119e-01 7.929179230431923631e-02 1.709677320695375796e-03
7.065228166245944852e-01 2.009637427152976552e-01 9.075177587453500672e-02 1.761664785572611327e-03
6.780318210986571170e-01 2.118384248514851853e-01 1.082110737515334792e-01 1.918680298324306529e-03
6.545701108651514888e-01 2.122527364664211491e-01 1.310520120087180218e-01 2.125140659709254861e-03
6.362313551749114726e-01 2.050552297195409601e-01 1.564375530714038343e-01 2.275862034144141531e-03
6.178349795074559170e-01 1.969428314231128907e-01 1.828862869672423230e-01 2.335902102188589999e-03
5.958551886194701774e-01 1.910598753222977619e-01 2.107432515352067326e-01 2.341684523025535335e-03
5.665508274098367547e-01 1.887597882098600577e-01 2.423320615474151007e-01 2.357322832888152780e-03
5.320493615101380414e-01 1.875069628258380916e-01 2.781062968516055944e-01 2.337378812418296464e-03
5.020591426377913891e-01 1.828671274101205391e-01 3.128835511572258254e-01 2.190178794861827923e-03
4.812848952714810502e-01 1.721769386339192520e-01 3.445401696124385515e-01 1.997996482161033035e-03
4.649203835499998161e-01 1.559507264227439072e-01 3.773006511531528662e-01 1.828238874103538724e-03
4.448575152003116928e-01 1.380516898129012793e-01 4.153767332454022521e-01 1.714061741384621243e-03
4.192680534543510307e-01 1.208282326971344689e-01 4.583149822073291357e-01 1.588731641185224400e-03
3.853002723016165643e-01 1.108472734493395201e-01 5.023667770403179578e-01 1.485677208726302219e-03
3.478497653933889655e-01 1.043553186254559950e-01 5.462954572168017275e-01 1.499458764353131957e-03
3.130407263034292176e-01 1.011646953880748212e-01 5.842567128948324973e-01 1.537865413663635269e-03
2.840619970901868685e-01 1.023257208018730074e-01 6.120322013338523881e-01 1.580080774087639023e-03
2.595507232595365421e-01 1.087407416574334429e-01 6.299984019308990657e-01 1.710133152130981389e-03
2.400385648920813908e-01 1.213275048150279922e-01 6.368256288625648853e-01 1.808301430325675056e-03
2.204155144586946169e-01 1.365874567983161592e-01 6.409935602809511135e-01 2.003468462038144726e-03
1.981068883937815162e-01 1.516313082582907146e-01 6.480720571570208755e-01 2.189746190906782797e-03
1.723363950780674170e-01 1.641530421684421759e-01 6.611718746967636395e-01 2.338688056726646609e-03
1.452868390614210359e-01 1.741357312866778362e-01 6.781186501857561222e-01 2.458779466145201344e-03
1.205849213511973467e-01 1.812604794235190275e-01 6.955752418592270336e-01 2.579357366056746551e-03
1.003522750923447615e-01 1.840061286056729195e-01 7.129714142279763855e-01 2.670182074005853640e-03
8.557297555994958227e-02 1.829759214122257671e-01 7.286795836638942925e-01 2.771519363930322576e-03
7.639762315467428511e-02 1.822074568512913884e-01 7.384374781424343226e-01 2.957441851599838280e-03
7.184294646056660349e-02 1.834526864827087933e-01 7.414541182086689108e-01 3.250248848055461211e-03
7.074229529217469781e-02 1.851400741004076145e-01 7.404801577191866269e-01 3.637472888231171007e-03
8.575537861339722623e-01 1.237211856417436417e-01 9.685820375703098339e-03 9.039207848581200591e-03
8.611401494544921320e-01 1.045811580862422568e-01 3.062466755952886199e-02 3.654024899736741348e-03
9.145753456955451055e-01 6.833823109319799027e-02 1.500940390198182706e-02 2.077019309275040301e-03
9.410628188053570264e-01 4.921700738960757548e-02 8.430033648726770190e-03 1.290140156308779455e-03
9.518588260022541325e-01 4.171139106729228330e-02 5.544427844164627299e-03 8.853550862889449525e-04
9.563682930967482010e-01 3.895273774698335828e-02 4.036622764794212462e-03 6.423463914744453277e-04
9.571365126804471934e-01 3.912712229656406526e-02 3.251260499030956489e-03 4.851045239577880005e-04
9.528394247027656139e-01 4.371733161449052607e-02 3.049536701697164610e-03 3.937069810466759315e-04
9.456773047331189508e-01 5.069885637694645369e-02 3.276999034346283254e-03 3.468398555881874201e-04
9.373860159235015699e-01 5.841855187659228399e-02 3.871761973394232444e-03 3.236702265121889658e-04
9.289408405682015868e-01 6.596517590307851564e-02 4.778603153728024425e-03 3.153803749920386476e-04
9.201656992789161160e-01 7.353039630538615867e-02 5.980075468607922058e-03 3.238289470897877430e-04
9.103903175856140617e-01 8.165855424030697696e-02 7.595417129628788747e-03 3.557110444500374380e-04
8.990025364276478248e-01 9.078203098617117217e-02 9.793738951205575860e-03 4.216936349755211135e-04
8.862738354388159934e-01 1.010311280925531852e-01 1.217247368165037466e-02 5.225627869801970082e-04
8.721717431139970333e-01 1.130562406608149606e-01 1.411482418008404814e-02 6.571920451039084746e-04
8.581526674268517008e-01 1.258715185811110637e-01 1.516965024423372679e-02 8.061637478036581209e-04
8.483041798707737779e-01 1.358428482815508265e-01 1.493903213676305887e-02 9.139397109125895445e-04
8.446807045824709093e-01 1.407907767503351060e-01 1.358350467206181390e-02 9.450139951320740478e-04
8.456467447174331742e-01 1.417269381377571913e-01 1.170779038037121980e-02 9.185267644383781791e-04
8.483130812193759862e-01 1.410353540031152875e-01 9.767409899270523832e-03 8.841548782380650139e-04
8.505862188396794421e-01 1.406335569210801217e-01 7.906275888368384866e-03 8.739483508720182229e-04
8.532052321973736531e-01 1.396748586743001841e-01 6.253142248492446834e-03 8.667668798336222334e-04
8.584579960816249855e-01 1.357969815977137507e-01 4.930340433648376826e-03 8.146818870128393064e-04
8.660857039720257777e-01 1.291069824696311763e-01 4.076229345197766862e-03 7.310842131453484938e-04
8.728604744572748819e-01 1.228127273470678432e-01 3.658895755181663847e-03 6.679024404758734977e-04
8.727046578002448651e-01 1.230647502021951917e-01 3.563218260562929247e-03 6.673737369970191534e-04
8.605585120960298484e-01 1.349676561657137674e-01 3.717097451281588423e-03 7.567342869748558886e-04
8.387909424113360046e-01 1.562810735382088034e-01 4.003150071436450096e-03 9.248339790186543537e-04
8.145113981296517869e-01 1.799187175093354130e-01 4.431523171145531487e-03 1.138361189867440407e-03
7.891844364757854002e-01 2.042032383425419761e-01 5.201724062196344880e-03 1.410601119476064501e-03
7.547510967810246996e-01 2.368166461629848951e-01 6.567980867042668737e-03 1.864276188947881210e-03
7.000827923954133780e-01 2.886253115549772263e-01 8.586368232403409489e-03 2.705527817205704687e-03
6.170232121519104718e-01 3.678908180436058495e-01 1.090770834346015128e-02 4.178261461023438129e-03
5.085547432320108863e-01 4.719357013769098774e-01 1.300415358722900941e-02 6.505401803850376086e-03
4.006630239237461977e-01 5.763789926550733078e-01 1.360352649193670611e-02 9.354456929244057278e-03
3.090200077745190455e-01 6.652087564098823069e-01 1.392695336656333931e-02 1.184428244903569863e-02
2.414759798152514569e-01 7.315567883035941632e-01 1.379411945247289821e-02 1.317311242868120062e-02
1.933108976365403298e-01 7.789861468064611660e-01 1.385521082086917620e-02 1.384774473612929852e-02
1.565752337610576139e-01 8.148590327178801829e-01 1.397746191913596704e-02 1.458827160192637841e-02
1.316605013876054886e-01 8.382172961937920386e-01 1.421396712215266048e-02 1.590823529644978807e-02
1.175686867399794722e-01 8.493709793767222349e-01 1.514272967495296045e-02 1.791760420834532380e-02
1.149352298187503452e-01 8.477389110978306164e-01 1.705180028677167128e-02 2.027405879664700983e-02
1.230684270404680258e-01 8.341711585643357685e-01 2.024256382089778886e-02 2.251785057429834050e-02
1.398502835248652543e-01 8.103804123927261793e-01 2.530822340538515375e-02 2.446108067702360001e-02
1.588490956015530808e-01 7.832022300866533504e-01 3.225168912131418097e-02 2.569698519047950575e-02
1.705590159492267055e-01 7.636522182853165974e-01 4.008184258834709968e-02 2.570692317710961128e-02
1.707103411886944921e-01 7.565329209652272846e-01 4.806356382235279362e-02 2.469317402372567943e-02
1.653935028246177885e-01 7.566892645153109331e-01 5.494438569340157758e-02 2.297284696667001996e-02
1.570439089371605812e-01 7.635206613349497795e-01 5.891172522119881433e-02 2.052370450669076946e-02
1.468198449482883694e-01 7.772363676022442380e-01 5.841524878597819520e-02 1.752853866348895798e-02
1.357019861810539463e-01 7.964398602001873106e-01 5.349389193086809269e-02 1.436426168789076314e-02
1.255708604030646436e-01 8.177535902079459129e-01 4.527349206268720117e-02 1.140205732630204111e-02
1.184307791884929295e-01 8.370754917803409079e-01 3.562315373955036307e-02 8.870575291615718019e-03
1.102647365903087068e-01 8.570676039322679962e-01 2.589141864118496561e-02 6.776240836237883841e-03
1.019155016874678799e-01 8.750600265294896651e-01 1.791481189004483568e-02 5.109659892997401621e-03
9.272453343977664353e-02 8.913879869024440294e-01 1.210811527166759383e-02 3.779364386111453041e-03
8.205117587812509050e-02 9.071679064520529190e-01 8.081001117944137946e-03 2.699916551878077213e-03
7.071487826508134067e-02 9.220767556096888251e-01 5.337352066618443469e-03 1.871014058611332855e-03
6.157682247914566392e-02 9.334733492353592954e-01 3.610303961998715533e-03 1.339524323496366553e-03
5.694856090126083903e-02 9.393571922794360374e-01 2.628778320687675651e-03 1.065468498615269486e-03
5.754126185688116651e-02 9.393599400104014618e-01 2.138874024644099071e-03 9.599241080732422160e-04
6.343245398411817559e-02 9.336974327515111804e-01 1.942105767987021810e-03 9.280074963837089920e-04
7.552617818087756230e-02 9.217079734211520714e-01 1.874417311838846812e-03 8.914310861314748199e-04
9.713737982056604159e-02 9.001940144843617597e-01 1.847402992876599022e-03 8.212027021957170889e-04
1.379383570022181538e-01 8.597646278654670349e-01 1.571508008200706279e-03 7.255071241142939473e-04
2.057213473765775458e-01 7.919825648257513562e-01 1.601917747879739052e-03 6.941700497913202940e-04
3.026543153008048326e-01 6.948423722244859713e-01 1.776952582553139020e-03 7.263598921557891212e-04
4.112060221549344585e-01 5.858677812792622008e-01 2.102838940008536824e-03 8.233576257950295501e-04
5.074079228382210038e-01 4.890018269827518527e-01 2.587276327331720655e-03 1.002973851695246549e-03
5.761126670902775304e-01 4.194311823447359755e-01 3.141360603475753903e-03 1.314789961510852727e-03
6.116508649574068368e-01 3.827822511697070995e-01 3.662153582442158762e-03 1.904730290443786521e-03
4.114047402005392012e-02 8.570150171100883452e-02 3.294811787588851348e-02 8.402099063930486000e-01
4.252432011119310767e-02 8.447725310566352175e-02 4.758143557027377096e-02 8.254169912128694886e-01
4.252148797867975893e-02 7.903385583444964835e-02 6.309177861433322432e-02 8.153528775725374933e-01
4.142067481073603841e-02 7.161167821782030152e-02 7.719913594774895083e-02 8.097685110236947370e-01
3.975409435477247899e-02 6.396300340116237160e-02 8.773929735182299516e-02 8.085436048922424179e-01
3.818125133036460311e-02 5.720119502260376243e-02 9.403469438699120497e-02 8.105828592600405891e-01
3.719319345837514973e-02 5.188115330991237284e-02 9.725244078644496026e-02 8.136732124452674686e-01
3.700559443474064902e-02 4.816053846074599964e-02 9.939286249915908755e-02 8.154410046053541805e-01
3.716988128742140102e-02 4.540692119038336472e-02 1.009154202426685021e-01 8.165077772795268363e-01
3.630601935347103904e-02 4.206835391163908644e-02 9.968933488051599789e-02 8.219362918543736685e-01
3.359618411017475936e-02 3.741413576918437012e-02 9.509264415673841786e-02 8.338970359639020780e-01
2.998438258471215756e-02 3.267382807932294603e-02 9.077422811007243575e-02 8.465675612258922733e-01
2.625240728981074328e-02 2.867438060576833758e-02 8.884664680426597461e-02 8.562265653001550625e-01
2.239761277152557684e-02 2.513435334194319762e-02 8.809590709092099403e-02 8.643721267956102627e-01
1.874163234212352508e-02 2.205613255024727742e-02 8.790402491953037967e-02 8.712982101880987207e-01
1.589683543252227993e-02 1.990585352583468595e-02 8.948895928848987769e-02 8.747083517531533126e-01
1.401558327030979524e-02 1.885619924433497296e-02 9.386304783568009957e-02 8.732651696496751548e-01
1.288543322300406829e-02 1.882623305227381846e-02 1.017351455358234957e-01 8.665531881888990373e-01
1.226711218453661531e-02 1.977846036256209958e-02 1.145572970729835383e-01 8.533971303799179342e-01
1.197966324112877123e-02 2.170865731257641540e-02 1.342630407010516336e-01 8.320486387452427079e-01
1.180006632467205108e-02 2.445310965984123786e-02 1.615057730156704008e-01 8.022410509998164629e-01
1.151887159657028620e-02 2.788869790198522311e-02 1.972919326172410948e-01 7.633004978842032884e-01
1.097472611746279532e-02 3.206245341865342907e-02 2.451847472765669445e-01 7.117780731873168953e-01
1.533212883640797386e-01 2.503867815493394100e-01 9.238841745874587508e-02 5.039035126278347265e-01
2.007979947006571231e-01 2.744328421682454278e-01 9.259649391152080522e-02 4.321726692195769215e-01
2.477539486778221889e-01 2.994686289752586661e-01 9.364303792341879817e-02 3.591343844235001526e-01
2.926173791341844521e-01 3.274135934587589225e-01 9.245936993117304104e-02 2.875096574758835288e-01
3.291494649492910929e-01 3.653448058020276057e-01 8.864580787541534446e-02 2.168599213732654851e-01
3.532390039118269431e-01 4.138185793070300877e-01 8.095950296496047527e-02 1.519829138161824800e-01
3.471100930718205024e-01 4.765864028690239285e-01 7.127934950791019186e-02 1.050241545512453079e-01
3.011730891440029256e-01 5.583344954438687058e-01 6.209829292737053391e-02 7.839412248475788325e-02
2.389241840125303218e-01 6.400460061721096050e-01 5.589800443702287736e-02 6.513180537833730688e-02
1.871470888986115910e-01 7.034793517116922912e-01 5.096011156399735120e-02 5.841344782569880129e-02
1.511818182276016553e-01 7.508066109958884127e-01 4.416573097244565205e-02 5.384583980406437709e-02
1.269088052728590821e-01 7.884717577077812178e-01 3.521165463469712320e-02 4.940778238466252137e-02
1.125023060526716551e-01 8.156388930946607552e-01 2.663236528118111818e-02 4.522643557148639526e-02
1.092440352025193379e-01 8.277579083808214166e-01 2.054520965520803891e-02 4.245284676145119618e-02
1.188264449287514957e-01 8.220923076708682720e-01 1.721049716317945427e-02 4.187075023720083361e-02
1.407456917545566732e-01 8.005210585020362535e-01 1.568348208629151766e-02 4.304976765711573949e-02
1.724169562708234849e-01 7.674087101231313879e-01 1.505100876772033983e-02 4.512332483832519336e-02
2.094499709655406328e-01 7.280270500141070578e-01 1.494841329313059339e-02 4.757456572722189997e-02
2.459365911903877433e-01 6.881875292111636622e-01 1.544331406022795422e-02 5.043256553822051541e-02
2.781535202951447849e-01 6.502563282552007440e-01 1.701751033083324927e-02 5.457264111882112467e-02
3.046497927336868639e-01 6.159432844283569963e-01 1.949259115714695526e-02 5.991433168080946559e-02
3.283116351634289831e-01 5.845428137748539532e-01 2.214613550788015542e-02 6.499941555383702274e-02
3.530002839450121499e-01 5.535805567368486946e-01 2.466501885383841353e-02 6.875414046430065873e-02
3.784173941594175528e-01 5.256808241728975206e-01 2.583685674222608100e-02 7.006492492545850215e-02
4.046572684046439439e-01 5.014596713912827797e-01 2.511380788490351693e-02 6.876925231916926340e-02
4.327494559068238988e-01 4.785315208406469845e-01 2.318037919934896190e-02 6.553864405318028663e-02
4.636307780948095703e-01 4.543056271340727981e-01 2.094959840622529976e-02 6.111399636489218967e-02
4.973021829261805582e-01 4.276767735532844283e-01 1.896787625593753315e-02 5.605316726459746296e-02
5.319357566359932399e-01 3.999876832122591930e-01 1.727381163645551679e-02 5.080274851529206076e-02
5.654022457702072568e-01 3.736990741875892419e-01 1.542518477076916354e-02 4.547349527143410008e-02
5.967189680844207089e-01 3.502233681547802790e-01 1.281796166554281455e-02 4.023970209525621483e-02
6.231927225315910812e-01 3.303018680027969278e-01 1.088243759290563953e-02 3.562297187270643817e-02
6.433101510539905865e-01 3.155910897884004473e-01 9.354250527082096436e-03 3.174450863052658695e-02
6.559428496496122474e-01 3.078103559508841292e-01 8.145856413915913627e-03 2.810093798558759362e-02
6.623351191407624849e-01 3.068285227862028175e-01 6.928815353955874654e-03 2.390754271907871362e-02
6.649654176357950863e-01 3.102370615832444889e-01 5.645516070094774332e-03 1.915200471086545009e-02
6.667376984653762273e-01 3.140033659533145172e-01 4.549010356229012467e-03 1.470992522508033848e-02
6.697994727831845241e-01 3.150809378332301014e-01 3.819444057272319230e-03 1.130014532631278858e-02
6.745324203967846266e-01 3.130230536979283773e-01 3.421840502635981225e-03 9.022685402650896039e-03
6.812421124678591511e-01 3.078817457936711133e-01 3.229763773367491653e-03 7.646377965102112151e-03
6.892460533144921797e-01 3.006107656120199367e-01 3.154037327434996811e-03 6.989143746052769654e-03
6.951071222481618461e-01 2.945963334954156410e-01 3.207996798678487346e-03 7.088547457743938837e-03
6.939913536046622422e-01 2.944085380342231217e-01 3.447132023624448205e-03 8.152976337490213873e-03
6.813102596880715733e-01 3.043442927364827799e-01 3.863436891488550122e-03 1.048201068395721372e-02
6.555614066117529948e-01 3.254173420270237149e-01 4.441623372505198140e-03 1.457962798871817629e-02
6.204930019857188839e-01 3.533241527000317572e-01 5.147293579653800487e-03 2.103555173459557143e-02
5.802370337713379511e-01 3.837431863462644754e-01 5.900595521952759458e-03 3.011918436044476802e-02
5.321604214461809201e-01 4.191114959790183669e-01 6.570330591985366203e-03 4.215775198281516284e-02
4.674199170948417636e-01 4.659881641661390295e-01 7.619032853582208796e-03 5.897288588543703886e-02
3.805968824821540086e-01 5.265605238395899557e-01 8.185553263609833541e-03 8.465704041464584828e-02
2.780913749979481153e-01 5.898778145899208347e-01 8.433820069913014472e-03 1.235969903422178551e-01
1.802808320228392880e-01 6.340949142469557431e-01 7.849502445158086997e-03 1.777747512850473277e-01
1.080169909764346903e-01 6.403817112427849789e-01 6.470211594542888030e-03 2.451310861862376622e-01
6.427661980080766335e-02 6.161156353191256096e-01 4.960560183137037796e-03 3.146471846969298158e-01
4.189853211718416737e-02 5.839087871428851884e-01 3.889086689468274072e-03 3.703035940504624257e-01
3.243947238740577804e-02 5.622278242139765458e-01 3.388645053535869773e-03 4.019440583450819560e-01
3.092629077889006567e-02 5.619737095050747477e-01 3.382819244940454221e-03 4.037171804710942280e-01
3.518635621456970425e-02 5.922632924360921036e-01 3.701332904476835762e-03 3.688490184448613984e-01
4.433350207547622629e-02 6.570295808672883542e-01 4.090646961903740553e-03 2.945462700953317969e-01
5.879057448878464986e-02 7.392286227032194290e-01 4.472663253598067878e-03 1.975081395543982488e-01
8.296133603599814554e-02 7.939994788002440185e-01 5.195495400405598062e-03 1.178436897633524105e-01
1.225327851519382727e-01 7.978151823544293864e-01 5.850068376977652154e-03 7.380196411665473910e-02
1.760031850503419593e-01 7.685256784176209832e-01 4.625635657093320197e-03 5.084550087494386222e-02
2.415179402762685501e-01 7.181085387096851624e-01 3.540240560056646078e-03 3.683328045398972378e-02
3.199529345608888575e-01 6.499524515580406003e-01 2.451906775418034694e-03 2.764270710565263148e-02
3.963645736059343561e-01 5.805361469187417800e-01 1.828881308168612673e-03 2.127039816715514675e-02
4.565379589597455268e-01 5.249878424193397120e-01 1.537342475936404138e-03 1.693685614497797073e-02
4.928351108905684730e-01 4.910893774489302199e-01 1.743203194848613182e-03 1.433230846565259654e-02
5.098939852995448829e-01 4.749673166898795706e-01 1.902306026706264896e-03 1.323639198386933856e-02
5.050871163634562677e-01 4.793615497067364450e-01 2.021763671544832969e-03 1.352957025826231549e-02
4.840654106177225136e-01 4.989638463734044627e-01 2.031734112048871801e-03 1.493900889682428859e-02
4.639847042973289093e-01 5.183004517759568497e-01 1.739248016592820313e-03 1.597559591012156013e-02
4.567828787157317549e-01 5.265581716829187409e-01 1.725877724385743673e-03 1.493307187696403006e-02
4.776573171365907089e-01 5.080692310777995546e-01 1.809757226415688010e-03 1.246369455919398711e-02
5.230356747444299126e-01 4.644319980912795520e-01 2.053511467207542237e-03 1.047881569708310028e-02
5.751145921212917900e-01 4.123322694618474227e-01 2.791336434846983672e-03 9.761801982013828399e-03
6.238001237663595155e-01 3.629374230186707684e-01 3.090672824496071280e-03 1.017178039047355632e-02
6.516477265360256510e-01 3.321881063968037395e-01 4.463074105813696381e-03 1.170109296135701457e-02
6.470775931686787441e-01 3.310425098265586397e-01 8.196697823140730241e-03 1.368319918162192415e-02
6.095392403838605366e-01 3.578454729955853342e-01 1.675576418260728978e-02 1.585952243794675268e-02
5.487996308350229224e-01 3.987387328627879368e-01 3.428459572790332199e-02 1.817704057428579448e-02
4.850426799898725494e-01 4.318016844366732165e-01 6.289299805353026906e-02 2.026263751992407255e-02
4.358031994047902868e-01 4.475852475434523581e-01 9.499346497518307286e-02 2.161808807657409487e-02
4.011333337284255229e-01 4.594862351833675085e-01 1.176318096084867787e-01 2.174862147972021070e-02
3.798812885952693175e-01 4.702952691755167836e-01 1.293731495542693177e-01 2.045029267494442166e-02
3.641396814653592995e-01 4.841690163259407265e-01 1.334338488849426407e-01 1.825745332375745128e-02
3.496867149567545741e-01 5.019833026054599801e-01 1.318450204331631237e-01 1.648496200462204811e-02
3.328033254638605998e-01 5.210040228562469178e-01 1.300937755894492620e-01 1.609887609044329329e-02
3.116817562635593730e-01 5.378709697014881774e-01 1.332171468868069697e-01 1.723012714814570537e-02
