2.000052590368203362e-02 7.237333195666999230e-02 8.543400947708067461e-01 5.328604736884180043e-02
2.728513446336484211e-02 8.743320030787148367e-01 5.532290981667276758e-02 4.305995264124751198e-02
2.926642642200552591e-02 8.617722275161189271e-01 6.232982485969218445e-02 4.663152120218353597e-02
3.356697093197429788e-02 8.391379291983401822e-01 7.202338819569237272e-02 5.527171167399294593e-02
4.102081719728314924e-02 7.986316255447399870e-01 8.698790769275267787e-02 7.335964956522435243e-02
5.086099799836997504e-02 7.379968760642966474e-01 1.075677890936917180e-01 1.035743368436416040e-01
6.097079587148609287e-02 6.635107085277170968e-01 1.310685944978899897e-01 1.444499011029069802e-01
6.967666862340032852e-02 5.860175696591962691e-01 1.539591130833518617e-01 1.903466486340513741e-01
7.697410047486319407e-02 5.138948389478755763e-01 1.755574226866576659e-01 2.335736378906032307e-01
8.433066496250264665e-02 4.503467959740677928e-01 1.984755428991825943e-01 2.668469961642464527e-01
9.313375292271838801e-02 3.994189171666862603e-01 2.225483648641821133e-01 2.848989650464128776e-01
1.040006694681392674e-01 3.628689356679751787e-01 2.444805531036720880e-01 2.886498417602134658e-01
1.169392328546550869e-01 3.383113145316293258e-01 2.594499407955090930e-01 2.852995118182065082e-01
1.340354473655566980e-01 3.175241133961698714e-01 2.682977997487706046e-01 2.801426394895026317e-01
1.587860266393540110e-01 2.967072275691987060e-01 2.711209421285793453e-01 2.733858036628678545e-01
1.944502745825084367e-01 2.735441232010094592e-01 2.702360299955948730e-01 2.617695722208872033e-01
2.382097863315515984e-01 2.490432170824327385e-01 2.707745355329804759e-01 2.419724610530350206e-01
2.778254091475315657e-01 2.294270721296129134e-01 2.773872816635617466e-01 2.153602370592938575e-01
2.999932215099054833e-01 2.176871642363927828e-01 2.966309833863297052e-01 1.856886308673717512e-01
2.981780485797955182e-01 2.121291735292857861e-01 3.358657859385210109e-01 1.538269919523979068e-01
2.778744960240126516e-01 1.977804909753171636e-01 4.042753495253753604e-01 1.200696634752947412e-01
2.432557147371101625e-01 1.629097117988524690e-01 5.057605976765116029e-01 8.807397578752573786e-02
2.034360677597758793e-01 1.181021101718708471e-01 6.147039827997594630e-01 6.375783926859385220e-02
1.739418910392598050e-01 8.561258356509882095e-02 6.899563392519640903e-01 5.048918614367720742e-02
1.621052771593557706e-01 7.013052180110750100e-02 7.205986166743131305e-01 4.716558436522354236e-02
1.655002926676808761e-01 6.528207771094068912e-02 7.182274076518945227e-01 5.099022196948396757e-02
1.817671796138385087e-01 6.452396197319834603e-02 6.946906977011860773e-01 5.901816071177731077e-02
2.095606874862393221e-01 6.333076878894818018e-02 6.596579765918177962e-01 6.745056713299461826e-02
2.457339146392099050e-01 6.075249631855158400e-02 6.200869283784682384e-01 7.342666066377007139e-02
2.838009596293286085e-01 5.897495460908302317e-02 5.812497530045891425e-01 7.597433275699928823e-02
3.178169102677793068e-01 6.019805249446635864e-02 5.464009381530672282e-01 7.558409908468739780e-02
3.485950107654102181e-01 6.403736393132671012e-02 5.139700087413882068e-01 7.339761656187489269e-02
3.783742824844662511e-01 6.820682538194468292e-02 4.832523876843227706e-01 7.016650444926603170e-02
4.049846806128191701e-01 7.067325460717521768e-02 4.575010000211239825e-01 6.684106475888160204e-02
4.223073876664247828e-01 7.123175173241894087e-02 4.409939937848082470e-01 6.546686681634791838e-02
4.239253885050730530e-01 7.148441661609603037e-02 4.355731053345449633e-01 6.901708954428591170e-02
4.079034497690929850e-01 7.243992114008694638e-02 4.402505255617170654e-01 7.940610352910300318e-02
3.751406664544814640e-01 7.379491004678551125e-02 4.555859205069595075e-01 9.547850299177385036e-02
3.241824255517221087e-01 7.513569461606976752e-02 4.873499849617276558e-01 1.133318948704803292e-01
2.566250908047822410e-01 7.457418095278463277e-02 5.428851524391051786e-01 1.259155758033275729e-01
1.845766246022950696e-01 6.982078142387543318e-02 6.197033732161568720e-01 1.258992207576724587e-01
1.235735347567135656e-01 6.099075023575636911e-02 7.029340398042742688e-01 1.125016752032557549e-01
8.012170005640670278e-02 5.047430385288743243e-02 7.770259789505411518e-01 9.237801714016473376e-02
5.264574608418952362e-02 4.090006422994470897e-02 8.336081237470441829e-01 7.284606593882186898e-02
3.722333696856467561e-02 3.399333243986953079e-02 8.706151443978025206e-01 5.816818619376318278e-02
2.984827451509589058e-02 3.033488969051005915e-02 8.899649968954641555e-01 4.985183889892954440e-02
2.691713095481452350e-02 2.894816353363879879e-02 8.970086950986487784e-01 4.712601041289798953e-02
2.570777200773763718e-02 2.804374534068088815e-02 8.974222094916565196e-01 4.882627315992515982e-02
2.420156064832322540e-02 2.635250434724636243e-02 8.961050590227093160e-01 5.334087598172086025e-02
2.161320462660612854e-02 2.396567258741628959e-02 8.964370969514861009e-01 5.798402583449134562e-02
1.853225186266790198e-02 2.163800742307219263e-02 9.002075184686206821e-01 5.962222224563928225e-02
1.584154654758790706e-02 2.002197010743693786e-02 9.069453197932467736e-01 5.719116355172870064e-02
1.402969860916149225e-02 1.939682600044107669e-02 9.140407560464834935e-01 5.253271934391406939e-02
1.294620560206172742e-02 1.921224455462560224e-02 9.208120686604539529e-01 4.702948118285821960e-02
1.227808483866253859e-02 1.879209940508914933e-02 9.277668731034213190e-01 4.116294265282746667e-02
1.186893957479032667e-02 1.803539685735342651e-02 9.344977141637463847e-01 3.559794940410947184e-02
1.127453277851578339e-02 1.824275442800739333e-02 9.392746080203403514e-01 3.120810477313622211e-02
1.207114768809271904e-02 1.763019589633829307e-02 9.419101966975090834e-01 2.838845971805994961e-02
1.318652329416825780e-02 1.988457370166428484e-02 9.388115468881351733e-01 2.811735611603202734e-02
1.501312550673892035e-02 2.495487135036387333e-02 9.296887864393941214e-01 3.034321670350333122e-02
1.709558036736569253e-02 3.303547917994208855e-02 9.152787126611718893e-01 3.459022779152031574e-02
1.891411322826454244e-02 4.384656429735733774e-02 8.968001972762560392e-01 4.043912519812193490e-02
1.995948034993208497e-02 5.697519347134192419e-02 8.759225735382789590e-01 4.714275264044696240e-02
2.012409103758096285e-02 7.295002419242400948e-02 8.535532546245407914e-01 5.337263014545386153e-02
1.979075689356205731e-02 9.448837714952079692e-02 8.272337665575130172e-01 5.848709939940417019e-02
1.956421273801724897e-02 1.259488645865276535e-01 7.908476848397428816e-01 6.363923783571233395e-02
1.960705290384873525e-02 1.677485651728878868e-01 7.436270829482206635e-01 6.901729897504270406e-02
1.951040244826275985e-02 2.134029410015119699e-01 6.945619340391148144e-01 7.252472251111065360e-02
1.925060649093205886e-02 2.581170884922618924e-01 6.491936751608037293e-01 7.343862985600224658e-02
1.921558450522508482e-02 3.045545097349114383e-01 6.032232175236452720e-01 7.300668823621814241e-02
1.979602526324670403e-02 3.566868157920329296e-01 5.507986203442900575e-01 7.271853860043028805e-02
2.162307521129470597e-02 4.141631165486487909e-01 4.906302396218388262e-01 7.358356861821768735e-02
7.244029316699740484e-01 2.402172674444835176e-01 4.813668299140212714e-03 3.056613258640228370e-02
3.755543131973602122e-01 3.406123152111174002e-01 2.929180026913845089e-02 2.545415713223840304e-01
4.799290671920736773e-01 2.920871608777456663e-01 2.325103633921930812e-02 2.047327355909614455e-01
5.837874413435532039e-01 2.442483633178394176e-01 1.824582262036454974e-02 1.537183727182428461e-01
6.729142984092663093e-01 2.020133476728682431e-01 1.449488786867291282e-02 1.105774660491923717e-01
7.403600569705807155e-01 1.681161148148579143e-01 1.198615072645793991e-02 7.953767748810336435e-02
7.886275359265069174e-01 1.417503988346274224e-01 1.042593578749445755e-02 5.919612945137123911e-02
8.239588355795153252e-01 1.201839651850715313e-01 9.478743646943805362e-03 4.637845558846923760e-02
8.505418583264801047e-01 1.016957600572913761e-01 8.977242179871607053e-03 3.878513943635704397e-02
8.697501649607902729e-01 8.654857840864770002e-02 8.870422773955439003e-03 3.483083385660651343e-02
8.824571870025886833e-01 7.545550678788816301e-02 9.091636884363679671e-03 3.299566932515947404e-02
8.907247891669822781e-01 6.773266599252045217e-02 9.583260716722620184e-03 3.195928412377483513e-02
8.978217669098672582e-01 6.132332885201428191e-02 1.018308601110059532e-02 3.067181822701790100e-02
9.060632380479118897e-01 5.476968523151517360e-02 1.062447730415754139e-02 2.854259941641572665e-02
9.156192355283472306e-01 4.792324759351259539e-02 1.074016774021636055e-02 2.571734913792420377e-02
9.250359422365381779e-01 4.126524858096022874e-02 1.059979430873481641e-02 2.309901487376659138e-02
9.326907967159354662e-01 3.520296131840866538e-02 1.042067893312347525e-02 2.168556303253255102e-02
9.378773050611589612e-01 2.997719767880927672e-02 1.032843070465264135e-02 2.181706655537890213e-02
9.402530835540804377e-01 2.617094644710147786e-02 1.032594000902841390e-02 2.325002998978953350e-02
9.383944163416744200e-01 2.458175856997994388e-02 1.063611932329171228e-02 2.638770576505379550e-02
9.299708997686995104e-01 2.587992390881050514e-02 1.160998674551629202e-02 3.253918957697355535e-02
9.124360566566823705e-01 3.068808426388318703e-02 1.350681491491909428e-02 4.336904416451529271e-02
8.839144984821692974e-01 3.960729938984926951e-02 1.639608496946885069e-02 6.008211715851249912e-02
8.465319618651442335e-01 5.260649555595987847e-02 1.986172400606535035e-02 8.099981857283045095e-02
8.055034325976363485e-01 6.891417557859502718e-02 2.342114445486134788e-02 1.021612473689074430e-01
7.667418511959319671e-01 8.583390046371236481e-02 2.669791416745109780e-02 1.207263341729044731e-01
7.286046992336656647e-01 1.034437297341938705e-01 3.128816846770982735e-02 1.366634025644306583e-01
6.912693831226858210e-01 1.199301375021130933e-01 3.808079749752234233e-02 1.507196818776791181e-01
6.510929449155843374e-01 1.374202251477641690e-01 4.863722150794378557e-02 1.628496084287073542e-01
6.050508756444616942e-01 1.619329262812264358e-01 6.399823484847511068e-02 1.690179632258367315e-01
5.495574263365177181e-01 2.022765047685914919e-01 8.455531997016992041e-02 1.636107489247207170e-01
4.828359442751500308e-01 2.672693487288436143e-01 1.058043427390176067e-01 1.440903642569890120e-01
4.041766619441783392e-01 3.597146757788309834e-01 1.225034427645987772e-01 1.136052195123918168e-01
3.235771462648551755e-01 4.664381357132240113e-01 1.286494358878823296e-01 8.133528213403874718e-02
2.548903315641602441e-01 5.643942510108634902e-01 1.254249711859898586e-01 5.529044623898631688e-02
2.036169750696718295e-01 6.418752466783612665e-01 1.173721884369792051e-01 3.713558981498782385e-02
1.666799385798686250e-01 7.006580262366155498e-01 1.076954852982426047e-01 2.496654988527322733e-02
1.397361901401368567e-01 7.448230919251560556e-01 9.848324586969832428e-02 1.695747206500877041e-02
1.224896767731283309e-01 7.727367318008206976e-01 9.265168419431157876e-02 1.212190723173935114e-02
1.166055294577459100e-01 7.809973541777875949e-01 9.276939807012084260e-02 9.627718294345520567e-03
1.227942189655539806e-01 7.697343697607164081e-01 9.871492372426776685e-02 8.756487549461984890e-03
1.404515296226094279e-01 7.450509032472558690e-01 1.056615325146268436e-01 8.836034615507835227e-03
1.702659864668118195e-01 7.133570628782768264e-01 1.070345092299361534e-01 9.342441424975147027e-03
2.166659220599223834e-01 6.728313542260081492e-01 1.004929456354959061e-01 1.000977807857357516e-02
2.892730780924075429e-01 6.110540677282664257e-01 8.893317002929725101e-02 1.073968415002897990e-02
3.914710686885601865e-01 5.243593858276375252e-01 7.311838965898537213e-02 1.105115582481685024e-02
5.240870034876146111e-01 4.097848372836373487e-01 5.554637032353739595e-02 1.058178890521057659e-02
6.580612844878838130e-01 2.937569549974142213e-01 3.890838670880210348e-02 9.273373805899947156e-03
7.651447345326362059e-01 2.017317119820168370e-01 2.563558210347974264e-02 7.487971381867243072e-03
8.402048088973248507e-01 1.380565042565248812e-01 1.616266515548136357e-02 5.576021690669082272e-03
8.907550601286609027e-01 9.556848329372903683e-02 9.832464662243025136e-03 3.843991915367114300e-03
9.244643857390760777e-01 6.707781869649062645e-02 5.915667503680783167e-03 2.542128060752239013e-03
9.464958408852048866e-01 4.811686422733451457e-02 3.685060576865193619e-03 1.702234310595305070e-03
9.586901368633992115e-01 3.757498391559026957e-02 2.495752249897129418e-03 1.239126971113346755e-03
9.663941504065864940e-01 3.077474428778727636e-02 1.848770681078376653e-03 9.823346245481133845e-04
9.702673178779698260e-01 2.740854273150515608e-02 1.481248593378206059e-03 8.428907971468986224e-04
9.720968635314918282e-01 2.589244072383798875e-02 1.248689794087179568e-03 7.620059505830806268e-04
9.728444144002772465e-01 2.537272287660884834e-02 1.066461128434430077e-03 7.164015946796426339e-04
9.735237645421798147e-01 2.491885809144669603e-02 8.684763164360809759e-04 6.889010499374971811e-04
9.753799938219902543e-01 2.328869464463960773e-02 6.530616611494190942e-04 6.782498722207486608e-04
9.790138012312201710e-01 1.982932474992830235e-02 4.629939777747180477e-04 6.938800410767887979e-04
9.838531632201699129e-01 1.510515945873930517e-02 3.164422101248924785e-04 7.252351109659175166e-04
9.885285842610924689e-01 1.048829679107398868e-02 2.141926335075784390e-04 7.689263143262146504e-04
9.918385945070196108e-01 7.136311783436291752e-03 1.538622442010440688e-04 8.712314653430157287e-04
9.935562522155988452e-01 5.189437974436759450e-03 1.265321271551541368e-04 1.127777682809078105e-03
9.937898267676394948e-01 4.330364426201080245e-03 1.266348698335877337e-04 1.753173936325910049e-03
9.922545030155784929e-01 4.274045619727503444e-03 1.585580188976537823e-04 3.312893345796345465e-03
9.858785427703679050e-01 6.333097365948707307e-03 2.561105534544676795e-04 7.532249310229026037e-03
9.733938261626284838e-01 8.885855513573192449e-03 4.272421579283906205e-04 1.729307616586972518e-02
9.473277918449306556e-01 1.300947597925476186e-02 7.528576711247906205e-04 3.890987450469009234e-02
8.971789775233894870e-01 1.886271049270723393e-02 1.354885387348406722e-03 8.260342659655500741e-02
8.127626253246813537e-01 2.595838962409652631e-02 2.407047510143906985e-03 1.588719375410781731e-01
2.481541525532088843e-01 4.527395497380849454e-01 3.081972763304843474e-02 2.682865700756579264e-01
1.158531419246524446e-01 3.060081408337067543e-01 2.050577322636641109e-01 3.730809849779772591e-01
1.174196986313928853e-01 3.298814164673193883e-01 2.028655356494854234e-01 3.498333492518022614e-01
1.186428209105747228e-01 3.615137503289357901e-01 2.000110134643608151e-01 3.198324152961286582e-01
1.181424494895993438e-01 4.016908563232970963e-01 1.958900812350489462e-01 2.842766129520548635e-01
1.144454368549182866e-01 4.485929449243354350e-01 1.903860536546171933e-01 2.465755645661290851e-01
1.064023156440124379e-01 4.973357510269901249e-01 1.847951246981553164e-01 2.114668086308420514e-01
9.395979172955012948e-02 5.420765020597442252e-01 1.814443594420581118e-01 1.825193467686476445e-01
7.895100615476910444e-02 5.785564554432317541e-01 1.819840561454486028e-01 1.605084822565503722e-01
6.454227333068815464e-02 6.030908952810833945e-01 1.872589089015281594e-01 1.451079224867005690e-01
5.302671424865243455e-02 6.137846972490141884e-01 1.980738822102778851e-01 1.351147062920557418e-01
4.278442493450662631e-02 6.165345022366340855e-01 2.139115610054131422e-01 1.267695118234461737e-01
3.556511254295763313e-02 6.087170833268633618e-01 2.376813983012837916e-01 1.180364058288949081e-01
2.976747861403770262e-02 5.878539298662416313e-01 2.731678544705840594e-01 1.092107370491367524e-01
2.546717246154964892e-02 5.497863887394031090e-01 3.239927010881648028e-01 1.007537377108824600e-01
2.200301881702838511e-02 4.979532474789913898e-01 3.882586324545432288e-01 9.178510124943684012e-02
1.859065062444179017e-02 4.375348313340892692e-01 4.621890890851615419e-01 8.168542895630742651e-02
1.590898371443392328e-02 3.630887927803614357e-01 5.508633237751431322e-01 7.013889973006165457e-02
1.305295481333225947e-02 2.833090361759717513e-01 6.464224425399999197e-01 5.721556647069622054e-02
1.027242554769050575e-02 2.056269839982207970e-01 7.407909681370787869e-01 4.330962231700972997e-02
7.706084470381094516e-03 1.413693559908984210e-01 8.204073084416779738e-01 3.051725109704216815e-02
6.124639175747764730e-03 9.637991336973945888e-02 8.764674032150785443e-01 2.102804423943424594e-02
4.238342589855571482e-03 6.741242393415923517e-02 9.134689621670942783e-01 1.488027130889057678e-02
3.108814608478752736e-03 4.933057731083742570e-02 9.363386552203882829e-01 1.122195286029523988e-02
2.436979874641366419e-03 3.924574951631246839e-02 9.492405427830407083e-01 9.076727826005621252e-03
2.051708831147754531e-03 3.588255384839041107e-02 9.541937125314405854e-01 7.872024789021041247e-03
1.935240703315701865e-03 3.830416356389505089e-02 9.521833965778153663e-01 7.577199154973762729e-03
2.026907415033208423e-03 4.483052693806006267e-02 9.451494099647540503e-01 7.993155682152730188e-03
2.197330299699391549e-03 5.280161287355332467e-02 9.363239380599445161e-01 8.677118766802716099e-03
2.288006295000120233e-03 5.850268685253150192e-02 9.300286516037601370e-01 9.180655248708488939e-03
2.197489202802442761e-03 5.846953669583027785e-02 9.298837771851821143e-01 9.449196916185162443e-03
2.015331774147951453e-03 5.339182946417477676e-02 9.345630518156543554e-01 1.002978694602302615e-02
1.956989874829537061e-03 4.846423963567763477e-02 9.379546112654232326e-01 1.162415922406959991e-02
2.094101970128751326e-03 4.692429094947359047e-02 9.366616813509550665e-01 1.431992572944261466e-02
2.367471023781191324e-03 4.827708096350590006e-02 9.317252789280002778e-01 1.763016908471273445e-02
2.515003287082948156e-03 4.916966829355033652e-02 9.275285314907883993e-01 2.078679692857821754e-02
2.809244427535323788e-03 5.087979054741748747e-02 9.229795758278822593e-01 2.333138919716502141e-02
3.088840709909392371e-03 5.417893533868667344e-02 9.173738602736122294e-01 2.535836367779197714e-02
3.452329948233055952e-03 6.252139254309127536e-02 9.061490193198532550e-01 2.787725818882245965e-02
3.990517277386426177e-03 7.890625717030069763e-02 8.854341890738428589e-01 3.166903647846975450e-02
4.731305530146763180e-03 1.044265773434198269e-01 8.539302661648529025e-01 3.691185096158056123e-02
5.516943496489389379e-03 1.373705295334841925e-01 8.144955893733785146e-01 4.261693759664810649e-02
6.190530301227001320e-03 1.762878680621834393e-01 7.694366202040866520e-01 4.808498143250273388e-02
6.691236004587070019e-03 2.202820621671343904e-01 7.197391707866593880e-01 5.328753104161918636e-02
6.950229693193096282e-03 2.667190486396530669e-01 6.686414823958366505e-01 5.768923927131767299e-02
6.947541553958987842e-03 3.136256394366190858e-01 6.190152842969876001e-01 6.041153471243471129e-02
6.707821903904012499e-03 3.672787342383536657e-01 5.653904893316163971e-01 6.062295452612589952e-02
6.266793558782584976e-03 4.363834909838356646e-01 4.996249910258795945e-01 5.772472443150206828e-02
5.826388155914062096e-03 5.129513209164158205e-01 4.281094225921064367e-01 5.311286833556375792e-02
5.503692475959455141e-03 5.777720426257705322e-01 3.681611774674966586e-01 4.856308743077360907e-02
5.260951282702766400e-03 6.192649850618943130e-01 3.308169683796540195e-01 4.465709527574893145e-02
5.099450341958871105e-03 6.292711029486014462e-01 3.237947555918057607e-01 4.183469111763422205e-02
5.064432439825216833e-03 5.975022032416305029e-01 3.569355230371699106e-01 4.049784128137429162e-02
5.038031077123313051e-03 5.251623801926540436e-01 4.300472990556200581e-01 3.975228967460268242e-02
4.807056418910964600e-03 4.243259952630080711e-01 5.327756538203125558e-01 3.809129449776831045e-02
4.284054606132733228e-03 3.074410687994432179e-01 6.534571366680438365e-01 3.481773992638007714e-02
3.539644725521248758e-03 1.921456772999636797e-01 7.742390270416352749e-01 3.007565093287979316e-02
2.813585111572076188e-03 1.056294578539566098e-01 8.663696456434879511e-01 2.518731139098329477e-02
2.303186961017553765e-03 5.744734399118187063e-02 9.182774398205734157e-01 2.197202922722689064e-02
2.095775814850173689e-03 3.535467922898261756e-02 9.407731813287144584e-01 2.177636362745256557e-02
2.200061012963355333e-03 2.644941136555833266e-02 9.458038157280960201e-01 2.554671189338199658e-02
2.616838609053619407e-03 2.340983077505167514e-02 9.391145987467039991e-01 3.485873186919041106e-02
3.102889769474877647e-03 2.322503580804685663e-02 9.204669941322426441e-01 5.320508029023560126e-02
4.083705647027007467e-03 2.190054459292128941e-02 8.885192838853692709e-01 8.549646587468238967e-02
5.475421944581870468e-03 1.958480485781833105e-02 8.389042781614274302e-01 1.360354950361723769e-01
7.018638328332639509e-03 1.694926087634537198e-02 7.720355391785933552e-01 2.039965616167286055e-01
7.939241002948621909e-03 1.370897399333913073e-02 6.927625698373108820e-01 2.855892151664014000e-01
8.715609779141443234e-03 1.113897866200351527e-02 6.070360512206185444e-01 3.731093603382364399e-01
8.845375608958715857e-03 9.291208259327035993e-03 5.277473542173086729e-01 4.541160619144053445e-01
9.977575913068222405e-03 8.479791512516427279e-03 4.586891349409235596e-01 5.228534976334919815e-01
1.228300463564725373e-02 8.713731197730166175e-03 3.931850847541205618e-01 5.858181794125020270e-01
1.616955380798380804e-02 9.884207311062263510e-03 3.276665801025914759e-01 6.462796587783626867e-01
8.860701228797354112e-01 1.801279857583288832e-02 3.231654145285077842e-03 9.268542439914642661e-02
1.177822591761478604e-02 1.883548015342738913e-01 7.660651267944252885e-01 3.380184575368620770e-02
1.299993548188043031e-02 2.363252867730382678e-01 7.213810485332998734e-01 2.929372921178139549e-02
1.513234312895067081e-02 3.075679846696480202e-01 6.524917526784798083e-01 2.480791952292151284e-02
1.817052255543987263e-02 3.847504251533876429e-01 5.762291958010306026e-01 2.084985649014198944e-02
2.226093617681864159e-02 4.392433627102707572e-01 5.204316856799415802e-01 1.806401543296912160e-02
2.794739570834209666e-02 4.556486830987708236e-01 4.995228984652732573e-01 1.688102272761380848e-02
3.617165711993539090e-02 4.401847784121167284e-01 5.060784291539317525e-01 1.756513531401638489e-02
4.756711361799115245e-02 4.067517228484665570e-01 5.253409691455382946e-01 2.034019438800391266e-02
6.075618932616677625e-02 3.681351798970483036e-01 5.460982630838159269e-01 2.501036769296928475e-02
7.190356297486345805e-02 3.321112153039399995e-01 5.655572872767583581e-01 3.042793444443829542e-02
7.819073612636567860e-02 3.014016337172180093e-01 5.852224866423804128e-01 3.518514351403597556e-02
8.062053778818120686e-02 2.798915198505533275e-01 6.009916671802386645e-01 3.849627518102654439e-02
8.222432824152155206e-02 2.717536203147805085e-01 6.054863395515061031e-01 4.053571189219187798e-02
8.580183598107631038e-02 2.772402853241293097e-01 5.944048050946575401e-01 4.255307360013663859e-02
9.258671985950336913e-02 2.891024445099618090e-01 5.724868237495299716e-01 4.582401188100524575e-02
1.007195308703540404e-01 2.967617149585551894e-01 5.517142479801991906e-01 5.080450619089160735e-02
1.083575441356069147e-01 2.953759691377113028e-01 5.378477124045213387e-01 5.841877432216061039e-02
1.111965823468417242e-01 2.856192210573053614e-01 5.339140250577598668e-01 6.927017153809343630e-02
1.079260241397056036e-01 2.683856653153591787e-01 5.413502953943009066e-01 8.233801515063403353e-02
9.921390623202880343e-02 2.483828770961190313e-01 5.567234268602030411e-01 9.567978981164888819e-02
8.729911421040491282e-02 2.305776673277417921e-01 5.745667942053235278e-01 1.075564242565295453e-01
7.516014045264257648e-02 2.139422814437342557e-01 5.936530029967878042e-01 1.172445751068353775e-01
6.267263290664669417e-02 1.964121069357432636e-01 6.152051992778306833e-01 1.257100608797795116e-01
5.106991981721329538e-02 1.740427572495883701e-01 6.408400883841590678e-01 1.340472345490391903e-01
4.084042110288699928e-02 1.471601317188737101e-01 6.707868536771798285e-01 1.412125935010596633e-01
3.220603057124251517e-02 1.197763498712121483e-01 7.023444983947884079e-01 1.456731211627572964e-01
2.492675027511794678e-02 9.589484456281821556e-02 7.323949464336367843e-01 1.467834587284269354e-01
1.880188458200610438e-02 7.736658966308614105e-02 7.613363863773232598e-01 1.424951393775846786e-01
1.373323003091088054e-02 6.454724458753330341e-02 7.927059423657827342e-01 1.290135830157733976e-01
9.805926385194702055e-03 5.843151426600234899e-02 8.256028976578125844e-01 1.061596616909904339e-01
7.161349479496964716e-03 6.150837796149676712e-02 8.506565452527402593e-01 8.067372730626576338e-02
5.570006279010738734e-03 7.707327767016060316e-02 8.578829767329719802e-01 5.947373931785677331e-02
4.528526042342643880e-03 1.072517514467051791e-01 8.437895527816308139e-01 4.443016972932119918e-02
3.680588311795255675e-03 1.471305747246111628e-01 8.154301545257098827e-01 3.375868243788373441e-02
2.926444572335711210e-03 1.832904403947306360e-01 7.879410634236990729e-01 2.584205160923466402e-02
2.277139331054193680e-03 2.017352334004670344e-01 7.759085046349976089e-01 2.007912263348126530e-02
1.759726442586634744e-03 1.981437192081549059e-01 7.839647128014398669e-01 1.613184154781879126e-02
1.390512693992996315e-03 1.789686068393295248e-01 8.058920475682693763e-01 1.374883289840780898e-02
1.171293500660983491e-03 1.563518419406269844e-01 8.295886184090291993e-01 1.288824614968269756e-02
1.068327497178912832e-03 1.381143740129953112e-01 8.474238820943130746e-01 1.339341639551294878e-02
1.014259812590569479e-03 1.243673875627629016e-01 8.600502716411424498e-01 1.456808098350401495e-02
9.783630491470285667e-04 1.162109546681768107e-01 8.670479533233333980e-01 1.576272895934270266e-02
9.936509907617250507e-04 1.183103886128158005e-01 8.633961056574730453e-01 1.729985473894911016e-02
1.128089446497114109e-03 1.318851363470162075e-01 8.466326077754501300e-01 2.035416643103665074e-02
1.420275335843806030e-03 1.464741984748484938e-01 8.265354276942910028e-01 2.557009849501647517e-02
1.816308043484124272e-03 1.462055489351407056e-01 8.200315914620088797e-01 3.194655155936641094e-02
2.209471942673385276e-03 1.294387745935116629e-01 8.304688195918172866e-01 3.788293387199778706e-02
2.583508955737928020e-03 1.073691283817226755e-01 8.466380655883432027e-01 4.340929707419596828e-02
3.043598691366444352e-03 8.895497317004859295e-02 8.573870166113767288e-01 5.061441152720812936e-02
3.717160264565895402e-03 7.715661640935979337e-02 8.566451034738031822e-01 6.248111985227110948e-02
4.677702821521764406e-03 7.143972130923111064e-02 8.426764038765766074e-01 8.120617199267045339e-02
5.874113301993136478e-03 6.963281316859347425e-02 8.184959066626574797e-01 1.059971668667557265e-01
6.992343543145856238e-03 6.883259746794093137e-02 7.934207199137942590e-01 1.307543390751190193e-01
7.237371065290638603e-03 6.707384605672161992e-02 7.793839618091121801e-01 1.463048210688754347e-01
7.023968300638824824e-03 6.217622702233602250e-02 7.817952227282737310e-01 1.490045819487513801e-01
6.647535103570720999e-03 5.763643308180408514e-02 7.901009065166438861e-01 1.456151252979812349e-01
6.537498992470621405e-03 5.524894755334872759e-02 7.938937876427513141e-01 1.443197658114297455e-01
6.623598046523351650e-03 5.434253044167942220e-02 7.939190206841070241e-01 1.451148508276902671e-01
6.564810192136553112e-03 5.316650393894659099e-02 7.968423473061134743e-01 1.434263385628034015e-01
6.379376698904746547e-03 5.183448216782216705e-02 8.022006168748786470e-01 1.395855242583945721e-01
6.288609785465457125e-03 5.128849507403414332e-02 8.069919395832051423e-01 1.354309555572953960e-01
6.370985222272760977e-03 5.159433974271704360e-02 8.118500639212079539e-01 1.301846111138020290e-01
6.603320343162421419e-03 5.245157052912149953e-02 8.181164283458023379e-01 1.228286807819135434e-01
7.116737942328713908e-03 5.518279074708920540e-02 8.222959708775746668e-01 1.154045004330076091e-01
8.101176974248263524e-03 6.076623517316939033e-02 8.204639557291912855e-01 1.106686321233910225e-01
9.733638450056345676e-03 7.214259751784289632e-02 8.088791754890737318e-01 1.092445885430272656e-01
1.220221652613192806e-02 8.788547168832984424e-02 7.890944374513663151e-01 1.108178743341721034e-01
1.561933590965848377e-02 1.064808489818190179e-01 7.614804728476080031e-01 1.164193422609145906e-01
2.014482410014179284e-02 1.280161995294237520e-01 7.230396030127604901e-01 1.287993733576742184e-01
2.568451029179812106e-02 1.535697388854353473e-01 6.687380982922197514e-01 1.520076525305469051e-01
3.090082015468695320e-02 1.791159985148596256e-01 6.031200293760917708e-01 1.868631519543612340e-01
1.390203597252803215e-03 6.031966594889082850e-02 9.155866954768369093e-01 2.270343497701950847e-02
1.803535794195187687e-03 6.377263966285603991e-02 9.046883391444172640e-01 2.973548539853149153e-02
2.260519326160104463e-03 6.363704038274914376e-02 8.962447739795953439e-01 3.785766631149566075e-02
2.743336811111285641e-03 6.051400316995994566e-02 8.886483166122195465e-01 4.809434340670889346e-02
3.361541029007525123e-03 5.871464512448010958e-02 8.761839314475033946e-01 6.173988239900891212e-02
4.151720661871656677e-03 6.003706951677886122e-02 8.583588177753613824e-01 7.745239204598784732e-02
4.824063289203451080e-03 6.126789194270770150e-02 8.431131732618797336e-01 9.079487150620900449e-02
4.802312774185866877e-03 5.724458187510634427e-02 8.415632161879943451e-01 9.638988916271350182e-02
3.958747808670038358e-03 4.772000207294904706e-02 8.559615750771647491e-01 9.235967504121615768e-02
2.800147849042508835e-03 3.470608546524502763e-02 8.794031781495420530e-01 8.309058853617032336e-02
1.934995094865779629e-03 2.439622824264464987e-02 8.976107175633440960e-01 7.605805909914582774e-02
1.446681671341516892e-03 1.778996102563118464e-02 9.052466984867989508e-01 7.551665881622836307e-02
1.258817629787584245e-03 1.392615129477591147e-02 9.015772923986998810e-01 8.323773867673683879e-02
1.336783308023596888e-03 1.183170043414728465e-02 8.845469838093108494e-01 1.022845324485184143e-01
1.782964683593222990e-03 1.069764023476648361e-02 8.489355857811469175e-01 1.385838093004935212e-01
2.105733112705650192e-03 1.012867341594719632e-02 7.843055679925161616e-01 2.034600254788312135e-01
3.029166012361420284e-03 9.596706840012129286e-03 6.744365451226933539e-01 3.129375820249331586e-01
4.324480714496311412e-03 9.161044230913155048e-03 5.255067351703280876e-01 4.610077398842620799e-01
6.694125513875554510e-03 8.733156312164079907e-03 3.830109146384366725e-01 6.015618035355236870e-01
1.045466896986755115e-02 8.450047019262517389e-03 2.796315828468390330e-01 7.014637011640310060e-01
1.573520410111902204e-02 8.314888282643970174e-03 2.108880876948753813e-01 7.650618199213620185e-01
2.233741974238258668e-02 8.210221192118666647e-03 1.638771936435292897e-01 8.055751654219692748e-01
2.856648121540189891e-02 7.986364616993320287e-03 1.318001928193497929e-01 8.316469613482549983e-01
1.173584807877242758e-01 3.329425054867821698e-01 2.553478842183996567e-01 2.943511295070941336e-01
1.080165092591985065e-01 3.868283240875813322e-01 2.538981945136601359e-01 2.512569721395600530e-01
9.568857182134786477e-02 4.509859054322927774e-01 2.433837062088582415e-01 2.099418165375010470e-01
8.066804420440830403e-02 5.255144163481371145e-01 2.249598085220193000e-01 1.688577309254351011e-01
6.419522094191078276e-02 6.062276820270560140e-01 2.010327734397255040e-01 1.285443235913076854e-01
4.849683314089246050e-02 6.844762417504650642e-01 1.741048374472517757e-01 9.292208766139106735e-02
3.570113726187389841e-02 7.508805408014469496e-01 1.474858848364437869e-01 6.593243710023541371e-02
2.677068003690957418e-02 8.009584838740743118e-01 1.240332463410414587e-01 4.823758974797429100e-02
2.122953631595543220e-02 8.368019985454384635e-01 1.045163120470594814e-01 3.745215309154689004e-02
1.828251076080758195e-02 8.613990075788531264e-01 8.913884831379258189e-02 3.117963334654665769e-02
1.741752038360815449e-02 8.762297122751890877e-01 7.820327166201224145e-02 2.814949567919073151e-02
1.852919172177957402e-02 8.819223664154099973e-01 7.139618554008182738e-02 2.815225632272846598e-02
2.197163026315360201e-02 8.773000847863284823e-01 6.882788786911095413e-02 3.190039708140701702e-02
2.710621340404303567e-02 8.603897173936805309e-01 7.205422540612133053e-02 4.044984379615509940e-02
3.566936364458275083e-02 8.270732434026130120e-01 8.261270350766856951e-02 5.464468944513578563e-02
4.672746681161424331e-02 7.768825130010448277e-01 1.023822325684304313e-01 7.400778761891056712e-02
5.975962106104099753e-02 7.090700970389184343e-01 1.335448118508751336e-01 9.762547004916528881e-02
7.414409615098947748e-02 6.261408132295349649e-01 1.760940269561032390e-01 1.236210636633722770e-01
8.973987386968601543e-02 5.366694771352797932e-01 2.250511206780048956e-01 1.485395283170292124e-01
1.041909560496111636e-01 4.505535231751726100e-01 2.760689452268060284e-01 1.691865755484102674e-01
1.179088898469032309e-01 3.741149067799284245e-01 3.238683251206688762e-01 1.841078782524991908e-01
1.287929731671768330e-01 3.093452517115203859e-01 3.683833679651567494e-01 1.934784071561461705e-01
1.356428543045201662e-01 2.554084814953176963e-01 4.106602058686757983e-01 1.982884583314862836e-01
1.378253855218454227e-01 2.119471080163261301e-01 4.503749328743568703e-01 1.998525735874712717e-01
1.358383044112019544e-01 1.796039577420148192e-01 4.845749398193188173e-01 1.999827980274641037e-01
1.313531680216077080e-01 1.575325395251255256e-01 5.108876421673193002e-01 2.002266502859479380e-01
1.259884669769402443e-01 1.425923934579360342e-01 5.307806784563068314e-01 2.006384611088164460e-01
1.205113085443992177e-01 1.310938548652884061e-01 5.487539809051548145e-01 1.996408556851574090e-01
1.150560474864497362e-01 1.207714327070579796e-01 5.680505805863856894e-01 1.961219392201067890e-01
1.095117630497121075e-01 1.111677434617199117e-01 5.880016905169334063e-01 1.913188029716345606e-01
1.038293465466407633e-01 1.028816504152221395e-01 6.049050581981921804e-01 1.883839448399450278e-01
9.807513002010793957e-02 9.645249860427412836e-02 6.163424954581619986e-01 1.891298759174557531e-01
9.216921231526913061e-02 9.126958288615624748e-02 6.256678960226710329e-01 1.908933087759036029e-01
8.605260154178655252e-02 8.656558705900721518e-02 6.368077101915481375e-01 1.905741012076582475e-01
7.994916782212758977e-02 8.220649248526527841e-02 6.504786023683024609e-01 1.873657373243042823e-01
7.452099542576121061e-02 7.855914664098695432e-02 6.648448347493467470e-01 1.820750231839051991e-01
7.026348736316122279e-02 7.601516905274936786e-02 6.778543127648158917e-01 1.758670308192736009e-01
6.726059532965386611e-02 7.521353036152700344e-02 6.877411571947541491e-01 1.697847171140648148e-01
6.525555646317152125e-02 7.688861684222787762e-02 6.938413633103468481e-01 1.640144633842538779e-01
6.357032902594189627e-02 8.093795444707051201e-02 6.982838665958074342e-01 1.572078499311806155e-01
6.132907575755189300e-02 8.584148063682048302e-02 7.059367264165510303e-01 1.468927171890765104e-01
5.764363898673830616e-02 8.925796543140089578e-02 7.222991140924552855e-01 1.307992814894053668e-01
5.205136964213878670e-02 8.934106787581221065e-02 7.491862481456713629e-01 1.094213143363773622e-01
4.489712228768125840e-02 8.500785252766400457e-02 7.838406820254665286e-01 8.625434315918854844e-02
3.719859705943372868e-02 7.716014237968259193e-02 8.198866855240848350e-01 6.575457503679865701e-02
3.000404627871268090e-02 6.908170560189040577e-02 8.506855843341097900e-01 5.022866378528719616e-02
2.385156888067934550e-02 6.282043878674455073e-02 8.741820557205696174e-01 3.914593661200664598e-02
1.923241932333068921e-02 5.828576332166996582e-02 8.905328387115755140e-01 3.194897864342363669e-02
1.609303127814514650e-02 5.369166317043400777e-02 9.026120146300883329e-01 2.760329092133232895e-02
1.398244621107749136e-02 4.773313968206299718e-02 9.133863048189859724e-01 2.489810928787359462e-02
1.251980028078450782e-02 4.090517529247541390e-02 9.235962420499256309e-01 2.297878237681424615e-02
1.150827744775318601e-02 3.440788683141034199e-02 9.326937843053704214e-01 2.139005141546618249e-02
1.086869653246224331e-02 2.889582033412013348e-02 9.402248592987383358e-01 2.001062383467927877e-02
1.055081366270072332e-02 2.454160467389364386e-02 9.461149017017087548e-01 1.879267996169656577e-02
1.039723484356402591e-02 2.109637500367093910e-02 9.510320010392370182e-01 1.747438911352798899e-02
1.012175416190199372e-02 1.805206745006877195e-02 9.560495058124823808e-01 1.577667257554695932e-02
9.038532422873991196e-03 1.625807891735292499e-02 9.608241953884141262e-01 1.387919327135889690e-02
8.270163453783336074e-03 1.369821797798250265e-02 9.660349824887024539e-01 1.199663607953167614e-02
7.336797102063062799e-03 1.170373708086680335e-02 9.705293114547498545e-01 1.043015436232065142e-02
6.334015844154611795e-03 1.016461974188791542e-02 9.743625471434763652e-01 9.138817270481280203e-03
5.302465561873681392e-03 8.806615505275415534e-03 9.779533309835513055e-01 7.937587949299551582e-03
4.250938016942119695e-03 7.470026684872898247e-03 9.816056145247146203e-01 6.673420773470301048e-03
3.279826752510488826e-03 6.295757527417166280e-03 9.849600148186288262e-01 5.464400901443583307e-03
2.489972207024926300e-03 5.401375351049904350e-03 9.876312637559170327e-01 4.477388686008189171e-03
1.865096845359194219e-03 4.699491450273734182e-03 9.897778727055904779e-01 3.657538998776711184e-03
1.371156318958968940e-03 4.145269492593034108e-03 9.915342081486133718e-01 2.949366039834451416e-03
1.018202554971536344e-03 3.830180546771966548e-03 9.927127144386780344e-01 2.438902459578375093e-03
7.955698259210519131e-04 3.769402263040669797e-03 9.932767916394030783e-01 2.158236271635584694e-03
6.559068892284614181e-04 3.801481036496895134e-03 9.935216469503848069e-01 2.020965123889773007e-03
5.567245386200468703e-04 3.755123485963287808e-03 9.937592415645144506e-01 1.928910410902236108e-03
4.777862335011907771e-04 3.609082630810793359e-03 9.940857067914836698e-01 1.827424344204626409e-03
4.227095380467811277e-04 3.478492983004508651e-03 9.943505660707439020e-01 1.748231408205031890e-03
3.951435965776355802e-04 3.412584448651242650e-03 9.944620899539782233e-01 1.730182000792491537e-03
3.951367119134961236e-04 3.390884030010902876e-03 9.944229518583088678e-01 1.791027399766699285e-03
4.189153927568746135e-04 3.409263706754437576e-03 9.942347733452933101e-01 1.937047555195608572e-03
4.576149233522315476e-04 3.446072117355071518e-03 9.939416252774280203e-01 2.154687681864821298e-03
4.996390614396355699e-04 3.380357500094278121e-03 9.937108549119589851e-01 2.409148526507003639e-03
5.176843377468737890e-04 3.004570141643582090e-03 9.939239671562227763e-01 2.553778364386750845e-03
4.959888731444182536e-04 2.395483894114960790e-03 9.946476043174309334e-01 2.460922915309791438e-03
4.584792898402365816e-04 1.850455278939150622e-03 9.954863089491116090e-01 2.204756482108941734e-03
4.380967488513734498e-04 1.498628295732955164e-03 9.961325971334755724e-01 1.930677821939907196e-03
4.378944206306879198e-04 1.276227082458978451e-03 9.966051773989741402e-01 1.680701097936202273e-03
2.965173836990097620e-06 4.938590335314243947e-06 9.987909568194243137e-01 1.201139416403347940e-03
2.207258012572079033e-06 3.639266811503762286e-06 9.989829588359292467e-01 1.011194639246616126e-03
1.719523634092409794e-06 2.822753534882489431e-06 9.990977129458696870e-01 8.977447769614559092e-04
1.632490550241740515e-06 2.669009523371494793e-06 9.990765972020382302e-01 9.191012978882546125e-04
2.136913973019278047e-06 3.456247039831745381e-06 9.988415372574689366e-01 1.152869581518402384e-03
4.366411424330081293e-06 6.903756221275420582e-06 9.981432045831951649e-01 1.845525249159274146e-03
4.503844370798623913e-04 1.541776663035847273e-03 9.938934021180866329e-01 4.114436781797269245e-03
