2.153581066266207003e-02 1.717264655555510444e-01 7.319798419287516511e-01 7.475788185303572364e-02
5.069198873626390434e-02 7.637330787528930909e-01 7.567660213936731883e-02 1.098983303714754362e-01
5.236834635869621474e-02 7.437930799945690064e-01 8.334464422232858161e-02 1.204939294244057740e-01
5.688848398588584876e-02 7.088907165891510376e-01 9.219361353775346046e-02 1.420271858872095838e-01
6.391845899789211360e-02 6.523520566213533156e-01 1.034204580608835411e-01 1.803090263198711685e-01
7.108056730339566698e-02 5.779484476572669394e-01 1.161575675934091445e-01 2.348134174459289292e-01
7.580577129934804037e-02 4.997019572779172747e-01 1.278160260819321825e-01 2.966762453408023914e-01
7.768284213781000147e-02 4.316912547892304275e-01 1.370645863315576307e-01 3.535613167414018432e-01
7.835237703595911152e-02 3.782992293906006220e-01 1.460170174849119984e-01 3.973313760885279766e-01
7.984552828813117065e-02 3.356238276345349658e-01 1.585215822782755635e-01 4.260090617990585637e-01
8.337606224813877420e-02 3.040049601613553643e-01 1.754793899462078755e-01 4.371395876442983330e-01
8.919589105055472644e-02 2.878622878758015369e-01 1.936995050721777301e-01 4.292423160014662287e-01
9.730374925571759481e-02 2.853565442691494147e-01 2.092019069850790391e-01 4.081377994900538542e-01
1.083897972026656442e-01 2.927049797513999740e-01 2.185310609781318247e-01 3.803741620678027235e-01
1.241564612376259563e-01 3.076724444970225236e-01 2.199951675858957123e-01 3.481759266794556829e-01
1.466582060926720221e-01 3.252477113472773684e-01 2.165856178519945663e-01 3.115084647080562652e-01
1.732760142524885916e-01 3.448086878216448659e-01 2.105261187245711096e-01 2.713891792012952942e-01
1.973511506442952312e-01 3.616077087317059457e-01 2.102338198254910528e-01 2.308073207985080755e-01
2.080148255331573937e-01 3.781565320891994153e-01 2.201637616784778984e-01 1.936648806991654037e-01
2.036237311263457139e-01 3.883469073292232232e-01 2.466256649637319776e-01 1.614036965806990576e-01
1.885271164813286660e-01 3.716259212539844703e-01 3.057011380584501170e-01 1.341458242062365802e-01
1.708574996231514709e-01 3.073252496089602381e-01 4.096068078502229648e-01 1.122104429176652707e-01
1.515805738085244103e-01 2.145653872213270918e-01 5.401234793017362090e-01 9.373055966841212228e-02
1.362272361085496153e-01 1.453800682328789950e-01 6.383209102727501749e-01 8.007178538582124250e-02
1.323711743967017906e-01 1.123044619219077805e-01 6.803813899830215561e-01 7.494297369836896983e-02
1.419438662081079217e-01 1.010469475871115935e-01 6.788570393673636350e-01 7.815214683741684987e-02
1.628642839630884687e-01 9.804263087661244103e-02 6.524677593593246616e-01 8.662532580097444257e-02
1.968929067815168854e-01 9.543727394474721404e-02 6.112845980554508785e-01 9.638522121828521638e-02
2.392244941556001814e-01 9.035325975932949338e-02 5.666944081478224593e-01 1.037278379372479492e-01
2.809118489043747613e-01 8.469500254896909774e-02 5.268677086989053127e-01 1.075254398477506340e-01
3.142315619226692114e-01 8.190324075932914338e-02 4.954539241212104206e-01 1.084112731967911553e-01
3.406047733790051324e-01 8.223150788454414162e-02 4.698276702434099339e-01 1.073360484930408199e-01
3.641812063825682899e-01 8.289302366452908077e-02 4.485016098066044732e-01 1.044241601462981145e-01
3.851780828162790216e-01 8.143899023185631469e-02 4.335137061344254139e-01 9.986922081743915269e-02
3.998860244948529985e-01 7.813245628147165445e-02 4.268455094294988372e-01 9.513600979417638492e-02
4.038214558647351127e-01 7.604576600165670330e-02 4.274185738531515732e-01 9.271420428045661077e-02
3.967243279425721747e-01 7.779128983319789914e-02 4.313947712190895345e-01 9.408961100514008635e-02
3.793725505458697689e-01 8.331930796220031465e-02 4.390103853405301626e-01 9.829775615140011469e-02
3.463943686709176073e-01 9.103249030840231126e-02 4.596536812874819078e-01 1.029194597331981598e-01
2.933627261690173182e-01 9.724738531645973905e-02 5.051882781468106653e-01 1.042016103677124023e-01
2.269842459517035782e-01 9.641225878772967384e-02 5.779472767003659417e-01 9.865621856020075076e-02
1.619595197925149666e-01 8.610716426739890850e-02 6.658394499999975569e-01 8.609386594008887339e-02
1.099652857094924191e-01 7.061476517369921768e-02 7.492410082649210157e-01 7.017894085188741693e-02
7.535180198372146143e-02 5.678162506439399237e-02 8.120537089188080149e-01 5.581286403307664234e-02
5.498541531879855976e-02 4.717677720369583411e-02 8.524024437911957852e-01 4.543536368630966132e-02
4.559684500637583432e-02 4.249883219913307142e-02 8.719178203086115353e-01 3.998650248587977407e-02
4.252578981660335572e-02 4.105990835088921265e-02 8.779285638136489212e-01 3.848573801885857293e-02
4.202925319815123406e-02 4.031584268645883179e-02 8.780554908283464410e-01 3.959941328704336821e-02
4.052791799676761647e-02 3.816098141477197031e-02 8.797507530008413790e-01 4.156034758761904813e-02
3.607353864062939203e-02 3.346299821691563203e-02 8.881587570554952960e-01 4.230470608696017265e-02
3.000552378120935684e-02 2.939105880363173870e-02 8.993129583649087655e-01 4.129045905025023611e-02
2.429571053786220083e-02 2.655350776846528496e-02 9.101260082123868722e-01 3.902477348128605833e-02
2.008096475676472009e-02 2.573522737349946340e-02 9.170417654789744244e-01 3.714204239076120823e-02
1.723687128963960827e-02 2.641204449232320214e-02 9.203710094608978931e-01 3.598007475713960873e-02
1.521907672137575579e-02 2.748662559042515038e-02 9.222846424603809989e-01 3.500965522781804284e-02
1.369310674419585080e-02 2.835470455017300578e-02 9.239159818676907499e-01 3.403620683793986967e-02
1.265342200492605707e-02 2.947456793033188110e-02 9.244515713656155098e-01 3.342043869912671855e-02
1.236706980531886504e-02 3.256027048538236851e-02 9.209436506527579613e-01 3.412900905654055184e-02
1.306303046241942024e-02 4.022300338640304174e-02 9.094584354953965111e-01 3.725553065578084827e-02
1.462380022587482682e-02 5.526304440408286861e-02 8.869038323905843457e-01 4.320932297945821732e-02
1.653590577755883334e-02 7.891919565962277061e-02 8.533169581717737762e-01 5.122794039104437702e-02
1.819402285564709204e-02 1.098850141736904124e-01 8.117370416796242383e-01 6.018392129103803528e-02
1.903885327818074027e-02 1.450929933093178248e-01 7.670175169723351116e-01 6.885063644016653495e-02
1.895352661154066365e-02 1.840657600628061441e-01 7.212625322939372197e-01 7.571818103171601422e-02
1.823153670964444001e-02 2.306175135189551806e-01 6.711756224903716594e-01 7.997532728102865751e-02
1.729982813306138456e-02 2.873142436288801393e-01 6.128126506579005817e-01 8.257327758015811647e-02
1.635998927679830836e-02 3.473321679759976410e-01 5.523109458968146201e-01 8.399689685038898290e-02
1.534667487099016653e-02 3.986671319243941247e-01 5.026126145175437987e-01 8.337357868707184760e-02
1.443659618756936575e-02 4.371891972798540582e-01 4.673527706343430510e-01 8.102143589823339320e-02
1.390925949423897114e-02 4.697561539958403642e-01 4.382954603461655663e-01 7.803912616375495437e-02
1.393183567998929062e-02 5.055956182694215650e-01 4.052939805094692982e-01 7.517856554111966572e-02
1.453699295603763826e-02 5.480749665072952581e-01 3.647155861754117767e-01 7.267245436125531477e-02
8.613246283237666612e-01 1.219803902628792264e-01 4.487037216656701404e-03 1.220794419669757672e-02
5.342795015628692967e-01 1.394156102727664992e-01 5.547584444025319139e-02 2.708290437241110404e-01
6.613897335562921587e-01 1.037309362519139577e-01 4.473940692028335192e-02 1.901399232715105247e-01
7.598581186222891359e-01 7.700544410391353678e-02 3.541145881767439330e-02 1.277249784561227397e-01
8.274955029751096536e-01 5.850497797801311461e-02 2.787442795600853299e-02 8.612509109086893822e-02
8.689401445789785017e-01 4.718410461863908889e-02 2.291942628693035416e-02 6.095632451545219405e-02
8.938881029221715790e-01 4.007784567601067188e-02 1.996054377031061811e-02 4.607350763150722117e-02
9.101848562398791032e-01 3.456053727618762367e-02 1.829286730918352338e-02 3.696173917474995102e-02
9.219178118694598689e-01 2.928495709713437728e-02 1.752670936708119673e-02 3.127052166632447033e-02
9.304103720119746290e-01 2.429518966512556749e-02 1.752640996675020740e-02 2.776802835614976955e-02
9.362493205128423757e-01 2.012433224407728094e-02 1.818796982165018367e-02 2.543837742143013891e-02
9.400937196224417036e-01 1.694985423752132236e-02 1.944655984343987218e-02 2.350986629659720592e-02
9.430645341328554032e-01 1.445796191140885992e-02 2.099727232398097485e-02 2.148023163175464406e-02
9.462651009448794781e-01 1.232874862781915132e-02 2.228152289891755303e-02 1.912462752838417837e-02
9.501776488856792380e-01 1.040847086299670834e-02 2.287956929815329263e-02 1.653431095317111840e-02
9.544794354985692841e-01 8.648726524137959407e-03 2.277001527960142296e-02 1.410182269769124155e-02
9.584417735312974473e-01 7.052181770237303873e-03 2.228452134770838797e-02 1.222152335075685908e-02
9.615945215609988939e-01 5.650609190773030199e-03 2.178380467669054771e-02 1.097106457153760109e-02
9.637441869993247368e-01 4.532094988403068993e-03 2.154109571597985842e-02 1.018262229629222915e-02
9.641612275445040625e-01 3.815589560634211671e-03 2.210036051758377737e-02 9.922822377277861275e-03
9.619176293792888188e-01 3.559538253646992844e-03 2.402957014072869268e-02 1.049326222633559930e-02
9.562509652203649013e-01 3.778693989628659038e-03 2.770028816774904729e-02 1.227005262225739322e-02
9.465641171061350834e-01 4.507478609687160659e-03 3.327421698993141691e-02 1.565418729424604416e-02
9.333084712974679675e-01 5.779119437857447444e-03 4.023745474888863749e-02 2.067495451578614876e-02
9.175823840090402417e-01 7.605758677981511867e-03 4.793305376886033975e-02 2.687880354411793793e-02
9.002050601355205961e-01 9.869225000065810771e-03 5.645929770294282751e-02 3.346641716147084195e-02
8.814557059224302771e-01 1.223588633032041129e-02 6.688650805140423927e-02 3.942189969584520420e-02
8.594878360702405962e-01 1.459447603298620263e-02 8.158074084186588137e-02 4.433694705490739268e-02
8.305047777723193470e-01 1.742137408829711950e-02 1.035924384832545286e-01 4.848140965612911940e-02
7.915328547364023359e-01 2.177061534784352839e-02 1.350423187398430702e-01 5.165421117591133260e-02
7.412375293173558699e-01 2.953845763211334838e-02 1.758090950597782087e-01 5.341491799075256952e-02
6.819093371758301325e-01 4.374435816672905125e-02 2.211788152692983345e-01 5.316748938814279402e-02
6.196568534955705365e-01 6.834872717012915877e-02 2.620400853501432814e-01 4.995433398415673187e-02
5.583808839387395251e-01 1.060868521018173832e-01 2.914831947585009853e-01 4.404906920094194683e-02
5.033775937730635697e-01 1.520892350076288868e-01 3.076748170404145499e-01 3.685835417889301441e-02
4.567262218636157223e-01 2.020604379654805938e-01 3.114526796071726000e-01 2.976066056373082025e-02
4.186865885695449929e-01 2.504146351414529015e-01 3.076018877915769889e-01 2.329688849742507159e-02
3.867895815018402295e-01 2.940268538617806793e-01 3.012820850092292058e-01 1.790147962715002775e-02
3.630035061760446546e-01 3.253854330977595799e-01 2.976925113499911402e-01 1.391854937620464784e-02
3.538202646277283092e-01 3.342244506968305440e-01 3.006094325162638192e-01 1.134585215917730504e-02
3.629846272531762619e-01 3.193952876557180076e-01 3.076551164501966640e-01 9.964968640908841019e-03
3.897335057980206297e-01 2.922097818600865038e-01 3.087216215543437392e-01 9.335090787548945210e-03
4.334816165673889277e-01 2.639366964812465133e-01 2.935719029343447639e-01 9.009784017019711877e-03
4.955546173450671166e-01 2.357254779953227852e-01 2.600173684220358217e-01 8.702536237574314687e-03
5.764363046433855775e-01 2.015648033524727600e-01 2.137775003767625748e-01 8.221391627378775435e-03
6.724414040001205350e-01 1.579530443713361987e-01 1.622502815608726223e-01 7.355270067670761913e-03
7.690798441620704251e-01 1.113619046224736675e-01 1.134358036251090357e-01 6.122447590346935010e-03
8.462286487866458318e-01 7.416722213684036336e-02 7.476531326342945871e-02 4.838815813084170088e-03
9.012803089604575213e-01 4.763141624413864961e-02 4.743435714915460871e-02 3.653917646249211712e-03
9.376295997013978090e-01 3.047627322045007997e-02 2.928108570197856392e-02 2.613041376173536306e-03
9.613007099107376829e-01 1.936164680147762704e-02 1.758690914325956867e-02 1.750734144525278565e-03
9.761216599470028399e-01 1.226657145372158850e-02 1.047552544375642165e-02 1.136243155519099657e-03
9.848473736938523349e-01 7.932993625914146196e-03 6.461425284390145789e-03 7.582073958434461291e-04
9.907316571955370188e-01 4.593271948603950931e-03 4.159485975241119723e-03 5.155848806179069667e-04
9.928625223517411058e-01 3.638833859660774595e-03 3.065488479617277211e-03 4.331553089810140692e-04
9.938971810756599412e-01 3.259533988951798279e-03 2.437589972031474397e-03 4.056949633567591201e-04
9.943470206799065458e-01 3.207430001944892427e-03 2.036932232074148939e-03 4.086170860745754808e-04
9.945040686871361446e-01 3.357487921920807201e-03 1.707787291702772287e-03 4.306560992402679857e-04
9.946625825303098134e-01 3.543207754321902291e-03 1.336079951411857066e-03 4.581297639565924760e-04
9.950750583716547748e-01 3.507263330033571699e-03 9.375502704917154997e-04 4.801280278199101343e-04
9.958233356253141100e-01 3.083825967545740249e-03 6.003074466979827590e-04 4.925309604423403799e-04
9.968180544982235824e-01 2.340510483876243834e-03 3.583632279155320394e-04 4.830717899847296066e-04
9.978003807062002517e-01 1.544062632373152666e-03 2.059769864080126926e-04 4.495796750188665132e-04
9.985040601546928407e-01 9.511208172319065646e-04 1.239826821460690890e-04 4.208363459291886220e-04
9.988745248886282679e-01 6.038753717004409624e-04 8.578413871950650745e-05 4.358156009518135269e-04
9.989401611345001264e-01 4.375316396028232965e-04 7.295837505661738396e-05 5.493488508403220928e-04
9.986567308103390106e-01 3.897844357289415962e-04 7.813704746871029199e-05 8.753477064631588669e-04
9.977847948522653443e-01 4.324086401978222832e-04 1.028999385336121605e-04 1.679896569003124082e-03
9.957467490435834012e-01 5.694488044155853173e-04 1.575220394650268417e-04 3.526280112535919945e-03
9.912021291878148066e-01 8.548773413513566666e-04 2.747300008570600222e-04 7.668263469976711010e-03
9.808938486983721505e-01 1.452769613098949452e-03 5.583551172659612268e-04 1.709502657126309513e-02
9.575079111947875088e-01 2.844921032156719817e-03 1.345170538981381144e-03 3.830199723407454182e-02
2.174411103490952735e-01 5.406727021253600052e-01 1.923602112951143875e-02 2.226501663960335498e-01
9.989506521377328196e-02 3.460149612986238576e-01 1.658799237925284442e-01 3.882100496950743329e-01
1.010941175507364953e-01 3.672726145673411158e-01 1.587009652504762780e-01 3.729323026314463330e-01
1.023403365076314270e-01 3.949826965544652735e-01 1.507558900822974501e-01 3.519210768556059188e-01
1.026069146991483300e-01 4.299886845939321356e-01 1.421613740427183636e-01 3.252430266642013512e-01
1.005549136792085879e-01 4.712053086688550163e-01 1.333386197732894796e-01 2.949011578786467358e-01
9.465689225456415390e-02 5.156348020803578347e-01 1.250431849833831266e-01 2.646651206816951207e-01
8.404722916379450681e-02 5.600881102099574127e-01 1.180014958105835426e-01 2.378631648156646905e-01
6.997507313924547501e-02 6.022118679660242169e-01 1.125307206039845020e-01 2.152823382907462779e-01
5.582522884651947709e-02 6.375731847565686561e-01 1.095419329182692053e-01 1.970596534786424325e-01
4.423452204506043289e-02 6.619204477120966823e-01 1.106049579333665683e-01 1.832400723094762540e-01
3.515052342403811314e-02 6.777056432690157228e-01 1.161729472321533507e-01 1.709708860747927439e-01
2.805820913189554025e-02 6.861342264686870474e-01 1.273738158900077355e-01 1.584337485094096665e-01
2.275713201734495816e-02 6.841150555217578866e-01 1.468955712360260624e-01 1.462322412248711900e-01
1.906850751610323497e-02 6.668798718155527494e-01 1.788965025921568919e-01 1.351551180761869919e-01
1.598849624309701609e-02 6.382998110706483708e-01 2.218884546746431596e-01 1.238232380116115611e-01
1.359946315082102668e-02 5.947741746559805920e-01 2.798837074685026627e-01 1.117426547246955920e-01
1.156062281816965485e-02 5.298012521745968373e-01 3.596462326234049489e-01 9.899189238382893885e-02
9.719783693515691991e-03 4.466634107039731960e-01 4.586306104998508215e-01 8.498619510266036681e-02
7.960352071047803457e-03 3.521668981822835831e-01 5.707632372287180234e-01 6.910951251795065253e-02
6.258851327163580253e-03 2.623304246852907196e-01 6.786009406355814066e-01 5.280978335196419293e-02
4.810901537631176797e-03 1.902993094366163540e-01 7.658347100117977035e-01 3.905507901395483678e-02
3.728477087629096260e-03 1.384477693755133965e-01 8.286446942583576281e-01 2.917905927849993516e-02
2.964592097343393597e-03 1.029234758307792236e-01 8.714521525210792152e-01 2.265977955079799197e-02
2.419655586847623604e-03 8.117060157470862292e-02 8.979601620071547829e-01 1.844958083128885040e-02
2.045140340106079129e-03 7.173171544873185868e-02 9.103410062399172054e-01 1.588213797124461008e-02
1.876194865518638830e-03 7.190052263624832629e-02 9.112123450970083249e-01 1.501093740122451392e-02
1.857273396129931588e-03 7.728830787402860003e-02 9.054365753146618179e-01 1.541784341517946945e-02
1.870756184889354806e-03 8.310869155417338616e-02 8.987937997895586451e-01 1.622675247137832580e-02
1.828518582674057771e-03 8.475474969507863776e-02 8.967423390465664168e-01 1.667439267568085817e-02
1.737627327540521450e-03 7.914641931935625929e-02 9.023132230288980482e-01 1.680273032420554272e-02
1.691022309804957654e-03 6.873103896303919824e-02 9.119643104636919739e-01 1.761362826346424271e-02
1.779012841841706109e-03 6.025641232863194335e-02 9.177323220114985691e-01 2.023225281802761011e-02
2.002501785054401108e-03 5.694368606120504134e-02 9.163172984368287421e-01 2.473651371691175729e-02
2.317211199963511038e-03 5.763605564487421506e-02 9.096724035641302608e-01 3.037432959103188168e-02
2.689688466488504050e-03 5.987248102527353150e-02 9.010164791595322020e-01 3.642135134870590901e-02
3.063612974844716081e-03 6.209337752397321719e-02 8.928726127815040936e-01 4.197039671967830315e-02
3.447409998670658126e-03 6.638256287795910038e-02 8.831612954095403589e-01 4.700873171383009030e-02
3.931469128443675770e-03 7.669810737998947192e-02 8.669382392271859361e-01 5.243218426438108620e-02
4.593498974536288151e-03 9.644599634233913532e-02 8.398986769990971490e-01 5.906182768402768596e-02
5.445073340286927903e-03 1.261818516483017572e-01 8.010551031315716886e-01 6.731797187983940001e-02
6.294531212011228796e-03 1.627285280608805895e-01 7.551627828775326901e-01 7.581415784957531989e-02
6.955042837359080334e-03 2.040371862458527086e-01 7.056590862450595747e-01 8.334868467172860951e-02
7.358922954172421142e-03 2.499530248502939145e-01 6.530214037470893906e-01 8.966664844844438043e-02
7.450849565512074509e-03 2.991326042443739897e-01 5.994083604772878493e-01 9.400818571282661129e-02
7.234388589015275373e-03 3.506941985463387645e-01 5.467078026314396988e-01 9.536361023320609476e-02
6.747968026545416928e-03 4.112796743131811872e-01 4.892645386238069771e-01 9.270781903646639621e-02
6.046265381710622631e-03 4.888022738784252863e-01 4.195878008889318833e-01 8.556365985093218607e-02
5.363971855713017302e-03 5.735617328004922744e-01 3.444708346093542928e-01 7.660346073444070092e-02
4.838742301612622941e-03 6.456359979660117876e-01 2.807922321380731945e-01 6.873302759430226228e-02
4.607823394335168292e-03 6.961292414193078759e-01 2.366391863289000475e-01 6.262374885745698727e-02
4.232468896536199961e-03 7.196449182421839064e-01 2.172787723498424139e-01 5.884384051143735223e-02
4.197867653861729609e-03 7.096594943530969424e-01 2.274888108577446388e-01 5.865382713529673775e-02
4.087057150611173549e-03 6.649249496448043084e-01 2.695860817913799390e-01 6.140191141320469614e-02
4.063301655911505730e-03 5.897209829441251161e-01 3.412545303382804041e-01 6.496118506168324647e-02
3.858006489642492546e-03 4.820833259761401757e-01 4.462855620801911005e-01 6.777310545402630282e-02
3.434724037840897193e-03 3.462033263946731609e-01 5.820288571400773492e-01 6.833309242740853717e-02
2.881995651944579094e-03 2.155593814074669712e-01 7.156469928138635694e-01 6.591163012672481003e-02
2.422249612965118783e-03 1.266498077502785646e-01 8.075327345483542807e-01 6.339520808840240496e-02
2.217400392082630699e-03 7.956261204263047337e-02 8.524236677108517624e-01 6.579631985443522291e-02
2.275276952226283188e-03 5.750316634792199816e-02 8.636255971798866282e-01 7.659595951996525653e-02
2.552322790251988945e-03 4.651271422729143235e-02 8.522542760388159833e-01 9.868068694364043325e-02
3.028928094033351160e-03 3.800734968019345295e-02 8.227912503783472165e-01 1.361724718474259799e-01
3.507617693144413594e-03 3.119036176914241967e-02 7.726167200554626691e-01 1.926853004822506321e-01
3.887208282160733649e-03 2.361269986295533307e-02 7.073166870473549528e-01 2.651834048075291106e-01
4.045066731025785851e-03 1.707782048023117130e-02 6.345507526900249218e-01 3.443263600987182538e-01
4.066982486744327371e-03 1.261407889372991031e-02 5.606237076523342688e-01 4.226952309671917485e-01
4.063466838313243429e-03 9.972127391275398267e-03 4.905743959453288117e-01 4.953900098250825779e-01
3.673230171454302563e-03 8.510603895967654500e-03 4.308946773290393550e-01 5.569214886035386280e-01
3.984283268852652736e-03 8.137151858644477154e-03 3.810434952518964025e-01 6.068350696206064043e-01
4.856116114007745684e-03 8.816863521593150052e-03 3.341763775730848263e-01 6.521506427913141835e-01
6.503972680878243769e-03 1.056074395104839546e-02 2.868740660619311100e-01 6.960612173061425656e-01
7.959143810086586335e-01 9.501630826338017602e-03 1.460168623010232522e-02 1.799823019349013065e-01
5.063232405504035707e-03 6.825302315850852175e-02 9.066562408415754781e-01 2.002750359441206329e-02
5.831986831709215328e-03 8.378454231258442020e-02 8.957709949931340621e-01 1.461247586257229461e-02
6.967447928606102479e-03 1.141148870362112683e-01 8.677401234577089006e-01 1.117754157747365140e-02
8.920282491593467186e-03 1.524720221472429527e-01 8.295779535371137214e-01 9.029741824050101576e-03
1.147796916785627161e-02 1.825735675807382552e-01 7.982035287541788815e-01 7.744934497226611640e-03
1.447569844897558800e-02 1.913556002284515223e-01 7.869939554318414743e-01 7.174745890731576772e-03
1.818812198507403777e-02 1.823671846116518558e-01 7.920495719989699701e-01 7.395121404304239553e-03
2.309957555749518957e-02 1.674134487668512972e-01 8.008711562923976901e-01 8.615819383255533467e-03
2.890677373961843613e-02 1.542088289621076080e-01 8.059318554919993050e-01 1.095254180627453985e-02
3.379350632937090648e-02 1.434742192435078112e-01 8.086788988491907526e-01 1.405337557793052104e-02
3.602846830406207512e-02 1.344877168000685186e-01 8.121734914828063756e-01 1.731032341306276701e-02
3.599899898630446599e-02 1.296061664951156933e-01 8.139510155905538280e-01 2.044381892802609596e-02
3.532042300325000800e-02 1.322442670841150469e-01 8.087245616801136405e-01 2.371074823252154046e-02
3.531463197731386783e-02 1.442970376442267166e-01 7.924540219952361797e-01 2.793430838322358972e-02
3.615265209253525069e-02 1.627053453506727698e-01 7.672460972924011191e-01 3.389590526439092283e-02
3.689315797997804597e-02 1.794980398877475125e-01 7.418870454590449359e-01 4.172175667322955417e-02
3.633686243964331236e-02 1.901648918725822313e-01 7.216378758059454057e-01 5.186036988182927965e-02
3.392999217576849608e-02 1.937067878995999415e-01 7.075729493431871520e-01 6.479027058144441742e-02
3.004950574796262999e-02 1.896167709330781048e-01 7.009252583555164451e-01 7.940846496344269867e-02
2.561490780179119173e-02 1.812138497805045600e-01 6.990829782707608242e-01 9.408826414694347606e-02
2.147507914678533497e-02 1.729325409039550732e-01 6.978051735279885426e-01 1.077872064212708481e-01
1.792305073176686525e-02 1.646946495315124159e-01 6.974440972077435852e-01 1.199382025289773557e-01
1.489927233270018671e-02 1.537214691538537903e-01 7.003639285396073833e-01 1.310153299738385235e-01
1.232699672454368872e-02 1.381373631609856822e-01 7.080148207718947040e-01 1.415208193425756267e-01
1.022610433579764812e-02 1.190808160937684435e-01 7.206751381037318493e-01 1.500179414667018318e-01
8.587749684619384177e-03 9.997973992256002640e-02 7.367647011990217099e-01 1.546678091937988553e-01
7.255463035666621756e-03 8.323045721331960578e-02 7.549132465902697042e-01 1.546008331607443553e-01
6.053778396337663320e-03 6.943895775102262857e-02 7.763285848936103406e-01 1.481786789590294195e-01
5.215588301883023088e-03 5.935466345609222150e-02 8.024819434464016688e-01 1.329478047956229314e-01
3.757234378398814374e-03 5.340224942176625272e-02 8.330113777531151786e-01 1.098291384467196402e-01
2.946661668069607172e-03 5.524274643560974501e-02 8.565321790386009049e-01 8.527841285771987911e-02
2.469817227453391644e-03 6.575063809653264313e-02 8.667481864010551096e-01 6.503135827495869214e-02
2.165285976136329619e-03 8.354382918800816460e-02 8.643403057545222534e-01 4.995057908133317820e-02
1.876488218296985897e-03 1.020200238389661479e-01 8.580379812018829044e-01 3.806550674085396047e-02
1.555051747418180301e-03 1.111874501047655367e-01 8.590750703255072285e-01 2.818242782230889754e-02
1.226843809848611813e-03 1.053873018072736811e-01 8.730323427594570695e-01 2.035351162342077802e-02
9.405820080894919952e-04 8.811265679594590394e-02 8.962675057120721434e-01 1.467925548389254452e-02
7.331415723171962181e-04 6.784817690118685740e-02 9.204311222504981682e-01 1.098755927599767007e-02
6.159593276471515052e-04 5.174461380118288573e-02 9.386141394301733554e-01 9.025287440996770244e-03
5.706884790676985649e-04 4.182388705265906170e-02 9.492145685600903438e-01 8.390855908182641085e-03
8.839290673112276502e-04 3.632390929538720920e-02 9.543461262711133708e-01 8.446035366188353252e-03
8.367850918824046172e-04 3.365881821697655485e-02 9.568460002102168183e-01 8.658396480924221081e-03
8.876822714962876804e-04 3.494767782665723910e-02 9.549670211499908801e-01 9.197618751855507827e-03
1.103038776040427644e-03 4.102286674584875587e-02 9.472424848309024537e-01 1.063160964720813451e-02
9.126729006361934508e-04 4.839087728768109997e-02 9.377103462337849082e-01 1.298610357789805290e-02
1.214867300932759298e-03 5.058746227306974708e-02 9.330053220651390866e-01 1.519234836085836884e-02
1.912924607402365258e-03 4.530938159393894937e-02 9.368523933982083607e-01 1.592530040045044698e-02
1.942498027785641160e-03 3.579510279308227572e-02 9.472137824352347968e-01 1.504861674389730911e-02
2.063206915783435350e-03 2.734629956313561205e-02 9.567868075104801751e-01 1.380368601060088206e-02
2.387063145546227880e-03 2.160623321477685849e-02 9.628537956651027629e-01 1.315290797457411946e-02
2.971172714311940983e-03 1.825384315878179203e-02 9.653483677754689518e-01 1.342661635143724101e-02
3.815520849425537916e-03 1.641126177984198950e-02 9.652753614527268544e-01 1.449785591800546551e-02
4.746534819716833643e-03 1.511527521035920842e-02 9.642576669868302419e-01 1.588052298309380189e-02
5.363443062875083468e-03 1.349863664136252348e-02 9.643591438051096754e-01 1.677877649065268040e-02
5.412214875718228228e-03 1.131924224100709121e-02 9.667059377484990002e-01 1.656260513477538984e-02
5.163705905619572593e-03 9.254679033637374166e-03 9.698154171015377356e-01 1.576619795920531156e-02
5.016193771983219057e-03 7.876448197374680271e-03 9.716885039706750771e-01 1.541885405996711728e-02
4.944064612651651383e-03 7.016082900718666193e-03 9.724524185830620837e-01 1.558743390356749289e-02
4.690084483713226338e-03 6.288509993156788866e-03 9.732809945027777188e-01 1.574041102035241696e-02
4.315294736542268916e-03 5.745564994307124362e-03 9.737545813522111571e-01 1.618455891693963006e-02
4.027746791276902091e-03 5.537651750190290302e-03 9.729954468062128603e-01 1.743915465231970705e-02
3.904984556013914830e-03 5.578154140720290553e-03 9.711502427003866345e-01 1.936661860287914108e-02
3.927062009620690790e-03 5.706337764470822277e-03 9.689034684452764168e-01 2.146313178063185070e-02
4.140707150059887674e-03 6.061447768559276306e-03 9.659512801431682227e-01 2.384656493821263323e-02
4.677229228204017944e-03 6.994281695541276246e-03 9.611651537019314517e-01 2.716333537432349954e-02
5.639697315837782950e-03 8.650603535475366937e-03 9.540910678546573598e-01 3.161863129402920497e-02
7.104162496243475802e-03 1.093960269475804936e-02 9.446110754413954425e-01 3.734515936760284677e-02
9.682927402755465290e-03 1.379177091066896045e-02 9.312376679965982396e-01 4.528763368997679173e-02
1.262835511048420595e-02 1.800406179154237160e-02 9.115107471192767097e-01 5.785683597869684114e-02
1.649388461195495231e-02 2.476699124434959473e-02 8.789852434316056673e-01 7.975388071208995566e-02
2.052266976669408702e-02 3.457950100713288316e-02 8.290774289460789426e-01 1.158204002800938826e-01
5.212784656838564045e-04 5.799875036478000651e-02 9.274225628196668403e-01 1.405740834986950703e-02
6.673803741273239259e-04 6.507286619521085447e-02 9.152508554612918124e-01 1.900889796937015735e-02
8.333726265987366315e-04 6.975106684270046542e-02 9.051048853762662105e-01 2.431067515443483679e-02
1.011796607525284556e-03 7.149833642509453857e-02 8.973346364027888766e-01 3.015523056459126772e-02
1.243682790979479475e-03 7.405540011990494054e-02 8.874599499973387928e-01 3.724096709177708575e-02
1.555116593836929984e-03 7.888241973333003088e-02 8.741889955209057872e-01 4.537346815192722094e-02
1.856200892818765224e-03 8.157572125457900059e-02 8.637349937953966439e-01 5.283308405720537476e-02
1.925051505007251834e-03 7.557008470649782816e-02 8.660853213808840101e-01 5.641954240761107298e-02
1.669775149167571819e-03 5.993863665688246856e-02 8.842119704574673555e-01 5.417961773648260343e-02
1.279891219937993613e-03 4.174205591170915275e-02 9.081217849271684406e-01 4.885626794118427124e-02
9.611860092690463009e-04 2.794983460986257343e-02 9.258336083608067479e-01 4.525537102006184365e-02
8.515812657676619102e-04 2.058231457416773158e-02 9.324675553117230953e-01 4.609854884834156674e-02
7.157888787122257835e-04 1.621108273905116220e-02 9.309995691197620049e-01 5.207355926247456829e-02
6.893318374765793543e-04 1.448049916612073780e-02 9.200197515930396142e-01 6.481041740336296320e-02
7.350900140378019377e-04 1.421658542896621878e-02 8.978320074244949822e-01 8.721631713250083129e-02
9.019669293474283627e-04 1.498535114337893638e-02 8.576421412322569049e-01 1.264705406950168143e-01
1.052440730472714624e-03 1.787571093097641353e-02 7.832607853841803136e-01 1.978110629543705645e-01
1.469357639162377233e-03 2.156391744074843964e-02 6.630876810604057203e-01 3.138790438596834043e-01
2.189680420754344832e-03 2.501963853721217435e-02 5.151478315496066385e-01 4.576428494924270618e-01
3.121889012621188904e-03 2.667431630001151563e-02 3.793325491749900968e-01 5.908712455123771301e-01
4.102728122073828407e-03 2.629711396952469013e-02 2.752089418165864498e-01 6.943912160918150889e-01
4.963720814759111331e-03 2.457805027593889385e-02 2.013345019479015063e-01 7.691237269614006333e-01
5.561169693720753072e-03 2.220553853512401143e-02 1.515395402357598287e-01 8.206937515353954771e-01
1.103794993475970682e-01 1.837639844440937809e-01 1.967218710582185615e-01 5.091346451500904369e-01
1.098503208417038468e-01 2.103158310776062911e-01 2.016820289844296621e-01 4.781518190962602000e-01
1.056011753437712253e-01 2.514808522040064553e-01 2.025032977034568471e-01 4.404146747487655000e-01
9.668804581476261872e-02 3.121581932662634840e-01 1.989229125444676727e-01 3.922308483745060581e-01
8.351571966682060089e-02 3.951078266379012272e-01 1.911788626234710020e-01 3.301975910718070728e-01
6.765615841469016511e-02 4.967890191165180713e-01 1.777486214713620283e-01 2.578062009974296798e-01
5.168061051495879965e-02 6.028231404862132159e-01 1.582774657477549196e-01 1.872187832510735506e-01
3.903914408583362278e-02 6.929561107590310742e-01 1.370121169341738665e-01 1.309926282209614712e-01
2.957943203208981964e-02 7.635299716852600449e-01 1.147188425531449896e-01 9.217175372950500711e-02
2.362421378045535467e-02 8.130239441399753630e-01 9.553010751775198317e-02 6.782173456181732341e-02
2.046857755585288624e-02 8.451245631590171836e-01 8.063132434948820648e-02 5.377553493564164733e-02
1.880934672548241135e-02 8.647731478934190807e-01 6.949031505804091624e-02 4.692719032305742860e-02
1.958335345141069828e-02 8.717727951454620205e-01 6.249982242015660050e-02 4.614402898297029210e-02
2.229187995333536607e-02 8.659700339061849883e-01 6.056846060826971689e-02 5.116962553220989057e-02
2.697309304162015184e-02 8.464248802496964208e-01 6.480274531262335269e-02 6.179928139606011284e-02
3.342846308630513519e-02 8.131990086576574850e-01 7.596192820092810549e-02 7.741060005510928821e-02
4.151927163798301013e-02 7.657135616621805196e-01 9.523479591533350053e-02 9.753237078450299746e-02
5.120520242610975686e-02 7.047291342015288285e-01 1.230447537478957659e-01 1.210209096244655586e-01
6.240851900060874480e-02 6.346071230238827798e-01 1.577675862042321464e-01 1.452167717712763428e-01
7.484597294154585190e-02 5.611474483434842897e-01 1.967834607092760479e-01 1.672231180056940048e-01
8.784370030235913451e-02 4.891338301688697432e-01 2.380093796789232996e-01 1.850130898498478227e-01
9.908461435275013607e-02 4.230325256318095417e-01 2.800433069336289438e-01 1.978395530818115311e-01
1.081398268802110652e-01 3.631390398472517655e-01 3.224931143392166799e-01 2.062280189333206559e-01
1.137995451310294115e-01 3.109926995355836166e-01 3.639027344147976462e-01 2.113050209185892148e-01
1.159299556616241178e-01 2.692920366391320930e-01 4.001730792699300099e-01 2.146049284293135018e-01
1.154672016452643751e-01 2.393116811507273178e-01 4.276981956419752540e-01 2.175229215620329559e-01
1.136163477485641338e-01 2.184420788089215804e-01 4.475505851794970846e-01 2.203909882630169792e-01
1.110532180316149420e-01 2.024870893440950670e-01 4.644370951628703503e-01 2.220225974614196129e-01
1.079410460916009201e-01 1.887622933850529039e-01 4.818980707904027549e-01 2.213985897329432684e-01
1.041958774048006714e-01 1.765583180045092460e-01 4.995980812251469838e-01 2.196477233655431960e-01
9.971101715238017693e-02 1.662034771495236041e-01 5.141968533366251259e-01 2.198886523614711486e-01
9.451627423742627043e-02 1.581522602122119037e-01 5.232411054059642463e-01 2.240903601443978710e-01
8.878847410840005894e-02 1.520473979804754239e-01 5.291716136043980168e-01 2.299925143067266531e-01
8.277513903656502636e-02 1.471145111090129409e-01 5.350536027565440111e-01 2.350567470978782714e-01
7.675979458124460031e-02 1.431420625774168232e-01 5.412383051172900972e-01 2.388598377240487014e-01
7.126705463892996084e-02 1.407258201143771481e-01 5.458681602846894299e-01 2.421389649620034890e-01
6.666178862461050181e-02 1.404897017875557375e-01 5.471019397816024865e-01 2.457465698062311910e-01
6.292952372321965193e-02 1.437240719254338217e-01 5.432054651517146393e-01 2.501409391996322062e-01
5.975752471284329764e-02 1.524353203068043727e-01 5.333672622035264821e-01 2.544398927768257712e-01
5.655714925181462571e-02 1.673499039838409475e-01 5.201975800248713755e-01 2.558953667394730513e-01
5.280713245647945114e-02 1.868005188032360042e-01 5.096127304104373090e-01 2.507796183298472426e-01
4.814261758823044912e-02 2.082525766452339167e-01 5.077200312075508259e-01 2.358847745589844891e-01
4.244682476048074193e-02 2.292796990752681840e-01 5.171129060686928680e-01 2.111605700955582754e-01
3.609562538860162928e-02 2.458253250611984742e-01 5.374310373485465808e-01 1.806480122016537737e-01
2.978916543291749638e-02 2.546318077280068093e-01 5.652230966888461827e-01 1.503559301502292167e-01
2.402412866352041099e-02 2.590078237625466628e-01 5.929151399542168521e-01 1.240529076197157826e-01
1.901662856537332524e-02 2.644758661898820029e-01 6.142423024686882727e-01 1.022652027760564269e-01
1.517585981809896692e-02 2.709589869126579620e-01 6.278767864426066936e-01 8.598836682663639486e-02
1.258638578406604501e-02 2.723643917200869180e-01 6.398698568345935200e-01 7.517936566125368869e-02
1.095301862726077470e-02 2.629073759979568270e-01 6.576050048426299588e-01 6.853460053215235104e-02
9.904443181307585886e-03 2.432660595926254832e-01 6.824597221915249534e-01 6.436977503454176242e-02
9.180214279655984910e-03 2.188052938115790380e-01 7.107434473942804143e-01 6.127104451448458361e-02
8.680047683190783223e-03 1.927461012455317924e-01 7.399589665587911202e-01 5.861488451248597631e-02
8.346240363077680330e-03 1.670778175070356253e-01 7.684282091990451979e-01 5.614773293084135419e-02
8.040385409104684744e-03 1.436823738005437723e-01 7.949678943894236127e-01 5.330934640092787474e-02
7.582816143531277177e-03 1.223215670621649875e-01 8.206093380059840126e-01 4.948627878832002891e-02
6.928911802141364887e-03 1.025172721053271563e-01 8.457870654938136612e-01 4.476675059871738221e-02
6.187707483132358528e-03 8.476238837632044110e-02 8.691974514834561738e-01 3.985245265709121826e-02
5.460659596682694225e-03 6.972894087097732119e-02 8.895246660390038196e-01 3.528573349333628123e-02
4.777306931552762273e-03 5.737888936050451749e-02 9.066968472842803495e-01 3.114695642366230657e-02
4.123661406911068028e-03 4.676702078975281118e-02 9.219248755844615673e-01 2.718444221887465068e-02
3.471168885016858146e-03 3.736931338094011401e-02 9.360708299047537650e-01 2.308868782928909930e-02
2.858717221888494760e-03 2.962134453331630862e-02 9.483673012891586929e-01 1.915263695563634502e-02
2.296138956298412071e-03 2.494175053219655283e-02 9.567022103034343861e-01 1.605990020807063559e-02
1.847893997962513817e-03 2.016588924134273680e-02 9.647224483157927910e-01 1.326376844490193170e-02
1.459607550359053388e-03 1.645516787485911542e-02 9.711770720728548634e-01 1.090815250192718293e-02
1.163434409891888959e-03 1.395355322095098369e-02 9.755889896467626610e-01 9.294022722394651784e-03
9.699124331987417098e-04 1.261189103275289249e-02 9.778664754241982449e-01 8.551721109850238256e-03
8.467686619454955089e-04 1.189628277580279982e-02 9.788084239377937701e-01 8.448524624457798629e-03
7.586072987817047905e-04 1.126376444387387071e-02 9.792995337331924510e-01 8.678094524152062811e-03
6.841055528522474449e-04 1.056383783479699842e-02 9.797789662663468624e-01 8.973090346003766843e-03
6.290209770370092318e-04 1.000721449893495971e-02 9.800183547849589116e-01 9.345409739068983798e-03
6.021935249031776715e-04 9.668752174056070847e-03 9.798087095449764528e-01 9.920344756064559261e-03
6.067080453990363834e-04 9.479021590545288686e-03 9.791366939458604479e-01 1.077757641819539203e-02
6.385214272850362046e-04 9.457060681004580624e-03 9.779614837417921480e-01 1.194293414991812532e-02
6.841811955067260030e-04 9.595715755321572102e-03 9.763840839856052778e-01 1.333601906356621757e-02
7.249207716873711134e-04 9.535681372102504036e-03 9.749799645483236965e-01 1.475943330788610265e-02
7.242171923692010621e-04 8.648090102927784989e-03 9.751784810778044710e-01 1.544921162689856173e-02
6.706070448294179946e-04 7.086682386522327563e-03 9.775544001686375939e-01 1.468831040001080356e-02
6.024975084026154863e-04 5.608777745343869643e-03 9.810212820820520818e-01 1.276744266420129503e-02
5.601657792509176460e-04 4.559865761086293566e-03 9.843560274245235497e-01 1.052394103513932914e-02
5.436574145769159988e-04 3.786683193493300265e-03 9.872573524203743789e-01 8.412306971555427726e-03
5.199658983343720051e-04 3.070116990403522553e-03 9.899007746392789464e-01 6.509142471983464344e-03
4.671901024177992621e-04 2.398295710627295664e-03 9.922222656483450365e-01 4.912248538610095895e-03
4.033101765858605574e-04 1.901459296847115990e-03 9.938684002214590585e-01 3.826830305107945234e-03
3.576216170308935257e-04 1.644915754165312063e-03 9.946106317031750965e-01 3.386830925628910288e-03
3.395764143890624685e-04 1.617863369301595581e-03 9.943570886117540919e-01 3.685471604555111760e-03
3.530862775802637472e-04 1.882403046221544111e-03 9.925394974860859421e-01 5.225013190112501836e-03
4.140592315626378671e-04 2.732689300537210087e-03 9.870030958841194968e-01 9.850155583780634272e-03
