1.840284219818775352e-02 1.103771425082903379e-01 8.091608387110117429e-01 6.205917658251013103e-02
8.400397531415236888e-03 8.438486754550369451e-01 4.590436072375017607e-02 1.018465662897975743e-01
9.432612011981122632e-03 8.279990858897877670e-01 4.564170381481682387e-02 1.169265982834146178e-01
1.177494737431608422e-02 8.031222741275992894e-01 4.536101217155848880e-02 1.397417663265265730e-01
1.516352538996851816e-02 7.619920555222733372e-01 4.766362481113994159e-02 1.751807942766183679e-01
2.019556331302649679e-02 7.055753391478989389e-01 5.247602340537078913e-02 2.217530741337035149e-01
2.626299555053157250e-02 6.444680691565327635e-01 5.878093738078352809e-02 2.704879979121522227e-01
3.244866591670862721e-02 5.919126743353861908e-01 6.520280810305062458e-02 3.104358516448541550e-01
3.839632548075594398e-02 5.549697573773696435e-01 7.110931292756202116e-02 3.355246042143124052e-01
4.474249511624114883e-02 5.328821760126956075e-01 7.673464478898563146e-02 3.456406840820778203e-01
5.244407091564871892e-02 5.250199318712714946e-01 8.102465812394950284e-02 3.415113390891305611e-01
6.249865984000069208e-02 5.297322762966618637e-01 8.255500596517678646e-02 3.252140578981610464e-01
7.616826146641307582e-02 5.384374764643615752e-01 8.235906424178364438e-02 3.030351978274418157e-01
9.469287183978375433e-02 5.459800571145195791e-01 8.100351229960532640e-02 2.783235587460916038e-01
1.194931307892549838e-01 5.522077661978818108e-01 7.848733016971728982e-02 2.498117728431460682e-01
1.545653100562776605e-01 5.541258614644488656e-01 7.384566143350830558e-02 2.174631670457653210e-01
1.977391107049738805e-01 5.466830575491732347e-01 7.073380887817568019e-02 1.848440228676775376e-01
2.398879961512397629e-01 5.355730169299207644e-01 6.912806954954409111e-02 1.554109173692951040e-01
2.670721422820593882e-01 5.329494273605801524e-01 6.889113168365171291e-02 1.310872986737086909e-01
2.757318869614541201e-01 5.425784540950906454e-01 7.024697578915559126e-02 1.114426831543001289e-01
2.725674510847754251e-01 5.556588332718448431e-01 7.554004956465987242e-02 9.623366607871974843e-02
2.655164576104732665e-01 5.552361141742555573e-01 9.197158135751262731e-02 8.727584685775814644e-02
2.619287637944531233e-01 5.245855833741126517e-01 1.293775487580594297e-01 8.410810407337453165e-02
2.675322282908356719e-01 4.632929934072009814e-01 1.868715246958049525e-01 8.230325360615833863e-02
2.837060298782160261e-01 3.947848347608548525e-01 2.423893133936435296e-01 7.911982196728556405e-02
3.141553311245312563e-01 3.319349047721451007e-01 2.789492365420959130e-01 7.496052756122753569e-02
3.613216521721403507e-01 2.777297736756318414e-01 2.911382973915142558e-01 6.981027676071360766e-02
4.304507466075978561e-01 2.269927398601915003e-01 2.803092941542933980e-01 6.224721937791696108e-02
5.136324970430168335e-01 1.806054413876481690e-01 2.535506385077657132e-01 5.221142306156884016e-02
5.916993258311655790e-01 1.444524229696781958e-01 2.221014940557307082e-01 4.174675714342534344e-02
6.527573819206199390e-01 1.220820111819027054e-01 1.924402611121605877e-01 3.272034578531642091e-02
7.013128204641216890e-01 1.090739372080848923e-01 1.641419215165750844e-01 2.547132081121854935e-02
7.435464057650429393e-01 9.913955887097755659e-02 1.374528041158886160e-01 1.986123124809058629e-02
7.795443479277853749e-01 8.958189635056676425e-02 1.149601670206888415e-01 1.591358870095923791e-02
8.054778982918244790e-01 8.150568118243388394e-02 9.930040876562883090e-02 1.371601176011269345e-02
8.155038467410340441e-01 7.911825667187523392e-02 9.193963804691576702e-02 1.343825854017492716e-02
8.110744580895681288e-01 8.196819854933573568e-02 9.191229292236423321e-02 1.504505043873211219e-02
7.906277559012104827e-01 9.220165424837745149e-02 9.872667755525217637e-02 1.844391229515997266e-02
7.497475444405861111e-01 1.111863146471210317e-01 1.152308369822894057e-01 2.383530393000355893e-02
6.759300143857310816e-01 1.452455524253498664e-01 1.472198532776464175e-01 3.160457991127259281e-02
5.686879251250958056e-01 1.919660392490841749e-01 1.983197209937159478e-01 4.102631463210387047e-02
4.441579857394513664e-01 2.386501378694891040e-01 2.672464208387094753e-01 4.994545555235019307e-02
3.284529237476002672e-01 2.686062948596437128e-01 3.469873735367588474e-01 5.595340785599681871e-02
2.389821233789171662e-01 2.771807014031559269e-01 4.258482026314019953e-01 5.798897258652502967e-02
1.795589034037011478e-01 2.749321390522739827e-01 4.885642655532849155e-01 5.694469199073991933e-02
1.484710536676812909e-01 2.707842121262782342e-01 5.251542279890323295e-01 5.559050621700795808e-02
1.353881907728880507e-01 2.672269492793429291e-01 5.414252109022417159e-01 5.595964904552764435e-02
1.306326400753485550e-01 2.576669926081012751e-01 5.529539862909417236e-01 5.874638102560819641e-02
1.243690968275950742e-01 2.390336090900775923e-01 5.732263398941027654e-01 6.337095418822459580e-02
1.110563714510221789e-01 2.175291884730929104e-01 6.035964879017871043e-01 6.781795217409762599e-02
9.314368584403812101e-02 2.025130139089313663e-01 6.341634470667348866e-01 7.017985318029558439e-02
7.562730148230274729e-02 1.996028670060770449e-01 6.538525422135295084e-01 7.091728929809056059e-02
6.196177765711987501e-02 2.083711135852331087e-01 6.576490041757383498e-01 7.201810458190877062e-02
5.102342201055909410e-02 2.239964604232141110e-01 6.510812834527067716e-01 7.389883411352016207e-02
4.289484140551454161e-02 2.378017256283117276e-01 6.435944356107922149e-01 7.570899735538184905e-02
3.714948334555853021e-02 2.447239106788297869e-01 6.412253588744636357e-01 7.690124710114824846e-02
3.338731638530555851e-02 2.466928476179444940e-01 6.421147811280500939e-01 7.780505486870006870e-02
3.138662690869406524e-02 2.513039201506886422e-01 6.379296217494133669e-01 7.937983119120371744e-02
3.076814536438466155e-02 2.668936755611240885e-01 6.197505504808089594e-01 8.258762859368264098e-02
3.066834015070287953e-02 2.961694912772915300e-01 5.857562039989762104e-01 8.740596457302950151e-02
3.022684290638856866e-02 3.326577909073539230e-01 5.443092107840381555e-01 9.280615540221953674e-02
2.920518754348682203e-02 3.674511354591243895e-01 5.049734486411672219e-01 9.837022835622144523e-02
2.757550499373052563e-02 3.972411472772853225e-01 4.709553820952612768e-01 1.042279656337228716e-01
2.544320263516667777e-02 4.280571134709214021e-01 4.373040713957617731e-01 1.091956124981500881e-01
2.305245104631048134e-02 4.672138604224324032e-01 3.983109624206435107e-01 1.114227261106136568e-01
2.096825128422694084e-02 5.135456087888867760e-01 3.545690893347253625e-01 1.109170505921607125e-01
1.946775602038347888e-02 5.606357836580994070e-01 3.111891543689718764e-01 1.087073059525451163e-01
1.840589115962882813e-02 5.991193367798713920e-01 2.775429859731730620e-01 1.049317860873269781e-01
1.762663888053382297e-02 6.312518343403071830e-01 2.513094203763953094e-01 9.981210640276354240e-02
1.713938183300565965e-02 6.617209060713179491e-01 2.277365236913669044e-01 9.340318840430940350e-02
1.697158893342771979e-02 6.944824308326611462e-01 2.027843475173413956e-01 8.576163271656969678e-02
1.715470546302256052e-02 7.284470325653581435e-01 1.769409389688431922e-01 7.745732300277628768e-02
8.844399746275676266e-01 8.404509117409589281e-02 6.189259204472817057e-03 2.532567499386364010e-02
6.462797867423152320e-01 1.517134163105856581e-01 6.772735861565269688e-02 1.342794383314463158e-01
7.316308783207627897e-01 1.220859347355603003e-01 4.908512544916364406e-02 9.719806149451327981e-02
7.998213027231819705e-01 9.748078422241936158e-02 3.469295281094807865e-02 6.800496024345044355e-02
8.476523025896879338e-01 7.958526963455322956e-02 2.508689933594632562e-02 4.767552843981286842e-02
8.793425554319831416e-01 6.694264456087270498e-02 1.913669278895935993e-02 3.457810721818480731e-02
9.007917788510532153e-01 5.743579701859442832e-02 1.551015132956287332e-02 2.626227280078948650e-02
9.164341090313102844e-01 4.945806730788515626e-02 1.325412404490457739e-02 2.085369961589983445e-02
9.282585177992602743e-01 4.242169251779769057e-02 1.192754861747449303e-02 1.739224106546735996e-02
9.369829455177055566e-01 3.642199864408503934e-02 1.134195620239891213e-02 1.525309963581073652e-02
9.433335377199683069e-01 3.155018131011526339e-02 1.132735712817587240e-02 1.378892384174062666e-02
9.480004703030535662e-01 2.767229078065706546e-02 1.176235143218553290e-02 1.256488748410408869e-02
9.520175093703530100e-01 2.427185444735851377e-02 1.236817624970578886e-02 1.134245993258282612e-02
9.563229384736597893e-01 2.093525448683652285e-02 1.271808581239161802e-02 1.002372122711193275e-02
9.610753736685900828e-01 1.766282626443988271e-02 1.257019189380715468e-02 8.691608173162806983e-03
9.656183297917254604e-01 1.472763871554977171e-02 1.204236086116202559e-02 7.611670631562636458e-03
9.691366696117826862e-01 1.234258039461011078e-02 1.146140231146896594e-02 7.059347682138733190e-03
9.714365992120790327e-01 1.048641690657929615e-02 1.099278324305513754e-02 7.084200638286182287e-03
9.728889271708353048e-01 9.100413446863896486e-03 1.054045523422945593e-02 7.470204148071380064e-03
9.732166812406399803e-01 8.334948421920611306e-03 1.024843327439002583e-02 8.199937063049386049e-03
9.716126172222152579e-01 8.389850785654105053e-03 1.042248918395401874e-02 9.575042808176713674e-03
9.673093950196298696e-01 9.391666748190165975e-03 1.129390170283747427e-02 1.200503652934239128e-02
9.597325643611358537e-01 1.140144668113986237e-02 1.301791171853098131e-02 1.584807723919344838e-02
9.494544594928593373e-01 1.425311077562834219e-02 1.543175046270629444e-02 2.086067926880602955e-02
9.375534447545227357e-01 1.768314701135299816e-02 1.835760556198221330e-02 2.640580267214183430e-02
9.240265858464250526e-01 2.157196291559601575e-02 2.212957728956663206e-02 3.227187394841250084e-02
9.078060248851286262e-01 2.590609423093967120e-02 2.764050228555557306e-02 3.864737859837635847e-02
8.866659359843921395e-01 3.108661259211396855e-02 3.641985752165759899e-02 4.582759390183598069e-02
8.578889914013195783e-01 3.811509271813801059e-02 5.044628296309659060e-02 5.354963291744575804e-02
8.204736997679802357e-01 4.868439329676151062e-02 7.126658083132564325e-02 5.957532610393220102e-02
7.741536284033153636e-01 6.570031028422650132e-02 9.924149960797308545e-02 6.090456170448495243e-02
7.202049132756698224e-01 9.219683265832878671e-02 1.314362397092224410e-01 5.616201435677872084e-02
6.566716837130150974e-01 1.352675885679443246e-01 1.613033267609832455e-01 4.675740095805727692e-02
5.863746752992106126e-01 1.963937548368805686e-01 1.814626819960542814e-01 3.576888786785489133e-02
5.148537438140926570e-01 2.700729634024772730e-01 1.890814747037000698e-01 2.599181807973021188e-02
4.496182203574177194e-01 3.463019170994892648e-01 1.856999418176590866e-01 1.837992072543407143e-02
3.971228857818177582e-01 4.151649713893558191e-01 1.749826744230883746e-01 1.272946840573796479e-02
3.503109685152396291e-01 4.787727549581522468e-01 1.621971918417289549e-01 8.719084684879026964e-03
3.167348443504485189e-01 5.233494093741353215e-01 1.537220921515568550e-01 6.193654123859345349e-03
3.011511251981839887e-01 5.413238690963383393e-01 1.527378781668709551e-01 4.787127538606611964e-03
3.067144086750797638e-01 5.304284797260727657e-01 1.586877310896653293e-01 4.169380509182179367e-03
3.328147771313677561e-01 4.983488841047088447e-01 1.648366283235906116e-01 3.999710440332522252e-03
3.788461559800654355e-01 4.547617186344218299e-01 1.624072656797609093e-01 3.984859705751826221e-03
4.469583562170222346e-01 4.014044878458698506e-01 1.476610302585618928e-01 3.976125678546195419e-03
5.341929363210178305e-01 3.395336326471144472e-01 1.224938582490293498e-01 3.779572782838348539e-03
6.415810768265260977e-01 2.631205822723075571e-01 9.192811734905723120e-02 3.370223552109296097e-03
7.529120991823775588e-01 1.822435259448211275e-01 6.207118446143128354e-02 2.773190411370373993e-03
8.426048327751294309e-01 1.164608358652607922e-01 3.879913247728931230e-02 2.135198882320638036e-03
9.018924886978219035e-01 7.307908016036357424e-02 2.345663591257213590e-02 1.571795229242191816e-03
9.375656601690667280e-01 4.708336108130764530e-02 1.424095769754773512e-02 1.110021052078152435e-03
9.600532012418766525e-01 3.083220343202060579e-02 8.381472012661185522e-03 7.331233134415985437e-04
9.735220796000918497e-01 2.101894661905498451e-02 4.982057801846143108e-03 4.769159790068498825e-04
9.814323960617803433e-01 1.513444896095856272e-02 3.108945193133824149e-03 3.242097841272912544e-04
9.857292548105723862e-01 1.189851702301589036e-02 2.127872246433224358e-03 2.443559199785069768e-04
9.877221730807252964e-01 1.045853758588438827e-02 1.611350415899078523e-03 2.079389174910185032e-04
9.883995192177057465e-01 1.009911407802364589e-02 1.309524275197719275e-03 1.918424290728062130e-04
9.882518641557180850e-01 1.044192810287742842e-02 1.119383898040056001e-03 1.868238433644409970e-04
9.875641789538055493e-01 1.127153713510625939e-02 9.749442345373615865e-04 1.893396765507513596e-04
9.869145465983940602e-01 1.208149963195318498e-02 8.107079172191708700e-04 1.932458524335659109e-04
9.871700265776528482e-01 1.201944074949132940e-02 6.160679186617370497e-04 1.944647541940049238e-04
9.887903307068430792e-01 1.058811321318425813e-02 4.282673252544837985e-04 1.932887547181276575e-04
9.914222723445643703e-01 8.117829509443291389e-03 2.720857864475919805e-04 1.878123595447343819e-04
9.941396100321423512e-01 5.518366229965977060e-03 1.612857006502040589e-04 1.807380372414366901e-04
9.961389016729117474e-01 3.578072555290026917e-03 9.772967142356393572e-05 1.852961003749907314e-04
9.972859815671712980e-01 2.427586093522552356e-03 6.715972121242857616e-05 2.192726180938866034e-04
9.977406219104275609e-01 1.885729020655033073e-03 5.646595081547736602e-05 3.171831181019173673e-04
9.976295598990676528e-01 1.747646337642458532e-03 5.991705511436240365e-05 5.628767081756168040e-04
9.968819147049793328e-01 1.880128721734396647e-03 7.815978347578649411e-05 1.159796789810644017e-03
9.950847162703049253e-01 2.228679886697068971e-03 1.174609604730793424e-04 2.569142882525132787e-03
9.910910351020446596e-01 2.839806859951890354e-03 1.986133381886151235e-04 5.870544699814901450e-03
9.806247718164918803e-01 5.292121340456134963e-03 3.967093514603186113e-04 1.368639749159173725e-02
9.608808320764058442e-01 7.628180998944811449e-03 7.511626844052564150e-04 3.073982424024373702e-02
2.112895277130408256e-02 7.289371808460566315e-01 1.669111749430307601e-02 2.332427488883363764e-01
7.891306947794063387e-02 2.859992214965156321e-01 3.038237363263853186e-01 3.312639726991583600e-01
7.112451143523294828e-02 3.079595827478421866e-01 2.982735214056688178e-01 3.226423844112557560e-01
6.242099206648720616e-02 3.365286110711470102e-01 2.906016384063668800e-01 3.104487584559987301e-01
5.333261119904689207e-02 3.721136541432983891e-01 2.802374184184514561e-01 2.943163162392031240e-01
4.447042641242638511e-02 4.129221406225788149e-01 2.672698224225749097e-01 2.753376105424194531e-01
3.628308731532957354e-02 4.541317212729495956e-01 2.533304354704155603e-01 2.562547559413053122e-01
2.902235049209574841e-02 4.897734826379283590e-01 2.411635329636400704e-01 2.400406339063356764e-01
2.289299683089127818e-02 5.165734152639965826e-01 2.328193391138346502e-01 2.277142487912774682e-01
1.833057918407311401e-02 5.329585360889457224e-01 2.300162520688893986e-01 2.186946326580915534e-01
1.541993388805897557e-02 5.381655563595897362e-01 2.350673158857102540e-01 2.113471938666411920e-01
1.346090949234099964e-02 5.357398476397748910e-01 2.487210617898052978e-01 2.020781810780786503e-01
1.198148521820521263e-02 5.270690302991573040e-01 2.721809191663394634e-01 1.887685653162982091e-01
1.096555295478130777e-02 5.087615652923090925e-01 3.085580918681642415e-01 1.717147898847454779e-01
1.041254369120121932e-02 4.769643623395157239e-01 3.605639917881319212e-01 1.520591021811510679e-01
1.010508348837857104e-02 4.334811165358436469e-01 4.259816756330868093e-01 1.304321243426911359e-01
9.764988593524502603e-03 3.804710514559149770e-01 5.018525201347416864e-01 1.079114398158192017e-01
9.199557476053551314e-03 3.182161298563385143e-01 5.868927863393791355e-01 8.569152632822833737e-02
8.324581351252604428e-03 2.510218356966320008e-01 6.760433255443131229e-01 6.461025740780225457e-02
7.108813065384190534e-03 1.866694682126023019e-01 7.605408061175911172e-01 4.568091260442224549e-02
5.718849886967172259e-03 1.333098688523864928e-01 8.304415110112629561e-01 3.052977024938332770e-02
4.483260862124097135e-03 9.483213306939286547e-02 8.805310018109474557e-01 2.015360425753565457e-02
4.016284581334788641e-03 6.950728357964984505e-02 9.125917477655592913e-01 1.388468407345597004e-02
3.084751491586576293e-03 5.281614179517706703e-02 9.338854435935043385e-01 1.021366311973184206e-02
2.503918224853712848e-03 4.271522760213246339e-02 9.466789892626138458e-01 8.101864910400029957e-03
2.165274633275408259e-03 3.843116867307824064e-02 9.524993689678985520e-01 6.904187725747818610e-03
2.061904404998415267e-03 3.901468807477809220e-02 9.524291890538579830e-01 6.494218466365618385e-03
2.125018420053606701e-03 4.251311828269057486e-02 9.486987000500343159e-01 6.663163247221453103e-03
2.223159431985993143e-03 4.645948567551091285e-02 9.442671712429341335e-01 7.050183649569088419e-03
2.228882683481515480e-03 4.825257702515420299e-02 9.422037515036609800e-01 7.314788787703415535e-03
2.103099301719408339e-03 4.611053950101075966e-02 9.443513293111309714e-01 7.435031886139135092e-03
1.958110501591411954e-03 4.130313470806905307e-02 9.488875160138935394e-01 7.851238776445947434e-03
1.953972316341097849e-03 3.760569831609712060e-02 9.513296828141789563e-01 9.110646553382950597e-03
2.118575663513615724e-03 3.706314351809861241e-02 9.494895865428051307e-01 1.132869427558246683e-02
2.394671189366456236e-03 3.934370333388070157e-02 9.440005880341282296e-01 1.426103744262477435e-02
2.721789882815527778e-03 4.317403419621457239e-02 9.364950132261818938e-01 1.760916269478798174e-02
2.757644445653878451e-03 4.601199340611832056e-02 9.304686494423517473e-01 2.076171270587624448e-02
2.968841856497891115e-03 5.180479112122044622e-02 9.212481033680722797e-01 2.397826365420947445e-02
3.243245142770710687e-03 6.240636795210940252e-02 9.066755053729592673e-01 2.767488153216103239e-02
3.656697659361666380e-03 8.082396168297163730e-02 8.832141833876888670e-01 3.230515726997788134e-02
4.223850994185634339e-03 1.080793351494877125e-01 8.495706536543219389e-01 3.812616020200518263e-02
4.807740633573777227e-03 1.422030361927518194e-01 8.085316468257546241e-01 4.445757634791956681e-02
5.288182694702118526e-03 1.813604904105987903e-01 7.626715078166778072e-01 5.067981907802121544e-02
5.635205948298656516e-03 2.242116430995649001e-01 7.134927054759192533e-01 5.666044547621715277e-02
5.811159282891633499e-03 2.682034969125708379e-01 6.641258633410331846e-01 6.185948046350417395e-02
5.805210784577395991e-03 3.115066068720708237e-01 6.172161676154759302e-01 6.547201472787585186e-02
5.626740092234457785e-03 3.591490803455262282e-01 5.685798308435418003e-01 6.664434871869732990e-02
5.298699664075623948e-03 4.180180108792690974e-01 5.118152184688871120e-01 6.486807098776765923e-02
5.004193394490412221e-03 4.813354623535677224e-01 4.518545956751263137e-01 6.180574857681563755e-02
4.857799437788899201e-03 5.335710825935304769e-01 4.022406346213914796e-01 5.933048334728940887e-02
4.823935990959983024e-03 5.658725328841078817e-01 3.715255902472879845e-01 5.777794087764431818e-02
4.874880026358636466e-03 5.720114531515604339e-01 3.658165805060397680e-01 5.729708631604123886e-02
5.026553771292010739e-03 5.427558036863719959e-01 3.938780088004834590e-01 5.833963374185244938e-02
5.180081475195280269e-03 4.798841112609629755e-01 4.549707990876634134e-01 5.996500817617832213e-02
5.147953547589112326e-03 3.941953244396212419e-01 5.402326141938315063e-01 6.042410781895835026e-02
4.831613513608854459e-03 2.944429219790368757e-01 6.419000097457265852e-01 5.882545476162730214e-02
4.264025761870296298e-03 1.934932998085310552e-01 7.471090673147403605e-01 5.513360711485834620e-02
3.636493194393581284e-03 1.142464160635053294e-01 8.313174127271640845e-01 5.079967801493694840e-02
3.150855483513058299e-03 6.745953672843119087e-02 8.807523244846885424e-01 4.863728330336724442e-02
2.954818301832877383e-03 4.481507855183178290e-02 9.007195869415272060e-01 5.151051620480849580e-02
3.094394050546315274e-03 3.511791144068438647e-02 9.003604234775531845e-01 6.142727103121586180e-02
3.446855901356619088e-03 3.144435071630047318e-02 8.847206019756534978e-01 8.038819140668970742e-02
4.028342175102891248e-03 2.756029321362155754e-02 8.579993614167361615e-01 1.104120031945391434e-01
5.144409614134664958e-03 2.393464761702339752e-02 8.180634721208517313e-01 1.528574706479906009e-01
6.407113801274367908e-03 1.833481506747165410e-02 7.707433286763697433e-01 2.045147424548840742e-01
6.576197083706609124e-03 1.422560028157016099e-02 7.203171130202896677e-01 2.588810896144334017e-01
6.996838810497873692e-03 1.072495401927070838e-02 6.708106298975520243e-01 3.114675772726791525e-01
7.352337718105750666e-03 8.529462709353740485e-03 6.232767869612512168e-01 3.608414126112894360e-01
7.838028837681837446e-03 7.305622481424501290e-03 5.800396637112116283e-01 4.048166849696819836e-01
8.246372503673901275e-03 6.875171678660645276e-03 5.416408976740408887e-01 4.432375581436245326e-01
1.026297533062043091e-02 7.386302219582348803e-03 5.027339788134658205e-01 4.796167436363312220e-01
1.414230443189046053e-02 8.794380263341537024e-03 4.610027708454957907e-01 5.160605444592721858e-01
9.129952933135850879e-01 1.583882718367043627e-02 4.337391410642569764e-03 6.682848809210180374e-02
1.108662825888525293e-02 2.954296342246643947e-01 6.678026230469775726e-01 2.568111446947309029e-02
1.247364238602007881e-02 3.469057589118215712e-01 6.185808809112253170e-01 2.203971779093292019e-02
1.474404728340516536e-02 4.140463420877371625e-01 5.523921595867422596e-01 1.881745104211553221e-02
1.798882157244315744e-02 4.780976362483064790e-01 4.876317956806140996e-01 1.628174649863645476e-02
2.248542709114319943e-02 5.184088677323325234e-01 4.443278718566042729e-01 1.477783331992030443e-02
2.882925115863263499e-02 5.266208661602874708e-01 4.299517325400645240e-01 1.459815014101538584e-02
3.800249108757803446e-02 5.091570407077306015e-01 4.368147081283539346e-01 1.602576007633733923e-02
5.076995672160340700e-02 4.775211572728715326e-01 4.522835289780179902e-01 1.942535702750713966e-02
6.591353941694658158e-02 4.424850756427912701e-01 4.666642342064028504e-01 2.493715073385959283e-02
7.953228852365000490e-02 4.121736675214550116e-01 4.763994017462245267e-01 3.189464220867067878e-02
8.861552903847129403e-02 3.908369060933554184e-01 4.812807472264255537e-01 3.926681764174745626e-02
9.420294619541960679e-02 3.808815506523144934e-01 4.785617057386652995e-01 4.635379741360081546e-02
9.874273032049202259e-02 3.831607072958177485e-01 4.651940462325463432e-01 5.290251615114435757e-02
1.066812870063889307e-01 3.924423854055791305e-01 4.412950543753796362e-01 5.958127321265269116e-02
1.191255471061267029e-01 3.975520524865674421e-01 4.162309039693631307e-01 6.709149643794241891e-02
1.354824001897050323e-01 3.885431837945175215e-01 4.001749062161033543e-01 7.579950979967410574e-02
1.512110631372796110e-01 3.667850178628144220e-01 3.954401646934510017e-01 8.656375430645507629e-02
1.602330119253031759e-01 3.381877660149826270e-01 4.014260921068475430e-01 1.001531299528662516e-01
1.599358399662674235e-01 3.068050918979017827e-01 4.177133303680548582e-01 1.155457377677762132e-01
1.511176367601214376e-01 2.770959362444612717e-01 4.408266501036264273e-01 1.309597768917908078e-01
1.368153296396322216e-01 2.531049188270374506e-01 4.646692597038135641e-01 1.454104918295166526e-01
1.201561625536249900e-01 2.350271074961011730e-01 4.851073057769925700e-01 1.597094241732815445e-01
1.034328696732440822e-01 2.192057002385636444e-01 5.010820675241368649e-01 1.762793625640553252e-01
8.620223649224335871e-02 2.031829287857041533e-01 5.138962327418062914e-01 1.967186019802462105e-01
7.077956956929087884e-02 1.843272852356541980e-01 5.264754796513770874e-01 2.184176655436780023e-01
5.790088508368510661e-02 1.643896264618133207e-01 5.415832597115950442e-01 2.361262287429064244e-01
4.692450118479181420e-02 1.460493425444797932e-01 5.611444178405768923e-01 2.458817384301517084e-01
3.719950604878533018e-02 1.314427731986353431e-01 5.858966139232906212e-01 2.454611068292885390e-01
2.854064186365388653e-02 1.232134706856616163e-01 6.146741110152921239e-01 2.335717764353924808e-01
2.136910731636401661e-02 1.262124619670665360e-01 6.412004860921789451e-01 2.112179446243905578e-01
1.620951643077104751e-02 1.471243707295552816e-01 6.530621981459698855e-01 1.836039146937038791e-01
1.275833407236715358e-02 1.900707246463284039e-01 6.411769259045883018e-01 1.559940153767161164e-01
1.013448718291388648e-02 2.502838053463349310e-01 6.095256420719687984e-01 1.300560653987825055e-01
7.849722879991180569e-03 3.119011951559454432e-01 5.741617013904255495e-01 1.060873805736378545e-01
5.932007677796561490e-03 3.564705800666908564e-01 5.518540951225587854e-01 8.574331713295334223e-02
4.457513149253836474e-03 3.732340199244708612e-01 5.518834756448965928e-01 7.042499128137880149e-02
3.402141838908496942e-03 3.616039392910250783e-01 5.749505371373594409e-01 6.004338173270656887e-02
2.703268328936882063e-03 3.287567462359622938e-01 6.147602319474323451e-01 5.377975348766841912e-02
2.293352934880891689e-03 2.878792257097515517e-01 6.588673456167364328e-01 5.096007573863110818e-02
2.082970494832075449e-03 2.512568830532238007e-01 6.957982979083175978e-01 5.086184854362654079e-02
1.958734301357991248e-03 2.242821289989721523e-01 7.219541540762436371e-01 5.180498262342628918e-02
1.875314844691531018e-03 2.107481599227479241e-01 7.351002887851418865e-01 5.227623644741837688e-02
1.887854345015568640e-03 2.147754977991991887e-01 7.308696769012167360e-01 5.246697095456840515e-02
2.097585793751015771e-03 2.334030151574218725e-01 7.108570941839182922e-01 5.364230486490859096e-02
2.549284666053485554e-03 2.502545924357398310e-01 6.913518176503544721e-01 5.584430524785206212e-02
3.137811207588963279e-03 2.473665306368522387e-01 6.923803448584565645e-01 5.711531329710218402e-02
3.660213965834602668e-03 2.234010964696141188e-01 7.172792197472813713e-01 5.565946981727020598e-02
4.027480612372744476e-03 1.895058309847905964e-01 7.546564192239264557e-01 5.181026917891017047e-02
4.326172804360808519e-03 1.559383110609711964e-01 7.922582421504640315e-01 4.747727398420421852e-02
4.678880368823464669e-03 1.282124872898542933e-01 8.225884554797611159e-01 4.452017686156100468e-02
5.158562427594839093e-03 1.079859761563568832e-01 8.431941694650455510e-01 4.366129195100281607e-02
5.763297222878853085e-03 9.428420325526584711e-02 8.554364543426332679e-01 4.451604517922170406e-02
6.299568309299159383e-03 8.434647667370355484e-02 8.634432970082502878e-01 4.591065800874674641e-02
6.408204241358107789e-03 7.501674476063151242e-02 8.723622494155732765e-01 4.621280158243700614e-02
6.031532521675892627e-03 6.546716139204741824e-02 8.840691240105513771e-01 4.443218207572484368e-02
5.580334267356785310e-03 5.763417818666679432e-02 8.950170074114904839e-01 4.176848013448612035e-02
5.426460722451336739e-03 5.305648770351031190e-02 9.014680482109814763e-01 4.004900336305713959e-02
5.481182894111496021e-03 5.050565795641311778e-02 9.048764851371685625e-01 3.913667401230686016e-02
5.437499014567684016e-03 4.781695902585163249e-02 9.088997899966235750e-01 3.784575196295739130e-02
5.321440496755977696e-03 4.498222720070269021e-02 9.131731721065389218e-01 3.652316019600215791e-02
5.323496788856745161e-03 4.306746570409975688e-02 9.157501560353317194e-01 3.585888147171197721e-02
5.497395157483731323e-03 4.253895145994289473e-02 9.163396773916328009e-01 3.562397599094038053e-02
5.811749247885730774e-03 4.355424102298506572e-02 9.153365539101562254e-01 3.529745581897287404e-02
6.376942801601320938e-03 4.729801459535262764e-02 9.112036481697181056e-01 3.512139443332801259e-02
7.469011000468915931e-03 5.574679716565884152e-02 9.010942076978639692e-01 3.568998413600829589e-02
9.344958591101260384e-03 7.011470974919248311e-02 8.835394878242874839e-01 3.700084383541902416e-02
1.223108176929453388e-02 9.049291820072850878e-02 8.582217070890006960e-01 3.905429294097645387e-02
1.646733354871076499e-02 1.167525623866661200e-01 8.243096364475676063e-01 4.247046761705592505e-02
2.267876474993324454e-02 1.505765337730383679e-01 7.784346832187221121e-01 4.831001825830578272e-02
3.137930465457909601e-02 1.943508278332561623e-01 7.164560927144554281e-01 5.781377479770903605e-02
4.132602143124491229e-02 2.442171456256018169e-01 6.434182019022322008e-01 7.103863104092111858e-02
1.595357002980594442e-03 1.191547897547824975e-01 8.691070863922821799e-01 1.014276684995476553e-02
2.224627906146459805e-03 1.380492090355026624e-01 8.448912400820788315e-01 1.483492297627213644e-02
2.919061860560237791e-03 1.519842866532543357e-01 8.245539086824749120e-01 2.054274280371054875e-02
3.578621468178202515e-03 1.589251211298315924e-01 8.102296673784540326e-01 2.726659002353639186e-02
4.284080799657447036e-03 1.654359994632667863e-01 7.950846416101486902e-01 3.519527812692706259e-02
5.100228364295049908e-03 1.750966641701493243e-01 7.759572656001985091e-01 4.384584186535710193e-02
5.802191655832549672e-03 1.807201483330149738e-01 7.616044686589246160e-01 5.187319135222780847e-02
5.903788215604680902e-03 1.692439719576369628e-01 7.680006149971294604e-01 5.685162482962902858e-02
5.237488433904511492e-03 1.357967561698923686e-01 8.025158029240274660e-01 5.644995247217564349e-02
4.200982151609862492e-03 9.288324145652702979e-02 8.513532920172388607e-01 5.156248437462421230e-02
3.270717643227967226e-03 5.830035794925295806e-02 8.919866517819141638e-01 4.644227262560507441e-02
2.659430314758009974e-03 3.797130576930163315e-02 9.146668028910855952e-01 4.470246102485452011e-02
2.395928681423772303e-03 2.793997391434549504e-02 9.220373519631388515e-01 4.762674544109208458e-02
2.344745866958163321e-03 2.432617256597736574e-02 9.177100383764438263e-01 5.561904319062051932e-02
2.526440053051736204e-03 2.233179700390526545e-02 9.062582246724530943e-01 6.888353827058989187e-02
2.976258697191832333e-03 2.185189430400103633e-02 8.848663757731898283e-01 9.030547122561732865e-02
4.015069468398806303e-03 2.269497845144434825e-02 8.466184972046375545e-01 1.266714548755194236e-01
6.486983806196821960e-03 2.581489424113421471e-02 7.824640048391753311e-01 1.852341171134938569e-01
1.007738045176195807e-02 2.835116459027611432e-02 6.978510471355713340e-01 2.637204078223902570e-01
1.545525479978173897e-02 2.961364084863163035e-02 6.071710643999657098e-01 3.477600399516208585e-01
2.203702844993015927e-02 2.938353633349837304e-02 5.250729033815897395e-01 4.235065318349819918e-01
2.836366148549481978e-02 2.828949473279485788e-02 4.567819525808417547e-01 4.865648912008687654e-01
3.290382685321609907e-02 2.681313603757511793e-02 4.016148080142082355e-01 5.386682290950005614e-01
3.061395517176642919e-02 2.818306061861824974e-01 2.633241438731963036e-01 4.242312947688545166e-01
2.599702870976048144e-02 3.333507279289351644e-01 2.516344971953125009e-01 3.890177461659918845e-01
2.199600764732855679e-02 3.971398241587662525e-01 2.334426993802951322e-01 3.474214688136099127e-01
1.833674223449087079e-02 4.722526778328028363e-01 2.108219687391468256e-01 2.985886111935595610e-01
1.510625954570875631e-02 5.540241892406057023e-01 1.872684172953274218e-01 2.436011339183581093e-01
1.247576790952159564e-02 6.343010627757732500e-01 1.650815326875238187e-01 1.881416366271815577e-01
1.054294045575363686e-02 7.036090893188499118e-01 1.458721855632203745e-01 1.399757846621762503e-01
9.431502203456105723e-03 7.557109503356337354e-01 1.312303725590081016e-01 1.036271749019020694e-01
8.678344397330384902e-03 7.959846347034923442e-01 1.173512505830033581e-01 7.798577031617397182e-02
8.408743270986835175e-03 8.257621172378964980e-01 1.050688156853289007e-01 6.076032380578787889e-02
8.725335324941444273e-03 8.458440101403484901e-01 9.540706022570778766e-02 5.002359430900230747e-02
9.927152743182583033e-03 8.558458591435132989e-01 8.952720840916525424e-02 4.469977970413900603e-02
1.255122064924471190e-02 8.543448887441252859e-01 8.855067499134650078e-02 4.455321561528370611e-02
1.725318470560053760e-02 8.384365654580085980e-01 9.455908860715125930e-02 4.975116122923969181e-02
2.441607594734747713e-02 8.058372944619487388e-01 1.097647015352583855e-01 5.998192805544525635e-02
3.389073182145909552e-02 7.555887727255466979e-01 1.363563369950865356e-01 7.416415845790760852e-02
4.533049861984323609e-02 6.867247027586640407e-01 1.769274898169650168e-01 9.101730880452756078e-02
5.950241473755769200e-02 5.998575961583288985e-01 2.318903850470061534e-01 1.087496040571072492e-01
7.464239150618426355e-02 5.073266593395067137e-01 2.937904683111108861e-01 1.242404808431979840e-01
8.985735018119106465e-02 4.195748084211991524e-01 3.551402368601537241e-01 1.354276045374561699e-01
1.034516125936355280e-01 3.432081958481372763e-01 4.114241968103634073e-01 1.419159947478643435e-01
1.126956649805173627e-01 2.806444627692017968e-01 4.622296275807029065e-01 1.444302446695782116e-01
1.181211275530217597e-01 2.288499127517251985e-01 5.087750514841874461e-01 1.442539082110658177e-01
1.194571762548529703e-01 1.865772455152624187e-01 5.511981055357023651e-01 1.427674726941822181e-01
1.159907348125313875e-01 1.557842213566325018e-01 5.868440265547840706e-01 1.413810172760525397e-01
1.106328693817312386e-01 1.347187721674321104e-01 6.136817015568638567e-01 1.409666568939727527e-01
1.049071695567265206e-01 1.203866023916465300e-01 6.334321033303351722e-01 1.412741247212919160e-01
9.926283867349568191e-02 1.093109549000615133e-01 6.505240775485255922e-01 1.409021288779171710e-01
9.354763847244203234e-02 9.941061343464262234e-02 6.682807172817727404e-01 1.387610308111422996e-01
8.752597312006696328e-02 9.034389683918826741e-02 6.864915873815290448e-01 1.356385426592155441e-01
8.125053458371048198e-02 8.271667580797459340e-02 7.021397413792080933e-01 1.338930482291070811e-01
7.504652915500230337e-02 7.692137120760622615e-02 7.131083435668291726e-01 1.349237560705624783e-01
6.884376459551685978e-02 7.222419536076013502e-02 7.220002814593268203e-01 1.369317585843958518e-01
6.246403797091801963e-02 6.786281455679933627e-02 7.316503843260084849e-01 1.380227631462744575e-01
5.610369877585247994e-02 6.380006810543797924e-02 7.422006454942862153e-01 1.378955876244230827e-01
5.028687636309425030e-02 6.049372277946329923e-02 7.521493342455225495e-01 1.370700666119194500e-01
4.532269017343443923e-02 5.830888863322590543e-02 7.602203529913400537e-01 1.361480682019995392e-01
4.127374844385511832e-02 5.768802883180449564e-02 7.655598962028034027e-01 1.354783265215368793e-01
3.807324622132742670e-02 5.912792081380326137e-02 7.682010277167016232e-01 1.345978052481678899e-01
3.543511682902238807e-02 6.245169144947923523e-02 7.703040018472380179e-01 1.318091898742606571e-01
3.282624745707093256e-02 6.636289774802019148e-02 7.761025010052464701e-01 1.247083537896623295e-01
2.957339840687397969e-02 6.897261526657887110e-02 7.900395850846809731e-01 1.114144012418660651e-01
2.544492059287313188e-02 6.894823940075300861e-02 8.127884823003769243e-01 9.281835770599697333e-02
2.090872518525834639e-02 6.572149293951116966e-02 8.406627080259371221e-01 7.270707384929336881e-02
1.680633900108165560e-02 5.999462403241812014e-02 8.679330990493243636e-01 5.526593791717585719e-02
1.366450907595938465e-02 5.377964846229392470e-02 8.903871610997047270e-01 4.216868136204211803e-02
1.137519998452191095e-02 4.841323678726429380e-02 9.075973615275627626e-01 3.261420170065099794e-02
9.838266805476229143e-03 4.414807238450894900e-02 9.200431058556286512e-01 2.597055495438642739e-02
8.897433686686041093e-03 3.997978621217759820e-02 9.296988134522403691e-01 2.142396664889636287e-02
8.315378630919127712e-03 3.513192703464913802e-02 9.384063918798111192e-01 1.814630245462054564e-02
7.924363811868473731e-03 3.004919631958061915e-02 9.464259761657171088e-01 1.560046370283397002e-02
7.249548585259904532e-03 2.669999077160186210e-02 9.524691680051752263e-01 1.358129263796285791e-02
7.135588523006159214e-03 2.299910859362128135e-02 9.579312455134245674e-01 1.193405736994803713e-02
7.167479085461300400e-03 2.027174953092118065e-02 9.618931747078574013e-01 1.066759667576007257e-02
7.250089782090089231e-03 1.826324344469620539e-02 9.649342137772675132e-01 9.552452995946343964e-03
7.201470380664930747e-03 1.643894455726680956e-02 9.679760356657974851e-01 8.383549396270735532e-03
6.908744424002874994e-03 1.450310946182559353e-02 9.713956986380470893e-01 7.192447476124458686e-03
6.406805044601191455e-03 1.255128904275503408e-02 9.748942894532210968e-01 6.147616459422241414e-03
5.770387605223876309e-03 1.075541593278486058e-02 9.781489757180047429e-01 5.325220743986548017e-03
5.044069966723165044e-03 9.174873434590937946e-03 9.811039767936039491e-01 4.677079805081962686e-03
4.254220356464815528e-03 7.717853788225931787e-03 9.839166270284965821e-01 4.111298826812788583e-03
3.431622440038215559e-03 6.331164579610636632e-03 9.866878069924532868e-01 3.549405987898024504e-03
2.668104295257608862e-03 5.145319825154513922e-03 9.891587517211247738e-01 3.027824158463177182e-03
2.041691569488337122e-03 4.236790048761289104e-03 9.911126729398265223e-01 2.608845441924020209e-03
1.540489299724108301e-03 3.515935808735436239e-03 9.926961733892145645e-01 2.247401502326040138e-03
1.141210341644227589e-03 2.930970209686852273e-03 9.940158030063864780e-01 1.912016442282625994e-03
8.527449523877443042e-04 2.532940061265468844e-03 9.949462445308736580e-01 1.668070455473206473e-03
6.661680885419567211e-04 2.322226381861442791e-03 9.954549141117460254e-01 1.556691417850399918e-03
5.446251283659459897e-04 2.207873372542008914e-03 9.956966150086188350e-01 1.550886490473377642e-03
4.556875173625274692e-04 2.115617759576055457e-03 9.958182281876990505e-01 1.610466535362476423e-03
3.838219072144006183e-04 2.044747348418153674e-03 9.958754000286602626e-01 1.696030715707191492e-03
3.314873563886959994e-04 2.052892232491318469e-03 9.957996901328438621e-01 1.815930278276174127e-03
3.001554759560989437e-04 2.161386279337154485e-03 9.955416110686439168e-01 1.996847176062756333e-03
2.878015477547784021e-04 2.360646525556119556e-03 9.950826743000587005e-01 2.268877626630448358e-03
2.896428969552524791e-04 2.652141446873807276e-03 9.943991182561277009e-01 2.659097400043054261e-03
2.984187719166027418e-04 3.020363242349225191e-03 9.935255786903559594e-01 3.155639295377867144e-03
3.067804225693740103e-04 3.350886370720765253e-03 9.926417632602854146e-01 3.700569946424329005e-03
3.000081737405487403e-04 3.389117522831339505e-03 9.922137328878182227e-01 4.097141415610154255e-03
2.735459683249915719e-04 3.096414006756446555e-03 9.924607176548173593e-01 4.169322370101157665e-03
2.440180391068243399e-04 2.741126812908560757e-03 9.930258893569805512e-01 3.988965791004130818e-03
2.285330236576746984e-04 2.509933487620788148e-03 9.935368570864973048e-01 3.724676402224018096e-03
2.276894904420896583e-04 2.359617944179965600e-03 9.939952484422923673e-01 3.417444123085579440e-03
2.288306257762838893e-04 2.168148798441322557e-03 9.945712823909855782e-01 3.031738184796952881e-03
2.212160228556854069e-04 1.914049494516314315e-03 9.952545831429462364e-01 2.610151339681695323e-03
2.086389789997909608e-04 1.707138168443159349e-03 9.957716398761129462e-01 2.312582976443881139e-03
2.033630108519868956e-04 1.652786103680338242e-03 9.958205791079196567e-01 2.323271777547989119e-03
2.136965211294230703e-04 1.813837949163962055e-03 9.951229236409306900e-01 2.849541888775983505e-03
2.494898376638283121e-04 2.354756011285657254e-03 9.929351673720503424e-01 4.460586778999848026e-03
3.336216601880396897e-04 3.779053950259822752e-03 9.869266736762725145e-01 8.960650713279519342e-03
