1.843653705287191108e-02 3.397409852699005695e-02 9.267030404977059099e-01 2.088632392243226082e-02
2.663276038107006624e-02 9.224328670868738866e-01 3.038344649599798372e-02 2.055092603605804952e-02
2.642381223044928257e-02 9.220032327995355548e-01 3.100070705042037855e-02 2.057224791959514493e-02
2.756701838006623759e-02 9.190065770750833751e-01 3.136798469364533021e-02 2.205841985120514728e-02
3.074394611086426685e-02 9.103093289211965367e-01 3.273049184989968580e-02 2.621623311803923315e-02
3.571081055635179358e-02 8.949836190554695259e-01 3.558509082279479735e-02 3.372047956538387625e-02
4.151183756336526698e-02 8.750299444311091523e-01 3.941779852314029886e-02 4.404041948238496262e-02
4.743102864039085848e-02 8.534304966998966790e-01 4.360340744116196487e-02 5.553506721855078904e-02
5.370194567769390886e-02 8.316688247825398950e-01 4.824645307316311610e-02 6.638277646660296905e-02
6.131083483986665694e-02 8.091987124177218993e-01 5.394905193118192110e-02 7.554140081122931449e-02
6.994214835445589085e-02 7.899554192550798382e-01 5.906829125000594150e-02 8.103414114045846828e-02
7.807187302179646737e-02 7.788678326486164760e-01 6.080946176478486953e-02 8.225083256480222871e-02
8.596049033772434900e-02 7.711991947972507422e-01 6.003140605316486383e-02 8.280890881186020458e-02
9.505561925848321492e-02 7.621086373652304902e-01 5.836313500027235507e-02 8.447260837601368311e-02
1.071858781612651107e-01 7.508377934620771299e-01 5.628578475330277275e-02 8.569054362335479236e-02
1.246179538133969922e-01 7.359386174912248002e-01 5.458704201826838909e-02 8.485638667710983241e-02
1.475567013591879695e-01 7.161553081309237623e-01 5.442176088346153268e-02 8.186622962642658985e-02
1.699584613136547462e-01 6.972688404058170475e-01 5.598293101803918786e-02 7.678976726248937235e-02
1.817196130424977574e-01 6.894471427275078446e-01 5.898738285841078482e-02 6.984586137158350916e-02
1.788467640902192124e-01 6.960733235923980411e-01 6.342985033352349644e-02 6.165006198385925007e-02
1.675316663704908560e-01 7.060180589945487251e-01 7.201797965469551588e-02 5.443229498026479207e-02
1.585363904493917175e-01 6.962524812885072523e-01 9.323073186430343162e-02 5.198039639779754306e-02
1.588205148470184236e-01 6.483979777853752235e-01 1.365410374318689057e-01 5.624046993573713488e-02
1.668039405175616718e-01 5.753557013398796771e-01 1.919129345326221758e-01 6.592742360993622541e-02
1.780333717519404224e-01 5.140710969594144419e-01 2.279057085662657134e-01 7.998982272237968594e-02
1.930397358281340792e-01 4.763693848169739953e-01 2.308261230326791591e-01 9.976475632221300238e-02
2.184961403814422720e-01 4.418335179608990915e-01 2.133601428803938993e-01 1.263101987772649593e-01
2.586156670565081805e-01 3.949268637236618140e-01 1.905994339911169233e-01 1.558580352287128878e-01
3.101937614781801189e-01 3.368490587490078902e-01 1.706059717693426958e-01 1.823512080034690452e-01
3.612627517594412252e-01 2.820736301389965561e-01 1.557801947199775883e-01 2.008834233815840198e-01
4.016438926137390064e-01 2.439125467776221967e-01 1.448241155363718669e-01 2.096194450722667912e-01
4.303170400021774089e-01 2.233716811401003643e-01 1.363955134381070466e-01 2.099157654196150968e-01
4.569864815509213640e-01 2.090336132018613124e-01 1.292963797016528360e-01 2.046835255455641545e-01
4.835725068183678865e-01 1.944675183985727918e-01 1.244629496593556983e-01 1.974970251237035956e-01
5.047084467227513915e-01 1.810680409329846752e-01 1.217814436240925030e-01 1.924420687201710556e-01
5.093349662790217502e-01 1.736474494498907173e-01 1.230408405555737938e-01 1.939767437155135721e-01
4.911979875078848479e-01 1.779014706273184254e-01 1.266381629355921856e-01 2.042623789292047354e-01
4.520281491433356669e-01 1.931933295175115584e-01 1.324298895338168747e-01 2.223486318053359279e-01
3.946076041538174040e-01 2.135943001763070115e-01 1.449813843641604705e-01 2.468167113057152251e-01
3.241144910732084439e-01 2.333509890636025486e-01 1.689183916699713572e-01 2.736161281932176226e-01
2.531755667790922537e-01 2.421179214365881682e-01 2.104191233212684142e-01 2.942873884630509695e-01
1.935317276020615818e-01 2.333151200113036949e-01 2.714202343874927981e-01 3.017329179991420363e-01
1.485497385480215593e-01 2.095312217324084292e-01 3.485084314472144951e-01 2.934106082723557107e-01
1.146758205116786000e-01 1.781309407035900072e-01 4.355502434604949236e-01 2.716429953242364137e-01
9.187026121772284837e-02 1.482319736124925180e-01 5.159722130576916976e-01 2.439255521120930748e-01
7.965551766612140316e-02 1.252674299377610767e-01 5.730428668515432644e-01 2.220341855445740753e-01
7.582644457989917708e-02 1.091878917397648141e-01 6.004270367728175017e-01 2.145586269075185348e-01
7.712402369519470724e-02 9.602965107987368465e-02 6.027666757162050137e-01 2.240796495087263862e-01
7.860188807284283763e-02 8.157383332614517868e-02 5.938273678555705537e-01 2.459969107454412496e-01
7.609071259501372364e-02 6.588672278144430683e-02 5.885414427283028882e-01 2.694811218952389842e-01
6.967126868103154513e-02 5.213500888665353883e-02 5.940917023461287361e-01 2.841020200861859579e-01
6.171935799500894576e-02 4.224193619779213066e-02 6.108623253530625075e-01 2.851763804541367353e-01
5.431668609388628360e-02 3.595562245165026538e-02 6.371149899039462161e-01 2.726127015505172002e-01
4.816621599562454642e-02 3.157314429543633949e-02 6.722346790014235296e-01 2.480259607075155637e-01
4.317564122613093414e-02 2.769040349743647281e-02 7.129293424367892928e-01 2.162046128396431510e-01
3.931782615457529023e-02 2.416266438270319242e-02 7.519653972096632666e-01 1.845541122530584555e-01
3.679078727902732743e-02 2.159207757652816320e-02 7.830076967137401533e-01 1.586094384307042970e-01
3.621429317490634098e-02 2.095854733761350064e-02 8.010281127828933201e-01 1.417990467045869840e-01
3.808889898401642687e-02 2.335424713067327240e-02 8.028277437903920122e-01 1.357291100949183371e-01
4.197380432500508879e-02 2.978865330381836804e-02 7.890647357700466547e-01 1.391728066011297948e-01
4.644710714162610804e-02 4.082470255111899510e-02 7.645145242679183273e-01 1.482136660393368333e-01
4.992394500420160863e-02 5.652227266280235307e-02 7.346701180094800110e-01 1.588836643235158053e-01
5.087806384314184222e-02 7.705532325096245416e-02 7.044382057627525118e-01 1.676284071431432543e-01
4.906875586627636870e-02 1.048199274296002514e-01 6.752990649244617893e-01 1.708122517796612228e-01
4.550935996623955287e-02 1.457370971655913006e-01 6.414777414828917168e-01 1.672758013852774506e-01
4.149322721605510494e-02 2.060589907466007231e-01 5.926397908611719112e-01 1.598079911761726979e-01
3.765470693582786271e-02 2.821725536831519165e-01 5.294383104149894548e-01 1.507344289660307590e-01
3.393374916325906515e-02 3.612284671400158298e-01 4.649138130578249206e-01 1.399239706389001359e-01
3.051223034336411968e-02 4.369818946862227271e-01 4.050251315016054066e-01 1.274807434688075558e-01
2.759559985099920357e-02 5.127868299454496626e-01 3.457659450702930126e-01 1.138516251332581386e-01
2.472832890421979360e-02 5.922546253539328065e-01 2.833513549585144897e-01 9.966569078333294140e-02
2.288475126915986979e-02 6.663457139136907958e-01 2.250257130752762458e-01 8.574382174187339389e-02
9.066827453382555468e-01 7.393763624058184714e-02 5.072617044569766032e-03 1.430700137659266825e-02
6.171673549933260894e-01 1.576778835791143307e-01 3.882324955192506533e-02 1.863315118756344591e-01
7.105775164184540138e-01 1.152380018047329258e-01 3.139884514006100608e-02 1.427856366367520335e-01
7.827735172220137150e-01 8.503147178972092490e-02 2.613378181106403367e-02 1.060612291772016214e-01
8.366456426829413928e-01 6.337498962990570361e-02 2.213790839680943728e-02 7.784145929034345934e-02
8.737082476703201817e-01 4.895588980884428565e-02 1.962319207158020815e-02 5.771267044925549455e-02
8.988400340966248292e-01 3.905725303533391646e-02 1.815313437352316164e-02 4.394957849451801984e-02
9.159981786200300791e-01 3.172256868882720321e-02 1.738506865815587013e-02 3.489418403298710086e-02
9.273441836863040022e-01 2.603039357589250619e-02 1.722653433435022627e-02 2.939888840345338331e-02
9.340410464692197046e-01 2.180492574400900649e-02 1.770944728024785933e-02 2.644458050652351983e-02
9.373443333822795154e-01 1.901645350385436362e-02 1.879833688183085022e-02 2.484087623203528813e-02
9.386816413605844067e-01 1.732658767111874484e-02 2.042314325461834848e-02 2.356862771367875670e-02
9.397944139554341714e-01 1.604082177977870713e-02 2.219468557125576363e-02 2.197007869353122256e-02
9.420539884351224469e-01 1.464763465055818337e-02 2.348464785809242089e-02 1.981372905622704947e-02
9.456586354058922339e-01 1.307944735692923369e-02 2.395415034125181544e-02 1.730776689592653655e-02
9.496892565074728232e-01 1.149455644852763816e-02 2.377787875143705376e-02 1.503830829256235999e-02
9.530287167249671398e-01 1.003041103467898140e-02 2.338519539277414752e-02 1.355567684757966705e-02
9.552610342071790051e-01 8.791431673705154756e-03 2.301791996172998858e-02 1.292961415738574753e-02
9.565301566824073731e-01 7.954675932162036389e-03 2.272464965865271525e-02 1.279051772677751615e-02
9.563348804507991741e-01 7.748441989863679748e-03 2.285096352913953965e-02 1.306571403019766812e-02
9.536628033864379406e-01 8.393599165170701620e-03 2.381013380261906912e-02 1.413346364577237196e-02
9.476124482460884790e-01 1.015546080787139635e-02 2.577066486095741168e-02 1.646142608508265048e-02
9.375493769374638742e-01 1.341018791071101578e-02 2.867165079726202714e-02 2.036878435456290076e-02
9.239404540677182975e-01 1.848039489713865918e-02 3.205498781258389607e-02 2.552416322255929293e-02
9.073199528073213616e-01 2.549101219246709821e-02 3.573316813562614491e-02 3.145586686458514553e-02
8.868174189480151348e-01 3.417509766069470184e-02 4.047673545616086582e-02 3.853074793512958895e-02
8.609209258757325456e-01 4.364267807630669432e-02 4.780393808679313239e-02 4.763245796116745423e-02
8.276546182251230954e-01 5.309859227573602430e-02 5.988310073691314322e-02 5.936368876222785501e-02
7.855806208464209961e-01 6.290140951426047289e-02 7.889363348564390477e-02 7.262433615367480666e-02
7.366090986785956973e-01 7.532221432142349737e-02 1.052600389667877612e-01 8.280864803319312739e-02
6.859436145598993839e-01 9.377272114935993053e-02 1.360702605854762492e-01 8.421340370526401997e-02
6.309740592451323904e-01 1.263867464383765238e-01 1.667198288973264497e-01 7.591936541916451120e-02
5.736780552311088188e-01 1.779195224406457387e-01 1.867547758246772549e-01 6.164764650356817366e-02
5.146131876845655428e-01 2.471493254291420028e-01 1.911779583804653626e-01 4.705952850582697383e-02
4.582755539391470401e-01 3.236932251574364261e-01 1.829778547455805093e-01 3.505336615783623266e-02
4.114308539665609277e-01 3.952032334338035358e-01 1.675772004449757879e-01 2.578871215465956823e-02
3.685766237537807521e-01 4.642545054595890175e-01 1.485757738525900484e-01 1.859309693404022704e-02
3.321817823593556374e-01 5.246045128337361030e-01 1.299715036211525621e-01 1.324220118575551025e-02
3.026856249122102382e-01 5.724254735946137096e-01 1.152536000017048839e-01 9.635301491471301785e-03
2.869986214299966032e-01 5.978482398540402309e-01 1.076280837175374455e-01 7.525054998425951928e-03
2.892797145024964545e-01 5.974836798318019504e-01 1.067500810298652597e-01 6.486524635836420430e-03
3.084387816917792402e-01 5.778956796903002013e-01 1.076934270153686451e-01 5.972111602551950608e-03
3.432243934007608854e-01 5.463070326575061308e-01 1.049117608678433594e-01 5.556813073889876713e-03
3.962085245448915827e-01 5.014660485053710204e-01 9.719491604526496464e-02 5.130510904472374185e-03
4.656670713711635323e-01 4.451736707637777291e-01 8.460863507306959352e-02 4.550622791989062700e-03
5.550477768839148229e-01 3.719636345059708638e-01 6.914062752540767187e-02 3.847961084706562080e-03
6.557067633423807607e-01 2.887412938452955102e-01 5.249566026022171178e-02 3.056282552102143526e-03
7.473415592345379332e-01 2.128088775793598453e-01 3.753018840173544951e-02 2.319374784366786714e-03
8.172193562549653345e-01 1.550363338186353523e-01 2.601543804047507999e-02 1.728871885924260915e-03
8.666434705203029942e-01 1.142527171955046994e-01 1.783582812556535127e-02 1.267984158627051593e-03
9.015135087909709188e-01 8.537119876021424802e-02 1.220727902708006359e-02 9.080134217345148728e-04
9.263250141894506795e-01 6.448876905544344285e-02 8.533133795938296212e-03 6.530829591674382163e-04
9.438407399875516912e-01 4.933602806308594324e-02 6.326340477596394465e-03 4.968914717658248206e-04
9.540180741230346317e-01 4.036382263149596028e-02 5.192523531844467008e-03 4.255797136249929598e-04
9.610423687788113289e-01 3.403035570083439570e-02 4.532126884951027425e-03 3.951486354034020997e-04
9.645023610044513029e-01 3.094796617965538815e-02 4.159537318081127019e-03 3.901354978122280217e-04
9.656683842215683100e-01 2.997256765288408564e-02 3.956289146037267335e-03 4.027589795104583883e-04
9.653860817001621575e-01 3.039507334658216736e-02 3.784842845529448174e-03 4.340021077265020450e-04
9.649789474304530934e-01 3.112692682455571111e-02 3.417691683887759402e-03 4.764340611032285146e-04
9.663271915175490889e-01 3.035236914898263930e-02 2.795850138937701086e-03 5.245891945306863742e-04
9.705546336581580835e-01 2.678897178604697574e-02 2.078176942782043995e-03 5.782176130129351287e-04
9.770481740812456684e-01 2.092333495510472624e-02 1.403740831897186880e-03 6.247501317524767469e-04
9.838067729883674950e-01 1.465093625225657482e-02 8.756261891558845406e-04 6.666645702199403565e-04
9.888161925735263758e-01 9.876462575294411850e-03 5.509080055925129078e-04 7.564368455867285460e-04
9.915773884227735424e-01 7.046210322245866943e-03 3.908351638110768664e-04 9.855660911695083605e-04
9.923805454658048975e-01 5.724353569936643620e-03 3.384999939649273727e-04 1.556600970293488782e-03
9.912205632427858459e-01 5.395928538809063695e-03 3.679336659786730090e-04 3.015574552426348622e-03
9.851341058892770786e-01 7.192617999882473800e-03 5.970797179217484513e-04 7.076196392918559543e-03
9.728364279894206046e-01 9.419326269021241482e-03 9.138097201131325543e-04 1.683043602144497150e-02
9.467070373887835899e-01 1.267853468891483315e-02 1.501189306064667096e-03 3.911323861623706294e-02
8.949173780120239785e-01 1.673183847539590208e-02 2.542658542918943033e-03 8.580812496966132297e-02
8.054221748454297725e-01 2.088421286154422754e-02 4.241295768689644016e-03 1.694523165243365659e-01
1.784485378993732330e-01 6.567638289030128806e-01 2.338003911705056198e-02 1.414075940805632481e-01
1.714977762661091254e-01 3.269385769900228778e-01 2.236747810289891614e-01 2.778888657148787522e-01
1.737306212157302687e-01 3.428445823956345340e-01 2.193166400767826152e-01 2.641081563118530262e-01
1.767274166568131855e-01 3.610455684784789621e-01 2.146271232592140699e-01 2.475998916054936994e-01
1.777047122914207078e-01 3.840362957489769635e-01 2.094565993546192439e-01 2.288023926049829182e-01
1.746935264812228272e-01 4.113260931319997482e-01 2.047561356621329653e-01 2.092242447246449033e-01
1.658630732508996619e-01 4.400020902599400818e-01 2.026730032559483641e-01 1.914618332332123085e-01
1.504970600259864233e-01 4.656814314328406312e-01 2.059944223139623942e-01 1.778270862272105513e-01
1.305290209960741632e-01 4.839114569248818554e-01 2.168155458064823238e-01 1.687439762725619630e-01
1.101673947430451272e-01 4.904762644866831334e-01 2.359669837460635355e-01 1.633893570242078985e-01
9.230995233613362161e-02 4.852724764725012685e-01 2.628675735737731056e-01 1.595499976175918655e-01
7.677058006193124284e-02 4.733370691037344646e-01 2.967824221636932713e-01 1.531099286706414098e-01
6.331992961578949974e-02 4.541106288913688838e-01 3.405034702491266940e-01 1.420659712437148392e-01
5.209471054245360527e-02 4.222234660018641117e-01 3.985346591526210402e-01 1.271471643030610554e-01
4.277467494265307230e-02 3.760460976825439894e-01 4.712312554106263263e-01 1.099479719641764802e-01
3.476451116252134849e-02 3.222566921717761601e-01 5.511899479267359236e-01 9.178884873896656083e-02
2.775890284412253425e-02 2.665551671283060697e-01 6.317087680654301929e-01 7.397716196214106088e-02
2.171183339398411599e-02 2.103225197633112054e-01 7.105634797020526916e-01 5.740216714065206338e-02
1.621020180802995245e-02 1.578504179192780632e-01 7.833160368117086936e-01 4.262334346098314852e-02
1.240667247288705644e-02 1.100622122230351801e-01 8.477692132033800565e-01 2.976190210069768263e-02
8.958004283702424714e-03 7.476217935737454467e-02 8.963340874903913402e-01 1.994572886853186733e-02
6.447192346262399856e-03 5.129803677203936124e-02 9.288471221855756355e-01 1.340764869612241436e-02
4.784993253723264159e-03 3.667114357142800540e-02 9.490768440784402848e-01 9.467019096408551410e-03
3.710393314390411472e-03 2.756745209335893093e-02 9.615389735637408508e-01 7.183181028509471981e-03
2.513101434254201398e-03 2.276589731795344504e-02 9.688656728018859576e-01 5.855328445906681292e-03
2.098704217414424419e-03 2.108616024961731950e-02 9.716381491064054465e-01 5.176986426562835142e-03
1.924142707471120312e-03 2.275274455110425781e-02 9.701976989593293910e-01 5.125413782095224191e-03
1.936558473028653906e-03 2.690761638142019629e-02 9.655755681013520331e-01 5.580257044198803397e-03
2.006289624400725644e-03 3.185063077156773115e-02 9.599351922947667592e-01 6.207887309264997766e-03
2.001203540946940897e-03 3.506328136936556761e-02 9.563091428477100697e-01 6.626372241977610857e-03
1.878720462943741674e-03 3.443007290649843094e-02 9.569154259065815182e-01 6.775780723976557000e-03
1.747916921119157477e-03 3.082453228878177798e-02 9.603423031724369618e-01 7.085247617662130022e-03
1.761433481069640903e-03 2.766670385641855495e-02 9.624726036466245693e-01 8.099259015887261270e-03
1.941163390834247651e-03 2.682449959968842557e-02 9.612878020783505173e-01 9.946534931126821411e-03
2.228975077684930330e-03 2.796002619687852631e-02 9.574080113936753733e-01 1.240298733176092502e-02
2.572796755090025252e-03 2.992350826846069262e-02 9.523244204907352906e-01 1.517927448571387838e-02
3.103521931564397814e-03 3.039939624431810955e-02 9.488300639257967184e-01 1.766701789832102187e-02
3.442168513433783127e-03 3.302590677038692857e-02 9.431997877007056719e-01 2.033213701547348720e-02
3.892690816413261080e-03 3.871010285684679808e-02 9.337336760637982014e-01 2.366353026294182316e-02
4.565002599045191352e-03 4.910616009690751266e-02 9.181306404371190055e-01 2.819819686692853072e-02
5.514026930619380165e-03 6.431878840799150343e-02 8.959297803853316644e-01 3.423740427605740516e-02
6.567162046145754405e-03 8.236418238581773299e-02 8.699677103659411159e-01 4.110094520209525010e-02
7.527135004564391302e-03 1.018991269436039376e-01 8.424778839903693806e-01 4.809585406146207887e-02
8.299490852632611729e-03 1.230767414418145189e-01 8.136669223190583500e-01 5.495684538649433376e-02
8.762981734622468308e-03 1.457281867154627542e-01 7.847141721179172746e-01 6.079465943199784811e-02
8.852581920938859886e-03 1.700359683625488616e-01 7.568185686366123432e-01 6.429288107989974965e-02
8.604995615168366599e-03 2.005484140070269150e-01 7.261907393159209301e-01 6.465585106188351250e-02
8.108604388175897834e-03 2.439844508814807966e-01 6.860188507436677519e-01 6.188809398667538542e-02
7.637247809750984801e-03 2.991099135860645353e-01 6.357524078087902764e-01 5.750043079539400581e-02
7.303934419398455842e-03 3.540120159376682341e-01 5.859026544373792111e-01 5.278139520555403391e-02
7.007022702214363817e-03 3.946520650156055687e-01 5.504876766968962443e-01 4.785323558528362803e-02
6.698744962752111072e-03 4.069962509809897377e-01 5.434226753705423407e-01 4.288232868571578010e-02
6.407603212946546244e-03 3.792617078195029690e-01 5.761224034083743950e-01 3.820828555917576280e-02
6.021412460863483952e-03 3.179195859820391212e-01 6.425618928479464032e-01 3.349710870915086069e-02
5.373830079239453987e-03 2.411792109111678961e-01 7.250901389519549545e-01 2.835682005763777436e-02
4.481804373326047850e-03 1.635609547246378859e-01 8.089582693911724354e-01 2.299897151086348346e-02
3.523998029047427632e-03 9.717841740201889345e-02 8.813708129024608873e-01 1.792677166647245468e-02
2.812714183940909825e-03 5.354336362493792439e-02 9.296250912025891822e-01 1.401883098853203349e-02
2.004774379401125500e-03 3.063548446644986933e-02 9.556427423563925716e-01 1.171699879775642446e-02
1.797424423406635647e-03 2.039512098709924531e-02 9.665490289328179108e-01 1.125842565667607015e-02
1.924150967789655612e-03 1.647595961616912102e-02 9.689982236490539691e-01 1.260166576698720786e-02
2.308205333310571223e-03 1.548972241348748301e-02 9.663048568440449904e-01 1.589721540915670084e-02
2.965205415639834887e-03 1.559963884547050164e-02 9.596939769807334430e-01 2.174117875815614540e-02
3.884655688368247699e-03 1.563124494788572724e-02 9.495099641970927706e-01 3.097413516665323968e-02
5.440252304172061258e-03 1.446005921050308451e-02 9.362312533781766977e-01 4.386843510714835692e-02
6.584613318740764262e-03 1.306223907427138918e-02 9.204032124923215985e-01 5.994993511466642500e-02
7.577648175685715304e-03 1.155031828479194562e-02 9.019321387033185644e-01 7.893989483620396375e-02
8.456788174561196900e-03 1.043776397540169612e-02 8.801863555580710097e-01 1.009190922919662586e-01
9.084784796463244577e-03 9.433052541730487656e-03 8.563465668354433014e-01 1.251355958263629387e-01
1.115519077122543654e-02 9.691777116344132623e-03 8.263038587100161037e-01 1.528491734024145787e-01
1.495243716324535198e-02 1.125274138119156629e-02 7.844886670491664216e-01 1.893061544063963930e-01
2.091669349565932270e-02 1.494190195869529551e-02 7.253569934149338705e-01 2.387844111307114991e-01
8.183454408068715491e-01 1.290852829130762110e-02 5.631440821522305622e-03 1.631145900802985493e-01
1.971401548129759346e-02 2.476839596884164163e-01 6.987586682678387229e-01 3.384335656244710777e-02
2.013735590584577254e-02 2.850205654957605472e-01 6.698599810562856360e-01 2.498209754210813441e-02
2.159561253825805979e-02 3.434515223229507863e-01 6.171627982841946247e-01 1.779006685459665754e-02
2.420478935793439479e-02 4.046981638338594256e-01 5.583441914274388518e-01 1.275285538076728099e-02
2.840643173562693025e-02 4.447346118819767713e-01 5.170593161938540350e-01 9.799640188542148994e-03
3.517442609327032371e-02 4.548689894650975174e-01 5.013992376118527883e-01 8.557346829779290814e-03
4.617620089009406847e-02 4.444159343308342058e-01 5.006729179174154165e-01 8.734946861656624900e-03
6.302096363433956627e-02 4.246959699360914331e-01 5.020160261479953423e-01 1.026704028157366007e-02
8.457590175762871865e-02 4.018403682815605560e-01 5.005494466547378840e-01 1.303428330607288126e-02
1.057857522358629093e-01 3.792268288593439451e-01 4.984378649818198004e-01 1.654955392297341801e-02
1.213418547986131746e-01 3.606579097397754063e-01 4.977412473366821244e-01 2.025898812492951326e-02
1.334256446512480931e-01 3.496950015214580487e-01 4.929684976615497094e-01 2.391085616574420772e-02
1.436974346440185180e-01 3.521485836059725649e-01 4.768483165616162478e-01 2.730566518839252360e-02
1.550044037925904505e-01 3.677796580752602518e-01 4.463237234143879739e-01 3.089221471776141398e-02
1.698717482022025493e-01 3.864129797000274702e-01 4.080107938592594241e-01 3.570447823851063962e-02
1.896656457380012928e-01 3.954430954635206330e-01 3.720489164622092781e-01 4.284234233626882382e-02
2.066994829435749026e-01 3.970496797215900542e-01 3.426215959355837226e-01 5.362924139925096673e-02
2.157914321744870967e-01 3.929957769908476450e-01 3.214718315959813055e-01 6.974095923868391111e-02
2.148242994944258022e-01 3.837570987917640064e-01 3.097924312347331011e-01 9.162617047907686829e-02
2.043505569476424533e-01 3.720915366819556591e-01 3.056352055073384144e-01 1.179227008630630152e-01
1.872926184060687560e-01 3.613438785227469086e-01 3.060905989305190422e-01 1.452729041406655153e-01
1.674004540118189110e-01 3.509648068207924521e-01 3.108203749770212521e-01 1.708143641903675236e-01
1.464530284189451415e-01 3.371896211744952465e-01 3.211382576209502737e-01 1.952190927856091163e-01
1.255560926726792259e-01 3.160271432723548157e-01 3.378513789879877827e-01 2.205653850669782312e-01
1.068415980234379004e-01 2.865368719858606417e-01 3.610725545865788311e-01 2.455489754041230432e-01
9.134810523295788798e-02 2.514505777714914903e-01 3.907902229825458984e-01 2.664110940130046123e-01
7.729438853817773014e-02 2.153425117966115965e-01 4.267957023585490783e-01 2.805673973066615812e-01
6.461431528311935291e-02 1.778413539599933979e-01 4.719135825769992243e-01 2.856307481798879833e-01
5.163411655139554107e-02 1.447385774179721918e-01 5.262426768619853368e-01 2.773846291686471455e-01
3.956188277804844472e-02 1.206435404631721747e-01 5.899734802106630926e-01 2.498210965481167112e-01
2.877261957020065680e-02 1.084745327088255940e-01 6.578179108312355305e-01 2.049349368897378787e-01
2.067728964501536551e-02 1.066876539424534698e-01 7.177765381265960309e-01 1.548585182859350262e-01
1.486131059956713463e-02 1.115635226631341848e-01 7.620145692703856888e-01 1.115605974669127004e-01
1.063850891815644462e-02 1.172670527040123867e-01 7.929725150046005311e-01 7.912192337323074864e-02
7.559113044752997432e-03 1.162839883536719437e-01 8.197144492848820185e-01 5.644244931669274018e-02
5.348781973506290706e-03 1.052224472472971101e-01 8.482544026550672411e-01 4.117436812412906405e-02
3.830667932560608002e-03 8.819399167548522267e-02 8.766355878032513482e-01 3.133975258870229375e-02
2.876679108393418848e-03 7.179475938533801116e-02 8.997073053607003157e-01 2.562125614556810815e-02
2.362647019478080011e-03 6.046377073659379292e-02 9.139212994503289611e-01 2.325228279359941100e-02
2.127402649927989057e-03 5.488173399048856121e-02 9.196247289429223537e-01 2.336613441666089697e-02
1.989437194017194821e-03 5.301867079395717469e-02 9.206814879121095752e-01 2.431040409991618023e-02
1.876517986879765046e-03 5.447470563817675970e-02 9.188790035053774341e-01 2.476977286956608473e-02
1.856438689230936181e-03 6.200793215554110949e-02 9.109511715328134640e-01 2.518445762241430450e-02
2.063910857301226934e-03 7.806609816270826396e-02 8.927238212463839417e-01 2.714616973360653440e-02
2.589177192292553206e-03 9.692859197268548221e-02 8.691620646121154259e-01 3.132016622290680063e-02
3.371057946769217065e-03 1.043544929473048527e-01 8.558546701107271337e-01 3.641977899519890927e-02
4.236643101731815686e-03 9.527786791262218835e-02 8.597827366323541609e-01 4.070275235329160607e-02
5.133648897636450617e-03 7.854667607602835999e-02 8.722321875325187435e-01 4.408748749381678766e-02
6.226971586867942679e-03 6.348099864559654526e-02 8.819789204647632275e-01 4.831310930277236959e-02
7.775350126697916364e-03 5.402578627970632680e-02 8.824200390268538419e-01 5.577882456674197742e-02
9.986447111070852894e-03 5.023980033462895067e-02 8.716583679319499511e-01 6.811538462235007529e-02
1.280233441926602496e-02 5.049762279715960811e-02 8.520483232993646405e-01 8.465171948421004733e-02
1.552904829565329194e-02 5.239987539247054765e-02 8.306449846787904434e-01 1.014260916330861351e-01
1.696756066939320365e-02 5.338204615956569643e-02 8.166531793814265638e-01 1.129972137896144702e-01
1.668081581247717743e-02 5.237652328474193264e-02 8.143794855346730976e-01 1.165631753681075772e-01
1.562572728010296758e-02 5.095148822324413462e-02 8.179965173606968953e-01 1.154262671359562453e-01
1.495608617805939053e-02 5.130654271015976098e-02 8.181387859164808152e-01 1.155985851952999466e-01
1.473757159560523666e-02 5.352405325353327969e-02 8.121107263682343369e-01 1.196276487826268692e-01
1.445095642979063628e-02 5.669191788623283851e-02 8.017638092625299917e-01 1.270933164214465283e-01
1.415958480104585401e-02 6.154879695721798827e-02 7.855751763097204021e-01 1.387164419320157382e-01
1.418594038875441686e-02 6.937311983469023058e-02 7.621871072440643546e-01 1.542538325324909754e-01
1.459811470888747013e-02 8.031193175067338763e-02 7.342101687950796096e-01 1.708797847453596697e-01
1.529718157785617261e-02 9.374010107521278667e-02 7.050201967623469512e-01 1.859425205845839368e-01
1.641667723456378264e-02 1.114184892039286473e-01 6.724093075713524215e-01 1.997555259901553082e-01
1.828233939868914582e-02 1.375847856041486628e-01 6.306156780197060829e-01 2.135171969774564138e-01
2.094405717119630916e-02 1.738983119734695548e-01 5.784475646405019544e-01 2.267100662148323897e-01
2.416447848445067367e-02 2.174418903588256902e-01 5.190445883578640451e-01 2.393490427988596014e-01
2.764384210248260407e-02 2.648317546835931569e-01 4.545285063268887926e-01 2.529958968870353320e-01
3.092137411567548802e-02 3.171630043788193354e-01 3.829501459014411635e-01 2.689654756040642525e-01
3.295283814401234190e-02 3.751401226312008896e-01 3.045108156274775046e-01 2.873962235973093193e-01
3.237946810727782704e-02 4.289531115248292337e-01 2.309481517530019845e-01 3.077192686148911283e-01
8.263324364823897714e-04 1.115779441672218320e-01 8.558800439996223641e-01 3.171567939667359337e-02
1.059472271344146042e-03 1.458855158465342805e-01 8.120783022165741771e-01 4.097670966554751298e-02
1.307766931164449069e-03 1.744641456633491960e-01 7.743409861500272218e-01 4.988710125545938595e-02
1.566020896204925374e-03 1.900977840904428118e-01 7.492657881223597771e-01 5.907040689099277153e-02
1.901896080142388527e-03 1.970439676784280225e-01 7.314692910743694210e-01 6.958484516706010814e-02
2.361929688107536254e-03 1.990033772920031252e-01 7.174731236503029130e-01 8.116156936958653090e-02
2.836286949413782330e-03 1.885046275184031617e-01 7.172348943619224482e-01 9.142419117026046038e-02
3.038595101699808135e-03 1.574313281090823635e-01 7.435623421987241910e-01 9.596773459049362520e-02
2.818345881153133843e-03 1.116052653229208241e-01 7.936274112615082643e-01 9.194897753441792776e-02
2.380364477697545413e-03 6.897716885897466066e-02 8.452393036728190756e-01 8.340316299050865023e-02
2.022965041807980955e-03 4.129190665734850524e-02 8.783718234549797721e-01 7.831330484586358776e-02
1.892437506978669618e-03 2.704177767109832570e-02 8.898796367865858814e-01 8.118614803533702462e-02
1.855348007227356887e-03 1.947021406368545926e-02 8.861150923083709330e-01 9.255934562071636840e-02
2.151887977645882549e-03 1.593703939614294490e-02 8.681914177190408477e-01 1.137196549071703422e-01
2.881648495972829755e-03 1.443375351244689797e-02 8.336534057447914092e-01 1.490311922467887629e-01
3.822275659164057083e-03 1.451743962221552567e-02 7.730075572110770565e-01 2.086527275075434062e-01
5.496452657067713368e-03 1.519734269035974764e-02 6.704369443635351811e-01 3.088692602890375505e-01
8.539347240773730030e-03 1.655170382176448726e-02 5.235859490698879792e-01 4.513229998675740151e-01
1.263757803963195397e-02 1.750940566050038921e-02 3.713021553259389651e-01 5.985508609739284003e-01
1.963270295782219496e-02 1.762130597385059422e-02 2.541379106721867731e-01 7.086080803961403163e-01
2.767727856796684330e-02 1.690138981973815513e-02 1.786800872959438957e-01 7.767412443163511648e-01
3.613511814149925061e-02 1.578925267468005156e-02 1.333273015434323916e-01 8.147483276403885144e-01
4.325864987995729771e-02 1.454631018562843776e-02 1.076729773010813018e-01 8.345220626333332836e-01
1.335773561255854947e-01 2.790238635034509307e-01 2.479657994478452199e-01 3.394329809231184103e-01
1.278823978039000109e-01 3.216227662816469879e-01 2.540756410709993918e-01 2.964191948434538038e-01
1.182367681480390592e-01 3.802270263286629537e-01 2.516739415271943003e-01 2.498622639961036451e-01
1.039308228753463292e-01 4.547866078645582122e-01 2.410751267800339270e-01 2.002074424800612817e-01
8.581052711568241953e-02 5.430234374093095839e-01 2.215010629829514688e-01 1.496649724920564029e-01
6.623567360819815342e-02 6.363665874206385631e-01 1.935951823238554748e-01 1.038025566473081418e-01
4.874758969033212569e-02 7.210371689928111172e-01 1.616776648084735091e-01 6.853757650838342153e-02
3.585426959818462794e-02 7.872895632122747234e-01 1.315351074715787050e-01 4.532105971796173555e-02
2.750507552946833412e-02 8.352606022267642372e-01 1.060369926983607686e-01 3.119732954540666708e-02
2.273626761480930514e-02 8.681369800548922600e-01 8.619319679707088122e-02 2.293355553322778961e-02
2.079723109464111028e-02 8.882305291427811111e-01 7.246009611440054621e-02 1.851214364817730523e-02
2.135321728165846117e-02 8.975770395488891218e-01 6.416245854020639905e-02 1.690728462924628167e-02
2.459268593315987184e-02 8.966804460140003208e-01 6.083966930832018088e-02 1.788719874451970629e-02
2.999539629083587330e-02 8.847489589262560461e-01 6.367522506169742691e-02 2.158041972121094165e-02
3.897229194222936316e-02 8.593148437323934186e-01 7.355335996535913856e-02 2.815950436001820809e-02
5.058959425334463855e-02 8.200611532405187587e-01 9.230050600946713979e-02 3.704874649666955316e-02
6.438642062352729900e-02 7.654816516725415632e-01 1.224386648675900718e-01 4.769326283634110070e-02
8.005416276758449412e-02 6.950698673079875878e-01 1.653311610097610018e-01 5.954480891466643749e-02
9.708426262579833432e-02 6.129158594065968746e-01 2.183466561300359543e-01 7.165322183756908658e-02
1.145347086561893518e-01 5.264370761889045625e-01 2.759689842295033890e-01 8.305923092540289099e-02
1.297078214481615643e-01 4.438829439889678818e-01 3.334654336528586338e-01 9.294380091001186450e-02
1.419480267098956194e-01 3.692820533788746529e-01 3.879945917323985860e-01 1.007753281788309890e-01
1.494242030009851896e-01 3.048774127869818273e-01 4.394674351957156277e-01 1.062309490163173414e-01
1.519328282049202117e-01 2.516675496086214214e-01 4.866539583066843977e-01 1.097456638797739553e-01
1.505237401487293236e-01 2.115812542126181695e-01 5.253967266163844796e-01 1.124982790222679996e-01
1.471749057559001150e-01 1.844670135116678600e-01 5.528214650554837961e-01 1.155366156769481595e-01
1.442828938170520880e-01 1.657772933843890961e-01 5.710606514761511487e-01 1.188791613224079030e-01
1.403936485198781225e-01 1.525184038121485119e-01 5.858756467248803501e-01 1.212123009430930709e-01
1.360907800868651207e-01 1.407244395012920146e-01 6.018632078135321972e-01 1.213215725983106813e-01
1.308642985225187405e-01 1.294865348613822575e-01 6.201396995797558986e-01 1.195094670363431588e-01
1.245571522544464127e-01 1.191955245937375563e-01 6.386687698652070422e-01 1.175785532866090582e-01
1.175204919533510556e-01 1.105893537372031471e-01 6.549707369898893905e-01 1.169194173195564623e-01
1.099749527679989292e-01 1.034602390354898982e-01 6.702004596724827623e-01 1.163643485240287573e-01
1.020167351428627744e-01 9.727055199088020798e-02 6.861301910397350490e-01 1.145825218265219547e-01
9.394262917045985428e-02 9.199547676311040090e-02 7.025706026499046741e-01 1.114912914165256536e-01
8.649931502546086282e-02 8.802294959337320090e-02 7.178143226007963618e-01 1.076634127803695190e-01
8.029043585163363195e-02 8.560244387310968206e-02 7.303494993375589939e-01 1.037576209376977060e-01
7.545264482452730681e-02 8.520818267027281678e-02 7.390425538256415461e-01 1.002966186795582193e-01
7.171104451950174874e-02 8.751625026940346164e-02 7.435759585086726409e-01 9.719674670242250958e-02
6.835990123681399966e-02 9.228596807417187298e-02 7.459244753976792541e-01 9.342965529133502589e-02
6.449217008971067089e-02 9.754848454596135032e-02 7.507233006343145831e-01 8.723604473001320136e-02
5.914214175388372852e-02 1.003789810055054493e-01 7.634205082251618313e-01 7.705836901544939332e-02
5.194081119318525591e-02 9.863897445404982978e-02 7.859543846167036385e-01 6.346582973606128275e-02
4.357245976889882050e-02 9.147330812258082366e-02 8.158951481418330598e-01 4.905908396668740012e-02
3.536476191747805337e-02 8.070126733514629280e-02 8.472270549858714750e-01 3.670691576150417884e-02
2.827637976351354138e-02 7.047111658499287390e-02 8.736368927109858795e-01 2.761561094050786133e-02
2.249246841983818315e-02 6.286430498419291746e-02 8.934556914001359207e-01 2.118753519583308279e-02
1.830776801225071290e-02 5.746953480984278578e-02 9.072906850009712088e-01 1.693201217693508787e-02
1.560334915332465752e-02 5.229115433925961981e-02 9.178460232506330252e-01 1.425947325678269748e-02
1.390262706749833578e-02 4.600460590737951577e-02 9.274999813898078260e-01 1.259278563531438487e-02
1.278795159241693895e-02 3.922186993200636046e-02 9.364571721405796634e-01 1.153300633499710660e-02
1.202663007733663705e-02 3.309532449970366969e-02 9.440661570764706800e-01 1.081188834648917456e-02
1.155463384381655127e-02 2.811264465419987049e-02 9.499855004933017710e-01 1.034722100868191996e-02
1.137378798073860643e-02 2.441489180488887190e-02 9.540895909106775763e-01 1.012172930369511364e-02
1.135137125709141138e-02 2.176443978603873758e-02 9.569248663959714074e-01 9.959322560898606694e-03
1.117225702253495448e-02 1.950712229126866717e-02 9.597168126941476585e-01 9.603807992049011311e-03
1.061975208654664452e-02 1.725537217334381992e-02 9.631230088907549725e-01 9.001866849354953418e-03
9.739596106014354951e-03 1.505848503136344822e-02 9.668870538203510057e-01 8.314865042271328208e-03
8.666037465581080332e-03 1.301011467031079095e-02 9.706625867810029229e-01 7.661261083105142498e-03
6.928324591542838612e-03 1.172924532434609091e-02 9.743309771164595512e-01 7.011452967651288573e-03
5.845444504989737514e-03 9.657152785688068869e-03 9.781937538119785946e-01 6.303648897343759432e-03
4.752869246383970361e-03 7.626398659997584741e-03 9.821393413432354391e-01 5.481390750382741234e-03
3.746563625700936005e-03 5.887825756969193233e-03 9.857052883660866183e-01 4.660322251243417292e-03
2.917264185098323963e-03 4.544204596961117296e-03 9.885773513351556741e-01 3.961179882784947141e-03
2.239322938690935932e-03 3.488197970608019911e-03 9.909339798012947176e-01 3.338499289406564232e-03
1.684017151309633552e-03 2.666290394491609497e-03 9.928727938283234966e-01 2.776898625875281589e-03
1.279788351378690486e-03 2.113083772190327714e-03 9.942225857979352099e-01 2.384542078496080207e-03
1.024735843969654722e-03 1.787307850413883976e-03 9.949853336643200707e-01 2.202622641296201039e-03
8.664964496162513678e-04 1.575553876273086146e-03 9.953957418281761393e-01 2.162207845934578654e-03
7.547523781250341322e-04 1.406065245797352269e-03 9.956531536894231982e-01 2.186028686654800744e-03
6.623242665266311112e-04 1.264003109762718968e-03 9.958654162376801011e-01 2.208256386030435503e-03
5.934717008174214938e-04 1.171355026104764193e-03 9.960034407655145028e-01 2.231732507563156595e-03
5.548417352810026786e-04 1.133042652411276816e-03 9.960218531821785071e-01 2.290262430129484054e-03
5.474781482551818994e-04 1.142482523117386434e-03 9.958971197859635138e-01 2.412919542663934970e-03
5.644280187248376093e-04 1.201097562836270140e-03 9.956198347935196757e-01 2.614639624919207726e-03
5.904867215452612407e-04 1.302774605544299415e-03 9.952371687873721173e-01 2.869569885538340772e-03
6.096556481931852869e-04 1.402472471574694318e-03 9.948698623949625564e-01 3.118009485269091982e-03
5.913463296135522450e-04 1.388719810025714103e-03 9.948461345545895895e-01 3.173799305771224898e-03
5.266782565321964605e-04 1.239100486856460886e-03 9.953343058450619951e-01 2.899915411549494008e-03
4.518968212951705692e-04 1.070751353366762929e-03 9.960477991864787883e-01 2.429552638859226558e-03
4.228668519028209269e-06 6.464826853433881854e-06 9.982359966790470551e-01 1.753309825580478968e-03
3.013041015820255710e-06 4.657011855620088219e-06 9.986039036568584715e-01 1.388426290269996520e-03
2.153633747998351713e-06 3.356445373649529758e-06 9.989152505284680794e-01 1.079239392410295080e-03
1.477534213660153715e-06 2.315979060337337854e-06 9.991684890997345470e-01 8.277173869913923314e-04
1.045736525321619085e-06 1.645084745007847725e-06 9.993279628300982820e-01 6.693463486313131882e-04
9.049924397517175069e-07 1.419101573593312047e-06 9.993578394550723942e-01 6.398364509141567799e-04
1.106715287254116663e-06 1.706767260915613330e-06 9.992095950344119792e-01 7.875914830398505519e-04
2.208599197343166785e-06 3.291737527223868733e-06 9.986941649031328971e-01 1.300334760142543523e-03
3.549638938821835193e-04 1.113672303933243386e-03 9.954791816298844687e-01 3.052182172299910522e-03
