3.671633107191341755e-02 1.359761236739147894e-01 7.405782149999001751e-01 8.672933025427154163e-02
5.559515648860625242e-02 7.632687878050488095e-01 3.759002145861829042e-02 1.435460342477266615e-01
5.621239761537373536e-02 7.400275189109823959e-01 3.979294884760998380e-02 1.639671346260338780e-01
5.902767636425709091e-02 6.969091043366817395e-01 4.351642591274002686e-02 2.005467933863209207e-01
6.404689856174394791e-02 6.261763281321914842e-01 4.906918584402894523e-02 2.607075874620357614e-01
6.863645548239974414e-02 5.351131999143718954e-01 5.537524892614367755e-02 3.408750956770846274e-01
7.022124302599261347e-02 4.432702840575383219e-01 6.072017817752002611e-02 4.257882947389490802e-01
6.882455198491714554e-02 3.671468705256762943e-01 6.474779332467228699e-02 4.992807841647344813e-01
6.633720014291988321e-02 3.122473933642714861e-01 6.936340220781612997e-02 5.520520042849926812e-01
6.473668918116315396e-02 2.763089839498319988e-01 7.752941488521038205e-02 5.814249119837944235e-01
6.490654891980025820e-02 2.566695407448463251e-01 8.966511577887494033e-02 5.887587945564782821e-01
6.721668298791301510e-02 2.520849184709899049e-01 1.029525802312736965e-01 5.777458183098233002e-01
7.241502330702498380e-02 2.586120634362099047e-01 1.151191880892682012e-01 5.538537251674969797e-01
8.145543778105497623e-02 2.722351474362267321e-01 1.249195682163823512e-01 5.213898465663360238e-01
9.588221483412036339e-02 2.915372456030163595e-01 1.318764000907207412e-01 4.807041394721426331e-01
1.173918339817379697e-01 3.152404541885862055e-01 1.368506829409244230e-01 4.305170288887515406e-01
1.447331212056357230e-01 3.408953660112302164e-01 1.418513852309592205e-01 3.725201275521745625e-01
1.713522999965385041e-01 3.666155776703722835e-01 1.496892501946259224e-01 3.123428721384630680e-01
1.830721830868977107e-01 3.969003806117845090e-01 1.624763583901587538e-01 2.575510779111592763e-01
1.773645270613249947e-01 4.213480991349231042e-01 1.907931279522994961e-01 2.104942458514522940e-01
1.600816828479799114e-01 4.209112662254615445e-01 2.496453384712143952e-01 1.693617124553442599e-01
1.384993501679007977e-01 3.601893815479513816e-01 3.689580262174098069e-01 1.323532420667379583e-01
1.176541235901400612e-01 2.501934175540331817e-01 5.347861830653456439e-01 9.736627579048116876e-02
9.984876038860616976e-02 1.605501712275862469e-01 6.698350455114605584e-01 6.976602287234690003e-02
9.107930418335367928e-02 1.162645335936896840e-01 7.383058342938487728e-01 5.435032792910789862e-02
9.159885294291371383e-02 9.983101196514754250e-02 7.606605553315703983e-01 4.790957976036835236e-02
1.002105606951203126e-01 9.455358170596929457e-02 7.594206241478900221e-01 4.581523345102070377e-02
1.156273836745776856e-01 9.178620457948015454e-02 7.483825196390877510e-01 4.420389210685432557e-02
1.358240417553593926e-01 9.010277101185990012e-02 7.322780349194722982e-01 4.179515231330861724e-02
1.585541120110399438e-01 8.782434349947046415e-02 7.149555578512301057e-01 3.866598663825952797e-02
1.798498178691899652e-01 8.912211544528153562e-02 6.955135124586714346e-01 3.551455422685720342e-02
2.011173913148929515e-01 9.446708162832113953e-02 6.718966632692490171e-01 3.251886378753696127e-02
2.235293808050751729e-01 1.014518613483440523e-01 6.453451455872931675e-01 2.967361225928776686e-02
2.450565315767748720e-01 1.073896581765672320e-01 6.204025262427652621e-01 2.715128400389248131e-02
2.634020524753914461e-01 1.119794211784531368e-01 5.991010051425467164e-01 2.551752120360861395e-02
2.778941745410950515e-01 1.184115663834209992e-01 5.780464774188934785e-01 2.564778165659032175e-02
2.880325429002704163e-01 1.291981579186324836e-01 5.546860007635445733e-01 2.808329841755273157e-02
2.871708051804768291e-01 1.446585881863593492e-01 5.356428882587197515e-01 3.252771837444408398e-02
2.660277892804743805e-01 1.586395023197238741e-01 5.371475645965441137e-01 3.818514380325788854e-02
2.222520805583395320e-01 1.626019132147097646e-01 5.717465268995763905e-01 4.339947932737420883e-02
1.673155267586634576e-01 1.507716707252305666e-01 6.361363369774555299e-01 4.577646553865059170e-02
1.163282555430683873e-01 1.268589973003222127e-01 7.127284454926298141e-01 4.408430166397981492e-02
7.762337291636040026e-02 1.007155600276155860e-01 7.823399221858614583e-01 3.932114487016249993e-02
5.224257488034923097e-02 7.941099054889769193e-02 8.347381746538032887e-01 3.360825991694987164e-02
3.785446627859809232e-02 6.539527568871635055e-02 8.678408954472084380e-01 2.890936258547732382e-02
3.120307565600393199e-02 5.842820553614183621e-02 8.838905388902340565e-01 2.647817991762022385e-02
2.908697202590813588e-02 5.593378815119362524e-02 8.886335710888400019e-01 2.634566873405806350e-02
2.904182011225910423e-02 5.430786855117978457e-02 8.887149601832567969e-01 2.793535115330447738e-02
2.880657687903675698e-02 5.077298555849606154e-02 8.902570824356463852e-01 3.016335512682088299e-02
2.686493254553380672e-02 4.511467709260453401e-02 8.964632914669866670e-01 3.155709889487480491e-02
2.348425588493769159e-02 3.912462598294227240e-02 9.060761669939750851e-01 3.131495113814492665e-02
2.004407975134276862e-02 3.475557913567569462e-02 9.149831402199907204e-01 3.021720089299076428e-02
1.763768887119130865e-02 3.292624386006853809e-02 9.197672119701928439e-01 2.966885529854699707e-02
1.617035075099927666e-02 3.278239569061838082e-02 9.213669735923828430e-01 2.968027996599935034e-02
1.508492781686904260e-02 3.292553087602599626e-02 9.225868734711865082e-01 2.940266783591863331e-02
1.410223948790831176e-02 3.277478106991162793e-02 9.246211699225069802e-01 2.850180951967280080e-02
1.336143006798721534e-02 3.290345751036194422e-02 9.261934125196562562e-01 2.754169990199440907e-02
1.335392666022773220e-02 3.515494284033123668e-02 9.237804138216556549e-01 2.771071667778528605e-02
1.455332630675951200e-02 4.227496550530356056e-02 9.129327234935156188e-01 3.023898469442106926e-02
1.698515361072905697e-02 5.722391026552454268e-02 8.900322495013273105e-01 3.575868662241923207e-02
2.001723681175727673e-02 8.165007943500295073e-02 8.543872188169872040e-01 4.394546493625274552e-02
2.271822198495644651e-02 1.153891058498985045e-01 8.076173711174360337e-01 5.427530104770928593e-02
2.411154078347180554e-02 1.569710560446022918e-01 7.529835652755275666e-01 6.593383789639822856e-02
2.392737327406359304e-02 2.072492595653753766e-01 6.917150928165721746e-01 7.710827434398927205e-02
2.267997478963616059e-02 2.708100782086702574e-01 6.204885660543089099e-01 8.602138094738445706e-02
2.114020638125039403e-02 3.491138700620013413e-01 5.375723465420269020e-01 9.217357701472127240e-02
1.963664076245084239e-02 4.314071260988728840e-01 4.540833390968263550e-01 9.487289404184996722e-02
1.803047525577944690e-02 5.031491178086088256e-01 3.855548956973173236e-01 9.326551123829431023e-02
1.677369188821896742e-02 5.621473866306241352e-01 3.327210173650144709e-01 8.835790411614243001e-02
1.540125343659441530e-02 6.126999786270751480e-01 2.902246096100992712e-01 8.167415832623134420e-02
1.463832742292833604e-02 6.622672541942793423e-01 2.484488535344346050e-01 7.464556484835756234e-02
1.452326103110501351e-02 7.103634181367037836e-01 2.067868521241857382e-01 6.832646870800540562e-02
8.999633532750184184e-01 8.320915971429707070e-02 5.598239489923600466e-04 1.626766306169217038e-02
7.732617984487717422e-01 7.553225113586624351e-02 1.752974183659401428e-02 1.336762085787683296e-01
8.382572153984786389e-01 6.078616885980563100e-02 1.227566812012321346e-02 8.868094762159241251e-02
8.857728813467625750e-01 4.835090222714716335e-02 8.520467036794186072e-03 5.735574938929615535e-02
9.171195657697620574e-01 3.930449202475259918e-02 6.125360408338414997e-03 3.745058179714701174e-02
9.371723322323767258e-01 3.277070212369128516e-02 4.652254384500080844e-03 2.540471125943179545e-02
9.502720679898327694e-01 2.780073943813243104e-02 3.755681132468330439e-03 1.817151143956650255e-02
9.591373600298715996e-01 2.379045910109409134e-02 3.232976918124382329e-03 1.383920395090958849e-02
9.649872436597699554e-01 2.060131777255082286e-02 2.984656965217690958e-03 1.142678160246137289e-02
9.684261001562632920e-01 1.831636175181254253e-02 2.944480809180314088e-03 1.031305728274402832e-02
9.701625870840160371e-01 1.690779369962388395e-02 3.030065806686178548e-03 9.899553409673914756e-03
9.710048739081114100e-01 1.611433786862970230e-02 3.180834369522939162e-03 9.699953853735832771e-03
9.718063374129011223e-01 1.544518913042099845e-02 3.339731178354405326e-03 9.408742278323112274e-03
9.730847468700231095e-01 1.456918153329696437e-02 3.445792835823055771e-03 8.900278760856868143e-03
9.748256950065090631e-01 1.348027283690200404e-02 3.476101200812395896e-03 8.217930955776652294e-03
9.765855421383848878e-01 1.233457732493378235e-02 3.467738112013479812e-03 7.612142424667537807e-03
9.778594085289903370e-01 1.126368834993397156e-02 3.486023061027553223e-03 7.390880060048368033e-03
9.784683676083003601e-01 1.033395406090876177e-02 3.535055292026423497e-03 7.662623038764012316e-03
9.783924221153839085e-01 9.731921048580241540e-03 3.548306717079115040e-03 8.327350118956610911e-03
9.770023560681450059e-01 9.848682954996825639e-03 3.582305437407148300e-03 9.566655539451195817e-03
9.731165698555818144e-01 1.112649746796765676e-02 3.775691332228230460e-03 1.198124134422265050e-02
9.654509152774735092e-01 1.398319234231417199e-02 4.191438567646725219e-03 1.637445381256592142e-02
9.530543631743968458e-01 1.871714602009777809e-02 4.773250957971751120e-03 2.345523984753387567e-02
9.366745226817095871e-01 2.512518972381809837e-02 5.345154610553860472e-03 3.285513298391843501e-02
9.183902616262384910e-01 3.250783643114912858e-02 5.826007059251806820e-03 4.327589488336040097e-02
8.998490633243225734e-01 3.986465392849118661e-02 6.352065185466594828e-03 5.393421756171952464e-02
8.819814789624028650e-01 4.602097685154061396e-02 7.145955332516547125e-03 6.485158885353987934e-02
8.644251174950466909e-01 5.069367571599920491e-02 8.510488230267256732e-03 7.637071855868667047e-02
8.463831363224706417e-01 5.510439771366070633e-02 1.080103549078760897e-02 8.771143047308113672e-02
8.288352928126095920e-01 6.170965060937867036e-02 1.427266797101661711e-02 9.518238860699511361e-02
8.129619220517323441e-01 7.363252227151084739e-02 1.902011782668137571e-02 9.438543785007559583e-02
7.968206849205969888e-01 9.415958594787744718e-02 2.475852926547116029e-02 8.426119986605452861e-02
7.736288995557462078e-01 1.272140415068083175e-01 3.091732443474497563e-02 6.823973450270019725e-02
7.349867944627866967e-01 1.751592768826686908e-01 3.783312221589689439e-02 5.202080643864774590e-02
6.829862433033566660e-01 2.325268037231702223e-01 4.593263548364722587e-02 3.855431748982605239e-02
6.263924087698643506e-01 2.909587831678546732e-01 5.455612045209859429e-02 2.809268761018240620e-02
5.693403382325659123e-01 3.477983742696214575e-01 6.273302823936667549e-02 2.012825925844603098e-02
5.128096780516933073e-01 4.029033341883447306e-01 7.000385911775659775e-02 1.428312864220537652e-02
4.638616048098024858e-01 4.488042336984415792e-01 7.699032881232407977e-02 1.034383267943199576e-02
4.334692811411222646e-01 4.731788942299066103e-01 8.537850576989025608e-02 7.973318859081078916e-03
4.259142536773338761e-01 4.713056604493803814e-01 9.601559661027476988e-02 6.764489263010917998e-03
4.374417636892376504e-01 4.502596249869670886e-01 1.060721532110755622e-01 6.226458112719245215e-03
4.649115135761487938e-01 4.186409004840304648e-01 1.104814970091502896e-01 5.966088930670292168e-03
5.095118559430944494e-01 3.780238581868555769e-01 1.066767973268391151e-01 5.787488543210730224e-03
5.742587760812369879e-01 3.245290793321565226e-01 9.563572715888186970e-02 5.576417427724462798e-03
6.596972625780725963e-01 2.562115596864673051e-01 7.894366932969755501e-02 5.147508405762888858e-03
7.533695411381685636e-01 1.827869291678351216e-01 5.942785747015986997e-02 4.415672223836243637e-03
8.329913237797603731e-01 1.219566882154385218e-01 4.149121366945385941e-02 3.560774335347041426e-03
8.885035008881738694e-01 8.095474691171483661e-02 2.775779977700002996e-02 2.783952423111111379e-03
9.240032307516942156e-01 5.569209720834974314e-02 1.818596438034551441e-02 2.118707659610668658e-03
9.458035523346512985e-01 4.078694549549662096e-02 1.184424128448939746e-02 1.565260885362606755e-03
9.613268624840138887e-01 3.001596528992336171e-02 7.537075256549092585e-03 1.120096969513817865e-03
9.713639234520992094e-01 2.286923845730897201e-02 4.943045205057647155e-03 8.237928855342982904e-04
9.771627174479580180e-01 1.868418967173815504e-02 3.493205673396581647e-03 6.598872069073349672e-04
9.797238280838359570e-01 1.698819871365219933e-02 2.697853852968038705e-03 5.901193495437740853e-04
9.801503994396687514e-01 1.705286740538762905e-02 2.226331444609699114e-03 5.704017103341746213e-04
9.792344885255586107e-01 1.826844794824509025e-02 1.918969825899142882e-03 5.780937002972963987e-04
9.776269060967425206e-01 2.011419883575986736e-02 1.659547908003527117e-03 5.993471594940457574e-04
9.763641555753264090e-01 2.167670315461530869e-02 1.345790077799099982e-03 6.133511922591479903e-04
9.768260265260535480e-01 2.157350616210743088e-02 9.868505231196938836e-04 6.136167887195355256e-04
9.796623455984937445e-01 1.905473719409953720e-02 6.683905782186481351e-04 6.145266291880203740e-04
9.842627596468109807e-01 1.469584712695200593e-02 4.278255507841586289e-04 6.135676754528130144e-04
9.891388833667016378e-01 9.992385048967900377e-03 2.638759975569679689e-04 6.048555867734522638e-04
9.928658158813372658e-01 6.355595537078211239e-03 1.650002587892953037e-04 6.135883227951080066e-04
9.950900351407004907e-01 4.115982805883899344e-03 1.114455889143162534e-04 6.825364645011218912e-04
9.960626973788531124e-01 2.963409153905453234e-03 8.733249434819943021e-05 8.865609728931037482e-04
9.960333054169731026e-01 2.498367319667298744e-03 8.370698794670269189e-05 1.384620275412916466e-03
9.948898810446654695e-01 2.475500201430501021e-03 9.854283298677622813e-05 2.536075920917207557e-03
9.919932475651311865e-01 2.801983177743459785e-03 1.378560394005886160e-04 5.066913217724937184e-03
9.843396065226174274e-01 4.845999820470491166e-03 2.236107157895869267e-04 1.059078294112237272e-02
9.713075404136868318e-01 6.623411393041882950e-03 3.737820715893158219e-04 2.169526612168198865e-02
9.464713105605563337e-01 9.188972904841928926e-03 6.675549529107906383e-04 4.367216158169106438e-02
4.506763428612239886e-01 8.003569340103885987e-02 3.635795457500107242e-02 4.329300091627359959e-01
1.794645942937724836e-01 3.120873839583790943e-01 1.589878652570109463e-01 3.494601564908374480e-01
1.784732881454794140e-01 3.357825507131108056e-01 1.539049413527431021e-01 3.318392197886669281e-01
1.770786553275930930e-01 3.668809965564256426e-01 1.484080961381641917e-01 3.076322519778172393e-01
1.700818809097523754e-01 4.121531579832585224e-01 1.400726270357113279e-01 2.776923340712775246e-01
1.597028839146359125e-01 4.642391575235995660e-01 1.312929682366569262e-01 2.447649903251077064e-01
1.442359704022080913e-01 5.193457229460796132e-01 1.228216433779964062e-01 2.135966632737164306e-01
1.245445414219162467e-01 5.705376956421885914e-01 1.166800044861533436e-01 1.882377584497418876e-01
1.032133215790067560e-01 6.128264268466815379e-01 1.143916588709930349e-01 1.695685927033186713e-01
8.383479155761032475e-02 6.426705451091094812e-01 1.170613333378489607e-01 1.564333299954313306e-01
6.839642442901212871e-02 6.599254424874144709e-01 1.252499180239838306e-01 1.464282150595895282e-01
5.610088762574334115e-02 6.699446098014790740e-01 1.385308270003388909e-01 1.354236755724386454e-01
4.635814897320501837e-02 6.731736390964790928e-01 1.585513933168615219e-01 1.219168186134543530e-01
3.882134905263967539e-02 6.643236053748481362e-01 1.894685114200697074e-01 1.073865341524421479e-01
3.401894574513761316e-02 6.365935772452290253e-01 2.359161932996716726e-01 9.347128370996191093e-02
3.005239685538821717e-02 5.934166044529290973e-01 2.964722749908916266e-01 8.005872370079067379e-02
2.654454442478866236e-02 5.374338205244603150e-01 3.688256386853167590e-01 6.719599636543419074e-02
2.317512176046621769e-02 4.680387653648179214e-01 4.536434053579049275e-01 5.514270751681100285e-02
1.978305347561750555e-02 3.864864722187362767e-01 5.500234889160104945e-01 4.370698538963559837e-02
1.618289994838268894e-02 3.003524520366974149e-01 6.506526512453709721e-01 3.281199676954871247e-02
1.256860179203575165e-02 2.231703959609511456e-01 7.408563622736819010e-01 2.340463997333106644e-02
9.517910726116875914e-03 1.643213356811388248e-01 8.096025964852674450e-01 1.655815710747675362e-02
7.284308739357342466e-03 1.233357255565552396e-01 8.571800837937485484e-01 1.219988191033902734e-02
6.172559745264728608e-03 9.525604669454322548e-02 8.889094417091714107e-01 9.661951851020764495e-03
4.859568459299120312e-03 7.941576870025854329e-02 9.075027736927870903e-01 8.221889147655021476e-03
4.219559931465052989e-03 7.481928779331296908e-02 9.133954839854425689e-01 7.565668289779557340e-03
3.668945002997220373e-03 8.058415584452487124e-02 9.080460131573467875e-01 7.700885995131073226e-03
3.634233976483010938e-03 9.281595465900686903e-02 8.949875322818763301e-01 8.562279082633598645e-03
3.643319494882682474e-03 1.067521289196051854e-01 8.798517549176938513e-01 9.752796667818142140e-03
3.540010365993930593e-03 1.164836499080000587e-01 8.691149947315581770e-01 1.086134499444780903e-02
3.346867529612592394e-03 1.166735863353024066e-01 8.680755744261988704e-01 1.190397170888613486e-02
3.238658778409742207e-03 1.082002461576422880e-01 8.749847971167642458e-01 1.357629794718353926e-02
3.383402361893370937e-03 9.962490082619587795e-02 8.801639086914523347e-01 1.682778812045833752e-02
3.782006866453528800e-03 9.711140085268632482e-02 8.771744994814387741e-01 2.193209279942133494e-02
4.345457494673658425e-03 1.002395531038511867e-01 8.670541352753796671e-01 2.836085412609552769e-02
4.994270573084425707e-03 1.053075802104671971e-01 8.544241410230073441e-01 3.527400819344116839e-02
5.612131966333080632e-03 1.099273044506327152e-01 8.428450187942019278e-01 4.161554478883185137e-02
6.221031337799845518e-03 1.181957919522250572e-01 8.280929185039780371e-01 4.749025820599701159e-02
6.994572706800578250e-03 1.371951524668070521e-01 8.018341326794466983e-01 5.397614214694550910e-02
8.046164673420740793e-03 1.715470930791799797e-01 7.588599031076641577e-01 6.154683913973516690e-02
9.332106734617817700e-03 2.186198315776682333e-01 7.022365415132364452e-01 6.981152017447735114e-02
1.048573695055170403e-02 2.708390209956951233e-01 6.416127955520668502e-01 7.706244650168669885e-02
1.121965490566037733e-02 3.248625178601025065e-01 5.815368095004819216e-01 8.238101773375496040e-02
1.147943853225577571e-02 3.801980506701285178e-01 5.224756645632508967e-01 8.584684623436492079e-02
1.124042259066697358e-02 4.346723539724328123e-01 4.671055133186801100e-01 8.698171011821990983e-02
1.056877837022088262e-02 4.870747152582196038e-01 4.172138938315840262e-01 8.514261253997544576e-02
9.540368295433802881e-03 5.446133741246652615e-01 3.662023156375854849e-01 7.964394194231536050e-02
8.497719991949826898e-03 6.146763006367907956e-01 3.065925515130000778e-01 7.023342785825936740e-02
6.974282902256410260e-03 6.832469862157427576e-01 2.499970984947223474e-01 5.978163238727827317e-02
5.985164888036579450e-03 7.349117976496082338e-01 2.078661407164831554e-01 5.123689674587197929e-02
5.397224946196907229e-03 7.655111670333040186e-01 1.840239807753250301e-01 4.506762724517415081e-02
5.115044512640398895e-03 7.727970278831747253e-01 1.807447044296705274e-01 4.134322317451442214e-02
5.224166377073083400e-03 7.493697419132613335e-01 2.048025960039004112e-01 4.060349570576510941e-02
5.806944201720861884e-03 6.919077415673361431e-01 2.602178154195181614e-01 4.206749881142456127e-02
5.810083680739606786e-03 6.021313206545573227e-01 3.480370316867016367e-01 4.402156397800152665e-02
5.768401273120351246e-03 4.793427361424393296e-01 4.696159170526374993e-01 4.527294553180274961e-02
5.396509998425399503e-03 3.305673191020722657e-01 6.193234918873773420e-01 4.471267901212509777e-02
4.742353247580191090e-03 1.954259997055569353e-01 7.578171391038314164e-01 4.201450794303148578e-02
4.132842412127002082e-03 1.105849808016818453e-01 8.456319729956123243e-01 3.965020379057859756e-02
3.904894171715475506e-03 6.976996369784468910e-02 8.850682660872093432e-01 4.125687604322994528e-02
4.183810242171155137e-03 5.328743311837022545e-02 8.931731847516463096e-01 4.935557188781236615e-02
4.989038743858894079e-03 4.765456303504186225e-02 8.809021886559991188e-01 6.645420956510025845e-02
6.131307804178537033e-03 4.632610195919054097e-02 8.510548996303514135e-01 9.648769060627954142e-02
7.633068451922719530e-03 4.150193202312671414e-02 8.084354589938563818e-01 1.424295405310939400e-01
9.755562401746381562e-03 3.578825920061073917e-02 7.515066554532132681e-01 2.029495229444298610e-01
1.096189333174268574e-02 2.812924157364456168e-02 6.904124635845504399e-01 2.704964015100623786e-01
1.172853263813297339e-02 2.177655383503052447e-02 6.277719408502857590e-01 3.387229726765505489e-01
1.228972269371468758e-02 1.745849634237595788e-02 5.676173176933673181e-01 4.026344632705419757e-01
1.303341936679896715e-02 1.475995231297416721e-02 5.161064024584501864e-01 4.561002258617767313e-01
1.405360590536513382e-02 1.355253451713682097e-02 4.726771382226747087e-01 4.997167213548233677e-01
1.757863601258461902e-02 1.397565138457895241e-02 4.268430935195548503e-01 5.416026190832812226e-01
2.465363052035548369e-02 1.586347927926431631e-02 3.728972402729556213e-01 5.865856499274243463e-01
8.725174615726172256e-01 3.155522047609794767e-02 3.054555175666959308e-03 9.287276277561785920e-02
7.039062925709934498e-03 1.165272314803762477e-01 8.500110003594888441e-01 2.642270523442518185e-02
7.231067391829649332e-03 1.366167724387574445e-01 8.352933664476377418e-01 2.085879372177538993e-02
8.164469540663368829e-03 1.702565041537854318e-01 8.046745469356048064e-01 1.690447936994616054e-02
9.730071785902381226e-03 2.104026958724705965e-01 7.657598725915252258e-01 1.410735975010138019e-02
1.167836803966335740e-02 2.407842080997640855e-01 7.353485802237028635e-01 1.218884363686973359e-02
1.379358602541812945e-02 2.488360772535793963e-01 7.261814501326748772e-01 1.118888658832769244e-02
1.629051111630388723e-02 2.392180996952625038e-01 7.331609954665873063e-01 1.133039372184650728e-02
1.959194634310806871e-02 2.247400117031684852e-01 7.428042270837081906e-01 1.286381487001528670e-02
2.345057025283531910e-02 2.132579645287886183e-01 7.474447457721824506e-01 1.584671944619336220e-02
2.635864521940842892e-02 2.045204009329719408e-01 7.494397119746432079e-01 1.968124187297613445e-02
2.707567898035461926e-02 1.965014291412276737e-01 7.530372184794990043e-01 2.338567339891893526e-02
2.619625510151134609e-02 1.917246565313295292e-01 7.556270032004329673e-01 2.645208516672617471e-02
2.518065730795692597e-02 1.946328896516393014e-01 7.509233058700706120e-01 2.926314717033310503e-02
2.529331714313302198e-02 2.072601495830355967e-01 7.344466471477821834e-01 3.299988612604934368e-02
2.709785944520176973e-02 2.247890904763835962e-01 7.095566839045917007e-01 3.855636617382259684e-02
3.031793474101583327e-02 2.386956307564906121e-01 6.850972332132814202e-01 4.588920128921216562e-02
3.425006747461531442e-02 2.465021157772530891e-01 6.639026623419855833e-01 5.534515440614588139e-02
3.792425228672704346e-02 2.473415115778644646e-01 6.476569553750970432e-01 6.707728076031116426e-02
4.029721960884689869e-02 2.398532322629445268e-01 6.402125357307134612e-01 7.963701239749496064e-02
4.121192310537277054e-02 2.283236900167545935e-01 6.385217661914660559e-01 9.194262068640642049e-02
4.130175620878730885e-02 2.186522927121505866e-01 6.360288763202687212e-01 1.040170747587933209e-01
4.063437275174581337e-02 2.109352572221760702e-01 6.324032193593608353e-01 1.160271506667175517e-01
3.866801741385433172e-02 2.011048069944364469e-01 6.316168704470704887e-01 1.286103051446386147e-01
3.512798314853454729e-02 1.851256374069035482e-01 6.375989116730078621e-01 1.421474677715541812e-01
3.064426541340600427e-02 1.630098546143909366e-01 6.511900807405426317e-01 1.551557992316600076e-01
2.613772683518901518e-02 1.394441648449245008e-01 6.683811458009064621e-01 1.660369625189797027e-01
2.192146690871523557e-02 1.185802375748924720e-01 6.855311605529548213e-01 1.739671349634374087e-01
1.788934449888819264e-02 1.015149308006450118e-01 7.046298122664759189e-01 1.759659124339907621e-01
1.387632906909388140e-02 8.847793401834516680e-02 7.302675859879903530e-01 1.673781509245706733e-01
1.023924293961109636e-02 8.206231295977903240e-02 7.599490137813569302e-01 1.477494303192532221e-01
7.613128512402641407e-03 8.669142674957273920e-02 7.822561857425567311e-01 1.234392589954682179e-01
5.996313099111583167e-03 1.054843874193334141e-01 7.875713602919403034e-01 1.009479391896144912e-01
4.892559829647463894e-03 1.379703760554077119e-01 7.750777178554650870e-01 8.205934625947981786e-02
3.911391359294060822e-03 1.756028456874687560e-01 7.552604581677746509e-01 6.522530478546227639e-02
2.972283732536519334e-03 2.026259920238633883e-01 7.445255383251946357e-01 4.987618591840549398e-02
2.151260166777049527e-03 2.070157078383113025e-01 7.537180865837989074e-01 3.711494541111264034e-02
1.517715366394170855e-03 1.891463378614735014e-01 7.816093336370993905e-01 2.772661313503278768e-02
1.087932109750072100e-03 1.592220112891209183e-01 8.180605356218222379e-01 2.162952097930730469e-02
8.422130313189487042e-04 1.302761809303318030e-01 8.504071850349179673e-01 1.847442100343115248e-02
7.308472510248380325e-04 1.092724270189436298e-01 8.723287237972239261e-01 1.766800193280785788e-02
6.852572103777754102e-04 9.502472435673421647e-02 8.862626979860939169e-01 1.802732044679400403e-02
6.699078544931848364e-04 8.723101829568129240e-02 8.934413559889478051e-01 1.865771786087801892e-02
7.021522954169550539e-04 8.918224182395417809e-02 8.902267411924229545e-01 1.988886468820610931e-02
8.336137419900815481e-04 1.022974597983515310e-01 8.740435645451777313e-01 2.282536191448096899e-02
1.094398829248287340e-03 1.185433802848082641e-01 8.527210015243157359e-01 2.764121936162787160e-02
1.416434848797905712e-03 1.226360260146501097e-01 8.435734211310232933e-01 3.237411800552850161e-02
1.661410787549230791e-03 1.101412154412463040e-01 8.535627976743105361e-01 3.463457609689352817e-02
1.783453589338698016e-03 9.052315838702902628e-02 8.732882851831840210e-01 3.440510284044839828e-02
1.865707790403607234e-03 7.323001636167489337e-02 8.911658484192163110e-01 3.373842742870538508e-02
2.014674289021748093e-03 6.217850284113530385e-02 9.009816773605686668e-01 3.482514550927418712e-02
2.304794556798225348e-03 5.744591700399537954e-02 9.013398154043289479e-01 3.890947303487753139e-02
2.763897824709349391e-03 5.745341200774995577e-02 8.937216898713308266e-01 4.606100029620953384e-02
3.294614406616331714e-03 5.945049727638113124e-02 8.824219834636162219e-01 5.483290485338637027e-02
3.633083996708114539e-03 5.979573200211922568e-02 8.744064577178958242e-01 6.216472628327684991e-02
3.614157082431286843e-03 5.679187351198475286e-02 8.743434032735951655e-01 6.525056613198881861e-02
3.424093399065086547e-03 5.253038602773522220e-02 8.790323046489121328e-01 6.501321592428747909e-02
3.310970216984997997e-03 4.949172845096163481e-02 8.828705430221659434e-01 6.432675830988716925e-02
3.235545743984628072e-03 4.727558854321822768e-02 8.860014843783039495e-01 6.348738133449340071e-02
3.037228536965932979e-03 4.446310519790531990e-02 8.910858893576221185e-01 6.141377690750629559e-02
2.811063939422351905e-03 4.166763532383437052e-02 8.962430943699867258e-01 5.927820636675673605e-02
2.719624760449061273e-03 4.004162421474135453e-02 8.989486457771748151e-01 5.829010524763482415e-02
2.775985837766753884e-03 3.950120485734810727e-02 9.000035413393496775e-01 5.771926796553535077e-02
2.908334677464036091e-03 3.943869657211116625e-02 9.013744709076110251e-01 5.627849784281360040e-02
3.133557496204791588e-03 4.074322330962047017e-02 9.015829498573902923e-01 5.454026933678449152e-02
3.557867045092020109e-03 4.523512359589433596e-02 8.973393792639453581e-01 5.386763009506843891e-02
4.223364858013994340e-03 5.353290042035914464e-02 8.879956816658377550e-01 5.424805305578923181e-02
5.114072800442279187e-03 6.522561888854408463e-02 8.742094632081304217e-01 5.545084510288304791e-02
6.269157690308601108e-03 8.050300144101810162e-02 8.550712527271812080e-01 5.815658814149213957e-02
7.851063128561541760e-03 1.020812477292728365e-01 8.259872212510283029e-01 6.408046789113733266e-02
1.002675933660452344e-02 1.350312531291796014e-01 7.788101126830885290e-01 7.613187485112744846e-02
1.233830100498239588e-02 1.800104429515097804e-01 7.117025564167263063e-01 9.594869962678154174e-02
7.566970723703335443e-04 3.769091704991982955e-02 9.565998476121283511e-01 4.952538265581415619e-03
6.534121891514149336e-04 4.579181627311063735e-02 9.459493878931406474e-01 7.605383644597403514e-03
9.395952369147192798e-04 5.264075575790903155e-02 9.352909215141642640e-01 1.112872749101186630e-02
1.290034857268201104e-03 5.706520619448931381e-02 9.259390761320565044e-01 1.570568281618605483e-02
1.769729264952082676e-03 6.191616442154536382e-02 9.144743287475645133e-01 2.183977756593795741e-02
2.435804669977199768e-03 6.911608897969465093e-02 8.987789440951321485e-01 2.966916225519623113e-02
3.136085870708541987e-03 7.524060287259208557e-02 8.833984585028261671e-01 3.822485275387338399e-02
3.443982992647547873e-03 7.339163920346795933e-02 8.781390362914994752e-01 4.502534151238481164e-02
3.126595248594744858e-03 6.098121259950674972e-02 8.881376280983358518e-01 4.775456405356275774e-02
2.467508714383395522e-03 4.394099783455911873e-02 9.064138704709944205e-01 4.717762298006323435e-02
1.859833546584834223e-03 3.003155817649956136e-02 9.213910313980998579e-01 4.671757687881609306e-02
1.495989381719513289e-03 2.226697063100745860e-02 9.268788511359725701e-01 4.935818885130034001e-02
1.253958530448516821e-03 1.748444354342911650e-02 9.252993065782870730e-01 5.596229134783516079e-02
1.208568688331327842e-03 1.504241083811659434e-02 9.164135017941579253e-01 6.733551867939398250e-02
1.326761790397156665e-03 1.384710771316522392e-02 8.998976378962665335e-01 8.492849260017092117e-02
1.697428967281446738e-03 1.352917868001303481e-02 8.720022803180855764e-01 1.127711120346198831e-01
2.812457466502509343e-03 1.442309094799657312e-02 8.228754666161800513e-01 1.598889849693207743e-01
4.436599780818598418e-03 1.697453178362862483e-02 7.431562574431320733e-01 2.354326109924211319e-01
8.460740705782263810e-03 1.979883283334736566e-02 6.366039643795189384e-01 3.351364620813510609e-01
1.580711143189484150e-02 2.203117163113397711e-02 5.229813244174440490e-01 4.391803925195272296e-01
2.642850351774083881e-02 2.293775169943118586e-02 4.204182771153212039e-01 5.302154676675069345e-01
3.902160327669100537e-02 2.271667017741688804e-02 3.366155832063586484e-01 6.016461433395332570e-01
5.122700988187795651e-02 2.180302021301566348e-02 2.735358385142915294e-01 6.534341313908147431e-01
1.667033298516925888e-01 2.449000250810561274e-01 1.727684450881564193e-01 4.156281999790946702e-01
1.510152611711617909e-01 2.967269891775701218e-01 1.714491140566818395e-01 3.808086355945863311e-01
1.316295437159867576e-01 3.656736843136283444e-01 1.656926726823937657e-01 3.370040992879909103e-01
1.087570848021083836e-01 4.527709938130827783e-01 1.555750066718038782e-01 2.828969147130048212e-01
8.432261078943889543e-02 5.538277044731473309e-01 1.413311090614120247e-01 2.205185756760016658e-01
6.148109865865628715e-02 6.568852203913839727e-01 1.229060196524711518e-01 1.587276612974888867e-01
4.316443636979255122e-02 7.460903767575175483e-01 1.022795430577945197e-01 1.084656438148955127e-01
3.059245422624557592e-02 8.122824780031943082e-01 8.302208185114012817e-02 7.410298591941998081e-02
2.286690787057212362e-02 8.569778567894562604e-01 6.741418844112899433e-02 5.274104689884278468e-02
1.861130122067388912e-02 8.850072136315415561e-01 5.621952126279158857e-02 4.016196388499296277e-02
1.689952465344430124e-02 9.002500795723985538e-01 4.932481993338471565e-02 3.352557584077234254e-02
1.742039279041204813e-02 9.050482022141840277e-01 4.606131570032967470e-02 3.147008929507468661e-02
2.055106271526195225e-02 8.992132041461360359e-01 4.627219659832716020e-02 3.396353654027503555e-02
2.712732071858235325e-02 8.800819371826889004e-01 5.099398896552392868e-02 4.179675313320455055e-02
3.775661523166881639e-02 8.450024475098735222e-01 6.183179406810146439e-02 5.540914319035618318e-02
5.225178676817272133e-02 7.929628860026340931e-01 8.073804716644478185e-02 7.404728006274839680e-02
7.006945579481368980e-02 7.236482337126823872e-01 1.099894122347816472e-01 9.629289825772184563e-02
9.053408918661302873e-02 6.398937297414007963e-01 1.498687839836624902e-01 1.197033970883236431e-01
1.127074550108011775e-01 5.504859269861051008e-01 1.964231405361070160e-01 1.403834774669866503e-01
1.362053959728117269e-01 4.655393427764804026e-01 2.429438977288441992e-01 1.553113635218638933e-01
1.578340307420563748e-01 3.897611152531723633e-01 2.884949902451572901e-01 1.639098637596134167e-01
1.775249976288794662e-01 3.253785489821782173e-01 3.298382349297818150e-01 1.672582184591606125e-01
1.928351500436996657e-01 2.711905171894836708e-01 3.688345864783176276e-01 1.671397462884989249e-01
2.022505068821033869e-01 2.271125867207509363e-01 4.049847279258564359e-01 1.656521784712892131e-01
2.055673013578845909e-01 1.941523981624526107e-01 4.353761907200344727e-01 1.649041097596285199e-01
2.044034752938319877e-01 1.717931646111603983e-01 4.578256097036319527e-01 1.659777503913758556e-01
2.006854013755336452e-01 1.570593135610717783e-01 4.738500528009103596e-01 1.684052322624841613e-01
1.954080078152187760e-01 1.462172033353595635e-01 4.879537289644370612e-01 1.704210598849845437e-01
1.889678090463426108e-01 1.367513699517526327e-01 5.036692778239589829e-01 1.706115431779455516e-01
1.815986298752407246e-01 1.278733778105866359e-01 5.208217500475370576e-01 1.697062422666350823e-01
1.735455864667388159e-01 1.200269984667317602e-01 5.360022393134059593e-01 1.704251757531232148e-01
1.649848629592916838e-01 1.138849272135742108e-01 5.465787927000196333e-01 1.745514171271143056e-01
1.557910655988055115e-01 1.090580236208249648e-01 5.550392567596413862e-01 1.801116540207279570e-01
1.459518544923167072e-01 1.049175470478539152e-01 5.641854448336738326e-01 1.849451536261553508e-01
1.359338426548808154e-01 1.014690416656230804e-01 5.739717096981714617e-01 1.886254059813245454e-01
1.268130369092086707e-01 9.924701404900755641e-02 5.823868000076719564e-01 1.915531490341118581e-01
1.193103875416145487e-01 9.870604850217480630e-02 5.876546579363653988e-01 1.943289060198449825e-01
1.134889536217173200e-01 1.005497088419122775e-01 5.887296064262135253e-01 1.972317311101569604e-01
1.089587409708124843e-01 1.057655035093247736e-01 5.858609439626983884e-01 1.994148115571645064e-01
1.048316688848731359e-01 1.144641003780415833e-01 5.820511611210269498e-01 1.986530696160585252e-01
1.000146946006304494e-01 1.248188680723290034e-01 5.832875557455468041e-01 1.918788815814935766e-01
9.337013823942802437e-02 1.336429539456425175e-01 5.965365319912419029e-01 1.764503758236876108e-01
8.426041888222719767e-02 1.378541982880294725e-01 6.252021262125572187e-01 1.526832566171860417e-01
7.309047127028185653e-02 1.347915831858474411e-01 6.675306278417854067e-01 1.245873177020854483e-01
6.126270489463222363e-02 1.249151136296079018e-01 7.157918050648924835e-01 9.803037641086749521e-02
5.028739612935521908e-02 1.133166914687501747e-01 7.597643195972693109e-01 7.663159280462512879e-02
4.080765343744826440e-02 1.038731987891356734e-01 7.951159421025862928e-01 6.020320567082949881e-02
3.346989388309758173e-02 9.698116771974470141e-02 8.211825596968038710e-01 4.836637870035391529e-02
2.826162958522687382e-02 9.017054067547136675e-02 8.413450317148786217e-01 4.022279802442314117e-02
2.455076692978966010e-02 8.131884354678543814e-02 8.596085518893614719e-01 3.452183763406323214e-02
2.178920854047829495e-02 7.102698853662275935e-02 8.769411439882662807e-01 3.024265893463289057e-02
1.972137311156915360e-02 6.117618459770189643e-02 8.923265893058779374e-01 2.677585298485111662e-02
1.828856986247954369e-02 5.284333789028061029e-02 9.048326526453314145e-01 2.403543960190860848e-02
1.747007111924618605e-02 4.642297066113004050e-02 9.140627214158104641e-01 2.204423680381343079e-02
1.703048042605178475e-02 4.160725559091778269e-02 9.208815320632394164e-01 2.048073191979107519e-02
1.649443945891375038e-02 3.740527715776754275e-02 9.271858514482355096e-01 1.891443193508322851e-02
1.555053045761690088e-02 3.325646979069517978e-02 9.339205221205374441e-01 1.727247763115046658e-02
1.424235685416904047e-02 2.930230721761247978e-02 9.406813784112866283e-01 1.577395751693160680e-02
1.271744868534830514e-02 2.578525596487381971e-02 9.469719230696694856e-01 1.452537228010857169e-02
1.105411595693856983e-02 2.261976846974889793e-02 9.529414567718335061e-01 1.338465880147891862e-02
9.265348202815137588e-03 1.938105073542988402e-02 9.592517416473921310e-01 1.210185941436241197e-02
7.394819073652087425e-03 1.596746805766028482e-02 9.661237537307918455e-01 1.051395913789582998e-02
5.671866909239059278e-03 1.288884057001653781e-02 9.725954155026572678e-01 8.843877018087203598e-03
3.854231810516977816e-03 1.113597858896797285e-02 9.775907093994614661e-01 7.419080201053531234e-03
2.881913022335700833e-03 9.130173846265406817e-03 9.818439420697258058e-01 6.143971061673226229e-03
2.121881918440859764e-03 7.582074520444167208e-03 9.852633063457993945e-01 5.032737215315335674e-03
1.592645267430061341e-03 6.623798097168645711e-03 9.875025943691311259e-01 4.280962266270508382e-03
1.272646386412471789e-03 6.232853961580039556e-03 9.885426160169377141e-01 3.951883635069646829e-03
1.082547308755702322e-03 6.093645223606513478e-03 9.889216750094589337e-01 3.902132458178963516e-03
9.525127795742434605e-04 5.912091148515635948e-03 9.891638488924370254e-01 3.971547179473564233e-03
8.463092911966796751e-04 5.641069765721921057e-03 9.894801324068152049e-01 4.032488536266361050e-03
7.699567713230762904e-04 5.437961344644522826e-03 9.896982248611843058e-01 4.093857022847872257e-03
7.339863938201231621e-04 5.382703692514778995e-03 9.896616707317418271e-01 4.221639181922889200e-03
7.442022148101342131e-04 5.478916713781387636e-03 9.892980086615259516e-01 4.478872409882325191e-03
7.993173073711979564e-04 5.772468931751571948e-03 9.885154973586083305e-01 4.912716402268812142e-03
8.855665403969323465e-04 6.279095083052366362e-03 9.873267555332434497e-01 5.508582843307564120e-03
9.751206055090194452e-04 6.770581941537431696e-03 9.860656904414206725e-01 6.188607011533019814e-03
1.000363200940315375e-03 6.647967684483916881e-03 9.857827114990321826e-01 6.568957615543728236e-03
9.255350651878372324e-04 5.788679151022359248e-03 9.870099864088326402e-01 6.275799374957358873e-03
8.063817530213366952e-04 4.769853659621206728e-03 9.889673814405059993e-01 5.456383146851363948e-03
7.105360741838230403e-04 3.981686207349804767e-03 9.908081522974484523e-01 4.499625421017711298e-03
6.429717847139893114e-04 3.350903110602755815e-03 9.924255308358738148e-01 3.580594268809488001e-03
5.680735489255121350e-04 2.704113024696770846e-03 9.940036498577865531e-01 2.724163568591127238e-03
4.720386008279900988e-04 2.070810797449571840e-03 9.954480270309936651e-01 2.009123570728846373e-03
3.828212703391482429e-04 1.609507144217949470e-03 9.964566460415772431e-01 1.551025543865734930e-03
3.295779230886435062e-04 1.384344634467720141e-03 9.968797508915410166e-01 1.406326550902654935e-03
3.173507239122909948e-04 1.377853990198132754e-03 9.966777252882792482e-01 1.627069997610326463e-03
3.477094135331605966e-04 1.638879612624872693e-03 9.954919922876404037e-01 2.521418686201430410e-03
4.363139508916864307e-04 2.408516720474928284e-03 9.918785818789829234e-01 5.276587449650363935e-03
