1.648929495991945104e-02 7.065895423166554390e-02 8.298656728077267175e-01 8.298607800068842633e-02
3.561631710289078767e-02 8.494428375904757855e-01 6.666928299281835169e-02 4.827156231381486695e-02
3.261670051610315174e-02 8.454367875243226083e-01 6.962975527062631453e-02 5.231675668894782832e-02
3.107711137219606318e-02 8.340439302391751131e-01 7.366782567499487178e-02 6.121113271363396585e-02
3.133117005646226388e-02 8.094661193774917995e-01 8.062851135473597664e-02 7.857419921131024443e-02
3.286360141857531253e-02 7.708481612734536803e-01 9.066725628945558613e-02 1.056209810185158859e-01
3.471267428091676793e-02 7.237759757373798397e-01 1.023584313379354710e-01 1.391529186437680532e-01
3.619648631021076673e-02 6.769123379581167832e-01 1.141642954983137642e-01 1.727268802333586373e-01
3.725682455311889879e-02 6.352659342596572722e-01 1.263408919935855856e-01 2.011363491936378478e-01
3.840409511487219429e-02 5.974072096777628404e-01 1.411711732494731197e-01 2.230175219578920398e-01
3.984288099783747650e-02 5.661713817167892682e-01 1.586907622116709160e-01 2.352949750737026169e-01
4.159386360646791236e-02 5.480055933761384113e-01 1.757790284367190814e-01 2.346215145806745950e-01
4.425635218424047584e-02 5.404560122290992252e-01 1.903710770416013887e-01 2.249165585450585980e-01
4.828257783950018478e-02 5.405525985892561946e-01 2.002515992027514014e-01 2.109132243684923025e-01
5.434119871414400810e-02 5.466140551216366328e-01 2.045516011695685810e-01 1.944931449946505631e-01
6.203555981344481551e-02 5.590927208317874042e-01 2.018160776664611467e-01 1.770556416883064810e-01
7.004992881967637974e-02 5.707819857016053211e-01 1.988845758097796679e-01 1.602835096689388394e-01
7.673753067763570967e-02 5.776288047993661801e-01 2.018041833863454815e-01 1.438294811366526427e-01
7.789519306243204710e-02 5.815300442396794667e-01 2.140130905565644226e-01 1.265616721413239665e-01
7.184311887191588419e-02 5.751102421834791700e-01 2.441809371479812529e-01 1.088657017966239982e-01
6.295095268242217879e-02 5.402287612966506503e-01 3.033103918410643973e-01 9.350989417986294017e-02
5.560117500065575591e-02 4.514735263770129903e-01 4.092219979249646644e-01 8.370330069736653389e-02
5.179947816956961132e-02 3.245104019112832194e-01 5.449975448782126142e-01 7.869257504093445099e-02
5.241465120103434849e-02 2.229747621768113641e-01 6.472064650377998829e-01 7.740412158435475143e-02
5.946337611000108297e-02 1.706531808404975203e-01 6.877967530595492374e-01 8.208668998995218014e-02
7.480975606071525730e-02 1.493858311210699563e-01 6.821643742739161853e-01 9.364003854429822638e-02
1.014148768961581071e-01 1.395083135926214468e-01 6.488363686157635479e-01 1.102404408954568704e-01
1.428649887819659625e-01 1.320333519060416239e-01 5.984329931330379937e-01 1.266686661789544754e-01
2.009656832910370616e-01 1.243234393412394195e-01 5.370865862871612162e-01 1.376242910805626773e-01
2.688740010503388733e-01 1.159824944307832478e-01 4.753816138630300170e-01 1.397618906558477370e-01
3.342994456453226015e-01 1.098631286067912327e-01 4.229366816832380582e-01 1.329007440646478577e-01
3.887568755981685165e-01 1.072504870717509579e-01 3.847489303211903966e-01 1.192437070088904066e-01
4.345393005019866917e-01 1.063131951092114585e-01 3.567617307607668931e-01 1.023857736280351233e-01
4.706012704124162283e-01 1.049823162391249759e-01 3.386539900019651106e-01 8.576242334649361587e-02
4.930645370674083816e-01 1.034661514822034778e-01 3.311607853094504783e-01 7.230852614093774555e-02
4.970486617008338937e-01 1.046825870920688184e-01 3.343051708619800833e-01 6.396358034511719082e-02
4.810180170663211352e-01 1.116459117228826431e-01 3.467062175491318343e-01 6.062985366166443596e-02
4.453445651814855188e-01 1.247926462849937301e-01 3.692288546312493258e-01 6.063393390227142521e-02
3.872958797920998397e-01 1.403948087924606625e-01 4.100243549423431277e-01 6.228495647309652966e-02
3.063016258405922843e-01 1.531328258004403253e-01 4.774845901341732701e-01 6.308095822479406478e-02
2.160249909786675637e-01 1.515598697797234384e-01 5.730311010603702515e-01 5.938403818123866307e-02
1.375055562718121294e-01 1.318065042562510392e-01 6.806956417687887173e-01 4.999229770314786436e-02
8.238576975848185824e-02 1.039233373933136223e-01 7.755817406145986137e-01 3.810915223360606535e-02
4.943989345016362724e-02 7.930779429666319491e-02 8.433469967607175599e-01 2.790531549245559712e-02
3.200961068879683291e-02 6.220103268699671284e-02 8.846714104033365222e-01 2.111794622087001527e-02
2.378667292058216087e-02 5.235687232971230481e-02 9.062093183569445154e-01 1.764713639276151158e-02
2.044649436680726073e-02 4.737734948228891629e-02 9.154404905732984599e-01 1.673566557760595985e-02
1.948601144617476133e-02 4.436134580623387474e-02 9.183365621639676402e-01 1.781608058362372377e-02
1.905036784714170955e-02 4.114681728517252668e-02 9.195258375513408744e-01 2.027697731634485814e-02
1.783667032530898700e-02 3.749551703745630793e-02 9.216974551755425793e-01 2.297035746169181353e-02
1.568430205574602998e-02 3.466967221208920591e-02 9.251295409590756247e-01 2.451648477308875432e-02
1.328648976824821533e-02 3.389976758469036289e-02 9.283820081456845008e-01 2.443173450137673883e-02
1.137373671192192306e-02 3.555045600583547905e-02 9.296808431632299641e-01 2.339496411901223830e-02
9.995443262877068760e-03 3.849366443038665375e-02 9.296871502492853878e-01 2.182374205745120713e-02
8.976959676381384562e-03 4.110958084999956352e-02 9.300656431982823324e-01 1.984781627533651477e-02
8.260208743026164688e-03 4.252857739924081892e-02 9.315392501033756822e-01 1.767196375435717628e-02
7.853021894863209534e-03 4.300444136429797115e-02 9.335507709538838350e-01 1.559176578695473450e-02
7.901291052048606267e-03 4.421774489236693362e-02 9.338436197268514816e-01 1.403734432873292998e-02
8.560673177540310125e-03 4.855076296532392227e-02 9.295575687808880216e-01 1.333099507624784311e-02
9.796220086489672643e-03 5.780143827998192319e-02 9.189088042161335235e-01 1.349353741739489979e-02
1.132397135875965431e-02 7.185766762392457874e-02 9.025398153678314550e-01 1.427854564948444899e-02
1.274909856095801652e-02 8.900068951622140678e-02 8.828898560704444565e-01 1.536035585237621216e-02
1.338105443128560952e-02 1.064551061760258543e-01 8.639498227498898508e-01 1.621401664279860030e-02
1.405590355168157522e-02 1.222315600741708252e-01 8.473037335033190010e-01 1.640880287082879807e-02
1.297923070501351937e-02 1.398756428744523939e-01 8.312306196367319489e-01 1.591450678380225067e-02
1.234248580658564229e-02 1.605764254955856229e-01 8.115335639170934146e-01 1.554752478073527684e-02
1.187524168758798994e-02 1.840287574634638934e-01 7.885315975215071438e-01 1.556440332744081848e-02
1.127248773865947677e-02 2.054503119718074367e-01 7.677801903383684179e-01 1.549700995116476583e-02
1.052357408882075018e-02 2.239951596936927691e-01 7.502478923766253693e-01 1.523337384086122237e-02
9.907736133984447122e-03 2.455562014019753436e-01 7.294396140536321127e-01 1.509644841040838625e-02
9.625359580148335620e-03 2.772703034605967232e-01 6.977528313619359990e-01 1.535150559731890754e-02
9.713052091888560793e-03 3.214286653236675395e-01 6.528173124576939212e-01 1.604097012675005998e-02
8.786457025900188400e-01 1.051673026725396531e-01 2.953601961069694890e-03 1.323339277637180025e-02
5.631749471340251612e-01 1.965772145070900923e-01 2.550413290573651584e-02 2.147437054531479705e-01
6.695081255601862402e-01 1.523637909951893743e-01 2.045124061139973887e-02 1.576768428332247785e-01
7.556293847905728445e-01 1.173855291743458040e-01 1.659591584542446582e-02 1.103891701896567573e-01
8.155295151957621114e-01 9.366650991955176309e-02 1.421201898675446967e-02 7.659195589793162118e-02
8.557708998805054756e-01 7.696473887476089348e-02 1.270148579787595301e-02 5.456287544685783919e-02
8.814852324862372246e-01 6.555440962326039567e-02 1.199035420539748542e-02 4.097000368510474860e-02
8.986012187211998015e-01 5.683734040185704078e-02 1.183040908997400747e-02 3.273103178696960130e-02
9.101508583698194599e-01 4.952881856686230932e-02 1.220512764634352522e-02 2.811519541697493629e-02
9.171271935350516769e-01 4.355552322939987286e-02 1.324305333180935892e-02 2.607422990373941402e-02
9.202944733475536543e-01 3.910564138273261298e-02 1.502123976069880650e-02 2.557864550901493145e-02
9.207898426856099272e-01 3.586008736710673273e-02 1.759144316498622782e-02 2.575862678229717470e-02
9.202722330286204899e-01 3.292511563663419460e-02 2.078922245889717330e-02 2.601342887584812830e-02
9.201587889460683956e-01 2.970930040221720150e-02 2.414512054315302511e-02 2.598679010856152355e-02
9.208503796268421304e-01 2.627770116216972610e-02 2.721420898225207496e-02 2.565771022873613097e-02
9.214683631410213183e-01 2.296359024381247615e-02 2.993759082234699609e-02 2.563045579281913317e-02
9.204003338246350419e-01 1.997263465021853479e-02 3.267434710575189277e-02 2.695268441939435711e-02
9.166383356047193010e-01 1.735603409757032964e-02 3.574398777873420002e-02 3.026164251897609306e-02
9.105113663989803374e-01 1.522811860248057293e-02 3.913738629838369593e-02 3.512312870015547178e-02
9.015700451657204795e-01 1.384283075897071134e-02 4.326682476945371836e-02 4.132029930585489480e-02
8.882198670318030009e-01 1.340907563068123240e-02 4.881722696337937456e-02 4.955383037413638170e-02
8.695297960345468313e-01 1.401008016375806381e-02 5.595071479152048666e-02 6.050940901017479168e-02
8.465344210283164417e-01 1.561456933474039167e-02 6.393526361836500416e-02 7.391574601857828219e-02
8.236400238151025954e-01 1.801498325510490425e-02 7.105066285004962845e-02 8.729433007974286840e-02
8.052867745799355825e-01 2.145249714092754487e-02 7.536009742985214088e-02 9.790063084928476989e-02
7.889241099291870452e-01 2.488645362761120541e-02 8.039340179071363668e-02 1.057960346524880746e-01
7.717309312619690109e-01 2.851350883670970837e-02 8.771166712558571554e-02 1.120438927757359676e-01
7.502456748656821661e-01 3.240123591486275545e-02 9.989003574158579479e-02 1.174630534778693253e-01
7.235310836198395323e-01 3.713867454858203743e-02 1.184684684838332169e-01 1.208617733477450468e-01
6.936305846302491807e-01 4.431945598530270120e-02 1.438841127856615443e-01 1.181658465987865808e-01
6.676052406882860835e-01 5.673699898142730430e-02 1.698282175549483131e-01 1.058295427753380563e-01
6.438937344075430502e-01 7.830870439545727091e-02 1.915766753628992125e-01 8.622088583410048024e-02
6.207652100565712594e-01 1.123567267509148343e-01 2.017200426757803366e-01 6.515802051673369455e-02
5.928992526332339530e-01 1.624391964208809214e-01 1.968555320088267446e-01 4.780601893705822142e-02
5.582114362347738723e-01 2.246643375423201805e-01 1.820300963048969989e-01 3.509412991800865689e-02
5.235329821845632337e-01 2.873661830901269587e-01 1.632285463905748524e-01 2.587228833473479220e-02
4.877478453533726777e-01 3.478284745980890214e-01 1.452046143619714347e-01 1.921906568656674835e-02
4.496963499655555196e-01 4.055988163500869326e-01 1.302095075735081597e-01 1.449532611084938458e-02
4.196575576561557552e-01 4.473704183718191785e-01 1.215344870603376343e-01 1.143753691168753958e-02
4.050536395356957309e-01 4.640075982587388848e-01 1.211597516185765611e-01 9.779010586988446871e-03
4.106090026195709508e-01 4.511098677559016723e-01 1.290752373158346455e-01 9.205892308693071346e-03
4.357753736233950237e-01 4.141737653421404541e-01 1.408178631460299257e-01 9.232997888434714417e-03
4.804358247800423753e-01 3.614466706098600213e-01 1.487540303123971175e-01 9.363474297700404361e-03
5.456020983748640640e-01 2.983894018893873401e-01 1.467291164876221299e-01 9.279383248126512815e-03
6.247243801732951241e-01 2.335739687091796801e-01 1.329181447806098426e-01 8.783506336915320248e-03
7.132342316710921226e-01 1.688502395879640239e-01 1.101289781932205669e-01 7.786550547723303933e-03
7.980793271146074952e-01 1.116661885518193814e-01 8.385243455489989339e-02 6.402049778673563930e-03
8.646680517838802871e-01 6.994159460419424601e-02 6.038227285093453189e-02 5.008080760991226454e-03
9.099822356552703662e-01 4.366573006826769687e-02 4.251230460336477557e-02 3.839729673097169206e-03
9.393912321884975158e-01 2.790253832508174034e-02 2.982128589368195082e-02 2.884943592739021984e-03
9.585386158071469431e-01 1.834212927453779743e-02 2.100701856382372612e-02 2.112236354491612254e-03
9.707517349736257684e-01 1.255054443688613693e-02 1.514687710669509503e-02 1.550843482793035468e-03
9.780580643395351270e-01 9.150242841312021189e-03 1.159077751216135502e-02 1.200915306991175635e-03
9.820017622325502016e-01 7.297502374181241529e-03 9.672323285302458773e-03 1.028412107966037835e-03
9.839193874970831866e-01 6.402316559373290653e-03 8.698852233336497666e-03 9.794437102070877813e-04
9.848231328865081347e-01 6.029714591132709009e-03 8.155386338278346886e-03 9.917661840808231124e-04
9.850757933291394153e-01 6.008969558354248543e-03 7.872235664051164747e-03 1.043001448455220873e-03
9.850080693442849755e-01 6.231137284524015767e-03 7.626718646396737564e-03 1.134074724794335550e-03
9.867021892719337606e-01 5.289642835773024354e-03 6.821632423219851742e-03 1.186535469073205255e-03
9.875096742386881843e-01 5.446163663402956226e-03 5.697521894799917851e-03 1.346640203108947272e-03
9.888706683089785177e-01 5.183028599898956146e-03 4.391755555753639947e-03 1.554547535369172262e-03
9.906084711102395302e-01 4.476446702030532909e-03 3.132432163075995080e-03 1.782650024653818473e-03
9.923872669832261018e-01 3.519897607799415962e-03 2.078324770264365629e-03 2.014510638710018207e-03
9.936251755176154221e-01 2.661276616831118914e-03 1.361381901440222213e-03 2.352165964113239575e-03
9.939295590672047043e-01 2.100075520863821116e-03 9.594070582812043099e-04 3.010958353650074713e-03
9.929544853249178127e-01 1.881037764663317374e-03 7.814697258310899152e-04 4.383007184587978979e-03
9.885715884523222918e-01 3.082844698244400182e-03 9.655294768795945337e-04 7.380037372553801926e-03
9.820916114254772955e-01 3.978306783749330222e-03 1.098057622662395108e-03 1.283202416811104161e-02
9.709267679149314878e-01 5.516713189665573523e-03 1.370639638602161705e-03 2.218587925680042330e-02
9.532975572771260619e-01 7.863117593491425472e-03 1.817798102359928503e-03 3.702152702702243836e-02
9.256868599579511914e-01 1.128291932360221683e-02 2.539023623835920482e-03 6.049119709461069777e-02
8.831344641682196128e-01 1.610045647965213655e-02 3.683509695379929162e-03 9.708156965674852312e-02
1.130074118018758039e-01 6.388877916324759987e-01 2.017860499725724135e-02 2.279261915683907236e-01
1.335773965789594508e-01 3.960739203317673041e-01 1.522574292243795979e-01 3.180912538648939525e-01
1.321257348399655085e-01 4.245203602225613992e-01 1.463037601315465286e-01 2.970501448059267302e-01
1.302558448842458805e-01 4.588127863954628016e-01 1.395569940113017826e-01 2.713743747089895630e-01
1.265880575353757198e-01 4.984318879207387809e-01 1.323100056115513457e-01 2.426700489323340426e-01
1.200918707653265832e-01 5.411486941795023986e-01 1.252981288742000543e-01 2.134613061809707557e-01
1.101698324575492854e-01 5.832662697793205009e-01 1.197629815619768584e-01 1.868009162011534663e-01
9.697388596421624429e-02 6.212293846697825028e-01 1.170657805506016974e-01 1.647309488153994583e-01
8.215003104230299280e-02 6.524722832362817027e-01 1.181244692383812966e-01 1.472532164830341328e-01
6.882345006406939691e-02 6.728828580474038867e-01 1.241540370778772551e-01 1.341396548106497388e-01
5.883562139331705021e-02 6.796560669769459162e-01 1.366225117712841497e-01 1.248857998584525508e-01
5.106744575570013739e-02 6.769098688241962369e-01 1.555100354729050116e-01 1.165126499471987737e-01
4.460680564292644062e-02 6.666272751859875223e-01 1.816030329710796865e-01 1.071628862000063853e-01
3.962160864522296100e-02 6.446883554635900460e-01 2.182705871055805880e-01 9.741944878560622467e-02
3.582725910478395948e-02 6.082471471154182741e-01 2.678415819321490754e-01 8.808401184764876046e-02
3.252331351330597919e-02 5.600036837782047527e-01 3.289247727699678436e-01 7.854822993852161872e-02
2.914516525006386263e-02 5.025151888777179554e-01 3.999144015991148993e-01 6.842524427310325841e-02
2.557684593907033968e-02 4.337973711578119174e-01 4.826036074982523738e-01 5.802217540486558078e-02
2.189104304379745417e-02 3.540940792950166283e-01 5.765476630444907880e-01 4.746721461669526493e-02
1.802344867886518723e-02 2.706742389396141202e-01 6.745330269746766527e-01 3.676928540684383517e-02
1.414459055049965830e-02 1.961243060968822782e-01 7.629209981636663196e-01 2.681010518895182715e-02
1.083816282058251354e-02 1.388768430471296611e-01 8.313125446991387335e-01 1.897244943314891838e-02
8.838900057385501094e-03 9.862035125692689141e-02 8.788687271419600711e-01 1.367202154372767868e-02
6.723638896972558392e-03 7.220168476309576922e-02 9.108007262976837159e-01 1.027395004224799895e-02
5.317725214105271415e-03 5.566904651943656301e-02 9.309078670977476433e-01 8.105361168710596004e-03
4.349883671038448467e-03 4.724005485848662561e-02 9.417635927680318986e-01 6.646468702443072453e-03
3.807674243670162648e-03 4.496220266863085874e-02 9.453719219901325355e-01 5.858201097566371161e-03
3.563195890117958845e-03 4.604456138293867157e-02 9.448472613088528815e-01 5.544981418090954260e-03
3.392979380782132782e-03 4.765181926665394696e-02 9.435807973988317165e-01 5.374403953732391492e-03
3.147909009090664369e-03 4.754638334971889729e-02 9.441703838816210004e-01 5.135323759569213747e-03
2.844586458470528979e-03 4.478726942952291484e-02 9.474493125819429817e-01 4.918831530063538446e-03
2.645430022021746670e-03 4.084233876331277296e-02 9.514477787823846233e-01 5.064452432280979778e-03
2.705970572093057205e-03 3.861843654997286490e-02 9.527993355266696218e-01 5.876257351264241834e-03
3.007114986448635851e-03 3.914178665621292907e-02 9.505355707792469966e-01 7.315527578091632344e-03
3.448599342991686811e-03 4.156561323211164366e-02 9.458640007650388482e-01 9.121786659857907681e-03
3.959530017446447232e-03 4.457651200639161509e-02 9.403648942230274921e-01 1.109906375313447074e-02
4.439982819488872898e-03 4.714890806196501277e-02 9.354534437144346182e-01 1.295766540411151350e-02
4.899371480975267014e-03 5.057453594631299704e-02 9.298968329960106693e-01 1.462925957670113686e-02
5.497231700099310982e-03 5.739470530520223573e-02 9.207142996692198045e-01 1.639376332547866008e-02
6.413363262012382326e-03 6.951866063455761080e-02 9.055055556825454266e-01 1.856242042088448660e-02
7.737726557957709007e-03 8.700626521266298374e-02 8.838963599133696780e-01 2.135964831600966132e-02
8.511621053851715218e-03 1.074374413269432449e-01 8.598924079981570268e-01 2.415852962104770782e-02
9.436038667749474529e-03 1.306865083512114833e-01 8.332949108298949303e-01 2.658254215114392444e-02
1.011213037775144513e-02 1.557980420358535401e-01 8.057182790381185455e-01 2.837154854827670519e-02
1.045121803802103941e-02 1.805639352366366912e-01 7.797715108531901862e-01 2.921333587215199645e-02
1.042116091318945510e-02 2.018229218289638860e-01 7.589034532058513971e-01 2.885246405199538497e-02
1.003848957853683936e-02 2.213503750109622747e-01 7.413951062530175218e-01 2.721602915748340401e-02
9.361036434649756821e-03 2.440662516685808969e-01 7.220483820971193012e-01 2.452432979965013873e-02
8.740492363406566004e-03 2.693067962644492552e-01 7.000791071393644982e-01 2.187360423277977944e-02
8.345315475725126678e-03 2.904395659838822086e-01 6.813248877400381875e-01 1.989023080035450669e-02
8.039957411369447540e-03 3.002254389608136065e-01 6.733500598419497329e-01 1.838454378586725640e-02
7.717431040352698904e-03 2.902755399236043865e-01 6.848254789142501631e-01 1.718155012179266306e-02
7.345667537314811736e-03 2.531781901300716453e-01 7.232569726709161539e-01 1.621916966169771948e-02
6.805282596920834981e-03 1.985031329002456268e-01 7.795010232456363042e-01 1.519056125719737450e-02
6.000833985644144115e-03 1.429752368581966859e-01 8.371485671961139685e-01 1.387536196004530639e-02
5.025033167215200818e-03 9.484445900365857940e-02 8.876871011889522212e-01 1.244340664017428398e-02
4.290937812785986828e-03 5.752295235128184608e-02 9.268957159009041380e-01 1.129039393502822772e-02
3.209710926426641298e-03 3.358725308426215028e-02 9.523798015978549580e-01 1.082323439145595027e-02
2.792617050087400649e-03 2.119099151806405623e-02 9.643971800846046216e-01 1.161921134724400173e-02
2.794967120016979625e-03 1.604441391373722867e-02 9.667071984788689898e-01 1.445342048737681580e-02
3.160065037379998932e-03 1.512587477590406071e-02 9.608248082846334581e-01 2.088925190208233695e-02
3.957951881262000357e-03 1.702282821529719700e-02 9.445186000608476462e-01 3.450061984259329695e-02
5.351828178078713548e-03 2.097370892482699686e-02 9.098519613509794546e-01 6.382250154611494863e-02
7.457225450435238205e-03 2.556201336799343235e-02 8.421101018994340270e-01 1.248706592821371836e-01
1.036181092181204071e-02 2.890483707129533342e-02 7.272281694259410401e-01 2.335051825809515702e-01
1.217087016015448719e-02 2.710389149251786478e-02 5.780952141997913740e-01 3.826300241475359964e-01
1.267703988641752377e-02 2.254910636419539885e-02 4.283398308049672920e-01 5.364340229444197750e-01
1.210870730482174577e-02 1.807519635956736717e-02 3.082784343582796738e-01 6.615376619773313260e-01
1.132922863094039910e-02 1.486679395497693575e-02 2.261698443758513033e-01 7.476341330382313410e-01
1.120989406590599397e-02 1.333098921704771282e-02 1.749695083682424324e-01 8.004896083488040048e-01
1.219601232353483521e-02 1.343193567488892501e-02 1.434593598386400271e-01 8.309126921629361728e-01
1.448553681178951780e-02 1.503091912280103692e-02 1.231166961461451770e-01 8.473668479192644210e-01
8.354740869741716924e-01 1.232555818682535761e-02 7.065749293784241367e-03 1.451346055452186756e-01
5.663281412351299851e-03 1.481767782701996217e-01 8.236986023747051577e-01 2.246133794274404044e-02
5.996293929049931366e-03 1.674835289032897134e-01 8.100913721235971643e-01 1.642880504406332015e-02
6.962212171003139341e-03 2.015469743506439204e-01 7.792237788858104031e-01 1.226703459254261525e-02
8.612855991639556050e-03 2.449495519358909357e-01 7.368020645044310868e-01 9.635527568038438836e-03
1.090906231326267163e-02 2.821877057272094702e-01 6.987478909170445895e-01 8.155341042482900857e-03
1.392463304056662000e-02 2.984483726355579014e-01 6.799789042809237793e-01 7.648090042951491939e-03
1.818095204730612105e-02 2.949985741346218826e-01 6.786481160571238291e-01 8.172357760948250477e-03
2.450968954677641351e-02 2.825244183128980957e-01 6.830150476173146856e-01 9.950844523010968223e-03
3.304361810915099062e-02 2.683535024612358488e-01 6.855032393890074793e-01 1.309964004060556846e-02
4.205373117666766358e-02 2.529631516563753402e-01 6.878101585883410474e-01 1.717295857861605990e-02
4.928087271106865175e-02 2.362434517012524104e-01 6.930005104018889250e-01 2.147516518579007175e-02
5.425728010521038702e-02 2.227725914470322921e-01 6.973310064619883120e-01 2.563912198576899851e-02
5.822742698493347385e-02 2.180118457094956663e-01 6.939821783329477300e-01 2.977854897262280712e-02
6.318494969460430877e-02 2.236495933660554436e-01 6.785032640505390678e-01 3.466219288880120070e-02
7.044946267526995543e-02 2.335818404902164913e-01 6.546380561976853363e-01 4.133064063682819617e-02
7.930203713169758917e-02 2.381922122109632334e-01 6.321651055800342478e-01 5.034064507730492272e-02
8.709460412312837463e-02 2.353272791611492609e-01 6.153258499759390876e-01 6.225226673978305481e-02
9.091865565789578052e-02 2.264424537212065547e-01 6.051939348760284609e-01 7.744495574486945366e-02
8.935150970596771047e-02 2.112747311899319524e-01 6.045843226331273357e-01 9.478943647097295977e-02
8.290325412819350703e-02 1.923971734535313560e-01 6.124612833725783245e-01 1.122382890456969373e-01
7.359284426549450586e-02 1.745311141508424924e-01 6.237258295158765176e-01 1.281502120677865120e-01
6.320035879785926292e-02 1.595096034125149664e-01 6.351941931750615389e-01 1.420958446145645093e-01
5.254780886155880487e-02 1.462330139481103075e-01 6.464614325462302302e-01 1.547577446441007198e-01
4.221657183647623685e-02 1.324357962861538729e-01 6.589050094808494018e-01 1.664426223965204399e-01
3.312154226984911215e-02 1.170221052752542790e-01 6.742742762996164485e-01 1.755820761552803755e-01
2.582416249861351626e-02 1.012717557561618187e-01 6.931624462956706978e-01 1.797416354495537938e-01
2.009051752615887212e-02 8.672932270270558575e-02 7.162707203142022472e-01 1.769094394569331319e-01
1.508912715550550336e-02 7.450459536695204499e-02 7.453398926399562585e-01 1.650663848375861775e-01
1.126553117186625784e-02 6.423820757031768747e-02 7.829483099090380760e-01 1.415479513487779561e-01
8.117881774293672983e-03 5.689448330294794715e-02 8.270874912876321483e-01 1.079001436351260390e-01
5.741079005963286783e-03 5.611026660186836656e-02 8.641746942452213087e-01 7.397396014694720967e-02
4.315513568411172285e-03 6.243246805907078784e-02 8.847012289807330010e-01 4.855078939178511521e-02
3.445485814336768458e-03 7.455699265411130927e-02 8.897419448834379407e-01 3.225557664811393166e-02
2.806916747146480980e-03 8.813099239527426298e-02 8.871977931773318282e-01 2.186429768024721054e-02
2.269907938036678542e-03 9.769461449138600040e-02 8.849913475053596823e-01 1.504413006521776973e-02
1.807043504066907936e-03 9.946492238645059103e-02 8.881446602322881079e-01 1.058337387719469717e-02
1.434120214665443940e-03 9.363675122054335165e-02 8.971727847448570659e-01 7.756343819933874881e-03
1.178246278951628704e-03 8.390579581007212573e-02 9.088073524106963230e-01 6.108605500279788540e-03
1.059274234423840172e-03 7.528110888579199467e-02 9.182599626089934519e-01 5.399654270790770275e-03
1.061380854466986755e-03 6.980459941032061966e-02 9.237048152331994721e-01 5.429204502013080386e-03
1.122430281665007506e-03 6.562464400660901476e-02 9.274070907452595103e-01 5.845834966466573711e-03
1.203632592132414117e-03 6.258083477925073523e-02 9.298600599032422753e-01 6.355472725374511356e-03
1.349066205488584375e-03 6.406602842033266854e-02 9.275316075297483920e-01 7.053297844430768404e-03
1.678583954992032704e-03 7.279808777376646500e-02 9.170583636470782674e-01 8.464964624163158827e-03
2.291053790092879936e-03 8.560290072951215468e-02 9.010782198743813032e-01 1.102782560601362795e-02
3.106133025573033779e-03 9.325758057949692925e-02 8.892599322023931885e-01 1.437635419253670103e-02
3.887436471604055910e-03 9.063702961317864071e-02 8.879528841207831036e-01 1.752264979443454371e-02
4.524350710556948249e-03 8.140424579139428352e-02 8.941067077398802132e-01 1.996469575816865044e-02
5.506937054598821067e-03 7.192919233717724736e-02 9.002984294553396660e-01 2.226544115288439651e-02
5.792065003849149185e-03 6.231928378348269154e-02 9.071412361991035844e-01 2.474741501356464771e-02
6.615348521507588911e-03 5.628566478452157185e-02 9.088346503924435993e-01 2.826433630152728679e-02
7.521634458311477443e-03 5.248051114181231241e-02 9.076215815380885843e-01 3.237627286178747926e-02
8.177738155639756659e-03 4.930596957629795191e-02 9.065895424564346383e-01 3.592674981162772424e-02
8.078579546661321040e-03 4.466167790404017290e-02 9.100196016483438344e-01 3.724014090095459362e-02
7.207509300768025901e-03 3.820005377327544138e-02 9.189654240173991129e-01 3.562701290855738168e-02
6.199621767628241131e-03 3.193851352114814024e-02 9.289911647101543046e-01 3.287070000106965401e-02
5.553210302154618430e-03 2.749737921993532924e-02 9.357736656878404835e-01 3.117574479006943872e-02
5.132641697841092490e-03 2.422449745028249987e-02 9.402961660311035530e-01 3.034669482077284250e-02
4.610620537335637960e-03 2.097340584754347342e-02 9.454617073399811389e-01 2.895426627513972284e-02
4.076040647477512970e-03 1.814770875350259216e-02 9.506028320972433887e-01 2.717341850177634049e-02
3.635245458439283553e-03 1.737613192380513608e-02 9.531988935792020667e-01 2.578972903855355700e-02
3.529420356063431904e-03 1.683630784665745769e-02 9.552889782786144757e-01 2.434529351866449726e-02
3.556893394791354763e-03 1.731720425972991043e-02 9.563187190089705858e-01 2.280718333650796209e-02
3.713364879004244640e-03 1.805450414160824843e-02 9.568234482844759636e-01 2.140868269491159534e-02
4.175465722169749948e-03 2.196945244605546382e-02 9.527532746142608477e-01 2.110180721751402089e-02
5.017815329747519343e-03 2.887349131476548564e-02 9.444500292900408489e-01 2.165866406544634040e-02
6.268741039943249646e-03 3.923705299876112385e-02 9.314693480222937527e-01 2.302485793900172634e-02
8.010020744343527427e-03 5.371373290173928061e-02 9.126664396464699847e-01 2.560980670744688811e-02
1.047869920703193430e-02 7.453620612467995454e-02 8.845909616605320824e-01 3.039413300775638954e-02
1.399496667647886355e-02 1.063712029860100772e-01 8.404511276507159456e-01 3.918270268679494017e-02
1.817760781021881059e-02 1.519569317987813084e-01 7.763097774841433152e-01 5.355568290685650684e-02
5.512712778220867213e-04 8.353625021171834364e-02 8.948185237526617986e-01 2.109395475779749993e-02
6.899369920228341476e-04 9.093550847039445773e-02 8.834783380204599412e-01 2.489621651712268027e-02
8.350314567828282181e-04 9.469110378713178899e-02 8.766700520346276670e-01 2.780381272145765817e-02
9.794907758964917655e-04 9.406871993822392419e-02 8.747171081824962613e-01 3.023468110338373843e-02
1.159800806970895815e-03 9.327910314655728230e-02 8.727565214181119968e-01 3.280457462835997817e-02
1.394751409395087773e-03 9.395854096357983409e-02 8.691637277111377013e-01 3.548297991588716255e-02
1.607840961645446570e-03 9.094692259779174615e-02 8.700584016300400014e-01 3.738683481052267749e-02
1.631031407067953364e-03 7.775764699765969068e-02 8.834616585781664977e-01 3.714966301710580232e-02
1.422202456873337354e-03 5.641374556243007599e-02 9.071245190769816613e-01 3.503953290371492058e-02
1.156269125710144468e-03 3.680431086629249587e-02 9.279876920826850561e-01 3.405172792531219184e-02
1.146337510057685201e-03 2.625708768712363417e-02 9.344653293989551024e-01 3.813124540386349237e-02
1.056568992581141328e-03 2.179296720669694765e-02 9.263877143326407770e-01 5.076274946808120164e-02
1.153321911220960352e-03 2.238797200532265455e-02 8.994146446310927745e-01 7.704406145236389336e-02
1.479982259274080199e-03 2.568336570917606823e-02 8.491900120616674430e-01 1.236466399698824131e-01
1.957319377912203166e-03 3.102303521801216477e-02 7.670381324586701410e-01 1.999815129454056151e-01
2.816133065840528520e-03 3.676117947099963312e-02 6.419792738994256620e-01 3.184434135637341790e-01
4.195433471585306544e-03 4.174339439473181285e-02 4.730199713750590229e-01 4.810412007586238881e-01
6.176738628645158692e-03 4.379288725995118120e-02 3.024009812758758908e-01 6.476293928355280061e-01
9.113921365709359151e-03 4.258842442559008373e-02 1.823046093824697012e-01 7.659930448262307623e-01
1.350806066781083843e-02 3.961540023097229191e-02 1.175892142723125450e-01 8.292873248289043264e-01
2.067684227274143097e-02 3.712145108694341750e-02 8.412586817990579113e-02 8.580758384604092459e-01
2.945121801423179753e-02 3.460512839457225570e-02 6.822989782110464030e-02 8.677137557700915771e-01
3.899531480341240225e-02 3.258348198794389777e-02 6.117112953544262544e-02 8.672500736732012827e-01
1.086285286958568602e-01 3.956933807204590647e-01 2.010831168658445134e-01 2.945949737178396588e-01
1.001261329260042243e-01 4.457681166009209717e-01 2.082330358740339393e-01 2.458727145990408369e-01
8.707943541714618929e-02 5.084780125365916392e-01 2.076321115849111831e-01 1.968104404613510716e-01
7.227699891900606077e-02 5.755651139170780972e-01 2.019707723028613955e-01 1.501871148610544326e-01
5.655651785719550267e-02 6.431516705355764252e-01 1.912374072831060923e-01 1.090544043241220146e-01
4.132297127255201569e-02 7.041924396122304364e-01 1.780215862899209023e-01 7.646300282529665260e-02
3.060255748290733810e-02 7.502019507968402667e-01 1.652919250941368157e-01 5.390356662611516664e-02
2.276690054361507620e-02 7.845278683820990917e-01 1.530096898304632858e-01 3.969554124382242838e-02
1.788049752387033814e-02 8.093993289561540738e-01 1.415176028076268744e-01 3.120257071234848814e-02
1.512358201065819134e-02 8.274766751629401007e-01 1.309849008178955720e-01 2.641484200850580805e-02
1.401528680789435564e-02 8.395483085196173700e-01 1.221579656302999722e-01 2.427843904218802973e-02
1.385932377357645615e-02 8.469502209385357805e-01 1.147443228150332312e-01 2.444613247285497282e-02
1.618671644796406198e-02 8.465729314877558087e-01 1.096878904972710816e-01 2.755246156700886032e-02
2.092486099183205051e-02 8.347666302150988926e-01 1.098348491204402116e-01 3.447365967262863012e-02
2.820612637595988625e-02 8.079585299170368717e-01 1.180355997570987220e-01 4.579974394990455472e-02
3.733126200357256980e-02 7.658990902300538695e-01 1.353975912601851073e-01 6.137205650618867553e-02
4.747425220875494539e-02 7.098100810331946509e-01 1.617473715984223126e-01 8.096829515962783441e-02
5.827443293191456736e-02 6.434243996513422381e-01 1.943069136067313019e-01 1.039942538100120384e-01
6.971253066548335764e-02 5.738538812129556632e-01 2.278421259956435185e-01 1.285914621259175161e-01
8.178388209879158821e-02 5.072481444494890690e-01 2.585593360762425408e-01 1.524086373754771351e-01
9.534677468309461779e-02 4.438328437163004403e-01 2.872131985992708025e-01 1.736071830013341810e-01
1.073311917916907332e-01 3.877516345908929574e-01 3.138414249474466011e-01 1.910757486699697638e-01
1.177505526025480614e-01 3.367843763259580347e-01 3.405628842107006893e-01 2.049021868607930341e-01
1.259245677676085196e-01 2.913193806074887982e-01 3.671550299549641294e-01 2.156010216699383308e-01
1.310503522731961690e-01 2.535801739723095860e-01 3.915861783550678710e-01 2.237832953994265961e-01
1.326774674067877635e-01 2.249395764193437841e-01 4.124251690616474453e-01 2.299577871122212014e-01
1.312130226748615680e-01 2.036266081223935542e-01 4.308350735184509062e-01 2.343252956842938328e-01
1.273704570208452069e-01 1.864335124804427923e-01 4.498519107268536543e-01 2.363441197718585129e-01
1.218970020170421775e-01 1.713711510817086670e-01 4.713205390722402521e-01 2.354113078290088756e-01
1.158456879269263162e-01 1.582165886028403246e-01 4.937102083867005997e-01 2.322275150835331203e-01
1.105801587026831595e-01 1.477173243435370709e-01 5.126888279852739316e-01 2.290136889685056854e-01
1.066705286281560972e-01 1.401894691835833817e-01 5.261927921987420431e-01 2.269472099895187278e-01
1.030110121533900219e-01 1.342800393846949047e-01 5.391437147430614418e-01 2.235652337188537842e-01
9.841461457299621740e-02 1.283146947309639352e-01 5.566750666684693316e-01 2.165956240275708211e-01
9.264682290649260687e-02 1.217927956276096402e-01 5.794646061318677877e-01 2.060957753340298959e-01
8.639601213615563657e-02 1.153787650845632534e-01 6.047337160495788178e-01 1.934915067297026114e-01
8.044374950319017892e-02 1.097239502066729988e-01 6.295498195705219180e-01 1.802824807196145573e-01
7.507115743555874132e-02 1.055743371136393799e-01 6.522023759349900862e-01 1.671521295158119036e-01
7.009089459366768526e-02 1.037021560738817516e-01 6.724569242129149194e-01 1.537500251195355605e-01
6.514827270733124231e-02 1.037552179112226081e-01 6.918318726208548819e-01 1.392646367605911983e-01
5.995128478186173560e-02 1.037784043519188876e-01 7.133450486399417478e-01 1.229252622262778927e-01
5.403396697061870618e-02 1.011797921002441092e-01 7.408306879910752096e-01 1.039555529380618987e-01
4.726031302999181283e-02 9.456446762311312981e-02 7.749048101601367922e-01 8.327040918675858439e-02
4.020194596474573057e-02 8.410849378417123434e-02 8.119903503243335319e-01 6.369920992674978077e-02
3.369511169061176203e-02 7.182861504152267262e-02 8.465924445912885732e-01 4.788382867657724196e-02
2.814035113589440779e-02 6.078744137177791163e-02 8.747194950782922751e-01 3.635271241403548875e-02
2.346948876646618928e-02 5.238255429327114826e-02 8.961703651111968538e-01 2.797759182906588843e-02
2.006852999792365158e-02 4.685892208101704454e-02 9.107355291272416498e-01 2.233701879381747024e-02
1.798338522907815679e-02 4.317465624588194550e-02 9.199337200128743230e-01 1.890823851216596671e-02
1.682336291920453683e-02 3.998749415983931382e-02 9.262561652307857996e-01 1.693297769017049550e-02
1.617155838961904096e-02 3.674785717213428088e-02 9.313640629317637698e-01 1.571652150648289101e-02
1.575240823434016779e-02 3.350842631014100403e-02 9.359910259047813375e-01 1.474813955073749766e-02
1.549123806856900383e-02 3.032685569628503289e-02 9.402970104586513278e-01 1.388489577649468405e-02
1.540964484710363736e-02 2.738876631318383145e-02 9.440459155367956212e-01 1.315567330291712682e-02
1.535802946800275508e-02 2.475694456557512094e-02 9.474701873439093092e-01 1.241483862251304728e-02
1.496602393502913936e-02 2.208096649218184090e-02 9.514914872501510912e-01 1.146152232263774814e-02
1.400601445303271617e-02 1.921234205363990186e-02 9.564351497035216143e-01 1.034649378980600359e-02
1.260789484604276332e-02 1.640448700004404001e-02 9.616913234109292219e-01 9.296294742984212434e-03
1.047220235278988401e-02 1.470965555435952039e-02 9.663928033130280149e-01 8.425338779822714314e-03
8.997662528623025582e-03 1.250328474493944513e-02 9.707936128257760311e-01 7.705439900661763611e-03
7.559396115194071640e-03 1.053553024173683149e-02 9.748974412093577291e-01 7.007632433711418092e-03
6.131926075673789500e-03 8.640843718644729277e-03 9.790371602652644389e-01 6.190069940416938199e-03
4.814801975645919586e-03 6.960557937749037305e-03 9.829172127487002530e-01 5.307427337904821289e-03
3.732586928171468046e-03 5.631391727641394535e-03 9.861280239683669624e-01 4.507997375819977268e-03
2.857074987319956506e-03 4.557970037055573617e-03 9.888117070330969538e-01 3.773247942527452759e-03
2.145068901736458915e-03 3.682657835698818945e-03 9.910825557563851529e-01 3.089717506179639507e-03
1.628017774934428525e-03 3.096942083348190426e-03 9.926955305527725981e-01 2.579509588944836704e-03
1.304182848366592989e-03 2.816465548230046197e-03 9.935730945014581428e-01 2.306257101945528767e-03
1.109324102386671914e-03 2.709486525797894473e-03 9.939653792558154066e-01 2.215810116000038483e-03
9.780240314361692867e-04 2.631674687296543975e-03 9.941640321795871538e-01 2.226269101680325956e-03
8.712887339272424496e-04 2.524076748826601952e-03 9.943489221969843417e-01 2.255712320261804918e-03
7.918959973178259053e-04 2.438589643595528121e-03 9.944623034641377757e-01 2.307210894948943589e-03
7.484387072398079833e-04 2.417488312266919976e-03 9.944057156905817818e-01 2.428357289911611122e-03
7.436858789920502673e-04 2.470786391355681792e-03 9.941143426588280319e-01 2.671185070824159003e-03
7.685915558921762583e-04 2.603612629481995549e-03 9.935603686087224329e-01 3.067427205903505358e-03
8.045005318004233444e-04 2.807438528472522461e-03 9.927773744259207334e-01 3.610686513806322679e-03
8.373200166544253562e-04 3.027864998528782998e-03 9.918320957158189843e-01 4.302719268997974057e-03
8.308220557139843650e-04 3.068515779522652982e-03 9.911080406718427716e-01 4.992621492920623627e-03
7.616002019531257442e-04 2.832444326265091267e-03 9.910084571516029062e-01 5.397498320179095616e-03
6.641860676870832468e-04 2.488301505038916991e-03 9.914235642516432412e-01 5.423948175630779502e-03
5.850178981199169372e-04 2.202369271619516837e-03 9.919853871419554991e-01 5.227225688305130180e-03
5.263286942098656515e-04 1.965151114741563090e-03 9.925809057379867406e-01 4.927614453062061257e-03
4.594152414878157654e-04 1.700451858645011605e-03 9.933148924572462457e-01 4.525240442620853849e-03
3.733466151407649719e-04 1.417844830947342970e-03 9.941384366900039016e-01 4.070371863907872902e-03
2.905676195252574682e-04 1.212720694686471789e-03 9.947170029298575411e-01 3.779708755930499299e-03
2.353306876296577615e-04 1.167303276196501394e-03 9.946099470149908361e-01 3.987419021183020475e-03
2.122260563960002395e-04 1.344590852380251776e-03 9.932668919735330171e-01 5.176291117690668374e-03
2.221185002092431295e-04 1.926467229035877787e-03 9.891669942156458006e-01 8.684420055108919151e-03
2.766758141618673623e-04 3.477183215202440947e-03 9.773897328537396456e-01 1.885640811689597018e-02
