8.563860793875838207e-02 6.885164665976908904e-02 1.249803742355985389e-02 8.330117079779127964e-01
3.156798681777664983e-01 1.788511097318989385e-01 4.055017213063216164e-01 9.996730078401297459e-02
3.443561768078572949e-01 1.872722523145723406e-01 3.633951778245947950e-01 1.049763930529756112e-01
3.884898313405227288e-01 2.021856113412371647e-01 2.971698315693391823e-01 1.121547257489008409e-01
4.396059196828101534e-01 2.168345759862212452e-01 2.232854235549373290e-01 1.202740807760313696e-01
4.895666752888883089e-01 2.242666006020260505e-01 1.558829333223089864e-01 1.302837907867767098e-01
5.305312733941899284e-01 2.214423954359015234e-01 1.001507465765766186e-01 1.478755845933319713e-01
5.478208242446612752e-01 2.110234914571083586e-01 5.876129702067541677e-02 1.823943872775548314e-01
5.392131409608581505e-01 1.890526131868517090e-01 3.121810152630860591e-02 2.405161443259814513e-01
5.083476635459736048e-01 1.565617510050399119e-01 1.543343829194999094e-02 3.196571471570368583e-01
4.750387706835490498e-01 1.197834599884848999e-01 7.501965557567749111e-03 3.976758037703982951e-01
4.658015375718066453e-01 8.736702053527752032e-02 3.600450895309405003e-03 4.432309909976065443e-01
4.868885349254888917e-01 6.425747616025913322e-02 1.966937894717353356e-03 4.468870510195347978e-01
5.302364233280811856e-01 4.881486716677502224e-02 1.218999604448794309e-03 4.197297099006952470e-01
5.822684301576905863e-01 3.830298332527853900e-02 1.129423507681075406e-03 3.782991630093497926e-01
6.286456805319201591e-01 3.306140758725804180e-02 8.950933319093288144e-04 3.373978185489124870e-01
6.632656747515645046e-01 3.144510859898845545e-02 7.799465061604919950e-04 3.045092701432865478e-01
6.898889991707757297e-01 3.258269769174035324e-02 7.394119705718932940e-04 2.767888911669122987e-01
7.152027864793730760e-01 3.517546188937342722e-02 7.369795981801764186e-04 2.488847720330731039e-01
7.443703643551439209e-01 3.758633187173249235e-02 7.424361307940675978e-04 2.173008676423291707e-01
7.781256698204961353e-01 3.856845893835215977e-02 7.404676518281332141e-04 1.825654035893235216e-01
8.131079315200639979e-01 3.779830314148984599e-02 7.375992240027122362e-04 1.483561661144433552e-01
8.459605224696878922e-01 3.544743794203809861e-02 7.387245650700818280e-04 1.178533150232039667e-01
8.742402061666766366e-01 3.198569035470795463e-02 7.406730429882945254e-04 9.303343043562711800e-02
8.967651775435782069e-01 2.786480002798613631e-02 7.308117911906755228e-04 7.463921063724501814e-02
9.138638638274811932e-01 2.335650312646326068e-02 6.880168660294039588e-04 6.209161618002592004e-02
9.250153427372475035e-01 1.933453237705216182e-02 6.250419017977252613e-04 5.502508298390271918e-02
9.297776296489617120e-01 1.659747805098684553e-02 5.771733246488437762e-04 5.304771897540268288e-02
9.294856328419306424e-01 1.500386417492126714e-02 5.523779876567001855e-04 5.495812499549153352e-02
9.254959086050016381e-01 1.411063886978536353e-02 5.420002154106722111e-04 5.985145230980239150e-02
9.194354784957372573e-01 1.343218489111802638e-02 5.293103981360617293e-04 6.660302621500858999e-02
9.130230035379371945e-01 1.270225312601888472e-02 5.046543266283633504e-04 7.377008900941554870e-02
9.089426956512062228e-01 1.186721025043164374e-02 4.644559247392564261e-04 7.872563817362274174e-02
9.096734961681893772e-01 1.108742842775650717e-02 4.136761253507332940e-04 7.882539927870353680e-02
9.118389767089088993e-01 1.101978284657240820e-02 3.825159524400076599e-04 7.675872449207851722e-02
9.094809718069172266e-01 1.237169260191517926e-02 3.966043784891006832e-04 7.775073121267891962e-02
8.993565075471774417e-01 1.578654533025918710e-02 4.681709346370157968e-04 8.438877618792629820e-02
8.798766068345729163e-01 2.223724935028800753e-02 6.137096953673704981e-04 9.727243411977168353e-02
8.503512637356118731e-01 3.307166091880420211e-02 8.647864032995336179e-04 1.157122889422845941e-01
8.154691917029908144e-01 4.832587141331936426e-02 1.220534338261710858e-03 1.349844025454279006e-01
7.842195859363653154e-01 6.567893617155026731e-02 1.605166339973430585e-03 1.484963115521111265e-01
7.621986861855115647e-01 8.171185955615327401e-02 1.894725650233471332e-03 1.541947286081017388e-01
7.445304132120886820e-01 9.816640106828147805e-02 2.162687872353784204e-03 1.551404978472762097e-01
7.288252034139650615e-01 1.144030741121716405e-01 2.422366841433401703e-03 1.543493556324299354e-01
7.166488319134958207e-01 1.285206351976670713e-01 2.693415816797691334e-03 1.521371170720395849e-01
7.120678293768755163e-01 1.374695252640128484e-01 2.957486742022391937e-03 1.475051586170894324e-01
7.167435553368756151e-01 1.398478633215973765e-01 3.189873538822279083e-03 1.402187078027048173e-01
7.268974646109409576e-01 1.377172685836183241e-01 3.417087797371369529e-03 1.319681790080690365e-01
7.346967921356922782e-01 1.353358187558144354e-01 3.746027626592106623e-03 1.262213614819013285e-01
7.372082884014484749e-01 1.343612646561152812e-01 4.235516895289343463e-03 1.241949300471466011e-01
7.368274165809208798e-01 1.339578008813882559e-01 4.902690593238640850e-03 1.243120919444522521e-01
7.373751578402512052e-01 1.324407110156233247e-01 5.733426591675764607e-03 1.244507045524496647e-01
7.415313329443581347e-01 1.284309152709715296e-01 6.664419238980313388e-03 1.233733325456900787e-01
7.491993744606708638e-01 1.218684671228335292e-01 7.596166671616921481e-03 1.213359917448786768e-01
7.543923780162156145e-01 1.158323785571220704e-01 8.652531799198899531e-03 1.211227116274634918e-01
7.486894861974353610e-01 1.145981034603475862e-01 1.025240422676896440e-02 1.264600061154482757e-01
7.292215783093122239e-01 1.190090165221761309e-01 1.274257874139388645e-02 1.390268264271176946e-01
7.007348358979997860e-01 1.258939162794938948e-01 1.603063257847069101e-02 1.573406152440355033e-01
6.717692400089546600e-01 1.309945806384154032e-01 1.953302754458422288e-02 1.777031518080457451e-01
6.519418773630787367e-01 1.314688266532726690e-01 2.231829302072279447e-02 1.942710029629256541e-01
6.430790200511440347e-01 1.283997946331538464e-01 2.389656188340186227e-02 2.046246234322999791e-01
6.382612600109683898e-01 1.248368090744267495e-01 2.452003304112015600e-02 2.123818978734847152e-01
6.287593537520905773e-01 1.231990603513313798e-01 2.481740594550695816e-02 2.232241799510712998e-01
6.110874055719184295e-01 1.238353185936463818e-01 2.514547597295183762e-02 2.399317998614832192e-01
5.890516808748763600e-01 1.247226822006752972e-01 2.534728638927772823e-02 2.608783505351705556e-01
5.692657626045227737e-01 1.232825337020455603e-01 2.514807937872514526e-02 2.823036243147067359e-01
5.573263568435069537e-01 1.182229797519813996e-01 2.437931158685455874e-02 3.000713518176572614e-01
5.542866525418159718e-01 1.107213142112777465e-01 2.301922276150714097e-02 3.119728104853991546e-01
5.587101969534071788e-01 9.956170253638413348e-02 2.082942153748907135e-02 3.208986789727195643e-01
5.603817576815219859e-01 8.798531173755234913e-02 1.824444300722026513e-02 3.333884875737053721e-01
5.515319722526454971e-01 7.761987366144167122e-02 1.560722338960016456e-02 3.552409306963125735e-01
5.302376052745442214e-01 6.987133296017680739e-02 1.321676890698162549e-02 3.866742928582971306e-01
3.714014750136728632e-02 3.342847360534995007e-03 5.256068638779548162e-04 9.589913982742199750e-01
2.236152587712125217e-01 5.375480711387476962e-01 1.563856213463637734e-01 8.245104874367582826e-02
2.471461445815316127e-01 5.515296959822888478e-01 1.137618361910630316e-01 8.756232324511641074e-02
2.842220708496286941e-01 5.470427257784465924e-01 7.579718065077198363e-02 9.293802272115245233e-02
3.383063003709729233e-01 5.158453150512507523e-01 4.692346293868779328e-02 9.892492163908846170e-02
4.098306715034318870e-01 4.575541875962620408e-01 2.759086289545243167e-02 1.050242780048537411e-01
4.943443666444887197e-01 3.793459611644416918e-01 1.581062513782808404e-02 1.104990470532412894e-01
5.815267300592755761e-01 2.942289137146086864e-01 9.065353213379270803e-03 1.151790030127362446e-01
6.588233607705359374e-01 2.167502603374857062e-01 5.344001459934528964e-03 1.190823774320437650e-01
7.181949544014669673e-01 1.588307336805130920e-01 3.354232423161599905e-03 1.196200794948582696e-01
7.703334382126569846e-01 1.160020228352327126e-01 2.129409374354398685e-03 1.115351295777558260e-01
8.204601173465854158e-01 8.459318152754764786e-02 1.332776352529160086e-03 9.361392477333772832e-02
8.639313325914422803e-01 6.316514226572558788e-02 8.509941644761458016e-04 7.205253097835599696e-02
8.963713630415413025e-01 4.965630844256076898e-02 5.798419605825718120e-04 5.339248655531509541e-02
9.186815321095139764e-01 4.123301330774829104e-02 4.259910185361398213e-04 3.965946356420155944e-02
9.342477366317971654e-01 3.526065841384082994e-02 3.338473642324494488e-04 3.015775759012960869e-02
9.455868908254430050e-01 3.007427141275747715e-02 2.800007084649181084e-04 2.405883705333474940e-02
9.541045555190916794e-01 2.517197013124450322e-02 2.518576370810815990e-04 2.047161671258291085e-02
9.603560291741426447e-01 2.093816188398203021e-02 2.415085142629203399e-04 1.846430042761227838e-02
9.645947415975543171e-01 1.771261319604108819e-02 2.441153951386674625e-04 1.744852981126596841e-02
9.672772960684007382e-01 1.547990471103254280e-02 2.560172192856707157e-04 1.698678200128101931e-02
9.688903474952055284e-01 1.413406852011682598e-02 2.772100858599039412e-04 1.669837389881784553e-02
9.700277868157081151e-01 1.350421562340545570e-02 3.087088510678346275e-04 1.615928870981836116e-02
9.712797215365523984e-01 1.330458241239740325e-02 3.468410423320744456e-04 1.506885500871809648e-02
9.722743786057800319e-01 1.352172105660233090e-02 3.936294541600788427e-04 1.381027088345794691e-02
9.719442232326744868e-01 1.444328296714392050e-02 4.633437358606425603e-04 1.314915006432128448e-02
9.708100888436211884e-01 1.566184069113798344e-02 5.472725667015806419e-04 1.298079789853890179e-02
9.707954425213639604e-01 1.611535588299543853e-02 6.056933884689923555e-04 1.248350820717156022e-02
9.724810248047488503e-01 1.552590303451483952e-02 6.230034165853403456e-04 1.137006874415129321e-02
9.750648422190747455e-01 1.442570348436181607e-02 6.112063678107964573e-04 9.898247928752346506e-03
9.782960597636461975e-01 1.262153975376440959e-02 5.158115481016551252e-04 8.566588934487483903e-03
9.785418678838850859e-01 1.303350921921874080e-02 5.255776967814337116e-04 7.899045200114817450e-03
9.774474030999822372e-01 1.416742505875311954e-02 5.659328677295933675e-04 7.819238973535007006e-03
9.759734601647418462e-01 1.536270244352001303e-02 6.174899345810952759e-04 8.046347457156932670e-03
9.747284291480116103e-01 1.620877296588661004e-02 6.684893432313986821e-04 8.394308542870434001e-03
9.738096589635236722e-01 1.668659816612791738e-02 7.136007317946353040e-04 8.790142138553858411e-03
9.730688820425420493e-01 1.692535937127122997e-02 7.475309635824159459e-04 9.258227622604125323e-03
9.721308922762141869e-01 1.713382135654390945e-02 7.698708081391798970e-04 9.965415559102573304e-03
9.701546915803316296e-01 1.776022819316190951e-02 7.964093920205995601e-04 1.128867083448590637e-02
9.657836695595928278e-01 1.942209137922469922e-02 8.637043233557865603e-04 1.393053473782655989e-02
9.562586094294065475e-01 2.414310008173615671e-02 1.125855083765317857e-03 1.847243540509210108e-02
9.444057519349537966e-01 2.917344505411815364e-02 1.294051336227217564e-03 2.512675167470111715e-02
9.286400437813708830e-01 3.582951334101949770e-02 1.542778774605996391e-03 3.398766410300343987e-02
9.062642413546401210e-01 4.519645447446116182e-02 1.943219567547367329e-03 4.659608460335153829e-02
8.743577238782632710e-01 5.813328270836742168e-02 2.562481638389249149e-03 6.494651177498013406e-02
8.320491302476564766e-01 7.408047749619867117e-02 3.431918568188291503e-03 9.043847368795628061e-02
7.794814935551519497e-01 9.163709063341725358e-02 4.587097543456796975e-03 1.242943182679739633e-01
7.173432426733946654e-01 1.092348132725329823e-01 6.032922572354525344e-03 1.673890214817178590e-01
6.444541786612564271e-01 1.302354659804468018e-01 7.986793455851810136e-03 2.173235619024449228e-01
5.721455394632923852e-01 1.519469339791040818e-01 1.021462698828015832e-02 2.656928995693235152e-01
5.105397259235081586e-01 1.727156470852299064e-01 1.260643354655041626e-02 3.041381934447113800e-01
4.626570263889474011e-01 1.935577934310214743e-01 1.550514000217128804e-02 3.282800401778596111e-01
4.275727668493633504e-01 2.167989543084622717e-01 1.972536086068558611e-02 3.359029179814888577e-01
4.024745150003762872e-01 2.444642160362987537e-01 2.651156482543760157e-02 3.265497041378868648e-01
3.831629267288917395e-01 2.786308557120256157e-01 3.750571458977609157e-02 3.007005029693065601e-01
3.689527174772299078e-01 3.151411288199718608e-01 5.340639009057214504e-02 2.624997636122261557e-01
3.395814158250847759e-01 3.632536789227419072e-01 7.553873247139678004e-02 2.216261727807766202e-01
2.957296269052646642e-01 4.184306417134323608e-01 1.016490045394063402e-01 1.841907268418966070e-01
2.487088822988209325e-01 4.721009794730801068e-01 1.290884584597372930e-01 1.501016797683616955e-01
2.105610026166290505e-01 5.141829679607694548e-01 1.559814087548514472e-01 1.192746206677500337e-01
1.845675933614281117e-01 5.422611887170789569e-01 1.798887085329256286e-01 9.328250938856753882e-02
1.698217960134759119e-01 5.605460364626509984e-01 1.959439492746536948e-01 7.368821824921924224e-02
1.650763846276028790e-01 5.755236925232084522e-01 1.992476613735824909e-01 6.015226147560642084e-02
1.682087945391527728e-01 5.901388804122804643e-01 1.904803051585735318e-01 5.117201988999327267e-02
1.742332864003701132e-01 6.020443629217705483e-01 1.779064034524039939e-01 4.581594722545537235e-02
1.775663799627960893e-01 6.086309705719630259e-01 1.701743979107556426e-01 4.362825155448542963e-02
1.757552826257892664e-01 6.089313457567263610e-01 1.711891152840367969e-01 4.412425633344751325e-02
1.694395818526182318e-01 6.007859043891288220e-01 1.824849348898180124e-01 4.728957886843494773e-02
1.618169761698618481e-01 5.806774568338248788e-01 2.038550069162930467e-01 5.365056008002019872e-02
1.541684389679695844e-01 5.451797313386521626e-01 2.368203944555330176e-01 6.383143523784549911e-02
1.505297745965940848e-01 4.969326970605050242e-01 2.743148787202214223e-01 7.822264962267952426e-02
1.493805787336651147e-01 4.422462600354081230e-01 3.123079725086622682e-01 9.606518872226518790e-02
9.354373805884897974e-01 3.338963733143416462e-02 9.055500323288189586e-04 3.026743204774727872e-02
2.451274634692390264e-01 4.941572977879283290e-01 1.019653873698148916e-01 1.587498513730176974e-01
2.613040001605639873e-01 4.784511272019427164e-01 8.594319474653269730e-02 1.743016778909609044e-01
2.769165493379909249e-01 4.543460401992596154e-01 7.347353693693982335e-02 1.952638735258096503e-01
2.892169012120140992e-01 4.237111880593612545e-01 6.391820663960484650e-02 2.231537040890200774e-01
2.954184670053394135e-01 3.881087395302297294e-01 5.640231010766666442e-02 2.600704833567644703e-01
2.944046238344605326e-01 3.478357467064606690e-01 4.996597682766180243e-02 3.077936526314168919e-01
2.852873719436712086e-01 3.049042244285231629e-01 4.425797665929877972e-02 3.655504269685065921e-01
2.720724887110354540e-01 2.590382777386426860e-01 3.841305322985345133e-02 4.304761803204684156e-01
2.588545005269431987e-01 2.104850254082215322e-01 3.253845213522664481e-02 4.981220219296088603e-01
2.503347411670974187e-01 1.628253809756408932e-01 2.699367534585041251e-02 5.598462025114112617e-01
2.485998748627844257e-01 1.219934560336299600e-01 2.188933906195584742e-02 6.075173300416297772e-01
2.545538613507113967e-01 9.092869871814936167e-02 1.726609613444739233e-02 6.372513437966917937e-01
2.695954904563714338e-01 6.920149124459795686e-02 1.326880804412842486e-02 6.479342102549021654e-01
2.934848876404810847e-01 5.468929230737733238e-02 9.989664894460627623e-03 6.418361551576811097e-01
3.218472182743874477e-01 4.548466538996012720e-02 7.451543293852266880e-03 6.252165730418002276e-01
3.467187532712430742e-01 4.137837928047381764e-02 5.733374402319205143e-03 6.061694930459637920e-01
3.577661981479692832e-01 4.270922299832498326e-02 4.774437284608466434e-03 5.947501415690974458e-01
3.462608308364888421e-01 4.876231188838564545e-02 4.295992149056396779e-03 6.006808651260691079e-01
3.148462955155635901e-01 5.786492208953150640e-02 4.005043033847439406e-03 6.232837393610578536e-01
2.794334345539095654e-01 6.896490836852603445e-02 3.740031041367954633e-03 6.478616260361966805e-01
2.573546481038537226e-01 8.361404199389028957e-02 3.487524131463729318e-03 6.555437857707921978e-01
2.528261969655108965e-01 1.054450021389570918e-01 3.514820415076769927e-03 6.382139804804550787e-01
2.573400146283658652e-01 1.372392562520282633e-01 3.208257785482142820e-03 6.022124713341237001e-01
2.582234677249660715e-01 1.802937052118132877e-01 3.128367470541706680e-03 5.583544595926790421e-01
2.481433704004765706e-01 2.355835238921785701e-01 3.048432180808217581e-03 5.132246735265371118e-01
2.289606888229414883e-01 3.007352308581808797e-01 3.014617261118427913e-03 4.672894630577590358e-01
2.126411724808032477e-01 3.662143118567494637e-01 3.104668885516361724e-03 4.180398467769308457e-01
2.096759627250080193e-01 4.166367009201603078e-01 3.427418990084961283e-03 3.702599173647465047e-01
2.249834077440669988e-01 4.386656284909224435e-01 4.123083534626079127e-03 3.322278802303843537e-01
2.607392160905098732e-01 4.277585883331287975e-01 5.532064638884303699e-03 3.059701309374772138e-01
3.162451832940536556e-01 3.874520652746141214e-01 6.894600064577780484e-03 2.894081513667543515e-01
3.785878543444575750e-01 3.334643701725097387e-01 8.111639816292008295e-03 2.798361356667409261e-01
4.362725025573404025e-01 2.787378593167374463e-01 8.867872780193634258e-03 2.761217653457290200e-01
4.810788446035281218e-01 2.311798430809782201e-01 8.859995050854630252e-03 2.788813172646387728e-01
5.020351935160812795e-01 1.987940646382137799e-01 8.801644072993683107e-03 2.903690977727112488e-01
4.950850566817077136e-01 1.808403580832190494e-01 8.783272012319268823e-03 3.152913132227539994e-01
4.613752264696128758e-01 1.733312271325126164e-01 8.934469883431403123e-03 3.563590765144430406e-01
4.112015221852249880e-01 1.713211965312242402e-01 9.248427726686025627e-03 4.082288535568649457e-01
3.567414651315417573e-01 1.718236539230793003e-01 9.769544787376786832e-03 4.616653361580022041e-01
3.078471210489493459e-01 1.726320843630665680e-01 1.052844741303150464e-02 5.089923471749525641e-01
2.705569764798780308e-01 1.716244787188524190e-01 1.139179544518321811e-02 5.464267493560861499e-01
2.447019190720668980e-01 1.693270528637553785e-01 1.217943033417509015e-02 5.737915977300026560e-01
2.263308805977910787e-01 1.694684718979496962e-01 1.282025296176218798e-02 5.913803945424971342e-01
2.102115002311570058e-01 1.756240091088537847e-01 1.320988115381862942e-02 6.009546095061705229e-01
1.906878457349427680e-01 1.884767451928649751e-01 1.310485288634026003e-02 6.077305561858521443e-01
1.661869024253339322e-01 2.068961130160437423e-01 1.227910727180929820e-02 6.146378772868129614e-01
1.392416609552381834e-01 2.314927454352619374e-01 1.074389194033182476e-02 6.185217016691675340e-01
1.168354933649890098e-01 2.599689538939910505e-01 8.707537174572911251e-03 6.144880155664470545e-01
9.980686502525534798e-02 2.868279319364019919e-01 6.595179399698499617e-03 6.067700236386440737e-01
8.553205937858893160e-02 2.999104143086896990e-01 4.776063022503335663e-03 6.097814632902180954e-01
7.514798283579102178e-02 2.879149862611685151e-01 3.462252460873581784e-03 6.334747784421670413e-01
6.807523825634835546e-02 2.523670875498528199e-01 2.593741498338458708e-03 6.769639326954600689e-01
6.255560036961066439e-02 2.043797483905627210e-01 2.016037117331489614e-03 7.310486141224952217e-01
5.719216168497295860e-02 1.568988871615339675e-01 1.622271441906784168e-03 7.842866797115860544e-01
5.192301018107641636e-02 1.187539247529167952e-01 1.367039499265128603e-03 8.279560255667416380e-01
4.711880259053261022e-02 9.322430781376547793e-02 1.233253322385692271e-03 8.584236362733163039e-01
4.242530416215231637e-02 7.844366835926509796e-02 1.181751508072735124e-03 8.779492759705102012e-01
3.699307117742636070e-02 6.948044867550923209e-02 1.148060908766738953e-03 8.923784192382979708e-01
3.093078036284190382e-02 6.244495017887365107e-02 1.101395759338132975e-03 9.055228736989460181e-01
2.521766848675082232e-02 5.615694173022004604e-02 1.069248561382565724e-03 9.175561412216465262e-01
2.049741864933381577e-02 5.089777724501125949e-02 1.096178857017036067e-03 9.275086252486377525e-01
1.685637344123052869e-02 4.713501131506876024e-02 1.216320355915367392e-03 9.347922948877852578e-01
1.426238922113547136e-02 4.531220160293444182e-02 1.482101480769136516e-03 9.389433076951606560e-01
1.281380837606284524e-02 4.622709658083379303e-02 2.022143737855180284e-03 9.389369513052480132e-01
1.258213430547821393e-02 5.157275901970276993e-02 3.074004185714025728e-03 9.327711024891048863e-01
1.333237070715274052e-02 6.362455797187058226e-02 4.951755617533382461e-03 9.180913157034430450e-01
1.431529445534296049e-02 8.466363616811281578e-02 7.983128579191523660e-03 8.930379407973525474e-01
1.470137947616053688e-02 1.167661548674831934e-01 1.270225912335656154e-02 8.558302065329997932e-01
1.477142469376443133e-02 1.605732021371359397e-01 2.001434483401053760e-02 8.046410283350894366e-01
1.503805756623514435e-02 2.118496234719540461e-01 3.055361099066133956e-02 7.425587079711496452e-01
1.546625800342239440e-02 2.650432051592432892e-01 4.491065577693498928e-02 6.745798810603994555e-01
3.076029684148718912e-01 4.469331130386383077e-01 6.137607427290116269e-02 1.840878442735884579e-01
6.502348709553381623e-01 2.820607288919848576e-01 7.019456242779746266e-03 6.068494390989705861e-02
6.929253449911161322e-01 2.469198024404539449e-01 5.957434130769352978e-03 5.419741843766077982e-02
7.083033252244910205e-01 2.338912075589299477e-01 5.811212144475161497e-03 5.199425507210394398e-02
7.010574954389798830e-01 2.388201887477307828e-01 6.318621091651466758e-03 5.380369472163783195e-02
6.796706758495001388e-01 2.551947680763926862e-01 7.186322947624647350e-03 5.794823312648249292e-02
6.529135346722473310e-01 2.766590879565963279e-01 8.086584070070044344e-03 6.234079330108642514e-02
6.285479367462600830e-01 2.974614025120839722e-01 8.775705558810756313e-03 6.521495518284518844e-02
6.131970378286154544e-01 3.122381912853468000e-01 9.171247491184494546e-03 6.539352339485324239e-02
6.113806243677596397e-01 3.167342597118755765e-01 9.326193295255344462e-03 6.255892262510952262e-02
6.237899795237602518e-01 3.098092867173984910e-01 9.283372414047755955e-03 5.711736134479328958e-02
6.461006675169240765e-01 2.945897702254104966e-01 9.027879959506560081e-03 5.028168229815883905e-02
6.710243741064372269e-01 2.766266838921211391e-01 8.582272011798749642e-03 4.376666998964300059e-02
6.935692169321928668e-01 2.604409733514925218e-01 7.906908530980652494e-03 3.808290118533391028e-02
7.106975199618108530e-01 2.486860915923100879e-01 7.079438406953130446e-03 3.353695003892573356e-02
7.214841535108706960e-01 2.418839758559446218e-01 6.222849945188595709e-03 3.040902068799621397e-02
7.272250241830799933e-01 2.390629044133255610e-01 5.339711839074476156e-03 2.837235956451994098e-02
7.269506995680335981e-01 2.413179836778315268e-01 4.473436054580233467e-03 2.725788069955498161e-02
7.186764941268212192e-01 2.506944915435674326e-01 3.688737331786531067e-03 2.694027699782478372e-02
7.069270211767157974e-01 2.637985549230633109e-01 2.939851940374567114e-03 2.633457195984626256e-02
7.026599481659142610e-01 2.707201186481777433e-01 2.227576708585405837e-03 2.439235647732250836e-02
7.115554264911516658e-01 2.651670884756318070e-01 1.667560981158109409e-03 2.160992405205882511e-02
7.276812859546636370e-01 2.519562982503824045e-01 1.316926594556307130e-03 1.904548920039755497e-02
7.389002242023940958e-01 2.426797844096357792e-01 1.153573683585973168e-03 1.726641770438388720e-02
7.364892200132915345e-01 2.460713868114117187e-01 1.135970743273473187e-03 1.630342243202337685e-02
7.174669537577700318e-01 2.652004715871624785e-01 1.245762938864029357e-03 1.608681171620347447e-02
6.822858638177419222e-01 2.995138143094037697e-01 1.500550687982312847e-03 1.669977118487186302e-02
6.337186780177950229e-01 3.460491695837912274e-01 1.949533640238041874e-03 1.828261875817558876e-02
5.752349754157766171e-01 4.012702744683976919e-01 2.656316362282147570e-03 2.083843375354354349e-02
5.135191865886354901e-01 4.595181047015118869e-01 3.575025201745584118e-03 2.338768350810706276e-02
4.601558783296406108e-01 5.111768112975372258e-01 4.492275075126270223e-03 2.417503529769604240e-02
4.258819118133305714e-01 5.455976847224336401e-01 5.218532197451355298e-03 2.330187126678459619e-02
4.030299195711425919e-01 5.686182006303492908e-01 5.983191654379273541e-03 2.236868814412887665e-02
3.841685406379929391e-01 5.867376760786839895e-01 6.726781868589528680e-03 2.236700141473335277e-02
3.606226731109181127e-01 6.078073648513753202e-01 7.474439289975934146e-03 2.409552274773076735e-02
3.327887344424347860e-01 6.301376673976999410e-01 8.364150444780227289e-03 2.870944771508499721e-02
3.108130866967033223e-01 6.422004172528685828e-01 9.559860174469431843e-03 3.742663587595832647e-02
3.025067000852631471e-01 6.349221407126801608e-01 1.096866949972079112e-02 5.160248970233597549e-02
3.103370000233795500e-01 6.039454225705150892e-01 1.335892561927846597e-02 7.235865178682689136e-02
3.197924172650962737e-01 5.648682070057734483e-01 1.721136748292141291e-02 9.812800824620909745e-02
3.320583187113096968e-01 5.211483376606099727e-01 2.141401462656243246e-02 1.253793290015180195e-01
3.490357503678036544e-01 4.787411100228064487e-01 2.588360359725245738e-02 1.463395360121373667e-01
3.748110557335692650e-01 4.384463334808515467e-01 3.007009479768588817e-02 1.566725159878929741e-01
4.093506533908722878e-01 3.983477798121436431e-01 3.360824996555985406e-02 1.586933168314245135e-01
4.455647539473053809e-01 3.600186409645397267e-01 3.654304382656703432e-02 1.578735612615880246e-01
4.655765394276535907e-01 3.341142106810359724e-01 3.988688925023097659e-02 1.604223606410794256e-01
4.549681898557241255e-01 3.307213930779928646e-01 4.495633379501357690e-02 1.693540832712694399e-01
4.189646607799310529e-01 3.467079293577189913e-01 5.217668736683053754e-02 1.821507224955194737e-01
3.749230989912022971e-01 3.708059269297375726e-01 6.122482011034236643e-02 1.930461539687174932e-01
3.368862592056579564e-01 3.937534475524067101e-01 7.160142864951550556e-02 1.977588645924196475e-01
3.075420273354044221e-01 4.125960008291937875e-01 8.294001479223726825e-02 1.969219570431640920e-01
2.800044707796547350e-01 4.283948090951603116e-01 9.573393681587821780e-02 1.958667833093064581e-01
2.484542623433491082e-01 4.410741658934069775e-01 1.103101159744773185e-01 2.001614557887663459e-01
2.180776276239229372e-01 4.495639281221638361e-01 1.233269200893558626e-01 2.090315241645575861e-01
1.961368012099956593e-01 4.568370003051563377e-01 1.304299781277792336e-01 2.165962203570689082e-01
1.819103333410049261e-01 4.660905656924849705e-01 1.319978223718772659e-01 2.200012785946328098e-01
1.699159736884562066e-01 4.755168105802457523e-01 1.325671904307665627e-01 2.220000253005311452e-01
1.564187422943077443e-01 4.816054327168136640e-01 1.358366517380571181e-01 2.261391732508214458e-01
1.413689039035212203e-01 4.846870567140265651e-01 1.419716578968215070e-01 2.319723814856303745e-01
1.263193546241200005e-01 4.883161704786254664e-01 1.489752673642294745e-01 2.363892075330251141e-01
1.127084342643198539e-01 4.952092555397045182e-01 1.550801032135703528e-01 2.370022069824051780e-01
1.011893933197907935e-01 5.057047137859406183e-01 1.596374291890623465e-01 2.334684637052062417e-01
9.147572476297184674e-02 5.160780995578351238e-01 1.634056732201569495e-01 2.290405024590359551e-01
8.345281423494715911e-02 5.199472737192527561e-01 1.673737774731705041e-01 2.292261345726294974e-01
7.763487352337813951e-02 5.171987200986746247e-01 1.698741211831217568e-01 2.352922851948252292e-01
7.422139505109391633e-02 5.144729632253935980e-01 1.675727643452908922e-01 2.437328773782213576e-01
7.322174669175333939e-02 5.183771119267994720e-01 1.582843515670336043e-01 2.501167898144137647e-01
7.386243242461522363e-02 5.341225397992792612e-01 1.428073856769545291e-01 2.492076420991513608e-01
7.498350733351669128e-02 5.575528715750331932e-01 1.257401372489462543e-01 2.417234838425038335e-01
7.626069313160062368e-02 5.742164720183503546e-01 1.122350257462015888e-01 2.372878091038475301e-01
7.756366252296562069e-02 5.741427378203047827e-01 1.043994910849653790e-01 2.438941085717645507e-01
7.866943204176740645e-02 5.588259387557859004e-01 1.009732466276627993e-01 2.615313825747839216e-01
3.087745016829991640e-03 1.047005818807353883e-01 4.996151781393896041e-01 3.925964949630449952e-01
3.717019815035583086e-03 1.303720328128360473e-01 4.254326348009125347e-01 4.404783125712160574e-01
4.323113463091939751e-03 1.580111482522195410e-01 3.564649052448430333e-01 4.812008330398455103e-01
4.785799984049553084e-03 1.799595854269495643e-01 2.984882346746896564e-01 5.167663799143111802e-01
5.107995338576464331e-03 1.930746928241665605e-01 2.534708175816509645e-01 5.483464942556057764e-01
5.378455211900617580e-03 1.983418992558086680e-01 2.197688664832241068e-01 5.765107790490665574e-01
5.673288570056032182e-03 2.013213027904299512e-01 1.937121808435713632e-01 5.992932277959427401e-01
5.888165742636768812e-03 2.072636342633331907e-01 1.725183119089677419e-01 6.143298880850619481e-01
5.869443531114302073e-03 2.155711272657827859e-01 1.546155419292428446e-01 6.239438872738597430e-01
5.758706460162263917e-03 2.242202682562805804e-01 1.398133900002115348e-01 6.302076352833457795e-01
5.874461471576204394e-03 2.363344324472221036e-01 1.294501449363591461e-01 6.283409611448429466e-01
6.365219027477389373e-03 2.575231666660746099e-01 1.253002785603939961e-01 6.108113357460542847e-01
7.199894332451640087e-03 2.901759482291311198e-01 1.282218156821164634e-01 5.744023417563005607e-01
8.216610438834110602e-03 3.284008240467625739e-01 1.391010577497309719e-01 5.242815077646724164e-01
9.310861740384698132e-03 3.539861533128488280e-01 1.622705076811295499e-01 4.744324772656371425e-01
1.100185108647767224e-02 3.488319502099722635e-01 2.025014413074948116e-01 4.376647573960552595e-01
1.384115152172754604e-02 3.299610766022927910e-01 2.498173265192142334e-01 4.063804453567653741e-01
1.785267319176273709e-02 3.350506734049974455e-01 2.840639179641746837e-01 3.630327354390648908e-01
2.297810195773128394e-02 3.718522933268365582e-01 2.964343689142597271e-01 3.087352358011729581e-01
2.845988989841320010e-02 4.277785335709535786e-01 2.902845452954527783e-01 2.534770312351802835e-01
3.312447607389453624e-02 4.852271862045963724e-01 2.761509750982382716e-01 2.054973626232708683e-01
3.661678670461799429e-02 5.269168326381118428e-01 2.662156233692958285e-01 1.702507572879745634e-01
3.932109877066976983e-02 5.417471434594740565e-01 2.679103902432444229e-01 1.510213675266116884e-01
3.853717082187914089e-01 4.693675703943201438e-01 1.009947879260171405e-01 4.426593346087103614e-02
3.825291416658954669e-01 4.778917807704698428e-01 8.812398545911685754e-02 5.145509210451801319e-02
3.789403924053986739e-01 4.854426752433436132e-01 7.753505695039432377e-02 5.808187540086319489e-02
3.724023182407819599e-01 4.939183099945010369e-01 6.956312538883764607e-02 6.411624637587956532e-02
3.596532947889346521e-01 5.059429829130404066e-01 6.446552021366690199e-02 6.993820208435794217e-02
3.395705714803756159e-01 5.222148811471382102e-01 6.215890431087266882e-02 7.605564306161348431e-02
3.172987065697903120e-01 5.394933907214267688e-01 6.180514452615097631e-02 8.140275818263170704e-02
3.017762145977234689e-01 5.533717837006943974e-01 6.190194856767294168e-02 8.295005313390892143e-02
2.978681285054029515e-01 5.612430128870501411e-01 6.153393565741009652e-02 7.935492295013675534e-02
3.034276601734841039e-01 5.640606105022665240e-01 6.069523647872358818e-02 7.181649284552624191e-02
3.108108002144918669e-01 5.668094133539527402e-01 5.971967934073420942e-02 6.266010709082120433e-02
3.138175160387441376e-01 5.732217987547933991e-01 5.890948389748803388e-02 5.405120130897455438e-02
3.135802425413015126e-01 5.813998271094679149e-01 5.792222172751023551e-02 4.709770862172025369e-02
3.095400000947979291e-01 5.891987856988838423e-01 5.824400957166520759e-02 4.301720463465313199e-02
3.066426209727671215e-01 5.894746415966384268e-01 6.015174399741162609e-02 4.373099343318288118e-02
3.040167589332747333e-01 5.788051260286893873e-01 6.485194347238726342e-02 5.232617156564890737e-02
3.024273734582466622e-01 5.517755062337039718e-01 7.220636780562617041e-02 7.359075250242336219e-02
3.009303635663285181e-01 5.032179318010643332e-01 8.229327316109028012e-02 1.135584314715171461e-01
3.015469654025352830e-01 4.310279550054130770e-01 9.409506767197181598e-02 1.733300119200796297e-01
2.987351892048026314e-01 3.517478328003464938e-01 1.045992749561614477e-01 2.449177030386890108e-01
2.857834379676532088e-01 2.859120699170221158e-01 1.109050869030146769e-01 3.173994052123098597e-01
2.610885288474324439e-01 2.370780609113188608e-01 1.139457187088762091e-01 3.878876915323724028e-01
2.269660480079887244e-01 1.966514706134875889e-01 1.142692736388436492e-01 4.621132077396802318e-01
1.872926520187294108e-01 1.626531582703832635e-01 1.106831666753456400e-01 5.393710230355419633e-01
1.471261647700914665e-01 1.338535999897961515e-01 1.053090403203999909e-01 6.137111949197125993e-01
1.113817976726579062e-01 1.114856118881379782e-01 9.941188356496888368e-02 6.777207068742354679e-01
8.293467850862704105e-02 9.616934940021454326e-02 9.545203113762394664e-02 7.254439409535347050e-01
6.372872794915263039e-02 8.895851840227871066e-02 9.551803877274418764e-02 7.517947148758247211e-01
5.353793092762779149e-02 9.088138700933783010e-02 1.009384922170215027e-01 7.546421898460127231e-01
5.030441387334833037e-02 1.026301647946678691e-01 1.127593111520913266e-01 7.343061101798922241e-01
5.195951690460987038e-02 1.253530700053055447e-01 1.318140401404502005e-01 6.908733729496342457e-01
5.750510890072672854e-02 1.626792903439643612e-01 1.576611248507936713e-01 6.221544759045153361e-01
6.603064962685858963e-02 2.180158865782368394e-01 1.855413426631190299e-01 5.304121211317857076e-01
7.520071242160203395e-02 2.854770428978569141e-01 2.071137293556801207e-01 4.322085153248609868e-01
8.245639124117130903e-02 3.508778945826523388e-01 2.184453534531727859e-01 3.482203607230036635e-01
8.652861326140713627e-02 4.015875965238305811e-01 2.222869927618713604e-01 2.895967974528909639e-01
8.737157714763861549e-02 4.309945663269960647e-01 2.252892782418680906e-01 2.563445782834973263e-01
8.581503070179495596e-02 4.421761179047353774e-01 2.285075540379366832e-01 2.435012973555330529e-01
8.265611717860872620e-02 4.364544877778688825e-01 2.345320763942342068e-01 2.463573186492881983e-01
7.840317835937432589e-02 4.178065632197842105e-01 2.431915780409399930e-01 2.605986803799014706e-01
7.308033982685559204e-02 3.890352252187032622e-01 2.533249043617394891e-01 2.845595305927013374e-01
6.661102185989981050e-02 3.556351452781354450e-01 2.612646791745941721e-01 3.164891536873711830e-01
5.910402952197794935e-02 3.221196116868508263e-01 2.721476908723628463e-01 3.466286679188088082e-01
5.096894159125267554e-02 2.958484852505151586e-01 2.912322847200599085e-01 3.619502884381726182e-01
4.291633747924136072e-02 2.768500662399728252e-01 3.226883940169957277e-01 3.575452022637904403e-01
3.522442711890118316e-02 2.606656530629378743e-01 3.661515125020208261e-01 3.379584073161401858e-01
2.800491395638277092e-02 2.420961466151368979e-01 4.155967227138693265e-01 3.143022167146112822e-01
2.142583572458734917e-02 2.196590377033655339e-01 4.644401661191425168e-01 2.944749604529049436e-01
1.593559235981873920e-02 1.953479845948911942e-01 5.089335725545904854e-01 2.797828504906993974e-01
1.185989251334532667e-02 1.713913927454412123e-01 5.469012472008425441e-01 2.698474675403708112e-01
9.057602508775504033e-03 1.489705545354611249e-01 5.782989939675117208e-01 2.636728489882516624e-01
7.176346782585931935e-03 1.288119908645193046e-01 6.054254025806989903e-01 2.585862597721954592e-01
5.942040466024367529e-03 1.123086247249823477e-01 6.316042579068673612e-01 2.501450769021258402e-01
5.167407131535374336e-03 1.003247468920643037e-01 6.588628169022361369e-01 2.356450290741639864e-01
4.799947915888986769e-03 9.318629441928034940e-02 6.834872410179380076e-01 2.185265166468925158e-01
4.825299549622870561e-03 9.150184315813938984e-02 7.020075775880232349e-01 2.016652797042146061e-01
5.130391819699603971e-03 9.500743067865426161e-02 7.151978257390836369e-01 1.846643517625626008e-01
5.612840531809167033e-03 1.017196707309015458e-01 7.189950577795002351e-01 1.736724309577888647e-01
6.203965890038964925e-03 1.086619981423157383e-01 7.067095999337082990e-01 1.784244360339367896e-01
6.729204397213583988e-03 1.137009126234046208e-01 6.740945804845203115e-01 2.054753024948613171e-01
6.997926154840745927e-03 1.165176170192061683e-01 6.126285230054577813e-01 2.638559338204953808e-01
6.917275939162420215e-03 1.169262330163162028e-01 5.122072642929565989e-01 3.639492267515646584e-01
6.505113575048181683e-03 1.134873928586202507e-01 3.850157337806243141e-01 4.949917597857073637e-01
5.859802864555288364e-03 1.073193389247112800e-01 2.738646829124055104e-01 6.129561752983274658e-01
5.267378802684614600e-03 1.041397115843495785e-01 2.043377832860821530e-01 6.862551263268830137e-01
4.961794696657636367e-03 1.090667779418836858e-01 1.692233689109063077e-01 7.167480584505523389e-01
5.139612329992192426e-03 1.282716670740090270e-01 1.557528285751541008e-01 7.108358920208448506e-01
6.029311414186310988e-03 1.715113693859212363e-01 1.553578509281237918e-01 6.671014682717686384e-01
7.639082079895999702e-03 2.427137640106722394e-01 1.602459372163450024e-01 5.894012166930864272e-01
9.427071065505542372e-03 3.274946404690708412e-01 1.659051796967599135e-01 4.971731087686638295e-01
1.057957723410542054e-02 4.024480243160645787e-01 1.755003945727686698e-01 4.114720038770614541e-01
1.069667805968011441e-02 4.516495089196447266e-01 1.953320722095961970e-01 3.423217408110789672e-01
1.003474000383758162e-02 4.700093395265402818e-01 2.301746715220172879e-01 2.897812489476046527e-01
9.140958039929291887e-03 4.582348342855665502e-01 2.813490124754322030e-01 2.512751951990717103e-01
8.450514462593802789e-03 4.234757207229676301e-01 3.429493109020909092e-01 2.251244539123479771e-01
8.151991748115235484e-03 3.804196271249390970e-01 4.016905965096830289e-01 2.097377846172628624e-01
8.275973441122217583e-03 3.391158907294626323e-01 4.476550042683252184e-01 2.049531315610898241e-01
9.050475330797285931e-03 3.060316712599966404e-01 4.711543814215220505e-01 2.137634719876839173e-01
1.095335729358994613e-02 2.909891931777583429e-01 4.579734888671546100e-01 2.400839606614968702e-01
1.402902326325765336e-02 3.021310814981244541e-01 4.064661687947675461e-01 2.773737264438500549e-01
1.762250842216134955e-02 3.405772664578751718e-01 3.344575224324861096e-01 3.073427026874773760e-01
2.077043490118781963e-02 3.959476210345680425e-01 2.609312644378363188e-01 3.223506796264080654e-01
2.295945786511544712e-02 4.464307578823359379e-01 1.980974778936380187e-01 3.325123063589102701e-01
2.458510933535308640e-02 4.775283403895879131e-01 1.511670098815668384e-01 3.467195403934921205e-01
2.585707209058563105e-02 4.913133599093342241e-01 1.190783232742670533e-01 3.637512447258132720e-01
2.705641813342892291e-02 4.951273054608057445e-01 9.864595751387709999e-02 3.791703188918881806e-01
2.713122907207302439e-02 4.926067475920705707e-01 8.889296798412586742e-02 3.913690553517304993e-01
2.657800612086065953e-02 4.879029361191962733e-01 8.770918830789900533e-02 3.978098694520440515e-01
2.738683621345779085e-02 4.851522635289619023e-01 9.328290612006391591e-02 3.941779941375163077e-01
