9.259148305294337411e-02 1.559602508028985202e-01 1.318598793309965107e-02 7.382622782110584980e-01
3.843320558411845167e-01 1.900847927077704835e-01 3.327049933594199427e-01 9.287815809162498770e-02
4.157445079981706981e-01 1.957097591661195179e-01 2.933645710660520711e-01 9.518116176965799036e-02
4.639938162520640397e-01 2.067574132976932599e-01 2.328171026685253997e-01 9.643166778171717579e-02
5.212446498505494130e-01 2.172628003454561418e-01 1.661064382397141881e-01 9.538611156428000726e-02
5.849423965334747955e-01 2.165798127024541608e-01 1.064970298387011155e-01 9.198076092536994208e-02
6.425609722127624268e-01 2.073369267973300123e-01 6.075070185711745757e-02 8.935139913278986046e-02
6.829204035309074383e-01 1.931403280924011423e-01 3.144273404099095365e-02 9.249653433570037553e-02
7.047845486556523209e-01 1.749563571902360004e-01 1.567706880625653262e-02 1.045820253478552814e-01
7.181342570897841782e-01 1.495612600844759832e-01 7.930221230539222579e-03 1.243742615952006386e-01
7.271742714649157557e-01 1.226373922586834198e-01 4.364110961062877755e-03 1.458242253153377577e-01
7.394810813584274944e-01 9.884549422596289325e-02 2.633428803948113101e-03 1.590399956116618219e-01
7.605973122958660237e-01 7.927699855915540383e-02 1.724236283397858650e-03 1.584014528615804995e-01
7.912837793395474106e-01 6.188511784248634101e-02 1.142624315260505055e-03 1.456884785027054985e-01
8.240433454247656497e-01 4.830658801141896053e-02 7.920011744960332592e-04 1.268580653893192078e-01
8.523684535694859843e-01 3.869048408303474990e-02 5.968788411360729162e-04 1.083441835063433112e-01
8.741293882710116092e-01 3.259014721838795342e-02 5.022038588931668776e-04 9.277826065170746705e-02
8.912475218449995573e-01 2.890206221419826943e-02 4.650468139774894074e-04 7.938536912682461755e-02
9.061683422506835450e-01 2.634034229158759011e-02 4.543877302809656350e-04 6.703692772744798689e-02
9.204349467681841590e-01 2.388028425596326956e-02 4.464375361330945660e-04 5.523833143971985243e-02
9.342101057562588462e-01 2.115204473123936946e-02 4.302757629989822832e-04 4.420757374950264745e-02
9.464259848165645916e-01 1.843212308345336739e-02 4.127113488090616172e-04 3.472918075117309433e-02
9.564062715133312409e-01 1.597235118155553371e-02 4.000481178928379233e-04 2.722132918722065809e-02
9.640505790483993032e-01 1.385208192878958564e-02 3.916086933202451233e-04 2.170573032949089931e-02
9.697433183610690843e-01 1.196492013590561704e-02 3.787455304863790472e-04 1.791301597253887323e-02
9.741679747223129793e-01 1.010377867756331698e-02 3.476520225605308611e-04 1.538059457756280925e-02
9.772052573707519230e-01 8.480497658213783860e-03 3.054611165538352493e-04 1.400878385448056825e-02
9.783936087835432005e-01 7.423237388578662367e-03 2.725647924406973048e-04 1.391058903543744389e-02
9.778814418601780023e-01 6.862213598890926254e-03 2.542097825619090237e-04 1.500213475836915770e-02
9.758898408126353008e-01 6.583033692843089611e-03 2.464889352809965868e-04 1.728063655924065231e-02
9.725832300479330117e-01 6.408371278273372607e-03 2.414834446340884642e-04 2.076691522915946608e-02
9.680695546212479963e-01 6.266352144165079387e-03 2.336529653272776590e-04 2.543044026925966178e-02
9.629843280856573706e-01 6.142455581353621283e-03 2.190449693290916829e-04 3.065417136365994680e-02
9.584215846754859935e-01 6.138565575567364943e-03 1.986619589132574337e-04 3.524118779003324042e-02
9.535694943377499566e-01 6.629611686667677244e-03 1.879957861770245955e-04 3.961289818940531837e-02
9.462866803113264558e-01 7.980816436417098592e-03 2.007121953061540064e-04 4.553179105695056433e-02
9.351449435401403276e-01 1.045842872556046986e-02 2.441214002916918587e-04 5.415250633400752606e-02
9.193493520483339010e-01 1.441012499600993237e-02 3.288703994916114363e-04 6.591165255616442120e-02
8.984336167340102319e-01 2.046141726100291283e-02 4.764113371687233233e-04 8.062855466781831959e-02
8.749030581407214457e-01 2.881188397698044093e-02 6.937557659155874643e-04 9.559130211638258712e-02
8.537523181201949196e-01 3.868028569544867262e-02 9.448554882967094689e-04 1.066225406960595867e-01
8.375891165706323971e-01 4.934210008141035747e-02 1.184985456168538868e-03 1.118837978917887332e-01
8.252592485129676136e-01 6.079595841329756001e-02 1.404418494877343257e-03 1.125403745788575299e-01
8.159153648267734038e-01 7.205984994939190758e-02 1.588269052730271764e-03 1.104365161711044346e-01
8.068011706053176413e-01 8.459395499241798011e-02 1.814512009584504310e-03 1.067903623926798190e-01
8.002495626014899388e-01 9.591952372717386932e-02 2.040966031649980774e-03 1.017899476396864067e-01
7.972377742559948466e-01 1.045347441314376791e-01 2.246588007471656424e-03 9.598089360509595713e-02
7.956521654060152438e-01 1.111946240443726364e-01 2.487693020335161962e-03 9.066551752927724805e-02
7.959902035428697564e-01 1.140734398733879718e-01 2.753647854044741737e-03 8.718270872969757779e-02
7.963005607055172463e-01 1.144845381542973078e-01 3.130880797760677778e-03 8.608402034242487733e-02
7.970707050473956334e-01 1.128762513350738961e-01 3.636549399602112456e-03 8.641649421792815811e-02
7.994620911675517361e-01 1.094499211965113683e-01 4.265137145575997879e-03 8.682285049036106428e-02
8.051786496545163541e-01 1.036592680878368616e-01 4.962244556130558475e-03 8.619983770151634639e-02
8.151131717575735847e-01 9.511807211114772787e-02 5.633939506059767142e-03 8.413481662521876681e-02
8.258073414881853536e-01 8.576077691488880050e-02 6.352565514410811812e-03 8.207931608251529954e-02
8.309458739739613575e-01 7.895647065112858243e-02 7.422935262452084668e-03 8.267472011245784180e-02
8.276787064198743993e-01 7.596866592628974402e-02 9.116707007989069411e-03 8.723592064584696770e-02
8.187233724831080028e-01 7.523646588994781226e-02 1.137760055085690336e-02 9.466256107608719828e-02
8.097989992485378208e-01 7.418567305823825508e-02 1.370551138661167158e-02 1.023098163066123029e-01
8.073362747947817608e-01 7.088292944880986157e-02 1.520518084964713086e-02 1.065756149067609432e-01
8.123950910922653756e-01 6.581703919705476913e-02 1.543874970690989334e-02 1.063491200037700174e-01
8.205929771093284364e-01 6.061299581396178277e-02 1.481530376914632144e-02 1.039787233075635947e-01
8.266455581502907268e-01 5.657895555093348655e-02 1.403463647565005197e-02 1.027408498231260348e-01
8.282441239178717218e-01 5.407131376922280630e-02 1.344800615529585450e-02 1.042365561576093780e-01
8.272820428213586430e-01 5.215529286850017349e-02 1.292618231454021986e-02 1.076364819956009689e-01
8.275250062569468046e-01 4.936230666563638098e-02 1.217573106209899302e-02 1.109369560153178058e-01
8.315046064212879839e-01 4.508661368463046104e-02 1.103599268985269895e-02 1.123727872042290382e-01
8.390475100078669257e-01 3.982276757591302757e-02 9.558348009100213136e-03 1.115713744071196029e-01
8.474503049844110958e-01 3.431326615040108940e-02 7.944000561752234679e-03 1.102924283034356218e-01
8.527353736662607320e-01 2.924295607083418971e-02 6.451877227965715708e-03 1.115697930349393019e-01
8.517160759385991042e-01 2.506838484087632254e-02 5.238563743605205957e-03 1.179769754769194046e-01
8.433465109957127837e-01 2.192371348283382593e-02 4.290165042333756590e-03 1.304396104791196720e-01
1.824642034667550150e-01 4.162409253875658938e-03 6.331335492225628530e-04 8.127402537301466889e-01
2.287025196556647100e-01 6.116809394921348675e-01 8.383151454988183038e-02 7.578502630231863380e-02
2.278245513805789990e-01 6.399374547150642467e-01 5.433852144495034814e-02 7.789947245940649634e-02
2.302298459670836517e-01 6.580031212025695408e-01 3.248500040834848002e-02 7.928203242199861889e-02
2.419982572376799534e-01 6.583422005130488142e-01 1.854405715457507764e-02 8.111548509469637680e-02
2.697571514750889410e-01 6.352762817086861080e-01 1.055762975417654480e-02 8.440893706204832814e-02
3.212486444273848218e-01 5.827427659087501821e-01 6.203887584567861942e-03 8.980470207929705517e-02
4.050435878259173728e-01 4.941280899236972224e-01 3.820865936153886293e-03 9.700745631423141058e-02
5.202619167531189470e-01 3.744348923214394498e-01 2.467645032998274333e-03 1.028355458924434251e-01
6.450174712051300885e-01 2.523202943955275557e-01 1.636888539076408484e-03 1.010253458602659443e-01
7.478546301441020283e-01 1.622049962979781601e-01 1.086859537143897419e-03 8.885351402077593108e-02
8.237188961903756379e-01 1.047835575237952843e-01 7.304703408212067511e-04 7.076707594500764031e-02
8.741541454344801121e-01 7.194216071028669557e-02 5.146810762811671611e-04 5.338901277895208297e-02
9.056358944493090313e-01 5.402242975295230148e-02 3.909956255574368982e-04 3.995068017218136175e-02
9.253169756821602032e-01 4.403091792672034210e-02 3.169240255969328884e-04 3.033518236552269071e-02
9.386086869851982817e-01 3.762913943068767891e-02 2.683446975675893081e-04 2.349382888654644522e-02
9.489504566616425718e-01 3.208947775075633724e-02 2.362062044963184331e-04 1.872385938310497377e-02
9.577026929745703354e-01 2.655228033199008228e-02 2.162272185766689054e-04 1.552879947486301461e-02
9.646327632182846168e-01 2.170722025575736597e-02 2.063283271672360184e-04 1.345368819879072357e-02
9.696497787630701248e-01 1.799908257352833552e-02 2.046247799604026174e-04 1.214651388344093440e-02
9.730031079161013396e-01 1.545412492882653963e-02 2.093338294683073767e-04 1.133343332560370238e-02
9.747988566586950343e-01 1.412189763994572966e-02 2.224779295180727326e-04 1.085676777184113075e-02
9.750582394844449219e-01 1.410471296062202132e-02 2.483427306681419049e-04 1.058870482426480832e-02
9.739438560586464178e-01 1.539402895277796300e-02 2.877336671445003199e-04 1.037438132143121867e-02
9.726273700590996052e-01 1.679828317654427638e-02 3.224968955690480895e-04 1.025184986878726993e-02
9.678457308659483838e-01 2.116846246369498072e-02 3.877693895039513840e-04 1.059803728085275884e-02
9.619841166641015517e-01 2.627419140788478380e-02 4.699056119209876845e-04 1.127178631609250872e-02
9.566087811069481361e-01 3.100597102239734462e-02 5.393862445640331847e-04 1.184586162609032808e-02
9.513095627937090404e-01 3.584602935053347872e-02 5.891416434089429346e-04 1.225526621234830117e-02
9.440479650368932552e-01 4.265038271698395195e-02 6.336869144477421962e-04 1.266796533167506913e-02
9.333945637845332266e-01 5.258701184577956045e-02 8.336810300854839793e-04 1.318474333960167715e-02
9.157036319135264391e-01 6.881260681864465045e-02 9.673851679035112665e-04 1.451637609992538318e-02
8.922889736134922423e-01 9.003827748970315292e-02 1.148685360338887835e-03 1.652406353646581824e-02
8.669190158742752228e-01 1.127823290862323136e-01 1.344321614152851939e-03 1.895433342533965615e-02
8.424187277615124980e-01 1.343572203942477450e-01 1.533249695343499560e-03 2.169080214889621341e-02
8.194269767249158232e-01 1.541086003529654469e-01 1.705670602869017137e-03 2.475875231924982642e-02
7.982268847871516471e-01 1.716334456710938150e-01 1.848778282270108035e-03 2.829089125948455394e-02
7.796166675684221836e-01 1.857242801365814044e-01 1.956805412959882699e-03 3.270224688203657998e-02
7.636749769468168525e-01 1.953614737086331876e-01 2.053435375311882857e-03 3.891011396923827609e-02
7.495282097547805167e-01 1.998104719341893820e-01 2.192167445373320762e-03 4.846915086565681263e-02
7.349065041991922342e-01 2.001772332324240622e-01 2.411579799743368384e-03 6.250468276864019901e-02
7.178118978238843262e-01 1.996634791956405086e-01 2.695650101750544578e-03 7.982897287872443848e-02
6.979175580755504482e-01 1.994725643975497620e-01 3.061988364638668081e-03 9.954788916226109396e-02
6.747602831153463043e-01 1.986156082067039585e-01 3.547993781405859443e-03 1.230761148965438534e-01
6.474117131269236936e-01 1.966345688013190485e-01 4.149604399150778715e-03 1.518041136726064888e-01
6.175901061830535443e-01 1.914741357767803520e-01 4.721167191219790074e-03 1.862145908489465096e-01
5.831048336643576135e-01 1.842272563829701892e-01 5.376637892915586171e-03 2.272912720597568825e-01
5.448306509627837135e-01 1.751291402657712826e-01 6.121461854206290687e-03 2.739187469172387757e-01
5.059164176434114424e-01 1.667782754386423760e-01 7.068869594861271546e-03 3.202364373230849326e-01
4.722449139476737057e-01 1.607558651377447023e-01 8.300532890870838260e-03 3.586986880237105213e-01
4.476501116602441543e-01 1.577009179929889093e-01 9.923338672230743590e-03 3.847256316745357729e-01
4.318649699150022836e-01 1.589985868251043710e-01 1.229542666425490621e-02 3.968410165956382518e-01
4.222950736532678495e-01 1.662928536769982535e-01 1.608089577209565260e-02 3.953311768976380258e-01
4.153917880377432370e-01 1.808222666734140838e-01 2.227923299033524734e-02 3.815067122985074666e-01
4.081578611192898665e-01 2.037054436218263542e-01 3.223319683789702822e-02 3.559034984209868413e-01
3.971569236101757383e-01 2.352439642503049710e-01 4.749991958042138612e-02 3.200991925590975229e-01
3.767222152667936697e-01 2.733634763422656544e-01 6.972163902240560707e-02 2.801926693685350966e-01
3.483357051939511284e-01 3.123796788967964089e-01 9.829236806195452980e-02 2.409922478472980301e-01
3.136721413565973227e-01 3.522639058206981089e-01 1.317932808735761963e-01 2.022706719491283722e-01
2.793188902452668487e-01 3.899313962044911874e-01 1.667071792250438278e-01 1.640425343251978585e-01
2.493630398581471452e-01 4.231521492184146527e-01 1.983295871625077034e-01 1.291552237609305542e-01
2.261630637900643170e-01 4.531346548641674854e-01 2.195725635516483643e-01 1.011297177941198472e-01
2.106736397519598514e-01 4.844364451256245041e-01 2.239986654542049926e-01 8.089124966821084617e-02
2.019430703015495931e-01 5.184301899760419552e-01 2.124698097674349584e-01 6.715692995497360429e-02
1.968815623222665845e-01 5.490994344368174129e-01 1.951957677140881697e-01 5.882323552682790224e-02
1.924887614896164112e-01 5.693966268167583999e-01 1.829496795934253961e-01 5.516493210019967480e-02
1.873634985550536869e-01 5.767537916455127700e-01 1.805163982331686456e-01 5.536631156626488359e-02
1.816988163262504008e-01 5.699852006841130692e-01 1.891462426733079571e-01 5.916974031632885739e-02
1.767958749566106158e-01 5.476278130658360777e-01 2.086100620448789189e-01 6.696624993267447090e-02
1.735619397360077809e-01 5.121299065971613995e-01 2.351024926550658312e-01 7.920566101176505780e-02
1.748306474599078120e-01 4.628511152237424486e-01 2.661066061535110050e-01 9.621163116283858174e-02
1.762754686485271671e-01 4.127510190111069455e-01 2.944660683956946690e-01 1.165074439446712878e-01
8.446078942484372964e-01 1.164159322442238909e-01 1.135321434435816864e-03 3.784085207290303204e-02
2.909194573719366406e-01 4.923987211491187010e-01 7.270414032763800050e-02 1.439776811513067412e-01
3.087304244407010900e-01 4.675069122658701004e-01 5.661137219233106088e-02 1.671512911010979152e-01
3.240104436149118805e-01 4.320153595839942851e-01 4.456916430848321953e-02 1.994050324926102402e-01
3.329183866349885723e-01 3.893197677185035732e-01 3.553143478658338239e-02 2.422304108599246664e-01
3.326815032482968171e-01 3.419634233462462425e-01 2.852337287613557551e-02 2.968317005293213962e-01
3.210116261330968057e-01 2.936688138007725879e-01 2.297808312781118509e-02 3.623414769383193068e-01
3.004821424362494886e-01 2.474888560881617350e-01 1.840761496691456847e-02 4.336213865086738228e-01
2.754261580622797689e-01 2.061548052807457287e-01 1.461026243268798500e-02 5.038087742242866041e-01
2.538656539975837623e-01 1.682919731771400640e-01 1.157893050164606960e-02 5.662634423236303505e-01
2.434500362096384818e-01 1.331524367799656883e-01 9.354645950142582642e-03 6.140428810602532872e-01
2.449089876957683543e-01 1.019960596594003677e-01 7.664902834114073298e-03 6.454300498107169437e-01
2.557228921674187805e-01 7.773790636444688484e-02 6.322183467819653992e-03 6.602170180003147371e-01
2.758711391914115962e-01 6.055492514571569895e-02 5.202014543192701353e-03 6.583719211196796817e-01
3.052057462535412991e-01 4.982186954828929371e-02 4.315728127110022606e-03 6.406566560710593716e-01
3.425978891603271848e-01 4.400758061131310878e-02 3.670041522153629117e-03 6.097244887062061025e-01
3.859035564524475048e-01 4.288402432428838756e-02 3.346047334850328452e-03 5.678663718884137124e-01
4.269205236336560128e-01 4.702626177867989810e-02 3.418454812116403663e-03 5.226347597755478525e-01
4.512050928675614969e-01 5.620673627308116899e-02 3.888851784332032508e-03 4.886993190750255067e-01
4.518011796301338867e-01 6.935968210959844726e-02 4.720371345099354590e-03 4.741187669151684103e-01
4.363515922088222476e-01 8.508136781307555629e-02 6.016721678002747743e-03 4.725503183000991370e-01
4.185401991279125156e-01 1.067437048277758843e-01 7.325267838312480954e-03 4.673908282059992536e-01
4.049792675291007948e-01 1.371766021458864226e-01 8.794107500946895736e-03 4.490500228240660863e-01
3.916397958901929877e-01 1.781556829455717417e-01 9.860583779732630047e-03 4.203439373845027083e-01
3.699303590470833236e-01 2.332210781310811720e-01 1.061693898692371574e-02 3.862316238349120523e-01
3.384344117316251954e-01 3.018411592850334113e-01 1.045163720655253176e-02 3.492727917767888268e-01
3.025070490038039295e-01 3.783149987218137889e-01 9.806758531751929436e-03 3.093711937426305569e-01
2.750975373843071448e-01 4.491118445312224372e-01 8.346047699415992671e-03 2.674445703850545364e-01
2.646296744403517365e-01 4.987781579677284527e-01 7.348761938082861919e-03 2.292434056538367737e-01
2.768881984905591787e-01 5.153873041290295554e-01 6.741249105864137274e-03 2.009832482745472215e-01
3.123294040327768695e-01 4.992913632200410290e-01 6.476618547467767259e-03 1.819026141997147350e-01
3.663754008288850339e-01 4.585691460948626008e-01 6.350870221931126033e-03 1.687045828543211057e-01
4.305916383859328400e-01 4.033458970145434863e-01 6.193755423837633833e-03 1.598687091756861023e-01
4.951716293295918558e-01 3.439216228253972329e-01 5.967123582294032828e-03 1.549396242627173459e-01
5.496014092111231042e-01 2.906471778781343773e-01 5.728529302118687272e-03 1.540228836086237618e-01
5.856436241162418233e-01 2.503054971414688801e-01 5.606943449003896213e-03 1.584439352932854039e-01
5.943228093525568800e-01 2.281994140879096133e-01 5.762687487560401618e-03 1.717150890719730816e-01
5.766680035642067770e-01 2.199038479092647047e-01 6.266655106245924700e-03 1.971614934202828018e-01
5.405095949069538275e-01 2.190332352554019424e-01 6.935007273350846276e-03 2.335221625642935062e-01
4.916438835080001457e-01 2.245226518881447697e-01 7.907137950737528481e-03 2.759263266531176151e-01
4.417798099842767390e-01 2.315932074539448771e-01 8.973794747798904611e-03 3.176531878139793319e-01
3.992472360891466399e-01 2.377933558909555711e-01 9.904961536697632837e-03 3.530544464832001683e-01
3.661331312805906069e-01 2.430067250879001661e-01 1.057306357089296892e-02 3.802870800606160118e-01
3.394730574251757504e-01 2.506976432460308879e-01 1.103783932487602260e-02 3.987914600039175195e-01
3.141365625663431471e-01 2.648657237597330516e-01 1.130845930152462805e-02 4.096892543723991698e-01
2.848503469273175326e-01 2.846795576472231915e-01 1.124195574937424287e-02 4.192281396760849099e-01
2.506700919248942006e-01 3.049011835698291484e-01 1.063612453834302148e-02 4.337925999669335342e-01
2.156858476261206137e-01 3.206890401358827303e-01 9.384096083931831728e-03 4.542410161540648694e-01
1.841194039148595363e-01 3.301439661167093753e-01 7.625995408714899594e-03 4.781106345597159191e-01
1.562013590671301466e-01 3.303058124720809063e-01 5.703972552797062327e-03 5.077888559079918318e-01
1.344051566958704702e-01 3.095528133575443652e-01 3.997041233748339049e-03 5.520449887128369149e-01
1.174107425837743329e-01 2.640693524864775044e-01 2.730113216036732064e-03 6.157897917137116206e-01
1.045687442805305206e-01 2.014798435163611678e-01 1.857816062133231918e-03 6.920935961409750981e-01
9.103548439808586967e-02 1.391106227393468231e-01 1.255588923943283617e-03 7.685983039386241611e-01
7.616081283801891255e-02 8.869945982783748739e-02 8.412526785029424310e-04 8.342984746556405540e-01
6.124925977971688862e-02 5.454479074383038889e-02 5.724148559924793029e-04 8.836335346204601260e-01
4.837856505353455017e-02 3.417654662065062326e-02 4.179112573972280746e-04 9.170269770684180699e-01
3.755410464334486831e-02 2.254968256369497062e-02 3.366090105132266575e-04 9.395596037824467395e-01
2.720125233819293067e-02 1.627842027685170306e-02 2.996009277705360334e-04 9.562207264571849219e-01
1.905281131425763663e-02 1.143736168191675055e-02 2.645844544821774778e-04 9.692452425493434109e-01
1.281550150874793265e-02 8.411751955359151461e-03 2.437595320050258297e-04 9.785289870038879068e-01
8.470915973060674439e-03 6.632289548470357218e-03 2.394656988366306114e-04 9.846573287796324125e-01
5.532923137242549277e-03 5.605271229727942610e-03 2.516088086681986008e-04 9.886101968243614646e-01
3.619564695374782523e-03 5.014611162308620952e-03 2.847934300611654266e-04 9.910810307122555063e-01
2.533049595034551470e-03 4.800770516862404649e-03 3.590246592126920258e-04 9.923071552288904584e-01
2.057088133268606105e-03 5.090299522897855609e-03 5.111029417872041446e-04 9.923415094020464622e-01
2.006245261903263650e-03 6.038015243431153582e-03 7.917571468138117881e-04 9.911639823478515243e-01
3.304702579297132473e-03 7.674630250930758804e-03 1.283572207322420701e-03 9.877370949624496577e-01
4.265774883470906630e-03 1.087407019196713100e-02 2.191736467142491474e-03 9.826684184574193681e-01
5.935540122054262964e-03 1.648820765450431311e-02 3.912035209922155518e-03 9.736642170135191288e-01
8.272215854668156856e-03 2.475132896834499746e-02 6.807501687778360830e-03 9.601689534892083877e-01
1.095512827452295966e-02 3.489975906849624582e-02 1.112528034200851827e-02 9.430198323149722173e-01
3.099181872804288029e-01 5.011398029390974340e-01 6.522555315499939388e-02 1.237164566254746467e-01
5.537287196077077533e-01 4.085777981734541875e-01 6.958824995930095077e-03 3.073465722290795801e-02
5.921484303545966332e-01 3.742210983177024497e-01 5.595954482267851728e-03 2.803451684543301417e-02
6.170263256578335520e-01 3.502931959868561540e-01 5.211218171713068344e-03 2.746926018359689345e-02
6.322175286106727077e-01 3.335976741246999278e-01 5.444343626267435406e-03 2.874045363835999595e-02
6.411492112431981250e-01 3.219059022921487156e-01 5.998379499843992449e-03 3.094650696480910623e-02
6.466098681168911400e-01 3.137829488563137481e-01 6.602904423601721993e-03 3.300427860319355561e-02
6.511104667406679702e-01 3.077087701273068521e-01 7.077597143887225627e-03 3.410316598813786793e-02
6.570483560201756390e-01 3.017539200963694213e-01 7.366298046512023689e-03 3.383142583694284666e-02
6.661925881196469890e-01 2.940917977870468047e-01 7.507758430521659782e-03 3.220785566278467488e-02
6.791160697277452973e-01 2.838764232315369451e-01 7.524139239364083243e-03 2.948336780135396226e-02
6.964991624936708314e-01 2.699891373449019860e-01 7.380344313732575996e-03 2.613135584769462477e-02
7.200268531650053649e-01 2.501141785722613697e-01 7.055195004755932843e-03 2.280377325797742008e-02
7.493113552928190035e-01 2.245119570170653056e-01 6.501808025197729733e-03 1.967487966491784923e-02
7.802767476829844950e-01 1.969388536828489966e-01 5.798983639638690714e-03 1.698541499452796769e-02
8.095590048731295951e-01 1.704495547536445110e-01 5.059870109321398454e-03 1.493157026390439304e-02
8.366183371470864438e-01 1.457757729037096883e-01 4.283722470131409721e-03 1.332216747907215108e-02
8.604075640455797203e-01 1.240151746585143322e-01 3.509290194030249312e-03 1.206797110187586217e-02
8.791992546000451103e-01 1.068173308234847685e-01 2.813230427901596432e-03 1.117018414856879235e-02
8.942054847079210500e-01 9.336442794255954414e-02 2.181511975837153398e-03 1.024857537368229626e-02
9.078870903312757923e-01 8.149811677099372265e-02 1.615472051187687727e-03 8.999320846542849597e-03
9.190921705392719465e-01 7.194952029875105459e-02 1.197383902766028163e-03 7.760925259211041635e-03
9.246534263732001380e-01 6.740673518461989810e-02 9.657506019179912813e-04 6.974087840262072069e-03
9.222636950023482827e-01 7.005730375751605121e-02 9.021007630152091472e-04 6.776900477120775812e-03
9.105564519826780945e-01 8.137192379820173960e-02 9.845682520644471244e-04 7.087055967055934554e-03
8.870507052828300321e-01 1.038619680096444786e-01 1.229857602093757879e-03 7.857469105431561657e-03
8.468950032706193953e-01 1.421881202440750946e-01 1.713262341816766850e-03 9.203614143488730165e-03
7.855403980950818044e-01 2.006343292470062767e-01 2.565426965141032623e-03 1.125984569277103421e-02
7.048157337111021770e-01 2.773045076799793285e-01 3.940644581716678391e-03 1.393911402720191157e-02
6.156845618545663257e-01 3.620291174180606530e-01 5.820186157690023995e-03 1.646613456968297820e-02
5.308792862623687991e-01 4.437589381872045213e-01 7.789115390853416573e-03 1.757266015957311897e-02
4.591009937275423169e-01 5.147515731822649432e-01 9.005769071002478476e-03 1.714166401919016425e-02
3.951422919883406659e-01 5.786066939814630272e-01 9.952103641867451889e-03 1.629891038832881334e-02
3.369962639187504827e-01 6.368775111866565863e-01 1.044490471395685162e-02 1.568132018063625455e-02
2.833763132490135228e-01 6.901345914979549745e-01 1.067978728914419778e-02 1.580930796388753043e-02
2.385902552519010567e-01 7.330972956143777530e-01 1.097218430656360030e-02 1.734026482715737144e-02
2.082289363456735765e-01 7.593632114765613839e-01 1.153332013443592562e-02 2.087453204332914702e-02
1.941946367370084581e-01 7.660346216455946600e-01 1.253686181923664190e-02 2.723387979816019322e-02
1.937112627185903491e-01 7.548643675296750066e-01 1.378031332557850229e-02 3.764405642615623049e-02
2.036807253214552582e-01 7.265896913076083097e-01 1.642055681586348723e-02 5.330902655507294835e-02
2.213441179532959213e-01 6.854526034841180726e-01 1.914053818977264759e-02 7.406274037281351807e-02
2.492751228302284849e-01 6.324671427467912777e-01 2.164368741631528259e-02 9.661404700666498258e-02
2.889427069628443534e-01 5.713920706226706114e-01 2.330454271232367675e-02 1.163606797021613931e-01
3.380467314398333256e-01 5.066145178088393708e-01 2.396242074177496947e-02 1.313763300095521502e-01
3.883361741505393372e-01 4.443673017105386758e-01 2.402408266304669957e-02 1.432724414758752562e-01
4.238451167255383178e-01 3.959518274005266458e-01 2.450778597862566383e-02 1.556952698953093794e-01
4.317791277649764559e-01 3.711661054583056951e-01 2.637137688699846619e-02 1.706833898897194279e-01
4.149274844906546411e-01 3.683969556289509728e-01 3.005998203491844212e-02 1.866155778454760272e-01
3.853601643544566913e-01 3.797440423742177162e-01 3.577742624477557587e-02 1.991183670265500860e-01
3.539716867016642343e-01 3.980973760253765925e-01 4.361229190890426183e-02 2.043186453640553346e-01
3.253998685063052565e-01 4.186738542235249882e-01 5.363991374029210280e-02 2.022863635298778606e-01
2.974488446526338259e-01 4.385909338546176151e-01 6.647296129878095539e-02 1.974872601939675065e-01
2.670320735517244803e-01 4.559402483503473547e-01 8.262357491164155909e-02 1.944041031862865643e-01
2.376141174172792525e-01 4.710166257645287402e-01 9.942546006148232640e-02 1.919437967567096670e-01
2.145535269525397082e-01 4.869031196037819087e-01 1.125140125339645081e-01 1.860293409097136252e-01
1.979331312090087391e-01 5.047341346058381584e-01 1.211247491826106665e-01 1.762079850025425054e-01
1.840192172909564106e-01 5.212490842133947755e-01 1.285788839759439972e-01 1.661528145197040396e-01
1.698426086328331530e-01 5.327068036526263484e-01 1.383069339113682794e-01 1.591436538031725523e-01
1.550372845078166195e-01 5.391700344282037705e-01 1.508958126004192324e-01 1.548968684635603776e-01
1.407521144822353187e-01 5.432191719643015837e-01 1.646312218012542794e-01 1.513974917522087626e-01
1.281164585007046608e-01 5.471113275906804851e-01 1.773900540969454154e-01 1.473821598116695220e-01
1.175343275470575877e-01 5.520348016169402960e-01 1.876182991091238372e-01 1.428125717268785566e-01
1.085914850416042493e-01 5.569681425764271276e-01 1.949670677134036356e-01 1.394733046685655009e-01
1.011165236104125814e-01 5.592666871773670501e-01 1.993034608021523602e-01 1.403133284100679945e-01
9.566224797445620209e-02 5.596370095778501197e-01 1.987985967639471774e-01 1.459021456837466535e-01
9.258128992454067729e-02 5.619222152671883297e-01 1.918051032109867049e-01 1.536913915972843159e-01
9.219384869448507547e-02 5.691321948238432515e-01 1.785779554932083180e-01 1.600960009884634383e-01
9.389383555754617083e-02 5.828489312458716709e-01 1.620198745718186839e-01 1.612373586247638213e-01
9.627657524095069308e-02 5.992144251678005462e-01 1.467359130413958268e-01 1.577730865498528923e-01
9.849254208235515284e-02 6.094748917108763209e-01 1.360956924627854669e-01 1.559368737439829622e-01
1.000501830162153355e-01 6.081135577097300793e-01 1.312621713073403307e-01 1.605740879667141019e-01
1.009320421808166945e-01 5.962829633780666327e-01 1.311104530034555571e-01 1.716745414376613377e-01
3.966128888213407526e-03 9.476516358260257678e-02 3.355174885498786175e-01 5.657512189793054702e-01
4.831689558444191186e-03 1.153861126556043476e-01 2.950944063321951916e-01 5.846877914537560450e-01
5.841200758721545178e-03 1.371277109120632720e-01 2.619286362894334697e-01 5.951024520397820705e-01
6.970802578271924170e-03 1.544997994454551382e-01 2.371146669157992715e-01 6.014147310604738284e-01
8.312960718778938593e-03 1.650293248386484612e-01 2.212177475799417536e-01 6.054399668626304631e-01
1.004187955797610117e-02 1.695398589194134498e-01 2.129504386060042109e-01 6.074678229166063925e-01
1.234524545493723494e-02 1.722850586085388769e-01 2.093693268222578396e-01 6.060003691142659132e-01
1.506962482318077896e-02 1.760302609203216462e-01 2.078960916727411457e-01 6.010040225837566252e-01
1.770347990128281340e-02 1.788753782748068732e-01 2.058241873156818891e-01 5.975969545082286949e-01
2.009422322000102915e-02 1.792471562431270093e-01 2.004272181163411215e-01 6.002314024205307463e-01
2.254280994885469319e-02 1.799293674895709461e-01 1.916118854221693091e-01 6.059159371394049476e-01
2.508658373376889544e-02 1.850919047861932787e-01 1.840965718171834742e-01 6.057249396628543447e-01
2.747901687062472356e-02 1.968870962343294284e-01 1.839674521306012556e-01 5.916664347644448041e-01
2.921043358381287050e-02 2.119146855865089718e-01 1.956842973255499274e-01 5.631905835041283170e-01
2.980026974113958102e-02 2.205302532481866751e-01 2.239290388166452761e-01 5.257404381940284921e-01
3.044713230360425807e-02 2.188190358453040996e-01 2.680362385446765638e-01 4.826975933064147073e-01
3.305717861351587655e-02 2.208662232043841211e-01 3.145601235202944990e-01 4.315164746618053160e-01
3.828181565865004798e-02 2.452119370315489766e-01 3.486429683576139915e-01 3.678632789521868451e-01
4.557123258248537562e-02 2.964969081015804697e-01 3.597561465896307320e-01 2.981757127263034990e-01
5.323574193586683850e-02 3.661655284408383282e-01 3.465942479822144984e-01 2.340044816410805084e-01
5.942010492086768209e-02 4.347459757650425916e-01 3.229231000586659239e-01 1.829108192554236845e-01
6.384724577867403883e-02 4.853007942685846343e-01 3.032589606900792378e-01 1.475929992626623111e-01
6.795850953763717117e-02 5.072235254710529828e-01 2.967043622703539052e-01 1.281136027209560657e-01
1.414533423314271177e-01 7.937353937319258090e-01 5.024658472748054494e-02 1.456467920916649714e-02
1.438662355702857998e-01 7.996997778009319324e-01 4.139915053030734926e-02 1.503483609847510762e-02
1.464372915761275318e-01 8.032679531896382841e-01 3.490333184663597238e-02 1.539142338759832973e-02
1.496953310971504691e-01 8.039131164555406439e-01 3.062372329920455202e-02 1.576782914810430716e-02
1.512490139054940008e-01 8.041366177399047466e-01 2.836496714313052614e-02 1.624940121147086178e-02
1.497896068719003493e-01 8.052726361981646930e-01 2.795479356508151839e-02 1.698296336485353303e-02
1.466812123680309443e-01 8.065082193555238588e-01 2.895082990871191558e-02 1.785973836773343745e-02
1.446907255748214882e-01 8.066483127102432871e-01 3.036777458372592192e-02 1.829318713120954218e-02
1.459748016903126555e-01 8.046827468307522491e-01 3.141360598764574713e-02 1.792884549128937952e-02
1.498510352892432895e-01 8.015773915231122482e-01 3.180967896743403661e-02 1.676189422021055753e-02
1.540490095385450009e-01 7.989917124168567364e-01 3.182719885825389949e-02 1.513207918634451761e-02
1.578200807841640407e-01 7.966337785976975727e-01 3.198920037614293166e-02 1.355694024199555724e-02
1.613287906298303542e-01 7.939235591970003059e-01 3.249098266139788943e-02 1.225666751177152333e-02
1.658515129508209562e-01 7.889288161185278314e-01 3.371129238309302639e-02 1.150837854755811657e-02
1.745216020135948176e-01 7.769631351028930544e-01 3.661617453589423310e-02 1.189908834761799206e-02
1.906979910274523016e-01 7.526350521542384264e-01 4.230338651568362612e-02 1.436357030262571180e-02
2.141911353437250809e-01 7.142677262173001695e-01 5.124155838442144562e-02 2.029958005455331782e-02
2.401199301881934423e-01 6.650303877813116271e-01 6.308939166186246228e-02 3.176029036863266264e-02
2.574663073868634910e-01 6.141218432418689144e-01 7.736998850300756680e-02 5.104186086826046492e-02
2.670929680981268817e-01 5.612979682736816134e-01 9.288943886622512414e-02 7.871962476196632530e-02
2.695273354653937581e-01 5.122842952462003385e-01 1.072801454691500456e-01 1.109082238192559550e-01
2.665417116805114950e-01 4.689368370884692827e-01 1.204313338792985244e-01 1.440901173517204759e-01
2.575947865702237771e-01 4.282871648813674770e-01 1.339348568981635346e-01 1.801831916502450170e-01
2.426541468622850639e-01 3.887317187115796324e-01 1.475121109656232221e-01 2.211020234605121926e-01
2.226375165458221450e-01 3.513625365837610426e-01 1.593267439577271960e-01 2.666732029126896997e-01
1.986278162550531301e-01 3.161877245780594925e-01 1.682781650191625678e-01 3.169062941477248097e-01
1.705248632597803349e-01 2.869689924220412691e-01 1.728575405030948475e-01 3.696486038150834652e-01
1.444272387270727764e-01 2.648829510451194968e-01 1.740921638129729054e-01 4.165976464148350433e-01
1.246593640790351204e-01 2.555907385850502700e-01 1.739397685813949823e-01 4.458101287545197522e-01
1.128377537362966060e-01 2.606408560391555995e-01 1.760282508694650527e-01 4.504931393550825058e-01
1.077172954473543387e-01 2.797679493234651038e-01 1.833446068984488364e-01 4.291701483307316933e-01
1.077078741138696866e-01 3.158846964241942001e-01 1.957226460595798134e-01 3.806847834023563970e-01
1.112053594486635821e-01 3.697665926466497943e-01 2.075379162189061322e-01 3.114901316857801583e-01
1.168126401951811721e-01 4.290672625326825140e-01 2.130965236042460242e-01 2.410235736678901508e-01
1.200330017200536559e-01 4.834697686921717863e-01 2.110069761468371108e-01 1.854902534409376691e-01
1.221674909828994876e-01 5.193653156960120754e-01 2.086193140575896277e-01 1.498478792634985735e-01
1.215517313334163463e-01 5.381334616243094171e-01 2.095469050608989858e-01 1.307679019813754451e-01
1.185698048035170871e-01 5.428120004596175274e-01 2.153532860790154380e-01 1.232649086578497255e-01
1.144312510056027243e-01 5.353500560107258277e-01 2.263415198709411991e-01 1.238771731127303460e-01
1.096381981567050440e-01 5.188544623544835144e-01 2.414853385855707801e-01 1.300220009032410085e-01
1.034780866105837888e-01 4.936449381157369531e-01 2.617781325614661481e-01 1.410988427122125966e-01
9.811992365703396668e-02 4.605137310482882995e-01 2.842070307311348465e-01 1.571593145635429845e-01
8.972664538923762201e-02 4.319952151626954562e-01 3.053119467007177068e-01 1.729661927473489791e-01
7.890423471085808438e-02 4.111026685494824640e-01 3.291149867133690288e-01 1.808781100262902841e-01
6.682936285566278001e-02 3.964647358903782282e-01 3.583231005171507721e-01 1.783828007368084279e-01
5.484817519763553889e-02 3.819664654957909966e-01 3.936773876632683189e-01 1.695079716433051387e-01
4.404195352852646045e-02 3.605614460971138246e-01 4.335677393228187793e-01 1.618288610515409565e-01
3.471882055893394520e-02 3.290386744168657396e-01 4.774425405202966655e-01 1.587999645039038510e-01
2.701838539630808597e-02 2.902459315150383024e-01 5.237668438948419602e-01 1.589688391938114120e-01
2.118215470365974670e-02 2.504092259338426274e-01 5.673038222076636217e-01 1.611047971548340285e-01
1.710966271951617351e-02 2.142764565323597992e-01 6.034948530794033150e-01 1.651190276687209413e-01
1.438115392000835664e-02 1.837295469347061949e-01 6.317623176682121144e-01 1.701269814770731414e-01
1.261333382953259974e-02 1.593580733677970318e-01 6.554755522174906535e-01 1.725530405851797289e-01
1.155749888899835348e-02 1.400737092922760274e-01 6.799080081491697403e-01 1.684607836695557470e-01
1.122327505705485520e-02 1.251122524856433105e-01 7.044312887247677901e-01 1.592331837325343946e-01
1.166075443987087644e-02 1.149589288982111324e-01 7.259809961796473976e-01 1.473993204822705572e-01
1.267169409195227116e-02 1.089553676424137446e-01 7.444747768388488840e-01 1.338981614267850118e-01
1.418108951452632001e-02 1.052049846173462311e-01 7.558439335987556795e-01 1.247699922693718683e-01
1.636615041330323483e-02 1.025289364185294760e-01 7.528901418384594812e-01 1.282147713297082658e-01
1.920761433860247377e-02 1.008997105687710200e-01 7.300022964882123544e-01 1.498903786044138708e-01
2.253041922235505048e-02 1.009008383438193129e-01 6.786638383848185851e-01 1.979049040490066802e-01
2.597974048715727402e-02 1.026099962958346989e-01 5.880250442036163427e-01 2.833852190133913651e-01
2.867747662031997630e-02 1.044002761618928327e-01 4.630457206920709501e-01 4.038765265257160952e-01
2.951516830952533033e-02 1.049409439415489725e-01 3.418499610377800368e-01 5.236939267111455631e-01
2.894025312216644275e-02 1.069659139532775499e-01 2.578612285419257799e-01 6.062326043826302691e-01
2.847337249088363956e-02 1.145357328007716169e-01 2.109680955270441249e-01 6.460227991813000115e-01
2.975258930350762818e-02 1.326003625659803453e-01 1.901936322003827673e-01 6.474534159301292835e-01
3.421927717106969941e-02 1.674436348218087123e-01 1.863705103148722564e-01 6.119665776922492695e-01
4.140894692918557773e-02 2.190208767069765361e-01 1.902085950240032519e-01 5.493615813398347036e-01
4.775939215196049054e-02 2.748331215474842382e-01 1.975164934506031256e-01 4.798909928499523470e-01
4.916352066304074259e-02 3.187745292868572333e-01 2.129809430938217896e-01 4.190810069562803108e-01
4.462393631372554154e-02 3.402846868277468184e-01 2.433050915157534966e-01 3.717862853427741920e-01
3.662040794721983794e-02 3.357272338197730410e-01 2.911826794671191210e-01 3.364696787658882360e-01
2.824617564421105093e-02 3.070816336204108543e-01 3.525474686357765730e-01 3.121247220996012928e-01
2.136933485746967537e-02 2.633704282197353863e-01 4.153988340302047777e-01 2.998614028925901120e-01
1.657053866447726065e-02 2.183895985342836910e-01 4.646881820403047647e-01 3.003516807609343253e-01
1.346618843941060038e-02 1.801685106279023452e-01 4.920087076523752545e-01 3.143565932803115137e-01
1.174189475079998914e-02 1.520937801599638040e-01 4.891919918784425891e-01 3.469723332107936820e-01
1.140788409408381547e-02 1.364360789818494235e-01 4.466995854912088615e-01 4.054564514328578007e-01
1.228706163259339970e-02 1.327930550542537058e-01 3.724869571973706273e-01 4.824329261157822568e-01
1.440299744712752843e-02 1.404832618254958643e-01 2.912656147173188770e-01 5.538481260100577286e-01
1.780317841912359630e-02 1.565578724928121113e-01 2.188546149892922343e-01 6.067843340987721934e-01
2.186601255052253792e-02 1.739724277093521454e-01 1.611112167395722661e-01 6.430503430005528598e-01
2.609193144203201392e-02 1.889635550410221632e-01 1.201726548269952954e-01 6.647718586899504789e-01
3.066042118384435314e-02 2.038834126926554469e-01 9.357351557352118487e-02 6.718826505499790880e-01
3.540447300978908501e-02 2.218288657704814704e-01 7.783740384444033655e-02 6.649292573752888513e-01
3.971215662167153909e-02 2.450464060601409422e-01 7.080888012094244122e-02 6.444325571972452371e-01
4.407258173784882327e-02 2.772024227345453729e-01 7.156530010235284678e-02 6.071596954252529432e-01
4.978004853820883202e-02 3.213607498730809420e-01 7.901028932551265593e-02 5.498489122631973203e-01
