4.341970750310326227e-02 1.042133877675044951e-01 5.141227381738355286e-03 8.472256773476536384e-01
1.278199269228942614e-01 3.521285462580733272e-01 4.172854131073214790e-01 1.027661137117110712e-01
1.355704867305820571e-01 3.790541538915448982e-01 3.794881135057101007e-01 1.058872458721628468e-01
1.547590437655183837e-01 4.199867442866433986e-01 3.134859533493316586e-01 1.117682585985062677e-01
1.817589818922013822e-01 4.645141908911796236e-01 2.348284357083582352e-01 1.188983915082608284e-01
2.171996505938520727e-01 4.965944033802681679e-01 1.589390453115857027e-01 1.272669007142939457e-01
2.643058818793492804e-01 5.002221876622442442e-01 9.545781862724865563e-02 1.400141118311578614e-01
3.221521938192259960e-01 4.651437035826814781e-01 5.110661644432277356e-02 1.615974861537696206e-01
3.822268480342188579e-01 3.988084637412286915e-01 2.560925446089341515e-02 1.933554337636587406e-01
4.367247385745453570e-01 3.180995724012394832e-01 1.282838498716600342e-02 2.323473040370490350e-01
4.764215725380738786e-01 2.468202814843759585e-01 6.687187541294669496e-03 2.700709584362554483e-01
5.117728268915671119e-01 1.920924318648041251e-01 3.758388237964681907e-03 2.923763530056640580e-01
5.568100648162191968e-01 1.506682280706010679e-01 2.257786404581726102e-03 2.902639207085978557e-01
6.143356638686557902e-01 1.176188282695983522e-01 1.436786651785004233e-03 2.666087212099609305e-01
6.748017677819181381e-01 9.224296935321565916e-02 1.059156406766598602e-03 2.318961064580996323e-01
7.279695532347758569e-01 7.313106738698273157e-02 7.841181798696280790e-04 1.981152611983721112e-01
7.674915654833190937e-01 6.100715343339573743e-02 6.500019632365754488e-04 1.708512791200488268e-01
7.963041246092641412e-01 5.382794370496622044e-02 5.946989474822364985e-04 1.492732327382872703e-01
8.199703117141725617e-01 4.896872398363120993e-02 5.760334774646269640e-04 1.304849308247317263e-01
8.439410929814441520e-01 4.414491465194451264e-02 5.615570747142454959e-04 1.113524352918969090e-01
8.701655788735244146e-01 3.842220505635303429e-02 5.350951950844015127e-04 9.087712087503803382e-02
8.959990698383465402e-01 3.239487857327864873e-02 5.042907374815831919e-04 7.110176085089292553e-02
9.188384584059465787e-01 2.675905114763214854e-02 4.771543868584721560e-04 5.392533605956315035e-02
9.375384046588731701e-01 2.181627439723773584e-02 4.528104879302695895e-04 4.019251045595873678e-02
9.522676260024389716e-01 1.746123597159816854e-02 4.207491759415635572e-04 2.985038885002131576e-02
9.638837882978640303e-01 1.345956783381615195e-02 3.664093758218697132e-04 2.229023449249794425e-02
9.722233348589002233e-01 1.019814730056580951e-02 3.019497897202111326e-04 1.727656805081401181e-02
9.771402935266076950e-01 8.061594389598513224e-03 2.520079863383462861e-04 1.454610409745551135e-02
9.795120411187530074e-01 6.822043444217324240e-03 2.210811951957813114e-04 1.344483424183397051e-02
9.801654034976691188e-01 6.130993270219891982e-03 2.036338541882652794e-04 1.349996937792258961e-02
9.797191272112915073e-01 5.728971460026325430e-03 1.911197370412546180e-04 1.436078159164090769e-02
9.786869948125719310e-01 5.466760405593557200e-03 1.778213828218131668e-04 1.566842339901250783e-02
9.780502030322933971e-01 5.200203186418638802e-03 1.594859551560453572e-04 1.659010782613181204e-02
9.786866850642944593e-01 4.898404154469053300e-03 1.367238417144463506e-04 1.627818693952192558e-02
9.792419890728673026e-01 4.915384631986029554e-03 1.223704931883094825e-04 1.572025580195811345e-02
9.776790237914033677e-01 5.661539927882690108e-03 1.268136184496862452e-04 1.653262266226458027e-02
9.725797034383465434e-01 7.529452449246440242e-03 1.564360957493828735e-04 1.973440801665765285e-02
9.621193733855023522e-01 1.118330127416792934e-02 2.238718852041700000e-04 2.647345345512546258e-02
9.433638265051893512e-01 1.776935340317016554e-02 3.567092090905177705e-04 3.851011088254990139e-02
9.155108212001560331e-01 2.792640869457636496e-02 5.767712586904672790e-04 5.598599884657719239e-02
8.830407305418521702e-01 4.062942857250606554e-02 8.611575432888222232e-04 7.546868334235323772e-02
8.512434417307456203e-01 5.453366909935907642e-02 1.163471676547369682e-03 9.305941749334822877e-02
8.228959707515216548e-01 6.830959506150477423e-02 1.434406206212723162e-03 1.073600279807611080e-01
7.949953329838538307e-01 8.431115251455791049e-02 1.746045830154983056e-03 1.189474686714332291e-01
7.703849552099069076e-01 1.006253062490281430e-01 2.082258348563093345e-03 1.269074801925023366e-01
7.526521714899002680e-01 1.149015421140018728e-01 2.420385673462098312e-03 1.300259007226356456e-01
7.435821737074597149e-01 1.253366997551500772e-01 2.733730854422477836e-03 1.283473956829676299e-01
7.404312845401496146e-01 1.324746496120710049e-01 3.040607019297589426e-03 1.240534588284819550e-01
7.370697839830008258e-01 1.386574786985615149e-01 3.429051425865828947e-03 1.208436858925717589e-01
7.297235686109546648e-01 1.458968254295022748e-01 3.992158559410542186e-03 1.203874474001322414e-01
7.217359114817707422e-01 1.518998576586823024e-01 4.642992489613759557e-03 1.217212383699333433e-01
7.130577517955075662e-01 1.576279965791188009e-01 5.413492990311169657e-03 1.239007586350624190e-01
7.053450443724663677e-01 1.617770346623118027e-01 6.250149495620405810e-03 1.266277714696012191e-01
6.987815119455631496e-01 1.635574451075190727e-01 7.101094115567785879e-03 1.305599488313503309e-01
6.885800548140030841e-01 1.656039505971826920e-01 8.123799486199958023e-03 1.376921951026144897e-01
6.673854304704547324e-01 1.725230713854475906e-01 9.684844800153242020e-03 1.504066533439443742e-01
6.321313998755586638e-01 1.864181742804972841e-01 1.202798845282328048e-02 1.694224373911209502e-01
5.875154095281046596e-01 2.051803080040891514e-01 1.496831317121377972e-02 1.923359692965926349e-01
5.443382163959747944e-01 2.236465169897921546e-01 1.787032516739196428e-02 2.141449414468409029e-01
5.166980546558223031e-01 2.354418244721682985e-01 1.987394926248847379e-02 2.279861716095208934e-01
5.090227709007689727e-01 2.387228830549731340e-01 2.064079819275512276e-02 2.316135478515028157e-01
5.130681557898719714e-01 2.369568815539412621e-01 2.046072481693037362e-02 2.295142378392563409e-01
5.172846929757916046e-01 2.349471791242077889e-01 1.985521588440872232e-02 2.279129120155918564e-01
5.155710052121792453e-01 2.347923378584554077e-01 1.915181819418023887e-02 2.304848387351851324e-01
5.096082862055848484e-01 2.340883968231699808e-01 1.830464798712617275e-02 2.379986689841188108e-01
5.073264698829708097e-01 2.258493931320430803e-01 1.695940371335458857e-02 2.498647332716314173e-01
5.104501929305772512e-01 2.094687103188939414e-01 1.535800955685576868e-02 2.647230871936725460e-01
5.202189854686188886e-01 1.846908847528072328e-01 1.344973585169811220e-02 2.816403939268756207e-01
5.296043531395854265e-01 1.561001914374497701e-01 1.139419147344759679e-02 3.029012639495168857e-01
5.285063551903801393e-01 1.286331121574915415e-01 9.402409874235443180e-03 3.334581227778928292e-01
5.105509775818737328e-01 1.049918427443735508e-01 7.775260081295830294e-03 3.766819195924570041e-01
4.771192626883826726e-01 8.599188607520737160e-02 6.147397684787729751e-03 4.307414535516223553e-01
1.021354719431132457e-01 1.665961206843742312e-03 4.373102105666490228e-04 8.957612566394764775e-01
2.757035826718249316e-01 5.035557657737296244e-01 1.169374466691135983e-01 1.038032048853317763e-01
3.197047179730130306e-01 4.921183795782173021e-01 8.353203230259242940e-02 1.046448701461774738e-01
3.733117968055663649e-01 4.707503044152637761e-01 5.409488559964819449e-02 1.018430131795218935e-01
4.381083466516630942e-01 4.337843495913424330e-01 3.219750450780752005e-02 9.590979924918704991e-02
5.155667030737208778e-01 3.786271421276727889e-01 1.812579219745984876e-02 8.768036260114622782e-02
6.077635197959458946e-01 3.044546089946025269e-01 9.725517258745644197e-03 7.805635395070575910e-02
7.054970538933940105e-01 2.218983414647063002e-01 5.300030201467531739e-03 6.730457444043214110e-02
7.954998476439735233e-01 1.451507204141771201e-01 2.910338679297466528e-03 5.643909326255169834e-02
8.637480215266197803e-01 8.893811889133730608e-02 1.644910686768262997e-03 4.566894889527481349e-02
9.102830174133500485e-01 5.392213420666368967e-02 9.579696369457293709e-04 3.483687874304017967e-02
9.403354200931417495e-01 3.405687942315393374e-02 5.893308249782461955e-04 2.501836965872591273e-02
9.582958834810578752e-01 2.365078827371660738e-02 4.039620751317072309e-04 1.764936617009350492e-02
9.685351814449280061e-01 1.840085466611253093e-02 3.113158977140363507e-04 1.275264799124518032e-02
9.744123557729850171e-01 1.571509857890940678e-02 2.618395862165624733e-04 9.610706061888919446e-03
9.792946755133251635e-01 1.296930611600400837e-02 2.423319466516863285e-04 7.493686424019086606e-03
9.818346738616685609e-01 1.173638885035180844e-02 2.199397385788465426e-04 6.208997549400904932e-03
9.841598458145960349e-01 1.019701261888765302e-02 2.099802278399622480e-04 5.433161338676521443e-03
9.860954976709398467e-01 8.673531406734109883e-03 2.107701507098979200e-04 5.020200771615994893e-03
9.874711273403006251e-01 7.432058825000243535e-03 2.211956583698705962e-04 4.875618176329033805e-03
9.882446753394689143e-01 6.582337985681359187e-03 2.401179366802201273e-04 4.932868738169631298e-03
9.882778628979606017e-01 6.272498171850559440e-03 2.705130632046796120e-04 5.179125866984125685e-03
9.873798875929511443e-01 6.699514809267380702e-03 3.183147279435815410e-04 5.602282869837974313e-03
9.854768048376627565e-01 8.018068943641659327e-03 3.850904749531106281e-04 6.120035743742603326e-03
9.823557691429621874e-01 1.042966931238556438e-02 4.741937861381649599e-04 6.740367758513892901e-03
9.775737879723253032e-01 1.417146267013957503e-02 5.987170613836260676e-04 7.656032296151714378e-03
9.718189994125082665e-01 1.869981010678313862e-02 7.442844323762415858e-04 8.736906048332597485e-03
9.669369557719303954e-01 2.272926957203260170e-02 8.596264031357834894e-04 9.474148252901064618e-03
9.631228895116323852e-01 2.622297151861958941e-02 9.259694977346410571e-04 9.728169472013535948e-03
9.589604563354300337e-01 3.043263191096591200e-02 9.566171757208107246e-04 9.650294577883078428e-03
9.526950547912445000e-01 3.683401829747563749e-02 9.792716847220324199e-04 9.491655226557723854e-03
9.432427987680720438e-01 4.618800061955415093e-02 1.025821232263969237e-03 9.543379380109977619e-03
9.346193984153036149e-01 5.461217577624959824e-02 1.171179031505750756e-03 9.597246776941128002e-03
9.268047195510058511e-01 6.230925912604386857e-02 1.202210755952456880e-03 9.683810566997807373e-03
9.226878119738584072e-01 6.652615056996426246e-02 1.194849432210648996e-03 9.591188023966738807e-03
9.222016691265074728e-01 6.729734563945595494e-02 1.154154989323600156e-03 9.346830244713121710e-03
9.246926966474899867e-01 6.517621598822459505e-02 1.085131784099638329e-03 9.045955580185780984e-03
9.292606851318735428e-01 6.088066086367299734e-02 9.975902510667984495e-04 8.861063753386754643e-03
9.344368656218674518e-01 5.558453435447444080e-02 9.161580144852398636e-04 9.062442009172926721e-03
9.385407234342795224e-01 5.052806611154345845e-02 8.743385804499672828e-04 1.005687187372709436e-02
9.403088495020431870e-01 4.658603540241294805e-02 8.904412873919644554e-04 1.221467380815182552e-02
9.382706108780607401e-01 4.513408766352218493e-02 9.047352237625126865e-04 1.569056623465455574e-02
9.344760497475684824e-01 4.424985039256276731e-02 1.066603789486725079e-03 2.020749607038195908e-02
9.261717383357511713e-01 4.595198507379627539e-02 1.365418945813454002e-03 2.651085764463912212e-02
9.132712292449336466e-01 5.047005271318512343e-02 1.678714229168432699e-03 3.458000381271280482e-02
8.947431146474841279e-01 5.651304609425548964e-02 2.208891164393269983e-03 4.653494809386719139e-02
8.712455562859834357e-01 6.283067741058863398e-02 2.915921409677509069e-03 6.300784489375056696e-02
8.401206127896988507e-01 7.033267363958567442e-02 3.888091612865860261e-03 8.565862195784958166e-02
7.994968793614060099e-01 8.048149208720505043e-02 5.204639502006995488e-03 1.148169890493821038e-01
7.544125371001150215e-01 9.199671505469504684e-02 6.737708338885179706e-03 1.468530395063049332e-01
7.144762420746462173e-01 1.010955667806529706e-01 8.165628483799028045e-03 1.762625626609015950e-01
6.792625732918708970e-01 1.103597827134032289e-01 9.750870886395047663e-03 2.006267731083309636e-01
6.489390049453301890e-01 1.200902182315244371e-01 1.172694702807743246e-02 2.192438297950678183e-01
6.213631621675625993e-01 1.322946748362167080e-01 1.453393505863985989e-02 2.318082279375810462e-01
5.955438691334814516e-01 1.491176802429410031e-01 1.855197500934945010e-02 2.367864756142280813e-01
5.694194302887147785e-01 1.730177521223654202e-01 2.406021071150856935e-02 2.335026068774112562e-01
5.357331071302086078e-01 2.068826962223366817e-01 3.155122666633495415e-02 2.258329699811200131e-01
4.891567708548414939e-01 2.529485464289615293e-01 4.142944897210837363e-02 2.164652337440886309e-01
4.371368275277406901e-01 3.067321668491683195e-01 5.246166145777636514e-02 2.036693441653144865e-01
3.817985884947897035e-01 3.682123139271614720e-01 6.401246101038977898e-02 1.859766365676585043e-01
3.340911295343574894e-01 4.271777019041975709e-01 7.392586952661898969e-02 1.648052990348258251e-01
2.944800441123036627e-01 4.811579323973075306e-01 8.106375877106512806e-02 1.432982647193233872e-01
2.646398165235127609e-01 5.271696100020575315e-01 8.389503005831439042e-02 1.242955434161152756e-01
2.448086908794387118e-01 5.634875738620104269e-01 8.231874559546499548e-02 1.093849896630860186e-01
2.303501462805511990e-01 5.911213328579852933e-01 7.892851233616168805e-02 9.960000852530211113e-02
2.151802947556657464e-01 6.128539143545775891e-01 7.688276807789561074e-02 9.508302281186092886e-02
1.967877543529826800e-01 6.303510515321658625e-01 7.775391584352611685e-02 9.510727827132528511e-02
1.760541508727797022e-01 6.421350160183821876e-01 8.233662444557302007e-02 9.947420866326533995e-02
1.558181223193672305e-01 6.436934073595577122e-01 9.162515427439442417e-02 1.088633160466806471e-01
1.395097322618207569e-01 6.297080467023645767e-01 1.066596979549523649e-01 1.241225230808622737e-01
1.286051174633741079e-01 5.988901257540486522e-01 1.274421088463818519e-01 1.450626479361953880e-01
1.211056042460577353e-01 5.565771200714174638e-01 1.527244899730677008e-01 1.695927857094573221e-01
9.616078010513295915e-01 2.581772552583196795e-02 6.329543620275833926e-04 1.194151906081088003e-02
1.464969046416296494e-01 5.274964722545666396e-01 1.224802307520723582e-01 2.035263923517314222e-01
1.639329516568961975e-01 4.958165882158212523e-01 1.031587044315701862e-01 2.370917556957121974e-01
1.828215833655906786e-01 4.498878628092365384e-01 8.574403744959356588e-02 2.815465163755790923e-01
1.986165501672790823e-01 3.927705520544166329e-01 7.012549453917872599e-02 3.384874032391255172e-01
2.059990064585592029e-01 3.294044286606632732e-01 5.606567277130233146e-02 4.085308921094748524e-01
2.016258240370682464e-01 2.658662831827643402e-01 4.345739954453956694e-02 4.890504932356276035e-01
1.864138700645823765e-01 2.085362610282484874e-01 3.250048014432911636e-02 5.725493887628402279e-01
1.651942905384448934e-01 1.602249670057030728e-01 2.343165398562094270e-02 6.511490884702307858e-01
1.455560763674878799e-01 1.202246196295970876e-01 1.651037053229132551e-02 7.177089334706238111e-01
1.341459591399370432e-01 8.833513486415216220e-02 1.175900501402652419e-02 7.657599009818841784e-01
1.311538221805788884e-01 6.462224095278440439e-02 8.418752890427889241e-03 7.958051839762089186e-01
1.356314972994596413e-01 4.683648213870739152e-02 6.284480559586606493e-03 8.112475400022461924e-01
1.456433865511023718e-01 3.576597493392687233e-02 4.678734580728855126e-03 8.139119039342417317e-01
1.607748486285174860e-01 2.947593275906128241e-02 3.560235584346538307e-03 8.061889830280750679e-01
1.800622658163053835e-01 2.674786474885292378e-02 2.820597538060709043e-03 7.903692718967809672e-01
2.034700321014048519e-01 2.763915103616267424e-02 2.449091018031222377e-03 7.664417258444011782e-01
2.278138111576881730e-01 3.284394613481423503e-02 2.411690302503139045e-03 7.369305524049940548e-01
2.439265290011298770e-01 4.222720603519728583e-02 2.580893267535895250e-03 7.112653716961369055e-01
2.469709355647406734e-01 5.477037382240212277e-02 2.807152446531327363e-03 6.954515381663257667e-01
2.446947023625887230e-01 7.052388582001849204e-02 3.004555737820146892e-03 6.817768560795722799e-01
2.512700540391746840e-01 9.200893293451557764e-02 3.370326027198768722e-03 6.533506869991108079e-01
2.724302271917259377e-01 1.276545531284296597e-01 3.640514302527291489e-03 5.962747053773174155e-01
3.024961998646422678e-01 1.780525314899224498e-01 3.426206892837590969e-03 5.160250617525979910e-01
3.245042557160819352e-01 2.489847112026726816e-01 3.191503450126376325e-03 4.233195296311185740e-01
3.271901599381746295e-01 3.400401384754899725e-01 3.045102359571455128e-03 3.297245992267641146e-01
3.173987812625447824e-01 4.353719902027422539e-01 2.331319995458182564e-03 2.448979085392548605e-01
3.043383101250820011e-01 5.167144279626935122e-01 2.380802866103410784e-03 1.765664590461208661e-01
3.044932933334523750e-01 5.621858068614543624e-01 2.692562627386107816e-03 1.306283371777068325e-01
3.262414740723167950e-01 5.651493678736836390e-01 3.144294981144550322e-03 1.054648630728551584e-01
3.701210762289264822e-01 5.321155474987536715e-01 3.689363370257252566e-03 9.407401290206242328e-02
4.308593246694921164e-01 4.742293059242312370e-01 4.337478702791449682e-03 9.057389070348520477e-02
4.945355043514399473e-01 4.100275578027931522e-01 4.763148925961454248e-03 9.067378891980554245e-02
5.532089971751864566e-01 3.477463923182066985e-01 5.139302412859758640e-03 9.390530809374721122e-02
5.979031468315056941e-01 2.963820959099761065e-01 5.535077573766914415e-03 1.001796796847515686e-01
6.211841643622271203e-01 2.621840645124285940e-01 6.072341929662307403e-03 1.105594291956818603e-01
6.168842992292169480e-01 2.480880573680560863e-01 6.960685828239992524e-03 1.280669575744868560e-01
5.820192012637989132e-01 2.532027743680172471e-01 8.364756798206767277e-03 1.564132675699769770e-01
5.211806273223530406e-01 2.725526602163785839e-01 1.013334373622528685e-02 1.961333687250435276e-01
4.458380084155353917e-01 2.985757959045474141e-01 1.184761350973177405e-02 2.437385821701853472e-01
3.708996791010483740e-01 3.229216764223508673e-01 1.314528600623809593e-02 2.930333584703628258e-01
3.092259084112247147e-01 3.386426969991121472e-01 1.362237852678313370e-02 3.385090160628798639e-01
2.622655571996967971e-01 3.468212083782838961e-01 1.387816019315090028e-02 3.770350742288689494e-01
2.268325635194453349e-01 3.539838803690837921e-01 1.380543133819816734e-02 4.053781247732725634e-01
1.984213566089686465e-01 3.668127864111976333e-01 1.335829927636115501e-02 4.214075577034724351e-01
1.722180506036966596e-01 3.853994239497899321e-01 1.238473678854325015e-02 4.299977886579701702e-01
1.466986872167732325e-01 4.032643173650531931e-01 1.081533529838978915e-02 4.392216601197836967e-01
1.240208352908175743e-01 4.140536059332216023e-01 8.807546580278945852e-03 4.531180121956821516e-01
1.061813471590273283e-01 4.158825851336118151e-01 6.688343084570519230e-03 4.712477246227905203e-01
9.328653620167028093e-02 4.050391256100034920e-01 4.779483358528760668e-03 4.968948548297977275e-01
8.474124682632808159e-02 3.718985649954839046e-01 3.307441831559446242e-03 5.400527463466283651e-01
7.984385518996255093e-02 3.120500481908031198e-01 2.312442220661362503e-03 6.057936543985728006e-01
7.689199433005679263e-02 2.356573953792447107e-01 1.661878392309302328e-03 6.857887318983891811e-01
7.319065778678103540e-02 1.619828578677210140e-01 1.203415406609255377e-03 7.636230689388883164e-01
6.745472344023557831e-02 1.060517171698369121e-01 8.588169631530614143e-04 8.256347424267739266e-01
6.138179384338448424e-02 7.110639251182179765e-02 6.203073101760578616e-04 8.668915063346175343e-01
5.714889268320352822e-02 5.207772437159687712e-02 4.842396294776670092e-04 8.902891433157220646e-01
5.429344631923540415e-02 4.218961122305668610e-02 4.171889895056335494e-04 9.030997534682024819e-01
5.035678286537655091e-02 3.601085276521956424e-02 3.749613732913824955e-04 9.132574029961127993e-01
4.425064202704795391e-02 3.103054055483889587e-02 3.365359440490049334e-04 9.243822814740639826e-01
3.695277924578411338e-02 2.705076829682609776e-02 3.070010119260934648e-04 9.356894514454635603e-01
2.970213581403932657e-02 2.429995093627083935e-02 2.937794278489765511e-04 9.457041338218404869e-01
2.330036080952396088e-02 2.272908071247528930e-02 2.971743974068118696e-04 9.536733840805937668e-01
1.832378824815045909e-02 2.230352466869929551e-02 3.197907078836028359e-04 9.590528963752664726e-01
1.530746574147319808e-02 2.354027166309568403e-02 3.814350289112961099e-04 9.607708275665199915e-01
1.446487536292181443e-02 2.780016199483734823e-02 5.246823089169153249e-04 9.572102803333238930e-01
1.558599576775303829e-02 3.676101567257128444e-02 8.188921319892587076e-04 9.468340964276865668e-01
1.798591869101319463e-02 5.218944648625407912e-02 1.384256069000891530e-03 9.284403787537319763e-01
2.049033549944501501e-02 7.619234104697691912e-02 2.479657739088236921e-03 9.008376657144899768e-01
2.234631733860659511e-02 1.093467625599220117e-01 4.583388730871428354e-03 8.637235313706002060e-01
2.352609568870947868e-02 1.466197082219672099e-01 8.152855940272143651e-03 8.217013401490512736e-01
2.426380107017649113e-02 1.817805414580581091e-01 1.345658474918702205e-02 7.804990727225785685e-01
3.432724910904447757e-01 4.326009675217885042e-01 9.659319940960736650e-02 1.275333419781591315e-01
3.548228704602290340e-01 6.098423053281964989e-01 6.972248147598306307e-03 2.836257606397621367e-02
4.013825174865333079e-01 5.681850173084427302e-01 5.845498113511668134e-03 2.458696709151257306e-02
4.342955223146626187e-01 5.371385055723389979e-01 5.574622731930174019e-03 2.299134938106819903e-02
4.531317611860645189e-01 5.177082335507453559e-01 5.903778953989326922e-03 2.325622630920077746e-02
4.590070088589328634e-01 5.098139054991515096e-01 6.629904033501126184e-03 2.454918160841462749e-02
4.612629963898805530e-01 5.054852852662826690e-01 7.303625354050739468e-03 2.594809298978605072e-02
4.626419365778159376e-01 5.027364467668473669e-01 7.827491054596442607e-03 2.679412560074025465e-02
4.680790442824099284e-01 4.969538271020649267e-01 8.164613309596625498e-03 2.680251530592860434e-02
4.807691556410337852e-01 4.848256437862583645e-01 8.386335126270195658e-03 2.601886544643771532e-02
5.006970266321904006e-01 4.662512322097277506e-01 8.526394360490179014e-03 2.452534679759161770e-02
5.260598427462649385e-01 4.429169004682995125e-01 8.551950847277270049e-03 2.247130593815824945e-02
5.557087555027679926e-01 4.155675817890979729e-01 8.465115161066584168e-03 2.025854754706722313e-02
5.872446354265965507e-01 3.865543812561926251e-01 8.188652089589232991e-03 1.801233122762162936e-02
6.170433857892193563e-01 3.591411717489529365e-01 7.743013594153861506e-03 1.607242886767396364e-02
6.443208033317318062e-01 3.337402048568587909e-01 7.197573545303183329e-03 1.474141826610588304e-02
6.721880608508800092e-01 3.074706381745468953e-01 6.493734505304930849e-03 1.384756646926832077e-02
7.019200813138161132e-01 2.791376604828867403e-01 5.650947101761023134e-03 1.329131110153624305e-02
7.316598540841893206e-01 2.504528194693442789e-01 4.778602958845368405e-03 1.310872348762095844e-02
7.623508681841426604e-01 2.208776535527223195e-01 3.871665207730673637e-03 1.289981305540455377e-02
7.966297500382232277e-01 1.881862612739405305e-01 2.954317230405701170e-03 1.222967145743058918e-02
8.297771452308110307e-01 1.566186398931773693e-01 2.204728117011203661e-03 1.139948675900051382e-02
8.524093216132769824e-01 1.348677732019978315e-01 1.740589376162641252e-03 1.098231580856234499e-02
8.588680612790949853e-01 1.283293709984658360e-01 1.553848557444990593e-03 1.124871916499418575e-02
8.479440495750781848e-01 1.383313994765842658e-01 1.596618144361262263e-03 1.212793280397604298e-02
8.178633043263581204e-01 1.666977035382372629e-01 1.864225709122740732e-03 1.357476642628189026e-02
7.642370165296054063e-01 2.175576313895503655e-01 2.418512682018225148e-03 1.578683939882600390e-02
6.850538377388113442e-01 2.926344574354973194e-01 3.353751032205177195e-03 1.895795379348618956e-02
5.876641858861754164e-01 3.846194517297878979e-01 4.721470525065717648e-03 2.299489185897106436e-02
4.893680220706941308e-01 4.775034841479320336e-01 6.309327130781477652e-03 2.681916665059227642e-02
4.100734361159729668e-01 5.539273256674547286e-01 7.532250792236624276e-03 2.846698742433584339e-02
3.490730247260366848e-01 6.150036312152981077e-01 8.283672316821160189e-03 2.763967174184428499e-02
3.013885459581387427e-01 6.643702433623644987e-01 8.573192842957058635e-03 2.566801783653947441e-02
2.586125961158518560e-01 7.093744647040047813e-01 8.473621597165637009e-03 2.353931758297756263e-02
2.177520841992177381e-01 7.521586550507758373e-01 8.155177704153637741e-03 2.193408304585283547e-02
1.826917185735117966e-01 7.879328929471851595e-01 7.899670737649995902e-03 2.147571774165299083e-02
1.576629756754102107e-01 8.122976644748999275e-01 7.721466942255771418e-03 2.231789290743401225e-02
1.469614063613819133e-01 8.202636822299433916e-01 8.052404263146899221e-03 2.472250714552793119e-02
1.474120425569351578e-01 8.146284039802333954e-01 8.937691829267005103e-03 2.902186163356451284e-02
1.566698348591452350e-01 7.971294234705871284e-01 1.046552927525928704e-02 3.573521239500856289e-02
1.744960114898814474e-01 7.669616705628409248e-01 1.319887888588594516e-02 4.534343906139173125e-02
2.071996652514281612e-01 7.189620164276081526e-01 1.582643326788678306e-02 5.801188505307718762e-02
2.587555646670680609e-01 6.496790057471089064e-01 1.825439848714976651e-02 7.331103109867294354e-02
3.271432223927375205e-01 5.624027791946357713e-01 1.986828288603230408e-02 9.058571552659414050e-02
3.987525710137392321e-01 4.719102533930823462e-01 2.045152093442308486e-02 1.088856546587554652e-01
4.474468666835094144e-01 4.035764357410381309e-01 2.073206563645510481e-02 1.282446319389975442e-01
4.547980567993493151e-01 3.738664833697178946e-01 2.175139965162884922e-02 1.495840601793038682e-01
4.257713482645610337e-01 3.780626010901508849e-01 2.397796109625110680e-02 1.721880895490371655e-01
3.777405137741890462e-01 4.022558667229714224e-01 2.744669815086954109e-02 1.925569213519698064e-01
3.269310853473191836e-01 4.335390964752335874e-01 3.214854643814506197e-02 2.073812717393024030e-01
2.810531669834581692e-01 4.633818066035276795e-01 3.841466202656102641e-02 2.171503643864530209e-01
2.388750068833291051e-01 4.877947444355487661e-01 4.735525575356386990e-02 2.259749929275582103e-01
1.986420661984280578e-01 5.040124511110815053e-01 6.032109087111596490e-02 2.370243918193745414e-01
1.653883368506955664e-01 5.112818904180811419e-01 7.633934260195367194e-02 2.469904301292700222e-01
1.430862819266512376e-01 5.155076246370864368e-01 9.157812730294673242e-02 2.498279661333154822e-01
1.289208949503588830e-01 5.230122376900169234e-01 1.035390450978142529e-01 2.445278222618099961e-01
1.174630525031745698e-01 5.331428480413390458e-01 1.139528401692597170e-01 2.354412592862265008e-01
1.055906184277473070e-01 5.412743016713030819e-01 1.262533509839322554e-01 2.268817289170174945e-01
9.359909177951104831e-02 5.459339602370848477e-01 1.416309317889261343e-01 2.188360161944779281e-01
8.287891535360177031e-02 5.492275118975684656e-01 1.586135338065897959e-01 2.092800389422402874e-01
7.411113911651266706e-02 5.537088826155973642e-01 1.748528790160945312e-01 1.973270992517955902e-01
6.790847207565939292e-02 5.591471880544651718e-01 1.894491475573797934e-01 1.834951923124955864e-01
6.224248062064050707e-02 5.676299120091768957e-01 1.999472372348461424e-01 1.701803701353364340e-01
5.799936064374236477e-02 5.714175827372730554e-01 2.091066372038156984e-01 1.614764194151690480e-01
5.556925640344969469e-02 5.710543375585868109e-01 2.151575958459334137e-01 1.582188101920297130e-01
5.494803227985928240e-02 5.732340967260189935e-01 2.140122221091635413e-01 1.578056488849580996e-01
5.603158066626039158e-02 5.834484636255017342e-01 2.032946701169972836e-01 1.572252855912406599e-01
5.809388922003634603e-02 6.045216535562739635e-01 1.845306623876111773e-01 1.528537948360783327e-01
5.915933547465598852e-02 6.336079150777484958e-01 1.630409659917705922e-01 1.441917834558247014e-01
6.047195134625019813e-02 6.556069659977880049e-01 1.472524170847347991e-01 1.366686655712269771e-01
6.160354316913464745e-02 6.641014697911288289e-01 1.394568632892702886e-01 1.348381237504661101e-01
6.267254884442671758e-02 6.598308535602102065e-01 1.383789982132926366e-01 1.391175993820706058e-01
3.507390508864573729e-03 1.101194627147232402e-01 5.444293136148837808e-01 3.419438331615284876e-01
4.393331781747545489e-03 1.416390185245154643e-01 4.813988850251586515e-01 3.725687646685781340e-01
5.444876791662564032e-03 1.750135521965766328e-01 4.231598111085113634e-01 3.963817599032497530e-01
6.591634156701948154e-03 2.010664238722917885e-01 3.762023562559591028e-01 4.161395857150468891e-01
7.839711371752398905e-03 2.147902137878284212e-01 3.429544917105110668e-01 4.344155831299080228e-01
9.302274916619567707e-03 2.177014079161908588e-01 3.205371875717238916e-01 4.524591295954659698e-01
1.110847488430037611e-02 2.169430124656786807e-01 3.023175564390307990e-01 4.696309562109901026e-01
1.307336213011327242e-02 2.178347391171715497e-01 2.835200935010965817e-01 4.855718052516182492e-01
1.478473325165883742e-02 2.195386700061821572e-01 2.625832661087604825e-01 5.030933306333983390e-01
1.624527355109324847e-02 2.205561316754300893e-01 2.398256392182027685e-01 5.233729555552736334e-01
1.790140294613980221e-02 2.242589867994778663e-01 2.182307174436241559e-01 5.396088928107583005e-01
1.994430350345323746e-02 2.348009691901651319e-01 2.030106607803994767e-01 5.422440665259822268e-01
2.213761884668258642e-02 2.526607852245483787e-01 1.979284160711674290e-01 5.272731798576016926e-01
2.384942884943030972e-02 2.724551179895556285e-01 2.058183842110529460e-01 4.978770689499608659e-01
2.446249564003630250e-02 2.806684231367579385e-01 2.331815608342831248e-01 4.616875203889226897e-01
2.490518836127051869e-02 2.670155269995926894e-01 2.847318162339416703e-01 4.233474684051950487e-01
2.684377702660243822e-02 2.467371689600834361e-01 3.464023433488862547e-01 3.800167106644280479e-01
3.110545531568228300e-02 2.453850442111880359e-01 3.925940579417994680e-01 3.309154425313303727e-01
3.764486014948417031e-02 2.690371203471980666e-01 4.104124946370737992e-01 2.829055248662443178e-01
4.540544512019466933e-02 3.120772826033479386e-01 4.018446541637976654e-01 2.406726181126601638e-01
5.161485316460778794e-02 3.575189459774670286e-01 3.847202011714235814e-01 2.061459996865020461e-01
5.584581194037585572e-02 3.952924478841309264e-01 3.679262198799835848e-01 1.809355202955097719e-01
5.867485101013873022e-02 4.136894611442725189e-01 3.610690107346816169e-01 1.665666771109072519e-01
9.120406069598642473e-02 7.966644888492565579e-01 9.603419284959052726e-02 1.609725760516626109e-02
8.811138405386793881e-02 8.095587780418436186e-01 8.529120277123269922e-02 1.703863513305602095e-02
8.685026584916161196e-02 8.182978526774288275e-01 7.684044412671757474e-02 1.801143734669202051e-02
8.718956953844785029e-02 8.218907985520345072e-01 7.166097020584059896e-02 1.925866170367685967e-02
8.821972121364549113e-02 8.197269716347057589e-01 7.093100059974473404e-02 2.112230655190389453e-02
8.934559650430284883e-02 8.111208163367100710e-01 7.552830283930120348e-02 2.400528431968598081e-02
9.096072788216252869e-02 7.966183153937189676e-01 8.470479307439639227e-02 2.771616364972200736e-02
9.353780628416236143e-02 7.807756293274984438e-01 9.484538499604926176e-02 3.084117939228985666e-02
9.709700902716766890e-02 7.690274492921265193e-01 1.018317943879713389e-01 3.204374729273449379e-02
1.003930731346892868e-01 7.642499921680458996e-01 1.043507634820958485e-01 3.100617121516880889e-02
1.017248024520102379e-01 7.654447037224344497e-01 1.042717912544220277e-01 2.855870257113329522e-02
1.006988596985402828e-01 7.700553732430883702e-01 1.034296250635631798e-01 2.581614199480816371e-02
9.759881669405992555e-02 7.771826123160548994e-01 1.019904945830512194e-01 2.322807640683387242e-02
9.338818960288276794e-02 7.848584220186701765e-01 1.004318368268372619e-01 2.132155155160968263e-02
9.036064781973734972e-02 7.881620403786152584e-01 1.004095778991852816e-01 2.106773390246176672e-02
9.142208473888306652e-02 7.812967352089937867e-01 1.035206742765363702e-01 2.376050577558688412e-02
9.809135335971894132e-02 7.601345925171631990e-01 1.106269410414899151e-01 3.114711308162757680e-02
1.098390357610673773e-01 7.225977839912943734e-01 1.216636597014646159e-01 4.589952054617334881e-02
1.245292757879108980e-01 6.683470001392443072e-01 1.355830907548164765e-01 7.154063331802835990e-02
1.395625163856467899e-01 5.997801274333556254e-01 1.503085583224182398e-01 1.103487978585792062e-01
1.518927649313733530e-01 5.265483372477240964e-01 1.630116539203248505e-01 1.585472439005778666e-01
1.593024850040905827e-01 4.556829538754299525e-01 1.732528819112111873e-01 2.117616792092680278e-01
1.606497605437249288e-01 3.846137051793032668e-01 1.817180598170632932e-01 2.730184744599082336e-01
1.520613779965222789e-01 3.177043789041867905e-01 1.868575093683365052e-01 3.433767337309544532e-01
1.365009289008707882e-01 2.600108980353626476e-01 1.857610399666868306e-01 4.177271330970800389e-01
1.156545111423548100e-01 2.119937260965045200e-01 1.814502817238125842e-01 4.909014810373283910e-01
9.360922385114964217e-02 1.747563819430990595e-01 1.755956966272081143e-01 5.560386975785430730e-01
7.517019886667684891e-02 1.497916583306929950e-01 1.713492535694815244e-01 6.036888892331486733e-01
6.334190979154948054e-02 1.382471604726993597e-01 1.718474581609701901e-01 6.265634715747808725e-01
5.783197073728341131e-02 1.390119342963998805e-01 1.799394731788799551e-01 6.232166217874364200e-01
5.690081210983070209e-02 1.506881325469269783e-01 1.982373808043435548e-01 5.941736745388987995e-01
5.933946172435675820e-02 1.751116079054831354e-01 2.283032117154250307e-01 5.372457186547348051e-01
6.417238056867291540e-02 2.136527085925398750e-01 2.667624399386613887e-01 4.554124709001258764e-01
6.958185084347431881e-02 2.586178875812257805e-01 3.045823224837943544e-01 3.672179390915059627e-01
7.388987924788432970e-02 2.971973977475004247e-01 3.350301737103865141e-01 2.938825492942288009e-01
7.518278473060692468e-02 3.255504564006515000e-01 3.540888006920656084e-01 2.451779581766758143e-01
7.450828418423066646e-02 3.367107560112074238e-01 3.692757463570744414e-01 2.195052134474874128e-01
7.166887964396979893e-02 3.365110270118359392e-01 3.799173386492222804e-01 2.119027546949718288e-01
6.759454912646094271e-02 3.257951723220888218e-01 3.880600806567205963e-01 2.185501978947299306e-01
6.278974612779818221e-02 3.074075345228579059e-01 3.938168654615903930e-01 2.359858538877535605e-01
5.781461343678251374e-02 2.848331760247583833e-01 3.944193032982662994e-01 2.629329072401929701e-01
5.139894094403865688e-02 2.567092296561886422e-01 3.934426156779399775e-01 2.984492137218325847e-01
4.494963395583868870e-02 2.300409666575922996e-01 3.918208597741962285e-01 3.331885396123728249e-01
3.819933683371290467e-02 2.069343143630371640e-01 4.008806772205505964e-01 3.539856715826992795e-01
3.176649255210772793e-02 1.884457746330324424e-01 4.242242177521253210e-01 3.555635150627347030e-01
2.596140264232554493e-02 1.723792413201584439e-01 4.580294662349073120e-01 3.436298898026086679e-01
2.088862914190083020e-02 1.557682672140799918e-01 4.922119862724085304e-01 3.311311173716108280e-01
1.648155440466808272e-02 1.370977340807781053e-01 5.202422699880321355e-01 3.261784415265215342e-01
1.279795529861820977e-02 1.174241411390470474e-01 5.410421742791667876e-01 3.287357292831679656e-01
9.976849164250503263e-03 9.891156889527558116e-02 5.543728586370582079e-01 3.367387233034158101e-01
7.981817647580430677e-03 8.254581280519297792e-02 5.618925986886253998e-01 3.475797708586009227e-01
6.636129492313676964e-03 6.851437590945189116e-02 5.685022860943043099e-01 3.563472085039298687e-01
5.785157650664432896e-03 5.751374494893769784e-02 5.814207015129930767e-01 3.552803958874045653e-01
5.303716506154114267e-03 4.980899010569418695e-02 6.052247848218670345e-01 3.396625085662845489e-01
5.155744370753687598e-03 4.516447051862458595e-02 6.347616511575603360e-01 3.149181339530612300e-01
5.340624492338754380e-03 4.383639562688419755e-02 6.635253670921101854e-01 2.872976127886668896e-01
5.789816295605981246e-03 4.598285702216230175e-02 6.896276527113052168e-01 2.585996739709260916e-01
6.530056798642977500e-03 5.080414896857186197e-02 7.048930047300527857e-01 2.377727895027323124e-01
7.700815347880875759e-03 5.676834277638757864e-02 6.980143901834784392e-01 2.375164516922529667e-01
9.283001957197884249e-03 6.246535070690124869e-02 6.629795624840683077e-01 2.652720848518320684e-01
1.104463234024167032e-02 6.687128207561630899e-02 5.937305536043600007e-01 3.283535319797822871e-01
1.257764707697699158e-02 6.895524089415058788e-02 4.871032926949643849e-01 4.313638193339081051e-01
1.345400426489103997e-02 6.800907959839831707e-02 3.619306892683355481e-01 5.566062268683752423e-01
1.355469518420808137e-02 6.531749512919135525e-02 2.578393755770709839e-01 6.632884341095295344e-01
1.332332089411812810e-02 6.404416072067327381e-02 1.939841803671288611e-01 7.286483380180797109e-01
1.334746525668493479e-02 6.700786337578622243e-02 1.622153697098540348e-01 7.574293016576747473e-01
1.431527507337767256e-02 7.819926842445640292e-02 1.507027023624331608e-01 7.567827541397329494e-01
1.703601776396770212e-02 1.040006492786914871e-01 1.513791975880549034e-01 7.275841353692860114e-01
2.159201380797946129e-02 1.489210171771234437e-01 1.573701778721056099e-01 6.721167911427917696e-01
2.644988206769206818e-02 2.091148439433232753e-01 1.656918403655555927e-01 5.987434336234291887e-01
2.914018762660716688e-02 2.728976180008592101e-01 1.792177430145270589e-01 5.187444513580062866e-01
2.814834692147629575e-02 3.277452120509409816e-01 2.023183636985160239e-01 4.417880773290671081e-01
2.415315786628878525e-02 3.656095050689877057e-01 2.373777184712679011e-01 3.728596185934556773e-01
1.901588604061611384e-02 3.813431052875064786e-01 2.840663303840391118e-01 3.155746782878384726e-01
1.436695041769886667e-02 3.745249716483805558e-01 3.374908711887341095e-01 2.736172067451861922e-01
1.105323182854871938e-02 3.532437657036239242e-01 3.879966367712405773e-01 2.477063656965865779e-01
9.065977883904275531e-03 3.263359557234935537e-01 4.275887031628621271e-01 2.370093632297398389e-01
8.297194204837326711e-03 3.036291001629820574e-01 4.452697783383423036e-01 2.428039272938380955e-01
8.877305552635326655e-03 2.972660968655654323e-01 4.270939165575386443e-01 2.667626810242606505e-01
1.068410615209416242e-02 3.153935195602569075e-01 3.738366831163033033e-01 3.000856911713454811e-01
1.327572327843986807e-02 3.580629630165497734e-01 3.045769164417491681e-01 3.240843972632611036e-01
1.631033529404089452e-02 4.102992822870383249e-01 2.381381581853599105e-01 3.352522242335607694e-01
1.984662778227703345e-02 4.495750936809159160e-01 1.847742004753402389e-01 3.458040780614669019e-01
2.408298266732563156e-02 4.687806483764021537e-01 1.470937873873393587e-01 3.600425815689324849e-01
2.896574703023406527e-02 4.750279481980421159e-01 1.223808136351157150e-01 3.736254911366080345e-01
3.363788645974359615e-02 4.734967740004793479e-01 1.077494967319989200e-01 3.851158428077780527e-01
3.676622858705846930e-02 4.637969773117696093e-01 1.015593520491236829e-01 3.978774420520481692e-01
3.850970456061404007e-02 4.471202591279347383e-01 1.023475364655262315e-01 4.120224998459248722e-01
4.035070665696400410e-02 4.306076440767180880e-01 1.080507206464960124e-01 4.209909286198221801e-01
