1.183548833961921704e-01 2.268104450359449686e-02 1.099049080076798003e-02 8.479735812994453337e-01
3.108922905297624162e-01 1.329549316044644214e-01 4.703837708674005191e-01 8.576900699837272657e-02
3.459478391934280306e-01 1.413089308400938549e-01 4.216118230816141565e-01 9.113140688486365271e-02
4.033527385784670960e-01 1.544544385045261703e-01 3.444305013298387674e-01 9.776232158716802179e-02
4.759020468921856817e-01 1.656565744310128929e-01 2.557949263650599048e-01 1.026464523117416872e-01
5.564214955047599442e-01 1.672650536606099247e-01 1.724654003537146041e-01 1.038480504809157490e-01
6.374177905732612004e-01 1.558702722329780299e-01 1.037179399800234325e-01 1.029939972137374204e-01
7.070014844396718123e-01 1.336548827550550211e-01 5.456407324696014444e-02 1.047795595583129458e-01
7.525253496883864690e-01 1.061454509538476976e-01 2.579139481512579893e-02 1.155378045426402739e-01
7.666680812002564238e-01 7.971324883155372909e-02 1.205587618654723435e-02 1.415627937816426041e-01
7.504930872838214695e-01 5.871534085390535396e-02 5.845933485120542034e-03 1.849456383771528323e-01
7.189103470929111284e-01 4.307549606540198028e-02 3.046913308636330520e-03 2.349672435330502351e-01
6.947985746925066097e-01 3.231393630755940299e-02 1.785881439596242234e-03 2.711016075603380204e-01
6.933912133971436020e-01 2.500461707447905468e-02 1.167840821009255223e-03 2.804363287073679545e-01
7.140316960422797843e-01 2.019418046138487383e-02 8.233057755006052258e-04 2.649508177208349524e-01
7.443486704631889772e-01 1.725655621185794367e-02 6.261701813682081074e-04 2.377686031435848057e-01
7.735333773066288554e-01 1.582163837085565766e-02 5.250418633683736095e-04 2.101199424591471410e-01
7.981282784155566690e-01 1.548748838400043279e-02 4.842283995131554811e-04 1.859000048009297190e-01
8.192754349617777931e-01 1.572901716604590411e-02 4.756921881521995483e-04 1.645198556840239967e-01
8.405840892065669090e-01 1.598986743553959186e-02 4.754789531936898760e-04 1.429505644046995816e-01
8.639138710786209430e-01 1.595798209055995787e-02 4.713689900558040539e-04 1.196567778407634508e-01
8.868237678165153959e-01 1.573953636229437000e-02 4.698397814602166310e-04 9.696685603973002887e-02
9.067313903699857347e-01 1.547748666570953648e-02 4.770594636973241368e-04 7.731406350060748833e-02
9.227004717496900543e-01 1.518240055991349445e-02 4.913219660182679494e-04 6.162580572437813958e-02
9.351685228192226917e-01 1.470676907753058066e-02 5.000112669966547867e-04 4.962469683624987776e-02
9.452154322194595837e-01 1.380653813220451311e-02 4.808107725320242176e-04 4.049721887580369495e-02
9.525725254079375759e-01 1.273965614752072678e-02 4.393683374203316235e-04 3.424845010712126298e-02
9.564408614235835326e-01 1.205196847379715920e-02 4.046835330752607740e-04 3.110248656954441374e-02
9.571716704438992807e-01 1.182839706708865672e-02 3.866572947041746326e-04 3.061327519430813437e-02
9.552309824250014847e-01 1.188958038749002820e-02 3.811002687201437322e-04 3.249833691878837444e-02
9.510203849884079075e-01 1.206487963039399106e-02 3.766279434328744500e-04 3.653810743776521319e-02
9.453267333544460582e-01 1.223826798415571931e-02 3.640977359795086405e-04 4.207090092541862503e-02
9.409560556445365487e-01 1.224877336462148851e-02 3.362316109788123972e-04 4.645893937986311090e-02
9.413253519655268020e-01 1.212809370363603437e-02 2.950488294014245051e-04 4.625150550143559969e-02
9.442135370133440953e-01 1.247545816451570838e-02 2.657720939670380920e-04 4.304523272817326746e-02
9.444185658811036221e-01 1.394414871852070817e-02 2.690508329551905063e-04 4.136823456742059341e-02
9.388801874650801738e-01 1.700322121259740041e-02 3.142610418209373707e-04 4.380233028050153909e-02
9.259767128089174681e-01 2.210142706489640063e-02 4.145270069918435569e-04 5.150733311919451080e-02
9.047499468232148567e-01 2.970172538906839729e-02 5.960818851032944092e-04 6.495224590261354514e-02
8.782752584953448238e-01 3.933751904159128038e-02 8.642913687657132740e-04 8.152293109429824269e-02
8.530911080182046469e-01 4.949695106269998840e-02 1.168028945609793151e-03 9.624391197348559912e-02
8.329744775099874321e-01 5.920249542874605336e-02 1.447694453183442399e-03 1.063753326080835171e-01
8.185424260884972547e-01 6.740602228999595380e-02 1.657156795690300014e-03 1.123943948258168957e-01
8.056966312977165146e-01 7.654460053937381381e-02 1.894865367618115337e-03 1.158639027952915734e-01
7.963275167017335177e-01 8.534633051764972667e-02 2.150434659546170829e-03 1.161757181210706369e-01
7.923880416139438276e-01 9.282517017813909921e-02 2.409573791852263371e-03 1.123772144160649633e-01
7.940496843187949683e-01 9.816170063453395767e-02 2.648705962207392219e-03 1.051399090844634260e-01
7.980458346240176803e-01 1.015631687663854088e-01 2.886448902935155689e-03 9.750454770666171223e-02
7.981901521723678838e-01 1.051631953843085027e-01 3.266711227748405905e-03 9.337994121557510740e-02
7.967719987133012882e-01 1.064082784585666241e-01 3.734667208997039835e-03 9.308505561913482662e-02
7.934227951501321430e-01 1.070233831034820421e-01 4.368874735600904863e-03 9.518494701078479558e-02
7.901717631495676075e-01 1.071287492508705558e-01 5.171165569010409239e-03 9.752832203055128435e-02
7.896198243357921420e-01 1.059673711596102463e-01 6.084992068280566102e-03 9.832781243631695534e-02
7.930872546390642652e-01 1.026876685992037519e-01 7.006922749368756781e-03 9.721815401236297283e-02
7.966962395190351209e-01 9.843226346258866777e-02 8.054079533174812039e-03 9.681741748520115987e-02
7.934383270055941351e-01 9.616580668040511370e-02 9.637566000870005645e-03 1.007583003131306831e-01
7.815510705743916597e-01 9.615156364737416361e-02 1.185997126769061834e-02 1.104373945105437266e-01
7.606534185769348033e-01 9.954798873881075261e-02 1.491727786201193888e-02 1.248813148222428920e-01
7.395197953135862479e-01 1.020271116365560893e-01 1.787522582821213582e-02 1.405778672216455860e-01
7.280635244843746134e-01 1.007260268834333783e-01 1.965480134637298884e-02 1.515556472858189674e-01
7.287987173883506697e-01 9.587937267356941295e-02 1.990922611437184395e-02 1.554126838237081254e-01
7.343584756775903832e-01 9.019612631624926435e-02 1.922448206491643441e-02 1.562209159412438764e-01
7.354478804208978149e-01 8.627349164396319603e-02 1.842444091053254199e-02 1.598541870246064367e-01
7.281956006007719306e-01 8.486774969187987905e-02 1.789121209459242426e-02 1.690454376127560054e-01
7.162970897241212054e-01 8.455930737263760155e-02 1.742386584089242185e-02 1.817197370623492847e-01
7.076942401546678640e-01 8.286864749519413931e-02 1.666449294557393809e-02 1.927726194045638053e-01
7.083238744426810785e-01 7.892341192694811436e-02 1.555562326233431505e-02 1.971970903680365927e-01
7.221941719520873493e-01 7.062908644687761195e-02 1.385378304522194917e-02 1.933229585558132180e-01
7.429918830026885912e-01 6.031872851012942682e-02 1.185202381056495342e-02 1.848373646766170164e-01
7.628719445395626408e-01 4.967596325792513617e-02 9.823119755189988617e-03 1.776289724473222309e-01
7.755041354636214024e-01 4.009417652702434998e-02 8.023615778463466866e-03 1.763780722308906368e-01
7.780249175180183885e-01 3.243060938172794699e-02 6.540833091924378069e-03 1.830036400083293879e-01
1.927703120291585359e-01 1.508982904888721971e-03 7.392275278381560660e-04 8.049814775381145537e-01
5.437114423324718171e-01 2.598792887114819705e-01 1.514325106951009414e-01 4.497675826094540974e-02
6.294015370230910955e-01 2.210849695707113038e-01 1.038569324276264610e-01 4.565656097857126450e-02
7.111179567714434047e-01 1.809369045346602145e-01 6.330733732349402842e-02 4.463780137040223445e-02
7.814734573250537997e-01 1.417573619895014791e-01 3.469755679212140759e-02 4.207162389332332747e-02
8.387711086087946688e-01 1.052303983448445029e-01 1.766479312579363053e-02 3.833369992056735037e-02
8.846692053183549120e-01 7.261369296615195756e-02 8.659379167966729102e-03 3.405772254752643946e-02
9.197152715023582115e-01 4.592116495184461744e-02 4.211824537477664235e-03 3.015173900831962656e-02
9.430284176437991883e-01 2.739213382141511555e-02 2.114385652755598147e-03 2.746506288203001689e-02
9.567035411192578165e-01 1.645113101396832728e-02 1.132112140415807893e-03 2.571321572635809280e-02
9.653631521939105564e-01 1.036444798522806118e-02 6.467283217126694765e-04 2.362567149914843873e-02
9.716356524453341192e-01 7.092404936177234762e-03 4.001014308220007787e-04 2.087184118766649554e-02
9.761279124757982206e-01 5.466153964067771431e-03 2.781398553804032285e-04 1.812779370475382443e-02
9.793882911531140989e-01 4.704711403016608243e-03 2.157479580910171869e-04 1.569124948577836631e-02
9.819605542073484017e-01 4.340737475752905715e-03 1.798297477515092054e-04 1.351887856914718578e-02
9.841660715663886894e-01 4.108010109858882888e-03 1.561220208302763809e-04 1.156979630292210258e-02
9.860405321097995834e-01 3.855141382923869559e-03 1.404648083406856223e-04 9.963861698935712330e-03
9.875344862237194210e-01 3.540647624092552442e-03 1.314848859863710371e-04 8.793381266201834301e-03
9.886138720568954374e-01 3.240553011517064395e-03 1.288435883510472566e-04 8.016731343236467924e-03
9.892735275463060418e-01 3.016574522250871620e-03 1.319132471177198644e-04 7.577984684325403918e-03
9.895591098793024010e-01 2.893138644313347427e-03 1.398068679290981082e-04 7.407944608455478350e-03
9.894691464009942594e-01 2.917835469963097651e-03 1.542071710677107876e-04 7.458810957975006359e-03
9.890120403384363712e-01 3.152531622748003855e-03 1.784683952345185204e-04 7.656959643581194921e-03
9.882966933876706772e-01 3.624129085495178450e-03 2.131712538519265764e-04 7.866006272982299999e-03
9.872273633696051487e-01 4.395637040851465421e-03 2.609491153990970824e-04 8.116050474144398744e-03
9.854146923849151918e-01 5.606886335714825025e-03 3.320087408022293573e-04 8.646412538567819703e-03
9.832270775986613476e-01 7.099004840854796286e-03 4.191514269893754831e-04 9.254766133494261859e-03
9.817999711447125133e-01 8.363301677468419973e-03 4.890296540281894450e-04 9.347697523790735041e-03
9.812602840013903149e-01 9.316698252524600182e-03 5.293600588175045646e-04 8.893657687267729831e-03
9.821881796571534373e-01 9.172208042499747915e-03 4.511230292086421210e-04 8.188489271138072248e-03
9.805883280060687657e-01 1.121755837644133023e-02 4.650719468147688465e-04 7.729041670674965947e-03
9.772294977327993237e-01 1.457578205488142299e-02 5.064188341779039598e-04 7.688301378141375667e-03
9.722854253378339084e-01 1.916785820616644098e-02 5.721473784015203594e-04 7.974569077598090208e-03
9.669397463026757622e-01 2.410294103764601750e-02 6.406403443101661450e-04 8.316672315368138502e-03
9.622237603065356693e-01 2.853955030729911357e-02 6.973446172453427521e-04 8.539344768919725562e-03
9.585712692286183501e-01 3.211138204388548634e-02 7.360380971744966963e-04 8.581310630321827698e-03
9.561991344595712761e-01 3.457462125015173943e-02 7.518486091470508908e-04 8.474395681129811425e-03
9.552199120156686929e-01 3.567632913886829849e-02 7.450041098942306083e-04 8.358754735568777253e-03
9.552735256338020786e-01 3.551497475390603953e-02 7.301376084438131880e-04 8.481362003848297651e-03
9.555915157821878170e-01 3.447927313039519243e-02 7.350041120632508623e-04 9.194206975353669264e-03
9.552502391107050572e-01 3.319410683425748354e-02 7.821466820902408992e-04 1.077350737294725108e-02
9.535335536212258267e-01 3.240185435612188969e-02 8.743566863469471196e-04 1.319023533630517275e-02
9.490191409643995435e-01 3.308520477215142613e-02 1.044785285914391019e-03 1.685086897753457907e-02
9.397845155885393709e-01 3.593526167800630694e-02 1.372165739974016150e-03 2.290805699348030453e-02
9.243677069509351751e-01 4.182512229049401703e-02 1.964198466221827536e-03 3.184297229234890614e-02
9.033242519403262838e-01 4.887829022168899834e-02 2.621331209558233361e-03 4.517612662842655780e-02
8.775209049357411972e-01 5.623425840538631704e-02 3.460182150051676394e-03 6.278465450882116106e-02
8.449403901584391363e-01 6.465190839688857161e-02 4.565679125938114542e-03 8.584202231873416800e-02
8.032032354667399954e-01 7.560603265999346623e-02 6.049312706520642603e-03 1.151414191667460424e-01
7.562580990830575223e-01 8.808590626053677819e-02 7.831784293011118461e-03 1.478242103633945481e-01
7.143178658059363695e-01 9.821371330767698915e-02 9.656276058911924046e-03 1.778121448274746774e-01
6.801842831650777299e-01 1.078103344949247616e-01 1.194678799857214202e-02 2.000585943414251999e-01
6.581801823061140810e-01 1.157716799833199556e-01 1.524747994541762741e-02 2.108006577651481694e-01
6.487132483966593366e-01 1.223151152022958904e-01 2.055407401867470618e-02 2.084175623823700807e-01
6.499450317497466045e-01 1.276276342495998306e-01 2.905729992662207245e-02 1.933700340740317214e-01
6.547430193446059921e-01 1.325550746151902826e-01 4.211301269855542012e-02 1.705888933416483400e-01
6.489678383954498031e-01 1.393526884221760465e-01 6.195178208487494426e-02 1.497276910974990050e-01
6.226023175303018187e-01 1.507548939566519530e-01 9.153322956385259723e-02 1.351095589491937421e-01
5.844077536706465681e-01 1.637232527206737287e-01 1.291555618525017102e-01 1.227134317561778265e-01
5.415387327706372433e-01 1.764373704600719073e-01 1.729918302991570456e-01 1.090320664701335818e-01
5.021892215583299013e-01 1.846064994652953650e-01 2.186194264625202222e-01 9.458485251385469195e-02
4.698677172952501202e-01 1.898077096995589019e-01 2.581650448516013552e-01 8.215952815358963657e-02
4.517510583532945434e-01 1.922510971761312859e-01 2.829418483571075615e-01 7.305599611346638711e-02
4.499902358474425768e-01 1.928061442341136578e-01 2.902802255113322571e-01 6.692339440711156384e-02
4.552055191937594003e-01 1.926975765169638977e-01 2.885241782591072557e-01 6.357272603016941859e-02
4.540644787101331126e-01 1.933460348122257588e-01 2.893420016976299691e-01 6.324748478001106233e-02
4.405280012794745570e-01 1.949258593773477710e-01 2.987695295828297626e-01 6.577660976034808982e-02
4.151457141180512345e-01 1.959722453712214874e-01 3.180107280900335565e-01 7.087131242069373560e-02
3.825075655063748803e-01 1.940281033058838256e-01 3.451394272137053298e-01 7.832490397403595039e-02
3.496460974939590294e-01 1.874058507592974154e-01 3.752133698076141055e-01 8.773468193912928315e-02
3.222842557732897850e-01 1.771840557046301945e-01 4.021616767498725209e-01 9.837001177220715264e-02
3.002838694013863496e-01 1.665781487084775359e-01 4.242017523760255315e-01 1.089362295141106524e-01
9.297237128755739821e-01 5.295523481807634658e-02 9.105454119858353299e-04 1.641050689436398050e-02
3.033405300329612420e-01 2.666798001217491887e-01 1.840337906706507320e-01 2.459458791746387540e-01
3.255742443845161538e-01 2.432385615906666465e-01 1.531641854603135178e-01 2.780230085645040150e-01
3.462835928919153483e-01 2.127767317429743454e-01 1.268417239959182263e-01 3.140979513691923297e-01
3.633705608597024295e-01 1.779366465765833405e-01 1.063318057296667174e-01 3.523609868340473184e-01
3.750446860794617865e-01 1.435927430854241627e-01 9.007184105459430101e-02 3.912907297805195417e-01
3.813824453468468989e-01 1.125343843015390449e-01 7.680243335120148784e-02 4.292807370004123046e-01
3.850094011894815704e-01 8.686291823529355971e-02 6.551403179686866862e-02 4.626136487783564233e-01
3.918482223221642635e-01 6.677161121645337760e-02 5.542570648970351205e-02 4.859544599716786872e-01
4.076282064928857252e-01 5.085628336664697186e-02 4.617165407142436589e-02 4.953438560690429648e-01
4.326116348031089909e-01 3.811567736772425441e-02 3.793810716425706497e-02 4.913345806649098146e-01
4.622663594134091558e-01 2.810139965059429978e-02 3.069892629713092888e-02 4.789333146388659035e-01
4.941380983534522375e-01 2.070823910794584305e-02 2.427112798777556271e-02 4.608825345508262838e-01
5.291702412766045027e-01 1.577172777698629402e-02 1.863506332880800198e-02 4.364229676176014094e-01
5.660223219998175015e-01 1.284367362916494226e-02 1.389514483411878609e-02 4.072388595368988673e-01
5.974224717661069661e-01 1.153054432256893878e-02 1.020830412329617673e-02 3.808386797880278785e-01
6.124911600597422456e-01 1.204227984441720058e-02 7.786333978606580636e-03 3.676802261172341657e-01
6.020643137528227662e-01 1.569028145420842124e-02 6.611981736293941897e-03 3.756334230566747978e-01
5.663291251855102626e-01 2.204556277267664260e-02 6.240147939094854539e-03 4.053851641027182984e-01
5.114935121363201054e-01 3.277086039186023064e-02 6.231269882202622803e-03 4.495043575896172094e-01
4.536750169001747546e-01 5.046508261055469152e-02 6.083564841307885843e-03 4.897763356479623575e-01
4.091523044974206269e-01 7.729128419876539480e-02 5.998881678399693371e-03 5.075575296254144497e-01
3.822304106650039612e-01 1.201755251795587204e-01 6.106490459485552046e-03 4.914875736959517516e-01
3.597907307209292638e-01 1.864055468382804226e-01 5.649027304589908025e-03 4.481546951362003761e-01
3.277874578077402123e-01 2.770530303841693409e-01 5.358638750014591001e-03 3.898008730580759806e-01
2.819035335189333802e-01 3.843577734766726040e-01 5.391584804749439443e-03 3.283471081996447993e-01
2.358590937898825124e-01 4.844058017028309293e-01 4.933888639102068131e-03 2.748012158681845118e-01
2.001524917629459721e-01 5.622397281534341484e-01 4.921357939805397035e-03 2.326864221438142699e-01
1.852381026185350166e-01 6.059808071287648978e-01 5.127853323502247485e-03 2.036532369291979283e-01
1.939119159388047464e-01 6.122707634579220848e-01 5.721430969798491951e-03 1.880958896334748998e-01
2.259915209471830555e-01 5.853696311656026996e-01 6.713966915297438567e-03 1.819248809719170856e-01
2.783635365254566452e-01 5.337393329112006812e-01 7.838301315802143759e-03 1.800588292475407415e-01
3.448427281910117492e-01 4.663867088322413701e-01 8.743968070917547408e-03 1.800265949058292569e-01
4.161830228796974951e-01 3.935116908173730277e-01 9.204465894821810615e-03 1.811008204081076822e-01
4.794868160931567425e-01 3.273717697499406443e-01 9.216960862213742847e-03 1.839244532946888722e-01
5.235086197917639961e-01 2.761500367328328931e-01 9.068149180588959760e-03 1.912731942948140418e-01
5.357460248685819160e-01 2.464189578557822724e-01 9.079436030504133698e-03 2.087555812451315218e-01
5.171712612301813117e-01 2.310956219300020487e-01 9.388977467978443930e-03 2.423441393718382131e-01
4.785209496315094291e-01 2.204924461649838130e-01 9.606847578558116302e-03 2.913797566249487492e-01
4.278580817153526117e-01 2.131713812418195297e-01 1.000853890084889633e-02 3.489619981419789796e-01
3.790944346722567859e-01 2.054812757797217226e-01 1.036223856835622251e-02 4.050620509796651336e-01
3.402628174253107263e-01 1.981542294996610776e-01 1.051206400235323891e-02 4.510708890726749520e-01
3.120553936396496808e-01 1.922479273707096703e-01 1.038855415664691889e-02 4.853081248329937925e-01
2.902561036105233971e-01 1.897276970093655646e-01 1.008534949183673667e-02 5.099308498882743068e-01
2.689934588860252163e-01 1.927681780610271123e-01 9.635102290085557561e-03 5.286032607628621260e-01
2.429868366884467279e-01 2.002762097963858567e-01 8.941969836641874836e-03 5.477949836785251936e-01
2.122278899911884953e-01 2.089028056734345551e-01 7.937324626986807033e-03 5.709319797083901582e-01
1.815964817775880258e-01 2.165108704414145380e-01 6.672658910303197986e-03 5.952199888706940500e-01
1.538941572996555818e-01 2.239850291933462578e-01 5.307692661146055577e-03 6.168131208458521586e-01
1.329859256652325128e-01 2.274165516198881354e-01 4.004131486497608874e-03 6.355933912283816545e-01
1.179500824695261935e-01 2.212874140271409162e-01 2.936867407247043937e-03 6.578256360960859084e-01
1.089395206498311036e-01 2.002051589920538777e-01 2.181066217939045451e-03 6.886742541401762452e-01
1.056989244539549427e-01 1.659049670128902865e-01 1.678532010868995098e-03 7.267175765222857464e-01
1.022136654969466041e-01 1.274983924121728396e-01 1.322735478779826779e-03 7.689652066121005491e-01
9.554814682947093685e-02 9.195061676307263177e-02 1.044371422632901000e-03 8.114568649848235005e-01
8.520327396827506727e-02 6.431765284080397105e-02 8.237195391663609638e-04 8.496553536517548189e-01
7.375312659718090413e-02 4.574126012902422073e-02 6.726919252744128618e-04 8.798329213485205358e-01
6.304906027174651817e-02 3.447468842537920047e-02 5.926029486722281378e-04 9.018836483542022053e-01
5.283679549022949479e-02 2.821453879758347230e-02 5.667432751519520901e-04 9.183819224370350920e-01
4.450324533736937233e-02 2.372568630564617087e-02 5.800365796259284454e-04 9.311910317773586243e-01
3.781678140812005234e-02 2.093688981733637933e-02 6.465381928084373972e-04 9.405997905817349292e-01
3.278405412236406330e-02 1.938473683905003395e-02 7.892059141730277134e-04 9.470420031244126680e-01
2.918353141843429976e-02 1.869493695273835576e-02 1.044867457071402099e-03 9.510766641717558478e-01
2.681362540036073827e-02 1.849084078303940559e-02 1.492233821207663430e-03 9.532032999953922170e-01
2.545855480430482543e-02 1.855194432045537828e-02 2.301710885408380942e-03 9.536877899898315025e-01
2.480902211848020136e-02 1.906690911535887517e-02 3.743003236200511362e-03 9.523810655299606021e-01
2.467857907039438040e-02 2.031953198089045745e-02 6.105353282694487606e-03 9.488965356660203909e-01
2.660779941780575322e-02 2.209513332080428535e-02 9.460165724558553327e-03 9.418369015368310837e-01
2.816344105129294992e-02 2.670504626318960517e-02 1.462159617266140139e-02 9.305099165128560834e-01
3.145560517281648788e-02 3.581179018757371657e-02 2.282999557530918100e-02 9.099026090643005382e-01
3.622876984177463011e-02 4.985169494990591282e-02 3.531994895652356553e-02 8.785995862517961275e-01
4.134446537675661587e-02 6.745412352763821562e-02 5.333490596954978957e-02 8.378665051260557606e-01
1.953754801775270666e-01 5.488913709393143936e-01 7.936231209872531001e-02 1.763708367844332714e-01
4.021828562486111092e-01 5.516141798027073273e-01 7.465729396682007496e-03 3.873723455199977461e-02
4.473780524243152201e-01 5.110713899053372922e-01 6.309224861882459061e-03 3.524133280846507288e-02
4.820159001263938370e-01 4.767741424194826827e-01 6.166891210544808884e-03 3.504306624357846761e-02
5.025094288025674372e-01 4.528444551010977759e-01 6.736942205851685628e-03 3.790917389048343439e-02
5.093214251844654372e-01 4.402718921474148561e-01 7.724807903118765737e-03 4.268187476500096000e-02
5.063629335523124331e-01 4.372797222096757030e-01 8.782108506098423861e-03 4.757523573191356492e-02
4.994780685470009973e-01 4.399968927197782653e-01 9.629674735785357514e-03 5.089536399743530698e-02
4.944852965281364976e-01 4.437337526200071380e-01 1.016560238983058723e-02 5.161534846202592980e-02
4.956080665734055035e-01 4.441985164187559620e-01 1.045451372068319229e-02 4.973890328715513398e-02
5.039862648302222414e-01 4.395553758200297922e-01 1.054732065770672654e-02 4.591103869204124499e-02
5.196285609771921221e-01 4.287592471737259325e-01 1.040520207122633267e-02 4.120698977785556411e-02
5.447400241371663787e-01 4.083224062815797306e-01 1.001009157582685022e-02 3.692747800542725556e-02
5.786530962862603822e-01 3.786534812523641436e-01 9.286362522725636476e-03 3.340705993864984819e-02
6.172811569731154746e-01 3.434883776397987809e-01 8.333770559845079043e-03 3.089669482724070534e-02
6.581911736592993556e-01 3.050188591002345184e-01 7.305878549583254798e-03 2.948408869088312706e-02
7.013000121148617039e-01 2.640794561343330349e-01 6.194820825872860738e-03 2.842571092493227994e-02
7.450658004219216091e-01 2.228142224509074842e-01 5.061291217621256833e-03 2.705868590954972966e-02
7.861208255384456445e-01 1.848609538605466840e-01 4.025902682675237126e-03 2.499231791833221236e-02
8.241931888568626574e-01 1.512406370295029945e-01 3.081124172083287045e-03 2.148504994155143316e-02
8.608481280086124343e-01 1.201578014763921148e-01 2.244311667961816203e-03 1.674975884703358564e-02
8.924881761102151367e-01 9.341005513626333967e-02 1.635357166561600926e-03 1.246641158695989057e-02
9.137427066938257347e-01 7.514908628055783080e-02 1.300903745088163648e-03 9.807303280528156114e-03
9.229782254696508037e-01 6.697711092044209003e-02 1.209308468771053309e-03 8.835355141136057300e-03
9.211036038873310350e-01 6.830214350026772574e-02 1.332853498594540600e-03 9.261399113806660296e-03
9.076435096200362596e-01 7.955205435003658010e-02 1.711322073827080013e-03 1.109311395610026313e-02
8.792115160396553053e-01 1.034613260456159617e-01 2.488153244255879304e-03 1.483900467047292657e-02
8.318031040889340977e-01 1.431346038675879728e-01 3.904586059518544861e-03 2.115770598395960017e-02
7.664423115616905147e-01 1.973082381875210789e-01 6.226966820559890446e-03 3.002248343022823757e-02
6.938460845585758818e-01 2.575398067184896389e-01 9.428675068481497459e-03 3.918543365445302518e-02
6.288709508006824489e-01 3.138923243915373584e-01 1.286249112708722116e-02 4.437423368069286916e-02
5.773888494164747254e-01 3.619199466930600462e-01 1.584543274546019662e-02 4.484577114500503531e-02
5.355734294561774744e-01 4.024551037299402001e-01 1.811419915662556765e-02 4.385726765725666415e-02
4.962849134118488825e-01 4.401120161608876313e-01 1.956824978311972468e-02 4.403482064414371983e-02
4.551585262661036468e-01 4.772453739384113769e-01 2.041217212118001320e-02 4.718392767430498042e-02
4.156296824384029809e-01 5.074740762758640500e-01 2.173656942900791325e-02 5.515967185672493445e-02
3.880546501910657198e-01 5.196442106265904970e-01 2.285915189266780889e-02 6.944198728967607148e-02
3.791434018670075123e-01 5.055083303473401068e-01 2.449964132084913454e-02 9.084862646480289239e-02
3.879537509914817717e-01 4.664849347065218588e-01 2.677659540444669861e-02 1.187847188975492685e-01
4.097177898035153643e-01 4.110506090813433877e-01 2.962359417384853935e-02 1.496080069412924762e-01
4.450294912864985464e-01 3.464236696922006753e-01 3.268272228176345717e-02 1.758641167395373073e-01
5.015421795327412724e-01 2.769057846237680254e-01 3.493166235192788488e-02 1.866203734915628520e-01
5.755231530368110082e-01 2.112452017612987121e-01 3.599035162187402132e-02 1.772412935800165013e-01
6.612011734541556329e-01 1.500914965291136327e-01 3.448822265014868382e-02 1.542191073665822032e-01
7.332681328963909229e-01 1.044674300320649202e-01 3.215642729222325386e-02 1.301080097793207713e-01
7.742876087740024893e-01 7.791525870159490830e-02 3.117226665959253393e-02 1.166248658648103148e-01
7.792024003575336311e-01 6.860554393921912408e-02 3.405033812589233072e-02 1.181417175773549211e-01
7.597887504916991386e-01 6.844789771809933754e-02 4.049741566690651801e-02 1.312659361232952626e-01
7.275282125432391833e-01 7.332933675640049276e-02 4.994359882365453224e-02 1.491988518767057015e-01
6.899730835893334024e-01 8.226680414587314583e-02 6.285540439535429458e-02 1.649047078694392543e-01
6.517860749224492212e-01 9.375400503553231457e-02 7.840698090354937533e-02 1.760529391384691444e-01
6.040840859218185033e-01 1.094043083985207637e-01 9.825757324907472001e-02 1.882540324305858048e-01
5.361866450266381534e-01 1.316413143426373167e-01 1.241301851892605695e-01 2.080418554414641130e-01
4.573946696628488073e-01 1.601166650566653027e-01 1.513031341939590213e-01 2.311855310865268687e-01
3.879074557812981494e-01 1.928879755034562937e-01 1.720423152942238132e-01 2.471622534210218824e-01
3.328078248036113185e-01 2.283544711388188486e-01 1.858036152322001811e-01 2.530340888253695963e-01
2.857461796182259040e-01 2.646219088722613355e-01 1.963708088249679351e-01 2.532611026845451030e-01
2.393408972754031416e-01 2.971193180473015727e-01 2.112969293233826207e-01 2.522428553539128870e-01
1.990505176046120650e-01 3.195273779389065649e-01 2.317248155563320922e-01 2.496972889001490836e-01
1.639254694490324127e-01 3.355870344782694858e-01 2.571991936789753685e-01 2.432883023937226774e-01
1.363706223957971697e-01 3.459013172703981343e-01 2.851289583657763971e-01 2.325991019680281879e-01
1.169222171403568322e-01 3.498223380344431255e-01 3.136946536614990677e-01 2.195607911637008081e-01
1.013052921116161104e-01 3.496234839106312497e-01 3.411383957162007485e-01 2.079328282615517942e-01
8.933422270956331568e-02 3.420281264045725300e-01 3.670156698317662558e-01 2.016219810540980928e-01
8.142476648152030538e-02 3.304967866793599440e-01 3.862516151361111705e-01 2.018268317030085801e-01
7.752791074482218159e-02 3.228962746379300253e-01 3.921318827749846192e-01 2.074439318422630907e-01
7.720240637126808692e-02 3.252522140809178675e-01 3.806919229986734932e-01 2.168534565491403998e-01
7.898000602260868419e-02 3.401737476839208352e-01 3.547059525883971554e-01 2.261402937050733253e-01
8.088767777452979257e-02 3.619757413900575593e-01 3.243402501156464890e-01 2.327963307197660481e-01
8.160345016910586224e-02 3.784558221502358211e-01 2.994277658793123575e-01 2.405129618013459314e-01
8.241168273701161839e-02 3.787328112431982419e-01 2.853102462163649156e-01 2.535452598034251825e-01
8.261732919117391327e-02 3.663511381803342681e-01 2.794518030732815461e-01 2.715797295552103141e-01
3.243086992134557728e-03 1.388221464107272651e-01 5.541724342686908944e-01 3.037623323284471266e-01
3.780044789820375100e-03 1.703204069671660492e-01 4.937433744684366355e-01 3.321561737745769571e-01
4.430047551038559725e-03 2.002929918214577942e-01 4.355042456311415400e-01 3.597727149963621529e-01
5.154938429381614867e-03 2.188211290959992117e-01 3.858499018428176441e-01 3.901740306318015050e-01
5.959139928903653231e-03 2.224419000480906405e-01 3.475675415425573123e-01 4.240314184804484521e-01
6.919773062883706645e-03 2.146252234279511506e-01 3.184557387190586897e-01 4.599992647901063325e-01
8.122523882601472359e-03 2.046177717426270748e-01 2.934333377993517122e-01 4.938263665754201726e-01
9.390132556630154115e-03 1.992124159515229198e-01 2.697873326330061938e-01 5.216101188588407878e-01
1.038840189561947291e-02 1.970938014868869881e-01 2.472470233415655638e-01 5.452707732759279891e-01
1.116809566333968988e-02 1.952270464748946943e-01 2.266404583968496533e-01 5.669643994649157248e-01
1.212603176268787705e-02 1.961913131567830371e-01 2.105839262608890095e-01 5.810987288196399758e-01
1.342728413774614028e-02 2.053322648643107762e-01 2.034641216621958792e-01 5.777763293357469632e-01
1.485950411111062845e-02 2.251510805256836112e-01 2.082289239790025281e-01 5.517604913842032444e-01
1.584257936499536626e-02 2.503805032354410876e-01 2.259190364182910860e-01 5.078578809812723804e-01
1.594602334941472299e-02 2.644632178011613877e-01 2.603628286046462126e-01 4.592279302447778155e-01
1.621102078896322421e-02 2.529434372331033076e-01 3.145268459895486646e-01 4.163186959883847238e-01
1.797526852566369571e-02 2.327478436671576723e-01 3.755403409445835505e-01 3.737365468625953313e-01
2.149438130267196725e-02 2.326189755016723759e-01 4.222647394436802037e-01 3.236219037519755815e-01
2.658739903716090050e-02 2.564127243348415797e-01 4.447709475286389380e-01 2.722289290993585853e-01
3.238134112745778143e-02 2.938964679921768353e-01 4.469409185766243797e-01 2.267812723037408162e-01
3.759973644205062693e-02 3.307934849849724079e-01 4.415654830882116411e-01 1.900412954847653102e-01
4.147323352201588015e-02 3.522081298032925245e-01 4.428754742123335864e-01 1.634431624623577661e-01
4.492389259736790513e-02 3.486198644103011279e-01 4.575320241916955855e-01 1.489242188006351386e-01
1.932841482112278297e-01 7.285539972044421386e-01 5.672274739336286703e-02 2.143910719096714032e-02
1.829337293997889136e-01 7.483279180628770177e-01 4.656542825785723455e-02 2.217292427947671618e-02
1.748536076931704042e-01 7.635391108918992975e-01 3.882230524482655626e-02 2.278497617010378368e-02
1.672094454694318111e-01 7.761221058308492848e-01 3.329240115172451414e-02 2.337604754799423035e-02
1.577617525924021324e-01 7.883370723999914009e-01 2.978003659467657466e-02 2.412113841292993360e-02
1.458484111949851503e-01 8.007639090801877968e-01 2.808706749859883611e-02 2.530061222622816478e-02
1.336060030738471238e-01 8.119953291485320079e-01 2.770817781443050271e-02 2.669048996319059106e-02
1.221555466431379910e-01 8.226917398835328354e-01 2.802750802719953388e-02 2.712520544612934820e-02
1.159047143184246814e-01 8.303543147261581714e-01 2.761441292879105586e-02 2.612655802662610174e-02
1.119996486107361910e-01 8.374365972235655597e-01 2.668888627098027141e-02 2.387486789471791881e-02
1.077866696479971298e-01 8.457693847593509284e-01 2.539531881959538120e-02 2.104862677305660915e-02
1.038614434116932050e-01 8.537109285185460195e-01 2.394713369055653795e-02 1.848049437920450816e-02
9.816135647590214230e-02 8.626316724853578810e-01 2.277942927616693689e-02 1.642754176257271367e-02
9.299006687855727871e-02 8.697253481666591401e-01 2.193387155730839796e-02 1.535071339747519532e-02
9.062360351880353881e-02 8.708863590750512973e-01 2.224276322063657718e-02 1.624727418550856936e-02
9.221242043310358405e-02 8.620749674770188387e-01 2.476452291807673331e-02 2.094808917180149971e-02
1.014318448667537176e-01 8.353832800446753248e-01 3.004787674208871454e-02 3.313699834648191345e-02
1.165417341232004023e-01 7.850708265213971471e-01 3.859176961633935948e-02 5.979566973906279281e-02
1.370592002426846978e-01 7.026454580564481800e-01 5.067154327405583303e-02 1.096237984268111365e-01
1.613125348071479670e-01 5.910703139817178320e-01 6.486150979987974352e-02 1.827556414112546102e-01
1.811177715927089760e-01 4.792900561275942328e-01 7.726936158335272198e-02 2.623228106963441109e-01
1.881101544492905231e-01 3.889293750078560152e-01 8.655318074882832613e-02 3.364072897940250662e-01
1.856017161317229935e-01 3.118421944949211766e-01 9.307165944953794956e-02 4.094844299238179497e-01
1.707449664080415985e-01 2.476399742470419829e-01 9.695601996342248508e-02 4.846590393814940168e-01
1.479668632827936259e-01 1.960634726645830717e-01 9.791173865494622042e-02 5.580579253976769571e-01
1.218933909322270775e-01 1.563084855578603660e-01 9.687200006550596154e-02 6.249261234444065671e-01
9.745959746841381666e-02 1.276331715661767618e-01 9.573870391162057902e-02 6.791685270537884955e-01
7.954081375306271129e-02 1.105533694810932194e-01 9.693191158274709618e-02 7.129739051830968899e-01
7.045208460147253660e-02 1.056754906121743776e-01 1.025029040574253619e-01 7.213695207289275713e-01
6.931369144441287822e-02 1.126584621726180041e-01 1.136305059974182935e-01 7.043973403855506854e-01
7.418176683286713258e-02 1.317665381230744004e-01 1.310577138303380962e-01 6.629939812137204402e-01
8.396895644511494228e-02 1.668544307495534451e-01 1.549911752181455382e-01 5.941854375871861160e-01
9.753650933651940302e-02 2.211496947182664818e-01 1.816051235278287601e-01 4.997086724173850358e-01
1.118264261362875434e-01 2.866572559568818512e-01 2.026547413083483740e-01 3.988615765984819261e-01
1.235165839197538279e-01 3.469103005938253825e-01 2.142951014752247640e-01 3.152780140111959839e-01
1.317207202447264192e-01 3.871323379439690071e-01 2.207689825770847158e-01 2.603779592342201354e-01
1.352229109673140084e-01 4.068047921167261549e-01 2.257111278040603297e-01 2.322611691118994237e-01
1.347324929900957369e-01 4.082367177405079595e-01 2.325107426529231802e-01 2.245200466164730124e-01
1.315061333429519697e-01 3.957208394193109102e-01 2.407284188898316801e-01 2.320446083479053290e-01
1.262169586512845998e-01 3.733612787549327461e-01 2.494352712864778832e-01 2.509864913073046599e-01
1.189017994621430901e-01 3.434653412035944542e-01 2.570360609252769213e-01 2.805967984089854927e-01
1.099618483473749908e-01 3.101848805122260355e-01 2.595077688491501111e-01 3.203455022912491401e-01
9.907750336402405822e-02 2.789986927739888656e-01 2.608242328714246439e-01 3.610995709905628348e-01
8.717799758586917969e-02 2.564404105495203257e-01 2.669443096926578662e-01 3.894372821719527811e-01
7.550940441807788006e-02 2.426637567245215621e-01 2.817975737640079359e-01 4.000292650933928162e-01
6.449853116702189415e-02 2.331052178051125912e-01 3.041819410266162205e-01 3.982143100012492942e-01
5.399910881404546698e-02 2.208512708114105105e-01 3.277046880507107907e-01 3.974449323238330445e-01
4.387430333113479658e-02 2.026149465335182198e-01 3.459656311417166896e-01 4.075451189936303842e-01
3.474821624253680158e-02 1.804474153617648124e-01 3.555568824503826386e-01 4.292474859453153657e-01
2.743276618862905414e-02 1.573859618977267727e-01 3.552214436846778400e-01 4.599598282289663054e-01
2.209572887358094567e-02 1.352233542811900613e-01 3.466052206330643148e-01 4.960756962121649072e-01
1.841057550677009311e-02 1.151015272256333544e-01 3.341888134535836441e-01 5.322990838140129188e-01
1.610657846358857018e-02 9.914320350802155457e-02 3.246099427355156886e-01 5.601402752928739126e-01
1.501023236167846851e-02 8.936884951787908704e-02 3.237947097153960896e-01 5.718262084050462768e-01
1.506305619941250909e-02 8.658969987298735516e-02 3.311526844205455733e-01 5.671945595070548851e-01
1.631427379659460344e-02 9.208915445449702974e-02 3.440817933135140172e-01 5.475147784353939784e-01
1.858855993109687771e-02 1.069548468940711983e-01 3.614234612951275905e-01 5.130331318797045626e-01
2.140109162755640670e-02 1.277083664991111589e-01 3.748176468624568880e-01 4.760728950108755186e-01
2.418519065624083128e-02 1.464205502627547728e-01 3.715733778418974231e-01 4.578208812391069693e-01
2.631342007389674345e-02 1.575972617338918802e-01 3.448283905019790541e-01 4.712609276902323674e-01
2.706921959843855072e-02 1.590057765846112081e-01 2.923041181456578208e-01 5.216208856712925002e-01
2.585935525710293670e-02 1.491024289856419105e-01 2.200448475679789018e-01 6.049933681892762927e-01
2.296378831503363346e-02 1.296992490524864206e-01 1.489281870516017681e-01 6.984087755808783271e-01
1.957191030439269647e-02 1.092949392805219883e-01 9.917027545422710255e-02 7.719628749608582474e-01
1.682170756248378349e-02 9.546412505769202861e-02 7.210071476596748019e-02 8.156134526138567598e-01
1.523847209942028220e-02 9.000642938865459353e-02 5.981100537887398122e-02 8.349440931330510685e-01
1.537406869708974992e-02 9.575361874805127238e-02 5.729270586799935921e-02 8.315796066868597070e-01
1.813089254941072787e-02 1.195833560795644401e-01 6.308603687099181845e-02 7.991997145000330205e-01
2.389089596420548509e-02 1.658662698953549119e-01 7.574604359265470210e-02 7.344967905477844949e-01
3.102162407520922885e-02 2.277606931247834476e-01 9.308962068374460053e-02 6.481280621162627265e-01
3.602994335845842444e-02 2.887888828551741227e-01 1.151494370985574334e-01 5.600317366878099223e-01
3.638800649047888025e-02 3.330807080905618944e-01 1.447879546198481415e-01 4.857433307991107507e-01
3.265649820334857317e-02 3.527146654283705440e-01 1.847229706824917161e-01 4.299058656857886462e-01
2.706495613158480321e-02 3.470658293877710299e-01 2.335665626770573877e-01 3.923026518035866439e-01
2.151227566189055362e-02 3.239830956117956129e-01 2.829842378014070237e-01 3.715203909249067959e-01
1.706631188816417830e-02 2.992251752951561317e-01 3.210973590335098882e-01 3.626111537831693821e-01
1.389421581716310597e-02 2.829018267745806448e-01 3.415450467944118329e-01 3.616589106138444198e-01
1.189118320187180187e-02 2.775046753498037755e-01 3.396225812769839703e-01 3.709815601713408184e-01
1.101417653331396990e-02 2.839734712906450964e-01 3.098859771494450466e-01 3.951263750265961439e-01
1.097951490235204303e-02 3.043528458982345253e-01 2.579542217153377726e-01 4.267134174840757632e-01
1.151983079369576363e-02 3.381314432865001329e-01 1.995914233672575200e-01 4.507573025525465904e-01
1.255716810470201318e-02 3.682867970213501985e-01 1.463404927980140879e-01 4.728155420759338479e-01
1.401273626152296781e-02 3.711785236783566311e-01 1.040374614116068575e-01 5.107712786485134604e-01
1.560357230237863907e-02 3.455628762459704295e-01 7.397500264330095221e-02 5.648585488083499584e-01
1.704901806643049911e-02 3.075712785296059737e-01 5.409112821186595060e-02 6.212885751920974586e-01
1.798529418093442953e-02 2.709579228974951515e-01 4.201877242478074814e-02 6.690380104967894592e-01
1.819261779360548809e-02 2.420640528953846293e-01 3.601703524863879985e-02 7.037262940623714158e-01
1.817923645703804075e-02 2.249098554852308751e-01 3.442627028512817294e-02 7.224846377726029667e-01
1.956598954412490030e-02 2.234869888401203319e-01 3.839059824076439947e-02 7.185564233749901497e-01
