2.247340424246114521e-01 1.499138693257605071e-01 1.994272966575835401e-02 6.054093585838699054e-01
2.522007669909250294e-01 2.138490069768451685e-01 4.057524888723861856e-01 1.281977371598433113e-01
2.597224277404641124e-01 2.362767693306321304e-01 3.712000437792870033e-01 1.328007591496166429e-01
2.744960767751937203e-01 2.743543592521341390e-01 3.119965083202301814e-01 1.391530556524417372e-01
2.896917994798007268e-01 3.251494180013347335e-01 2.406986630976710728e-01 1.444601194211938833e-01
3.022774270616410131e-01 3.775791499048895550e-01 1.729413241882327423e-01 1.472020988452366896e-01
3.119121756146906455e-01 4.261765713703988268e-01 1.122003152504208040e-01 1.497109377644897932e-01
3.223273536255926164e-01 4.555013669664241260e-01 6.490316004728789723e-02 1.572681193606954853e-01
3.379291668435712159e-01 4.526001638259586346e-01 3.438526406094024462e-02 1.750854052695299812e-01
3.619659939804629745e-01 4.136109532980181691e-01 1.765261826854321731e-02 2.067704344529756322e-01
3.945563380400575748e-01 3.462382761707443191e-01 9.377437778337816693e-03 2.498279480108605288e-01
4.294650275916752635e-01 2.740955588973363333e-01 5.264055458060324169e-03 2.911753580529281571e-01
4.751212458274098882e-01 2.067354715243168162e-01 3.247834646565825843e-03 3.148954480017073787e-01
5.330747141889375929e-01 1.523129372278694271e-01 2.148504326298037934e-03 3.124638442568946073e-01
6.014234996789258325e-01 1.114569632750307820e-01 1.634728772108078433e-03 2.854848082739353532e-01
6.730094774567104698e-01 8.019349513314259770e-02 1.191452778855449065e-03 2.456055746312917343e-01
7.354811220169087393e-01 5.856607724759226030e-02 9.384060949764662807e-04 2.050143946405224848e-01
7.853910414511869886e-01 4.393685547639276240e-02 8.044702032775564093e-04 1.698676328691424708e-01
8.248307700923162011e-01 3.363001887737205459e-02 7.331264572732284655e-04 1.408060845730385591e-01
8.586011797365188380e-01 2.583054920787874673e-02 6.799557859516949928e-04 1.148883152696503207e-01
8.895200435041208387e-01 1.970308673494279225e-02 6.231676992982650111e-04 9.015370206163805800e-02
9.160840639469682856e-01 1.505938782733307404e-02 5.701286333432721825e-04 6.828641959235545733e-02
9.367901998739929237e-01 1.172736248409914604e-02 5.288362692941164962e-04 5.095360137261385758e-02
9.518609463697793593e-01 9.435879819173223493e-03 4.976030503188704889e-04 3.820557076072858549e-02
9.626546524769009627e-01 7.818382756897066313e-03 4.641896987111544153e-04 2.906277506749092160e-02
9.707767190557261561e-01 6.472218204774089247e-03 4.106746815316403461e-04 2.234038805796813298e-02
9.765990984762207283e-01 5.345835144094430134e-03 3.464072110663339176e-04 1.770865916861871087e-02
9.800091249048966668e-01 4.588655367316223088e-03 2.962892847081918454e-04 1.510593044307902838e-02
9.815302946607651347e-01 4.161060319630997296e-03 2.657104788395714032e-04 1.404293454076451300e-02
9.816699565510180747e-01 3.941212176173073019e-03 2.494282906170787397e-04 1.413940298219179374e-02
9.808693857130971194e-01 3.810579413997176954e-03 2.380853852571454077e-04 1.508194948764851953e-02
9.795804789760339526e-01 3.715058503465750242e-03 2.248680207359870402e-04 1.647959449976462223e-02
9.787887422168159990e-01 3.630238525141700565e-03 2.041481572770299389e-04 1.737687110076552299e-02
9.794298505506386920e-01 3.592882829357616371e-03 1.761830832059427634e-04 1.680108353679790265e-02
9.802761606756437152e-01 3.824747737619971482e-03 1.570671473419678289e-04 1.574202443939428861e-02
9.793740311806978793e-01 4.587394685284057645e-03 1.599665383598084943e-04 1.587860759565845950e-02
9.755311531440282735e-01 6.143553808134332404e-03 1.911803426321691604e-04 1.813411270520523186e-02
9.676316900918211505e-01 8.871182656961672588e-03 2.611673574030336296e-04 2.323595989381416205e-02
9.541111431926247999e-01 1.337266715633828908e-02 3.925824637309178588e-04 3.212360718730643272e-02
9.353202938053650772e-01 1.990808265199914620e-02 5.972030278887117743e-04 4.417442051474705644e-02
9.151159394146863857e-01 2.786926921946852875e-02 8.428146725503755238e-04 5.617197669329479504e-02
8.972917853911352992e-01 3.654704338577621781e-02 1.081811035720938157e-03 6.507936018736761030e-02
8.827078828537929800e-01 4.576777871706957240e-02 1.300191428584092281e-03 7.022414700055318315e-02
8.705873444122005367e-01 5.561135623740341011e-02 1.519724752849599793e-03 7.228157459754636083e-02
8.616029443551371791e-01 6.542881949513336404e-02 1.746558901758235192e-03 7.122167724797132116e-02
8.571859814516195053e-01 7.401835024053532441e-02 1.959732623388236051e-03 6.683593568445715671e-02
8.573659041311988416e-01 8.052057911417441483e-02 2.136699002669583455e-03 5.997681775195728981e-02
8.597176705856056644e-01 8.514761697912057170e-02 2.301512019014924099e-03 5.283320041625845509e-02
8.610134740762294125e-01 8.882539783058002181e-02 2.539835330916196190e-03 4.762129276227472507e-02
8.613625411647027885e-01 9.141741186127012864e-02 2.890638432777445452e-03 4.432940854124960139e-02
8.618612704832843141e-01 9.283694559232442967e-02 3.358481356669663388e-03 4.194330256772174637e-02
8.637208840445140812e-01 9.284337958004283686e-02 3.917644482219526970e-03 3.951809189322365301e-02
8.682386087075568692e-01 9.067182285330423197e-02 4.496612568121165221e-03 3.659295587101770580e-02
8.757185726295955153e-01 8.584382051971080341e-02 5.010415014482363059e-03 3.342719183621136597e-02
8.824801032290137126e-01 8.037582385660735351e-02 5.586863213961799739e-03 3.155720970041705348e-02
8.830442942904654924e-01 7.767181248143673056e-02 6.589722626369760861e-03 3.269417060172777334e-02
8.750473507510572180e-01 7.907378585628853374e-02 8.321136045498998476e-03 3.755772734715539379e-02
8.603790264613295768e-01 8.323774314688021925e-02 1.073561451967156542e-02 4.564761587211849103e-02
8.437348982002406128e-01 8.759860535974588192e-02 1.333603045884565290e-02 5.533046598116784370e-02
8.314906927388890923e-01 8.952927511879046896e-02 1.525763029518172227e-02 6.372240184713866273e-02
8.246650704014732991e-01 8.923850457475797360e-02 1.613976050576185206e-02 6.995666451800690300e-02
8.183470312663776447e-01 8.905936620350578259e-02 1.640315571288696039e-02 7.619044681722976498e-02
8.065145188017199818e-01 9.117475785060885629e-02 1.671062869786367824e-02 8.560009464980747329e-02
7.867418289249695773e-01 9.588356166455973273e-02 1.733892940273167385e-02 1.000356800077389502e-01
7.638881949332115839e-01 1.005386071495170119e-01 1.795388456231754304e-02 1.176193133549534725e-01
7.498115192410008678e-01 9.976134709424171187e-02 1.774747915498270379e-02 1.326796545097752023e-01
7.489155904373203665e-01 9.445365278370400353e-02 1.700089865017360286e-02 1.396298581288022700e-01
7.641029167872915862e-01 8.434245506889444244e-02 1.543464097277713609e-02 1.361199871710371823e-01
7.884275562300777640e-01 7.278745172550586673e-02 1.347204300796045473e-02 1.253129490364559562e-01
8.163775902235479442e-01 5.976822500791345583e-02 1.112520922986907392e-02 1.127289755386698816e-01
8.390249794099954306e-01 4.863305257590481295e-02 9.025948918429421708e-03 1.033160190956703695e-01
8.535628120262943597e-01 4.033999851798367869e-02 7.317894795598336478e-03 9.877929466012372317e-02
5.813123641171707989e-01 9.689668899295426560e-03 2.428930575371602077e-03 4.065690364081622765e-01
2.577997552617967703e-01 5.578793288294859876e-01 1.008830144607848339e-01 8.343790144793243602e-02
2.747356229539797967e-01 5.856517348336830464e-01 6.587657127348127417e-02 7.373607093885563291e-02
2.958371111593224301e-01 6.014851461005129574e-01 3.931259878710965938e-02 6.336514395305481440e-02
3.255574039802676123e-01 5.983261552591194743e-01 2.204303027961405925e-02 5.407341048099872927e-02
3.688219468002287282e-01 5.725304710821902399e-01 1.178255851925555549e-02 4.686502359832554754e-02
4.346511058724381593e-01 5.168681718248928636e-01 6.659534811114371788e-03 4.182118749155493836e-02
5.282850755554979738e-01 4.293399900784478085e-01 3.912147905498041499e-03 3.846278646055593248e-02
6.413795225602875183e-01 3.203763748127775868e-01 2.410943032431340626e-03 3.583315959450368571e-02
7.480548156482752509e-01 2.178175754736084435e-01 1.554476268444412047e-03 3.257313260967222707e-02
8.287859045756352794e-01 1.421448959540878298e-01 1.023491869766857566e-03 2.804570760050994691e-02
8.814860856788393484e-01 9.464205282697195354e-02 6.959497223271382755e-04 2.317591177186161325e-02
9.124624240866340275e-01 6.783397744734565027e-02 5.102650548668887908e-04 1.919333341115349659e-02
9.283706038556331919e-01 5.461420901227865415e-02 4.854225949244699869e-04 1.652976453716370475e-02
9.395355195181626096e-01 4.583705684281544346e-02 4.008058645404555644e-04 1.422661777448156264e-02
9.472787660217434347e-01 4.006789041517860861e-02 3.406347150576454516e-04 1.231270884802032964e-02
9.541865968847467183e-01 3.480464805387359362e-02 2.983422324795731331e-04 1.071041282890002402e-02
9.610754347403382969e-01 2.925055384565370883e-02 2.706382136733830979e-04 9.403373200334514195e-03
9.672304513735229259e-01 2.413496156292987624e-02 2.551510148522630932e-04 8.379436048694897596e-03
9.720215260853205530e-01 2.009178504388680134e-02 2.501172134920839332e-04 7.636571657300600217e-03
9.753378165342857509e-01 1.727846509119343454e-02 2.533795773558219252e-04 7.130338797164784657e-03
9.770905653668925384e-01 1.580299199181338723e-02 2.661919634099560190e-04 6.840250677883978961e-03
9.771786815643473956e-01 1.579829874483916485e-02 2.911164103756598413e-04 6.731903280437883871e-03
9.757355477905954588e-01 1.724573220227623715e-02 3.260780906746905115e-04 6.692641916453834737e-03
9.727005835163538006e-01 2.018618225794309787e-02 3.731050730076228283e-04 6.740129152695479610e-03
9.678412942543027642e-01 2.468394392442883889e-02 4.432724593225704102e-04 7.031489361945767770e-03
9.625560237922335949e-01 2.961936006906867522e-02 5.227745863436667004e-04 7.301841552353908159e-03
9.593076030786530373e-01 3.311941415856052562e-02 5.701746533243778935e-04 7.002808109461945707e-03
9.580781198539505272e-01 3.515511622496134136e-02 5.773881155432630764e-04 6.189375805544874293e-03
9.569464850299395087e-01 3.721148449496197025e-02 5.652848357555422367e-04 5.276745639342923441e-03
9.550248746203806594e-01 3.972228862496397089e-02 6.593905579346526213e-04 4.593446196720673766e-03
9.486185193116445369e-01 4.626893865965591573e-02 6.879524776452267858e-04 4.424589551054456879e-03
9.395219834452067653e-01 5.507142695352132411e-02 7.477875738829693319e-04 4.658802027389039035e-03
9.302415590499519826e-01 6.385431858415643869e-02 8.117644106963103770e-04 5.092357955195169102e-03
9.227240645921460649e-01 7.082771752296430912e-02 8.628368915105788647e-04 5.585380993378997148e-03
9.176916807552397692e-01 7.533479780783408630e-02 8.946222806629965064e-04 6.078899156263672596e-03
9.153120261984641903e-01 7.721073109603643347e-02 9.045171136569451565e-04 6.572725591842224283e-03
9.154011986855264960e-01 7.654563324654106715e-02 8.975574688700502062e-04 7.155610599062553652e-03
9.169348532616572456e-01 7.410149074991284612e-02 8.934659678727380899e-04 8.070190020557456434e-03
9.182151675990513073e-01 7.110840216112221390e-02 9.237790646432644890e-04 9.752651175182961221e-03
9.173547862263133901e-01 6.902360796328539660e-02 1.008678916373100280e-03 1.261292689402812063e-02
9.132939177779909601e-01 6.896055973234405112e-02 1.138956500107706762e-03 1.660656598955714131e-02
9.047149615491313357e-01 7.190718284766105250e-02 1.341587712290790791e-03 2.203626789091672061e-02
8.896681888784958581e-01 7.847406489426624054e-02 1.691617434228264317e-03 3.016612879300983874e-02
8.668176067536571550e-01 8.846397710429343419e-02 2.263927111135165086e-03 4.245448903091417203e-02
8.372581857657774851e-01 1.002115756991372592e-01 3.081258401390495408e-03 5.944898013369478984e-02
8.030462718250156451e-01 1.118150757713895077e-01 4.132389468951508903e-03 8.100626293464323335e-02
7.621852444384349390e-01 1.243375145461401571e-01 5.477645396943591448e-03 1.079995956184814643e-01
7.114609428163777283e-01 1.401825258256075013e-01 7.162659816093026530e-03 1.411938715419216450e-01
6.554950061717328413e-01 1.584337084470537893e-01 9.004188589779972898e-03 1.770670967914333149e-01
6.057471662829977399e-01 1.748664324813180293e-01 1.068342396021475758e-02 2.087029772754695756e-01
5.636954794721658057e-01 1.927464004959854038e-01 1.271748879787615479e-02 2.308406312339724431e-01
5.323899405107922478e-01 2.124696337523606926e-01 1.560988012292205060e-02 2.395305456139250611e-01
5.099650670150828180e-01 2.370077201287643098e-01 2.024976149005514037e-02 2.327774513660979816e-01
4.983517943776810677e-01 2.633599419196990810e-01 2.692387777123963696e-02 2.113643859313805717e-01
4.885743431261557745e-01 2.935386750511758125e-01 3.605280938699972210e-02 1.818341724356689060e-01
4.646543804649193032e-01 3.316575362868178223e-01 4.882369351195230828e-02 1.548643897363103095e-01
4.281728394715992869e-01 3.722865377323474334e-01 6.482521124407929214e-02 1.347154115519741957e-01
3.858411144565833673e-01 4.137584695981456062e-01 8.279877576530254857e-02 1.176016401799686306e-01
3.464315835922113784e-01 4.528322221949545034e-01 1.003668008557624808e-01 1.003693933570716235e-01
3.113481881256761619e-01 4.896105371244200422e-01 1.152614977630029014e-01 8.377977698690076969e-02
2.786859163174574827e-01 5.263912960715804168e-01 1.248083543404510387e-01 7.011443327051075647e-02
2.486552574697365736e-01 5.646476535638367267e-01 1.264267176157040928e-01 6.027037135072257912e-02
2.224172435914067714e-01 6.029718076641087388e-01 1.207620330870894654e-01 5.384891565739514940e-02
1.992108252100104338e-01 6.366703500348195321e-01 1.134079229560059771e-01 5.071090179916422358e-02
1.781322961763892876e-01 6.607696169791557050e-01 1.100844655429226854e-01 5.101362130153234281e-02
1.592169443135960094e-01 6.728026739222544572e-01 1.132642235018541110e-01 5.471615826229542234e-02
1.432354640399412238e-01 6.703327952111743926e-01 1.241076007300448425e-01 6.232414001883949256e-02
1.313074156255276126e-01 6.502877707203661428e-01 1.432561110474129540e-01 7.514870260669355428e-02
1.240916126250788676e-01 6.114633930099506731e-01 1.696974686175599933e-01 9.474752574741066025e-02
1.210964507018550268e-01 5.575725601110306240e-01 1.994468813725026324e-01 1.218841078146118556e-01
1.203107454253299763e-01 4.966239439298130165e-01 2.276485350987809131e-01 1.554167755460763856e-01
9.448508917810910512e-01 4.409503752368694462e-02 6.615845111419418152e-04 1.039248618408003359e-02
2.073853545536672727e-01 4.396932746152927840e-01 1.308813710576946510e-01 2.220399997733450981e-01
2.056438590406260980e-01 4.295520277610557769e-01 1.087241272001185505e-01 2.560799859981996440e-01
2.024356629871572333e-01 4.082962421824081756e-01 9.070017379925342238e-02 2.985679210311807386e-01
1.981944682026879068e-01 3.773349009317338854e-01 7.630070185552109696e-02 3.481699290100569444e-01
1.931876770758712558e-01 3.395908639840649057e-01 6.466553308245560905e-02 4.025559258576081878e-01
1.878110557656786084e-01 2.991724673194515738e-01 5.502077695129852647e-02 4.579956999635714232e-01
1.834046304510648651e-01 2.611724762769417896e-01 4.689710504083721698e-02 5.085257882311560174e-01
1.825569193369981913e-01 2.287697087998000478e-01 3.998702552279873729e-02 5.486863463404028085e-01
1.889372011554152075e-01 2.005316094818252737e-01 3.422817758018793788e-02 5.763030117825717058e-01
2.056981942621128323e-01 1.740050734961189061e-01 2.969016710291481898e-02 5.906065651388537896e-01
2.336727797046999344e-01 1.493903956763691643e-01 2.597081478959603965e-02 5.909660098293348929e-01
2.746145933793447402e-01 1.288930648701960557e-01 2.255327632169809582e-02 5.739390654287608307e-01
3.330406981969103453e-01 1.142493769414617277e-01 1.900251694086592044e-02 5.337074079207619892e-01
4.102646421754376771e-01 1.057562378236321238e-01 1.567642087033654236e-02 4.683026991305937470e-01
4.964116549827167768e-01 1.032730091561166186e-01 1.253841442928082910e-02 3.877769214318860236e-01
5.680080931438510339e-01 1.074221838253484052e-01 1.009467047209553978e-02 3.144750525587050594e-01
6.028448157164687515e-01 1.197946490245786477e-01 8.654211753343077351e-03 2.687063235056093013e-01
5.941211051344549299e-01 1.442410147820896715e-01 8.295708585108465746e-03 2.533421714983468687e-01
5.553887987751436883e-01 1.786900332876467379e-01 8.491188617111249462e-03 2.574299793200983122e-01
5.055423582167934970e-01 2.212488648724460771e-01 8.740782400410122485e-03 2.644679945103500240e-01
4.591765046480034140e-01 2.736924202844794873e-01 8.762808698554915704e-03 2.583682663689621517e-01
4.254181959191526974e-01 3.323949515579227576e-01 8.134774890413924014e-03 2.340520776325105134e-01
3.892968454486884777e-01 4.017769386635553497e-01 7.326516792544672182e-03 2.015996990952110823e-01
3.524200149048096753e-01 4.679525802084513186e-01 6.665450248956156752e-03 1.729619546377828831e-01
3.118737938553085565e-01 5.278723105749453248e-01 6.292855104701886894e-03 1.539610404650444964e-01
2.720247096637405382e-01 5.771276726917415889e-01 6.296990903887707443e-03 1.445506267406302947e-01
2.427697975726761104e-01 6.100664019669839178e-01 6.589875537638160800e-03 1.405739249227016818e-01
2.332050136072752189e-01 6.207371402409210814e-01 7.132131750458619614e-03 1.389257144013452128e-01
2.480091082478643183e-01 6.051752078986515349e-01 8.004416174130181069e-03 1.388112676793540057e-01
2.884395741766097032e-01 5.631409675303368223e-01 9.124871689654309032e-03 1.392945866033993840e-01
3.514348281944096319e-01 4.995970436666344883e-01 1.013425202524715837e-02 1.388338761137086763e-01
4.281342334042501085e-01 4.243854864621483536e-01 1.068536750422858020e-02 1.367949126293729056e-01
5.057078791851794541e-01 3.494777576235139627e-01 1.070345048884532684e-02 1.341109127024612269e-01
5.709969956053746465e-01 2.857196018908886859e-01 1.040518561835008376e-02 1.328782168853867018e-01
6.161631017730408999e-01 2.378760402247544758e-01 1.010495231462020874e-02 1.358559056875844051e-01
6.339757931007998781e-01 2.090900656607176666e-01 1.031866810525244871e-02 1.466154731332297290e-01
6.258206887588141365e-01 1.944507584818939705e-01 1.111583306060344965e-02 1.686127196986885179e-01
5.992294129336683817e-01 1.875089682709092098e-01 1.223813348158434358e-02 2.010234853138379574e-01
5.610394423345888004e-01 1.864458908624997413e-01 1.374125183451063367e-02 2.387734149684010154e-01
5.225814165005121525e-01 1.881597722232200842e-01 1.541758862084910593e-02 2.738412226554184370e-01
4.932248105967073082e-01 1.912106132092665500e-01 1.691838760517423018e-02 2.986461885888517243e-01
4.748740054787855547e-01 1.956335787158833273e-01 1.797517786031681969e-02 3.115172379450142359e-01
4.614089605226593394e-01 2.033218305746620214e-01 1.860703839544190774e-02 3.166621705072367177e-01
4.439447360661549769e-01 2.164214764466821095e-01 1.886083944647972202e-02 3.207729480406831257e-01
4.149583051172379133e-01 2.352887416423369293e-01 1.865158837872664746e-02 3.311013648616986660e-01
3.727690314263335525e-01 2.579073324919233801e-01 1.770910409692636606e-02 3.516145319848171247e-01
3.225683139899599983e-01 2.804436559060150547e-01 1.574501212635897457e-02 3.812430179776658545e-01
2.712388889718273521e-01 2.985150539755767607e-01 1.287967748089454550e-02 4.173663795717009184e-01
2.240660772032878612e-01 3.059650323624014678e-01 9.690992843277505819e-03 4.602778975910328252e-01
1.835567188884841827e-01 2.960375169854176369e-01 6.894240664403022446e-03 5.135115234616948188e-01
1.541304403797035538e-01 2.633972118634411719e-01 4.827653969355183254e-03 5.776446937875001630e-01
1.332985148160218958e-01 2.156103430581443881e-01 3.422635527513165788e-03 6.476685065983208700e-01
1.180901484349470704e-01 1.639154265931324073e-01 2.459428980833506043e-03 7.155349959910869417e-01
1.026441491809041706e-01 1.198733501584254985e-01 1.788032315669342174e-03 7.756944683450011091e-01
8.754770909601269913e-02 8.725805872860696588e-02 1.332300430025293607e-03 8.238619317453548252e-01
7.328689385390536881e-02 6.589558980408913302e-02 1.052156398264677802e-03 8.597653599437408145e-01
5.941795292795573613e-02 5.243650045685362138e-02 8.918404516716828831e-04 8.872537061635190625e-01
4.585404383893377372e-02 4.310353122205501375e-02 7.920415825586158776e-04 9.102503833564525859e-01
3.404540080128851814e-02 3.615974452825820168e-02 7.308794669033272327e-04 9.290639752035497745e-01
2.531404534258839545e-02 3.162695378632832816e-02 7.205916607966952750e-04 9.423384092102866649e-01
1.968662789287294046e-02 2.975924118175020394e-02 7.807573868168335342e-04 9.497733735385602838e-01
1.655246270956344662e-02 3.080445234623690326e-02 9.390419260632976032e-04 9.517040430181363808e-01
1.542089954462744564e-02 3.538126279017666381e-02 1.266324743921428244e-03 9.479315129212746438e-01
1.605782267785918482e-02 4.458478351234854142e-02 1.927533543933043509e-03 9.374298602658591717e-01
1.801351542232974487e-02 5.932226353220233089e-02 3.177115946821545966e-03 9.194871050986461736e-01
2.011297198049370391e-02 7.854614995853480275e-02 5.225571550110517938e-03 8.961153065108609095e-01
2.065492496728612432e-02 9.862870188113455339e-02 8.150574023772009374e-03 8.725657991278070735e-01
1.918061122133499566e-02 1.169692453798329562e-01 1.235176086864057075e-02 8.514983825301914999e-01
1.753255770320165038e-02 1.355403683471046727e-01 1.895003550540347997e-02 8.279770384442900477e-01
1.700964585896768549e-02 1.572739113060185323e-01 2.921226068692664435e-02 7.965041821480869366e-01
1.748155210109048063e-02 1.832455321935048398e-01 4.457739003265333982e-02 7.546955256727514438e-01
2.780620679828497144e-01 3.836998145872754784e-01 8.328174677229976952e-02 2.549563706575749822e-01
5.751063531925875161e-01 3.895585736202753502e-01 5.839568680638068318e-03 2.949550450649925104e-02
6.020857012744907921e-01 3.654708383813885519e-01 4.846255224606421837e-03 2.759720511951383945e-02
6.152593025063561871e-01 3.513742164087465536e-01 4.720909328351105549e-03 2.864557175654633067e-02
6.197004686203807511e-01 3.425118360011484286e-01 5.192989330121577062e-03 3.259470604834944357e-02
6.196560648836012541e-01 3.357020020968122798e-01 6.018696581593930596e-03 3.862323643799242534e-02
6.194456310670515276e-01 3.285613885500132114e-01 6.922495528598666438e-03 4.507048485433692159e-02
6.235092423924748495e-01 3.188722605351976269e-01 7.675488149764166622e-03 4.994300892256330060e-02
6.351312564815828621e-01 3.051146764730082728e-01 8.166315753995987553e-03 5.158775129141258270e-02
6.548758814032871189e-01 2.872463711582452506e-01 8.399188871883966206e-03 4.947855856658371632e-02
6.804901360064802285e-01 2.668418216558187672e-01 8.384709145376957606e-03 4.428333319232397730e-02
7.089101810035162154e-01 2.453648212487215818e-01 8.116738952283562847e-03 3.760825879547850109e-02
7.371954214287572693e-01 2.238214019850932324e-01 7.662259719963768548e-03 3.132091686618591886e-02
7.622774745007880881e-01 2.044930736053019171e-01 7.044076108529670303e-03 2.618537578538054564e-02
7.808688958738327912e-01 1.900909832534943833e-01 6.368908732995169283e-03 2.267121213967741508e-02
7.930746234651658844e-01 1.804284995856522966e-01 5.723529543525004287e-03 2.077334740565692922e-02
8.031234352691937195e-01 1.721886332653563001e-01 5.031523796475854439e-03 1.965640766897402969e-02
8.133970224313332720e-01 1.636536337684909304e-01 4.278133702448554121e-03 1.867121009772687232e-02
8.236425851154030031e-01 1.553562147643001712e-01 3.522250023146438966e-03 1.747895009715028786e-02
8.357758475276728660e-01 1.461137966979515479e-01 2.740730626270740811e-03 1.536962514810458029e-02
8.517685608014393672e-01 1.339627125027156029e-01 1.979836422071995419e-03 1.228889027377312419e-02
8.676772470119046288e-01 1.214915864294459080e-01 1.402010055445819785e-03 9.429156503203681150e-03
8.764913309842021771e-01 1.147464461350656134e-01 1.073033683298627678e-03 7.689189197433761967e-03
8.727567913283589274e-01 1.191125999658716322e-01 9.576693676881325133e-04 7.172939338081312649e-03
8.525731266676670472e-01 1.386665522372797221e-01 1.014370632211149216e-03 7.745950462842092488e-03
8.105191208682048787e-01 1.787224262427178356e-01 1.248232232062067857e-03 9.510220657015136525e-03
7.400149495984779113e-01 2.453863124748650593e-01 1.717841344537373574e-03 1.288089658211957929e-02
6.431004014611307884e-01 3.362034797217637871e-01 2.502400900071155305e-03 1.819371791703441529e-02
5.382604849703863659e-01 4.330026465148716919e-01 3.636903690792566736e-03 2.509996482394939721e-02
4.485287066779498066e-01 5.149808593544989987e-01 4.956077429194413221e-03 3.153435653835668512e-02
3.870885294305551061e-01 5.724222827089623378e-01 6.142174300103037284e-03 3.434701356037946768e-02
3.472048422968321280e-01 6.123994082621052604e-01 6.894853925034780812e-03 3.350089551602767474e-02
3.216324013694601414e-01 6.392860784906172489e-01 7.344137176688952245e-03 3.173738296323364017e-02
3.004190789921410421e-01 6.611266542850815497e-01 7.604375382031335409e-03 3.084989134074624106e-02
2.770691490774203625e-01 6.829940312863242990e-01 7.857088324335164548e-03 3.207973131192023292e-02
2.507784977095217083e-01 7.043545783486947487e-01 8.106555009501950973e-03 3.676036893228138563e-02
2.326153018833276021e-01 7.122021792290715858e-01 9.005279436568158075e-03 4.617723945103251876e-02
2.271582884448466177e-01 7.012883811942396406e-01 1.059074243282932641e-02 6.096258792808423310e-02
2.334110319980807202e-01 6.724277592775395052e-01 1.347221517889279040e-02 8.068899354548725311e-02
2.536559428294815066e-01 6.250891932278885843e-01 1.699451188578929989e-02 1.042603520568407688e-01
2.870538261098393162e-01 5.656445521757197392e-01 2.147410903647109515e-02 1.258275126779697384e-01
3.389651940279269637e-01 4.980041857151671358e-01 2.630521518665041372e-02 1.367254050702552681e-01
4.124067227038043515e-01 4.241417187850562431e-01 3.040764542755928709e-02 1.330439130835804062e-01
5.006436960651841073e-01 3.477509704304150850e-01 3.270747074006195854e-02 1.188978627643391683e-01
5.848841431501554666e-01 2.795816715178801037e-01 3.322564753940027149e-02 1.023085377925639639e-01
6.398028912971670534e-01 2.349298003498906939e-01 3.358374683073216821e-02 9.168356152220998034e-02
6.498171518458710771e-01 2.230230137314295480e-01 3.690950529642058470e-02 9.025032912627860282e-02
6.251463406893850161e-01 2.358984960047421364e-01 4.338864150604083980e-02 9.556652179983170237e-02
5.827587204663913223e-01 2.621761052154257254e-01 5.243324853548547715e-02 1.026319257826977527e-01
5.356707205673681971e-01 2.934079322035806348e-01 6.387255813101219704e-02 1.070487890980389850e-01
4.942628987999594381e-01 3.212506093176960564e-01 7.597438153578905951e-02 1.085121103465553349e-01
4.487494297498510476e-01 3.495324069630793562e-01 9.041672632310125690e-02 1.113014369639680062e-01
3.899991731172674503e-01 3.813007141705150316e-01 1.082232324985150929e-01 1.204768802137024808e-01
3.267595389350598789e-01 4.111076120095407127e-01 1.260801514331346962e-01 1.360526976222647122e-01
2.754611022867008430e-01 4.324225048951309547e-01 1.390586150843156621e-01 1.530577777338528178e-01
2.387486190236503825e-01 4.465658060764430282e-01 1.469316375434618349e-01 1.677539373564448655e-01
2.096789251721610514e-01 4.552230119651573537e-01 1.542555613304996132e-01 1.808425015321817042e-01
1.829916507690440008e-01 4.571175980215078094e-01 1.653996880244498757e-01 1.944910631849982585e-01
1.580280295539510105e-01 4.529918843072869294e-01 1.808702320523600804e-01 2.081098540864018687e-01
1.361066880231595888e-01 4.467386633034151622e-01 1.982554337029308333e-01 2.188992149704945267e-01
1.182154162100720191e-01 4.422967291506328946e-01 2.146493146738854274e-01 2.248385399654098948e-01
1.050068428803433845e-01 4.403373336091720991e-01 2.282465038877658503e-01 2.264093196227183469e-01
9.377525696562358237e-02 4.410855833957941785e-01 2.372581822944497820e-01 2.278809773441324293e-01
8.504778801515999742e-02 4.367872246479660436e-01 2.422596463988238580e-01 2.359053409380501565e-01
7.910356402221645211e-02 4.269299714505210286e-01 2.412174212662806516e-01 2.527490432609818538e-01
7.598766038397930522e-02 4.196831217281134507e-01 2.299448817794118582e-01 2.743843361084953858e-01
7.569654177016876817e-02 4.193891482389221492e-01 2.106320331540031399e-01 2.942822768369059983e-01
7.753036017324738127e-02 4.324512376238577871e-01 1.858823999838012386e-01 3.041360022190937595e-01
8.017144959506290747e-02 4.547455113832996054e-01 1.621094962001999040e-01 3.029735428214374027e-01
8.270316824311481352e-02 4.717246161561320372e-01 1.439597601771681334e-01 3.016124554235851685e-01
8.459394296105046673e-02 4.722230152587104102e-01 1.328917676037617568e-01 3.102912741764775051e-01
8.575998339012939897e-02 4.565091346486197521e-01 1.274238496527221598e-01 3.303070323085288695e-01
4.549318870850692018e-03 8.512409042273128001e-02 5.475368356369195721e-01 3.627897550694985096e-01
5.609079299784615856e-03 1.084764762177729269e-01 4.790985638592172857e-01 4.068158806232252678e-01
6.814387152434322852e-03 1.301977959383385786e-01 4.109018070776354614e-01 4.520860098315913067e-01
8.017833317521283823e-03 1.422654787877200566e-01 3.517225906238525823e-01 4.979940972709057667e-01
9.204527545389454626e-03 1.424022193542274772e-01 3.058951961380395046e-01 5.424980569623437665e-01
1.042427985262447260e-02 1.327629450257724886e-01 2.722226259157681794e-01 5.845901492058349636e-01
1.189397123372035528e-02 1.216840771106606628e-01 2.433069502042759791e-01 6.231150014513427982e-01
1.339283419897138554e-02 1.121747216095367455e-01 2.166863893847704725e-01 6.577460548067212143e-01
1.449724998342807880e-02 1.050911147604030316e-01 1.906283591071296357e-01 6.897832761490388931e-01
1.531987541133704271e-02 9.865855974479025015e-02 1.669102334913988850e-01 7.191113313524737372e-01
1.639564410945839462e-02 9.675520910065203706e-02 1.466547968584883954e-01 7.401943499314010966e-01
1.800437733723598069e-02 1.025140731486995360e-01 1.329950336462878968e-01 7.464865158677764789e-01
1.998478513248812261e-02 1.178386037300391265e-01 1.282882192283745781e-01 7.338883919090982699e-01
2.174380700685772660e-02 1.417541199675504127e-01 1.345963652080164885e-01 7.019057078175753306e-01
2.256862726560138199e-02 1.664703205706349609e-01 1.561482077541148372e-01 6.548128444096488199e-01
2.319061817623330191e-02 1.813183249503608208e-01 1.969212651414687376e-01 5.985697917319370287e-01
2.525074919077893026e-02 1.907636566331872008e-01 2.491851021016540935e-01 5.348004920743798518e-01
2.956890948721022094e-02 2.144864814797829422e-01 2.938198512473160218e-01 4.621247577856907873e-01
3.599451388051164158e-02 2.622130930831629847e-01 3.162848981522032865e-01 3.855074948841217819e-01
4.312068341047226722e-02 3.295590952369550353e-01 3.146717596966331909e-01 3.126484616559396246e-01
4.940054363880080901e-02 4.019262180739475165e-01 2.991381934993972980e-01 2.495350447878544875e-01
5.232231490725026968e-02 4.640974645137135868e-01 2.820662191894642290e-01 2.015140013895718174e-01
5.425787948743621136e-02 4.989555541704024932e-01 2.737524298512244991e-01 1.730341364909369906e-01
1.206609834800645847e-01 7.881116868458815095e-01 6.660202583878642446e-02 2.462530383526741196e-02
1.206442244023906846e-01 8.004931086803916962e-01 5.391216637391174626e-02 2.495050054330611236e-02
1.220706487627270520e-01 8.079888919371360778e-01 4.461115633527858865e-02 2.532930296485804214e-02
1.233055714902366179e-01 8.125641324178097813e-01 3.825471781978886238e-02 2.587557827216413475e-02
1.221347713612868646e-01 8.167541759742764640e-01 3.442612321886245885e-02 2.668492944557432356e-02
1.177205275902809406e-01 8.215998173179107633e-01 3.273710543580631710e-02 2.794254965600218368e-02
1.120312863189504987e-01 8.261397629492852612e-01 3.251130702045878368e-02 2.931764371130521352e-02
1.081935319465429923e-01 8.296184099604209106e-01 3.257467436162810037e-02 2.961338373140812510e-02
1.082925106946850680e-01 8.311795868805941234e-01 3.218586973681592661e-02 2.834203268790442057e-02
1.116013814557700878e-01 8.314260305497899184e-01 3.118194294771954242e-02 2.579064504672038544e-02
1.151173416473407624e-01 8.324784420983980526e-01 2.973379200086869595e-02 2.267042425339260703e-02
1.177058089781708727e-01 8.343831867740036934e-01 2.804972730477683918e-02 1.986127694304884797e-02
1.157144607035093392e-01 8.401045003882064988e-01 2.653902840354624773e-02 1.764201050473775817e-02
1.111955361711280676e-01 8.469844769881538227e-01 2.530851752653483569e-02 1.651146931418352726e-02
1.065973830545183659e-01 8.506152192724315553e-01 2.521868165421099761e-02 1.756871601883915057e-02
1.038256504012436549e-01 8.458496852195658278e-01 2.737869834497244637e-02 2.294596603421797734e-02
1.071136559069495869e-01 8.233305960606697171e-01 3.248105160108839123e-02 3.707469643129288756e-02
1.164305097820012153e-01 7.739636193351498994e-01 4.101786838819506537e-02 6.858800249465379917e-02
1.335283307887993598e-01 6.854107972921446024e-01 5.297906602138450355e-02 1.280818058976715412e-01
1.563969994988880785e-01 5.634372379826015909e-01 6.593451603874334044e-02 2.142312464797669902e-01
1.677196713493548375e-01 4.517061541007244552e-01 7.541411972699073318e-02 3.051600548229298493e-01
1.696544165426364381e-01 3.635486134215994425e-01 8.092934964463556480e-02 3.858676203911288183e-01
1.599786882170077529e-01 2.935534986957140657e-01 8.469233179996867034e-02 4.617754812873096082e-01
1.419169983813096114e-01 2.350722301892698984e-01 8.700636058549834906e-02 5.360044108439222521e-01
1.196601542375128890e-01 1.874582300582067207e-01 8.822573754479395847e-02 6.046558781594864040e-01
9.706441551074289353e-02 1.499379255155389723e-01 8.924996566512190255e-02 6.637476933085965092e-01
7.744884549805867990e-02 1.225064986669552741e-01 9.135096525211096330e-02 7.086936905828751243e-01
6.380101046329864078e-02 1.066118423274163701e-01 9.580615132027796299e-02 7.337809958890069151e-01
5.733008093200556848e-02 1.036775364564951757e-01 1.035659012914582761e-01 7.354264813200410700e-01
5.724460673417017254e-02 1.146455216333753246e-01 1.155006814236546886e-01 7.126091902087998697e-01
6.218330809818092830e-02 1.418400305404911577e-01 1.326373071189607122e-01 6.633393542423670075e-01
7.121951718644160823e-02 1.913334083938708907e-01 1.545596020232363477e-01 5.828874723964511118e-01
8.267477592137506548e-02 2.677522739141645625e-01 1.752548204994717473e-01 4.743181296649890966e-01
9.293233346937707084e-02 3.609981977049028234e-01 1.859719662664915119e-01 3.600975025592282885e-01
9.922781089650478670e-02 4.479899723483664054e-01 1.859993645580313715e-01 2.667828521970971312e-01
1.018767586562564775e-01 5.092628499573247369e-01 1.826156542556340301e-01 2.062447371307848110e-01
1.021897127706698355e-01 5.408526967050466538e-01 1.829591285280708635e-01 1.739984619962122725e-01
1.012619206723860410e-01 5.477420896008481366e-01 1.901125399617445977e-01 1.608834497650211692e-01
9.988214214918704481e-02 5.342581102280354877e-01 2.052578150937829915e-01 1.606019325289948507e-01
9.863995308164009990e-02 5.034941955362451926e-01 2.289921981832444831e-01 1.688736531988701550e-01
9.492559323801282034e-02 4.602526288006068000e-01 2.610984109758205385e-01 1.837233669855597717e-01
9.055690576999908536e-02 4.072311531856928069e-01 2.985968293793590522e-01 2.036151116649489445e-01
8.300758025001406248e-02 3.590693487656297367e-01 3.369454791729894483e-01 2.209775918113665860e-01
7.275044423557028295e-02 3.231495778976044009e-01 3.775163975675489558e-01 2.265835802992766657e-01
6.118490423181120047e-02 2.985640946737255219e-01 4.210549119199861745e-01 2.191960891744770268e-01
4.960528946984923276e-02 2.795341680946182850e-01 4.652115734853295437e-01 2.056489689502029872e-01
3.896801005369007059e-02 2.596883452775502477e-01 5.049127738791792108e-01 1.964308707895805750e-01
2.971441332388347067e-02 2.359655321577678322e-01 5.376691627600372891e-01 1.966508917583116856e-01
2.221949967355580854e-02 2.092599132652185612e-01 5.632223315476866388e-01 2.052982555135392240e-01
1.672518033186236666e-02 1.818886705627676958e-01 5.809269015894570343e-01 2.204592475159127540e-01
1.300889518259133390e-02 1.554066382969044036e-01 5.915516951125850964e-01 2.400327714079190378e-01
1.059680752950312166e-02 1.312209816147239250e-01 5.977343079196564268e-01 2.604479029361168596e-01
9.110569109529630810e-03 1.117591308042340525e-01 6.030873704994024198e-01 2.760429295868337407e-01
8.310838238714658363e-03 9.852698289192821091e-02 6.115291321170656103e-01 2.816330467522913383e-01
8.154918465012270593e-03 9.171809375514937412e-02 6.218529773834943208e-01 2.782740103963441403e-01
8.682669319256937357e-03 9.171352476802972775e-02 6.321605471864421011e-01 2.674432587262713379e-01
9.816715500361913524e-03 9.810277033490963361e-02 6.427274268918103939e-01 2.493530872729180226e-01
1.146969042408553519e-02 1.074202338485514413e-01 6.465520679844468654e-01 2.345580077429160193e-01
1.359450536546746684e-02 1.141652495804271195e-01 6.346432409030843269e-01 2.375970041510211406e-01
1.594451144177374755e-02 1.142102017536739539e-01 6.035164583576844155e-01 2.663288284468679490e-01
1.803907592471500759e-02 1.057749274487777419e-01 5.485427400628243300e-01 3.276432565636831495e-01
1.925533711205864446e-02 8.974255085004964605e-02 4.642662704607365409e-01 4.267358415771553837e-01
1.921415889386043560e-02 7.071027474555345582e-02 3.605073216652608381e-01 5.495682446953251699e-01
1.827299352788929604e-02 5.476747705373394282e-02 2.688033532341112530e-01 6.581561761842654734e-01
1.748962987657448273e-02 4.514339460608182697e-02 2.097657871702775512e-01 7.276011883470658859e-01
1.775859480899824594e-02 4.179737022578627892e-02 1.800262558480720254e-01 7.604177791171435885e-01
1.994966483711445998e-02 4.507300034172859182e-02 1.709377105615730030e-01 7.640396242595839382e-01
2.534103161239889199e-02 5.726035273435602785e-02 1.760958907185545541e-01 7.413027249346902936e-01
3.524698091906978276e-02 7.985447338462195455e-02 1.898498264868261343e-01 6.950487192094818578e-01
4.623672299245250999e-02 1.130828694145646213e-01 2.093908247849923521e-01 6.312895828079906346e-01
5.351370298178170087e-02 1.507038713322088885e-01 2.376267828450307207e-01 5.581556428409789605e-01
5.220194151132847432e-02 1.844591378761248623e-01 2.784151936761029567e-01 4.849237269364436442e-01
4.396533833830765930e-02 2.021817979920315089e-01 3.341216575422109036e-01 4.197312061274497408e-01
3.264893680922641844e-02 1.995420540423394340e-01 3.988498328286796402e-01 3.689591763197543894e-01
2.254273112822319583e-02 1.816852029326783136e-01 4.613936417391646949e-01 3.343784241999339102e-01
1.555952928006400574e-02 1.612151110239084251e-01 5.095998176174897365e-01 3.136255420785380998e-01
1.132147894549073372e-02 1.446236132912997463e-01 5.384116462347630083e-01 3.056432615284463972e-01
8.997355092703241200e-03 1.316159066967853009e-01 5.420044005589386149e-01 3.173823376515730321e-01
8.082454730511163046e-03 1.226756629902309298e-01 5.101557216320002919e-01 3.590861606472577350e-01
8.088919363880425761e-03 1.195144747120004680e-01 4.432550365112586932e-01 4.291415694128604130e-01
8.589609190351702936e-03 1.217435694610251029e-01 3.549154379970669848e-01 5.147513833515565684e-01
9.123049510817674013e-03 1.236940036396668857e-01 2.620416748217207492e-01 6.051412720277945523e-01
9.130415283609765245e-03 1.179263456866788268e-01 1.815947494192295952e-01 6.913484896104815647e-01
8.504460414929752160e-03 1.044754805295016187e-01 1.231470107684628501e-01 7.638730482871058936e-01
7.619564727992820218e-03 8.898420650250082886e-02 8.536602500589181297e-02 8.180302037636144608e-01
6.753219716536432160e-03 7.495621246549917516e-02 6.280624311417738748e-02 8.554843247037867693e-01
6.069121643071572793e-03 6.341156039536251232e-02 5.061944975029193661e-02 8.798998682112739722e-01
5.884685144039576883e-03 5.617211879703194743e-02 4.612352012437411636e-02 8.918196759345544677e-01
6.543567980407953739e-03 5.528835204744808607e-02 4.824850786434077554e-02 8.899195721078032584e-01
