1.187044475270127297e-01 8.287071003297888372e-02 1.563203426216685718e-02 7.827928081778413594e-01
3.896162102383543546e-01 1.291011136010614957e-01 3.423188036121190270e-01 1.389638725484652060e-01
4.193293987118197896e-01 1.416957994054356129e-01 2.938437582137735093e-01 1.451310436689709493e-01
4.607746673900060541e-01 1.598349126084284144e-01 2.273621494833423518e-01 1.520282705182230687e-01
5.012710773950198595e-01 1.804624508585533638e-01 1.615399459984277752e-01 1.567265257479990292e-01
5.383380991790489567e-01 1.975869240475583155e-01 1.057161009022214021e-01 1.583588758711714783e-01
5.679577127341502996e-01 2.080701599996380990e-01 6.331845457833121249e-02 1.606536726878804167e-01
5.913515825300769135e-01 2.048373161104364293e-01 3.477543233776921039e-02 1.690356690217175439e-01
6.146602921785082607e-01 1.813596249599920551e-01 1.781380038761308168e-02 1.861662824738865851e-01
6.354499974260374717e-01 1.442479002007601707e-01 9.023450176257346092e-03 2.112786521969454434e-01
6.538065166292557073e-01 1.053518257551643578e-01 4.702860868386071931e-03 2.361387967471937077e-01
6.777312332081107948e-01 7.402504599839851429e-02 2.681300247130815554e-03 2.455624205463598497e-01
7.152967339941783687e-01 5.111436743568280316e-02 1.621788040946934521e-03 2.319671105291920277e-01
7.622614369616101948e-01 3.603906367547585893e-02 1.047930142666362316e-03 2.006515692202477108e-01
8.097524829177689121e-01 2.652103347596764318e-02 7.230269583120373491e-04 1.630034566479514613e-01
8.482168786697938945e-01 2.094196019193566086e-02 5.528001524965096619e-04 1.302883609857738989e-01
8.748100939530353282e-01 1.812463998569294535e-02 4.800662590633255006e-04 1.065851998022087771e-01
8.924658880929982052e-01 1.701769320332525634e-02 4.640848074955632781e-04 9.005233389618075290e-02
9.052705232268359881e-01 1.668997799984017760e-02 4.757811051917013143e-04 7.756371766813198454e-02
9.169845776470681997e-01 1.637913406406223127e-02 4.895302471532616802e-04 6.614675804171631091e-02
9.293337323691605034e-01 1.569615352964129004e-02 4.901921277325044495e-04 5.447992197346587795e-02
9.412281350533492352e-01 1.473600124279794352e-02 4.835521604712167128e-04 4.355231154338162075e-02
9.515034336809823357e-01 1.364556717856738217e-02 4.768099757087646733e-04 3.437418916474170583e-02
9.598890095457877081e-01 1.245206556826909672e-02 4.689544625972801939e-04 2.718997042334592856e-02
9.668086000859539286e-01 1.105239720131610814e-02 4.488172060645956264e-04 2.169018550666547418e-02
9.728981499278519518e-01 9.325333141343971136e-03 4.005809189589342747e-04 1.737593601184516875e-02
9.778083525944923915e-01 7.559373019407592161e-03 3.364489731961882294e-04 1.429582541290402506e-02
9.809688214775288406e-01 6.146846390782028345e-03 2.831426283019434663e-04 1.260118950338725077e-02
9.825870596087606934e-01 5.122501046724951823e-03 2.470904759835315006e-04 1.204334886853083465e-02
9.829680705504029170e-01 4.381083783316390944e-03 2.237655013216517360e-04 1.242708016495881578e-02
9.824005764614827108e-01 3.821205170630999608e-03 2.049328460606954162e-04 1.357328552182573110e-02
9.812158098900861658e-01 3.375782896458499795e-03 1.852077704615674063e-04 1.522319944299361898e-02
9.803177069496711304e-01 2.973147928137551393e-03 1.608107163089884158e-04 1.654833440588210011e-02
9.806969270181326026e-01 2.604777046438648460e-03 1.329380407801698566e-04 1.656535789464863573e-02
9.813186429716843628e-01 2.432584486367835551e-03 1.140397780488763271e-04 1.613473276389878683e-02
9.803816618141120154e-01 2.596330694861933609e-03 1.125034685550503264e-04 1.690950402247103079e-02
9.767924889780660314e-01 3.175065574489521411e-03 1.312068707726047419e-04 1.990123857667155591e-02
9.695008938900389062e-01 4.295579179615421385e-03 1.766329299000883536e-04 2.602689400044526022e-02
9.570922322430044371e-01 6.191395226861178859e-03 2.650059404719416582e-04 3.645136658966230403e-02
9.401193249591270895e-01 8.933702103357863897e-03 4.074986700247798608e-04 5.053947426749019062e-02
9.223357698162985008e-01 1.223122518138571903e-02 5.869862317223199961e-04 6.484601877059333053e-02
9.068563357982969420e-01 1.588916391470103842e-02 7.759553245962984552e-04 7.647854496240573396e-02
8.933968127846055873e-01 2.015346195877354071e-02 9.709664802006448461e-04 8.547875877642002740e-02
8.801485559361770239e-01 2.549439120505819431e-02 1.195101190054238685e-03 9.316195166871031608e-02
8.671267208655897285e-01 3.203606265938719472e-02 1.458305042191904719e-03 9.937891143283128503e-02
8.558147098264393682e-01 3.940661399658723640e-02 1.743056249539549603e-03 1.030356199274338330e-01
8.470101808834222812e-01 4.699001858412683169e-02 2.022139553523496624e-03 1.039776609789276329e-01
8.390067926454100045e-01 5.452260480956347410e-02 2.309050197578576755e-03 1.041615523474478111e-01
8.282837874338303541e-01 6.217595544268016139e-02 2.686328113737044068e-03 1.068539290097524908e-01
8.158822729876242796e-01 6.831072976713081779e-02 3.155670893042440955e-03 1.126513263522024993e-01
8.015187012826036073e-01 7.456286042435296413e-02 3.823178203408562122e-03 1.200952600896349615e-01
7.893223883293850607e-01 7.948856594356332184e-02 4.643218105115692364e-03 1.265458276219361966e-01
7.818890869017505185e-01 8.226829389071235732e-02 5.550297747439395142e-03 1.302923214600977264e-01
7.798176063987092288e-01 8.222760380269422686e-02 6.438451449406135119e-03 1.315163383491904925e-01
7.785250845804606579e-01 8.036428615902112271e-02 7.396043949019930064e-03 1.337145853114981020e-01
7.709088611217990161e-01 7.893412475692630770e-02 8.738504363964698027e-03 1.414185097573101291e-01
7.537838027826628817e-01 7.913688173749403032e-02 1.068366236736748021e-02 1.563956531124758020e-01
7.300426704446769666e-01 8.032499732540930582e-02 1.306979030483514798e-02 1.765625419250785311e-01
7.062386955290782531e-01 8.098587258272987865e-02 1.535038758616806727e-02 1.974250443020237333e-01
6.907763251963124906e-01 8.027876927657980055e-02 1.681097987096701746e-02 2.121339256561405595e-01
6.886071661204982153e-01 7.618731492993113807e-02 1.691935312493952556e-02 2.182861658246309233e-01
6.912039622366380476e-01 7.152932160800576367e-02 1.627098501722201718e-02 2.209957311381338940e-01
6.889102887619512616e-01 6.806752565306184444e-02 1.554995440357118466e-02 2.274722311814157960e-01
6.772760411691699511e-01 6.617806458880641507e-02 1.506393954911101375e-02 2.414819546929129201e-01
6.589279862907065910e-01 6.497791586567733257e-02 1.464859378713386992e-02 2.614455040564820365e-01
6.401958773128499924e-01 6.329386438368239665e-02 1.402694732048316746e-02 2.824833109829842370e-01
6.278203452300520349e-01 6.042123207448244632e-02 1.306966184451322822e-02 2.986887608509521952e-01
6.251506521118473936e-01 5.640854054647106985e-02 1.178991483203155853e-02 3.066508925096502192e-01
6.290524197740038348e-01 5.164653921427539429e-02 1.029221489199055699e-02 3.090088261197299624e-01
6.328463431587344479e-01 4.645471181253667953e-02 8.771636909308095156e-03 3.119273081194208763e-01
6.314871615816937123e-01 4.107948338491178297e-02 7.404780771276652483e-03 3.200285742621178930e-01
6.244322358689010644e-01 3.601052276173855038e-02 6.232042125129656773e-03 3.333251992442308187e-01
1.787377192149346983e-01 5.199145046081492423e-03 1.042270232620943213e-03 8.150208655063629903e-01
3.283436854698318919e-01 4.738707898552670938e-01 9.541465503295934458e-02 1.023708696419416281e-01
3.605584481658434814e-01 4.735333454571098999e-01 6.705143510907536630e-02 9.885677126797119685e-02
4.040690118461729985e-01 4.598667201222829681e-01 4.316944520978458627e-02 9.289482282175928751e-02
4.644959828070395202e-01 4.243960140099908851e-01 2.588073808022509081e-02 8.522726510274436507e-02
5.463639689512870268e-01 3.629945765281843983e-01 1.438213973024162450e-02 7.625931479028714988e-02
6.409967160970810873e-01 2.852599501690953332e-01 8.103852957707958007e-03 6.563948077611556076e-02
7.396755782129277312e-01 2.013820742362329164e-01 4.530294831802335158e-03 5.441205271903720025e-02
8.256297147500152311e-01 1.278068329531290570e-01 2.562394828949883085e-03 4.400105746790595324e-02
8.877281309520962393e-01 7.586202421569537835e-02 1.497270358625691841e-03 3.491257447358277893e-02
9.280770176684033368e-01 4.431798149961232308e-02 9.023550774012521584e-04 2.670264575458271977e-02
9.530896286917527327e-01 2.666597849624300492e-02 5.700445066636626503e-04 1.967434830534036880e-02
9.677505020853048867e-01 1.736848167951901209e-02 3.936688663380309488e-04 1.448734736883790404e-02
9.761638847399658481e-01 1.256496056644335578e-02 2.990720448100481405e-04 1.097208264878092934e-02
9.811459975150287338e-01 1.000261116916778895e-02 2.438561078174728903e-04 8.607535207985916176e-03
9.842933162181706219e-01 8.509146397116581356e-03 2.085485090690406343e-04 6.988988875643921753e-03
9.876935266312339978e-01 6.323796468070502948e-03 1.883013828368061324e-04 5.794375517858832252e-03
9.888736857073875397e-01 5.711233411979214220e-03 1.764535587449371447e-04 5.238627321888380574e-03
9.894784647815624279e-01 5.310022089520204797e-03 1.753053805375927863e-04 5.036207748380057588e-03
9.895316357658998641e-01 5.174890137551263480e-03 1.834815771883925811e-04 5.109992519360547457e-03
9.890803643204725271e-01 5.339611108020322038e-03 1.995674854236470204e-04 5.380457086083586388e-03
9.880716417946698860e-01 5.916278042271420380e-03 2.249812507778616857e-04 5.787098912280865502e-03
9.863866231794794492e-01 7.106464091806255143e-03 2.624616203322642548e-04 6.244451108382194533e-03
9.839884230191919823e-01 9.086203789667211123e-03 3.105370344160959480e-04 6.614836156724608791e-03
9.806337188649483227e-01 1.204373734959560474e-02 3.711883774818758330e-04 6.951355407974117370e-03
9.757697466589753121e-01 1.624349015773455390e-02 4.571987661574998247e-04 7.529564417132482944e-03
9.697953903371439033e-01 2.141531688312685658e-02 5.615456073881786980e-04 8.227747172341353527e-03
9.642229021500898778e-01 2.660064817179803517e-02 6.480697178395530226e-04 8.528379960272499533e-03
9.594974459254808075e-01 3.143888738963845908e-02 7.037127549932639800e-04 8.359953929887420365e-03
9.547998687124841233e-01 3.647070094937109735e-02 7.397063803899855917e-04 7.989723957754883005e-03
9.488686884289678769e-01 4.260734912523297946e-02 7.793433780922872376e-04 7.744619067706758064e-03
9.425210869735001218e-01 4.872028404934633516e-02 9.348742519723172864e-04 7.823754725181476105e-03
9.341295689170857619e-01 5.647053512920243573e-02 1.040423570155995289e-03 8.359472383555924604e-03
9.267374246294224349e-01 6.310165044316708161e-02 1.146399628531659214e-03 9.014525298878804313e-03
9.214608475859085157e-01 6.764388276445219839e-02 1.238792774394235647e-03 9.656476875244771399e-03
9.184924094358645208e-01 6.992101838814045178e-02 1.314298134379573210e-03 1.027227404161523520e-02
9.176786166042341097e-01 7.002160556294652338e-02 1.369982550627005854e-03 1.092979528219228599e-02
9.186230257631822216e-01 6.813722039202103897e-02 1.409075082179902941e-03 1.183067876261670315e-02
9.204537397277242627e-01 6.469258708367368882e-02 1.453190481678950669e-03 1.340048270692321616e-02
9.218261617626306581e-01 6.025316478147590277e-02 1.542268932514154070e-03 1.637840452337926272e-02
9.201352895559183898e-01 5.633605760288130926e-02 1.620631559549703645e-03 2.190802128165066781e-02
9.171977101731141335e-01 5.136169283488963705e-02 1.925963566765217811e-03 2.951463342523099817e-02
9.059466616081897072e-01 5.237808519766387616e-02 2.272979925374743037e-03 3.940227326877131925e-02
8.863817452633183658e-01 5.564304181953738659e-02 2.818450265670040776e-03 5.515676265147431007e-02
8.563898610062051775e-01 6.149545849597837233e-02 3.630745508273687788e-03 7.848393498954285563e-02
8.173715064503720429e-01 6.801789635632139730e-02 4.698773623634257789e-03 1.099118235696719820e-01
7.722192154731694069e-01 7.285168854315951514e-02 5.957494290801439163e-03 1.489716016928694098e-01
7.163496240806347393e-01 8.006220641431888163e-02 7.820257025822717825e-03 1.957679124792234271e-01
6.553753471751427861e-01 8.753401716627340345e-02 1.038286596541027410e-02 2.467077696931733455e-01
5.956357362701024671e-01 9.699010892775708492e-02 1.388004325102839762e-02 2.934941115511123244e-01
5.450792485650159946e-01 1.090933742466163175e-01 1.838304738051290202e-02 3.274443298078548170e-01
5.077510406320719927e-01 1.241804502682558042e-01 2.426944112075893681e-02 3.437990679789129644e-01
4.821262356504668056e-01 1.454905496282092592e-01 3.252681597863606167e-02 3.398563987426881372e-01
4.669816507802986849e-01 1.733779666569122691e-01 4.423092140611186579e-02 3.154094611566773954e-01
4.585620038660708775e-01 2.083305672162946431e-01 6.011328541605726744e-02 2.729941435015770801e-01
4.498348502817586803e-01 2.486324937534333812e-01 8.021033915263965641e-02 2.213223168121683793e-01
4.322882201010633252e-01 2.892887691435790387e-01 1.036077807067203177e-01 1.748152300486371657e-01
4.046675668399230541e-01 3.256347011695160387e-01 1.299467044319883302e-01 1.397510275585726602e-01
3.756347002212124253e-01 3.567345333484392422e-01 1.549455875131546256e-01 1.126851789171935542e-01
3.521719003981032547e-01 3.839026630379119287e-01 1.737148089102301396e-01 9.021062765375470471e-02
3.361802858361798707e-01 4.084690345496349018e-01 1.831585808070275989e-01 7.219209880715743433e-02
3.273232335589109643e-01 4.312991888393932216e-01 1.819850189749315783e-01 5.939255862676444397e-02
3.255304037865675015e-01 4.530248061313275620e-01 1.703017461320472381e-01 5.114304395005759424e-02
3.295977309094109131e-01 4.726318045575633175e-01 1.517176567914701457e-01 4.605280774155581097e-02
3.339094346619966291e-01 4.883598278112936120e-01 1.341667512774243898e-01 4.356398624928491115e-02
3.324234453884816198e-01 4.999036096822208619e-01 1.239412628855538212e-01 4.373168204374387052e-02
3.235988482820836842e-01 5.070945506642425826e-01 1.227891749234037433e-01 4.651742613027004536e-02
3.094957597819792960e-01 5.069281210618767908e-01 1.312732073329104243e-01 5.230291182323356519e-02
2.941020458836136053e-01 4.933978016836362279e-01 1.503462586683431690e-01 6.215389376440719899e-02
2.817354652276252147e-01 4.607962018574255358e-01 1.799293186014311041e-01 7.753901431351802043e-02
2.756763013030827381e-01 4.097111619283825834e-01 2.150828280742995424e-01 9.952970869423508060e-02
2.681584628557366901e-01 3.528113885494467139e-01 2.518151975998851322e-01 1.272149509949314361e-01
9.368602780378686434e-01 4.432978970458779922e-02 1.241694412960535343e-03 1.756823784458314691e-02
3.686264287695701358e-01 3.271606290930605399e-01 6.368510598307304538e-02 2.405278361542961540e-01
3.800520894552919526e-01 3.115933870050543453e-01 4.748620906014908855e-02 2.608683144795045372e-01
3.829151298727081487e-01 2.925561304814979779e-01 3.631607377982421642e-02 2.882126658659695528e-01
3.806736153234804854e-01 2.671398953624494199e-01 2.830190167780169755e-02 3.238845876362685394e-01
3.693473705628986803e-01 2.390597939454664200e-01 2.263429233897029658e-02 3.689585431526648529e-01
3.495233264360340097e-01 2.090319246883585447e-01 1.850271632512886719e-02 4.229420325504787415e-01
3.237353565773127828e-01 1.794451744901442436e-01 1.530958650168452728e-02 4.815098824308582381e-01
2.970075106533522358e-01 1.518273647192692200e-01 1.266495180571157279e-02 5.385001728216670669e-01
2.753372733683430718e-01 1.257377059221526927e-01 1.056472201042480373e-02 5.883602986990794648e-01
2.664250867681178803e-01 9.892149926472722232e-02 8.891949763122315026e-03 6.257614642040324471e-01
2.685226659320273934e-01 7.673062347396523986e-02 7.655758090739809250e-03 6.470909525032674248e-01
2.820708094646744990e-01 6.021862484071650867e-02 6.671340363364633083e-03 6.510392253312444755e-01
3.094886597686596907e-01 4.932625690817466629e-02 5.884958510749905072e-03 6.353001248124159339e-01
3.518961542605776316e-01 4.300950753567236301e-02 5.260932495882240066e-03 5.998334057078674730e-01
4.044995983046643651e-01 4.027052459864064599e-02 4.806115484209589651e-03 5.504237616124854071e-01
4.557721155038846894e-01 4.132659137963128754e-02 4.665433725521069518e-03 4.982358593909627653e-01
4.896555901784602760e-01 4.770353001973098167e-02 5.009455190363538632e-03 4.576314246114449591e-01
4.932672368736745749e-01 6.158763242172506785e-02 5.875338290661135700e-03 4.392697924139393195e-01
4.666661220705112800e-01 8.562138274203018318e-02 7.132342574881665558e-03 4.405801526125767698e-01
4.238236741913802841e-01 1.234671049363359197e-01 8.651935370735993475e-03 4.440572855015477716e-01
3.842055521042367916e-01 1.797648007395941105e-01 9.433239804766889794e-03 4.265964073514020294e-01
3.512439234530206900e-01 2.611509504055770092e-01 9.789270578170862838e-03 3.778158555632312732e-01
3.151838678677750250e-01 3.656725816789335171e-01 9.706862341538472980e-03 3.094366881117525114e-01
2.727463033229638456e-01 4.777125293089670710e-01 8.638645282182553717e-03 2.409025220858864169e-01
2.306732959503181024e-01 5.749653697063258351e-01 7.661383245595991369e-03 1.866999510977600529e-01
1.993670322015617391e-01 6.415679449864449824e-01 6.970137388304356064e-03 1.520948854236888470e-01
1.856939416425775757e-01 6.738957865106246503e-01 6.658293654721711766e-03 1.337519781920759321e-01
1.926475254229833567e-01 6.727504061221785125e-01 6.690246388013086458e-03 1.279118220668249983e-01
2.227275591548433797e-01 6.374656512793873686e-01 7.076422765852556467e-03 1.327303667999163717e-01
2.769079924564600836e-01 5.706120203100497612e-01 7.670628988246521590e-03 1.448093582452439909e-01
3.501087543481903319e-01 4.832475545132188244e-01 8.115920268797316428e-03 1.585277708697931387e-01
4.314100612581963090e-01 3.901214703562996822e-01 8.158496246416031134e-03 1.703099721390881616e-01
5.079647582960318264e-01 3.038989315862140050e-01 7.781578861612560745e-03 1.803547312561415428e-01
5.673211676321144870e-01 2.345952018465232991e-01 7.194371544201863880e-03 1.908892589771604420e-01
6.022121552405633738e-01 1.856595722741985754e-01 6.474304734567271763e-03 2.056539677506711017e-01
6.075962591970797133e-01 1.555647163171544056e-01 6.084695570008982063e-03 2.307543289157564514e-01
5.843636768447671992e-01 1.377485285585794972e-01 6.062596144842192884e-03 2.718251984518110231e-01
5.407486786508539645e-01 1.257558119202830116e-01 6.356883184459688647e-03 3.271386262444032078e-01
4.872961746991316678e-01 1.165973506488251626e-01 7.121942395858572514e-03 3.889845322561843455e-01
4.361356457102610329e-01 1.081669372998831369e-01 7.863818686503503200e-03 4.478335983033525092e-01
3.932736611773988700e-01 1.026299986230664874e-01 8.519552675686020704e-03 4.955767875238487052e-01
3.599295162989656349e-01 1.008089277626917912e-01 8.949046693701950481e-03 5.303125092446405731e-01
3.332327665203141387e-01 1.037914005684355129e-01 9.235809012944622143e-03 5.537400238983057887e-01
3.085131556026016186e-01 1.126442790055537657e-01 9.450760744291809498e-03 5.693918046475527905e-01
2.807389464722510608e-01 1.257229872081198352e-01 9.353433145556921957e-03 5.841846331740723208e-01
2.476067033105925907e-01 1.407680223680604636e-01 8.996959047994164752e-03 6.026283152733528103e-01
2.139780365914451532e-01 1.551634998712619617e-01 8.155197932354229726e-03 6.227032656049382719e-01
1.846418719991638757e-01 1.673491753831108375e-01 6.904885300018541623e-03 6.411040673177067495e-01
1.599678433048384585e-01 1.748126076967465303e-01 5.454491137351591586e-03 6.597650578610636529e-01
1.383738646173754694e-01 1.723504705735958153e-01 4.091812546525600176e-03 6.851838522625034456e-01
1.196464875788984944e-01 1.572737623829116582e-01 3.024170929497044507e-03 7.200555791086926671e-01
1.039081576820297670e-01 1.335683004324575707e-01 2.259751366167117408e-03 7.602637905193455614e-01
8.991733688717780393e-02 1.076973220430153394e-01 1.716248459298615929e-03 8.006690926105083372e-01
7.655582805113506084e-02 8.459906467107318473e-02 1.321730369040392556e-03 8.375233769087513380e-01
6.439455869961827061e-02 6.682498577287934727e-02 1.044942194977330164e-03 8.677355133325252989e-01
5.444319446207847302e-02 5.445420150244418417e-02 8.801950509752052426e-04 8.902224089845021116e-01
4.611850819975750471e-02 4.604595490955086523e-02 8.029456265940521477e-04 9.070325912640974098e-01
3.814102724124294325e-02 3.979427990131881310e-02 7.705095187196509508e-04 9.212941833387185975e-01
3.055674399336029759e-02 3.490190676294263605e-02 7.636239852432517329e-04 9.337777252584538168e-01
2.428010464489217465e-02 3.156849938959409990e-02 7.965631460205188337e-04 9.433548328194928390e-01
1.971303860121973589e-02 2.998568355587222581e-02 8.945916337121926666e-04 9.494066862091959935e-01
1.666793824038298108e-02 3.006829784572345038e-02 1.084725622840600852e-03 9.521790382910528816e-01
1.488084073972287258e-02 3.154783017411644935e-02 1.419699394437751085e-03 9.521516296917230671e-01
1.428205863504435416e-02 3.418430947827352795e-02 2.022281395565960534e-03 9.495113504911157909e-01
1.488109493673724429e-02 3.813372655307880471e-02 3.106486001429562081e-03 9.438786925087545576e-01
1.651047294336732696e-02 4.310498830358069217e-02 4.957189340405632368e-03 9.354273494126464916e-01
1.870664101215616104e-02 4.806150753069972359e-02 8.005127954624182557e-03 9.252267235025196657e-01
2.114994623926753914e-02 5.268482484402849109e-02 1.324337697799824257e-02 9.129218519387058972e-01
2.424585536193478788e-02 5.760003761272846495e-02 2.215140876689327548e-02 8.960026982584432531e-01
2.794300187167200050e-02 6.266230140377132551e-02 3.543917712628245203e-02 8.739555195982744440e-01
3.150846458591699539e-02 6.745937384034766948e-02 5.330796421612336855e-02 8.477241973576118417e-01
2.673812692854689588e-01 4.640169654347887640e-01 6.692314486573100463e-02 2.016786204140112171e-01
7.715311540561421433e-01 1.872978404302469979e-01 2.529007899568201830e-03 3.864199761404308459e-02
8.089755252498956883e-01 1.572218207384324939e-01 2.023909593979546489e-03 3.177874441769233671e-02
8.287273619757856702e-01 1.398144787202934836e-01 1.949921432135712273e-03 2.950823787178498414e-02
8.362672979118845884e-01 1.308345443975269251e-01 2.163703073652814644e-03 3.073445461693580585e-02
8.368153480374080910e-01 1.267207592040276165e-01 2.557599581062905067e-03 3.390629317750137178e-02
8.346925815971666385e-01 1.250941006738422179e-01 3.004547510481827589e-03 3.720877021850928223e-02
8.330355893536721679e-01 1.244989009992850532e-01 3.382920881017487894e-03 3.908258876602552917e-02
8.337612901373665508e-01 1.239765666340186256e-01 3.617952162941405394e-03 3.864419106567373863e-02
8.375982394541650056e-01 1.227424192517698603e-01 3.701571590166288523e-03 3.595776970389866212e-02
8.444872391048212634e-01 1.201818714498590346e-01 3.644731480002534260e-03 3.168615796531728396e-02
8.541754917361102928e-01 1.155675333444321079e-01 3.455822428796412760e-03 2.680115249066116617e-02
8.662069050805594195e-01 1.082800762668013200e-01 3.178861419694139958e-03 2.233415723294508021e-02
8.793893480590417866e-01 9.924178706312776488e-02 2.831841913379715050e-03 1.853702296445041559e-02
8.913277000294347330e-01 9.055612247227526335e-02 2.480360967682107651e-03 1.563581653060784962e-02
9.009108979803003292e-01 8.325802532063704409e-02 2.175582885256706171e-03 1.365549381380570630e-02
9.091929108382371671e-01 7.680824951765963249e-02 1.889289991024461221e-03 1.210954965307900651e-02
9.165833780533999553e-01 7.106376919355339439e-02 1.622831020219646413e-03 1.073002173282687488e-02
9.225206702165779094e-01 6.660765849361102720e-02 1.400377422173774847e-03 9.471293867637325253e-03
9.279009137102993687e-01 6.291679000216503226e-02 1.188352649157954763e-03 7.993943638377503519e-03
9.339709264581953496e-01 5.882696580823804089e-02 9.695063551208522911e-04 6.232601378445857924e-03
9.391092085009392632e-01 5.535758656595876626e-02 8.008143384449653655e-04 4.732390594657113862e-03
9.400466799384291638e-01 5.537523087198456540e-02 7.310367144749626038e-04 3.847052475111342306e-03
9.338490567102816220e-01 6.183396016933564304e-02 7.803748787139348601e-04 3.536608241669061611e-03
9.178722805421428710e-01 7.751550425008724154e-02 9.718230373577697867e-04 3.640392170411769438e-03
8.884982944607472399e-01 1.060429479012816034e-01 1.367214658213183019e-03 4.091542979757976234e-03
8.416178589810182631e-01 1.513016037364001143e-01 2.092703619128045717e-03 4.987833663453505352e-03
7.773419688723099963e-01 2.127992117363647351e-01 3.327203153489785917e-03 6.531616237835496594e-03
7.039123912941968042e-01 2.819409095155464562e-01 5.248091215454245458e-03 8.898607974802430834e-03
6.330757348874286317e-01 3.474734086639215125e-01 7.766289624307613423e-03 1.168456682434214182e-02
5.725147886624182281e-01 4.035492354512558166e-01 1.024485165921421199e-02 1.369112422711172596e-02
5.244871383717044644e-01 4.488468794780139937e-01 1.205289874719272548e-02 1.461308340308893269e-02
4.870574557554600559e-01 4.846193023643597386e-01 1.305695337576913244e-02 1.526628850441119102e-02
4.575193306063171650e-01 5.132578704219920018e-01 1.300458363859817619e-02 1.621821533309249913e-02
4.260025844517694171e-01 5.426709905589337524e-01 1.307207834474899237e-02 1.825434664454770456e-02
3.953577381810449154e-01 5.689778330237841297e-01 1.337575070254313873e-02 2.228867809262792890e-02
3.720954725268522667e-01 5.846593600363747534e-01 1.413586653738009916e-02 2.910930089939307158e-02
3.606325111009631712e-01 5.848313205057837916e-01 1.526482782223703705e-02 3.927134057101600018e-02
3.655173851218297965e-01 5.641449242794794872e-01 1.701751725179606253e-02 5.332017334689489324e-02
3.785017004587230005e-01 5.309888157594937486e-01 1.950589676283014801e-02 7.100358701895279068e-02
3.941609599850057766e-01 4.926066384623511429e-01 2.311068488318204772e-02 9.012171666946099113e-02
4.220695165317032149e-01 4.454786681101312595e-01 2.621574814714257989e-02 1.062360672110233828e-01
4.617003745176205820e-01 3.942951316841455389e-01 2.850182976245762417e-02 1.155026640357760676e-01
5.079906415513042450e-01 3.440976340434559466e-01 2.961256824566611823e-02 1.182991561595738844e-01
5.499749992573088608e-01 3.011108777182877616e-01 3.003568032060229681e-02 1.188784427038010044e-01
5.705557851955708193e-01 2.740676091115433199e-01 3.145736865294576634e-02 1.239192370399398585e-01
5.607655107365361324e-01 2.672539520328490181e-01 3.529050145736076921e-02 1.366900357732541704e-01
5.227822991459414315e-01 2.797469029101320448e-01 4.269188809695270703e-02 1.547789098469739277e-01
4.710007176945097962e-01 3.033477786826974110e-01 5.344975799596963367e-02 1.722017456268234992e-01
4.226851689551179847e-01 3.277410859926503384e-01 6.611416647063383945e-02 1.834595785815976987e-01
3.811583882272453483e-01 3.501140205239016701e-01 8.057430136659959885e-02 1.881532898822537159e-01
3.437305564122890011e-01 3.664914131370255457e-01 9.813268789027851380e-02 1.916453425604068006e-01
3.070133591764334091e-01 3.725457124329383252e-01 1.204824355320631701e-01 1.999584928585652621e-01
2.747369630927621320e-01 3.687915772881012466e-01 1.441202888134458515e-01 2.123511708056906866e-01
2.513775888334141562e-01 3.631821151367248257e-01 1.620330455250645896e-01 2.234072505047962898e-01
2.349704450500127162e-01 3.613769603299808453e-01 1.725880532350643204e-01 2.310645413849423957e-01
2.197025692386122275e-01 3.616004150587019961e-01 1.809957970551916429e-01 2.377012186474942168e-01
2.018665185946630913e-01 3.595214476567296646e-01 1.926567684558057603e-01 2.459552652928011507e-01
1.818909995881813624e-01 3.545459712951447573e-01 2.083126063324835797e-01 2.552504227841901896e-01
1.632575296283260424e-01 3.481168446779970838e-01 2.253731940677884682e-01 2.632524316258883501e-01
1.457198400055833010e-01 3.453570437603933896e-01 2.402533729581494970e-01 2.686697432758735071e-01
1.318800944963455790e-01 3.455111847784502199e-01 2.504383293543905875e-01 2.721703913708137246e-01
1.212980202915252687e-01 3.454216630711632874e-01 2.558398464754442769e-01 2.774404701618672919e-01
1.136123328201145005e-01 3.388410595489991239e-01 2.572473757215461010e-01 2.902992319093402607e-01
1.093859513949672208e-01 3.271350574210407092e-01 2.509783785021721392e-01 3.125006126818202223e-01
1.083182230894375458e-01 3.148801578677125068e-01 2.367372674996459925e-01 3.400643515432044128e-01
1.108900173259098620e-01 3.086581347482988402e-01 2.135830569531851630e-01 3.668687909726058849e-01
1.165263821965066837e-01 3.124344059319016376e-01 1.856541706582285345e-01 3.853850412133630887e-01
1.232915050187306655e-01 3.233389911750456647e-01 1.596381646043597835e-01 3.937313392018634839e-01
1.293059334837969032e-01 3.299183395871874147e-01 1.401605923550936772e-01 4.006151345739222824e-01
1.330805321349082249e-01 3.232890705100032736e-01 1.280900882903760474e-01 4.155403090647128428e-01
1.342702738207938173e-01 3.047618840754839908e-01 1.214867932097012104e-01 4.394810488940213422e-01
4.229551515352089792e-03 2.671592830137151098e-02 3.335668320375472229e-01 6.354876881457290905e-01
4.845495396787129205e-03 3.155832064193812847e-02 2.931779518891427516e-01 6.704182320721319144e-01
5.620449965636360387e-03 3.716386254760786073e-02 2.596980344926740347e-01 6.975176529940818604e-01
6.513125130557804836e-03 4.193802824118038342e-02 2.343730890869611949e-01 7.171757575413005847e-01
7.525648922637002622e-03 4.510544974721875794e-02 2.166074549416979189e-01 7.307614463884463119e-01
8.720203155644576376e-03 4.679126369771394872e-02 2.045737500661823915e-01 7.399147830804589931e-01
1.018453221318186067e-02 4.848760836179710765e-02 1.951823010326120267e-01 7.461455583924091473e-01
1.172745502549940068e-02 5.160482535789182035e-02 1.869184424931798205e-01 7.497492771234292031e-01
1.293487209635253016e-02 5.589861099328283234e-02 1.798138708930943630e-01 7.513526460172700316e-01
1.380483960459434091e-02 6.070527959832054676e-02 1.736597502972657969e-01 7.518301304998192824e-01
1.478319948093420079e-02 6.701168697355000536e-02 1.690750173429158565e-01 7.491300962025998489e-01
1.609112436351822772e-02 7.720076280059644247e-02 1.692199096910423917e-01 7.374882031448427577e-01
1.756923625149358834e-02 9.360240973716922597e-02 1.781204249345209600e-01 7.107079290768163471e-01
1.866618168006372452e-02 1.158394997158809780e-01 1.994394787185994056e-01 6.660548398854558849e-01
1.884159762610159231e-02 1.358560775717219948e-01 2.379471658405365730e-01 6.073551589616397184e-01
1.906579686135579862e-02 1.419484025988696774e-01 2.933642798872636570e-01 5.456215206525109052e-01
2.092150539147561231e-02 1.403223193995841167e-01 3.504518771931902088e-01 4.883042980157498714e-01
2.518563114108378007e-02 1.495482859662028152e-01 3.918136113387897246e-01 4.334524715539235240e-01
3.206893963622844956e-02 1.760683571926015822e-01 4.119213824638658372e-01 3.799413207073041865e-01
4.057204318957594036e-02 2.168436502255632337e-01 4.145174195175906351e-01 3.280668870672699966e-01
4.857027700163336209e-02 2.640861081432641089e-01 4.073843280630454755e-01 2.799592867920569494e-01
5.428455680630628333e-02 3.070963118191022412e-01 3.982960348934938000e-01 2.403230964810975367e-01
5.854225974089684315e-02 3.275071815712135570e-01 3.984472804330593254e-01 2.155032782548304549e-01
2.436391028621407995e-01 6.859685283014800294e-01 4.221943048581900532e-02 2.817293835055993678e-02
2.548056703486880070e-01 6.799580992011841074e-01 3.593857045339002299e-02 2.929765999673779320e-02
2.663119154483811757e-01 6.716567697770838841e-01 3.151120947064477151e-02 3.052010530388996404e-02
2.717131575614669670e-01 6.676267184990404280e-01 2.862667660330996816e-02 3.203344733618272711e-02
2.690176250555559867e-01 6.692947841593031022e-01 2.745527110872217694e-02 3.423231967641860579e-02
2.562294764674852288e-01 6.785191591828392266e-01 2.771057331361811982e-02 3.754079103605763995e-02
2.416237678194658178e-01 6.869608581544573989e-01 2.965137560966928099e-02 4.176399841640734273e-02
2.307958192236466977e-01 6.923486503031375250e-01 3.196585621882030992e-02 4.488967425439577968e-02
2.280701985771203533e-01 6.926942276590740688e-01 3.379896154851034368e-02 4.543661221529529670e-02
2.317435791187678062e-01 6.901990235851731548e-01 3.487581357007780297e-02 4.318158372598088907e-02
2.366931216971429608e-01 6.886102610903657162e-01 3.547479839424091952e-02 3.922181881825045902e-02
2.395901699041410871e-01 6.890101347616454097e-01 3.616318667988967228e-02 3.523650865432397666e-02
2.382260600844772203e-01 6.927916340551394381e-01 3.704101934683718539e-02 3.194128651354626036e-02
2.318208889437582687e-01 6.997962160528203857e-01 3.825941189348727040e-02 3.012348310993375952e-02
2.235481784109890069e-01 7.043070741947036195e-01 4.067240810910573851e-02 3.147233928520182938e-02
2.196205635218327901e-01 6.958194352111428671e-01 4.564073142719855813e-02 3.891926983982591653e-02
2.196764634512371472e-01 6.682896912441900206e-01 5.462804274681746369e-02 5.740580255775541013e-02
2.252378628421853601e-01 6.128336395158416883e-01 6.779348371653440286e-02 9.413501392543838220e-02
2.326613115369854379e-01 5.294500722164526829e-01 8.412164020039615553e-02 1.537669760461655988e-01
2.359488802119420470e-01 4.341860580437251205e-01 9.951018427180371995e-02 2.303548774725292236e-01
2.279034449468024803e-01 3.543526455522912899e-01 1.096879991816087224e-01 3.080559103192973547e-01
2.070558137158435008e-01 2.980456193242608243e-01 1.162541423882615527e-01 3.786444245716338863e-01
1.806799702437396071e-01 2.523863711832238788e-01 1.201965962501117119e-01 4.467370623229244830e-01
1.494581968827002894e-01 2.145035319936823004e-01 1.228395617328608969e-01 5.131987093907561803e-01
1.189099141478104915e-01 1.842919345988278113e-01 1.240289215641825205e-01 5.727692296891790935e-01
9.232633787144638171e-02 1.604034966018557384e-01 1.241463670841072703e-01 6.231237984425905818e-01
7.154374897107355913e-02 1.414510892887858029e-01 1.237178709539567129e-01 6.632872907861838696e-01
5.781037134138449635e-02 1.280000855871416543e-01 1.237501831508682482e-01 6.904393599206056775e-01
5.105049699836360783e-02 1.217543453837209577e-01 1.262314726858629055e-01 7.009636849320525220e-01
4.981350441445918376e-02 1.237500606682712390e-01 1.339075707239585633e-01 6.925288641933110556e-01
5.241363594957288569e-02 1.352585909963818778e-01 1.494125508474802022e-01 6.629152222065650690e-01
5.805507176468217151e-02 1.603453144069148240e-01 1.741812781324654502e-01 6.074183356959375057e-01
6.620778927027499983e-02 2.023693540307256178e-01 2.044912928611704039e-01 5.269315638378291311e-01
7.493508568737596021e-02 2.564142991595452226e-01 2.309225633318962578e-01 4.377280518211825733e-01
8.161730806742979738e-02 3.108741453043237790e-01 2.471612330582674266e-01 3.603473135699790109e-01
8.507339844781176830e-02 3.541466047825801988e-01 2.539748350534552501e-01 3.068051617161529077e-01
8.542967144705394811e-02 3.804219480877067960e-01 2.568899054740616528e-01 2.772584749911773394e-01
8.390783490527993493e-02 3.929317850269233303e-01 2.564022188422281356e-01 2.667581612255684465e-01
8.155517402631957957e-02 3.923173667816512444e-01 2.550084713198507713e-01 2.711189878721782520e-01
7.868683850170732352e-02 3.816628592091088623e-01 2.538243466472348553e-01 2.858259556419489589e-01
7.497967771219959943e-02 3.646748724889151694e-01 2.521808158572056424e-01 3.081646339416797553e-01
6.995688467162307356e-02 3.413012459660520470e-01 2.529411907028593087e-01 3.358006786594655013e-01
6.312517748874964252e-02 3.224523800141313457e-01 2.561781944425469137e-01 3.582442480545722230e-01
5.478870613090683350e-02 3.168981161851777695e-01 2.652491552129248586e-01 3.630640224709905106e-01
4.633887797924352014e-02 3.235282769435973149e-01 2.818141244680726354e-01 3.483187206090863630e-01
3.866632351250408328e-02 3.333916781650748673e-01 3.050064974684091323e-01 3.229355008540120142e-01
3.212967634745821782e-02 3.338745802707161481e-01 3.319928594674284028e-01 3.020028839143975574e-01
2.655375328475860497e-02 3.185969737583546624e-01 3.612524782072663032e-01 2.935967947496205266e-01
2.179851874216772942e-02 2.904691519196284655e-01 3.915616447285960589e-01 2.961706846096077705e-01
1.793840592822253804e-02 2.559807704043184362e-01 4.201451521432587044e-01 3.059356715241998703e-01
1.496942129328435699e-02 2.209667430341070438e-01 4.451190469194042931e-01 3.189447887532041448e-01
1.274495921140338973e-02 1.891968353550128323e-01 4.685041059082208359e-01 3.295540995253629091e-01
1.115616986883297655e-02 1.636189935273984208e-01 4.955931981440891421e-01 3.296316384596795768e-01
1.013552373917215275e-02 1.456235138492812942e-01 5.294812991146101711e-01 3.147596632969363317e-01
9.743890438541494628e-03 1.350735537919536544e-01 5.639050424258672534e-01 2.912775133436378838e-01
1.002891584736879775e-02 1.333081481802593782e-01 5.901400839394156383e-01 2.665228520329562811e-01
1.079025810921279381e-02 1.413948800460855804e-01 6.046027051515890927e-01 2.432121566931126633e-01
1.185866230059734808e-02 1.545065813697814039e-01 6.045638140625149148e-01 2.290709422671063644e-01
1.318903312633565306e-02 1.637093077804392949e-01 5.889395182256048633e-01 2.341621408676202165e-01
1.454171597995698381e-02 1.651519256663736279e-01 5.561613932899560631e-01 2.641449650637132107e-01
1.556376173680820534e-02 1.598411070857583272e-01 4.996552251363738373e-01 3.249399060410594342e-01
1.594931301846827867e-02 1.489647055173682066e-01 4.149221754018359576e-01 4.201638060623272830e-01
1.557946898113971371e-02 1.339781627297098876e-01 3.159264433353388690e-01 5.345159249538117274e-01
1.453925312869299401e-02 1.186380044998450733e-01 2.345155860840396900e-01 6.323071562874218454e-01
1.363642710144312258e-02 1.120624381845004708e-01 1.835427353277464535e-01 6.907583993863104510e-01
1.325958944133986787e-02 1.146260716877475910e-01 1.595126556904092607e-01 7.126016831805029872e-01
1.402804810977542616e-02 1.315146744062382078e-01 1.522645621739192323e-01 7.021927153100672170e-01
1.653942158326632619e-02 1.686770512625951624e-01 1.551886124028234448e-01 6.595949147513151534e-01
2.078199814347785404e-02 2.246808682612352892e-01 1.623422525738248690e-01 5.921948810214616721e-01
2.526336718813292082e-02 2.851641116463088932e-01 1.715548281648068552e-01 5.180176930007517333e-01
2.770939615167264738e-02 3.327765567911772915e-01 1.871528020940658732e-01 4.523612449630843857e-01
2.699338612482395788e-02 3.559624704016123298e-01 2.150759031237000907e-01 4.019682403498639478e-01
2.396368299581556199e-02 3.515040875985244728e-01 2.579146713621601195e-01 3.666175580435001025e-01
2.017482205867066752e-02 3.238084378208772041e-01 3.118758178768032963e-01 3.441409222436491167e-01
1.674994954541504655e-02 2.835899822194739572e-01 3.658065802146782119e-01 3.338534880204327426e-01
1.425404330296275307e-02 2.433243132175902657e-01 4.061728177702941811e-01 3.362488257091528765e-01
1.264114481958414533e-02 2.087392048051565085e-01 4.252497199487492718e-01 3.533699304265099927e-01
1.183421776294007154e-02 1.814417079662373478e-01 4.145988431793464768e-01 3.921252310914762895e-01
1.196334507609607412e-02 1.623170432216220482e-01 3.656157260859841940e-01 4.601038856162977253e-01
1.294546738969769989e-02 1.518535305651811940e-01 2.886745240496890186e-01 5.465264779954320806e-01
1.487486332494435300e-02 1.492202256878928379e-01 2.100311391134557504e-01 6.258737718737071853e-01
1.780868254139397755e-02 1.463875116650482089e-01 1.458349675340728235e-01 6.899688382594849623e-01
2.109044692388721554e-02 1.340052055970624156e-01 9.888153557852480402e-02 7.460228119005253289e-01
2.401074433506825839e-02 1.141257386261902013e-01 6.734946717567658059e-02 7.945140498630649528e-01
2.655431719856184494e-02 9.457624083159336947e-02 4.777152848956127407e-02 8.310979134802838342e-01
2.861842603745419142e-02 8.002711070806818594e-02 3.676706832542509656e-02 8.545873949290525573e-01
2.992925021468571811e-02 7.167451984737278903e-02 3.184447079240600859e-02 8.665517591455352830e-01
3.142378035066550890e-02 6.955222048182625738e-02 3.162401389194248458e-02 8.673999852755656104e-01
3.478866580340148063e-02 7.358431050639907545e-02 3.545357289939304879e-02 8.561734507908060898e-01
