1.819481376629662403e-02 9.155083261811358675e-02 4.249145445386402070e-02 8.477628991617256471e-01
3.383284570367121047e-01 4.261605462249798970e-01 1.796735789807119010e-01 5.583741775759601400e-02
3.663344603353159701e-01 3.808426497304489566e-01 1.918033880297974891e-01 6.101950190443787558e-02
3.875042712043467175e-01 3.408999963512816533e-01 2.046123884249307912e-01 6.698334401944056049e-02
4.002887086127658312e-01 3.086540637622137151e-01 2.180070493769928897e-01 7.305017824802745308e-02
4.072714600633309256e-01 2.810046706545907824e-01 2.320688052803765167e-01 7.965506400170191403e-02
4.160912825729587983e-01 2.531340312161216577e-01 2.439306361011780999e-01 8.684405010974170780e-02
4.247769915964306753e-01 2.289104408502225518e-01 2.530426723814153123e-01 9.326989517193154389e-02
4.337323797362029887e-01 2.082412098827089442e-01 2.604844558436931190e-01 9.754195453739510080e-02
4.404458361957474533e-01 1.906091950575407035e-01 2.679421833310676182e-01 1.010027854156440030e-01
4.428268392437110235e-01 1.747046642128120553e-01 2.757157492019005618e-01 1.067527473415762207e-01
4.415939010874378456e-01 1.598616731747760089e-01 2.812737028271676265e-01 1.172707229106185328e-01
4.361369625641673409e-01 1.471416512983635960e-01 2.824399368965472834e-01 1.342814492409215299e-01
4.185888767397756283e-01 1.394374280575538527e-01 2.812920806512479444e-01 1.606816145514221583e-01
3.790814760866152433e-01 1.383513135416169215e-01 2.808942471453263479e-01 2.016729632264415706e-01
3.216305587679084699e-01 1.394552170769564059e-01 2.761069744136150361e-01 2.628072497415201436e-01
2.567586378165454541e-01 1.404055636106354699e-01 2.584645257495776227e-01 3.443712728232411480e-01
1.953744473925284886e-01 1.364086272599638050e-01 2.337718399883631226e-01 4.344450853591447226e-01
1.466439187133317668e-01 1.287855375423803128e-01 2.103290442673965144e-01 5.142414994768916836e-01
1.134436715054823325e-01 1.189686823473855154e-01 1.926696658581347199e-01 5.749179802889974322e-01
9.199402726917936535e-02 1.113091538095441896e-01 1.789623043923446177e-01 6.177345145289315775e-01
7.825005281867629392e-02 1.049629610441580874e-01 1.679089323564804948e-01 6.488780537806849713e-01
6.925348130490409371e-02 9.821886565251504442e-02 1.572580917753183816e-01 6.752695612672625636e-01
6.277850446959004627e-02 9.029225143602942483e-02 1.436792001739289615e-01 7.032500439204516507e-01
5.839953461256524453e-02 7.856225045665035656e-02 1.256970874104144376e-01 7.373411275203699544e-01
5.436609998711584152e-02 6.460397016265041759e-02 1.043632316568753049e-01 7.766666981933583180e-01
5.113108860172860259e-02 5.066088510740091033e-02 8.483489233023862319e-02 8.133731339606317112e-01
5.063200897107236753e-02 3.891009590212621966e-02 7.167155495244391383e-02 8.387863401743574920e-01
5.506385646719001020e-02 2.973806091971094995e-02 6.478089001522475965e-02 8.504171925978741831e-01
6.712161838820716875e-02 2.262612193925552656e-02 6.248437232644859368e-02 8.477678873460887665e-01
9.037273398928455381e-02 1.711819467796052777e-02 6.370306345546278282e-02 8.288060078772920836e-01
1.283498253245370091e-01 1.262748260082452618e-02 6.551236970386165037e-02 7.935103223707766773e-01
1.842155002511892958e-01 8.542090929657754003e-03 6.389838800202027325e-02 7.433440208171326891e-01
2.583792621353103725e-01 5.938959494818629378e-03 5.922055857270941415e-02 6.764612197971613394e-01
3.400522706720886523e-01 3.935608611116083247e-03 5.290579924490775715e-02 6.031063214718873633e-01
4.035887298854217153e-01 2.686371899444768997e-03 4.731410034779051643e-02 5.464107978673430344e-01
4.295038730640697855e-01 1.920788482770754242e-03 4.288788619828877435e-02 5.256874522548710127e-01
4.200988651347536407e-01 1.416100089832054553e-03 3.873898874958447286e-02 5.397460460258297621e-01
3.905143099490101521e-01 1.067312660322496066e-03 3.483882139146207008e-02 5.735795559992048487e-01
3.569986052271961752e-01 8.375384877914753739e-04 3.279099153637499847e-02 6.093728647486373884e-01
3.275965892737885965e-01 7.054615483952295096e-04 3.496604170846693421e-02 6.367319074693492675e-01
3.031883577162841070e-01 6.538488470540586815e-04 4.352984669163757758e-02 6.526279467450243343e-01
2.829583010144635091e-01 6.551335979412024283e-04 5.886418391163973640e-02 6.575223814759553198e-01
2.656006092514832662e-01 6.929565064524814038e-04 7.928895394924985462e-02 6.544174802928146573e-01
2.469838192024189638e-01 7.784333189989708262e-04 1.017820247838323450e-01 6.504557226947493831e-01
2.243839115075957902e-01 9.153497228117411051e-04 1.223966212702820439e-01 6.523041174993107205e-01
2.017155839167701636e-01 1.085572839745814044e-03 1.398076950764556570e-01 6.573911481670282608e-01
1.844292235168015492e-01 1.262665517223148480e-03 1.559431876816467222e-01 6.583649232843284960e-01
1.734774231710737302e-01 1.413127959028683857e-03 1.723027223048518020e-01 6.528067265650455697e-01
1.658866092649252943e-01 1.473188252144097543e-03 1.908987835490669471e-01 6.417414189338634944e-01
1.616963513485403237e-01 1.541359664725835965e-03 2.111286685830868481e-01 6.256336204036470061e-01
1.577179185977980458e-01 1.598828773930557716e-03 2.372804337367175331e-01 6.034028188915542268e-01
1.532649108795970938e-01 1.667813962843386812e-03 2.733595813497954330e-01 5.717076938077639836e-01
1.489839647363389585e-01 1.763531508023749843e-03 3.193770710769950893e-01 5.298754326786424551e-01
1.476182715586354666e-01 1.896101313306310229e-03 3.669602206287008173e-01 4.835254064993574907e-01
1.535250394773986227e-01 2.096228332312476041e-03 4.061937847920671363e-01 4.381849473982221688e-01
1.703119854250315368e-01 2.382226564258261518e-03 4.321999593723813149e-01 3.951058286383288265e-01
1.965998118619959600e-01 2.664557450111707578e-03 4.463991450437128083e-01 3.543364856441797994e-01
2.357483357167077798e-01 2.945298157178832723e-03 4.431215663711314812e-01 3.181847997549818730e-01
2.931184915879463393e-01 3.186000937314849464e-03 4.165602018315342492e-01 2.871353056432044970e-01
3.704016578657284287e-01 3.348282657856868107e-03 3.686466405949855307e-01 2.576034188814289583e-01
4.569932774146388543e-01 3.405681931160973661e-03 3.092316531407600655e-01 2.303693875134399660e-01
5.327141401296028311e-01 3.366321591611772402e-03 2.520875758799147603e-01 2.118319623988703104e-01
5.828217982488250737e-01 3.295880153199971102e-03 2.065278813357350196e-01 2.073544402622398419e-01
6.062412116601358925e-01 3.226692400428945399e-03 1.728573777482532436e-01 2.176747181911823092e-01
6.135590034715668883e-01 3.083718297388971571e-03 1.447470731311714387e-01 2.386102050998729629e-01
6.154170356315181722e-01 2.782454096371094008e-03 1.178460354223692524e-01 2.639544748497418825e-01
6.161419128160081637e-01 2.602240874394725050e-03 9.320926597470395591e-02 2.880465803348930542e-01
6.200018421608559649e-01 2.081400581187852795e-03 7.187783431863370431e-02 3.060389229393224997e-01
6.271877951375606219e-01 1.675334411029841351e-03 5.632232124907278481e-02 3.148145492023368130e-01
6.340240962941440239e-01 1.407931862264941159e-03 4.567448964976118797e-02 3.188934821938299025e-01
6.332466120922977115e-01 1.237959722073136374e-03 3.813690408010160515e-02 3.273785241055276463e-01
9.018113701038097396e-01 2.504479547409309715e-03 5.766492347452330247e-02 3.801922687425768332e-02
2.700054844705903068e-01 1.302876973430493884e-02 4.326919133892931368e-01 2.842738324058112775e-01
2.139848743816594734e-01 1.494226208502976057e-02 4.628936431680953367e-01 3.081792203652156670e-01
1.695355130090100415e-01 1.655337429336362770e-02 4.866498187478606741e-01 3.272612939497657192e-01
1.383337655844620595e-01 1.779857670294698185e-02 5.007656385255628839e-01 3.431020191870281510e-01
1.202435869908718424e-01 1.851534528678454306e-02 5.054491050909976080e-01 3.557919626313458816e-01
1.130817124725907036e-01 1.835852870767337372e-02 5.064064498896901911e-01 3.621533089300458808e-01
1.140264683066321560e-01 1.705590050621190457e-02 5.105287631029890028e-01 3.583888680841669228e-01
1.202306546455786246e-01 1.494324921246690391e-02 5.207668620706208396e-01 3.440592340713337638e-01
1.307697604141321024e-01 1.286856116606259655e-02 5.338028850122852331e-01 3.225587934075202501e-01
1.472526804201942374e-01 1.131184634420224697e-02 5.416506458764479559e-01 2.997848273591555701e-01
1.716670029468698178e-01 1.026326515154408169e-02 5.366029776884283509e-01 2.814667542131578104e-01
2.048551669098570005e-01 9.553039324075890404e-03 5.173105893056798577e-01 2.682812044603869461e-01
2.480605432476072902e-01 8.941734736094979902e-03 4.898253321218902223e-01 2.531723898944074347e-01
3.048378536354636736e-01 8.228461226627688252e-03 4.593455245949619181e-01 2.275881605429466437e-01
3.783926896263039019e-01 7.309057125302867788e-03 4.247497422292976776e-01 1.895485110190952560e-01
4.643761964200964765e-01 6.207878513999592028e-03 3.823429249764044302e-01 1.470730000894994449e-01
5.539396708223974786e-01 5.030188150512792875e-03 3.305925680261246336e-01 1.104375730009655582e-01
6.427011189760496457e-01 4.017838498236931018e-03 2.702305036398977012e-01 8.305053888581576116e-02
7.186854874765588042e-01 3.110446341336046017e-03 2.138712873881024323e-01 6.433277879400267629e-02
7.741628584858000206e-01 2.503694705380441008e-03 1.710182070545714639e-01 5.231523975424792750e-02
8.064579759209177245e-01 2.123981359204303501e-03 1.464259115860248317e-01 4.499213113385323176e-02
8.210736171945914874e-01 1.876914883557092000e-03 1.371320971393770183e-01 3.991737078247439147e-02
8.298455536961324430e-01 1.645866929302906715e-03 1.340205698569668646e-01 3.448800951759770084e-02
8.443117419308363569e-01 1.342903707551602486e-03 1.267098980444606449e-01 2.763545631715135301e-02
8.667461143911506793e-01 9.981675946935508054e-04 1.120999158407889190e-01 2.015580217336718910e-02
8.897064876326289395e-01 6.991153823238000506e-04 9.595088327794394634e-02 1.364351370710321747e-02
9.058332212828673624e-01 4.949306772295046595e-04 8.463154079077434000e-02 9.040307249128630082e-03
9.139524028729439920e-01 3.816799926491751000e-04 7.944518827115983062e-02 6.220728863247074539e-03
9.172066095080210202e-01 3.252439615978878129e-04 7.788729014164373632e-02 4.580856388737533820e-03
9.188933170324131705e-01 2.929002559969907677e-04 7.717088892685287915e-02 3.642893784736745116e-03
9.201761639889920463e-01 2.714839228281530755e-04 7.638684432638806476e-02 3.165507761791700164e-03
9.213619650149981188e-01 2.617585966890069167e-04 7.539101379575569029e-02 2.985262592557087844e-03
9.225991695793761549e-01 2.651064694771207864e-04 7.421915895106101502e-02 2.916565000085644468e-03
9.250415630254182897e-01 2.761828893331866623e-04 7.192186907979672417e-02 2.760385005451915577e-03
9.310032537720760448e-01 2.862375711890488626e-04 6.627420869998960906e-02 2.436299956745121773e-03
9.397367111024865771e-01 2.928626686617928892e-04 5.790514042441518433e-02 2.065285804436467563e-03
9.475005781526948390e-01 2.978402152047096921e-04 5.040586967905477667e-02 1.795711953046037887e-03
9.512505276011056221e-01 3.010529455179769597e-04 4.677341966682281582e-02 1.674999786553819621e-03
9.495447327821265882e-01 3.038077246829242514e-04 4.845618492471864824e-02 1.695274568471691031e-03
9.418339793116818903e-01 3.086904767619097099e-04 5.599409486948320192e-02 1.863235342072980813e-03
9.280951603141445183e-01 3.210862655829264142e-04 6.935254103482491050e-02 2.231212385447990578e-03
9.092771746525208920e-01 3.503863047742096157e-04 8.746232694787035855e-02 2.910112094834499050e-03
8.876201352449053505e-01 3.977968015261417476e-04 1.079860618567524133e-01 3.996006096816002995e-03
8.644206066612444284e-01 4.572849628324715423e-04 1.296165967737917257e-01 5.505511602131597446e-03
8.399437667743827607e-01 5.252456326841107529e-04 1.521900210209473081e-01 7.340966571985713986e-03
8.155500005557539955e-01 5.964978443058568686e-04 1.746044830990270968e-01 9.249018500913263469e-03
7.932405814246535902e-01 6.599128401337139198e-04 1.952685332026992959e-01 1.083097253251350325e-02
7.747965525661498765e-01 7.067308347198314813e-04 2.128069139020477007e-01 1.168980269708275350e-02
7.646158968187352079e-01 7.348975722362118468e-04 2.230213600792045059e-01 1.162784552982433321e-02
7.734463519810591547e-01 7.371942816245806874e-04 2.151026266244801810e-01 1.071382711283612975e-02
8.090569872098207771e-01 7.066664921471531085e-04 1.809756630946614542e-01 9.260683203370466757e-03
8.634464965926043067e-01 6.403799753084824702e-04 1.284241188016561619e-01 7.489004630431147884e-03
9.167315129411258701e-01 5.457053249552602445e-04 7.713363143310017489e-02 5.589150300818506584e-03
9.553152219006149082e-01 4.405718380125884202e-04 4.040795728190044178e-02 3.836248979472069425e-03
9.770847742384655144e-01 4.655578984973681020e-04 1.993233563909208722e-02 2.517332223944775647e-03
9.881122498882799476e-01 3.307390440711309464e-04 9.906884665583839261e-03 1.650126402065169593e-03
9.930008130966894164e-01 2.984266754096683168e-04 5.548493233389849809e-03 1.152266994511306521e-03
9.950182618471796747e-01 3.187537292003742528e-04 3.738143400974203254e-03 9.248410226459004855e-04
9.954937815870773532e-01 4.002848012489514562e-04 3.175261329391019204e-03 9.306722822826933236e-04
9.950639249927814012e-01 5.566920403794993477e-04 3.245619442986304691e-03 1.133763523852668580e-03
9.944407938525963164e-01 7.503849156387756196e-04 3.397594321684320549e-03 1.411226910080904100e-03
9.942080689207497546e-01 9.138560473243368320e-04 3.245600502579498812e-03 1.632474529346375621e-03
9.944287079440626842e-01 1.003494093390663432e-03 2.785958406930257557e-03 1.781839555616300703e-03
9.948383232046099645e-01 1.011998296888983948e-03 2.230018273640672465e-03 1.919660224860525715e-03
9.950475874914773700e-01 9.823929398623200328e-04 1.816058635117715533e-03 2.153960933542782043e-03
9.948014894218053517e-01 9.623094590588171689e-04 1.635474275247679509e-03 2.600726843888026118e-03
9.937971299950282278e-01 9.882781435474501715e-04 1.733547707184044610e-03 3.481044154240368286e-03
9.915031624361781981e-01 1.085029561313768844e-03 2.203544921710452742e-03 5.208263080797664001e-03
9.851096902651897969e-01 1.323464653963682359e-03 4.898777662048500216e-03 8.668067418797918006e-03
9.763883399421436904e-01 1.613377720369518634e-03 7.726423289724196515e-03 1.427185904776249840e-02
9.629201679689117777e-01 1.991410254805535927e-03 1.205426869488992678e-02 2.303415308139246040e-02
5.738660710815703947e-01 2.994568574876842471e-01 1.193282369829605921e-01 7.348834447784989045e-03
3.392343743979676085e-01 1.273920272724293201e-01 4.731984552188593374e-01 6.017514311074368544e-02
2.693939642457289785e-01 1.556622352727339287e-01 5.111564489768870567e-01 6.378735150464999448e-02
2.112495837970942703e-01 1.925449574214029569e-01 5.308969028772013710e-01 6.530855590430144353e-02
1.650661690783720159e-01 2.429541613718244897e-01 5.263393738144332978e-01 6.564029573537027984e-02
1.293413522439002816e-01 3.124127451887941942e-01 4.925528777894138122e-01 6.569302477789151773e-02
1.046456843223913524e-01 4.003697676479152645e-01 4.293312152054546416e-01 6.565333282423878314e-02
8.446312576738537747e-02 5.033367155949260985e-01 3.476047361458431961e-01 6.459542249184577201e-02
6.667634172836603423e-02 6.074536885225420013e-01 2.644018966294651718e-01 6.146807311962650816e-02
5.050914961786671237e-02 6.995702396232909015e-01 1.937723052474475682e-01 5.614830551139523424e-02
3.588726188419812807e-02 7.741944617627526393e-01 1.403706683900609320e-01 4.954760796298843251e-02
2.550180957218207978e-02 8.280300680990007045e-01 1.032241827131850781e-01 4.324393961563226252e-02
1.805638274393260578e-02 8.659684139425475324e-01 7.776374600886422350e-02 3.821145730465565216e-02
1.303691400006120465e-02 8.933151711479447865e-01 5.938608508672010844e-02 3.426182976527397672e-02
9.590830298172595830e-03 9.147041278701114608e-01 4.505509948931177983e-02 3.064994234240410106e-02
7.214610698115872175e-03 9.312018987569792294e-01 3.421931812003606993e-02 2.736417242486875387e-02
5.615761412082720741e-03 9.427432494577165922e-01 2.690044043207634808e-02 2.474054869812439619e-02
4.512097046574787065e-03 9.505372939606050453e-01 2.217515611439490122e-02 2.277545287842552141e-02
3.712326515215000171e-03 9.557688587707650063e-01 1.913235395558081711e-02 2.138646075843914432e-02
3.101448574263768621e-03 9.595163755941221728e-01 1.710330652782375560e-02 2.027886930379037972e-02
2.590971155449726514e-03 9.629332770715571810e-01 1.555498153288869569e-02 1.892077024010449873e-02
2.154382841627159716e-03 9.660815598265600768e-01 1.449729673500185778e-02 1.726676059681094694e-02
1.814535475808967463e-03 9.681994407772475109e-01 1.417153464680974938e-02 1.581448910013332973e-02
1.613184986745161420e-03 9.685499635803341834e-01 1.479135957052551964e-02 1.504549186239488578e-02
1.543103450069436893e-03 9.675184776755090255e-01 1.614343660539902664e-02 1.479498226902265651e-02
1.588309450753331133e-03 9.655654205129954315e-01 1.804064358697685458e-02 1.480562644927457296e-02
1.745315690787235894e-03 9.624569766789918823e-01 2.072057439661121464e-02 1.507713323360969013e-02
2.022121932509884402e-03 9.574439931721749897e-01 2.473858676928542694e-02 1.579529812602936678e-02
2.487108370036653256e-03 9.486678941667203713e-01 3.130190651807140262e-02 1.754309094517163617e-02
3.228275430440791585e-03 9.341213895734254979e-01 4.174551463625993802e-02 2.090482035987388867e-02
4.214068433293969781e-03 9.141949531896859105e-01 5.580850046353676847e-02 2.578247791348331486e-02
5.203296607801342726e-03 8.942975984159451386e-01 6.947498121872183741e-02 3.102412375753162838e-02
6.131709941351590372e-03 8.785793668107169108e-01 7.920895328973542870e-02 3.607996995819594960e-02
7.376713119045817495e-03 8.654545944925643441e-01 8.554075511486063099e-02 4.162793727352921691e-02
9.557232038949044217e-03 8.491898451636302747e-01 9.194521846386233266e-02 4.930770433355834148e-02
1.322440271684908498e-02 8.237536671807047517e-01 1.020888208307861450e-01 6.093310927166012414e-02
1.866864112811364093e-02 7.886820318162083288e-01 1.165091484805207550e-01 7.614017857515704979e-02
2.593510477182908378e-02 7.489029869017898022e-01 1.337910812531687699e-01 9.137082707321260433e-02
3.436996591384360034e-02 7.138440633913943900e-01 1.510505884377548735e-01 1.007353822570069835e-01
4.224583977586231220e-02 6.913286923341268597e-01 1.656551902967202949e-01 1.007702775932904360e-01
4.829204364379807018e-02 6.832287111795455337e-01 1.758573535128238885e-01 9.262189166383250072e-02
5.116483105771196804e-02 6.889370256894364886e-01 1.803131742403503990e-01 7.958496901250108890e-02
5.133334748770142925e-02 7.030749559357286627e-01 1.806811052431080977e-01 6.491059133346165078e-02
4.933406220745503723e-02 7.213474943115721905e-01 1.785143951258005846e-01 5.080404835517243756e-02
4.566629489407348502e-02 7.409234995778593014e-01 1.746742431751986679e-01 3.873596235286842077e-02
4.097189350491638876e-02 7.588908067255530909e-01 1.704769414373842329e-01 2.966035833214630477e-02
3.568976087521419371e-02 7.717026915003510901e-01 1.687474502148776645e-01 2.386009740955718356e-02
2.997622186987653967e-02 7.768850619727468709e-01 1.723797076330590983e-01 2.075900852431741481e-02
2.422406275989325702e-02 7.749675553877656276e-01 1.815591620543066109e-01 1.924921979803474736e-02
1.904975717568348909e-02 7.707748256142298304e-01 1.919799245494645257e-01 1.819549266062231441e-02
1.485086971618768993e-02 7.710798693644170809e-01 1.971204348322215250e-01 1.694882608717382735e-02
1.152800466026298286e-02 7.811457391874667699e-01 1.920095943153130036e-01 1.531666183695749167e-02
8.854330086637978575e-03 8.010002661746569164e-01 1.765857332857513895e-01 1.355967045295370516e-02
6.700167250188121884e-03 8.267079844630783603e-01 1.545039658882365052e-01 1.208788239849671424e-02
4.581098587966100748e-03 8.536822248129553037e-01 1.306528209470539104e-01 1.108385565202472250e-02
3.492561094375309580e-03 8.778625455103488129e-01 1.082064232655104291e-01 1.043847012976564619e-02
2.627777990592759273e-03 9.012200108073249449e-01 8.670153355184244404e-02 9.450677650240182220e-03
1.880000634102947177e-03 9.253274645553701827e-01 6.511403666140153090e-02 7.678498149125215395e-03
1.251782255178158229e-03 9.479380607043026430e-01 4.531778386952842880e-02 5.492373170990948010e-03
4.448954249000835440e-04 9.651584549117818712e-01 3.081006831324609521e-02 3.586581350071924718e-03
1.973208313690543434e-04 9.772368055277501631e-01 2.032670313044435823e-02 2.239170510436304731e-03
9.575470396562211497e-05 9.843766529181793290e-01 1.410693070129126307e-02 1.420661676563804475e-03
4.937493582595988860e-05 9.889277462357558557e-01 1.011220953172837535e-02 9.106692966897763893e-04
2.424279501065077595e-05 9.923402934824055999e-01 7.074075773980170734e-03 5.613879486037895916e-04
1.050731889437093976e-05 9.950167040371601379e-01 4.648960822972707935e-03 3.238278209728464013e-04
4.162793017243420071e-06 9.968931208062106197e-01 2.921568743306163837e-03 1.811476574659967305e-04
1.815186264157704343e-06 9.979621630105703911e-01 1.926424973699250717e-03 1.095968294662050165e-04
1.006365640713603967e-06 9.984906295745833438e-01 1.431745290876711282e-03 7.661876889913209882e-05
6.550159510928695672e-07 9.987894820721862077e-01 1.152046137262532173e-03 5.781677460021714230e-05
4.455322040015197832e-07 9.990094782376429672e-01 9.466867571977670209e-04 4.338947295552418511e-05
3.232819706546849664e-07 9.991644903458709592e-01 8.023455471653449236e-04 3.284082499321763857e-05
2.949142464652110173e-07 9.992101748715540577e-01 7.613254197428759610e-04 2.820479445659755034e-05
3.157779446227334530e-01 2.368089146970823733e-01 1.873152413973303565e-01 2.600978992828536507e-01
6.743332703775543890e-02 4.508783763224886720e-01 1.931871072044706594e-01 2.885011894352853545e-01
9.269798305032889152e-02 4.060245561405110837e-01 1.887399470145458835e-01 3.125375137946143633e-01
1.266810191361107119e-01 3.687331719195235391e-01 1.787690360520107213e-01 3.258167728923549444e-01
1.747233833295974148e-01 3.296513178048909865e-01 1.718299551092741795e-01 3.237953437562374193e-01
2.405239292269286677e-01 2.889000624590374877e-01 1.673019396913025536e-01 3.032740686227312632e-01
3.211630689547289030e-01 2.478713927463830902e-01 1.667736100321648707e-01 2.641919282667229418e-01
4.035442680155917339e-01 2.115080540787928898e-01 1.694539954416691974e-01 2.154936824639459292e-01
4.773268368382618809e-01 1.821461081824721218e-01 1.715409096104317799e-01 1.689861453688344395e-01
5.351491357788009662e-01 1.613140016526442566e-01 1.724520057892941494e-01 1.310848567792607111e-01
5.666975897149502117e-01 1.512042684990436703e-01 1.770317220085068366e-01 1.050664197774991981e-01
5.670865605969973577e-01 1.512916495626892288e-01 1.906796579516611967e-01 9.094213188865217512e-02
5.379417138124132913e-01 1.624200390460092402e-01 2.137237030035461227e-01 8.591454413803174817e-02
4.912093738790774822e-01 1.805792966751904594e-01 2.426512891672646943e-01 8.556004027846729476e-02
4.373598228436809676e-01 2.022046838403514513e-01 2.748146616200061176e-01 8.562083169596146348e-02
3.826468171448546007e-01 2.231333725833547221e-01 3.112999081557514813e-01 8.291990211603980643e-02
3.266202073141278306e-01 2.421390654375484563e-01 3.546319623295370871e-01 7.660876491878666761e-02
2.742235564909971668e-01 2.648504849327063537e-01 3.928166868415179924e-01 6.810927173477876462e-02
2.368377306790332149e-01 3.031200362223779310e-01 4.000881726046672804e-01 5.995406049392186520e-02
2.155711795500243610e-01 3.632391570892514188e-01 3.671328571919592054e-01 5.405680616876485517e-02
2.031947100299293096e-01 4.310961643895134809e-01 3.149277934624776787e-01 5.078133211807953074e-02
1.956881756556327345e-01 4.801257837371987747e-01 2.740028064542015529e-01 5.018323415296668116e-02
1.915158648209865644e-01 4.953434441408514077e-01 2.603539682067400607e-01 5.278672283142205740e-02
1.812839735335334823e-01 4.833197035264949482e-01 2.776344531048483555e-01 5.776186983512331813e-02
1.555489706442748366e-01 4.518742741475761382e-01 3.306816686079470102e-01 6.189508660020181380e-02
1.188431111788932348e-01 3.890870419726026319e-01 4.308632409375514061e-01 6.120660591095259534e-02
8.190647570235877473e-02 2.890916618799324045e-01 5.744868792915648337e-01 5.451498312614388997e-02
5.181354404179783907e-02 1.809840568964652674e-01 7.228356002531460822e-01 4.436679880859054764e-02
3.199096871178276624e-02 9.991363272464504064e-02 8.334836447781869273e-01 3.461175378538496744e-02
2.144716108637789720e-02 5.339315166146008096e-02 8.974037513406204480e-01 2.775593591154151829e-02
1.671836846236111895e-02 3.039719014381861081e-02 9.285661684061967680e-01 2.431827298762319345e-02
1.461755205256022594e-02 1.937202203131111258e-02 9.426328223133717543e-01 2.337760360275703900e-02
1.328303094757317913e-02 1.362794039974849977e-02 9.496075535159748116e-01 2.348147513670334821e-02
1.248019982803125205e-02 1.062693836130517225e-02 9.524978698014010536e-01 2.439499200926271288e-02
1.208073882240932179e-02 9.841684637682019884e-03 9.514690402177534700e-01 2.660853632215525247e-02
1.304253603768185804e-02 9.826419443965939832e-03 9.469161312561580335e-01 3.021491326219381476e-02
1.471118189559538977e-02 1.080503176624655892e-02 9.395575874094184154e-01 3.492619892873977117e-02
1.681603378807278171e-02 1.253860212761171572e-02 9.301531546838079922e-01 4.049220940050774625e-02
1.989210960623099059e-02 1.428677953561213916e-02 9.188053234077719900e-01 4.701578745038485774e-02
2.246108745767661299e-02 1.652138221289740569e-02 9.064931425252987784e-01 5.452438780412748043e-02
2.488691035694986023e-02 1.844553787879684922e-02 8.936484645790251369e-01 6.301908718522801489e-02
2.685390164467430646e-02 1.969688928191391103e-02 8.814393113542925429e-01 7.200989771911903148e-02
2.818702738326241131e-02 2.017086444278453489e-02 8.709091916233100417e-01 8.073291655064340766e-02
2.866949511141912016e-02 1.983950288098727116e-02 8.635211281619971091e-01 8.796987384559670775e-02
2.817758506963944157e-02 1.881204998132886275e-02 8.601631889960372757e-01 9.284717595299470105e-02
2.699057992670747183e-02 1.737952262086615157e-02 8.598247348841060456e-01 9.580516256831995980e-02
2.566263119446915777e-02 1.580987893898604113e-02 8.602574930484389037e-01 9.826999681810569265e-02
2.463567795775988695e-02 1.422177443654300787e-02 8.593106069012909076e-01 1.018319407044063624e-01
2.390569821041506338e-02 1.257043101348930166e-02 8.561014716289910842e-01 1.074223991471043443e-01
2.328293661097175296e-02 1.088538236895793959e-02 8.494815076416425415e-01 1.163501733784276099e-01
2.264104929787028389e-02 9.308088023094457722e-03 8.369650004590716286e-01 1.310858622199637946e-01
2.199833925402587195e-02 7.940240921308308608e-03 8.156505378586890176e-01 1.544108819659768539e-01
2.161189058507807445e-02 6.679443632019894071e-03 7.828503058436705464e-01 1.888583599392314183e-01
2.214786398100488524e-02 5.913610057441609329e-03 7.365255026909034441e-01 2.354130232706501402e-01
2.324711785394285857e-02 5.053662974376904246e-03 6.775870123903801057e-01 2.941122067813002339e-01
2.450359245596143293e-02 4.207861552341414166e-03 6.080986825035321619e-01 3.631898634881648991e-01
2.508068142590549887e-02 3.436065054734918287e-03 5.341552538269713768e-01 4.373279996923881141e-01
2.462296651768576539e-02 2.818023096341978895e-03 4.640499109412808409e-01 5.085090994446913593e-01
2.417015173426821650e-02 2.467602650676300330e-03 4.077340004898044601e-01 5.656282451252508947e-01
2.498316823077757765e-02 2.390414292019025274e-03 3.670992156212742885e-01 6.055272018559292313e-01
2.738486220771113241e-02 2.507554677766853871e-03 3.321124735494868641e-01 6.379951095650352455e-01
3.119006358323049566e-02 2.788593200714368538e-03 3.008720055152399042e-01 6.651493377008153018e-01
3.619444493104051475e-02 3.228023917097725022e-03 2.790623508954289678e-01 6.815151802564328731e-01
4.241222351023519327e-02 3.845380053760803340e-03 2.695121331628799188e-01 6.842302632731240841e-01
4.998658938377188027e-02 4.720393639803983042e-03 2.714579042251102914e-01 6.738351127513142469e-01
5.820659901492996474e-02 5.851345271450120178e-03 2.785811570347851429e-01 6.573608986788346265e-01
6.518381691622036900e-02 6.966242589062603477e-03 2.788591595027226644e-01 6.489907809919945869e-01
6.955791590495505328e-02 7.777487240883640754e-03 2.671209271430226573e-01 6.555436697111385325e-01
7.167994412123619707e-02 8.289350418510739102e-03 2.474796241272567698e-01 6.725510813329965698e-01
7.329035378145497270e-02 8.727377262441901248e-03 2.256048897362824823e-01 6.923773792198205657e-01
7.613782579148420382e-02 9.261673702457520752e-03 2.045417019177773743e-01 7.100587985882808040e-01
8.132442600570256863e-02 9.898709563166019354e-03 1.850057487588800675e-01 7.237711156722512751e-01
1.954013505047956685e-03 9.795804580195704991e-01 1.351734468313404644e-02 4.948183792247384111e-03
1.838100827695977142e-03 9.827405325665838909e-01 1.072797532098771454e-02 4.693391284732318335e-03
1.695055269511051279e-03 9.859404494537802321e-01 7.940983469710711715e-03 4.423511806997937855e-03
1.523435999947721480e-03 9.884866314752963623e-01 5.799708985286620294e-03 4.190223539469436868e-03
1.351871453759532918e-03 9.904105944461690791e-01 4.348127679872476267e-03 3.889406420198612650e-03
1.221540329143284151e-03 9.919180247896571823e-01 3.389312458064303729e-03 3.471122423135387502e-03
1.179118693465540033e-03 9.928583203720540151e-01 2.833414014518868557e-03 3.129146919961427967e-03
1.244767877059553595e-03 9.931627795693394045e-01 2.587255826065903291e-03 3.005196727535470579e-03
1.432034480887324100e-03 9.929614432515966316e-01 2.532812008988667186e-03 3.073710258527407712e-03
1.765123983885449627e-03 9.924768482887724730e-01 2.541477262557237122e-03 3.216550464785044531e-03
2.236914921405222956e-03 9.920398974037277773e-01 2.467102081807228189e-03 3.256085593059624122e-03
2.907332857579741914e-03 9.914584127448224926e-01 2.408551345381844313e-03 3.225703052216530049e-03
3.941071188082802788e-03 9.902572197140123711e-01 2.557527090540981807e-03 3.244182007363856889e-03
5.511823845218097664e-03 9.881730168376109402e-01 2.998945107485876792e-03 3.316214209685434434e-03
7.786628061635214593e-03 9.849719878665647022e-01 3.804288009034192952e-03 3.437096062765931503e-03
1.100622061586235823e-02 9.802645428179258547e-01 5.086275851168625510e-03 3.642960715043230564e-03
1.578489088660102804e-02 9.730517127204073580e-01 7.153334908774829602e-03 4.010061484216681169e-03
2.265490813973490558e-02 9.625614298939483282e-01 1.032831880403490415e-02 4.455343162282077163e-03
3.107231356109429327e-02 9.497989462273712657e-01 1.443987617902614366e-02 4.688864032507924356e-03
4.003661865755527710e-02 9.363254673763307112e-01 1.904059822315990261e-02 4.597315742954127295e-03
4.886273852297792070e-02 9.229287041409816039e-01 2.386281791476111205e-02 4.345739421279123937e-03
5.508769213669005571e-02 9.126078968999504770e-01 2.826473524657245606e-02 4.039675716786829927e-03
5.902532346721803269e-02 9.051687849002559849e-01 3.198596748065202222e-02 3.819924151874229921e-03
2.232754795205285983e-02 1.031566549332824240e-01 7.808049920964341695e-01 9.371080501823048081e-02
2.241947907746199425e-02 1.310792857163952663e-01 7.480187935258102438e-01 9.848244168033223889e-02
2.242140787539279034e-02 1.595873795392029337e-01 7.145761839565293316e-01 1.034150286288751108e-01
2.253731406050639777e-02 1.890382995533583799e-01 6.780255456609219911e-01 1.103988407252132348e-01
2.271013598545518555e-02 2.199983706506694892e-01 6.370543207188903434e-01 1.202371726449852352e-01
2.301500307625856459e-02 2.507473068505701175e-01 5.907503582434593392e-01 1.354873318297119544e-01
2.364674855239794551e-02 2.751169914633039282e-01 5.382590974280794249e-01 1.629771625562186077e-01
2.420212969450937640e-02 2.799122432930529758e-01 4.823130409960272869e-01 2.135725860164099377e-01
2.323171954831518629e-02 2.549032215501114140e-01 4.205768827484079320e-01 3.012881761531656100e-01
1.976301803186585049e-02 2.060720827720335102e-01 3.398525301870709558e-01 4.343123690090297528e-01
1.529499021739365999e-02 1.477681225347278193e-01 2.422627362967871012e-01 5.946741509510914403e-01
1.040537087731383328e-02 9.890162921014247766e-02 1.502730180466372856e-01 7.404199818659069621e-01
6.952959699297109677e-03 6.524882632077702582e-02 8.764630653174343422e-02 8.401519074481822447e-01
4.773756654393454882e-03 4.841284272175840064e-02 5.467554870987329646e-02 8.921378519139748775e-01
3.494074034695085137e-03 4.203543273396081331e-02 3.869979653735602931e-02 9.157706966939879178e-01
2.621095594984004708e-03 3.911097501449036645e-02 2.909997178336951734e-02 9.291679576071559810e-01
1.951394836989680647e-03 3.552374567124708116e-02 2.181728337293179290e-02 9.407075761188318230e-01
1.475464854210236081e-03 3.142354286453132722e-02 1.688534052051824524e-02 9.502156517607400765e-01
1.189170109134003511e-03 2.902171113389321808e-02 1.464784906370116511e-02 9.551412696932713997e-01
1.023921793739414159e-03 2.875324487205794741e-02 1.407414568660648319e-02 9.561486876475961960e-01
5.565159681942053035e-04 2.909358127997063379e-02 1.472800920505079950e-02 9.556218935467842845e-01
5.925130947515035423e-04 3.028260755600673329e-02 1.557335164773192976e-02 9.535515277015096380e-01
6.519436768634914595e-04 3.141191616955821969e-02 1.718454343552730176e-02 9.507515967180508731e-01
7.266811452765902001e-04 3.215962130865509389e-02 1.971237620430114565e-02 9.474013213417671331e-01
9.321205323842739676e-04 3.334439636285759651e-02 2.224370286856898124e-02 9.434797802361893915e-01
9.377569848103606319e-04 3.320386942247482986e-02 2.584595924138858788e-02 9.400124143513265418e-01
8.999850138890501308e-04 3.206912389879990749e-02 3.071357050559396507e-02 9.363173205817171274e-01
8.462260545047997065e-04 3.007286475469724690e-02 4.065008412669404020e-02 9.284308250641041260e-01
8.151477220688382137e-04 2.788096544061396259e-02 6.369818721741610235e-02 9.076056996199011184e-01
8.776093325097362226e-04 2.646464669377219733e-02 1.175067550016237750e-01 8.551509889720944058e-01
1.146813667082802407e-03 2.603470580215999294e-02 2.353675668651897535e-01 7.374509136655672537e-01
1.527262901771878024e-03 2.496729930975652781e-02 4.277332590946102409e-01 5.457721786938611874e-01
1.726079504751641897e-03 2.216109588165172603e-02 6.193670742609941327e-01 3.567457503526023643e-01
1.947037001748381374e-03 1.931935796660190843e-02 7.425830407719460347e-01 2.361505642597039600e-01
2.291524728132894768e-03 1.794630820024139053e-02 8.052649678697051394e-01 1.744971992019201668e-01
2.814431954780419708e-03 1.834647723420319149e-02 8.336977683787478721e-01 1.451413224322686546e-01
3.567330155534277365e-03 2.034214694869676543e-02 8.438795621044176132e-01 1.322109607913513341e-01
4.605856537946153954e-03 2.371326289700634651e-02 8.421721725058320951e-01 1.295087080592154105e-01
5.838683750805050837e-03 2.783771963226195148e-02 8.301846211357269967e-01 1.361389754812057096e-01
7.150284733415630117e-03 3.199279582047605264e-02 8.095294286169177900e-01 1.513274908291902532e-01
8.546161133509472610e-03 3.578403880119640501e-02 7.841070427030846224e-01 1.715627573622091062e-01
9.927720025150445216e-03 3.880956219846559696e-02 7.575398400515375164e-01 1.937228777248466982e-01
1.108283157152348437e-02 4.085166403641529026e-02 7.298417939428895052e-01 2.182237104491718260e-01
1.175053700277178641e-02 4.192543401463652564e-02 6.993252049195428643e-01 2.469988240630487386e-01
1.175457410046901879e-02 4.209518756827128338e-02 6.628671038022039275e-01 2.832831345290558467e-01
1.108133554197556457e-02 4.141223371173099327e-02 6.164177217786352969e-01 3.310887089676585737e-01
9.937813312235914409e-03 4.000100044918439984e-02 5.586607845065514333e-01 3.914004017320280027e-01
8.655054076784636508e-03 3.798786042757933828e-02 4.946039073535904995e-01 4.587531781420453592e-01
7.428162471652475195e-03 3.533176908333658661e-02 4.326437066478728277e-01 5.245963617971379778e-01
6.258975288352121649e-03 3.206938875258991822e-02 3.772421874256828844e-01 5.844294485333750844e-01
5.116519294865794903e-03 2.856305271647379546e-02 3.292567061511566529e-01 6.370637218375037047e-01
3.987313262031050645e-03 2.513834092202465315e-02 2.884022794402511525e-01 6.824720663756931316e-01
2.954384549366414776e-03 2.207109927298485721e-02 2.550407515763615796e-01 7.199337646012867742e-01
2.192693902031794210e-03 1.993851042991864539e-02 2.340353868974030804e-01 7.438334087706461872e-01
1.723579473994710926e-03 1.906710818926212955e-02 2.266943197584046776e-01 7.525149925783386484e-01
1.456400544521498693e-03 1.938890000308208031e-02 2.272006801153919897e-01 7.519540193370042314e-01
1.325659093664850264e-03 2.082665922569788830e-02 2.345311858248060322e-01 7.433164958558308166e-01
1.277499329949637356e-03 2.301718270865583602e-02 2.513212322947895316e-01 7.243840856666050598e-01
1.271663942687823335e-03 2.527708787332614074e-02 2.778838704984676888e-01 6.955673776855181289e-01
1.281817735278044596e-03 2.703958309290104001e-02 3.134455665957764370e-01 6.582330325760445966e-01
1.300641423800633426e-03 2.813250417187819138e-02 3.579124267766571887e-01 6.126544276276641998e-01
1.313142887802000317e-03 2.854337752017144930e-02 4.083189253411946273e-01 5.618245542508318868e-01
1.295639387385953733e-03 2.844860757707033325e-02 4.605152514977199352e-01 5.097405015378237980e-01
1.245553225377109708e-03 2.819630433510000173e-02 5.135060856982240907e-01 4.570520567412988955e-01
1.192810788354179124e-03 2.829150411024221323e-02 5.672803681504186013e-01 4.032353169509849122e-01
1.178308121617907458e-03 2.911730704997208749e-02 6.143164172082352659e-01 3.553879676201748272e-01
1.216682937345325236e-03 3.093083501230057750e-02 6.387117585211983251e-01 3.291407235291560207e-01
1.311758543475141517e-03 3.408449071249476658e-02 6.337204395894037168e-01 3.308833111546267691e-01
1.479887110259105057e-03 3.885962810604661616e-02 6.054694652221778162e-01 3.541910195615166623e-01
1.718347603928842325e-03 4.480641992354493508e-02 5.675922119359214646e-01 3.858830205366049482e-01
1.968420475259897214e-03 5.043851229222352794e-02 5.323821741215933878e-01 4.152108931109232959e-01
2.165756846276564902e-03 5.488310300491398841e-02 4.972954879221223590e-01 4.456556522266867937e-01
2.333178250639644444e-03 5.850616071021601944e-02 4.573796661988036028e-01 4.817809948403405929e-01
2.534420786691029496e-03 6.198664238576391539e-02 4.166410596062694593e-01 5.188378772212756118e-01
2.762215105555544063e-03 6.508098533836574606e-02 3.819045283065665708e-01 5.502522712495120372e-01
2.913871511938726823e-03 6.592064417802796783e-02 3.535084775524153233e-01 5.776570067576179968e-01
2.958194923139969776e-03 6.331474126866848406e-02 3.247945731932535551e-01 6.089324906149379268e-01
2.984364892680455798e-03 5.803196348078364791e-02 2.869043734245481647e-01 6.520792982019878448e-01
3.088785068029616804e-03 5.113202151531785755e-02 2.385493883227923217e-01 7.072298050938602421e-01
3.330801079901334668e-03 4.305235426071074567e-02 1.856531619976475034e-01 7.679636826617401990e-01
3.849642765552260381e-03 3.441374635840310781e-02 1.372381449397462039e-01 8.244984659362981638e-01
5.034317800644320766e-03 2.627907187823183902e-02 1.020723943682824153e-01 8.666142159528414934e-01
7.553047583444595821e-03 1.900724389475352480e-02 7.928592629630309974e-02 8.941537822254991275e-01
1.247965678477430153e-02 1.290289748728638830e-02 6.330479690114167168e-02 9.113126488267980774e-01
2.172447032645252740e-02 8.723626346390471811e-03 5.156657638005437277e-02 9.179853269471026644e-01
3.804445137532705412e-02 6.331464616427270528e-03 4.479124065783161857e-02 9.108328433504139232e-01
6.310996965265999736e-02 4.713070638089169803e-03 4.359038722368806240e-02 8.885865724855629422e-01
9.303556992321472541e-02 3.362581390938304635e-03 4.563090660629168238e-02 8.579709420795555985e-01
1.203182293400482522e-01 2.344008958638533861e-03 4.828629818500961013e-02 8.290514635163033219e-01
