8.438830179336779397e-03 8.159761936510184777e-02 6.732009557583382153e-02 8.426434548797274715e-01
1.208540058258659178e-01 6.330597444636876237e-01 1.922612324031188757e-01 5.382501730732734690e-02
1.295802490034133614e-01 6.026048728877331229e-01 2.135081566525339480e-01 5.430672145631961628e-02
1.414010016161701688e-01 5.672776608518482755e-01 2.366459386414505039e-01 5.467539889053103092e-02
1.527392189000778833e-01 5.344838094909657444e-01 2.586827362771860206e-01 5.409423533177037252e-02
1.686008217749746518e-01 4.986636996630849916e-01 2.792988953575111233e-01 5.343658320442918469e-02
1.882414612013273703e-01 4.628205670474919153e-01 2.960187290957775885e-01 5.291924265540304956e-02
2.135399493929501513e-01 4.273085571449521947e-01 3.075486087254934442e-01 5.160288473660426534e-02
2.430105453653855496e-01 3.942134922502412153e-01 3.139609114875887563e-01 4.881505089678436077e-02
2.727652525778250236e-01 3.639518510583912847e-01 3.176418375001178740e-01 4.564105886366590786e-02
2.990309189388860034e-01 3.374124064131404643e-01 3.195784535981470165e-01 4.397822104982666847e-02
3.223117265172073531e-01 3.162557256856633470e-01 3.163359623136495768e-01 4.509658548347980633e-02
3.441354442884929643e-01 3.018153827447791482e-01 3.044120736514220327e-01 4.963709931530589647e-02
3.598352264435040748e-01 2.972943350944374785e-01 2.843477927801252858e-01 5.852264568193301514e-02
3.612391447485406304e-01 3.058440375577951564e-01 2.589824332283381936e-01 7.393438446532589470e-02
3.456281869967059439e-01 3.264271538477185874e-01 2.290362022190388647e-01 9.890845693653647908e-02
3.161866161366935213e-01 3.485806747966286312e-01 1.995515492656395884e-01 1.356811598010379816e-01
2.715287289867200915e-01 3.698205183261972784e-01 1.753962620084632829e-01 1.832544906786194305e-01
2.190658376001831387e-01 3.867999253106910174e-01 1.585066591834365657e-01 2.356275779056890562e-01
1.704148064914932093e-01 4.001487290826241106e-01 1.449238741527952012e-01 2.845125902730873402e-01
1.320713809852472331e-01 4.127671914696592337e-01 1.304703870594559889e-01 3.246910404856375165e-01
1.032605852790812601e-01 4.214041071928038007e-01 1.148545442581710152e-01 3.604807632699438269e-01
8.221879746602221706e-02 4.168419149743758934e-01 9.915607057157414805e-02 4.017832169880278248e-01
6.760560979469859566e-02 3.904947297218229196e-01 8.399852169415007730e-02 4.579011387893283658e-01
5.749788702935423185e-02 3.393462659925260971e-01 6.941919907081052499e-02 5.337366479073091252e-01
4.979779578518295918e-02 2.701426228438431054e-01 5.554324091561686078e-02 6.245163404553569775e-01
4.307830240645187103e-02 1.966225820941697733e-01 4.370173403762490916e-02 7.165973814617533355e-01
3.684647283861468975e-02 1.322081970680926977e-01 3.506394938573548919e-02 7.958813807075570956e-01
3.128697619238973021e-02 8.319371550481788335e-02 2.880751695345546565e-02 8.567117913493368375e-01
2.767009357038361164e-02 4.972706139143941856e-02 2.372116788001384091e-02 8.988816771581630283e-01
2.793552132707174257e-02 2.905396279974566467e-02 1.952507522247807700e-02 9.234854406507043700e-01
3.278082346874359315e-02 1.678177127241204172e-02 1.578128141516218358e-02 9.346561238436820185e-01
4.188866339997350530e-02 8.962104403225857469e-03 1.224200573329644812e-02 9.369072264635043279e-01
5.484342856327782678e-02 4.864315016642455775e-03 8.706852236953277480e-03 9.315854041831261867e-01
7.176110972426980039e-02 2.746089699671733914e-03 6.428975292507715066e-03 9.190638252835506838e-01
9.086260825016430343e-02 1.666258775702091858e-03 5.232208717321200180e-03 9.022389242568121803e-01
1.072341004679260162e-01 1.093328862014196967e-03 4.664608738763489394e-03 8.870079619312962738e-01
1.168129787637824518e-01 7.581632516034936395e-04 4.293691473149497534e-03 8.781351665114647265e-01
1.201769252816361350e-01 5.491904144657775268e-04 3.963877123294125976e-03 8.753100071806039217e-01
1.222296954916519962e-01 4.244627093376407792e-04 3.838125916046546300e-03 8.735077158829638311e-01
1.276216438806658249e-01 3.638149904228607056e-04 4.242039581334468810e-03 8.677725015475767911e-01
1.384014607925433682e-01 3.582355610837199464e-04 5.575604524814613272e-03 8.556646991215582920e-01
1.540564170262673782e-01 4.022025678133185492e-04 8.194066159008575254e-03 8.373473142469107788e-01
1.723297393369480068e-01 4.981823781416007228e-04 1.246974448508277739e-02 8.147023337998278159e-01
1.871002228598395434e-01 6.516781541200342706e-04 1.871467195492353477e-02 7.935334270311168448e-01
1.927776136559233855e-01 6.819453199416494445e-04 2.743894156798324865e-02 7.791014994561518137e-01
1.902333608184187119e-01 9.283138410954150507e-04 3.624873424646553322e-02 7.725895910940205891e-01
1.877929417452174343e-01 1.544154968273819904e-03 4.507990692981569958e-02 7.655829963566930241e-01
1.882845523897686280e-01 1.504883588393411513e-03 5.611329389875208129e-02 7.540972701230860276e-01
1.902869553103397615e-01 1.754295808719561487e-03 6.677370001760672691e-02 7.411850488633341394e-01
1.922927151593807060e-01 1.965848096383190132e-03 7.876233218240381861e-02 7.269791045618323455e-01
1.934180700478950188e-01 2.178496356593977688e-03 9.474440110876572452e-02 7.096590324867452226e-01
1.941560749467378666e-01 2.478474516182833497e-03 1.194484320000623878e-01 6.839170185370166966e-01
1.957045354150678262e-01 2.975480891608385612e-03 1.573866481003527995e-01 6.439333355929711677e-01
2.002782703822103549e-01 3.733629482242390146e-03 2.072048019623812243e-01 5.887832981731658810e-01
2.108322009798813956e-01 4.775078127430418956e-03 2.614997514971837411e-01 5.228929693955041147e-01
2.268245751711291947e-01 5.999290507554152357e-03 3.155884148897352692e-01 4.515877194315813248e-01
2.439292833880170319e-01 7.099025541932913602e-03 3.711399616957098413e-01 3.778317293743402305e-01
2.599992021008584175e-01 7.751125962677143065e-03 4.253666607534541400e-01 3.068830111830103680e-01
2.802106321961946866e-01 7.889502163892815612e-03 4.669738072874614621e-01 2.449260583524509871e-01
3.089992818771610805e-01 7.607914691538269700e-03 4.883042167525595834e-01 1.950885866787414324e-01
3.427531957282921593e-01 7.108060033131274012e-03 4.910626314605491816e-01 1.590761127780275230e-01
3.709770069729970698e-01 6.683306215080708421e-03 4.855959046335633356e-01 1.367437821783591967e-01
3.851481203386549201e-01 6.509294403112615875e-03 4.826383535740668695e-01 1.257042316841659457e-01
3.862027560791795322e-01 6.549149081575291430e-03 4.847428114243785280e-01 1.225052834148670083e-01
3.838752796022358305e-01 6.628051370052733503e-03 4.859526004117561970e-01 1.235440686159553353e-01
3.869291920066161294e-01 6.581512106427371556e-03 4.801725625474091985e-01 1.263167333395471270e-01
3.986547705650350104e-01 6.338520402711506768e-03 4.652180350267090536e-01 1.297886740055443910e-01
4.203621556116877156e-01 5.923697580415058367e-03 4.404814627388585757e-01 1.332326840690385150e-01
4.526358386786853982e-01 5.386473801550390426e-03 4.067291157942106161e-01 1.352485717255535458e-01
4.949972203067258270e-01 5.163842993570400518e-03 3.641400602891646243e-01 1.356988764105393763e-01
5.393262057979084645e-01 4.572652935654332625e-03 3.186408682584547236e-01 1.374602730079824975e-01
9.274576799283108519e-01 2.897987178595594349e-03 3.263007601882640663e-02 3.701425687426710548e-02
3.302388279035727847e-01 1.082414941079145286e-02 5.805480791806721941e-01 7.838894350496378172e-02
3.060648666197806622e-01 1.257178732152152908e-02 5.891660494612092069e-01 9.219729659748848727e-02
2.901287619694015718e-01 1.445353535485569517e-02 5.857464690534515128e-01 1.096712336222911144e-01
2.797690722645077011e-01 1.652340122490833160e-02 5.715835441643308812e-01 1.321239823462533047e-01
2.738308562759568243e-01 1.860361989199475069e-02 5.481759672972267294e-01 1.593895565348213417e-01
2.716796524991111350e-01 2.016805118528327070e-02 5.189604337338900031e-01 1.891918625817156918e-01
2.726793199404659029e-01 2.057274023018933543e-02 4.890505510368085007e-01 2.176973887925360007e-01
2.752964162645262780e-01 2.007672345612615886e-02 4.629737145655301034e-01 2.416531457138174355e-01
2.790782436834211566e-01 1.899139041102449951e-02 4.440928106624014160e-01 2.578375552431530493e-01
2.911443615339401880e-01 1.772806307952644322e-02 4.256402284960066340e-01 2.654873468905267209e-01
3.089946388775063890e-01 1.710268625453934335e-02 4.054182729056758361e-01 2.684844019622782962e-01
3.346587326811684693e-01 1.664551576680765865e-02 3.786307046106745511e-01 2.700650469413489185e-01
3.704633133000430067e-01 1.605599658721010639e-02 3.466231626834778701e-01 2.668575274292687705e-01
4.214272571329147898e-01 1.512448211650141081e-02 3.111642734649082698e-01 2.522839872856757482e-01
4.911202287181005710e-01 1.378100657533765441e-02 2.722690343895080578e-01 2.228297303170537480e-01
5.741803310807754857e-01 1.203666959744311565e-02 2.302422405535310412e-01 1.835407587682503783e-01
6.587577063300269486e-01 9.986586337568131855e-03 1.862741057165530068e-01 1.449816016158518850e-01
7.337942125110562541e-01 7.949847014713488577e-03 1.443422700928655156e-01 1.139136703813647122e-01
7.935412704193088862e-01 6.229768764214396737e-03 1.082860071922831513e-01 9.194295362419346862e-02
8.322760224740122226e-01 5.057787089437083827e-03 8.430595425690334821e-02 7.836023617964740784e-02
8.535103980962389647e-01 4.345042501093614867e-03 7.205211437888607573e-02 7.009244502378132735e-02
8.652807340138966019e-01 3.915802834684660276e-03 6.779914216710818120e-02 6.300432098431067718e-02
8.775156509218567935e-01 3.523464393844366865e-03 6.546609410798459594e-02 5.349479057631406631e-02
8.963037917382397080e-01 2.964802279159581191e-03 5.969362261209849863e-02 4.103778337050217190e-02
9.193082514392598714e-01 2.281473407045992840e-03 5.010370498744659562e-02 2.830657016624764030e-02
9.399978914816693454e-01 1.652668021853641008e-03 4.013780414798431145e-02 1.821163634849274487e-02
9.557910095748843871e-01 1.112602459242544896e-03 3.169942191574387502e-02 1.139696605012910716e-02
9.630106839910739236e-01 8.401126990055623718e-04 2.881021243627461884e-02 7.338990873645948217e-03
9.659658048686056153e-01 7.190526198534748356e-04 2.839087410870920827e-02 4.924268402831751337e-03
9.667028159190448333e-01 6.699564659461526269e-04 2.913341093033422133e-02 3.493816684674792838e-03
9.660561575974827564e-01 6.625082083050370853e-04 3.057637195341490755e-02 2.704962240797067173e-03
9.642898946603138954e-01 6.942803377765629320e-04 3.269490056189576499e-02 2.320924440013909674e-03
9.619334187441933581e-01 7.591286896694514038e-04 3.516917194717827239e-02 2.138280618959032681e-03
9.605068278685746641e-01 8.219642025175223979e-04 3.667706321056740659e-02 1.994144718340471519e-03
9.622088897788285689e-01 8.278801496674822059e-04 3.514717516682535486e-02 1.816054904678773190e-03
9.669662852504208317e-01 7.813868496334774134e-04 3.060237211945978503e-02 1.649955780485990765e-03
9.722522344666656435e-01 7.383538339745264511e-04 2.544048605660335569e-02 1.568925642756532988e-03
9.760215672549115151e-01 7.221129416305700809e-04 2.164992363184517141e-02 1.606396171612649391e-03
9.775793451344556573e-01 7.248127945104595104e-04 1.991656094931171933e-02 1.779281121722488821e-03
9.769799700970452916e-01 7.341892016623418823e-04 2.016383039341236236e-02 2.122010307880337239e-03
9.744596386185969683e-01 7.503814582415137963e-04 2.208314029364187234e-02 2.706839629519678953e-03
9.700988701605982589e-01 7.921368966583197842e-04 2.542854804645940797e-02 3.680444896284065792e-03
9.641008008800094897e-01 8.701150298321188442e-04 2.984397382795246634e-02 5.185110262205886063e-03
9.564074325745431926e-01 9.938044246131081706e-04 3.530841580215279135e-02 7.290347198690895307e-03
9.473803411393617591e-01 6.929078998954593498e-04 4.206608805057283906e-02 9.860662910170230055e-03
9.363375212192508457e-01 7.422986957542996190e-04 5.022831857300497083e-02 1.269186151199011223e-02
9.249845126480146229e-01 7.939150497015427582e-04 5.913931410168971059e-02 1.508225820059415356e-02
9.141136261131110885e-01 8.373531094965592711e-04 6.866915806219979490e-02 1.637986271519262238e-02
9.050645990974465205e-01 8.734727040563253133e-04 7.785230756217377535e-02 1.620962063632345324e-02
9.020386894779941489e-01 9.046903484060171306e-04 8.243074324142934950e-02 1.462587693217061273e-02
9.099583644778912461e-01 9.236510947637894230e-04 7.687397116333058444e-02 1.224401326401442641e-02
9.289375293801170885e-01 8.995368559821964073e-04 6.052428010898428662e-02 9.638653654916689087e-03
9.516079250748945562e-01 8.182549994805021895e-04 4.044569358243631230e-02 7.128126343188941061e-03
9.705721744758807334e-01 8.440537426775576810e-04 2.364794894661597160e-02 4.935822834825612584e-03
9.832258642205938814e-01 6.238083857643182770e-04 1.290256854481741655e-02 3.247758848824210034e-03
9.900721943344742426e-01 5.255233945622415654e-04 7.241364755656076908e-03 2.160917515307332441e-03
9.935452627486456301e-01 4.925637407849013097e-04 4.447811262501527758e-03 1.514362248067916685e-03
9.951019283083428757e-01 5.151309651637992881e-04 3.187967640545885748e-03 1.194973085947391130e-03
9.954039323269504580e-01 6.193254692979625756e-04 2.831110526689220412e-03 1.145631677062386227e-03
9.948761930815528398e-01 8.250583323558037269e-04 3.001496921839308645e-03 1.297251664251778715e-03
9.942200209110465536e-01 1.076896840615565367e-03 3.203960398609879100e-03 1.499121849727978045e-03
9.940436236488813249e-01 1.281089928927941959e-03 3.041379321435645332e-03 1.633907100754940830e-03
9.943827587267867196e-01 1.378873495558452424e-03 2.524416549401670672e-03 1.713951228253054061e-03
9.949214627476714590e-01 1.363459248699512832e-03 1.893367459992619916e-03 1.821710543636437989e-03
9.951930623062735792e-01 1.295031179525418059e-03 1.398019758877545784e-03 2.113886755323465816e-03
9.948204072008812737e-01 1.240499568228500219e-03 1.119882316139421928e-03 2.819210914750718694e-03
9.932965195277758674e-01 1.256637377033728142e-03 1.065148442744723182e-03 4.381694652445614242e-03
9.896516976178585390e-01 1.383530376803776118e-03 1.252973152155337699e-03 7.711798853182359574e-03
9.814634871687796247e-01 1.705192979127475401e-03 2.532929361520784399e-03 1.429839049057217426e-02
9.677777792274196988e-01 2.084553294042591765e-03 3.891408820328425260e-03 2.624625865820918308e-02
9.460451791978929936e-01 2.558878976233359883e-03 6.043911635544010549e-03 4.535203019032968408e-02
7.255048262109997648e-01 2.606677862872492923e-01 1.214710914950133808e-02 1.680278352249500295e-03
2.129869251722091850e-01 1.483557597807472483e-01 5.553578551300119015e-01 8.329945991703141539e-02
1.763392230905122537e-01 1.843902169463657870e-01 5.512208437515959680e-01 8.804971621152575534e-02
1.457947284602489346e-01 2.326757926869822135e-01 5.307176818297930643e-01 9.081179702297577372e-02
1.206202128199610341e-01 2.957231146604393235e-01 4.921476748908039101e-01 9.150899762879581567e-02
1.006485018314589586e-01 3.746049909359927543e-01 4.344830549357694416e-01 9.026345229677890103e-02
8.500847994441987354e-02 4.676989644545478386e-01 3.604124145725881578e-01 8.688014102844413000e-02
7.176665667321016628e-02 5.671053390262692506e-01 2.804284837511168971e-01 8.069952054940376929e-02
5.937976242063639637e-02 6.612476182181228346e-01 2.080500778218989100e-01 7.132254153934160235e-02
4.746126615879163457e-02 7.420305707156902297e-01 1.508171015360981471e-01 5.969106158942011353e-02
3.778057118438862133e-02 8.039036950447663310e-01 1.104522737573794822e-01 4.786346001346544754e-02
2.961532170883652074e-02 8.499978785439556983e-01 8.285793204049531069e-02 3.752886770671255701e-02
2.363469655916664719e-02 8.825104014108205996e-01 6.434758992240471875e-02 2.950731210760821135e-02
1.959583779602654813e-02 9.060598744825636430e-01 5.116859711448085851e-02 2.317569060692915503e-02
1.687993019307525849e-02 9.246566464848389177e-01 4.067475776018834865e-02 1.778866556189754103e-02
1.516739235560551902e-02 9.389828837001109596e-01 3.238281154740631912e-02 1.346691239687726471e-02
1.421136679789016671e-02 9.490521754224580109e-01 2.639902244385644581e-02 1.033743533579545466e-02
1.355805395766000732e-02 9.565699656204185164e-01 2.184619615201866677e-02 8.025784269902969115e-03
1.290170103140426613e-02 9.627989912491694557e-01 1.807690233129273169e-02 6.222405388133479646e-03
1.211085009149715820e-02 9.682910531719698399e-01 1.485690233981158855e-02 4.741194396721332659e-03
1.112443875361722109e-02 9.733661676506210059e-01 1.203563136827886897e-02 3.473762227482897133e-03
1.005969810370879042e-02 9.776137690563324600e-01 9.827249519813584244e-03 2.499283320144991393e-03
9.178385315074512329e-03 9.805043751142575870e-01 8.431040538269837445e-03 1.886199032398189028e-03
8.851908782448911564e-03 9.817320612661167845e-01 7.832260140768963069e-03 1.583769810665232704e-03
9.279230569355789368e-03 9.815391348901526536e-01 7.726890632026638638e-03 1.454743908464778326e-03
1.044630798624771734e-02 9.802747023766450463e-01 7.874587362563474635e-03 1.404402274543837007e-03
1.210542884819313866e-02 9.783236394000284220e-01 8.175915729052010347e-03 1.395016022726343601e-03
1.389909466502791020e-02 9.760898857638337089e-01 8.591480867368155028e-03 1.419538703770419682e-03
1.571946397753744978e-02 9.734615329690140539e-01 9.288648820462649253e-03 1.530354232985731231e-03
1.761156031067376282e-02 9.701864316007822175e-01 1.040357095431190121e-02 1.798437134231937583e-03
1.928997243059282773e-02 9.667436254879998581e-01 1.171787548704449240e-02 2.248526594362732032e-03
2.016315183494474597e-02 9.644631501537664908e-01 1.258313186152544734e-02 2.790566149763493240e-03
2.063768674427414462e-02 9.628908154855598811e-01 1.305042267016231702e-02 3.421075100003925264e-03
2.211957149715471777e-02 9.595443839049631052e-01 1.394462949833377360e-02 4.391415099548485849e-03
2.607554648447074630e-02 9.515114968859946787e-01 1.623841448718787300e-02 6.174542142346484304e-03
3.344989552974229202e-02 9.363740251908053702e-01 2.086083653451295192e-02 9.315242744939646047e-03
4.381081600090173944e-02 9.136815903156355612e-01 2.856822489860427056e-02 1.393936878485817731e-02
5.961935820049035772e-02 8.807379908205922314e-01 3.998879621305679449e-02 1.965385476586065799e-02
7.964817565184256765e-02 8.401354051806061429e-01 5.545048103081455515e-02 2.476593813673674815e-02
9.954222194056207285e-02 7.984714717352217050e-01 7.438601854731312357e-02 2.760028777690345242e-02
1.133379199183179725e-01 7.640125174567998778e-01 9.509358771513869157e-02 2.755597490974397504e-02
1.195343306652917603e-01 7.387559433560675348e-01 1.164543385732904335e-01 2.525538740535017077e-02
1.204609352597905969e-01 7.182459311175996008e-01 1.393663382479371771e-01 2.192679537467250722e-02
1.183396467342636565e-01 6.989444320618857232e-01 1.642682398105189123e-01 1.844768139333143042e-02
1.138350072653527695e-01 6.794122513528585428e-01 1.915784843312423880e-01 1.517425705054618358e-02
1.074825002577567412e-01 6.581955278200710691e-01 2.219947657991379608e-01 1.232720612303418901e-02
9.912389932497163436e-02 6.332094597254310786e-01 2.576336918552651900e-01 1.003294909433226183e-02
8.789087405085165006e-02 6.032585288456546735e-01 3.006407690534165789e-01 8.209828050077234637e-03
7.398755344149594848e-02 5.698161109579872319e-01 3.494347152148518654e-01 6.761620385665231825e-03
5.950564337302129136e-02 5.391792650064740622e-01 3.956449086405043891e-01 5.670182980000153250e-03
4.670842362247167034e-02 5.186285566187405216e-01 4.297564355047118201e-01 4.906584254076295885e-03
3.634934453831286522e-02 5.119614701497443576e-01 4.473211868558591986e-01 4.367998456083681778e-03
2.821025636166592243e-02 5.188119257812742191e-01 4.489747116007783423e-01 4.003106256281690513e-03
2.187930388207170659e-02 5.380116242064164611e-01 4.362909122913518067e-01 3.818159620160367293e-03
1.714003762895193600e-02 5.665067894100481727e-01 4.124903701980058845e-01 3.862802762994093503e-03
1.296907750597653224e-02 6.044851562143487289e-01 3.787181852072704635e-01 3.827581072404149989e-03
9.665829730704277381e-03 6.500882554045012141e-01 3.366024460762304660e-01 3.643468788564318845e-03
6.827624382095549664e-03 7.082398654113272185e-01 2.818665804179802947e-01 3.065929788597211193e-03
4.845728871663367889e-03 7.755850885355088931e-01 2.172913582143157774e-01 2.277824378512038461e-03
2.855980753562023262e-03 8.412729105788741002e-01 1.544201337315687927e-01 1.450974935995048669e-03
1.676861357237990251e-03 8.929282506493195770e-01 1.045180446696441917e-01 8.768433237981722826e-04
1.054953529604404352e-03 9.279322552490808507e-01 7.047181511253945707e-02 5.409761087752914871e-04
7.205678006059420843e-04 9.514021871327911217e-01 4.753351177558446522e-02 3.437332910185258842e-04
5.657984787679284661e-04 9.674864283189794634e-01 3.172563637392730729e-02 2.221368283254039567e-04
2.105428219731765127e-04 9.807941075713446644e-01 1.888434623145088948e-02 1.110033752310901173e-04
6.782683951058810553e-05 9.893434794653885866e-01 1.053387750357864111e-02 5.481619152224501525e-05
2.202343872323514216e-05 9.940106106469055458e-01 5.936247577840154596e-03 3.111833653101886123e-05
8.509700567953942129e-06 9.963082345556549813e-01 3.661233019680686616e-03 2.202272409634333742e-05
3.891139255191016615e-06 9.975199500183947743e-01 2.458509122206038473e-03 1.764972014379602260e-05
1.934263955026718871e-06 9.982628447145971418e-01 1.720956155706624942e-03 1.426486574100792963e-05
1.041844682099079781e-06 9.987345861909474598e-01 1.252791792048058711e-03 1.158017232237488479e-05
6.997721568667474913e-07 9.989727809132972203e-01 1.015887696983323743e-03 1.063161756278802096e-05
4.678635899956781197e-01 2.731714599412914390e-01 1.228943929701729193e-01 1.360705570928571473e-01
1.548864156442346374e-01 4.245417587237477752e-01 2.801722246736078059e-01 1.403996009584099480e-01
2.038356116017159547e-01 3.799470493243192748e-01 2.708475554106648531e-01 1.453697836633000007e-01
2.644481458538208152e-01 3.370423833948917314e-01 2.584406651996075110e-01 1.400688055516800812e-01
3.318381510165144821e-01 2.945004987393162188e-01 2.475249764421163512e-01 1.261363738020530034e-01
4.039226007405999352e-01 2.509337257378665420e-01 2.382156293340197961e-01 1.069280441875140181e-01
4.717578549239918040e-01 2.126255918876730211e-01 2.285766949057961295e-01 8.703985828253901769e-02
5.303794836460323792e-01 1.814320945942873020e-01 2.186489129840414325e-01 6.953950877563890021e-02
5.836392659620831536e-01 1.573929539287541035e-01 2.044731113820535962e-01 5.449466872710916759e-02
6.321517032778917189e-01 1.402666936662543828e-01 1.858026678390769793e-01 4.177893521677664840e-02
6.680981504190873776e-01 1.312374226308671843e-01 1.685796503598580853e-01 3.208477659018738742e-02
6.852807422324117548e-01 1.312550977389293216e-01 1.576695868462092143e-01 2.579457318244963993e-02
6.866553725351430826e-01 1.399015279059844519e-01 1.513328194841499497e-01 2.211028007472247078e-02
6.787512207381212193e-01 1.571504208157243343e-01 1.443549436479026338e-01 1.974341479825179185e-02
6.699246755766554706e-01 1.790347244916658254e-01 1.334904900614484191e-01 1.755010987023018082e-02
6.574358757407420262e-01 2.062740149623663866e-01 1.208461329091071457e-01 1.544397638778438435e-02
6.293614667594349399e-01 2.429049989370332951e-01 1.135255032107597428e-01 1.420803109277193194e-02
5.733941340389875352e-01 2.976355007085215720e-01 1.146043340236733848e-01 1.436603122881726508e-02
4.922849293182430253e-01 3.763718643626490223e-01 1.162917703679209047e-01 1.505143595118688116e-02
3.982418444992025797e-01 4.752351778443107411e-01 1.112910269062087898e-01 1.523195075027802131e-02
3.070345133135676807e-01 5.775764930414929443e-01 1.005255860455712552e-01 1.486340759936807289e-02
2.384675777201099300e-01 6.558142610619075441e-01 9.091788538923764595e-02 1.480027582874449826e-02
1.919919177850684666e-01 7.059600178014610039e-01 8.619099195466860264e-02 1.585707245880164581e-02
1.553877341924018163e-01 7.372766734123643584e-01 8.879653545932654490e-02 1.853905693590763085e-02
1.206922121405100273e-01 7.513026212337678977e-01 1.050520109869565177e-01 2.295315563876560577e-02
9.204010304399241893e-02 7.216479800565994696e-01 1.565113593437264528e-01 2.980055755568160325e-02
7.080638366427277619e-02 6.115087522108889617e-01 2.780484355964222276e-01 3.963642852841593039e-02
5.206922280265759151e-02 4.215230865260184423e-01 4.774312285754922502e-01 4.897646209583128574e-02
3.514459892684172054e-02 2.313917212051435079e-01 6.822195790662933801e-01 5.124410080172151633e-02
2.379192449201134041e-02 1.120828966639133284e-01 8.164128268951384992e-01 4.771235194893675563e-02
1.817538471172108414e-02 5.579459171381754429e-02 8.800631044735500730e-01 4.596691910091135064e-02
1.598166612278915238e-02 3.161324737674699181e-02 9.026440216319174814e-01 4.976106486854620092e-02
1.517760286026424189e-02 2.021983354426503884e-02 9.071179528904285139e-01 5.748461070504230080e-02
1.531519498973819837e-02 1.442513283098009226e-02 9.022042267553389561e-01 6.805544542394258156e-02
1.666274807824945706e-02 1.180822248476834195e-02 8.895204508591488812e-01 8.200857857783305782e-02
1.930598455579354833e-02 1.111178121687016011e-02 8.705737959037981311e-01 9.900843832353840857e-02
2.296339203352843958e-02 1.165231588139639500e-02 8.483216046331074622e-01 1.170626874519678229e-01
2.706705634642388517e-02 1.300432669862608241e-02 8.255305623549101801e-01 1.343980546000398402e-01
3.119536545065560232e-02 1.479464540736474647e-02 8.023623127534540433e-01 1.516476763885256096e-01
3.517683622107331542e-02 1.667572294010629189e-02 7.779066211980939505e-01 1.702408196407268204e-01
3.878685527737233546e-02 1.828637181793113867e-02 7.525474028014150774e-01 1.903793701032814589e-01
4.167094296718980989e-02 1.932243765493223478e-02 7.283401890720959670e-01 2.106664303057821375e-01
4.366751538382602355e-02 1.971424189543443881e-02 7.074393790532949033e-01 2.291788636674448043e-01
4.474429289788924707e-02 1.948637243343727399e-02 6.913886812396161652e-01 2.443806534290572652e-01
4.478105543068535560e-02 1.873084453104230038e-02 6.809887221500561250e-01 2.554993778882166389e-01
4.380668914355017457e-02 1.763993977946313324e-02 6.755465820268989896e-01 2.630067890500877303e-01
4.239510378369719390e-02 1.642234669842648764e-02 6.722282412029412235e-01 2.689543083149347757e-01
4.134390712829137671e-02 1.521712407400088903e-02 6.675253506076229693e-01 2.759136181900845863e-01
4.090618963476216202e-02 1.401860953204961228e-02 6.600020560703458994e-01 2.850731447628422344e-01
4.085713573121448755e-02 1.280791373667375735e-02 6.482405042547473295e-01 2.980944462773646442e-01
4.079890018644898725e-02 1.161630861594904751e-02 6.292418371996533200e-01 3.183429539979487632e-01
4.050485727077947351e-02 1.048894889933729008e-02 6.005280089088143036e-01 3.484781849210691895e-01
4.042085563962440065e-02 9.501810087736371410e-03 5.607802843881708466e-01 3.892970498844683935e-01
4.096930840567639814e-02 8.633529778795135182e-03 5.099656968065946483e-01 4.404314650089335426e-01
4.144683714217729104e-02 7.677497180838850112e-03 4.474746945871720394e-01 5.034009710898112999e-01
4.020139732412267297e-02 6.465361789995803347e-03 3.753416157418014154e-01 5.779916251440802011e-01
3.600766182314000391e-02 5.060647479590577903e-03 3.027317301057597665e-01 6.561999605915096456e-01
3.006894274618444537e-02 3.782253237542024422e-03 2.421259228246057660e-01 7.240228811916676888e-01
2.549877351694763289e-02 2.986725752703581725e-03 2.031042889450846156e-01 7.684102117852642522e-01
2.387701917915709127e-02 2.676857542666439063e-03 1.812352461464410702e-01 7.922108771317354359e-01
2.493780196027158697e-02 2.672480213733354013e-03 1.634942839791213021e-01 8.088954338468737904e-01
2.824015549028652261e-02 2.889959366346961551e-03 1.466296303456289807e-01 8.222402547977375464e-01
3.348209578692847022e-02 3.307691607352719956e-03 1.343696159614040930e-01 8.288405966443150863e-01
4.049201318977084518e-02 3.941046991405194183e-03 1.293503905125963638e-01 8.262165493062275656e-01
4.927297670913737687e-02 4.865749869923598377e-03 1.318831086571493616e-01 8.139781647637895912e-01
5.907489642874377139e-02 6.058987299862384976e-03 1.374305147533894378e-01 7.974356015180046331e-01
6.765674819618223979e-02 7.180895174554149420e-03 1.366992092487763488e-01 7.884631473804876167e-01
7.303923508564354183e-02 7.857992460083985942e-03 1.260738621360709411e-01 7.930289103182011079e-01
7.513808743264073498e-02 8.062461945190609741e-03 1.104616785900145171e-01 8.063377720321542874e-01
7.544084782996277050e-02 8.045694440204899378e-03 9.605777086514065422e-02 8.204556868646915024e-01
7.571794833940462266e-02 8.041176145434607639e-03 8.536766489370295474e-02 8.308732106214581359e-01
7.758082602451960019e-02 8.164858808545831514e-03 7.792021850945496375e-02 8.363340966574795976e-01
1.173285281309580921e-03 9.897943144669695270e-01 5.497023301479615764e-03 3.535376950241296036e-03
1.197030786932638162e-03 9.910145421405348598e-01 4.826394542709515692e-03 2.962032529823161332e-03
1.179237309211263445e-03 9.923654716657502872e-01 4.030671342960075697e-03 2.424619682078242664e-03
1.119985771510976407e-03 9.936747288338882989e-01 3.263309753165114738e-03 1.941975641435522617e-03
1.065021025050714304e-03 9.948142638959633910e-01 2.620015842056150346e-03 1.500699236929937995e-03
1.061674079915796935e-03 9.957105209789777200e-01 2.108893262053250766e-03 1.118911679052964027e-03
1.166703667399283245e-03 9.962066324813216855e-01 1.763672290258802219e-03 8.629915610199317012e-04
1.436077425160788099e-03 9.962540699328776839e-01 1.576796434207890446e-03 7.330562077536485364e-04
1.950136797425148583e-03 9.958675820012048430e-01 1.501603574409934557e-03 6.806776269602077918e-04
2.809138485312962213e-03 9.950657098389866784e-01 1.477760920705776648e-03 6.473907549945370158e-04
3.955803508993723829e-03 9.940609615950749545e-01 1.414648020079024501e-03 5.685868758520242015e-04
5.234692669476388380e-03 9.929707073295722664e-01 1.335864042766441405e-03 4.587359581850489827e-04
6.687500927203655736e-03 9.916062775263727591e-01 1.337589711926083112e-03 3.686318344973724776e-04
8.529753709329630784e-03 9.896961642758934641e-01 1.463885031415998114e-03 3.101969833605677210e-04
1.102188542004440587e-02 9.869826069860268003e-01 1.718573758080281424e-03 2.769338358485658028e-04
1.454062189598023976e-02 9.831149765259556972e-01 2.082312705875381375e-03 2.620888721884844148e-04
2.008966170640667445e-02 9.770438344846811285e-01 2.598215507754202038e-03 2.682883011579853668e-04
2.892958779658225468e-02 9.674613314096998096e-01 3.317443680025710870e-03 2.916371136920968337e-04
4.125738395782097001e-02 9.542408861530455866e-01 4.189941559293061495e-03 3.117883298406972530e-04
5.633873083609864524e-02 9.381304600675722805e-01 5.213175804547569639e-03 3.176332917814817880e-04
7.318414300110269444e-02 9.199688201556812661e-01 6.527588738650091579e-03 3.194481045660550961e-04
8.964395213231439452e-02 9.017724679660611420e-01 8.255675397013715819e-03 3.279045046106788272e-04
1.027700997547132400e-01 8.864762455848276268e-01 1.040698620451054740e-02 3.466684559485901985e-04
2.315031884489849104e-02 6.185719990643023802e-02 4.456527111284671050e-01 4.693397701202040584e-01
2.215895458241966959e-02 7.089113474301977913e-02 4.663292822249802128e-01 4.406206284495802206e-01
2.137856579703511714e-02 7.897093118137780976e-02 4.825496107734766338e-01 4.171008922481103665e-01
2.068837256819111917e-02 8.629546011413397055e-02 4.876470583443070494e-01 4.053691089733678643e-01
1.997135708049244118e-02 9.334033179436440619e-02 4.817190639262832752e-01 4.049692471988596276e-01
1.931657672032259868e-02 9.980142604545967633e-02 4.590759166514343237e-01 4.218060805827831827e-01
1.879530354006203954e-02 1.039536284323337029e-01 4.055744322951129743e-01 4.716766357324912451e-01
1.795635243565389672e-02 1.015786269631988453e-01 3.165004248932052344e-01 5.639645957079421068e-01
1.589211559806406188e-02 8.910799378785687341e-02 2.118936554138156347e-01 6.831062352002634785e-01
1.242916466634094545e-02 6.923245470111004385e-02 1.227674726029310270e-01 7.955709080296177182e-01
8.560251607817396732e-03 4.861532716884172517e-02 6.429760280170382369e-02 8.785268184216371568e-01
5.376006971442789939e-03 3.236953966654802783e-02 3.250466203715728780e-02 9.297497913248516932e-01
3.287883261803648330e-03 2.223658132562401565e-02 1.745133497464668171e-02 9.570242004379255762e-01
2.149326297623660974e-03 1.742111417435470572e-02 1.114651837668288216e-02 9.692830411513386757e-01
1.547054074435056823e-03 1.576602939253830826e-02 8.514223547933961675e-03 9.741726929850923478e-01
1.152026653936658518e-03 1.494852730634971434e-02 6.956917371735973563e-03 9.769425286679774834e-01
8.444050510320354804e-04 1.362972000230623995e-02 5.585205169514802573e-03 9.799406697771467778e-01
2.146832145879747403e-04 1.193555220683580921e-02 4.559000733519994429e-03 9.832907638450563148e-01
1.692286166505158334e-04 1.117547597824537428e-02 4.098487129308960725e-03 9.845568082757950590e-01
1.509763732253083105e-04 1.132823358671540895e-02 4.080490411993899051e-03 9.844402996280655627e-01
1.475224835550556447e-04 1.197929239409394400e-02 4.268191340071490238e-03 9.836049937822795020e-01
1.535909838541859175e-04 1.278311455371694723e-02 4.597536097338391844e-03 9.824657583650904247e-01
1.631603623320982744e-04 1.342762088731973974e-02 5.043414068747099563e-03 9.813658046816009506e-01
1.749804028175561479e-04 1.385266550218610358e-02 5.691871087240294239e-03 9.802804830077560538e-01
1.935990564446982544e-04 1.433679726655662408e-02 6.720629208294138547e-03 9.787489744687044579e-01
2.207505331952330817e-04 1.502189990448093634e-02 8.228347254936360655e-03 9.765290023073873726e-01
2.587330819383918670e-04 1.573301073952635201e-02 1.067378846869701178e-02 9.733344677098381137e-01
3.228693828756901249e-04 1.617404308682568806e-02 1.574716851992798150e-02 9.677559190103705022e-01
4.653594303458755675e-04 1.735068381091796688e-02 2.692666014524740595e-02 9.552572966134887933e-01
5.596039252592612326e-04 1.876832671928529289e-02 5.718524107427173236e-02 9.234868282811836693e-01
8.148482465392867767e-04 2.147161749929576632e-02 1.370763667977187017e-01 8.406371674564464547e-01
1.306384863372053382e-03 2.377503516266419453e-02 3.077019755998202100e-01 6.672166043741434294e-01
1.703419579066164881e-03 2.285048420158460394e-02 5.282038488597519121e-01 4.472422473595973336e-01
1.997390358713709707e-03 1.991448017422060845e-02 6.925261390984320808e-01 2.855619903686335559e-01
2.413972445323424310e-03 1.773971502007549300e-02 7.800464127624039401e-01 1.997998997721969205e-01
2.996993981418398685e-03 1.709165165136706729e-02 8.215042348790393412e-01 1.584071194881752909e-01
3.789870597915718977e-03 1.774483890171878880e-02 8.394162475605236873e-01 1.390490429398418271e-01
4.843801080640078825e-03 1.942348958514188498e-02 8.431851534274340532e-01 1.325475559067841591e-01
6.062680979712030231e-03 2.171409304932290368e-02 8.357809555772415244e-01 1.364422703937232806e-01
7.348173674664583259e-03 2.425260881363243415e-02 8.189813622576794794e-01 1.494178552540230409e-01
8.746595432461985731e-03 2.683996308455711272e-02 7.965109665399445760e-01 1.679024749430367003e-01
1.018224767576609603e-02 2.920336069246237329e-02 7.722630135599332091e-01 1.883513780718381325e-01
1.144695470111025369e-02 3.121938031085717477e-02 7.466124466595492892e-01 2.107212183284832285e-01
1.227969358996533304e-02 3.292893082767477109e-02 7.177388058359969181e-01 2.370525697463626291e-01
1.252349547486143050e-02 3.441849046462126110e-02 6.817020380476677133e-01 2.713559760128494980e-01
1.216055373283274864e-02 3.565521263126966711e-02 6.347287200520875805e-01 3.174555135838098563e-01
1.135586732313460800e-02 3.653577752581222554e-02 5.768165683266164301e-01 3.752917868244367572e-01
1.039366770151879844e-02 3.690886981257652383e-02 5.133214808338769641e-01 4.393759816520275696e-01
9.427007913088389021e-03 3.652645275372080197e-02 4.512622123687547449e-01 5.027843269644356461e-01
8.412296228563887965e-03 3.532762201279604497e-02 3.945091795879869800e-01 5.617509021706528216e-01
7.292644182901933218e-03 3.370773911977378856e-02 3.455227207672880163e-01 6.134768959300362923e-01
6.061292795327574007e-03 3.222336717795334926e-02 3.060154936071443066e-01 6.556998464195747944e-01
4.852953645259427615e-03 3.138391037067198713e-02 2.773364175320583991e-01 6.864267184520099763e-01
3.935906436429434559e-03 3.174027287402087644e-02 2.638443154347602793e-01 7.004795052547894141e-01
3.385831542019654590e-03 3.341655220458532305e-02 2.654819746061186092e-01 6.977156416472766187e-01
3.118972864322566447e-03 3.599757436371030239e-02 2.744760714995723716e-01 6.864073812723949786e-01
3.043483236006117466e-03 3.899767592481125783e-02 2.870862126985884721e-01 6.708726281405942293e-01
3.034281890082605928e-03 4.155709247248377813e-02 3.027617929007581643e-01 6.526468327366756750e-01
2.999798461223446722e-03 4.256563814136651858e-02 3.182668692207076822e-01 6.361676941767021587e-01
2.925768566260591400e-03 4.161799430861167631e-02 3.308838535230713140e-01 6.245723836020564690e-01
2.847712195242508432e-03 3.917864732216757434e-02 3.402582330774093777e-01 6.177154074051804944e-01
2.763879831028664621e-03 3.604156440542911205e-02 3.449467180072326444e-01 6.162478377563097576e-01
2.624064142997812113e-03 3.310332244597496282e-02 3.435319845620348200e-01 6.207406288489927260e-01
2.405758409321705465e-03 3.098821384129266110e-02 3.381082729906333406e-01 6.284977547587525804e-01
2.158085674366956499e-03 2.999273286240079078e-02 3.338701889795662736e-01 6.339789924836661816e-01
1.939180127617641481e-03 2.992478744683232592e-02 3.281863426053087118e-01 6.399496898202414741e-01
1.755750227534778928e-03 3.022472206849667262e-02 3.059554447614478145e-01 6.620640829425207263e-01
1.604119527867062982e-03 3.049734986484683649e-02 2.613244541549217259e-01 7.065740764523642525e-01
1.506049918477165824e-03 3.078233616280361129e-02 2.079603736267993108e-01 7.597512402919198715e-01
1.486577381395127713e-03 3.152163636202959252e-02 1.638765560118034537e-01 8.031152302447717162e-01
1.520118216154849001e-03 3.302031391918829745e-02 1.346894836980289945e-01 8.307700841666278979e-01
1.555303659214655803e-03 3.517764867572150539e-02 1.146312414341851549e-01 8.486358062308784200e-01
1.610848307647575611e-03 3.815797959254162153e-02 9.948625460850712976e-02 8.607449174913035517e-01
1.748142722257507763e-03 4.262616277090616052e-02 8.940078809365639700e-02 8.662249064131798404e-01
1.973121465857818890e-03 4.859517138229241251e-02 8.433588952382115034e-02 8.650958176280286738e-01
2.200487771733207823e-03 5.412911103700458748e-02 8.171068023427809079e-02 8.619597209569839213e-01
2.375981240010144671e-03 5.681156671805507458e-02 7.815147060102230203e-02 8.626609814409124111e-01
2.538310384124794691e-03 5.578007559005056931e-02 7.125170403587419155e-02 8.704299099899504011e-01
2.767241317882466588e-03 5.166189261796200888e-02 6.199699405119688672e-02 8.835738720129588941e-01
3.133549130889200750e-03 4.556266763163645955e-02 5.216279878621161992e-02 8.991409844512627814e-01
3.775407205904473748e-03 3.862210901870061913e-02 4.295749407147884946e-02 9.146449897039159449e-01
5.072842811145290842e-03 3.182440419022457972e-02 3.588652183862915679e-02 9.272162311600006257e-01
7.715201200537519406e-03 2.512063152347415035e-02 3.072270205046622252e-02 9.364414652255218519e-01
1.289488217977132790e-02 1.850221158680472391e-02 2.637129172750841619e-02 9.422316145059154158e-01
2.287054868432446264e-02 1.293957391032840923e-02 2.315148816700900863e-02 9.410383892383380466e-01
4.113311991045624089e-02 9.063348998538955231e-03 2.208235754378801846e-02 9.277211735472169485e-01
6.907864692314398536e-02 6.214576299225019196e-03 2.275304646005591597e-02 9.019537303175751974e-01
1.023028787420076774e-01 4.195319907095167514e-03 2.299239961290343304e-02 8.705094017379935156e-01
1.335760877603760777e-01 2.871204758918733876e-03 2.372554576450839128e-02 8.398271617161970903e-01
