1.715121614807975717e-02 1.639007575105649317e-01 1.268366739618954631e-01 6.921113523794597544e-01
3.087702442670894332e-01 4.474234378073617679e-01 1.665306005640155851e-01 7.727571736153346360e-02
3.342632678322510209e-01 4.218626323697994285e-01 1.673509021551901343e-01 7.652319764275922198e-02
3.632756852503776779e-01 3.914347027770108123e-01 1.691178332914476667e-01 7.617177868116364881e-02
3.886295774824968241e-01 3.635873290788059209e-01 1.720895297126301404e-01 7.569356372606718397e-02
4.163847809864043015e-01 3.336231345351004518e-01 1.751520766658302974e-01 7.484000781266519908e-02
4.511253925885638227e-01 2.999056689259995134e-01 1.756889231789529882e-01 7.328001530648370343e-02
4.931597821985161390e-01 2.651557362253810779e-01 1.713991770471975096e-01 7.028530452890555114e-02
5.383930233959821621e-01 2.336511716228936164e-01 1.621172844842614646e-01 6.583852049686268748e-02
5.799141540794016114e-01 2.076779575908423714e-01 1.508627921400317318e-01 6.154509618972420909e-02
6.120038826465324933e-01 1.876916383683930878e-01 1.409040889844856703e-01 5.940039000058855434e-02
6.345277172872635374e-01 1.726923277014999480e-01 1.325010922449889328e-01 6.027886276624781076e-02
6.488543985210621923e-01 1.617616020619537520e-01 1.247582787279404998e-01 6.462572068904343103e-02
6.500402497101221977e-01 1.567999429373877762e-01 1.185073696887373879e-01 7.465243766375248557e-02
6.288677885387520261e-01 1.601943617306083867e-01 1.152559648388481461e-01 9.568188489179164924e-02
5.803955226059216432e-01 1.707212430620212718e-01 1.139118316343444431e-01 1.349714026977126557e-01
5.039087575299767696e-01 1.851357716381401564e-01 1.123511513785020177e-01 1.986043194533811951e-01
4.029817244665742648e-01 2.010618493202820101e-01 1.103783969735885190e-01 2.855780292395550535e-01
2.958723323022995344e-01 2.166587821583541296e-01 1.080690506124027256e-01 3.793998349269439019e-01
2.084403174392115143e-01 2.296994981391506929e-01 1.063167136507854327e-01 4.555434707708522768e-01
1.492400561894457467e-01 2.437765631468391259e-01 1.037347467470507156e-01 5.032486339166646339e-01
1.117259085116811546e-01 2.572490699631190814e-01 1.004436430486743692e-01 5.305813784765254226e-01
8.812339415062289683e-02 2.636263012550126850e-01 9.647833849396426908e-02 5.517719661004005793e-01
7.319760260467389479e-02 2.554165492062734355e-01 9.089839683565524575e-02 5.804874513533972991e-01
6.314013827983488980e-02 2.275915235420084559e-01 8.225595186856385355e-02 6.270123863095926620e-01
5.511301926470195400e-02 1.826830205445748034e-01 7.031933335282615494e-02 6.918846268378970876e-01
4.763471277860076986e-02 1.311086465749779773e-01 5.736015304685444099e-02 7.638964875995667425e-01
4.119313182415213631e-02 8.548242059279895222e-02 4.645976100345865223e-02 8.268646865795904466e-01
3.762794377893786957e-02 5.257813065175806488e-02 3.877537016032814310e-02 8.710185554089757698e-01
3.898224940374671321e-02 3.193478698363497181e-02 3.422897339207714440e-02 8.948539902205414620e-01
4.661929119609071331e-02 1.988787650917620345e-02 3.241941428514798912e-02 9.010734180095854029e-01
6.022185246636012346e-02 1.264059624732526491e-02 3.156608903201753996e-02 8.955714622542972903e-01
7.769683368011522095e-02 7.531811350756759810e-03 3.007369998636405181e-02 8.846976549827640923e-01
9.748636836540167105e-02 4.652398180137881471e-03 2.611110924920746063e-02 8.717501242052527743e-01
1.162330451371549195e-01 2.913194237907207849e-03 2.258259648007573603e-02 8.582711641448620421e-01
1.292548624491530462e-01 1.919465269940743993e-03 1.995928575492022031e-02 8.488663865259860053e-01
1.322307782908944962e-01 1.333425247827390399e-03 1.770103051443778011e-02 8.487347659468403860e-01
1.253362655811189885e-01 9.487779151947329723e-04 1.525938298463117189e-02 8.584555735190549930e-01
1.126337050917300686e-01 6.852987918563202985e-04 1.290425075298548899e-02 8.737767453634280868e-01
9.909709150770022734e-02 5.159221751601967155e-04 1.134494721008990487e-02 8.890420391070495976e-01
8.779675368433666194e-02 4.248497637160614585e-04 1.122159291538134436e-02 9.005568036365658724e-01
7.963369838900680175e-02 4.049820395565573768e-04 1.296635312678764279e-02 9.069949664446490534e-01
7.376000593983672582e-02 4.495831501940216433e-04 1.648725644145474997e-02 9.093031544685142853e-01
6.919908495324329778e-02 5.575772443202723109e-04 2.138932254445117392e-02 9.088540152579851483e-01
6.466483072854362080e-02 7.299638177053316456e-04 2.714906946251959344e-02 9.074561359912316494e-01
6.007121852246891797e-02 6.404019485882941464e-04 3.134488251039242723e-02 9.079434970185503717e-01
5.548529302413223591e-02 7.827780901656071098e-04 3.556941701377666631e-02 9.081625118719255374e-01
5.263457030795699876e-02 9.320855421504965115e-04 3.964820803472784289e-02 9.067851361151647582e-01
5.135111206037205195e-02 1.064124104743957057e-03 4.363130441729152348e-02 9.039534594175924198e-01
5.110556870979490046e-02 1.163492987863581863e-03 4.718929767545487070e-02 9.005416406268864637e-01
5.185503605214207556e-02 1.246480470334777966e-03 5.084379583375769895e-02 8.960546876437653907e-01
5.385071133760454404e-02 1.338675232283787365e-03 5.597115898039953935e-02 8.888394544497124627e-01
5.773497157649848388e-02 1.476443036884015399e-03 6.443126807444109205e-02 8.763573173121765869e-01
6.459805303787680142e-02 1.702341025243917644e-03 7.762923878596611482e-02 8.560703671509132251e-01
7.629452915756176901e-02 2.041103878636992431e-03 9.580632403902372696e-02 8.258580429247774912e-01
9.620670538767482627e-02 2.515086732120286415e-03 1.192994656182554819e-01 7.819787422619494111e-01
1.280332377207092365e-01 3.113100226490756860e-03 1.480112768409807544e-01 7.208423852118192032e-01
1.748294255156416233e-01 3.775381894145806404e-03 1.787233391779158298e-01 6.426718534122969340e-01
2.387398288589334394e-01 4.394061571425276341e-03 2.028974490327673796e-01 5.539686605368738803e-01
3.219811975229973644e-01 4.775864675066333019e-03 2.111398162838329651e-01 4.621031215181030105e-01
4.235396107613619288e-01 4.778968152095604965e-03 2.013910841183361444e-01 3.702903369682062351e-01
5.299096679727109960e-01 4.422599147356350360e-03 1.781753518617655574e-01 2.874923810181671535e-01
6.201858490416625180e-01 3.907762060404672104e-03 1.507305243714066878e-01 2.251758645265261316e-01
6.824801498429213797e-01 3.465804375872386014e-03 1.276278530823174717e-01 1.864261926988887708e-01
7.184242302847451134e-01 3.164197963329229858e-03 1.116101788597381322e-01 1.668013928921874556e-01
7.384167223565999416e-01 2.898838115341487599e-03 9.985244346413119088e-02 1.588319960639274775e-01
7.520716431964286075e-01 2.565510859567349169e-03 8.940652244914731872e-02 1.559563234948566357e-01
7.634883521965172282e-01 2.245694488640872025e-03 8.029432802708356964e-02 1.539716252877581792e-01
7.784824347090159025e-01 1.818739506492496804e-03 7.021461336924765539e-02 1.494842124152437890e-01
7.977013194633219006e-01 1.442860611165240180e-03 5.993338045526635377e-02 1.409224394702466576e-01
8.185392539467157835e-01 1.145594774058025789e-03 4.984337905978942357e-02 1.304717722194367879e-01
8.359346259038036298e-01 9.160028451843737303e-04 4.078836205274515708e-02 1.223610091982668818e-01
9.516535293298610254e-01 2.101614013391840501e-03 2.102052948167456095e-02 2.522432717507269023e-02
3.831436118275738933e-01 1.359862345994223773e-02 4.166432478934001815e-01 1.866145168190836701e-01
3.206310029384259463e-01 1.506903971561909285e-02 4.596599813803733392e-01 2.046399759655816442e-01
2.684735104587940846e-01 1.618407159111450930e-02 4.960254753007117268e-01 2.193169426493796204e-01
2.291489730709591055e-01 1.749311334945500077e-02 5.187717679999420684e-01 2.345861455796438566e-01
1.985385691363539817e-01 1.826587953081161911e-02 5.330643458049092454e-01 2.501312055279252267e-01
1.790661301110916814e-01 1.842403879920983048e-02 5.413018399608016118e-01 2.612079911288966994e-01
1.672491976300465311e-01 1.788500808562179523e-02 5.522861895471516958e-01 2.625796047371801722e-01
1.627211786994463283e-01 1.656471340534766343e-02 5.679038314424657008e-01 2.528102764527400681e-01
1.655971152447379968e-01 1.521118146316978448e-02 5.843971935481679925e-01 2.347945097439242956e-01
1.781389323605643837e-01 1.373838788857577667e-02 5.935405181799333629e-01 2.145821615709263275e-01
2.023774170624776658e-01 1.284162051463349358e-02 5.863983163444571600e-01 1.983826460784315071e-01
2.389794979396454855e-01 1.223310550665900574e-02 5.605179211266491102e-01 1.882694754270460569e-01
2.869440078271007777e-01 1.156906604202358364e-02 5.222816286175111511e-01 1.792052975133643367e-01
3.469654282019977165e-01 1.056953845450958260e-02 4.786522717798976090e-01 1.638127615635949774e-01
4.198053694496646226e-01 9.201057476970898874e-03 4.320421098757581402e-01 1.389514631976062897e-01
5.003707122592526702e-01 7.676443751696253662e-03 3.821547104945485773e-01 1.097981334945027643e-01
5.820811091656782343e-01 6.210199722040917955e-03 3.274154996167736309e-01 8.429319149550705548e-02
6.644945793998118244e-01 4.930893969048055769e-03 2.653892329747387091e-01 6.518529365640143847e-02
7.394596753875157802e-01 3.902047005200594363e-03 2.048718513655497231e-01 5.176642624173406065e-02
7.993230469055683240e-01 3.160349639277254628e-03 1.550170024887021214e-01 4.249960096645243740e-02
8.397872012144207421e-01 2.638762978297348738e-03 1.215420095288165386e-01 3.603202627846525952e-02
8.644169202955165332e-01 2.268215896523018658e-03 1.023297355115098672e-01 3.098512829645041003e-02
8.819999379092986480e-01 1.941800822288985203e-03 9.011659569599980713e-02 2.594166557241240831e-02
8.997366170792761020e-01 1.571826206565963896e-03 7.823401000173682562e-02 2.045754671242117420e-02
9.178184769549831978e-01 1.189284692914863379e-03 6.579464987311821333e-02 1.519758847898412986e-02
9.320513049696673713e-01 8.740483004873129741e-04 5.610141302903936394e-02 1.097323370080601282e-02
9.400735155990826986e-01 6.641926835275334829e-04 5.122354253384850398e-02 8.038749183541346599e-03
9.430098234049435479e-01 5.521843499859631138e-04 5.025221537584582954e-02 6.185776869224822797e-03
9.432605084940048901e-01 5.033458877744672070e-04 5.117697530252335314e-02 5.059170315697287743e-03
9.423218862293953890e-01 4.847742445695398493e-04 5.277539170046224859e-02 4.417947825572770930e-03
9.398038231074653526e-01 4.876117067100081042e-04 5.549655590471786609e-02 4.212009281106659717e-03
9.347418470347287345e-01 5.195378228517759031e-04 6.031269696571579103e-02 4.425918176703410624e-03
9.264622432828133469e-01 5.873964835095090266e-04 6.800505323899430632e-02 4.945306994683163967e-03
9.153781122140791648e-01 6.852328370145075375e-04 7.843137480660386518e-02 5.505280142302428938e-03
9.038192468461437867e-01 7.959352870349974433e-04 8.953896577166860216e-02 5.845852095152620498e-03
8.930547426575796699e-01 9.116401420018833621e-04 1.000157539348855013e-01 6.017863265533277689e-03
8.810202265108370012e-01 1.033107698509035024e-03 1.116513387352276870e-01 6.295327055426206894e-03
8.633162018563612650e-01 1.153337804279482579e-03 1.286397592418129232e-01 6.890701097546481253e-03
8.356864514059124671e-01 1.264574800477175943e-03 1.551272654977880472e-01 7.921708295822362661e-03
7.974109945452122483e-01 1.364831539678131988e-03 1.916731062055605506e-01 9.551067709549205739e-03
7.525357464021658060e-01 1.468879516228411338e-03 2.338934329998131056e-01 1.210194108179247358e-02
7.091695386577095972e-01 1.597391661618729076e-03 2.732633028011479115e-01 1.596976687952385288e-02
6.766125417395898456e-01 1.721727649791267170e-03 3.006299214491273686e-01 2.103580916149117019e-02
6.584707855369588136e-01 1.793926623230141697e-03 3.133379361853995126e-01 2.639735165441153136e-02
6.537092701528314231e-01 1.798117058720117428e-03 3.136458214628422558e-01 3.084679132560609605e-02
6.614770492830431836e-01 1.736920649633776114e-03 3.033654509912395714e-01 3.342057907608345785e-02
6.804186751176933834e-01 1.616121382286149445e-03 2.843552709729128547e-01 3.360993252710763740e-02
7.078949779524983388e-01 1.455532118563544449e-03 2.591950347048759817e-01 3.145445522406228878e-02
7.437059536893576572e-01 1.289044062773566550e-03 2.274044269497440263e-01 2.760057529812473542e-02
7.932056656038897202e-01 1.134649632695562552e-03 1.828594636866283096e-01 2.280022107678625343e-02
8.555730222148656416e-01 9.882162999888914612e-04 1.258145641830348826e-01 1.762419730211058772e-02
9.156003928675521264e-01 8.229632696612762879e-04 7.106817347825643283e-02 1.250847038453009423e-02
9.579313617406526316e-01 9.137227442025002474e-04 3.308005465558352259e-02 8.074860859561249979e-03
9.818931285143120968e-01 4.893734009906065829e-04 1.294235653113550745e-02 4.675141553562054547e-03
9.921749177590292179e-01 3.373998581207770186e-04 4.854913248775004700e-03 2.632769134075028505e-03
9.962149573894393262e-01 2.735443483041940485e-04 1.967640888304613127e-03 1.543857373952031275e-03
9.978266329067108087e-01 2.502567985093313808e-04 9.358187136222382782e-04 9.872915811575291682e-04
9.984573699280208103e-01 2.611367324495911875e-04 5.486913632542612202e-04 7.328019762753657180e-04
9.985861650058168726e-01 3.216146629204982951e-04 4.131854036099221719e-04 6.790349276526107779e-04
9.984002484495947405e-01 4.483231528486675711e-04 3.901591063553885288e-04 7.612692912011495300e-04
9.980931262389622916e-01 6.176133873668041441e-04 4.001444467008538337e-04 8.891159269701860495e-04
9.978244738147843407e-01 7.786963105311662647e-04 3.951629731561002003e-04 1.001666901528407714e-03
9.976158154294100244e-01 8.977092494868303988e-04 3.692152579106623310e-04 1.117260063192534016e-03
9.973995950372076535e-01 9.662494867699089650e-04 3.365488991940542756e-04 1.297606576828470165e-03
9.970121303285889303e-01 1.011847911758770010e-03 3.184461052270475142e-04 1.657575654425175616e-03
9.962320461991343024e-01 1.065409909628116337e-03 3.267982358319795389e-04 2.375745655405810206e-03
9.946485355226289959e-01 1.162360703184031055e-03 3.770518708280235615e-04 3.812051903358852894e-03
9.914288288034194263e-01 1.345848589622324889e-03 5.042565166156996737e-04 6.721066090342703303e-03
9.850732895629512598e-01 1.659870806041506682e-03 7.896043138290702182e-04 1.247723531717831458e-02
9.733241274312574021e-01 2.159303310454246515e-03 1.407504323284290140e-03 2.310906493500409359e-02
9.549732787893815411e-01 2.702171245329751479e-03 3.033153425876182214e-03 3.929139653941256943e-02
7.250851948476276787e-01 2.306128047971217343e-01 4.154599932431950887e-02 2.756001030931066412e-03
4.478856651783504339e-01 2.300121061652010690e-01 2.514238475190738731e-01 7.067838113737451300e-02
3.715076830776650185e-01 2.811362316390506044e-01 2.708580844831735002e-01 7.649800080011069647e-02
3.024071267160317600e-01 3.383596435435874406e-01 2.804998172909565213e-01 7.873341244942425043e-02
2.416648429663892927e-01 4.031619133523929865e-01 2.772528984893481985e-01 7.792034519186957775e-02
1.943407708716004545e-01 4.727096069921933874e-01 2.577573630980491970e-01 7.519225903815701662e-02
1.556006606038475293e-01 5.498858940074560220e-01 2.228192815696642126e-01 7.169416381903230551e-02
1.251538173937371823e-01 6.281718305535626268e-01 1.790511995020880043e-01 6.762315255061218666e-02
9.976770494558852287e-02 7.007148807959536763e-01 1.370322752609542671e-01 6.248513899750365169e-02
7.823294326956387046e-02 7.624590020586465844e-01 1.032311568989961043e-01 5.607689777279366988e-02
6.030823344290986432e-02 8.120703856856279490e-01 7.867203605518553744e-02 4.894934481627681577e-02
4.618124945971159578e-02 8.499508666289389280e-01 6.162675999758567003e-02 4.224112391376420861e-02
3.596879819356326585e-02 8.771099807699773709e-01 4.989190432867974395e-02 3.702931670777930701e-02
2.882932817125643740e-02 8.970768430059067322e-01 4.097853944344842514e-02 3.311528937938862382e-02
2.366084123312842818e-02 9.133652962218387072e-01 3.321913159587031733e-02 2.975473094916204764e-02
1.992696847219754125e-02 9.265540863202228472e-01 2.653276184130928111e-02 2.698618336627016043e-02
1.810726690791534740e-02 9.355053002148688845e-01 2.139125803951765978e-02 2.499617483769799031e-02
1.573133374078086039e-02 9.442858559502220750e-01 1.709778450410376002e-02 2.288502580489264193e-02
1.353546783537049741e-02 9.523541539958377822e-01 1.355366969911994506e-02 2.055670846967190893e-02
1.148438319845260409e-02 9.597979903516872247e-01 1.067533746181550079e-02 1.804228898804453515e-02
9.588893875648946824e-03 9.668185790848549122e-01 8.375924661445736594e-03 1.521660237805016504e-02
7.950388953464233854e-03 9.729602434258314281e-01 6.695665968994235495e-03 1.239370165171000022e-02
6.722466114443517021e-03 9.774699375730901973e-01 5.648837693274556988e-03 1.015875861919165145e-02
6.095828104090155082e-03 9.799826385276719787e-01 5.160773282496469369e-03 8.760760085741463657e-03
6.101459873634538893e-03 9.809658546071741148e-01 5.005765175885667703e-03 7.926920343305644823e-03
6.645977232785138349e-03 9.809429564630206544e-01 5.054796289723675028e-03 7.356270014470549581e-03
7.507161400162189017e-03 9.803206369803134645e-01 5.313343440876657983e-03 6.858858178647632940e-03
8.445347955257722500e-03 9.793825961151041426e-01 5.810919418338137028e-03 6.361136511300402932e-03
9.506825828845112333e-03 9.777696848908693505e-01 6.687667796258952441e-03 6.035821484026831010e-03
1.080729484288174211e-02 9.751450261973598765e-01 8.076330462749994193e-03 5.971348497008489506e-03
1.203696174622587156e-02 9.721530674171686703e-01 9.832558497687623675e-03 5.977412338917982744e-03
1.259119689416205931e-02 9.702378761757837200e-01 1.141136394475631560e-02 5.759562985298207795e-03
1.277854273701866175e-02 9.690033764589960352e-01 1.277500956518381851e-02 5.443071238801386498e-03
1.365739645875873980e-02 9.663483050858461265e-01 1.460925869217170533e-02 5.385039763223175083e-03
1.625855264862759164e-02 9.600391019171462537e-01 1.780342028283605701e-02 5.898925151389988394e-03
2.143741316049011664e-02 9.482194110331785275e-01 2.310241915836963936e-02 7.240756647961358282e-03
2.983084057314176057e-02 9.294481991506758911e-01 3.122090394514380474e-02 9.500056331038557456e-03
4.111943960145988952e-02 9.025097621952102855e-01 4.384180437977844985e-02 1.252899382355140805e-02
5.562963088672953638e-02 8.661523282431001780e-01 6.225985296947310343e-02 1.595818790069714402e-02
6.954433583882277392e-02 8.241401054367761825e-01 8.723514442742594244e-02 1.908041429697497973e-02
7.670977845545846885e-02 7.839684993838454963e-01 1.181584085872798839e-01 2.116331357341607461e-02
7.972702398349959529e-02 7.453629417306364413e-01 1.527235976001593831e-01 2.218643668570458027e-02
7.821517637439755199e-02 7.095190274568420330e-01 1.900496041954890525e-01 2.221619197327126885e-02
7.442362766558863196e-02 6.737431198455153813e-01 2.304782437070219681e-01 2.135500878187390761e-02
6.860974531712345226e-02 6.368761433836610530e-01 2.750095269214389293e-01 1.950458437777662785e-02
6.105431104497664047e-02 5.974600623350767581e-01 3.244355095436908809e-01 1.705011707625565462e-02
5.247200679601692064e-02 5.560252315161383629e-01 3.766230412918194492e-01 1.487972039602539556e-02
4.350209414341018460e-02 5.156363742753549140e-01 4.273060129521560335e-01 1.355551862907889565e-02
3.478889417468348372e-02 4.797774838816001308e-01 4.725195354359985611e-01 1.291408650771767169e-02
2.711971526920749220e-02 4.535818864698876740e-01 5.068514483114260338e-01 1.244694994947875485e-02
2.103857043408433741e-02 4.398493245434162979e-01 5.272400081313166620e-01 1.187209689118283451e-02
1.627712329162762928e-02 4.448989911531083252e-01 5.278168279401429519e-01 1.100705761512107451e-02
1.261313410891437385e-02 4.622268419206973511e-01 5.151284766339819798e-01 1.003154733640632124e-02
9.763112555921245675e-03 4.930921852077850276e-01 4.879910239784119308e-01 9.153678257881754307e-03
7.585870313249722802e-03 5.368870918334635034e-01 4.469952083961806766e-01 8.531829457106343551e-03
5.960909945952158964e-03 5.910819590502894849e-01 3.948609739184442691e-01 8.096157085313892762e-03
4.636084882077462672e-03 6.539780305711688779e-01 3.339916312703753443e-01 7.394253276378636060e-03
3.417674590302712846e-03 7.244861735831380489e-01 2.660313704460997575e-01 6.064781380459527589e-03
2.515603045332117770e-03 7.960243023543965846e-01 1.971191999337298661e-01 4.340894666541326996e-03
1.479084144008326182e-03 8.584168477153163446e-01 1.373771326554788785e-01 2.726935485196447465e-03
8.765022415067255657e-04 9.041928308053710506e-01 9.333329110025226361e-02 1.597375852870107707e-03
5.531780366983049665e-04 9.341805784764832810e-01 6.432318684355796401e-02 9.430566432605247667e-04
3.747383287840023590e-04 9.541696519363859208e-01 4.487745467608179190e-02 5.781550587481502348e-04
4.622010154729176267e-04 9.678857588259273115e-01 3.128392372063887317e-02 3.681164379608197206e-04
1.906780359105891788e-04 9.798837552549505281e-01 1.971365584063533224e-02 2.119108685036142639e-04
6.911499279553499366e-05 9.881065984727683826e-01 1.170338313116698302e-02 1.209034032690567564e-04
2.461911775074275950e-05 9.929882304122230607e-01 6.911437269390603017e-03 7.571320063566042765e-05
9.914568093827036296e-06 9.955931983530039719e-01 4.341576725133623922e-03 5.531035376837873117e-05
4.568067151826971286e-06 9.970378061075999554e-01 2.914014092680591861e-03 4.361173256776653903e-05
2.257351625542163706e-06 9.979398392062989176e-01 2.024117327298393006e-03 3.378611477712463804e-05
1.179308010460578530e-06 9.985278766587079025e-01 1.445006281200625483e-03 2.593775208099462494e-05
7.216554403448411356e-07 9.988610433526783350e-01 1.116044963564292005e-03 2.219002831702786003e-05
3.511031634152309011e-01 2.977788824086702313e-01 6.267626002123267981e-02 2.884416941548660351e-01
1.006528774361838685e-01 2.889449105186124300e-01 1.433691357113055787e-01 4.670330763338985114e-01
1.360121538804733299e-01 2.596021915021635706e-01 1.259353521483732863e-01 4.784503024689893413e-01
1.831936598001521199e-01 2.380366163492450005e-01 1.122448126429029941e-01 4.665249112076996219e-01
2.434084062699017892e-01 2.208616246654089565e-01 1.041901831718128058e-01 4.315397858928765040e-01
3.147633334462514032e-01 2.055715539577125661e-01 9.999052592399039485e-02 3.796745866720454554e-01
3.939460099132277016e-01 1.913930807702581560e-01 9.867150376363013897e-02 3.159894055528843504e-01
4.726670255326487213e-01 1.789620133414682457e-01 9.965463482753234015e-02 2.487163262983501100e-01
5.439682046289666673e-01 1.680190117202977895e-01 1.009294461259221676e-01 1.870833375248131258e-01
6.023875501920903375e-01 1.597298374958626144e-01 1.011422486590877745e-01 1.367403636529591904e-01
6.398564075109574034e-01 1.580325821841109812e-01 1.009285940581328422e-01 1.011824162467989813e-01
6.537774480864235738e-01 1.656735120632614466e-01 1.007768219433538559e-01 7.977221790696108206e-02
6.440235420039092107e-01 1.848863636685013634e-01 1.024984366637415600e-01 6.859165766384810181e-02
6.162359612425002409e-01 2.157040182179228438e-01 1.056028757135952373e-01 6.245714482598164335e-02
5.759596555979431542e-01 2.571906595543549945e-01 1.096706454499271205e-01 5.717903939777446709e-02
5.257571195022766597e-01 3.071230699129249286e-01 1.160611470641020326e-01 5.105866352069623332e-02
4.609461517904375749e-01 3.660546502185957340e-01 1.275961935376279666e-01 4.540300445333875223e-02
3.751959516233338010e-01 4.435964808267003900e-01 1.398758290412455974e-01 4.133173850872038507e-02
2.855796867258757477e-01 5.389961646446229659e-01 1.382540685969404770e-01 3.717008003256045551e-02
2.079520063874533142e-01 6.413466971868929667e-01 1.187147597673790661e-01 3.198653665827477788e-02
1.517364734213555444e-01 7.264272245327433319e-01 9.436523515607020407e-02 2.747106688983059347e-02
1.172059317649529198e-01 7.809482274191805740e-01 7.651660476658138366e-02 2.532923604928502895e-02
9.782431695139821859e-02 8.087903447391373568e-01 6.722903673449463768e-02 2.615630157496965855e-02
8.350475750610297787e-02 8.224035892495318301e-01 6.442401368712739884e-02 2.966763955723766832e-02
6.816999953138071222e-02 8.286590548727997829e-01 6.775898271465949363e-02 3.541196288116036511e-02
5.498927670192467476e-02 8.157546045902822618e-01 8.387730474692392524e-02 4.537881396086877045e-02
4.814046162720906491e-02 7.608362886047486118e-01 1.266409569124515300e-01 6.438229285559048110e-02
4.634394463573973666e-02 6.477377652311737677e-01 2.114750341363824115e-01 9.444325599670401472e-02
4.591832077695026659e-02 4.874222708659935455e-01 3.376296040921645258e-01 1.290298042648917454e-01
4.507817284123521312e-02 3.251547717183650432e-01 4.721802964898828003e-01 1.575867589505172695e-01
4.360849318524128576e-02 2.045480426950162800e-01 5.731469821594393776e-01 1.786964819603032717e-01
4.378999065132150453e-02 1.304499498094878751e-01 6.262915226421141845e-01 1.994685368970762207e-01
4.368417143521367840e-02 8.697194741685432273e-02 6.470283128209436407e-01 2.223155683269885108e-01
4.416613092457800926e-02 6.060968001593980414e-02 6.524920405852855376e-01 2.427321484741965518e-01
4.548311507643366947e-02 4.551410532132152409e-02 6.532264828677738500e-01 2.557762967344709981e-01
4.745320234725868003e-02 3.757515127423074336e-02 6.556514213434126992e-01 2.593202250350981064e-01
4.985636593173777692e-02 3.401424509058099260e-02 6.609342531221045203e-01 2.551951358555767935e-01
5.244386211469025810e-02 3.308608055267735909e-02 6.655848883123497428e-01 2.488851690202828204e-01
5.505935290292458123e-02 3.353638855684184378e-02 6.648657468077869837e-01 2.465385117324465358e-01
5.769133904599566681e-02 3.452680843288617740e-02 6.563512662678394616e-01 2.514305862532786873e-01
6.010821404410374158e-02 3.546640321560889236e-02 6.408346943924143613e-01 2.635906883478728591e-01
6.188481533769818466e-02 3.592593167076925387e-02 6.213953863380009546e-01 2.807938666535316208e-01
6.272859019673164560e-02 3.576199713539143094e-02 6.020383453588905587e-01 2.994710673089864272e-01
6.210314136916809252e-02 3.487537386613347168e-02 5.866684451847463677e-01 3.163530395799519224e-01
5.959797005935257158e-02 3.326984807966246876e-02 5.766210904916132529e-01 3.305110913693714569e-01
5.551391168836708467e-02 3.113599296419097134e-02 5.705999201480682625e-01 3.427501751993735080e-01
5.057477421923332883e-02 2.866358048866610858e-02 5.666811617237653698e-01 3.540804835683352136e-01
4.532277817951275989e-02 2.595718179109158044e-02 5.635466856623398968e-01 3.651733543670558357e-01
3.984281215386332314e-02 2.304568344678582445e-02 5.600085711925648635e-01 3.771029332067857287e-01
3.421858186117932021e-02 2.004818086302347091e-02 5.519284083238544802e-01 3.938048289519422984e-01
2.867181545511315877e-02 1.715366480916573344e-02 5.326062534976574447e-01 4.215682662380632606e-01
2.347199936123572223e-02 1.448167118500565988e-02 4.980617755559089144e-01 4.639845538978496498e-01
1.895790410034851534e-02 1.207270558393587837e-02 4.496145693543689426e-01 5.193548209613467748e-01
1.444167351575966277e-02 9.791107950669005605e-03 3.923455977216633861e-01 5.834216208119076263e-01
1.116718409406469714e-02 7.568176083118156698e-03 3.284769510250286628e-01 6.527876887977884790e-01
8.529998767104298926e-03 5.512945832777459837e-03 2.621692658441090451e-01 7.237877895560094199e-01
6.613092965180709763e-03 3.893962498808217331e-03 2.009937814364907149e-01 7.884991630995202838e-01
5.913284925181552451e-03 2.871343256706028989e-03 1.516816446068640079e-01 8.395337272112485261e-01
5.452882838186595693e-03 2.330735458889285957e-03 1.185424041714845944e-01 8.736739775314394940e-01
5.803909198086271669e-03 2.160437461269184168e-03 9.867266337509503216e-02 8.933629899655493034e-01
6.570261847828309278e-03 2.148740704667201004e-03 8.593650771655543530e-02 9.053444897309492756e-01
7.604915846322423019e-03 2.238974458185313821e-03 7.836871326267957905e-02 9.117873964328128134e-01
8.996636227335997812e-03 2.433945231124159600e-03 7.578950669102153814e-02 9.127799118505182108e-01
1.091284921874021915e-02 2.745273905113119767e-03 7.766081509471672861e-02 9.086810617814297109e-01
1.359826981195866834e-02 3.219019026549762436e-03 8.347310837624864754e-02 8.997096027852428124e-01
1.691351148497817827e-02 3.820028667978641636e-03 9.081115634155940974e-02 8.884553035054839620e-01
1.972166150856339076e-02 4.271729333028483414e-03 9.394164544454818022e-02 8.820649637138600063e-01
2.099473474451613031e-02 4.338437894743518534e-03 8.989924551626660154e-02 8.847675818444741269e-01
2.100202095682406761e-02 4.111867410768677705e-03 8.108532215255014053e-02 8.938007894798571940e-01
2.080112565123552054e-02 3.845954085717239682e-03 7.142135679425126726e-02 9.039315634687962175e-01
2.123300328473316442e-02 3.703894823846118605e-03 6.350967618554739791e-02 9.115534257058732770e-01
2.263890160230200635e-02 3.715929579828579007e-03 5.836906061072508201e-02 9.152761082071445564e-01
9.971879710887045310e-04 9.861894946126985584e-01 4.830768713583238547e-03 7.982548702629764167e-03
9.965395106881016780e-04 9.879594007833900626e-01 4.009230170562684548e-03 7.034829535359106260e-03
9.517065537132350650e-04 9.897452588535862184e-01 3.188157960875994713e-03 6.114876631824373195e-03
8.713489398796579136e-04 9.914515184916533608e-01 2.480465186132877614e-03 5.196667382333974676e-03
7.938240992439658502e-04 9.930311219283148860e-01 1.948741064666180975e-03 4.226312907775034260e-03
7.496279862527318238e-04 9.943784565758895244e-01 1.568819479973116316e-03 3.303095957884988158e-03
7.706747001703191310e-04 9.952323705516539221e-01 1.324286248226197015e-03 2.672668499949433854e-03
8.876710897274388366e-04 9.955466686516717401e-01 1.180801355787708309e-03 2.384858902813105641e-03
1.149056277960576293e-03 9.954095827345206260e-01 1.095323865036842330e-03 2.346037122482361528e-03
1.625141667489390018e-03 9.949111135750053903e-01 1.026929673116760457e-03 2.436815084388331987e-03
2.307851708722540376e-03 9.942624748339863316e-01 9.302039747338034350e-04 2.499469482557358912e-03
3.147365068759223200e-03 9.934871821706618977e-01 8.503932630452705303e-04 2.515059497533466727e-03
4.186631633100509203e-03 9.924467619126582374e-01 8.508783855442729471e-04 2.515728068696939691e-03
5.525739952116797728e-03 9.910708171035653713e-01 9.439520606974665480e-04 2.459490883620236382e-03
7.276843729282677503e-03 9.892530762290706603e-01 1.132606228420167957e-03 2.337473813226546068e-03
9.593403236973729181e-03 9.867606339756641587e-01 1.433327041206678776e-03 2.212635746155512499e-03
1.303729793982953515e-02 9.828461370407847175e-01 1.929552838142874942e-03 2.187012181243028295e-03
1.848372769363396464e-02 9.765360238746210175e-01 2.716631845902749056e-03 2.263616585842359846e-03
2.642020286030204168e-02 9.674839724651796979e-01 3.768820019939574714e-03 2.327004654578392930e-03
3.697780678612896943e-02 9.556840146707689110e-01 5.022378277524544229e-03 2.315800265577786562e-03
5.007723615885063123e-02 9.411044530211902792e-01 6.549365502906382905e-03 2.268945317052756955e-03
6.449231738792886304e-02 9.248074807761014204e-01 8.479377699894659337e-03 2.220824136075202904e-03
7.770976394485122618e-02 9.092157452434416198e-01 1.089033979012183143e-02 2.184151021585279632e-03
7.885919112540751286e-02 8.721657920777604878e-02 5.406781853512113711e-01 2.932460443156049701e-01
7.686840416706443302e-02 9.859213910426867233e-02 5.516143798428838618e-01 2.729250768857832132e-01
7.378910025611877532e-02 1.077361995789284654e-01 5.605088596507843413e-01 2.579658405141683764e-01
7.039630088202875058e-02 1.142039503312359816e-01 5.662969426412212126e-01 2.491028061455139164e-01
6.726308344397882721e-02 1.186069599683225451e-01 5.671920828098631073e-01 2.469378737778356592e-01
6.476824272318114362e-02 1.209290928362073830e-01 5.587996656136732243e-01 2.555029988269381658e-01
6.302093191525647009e-02 1.197712527437243824e-01 5.333888982108397903e-01 2.838189171301792602e-01
6.070467655870613599e-02 1.126686486500654699e-01 4.853016034356761321e-01 3.413250713555524007e-01
5.502478278249579163e-02 9.834019225815002208e-02 4.133779821018352396e-01 4.332570428575187593e-01
4.456271216519371026e-02 7.856282363200239871e-02 3.210900308041522710e-01 5.557844333986518004e-01
3.141406090806458939e-02 5.716586577783287770e-02 2.217899619299837921e-01 6.896301113841185604e-01
1.933541166708763887e-02 3.859288351815171741e-02 1.364570588414931174e-01 8.056146459732677068e-01
1.082971368459645888e-02 2.577004249649209391e-02 7.925095609441748512e-02 8.841492877244938597e-01
6.117900577278197367e-03 1.893066232845590571e-02 4.887946199520861595e-02 9.260719750990570320e-01
3.731453280730968013e-03 1.592611995682897963e-02 3.384097285510171554e-02 9.465014539073383082e-01
2.370092426619352117e-03 1.429643834187699358e-02 2.484237036837191187e-02 9.584910988631315520e-01
1.511635006786503106e-03 1.282957696459582041e-02 1.837187163123541953e-02 9.672869163973824014e-01
1.010361027257641875e-03 1.174500216140002967e-02 1.423006392750151769e-02 9.730145728838410779e-01
7.624658356445056717e-04 1.173738886194534287e-02 1.239965854525972196e-02 9.751004867571504420e-01
2.761213901368906698e-04 1.251042031596399755e-02 1.222597059007235823e-02 9.749874877038265941e-01
3.068042017557434989e-04 1.485555208091110350e-02 1.219102818556644027e-02 9.726466155317667894e-01
3.785700465529411377e-04 1.787428608785275944e-02 1.281741948514428416e-02 9.689297243804501081e-01
4.692548380031087490e-04 2.074026107259562338e-02 1.404222412966757774e-02 9.647482599597335673e-01
5.496350014309559721e-04 2.264529132473042800e-02 1.580730681524127740e-02 9.609977668585975019e-01
6.079374103279357091e-04 2.341316223410851508e-02 1.810011384549268729e-02 9.578787865100709675e-01
6.427853522799249503e-04 2.315808345720903050e-02 2.090805142244151274e-02 9.552910797680693733e-01
6.810474799911550581e-04 2.210123235847965065e-02 2.561143747699870521e-02 9.516062826845302913e-01
8.397970234481948659e-04 2.153849617541540862e-02 3.544398319443027578e-02 9.421777236067057082e-01
8.769320885078570483e-04 2.052211360825401121e-02 6.189643950017783419e-02 9.167045148030599222e-01
1.074456778087578418e-03 2.017053231400611421e-02 1.291836023976017933e-01 8.495714085103044377e-01
1.579462204543938004e-03 1.992297147508182223e-02 2.868304110835120935e-01 6.916671552368622855e-01
2.045810954135076406e-03 1.748757000900513434e-02 5.370373668290667757e-01 4.434292522077932786e-01
2.276981955916668708e-03 1.321616684784684449e-02 7.493130979316254825e-01 2.351937532646110884e-01
2.463406773721451941e-03 9.496040368594020620e-03 8.592263925624068488e-01 1.288141602952775910e-01
2.622815911321421667e-03 8.029924720495214621e-03 9.054894904312323911e-01 8.385776893695116863e-02
3.116468924294049560e-03 7.713134922224365413e-03 9.238367665508815385e-01 6.533362960259998797e-02
3.864283483739124753e-03 8.179151326597777424e-03 9.295406076623959901e-01 5.841595752726699148e-02
5.365687548574927732e-03 9.463166264384837226e-03 9.272407948014050882e-01 5.793035138563515374e-02
6.611898278336928760e-03 1.087755381809699627e-02 9.203448673169336569e-01 6.216568058663217433e-02
7.838091777522381703e-03 1.236553479457429792e-02 9.092305487442129408e-01 7.056582468369028416e-02
9.103173498711328304e-03 1.396584836862248442e-02 8.945646203238647454e-01 8.236635780880170732e-02
1.037325204872951816e-02 1.563383250240916317e-02 8.772990110061357205e-01 9.669390444272595031e-02
1.148299014685591653e-02 1.724927363341297731e-02 8.569805062961256548e-01 1.142872299236055850e-01
1.223453967049209327e-02 1.873029992236569657e-02 8.315923676756173943e-01 1.374427927315248765e-01
1.249800600055555981e-02 2.002733566951047164e-02 7.973421192770326904e-01 1.701325390529013215e-01
1.215936975593963701e-02 2.092364754704745949e-02 7.505608300180677261e-01 2.163561526789451461e-01
1.127783651846170528e-02 2.119018709552101740e-02 6.899023484514436033e-01 2.776296279345738527e-01
1.013953821557524171e-02 2.074880300301721811e-02 6.184640269956425129e-01 3.506476317857646907e-01
8.945732594970855212e-03 1.955751029441226210e-02 5.439866212122012046e-01 4.275101358984155775e-01
7.701826229425572448e-03 1.768373943877558918e-02 4.740926377835262828e-01 5.005217965482725573e-01
6.429278117937923392e-03 1.549420752451155861e-02 4.134781331548126881e-01 5.645983812027376425e-01
5.179151556343692363e-03 1.341940944011494295e-02 3.640416607725179277e-01 6.173597782310236148e-01
4.046372611582500257e-03 1.173233608623410959e-02 3.252239884768894362e-01 6.589973028252940068e-01
3.200804561725729101e-03 1.066783462167920915e-02 2.978716378554943089e-01 6.882597229611008283e-01
2.675485869609520694e-03 1.020910498748437215e-02 2.803867524473229733e-01 7.067286566955831573e-01
2.400922113877062940e-03 1.014470612217887452e-02 2.676471335517382477e-01 7.198072382122058244e-01
2.327292578434947846e-03 1.045567434857193855e-02 2.624679701863389392e-01 7.247490628866543050e-01
2.395005698462203403e-03 1.112933892147133057e-02 2.723888257436991034e-01 7.140868296363673817e-01
2.542643282455615567e-03 1.198412023360566174e-02 3.025443305903975921e-01 6.829289058935413825e-01
2.706890308653657311e-03 1.271403266609031669e-02 3.534933440664044246e-01 6.310857329588516196e-01
2.844407363712905031e-03 1.305479757361477887e-02 4.201418956754014999e-01 5.639588993872706180e-01
2.912739558520869871e-03 1.287745692570212326e-02 4.909474101971067483e-01 4.932623933186700005e-01
2.881059256679798994e-03 1.232863796139380651e-02 5.537420463686085759e-01 4.310482564133176764e-01
2.769114434861294147e-03 1.173551869921563712e-02 6.032338129679077898e-01 3.822615538980153604e-01
2.643920741586988123e-03 1.140649545551327380e-02 6.386953319016660524e-01 3.472542519012341011e-01
2.571522921244284113e-03 1.155599256720955988e-02 6.536540976005955628e-01 3.322183869109506249e-01
2.564517840156137467e-03 1.229238191755517053e-02 6.330273016943750441e-01 3.521157985479135832e-01
2.611560435182126196e-03 1.361733261081801184e-02 5.675115699997200780e-01 4.162595369542799739e-01
2.686483684328280167e-03 1.531304230238107918e-02 4.669692400327389858e-01 5.150312339805518391e-01
2.725999877997520825e-03 1.706882051214847137e-02 3.631818965758020767e-01 6.170232830340519614e-01
2.725669596922184867e-03 1.886961632839953898e-02 2.813611780562713660e-01 6.970435360184068507e-01
2.684626311511156133e-03 2.082204441175382337e-02 2.185492142290265949e-01 7.579441150477082001e-01
2.655435321093059953e-03 2.306969233261281851e-02 1.668834695324792061e-01 8.073914028138144960e-01
2.727827378226093617e-03 2.581210191468629941e-02 1.250787741751525906e-01 8.463812965319352788e-01
2.890618365825677657e-03 2.893013904080296225e-02 9.310615016398374189e-02 8.750730924293879109e-01
3.023354192658876064e-03 3.168071092239564679e-02 6.908002461125296867e-02 8.962159102736924066e-01
3.097190739410477390e-03 3.330354673799984511e-02 5.114842513520942435e-02 9.124508373873801981e-01
3.183591075094897253e-03 3.329325748223629922e-02 3.771561023194391904e-02 9.258075412107249491e-01
3.354302158143026430e-03 3.165059412995295529e-02 2.790932120655255713e-02 9.370857825053512391e-01
3.663415441768423219e-03 2.886695091798833698e-02 2.110305361252968678e-02 9.463665800277137885e-01
4.240194167919731152e-03 2.556176824132297756e-02 1.674711137306553882e-02 9.534509262176921185e-01
5.391306706714886487e-03 2.224730865312521400e-02 1.449295627734568243e-02 9.578684283628142726e-01
7.431480050494564116e-03 1.870437505624944832e-02 1.362151579380434935e-02 9.602426290994515723e-01
1.044023224989793462e-02 1.460027424235466748e-02 1.323277553958801880e-02 9.617267179681598943e-01
1.430098254317331216e-02 1.037420447481904144e-02 1.280418807157718275e-02 9.625206249104302225e-01
1.909717123871225095e-02 6.822513713863422036e-03 1.243376693253895812e-02 9.616465481148851469e-01
2.453442918698272093e-02 4.174774013634069587e-03 1.322770933518710966e-02 9.580630874641959949e-01
3.134301306274604043e-02 2.706442195758210299e-03 1.391175184631728012e-02 9.520387928951783429e-01
3.691547230234260707e-02 1.822760007928736102e-03 1.507798222417091119e-02 9.461837854655575919e-01
