3.039952992168323126e-02 1.949567441636586573e-01 2.522794997912050641e-01 5.223642261234533457e-01
2.298460549798034547e-01 3.047847902133646869e-01 2.205310172636387456e-01 2.448381375431929463e-01
2.504793580351185045e-01 2.816737146722034235e-01 2.188628382301522346e-01 2.489840890625261149e-01
2.732356571871744633e-01 2.601963833013788419e-01 2.162401510284785999e-01 2.503278084829680949e-01
2.962585286836480480e-01 2.436557111902713235e-01 2.129470215118310361e-01 2.471387386142497311e-01
3.203991818485248388e-01 2.292392407127101239e-01 2.077071452613572788e-01 2.426544321774078972e-01
3.495144690349093475e-01 2.132078358330559975e-01 1.996188511364982709e-01 2.376588439955361343e-01
3.862969127449094597e-01 1.968773786715728169e-01 1.893305276319278696e-01 2.274951809515896040e-01
4.297486081008770054e-01 1.832725065159321876e-01 1.773204945700074531e-01 2.096583908131832152e-01
4.731183238533840929e-01 1.721419658479534931e-01 1.645984977604884880e-01 1.901412125381740370e-01
5.080605339883380589e-01 1.618409058260125988e-01 1.524068779126286077e-01 1.776916822730204848e-01
5.320158762607871683e-01 1.520112199455327939e-01 1.394330042493172606e-01 1.765398995443631658e-01
5.417359299619567414e-01 1.422571460331514825e-01 1.273025701796092479e-01 1.887043538252823061e-01
5.297301457926900659e-01 1.355451882121133655e-01 1.158786866181438918e-01 2.188459793770523854e-01
4.861655472865072380e-01 1.334883717097688771e-01 1.054272391122648284e-01 2.749188418914593757e-01
4.133351515273795407e-01 1.343074105834113630e-01 9.348246993139162908e-02 3.588749679578176477e-01
3.255617038526059659e-01 1.352345354129523003e-01 7.991270848445079789e-02 4.592910522499911163e-01
2.394367071990034235e-01 1.354502478112805941e-01 6.877749588300179073e-02 5.563355491067140113e-01
1.694969965361479425e-01 1.350788453106289144e-01 6.217468752362313722e-02 6.332494706295999087e-01
1.213613849683785328e-01 1.355367205578655587e-01 5.911417736637921555e-02 6.839877171073767137e-01
9.129629462739774493e-02 1.391656574812208946e-01 5.759097679727116781e-02 7.119470710941098179e-01
7.219049086605448806e-02 1.453270580487000252e-01 5.606507176369936868e-02 7.264173793215460417e-01
5.947273723761528630e-02 1.497542588801859809e-01 5.360651506171477260e-02 7.371664888204839672e-01
5.049810076646084334e-02 1.468045941276236999e-01 4.948100605207930019e-02 7.532162990538364689e-01
4.318079322678125553e-02 1.327072080700199830e-01 4.318485661829643552e-02 7.809271420849023260e-01
3.636867639453827267e-02 1.093205415700252148e-01 3.531394284092145147e-02 8.189968391945150472e-01
3.024282128558318516e-02 8.302260952617382395e-02 2.779151101118224748e-02 8.589430581770606254e-01
2.577527379094055743e-02 5.974802703431250639e-02 2.239386744924665856e-02 8.920828317255002915e-01
2.364650657417345994e-02 4.151631570320495068e-02 1.924125288469976519e-02 9.155959248379214044e-01
2.459044279438008310e-02 2.816990595167633352e-02 1.772414718023665112e-02 9.295155040737067553e-01
2.984222376011818126e-02 1.898026034230626893e-02 1.735284953195955979e-02 9.338246663656162294e-01
4.037943706720038828e-02 1.260685184160391034e-02 1.716529990904099370e-02 9.298484111821545550e-01
5.696024821223123064e-02 8.107162065562277184e-03 1.617164446057159366e-02 9.187609452616347649e-01
8.183787046349587369e-02 4.680431441102685282e-03 1.418848395589852353e-02 8.992932141395028056e-01
1.175214361698407733e-01 3.091638403868018740e-03 1.259139378211355208e-02 8.667955316441776636e-01
1.633456565857012155e-01 2.253355977794536166e-03 1.170790573232634302e-02 8.226930817041777644e-01
2.132377891591483998e-01 1.653769680139538035e-03 1.183485960695741974e-02 7.732735815537550295e-01
2.562215214918024953e-01 1.250562336332952142e-03 1.123898439347223790e-02 7.312889317783924925e-01
2.904418834792983350e-01 9.769973338094987709e-04 1.070309375239609541e-02 6.978780254344959522e-01
3.165083376270722559e-01 7.994974116821842525e-04 1.080336210315080772e-02 6.718888028580946026e-01
3.346448968559899706e-01 7.021008573760338742e-04 1.249532248325489585e-02 6.521576798033794642e-01
3.480963077975651743e-01 6.851797779616758269e-04 1.730431859329741376e-02 6.339141938311756430e-01
3.618766481820754333e-01 7.470464537815645328e-04 2.710668083710717977e-02 6.102696245270357034e-01
3.753793676400868917e-01 8.903954339898135844e-04 4.344659594450724777e-02 5.802836409814163821e-01
3.793494426248132934e-01 1.123260933640859993e-03 6.612939940782018577e-02 5.533978970337255499e-01
3.668749176801846534e-01 1.435311101244145324e-03 9.254752633102202031e-02 5.391422448875491380e-01
3.433085565166102970e-01 1.804637395566924913e-03 1.207058359365885958e-01 5.341809701512342246e-01
3.180400159851925479e-01 2.197137150334628041e-03 1.510533471605254308e-01 5.287094997039472055e-01
2.941812542155222143e-01 2.542819470456991054e-03 1.843577875658615473e-01 5.189181387481590635e-01
2.703987664782904199e-01 2.770323836537638956e-03 2.205858508501215287e-01 5.062450588350505543e-01
2.454862883644785276e-01 2.867543715960076123e-03 2.599074902138940324e-01 4.917386777056674263e-01
2.188890018329255338e-01 2.814778003945576056e-03 3.045883067898328966e-01 4.737079133732959857e-01
1.954725357020417609e-01 2.763504724180635124e-03 3.530430724493816008e-01 4.487208871243958397e-01
1.770147550740584774e-01 2.779815826793006171e-03 4.040272416394445898e-01 4.161781874597036968e-01
1.643996967825304967e-01 2.865094811225923129e-03 4.521967966903214786e-01 3.805384117159223423e-01
1.618756100918718188e-01 3.095453493615548356e-03 4.884389807696266628e-01 3.465899556448859831e-01
1.687169266187927008e-01 3.405856496940454139e-03 5.110929418728705764e-01 3.167842750113967210e-01
1.841674506302766190e-01 3.713796152946245623e-03 5.197165629325894987e-01 2.924021902841872911e-01
2.127540837307386190e-01 4.049351750612936035e-03 5.069934347934462737e-01 2.762031297252017237e-01
2.644108962788142558e-01 4.447919290476173328e-03 4.647283467737309826e-01 2.664128376569784851e-01
3.471400419743981836e-01 4.782636889648676608e-03 3.945093394852004498e-01 2.535679816507525053e-01
4.535094936637304452e-01 4.779543917584430125e-03 3.098232398869866233e-01 2.318877225316981483e-01
5.560765270888631262e-01 4.389338680389646107e-03 2.318169645690550396e-01 2.077171696616920693e-01
6.303710296454159145e-01 3.890082672304115158e-03 1.744967345438360740e-01 1.912421531384443651e-01
6.722036252728742500e-01 3.461453595516860403e-03 1.375073800921467748e-01 1.868275410394622249e-01
6.911126198349635263e-01 3.041266353291786819e-03 1.129154585155808244e-01 1.929306552961637666e-01
6.958651786275669160e-01 2.691191147016918934e-03 9.491649574626560837e-02 2.065271344791505259e-01
6.947845934094110110e-01 2.117670177495270100e-03 7.822758954254646624e-02 2.248701468705471551e-01
6.912573721461249265e-01 1.588338852681472858e-03 6.328784180981827934e-02 2.438664471913753184e-01
6.898389332221533943e-01 1.187047217380220697e-03 5.020248311960837789e-02 2.587715364408579855e-01
6.893837899064360064e-01 9.238737116334813865e-04 3.928485137543292344e-02 2.704074850064976387e-01
6.844129501225464374e-01 7.669834780499733577e-04 3.045369097308716147e-02 2.843663754263163201e-01
7.516243703219271932e-01 4.363718176359631697e-03 6.381361920676624500e-02 1.801982922949469101e-01
4.014842503764203263e-01 1.496148674267115848e-02 1.856169142442765652e-01 3.979373486366319934e-01
3.578727242386312568e-01 1.740450137275690104e-02 2.178031296372904269e-01 4.069196447513214743e-01
3.250295073806840351e-01 1.959210970260961276e-02 2.510333455800773383e-01 4.043450373366292427e-01
2.984792968804633739e-01 2.152250391362212426e-02 2.791796137490028529e-01 4.008185854569115691e-01
2.778858221779205162e-01 2.314483650662114630e-02 2.964987601345919765e-01 4.024705811808665934e-01
2.648402331409285271e-01 2.416338077772921256e-02 3.042069807205827758e-01 4.067894053607595262e-01
2.603101924339066287e-01 2.422112211287135580e-02 3.080688300562993698e-01 4.073998553969226388e-01
2.630487439531803973e-01 2.340988829195104343e-02 3.145378323181900471e-01 3.990035354366786025e-01
2.717261128092317013e-01 2.234756424629495697e-02 3.266277054788505052e-01 3.792986174656231557e-01
2.866355568771780105e-01 2.142906856976051905e-02 3.404388936019079326e-01 3.514964809511537114e-01
3.078192565507678613e-01 2.057108809234625690e-02 3.478597277083891881e-01 3.237499276484964716e-01
3.348061680244615035e-01 1.958020887695495829e-02 3.439570639393209617e-01 3.016565591592627604e-01
3.699307326006300300e-01 1.827744739792478562e-02 3.301478832192527579e-01 2.816439367821925166e-01
4.189092297395344278e-01 1.647912037159645834e-02 3.100117780813416712e-01 2.545998718075274669e-01
4.853233743449931192e-01 1.423081905841717260e-02 2.854730633088379266e-01 2.149727432877516220e-01
5.683930336196305610e-01 1.138800531683753677e-02 2.519492337874205679e-01 1.682697272761115026e-01
6.526274547734405296e-01 8.750218318679276255e-03 2.122751198524267247e-01 1.263472070554536031e-01
7.279471728458750679e-01 6.630098169726538447e-03 1.699147345557934508e-01 9.550799442860491428e-02
7.863838967032589222e-01 5.136485627162501282e-03 1.328561891782161219e-01 7.562342849136244327e-02
8.247645225053076290e-01 4.182374520855896595e-03 1.071415665838871406e-01 6.391153638994946651e-02
8.458330170458838726e-01 3.600494677886343503e-03 9.351422878882587053e-02 5.705225948740378500e-02
8.562129161540116273e-01 3.224768237268833739e-03 8.900365016299147114e-02 5.155866544572820787e-02
8.657997822130860666e-01 2.852139859319835838e-03 8.703602724681523684e-02 4.431205068077916087e-02
8.816329238404987390e-01 2.340955797488664548e-03 8.120762083059131220e-02 3.481849953142143045e-02
9.025214656756981313e-01 1.752531076272272016e-03 7.063907367850778829e-02 2.508692956952180558e-02
9.224644849870252683e-01 1.238337230752768183e-03 5.919196681655028436e-02 1.710521096567148291e-02
9.368910702421443526e-01 8.818591740279338020e-04 5.070246774097725284e-02 1.152460284285039549e-02
9.449638229481979179e-01 6.757046553964368360e-04 4.629683449856332456e-02 8.063637897842394417e-03
9.472339957440251146e-01 9.823369278274957095e-04 4.562389614336168076e-02 6.159771184785867680e-03
9.499560083823536116e-01 8.924773434486717649e-04 4.414597544050354039e-02 5.005538833694199094e-03
9.522782462040643159e-01 8.166129579027169797e-04 4.241622119402943536e-02 4.488919644003730620e-03
9.534554864598299151e-01 7.738410914284434223e-04 4.133146948598192399e-02 4.439202962759773545e-03
9.531226331828628329e-01 7.748265260196418504e-04 4.150196956908321771e-02 4.600570722034238828e-03
9.542596285928847122e-01 3.557860468439303986e-04 4.086085851373340988e-02 4.523726846537959138e-03
9.541762817743981717e-01 7.629662759882819374e-04 4.082114947465267235e-02 4.239602474960738575e-03
9.582439884377764727e-01 6.843509791775996987e-04 3.745338522765159078e-02 3.618275355394281502e-03
9.625456740302537062e-01 6.018308605452259282e-04 3.381771527219360612e-02 3.034779837007445160e-03
9.647436566957240389e-01 5.572344964266942244e-04 3.206291096529359508e-02 2.636197842555683922e-03
9.633077062082544550e-01 5.768432687519014362e-04 3.366095801948697230e-02 2.454492503506676415e-03
9.592941176512249646e-01 2.593899930069226267e-04 3.798099792935935581e-02 2.465494426408881227e-03
9.499301658370815638e-01 2.669041541805891853e-04 4.700932258752854587e-02 2.793607421209209473e-03
9.365879619376857868e-01 2.941864525020332312e-04 5.957282127770654329e-02 3.545030332105679992e-03
9.200259886233322915e-01 3.443319145554391589e-04 7.476869662752701207e-02 4.860982834585288702e-03
9.006467976251265606e-01 4.171561874245034501e-04 9.209682156957903210e-02 6.839224617870012617e-03
8.778838644763934385e-01 5.140722667020902834e-04 1.120851796427409924e-01 9.516883614163539756e-03
8.520643677738808375e-01 6.336019755585413056e-04 1.345373917442817813e-01 1.276463850627866832e-02
8.254206955827813053e-01 7.673630852931682175e-04 1.576136376906099590e-01 1.619830364131557079e-02
8.008268386064224531e-01 9.062075343478251215e-04 1.790076897257804056e-01 1.925926413344932267e-02
7.832948548977833880e-01 1.042958105816449649e-03 1.942712187945420943e-01 2.139096820185795375e-02
7.847676965898746637e-01 1.157782410043866695e-03 1.919629484977545264e-01 2.211157250232690177e-02
8.165909330029822444e-01 1.215146233096997064e-03 1.610492611748917668e-01 2.114465958902890172e-02
8.719754743384967588e-01 1.166884286777837565e-03 1.085607287908939983e-01 1.829691258383110697e-02
9.265158410522107424e-01 1.007061614072426005e-03 5.853758264399851891e-02 1.393951468971856358e-02
9.631378472939199353e-01 7.995176639574191240e-04 2.667302688682048062e-02 9.389608155302374068e-03
9.829624484089921621e-01 6.386879166063194700e-04 1.056351220403962086e-02 5.835351470361840528e-03
9.905072979450538773e-01 5.162344314205205825e-04 5.038871439745757491e-03 3.937596183779814088e-03
9.934483099033759590e-01 4.773312419163289297e-04 3.069713864771311373e-03 3.004644989936237475e-03
9.943230347204683461e-01 5.000776114397770949e-04 2.464924572240309239e-03 2.711963095851552350e-03
9.938305914408187558e-01 6.028726604777342015e-04 2.565333366427755696e-03 3.001202532275630813e-03
9.923136694450783724e-01 7.953103696795017731e-04 3.099466495776205185e-03 3.791553689466026830e-03
9.907427472982232031e-01 1.016347024136319372e-03 3.607419435877302297e-03 4.633486241763096550e-03
9.900459141101081162e-01 1.184946410111125271e-03 3.663077208134765759e-03 5.106062271645869614e-03
9.902213098874765862e-01 1.269401089723098605e-03 3.233626466176881681e-03 5.275662556623513313e-03
9.906652863498969230e-01 1.285539316021357559e-03 2.577127726333966733e-03 5.472046607747829867e-03
9.904908927363821336e-01 1.296870683615469451e-03 2.034111469101936888e-03 6.178125110900457677e-03
9.888785812695470856e-01 1.363102746283317195e-03 1.743145036426463606e-03 8.015170947743392726e-03
9.836070553981489661e-01 1.654503989938872289e-03 2.523922086868227079e-03 1.221451852504384927e-02
9.734887747188788465e-01 2.033896970158243986e-03 3.044889210993146841e-03 2.143243909996976268e-02
9.527898603314812753e-01 2.638216611584145825e-03 4.180330871027147441e-03 4.039159218590736983e-02
9.156960640738017743e-01 3.440904278284366308e-03 6.057855499909841832e-03 7.480517614800406834e-02
8.591916008617017653e-01 4.340433010648249088e-03 8.556898733357451436e-03 1.279110673942924770e-01
6.538779559586356260e-01 2.578810370580569833e-01 7.942970048634531710e-02 8.811306496961969492e-03
4.329408760840103287e-01 1.456033389491835361e-01 3.272801788295801040e-01 9.417560613722607277e-02
3.684740878695338950e-01 1.769871726145453850e-01 3.550648400250982495e-01 9.947389949082227623e-02
3.084100941171423749e-01 2.150289397902745425e-01 3.748531699714341969e-01 1.017077961211491771e-01
2.556212279707222867e-01 2.618144884712652054e-01 3.811417984603592823e-01 1.014224850976531006e-01
2.122498709906485426e-01 3.199886091085915596e-01 3.678311427823933721e-01 9.993037711836631753e-02
1.779466765592590538e-01 3.913383237118135960e-01 3.326450460041955326e-01 9.806995372473170658e-02
1.497641024026885870e-01 4.726964749246526654e-01 2.819368151440639347e-01 9.560260752859515987e-02
1.252647351216289728e-01 5.559436533012923620e-01 2.272807390279493467e-01 9.151087254912924907e-02
1.015764888660445481e-01 6.323730663304836241e-01 1.809135670096578552e-01 8.513687779381380605e-02
8.076851654484151766e-02 6.978389403798171964e-01 1.443042681456999932e-01 7.708827492964114014e-02
6.293044585554237458e-02 7.516248903011064630e-01 1.168771447722848494e-01 6.856751907106638233e-02
4.895696702737271228e-02 7.940906352505944232e-01 9.594867336405965563e-02 6.100372435797343090e-02
3.862047118231097531e-02 8.287330208548078225e-01 7.829946184867279946e-02 5.434704611420864556e-02
3.093615390988692024e-02 8.595587903067440916e-01 6.190141597989080868e-02 4.760363980347828011e-02
2.523955418546424898e-02 8.864334508976026150e-01 4.746753931289585809e-02 4.085945560403719812e-02
2.111890133654246299e-02 9.074798927871468024e-01 3.649728006218425774e-02 3.490392581412632422e-02
1.801376613847182132e-02 9.231665216663359486e-01 2.879688523417326187e-02 3.002282696101884682e-02
1.616955734219594279e-02 9.339978245392172029e-01 2.361111983138084597e-02 2.622149828720625117e-02
1.397965931707978622e-02 9.433829113090231866e-01 1.973558212045204568e-02 2.290184725344528507e-02
1.211074581276456834e-02 9.512803653375312418e-01 1.690824972226298573e-02 1.970063912744122667e-02
1.049600909535768067e-02 9.577128061032894601e-01 1.507544180019130577e-02 1.671574300116148576e-02
9.150647846775682159e-03 9.621289584459039590e-01 1.426885165966007910e-02 1.445154204766045149e-02
8.261446043242496803e-03 9.642516297654963875e-01 1.430781361051600316e-02 1.317911058074532071e-02
7.912926079524726028e-03 9.651227700649782637e-01 1.447197375542209029e-02 1.249233010007496855e-02
8.077895684315855585e-03 9.656312680036471807e-01 1.429725683521375530e-02 1.199357947682309390e-02
8.637949944222724982e-03 9.657924529206638464e-01 1.398166855494629296e-02 1.158792858016724665e-02
9.417681347205197548e-03 9.654257779382123816e-01 1.383433933662165695e-02 1.132220137796106744e-02
1.036195430544326057e-02 9.639018604827523928e-01 1.421695334469382649e-02 1.151923186711045939e-02
1.145153552420798658e-02 9.607593440587137712e-01 1.532364252886144092e-02 1.246547788821715345e-02
1.186493154795996256e-02 9.572442346295236826e-01 1.690749815587162808e-02 1.398333566664457760e-02
1.234728631496730816e-02 9.540367294052515268e-01 1.803044386184623343e-02 1.558554041793467834e-02
1.256788227595011243e-02 9.517980765883233829e-01 1.856784931293713539e-02 1.706619182278934152e-02
1.333358847069947457e-02 9.482666074550566426e-01 1.940052331742588010e-02 1.899928075681767137e-02
1.548672878855889522e-02 9.406109699685613057e-01 2.154927447864669540e-02 2.235302676423308460e-02
1.958470754070592082e-02 9.267853818600376714e-01 2.566877947542492086e-02 2.796113112383133772e-02
2.614640743731705408e-02 9.062168790279527819e-01 3.200579484336157909e-02 3.563091869136874451e-02
3.616062732704149879e-02 8.789703645978081958e-01 4.104891750821189345e-02 4.382009056693841886e-02
5.019671915426245773e-02 8.469579420816751858e-01 5.315892484049841715e-02 4.968641392356382830e-02
6.660003682829863936e-02 8.127504142009451815e-01 6.896671216432828655e-02 5.168283680642827421e-02
8.156099819368184400e-02 7.798948480530575322e-01 8.839068743571884545e-02 5.015346631754170892e-02
9.253919767057704193e-02 7.514683883467638825e-01 1.100374931871495876e-01 4.595492079550946019e-02
9.928091473481943929e-02 7.277978719542197439e-01 1.328276009975134508e-01 4.009361231344724108e-02
1.023101393915019086e-01 7.057398046873063491e-01 1.583729472391153248e-01 3.357710868207654242e-02
1.018379119755521006e-01 6.825760559406425232e-01 1.883805985527748084e-01 2.720543353103020354e-02
9.843380937150085497e-02 6.553844903145434886e-01 2.243993241910165748e-01 2.178237612293954309e-02
9.232997592735434078e-02 6.250542792745229503e-01 2.647469531107048413e-01 1.786879168741765250e-02
8.335477753608419582e-02 5.951713605751376424e-01 3.060301724145315094e-01 1.544368947424671137e-02
7.184974936756302610e-02 5.696988016852058134e-01 3.444146387876662607e-01 1.403681015956483383e-02
5.926215194580381623e-02 5.534053813307171499e-01 3.742370670629005525e-01 1.309539966057861847e-02
4.743613197706217366e-02 5.477133745548284915e-01 3.925609334947154361e-01 1.228955997339392474e-02
3.725111280168452027e-02 5.503928620392909421e-01 4.009030425656154306e-01 1.145298259340889538e-02
2.881971873499357059e-02 5.588591572981835842e-01 4.016816801988488117e-01 1.063944376797406992e-02
2.201455371827915064e-02 5.733114487961247230e-01 3.946531371761652918e-01 1.002086030943117809e-02
1.653787220571623084e-02 5.930887615585425099e-01 3.806717282084463028e-01 9.701638027294753538e-03
1.248280320982890490e-02 6.181404477135490350e-01 3.598750015047734729e-01 9.501747571848483120e-03
9.219562226252250164e-03 6.494916690898662193e-01 3.322667668633818572e-01 9.022001820499522470e-03
6.558930192819252894e-03 6.928199303069424442e-01 2.927995400873001919e-01 7.821599412938209928e-03
4.746522602985893402e-03 7.477369650652111455e-01 2.414422757754731419e-01 6.074236556330114140e-03
2.939908627340419821e-03 8.072369086736391752e-01 1.855931021978015349e-01 4.230080501219038273e-03
1.802773454299475562e-03 8.596969184384083418e-01 1.357188417343073716e-01 2.781466372984654246e-03
1.179938375309600405e-03 8.996231335839359744e-01 9.737495305822196912e-02 1.821974982532563415e-03
8.335850459088493900e-04 9.295103418144583518e-01 6.846715047519830177e-02 1.188922664434521751e-03
5.991046932475071855e-04 9.528194501908838765e-01 4.584460433673820390e-02 7.368407791304350815e-04
4.452440564365824256e-04 9.696508669904739808e-01 2.947401444343627011e-02 4.298745096531122046e-04
1.592468058331244444e-04 9.824476753110585880e-01 1.716628765144816854e-02 2.267902316601658110e-04
5.502437061943797175e-05 9.899151715505195570e-01 9.900559847462844440e-03 1.292442313982656861e-04
2.085390808777393373e-05 9.938889192680009366e-01 6.004595857794665752e-03 8.563096611651294034e-05
8.971679072760570690e-06 9.960434390405346061e-01 3.885327907961833808e-03 6.226137243070825427e-05
4.231437921213634911e-06 9.973172611082743444e-01 2.632847908062721162e-03 4.565954574180658827e-05
2.182916858575460049e-06 9.980999736494057251e-01 1.864234649065604418e-03 3.360878467012114315e-05
1.386238774252903289e-06 9.985091798952665521e-01 1.461918730234688024e-03 2.751513572444408729e-05
2.610360624589659895e-01 2.323750226434698474e-01 1.952521059344860810e-01 3.113368089630780267e-01
1.902869229844357801e-01 3.478180552136096448e-01 1.983633146633232980e-01 2.635317071386313326e-01
2.486566678580939549e-01 3.027948046689427075e-01 1.811217981618984951e-01 2.674267293110649812e-01
3.194259179481553357e-01 2.644098501364351428e-01 1.606911228473536513e-01 2.554731090680560923e-01
3.969277018040860416e-01 2.299897375985147929e-01 1.440195985691250513e-01 2.290629620282737255e-01
4.790717153750378987e-01 1.960820863615987120e-01 1.308889641504614731e-01 1.939572341129019994e-01
5.564468469672116946e-01 1.645984258542005918e-01 1.225588882175236982e-01 1.563958389610644040e-01
6.219288516892134133e-01 1.394818229657611985e-01 1.169054440067538725e-01 1.216838813382714185e-01
6.752364534523741524e-01 1.215435195635086035e-01 1.108645685641407447e-01 9.235545841997655492e-02
7.192003648065198318e-01 1.088206773489757972e-01 1.030470572441584409e-01 6.893190060034590227e-02
7.449321572423128757e-01 1.037505430017685443e-01 9.875034314930172807e-02 5.256695660661693525e-02
7.481528026774136864e-01 1.076074763297951847e-01 1.013783573823370393e-01 4.286136361045390919e-02
7.318173672155797727e-01 1.200121664809803146e-01 1.104534045564372069e-01 3.771706174700258790e-02
7.032932977284432896e-01 1.393933844175057057e-01 1.228316387273922367e-01 3.448167912665882351e-02
6.700712046789906173e-01 1.634487096646395632e-01 1.356491154836091395e-01 3.083097017276065915e-02
6.355721165664310890e-01 1.898463237883368238e-01 1.487745449594431446e-01 2.580701468578901897e-02
5.911300507498317147e-01 2.213090261057439889e-01 1.669243917748801098e-01 2.063653136954449879e-02
5.250163390347186709e-01 2.667107685459660371e-01 1.912982423494918593e-01 1.697465006982334240e-02
4.449137136645456292e-01 3.326508645664883468e-01 2.075011657322656522e-01 1.493425603670061642e-02
3.676407108875663909e-01 4.159748820896754795e-01 2.025569453108762574e-01 1.382746171188190508e-02
3.017591168520120659e-01 5.016868273602714812e-01 1.837240697125634981e-01 1.282998607515276231e-02
2.591727706175940837e-01 5.596960144964631123e-01 1.688941308515393702e-01 1.223708403440364363e-02
2.351371119051891834e-01 5.845360299409120275e-01 1.678955493962147605e-01 1.243130875768393498e-02
2.127004179529288774e-01 5.907121245105230178e-01 1.834712844781559438e-01 1.311617305839210545e-02
1.795531878623078670e-01 5.855266300189178041e-01 2.216450849658571365e-01 1.327509715291705708e-02
1.414065031298911701e-01 5.392632338067778752e-01 3.069318331294909608e-01 1.239842993383995576e-02
1.037533212652491377e-01 4.195146979063035797e-01 4.659793885352047638e-01 1.075259229324276866e-02
6.739259921270414344e-02 2.574669366621010758e-01 6.663111095393680072e-01 8.829354585826754490e-03
4.034133109578529747e-02 1.294615659316615264e-01 8.227349751294270597e-01 7.462127843126392310e-03
2.594566092317135420e-02 6.141454721333505784e-02 9.057030087866202450e-01 6.936783076873440090e-03
2.024476723166094422e-02 3.123423739119675704e-02 9.414767405378541287e-01 7.044254839288103219e-03
1.850928346421359949e-02 1.776938120090466866e-02 9.562073008500501237e-01 7.514034484831743493e-03
1.691343583692575883e-02 1.152318226514314516e-02 9.633149389834143594e-01 8.248442914516880553e-03
1.754939610296932587e-02 8.240776760732244563e-03 9.644379060520825719e-01 9.771921084216022430e-03
1.893352516534846375e-02 6.922948956869087386e-03 9.620155593420055551e-01 1.212796653577720776e-02
2.150230569601581376e-02 6.770869901184244956e-03 9.562904061790153953e-01 1.543641822378468906e-02
2.526449976535918504e-02 7.428366891037991269e-03 9.474404775849079030e-01 1.986665575869487471e-02
2.991250315765929188e-02 8.695692294082166263e-03 9.357941468973262067e-01 2.559765765093237333e-02
3.380361729702065915e-02 9.759639045174055977e-03 9.238994763221773932e-01 3.253726733562811724e-02
3.923780615567988572e-02 1.150362998034796733e-02 9.079363163874543119e-01 4.132224747651797730e-02
4.472651303751835894e-02 1.318131513375644763e-02 8.906734660862446473e-01 5.141870574248022518e-02
4.952678763043885657e-02 1.451612876451329089e-02 8.741301235976809414e-01 6.182696000736750269e-02
5.309095378555352129e-02 1.535695707206349500e-02 8.603589344338643530e-01 7.119315470851851624e-02
5.494327723819728004e-02 1.556538732234728946e-02 8.515632505143182485e-01 7.792808492513675356e-02
5.469573701028505180e-02 1.508605129219599966e-02 8.492272664563106366e-01 8.099094524120807603e-02
5.257665010975873937e-02 1.408673771486783875e-02 8.526343412407941802e-01 8.070227093457886525e-02
4.958664277528652964e-02 1.285253814343612945e-02 8.589192610170641728e-01 7.864155806421348205e-02
4.674578419509516775e-02 1.160100580910206590e-02 8.650012251276311126e-01 7.665198486817131895e-02
4.409284244902233335e-02 1.036433578554207813e-02 8.698857268175322899e-01 7.565709494790338885e-02
4.214076653780379766e-02 9.349274318459574115e-03 8.716142256298076152e-01 7.689573351392922640e-02
3.883755825902276276e-02 8.199124914932250097e-03 8.710211908361309430e-01 8.194212598991404417e-02
3.562853588405084232e-02 7.243508639892156688e-03 8.643490530360439239e-01 9.277890244001299469e-02
3.346081030938317935e-02 6.563905465341419998e-03 8.487757959877320069e-01 1.111994882375433452e-01
3.293453609880383354e-02 6.145299389750622301e-03 8.227619078237193850e-01 1.381582566877259388e-01
3.382297725338404698e-02 5.876104648091271671e-03 7.865599006189162301e-01 1.737410174796087114e-01
3.562099352414454384e-02 5.757796650788052709e-03 7.405258193401256239e-01 2.180953904849415592e-01
3.651683851740559345e-02 5.024009699399784035e-03 6.877364318602545712e-01 2.707227199229398917e-01
3.673930356475288428e-02 4.587204509448577182e-03 6.301718347276705767e-01 3.285016571981280165e-01
3.757604906664401695e-02 4.413012701138667969e-03 5.730706219883969776e-01 3.849403162438203574e-01
4.078385800755725266e-02 4.573881621090335539e-03 5.192847350678649887e-01 4.353575253034870918e-01
4.705722450801409773e-02 5.002888032094238331e-03 4.642869743236136548e-01 4.836529131362779510e-01
5.587673264307004700e-02 5.659786032653765092e-03 4.107089278568373802e-01 5.277545534674392691e-01
6.574151748633760839e-02 6.483438789709109092e-03 3.690245350119214507e-01 5.587505087120314684e-01
7.510519742804425136e-02 7.411877097776634754e-03 3.442519012631370945e-01 5.732310242110417731e-01
8.327550228759739159e-02 8.459745309855746381e-03 3.343344467049207402e-01 5.739303056976259310e-01
8.987176664166100781e-02 9.584290861690679397e-03 3.312260249372952492e-01 5.693179175593530150e-01
9.413048311496070852e-02 1.051981244765253995e-02 3.233410298486530943e-01 5.720086745887333901e-01
9.596771567498893485e-02 1.105251793680749398e-02 3.060878272808894018e-01 5.868919391073140757e-01
9.670885896691944206e-02 1.127199927755818780e-02 2.826768161257706136e-01 6.093423256297518797e-01
9.843586425669477447e-02 1.145665650044669880e-02 2.579511642967308727e-01 6.321563149461281172e-01
1.026445553999075222e-01 1.180285340478044905e-02 2.347829235707417639e-01 6.507696676245704470e-01
1.099410795128731855e-01 1.233723628359981866e-02 2.139209499976409135e-01 6.638007342058859228e-01
7.168460401790270305e-04 9.885187698562090119e-01 5.229915244251295316e-03 5.534468859360949441e-03
7.533207005610340198e-04 9.890332310716299924e-01 4.886522327994113554e-03 5.326925899814860359e-03
7.653544432327327339e-04 9.897600067306618898e-01 4.409580434865612887e-03 5.065058391239832085e-03
7.510638629534863945e-04 9.906266228298621357e-01 3.865201162854052259e-03 4.757112144330439933e-03
7.325274129862999585e-04 9.916365686999483176e-01 3.330044374245426635e-03 4.300859512819946856e-03
7.369527007824429538e-04 9.926799561241986813e-01 2.867129794247275099e-03 3.715961380771613722e-03
7.991288403663471176e-04 9.933740751318322904e-01 2.562953289415109692e-03 3.263842738386481170e-03
9.519614011883607190e-04 9.935627226729459860e-01 2.407651470935706899e-03 3.077664454930196733e-03
1.245233286416527101e-03 9.933490185941371564e-01 2.309732114641781416e-03 3.096016004804424265e-03
1.751251838481095212e-03 9.929058106271373418e-01 2.162382469719199320e-03 3.180555064662196011e-03
2.499707538089733679e-03 9.924190893544341252e-01 1.911096145920673913e-03 3.170106961555705510e-03
3.539778699034059305e-03 9.916347926563954251e-01 1.712464826922286201e-03 3.112963817648014241e-03
4.981069436077529416e-03 9.902743031400322860e-01 1.693834645766592074e-03 3.050792778123582582e-03
6.941785630042430350e-03 9.883040113413869010e-01 1.859651183290782434e-03 2.894551845280286719e-03
9.632293650680556416e-03 9.855215999675954741e-01 2.193973320291992251e-03 2.652133061432050947e-03
1.354129315203482682e-02 9.813453287330972108e-01 2.676004830893950921e-03 2.437373283974027510e-03
1.997740950122748813e-02 9.743213582910569270e-01 3.345940891845025720e-03 2.355291315870608991e-03
3.087930245536569737e-02 9.625295013035318759e-01 4.221744752742582173e-03 2.369451488359790824e-03
4.735908027259849024e-02 9.451623551962273773e-01 5.161677176246680376e-03 2.316887354927505034e-03
6.917738096689660110e-02 9.226567417809968807e-01 6.033125134810047967e-03 2.132752117296434630e-03
9.530570866738087565e-02 8.958976621373779814e-01 6.888425156807171518e-03 1.908204038434058820e-03
1.229545347237667036e-01 8.674955500557793853e-01 7.829036800764088005e-03 1.720878419689887348e-03
1.499321115166051266e-01 8.395645479724257454e-01 8.914817477958573988e-03 1.588523033010691941e-03
2.798075512120985070e-02 1.145205666036439029e-01 5.843595280033722084e-01 2.731391502717738784e-01
2.806285473011159784e-02 1.348024645224686069e-01 5.902972819576350894e-01 2.468373987897846955e-01
2.874249660927166022e-02 1.525743300672932623e-01 5.954044157550072436e-01 2.232787575684277714e-01
2.875284336318780290e-02 1.670526497514955022e-01 5.994438813715078362e-01 2.047506255138084319e-01
2.840836940658363757e-02 1.797572274896946376e-01 6.009220135226253090e-01 1.909123895810960203e-01
2.801179588301856704e-02 1.908633139389550593e-01 5.953311228214602790e-01 1.857937673565660530e-01
2.817707389824058647e-02 1.981987252044632164e-01 5.753325969516844829e-01 1.982916039456116830e-01
2.884777800583532281e-02 1.956666332753195792e-01 5.368011987002682117e-01 2.386843900185770528e-01
2.859431381763255509e-02 1.776234618936634868e-01 4.748965717168723843e-01 3.188856525718312684e-01
2.574060437765466128e-02 1.456873064998003564e-01 3.814254789198869844e-01 4.471466102026584455e-01
2.045768150067564170e-02 1.061271321050852035e-01 2.645375768199271227e-01 6.088776095743121397e-01
1.378620578612952882e-02 7.171249328688848734e-02 1.554111627445374511e-01 7.590901381824448624e-01
8.571879962199461730e-03 4.742368571513193992e-02 8.458091099549823466e-02 8.594235233271702024e-01
5.397057738852674598e-03 3.482883625816041856e-02 5.013847126825132089e-02 9.096356347347356319e-01
3.622748629304090896e-03 2.936441203397872901e-02 3.435448311013954148e-02 9.326583562265775562e-01
2.480601412247603055e-03 2.623721630725236315e-02 2.493076569502967327e-02 9.463514165854701732e-01
1.681829064295003919e-03 2.309281368364770812e-02 1.785439408539198081e-02 9.573709631666650344e-01
1.174516189427445966e-03 2.030456064428986032e-02 1.316196298345567728e-02 9.653589601828268529e-01
8.911019012773529254e-04 1.906141348001262961e-02 1.084688519654519213e-02 9.692005994221648546e-01
3.285542764997953892e-04 1.909730159967746102e-02 1.008525048627991090e-02 9.704888936375426489e-01
3.247874761364048725e-04 2.049341440296394840e-02 9.415607285756832576e-03 9.697661908351430382e-01
3.395660820637633583e-04 2.212773202241722498e-02 9.140473465678563073e-03 9.683922284298405181e-01
3.581180077997273242e-04 2.342922016125169316e-02 9.187842153283725874e-03 9.670248196776648486e-01
3.761557317362608640e-04 2.424839486502469721e-02 9.547811453032583467e-03 9.658276379502064302e-01
4.036865580314214700e-04 2.508327026166985718e-02 1.029464823791749993e-02 9.642183949423810407e-01
4.469855235440372285e-04 2.629802040490993031e-02 1.142451666828101994e-02 9.618304774032648830e-01
5.087352299307706721e-04 2.763177576670114433e-02 1.335745224108428504e-02 9.585020367622838489e-01
5.987504594751109519e-04 2.847607912866395238e-02 1.758866734029598464e-02 9.533365030715648114e-01
7.809740768848125701e-04 2.981746348083242834e-02 2.725036847957586564e-02 9.421511939627069676e-01
1.032681658551178137e-03 3.160023131794996443e-02 5.743809570519547297e-02 9.099289913183037370e-01
1.636368015309330650e-03 3.484112746217013501e-02 1.492615535158555440e-01 8.142609510066650680e-01
2.759730146298520342e-03 3.560094571767554589e-02 3.557638913404678194e-01 6.058754327955581109e-01
3.816878407035748100e-03 3.015764210956529967e-02 5.996656343466505446e-01 3.663598451367484632e-01
4.669295599915914211e-03 2.343927848717242482e-02 7.534197050215198921e-01 2.184717208913919129e-01
5.696860166971831965e-03 1.936622507657278711e-02 8.241673516109386810e-01 1.507695631455172325e-01
7.138801870838549016e-03 1.781026891986710672e-02 8.541048706020184511e-01 1.209460586072758220e-01
9.115860691601798335e-03 1.798903066602204961e-02 8.653446479472559627e-01 1.075504606951203784e-01
1.172207572912649029e-02 1.937721717139235036e-02 8.660336677126515559e-01 1.028670393868294508e-01
1.470577435556441083e-02 2.137734035265333524e-02 8.589309560604190263e-01 1.049859292313631565e-01
1.776759493930886447e-02 2.351697139197363173e-02 8.453287899632248026e-01 1.133866437054925486e-01
2.090174501636374305e-02 2.561377629267832731e-02 8.270580335459111199e-01 1.264264451450469728e-01
2.391929737584191917e-02 2.744736706457249695e-02 8.062210821180419984e-01 1.424122534415433461e-01
2.641278625256392176e-02 2.891975049713486901e-02 7.825976927016164986e-01 1.620697705486848494e-01
2.788318480685171227e-02 3.008295755054763224e-02 7.538730587582146425e-01 1.881607988843861934e-01
2.804862174191942795e-02 3.108111924808982379e-02 7.145468964170725856e-01 2.263233625929183257e-01
2.682258274916255597e-02 3.191561701670327100e-02 6.579567769481277084e-01 2.833050232860060968e-01
2.440581676851082127e-02 3.240836737606713619e-02 5.809458229530581885e-01 3.622399929023635279e-01
2.130464928712960671e-02 3.219727246377186713e-02 4.897071750407780422e-01 4.567909032083204424e-01
1.793593749231486498e-02 3.080041611553402392e-02 3.980453158367743827e-01 5.532183305553767250e-01
1.446752557658795117e-02 2.810462330049422197e-02 3.162033791452191211e-01 6.412244719776984958e-01
1.108776877954431583e-02 2.468905530129809206e-02 2.486641840672864923e-01 7.155589918518711068e-01
8.033716160903071890e-03 2.136924086115712940e-02 1.963354361131991188e-01 7.742616068647406591e-01
5.597612309517492439e-03 1.875442477112342771e-02 1.584298189324523654e-01 8.172181439869066200e-01
4.031932273581525714e-03 1.732291451521838360e-02 1.361741246123060189e-01 8.424710285988940006e-01
3.206208888178172390e-03 1.712708065484011555e-02 1.280294175251690814e-01 8.516372929318125617e-01
2.848925021879619192e-03 1.783499961090207267e-02 1.291749032660153562e-01 8.501411721012027689e-01
2.808823028255751260e-03 1.925159274277728899e-02 1.396273495844084778e-01 8.383122346445583961e-01
2.964596260725610704e-03 2.100156292855723944e-02 1.623061857609272018e-01 8.137276550497898331e-01
3.200271178436017890e-03 2.230740000768476755e-02 1.982959820617052060e-01 7.761963467521740823e-01
3.435496217616186912e-03 2.253511105971086129e-02 2.466068318146581173e-01 7.274225609080148258e-01
3.646387464385038302e-03 2.165070066678790803e-02 3.046687187617466708e-01 6.700341931070803447e-01
3.766319972949464228e-03 1.995454257250013630e-02 3.667567384719193635e-01 6.095223989826309419e-01
3.690486597622658592e-03 1.794497526508216298e-02 4.273093557333640935e-01 5.510551824039312541e-01
3.414835533638013731e-03 1.607275966863362313e-02 4.852437811548950819e-01 4.952686236428328614e-01
3.052793108330499779e-03 1.464029016432063027e-02 5.405353458426827018e-01 4.417715708846661760e-01
2.720422062835617470e-03 1.382737985162794947e-02 5.824284035922301372e-01 4.010237944933059406e-01
2.461538055072126641e-03 1.375811212279907415e-02 5.904664470813579813e-01 3.933139027407707711e-01
2.284439866277510750e-03 1.446235298773639912e-02 5.569965508179250957e-01 4.262566563280609233e-01
2.192089015484327726e-03 1.581494323432253157e-02 4.938273667917026377e-01 4.881656009584907085e-01
2.155158128647451966e-03 1.763060458645914624e-02 4.251570030666579902e-01 5.550572342182352736e-01
2.114976025439805826e-03 1.980467441451841393e-02 3.690530375435995269e-01 6.090273120164420018e-01
2.031103915807083195e-03 2.237333220957629307e-02 3.230426147770574241e-01 6.525529490975593427e-01
1.957936693283284044e-03 2.566784853787123719e-02 2.819170965581598853e-01 6.904571182106852278e-01
1.977884793428747682e-03 3.028006809368104929e-02 2.482655668061075904e-01 7.194764803067826842e-01
2.084067507789961766e-03 3.626452337981202201e-02 2.252539009106117596e-01 7.363975082017862883e-01
2.171006885078798510e-03 4.221451416231607190e-02 2.099587462376707181e-01 7.456557327149345715e-01
2.195059259824293230e-03 4.627297371495310563e-02 1.950088538679625727e-01 7.565231131572596190e-01
2.220719159087300963e-03 4.755640106725866900e-02 1.732641049397976585e-01 7.769587748338563360e-01
2.337059092370943197e-03 4.617858828273467553e-02 1.454450781840871953e-01 8.060392744408066967e-01
2.606379613917847362e-03 4.269437318753280947e-02 1.168242211952080778e-01 8.378750260033410724e-01
3.149855411103969459e-03 3.784240384612604091e-02 9.228880598111019462e-02 8.667189347616597317e-01
4.303078016460958576e-03 3.237679194051707593e-02 7.576877375137926196e-02 8.875513562916428345e-01
6.687425332379957205e-03 2.632667048294353232e-02 6.618425913537154259e-02 9.008016450493050442e-01
1.139188654595849753e-02 1.986498849070129219e-02 5.999179725562742149e-02 9.087513277077124974e-01
2.063174513063492990e-02 1.420185141620104730e-02 5.581758553076042462e-02 9.093488179224037404e-01
3.845363771962301280e-02 1.038526994990683627e-02 5.531607575066059546e-02 8.958450165798097498e-01
6.893568005540345878e-02 8.023702860343959881e-03 6.090436120307711476e-02 8.621362558811753729e-01
1.101916101224277716e-01 6.194814204617304747e-03 7.140512417896825725e-02 8.122084514939864608e-01
1.547067437469011320e-01 4.740239964569232904e-03 8.276776036246388801e-02 7.577852559260659371e-01
