5.769246188396031857e-03 1.445095286364796172e-01 7.828003461895176318e-02 7.714411905561726623e-01
2.752965577658016971e-01 5.596808694866242107e-01 7.359264490450738438e-02 9.142992784306656906e-02
3.011803145889230815e-01 5.297742240331987373e-01 7.433614895235075848e-02 9.470931242552756146e-02
3.282345019359566574e-01 4.970867666504326654e-01 7.593801363859802034e-02 9.874071777501262914e-02
3.527365323940394037e-01 4.674195177974529991e-01 7.790035794348039444e-02 1.019435918650271472e-01
3.772369538566816560e-01 4.373996731231352686e-01 8.021267221824832094e-02 1.051507008019346989e-01
4.052494450167763995e-01 4.040495925172055136e-01 8.201050731933824667e-02 1.086904551466796182e-01
4.378550620155469142e-01 3.695039294423784204e-01 8.240605526697719618e-02 1.102349532750974831e-01
4.726868499782365673e-01 3.383196956513974119e-01 8.087178395605447434e-02 1.081216704143116714e-01
5.033051523843664610e-01 3.129591000670401968e-01 7.816976523396697296e-02 1.055659823146261889e-01
5.239113854873680420e-01 2.930972623873968064e-01 7.548792478657705141e-02 1.075034273386579614e-01
5.344388491276702569e-01 2.763991158556326488e-01 7.284034408801084992e-02 1.163216909286862860e-01
5.359108500588181112e-01 2.612632965593726375e-01 6.981089603349456552e-02 1.330149573483144498e-01
5.228282821081425835e-01 2.494238054384871894e-01 6.702107266372343830e-02 1.607268397896469414e-01
4.879921558929834480e-01 2.410787208318886654e-01 6.504928121986267020e-02 2.058798420552651054e-01
4.254432701960614294e-01 2.368970379637782286e-01 6.401129756792811598e-02 2.736483942722324203e-01
3.450336930293826376e-01 2.322072705093329303e-01 6.213010049131365703e-02 3.606289359699708097e-01
2.628621791086670489e-01 2.239674050697547381e-01 5.980095740494765361e-02 4.533694584166302888e-01
1.901992196407086277e-01 2.159668889457486418e-01 5.932403380338346910e-02 5.345098576101591226e-01
1.368392356879541694e-01 2.113561211877018620e-01 5.969999030259321576e-02 5.921046528217505100e-01
1.024355820843420861e-01 2.152146255707902134e-01 5.954462155072102331e-02 6.228051707941466564e-01
8.124766603558390698e-02 2.257978022811787666e-01 5.871085355390701782e-02 6.342436781293301351e-01
6.805042318646599420e-02 2.354696239963661453e-01 5.751340535519321867e-02 6.389665474619747876e-01
5.971945532093677483e-02 2.344929029054620695e-01 5.593583039552146863e-02 6.498518113780794581e-01
5.426636726458988064e-02 2.155067828948810382e-01 5.380001458062329267e-02 6.764268352599058787e-01
5.039852929896702916e-02 1.801414083287695145e-01 5.144673453751472114e-02 7.180133278347485826e-01
4.796044695898370874e-02 1.379901204614178145e-01 5.053863331795595271e-02 7.635107992616423367e-01
4.822624390923347520e-02 9.959617233889815624e-02 5.341895378095975339e-02 7.987586299709084070e-01
5.317052041310536825e-02 7.028395732921795258e-02 6.075801779292973326e-02 8.157875044647469043e-01
6.555722640824369896e-02 4.984258567379035165e-02 7.189516854611679997e-02 8.127050193718492466e-01
8.834575944642233947e-02 3.550159994331558710e-02 8.551500806368306229e-02 7.906376325465791499e-01
1.214522642786172169e-01 2.438110183355367971e-02 9.661750778068946277e-02 7.575491261071395366e-01
1.619536033685006482e-01 1.551653055345294900e-02 9.928308198249881367e-02 7.232467840955475458e-01
2.082678698148864860e-01 9.224194152397831997e-03 9.433533815959167790e-02 6.881725978731243476e-01
2.581793791214487821e-01 5.727526989434161483e-03 8.638447405165297632e-02 6.497086198374644184e-01
3.040371223607845064e-01 3.241321193979538728e-03 7.984191799437205528e-02 6.128796384508637951e-01
3.368557634700245496e-01 2.077140425778641400e-03 7.326731912594351692e-02 5.877997769782532522e-01
3.540013921142506348e-01 1.405101648066978733e-03 6.580657177233192878e-02 5.787869344653502335e-01
3.599661006519098705e-01 1.000444438850028005e-03 5.800134725693568971e-02 5.810321076523045081e-01
3.652092757848960924e-01 7.630007230590731254e-04 5.278256505907992502e-02 5.812451584329650922e-01
3.793556625519656222e-01 6.448513630288955694e-04 5.356896761431063220e-02 5.664305184706946994e-01
4.025737520973516337e-01 6.267189091086318659e-04 6.221076537332934087e-02 5.345887636202104609e-01
4.263397717850818669e-01 6.959563009178654572e-04 7.724129820819577996e-02 4.957229737058045371e-01
4.427922035621085772e-01 8.502799026712872269e-04 9.529961154568621085e-02 4.610579049895339732e-01
4.446923068474584184e-01 1.099895718394544412e-03 1.130960833864227133e-01 4.411117140477244791e-01
4.287883763554712901e-01 1.438784167755479673e-03 1.274799708044199731e-01 4.422928686723529013e-01
4.026051341233307657e-01 1.830711178089382491e-03 1.381726878236669009e-01 4.573914668749125556e-01
3.772629325469648021e-01 2.212262871491293189e-03 1.474887042097673406e-01 4.730361003717768464e-01
3.576818266250883505e-01 2.508089064524547402e-03 1.568162875539967083e-01 4.829937967563902590e-01
3.436379781104643705e-01 2.681701118245873473e-03 1.664001427026857993e-01 4.872801780686036865e-01
3.332281924598708422e-01 2.764646819450666121e-03 1.779817503301137083e-01 4.860254103905649603e-01
3.247644033034869926e-01 2.802259904131536219e-03 1.953097614633228507e-01 4.771235753290586912e-01
3.167915711465403850e-01 2.842975472923616690e-03 2.236074385839035561e-01 4.567580147966321946e-01
3.073729269383964624e-01 2.916992447987597301e-03 2.655261002846493468e-01 4.241839803289666477e-01
2.968912429932192842e-01 3.012824247557071948e-03 3.154466176201710659e-01 3.846493151390523169e-01
2.903429957979197784e-01 3.126641784679498343e-03 3.619924996886579871e-01 3.445378627287429274e-01
2.925282089931420249e-01 3.242232060471842217e-03 3.978742439779843765e-01 3.063553149684016819e-01
3.051614966290070452e-01 3.315179848295325606e-03 4.222697654494961816e-01 2.692535580732013933e-01
3.292062776517022393e-01 3.307829447389561573e-03 4.324689534032670757e-01 2.350169394976410475e-01
3.673674905706251770e-01 3.188970165856999748e-03 4.232081417807285750e-01 2.062353974827892400e-01
4.194985384992531152e-01 2.969246180937002832e-03 3.953234114856796211e-01 1.822088038341302396e-01
4.795935082347214662e-01 3.080057087390355563e-03 3.541326291801906168e-01 1.631938054976977137e-01
5.309594284313283730e-01 2.748549813190686100e-03 3.142673823369198094e-01 1.520246394185615357e-01
5.653025150590822445e-01 2.528845889415536931e-03 2.821317884913948082e-01 1.500368505601074876e-01
5.820883757909075529e-01 2.408304415543553560e-03 2.589771962250829729e-01 1.565261235684658470e-01
5.899175307144943758e-01 2.305928368356556686e-03 2.386723180160729152e-01 1.691042229010761844e-01
5.996709693347122005e-01 1.925387492731745137e-03 2.135749161037848176e-01 1.848287270687712092e-01
6.101367430342973242e-01 1.662463858169020529e-03 1.868233526940402678e-01 2.013774404134930640e-01
6.240456855282531246e-01 1.371810200301389841e-03 1.592586461633516692e-01 2.153238581080940406e-01
6.418613264121478812e-01 1.117902898373862976e-03 1.329516207861328736e-01 2.240691499033453382e-01
6.598773245735356507e-01 9.200503991210068084e-04 1.090392583677739363e-01 2.301633666595693795e-01
6.709421459517602715e-01 9.623736327919933751e-04 8.820338775270661347e-02 2.398920926627411132e-01
9.421240528795465918e-01 2.572297338230822988e-03 3.649226080317637122e-02 1.881138897904639437e-02
4.007156236515131420e-01 1.395423641254084704e-02 4.621302740132326448e-01 1.231998659227133835e-01
3.297621650351511557e-01 1.674150439449628366e-02 5.098744514383447557e-01 1.436218791320078014e-01
2.661119807733459686e-01 1.923011517808954907e-02 5.532680984168155680e-01 1.613898056317493446e-01
2.137218238160984163e-01 2.144459634273248802e-02 5.861752359077093688e-01 1.786583439334595846e-01
1.748299859102644682e-01 2.339695809519506259e-02 6.058719386418468522e-01 1.959011173526936933e-01
1.490762518565448280e-01 2.464226536557046279e-02 6.164977391400715545e-01 2.097837436378130471e-01
1.306009156999372589e-01 2.467993477659674237e-02 6.299841278594185967e-01 2.147350216640477594e-01
1.196386965546099995e-01 2.355774489957941989e-02 6.491860187111435643e-01 2.076175398346669643e-01
1.148837625212801861e-01 2.197078910434044005e-02 6.730668158369603749e-01 1.900786325374192176e-01
1.143551829552344190e-01 2.061093464111703535e-02 6.968117788825860526e-01 1.682221035210624827e-01
1.191983742841138394e-01 1.926839923679245573e-02 7.123389922046414746e-01 1.491942342744523586e-01
1.287768910763401886e-01 1.815962115801349197e-02 7.169948502279336333e-01 1.360686375377126445e-01
1.427281163089159088e-01 1.711196781096376018e-02 7.139488770721640343e-01 1.262110388079563938e-01
1.611876105908973955e-01 1.595387997285050222e-02 7.074560028862456607e-01 1.154025065500063341e-01
1.850237157374994557e-01 1.465398626094604681e-02 6.981651277000116007e-01 1.021571703015428240e-01
2.145364643451616316e-01 1.331516668889358608e-02 6.840076217521408042e-01 8.814074721380393829e-02
2.498201005083150461e-01 1.202447414441411636e-02 6.625145240378138567e-01 7.564090130945703983e-02
2.953325939344040307e-01 1.046767563054238313e-02 6.283705137612829450e-01 6.582921667377071573e-02
3.503175227002064407e-01 9.547776759894818083e-03 5.825967596963541606e-01 5.753794084354423716e-02
4.126511248943203758e-01 8.640928591303720374e-03 5.290518229576781639e-01 4.965612355669787176e-02
4.697868701991722573e-01 7.573140187064217321e-03 4.815348123753921405e-01 4.110517723837130849e-02
5.139477270635579575e-01 6.401039927263748285e-03 4.475548187447043746e-01 3.209641426447389784e-02
5.508785929741488729e-01 5.184987095549558125e-03 4.201623690532386157e-01 2.377405087706281617e-02
5.896264862276842100e-01 3.930541294121811177e-03 3.893710365645563498e-01 1.707193591363777643e-02
6.318012353581509144e-01 2.769946558815866103e-03 3.533652271438733616e-01 1.206359093915948359e-02
6.713949132130908604e-01 1.865156295495871671e-03 3.183439862993256431e-01 8.395944192087763033e-03
7.011226274990852714e-01 1.265025671172791740e-03 2.918353920073356589e-01 5.776954822406501350e-03
7.190383192730942508e-01 9.123135123471672872e-04 2.759966365671333022e-01 4.052730647425221121e-03
7.289003438834947834e-01 7.056281544914817013e-04 2.673867345469588264e-01 3.007293415055177152e-03
7.356311911874289233e-01 5.685490846495001990e-04 2.613847325195507443e-01 2.415527208370805198e-03
7.405437207264111699e-01 4.749175295071672185e-04 2.568248548128378994e-01 2.156506931243612913e-03
7.444342642082351080e-01 4.177684105221979435e-04 2.529934070924670375e-01 2.154560288775694138e-03
7.498182861009217159e-01 3.855430126625537498e-04 2.475108188770488993e-01 2.285352009366843715e-03
7.624827397904452297e-01 3.594892049525161672e-04 2.347905176268865468e-01 2.367253377715620218e-03
7.899415680267678486e-01 3.263260847307718161e-04 2.074339506082989726e-01 2.298155280202563485e-03
8.290603543042592838e-01 2.981939737255665229e-04 1.684862798698320285e-01 2.155171852182833411e-03
8.662328042039519893e-01 2.902198580219988631e-04 1.314026098498519146e-01 2.074366088174425023e-03
8.918190254211016965e-01 2.969869654449465413e-04 1.057628039367980721e-01 2.121183676655321194e-03
9.045971026094524747e-01 3.089517461515820526e-04 9.278465102471032677e-02 2.309294619685576654e-03
9.068259246585435029e-01 3.226459578842822947e-04 9.016209411490300196e-02 2.689335268669030762e-03
9.012300646587253494e-01 3.419567626914602029e-04 9.502138112101016221e-02 3.406597457572763023e-03
8.907597932646419414e-01 3.783584890675432163e-04 1.041475969357464060e-01 4.714251310544172874e-03
8.786002401800123707e-01 4.365853105416239591e-04 1.141651406360993104e-01 6.798033873346764899e-03
8.667179400406895828e-01 5.124905018055454613e-04 1.232529367924371649e-01 9.516632665067513777e-03
8.568301543861278624e-01 6.014294859393591770e-04 1.303282535396502462e-01 1.224016258828278074e-02
8.517899694748229944e-01 6.941333822364561265e-04 1.334934848785059025e-01 1.402241226443472731e-02
8.537787602570890977e-01 7.710059213428752112e-04 1.312799144727042899e-01 1.417031934886375799e-02
8.622394339260108787e-01 8.155955803960472086e-04 1.241377624485176245e-01 1.280720804507532069e-02
8.762100623084917439e-01 8.278598964824399487e-04 1.122768020726509081e-01 1.068527572237527000e-02
8.968090784388007553e-01 8.136889225175310270e-04 9.389821442832591014e-02 8.479018210355699497e-03
9.230679278237190477e-01 7.747331932055362023e-04 6.959717151407393554e-02 6.560167469001457023e-03
9.495612590078441606e-01 6.997877731630311026e-04 4.475719739790738616e-02 4.981755821085312626e-03
9.698100192084613269e-01 7.649809569323452784e-04 2.571684815904243596e-02 3.708151675563812165e-03
9.838299228907501082e-01 5.179412928896313375e-04 1.302577175786186377e-02 2.626364058498473382e-03
9.914034340794507516e-01 3.995122109648340143e-04 6.360091271517267879e-03 1.836962438067026807e-03
9.950760031651741944e-01 3.505783678404091638e-04 3.242832113773050622e-03 1.330586353212382875e-03
9.967669260994116431e-01 3.447390094827525219e-04 1.848567097268151178e-03 1.039767793837539141e-03
9.974165857311350081e-01 3.825783809810942289e-04 1.266120677785087956e-03 9.347152100990248997e-04
9.973568252041011828e-01 4.902496350433014748e-04 1.115424164323452908e-03 1.037500996531823434e-03
9.967211479103600391e-01 6.939733043829522923e-04 1.221471978125197172e-03 1.363406807132015470e-03
9.958369190345452981e-01 9.603823255687144247e-04 1.398236298135100992e-03 1.804462341750829191e-03
9.951148895266418437e-01 1.211910552628553232e-03 1.463636858839568186e-03 2.209563061890062845e-03
9.947088263365982952e-01 1.384892406896158891e-03 1.363924657702703580e-03 2.542356598802664961e-03
9.945002045250700418e-01 1.453724244920976500e-03 1.172267546683623774e-03 2.873803683325234799e-03
9.941716822270419973e-01 1.457029986052784873e-03 1.017016532032635973e-03 3.354271254872667057e-03
9.934609193188115306e-01 1.450848286251782502e-03 9.698984979565171286e-04 4.118333896980099634e-03
9.920442451555073760e-01 1.496599906385582841e-03 1.086370402159620189e-03 5.372784535947613786e-03
9.881170348653347535e-01 1.718858388894111983e-03 2.518664595721845003e-03 7.645442150049352840e-03
9.828674662632560510e-01 2.005418194228596879e-03 3.895393436724617874e-03 1.123172210579103866e-02
9.744944305304403809e-01 2.406075580714647950e-03 6.346429229148112597e-03 1.675306465969673628e-02
9.626914689370279499e-01 2.890015791643532096e-03 1.012453723206809680e-02 2.429397803926054700e-02
4.309643967412080112e-01 5.106411051218433528e-01 4.686468598377378780e-02 1.152981215317477014e-02
3.771876937483674697e-01 1.228377523732239879e-01 4.181821099426365484e-01 8.179244393577199401e-02
3.064582404893665402e-01 1.476618764150652019e-01 4.567425965121367226e-01 8.913728658343131328e-02
2.450610384049359269e-01 1.790778184556627850e-01 4.825349259276153213e-01 9.332621721178589735e-02
1.938997170447075702e-01 2.198118254619874368e-01 4.914725805924795576e-01 9.481587690082564357e-02
1.538873432206925573e-01 2.732990679722117622e-01 4.778973062410142303e-01 9.491628256608129754e-02
1.236098995512223547e-01 3.416799548071686177e-01 4.401726867892661321e-01 9.453745885234281221e-02
9.973218021184654392e-02 4.224363065205307688e-01 3.845397755563287889e-01 9.329173771129424531e-02
7.908894913979941377e-02 5.084037743835889689e-01 3.228846444625472767e-01 8.962263201406443780e-02
6.054019431248718747e-02 5.910425739095224174e-01 2.657658473699210377e-01 8.265138440806961417e-02
4.445718626970279752e-02 6.641062647034116084e-01 2.183503915485879576e-01 7.308615747829780296e-02
3.171964083771809662e-02 7.242012488795236402e-01 1.811683972705161738e-01 6.291071301224218648e-02
2.273873786540255709e-02 7.707633055254113907e-01 1.522712139039471557e-01 5.422674270523909074e-02
1.639894553420268020e-02 8.095960757355704640e-01 1.269093582373515272e-01 4.709562049287521757e-02
1.264859008110479251e-02 8.442676310131248529e-01 1.025581871647036625e-01 4.052559174106656892e-02
1.026644392190789214e-02 8.748322182271610625e-01 8.043631579036482349e-02 3.446502206056612644e-02
8.864531523013885819e-03 8.984247947019921021e-01 6.322708771469975897e-02 2.948358606029439014e-02
7.889362234110460642e-03 9.163512097945922807e-01 5.033787604182858588e-02 2.542155192946873518e-02
6.996555596707914638e-03 9.306897749896625438e-01 4.031051488747771500e-02 2.200315452615175804e-02
6.081779826134310965e-03 9.429445872801820450e-01 3.209478456753190462e-02 1.887884832615184180e-02
5.104743402638111348e-03 9.543235823353218850e-01 2.498514920960587596e-02 1.558652505243424656e-02
4.190765032154244486e-03 9.639811851923923980e-01 1.941147879336968876e-02 1.241657098208344932e-02
3.514464836630207083e-03 9.705895776469757319e-01 1.583255801299375196e-02 1.006339950340024401e-02
3.207562960717196508e-03 9.739378862948798732e-01 1.405641339423135440e-02 8.798137350171634022e-03
3.297350928089074883e-03 9.752669216882724479e-01 1.317343993318250035e-02 8.262287450455992055e-03
3.791254698319243121e-03 9.756453445070975006e-01 1.249926086686536583e-02 8.064139927718040959e-03
4.674050417017395348e-03 9.754549758875246113e-01 1.189984608518151327e-02 7.971127610276516548e-03
5.900261722510400861e-03 9.746385069274802193e-01 1.152706438519715895e-02 7.934166964812264244e-03
7.535075735980586824e-03 9.723283583713526745e-01 1.188152733739066685e-02 8.255038555276364085e-03
9.645919062713528142e-03 9.678635088967649791e-01 1.332993440267690385e-02 9.160637637844719003e-03
1.190822340823032705e-02 9.620480868536015473e-01 1.562551004520008890e-02 1.041817969296822063e-02
1.290296942882959881e-02 9.580490360011827411e-01 1.774262947544445052e-02 1.130536509454331887e-02
1.410396092830018891e-02 9.545328481609675064e-01 1.938597750642090736e-02 1.197721340431157251e-02
1.603311636462267931e-02 9.493451704579993766e-01 2.166524634714893024e-02 1.295646683022887505e-02
2.010602282030526933e-02 9.386180954338326776e-01 2.621308105217564494e-02 1.506280069368638036e-02
2.765038244001543841e-02 9.181422565528338797e-01 3.503955117853273932e-02 1.916780982861778296e-02
3.977664527116332033e-02 8.848121856961178588e-01 5.002697998509866156e-02 2.538418904762057213e-02
5.742912633192562288e-02 8.369999129325280673e-01 7.303901974069015868e-02 3.253194099485604701e-02
7.938587384827153204e-02 7.783099349525638422e-01 1.042768867940703503e-01 3.802730440509440729e-02
1.002409238580838358e-01 7.182726140467896592e-01 1.413906464735452673e-01 4.009581562158125861e-02
1.118803929948087167e-01 6.682262685884903242e-01 1.810855141228792098e-01 3.880782429382161752e-02
1.148615592401889679e-01 6.306491040067619958e-01 2.192439633544588928e-01 3.524537339858979657e-02
1.121324089512940325e-01 6.012733141706282369e-01 2.560808090895174693e-01 3.051346778855994896e-02
1.061183167460865995e-01 5.763854185108042705e-01 2.922045922522918393e-01 2.529167249081723870e-02
9.780315409766834889e-02 5.543928364166376133e-01 3.276941505977296054e-01 2.010985888796441509e-02
8.811282563014832814e-02 5.331896349543823188e-01 3.630345915728401263e-01 1.566294784262922679e-02
7.769858155397425803e-02 5.103570502233207851e-01 3.994467505691526310e-01 1.249761765355249070e-02
6.661644724491910807e-02 4.851060167965905445e-01 4.376827615135978067e-01 1.059477444489290154e-02
5.516920781901641507e-02 4.600185254622407016e-01 4.752596616771785354e-01 9.552605041564408636e-03
4.440707893177468779e-02 4.421076237162770983e-01 5.045720491791962914e-01 8.913248172751781981e-03
3.532439653304580290e-02 4.377491914439100573e-01 5.185430009564263587e-01 8.383411066617626681e-03
2.796398238766384381e-02 4.487163581591246397e-01 5.155168573809647548e-01 7.802802072246783384e-03
2.152855283664677905e-02 4.710048051591909646e-01 5.002329399113035757e-01 7.233702092858544479e-03
1.708920410950648394e-02 5.052036725727354627e-01 4.709003236582682272e-01 6.806799659489911128e-03
1.312204798698958855e-02 5.424809431186174979e-01 4.377294984756970320e-01 6.667510418695750569e-03
9.933416440041637277e-03 5.804682833430617750e-01 4.029042267069691263e-01 6.694073509927345178e-03
7.305306642818571068e-03 6.218393622545269617e-01 3.643800810787929390e-01 6.475250023861679229e-03
5.104265060582056923e-03 6.727196237907666632e-01 3.165250188492509942e-01 5.651092299400128742e-03
3.347744027065219143e-03 7.334326362666664378e-01 2.588764679281183589e-01 4.343151778149956753e-03
2.381470746017935042e-03 7.959286323679868325e-01 1.986700729177436064e-01 3.019823968251637326e-03
1.354290835385761832e-03 8.514751546275793892e-01 1.452309257129598963e-01 1.939628824074927102e-03
8.247609949901351083e-04 8.944843504920955146e-01 1.034523428963438213e-01 1.238545616570478234e-03
5.514299683739327810e-04 9.266367624062745723e-01 7.201868864916449731e-02 7.931189761869114618e-04
3.834906502525457133e-04 9.510156020288642598e-01 4.811206358066721228e-02 4.888437402157320066e-04
4.871188843392154437e-04 9.679678832640853381e-01 3.124197223269211190e-02 3.030256188832869098e-04
1.826714266424169246e-04 9.809944204725212780e-01 1.866128982833034286e-02 1.616182725061560241e-04
7.053915508183572979e-05 9.884354539304778253e-01 1.139784403705983336e-02 9.616287738047640961e-05
3.157304027000575188e-05 9.923771374285328406e-01 7.522589809127326436e-03 6.869972207011878574e-05
1.558948945456160027e-05 9.947142590487625391e-01 5.216639803440135947e-03 5.351165834289586728e-05
7.751435805619459111e-06 9.963236088629963128e-01 3.628000063308552126e-03 4.063963788964936784e-05
3.972576422146358087e-06 9.974050898146774591e-01 2.560522369679773310e-03 3.041523922076172249e-05
2.469350296650526102e-06 9.979803540223275427e-01 1.991503789753819569e-03 2.567283762188474292e-05
3.316370677501349618e-01 2.322438427062943900e-01 1.435252370586458937e-01 2.925938524849249212e-01
1.046963458214508896e-01 3.443541364343470357e-01 1.862608775215120194e-01 3.646886402226899304e-01
1.366171726947298937e-01 2.963246326507977257e-01 1.805243234347076176e-01 3.865338712197645687e-01
1.761081448149268702e-01 2.582589134804114672e-01 1.742407454900192221e-01 3.913921962146423295e-01
2.246900093321426983e-01 2.251059347333403682e-01 1.729012476808315102e-01 3.773028082536851735e-01
2.818480411845698530e-01 1.952401211150391336e-01 1.765588491185962616e-01 3.463529885817950293e-01
3.447390113589185456e-01 1.689831949847467041e-01 1.846481368005900847e-01 3.016296568557444435e-01
4.074116581006811399e-01 1.478488399921746022e-01 1.953955580577881324e-01 2.493439438493559313e-01
4.651814119946314774e-01 1.323341324196853075e-01 2.046083993523136746e-01 1.978760562333693462e-01
5.149565174003133405e-01 1.227544354239614027e-01 2.090667203759253856e-01 1.532223267998000515e-01
5.441046580501776031e-01 1.193620576189757115e-01 2.163997808689557267e-01 1.201335034618907782e-01
5.454730953236663904e-01 1.248422095215649397e-01 2.303333320051201560e-01 9.935136314964856941e-02
5.287047824809564256e-01 1.378599062592675006e-01 2.462873294884894981e-01 8.714798177128653400e-02
5.067853069387479037e-01 1.572294351229827636e-01 2.574523476945189682e-01 7.853291024375012863e-02
4.883095063713131512e-01 1.814755707930219009e-01 2.610756770927142312e-01 6.913924574295082781e-02
4.754476820935549797e-01 2.083416883185902069e-01 2.589159916897361691e-01 5.729463789811865132e-02
4.585707875538432843e-01 2.390017640796797960e-01 2.568677786027131482e-01 4.555966976376354255e-02
4.254179505074016654e-01 2.822534660670585893e-01 2.548919390899774262e-01 3.743664433556235377e-02
3.799373301002572645e-01 3.463683546328236718e-01 2.408948320714753288e-01 3.279948319544390839e-02
3.312763301086776302e-01 4.268961881019903148e-01 2.121047110549950654e-01 2.972277073433696182e-02
2.860646937779058319e-01 5.057790838394655708e-01 1.809542602526932886e-01 2.720196212993498258e-02
2.534203760981131870e-01 5.586907136561101161e-01 1.616313092250192818e-01 2.625760102075749142e-02
2.332870611046994058e-01 5.810588130290524900e-01 1.579933557678280809e-01 2.766077009842006496e-02
2.122820270132662612e-01 5.867219700854043873e-01 1.697095171898142796e-01 3.128648571151532165e-02
1.794927004425965755e-01 5.821133910946876266e-01 2.023008462111665351e-01 3.609306225154916559e-02
1.396266615861528615e-01 5.396060563459114112e-01 2.800231768075853167e-01 4.074410526035061181e-02
1.001363792693898552e-01 4.235627277887241693e-01 4.326100186500378419e-01 4.369087429184833477e-02
6.435631632704695571e-02 2.582361041870861462e-01 6.347101798578220766e-01 4.269739962804509209e-02
3.863047676652939244e-02 1.251362678736777923e-01 7.989387546551064423e-01 3.729450070468642159e-02
2.523533034744116985e-02 5.585833803799059027e-02 8.873764499802594408e-01 3.152988163430887197e-02
2.015986702384483728e-02 2.720911245785850169e-02 9.226910592166557290e-01 2.993996130164110203e-02
1.880447444709871033e-02 1.574556923200732747e-02 9.325879920495190323e-01 3.286196427137482584e-02
1.830179249602381653e-02 1.091313614451853639e-02 9.324479389299045184e-01 3.833713242955320150e-02
1.904096258530698152e-02 8.036748659811663448e-03 9.268790947761983423e-01 4.604319397868318620e-02
2.095515128194561094e-02 6.867589912548044406e-03 9.159359002634920310e-01 5.624135854201434137e-02
2.409764871561424424e-02 6.722894364613788039e-03 9.015565613839716663e-01 6.762289553580042023e-02
2.813372426101400439e-02 7.280597110211250479e-03 8.863175782045814577e-01 7.826810042419336810e-02
3.256483945701728333e-02 8.350144359208170469e-03 8.713386192763223903e-01 8.774639690745202059e-02
3.708575782777800978e-02 9.739542821741928313e-03 8.554610641087679879e-01 9.771363524171208792e-02
4.161619342950465678e-02 1.125311091119229889e-02 8.372601629654261579e-01 1.098705326938769489e-01
4.592762238721675994e-02 1.264879540288070536e-02 8.170197751069611103e-01 1.244038071029415354e-01
4.959303036813775267e-02 1.369102722790627516e-02 7.965855824165910537e-01 1.401303599873647554e-01
5.336480399761352883e-02 1.479933349954143731e-02 7.762647333746619527e-01 1.555711291281829667e-01
5.490612583966363036e-02 1.497116649970597901e-02 7.612432569249657499e-01 1.688794507356644603e-01
5.428717434762266036e-02 1.453930920908188575e-02 7.525853187556500457e-01 1.785881976876454169e-01
5.151595960289541420e-02 1.363722377913640336e-02 7.502236931509383977e-01 1.846231234670298316e-01
4.743902305702274447e-02 1.249922290035077391e-02 7.515321819039038065e-01 1.885295721387227341e-01
4.287306223073185374e-02 1.128374684436367868e-02 7.538008176160670981e-01 1.920423733088370555e-01
3.723609759067101482e-02 9.656355619949801711e-03 7.576046990260364433e-01 1.955028477633425354e-01
3.237882468477729786e-02 8.484519597552041964e-03 7.587735758641764860e-01 2.003630798534940527e-01
2.797435505131676964e-02 7.466792947246114753e-03 7.538612504455153296e-01 2.106976015559215432e-01
2.333239010240342401e-02 6.445567046318303496e-03 7.407993630790591366e-01 2.294226797722191125e-01
1.992504714613294731e-02 5.596636899158497977e-03 7.185814261768105338e-01 2.558968897778982621e-01
1.742999524816390283e-02 4.888580376609000938e-03 6.917200077816945125e-01 2.859614165935328578e-01
1.540676957682718048e-02 4.192957129407888679e-03 6.644027574384809842e-01 3.159975158552841834e-01
1.354753422764637741e-02 3.485164976710450595e-03 6.378225521801375031e-01 3.451447486155055921e-01
1.183000562890284407e-02 2.853272871718240573e-03 6.111285030519278960e-01 3.741882184474507045e-01
1.049997506892610954e-02 2.400608570616327448e-03 5.819902291683021200e-01 4.051091871921554954e-01
1.014387918057557507e-02 2.230563768833346023e-03 5.488474466078591130e-01 4.387781104427316836e-01
1.043354306839619841e-02 2.261381106449064215e-03 5.096589828827271518e-01 4.776460929424277135e-01
1.254398526323177547e-02 2.529578454503436831e-03 4.588548106430841989e-01 5.260716256391801959e-01
1.575588281553749054e-02 2.930351049414974592e-03 4.042704871198843919e-01 5.770432790151631686e-01
2.034413161261489425e-02 3.505687723587256038e-03 3.619295810212977971e-01 6.142205996425003089e-01
2.454809650502040239e-02 4.112559986286236716e-03 3.410924325642538113e-01 6.302469109444397422e-01
2.882133137681096302e-02 4.872425243201708445e-03 3.391907002294927143e-01 6.271155431504948918e-01
3.288457320142522400e-02 5.749535943290895977e-03 3.429854026924286092e-01 6.183804881628555128e-01
3.592024743400312053e-02 6.490301609437371631e-03 3.335420369260777007e-01 6.240474140304814732e-01
3.740809751522734122e-02 6.865955251755572093e-03 3.038712351632542608e-01 6.518547120697627539e-01
3.788213848523478561e-02 6.912043023322981226e-03 2.616677347328257297e-01 6.935380837586166969e-01
3.850155400809852219e-02 6.847057861165904355e-03 2.186624157423354975e-01 7.359889723884003310e-01
4.018996433023281495e-02 6.852313375728685645e-03 1.821126774126450021e-01 7.708450448813936040e-01
4.341459534966736478e-02 6.988398173634800814e-03 1.537465615965070698e-01 7.958504448801906328e-01
8.306594222103162728e-04 9.907275737898418866e-01 4.370989503205947001e-03 4.070777284742220503e-03
8.577598410121054819e-04 9.916511439723102450e-01 3.738762813906600178e-03 3.752333372771128692e-03
8.434142022536736741e-04 9.926692045290678168e-01 3.089617722468808534e-03 3.397763546209684946e-03
7.870378497799013738e-04 9.937105486582865632e-01 2.479435224920937229e-03 3.022978267012463305e-03
7.234735603680753774e-04 9.947532132380901837e-01 1.963265659786167169e-03 2.560047541755395509e-03
6.879259685085426087e-04 9.956997355636492131e-01 1.569192522829852181e-03 2.043145945012370124e-03
7.134750705821128356e-04 9.963091996840039988e-01 1.325388925584176404e-03 1.651936319829696263e-03
8.279215720936977359e-04 9.965101062297616608e-01 1.206672620161649461e-03 1.455299577982890457e-03
1.078328631332676167e-03 9.963455873729576417e-01 1.161512004889033150e-03 1.414571990820827829e-03
1.534265049704112939e-03 9.958626283339688801e-01 1.131175579622001326e-03 1.471931036704997873e-03
2.194037084839679363e-03 9.952263593309023104e-01 1.043769879969673681e-03 1.535833704288217276e-03
3.039541812304372408e-03 9.944321925184657074e-01 9.452222548668921418e-04 1.583043414363019931e-03
4.174111864567906297e-03 9.932926055388067166e-01 9.192501729615445375e-04 1.614032423663598831e-03
5.769508423389574717e-03 9.916564505171886479e-01 9.883025932351607954e-04 1.585738466186588412e-03
7.990586058865156716e-03 9.893604893946593704e-01 1.148544240860510397e-03 1.500380305614811612e-03
1.105162798321722428e-02 9.861524228150486682e-01 1.377536558545276388e-03 1.418412643188885587e-03
1.571921922196435617e-02 9.811814067679854867e-01 1.696296804353782280e-03 1.403077205696462654e-03
2.318585033979527268e-02 9.732232715427503456e-01 2.157482277909888307e-03 1.433395839544555688e-03
3.405138515352074124e-02 9.617682450568492136e-01 2.769612319945075497e-03 1.410757469685021892e-03
4.817042242216647285e-02 9.469793221188629317e-01 3.548089043799667816e-03 1.302166415171054003e-03
6.477488833223994658e-02 9.295039030585084960e-01 4.554823520467667607e-03 1.166385088784044821e-03
8.159769301505874484e-02 9.115364610640946941e-01 5.813895470900023316e-03 1.051950449946345220e-03
9.540166592429003001e-02 8.963300163046996616e-01 7.291826199057996165e-03 9.764915719522020837e-04
5.173594590705756641e-02 1.390935153061996221e-01 6.177836951589329439e-01 1.913868436278099439e-01
4.790220748493875802e-02 1.554001292618319430e-01 6.309740203175344675e-01 1.657236429356947760e-01
4.420377191708035197e-02 1.648993071493963514e-01 6.454610223931809276e-01 1.454358985403420568e-01
4.067208315286050674e-02 1.689564881480215830e-01 6.595130182483610604e-01 1.308584104507568013e-01
3.748040343177374417e-02 1.697762984822397958e-01 6.730598434697311339e-01 1.196834546162551804e-01
3.517048119834510767e-02 1.688121420105836157e-01 6.827221238174605578e-01 1.132952529736106495e-01
3.443870083060905640e-02 1.670154048509870648e-01 6.816098349559710501e-01 1.169360593624327871e-01
3.532639364965639572e-02 1.629927315275018496e-01 6.644471218123065848e-01 1.372337530105346981e-01
3.640952986426251869e-02 1.540155243400232188e-01 6.252228267633365144e-01 1.843521190323779424e-01
3.493501548237517434e-02 1.380093983322531193e-01 5.523947446132518868e-01 2.746608415721193963e-01
2.981937765654063890e-02 1.157924863297482010e-01 4.353364245934767673e-01 4.190517114202340077e-01
2.131678992787397822e-02 8.746001408668409305e-02 2.966286295607322154e-01 5.945945664247093143e-01
1.333163958414331635e-02 6.233164977900666759e-02 1.823465795913508658e-01 7.419901310454992682e-01
8.222350687655914647e-03 4.748336702660239939e-02 1.164865660522837049e-01 8.278077162334582795e-01
5.335938522173468666e-03 4.100368720732931044e-02 8.299113691423674888e-02 8.706692373562604503e-01
3.480238204242290263e-03 3.735133747739478871e-02 6.117605993675834242e-02 8.979923643816044576e-01
2.202120482366800702e-03 3.318540070205439757e-02 4.354890078035886236e-02 9.210635780352202096e-01
1.414287255877213698e-03 2.909150280528498972e-02 3.155954246764255261e-02 9.379346674711953602e-01
9.926396256707526421e-04 2.702245297389398865e-02 2.586301384378476842e-02 9.461218935566504395e-01
7.739656617321588085e-04 2.733071928319781574e-02 2.370714191320016928e-02 9.481881731418697612e-01
6.642445145174077697e-04 2.907425859078377472e-02 2.295994982406603796e-02 9.473015470706329655e-01
6.261762626491976279e-04 3.136514708828964243e-02 2.363226746761593403e-02 9.443764091814452755e-01
6.285337356413723837e-04 3.321687059583174062e-02 2.598527449835587658e-02 9.401693211701709352e-01
6.578433592894047293e-04 3.406969654887027910e-02 3.048589442223664792e-02 9.347865656696036085e-01
7.113322126365467834e-04 3.447596250346673247e-02 3.762599266058107988e-02 9.271867126233154233e-01
7.750850883207019990e-04 3.504090679791446727e-02 4.725974003003748786e-02 9.169242680837272896e-01
8.428941198256216039e-04 3.550947058728890632e-02 6.150146883057307223e-02 9.021461664623122712e-01
9.220997051601341780e-04 3.503195013513746292e-02 8.837587641137581440e-02 8.756700737483263941e-01
1.049285766712803117e-03 3.319319966764704144e-02 1.438029598754576310e-01 8.219545546901825261e-01
1.331196896989101687e-03 3.056847936140818373e-02 2.559887532525952358e-01 7.121115704890076392e-01
1.775003634923570574e-03 2.689929016520786059e-02 4.527692613043536873e-01 5.185564448955147787e-01
2.094977887102614494e-03 2.103371840681741295e-02 6.798031130014751122e-01 2.970681907046047732e-01
2.335053038825653758e-03 1.510415162617745853e-02 8.311035680156489969e-01 1.514572273193477425e-01
2.309659310008824965e-03 1.082499946612863230e-02 9.017955462197909666e-01 8.506979500407166328e-02
2.666494613954421746e-03 9.159280932548719348e-03 9.301107883217996086e-01 5.806343613169723250e-02
3.291300742660839551e-03 8.720528254643903146e-03 9.409322608256147635e-01 4.705591017708067592e-02
4.209426684960371028e-03 9.176780490884425823e-03 9.437977995973308998e-01 4.281599322682454883e-02
6.069192893287960258e-03 1.037611205522090754e-02 9.411745292308025812e-01 4.238016582068856314e-02
7.713973807404585735e-03 1.188585621596106173e-02 9.352613150041921841e-01 4.513885497244213285e-02
9.495650642533994337e-03 1.350020973693395743e-02 9.256567586676047732e-01 5.134738095292702004e-02
1.147025339205712605e-02 1.514700872594150483e-02 9.126024659211170453e-01 6.078027196088459094e-02
1.351342011181074637e-02 1.668578276507506550e-02 8.974664389564704914e-01 7.233435816664360307e-02
1.530004084474010685e-02 1.798264371182622251e-02 8.812032823638831225e-01 8.551403307955068867e-02
1.643582620733783500e-02 1.897881674672794935e-02 8.636568510727454795e-01 1.009285059731891560e-01
1.671382502160387654e-02 1.971047154327575449e-02 8.422155896678312770e-01 1.213601137672887659e-01
1.609314015259498062e-02 2.018701532225159259e-02 8.126215980259624549e-01 1.510982464991913465e-01
1.474868187936568056e-02 2.042070561917183266e-02 7.704221669721571519e-01 1.944084455293056957e-01
1.304769515816641898e-02 2.039687997351576423e-02 7.132721139921770481e-01 2.532833108761409213e-01
1.122150093846858640e-02 1.992034613083794314e-02 6.435561354126133615e-01 3.253020175180802998e-01
9.280646573119532769e-03 1.880853160995038867e-02 5.667605727746382049e-01 4.051502490422919101e-01
7.255510064441872582e-03 1.720553220461865443e-02 4.893601529343272194e-01 4.861788047966121296e-01
5.273525301657630560e-03 1.543895669562519307e-02 4.177587516544654100e-01 5.615287663482519953e-01
3.594949006114162189e-03 1.382793053565780847e-02 3.577386900800614278e-01 6.248384303781665539e-01
2.459274497156652660e-03 1.273629755823785237e-02 3.167519529359899555e-01 6.680524750086153096e-01
1.812430954373371204e-03 1.228309089735276673e-02 2.951075017744848039e-01 6.907969763737886737e-01
1.479114521501706525e-03 1.230075521823321971e-02 2.837593593851035489e-01 7.024607708751613444e-01
1.341636984340870099e-03 1.269568130275310763e-02 2.812796144865526426e-01 7.046830672263533213e-01
1.313265723531944736e-03 1.330664707822652552e-02 2.912153082775719160e-01 6.941647789206695229e-01
1.331006430581055649e-03 1.381653669440692338e-02 3.118630517917718170e-01 6.729894050832403440e-01
1.364958231582233741e-03 1.399497782945951022e-02 3.387706251367585408e-01 6.458694388022000465e-01
1.424520029667474073e-03 1.387186616343255921e-02 3.692354547364053996e-01 6.154681590704947913e-01
1.507468795761280527e-03 1.355345214221080272e-02 4.007582550792248011e-01 5.841808239828031324e-01
1.576958741579631952e-03 1.317089592065484940e-02 4.330333245707999046e-01 5.522188207669659343e-01
1.603515308600946682e-03 1.289928163632095455e-02 4.699551330051189857e-01 5.155420700499591113e-01
1.597464988358293691e-03 1.290159746558498799e-02 5.146225993804098842e-01 4.708783381656466149e-01
1.591876521200312174e-03 1.319940877370148757e-02 5.570509294350973750e-01 4.281577852700010900e-01
1.607664542803319838e-03 1.376993149069376081e-02 5.736383261304038861e-01 4.109840778360991931e-01
1.655772453249165213e-03 1.466707861320532859e-02 5.523682198863336668e-01 4.313089290472116866e-01
1.747657391763628165e-03 1.589581057514039344e-02 5.010447500326967729e-01 4.813117820003995351e-01
1.865962675734161207e-03 1.741378893386796509e-02 4.409183741850812299e-01 5.398018742053165564e-01
1.962194950141617298e-03 1.924484850654424942e-02 3.903069613117160497e-01 5.884859952315978360e-01
2.004113637592587309e-03 2.141543918516773670e-02 3.486840759183649774e-01 6.278963712588748747e-01
2.044212340999289682e-03 2.407178855514916643e-02 3.114489426490287260e-01 6.624350564548225906e-01
2.167796597267367554e-03 2.751709922773830710e-02 2.815379397885390822e-01 6.887771643864550875e-01
2.379997443483819128e-03 3.170904417216682813e-02 2.638255910379141977e-01 7.020853673464347855e-01
2.580353567016227447e-03 3.565488853834080513e-02 2.566299355549984118e-01 7.051348223396446402e-01
2.717336175709509759e-03 3.809787104106706485e-02 2.515026268771142770e-01 7.076821659061089953e-01
2.847798471458229137e-03 3.848204587274357130e-02 2.384471069288150447e-01 7.202230487269832837e-01
3.069083871534239102e-03 3.700822362175253816e-02 2.169453850076392964e-01 7.429773074990737580e-01
3.453072268168637642e-03 3.414810792257787914e-02 1.920166813823399876e-01 7.703821384269134986e-01
4.133591583534435877e-03 3.039884004308727669e-02 1.680047880940989946e-01 7.974627802792794151e-01
5.485403344835796877e-03 2.636864033251654776e-02 1.505717783836564294e-01 8.175741779389913422e-01
8.114697012602988674e-03 2.219329619599739664e-02 1.404299322943856621e-01 8.292620744970139457e-01
1.283426373392807657e-02 1.787172614496131476e-02 1.343025248441837571e-01 8.349914852769267926e-01
2.100396936398570696e-02 1.382802670905203431e-02 1.319435761922877481e-01 8.332244277346745331e-01
3.533742385142418091e-02 1.053044326874884307e-02 1.375285015268315758e-01 8.166036313529952961e-01
5.989779480808334056e-02 8.039757137950284682e-03 1.559095782062135949e-01 7.761528698477530019e-01
9.532967203523028121e-02 6.111630845509830393e-03 1.869240127386251060e-01 7.116346843806342637e-01
1.395579652241165924e-01 4.799735182086306388e-03 2.195115788854360983e-01 6.361307207083605197e-01
