1.353051334577934535e-02 9.416747095384313260e-02 3.304709503250076452e-02 8.592549206678764540e-01
3.274670753983610072e-01 4.065674378795163246e-01 1.646457760417270599e-01 1.013197106803957054e-01
3.554210732395347017e-01 3.736069724051750973e-01 1.656408040428661299e-01 1.053311503124240434e-01
3.849733517501937596e-01 3.393419811850241774e-01 1.678567214902315363e-01 1.078279455745506793e-01
4.082738389435874860e-01 3.108576462789832684e-01 1.722662287186355057e-01 1.086022860587940730e-01
4.319760300137400755e-01 2.818542974797667577e-01 1.778109212846830933e-01 1.083587512218099208e-01
4.604934361565918843e-01 2.497973075300853052e-01 1.823326871004242455e-01 1.073765692128986204e-01
4.949689426660884850e-01 2.172185017725034306e-01 1.836053009738989883e-01 1.042072545875090961e-01
5.362852311623439450e-01 1.859276959414826458e-01 1.798374258025628447e-01 9.794964709361035637e-02
5.772404862073344800e-01 1.588835696339631898e-01 1.721737264630269215e-01 9.170221769567550585e-02
6.125909843346156736e-01 1.354197590379222493e-01 1.622209479900910134e-01 8.976830863737131350e-02
6.399558477695834746e-01 1.155953252281962940e-01 1.499133551477239423e-01 9.453547185449596990e-02
6.564540786584553977e-01 9.952226641988405620e-02 1.364370035895775823e-01 1.075866513320827555e-01
6.604735930643269581e-01 8.654642627948519462e-02 1.206774283994446612e-01 1.323025522567432277e-01
6.350224222476961167e-01 7.952453108500702472e-02 1.082681650400341700e-01 1.771848816272626748e-01
5.761202174781212548e-01 7.694890579467000835e-02 9.699053489684103524e-02 2.499403418303674518e-01
4.878774140158463890e-01 7.689724610262123339e-02 8.513992151412201614e-02 3.500854183674105835e-01
3.822860967402088583e-01 7.887530206410567346e-02 7.423055520643039029e-02 4.646080459892552028e-01
2.801498807630184995e-01 8.262117316274202039e-02 6.560810872255193327e-02 5.716208373516874497e-01
1.996105182838099068e-01 8.806429413453760457e-02 5.871284237572927528e-02 6.536123452059233729e-01
1.449319506879378217e-01 9.610801229971134563e-02 5.295619533751153712e-02 7.060038416748393164e-01
1.093396545506023221e-01 1.062697902215141155e-01 4.852287831209858154e-02 7.358676769157850295e-01
8.550077448916386380e-02 1.150862781113642652e-01 4.511454183953506752e-02 7.542984055599372128e-01
6.849131571997274515e-02 1.168305340824361549e-01 4.177344985446332370e-02 7.729047003431277485e-01
5.510655589752097572e-02 1.070556537078807685e-01 3.758164588327027322e-02 8.002561445113279825e-01
4.382263328170270950e-02 8.722427160536201651e-02 3.247322143371765557e-02 8.364798736792177225e-01
3.473510023948522124e-02 6.364672609778852796e-02 2.753180227628787211e-02 8.740863713864382989e-01
2.883315751501250648e-02 4.278945785539896296e-02 2.404740967416290828e-02 9.043299749554256639e-01
2.679510763822028421e-02 2.752212192574344726e-02 2.230985198761440899e-02 9.233729184484225083e-01
2.903795435932956040e-02 1.750686048824240393e-02 2.212419638253091889e-02 9.313309887698970613e-01
3.591390711867643165e-02 1.122845280532530285e-02 2.314709622326424285e-02 9.297105438527342169e-01
4.672302723139711705e-02 7.125220045014285519e-03 2.391737331395824701e-02 9.222343794096303782e-01
5.967761251451819682e-02 4.202136674873358131e-03 2.334814942506808697e-02 9.127721013855403243e-01
7.494553653992006015e-02 2.466635077132348260e-03 2.044378578367480812e-02 9.021440425992727219e-01
9.191136262436287729e-02 1.463467734971983427e-03 1.793579427622173095e-02 8.886893753644434790e-01
1.090794871649194558e-01 9.374574304605799886e-04 1.643942624658744495e-02 8.735436291580324086e-01
1.230272508367530881e-01 6.642633005163045556e-04 1.552722155044241291e-02 8.607812643122884078e-01
1.303251285029307927e-01 5.051535739551228426e-04 1.452414886361598836e-02 8.546455690594980670e-01
1.299975883894788076e-01 3.998951220268686367e-04 1.340996360503121133e-02 8.561925528834634092e-01
1.256443935017097779e-01 3.336326072010579818e-04 1.295775274492144691e-02 8.610642211461676521e-01
1.226414113886255958e-01 3.110867483555155460e-04 1.433926137862560554e-02 8.627082404843933183e-01
1.241647732206218741e-01 3.509167986306284794e-04 1.884568654430765836e-02 8.566386234364397056e-01
1.299885789462642272e-01 4.821714075396189023e-04 2.714048073753409784e-02 8.423887689086619890e-01
1.382860899762798634e-01 7.282610631103367390e-04 3.858612309786822736e-02 8.223995258627413429e-01
1.454198234956944336e-01 4.626652598973512152e-04 5.138043489531193136e-02 8.027370763490960792e-01
1.472550088040339433e-01 6.132093267709214958e-04 6.239734207848013359e-02 7.897344397907152258e-01
1.454582041412103288e-01 7.950500852899301200e-04 7.243981285374792578e-02 7.813069329197520618e-01
1.439211871544677779e-01 9.926547232728510483e-04 8.343971306740703697e-02 7.716464450548523590e-01
1.423571646918490585e-01 1.170556063401551918e-03 9.573978737144211992e-02 7.607324918733073815e-01
1.387324611405494346e-01 1.295097447676755520e-03 1.082022178269065327e-01 7.517702235848674475e-01
1.328642685366720477e-01 1.372365780853641035e-03 1.211806119838507861e-01 7.445827536986233675e-01
1.261089785266005237e-01 1.428843563691999281e-03 1.374084418096473414e-01 7.350537361000598624e-01
1.193895907108160764e-01 1.464814434030772957e-03 1.625183063943389516e-01 7.166272884608141380e-01
1.164431936095279424e-01 1.590439142930731185e-03 1.972680294461133799e-01 6.846983378014281918e-01
1.179833432811866617e-01 1.785009923347335601e-03 2.387356702977363743e-01 6.414959764977296031e-01
1.262066330900284694e-01 2.054241947773521610e-03 2.797715496718699013e-01 5.919675752903276189e-01
1.417223751524451236e-01 2.378353380658638442e-03 3.165404227186418562e-01 5.393588487482544602e-01
1.635477000826775773e-01 2.703165518881265640e-03 3.485076123389699854e-01 4.852415220594710754e-01
1.921123063091453032e-01 2.982548737205535563e-03 3.712578455050006832e-01 4.336472994486484378e-01
2.322249598621256850e-01 3.216388254510130565e-03 3.760146085062553434e-01 3.885440433771087387e-01
2.847649060911149332e-01 3.339897045280139538e-03 3.630397618203728971e-01 3.488554350432320761e-01
3.474195041706300557e-01 3.385137548120159372e-03 3.339791890693865062e-01 3.152161692118632397e-01
4.087355483446571958e-01 3.347017683705291041e-03 2.968789412709438302e-01 2.910384927006942068e-01
4.584273660862102640e-01 3.235537025881844546e-03 2.614267797176407226e-01 2.769103171702669841e-01
4.941573214649332968e-01 3.040751483094848370e-03 2.320391231346947691e-01 2.707628039172773060e-01
5.200397952918934807e-01 2.738495982518841972e-03 2.065934883351056295e-01 2.706282203904822881e-01
5.401268946908087676e-01 2.328854529284005073e-03 1.824484876076003237e-01 2.750957631723065511e-01
5.562756160558047780e-01 1.856936653396375854e-03 1.596189867393930095e-01 2.822484605514057887e-01
5.710292378938452984e-01 1.410425373253000646e-03 1.388073790121720497e-01 2.887529577207296194e-01
5.868607994751200430e-01 1.058498277333839218e-03 1.201142730078771786e-01 2.919664292396687566e-01
6.010901825930436981e-01 1.150562004523006041e-03 1.038018455535634904e-01 2.939574098488699216e-01
6.118389140956399519e-01 9.218898197423816771e-04 8.777591297728291886e-02 2.994632831073349433e-01
9.469761643381443550e-01 2.278995792312944659e-03 2.953267056062372151e-02 2.121216930891943811e-02
4.019717563924883330e-01 1.557569084506133829e-02 5.156777873215018237e-01 6.677476544094874955e-02
3.530871923187663963e-01 2.022224336944240114e-02 5.681101341262417836e-01 5.858043018554950909e-02
3.091520197351867449e-01 2.617311770174656285e-02 6.125447225494322634e-01 5.213014001363446004e-02
2.751283246523537618e-01 3.365035681666196654e-02 6.408114476012731764e-01 5.040987092971103978e-02
2.530996945280283850e-01 4.233178157402298081e-02 6.507348943401302099e-01 5.383362955781823694e-02
2.400587973391160590e-01 5.043410397013119162e-02 6.484331944305152806e-01 6.107390426023720509e-02
2.325021853171808650e-01 5.507273218874789850e-02 6.427123142322201943e-01 6.971276826185092423e-02
2.282223425801266914e-01 5.509131216889549126e-02 6.391546695578613768e-01 7.753167569311616991e-02
2.277833058312934977e-01 5.255632712311116006e-02 6.358224329661992247e-01 8.383793407939618691e-02
2.345560858165058327e-01 4.973542655179831462e-02 6.263759741260410685e-01 8.933251350565458992e-02
2.518693742639165345e-01 4.711839359462602350e-02 6.053656282490295082e-01 9.564660389242812810e-02
2.803115334712855677e-01 4.430757273192152679e-02 5.713753143573535587e-01 1.040055794394393329e-01
3.176033050031302762e-01 4.087827811346941148e-02 5.286374485566861514e-01 1.128809683267140707e-01
3.621124336735926375e-01 3.686260041936376824e-02 4.826762307814957964e-01 1.183487351255479991e-01
4.145747827974633481e-01 3.257709613141519106e-02 4.362311262211827079e-01 1.166169948499384823e-01
4.748893642077855470e-01 2.831754315362229948e-02 3.894976531314080503e-01 1.072954395071840650e-01
5.420079884227485545e-01 2.418683383132780654e-02 3.399635171704237235e-01 9.384166057549987727e-02
6.168231837768667347e-01 1.994994495984184560e-02 2.834203426839044249e-01 7.980652857938703992e-02
6.884850236664076251e-01 1.640914982743877162e-02 2.277106915498935957e-01 6.739513495625978901e-02
7.478566078227586456e-01 1.343391161526348056e-02 1.815832574071903072e-01 5.712622315478761703e-02
7.885725135674886976e-01 1.112974156767145353e-02 1.516954870973931946e-01 4.860225776744646342e-02
8.132105950971172392e-01 9.418335534914796386e-03 1.366516755025474483e-01 4.071939386542035300e-02
8.317289281298075876e-01 7.912642816785782351e-03 1.279967713501033999e-01 3.236165770330325098e-02
8.532458820746720018e-01 6.222874603204498270e-03 1.166845996671445757e-01 2.384664365497921046e-02
8.777159020212439433e-01 4.490970374389559663e-03 1.013539684086162684e-01 1.643915919575040727e-02
8.985275086512620746e-01 3.084136731641075758e-03 8.751082102762816617e-02 1.087753358946889903e-02
9.110492176742841508e-01 2.147008377671329703e-03 7.971111838670026650e-02 7.092655561344267737e-03
9.153037378585169304e-01 1.605588188047405145e-03 7.834685162068023845e-02 4.743822332755367500e-03
9.139559209595481404e-01 1.294454574558965730e-03 8.134177471576325980e-02 3.407849750129890182e-03
9.101220416954892700e-01 1.075921254201534904e-03 8.609013294317645337e-02 2.711904107133019260e-03
9.050011979709842169e-01 8.994822693461124218e-04 9.164559508263198095e-02 2.453724677037584425e-03
8.986541403964467545e-01 7.654673317204126757e-04 9.806478634396623151e-02 2.515605927866329528e-03
8.917001391478571737e-01 6.714882849347364284e-04 1.048716119679149322e-01 2.756760599293109088e-03
8.875703488859462142e-01 5.965917270672846818e-04 1.088547358218576178e-01 2.978323565128609442e-03
8.920008526528793169e-01 5.214210742647245721e-04 1.044357491400193655e-01 3.041977132836573734e-03
9.050405980338027678e-01 4.488146813714906586e-04 9.151744186045975005e-02 2.993145424366119509e-03
9.201269409371689578e-01 3.875100075690160874e-04 7.653213855745698291e-02 2.953410497804982195e-03
9.312796063992599960e-01 3.389610219637372891e-04 6.537559483795175874e-02 3.005837740824507994e-03
9.361320762519989014e-01 3.030606239418661796e-04 6.037491207294319595e-02 3.189951051116146370e-03
9.352891224591644015e-01 2.764276311874186713e-04 6.091252570850769904e-02 3.521924201140391730e-03
9.303115729843915993e-01 2.578659755245972171e-04 6.540855690826745394e-02 4.022004131816385095e-03
9.220704537216208863e-01 2.528229504293637775e-04 7.293279814464456723e-02 4.743925183305441537e-03
9.112492206512612380e-01 2.625279164897426879e-04 8.284416206824321560e-02 5.644089364005865084e-03
8.982100306695742775e-01 2.845334643532287282e-04 9.496557463757569761e-02 6.539861228496914210e-03
8.830387388265450443e-01 3.189164605522516976e-04 1.094169679454821686e-01 7.225376767420404502e-03
8.670780969145293060e-01 3.641685703819864885e-04 1.250212304134079300e-01 7.536504101680730101e-03
8.526738464435154041e-01 4.124289758130670171e-04 1.395195905432409789e-01 7.394134037430839801e-03
8.414891978915848281e-01 4.548120890872758273e-04 1.511760632934703308e-01 6.879926725857632430e-03
8.365305058362415558e-01 4.864102943096484293e-04 1.568162015320790359e-01 6.166882337369568312e-03
8.458459137838852948e-01 4.999762952310064833e-04 1.482736694028543023e-01 5.380440518029317581e-03
8.746456830825762863e-01 4.890627188295579037e-04 1.202423068873077205e-01 4.622947311286683576e-03
9.147756792488581645e-01 4.468199852651550449e-04 8.089450961694986952e-02 3.882991148926860561e-03
9.508027143680816140e-01 3.764776196370820489e-04 4.572350119398282953e-02 3.097306818298549771e-03
9.742408251960036347e-01 4.433344180167165453e-04 2.300931072131344110e-02 2.306529664666002663e-03
9.875153212832701310e-01 2.591055795558895873e-04 1.063150029884561698e-02 1.594072838328236454e-03
9.935094429851654141e-01 1.966518502995612012e-04 5.185940776411439475e-03 1.107964388123771965e-03
9.961362301470437774e-01 1.752996026598727878e-04 2.874421761996966227e-03 8.140484882992586081e-04
9.972316311309921133e-01 1.775133079843349679e-04 1.914050247810145924e-03 6.768053132133832308e-04
9.975177637007368592e-01 2.078823003084223349e-04 1.589294943640362674e-03 6.850590553145313993e-04
9.973422491156707093e-01 2.698047947130497695e-04 1.569289735807635712e-03 8.186563538083993161e-04
9.970853406291164678e-01 3.408089197829352614e-04 1.579613399076795375e-03 9.942370520237930713e-04
9.970309347601274963e-01 3.915190056939496011e-04 1.450913298845839423e-03 1.126632935332914877e-03
9.971676999135566932e-01 4.150128500686555257e-04 1.199472765122723897e-03 1.217814471251999452e-03
9.973277603131417424e-01 4.209512507007042575e-04 9.244441515763628580e-04 1.326844284581128177e-03
9.972986902871412429e-01 4.289961313558669494e-04 7.258753758722177483e-04 1.546438205630932877e-03
9.969298577425755870e-01 4.537159600223153216e-04 6.343300163272900041e-04 1.982096281074858298e-03
9.959744511008838952e-01 5.118024847008069466e-04 6.599004107038394752e-04 2.853846003711281876e-03
9.938885600757247918e-01 6.267911516243044982e-04 8.394767963983854140e-04 4.645171976252628239e-03
9.896347063727845006e-01 8.264171254279565129e-04 1.268422517117176072e-03 8.270453984670224357e-03
9.805929489588285364e-01 1.124786646532445001e-03 3.173439699336148140e-03 1.510882469530263131e-02
9.667304562254829259e-01 1.495232104924295582e-03 5.040625912790234857e-03 2.673368575680248882e-02
4.985101224139402154e-01 4.301342620666742111e-01 6.346169488987027374e-02 7.893920629515389920e-03
4.288739574625725082e-01 1.593705476259693610e-01 3.382156792521171518e-01 7.353981565934107623e-02
3.586523959230447089e-01 1.931323911604653498e-01 3.710143326703832511e-01 7.720088024610682886e-02
2.947586484024369846e-01 2.361732807833239745e-01 3.913003708745528830e-01 7.776769993968597749e-02
2.396938417112717268e-01 2.912704154331299256e-01 3.930673344043182360e-01 7.596840845128025044e-02
1.952301460565758484e-01 3.605108416387555192e-01 3.716074983756887939e-01 7.265151392897997717e-02
1.606072117386974363e-01 4.439132405259012537e-01 3.276132368142620765e-01 6.786631092113891428e-02
1.326803442898350505e-01 5.363477687146829265e-01 2.697210810742882714e-01 6.125080592119392514e-02
1.086981674095785083e-01 6.278967955417648072e-01 2.105580377861646368e-01 5.284699926249225577e-02
8.629253384656483672e-02 7.091097083740438567e-01 1.609634005632487597e-01 4.363435721614235263e-02
6.757821995743595878e-02 7.731497797669970584e-01 1.242454095462348085e-01 3.502659072933245882e-02
5.289809496585081566e-02 8.192962705985105121e-01 9.974369958372432399e-02 2.806193485191440032e-02
4.260104150272114865e-02 8.497127419714122221e-01 8.445041092286270645e-02 2.323580560300382916e-02
3.570859860392511936e-02 8.704214216487706768e-01 7.391584096278695781e-02 1.995413878451713502e-02
3.090138464830482351e-02 8.871090219043921143e-01 6.472121242884890102e-02 1.726838101845418194e-02
2.768643674541049551e-02 9.006736570653843810e-01 5.667858088160155489e-02 1.496132530760383925e-02
2.583329882968807625e-02 9.101346058030326258e-01 5.082480828703112713e-02 1.320728708024851601e-02
2.445625144939492582e-02 9.174122126895261076e-01 4.626188072718651761e-02 1.186965513389264676e-02
2.288134153827809172e-02 9.243650052389972283e-01 4.193881851568276309e-02 1.081483470704160815e-02
2.095578838187110368e-02 9.315922459030789859e-01 3.752960624970846232e-02 9.922359465341286724e-03
1.862405305155890103e-02 9.394555188453010963e-01 3.296362415489800107e-02 8.956803948242072697e-03
1.700243593242964368e-02 9.454744423293244271e-01 2.946448414300225499e-02 8.058637595243707194e-03
1.476519206926218963e-02 9.497505017794480864e-01 2.815850182675884786e-02 7.325804324530831892e-03
1.342229543047762305e-02 9.498905923650091676e-01 2.962925439233532465e-02 7.057857812177927188e-03
1.321137525015067538e-02 9.468131943978986831e-01 3.280068709780209479e-02 7.174743254148602256e-03
1.401534417939391888e-02 9.425947957134245270e-01 3.587762767014567727e-02 7.512232437036046005e-03
1.528811282244119975e-02 9.394418471271611670e-01 3.740119741172828055e-02 7.868842638669340528e-03
1.643939844829949218e-02 9.383613504224673774e-01 3.704520619511963986e-02 8.154044934113358761e-03
1.753374930286983810e-02 9.372962046475596942e-01 3.644282260884321167e-02 8.727223440727181411e-03
1.884699551908185222e-02 9.338683192536876287e-01 3.727646986939446572e-02 1.000821535783579831e-02
1.996895767641091932e-02 9.289136302722791338e-01 3.919006406270084120e-02 1.192734798860906401e-02
1.992234441125115274e-02 9.268678977845015154e-01 3.955027287310715345e-02 1.365948493114021653e-02
1.897660687085154368e-02 9.282999592647191989e-01 3.792553953736898381e-02 1.479789432706011057e-02
1.849133153552826037e-02 9.288706667121041649e-01 3.670374583759119375e-02 1.593425591477612424e-02
1.909283642381107843e-02 9.243172638924141982e-01 3.844258606721715626e-02 1.814731361655764347e-02
2.264480304871858279e-02 9.104977894937730243e-01 4.417529701542032700e-02 2.268211044208801735e-02
2.898673319320833885e-02 8.875165065810159959e-01 5.397042137262282602e-02 2.952633885315280801e-02
3.842827299356261356e-02 8.574414471152363992e-01 6.707728793125297684e-02 3.705299195994801037e-02
5.062406432364952719e-02 8.252883563393311750e-01 8.189304052444693061e-02 4.219453881257218680e-02
6.371511186547919314e-02 7.958074752326785850e-01 9.713442900066687757e-02 4.334298390117521937e-02
7.557789365547454286e-02 7.719452209041132162e-01 1.111841879427824809e-01 4.129269749762955882e-02
8.406172116886305445e-02 7.534914317249895577e-01 1.251497512139070345e-01 3.729709589224046440e-02
9.181225504847977115e-02 7.348721658518654332e-01 1.408524360777169693e-01 3.246314302193736151e-02
9.762945000224522440e-02 7.155276149952718434e-01 1.598320396302594371e-01 2.701089537222370676e-02
9.975889110960473039e-02 6.962190629327703606e-01 1.826292731326465135e-01 2.139277282497846142e-02
9.808991782215620292e-02 6.760742098710993409e-01 2.092381894311905743e-01 1.659768287555419067e-02
9.412126608306344011e-02 6.516117627362383313e-01 2.409129743644935484e-01 1.335399681620437831e-02
8.850588054754102152e-02 6.216042352926416381e-01 2.783422028936654580e-01 1.154768126615214954e-02
8.112165648295213694e-02 5.892690832825614455e-01 3.189735385915176691e-01 1.063572164296838068e-02
7.254499098170599791e-02 5.613255802936647498e-01 3.560178407580120163e-01 1.011158796661706764e-02
6.366946189912421616e-02 5.443831683215026862e-01 3.822581885683997704e-01 9.689181210973679334e-03
5.465010740810601064e-02 5.421077069633754020e-01 3.940167274930905239e-01 9.225458135428259501e-03
4.565210792925229744e-02 5.532657741832871512e-01 3.923129896615030199e-01 8.769128225957378842e-03
3.723032204245228100e-02 5.748602157329910645e-01 3.794233538944370987e-01 8.486108330119758805e-03
2.972519554992182969e-02 6.029958157604300428e-01 3.588371789525104383e-01 8.441809737137326644e-03
2.322791472404447249e-02 6.346343101319235069e-01 3.336596743619292260e-01 8.478100782102862207e-03
1.755919692952278427e-02 6.730370988234701812e-01 3.012630940560945825e-01 8.140610190912398250e-03
1.260469809635620005e-02 7.233531953496662448e-01 2.569766436981473223e-01 7.065462855829877237e-03
8.039258403537611827e-03 7.848393364370898073e-01 2.017554492420978451e-01 5.365955917274465095e-03
5.074926428016800391e-03 8.473919965409331123e-01 1.438725256628671789e-01 3.660551368182964321e-03
3.132328805980200744e-03 8.997271064493584936e-01 9.482096248754355583e-02 2.319602257117765482e-03
2.009409669487540687e-03 9.358776293043490346e-01 6.064812111299713870e-02 1.464839913166661543e-03
1.377997836454680205e-03 9.585613971759245899e-01 3.910806982506106338e-02 9.525351625593121620e-04
9.786300340261860301e-04 9.729909486368468752e-01 2.541174740574826327e-02 6.186739233786199077e-04
6.891049507703992131e-04 9.825659926730554439e-01 1.635572990828504034e-02 3.891724678892228835e-04
6.529186522202084229e-05 9.891041125534967282e-01 1.062473886390476185e-02 2.058567173766644219e-04
3.111888915639200384e-05 9.925733024913754310e-01 7.255940038307148905e-03 1.396385811610526928e-04
1.828442093695625736e-05 9.943740535378564616e-01 5.495036818736015634e-03 1.126252224703457342e-04
1.186705755771213315e-05 9.955316276594033953e-01 4.358702532094216667e-03 9.780275094476326451e-05
7.300561931707812181e-06 9.965607888812725301e-01 3.349964072804587859e-03 8.194648399121852661e-05
4.218325718908572676e-06 9.974549587500954884e-01 2.474186322945816537e-03 6.663660123971403850e-05
2.712577538763210696e-06 9.980394741168238104e-01 1.898523505357478571e-03 5.928980027989362410e-05
2.780318486495863550e-01 8.428145411159845835e-02 1.203232420568042388e-01 5.173634551820106564e-01
2.264711468090462587e-01 1.395086492050650051e-01 4.655578911930609021e-01 1.684623127928281394e-01
2.654646714015077014e-01 1.313864834075247345e-01 4.294504745537290336e-01 1.736983706372386971e-01
3.064997509730725822e-01 1.253766092783359931e-01 3.942638101180815369e-01 1.738598296305094160e-01
3.457286041809240484e-01 1.180598262388552755e-01 3.669366278994842800e-01 1.692749416807362850e-01
3.813772116425082626e-01 1.091194596557582136e-01 3.480628415015495358e-01 1.614404872001837243e-01
4.150520147785982661e-01 1.003257385440783911e-01 3.344612580017800041e-01 1.501609886755434220e-01
4.525632423839437979e-01 9.389163994418540937e-02 3.199384980024616021e-01 1.336066196694090380e-01
4.991010920058018274e-01 8.843839938834667513e-02 3.009597524360109189e-01 1.115007561698405786e-01
5.507324200301584316e-01 8.495591506361403755e-02 2.773405285145449928e-01 8.697113639168262134e-02
5.923513248337877179e-01 8.400245426344989108e-02 2.578683060724804577e-01 6.577791483028216923e-02
6.140008803327478004e-01 8.655921266136513970e-02 2.477659502175171558e-01 5.167395678836977230e-02
6.198235875648049342e-01 9.373192547803135821e-02 2.423842311208772582e-01 4.406025583628644937e-02
6.211350678298898087e-01 1.055832334993800914e-01 2.332921267441239732e-01 3.998957192660615445e-02
6.242737422563131577e-01 1.236296680454698066e-01 2.155706813789826093e-01 3.652590831923410025e-02
6.291811623513829943e-01 1.467921801909364554e-01 1.921562434130780761e-01 3.187041404460257132e-02
6.265778061567915946e-01 1.760034186359544783e-01 1.707411050287994669e-01 2.667767017845423458e-02
6.046029857899452020e-01 2.183960601138403013e-01 1.543599777496038883e-01 2.264097634661054598e-02
5.671761664911347811e-01 2.776287740081609390e-01 1.355676148024954619e-01 1.962744469820865492e-02
5.114015013073051064e-01 3.586919104894231158e-01 1.126899372460021809e-01 1.721665095726958999e-02
4.441523473495374019e-01 4.478469001175826580e-01 9.241954695079641902e-02 1.558120558208352276e-02
3.861323961031593588e-01 5.190450651212298316e-01 7.952962858138104552e-02 1.529291019422960446e-02
3.486726260356509677e-01 5.588893936567288501e-01 7.515540114241196779e-02 1.728257916520798895e-02
3.205330476389086081e-01 5.766149984515587246e-01 7.994322278503313006e-02 2.290873112449962751e-02
2.818390480712782420e-01 5.890469525795249961e-01 9.548129667562282874e-02 3.363270267357374582e-02
2.338653182459176638e-01 5.874076971462404151e-01 1.283087223003836763e-01 5.041826230745822396e-02
1.867477893377333942e-01 5.461961012502758450e-01 1.948835941263611093e-01 7.217251528562944329e-02
1.459706845470277459e-01 4.386923099721035668e-01 3.213799550404961569e-01 9.395705044037243325e-02
1.073056418518184285e-01 2.871445032988029222e-01 5.022931696267302071e-01 1.032566852226488446e-01
7.664754925616568126e-02 1.570719726244962366e-01 6.714167702523644587e-01 9.486370786697351232e-02
5.853950517357630473e-02 8.207126895085724294e-02 7.766033858420725577e-01 8.278584003349352682e-02
4.767537548725573476e-02 4.636167471317838989e-02 8.298152145740071983e-01 7.614773522555860763e-02
3.949207623371983611e-02 2.826807756948303968e-02 8.596602194387378271e-01 7.257962675805913755e-02
3.273160390800392006e-02 1.906598216481258934e-02 8.769154685721861631e-01 7.128694535499735530e-02
2.991033941840529758e-02 1.407103310922389397e-02 8.820709205462545777e-01 7.394770692611603302e-02
3.013283028546988318e-02 1.211073901915819644e-02 8.776169758387954989e-01 8.013945485657614221e-02
3.260887069794803778e-02 1.185072796066983028e-02 8.674476644402799863e-01 8.809273690110180910e-02
3.630349978682269330e-02 1.255277498652319045e-02 8.544737157255907212e-01 9.667000950106337254e-02
4.044224406976774239e-02 1.369532712417888091e-02 8.393877561255933539e-01 1.064746726804600141e-01
4.461133514626468982e-02 1.489811725410512301e-02 8.218491487854943101e-01 1.186413988141357817e-01
4.933486632628684976e-02 1.629239205891793926e-02 8.009692736165164861e-01 1.334034679982787908e-01
5.262905083034278425e-02 1.696205095941488716e-02 7.810190857079224447e-01 1.493898125023200296e-01
5.495185905346158806e-02 1.713992712378307678e-02 7.631128337326835709e-01 1.647953800900718302e-01
5.602295132646716025e-02 1.680637854885105864e-02 7.495803980409772027e-01 1.775902720837044257e-01
5.544899462480513269e-02 1.599472565001389124e-02 7.422161324498156576e-01 1.863401472753652144e-01
5.327950747258165809e-02 1.485954046790391447e-02 7.405434904505302507e-01 1.913174616089844404e-01
5.032851907717988960e-02 1.360527705561929979e-02 7.415243468690119188e-01 1.945418569981887669e-01
4.759115533721321872e-02 1.238706929533816073e-02 7.417238457854565814e-01 1.982979295819923271e-01
4.531715648869941854e-02 1.122316385339607731e-02 7.398202660793822272e-01 2.036394135785223602e-01
4.329593310481850282e-02 1.010676795134637061e-02 7.339997262093082009e-01 2.125975727345269517e-01
4.070735611726117309e-02 8.934457004260756494e-03 7.212846999531169478e-01 2.290734869253611417e-01
3.939076184903743394e-02 8.324244981274805943e-03 6.964482044272697348e-01 2.558367887424181086e-01
3.795900727966478039e-02 7.267999607068332049e-03 6.602619571306024282e-01 2.945110359826643709e-01
3.754221088907361975e-02 6.513659543717871710e-03 6.114625031999053606e-01 3.444816263673031176e-01
3.741351038021840242e-02 5.691441425533239062e-03 5.519665912786650974e-01 4.049284569155831570e-01
3.640389490489048807e-02 4.757477084377358806e-03 4.861719715644348683e-01 4.726666564462974063e-01
3.377067983937490775e-02 3.840123727577932338e-03 4.234042883481553554e-01 5.389849080848916341e-01
3.023459045024486092e-02 3.128277233382345621e-03 3.736941038802212289e-01 5.929430284361518755e-01
2.787578575717810855e-02 2.776114846487248884e-03 3.431803365482978263e-01 6.261677628480368796e-01
2.783010876261390876e-02 2.730324537334630902e-03 3.244617031795896667e-01 6.449778635204614918e-01
2.991101964769317736e-02 2.840131799013416274e-03 3.016217180965969358e-01 6.656271304566964142e-01
3.383440516390027325e-02 3.061058464269030086e-03 2.744418841410601884e-01 6.886626522307708331e-01
3.935573710941816378e-02 3.406826324623597052e-03 2.536599678789885348e-01 7.035774686869696870e-01
4.626853210686401180e-02 3.908700012599744360e-03 2.453862450004858642e-01 7.044365228800502088e-01
5.453487038605583231e-02 4.625715392386137333e-03 2.491828629884457746e-01 6.916565512331123156e-01
6.337545797801863445e-02 5.509482188924786847e-03 2.576245546136671227e-01 6.734905052193893571e-01
7.044351012983841864e-02 6.254878326511744031e-03 2.581354786672223067e-01 6.651661328764275627e-01
7.378421072770728617e-02 6.579679140413458374e-03 2.450614965764379982e-01 6.745746135554412382e-01
7.379941046854153475e-02 6.515633339140133352e-03 2.223967543991768048e-01 6.972882017931417709e-01
7.268654281145922602e-02 6.317182820107180262e-03 1.972029776881806251e-01 7.237932966802530510e-01
7.256234033353396728e-02 6.204833512624654407e-03 1.743571853604250210e-01 7.468756407934163954e-01
7.475414818435058284e-02 6.269671050328256418e-03 1.554121040171012325e-01 7.635640767482195779e-01
3.065431251900336933e-03 9.815319588623656610e-01 1.168279780346894933e-02 3.719812082265172831e-03
3.297674546301188753e-03 9.832080329693210219e-01 1.031608058510835937e-02 3.178211899269574401e-03
3.461543779717279109e-03 9.846999806743148564e-01 9.023673203584423042e-03 2.814802342383672992e-03
3.524498797333815332e-03 9.861961757156467723e-01 7.696582324557319811e-03 2.582743162461887450e-03
3.567220572091711530e-03 9.876318066025174813e-01 6.418858080828230769e-03 2.382114744562197767e-03
3.742859431105802388e-03 9.886997216024896451e-01 5.371973511770765895e-03 2.185445454633880725e-03
4.301372527814438344e-03 9.887832043419982897e-01 4.788293708161012359e-03 2.127129422026297328e-03
5.547016095457521327e-03 9.874314690756083035e-01 4.703978152209217604e-03 2.317536676724868232e-03
7.979059690857669834e-03 9.842140086060421345e-01 5.007202646874711442e-03 2.799729056225449143e-03
1.232128391518790868e-02 9.786567890098115674e-01 5.471773882702371354e-03 3.550153192298274429e-03
1.850094959485354407e-02 9.715754096989471789e-01 5.648724120474720410e-03 4.274916585724345894e-03
2.538278598371193281e-02 9.643481971665704977e-01 5.565214926150165858e-03 4.703801923567114789e-03
3.244105515774063642e-02 9.570111375293346434e-01 5.701563195811451025e-03 4.846244117113154663e-03
4.000526690662021406e-02 9.489332824846016257e-01 6.308490398516371743e-03 4.752960210261950730e-03
4.851608024408229913e-02 9.395951973690704895e-01 7.335800276010432351e-03 4.552922110836678422e-03
5.873056772994714181e-02 9.283486482191938283e-01 8.513386102172259759e-03 4.407397948686777971e-03
7.333586888921744817e-02 9.124371784604515812e-01 9.798772573650147213e-03 4.428180076680829531e-03
9.577041628470459034e-02 8.884276362835619167e-01 1.129974520147811884e-02 4.502202230255479033e-03
1.274499455396908565e-01 8.553057870973990173e-01 1.292132839187112164e-02 4.322938971039049644e-03
1.701300363880821342e-01 8.114100890979707437e-01 1.461610535919642857e-02 3.843769154750666626e-03
2.177708736602772255e-01 7.623643316141931470e-01 1.660262578391166755e-02 3.262168941617746201e-03
2.621356288796980460e-01 7.161502417326295333e-01 1.894277367642948143e-02 2.771355711243349024e-03
2.939728062086930938e-01 6.820252095177118390e-01 2.159595801148296579e-02 2.406026262111964423e-03
2.272934813977526072e-02 1.089694948250263667e-01 7.147202979730197248e-01 1.535808590621788317e-01
2.276856798083379263e-02 1.215921586127408083e-01 7.308497438876274677e-01 1.247895295187980563e-01
2.261780843290513501e-02 1.280145937928190147e-01 7.479768302997535923e-01 1.013907674745223170e-01
2.223560008337546745e-02 1.306734825853244353e-01 7.617342333509321550e-01 8.535668398036763693e-02
2.173454474085815408e-02 1.319001915220059662e-01 7.712007137911651711e-01 7.516454994597082662e-02
2.152023600459949601e-02 1.322894033374685530e-01 7.759681388640002897e-01 7.022222179393197705e-02
2.232387512542008401e-02 1.319221678868131020e-01 7.734051974319913203e-01 7.234875955577597939e-02
2.451251465403531116e-02 1.285687147292122745e-01 7.619323842115960366e-01 8.498638640515648879e-02
2.740210928367187854e-02 1.191343435359191461e-01 7.380530703148466820e-01 1.154104768655625085e-01
2.936845062397539993e-02 1.041247280094572542e-01 6.867019794287207990e-01 1.798048419378465435e-01
2.861570916153087507e-02 8.516386646048069997e-02 5.849754757369645120e-01 3.012449486410241350e-01
2.480758719730587550e-02 6.365219811559127971e-02 4.288297145214200468e-01 4.827105001656826211e-01
1.732767285221028380e-02 4.447496057539817443e-02 2.682380392738612507e-01 6.699593272985301384e-01
1.127050471901188192e-02 3.178342643033697096e-02 1.605544088900936195e-01 7.963916599605577185e-01
7.263002735756925177e-03 2.466882174570701400e-02 1.022242993303253411e-01 8.658438761882106816e-01
4.605216205751748622e-03 1.959344941244157631e-02 6.673765614559314108e-02 9.090636782362133683e-01
2.826689489908153392e-03 1.505195121519667042e-02 4.205570902790059518e-02 9.400656502669948456e-01
1.775113186423465678e-03 1.157365054809567605e-02 2.684192448356990945e-02 9.598093117819110898e-01
1.228551393819875184e-03 9.641538965210312562e-03 1.916587005283199377e-02 9.699640395881378163e-01
9.408472678841718487e-04 8.819130684726464442e-03 1.497385214907266150e-02 9.752661698983164928e-01
7.713517472817199919e-04 8.373980041006416630e-03 1.206250662570968434e-02 9.787921615860021296e-01
6.645973266137810039e-04 7.934939226201786697e-03 1.026164134002598496e-02 9.811388221071585258e-01
1.417445301380768465e-04 7.012794934841679040e-03 9.786868399806140234e-03 9.830585921352141821e-01
1.330505762364942118e-04 6.437936126451189803e-03 1.012339834480712776e-02 9.833056149525050138e-01
1.400128427361365313e-04 5.969783417702227181e-03 1.151940970191887154e-02 9.823707940376426029e-01
1.611457215487825450e-04 5.668241792949600157e-03 1.376977576116181906e-02 9.804008367243396416e-01
2.109354016510555263e-04 5.509986172416866945e-03 1.771523095467924386e-02 9.765638474712526884e-01
3.587858439930847044e-04 5.476147557245247995e-03 2.629896569120780334e-02 9.678661009075536503e-01
8.640009385217463974e-04 5.871181674179415041e-03 4.596566048357849515e-02 9.472991569037203519e-01
8.565996703839808468e-04 6.470056053670560255e-03 9.391500474310235380e-02 8.987583395328430091e-01
1.544632842799620234e-03 7.632057956461931608e-03 2.109434185985998023e-01 7.798798906021383592e-01
1.610170916942141534e-03 8.521598642883947486e-03 4.302053244859631032e-01 5.596629059542110873e-01
2.322038204298747851e-03 8.149450133280175881e-03 6.611473462786684463e-01 3.283811653837527267e-01
2.622670485689005196e-03 7.124066197333949607e-03 8.010047981014036811e-01 1.892484652155729807e-01
3.407064450716048697e-03 6.176726893868048594e-03 8.648554983344098890e-01 1.255607103210061026e-01
3.890596913204132611e-03 5.971451623131760617e-03 8.922238446940217171e-01 9.791410676964237836e-02
4.838328934756320338e-03 6.222147402998168611e-03 9.028516521148954865e-01 8.608787154735003666e-02
6.209942682225706029e-03 6.882675370138696160e-03 9.041611304031931251e-01 8.274625154444228969e-02
8.564981561632505416e-03 8.188019952072304181e-03 8.974563571423826991e-01 8.579064134391253815e-02
1.066769378356599920e-02 9.408365208870976201e-03 8.852343152111565860e-01 9.468962579640667621e-02
1.306994372252432736e-02 1.078662261820133132e-02 8.682491947865473847e-01 1.078942388727271162e-01
1.560450585477872985e-02 1.215879643948162420e-02 8.488809594665267522e-01 1.233557382392126422e-01
1.787260816607702529e-02 1.337751146343458576e-02 8.277723118918188794e-01 1.409775684786696293e-01
1.939771311477305957e-02 1.437920294079898971e-02 8.038971855756975593e-01 1.623258983687306256e-01
1.990899977048229963e-02 1.520835791989756658e-02 7.735282771855414019e-01 1.913543651240786903e-01
1.932671384903481698e-02 1.587051927010281124e-02 7.320157931908839455e-01 2.327869736899784991e-01
1.783711904254263111e-02 1.632877352424103035e-02 6.766480326080592800e-01 2.891860748251569024e-01
1.587483602519136269e-02 1.651267165868094619e-02 6.092698493195232157e-01 3.583426429966042881e-01
1.372872285942387111e-02 1.623971315338222643e-02 5.364397543025618553e-01 4.335918096846319569e-01
1.081380090135651215e-02 1.539231556175895028e-02 4.643812749973699194e-01 5.094126085395148662e-01
8.320486482349094895e-03 1.431135615428365260e-02 3.960353354909484369e-01 5.813328218724185259e-01
6.080929209066044533e-03 1.336425098225798268e-02 3.347158733630407057e-01 6.458389464456352203e-01
4.317122641489754171e-03 1.276342195193880084e-02 2.841244370773082228e-01 6.987950183292630513e-01
3.182798133317558953e-03 1.260118944439034966e-02 2.515445363575615212e-01 7.326714760647304869e-01
3.047252786108359257e-03 1.274504630875399579e-02 2.392799987383084082e-01 7.449277021668290200e-01
2.764731851050332943e-03 1.286554320086292710e-02 2.418036856630579323e-01 7.425660392850289560e-01
2.766490766764968714e-03 1.296209864639994054e-02 2.586076905616417343e-01 7.256637200251936370e-01
2.412045264636867789e-03 1.300167660091141285e-02 2.934579589507084751e-01 6.911283191837435114e-01
2.565609795730435915e-03 1.281509651670057620e-02 3.437827420978578630e-01 6.408365515897108677e-01
2.687254006647470366e-03 1.224496419908697835e-02 4.020050748202919078e-01 5.830627069739735546e-01
2.783163387514276266e-03 1.138438059713815093e-02 4.598814080932751014e-01 5.259510479220728119e-01
3.301905534207350175e-03 1.047380534294567629e-02 5.101631203734445785e-01 4.760611687494026301e-01
3.207805505396212065e-03 9.611628751380675226e-03 5.526121820306542087e-01 4.345683837125690063e-01
3.022639817385856190e-03 8.963965776058770152e-03 5.937452465485992814e-01 3.942681478579561638e-01
2.798275867468064636e-03 8.591891493603412422e-03 6.386569309423858476e-01 3.499529016965425288e-01
2.619326867061269951e-03 8.523821437616962635e-03 6.795440935517573777e-01 3.093127581435646256e-01
2.534548895686149564e-03 8.827757743167786303e-03 6.999463995767346569e-01 2.886912937844116067e-01
2.562779435589190857e-03 9.619859968899153319e-03 6.943766251503452613e-01 2.934407354451662453e-01
2.721590345848819061e-03 1.101740577361008146e-02 6.696874396546814712e-01 3.165735642258596383e-01
2.979900358088681707e-03 1.315460660226615633e-02 6.386722099865670410e-01 3.451932830530783924e-01
3.217289481230352789e-03 1.617793790976662302e-02 6.114486045604672348e-01 3.691561680485359598e-01
3.360886727884892112e-03 2.024703868406498367e-02 5.858234017060107712e-01 3.905686728820396136e-01
3.523084084437575533e-03 2.567715078053965996e-02 5.570102109936871937e-01 4.137895541413355027e-01
3.853353494399028561e-03 3.290048749271037160e-02 5.282812306813192693e-01 4.349649283315713544e-01
4.344707225511041868e-03 4.172354187010689219e-02 5.072244738096753913e-01 4.467072770947067561e-01
4.819816924594154048e-03 5.060065923473955340e-02 4.949910024257972996e-01 4.495885214148689357e-01
5.210393178185264082e-03 5.768571416794893852e-02 4.820467813141939839e-01 4.550571113396717493e-01
5.671729394855541846e-03 6.202941216388599410e-02 4.551429956282062594e-01 4.771558628130522783e-01
6.399301853455641696e-03 6.303963471261003759e-02 4.108838650800150094e-01 5.196771983539190121e-01
7.475388801547818915e-03 6.015447622927801857e-02 3.524563632788723089e-01 5.799137716903016715e-01
8.987457338420625635e-03 5.321158796860337575e-02 2.854770117574279564e-01 6.523239429355481844e-01
1.127995859190810031e-02 4.318187135458052134e-02 2.228083363064071176e-01 7.227298337471046441e-01
1.492213185003516893e-02 3.208201805491731756e-02 1.721663247943812924e-01 7.808295253006662939e-01
2.051101755211306651e-02 2.199191692663953271e-02 1.328007542326780366e-01 8.246963112885693503e-01
2.890480557007612042e-02 1.424707834885831532e-02 1.037416237955307713e-01 8.531064922855344790e-01
4.153233138699546911e-02 9.031165725091928193e-03 8.541732558702463951e-02 8.640191773008879528e-01
5.940779068964611997e-02 5.772289184996223094e-03 7.741401780039756930e-02 8.574059023249603895e-01
8.089624474069570526e-02 3.788093338763999247e-03 7.647294390337118497e-02 8.388427180171691422e-01
1.025719540952181735e-01 2.605397897770437166e-03 7.785062795214843512e-02 8.169720200548630240e-01
