7.151099796979208667e-02 6.604165385320673320e-03 8.806655275556276585e-01 4.121930908925969944e-02
5.030872457212965526e-02 7.538557747094590811e-01 1.671197399413742735e-01 2.871576077703699367e-02
5.856000479758616262e-02 7.302458017666998424e-01 1.792482046203356105e-01 3.194598881537837748e-02
7.029319386145782556e-02 7.091644449160752206e-01 1.854092218578066997e-01 3.513313936466044146e-02
8.930494625476993742e-02 6.853087013878655931e-01 1.869901666062941947e-01 3.839618575106991394e-02
1.191033427375867565e-01 6.531209790888078404e-01 1.863097711371121679e-01 4.146590703649311732e-02
1.635934476819888572e-01 6.082802584211448593e-01 1.841750221027476930e-01 4.395127179411870838e-02
2.248770021134449126e-01 5.492043581317153089e-01 1.806487740591345703e-01 4.526986569570528446e-02
2.977364668753658128e-01 4.817607021062991768e-01 1.757728139215702923e-01 4.473001709676477367e-02
3.723033679996550216e-01 4.165102386744232166e-01 1.687231940354107507e-01 4.246319929051107361e-02
4.399572576062459883e-01 3.624389403859592518e-01 1.583410499759593248e-01 3.926275203183558077e-02
4.864846177869905364e-01 3.334649049117764386e-01 1.435483540846594075e-01 3.650212321657349268e-02
5.049718214477401101e-01 3.349428428821687453e-01 1.240903797010719511e-01 3.599495596901893663e-02
4.896879727765137136e-01 3.699058592678479140e-01 1.019478886626561248e-01 3.845827929298226144e-02
4.476980856920370067e-01 4.301685813785525170e-01 8.026650820378314344e-02 4.186682472562725660e-02
3.906874083686123211e-01 5.055576197132914951e-01 6.127195041411043208e-02 4.248302150398589050e-02
3.218714229253316073e-01 5.944660891641352363e-01 4.510182248517008441e-02 3.856066542536302350e-02
2.412748516114326669e-01 6.946542092510933353e-01 3.167376849152015589e-02 3.239717064595379337e-02
1.613278657877779687e-01 7.908172123884650295e-01 2.121286769876734243e-02 2.664205412498978076e-02
9.901026018283677621e-02 8.651202829210519196e-01 1.369886389920101956e-02 2.217059299691036614e-02
5.789803870071193181e-02 9.134712376385055732e-01 9.321899975886838163e-03 1.930882368489571232e-02
3.465144694057877700e-02 9.409414405086701239e-01 6.360428250893036817e-03 1.804668429985807968e-02
2.188568964062637123e-02 9.552260066786965043e-01 4.637735537444875530e-03 1.825056814323227153e-02
1.660997819891024338e-02 9.586475104246400258e-01 3.732613498328342643e-03 2.100989787812114484e-02
1.374708292848338641e-02 9.551348481357347930e-01 3.409508824373724996e-03 2.770856011140782407e-02
1.303424540957945701e-02 9.430348556490429912e-01 3.439885894583422261e-03 4.049101304679427610e-02
1.331183992928342864e-02 9.240199511599404003e-01 3.723147311833596707e-03 5.894506159894260383e-02
1.420189898921049923e-02 9.027763158108883523e-01 4.285024899866491342e-03 7.873676030003465276e-02
1.549324615662377863e-02 8.862434550236127917e-01 5.182183339608142751e-03 9.308111548015543524e-02
1.677531509179028962e-02 8.776025802461772107e-01 6.472994961166587437e-03 9.914910970086598940e-02
1.845582215642425569e-02 8.712169091087917927e-01 8.475546776047237357e-03 1.018517219587368183e-01
2.170722815949216455e-02 8.603869545940534547e-01 1.169727741727623165e-02 1.062085398291783139e-01
2.839274597222336827e-02 8.433963094138288152e-01 1.646274409937836455e-02 1.117482005145693652e-01
3.702772352066893702e-02 8.241011149262152946e-01 2.252281613149592285e-02 1.163483454216200225e-01
5.133873433924043134e-02 7.966480731181362351e-01 3.019561850350088034e-02 1.218175740391223422e-01
7.063048938399589527e-02 7.559787798484876031e-01 4.036977739688959316e-02 1.330209533706273872e-01
9.785710414099749177e-02 6.918311334510932609e-01 5.458653203062632797e-02 1.557252303772829749e-01
1.345909694104988896e-01 6.017056742582818085e-01 7.136819240479555515e-02 1.923351639264236357e-01
1.782698830890077912e-01 5.002242795577570567e-01 8.560195243045845559e-02 2.359038849227770573e-01
2.243106719653218672e-01 4.099541106243433930e-01 9.364349954201606208e-02 2.720917178683190385e-01
2.722694889992928746e-01 3.365123680364807690e-01 9.707957856382541661e-02 2.941385644004010924e-01
3.196381927798394029e-01 2.724503215436142600e-01 9.891991044710433945e-02 3.089915752294419282e-01
3.592659145882839411e-01 2.137616600194244265e-01 9.988723844851075950e-02 3.270851869437807480e-01
3.843777238270659757e-01 1.625489848991000519e-01 1.012095260085291298e-01 3.518637652653048842e-01
3.983859008374697197e-01 1.223264309198746069e-01 1.031320705390268849e-01 3.761555977036291631e-01
4.092385059121380064e-01 9.471490301277588064e-02 1.065969087404498028e-01 3.894496823346365599e-01
4.189572226917278042e-01 7.788205166634934451e-02 1.122366236838444054e-01 3.909241019580784737e-01
4.263870774473810799e-01 6.830132701200582190e-02 1.203363406122457957e-01 3.849752549283673164e-01
4.313997022731888009e-01 6.374390467553282813e-02 1.317453634500020399e-01 3.731110296012764005e-01
4.307671486926419324e-01 6.344200683385566031e-02 1.478005163489305163e-01 3.579903281245717106e-01
4.197414827335326226e-01 6.681164323436829255e-02 1.689634210649321455e-01 3.444834529671671475e-01
3.973157985129351921e-01 7.285117732066193064e-02 1.944996753211882257e-01 3.353333488452146516e-01
3.657184024836542813e-01 7.898418394100206741e-02 2.230181843860615798e-01 3.322792291892817662e-01
3.288202992860534413e-01 8.223402946910988998e-02 2.520788767327946100e-01 3.368667945120421003e-01
2.933693116236324450e-01 8.247023184383103778e-02 2.806349540064132508e-01 3.435255025261232387e-01
2.655833459490961057e-01 8.181415425903550143e-02 3.126060851378241745e-01 3.399964146540442322e-01
2.477302200581747715e-01 8.205696981358413800e-02 3.494541114660592029e-01 3.207586986621820957e-01
2.355970769625465588e-01 8.394308713347983786e-02 3.866346038143986252e-01 2.938252320895748393e-01
2.219131314498381802e-01 8.716446387979137622e-02 4.195132275374034991e-01 2.714091771329667502e-01
2.116854094682520948e-01 9.175481384837597121e-02 4.363717025412000572e-01 2.601880741421720988e-01
2.079330461645549633e-01 9.511106657668995379e-02 4.332888883359258259e-01 2.636669989228292987e-01
2.127297607306259941e-01 9.653575476529928368e-02 4.121516830941578946e-01 2.785828014099169248e-01
2.262209525901616447e-01 9.743801547337671565e-02 3.822931134063978220e-01 2.940479185300635678e-01
2.402096112329379085e-01 9.734686266893741169e-02 3.629208940391281391e-01 2.995226320589962632e-01
2.526432399900534476e-01 9.841292940420043323e-02 3.622772893419110574e-01 2.866665412638350063e-01
2.648922734492919484e-01 1.020174765140666878e-01 3.822557435214281041e-01 2.508345065152133846e-01
2.777077346874990416e-01 1.091832368760609767e-01 4.163852029421560297e-01 1.967238254942836884e-01
2.851617629439236468e-01 1.223075853860357415e-01 4.542560973460532669e-01 1.382745543239872199e-01
2.819241820370387286e-01 1.440118533483150942e-01 4.839282370598107508e-01 9.013572755483548193e-02
2.659800100725139282e-01 1.755720027054664678e-01 4.997132534203822529e-01 5.873473380163702490e-02
2.384987781711050969e-01 2.208265088700486489e-01 4.996220253528780852e-01 4.105268760596829380e-02
1.958764156497535547e-01 2.878425683687523273e-01 4.863662626976517633e-01 2.991475328384238241e-02
4.902635060674369848e-03 1.747101088459579975e-03 7.516363727190626953e-01 2.417138911318032213e-01
5.378296166783228666e-02 7.648943097763661880e-01 1.745455384465101900e-01 6.777190109291611995e-03
5.241596445878610178e-02 7.993637654970870976e-01 1.430053625276232754e-01 5.214907516503872187e-03
5.502940548046875158e-02 8.221051914601744670e-01 1.190162690002329049e-01 3.849134059123671386e-03
5.662746380750896535e-02 8.429091852545874675e-01 9.781959295436339075e-02 2.643757983540088834e-03
5.875021786872208773e-02 8.600485598421305777e-01 7.939227408736450331e-02 1.808948201782696347e-03
5.835179510937851116e-02 8.750354021142104921e-01 6.531042940396859786e-02 1.302373372442121313e-03
5.334411081533577820e-02 8.894364849062630363e-01 5.622898658010332812e-02 9.904176982979265905e-04
4.599607930708519976e-02 9.008229051476929206e-01 5.237980637678640167e-02 8.012091684354564385e-04
4.104959934610446365e-02 9.038646961838709970e-01 5.437038826163553829e-02 7.153162083890577663e-04
4.071996707637204338e-02 8.962861900544079052e-01 6.228805627341714446e-02 7.057865958029450881e-04
4.451422202906750447e-02 8.801491162783173783e-01 7.460018847699852185e-02 7.364732156165183135e-04
5.075912617580968095e-02 8.605973208148142151e-01 8.785422073651913411e-02 7.893322728571364189e-04
5.811314318976849164e-02 8.423144676910737649e-01 9.869969729787253510e-02 8.726918212852175514e-04
6.646493867198698113e-02 8.263632159135411159e-01 1.062020892650259035e-01 9.697561494461560830e-04
7.563765557819722429e-02 8.137486294566591560e-01 1.095752194068288776e-01 1.038495558314686757e-03
8.510254763540210654e-02 8.067196882570544236e-01 1.071008332633286847e-01 1.076930844214847799e-03
9.420594483789213047e-02 8.058587014206572974e-01 9.882024965606271694e-02 1.115104085388068803e-03
1.018987889042661382e-01 8.091168156459672689e-01 8.779022261349919698e-02 1.194172836267386574e-03
1.070546740121749579e-01 8.139878581028757720e-01 7.760567293411449463e-02 1.351794950834425864e-03
1.109572849115773724e-01 8.173006098191492041e-01 7.010066994947783403e-02 1.641435319795319682e-03
1.178392131158474826e-01 8.154143113480366578e-01 6.457549062078458968e-02 2.170984915331267313e-03
1.300645475157553022e-01 8.091211947370061663e-01 5.781809271629020225e-02 2.996165030948203054e-03
1.471403792845934200e-01 8.005894539072619942e-01 4.827241824912287954e-02 3.997748559021742712e-03
1.597325792138452050e-01 7.980601397204795111e-01 3.729073388542065298e-02 4.916547180254657833e-03
1.688532467438528528e-01 7.977839145179704827e-01 2.764617913201184579e-02 5.716659606164822133e-03
1.692557312145407389e-01 8.026600487811970108e-01 2.127079752062681350e-02 6.813422483635105456e-03
1.622771709803143281e-01 8.107329581135935825e-01 1.802297012281561459e-02 8.966900783276362044e-03
1.506005964437049094e-01 8.184621833499948762e-01 1.742970890631610065e-02 1.350751129998384835e-02
1.389390930812345881e-01 8.189286609693613439e-01 1.947842482917635024e-02 2.265382112022766223e-02
1.348826336209762722e-01 8.002726851658973350e-01 2.508167729585033048e-02 3.976300391727573269e-02
1.406226005901724252e-01 7.507645902012693995e-01 3.788553778922013060e-02 7.072727141933797534e-02
1.602273352442763477e-01 6.523311181576220141e-01 6.457856766920666569e-02 1.228629789288952362e-01
1.862437606937097923e-01 5.139084410241786527e-01 1.095437768635223880e-01 1.903040214185890977e-01
1.994128032711449949e-01 3.861962283124192874e-01 1.668728702246909668e-01 2.475180981917448619e-01
1.895673918420974768e-01 3.032981194205229269e-01 2.316175508369517078e-01 2.755169379004280827e-01
1.551987764370246492e-01 2.669187691068644064e-01 3.064812460977235919e-01 2.714012083583874912e-01
1.103204806366935575e-01 2.584991758016732533e-01 3.847228410053662451e-01 2.464575025562668331e-01
6.871121231205756796e-02 2.646713946630834813e-01 4.434490703685882163e-01 2.231683226562707623e-01
4.133165639288387955e-02 2.699443579111172054e-01 4.713390312443839769e-01 2.173849544516149035e-01
2.628162568844791963e-02 2.634526008794756957e-01 4.835390297364863810e-01 2.267267436955900661e-01
1.807175854662274386e-02 2.448932293181016184e-01 4.987892012787324414e-01 2.382458108565432553e-01
1.312942775771387682e-02 2.214655828337074583e-01 5.232499059836321909e-01 2.421550834249465156e-01
9.909207851184808138e-03 2.020527020272315233e-01 5.490961593423346887e-01 2.389419307792489400e-01
7.839270733929938270e-03 1.950961090504011730e-01 5.599728962344013850e-01 2.370917239812676547e-01
6.736195355605738809e-03 2.102246142961283759e-01 5.390624051698599262e-01 2.439767851784058472e-01
6.456979395411543629e-03 2.610739577369803333e-01 4.756149990053288867e-01 2.568540638622790473e-01
6.621509418734962751e-03 3.606397003639330023e-01 3.727832342520592812e-01 2.599555559652724779e-01
6.768437419457895045e-03 5.021944857078991520e-01 2.556385402331917689e-01 2.353985366394509282e-01
6.981015441288019284e-03 6.511387899670632029e-01 1.572481776357402550e-01 1.846320169559084179e-01
7.981903336397040694e-03 7.716308737868602385e-01 9.134374525344070295e-02 1.290434776233018166e-01
1.063541660554910215e-02 8.474672693913574140e-01 5.441322883344919953e-02 8.748408516964456538e-02
1.674133700575413872e-02 8.885774793002739758e-01 3.401224106955439558e-02 6.066894262441776403e-02
2.698089098992893092e-02 9.092760117414521170e-01 2.248587569130764893e-02 4.125722157731104289e-02
4.230657824721748006e-02 9.145528736098272882e-01 1.593575577251848605e-02 2.720479237043697818e-02
7.226132946990465600e-02 8.970491038100669723e-01 1.219887840184109666e-02 1.849068831818722128e-02
1.093661359960349938e-01 8.673860584022465847e-01 1.033555669278432565e-02 1.291224890893380613e-02
1.519996013469223362e-01 8.291626635305479054e-01 9.305901246730351531e-03 9.531833875799578665e-03
1.880324311293943285e-01 7.954329705017625374e-01 8.978662727718380449e-03 7.555935641124709480e-03
2.069038379046065912e-01 7.780422020788881898e-01 8.868032608327417604e-03 6.185927408177533358e-03
2.024416811251398829e-01 7.841532475969057447e-01 8.498202987100121966e-03 4.906868290854252135e-03
1.815633776127210663e-01 8.070529451449811598e-01 7.707922020958078886e-03 3.675755221339627784e-03
1.587076317542705506e-01 8.318670178843756702e-01 6.761907970828315469e-03 2.663442390525345375e-03
1.425315374830527781e-01 8.493818737644818206e-01 6.092110075778835003e-03 1.994478676686432198e-03
1.334481416214446658e-01 8.588949332760486000e-01 5.996568137098004687e-03 1.660356965408720615e-03
1.270006084025092352e-01 8.648507661974981220e-01 6.576000770494533874e-03 1.572624629498291932e-03
1.170761734831979456e-01 8.733698286298803293e-01 7.919136108147532827e-03 1.634861778774142219e-03
1.006614296488646393e-01 8.871902972916969610e-01 1.037071738630095628e-02 1.777555673137434355e-03
8.425180508408733338e-02 8.999950536013723301e-01 1.382806069749462075e-02 1.925080617045522770e-03
7.122006129466833257e-02 9.078631272871998670e-01 1.884152223428884124e-02 2.075289183842877680e-03
6.214835506879661658e-02 9.092833820553037905e-01 2.625004929586617977e-02 2.318213580033567575e-03
5.944782232572091984e-02 8.996915268351473038e-01 3.799991513393227022e-02 2.860735705199451018e-03
5.081602804299943932e-01 9.602526129864118187e-02 1.468207293464247887e-01 2.489937289249397612e-01
3.505394969571445363e-01 3.422795905387264748e-01 2.591498933606076194e-01 4.803101914352108509e-02
3.606000165881568242e-01 3.070932809779457484e-01 2.830140797306137102e-01 4.929262270328382128e-02
3.786717594470525028e-01 2.709571466146950547e-01 2.992093595443489074e-01 5.116173439390364619e-02
4.042189670360197273e-01 2.323411978703343872e-01 3.094225758708484819e-01 5.401725922279735498e-02
4.329821110756910119e-01 1.921097649463668899e-01 3.153294103962488992e-01 5.957871358169314346e-02
4.576942604954896132e-01 1.534757107090651551e-01 3.184272538193027580e-01 7.040277497614204349e-02
4.693241648899894591e-01 1.200913947209552857e-01 3.206263362771590297e-01 8.995810411189567035e-02
4.596598360191119781e-01 9.449134097298876600e-02 3.205617297132837273e-01 1.252870932946154869e-01
4.167463632022277986e-01 7.348760648093800862e-02 3.230053326526901025e-01 1.867606976641440208e-01
3.441165353589060727e-01 5.492929445653536163e-02 3.241114723267412012e-01 2.768426978578175657e-01
2.608902891045174477e-01 3.930182880006492102e-02 3.225977223898369162e-01 3.772101597055802502e-01
1.920510680384998892e-01 2.825356896882668181e-02 3.187979825507978870e-01 4.608973804418759479e-01
1.508641783059763430e-01 2.208480193807920919e-02 3.120317355325842312e-01 5.150192842233600743e-01
1.321619554687731291e-01 1.930481549185722803e-02 3.043271297384973484e-01 5.442060993008721592e-01
1.273000171148583604e-01 1.864928398907505711e-02 2.950245372337040317e-01 5.590261616623622976e-01
1.288477241845837062e-01 1.907695401717134087e-02 2.833433052667329588e-01 5.687320165315116194e-01
1.333797169583263720e-01 2.003034061690458362e-02 2.672382166119809388e-01 5.793517258127879321e-01
1.406667682590307944e-01 2.172030161040540766e-02 2.457579026607390749e-01 5.918550274698247682e-01
1.526190638269203925e-01 2.521311874035908965e-02 2.253775777306417927e-01 5.967902397020785621e-01
1.706743898990832065e-01 3.228782936698433581e-02 2.153748950066382284e-01 5.816628857272941877e-01
1.854049054526118179e-01 4.416177138900986843e-02 2.236660049567999742e-01 5.467673182015783118e-01
1.853136325773860338e-01 6.165029990871789822e-02 2.492881186521996861e-01 5.037479488616963819e-01
1.655060835697137189e-01 8.162243952978118222e-02 2.919058490313712895e-01 4.609656278691339204e-01
1.345361312989206415e-01 9.549499632440296149e-02 3.477415468440988588e-01 4.222273255325771912e-01
1.053975327955086749e-01 9.540634617551047025e-02 3.997863365432832716e-01 3.994097844856975832e-01
8.554531069540299848e-02 8.080588771777574841e-02 4.275916171062650317e-01 4.060571844805562769e-01
7.523879096369129327e-02 5.877206938023177979e-02 4.255023668902441214e-01 4.404867727658328680e-01
7.157925043119564568e-02 3.838359761820987065e-02 3.990463706039507064e-01 4.909907813466434234e-01
7.210050715613308681e-02 2.410664317633429490e-02 3.574716882703474763e-01 5.463211613971850067e-01
7.480737698046098505e-02 1.554105554410419726e-02 3.079181494902480942e-01 6.017334179851866471e-01
7.757523506915534051e-02 1.048416438519008884e-02 2.521550874186569424e-01 6.597855131269975137e-01
7.847793880899388286e-02 7.227058757414210090e-03 1.897332301995362791e-01 7.245617722340559341e-01
7.560628836814549392e-02 4.967750337631360313e-03 1.276272845300554792e-01 7.917986767641675971e-01
7.042757601730899319e-02 3.468619190652508146e-03 7.845221548793393507e-02 8.476515893041044469e-01
6.759598419433945904e-02 2.619127807510829211e-03 4.764605760774702492e-02 8.821388303904027506e-01
7.085210229639517243e-02 2.249307511770928455e-03 3.093372480021831447e-02 8.959648653916155725e-01
8.292904158819815186e-02 1.774899488569285644e-03 2.223024719513812600e-02 8.930658117280944053e-01
1.084222592757486114e-01 2.074351737390082908e-03 1.741159053278276692e-02 8.720917984540786927e-01
1.537118906685016606e-01 2.979497810175339365e-03 1.515312242414389166e-02 8.281554890971790650e-01
2.192569103679050946e-01 4.778578808997843014e-03 1.450088660019207068e-02 7.614636242229048113e-01
2.941846656265587612e-01 6.152422001755212567e-03 1.510371855245876138e-02 6.845591938192274739e-01
3.550918494884141574e-01 8.273576660105440295e-03 1.567657272859880949e-02 6.209580011228817975e-01
3.904104877696767395e-01 1.063692512176232612e-02 1.653152173753036011e-02 5.824210653710305552e-01
3.951882748294208714e-01 1.292594472857122936e-02 1.750616955001483774e-02 5.743796108919928534e-01
3.742446716954627162e-01 1.477500610647178303e-02 1.869193306845764319e-02 5.922883891296081282e-01
3.396345032097454197e-01 1.609037533281503993e-02 2.063749772390868417e-02 6.236376237335308215e-01
2.997992410625427984e-01 1.704164918058811637e-02 2.383622754433654956e-02 6.593228822125326571e-01
2.636917119099784212e-01 1.725821785627199012e-02 3.186518918346033236e-02 6.871848810502892979e-01
2.274685541945664635e-01 1.695395673334286132e-02 4.574085567084373166e-02 7.098366334012466972e-01
1.903323280348862556e-01 1.591033257172951021e-02 6.995692670897329934e-02 7.238004126844109765e-01
1.512803030930308656e-01 1.416563827275547222e-02 1.091087317713038268e-01 7.254453268629100782e-01
1.148089350482192350e-01 1.188651152541812632e-02 1.703731530914757708e-01 7.029314003348868800e-01
8.544192705625762441e-02 9.296714914610324301e-03 2.546270409077451835e-01 6.506343171213870846e-01
6.597159340273303640e-02 6.848364849379739300e-03 3.404327830029327262e-01 5.867472587449541477e-01
5.674560823752809041e-02 4.951931644670646421e-03 4.068914770696098193e-01 5.314109830481914543e-01
5.591076092836588796e-02 3.672618422677506166e-03 4.521606609188456583e-01 4.882559597301110443e-01
6.011508585237816671e-02 2.771982189375343190e-03 4.863636875821870098e-01 4.507492443760596212e-01
6.526410543054603219e-02 2.071592561471664005e-03 5.246131780178382442e-01 4.080511239901439269e-01
6.902160881731222997e-02 1.535228542034436892e-03 5.771779010384037178e-01 3.522652616022496908e-01
7.265615845815286133e-02 1.176102361395722426e-03 6.389634909080665892e-01 2.872042482723847767e-01
8.079416632810960952e-02 1.016282749189358851e-03 6.892678333197334029e-01 2.289217176029676726e-01
9.866232402736284379e-02 1.067543003881016393e-03 7.086492131504490422e-01 1.916209198183068951e-01
1.255409544065197169e-01 1.300251789592319360e-03 6.966005918876994052e-01 1.765582019161883176e-01
1.497135174663551116e-01 1.623357611886661533e-03 6.701896597452104976e-01 1.784734651765478297e-01
1.575761556779141093e-01 1.951665059885506273e-03 6.439210889014894690e-01 1.965510903607108339e-01
1.505493942218952552e-01 2.286683197991459891e-03 6.115943514759907274e-01 2.355695711041228546e-01
1.419364104805362625e-01 2.719254757162574768e-03 5.596151796689948776e-01 2.957291550933067725e-01
1.386259451147541788e-01 3.304560079622292056e-03 4.991276488702468539e-01 3.589418459353767021e-01
1.357451837065092870e-01 3.998327403601499748e-03 4.597575521704402313e-01 4.004989367194489724e-01
1.258267076217741698e-01 4.735685836900318905e-03 4.543306093062889350e-01 4.151069972350363568e-01
1.096511792327802826e-01 5.412113672021755598e-03 4.722995654617739292e-01 4.126371416334241871e-01
9.473892215703659525e-02 8.553826107524901134e-01 2.850756872731781064e-02 2.137089836315532107e-02
6.213459182838428907e-01 8.679624739233410269e-02 2.009462862447749243e-01 9.091154807904791579e-02
5.783141756022655011e-01 1.040501402664571889e-01 2.229846075678779960e-01 9.465107656339939723e-02
5.243701751220098961e-01 1.303079451786139376e-01 2.476474071583114889e-01 9.767447254106503829e-02
4.556262788430016086e-01 1.698632139553195586e-01 2.754956678110868085e-01 9.901483939059237127e-02
3.701934223910500754e-01 2.279970884839363499e-01 3.060514537178583017e-01 9.575803540715510653e-02
2.732112420487559645e-01 3.107750165168852718e-01 3.305807716386048312e-01 8.543296979575401573e-02
1.816268801509802466e-01 4.179724768908001931e-01 3.309921603608688701e-01 6.940848259735085679e-02
1.109579382144251503e-01 5.340017546582953578e-01 3.033166743524886577e-01 5.172363277479095911e-02
6.622471202853115468e-02 6.421284779127917064e-01 2.554635193983494368e-01 3.618329066032760499e-02
4.293538005416185771e-02 7.361190317160537511e-01 1.961945429759848480e-01 2.475104525379964379e-02
3.332558736295743868e-02 8.103600097129576296e-01 1.390811294546553945e-01 1.723327346942943317e-02
3.082229686713657685e-02 8.605801534765729066e-01 9.639634981627068222e-02 1.220119984001975799e-02
3.462216504980217963e-02 8.869351361014297108e-01 6.980860176936860839e-02 8.634097079399809943e-03
4.066567627433888971e-02 8.986392686367695726e-01 5.457779748468352676e-02 6.117257604208377851e-03
5.322232358987677436e-02 8.945440681404855932e-01 4.741852911015304040e-02 4.815079159484313663e-03
7.599536208186935538e-02 8.727766586058023357e-01 4.670798874187111205e-02 4.519990570457327848e-03
1.178116692283352474e-01 8.254582971700652472e-01 5.163686720984081435e-02 5.093166391758475152e-03
1.960624397733673474e-01 7.358469118648868212e-01 6.156680647234918230e-02 6.523841889396722778e-03
3.333233041256714047e-01 5.868662745046089313e-01 7.132525085202207071e-02 8.485170517697744261e-03
5.387576359764618683e-01 3.801475662863816329e-01 7.129189909438374273e-02 9.802898642772523569e-03
7.404839208593733124e-01 1.934621831042553641e-01 5.664715831517641575e-02 9.406737721195098517e-03
8.641804263041761303e-01 8.774241757631454086e-02 3.982984929164541665e-02 8.247306827864097842e-03
9.183967692973471486e-01 4.409535526655003479e-02 2.983853247467398509e-02 7.669342961428956412e-03
9.406475111136319844e-01 2.656441246669067474e-02 2.492456931234646525e-02 7.863507107330776694e-03
9.476150175829253230e-01 2.052922650886900013e-02 2.320436495774641852e-02 8.651390950459232274e-03
9.476937959317315308e-01 1.997980982857688881e-02 2.282464098784961481e-02 9.501753251842078377e-03
9.495522362693898932e-01 1.928096213193775457e-02 2.130529625938503216e-02 9.861505339287326977e-03
9.548130901796807457e-01 1.748486891785875838e-02 1.791933898511530177e-02 9.782701917345018941e-03
9.560165613448113886e-01 1.831452217213137487e-02 1.577292048373596378e-02 9.895995999321399381e-03
9.573380239899119681e-01 1.849127429363246755e-02 1.360769613274768856e-02 1.056300558370774911e-02
9.559931161979171588e-01 1.988493068595047208e-02 1.217068575867677124e-02 1.195126735745578005e-02
9.515198581617765328e-01 2.331764959015856717e-02 1.122974410506039772e-02 1.393274814300414499e-02
9.431885472993754016e-01 2.990011332786596254e-02 1.053733372131990254e-02 1.637400565143863965e-02
9.306277010694802287e-01 4.075789769350164626e-02 9.770058316352334821e-03 1.884434292066608160e-02
9.141432699607280332e-01 5.663513013149133052e-02 8.689243982156891546e-03 2.053235592562394074e-02
8.936238883813023559e-01 7.760657576116097855e-02 7.508024191822525173e-03 2.126151166571432424e-02
8.696213035220757837e-01 1.022285866825910078e-01 6.553898697035427483e-03 2.159621109829793981e-02
8.452528088342039503e-01 1.269581207116812216e-01 5.890782814184781883e-03 2.189828763992997598e-02
8.224092910909261978e-01 1.494567226086649103e-01 5.545036055711666766e-03 2.258895024469742899e-02
7.955277966442524384e-01 1.745700470115266745e-01 5.625369370536857129e-03 2.427678697368432226e-02
7.548220954908674285e-01 2.121999437995851223e-01 6.163547703473403784e-03 2.681441300607366809e-02
6.910424607692705612e-01 2.729920157740809428e-01 7.027516542023372510e-03 2.893800691462495786e-02
5.991076324627814254e-01 3.638398780027413126e-01 7.918675806926622762e-03 2.913381372755045190e-02
4.802427276659239630e-01 4.846388313107340418e-01 8.371614194159002556e-03 2.674682682918298748e-02
3.498637390367320688e-01 6.197680460032527483e-01 7.866787517950371914e-03 2.250142744206471562e-02
2.314864694562567271e-01 7.441499875550789955e-01 6.514941873795187036e-03 1.784860111486910941e-02
1.452496546888670526e-01 8.355212555032760502e-01 4.874152052161670468e-03 1.435493775569516781e-02
9.304484965543191599e-02 8.905560071876327255e-01 3.678715154277406758e-03 1.272042800265779823e-02
6.159326931084311424e-02 9.231135991306677058e-01 2.939040470599923148e-03 1.235409108788934791e-02
4.265161831364982364e-02 9.421035908386818924e-01 2.528482069810314512e-03 1.271630877785787442e-02
3.182943140661599613e-02 9.521183045577836790e-01 2.363394713958679935e-03 1.368886932164152352e-02
2.641580235302668292e-02 9.557504598055506229e-01 2.427398375498164562e-03 1.540633946592413414e-02
2.393237683364861021e-02 9.558715524248518891e-01 2.719344226006370144e-03 1.747672651549295880e-02
2.180000051640609490e-02 9.568038401556685502e-01 3.169609987042451994e-03 1.822654934088273684e-02
1.844203371375792433e-02 9.615874373564352595e-01 3.658197788107589356e-03 1.631233114169902340e-02
1.419673944060204605e-02 9.687945096980520310e-01 4.142487138177961513e-03 1.286626372316783569e-02
1.017120852146027356e-02 9.754875702608780674e-01 4.690912557134704029e-03 9.650308660526837889e-03
7.042165508830995103e-03 9.804270550510673088e-01 5.328149086502380685e-03 7.202630353599378740e-03
5.065657607398629976e-03 9.833498480470133085e-01 6.062408971007711769e-03 5.522085374580167592e-03
4.165673563021487884e-03 9.842703059234252372e-01 7.018319560664463067e-03 4.545700952888763295e-03
4.048337635740313634e-03 9.834583820856845904e-01 8.450911648388398714e-03 4.042368630186549822e-03
4.551912514835210893e-03 9.807636143583604582e-01 1.086758816495213796e-02 3.816884961852068034e-03
5.770685300978533119e-03 9.753013829275776203e-01 1.512011709896074647e-02 3.807814672483037649e-03
8.013537591264817753e-03 9.656256532160034656e-01 2.235572704674671299e-02 4.005082145985257823e-03
1.158352109587905757e-02 9.503129994542657277e-01 3.373925814290179570e-02 4.364221306953640182e-03
1.649892352990811259e-02 9.284290100674604806e-01 5.026777032911013826e-02 4.804296073521227735e-03
2.241580672870417679e-02 8.997854361805958101e-01 7.258862777568310387e-02 5.210129315016956073e-03
2.901626208959985978e-02 8.653974515330780104e-01 1.001055106491443997e-01 5.480775728177649485e-03
3.831171753416828807e-02 8.248047586315134794e-01 1.310234453072806893e-01 5.860078527037496446e-03
5.207317690726887688e-02 7.779546858191525027e-01 1.631812723098162721e-01 6.790864963762133222e-03
7.516370936077726439e-02 7.185836146861588336e-01 1.972880397477081438e-01 8.964636205355978535e-03
1.289280501503324294e-01 2.076572462039070338e-02 6.315378770196970401e-03 8.439908464590801795e-01
1.324785502115536362e-01 2.619598269411321095e-02 6.196831708544505053e-03 8.351286353857885203e-01
1.650522306988175258e-01 3.466869191459152899e-02 6.687360336152417366e-03 7.935917170504384055e-01
2.357443017271469710e-01 4.618039533241019567e-02 7.569066838545015705e-03 7.105062361018977812e-01
3.495845763882673984e-01 5.874261357896636004e-02 8.374702701534343999e-03 5.832981073312317744e-01
4.899797900224860392e-01 6.816775778902980920e-02 8.649624500831743987e-03 4.332028276876525585e-01
6.243534572828579599e-01 7.532782817263142250e-02 7.844265469689654796e-03 2.924744490748207859e-01
7.364708494704760300e-01 7.757386733797552725e-02 6.422634228008659678e-03 1.795326489635399037e-01
8.127154430985155109e-01 8.044254617350722614e-02 5.141144755027873825e-03 1.017008659729493336e-01
8.583546555581823556e-01 8.125797429286729656e-02 4.101808382184490842e-03 5.628556176676570433e-02
8.868231827009023238e-01 7.765226831562743737e-02 3.024866104943026678e-03 3.249968287852698923e-02
9.172872511427112574e-01 6.171532229558481658e-02 2.707110820986698314e-03 1.829031574071733265e-02
9.448191855938398165e-01 4.225268289142464218e-02 1.804274392373677411e-03 1.112385712236190101e-02
9.670083553660938636e-01 2.421327617065045790e-02 1.449518193410959024e-03 7.328850269844695668e-03
9.801657459883835743e-01 1.298905118542163957e-02 1.225089281563575576e-03 5.620113544630996917e-03
9.868354955705530562e-01 7.069196767630973356e-03 1.092262603332088159e-03 5.003045058484012139e-03
9.898124940286869844e-01 4.091714637818216413e-03 1.046659064904769624e-03 5.049132268589798418e-03
9.884379166917037773e-01 3.933803885182078283e-03 1.536502634260744323e-03 6.091776788853705583e-03
9.866316703948957434e-01 3.438069653420173632e-03 1.951942668995266866e-03 7.978317282689034035e-03
9.829933803600656717e-01 3.346227878130596245e-03 2.707567274378266768e-03 1.095282448742537079e-02
9.783297738698502055e-01 3.410312943959538986e-03 3.784765098126287742e-03 1.447514808806406143e-02
9.739003059155705300e-01 3.487501779619429833e-03 5.011680462245152005e-03 1.760051184256489556e-02
9.708066678231265234e-01 3.512113143964926219e-03 6.115435645808385730e-03 1.956578338709988318e-02
2.745924477123838914e-01 2.892496233128978855e-01 1.744396743435077946e-01 2.617182546312104563e-01
2.601313474740772902e-01 2.830671462225020640e-01 1.792337949681627740e-01 2.775677113352579828e-01
2.457726485794810012e-01 2.712998917622795325e-01 1.841595115512440484e-01 2.987679481069955290e-01
2.320597788288282781e-01 2.571928858802681739e-01 1.870242023413575816e-01 3.237231329495459109e-01
2.225868886522514023e-01 2.402875669590882335e-01 1.870430174804906254e-01 3.500825269081697111e-01
2.161952640074904786e-01 2.177764393378724683e-01 1.895683831006301223e-01 3.764599135540069863e-01
2.088398519981833346e-01 1.936574336573678445e-01 1.956642029389810411e-01 4.018385114054678353e-01
1.982689233128798467e-01 1.725958851609913358e-01 2.052243289366126044e-01 4.239108625895162130e-01
1.834076345326795254e-01 1.572858687192765226e-01 2.182897366876037359e-01 4.410167600604398830e-01
1.637073565717716839e-01 1.470426152048078527e-01 2.359254692088402217e-01 4.533245590145799087e-01
1.403805705448920860e-01 1.395791270811517770e-01 2.606588767827647257e-01 4.593814255911917721e-01
1.167069742525964904e-01 1.329424421425836333e-01 2.965265776499569350e-01 4.538240059548627192e-01
9.621382453808614843e-02 1.256827048268845948e-01 3.461452067827753276e-01 4.319582638522542761e-01
8.168789362196392234e-02 1.174670859498037068e-01 4.044218871626957812e-01 3.964231332655364093e-01
7.517239957128102334e-02 1.104366477476103892e-01 4.558144646224796537e-01 3.585764880586285175e-01
7.833180885386424597e-02 1.084394104914028767e-01 4.834140571772453931e-01 3.298147234774874703e-01
9.291725851576763950e-02 1.133023374445306514e-01 4.805288991454700342e-01 3.132515048942315361e-01
1.202248087004281069e-01 1.232851370655038692e-01 4.517792479284782337e-01 3.047108063055899985e-01
1.582454701706592359e-01 1.354090028893570330e-01 4.088105718187913240e-01 2.975349551211923238e-01
1.997130081264412438e-01 1.481335509910599590e-01 3.663504646229187034e-01 2.858029762595803436e-01
2.366182250726679426e-01 1.628217216263468381e-01 3.324908535026332435e-01 2.680691997983519759e-01
2.635881269741880972e-01 1.796644129967303605e-01 3.084632450348369082e-01 2.482842149942446619e-01
2.708154368610498075e-01 1.955594206474552677e-01 3.009945360538132109e-01 2.326306064376817695e-01
2.574489503014316116e-01 2.052372432504313560e-01 3.137948912961328052e-01 2.235189151520044215e-01
2.279133436994216499e-01 2.081279938360995618e-01 3.456612786924317948e-01 2.182973837720471877e-01
1.933573382482636771e-01 2.027357661839648273e-01 3.907715504039263599e-01 2.131353451638455798e-01
1.637807049209755728e-01 1.911931100446982168e-01 4.375295973814810613e-01 2.074965876528453712e-01
1.477807681210218382e-01 1.781374840605369492e-01 4.678736657924469911e-01 2.062080820259941660e-01
1.489633320420036544e-01 1.686357757824152870e-01 4.667395097562587747e-01 2.156613824193224505e-01
1.641236797361409483e-01 1.670018667739571749e-01 4.318060988809975798e-01 2.370683546089040472e-01
1.863286628800664424e-01 1.773944503606871559e-01 3.720722773160027863e-01 2.642046094432437542e-01
2.071875252180921112e-01 2.013156517379900978e-01 3.049419064097255161e-01 2.865549166341920251e-01
2.212367944152092980e-01 2.352669271257931682e-01 2.475827921516489949e-01 2.959134863073484834e-01
2.213021178268211042e-01 2.690103949396198679e-01 2.137139400447052584e-01 2.959735471888539915e-01
2.051403074039633012e-01 2.867851409774957450e-01 2.059944935609280270e-01 3.020800580576129546e-01
1.757011570070979578e-01 2.756335516960676801e-01 2.192382429968670887e-01 3.294270482999673844e-01
1.474993351329201841e-01 2.387483974192076419e-01 2.314954827250862157e-01 3.822567847227858473e-01
1.312209638419448432e-01 1.915643072406525982e-01 2.202149982508209980e-01 4.569997306665820047e-01
1.272570218612938953e-01 1.494704140465064612e-01 1.811199781125528152e-01 5.421525859796468838e-01
1.359475865159230079e-01 1.155276788034571844e-01 1.328077520418750324e-01 6.157169826387445255e-01
1.633798741390328213e-01 9.043482897942368981e-02 9.364675389718020437e-02 6.525385429843634233e-01
2.193527775684663839e-01 7.391619051909022187e-02 6.818592028616084211e-02 6.385451116262826909e-01
3.047316073360074595e-01 6.404351960107065866e-02 5.288947054061641367e-02 5.783354025223057526e-01
3.990461406207908013e-01 5.985172282674294797e-02 4.425505636102963075e-02 4.968470801914368074e-01
4.715587245260782767e-01 6.222792889035498598e-02 3.961552700840999947e-02 4.265978195751565782e-01
5.066000980270378706e-01 7.225378546308158789e-02 3.661432658337753637e-02 3.845317899265031647e-01
5.048370354602609300e-01 9.301975846849196150e-02 3.491136341454638414e-02 3.672318426567007799e-01
4.835012094863324061e-01 1.224659014551602865e-01 3.300007369174826760e-02 3.610328153667590745e-01
4.597284101654351973e-01 1.608501958433796175e-01 3.033663538624992162e-02 3.490847586049352080e-01
4.490342603555928513e-01 2.063816686868465422e-01 2.705806268209144660e-02 3.175260082754694513e-01
4.562740424110226511e-01 2.544672850007752563e-01 2.349315263204619642e-02 2.657655199561553827e-01
4.736677633601998338e-01 2.972874818253930518e-01 1.985625762032014463e-02 2.091884971940868587e-01
4.709004443235553228e-01 3.487553318351069853e-01 1.794804661599854259e-02 1.623961772253393054e-01
4.471170740131331645e-01 4.028495423784217988e-01 1.817284399053158486e-02 1.318605396179134970e-01
4.094255178119027838e-01 4.505586389652654344e-01 2.128860729213900155e-02 1.187272359306930786e-01
3.720161921774696734e-01 4.764633663176236489e-01 2.824193895311634048e-02 1.232785025517901811e-01
3.443883134510186683e-01 4.679010614268298007e-01 3.988334891634438134e-02 1.478272762058071010e-01
3.265828101379288362e-01 4.220742339329461856e-01 5.470547702379165850e-02 1.966374789053334238e-01
3.163427506808856315e-01 3.473370611772054195e-01 6.679232037154110568e-02 2.695278677703678016e-01
3.105194122121365252e-01 2.656713671720040137e-01 7.239311255270838852e-02 3.514161080631515999e-01
3.161060638375474130e-01 1.917786823328038459e-01 7.328143354008988253e-02 4.188338202895587892e-01
3.258485755079936208e-01 1.366474643531558342e-01 7.319625009445074326e-02 4.643077100443998018e-01
3.298484413951321415e-01 9.690960726677666504e-02 7.329849066428795190e-02 4.999434606738032416e-01
3.205293676740808562e-01 7.029670282401781489e-02 7.290381916564578346e-02 5.362701103362552679e-01
3.022556766051670007e-01 5.198909583740506102e-02 7.164519802579139007e-02 5.741100295316364788e-01
2.782150379943698626e-01 4.064365392781643660e-02 6.983015431182962307e-02 6.113111537659839945e-01
2.480249182037269073e-01 3.365809971537529061e-02 6.757824355221010715e-02 6.507387385286879100e-01
2.137160632280341033e-01 2.870852395110367813e-02 6.410044787141781775e-02 6.934749649494443835e-01
1.847163827684533133e-01 2.452721402198678943e-02 5.930309302772766161e-02 7.314533101818325722e-01
1.705559721772671178e-01 2.107232411484606660e-02 5.490278763273905016e-02 7.534689160751477655e-01
1.724691098780936627e-01 1.862350622740939834e-02 5.264236663018425494e-02 7.562650172643127222e-01
1.838502923691967827e-01 1.715817922623419367e-02 5.321987118232392872e-02 7.457716572222450324e-01
1.929862983307586710e-01 1.626847321474780492e-02 5.655297764399808830e-02 7.341922508104954392e-01
1.882671136888590113e-01 1.528233077637188020e-02 6.180810214388247209e-02 7.346424533908866294e-01
1.678858510182340280e-01 1.374375796810449121e-02 6.701777727318536382e-02 7.513526137404760163e-01
1.429849447641634297e-01 1.183311876932259532e-02 6.989960605315535813e-02 7.752823304133583671e-01
1.256066205903509370e-01 1.015997386114403205e-02 7.014293022306969383e-02 7.940904753254356407e-01
1.204128312031858966e-01 9.215040364175768398e-03 7.042635312419942561e-02 7.999457753084389111e-01
1.275203210331718184e-01 9.171181600847915297e-03 7.469930014472930813e-02 7.886091972212508905e-01
1.437981213601992325e-01 9.885562830137578985e-03 8.475158101394605903e-02 7.615647347957171798e-01
1.658077221366919818e-01 1.105085145104481477e-02 9.930301159739164663e-02 7.238384148148718777e-01
1.940461730701709686e-01 1.242467405654164130e-02 1.161125021814783803e-01 6.774166506918088970e-01
2.277825860209967967e-01 1.367304105492226328e-02 1.336805460955441671e-01 6.248638268285366948e-01
2.577322921732134731e-01 1.441590058780045647e-02 1.518015019751211281e-01 5.760503052638649146e-01
2.747323152985792216e-01 1.493650937312794059e-02 1.710365705240540213e-01 5.392946048042386309e-01
2.834388419799646064e-01 1.615933825281717570e-02 1.917017373598357277e-01 5.087000824073827365e-01
2.992697097027476882e-01 1.902522580499484833e-02 2.125760369972626296e-01 4.691290274949947992e-01
3.359135559342548150e-01 2.460494929607004791e-02 2.272267944102610571e-01 4.122547003594142501e-01
3.967005942014261155e-01 3.424177318559613187e-02 2.263022160767557689e-01 3.427554165362221572e-01
