4.384839310033660648e-02 4.829313379600488204e-03 6.706196944805769000e-01 2.807025990394863002e-01
1.782160696841303751e-02 8.144553898154903715e-01 1.571613829759011260e-01 1.056162024019536433e-02
1.997623722806795774e-02 8.055596112939872322e-01 1.642033621534970955e-01 1.026078932444772843e-02
2.256825684234630910e-02 8.059009341788987424e-01 1.620714057938162922e-01 9.459403184938671924e-03
2.613469751290468934e-02 8.132533074698865549e-01 1.521869389088146840e-01 8.425056108394024870e-03
3.051609706262159438e-02 8.238363791810140446e-01 1.382173947229179412e-01 7.430129033446228153e-03
3.553407486636270957e-02 8.343190612699528108e-01 1.234619291951941089e-01 6.684934668490238006e-03
4.086087961055014789e-02 8.420058632224400874e-01 1.109269808097157334e-01 6.206276357294163160e-03
4.769024812775640720e-02 8.442112941677107907e-01 1.022093508863888695e-01 5.889106818144199812e-03
5.260762674440046943e-02 8.463623067940396760e-01 9.552615929295346642e-02 5.503907168606598024e-03
5.645852463225315560e-02 8.503717297367694439e-01 8.810552480465609626e-02 5.064220826321090899e-03
5.733234510899675590e-02 8.604751114684882074e-01 7.755517245310158958e-02 4.637370969413519110e-03
5.505581690269049921e-02 8.763891053199319714e-01 6.406702606938938227e-02 4.488051707988376104e-03
5.165861189015345106e-02 8.928351285963417316e-01 5.064523591825510068e-02 4.861023595249779929e-03
4.935441213922950321e-02 9.051081776785343536e-01 3.981880910667291718e-02 5.718601075563065593e-03
4.784955934822458790e-02 9.139515484636455689e-01 3.159032454815653701e-02 6.608567639973097173e-03
4.582180363903749082e-02 9.220536499233586980e-01 2.503560210219578711e-02 7.088944335407681464e-03
4.291668755136818919e-02 9.295947788029375047e-01 2.002995170695680976e-02 7.458581938737470288e-03
3.912301269054520997e-02 9.361263138679137841e-01 1.648835054361740687e-02 8.262322897923392653e-03
3.487132641923763876e-02 9.414839803347846425e-01 1.388817557857392922e-02 9.756517667403770411e-03
3.088026210150221496e-02 9.450205059277470010e-01 1.191697269290075724e-02 1.218225927785010487e-02
2.707117668014353412e-02 9.469076721348541614e-01 1.041812515041569409e-02 1.560302603458668322e-02
2.370249409525543999e-02 9.465835939631088713e-01 9.429292035575872685e-03 2.028461990605961648e-02
2.188251900211962350e-02 9.408454330404508736e-01 9.255222466362646866e-03 2.801682549106682477e-02
2.264134321904158823e-02 9.246006499930820022e-01 1.015113293286409174e-02 4.260687385501221031e-02
2.384268141509950784e-02 8.963699914307716732e-01 1.215305006114752485e-02 6.763427709298104606e-02
2.537162017080180076e-02 8.587976006432264109e-01 1.486071210982149379e-02 1.009700670761502356e-01
2.753376729850687613e-02 8.238273892560706857e-01 1.800748828794538486e-02 1.306313551574771470e-01
2.787309363487876918e-02 8.071949865819521008e-01 2.144774559910590100e-02 1.434841741840629792e-01
2.666874570299443761e-02 8.084093018652293017e-01 2.558645017748662973e-02 1.393355022542897004e-01
2.483407026664236766e-02 8.146647242550104639e-01 3.175020085980107681e-02 1.287510046185457446e-01
2.388512692905641471e-02 8.155502520739601469e-01 4.151168484045091034e-02 1.190529361565325905e-01
2.436745884630485415e-02 8.104090810452247995e-01 5.536698661936979154e-02 1.098564734891006311e-01
2.619169441487242261e-02 8.008057673262535259e-01 7.302572751391527006e-02 9.997681074495878839e-02
2.954337592877429031e-02 7.826262871460786252e-01 9.650223606416043209e-02 9.132810086098674951e-02
3.342175908755661701e-02 7.535376181133348616e-01 1.272476942576694636e-01 8.579292854143921732e-02
3.706996907855575341e-02 7.079390822568247810e-01 1.701853405439203715e-01 8.480560812069928844e-02
4.172489338099114042e-02 6.459127453205592007e-01 2.236859189979581997e-01 8.867644230049140375e-02
4.680444068684430636e-02 5.819564638678769164e-01 2.754628530399985675e-01 9.577624240528043176e-02
5.297631805977602582e-02 5.271051480920276866e-01 3.170208044717298668e-01 1.028977293764665873e-01
6.065727905424218164e-02 4.802872681985084768e-01 3.504520196405175869e-01 1.086034331067317060e-01
6.927643660923109292e-02 4.315976204374485370e-01 3.834627530794358363e-01 1.156631898738843672e-01
7.627649174064358994e-02 3.743747891611315382e-01 4.223985247768889395e-01 1.269501943213358075e-01
7.906034707843810627e-02 3.110829439490126469e-01 4.675105362826627586e-01 1.423461726898864188e-01
7.787599686065882487e-02 2.510048653875591174e-01 5.135843009273369786e-01 1.575348368244450514e-01
7.522556051558113022e-02 2.029369180118074656e-01 5.559525190820864271e-01 1.658850023905247550e-01
7.231446200281932413e-02 1.674068938736088807e-01 5.957714462199584782e-01 1.645071979036136223e-01
6.891575132121795233e-02 1.403837341422694285e-01 6.355261293761618191e-01 1.551743851603507030e-01
6.501651446823410174e-02 1.201029789945030624e-01 6.745422480129503739e-01 1.403382585243122538e-01
6.107236692414039908e-02 1.059063726799893967e-01 7.103164328279681916e-01 1.227048275679017419e-01
5.835922474350233036e-02 9.661399008361397367e-02 7.385247643054916322e-01 1.065020208673925911e-01
5.768520616592327788e-02 9.068462230154655801e-02 7.570527530543893491e-01 9.457741847814081504e-02
5.770277028291677379e-02 8.490729955454977274e-02 7.703702305737266665e-01 8.701969958880678702e-02
5.697376853543647396e-02 7.772673670098963206e-02 7.815073972553112647e-01 8.379209750826231706e-02
5.615385868488568383e-02 7.180796559677593560e-02 7.879820999066157183e-01 8.405607581172290510e-02
5.629278368937461891e-02 6.989542543688880005e-02 7.898028337361057138e-01 8.400895713763094352e-02
5.879873222873089472e-02 7.407873730759831354e-02 7.858249842738479485e-01 8.129754618982257264e-02
6.327570612044673692e-02 8.447564860331197023e-02 7.756662981449973238e-01 7.658234713124438542e-02
6.583918987136574974e-02 9.715988645714092320e-02 7.664652985649368366e-01 7.053562510655650430e-02
6.597750430978063796e-02 1.090994512028263391e-01 7.596003877500479007e-01 6.532265673734488631e-02
6.651405082788768020e-02 1.208231259056128520e-01 7.489162551462468231e-01 6.374656812025268626e-02
6.932485747763804385e-02 1.333661150783116978e-01 7.311716960002780930e-01 6.613733144377222095e-02
7.379590698249202663e-02 1.457096681188124743e-01 7.103114360684723572e-01 7.018298883022335011e-02
7.664712572632757792e-02 1.545763454972858553e-01 6.963774902517461118e-01 7.239903852464034395e-02
7.506659890784871114e-02 1.579933957333332362e-01 6.975984089956608347e-01 6.934159636315688491e-02
6.921849366374555057e-02 1.559762861432621162e-01 7.152564485349981460e-01 5.954877165799418032e-02
6.084644791476599007e-02 1.502221018546137654e-01 7.435435744679235182e-01 4.538787576269695534e-02
5.193329954539721571e-02 1.446545175067893430e-01 7.720452872568962510e-01 3.136689569091712787e-02
4.398982910632350668e-02 1.416652376699172045e-01 7.937155957340588097e-01 2.062933748970018771e-02
3.709705083597738401e-02 1.407824429035650915e-01 8.082909192352686345e-01 1.382958702518884836e-02
3.062971567168232961e-02 1.437612624721693044e-01 8.156012737690876424e-01 1.000774808706075131e-02
2.401512564112318060e-02 1.513956939351024933e-01 8.171547905801496148e-01 7.434389843624493628e-03
1.289303781157027191e-03 6.549582710326084384e-03 7.215954327831749504e-01 2.705656807253420948e-01
4.500890526106824524e-02 6.741440454350713374e-01 2.776039060325386498e-01 3.243143271322025158e-03
4.609645157505369573e-02 7.105784879960783673e-01 2.405358572761114033e-01 2.789203152756295975e-03
4.942694767703578046e-02 7.369858642301778673e-01 2.113252168059506775e-01 2.261971286835660466e-03
5.474472023013002980e-02 7.597437766314989460e-01 1.837882399228593644e-01 1.723263215511837377e-03
6.042987523881401812e-02 7.811743391841646789e-01 1.570769975580801059e-01 1.318788018941158095e-03
6.589408195505901122e-02 7.968033671100894777e-01 1.362409893686005735e-01 1.061561566250675617e-03
6.389241866662165314e-02 8.101201968556488442e-01 1.251066398395822565e-01 8.807446381473736305e-04
5.905669629072787807e-02 8.144773404323664145e-01 1.257005684037489635e-01 7.653948731566033057e-04
5.325722864122796330e-02 8.078804558792666013e-01 1.381535441316011914e-01 7.087713479042987612e-04
5.203716104376222840e-02 7.853409542687143086e-01 1.619080047304159165e-01 7.138799571076839606e-04
5.399296832919824041e-02 7.521023671707505187e-01 1.931395812511108034e-01 7.650832489405607175e-04
5.775207315895892340e-02 7.164146396485828738e-01 2.249829810915545958e-01 8.503061009038006147e-04
6.192151126309462794e-02 6.865246008278187428e-01 2.505830759780048878e-01 9.708119310818018538e-04
6.567704432238712087e-02 6.655976253974593693e-01 2.676063858547805818e-01 1.118944425373118862e-03
6.818538054233314050e-02 6.555504765133585154e-01 2.749905601694852542e-01 1.273582774823025284e-03
6.904607084241730364e-02 6.599867187362248311e-01 2.695457424083638753e-01 1.421468012993966313e-03
6.848780107759051827e-02 6.785187023832907061e-01 2.514407915042927710e-01 1.552705034826085519e-03
6.729664784454640614e-02 7.030105294480587519e-01 2.280158904284494414e-01 1.676932278945326158e-03
6.680244119558542693e-02 7.224832159799580156e-01 2.088659166701832826e-01 1.848426154273273428e-03
6.895471986051611435e-02 7.301538601089420100e-01 1.986965265197226105e-01 2.194893510819281683e-03
7.547803682264569991e-02 7.277165594237445800e-01 1.938814079323575579e-01 2.923995821252512155e-03
8.492632521302474757e-02 7.269548430480248236e-01 1.839055002523920790e-01 4.213331486558206766e-03
9.651104193474707715e-02 7.347064337641808773e-01 1.627566560044454158e-01 6.025868296626555112e-03
1.026964354989701872e-01 7.534196709371308032e-01 1.357227137104171644e-01 8.161179853481850474e-03
1.034037354907026141e-01 7.743788908632981416e-01 1.114364823902648099e-01 1.078089125573469982e-02
9.927902283872581946e-02 7.906882974574146461e-01 9.506576989455345350e-02 1.496690980930606707e-02
9.330306617480409181e-02 7.940093524818883086e-01 8.904289144596361227e-02 2.364468989734395260e-02
8.978581187065631797e-02 7.724059125014184346e-01 9.415959285748280727e-02 4.364868277044257200e-02
9.615194555538501830e-02 7.029126429634265927e-01 1.120001034648066829e-01 8.893530801638153960e-02
1.151226950629585383e-01 5.626395566977123730e-01 1.450472271208073649e-01 1.771905211185217099e-01
1.265454981630810827e-01 3.750025507540008518e-01 1.900216636687566685e-01 3.084302874141615081e-01
1.106739180948837220e-01 2.091471494787575380e-01 2.393424369046538158e-01 4.408364955217048409e-01
8.166461173653040417e-02 1.077416370469697349e-01 2.940511914569272633e-01 5.165425597595726392e-01
5.646514409321183592e-02 5.843927472290687264e-02 3.640684369400946641e-01 5.210271442437867107e-01
3.750677558970195308e-02 3.627223896925402952e-02 4.629412836555167887e-01 4.632797017855274646e-01
2.257330021373192205e-02 2.551865587845327660e-02 5.946665203705445713e-01 3.572415235372701781e-01
1.175843073699610851e-02 1.943193411963931375e-02 7.267104973518737632e-01 2.420991377914908649e-01
5.722599415252760217e-03 1.587271177854724172e-02 8.178549752445277710e-01 1.605497135616720250e-01
2.993146479792435297e-03 1.384208366694426352e-02 8.648706846509168766e-01 1.182940852023462580e-01
1.822461226308139592e-03 1.253013102969318185e-02 8.864050964850683778e-01 9.924231125893034910e-02
1.213939492177470688e-03 1.071364216075199743e-02 8.979968406074516629e-01 9.007557773961889780e-02
9.174240498408344933e-04 9.677915752353905346e-03 9.043249630582860243e-01 8.507969713951919755e-02
7.324796458713876950e-04 8.965046972399111705e-03 9.063016435740315346e-01 8.400082980769751906e-02
6.353139411314479273e-04 9.033111172048228013e-03 9.013882585407406722e-01 8.894331634607960391e-02
6.326133501723898598e-04 1.138950611930246958e-02 8.850044862146456692e-01 1.029733943158793741e-01
7.703906791558024804e-04 1.695646999947889033e-02 8.531612222595303940e-01 1.291119170618348910e-01
1.159361443450338978e-03 3.107010324563730733e-02 7.990252799049956112e-01 1.687452554059167831e-01
2.015757629360345488e-03 6.332792427318258144e-02 7.153486290409017956e-01 2.193076890565554549e-01
3.613447592208928263e-03 1.288381882368239140e-01 5.988378116042928356e-01 2.687105525666744765e-01
5.987466353381644575e-03 2.444981936714704374e-01 4.574148873769254831e-01 2.920994525982222867e-01
1.000678049263336450e-02 4.063437545661422456e-01 3.188310733759257554e-01 2.648183915652985165e-01
1.830974391572529406e-02 5.670905199198169599e-01 2.113738027273244779e-01 2.032259334371331327e-01
3.086767376657387207e-02 6.924589057277867887e-01 1.373823031291239172e-01 1.392911173765152000e-01
4.221944517364203259e-02 7.874945579440579824e-01 8.579229673458176053e-02 8.449370014771850901e-02
5.013073290107972896e-02 8.520442747049643550e-01 5.163240451119712610e-02 4.619258788275854705e-02
6.018475966457362963e-02 8.821252788854313520e-01 3.243254148383973440e-02 2.525741996615536722e-02
7.042601429596616336e-02 8.923980719416316765e-01 2.242727437559539211e-02 1.474863938680646275e-02
7.699448231985042690e-02 8.963915416454767415e-01 1.720515562963287684e-02 9.408820405039867996e-03
7.524248371772028487e-02 9.039764569896888702e-01 1.442868573176013698e-02 6.352373560830820720e-03
6.622267192502173661e-02 9.170220660239318811e-01 1.246674425358043799e-02 4.288517797466116083e-03
5.389444660114951768e-02 9.325697190638304601e-01 1.071947089718942696e-02 2.816363437830533226e-03
4.326973157151766530e-02 9.456040930818653267e-01 9.282001092604916584e-03 1.844174254012376311e-03
3.630100207952248470e-02 9.538671736112852573e-01 8.544086343620501192e-03 1.287737965571755317e-03
3.233002848084685216e-02 9.578041229349154584e-01 8.838874141381021510e-03 1.026974442856657321e-03
2.951417188627360536e-02 9.591867630027125502e-01 1.035392053614111497e-02 9.451445748726999829e-04
2.588270426260701890e-02 9.597716908539598579e-01 1.338755395671557304e-02 9.580509267177074592e-04
2.113458690715760285e-02 9.592312558171086634e-01 1.861505259573900672e-02 1.019104679994781680e-03
1.673400836727385183e-02 9.554002807277295339e-01 2.676622884954058326e-02 1.099482055455955083e-03
1.363411206317436883e-02 9.472850904541670891e-01 3.790305037537019389e-02 1.177747107288419724e-03
1.151691215790476112e-02 9.354176363594777222e-01 5.178692585658808273e-02 1.278525626029299771e-03
1.029032055534432125e-02 9.188706830311033080e-01 6.937481736148333467e-02 1.464179052069050158e-03
4.202416494592493001e-01 1.543184291611914838e-01 1.108265333968815186e-01 3.146133879826778501e-01
2.345250985101139385e-01 1.514083894714067235e-01 5.299331976522545506e-01 8.413331436622513426e-02
2.223190825198303466e-01 1.187572695047715704e-01 5.691279634059673853e-01 8.979568456943057275e-02
2.194421229298362530e-01 9.306506398522687573e-02 5.916647002752399853e-01 9.582811280969701084e-02
2.228462369548138144e-01 7.239506985171831333e-02 6.023387531141964901e-01 1.024199400792715070e-01
2.285349532931325311e-01 5.619054097549496668e-02 6.038326233765279882e-01 1.114418823548445348e-01
2.331902749329824998e-01 4.416569182313823810e-02 5.968225098878202628e-01 1.258215233560589508e-01
2.340746154596097528e-01 3.551288569459109395e-02 5.810940049261571483e-01 1.493184939196418870e-01
2.297906556210695950e-01 2.947471206016410300e-02 5.513020220020484752e-01 1.894326103167176534e-01
2.178306209934923188e-01 2.513660863428346035e-02 5.041802965080096621e-01 2.528524738642145553e-01
1.986668773703765267e-01 2.120834801039496800e-02 4.500265300619046838e-01 3.300982445573240609e-01
1.745057593520906725e-01 1.808462172152760714e-02 4.115309041252992461e-01 3.958787148010825541e-01
1.550784664924992340e-01 1.647131891450277774e-02 3.969986056723288081e-01 4.314516089206691940e-01
1.454977260212213241e-01 1.662155643818113288e-02 4.040254334237546319e-01 4.338552841168430430e-01
1.449583688841991347e-01 1.847282445033684994e-02 4.251263642996223613e-01 4.114424423658416541e-01
1.489082452949124502e-01 2.187880655643186650e-02 4.535747117089635183e-01 3.756382364396921858e-01
1.527414597778638528e-01 2.650015741061818864e-02 4.853648260438473971e-01 3.353935567676706309e-01
1.554089812479310939e-01 3.213806150395960570e-02 5.150867437240633784e-01 2.973662135240456861e-01
1.582253408132841266e-01 3.925661373944613897e-02 5.371260222568386977e-01 2.653920231904310922e-01
1.621810798014307053e-01 4.874863690528263155e-02 5.529636424621745538e-01 2.361066408311120468e-01
1.651287592580792940e-01 6.170909166907139615e-02 5.689451026784172472e-01 2.042170463944321390e-01
1.582206131684669170e-01 7.658834097199504476e-02 5.941523640709055476e-01 1.710386817886326016e-01
1.357195135722372714e-01 9.018206725812238922e-02 6.331787518753937416e-01 1.409196672942466810e-01
1.029998882914071323e-01 9.587824443346160130e-02 6.868037873349083222e-01 1.143180799402233189e-01
7.188995848667664723e-02 8.878045020261476905e-02 7.473668245035000046e-01 9.196276680720823216e-02
4.962647418119185000e-02 7.240952602441744212e-02 7.997587437005446720e-01 7.820525609384565424e-02
3.715287769813410690e-02 5.419246539228619181e-02 8.328870800507313099e-01 7.576757685884863425e-02
3.248051604233020973e-02 3.940941116220508800e-02 8.436725893690066869e-01 8.443748342645814031e-02
3.331840533598595666e-02 2.925655360718610459e-02 8.327773684299937251e-01 1.046476726268340540e-01
3.798926175966454294e-02 2.251053491293041747e-02 8.009750023602887348e-01 1.385252009671162354e-01
4.501746184898644532e-02 1.790603635557647469e-02 7.481715705666870386e-01 1.889049312287502391e-01
5.280137352045469884e-02 1.442121769121647475e-02 6.719180524710304248e-01 2.608593563172985630e-01
5.972461422580647994e-02 1.140028010761006370e-02 5.634319226437808359e-01 3.654431830228023759e-01
6.320497179002027011e-02 8.553370534759716787e-03 4.212378081119786954e-01 5.070038495632412934e-01
6.241502784713835739e-02 6.052229998062503419e-03 2.738244083063836598e-01 6.577083338484156494e-01
6.124082475240013451e-02 4.338649667901962881e-03 1.622352709074066368e-01 7.721852546722913768e-01
6.443574969766914518e-02 3.452321916536334190e-03 9.675525645819545162e-02 8.353566719275992147e-01
7.555239998182988748e-02 3.139095544068169590e-03 6.335003383974750768e-02 8.579584706343543754e-01
9.959421923010781941e-02 3.260401134072974522e-03 4.726367994818605339e-02 8.498816996876329410e-01
1.419451869180955728e-01 3.859073754761794921e-03 3.997025986577149720e-02 8.142254794613709157e-01
2.022028375815079770e-01 4.998614709665802867e-03 3.746131258375945405e-02 7.553372351250665639e-01
2.679713125893308789e-01 6.608904642894456068e-03 3.755025857499643543e-02 6.878695241927780257e-01
3.188258936144366396e-01 8.412553212809424294e-03 3.889771483003227198e-02 6.338638383427216416e-01
3.384600831367652884e-01 9.971604019174691580e-03 4.062751393813348461e-02 6.109407989059265631e-01
3.213498282591678579e-01 1.081010512699687003e-02 4.197247086815328321e-02 6.258675957456821815e-01
2.748478831748064621e-01 1.031681237316784371e-02 4.154760351374119087e-02 6.732877009382846056e-01
2.163734102588475428e-01 9.832818002211227842e-03 4.201855303880876885e-02 7.317752187001322906e-01
1.582965400487445218e-01 8.512478575737796385e-03 4.160353962776702774e-02 7.915874417477504199e-01
1.075368594029883079e-01 6.861105062427146073e-03 4.200181646001250463e-02 8.436002190745717222e-01
6.759748193459291787e-02 5.125806493764149471e-03 4.647013366942432527e-02 8.808065779022183905e-01
4.118306378707328047e-02 3.718051316474095189e-03 6.555025672697689654e-02 8.895486281694756636e-01
2.615324393395895841e-02 2.834146968720883519e-03 1.169017042667949424e-01 8.541109048305254303e-01
1.803707752936941841e-02 2.401323555663751903e-03 2.185493345019071387e-01 7.610122644130600245e-01
1.256595024421443621e-02 2.037750104205258636e-03 3.654790240002048218e-01 6.199172756513756655e-01
9.310400734463474340e-03 1.707500515632828135e-03 5.125395377263947116e-01 4.764425610235086817e-01
7.767567065986571637e-03 1.406971903442571321e-03 6.300920675650261149e-01 3.607333934655445051e-01
6.630178558418425676e-03 1.097947127572233101e-03 7.220976184261018727e-01 2.701742558879071665e-01
6.052198993511147436e-03 8.350057285946644106e-04 7.966142106842575288e-01 1.964985845936367825e-01
5.641162021448171277e-03 6.885328390387289573e-04 8.601540237612104178e-01 1.335162813783025981e-01
4.377939656881706977e-03 3.831020785052815050e-04 9.142928203453634106e-01 8.094613791924963608e-02
3.356589282428451820e-03 2.285722416810373177e-04 9.523712582701019391e-01 4.404358020578834354e-02
2.647939715249236770e-03 1.523006772669340653e-04 9.734236725025283699e-01 2.377608710495554556e-02
2.327709799363723072e-03 1.232396628890062499e-04 9.829561627109968391e-01 1.459288782675037012e-02
2.306064826084332046e-03 1.216291934917081673e-04 9.865976866335713913e-01 1.097461934685257760e-02
2.438529916784592296e-03 1.348743032195285566e-04 9.872811856431095157e-01 1.014541013688618869e-02
2.647262146010627253e-03 1.569920860812194134e-04 9.857697044911793993e-01 1.142604127672863096e-02
3.004842843802207116e-03 1.897569267937601893e-04 9.812766867208833066e-01 1.552871350852053078e-02
3.722259030336444625e-03 2.422545356722836994e-04 9.722143188507208489e-01 2.382116758326992961e-02
4.903560946537283832e-03 3.169737795289409251e-04 9.592667021349379208e-01 3.551276313899593556e-02
6.192002364563190669e-03 3.994897626044277366e-04 9.479489118433469530e-01 4.545959602948543982e-02
6.851303758095975312e-03 4.688637887605081071e-04 9.427695815838641469e-01 4.991025086927956128e-02
6.608573933316469647e-03 5.152341958425516420e-04 9.415446745962499087e-01 5.133151727459089875e-02
9.032605789673155139e-02 8.630078628466876234e-01 2.891298802118059605e-02 1.775309123540030898e-02
2.580064593240725124e-01 5.544067814713322662e-01 1.433463156069354760e-01 4.424044359765994666e-02
1.946129278500322857e-01 6.259611004522300792e-01 1.367817587531990620e-01 4.264421294453885070e-02
1.374532067678261860e-01 6.918508651024402045e-01 1.304502401609138607e-01 4.024568796881992927e-02
9.016994589168562946e-02 7.445856289251113758e-01 1.273694268260839313e-01 3.787499835711951451e-02
5.391496326140671203e-02 7.813269817412853424e-01 1.295213366099342012e-01 3.523671838737418849e-02
2.869303258578902172e-02 8.029622097826405458e-01 1.368668482627310168e-01 3.147790936883938795e-02
1.428546339626649182e-02 8.159961267023674303e-01 1.426801573022681846e-01 2.703825259909789849e-02
6.844300375425322117e-03 8.289030257259591972e-01 1.414930475177812452e-01 2.275962638083454254e-02
3.842289838556600060e-03 8.476797387427132957e-01 1.295106588012449600e-01 1.896731261748512559e-02
2.556686817863107822e-03 8.754162758651575782e-01 1.062773662970105948e-01 1.574967101996864807e-02
2.187823468402347489e-03 9.065478594717971683e-01 7.810422950340749348e-02 1.316008755639315811e-02
2.348829406024044442e-03 9.326122550754916141e-01 5.415894700417344526e-02 1.087996851431096909e-02
2.772446713658016388e-03 9.505911998025537990e-01 3.801908959978656660e-02 8.617263884001557725e-03
3.369044246302641769e-03 9.619294600421888219e-01 2.811474397428063293e-02 6.586751737227601079e-03
4.284093081931662945e-03 9.681417721129130793e-01 2.240761522804445016e-02 5.166519577110686122e-03
5.838235904296862865e-03 9.702269372358126587e-01 1.950982747919368862e-02 4.424999380696565190e-03
8.639492099397051705e-03 9.687530972314443156e-01 1.835966871073712800e-02 4.247741958421121303e-03
1.389922723455711516e-02 9.634269338186396414e-01 1.815303094042441945e-02 4.520808006378583717e-03
2.344805729539621922e-02 9.526699426952975891e-01 1.869311694972364962e-02 5.188883059582372927e-03
4.835850346234321639e-02 9.235715422603992808e-01 2.131238229542336063e-02 6.757571981834336466e-03
9.936242419472525456e-02 8.653264604499986135e-01 2.597255491171896954e-02 9.338560443557426122e-03
1.781739865929757027e-01 7.794435958427677891e-01 3.011766476734223721e-02 1.226475279691415822e-02
2.560094979300696072e-01 6.980256417315064965e-01 3.155549918978026169e-02 1.440936114864356174e-02
2.957250410463132528e-01 6.581369802980145955e-01 3.090434582165579175e-02 1.523363283401589149e-02
2.965154462276017311e-01 6.599867649247549428e-01 2.884189210991514388e-02 1.465589673772800874e-02
2.787012863352436587e-01 6.825140570380658911e-01 2.579721236348745880e-02 1.298744426320265315e-02
2.620005198351388898e-01 7.046704921052491244e-01 2.231615776205219531e-02 1.101283029755991197e-02
2.535250021351196925e-01 7.181434451956458798e-01 1.889339911214766438e-02 9.438153557086756407e-03
2.470178570213173441e-01 7.286900061785680505e-01 1.580790262155526080e-02 8.484234178559302980e-03
2.349239947980724386e-01 7.438712544741183930e-01 1.314651270216338208e-02 8.058238025645727415e-03
2.141676747990952645e-01 7.671193943044224417e-01 1.082678583304644976e-02 7.886145063435908223e-03
1.842322894184189874e-01 7.995174677486874826e-01 8.669493627858199797e-03 7.580749205035417805e-03
1.483820790674639234e-01 8.380278437036380312e-01 6.648904716827447846e-03 6.941172512070781404e-03
1.117492381457976802e-01 8.774955421693751978e-01 4.837487635580221823e-03 5.917732049247143022e-03
8.110911363083370129e-02 9.110323038704033483e-01 3.197135564015650844e-03 4.661446934747261010e-03
5.748394759954687794e-02 9.370338140500990010e-01 2.018716353086730253e-03 3.463521997267147122e-03
4.195038351847538843e-02 9.541201429110782728e-01 1.318190937418165561e-03 2.611282633028702733e-03
3.303509876423649239e-02 9.639079033508197725e-01 9.473231530125635807e-04 2.109674731931055879e-03
2.776027320140907195e-02 9.696438044926060096e-01 7.561679243843634057e-04 1.839754381601015629e-03
2.354071906172101533e-02 9.741168067082021098e-01 6.558096637907065733e-04 1.686664566286331240e-03
1.919216123409668573e-02 9.786722258770929050e-01 5.942014865090150793e-04 1.541411402301176006e-03
1.455475548525906986e-02 9.835920297173676996e-01 5.328561841170826457e-04 1.320358613256178686e-03
1.024398857326273664e-02 9.882613543956167979e-01 4.556202932192819762e-04 1.039036737901233515e-03
6.844837987284537427e-03 9.920183865041076743e-01 3.667334142224572247e-04 7.700420943854518986e-04
4.470146595623748602e-03 9.946856645217392323e-01 2.805713104778524876e-04 5.636175721590153511e-04
2.985469876202997020e-03 9.963661451442097361e-01 2.115138902590219167e-04 4.368710893282254522e-04
2.120981407961371797e-03 9.973299061641839325e-01 1.637900414593193511e-04 3.853223863956809761e-04
1.611859019820112990e-03 9.978572205030090680e-01 1.335675485144698917e-04 3.973529286564995858e-04
1.275823946631636724e-03 9.981445295002712159e-01 1.157249888290745084e-04 4.639215642681526622e-04
1.569385944704563915e-06 9.995780780084757566e-01 3.041769624655253515e-05 3.899349093328715720e-04
1.422793911131164107e-06 9.993729932016826023e-01 2.749993180040098039e-05 5.980840726058406394e-04
1.841270057410362652e-06 9.990370590961717978e-01 2.802955625342104962e-05 9.330700775174402030e-04
3.022351368083493991e-06 9.985396131976703726e-01 3.379630855056981874e-05 1.423568142410967623e-03
9.348734349105648289e-04 9.967670968358514072e-01 1.918190048079984828e-04 2.106210724430093023e-03
8.913343913781088777e-04 9.965333567879000043e-01 2.498145296273823735e-04 2.325494291094248097e-03
5.017189588942727272e-06 9.978125978366230164e-01 1.058116368772493097e-04 2.076573336910860282e-03
4.152345622442802292e-06 9.979341114355614328e-01 1.707942509739099129e-04 1.890941967842190655e-03
3.504613953519454793e-06 9.979770203702138520e-01 2.926311975978802349e-04 1.726843818234672550e-03
3.364840468489172754e-06 9.978340343407691160e-01 5.311790557468645943e-04 1.631421763015464483e-03
4.319359925073502018e-06 9.973261662826720109e-01 1.011268814347418337e-03 1.658245543055314073e-03
7.883246919473575081e-06 9.961970194384406341e-01 1.979561723268818442e-03 1.815535591371163476e-03
6.507719946050964915e-04 9.926880698015578819e-01 4.434509853747708487e-03 2.226648350089595677e-03
9.646565347394481845e-04 9.881042955525937144e-01 8.293787038947928597e-03 2.637260873719017486e-03
1.507051222937475475e-03 9.797877817008091572e-01 1.553032322805618197e-02 3.174843848197232612e-03
2.379420929788442132e-03 9.658019748139093918e-01 2.804023567077158774e-02 3.778368585530624685e-03
3.631821541634165391e-03 9.445508515131273430e-01 4.749211923979498873e-02 4.325207705443629043e-03
5.235766591334008874e-03 9.154565138035556382e-01 7.464770736248205196e-02 4.660012242628628829e-03
7.147390783755798969e-03 8.796665984711996567e-01 1.085287578530733654e-01 4.657252891970958646e-03
9.595384029678541080e-03 8.396035425729512225e-01 1.463492484587016473e-01 4.451824938668504962e-03
1.330008113299843350e-02 7.979208967631208349e-01 1.844049488472463694e-01 4.374073256634338804e-03
2.064361142805583998e-02 7.531036837868553269e-01 2.214607365363517044e-01 4.791968248736999496e-03
9.787331405370534865e-02 6.153422309647341160e-02 9.408193035837173965e-03 8.311842698139839669e-01
1.109035995676898034e-01 7.983890082969560820e-02 9.218244993954500741e-03 8.000392546086606549e-01
1.493354185138319745e-01 1.082534511666503052e-01 1.019049372127899672e-02 7.322206365982386611e-01
2.244879644585317524e-01 1.428150812256371305e-01 1.203485320735291596e-02 6.206621011084781925e-01
3.423565496997727498e-01 1.687388109036418726e-01 1.322270891390508150e-02 4.756819304826802042e-01
4.858095411655937168e-01 1.717248620960183381e-01 1.173286236247970959e-02 3.307327343759084992e-01
6.204149741066555812e-01 1.584371426151545692e-01 8.255490814695398694e-03 2.128923924634942566e-01
7.226592385983073852e-01 1.444034807569824497e-01 5.068872162029542001e-03 1.278684084826807177e-01
7.913479941004131213e-01 1.330382470586896626e-01 3.010933642918896432e-03 7.260282519797831013e-02
8.350664315948417293e-01 1.223526459993327792e-01 1.988821288291556851e-03 4.059210111753405043e-02
8.697594338188712193e-01 1.058355944468273441e-01 1.452864234062547230e-03 2.295210750023910298e-02
9.029658430404166047e-01 8.267699085504250089e-02 1.115076354802331396e-03 1.324208974973859095e-02
9.326078694598389784e-01 5.845703334812573509e-02 8.944449124855149806e-04 8.040652279549490022e-03
9.532895847937086220e-01 4.059366796980717895e-02 6.289685499177964526e-04 5.487778686566175887e-03
9.674598725950194211e-01 2.760680784213415465e-02 5.869913057032469282e-04 4.346328257143229450e-03
9.752078165536127718e-01 2.019150477586713691e-02 6.088790590224801499e-04 3.991799611497730792e-03
9.790194470556937700e-01 1.617712876065964187e-02 6.929245742748024435e-04 4.110499609371947964e-03
9.798967381318866021e-01 1.443736650926968554e-02 8.922941799909636131e-04 4.773601178852888809e-03
9.780272618135282814e-01 1.441570783682027262e-02 1.317582713745580952e-03 6.239447635905789359e-03
9.714960340864199351e-01 1.694255192672725410e-02 2.747959390530892252e-03 8.813454596321743800e-03
9.630200993792894515e-01 2.019755371551419307e-02 4.518191781859970391e-03 1.226415512333622546e-02
9.515056387152913686e-01 2.501461892345382271e-02 7.155114258267964919e-03 1.632462810298680039e-02
9.369745454993911871e-01 3.168438662847947868e-02 1.064311867956518019e-02 2.069794919256416274e-02
1.237816870916585849e-01 3.640122909173910126e-01 1.896814317976403819e-01 3.225245901933099790e-01
1.087122209359134284e-01 3.509091879951120596e-01 1.842638043822601712e-01 3.561147866867144240e-01
9.564242062806406486e-02 3.294505908450968135e-01 1.732830861997167460e-01 4.016239023271222508e-01
8.573203294609835212e-02 3.015556278708860782e-01 1.572719682936290220e-01 4.554403708893865477e-01
7.872202824957504064e-02 2.696897293100289916e-01 1.397879362968602601e-01 5.118003061435358880e-01
7.273550023940186793e-02 2.358372517149966985e-01 1.238134328303755194e-01 5.676138152152259142e-01
6.594490832882261844e-02 2.024662188023150233e-01 1.096950531608505280e-01 6.218938197080119412e-01
5.816085430300287074e-02 1.732252925308672975e-01 9.695578413703900833e-02 6.716580690290906430e-01
4.961545956044775135e-02 1.498037210870714897e-01 8.555648679917061961e-02 7.150243325533105487e-01
4.034282622920508377e-02 1.309301292300023567e-01 7.568901498915359127e-02 7.530380295516388989e-01
3.102609428015958015e-02 1.148950084591914000e-01 6.787574577841179457e-02 7.862031514822370726e-01
2.307702218914743988e-02 1.012917785270850413e-01 6.272209270493885047e-02 8.129091065788285331e-01
1.748854634442858699e-02 8.999169559600966872e-02 6.030829281452439183e-02 8.322114652450374184e-01
1.454900780053841949e-02 8.079246236351791954e-02 6.010236389779242960e-02 8.445561659381513042e-01
1.425112149946040040e-02 7.408104621733990758e-02 6.103268961122326058e-02 8.506351426719759301e-01
1.691683523376803083e-02 7.091243284807770275e-02 6.186048399328424735e-02 8.503102479248703105e-01
2.390045288196499321e-02 7.180431163959702379e-02 6.168046547207259311e-02 8.426147700063649770e-01
3.796775596976036116e-02 7.595919121923452866e-02 6.052295365239920150e-02 8.255500991586058879e-01
6.216613436249882052e-02 8.191865913765361551e-02 5.912249784187786905e-02 7.967927086579695839e-01
9.599501374444217860e-02 8.810788892018207863e-02 5.774259994785247568e-02 7.581544973875230520e-01
1.354831903264727688e-01 9.445197194668536467e-02 5.654678379117617643e-02 7.135180539356655860e-01
1.742658648325953463e-01 1.006132424271604930e-01 5.602737596072883408e-02 6.690935167795152294e-01
2.029239478167541577e-01 1.053570261369110445e-01 5.723243859057507155e-02 6.344865874557598096e-01
2.178463723496220361e-01 1.048542099291425167e-01 5.974294119302186318e-02 6.175564765282135493e-01
2.181503204293149811e-01 9.920368312525243426e-02 6.403663979865344136e-02 6.186093566467789628e-01
2.085153710651538317e-01 8.913218332792130494e-02 6.906882265322136782e-02 6.332836229537035511e-01
1.966392961033311126e-01 7.744576910602141151e-02 7.218504933126199119e-02 6.537298854593858177e-01
1.925319992053439733e-01 6.491950490503339832e-02 7.342912596331113706e-02 6.691193699263114913e-01
2.011491775251996461e-01 5.509383786075577188e-02 7.223628108486049304e-02 6.715207035291836934e-01
2.188875419380334475e-01 5.053414227411602566e-02 6.961650548828912655e-02 6.609618102995609146e-01
2.397029396249870659e-01 5.378426116381133243e-02 6.638567384811133731e-02 6.401271253630904656e-01
2.593656612770566250e-01 6.845214676939583021e-02 6.362659582631069455e-02 6.085555961272368641e-01
2.742678169024552193e-01 9.974560199478788025e-02 6.323484201373194558e-02 5.627517390890249827e-01
2.787003066969694354e-01 1.505064368390507945e-01 6.680926269958031849e-02 5.039839937643996182e-01
2.660962118720896497e-01 2.103563876978506719e-01 7.472914457325918747e-02 4.488182558568007408e-01
2.361766528846509505e-01 2.590047529764606948e-01 8.686621586553376628e-02 4.179523782733548520e-01
2.067327361359450333e-01 2.819136512275552398e-01 9.942798768372018703e-02 4.119256249527789571e-01
1.955014532726561394e-01 2.828455508273869934e-01 1.057098177355305230e-01 4.159431781644261084e-01
2.078256988105414704e-01 2.737864469190707806e-01 1.026864939820054251e-01 4.157013602883825043e-01
2.471623523371802855e-01 2.580531077983249100e-01 9.162795898946966833e-02 4.031565808750251501e-01
3.186574272001168051e-01 2.333711800594253927e-01 7.571990800801253751e-02 3.722514847324450704e-01
4.221434282445067354e-01 2.009125570085434631e-01 5.862988191125156900e-02 3.183141328356982047e-01
5.382950246841784470e-01 1.682571876816078005e-01 4.401791791182986524e-02 2.494298697223842898e-01
6.324692030522339747e-01 1.462702515826382055e-01 3.418463379157265364e-02 1.870759115735550759e-01
6.847907428571150534e-01 1.418220221827135585e-01 2.854801168674694217e-02 1.448392232734243834e-01
6.949987756474595990e-01 1.568000519884050759e-01 2.522738383182240168e-02 1.229737885323129026e-01
6.742266266764882499e-01 1.864010625786829412e-01 2.260110838885055762e-02 1.167712023559783763e-01
6.345661923067200672e-01 2.255677081429726949e-01 2.002659702801651634e-02 1.198395025222909471e-01
5.879749847089097425e-01 2.694527083041765025e-01 1.737569000724020762e-02 1.251966169796731865e-01
5.502172343369392538e-01 3.104652770067055645e-01 1.456006185460169584e-02 1.247574268017537513e-01
5.297190031915264274e-01 3.455226570589257640e-01 1.192088856573289384e-02 1.128374511838149685e-01
5.194837381823859124e-01 3.774120942603679252e-01 9.779327946219567094e-03 9.332483961102651382e-02
5.017222527425843071e-01 4.149096760039474030e-01 8.410957368322711028e-03 7.495711388514560147e-02
4.636604878518550410e-01 4.661261279765558929e-01 8.227373613594084895e-03 6.198601055799475568e-02
4.116910928619861854e-01 5.232193503251728606e-01 9.221738819285651631e-03 5.586781799355521744e-02
3.579620864124077317e-01 5.737985564300029928e-01 1.158549576189389467e-02 5.665386139569519863e-02
3.145030577477281319e-01 6.047845217951092200e-01 1.565203076415417477e-02 6.506038969300845243e-02
2.830084197047241790e-01 6.124964451910933638e-01 2.213659954472521271e-02 8.235853555945732429e-02
2.660186247011537830e-01 5.945600687366058290e-01 2.913713574895533676e-02 1.102841708132847875e-01
2.662822910880791039e-01 5.504583140135693720e-01 3.650130061890780736e-02 1.467580942794436960e-01
2.842001168350745677e-01 4.848914444166686488e-01 4.497405846180502209e-02 1.859343802864515394e-01
3.082792758318135262e-01 4.140172717340441788e-01 5.495723328520731032e-02 2.227462191489351928e-01
3.247307253572818131e-01 3.483523181318914363e-01 6.640889681406214606e-02 2.605080596967643269e-01
3.255899618561185482e-01 2.913631491731669132e-01 7.857174534723194992e-02 3.044751436234828801e-01
3.120288376724841273e-01 2.441843824905315652e-01 8.973275513982832685e-02 3.540540246971559113e-01
2.856206796706765583e-01 2.089340148009989906e-01 9.909522068393271377e-02 4.063500848443913904e-01
2.509236669296354139e-01 1.805824906722857670e-01 1.057309963280782250e-01 4.627628460700003998e-01
2.145676097955569184e-01 1.526585098621202341e-01 1.073395030922287968e-01 5.254343772500941201e-01
1.854103209425056742e-01 1.234563147474633110e-01 1.022524195653477935e-01 5.888809447446827772e-01
1.699843241438565855e-01 9.720692630617751295e-02 9.326226380378267733e-02 6.395464857461833352e-01
1.680729936537477265e-01 7.754663120295135492e-02 8.559198898526473864e-02 6.687883861580359302e-01
1.731086997306016118e-01 6.427452586110793398e-02 8.232296671066334504e-02 6.802938076976271509e-01
1.754505235169691868e-01 5.481473408327196956e-02 8.352116396388979680e-02 6.862135784358691648e-01
1.672976821467722919e-01 4.616747547365239457e-02 8.741656873964781527e-02 6.991182736399271791e-01
1.483211034013711405e-01 3.688268086728875572e-02 9.088550799639751043e-02 7.239107077349429265e-01
1.268196552857235315e-01 2.789341020736749860e-02 9.056267471820746151e-02 7.547242597887013904e-01
1.120649722003781018e-01 2.096794640293381598e-02 8.588194160829210055e-02 7.810851397883957770e-01
1.087981397158389457e-01 1.690171239003809486e-02 8.103264400273113566e-02 7.932675038913917787e-01
1.189245496317520440e-01 1.545711102236011630e-02 8.153811168871819004e-02 7.840802276571694485e-01
1.419606510236164632e-01 1.585316112652957604e-02 8.938320573740016206e-02 7.528029821124535559e-01
1.759991446806121462e-01 1.713561119284896794e-02 1.027655338325395018e-01 7.040997102939994257e-01
2.209035615223904347e-01 1.855596840485668197e-02 1.187321931016952353e-01 6.418082769710575786e-01
2.742103496838644849e-01 1.941933931345809008e-02 1.343986083992678437e-01 5.719717026034095708e-01
3.242697508365591785e-01 1.924315215629954223e-02 1.472296907196674332e-01 5.092574062874740681e-01
3.588424436973899345e-01 1.855116707682998717e-02 1.555062618322394230e-01 4.671001273935403986e-01
3.790718130812577580e-01 1.831856744937508316e-02 1.597267564189583933e-01 4.428828630504084707e-01
3.998546451673081759e-01 1.924089710806656944e-02 1.627029117516080869e-01 4.182015459730175078e-01
4.369329451022120892e-01 2.200746247746114201e-02 1.660381503971720407e-01 3.750214420231547385e-01
4.929190777905875787e-01 2.724931106262653072e-02 1.673210088410631291e-01 3.125106023057228066e-01
