6.481834341543890599e-02 3.209407211463289646e-03 6.506376978488385143e-01 2.813345515242591244e-01
3.140683397255402548e-02 9.182085608068194515e-01 2.285057037068492433e-02 2.753403484994156741e-02
3.437166058029496318e-02 9.115605087570649578e-01 2.540040478984065958e-02 2.866742587279959634e-02
3.656757531489564228e-02 9.080738312689448088e-01 2.719728420562679549e-02 2.816130921053315930e-02
3.878184160328262964e-02 9.069667653830130183e-01 2.803715738447958711e-02 2.621423562922445272e-02
4.118542521948091728e-02 9.076580127774618312e-01 2.787643154267691048e-02 2.328013046038001146e-02
4.435365216579126996e-02 9.084887757817091680e-01 2.708265845143517300e-02 2.007491360106442718e-02
4.905577542170264788e-02 9.075219457830580039e-01 2.624616626410842396e-02 1.717611253113114633e-02
5.452800725013826760e-02 9.053060361976198456e-01 2.553959153008151378e-02 1.462636502216063325e-02
5.906460265028632556e-02 9.038147524240017772e-01 2.477294799265825770e-02 1.234769693305336202e-02
6.013958031727006243e-02 9.061644038993393879e-01 2.345651867443792477e-02 1.023949710895278968e-02
5.565953622363549458e-02 9.147904255367663717e-01 2.118893380640101548e-02 8.361104433197076580e-03
4.763430354889315599e-02 9.271783388312903051e-01 1.813997352496170626e-02 7.047384094854901998e-03
3.772322619558561574e-02 9.407403087107568673e-01 1.518689406076123051e-02 6.349571032896116421e-03
3.001184885753227852e-02 9.511251616993806612e-01 1.277156760266048852e-02 6.091421840426628105e-03
2.410518090144535275e-02 9.594519368191534170e-01 1.068300846597548294e-02 5.759873813425665789e-03
1.904077676256971108e-02 9.672196477743070231e-01 8.654431269018910203e-03 5.085144194104457109e-03
1.499736478720029020e-02 9.737002326019227327e-01 6.912234795501833416e-03 4.390167815374848743e-03
1.205085209735993687e-02 9.783879724864653626e-01 5.615326743652948593e-03 3.945848672521634799e-03
9.914461117346265798e-03 9.817386758586257312e-01 4.638530931624125150e-03 3.708332092403587767e-03
8.383098603017679479e-03 9.840586467830625406e-01 3.913071699505917336e-03 3.645182914413832697e-03
7.116440735337104494e-03 9.857908201602059162e-01 3.391078058718993270e-03 3.701661045737924920e-03
5.988065729086463826e-03 9.870858403168810691e-01 3.063906873398278101e-03 3.862187080634301318e-03
5.218285889709032600e-03 9.874536993797894402e-01 3.011078280572080691e-03 4.316936449929428300e-03
4.890434535577845021e-03 9.864611302259203018e-01 3.297062299878581512e-03 5.351372938623267725e-03
4.918169934453032327e-03 9.839671366273063935e-01 3.949315284879374548e-03 7.165378153361063457e-03
5.143404921340394460e-03 9.803565092762324129e-01 4.947570565607715271e-03 9.552515236819313429e-03
5.549001517474488193e-03 9.762541792619185976e-01 6.291403351624332181e-03 1.190541586898270776e-02
6.069142573537366497e-03 9.725857756817929411e-01 7.937181460264392321e-03 1.340790028440522544e-02
6.502372915938758186e-03 9.698334836027708850e-01 9.893410933373454966e-03 1.377073254791710832e-02
7.012163353056119139e-03 9.664738758304757260e-01 1.267369443336058103e-02 1.384026638310753912e-02
7.974871897139718113e-03 9.606865209125743377e-01 1.693081263978025996e-02 1.440779455050581609e-02
9.567602006101743814e-03 9.525114981143413262e-01 2.255936236373313683e-02 1.536153751582358500e-02
1.194827654985779024e-02 9.429631605364010571e-01 2.872994932101390411e-02 1.635861359272753821e-02
1.475510686308517151e-02 9.326736900640073546e-01 3.506886654860050245e-02 1.750233652430709455e-02
1.987319168725850543e-02 9.179334668403899000e-01 4.248514336204509134e-02 1.970819811030637483e-02
2.772128167991750811e-02 8.964270811839852859e-01 5.184980295024287089e-02 2.400183418585470629e-02
4.054707119656000835e-02 8.647082660788379949e-01 6.290878247805405110e-02 3.183588024654772364e-02
6.118469014712232812e-02 8.215633599275201648e-01 7.352361229875553628e-02 4.372833762660235241e-02
9.116171378914444956e-02 7.700653998814156465e-01 8.149812735749753512e-02 5.727475897194236193e-02
1.320091420768112755e-01 7.110195987857718114e-01 8.778983528368200506e-02 6.918142385373532433e-02
1.864328310596792548e-01 6.390291555869287432e-01 9.531312341681734412e-02 7.922488993657472722e-02
2.534492781881567125e-01 5.522974221116042637e-01 1.055695250564200327e-01 8.868377464381915765e-02
3.261276898872693675e-01 4.583290352160326875e-01 1.179823449667825735e-01 9.756092992991556578e-02
3.955499592445075874e-01 3.701356310482482592e-01 1.308655025942456196e-01 1.034489071129986310e-01
4.572077040535804104e-01 2.974362468303540230e-01 1.422536371589344095e-01 1.031024119571310321e-01
4.991107399394977273e-01 2.486815865543699211e-01 1.554982580598912312e-01 9.670941544624118980e-02
5.217037806544480016e-01 2.182516358973482229e-01 1.728047812850068699e-01 8.723980216319690562e-02
5.229648235525936606e-01 2.020487156169217258e-01 1.978373894784937470e-01 7.714907135199071397e-02
4.955461525535166389e-01 2.025058321956708929e-01 2.335577192217133391e-01 6.839029602909911520e-02
4.421534776619275298e-01 2.165479222727962616e-01 2.792646699847205483e-01 6.203393008055572977e-02
3.749993724301550202e-01 2.390333549384322798e-01 3.282214651137564387e-01 5.774580751765647640e-02
3.097202269379593642e-01 2.618426485346729282e-01 3.737467649715651707e-01 5.469035955580276581e-02
2.562633370051539683e-01 2.781831113838148517e-01 4.126997632991697973e-01 5.285378831186156312e-02
2.162892677598308722e-01 2.897078566419766799e-01 4.416967207702273135e-01 5.230615482796496796e-02
1.898375713218198313e-01 3.005792326568348383e-01 4.572994455942685499e-01 5.228375042707644055e-02
1.717777106827707567e-01 3.182422024494307444e-01 4.577258737577299952e-01 5.225421311006833713e-02
1.564575539425252237e-01 3.451690933729162913e-01 4.460773410763831381e-01 5.229601160817563127e-02
1.379516894601698351e-01 3.805802434334019657e-01 4.297727187388318826e-01 5.169534836759590718e-02
1.195937644879765116e-01 4.182869881702689363e-01 4.117195410860589599e-01 5.039970625569580032e-02
1.079860213042584671e-01 4.505103300291866675e-01 3.918565067120154954e-01 4.964714195453950873e-02
1.033024693105395048e-01 4.750528099680872418e-01 3.718138363438536764e-01 4.983088437751973659e-02
1.047969201815327489e-01 4.902109092926188461e-01 3.547188935922653830e-01 5.027327693358298044e-02
1.086423741567960899e-01 4.949657749293512876e-01 3.465338127808157975e-01 4.985803813303683191e-02
1.113604342380051238e-01 4.917717280755928289e-01 3.495877226305436070e-01 4.728011505585875962e-02
1.118483720487356003e-01 4.852667216179243348e-01 3.611998870575544029e-01 4.168501927578571742e-02
1.104146920645236868e-01 4.797131697155202490e-01 3.760123102251394789e-01 3.385982799481658534e-02
1.074608329904603587e-01 4.795211521472708127e-01 3.872283429441767399e-01 2.578967191809234533e-02
1.037669577949752453e-01 4.855711470524625151e-01 3.915055261266683906e-01 1.915636902589387680e-02
9.936627059835002884e-02 4.952256402926548118e-01 3.908348872013553965e-01 1.457320190764007338e-02
9.191675788999342789e-02 5.131765669419261489e-01 3.832633762529646382e-01 1.164329891511584926e-02
7.709258069954980086e-02 5.520028508254246624e-01 3.617447026580377090e-01 9.159865816987869391e-03
7.487418053582863865e-03 1.725490859614050437e-02 5.000346047821861983e-01 4.752230685680904343e-01
3.608493802620969804e-02 9.166431847005813704e-01 4.134753801230141301e-02 5.924339260907327681e-03
3.512601390249325828e-02 9.256703091780148496e-01 3.450537743006337754e-02 4.698299489429035893e-03
3.539911416580827225e-02 9.315828444720805068e-01 2.941734233348777816e-02 3.600699028623391591e-03
3.571345087364909826e-02 9.366101441050505017e-01 2.508511068923040266e-02 2.591294332069915031e-03
3.536755470620633196e-02 9.410701569474650974e-01 2.172504469345311329e-02 1.837243652875609600e-03
3.304698779244485268e-02 9.459977550770367616e-01 1.961315608975167102e-02 1.342101040766912907e-03
2.797373815917248221e-02 9.522897966407052328e-01 1.872887250315436944e-02 1.007592696967620849e-03
2.205793900558926032e-02 9.578022702609049199e-01 1.935568080309624239e-02 7.841099304093985698e-04
1.804550431110883355e-02 9.590104094782748723e-01 2.228241121147729945e-02 6.616749991390422341e-04
1.762875096968325589e-02 9.533167010181123890e-01 2.843243799972872132e-02 6.221100124756373225e-04
1.805549497739582579e-02 9.438186801609660392e-01 3.752293532680962135e-02 6.028895348283777730e-04
1.964818361136766792e-02 9.309077414441532250e-01 4.884759654910857118e-02 5.964783953704299755e-04
2.157190756631854889e-02 9.171890386339643930e-01 6.063761236481968880e-02 6.014414348973090053e-04
2.336078691670769383e-02 9.050573435265247824e-01 7.098029221308338466e-02 6.015773436842883348e-04
2.484212049116944418e-02 8.970699236197671178e-01 7.751339482922374458e-02 5.745610598397512267e-04
2.623417748856243098e-02 8.949750474000329747e-01 7.826120760392704656e-02 5.295675074778731940e-04
2.808911096850951958e-02 8.977913929551932792e-01 7.362848082678499773e-02 4.910152495118644310e-04
3.111850460778278066e-02 9.016144565849425474e-01 6.678478447245758676e-02 4.822543348168659041e-04
3.439830905848802189e-02 9.043267639859430274e-01 6.076163219173791319e-02 5.132947638310759401e-04
4.146012455957683723e-02 9.002919322625363430e-01 5.762819363979660575e-02 6.197495380902077588e-04
5.380807634331030015e-02 8.883776878897423623e-01 5.695420511553050957e-02 8.600306514165692497e-04
7.248845554393580637e-02 8.710280170139047540e-01 5.518529561090113056e-02 1.298231831258349648e-03
9.405615732844939403e-02 8.551200614304291792e-01 4.891073491596943656e-02 1.913046325151953383e-03
1.118695087161316742e-01 8.457798414397255105e-01 3.976044991702434861e-02 2.590199927118397305e-03
1.223303455766767966e-01 8.427447346024348196e-01 3.163542972345664839e-02 3.289490097431920120e-03
1.250744771450642834e-01 8.442509286770940591e-01 2.649643400086224704e-02 4.178160176979425246e-03
1.240638395474876199e-01 8.449965466164406358e-01 2.519488745198964624e-02 5.744726384082090263e-03
1.210725528497526710e-01 8.420445465777560701e-01 2.803137167373203134e-02 8.851528898759253652e-03
1.198034307375744761e-01 8.288468233936888696e-01 3.637190433799671746e-02 1.497784153073997322e-02
1.216564938124350959e-01 7.975353405220370062e-01 5.441350972048510093e-02 2.639465594504259924e-02
1.359333057533301803e-01 7.243905860109872696e-01 9.309398177907267369e-02 4.658212645660997353e-02
1.652849456926098193e-01 5.879870713803169169e-01 1.696251687828344845e-01 7.710281414423857116e-02
1.951237304218178259e-01 4.147927669250172089e-01 2.836474991833172754e-01 1.064360034698478147e-01
2.051853764105939781e-01 2.703275354773108097e-01 4.070408202011923660e-01 1.174462679109030544e-01
1.816221544304493507e-01 1.853673038637707049e-01 5.237618593197453931e-01 1.092486823860345374e-01
1.319847877185533480e-01 1.391721983942385277e-01 6.400506467213730177e-01 8.879236716583513433e-02
7.737141566292238259e-02 1.141559735218301286e-01 7.429374570494767793e-01 6.553515376577044582e-02
3.925270252005041288e-02 1.028623740241012829e-01 8.092873654823006246e-01 4.859755797354767259e-02
1.980704184575551169e-02 9.809299855379285948e-02 8.426258205716574690e-01 3.947413902879432640e-02
1.105096560577737384e-02 9.283454872207366759e-02 8.614080954731170303e-01 3.470639019903158651e-02
7.415535004524614199e-03 8.549600576999218104e-02 8.753787179886025616e-01 3.170974123688058421e-02
4.774902684525481576e-03 7.407052453555097726e-02 8.924293851878530859e-01 2.872518759207050645e-02
3.547033391121316975e-03 6.554397692848153156e-02 9.038021673693591440e-01 2.710682231103788559e-02
2.882941971346692726e-03 6.183156490528719795e-02 9.078854922989708642e-01 2.740000082439524032e-02
2.691417610979082199e-03 6.692078330505146777e-02 8.998426961868641882e-01 3.054510289710567553e-02
3.031510055871813099e-03 8.929322086951183013e-02 8.704007469700791866e-01 3.727452210453725129e-02
3.995642951606793135e-03 1.463430132955881313e-01 8.026971117077512652e-01 4.696423204505358051e-02
5.606358646530082597e-03 2.625377622161016999e-01 6.760742655298861425e-01 5.578161360748247477e-02
7.825819713457270177e-03 4.425329002162203818e-01 4.927494054179464289e-01 5.689187465237608571e-02
1.094651692663572637e-02 6.393793380481049837e-01 3.017316871489741370e-01 4.794245787628555189e-02
1.536426104224919258e-02 7.861532182666189916e-01 1.632204978270017370e-01 3.526202286413002845e-02
2.370848789377829127e-02 8.642834628094340221e-01 8.724863916538347364e-02 2.475941013140425806e-02
3.562739354628578770e-02 8.990904469613857364e-01 4.815012595244253651e-02 1.713203353988615105e-02
5.825280228982877839e-02 9.013087655417689747e-01 2.829930910577881098e-02 1.213912306262315832e-02
9.331050026777573669e-02 8.796867285773526390e-01 1.817272109028801597e-02 8.830050064583696776e-03
1.293765758045565262e-01 8.513558662276123901e-01 1.274214355735181665e-02 6.525414410479190783e-03
1.573910804720328738e-01 8.284042412773233721e-01 9.266139330561782433e-03 4.938538920081643815e-03
1.639899072747311448e-01 8.247524235227141620e-01 7.378869157754569530e-03 3.878800044799918505e-03
1.511070782231300480e-01 8.398120901053269804e-01 6.066116317786885218e-03 3.014715353756196488e-03
1.258531735788262218e-01 8.670829972308433664e-01 4.868683148453100025e-03 2.195146041877682995e-03
9.869862399636676609e-02 8.958525299584102486e-01 3.940455406228514194e-03 1.508390638994454866e-03
8.040263591930896236e-02 9.156518004192019111e-01 2.942359713399286120e-03 1.003203948089679285e-03
7.146692406005505926e-02 9.254886460015908645e-01 2.331454143774591790e-03 7.129757945795462803e-04
7.036320790063546604e-02 9.269659759901230922e-01 2.086876892501551492e-03 5.839392167400899673e-04
7.345607088938187201e-02 9.238689870909950752e-01 2.119893182751600609e-03 5.550488368714015389e-04
7.527998867152679852e-02 9.217864770744967906e-01 2.355384216622217856e-03 5.781500373541518210e-04
7.175261337419391872e-02 9.248454962878713825e-01 2.778857384565457198e-03 6.230329533692857864e-04
6.366311637367638721e-02 9.322466135466043191e-01 3.415984908906813042e-03 6.742851708124954950e-04
5.480115880162388792e-02 9.401277865120283295e-01 4.335833659124286275e-03 7.352210272235243111e-04
4.841200620128485038e-02 9.449252016825158140e-01 5.807830364350311143e-03 8.549617518488267969e-04
4.569566966531569963e-02 9.448134108280185073e-01 8.385202466725699341e-03 1.105717039940073802e-03
6.259675896161691622e-01 5.450258682359670342e-02 9.519409153309392468e-02 2.243357320271401611e-01
3.334945433181552565e-01 3.922514288249637771e-01 2.243570561393264662e-01 4.989697171755454880e-02
3.449811544442172861e-01 3.342542970167783900e-01 2.658263122987410410e-01 5.493823624026351882e-02
3.653707927948425804e-01 2.744491505284085142e-01 2.992551367343398994e-01 6.092491994240946396e-02
3.927800381425379794e-01 2.150962386390007919e-01 3.236858002268028223e-01 6.843792299165862847e-02
4.209184472136733857e-01 1.597207536691062080e-01 3.396606136710560997e-01 7.970018544616430667e-02
4.416672603426873289e-01 1.143106578806902945e-01 3.451872707838467003e-01 9.883481099277563464e-02
4.433898889266220111e-01 8.028214410394529654e-02 3.439967392776746569e-01 1.323312276917579522e-01
4.243268025872699023e-01 5.823004362008795537e-02 3.267597010662610102e-01 1.906834527263813195e-01
3.779248364645172997e-01 4.276940284948836657e-02 2.955294249919991900e-01 2.837763356939952408e-01
3.039891954254601569e-01 3.016752719331591143e-02 2.600878431958600911e-01 4.057554341853637503e-01
2.220433161480826756e-01 2.050680139974154700e-02 2.309528747431318363e-01 5.264970077090436185e-01
1.574415655070558473e-01 1.463412505200082508e-02 2.150194217995998192e-01 6.129048876413433211e-01
1.179188908977621686e-01 1.206448022143209557e-02 2.166815831777750001e-01 6.533350457030305813e-01
9.768035728267739082e-02 1.203213894434371385e-02 2.353436131932117314e-01 6.549438905797670962e-01
8.820626100120612656e-02 1.422589670714296227e-02 2.662954767574551296e-01 6.312723655341958562e-01
8.303995197691463326e-02 1.870682096861022228e-02 3.026388474113517191e-01 5.956143796431231374e-01
7.956839556860099971e-02 2.587187880102587850e-02 3.352602456396909791e-01 5.592994799906823022e-01
7.805360597646912590e-02 3.682062010279586739e-02 3.557770881869146695e-01 5.293486857338205454e-01
7.988021339407164190e-02 5.404222016593433764e-02 3.653291085711450337e-01 5.007484578688488064e-01
8.469355860359370491e-02 8.075487324163570235e-02 3.736661811864067650e-01 4.608853869683637861e-01
8.787500434731884691e-02 1.176582655043528908e-01 3.886895313587787615e-01 4.057771987895497090e-01
8.333116952745969752e-02 1.588204394026922761e-01 4.120209732168705896e-01 3.458274178529773812e-01
7.068048914144692274e-02 1.911772471046952471e-01 4.458173917896413596e-01 2.923248719642164151e-01
5.606784668067415350e-02 2.009169631083148055e-01 4.914159418465013363e-01 2.515992483645100863e-01
4.471327293015121135e-02 1.822573660633838577e-01 5.438198746558763341e-01 2.292094863505886593e-01
3.781609614886156240e-02 1.417401531846798068e-01 5.931175229698204543e-01 2.273262276966383222e-01
3.450237271901142322e-02 9.644591043150729792e-02 6.241113118507385371e-01 2.449404049987424781e-01
3.408981461245860767e-02 5.944830989202092020e-02 6.245264872126100597e-01 2.819353882829104818e-01
3.691876785457134935e-02 3.450255952995845421e-02 5.937216731770197375e-01 3.348569994384502091e-01
4.334947227006525489e-02 2.027357919993335450e-02 5.394991187758720885e-01 3.968778297541291078e-01
5.231791752603011381e-02 1.269837058553560487e-02 4.690711171216382369e-01 4.659125947667959733e-01
6.200291238791365983e-02 8.470920960781443826e-03 3.819435069577810649e-01 5.475826596935237101e-01
6.944713758308726503e-02 5.868541424991256285e-03 2.822963466738844796e-01 6.423879743180370694e-01
7.360183960397398417e-02 4.159322266212892895e-03 1.876504557262888284e-01 7.345883824035245313e-01
7.811844635032270945e-02 3.125475445961054064e-03 1.170414310988577150e-01 8.017146471048587353e-01
8.884141504178241777e-02 2.604205656160635870e-03 7.443005206131894647e-02 8.341243272407379283e-01
1.118293194878242913e-01 2.424884085230486278e-03 5.136375237785148484e-02 8.343820440490938850e-01
1.540812373402079549e-01 2.535265689834173813e-03 3.863070481856666766e-02 8.047527921513911719e-01
2.221422724070905852e-01 2.953357467663874844e-03 3.116888780874941395e-02 7.437354823164959994e-01
3.106808949015121279e-01 3.682562695172125929e-03 2.663208352468629178e-02 6.590044588786295732e-01
3.976575168900161050e-01 4.662952156557878362e-03 2.401241303519351805e-02 5.736671179182327718e-01
4.614154931820104721e-01 5.814982025930750392e-03 2.284061634831481905e-02 5.099289084437438335e-01
4.920300920159721425e-01 7.049744037404474632e-03 2.274636358792760452e-02 4.781738003586957775e-01
4.876486313160081076e-01 8.244531659169896873e-03 2.346571539437107903e-02 4.806411216304508072e-01
4.544715028944040225e-01 9.250155869343615681e-03 2.505535567251503462e-02 5.112229855637374643e-01
4.049488269680165398e-01 9.946537264468523556e-03 2.809056162604539608e-02 5.570140741414697505e-01
3.488070764420875269e-01 1.020682405978221713e-02 3.372341215811221898e-02 6.072626873400178704e-01
2.906333284373308068e-01 9.890431589627934894e-03 4.381799000240799852e-02 6.556582499706333778e-01
2.315495107390417862e-01 8.985559990691742785e-03 6.148922110724050483e-02 6.979757081630261206e-01
1.726321867068235094e-01 7.593356335601736395e-03 9.079500740912961609e-02 7.289794495484451797e-01
1.195742973689647021e-01 5.962963609165474084e-03 1.368602797706767182e-01 7.376024592511931655e-01
7.894506936343849424e-02 4.424772518202293135e-03 2.070469198844042125e-01 7.095832382339551936e-01
5.195263324701986096e-02 3.221213730840233064e-03 2.961222245954293619e-01 6.487039284267104300e-01
3.617988307581396223e-02 2.338755338387236721e-03 3.859041581809579680e-01 5.755772034048410868e-01
2.805498425694745099e-02 1.722188914401490654e-03 4.686004989224002437e-01 5.016223279062509421e-01
2.459809139611658993e-02 1.326324535311921128e-03 5.503383671400756683e-01 4.237372169284953638e-01
2.321452800608508893e-02 1.053502502651294500e-03 6.351010751869701210e-01 3.406308943042934412e-01
2.174203132969679264e-02 8.282114482625952583e-04 7.222495048575752197e-01 2.551802523644658427e-01
1.935664215169490346e-02 6.338500558798328089e-04 8.051420447992588825e-01 1.748674629931666336e-01
1.689852283103378955e-02 4.891640075488907060e-04 8.709088748093315457e-01 1.117034383520861957e-01
1.545564690722428351e-02 4.181359223336217844e-04 9.114118845801381097e-01 7.271433259030396501e-02
1.722415388392718044e-02 4.400494046947160806e-04 9.275761576060211899e-01 5.475963910535684015e-02
2.117849715764142521e-02 5.490692923918168242e-04 9.271179134218369144e-01 5.115452012812983507e-02
2.538303124978517206e-02 6.990916045465068139e-04 9.158404259203931641e-01 5.807745122527519649e-02
2.739776058863228198e-02 8.383869805772389740e-04 8.949507126161340143e-01 7.681313981465652529e-02
2.844364367384472417e-02 9.886905249908760438e-04 8.565328954864728228e-01 1.140347703146916830e-01
2.985829162662809177e-02 1.223399403882142154e-03 7.942639908769701940e-01 1.746543180925196614e-01
3.210147273796927492e-02 1.601395666926297640e-03 7.195035307740356156e-01 2.467936008210689092e-01
3.332907560541070735e-02 2.141662032338686756e-03 6.578582608367236073e-01 3.066710015255272315e-01
3.204840689534017156e-02 2.850018643726692780e-03 6.186897205369780162e-01 3.464118539239555150e-01
2.929428954925207204e-02 3.693707330663301060e-03 5.898697927618209436e-01 3.771422103582633967e-01
1.719252439896787610e-01 7.855050572940989184e-01 1.916207811423601554e-02 2.340762060198617669e-02
3.733065553172242312e-01 4.922298234045543452e-01 5.526551894298254580e-02 7.919810233523850995e-02
2.914260935707075895e-01 5.783889516818369048e-01 5.460508261794644325e-02 7.557987212950915967e-02
2.160359821069158803e-01 6.608095248322162218e-01 5.363398056808325182e-02 6.952051249278468070e-02
1.511134826750798188e-01 7.329685595244116447e-01 5.357453464372684271e-02 6.234342315678222113e-02
9.777087789089648762e-02 7.937335205002453709e-01 5.477040112327430377e-02 5.372520048558388633e-02
5.696853391925607579e-02 8.442281287940200940e-01 5.582758575223276815e-02 4.297575153449121471e-02
3.082304645788785935e-02 8.826406863683613491e-01 5.468466948324485905e-02 3.185159769050600886e-02
1.712664424031773783e-02 9.098218437529578262e-01 5.040499698680706714e-02 2.264651501991734803e-02
9.636883939944555083e-03 9.314135200946674908e-01 4.329043577165567896e-02 1.565916019373242082e-02
6.395518966406462877e-03 9.478851112538818624e-01 3.482242057175703037e-02 1.089694920795445179e-02
5.422304165480295451e-03 9.595478503200732812e-01 2.711242715856602287e-02 7.917418355880341541e-03
5.799067267568616332e-03 9.667162547908849657e-01 2.151791802284049038e-02 5.966759918706346540e-03
7.093236467450774428e-03 9.705491968681769777e-01 1.792918358190797104e-02 4.428383082464050491e-03
9.370382787399258659e-03 9.714965243323196997e-01 1.589265684569093201e-02 3.240436034590315172e-03
1.295784846887624957e-02 9.692965310022463310e-01 1.524183063171556489e-02 2.503789897161848473e-03
1.806853533280715352e-02 9.640551985217262754e-01 1.573248141386555249e-02 2.143784731600915840e-03
2.524430019766808059e-02 9.558485199779164221e-01 1.687875260985995801e-02 2.028427214555733171e-03
3.607931969660937294e-02 9.438308850446511800e-01 1.803795422647545485e-02 2.051841032263659187e-03
5.489324876052132512e-02 9.240648253423359160e-01 1.886910583085067705e-02 2.172820066291944810e-03
9.054080909448032621e-02 8.875557121263925042e-01 1.946421082036584732e-02 2.439267958761271067e-03
1.508394273567429111e-01 8.267004304571924367e-01 1.960363420177633001e-02 2.856507984288245844e-03
2.292868014884391348e-01 7.487842789044356628e-01 1.869773760792440773e-02 3.231181999200756928e-03
2.898996278825124451e-01 6.891749952539560908e-01 1.746633560118517406e-02 3.459041262346051939e-03
3.078042966643739775e-01 6.726439289230647933e-01 1.606308656067186036e-02 3.488687851889783406e-03
2.858685507014175897e-01 6.964851892261731958e-01 1.437234427700519526e-02 3.273915795403610669e-03
2.461804471846882891e-01 7.387103024285531783e-01 1.226964551425582459e-02 2.839604872502717123e-03
2.131245677613459177e-01 7.744540460183584329e-01 1.005524319110473290e-02 2.366143029190670953e-03
1.981178119834330065e-01 7.916367506704976575e-01 8.202905954296634689e-03 2.042531391772730784e-03
1.957617559183459643e-01 7.954666338439896345e-01 6.860272037136590402e-03 1.911338200527743121e-03
1.953875716057397460e-01 7.967662174972329758e-01 5.912260835474139435e-03 1.933950061553463533e-03
1.882270268820576964e-01 8.045289465432009512e-01 5.197498360880571135e-03 2.046528213860940824e-03
1.687062827051221681e-01 8.245985031479814431e-01 4.539957926240839950e-03 2.155256220655616100e-03
1.383741209823434182e-01 8.556031967239048353e-01 3.836069055696264118e-03 2.186613238055768686e-03
1.035071721780689014e-01 8.911156753449248624e-01 3.282892678675995105e-03 2.094259798330174328e-03
7.319629414707196080e-02 9.227033214967462760e-01 2.305761231232054259e-03 1.794623124949634805e-03
4.909094091091474599e-02 9.479817729967152662e-01 1.507284932888524687e-03 1.420001159481351681e-03
3.269848603158554551e-02 9.651937109377757285e-01 9.952680000233195615e-04 1.112535030615093359e-03
2.271288041448219636e-02 9.756763179370864236e-01 7.027354372654818658e-04 9.080662111659300274e-04
1.668709402901668443e-02 9.819987584636725719e-01 5.351193586362929964e-04 7.790281486743478668e-04
1.266045146677538015e-02 9.862138083279500256e-01 4.340026520230853271e-04 6.917375532514100653e-04
9.502352355261476854e-03 9.895242208699476238e-01 3.629369632973625682e-04 6.104898114933784373e-04
6.764023697238994055e-03 9.924268445693578133e-01 2.981889970094550417e-04 5.109427363939841090e-04
4.556336402535964870e-03 9.948052248783588736e-01 2.347029019559156258e-04 4.037358171490805611e-04
2.972075974867716738e-03 9.965423012564048610e-01 1.762742110726623593e-04 3.093485576547498855e-04
1.918379084873989135e-03 9.977164036163481686e-01 1.273072876085956098e-04 2.379100111691060900e-04
1.276707379391403031e-03 9.984382656294311653e-01 9.122808935657452279e-05 1.937989018210603369e-04
9.285507956935541888e-07 9.998458487711207043e-01 3.837610533681822699e-05 1.148465727467249975e-04
5.696834800314810654e-07 9.998415806446285803e-01 2.897286257906411778e-05 1.288768093122520252e-04
3.983535564056567828e-07 9.998145295999515403e-01 2.338066311041254723e-05 1.616913833815364994e-04
3.150778504710529379e-07 9.997693234695643749e-01 1.994315765900630844e-05 2.104182949261679638e-04
3.017994754041633761e-07 9.997082204122100801e-01 1.815494154403409345e-05 2.733228467704051467e-04
3.608348728608118708e-07 9.996247358951806383e-01 1.850569731890807726e-05 3.563975726275566964e-04
4.996637290868505130e-07 9.995142526972260466e-01 2.204124750692121624e-05 4.632063915378654669e-04
6.631440392759110643e-07 9.994099972774744822e-01 2.970162369649153653e-05 5.596379547897491983e-04
7.124183961435902703e-07 9.993696151690889540e-01 4.188176235100956441e-05 5.877906501638600683e-04
6.236199387949993511e-07 9.993915476508423712e-01 5.869716862205101181e-05 5.491315605967015583e-04
5.041119184894143679e-07 9.994250017150763110e-01 8.149047381448528066e-05 4.930036991906469991e-04
4.135890929580352665e-07 9.994451654682282582e-01 1.122660956166655986e-04 4.421548470621351648e-04
3.850618540589091136e-07 9.994346153814404055e-01 1.563988743275914492e-04 4.086006823779809549e-04
4.725950475246831402e-07 9.993580822989578394e-01 2.295271898570715923e-04 4.119179161373307451e-04
7.859812121920866414e-07 9.991816978666285820e-01 3.618741301697206360e-04 4.556420219893095964e-04
1.675898061453321418e-06 9.988503494460724275e-01 6.135482518374443459e-04 5.344264040286945700e-04
4.336417895913908643e-06 9.982429192430879450e-01 1.101105645049381106e-03 6.516386939667731092e-04
1.809686880021038483e-03 9.945981434122035392e-01 2.481538507566692382e-03 1.110631200208716520e-03
3.327774580141168535e-03 9.908209232703785174e-01 4.350837986627595355e-03 1.500464162852621760e-03
5.790190113313516303e-03 9.849864290533888456e-01 7.212557880943391668e-03 2.010822952354390011e-03
9.165427999502788123e-03 9.772562627245333644e-01 1.099060543689226767e-02 2.587703839071858660e-03
1.322080765939460077e-02 9.684979131788402640e-01 1.516034709386021063e-02 3.120932067904922877e-03
1.719239377280615266e-02 9.601447559956165501e-01 1.911500819876841076e-02 3.547842032809073003e-03
2.453612122282340310e-02 9.477864445155808060e-01 2.336799197739393083e-02 4.309442284202156734e-03
3.743574458891918422e-02 9.275664740956804932e-01 2.917147493121836563e-02 5.826306384182113052e-03
2.164223847923361366e-01 2.821794067430804728e-02 7.523318310374801574e-03 7.478363562229809469e-01
2.289309474546267209e-01 3.956040765423980005e-02 7.616640238739326094e-03 7.238920046523938945e-01
2.833122013824604934e-01 5.652869495984289006e-02 8.172142736761180137e-03 6.519869609209354433e-01
3.826928573638239683e-01 7.729314446289212159e-02 8.702174371732552746e-03 5.313118238015511752e-01
5.131699451089327679e-01 9.504068389435504915e-02 8.607555948431652032e-03 3.831818150482805829e-01
6.382706970251476042e-01 1.051207984119168909e-01 7.194251252244317912e-03 2.494142533106910309e-01
7.257293175167324195e-01 1.138905141746292954e-01 5.732112904752188244e-03 1.546480554038857369e-01
7.693106577298662874e-01 1.305293359355830796e-01 4.746711355819684293e-03 9.541329497873092536e-02
7.826419992947281079e-01 1.534425299860113501e-01 4.061474319374553527e-03 5.985399639988598502e-02
7.807978161039903497e-01 1.767350246322155205e-01 3.692539968489486849e-03 3.877461929530473528e-02
7.840254939808898316e-01 1.868636427664688571e-01 3.420977996490655575e-03 2.568988525615052698e-02
8.043851169000251211e-01 1.752877019910571987e-01 3.139199014260459636e-03 1.718798209465699847e-02
8.407718176075698047e-01 1.446324042442561908e-01 2.851701850931672236e-03 1.174407629724242598e-02
8.812151542146544614e-01 1.076881539208639493e-01 2.601019896363549345e-03 8.495671968117794043e-03
9.146287575116718305e-01 7.620760471157154992e-02 2.421842620347806115e-03 6.741795156408992608e-03
9.381339563070750787e-01 5.375546745781604324e-02 2.301821813189609735e-03 5.808754421919182925e-03
9.525266186476728514e-01 4.021106294835171541e-02 1.916405792779708565e-03 5.345912611195957967e-03
9.621959396521770902e-01 3.063031172836213831e-02 1.970411474835888962e-03 5.203337144624753732e-03
9.673305695851690533e-01 2.495596516800826711e-02 2.248533147106720510e-03 5.464932099715944305e-03
9.682397036195721229e-01 2.224299843367792337e-02 3.401785307622937592e-03 6.115512639126893801e-03
9.683789922146495144e-01 2.067805329111499502e-02 4.208447269908377475e-03 6.734507224327028127e-03
9.678678831362669266e-01 1.997773300714817193e-02 4.983539504240237610e-03 7.170844352344335135e-03
9.674191205319793152e-01 1.977814119782449892e-02 5.501138557854252410e-03 7.301599712341855404e-03
3.555507153333598014e-01 2.298685279534830872e-01 1.168304833663007802e-01 2.977502733468559426e-01
3.378033579392658026e-01 2.126278704778361561e-01 1.215100489243787080e-01 3.280587226585193195e-01
3.160480126176595239e-01 1.922543368622585958e-01 1.235250702712384491e-01 3.681725802488436394e-01
2.944601575904294832e-01 1.703548876833380910e-01 1.212712632410219288e-01 4.139136914852106219e-01
2.755559941978865668e-01 1.477137659373891632e-01 1.163234397398247577e-01 4.604068001248998177e-01
2.580256271807124246e-01 1.243885535556700228e-01 1.110257950586613640e-01 5.065600242049558277e-01
2.388908943585730249e-01 1.017080887029219033e-01 1.065471686022178982e-01 5.528538483362869238e-01
2.176911882161882139e-01 8.228278284176783475e-02 1.033308126876651273e-01 5.966952162543788241e-01
1.946769525666787737e-01 6.707715542993203384e-02 1.016274822315808984e-01 6.366184097718085022e-01
1.693925393561882264e-01 5.511162227706185163e-02 1.013631399532946287e-01 6.741326984134554667e-01
1.430776168274558446e-01 4.518010954597826562e-02 1.026343926130186962e-01 7.091078810135469368e-01
1.195684274389428176e-01 3.691393428257853937e-02 1.059297448514803647e-01 7.375878934269981535e-01
1.025784798855176039e-01 3.039428108447143201e-02 1.117090210561846181e-01 7.553182179738264779e-01
9.474699148034851359e-02 2.575680688272973667e-02 1.199242442574245948e-01 7.595719573794971202e-01
9.852691302800850592e-02 2.308695590951457405e-02 1.292973106981942233e-01 7.490888203642831478e-01
1.177911157586076230e-01 2.230120842330320097e-02 1.377165090121457991e-01 7.221911668059435296e-01
1.588419792063921754e-01 2.273609128585313277e-02 1.433165490854458324e-01 6.751053804223087207e-01
2.271244930473973744e-01 2.304200601422426095e-02 1.439883047864700116e-01 6.058451961519080164e-01
3.178526894500952049e-01 2.207176955737779125e-02 1.373026122987623943e-01 5.227729286937642383e-01
4.132146861949235750e-01 1.980077732106129071e-02 1.249378374705862466e-01 4.420466990134285790e-01
4.971713156712562753e-01 1.680378638726211932e-02 1.125667389455332762e-01 3.734581589959484749e-01
5.582010447047839330e-01 1.473210617764339654e-02 1.030462351591892034e-01 3.240206139583834966e-01
5.866334710004976749e-01 1.335812318703543701e-02 1.005065589724541131e-01 2.995018468400130196e-01
5.825836156950042755e-01 1.259662146906036229e-02 1.055939399693072989e-01 2.992258228666282438e-01
5.543767694656340783e-01 1.246048056911032952e-02 1.158483259706168111e-01 3.173144239946386058e-01
5.112680098492874414e-01 1.242360388807139428e-02 1.296124042520997444e-01 3.466959820105413592e-01
4.672292343932156755e-01 1.253450760112504586e-02 1.416564443467375201e-01 3.785798136589217933e-01
4.394101972815402934e-01 1.268708827970082414e-02 1.466573836354929938e-01 4.012453308032660204e-01
4.358303495838827812e-01 1.288017043027954271e-02 1.421338461842696910e-01 4.091556338015681638e-01
4.463639868544793665e-01 1.335320487109826343e-02 1.301244397901568650e-01 4.101583684842656230e-01
4.584157099221932707e-01 1.469637196593195569e-02 1.148802238603599118e-01 4.120076942515148999e-01
4.693116010965380225e-01 1.797071226347162973e-02 9.851278987825240474e-02 4.142048967617377730e-01
4.752305823140653973e-01 2.575105844394334764e-02 8.571704437996786885e-02 4.133013148620233723e-01
4.703468040409256035e-01 3.841424222363523655e-02 7.908040963249564348e-02 4.121585441029435581e-01
4.420957341568402810e-01 5.512778953584607927e-02 7.987323592249025161e-02 4.229032403848234090e-01
3.838971553465302389e-01 7.144170378695484380e-02 8.649200967924802752e-02 4.581691311872669869e-01
3.190955576777122493e-01 8.143551773315252373e-02 9.172689704477286765e-02 5.077420275443621511e-01
2.794651974666161887e-01 8.328636530289074136e-02 8.836248045223457637e-02 5.488859567782583548e-01
2.740940585481785874e-01 8.108773187881899991e-02 7.677559874280327767e-02 5.680426108301991350e-01
3.042042153559483264e-01 7.765663573673467490e-02 6.125928483585443146e-02 5.568798640714626158e-01
3.731445646512598913e-01 7.317011662891463597e-02 4.569718274679202691e-02 5.079881359730337165e-01
4.790439890345967733e-01 6.630480817135646354e-02 3.210820345841366996e-02 4.225429993356332181e-01
5.953655437046068144e-01 5.908540155518455378e-02 2.240416424692190725e-02 3.231448904932864852e-01
6.855795134997281215e-01 5.349425518677838887e-02 1.659421497197721002e-02 2.443320163415163282e-01
7.331174521042244097e-01 5.364887732450657892e-02 1.384636086870806061e-02 1.993873097025608276e-01
7.423159306196008833e-01 6.196672342254386928e-02 1.289471368881478161e-02 1.828226322690402750e-01
7.240510772807732254e-01 7.784682445184258615e-02 1.274267183331922668e-02 1.853594264340647779e-01
6.893630825096687120e-01 1.010666198127829762e-01 1.270112844689743996e-02 1.968691692306506202e-01
6.536418238806561698e-01 1.282348318258418329e-01 1.221248116819277814e-02 2.059108631253090127e-01
6.306320936596883087e-01 1.574926398105895020e-01 1.129351360010149782e-02 2.005817529296207713e-01
6.259417669028823905e-01 1.871450953439934284e-01 1.016928838160891663e-02 1.767438493715153547e-01
6.261810529228978295e-01 2.190715030972614219e-01 9.293079201556364577e-03 1.454543647782845228e-01
6.100351100156190531e-01 2.601366690513111091e-01 9.281643305698432725e-03 1.205465776273712125e-01
5.618520023981025124e-01 3.194486832567044465e-01 1.112753408122354494e-02 1.075717802639694215e-01
4.891005793554537573e-01 3.881083284978852355e-01 1.549545402289907031e-02 1.072956381237621243e-01
4.040253096739130911e-01 4.522757133338637936e-01 2.392201524971795945e-02 1.197769617425052530e-01
3.252535309854012180e-01 4.904966328534594022e-01 3.772521556216247574e-02 1.465246205989768902e-01
2.643034938628845976e-01 4.900316465481520112e-01 5.578379688512256213e-02 1.898810627038409471e-01
2.255431223990050915e-01 4.541312522081552006e-01 7.254322832952940503e-02 2.477823970633105111e-01
2.123895642764792868e-01 3.942795652902206238e-01 8.388952107691846627e-02 3.094413493563816231e-01
2.203088693257796993e-01 3.253337512446481949e-01 9.156405413088558598e-02 3.627933252986862978e-01
2.378227864867637209e-01 2.596622911210976770e-01 9.754410857942434621e-02 4.049708138127145474e-01
2.500795700721755166e-01 2.038676704187535049e-01 1.018492874178864444e-01 4.442034720911844370e-01
2.496045375229815344e-01 1.587972540952077016e-01 1.036846865874276463e-01 4.879135217943832981e-01
2.378377436118664368e-01 1.241512386355964892e-01 1.026958172839420730e-01 5.353152004685951537e-01
2.186397848348918538e-01 9.847705285737577696e-02 9.981342544661354899e-02 5.830697368611187370e-01
1.935765577370545110e-01 7.874518359420910885e-02 9.542227225904022225e-02 6.322559864096961579e-01
1.661990286569814124e-01 6.199834127448319160e-02 8.840345104828553624e-02 6.833991790202498251e-01
1.440357867854945018e-01 4.717291916629488130e-02 7.873812124175900984e-02 7.300531728064515447e-01
1.335660182001372764e-01 3.519792308611583570e-02 6.927603211387063642e-02 7.619600265998763833e-01
1.354225451213294240e-01 2.672332344536052645e-02 6.291150985636556614e-02 7.749426215769444903e-01
1.444564480968162368e-01 2.129234562724110699e-02 6.068382048184600697e-02 7.735673857940966736e-01
1.507649507840888026e-01 1.780655646504990600e-02 6.212596339406968593e-02 7.693025293567917755e-01
1.443636435328528866e-01 1.504773394029372546e-02 6.573428092719092730e-02 7.748543415996625994e-01
1.247503636648112091e-01 1.228365257657985585e-02 6.917565783773003962e-02 7.937903259208787254e-01
1.025345231555746806e-01 9.617464754315322925e-03 7.085943182902502968e-02 8.169885802610850067e-01
8.775780357592508074e-02 7.583423764279535219e-03 7.159268578362974755e-02 8.330660868761660121e-01
8.374664347238520989e-02 6.476534391348560266e-03 7.416731203863502486e-02 8.356095100976314027e-01
8.990309267018389838e-02 6.230581589049384583e-03 8.178090057273902647e-02 8.220854251680277391e-01
1.034446412505672930e-01 6.582953470548850647e-03 9.545616238277321308e-02 7.945162428961105583e-01
1.217387584884456059e-01 7.218586776009098052e-03 1.130184593021767853e-01 7.580241954333688525e-01
1.454010081690949585e-01 7.843930213249805661e-03 1.314018666187804774e-01 7.153531949988745087e-01
1.738323365320085245e-01 8.063600498348788212e-03 1.480470043078639664e-01 6.700570586617787816e-01
1.991215759457914403e-01 7.556644474292403477e-03 1.609109442596950990e-01 6.324108353202209098e-01
2.148405493513099729e-01 6.602823681386202521e-03 1.698204811653500623e-01 6.087361458019537874e-01
2.261492135895715183e-01 5.811243036646122559e-03 1.769313838368122282e-01 5.911081595369701569e-01
2.457522939381749372e-01 5.494627953704988438e-03 1.843599567428713115e-01 5.643931213652486623e-01
2.880666455865288911e-01 5.727074310699666916e-03 1.906780722044981724e-01 5.155282078982733607e-01
3.613178112906577089e-01 6.403437179553049183e-03 1.903161497776586775e-01 4.419626017521305350e-01
