6.636374091837839162e-02 3.475746757037345182e-03 4.590938543585461051e-01 4.710666579660385267e-01
2.929623027110646316e-02 7.827700189224349181e-01 1.750339245077782713e-01 1.289982629868028675e-02
2.879851937246110521e-02 7.818140254224166252e-01 1.761797495609992714e-01 1.320770564412316640e-02
2.756257193892350937e-02 7.928851918154559142e-01 1.666703097823739599e-01 1.288192646324696176e-02
2.623717690803223021e-02 8.131974696207657782e-01 1.485541219543829727e-01 1.201123151681914372e-02
2.471244841279515714e-02 8.380400239961240949e-01 1.265649685448610173e-01 1.068255904621964562e-02
2.316062686873257906e-02 8.629005317561058153e-01 1.047858911074906890e-01 9.152950267670992984e-03
2.162011263806452865e-02 8.843931395797214323e-01 8.629298386033142088e-02 7.693763921882704020e-03
2.130708006730789791e-02 8.998084995463617730e-01 7.243104494304335172e-02 6.453375443286697190e-03
2.133611456364930062e-02 9.114081162611060716e-01 6.190702440480453511e-02 5.348744770439908813e-03
2.127364339528560466e-02 9.216335609881741719e-01 5.275744264269197070e-02 4.335352973847953449e-03
2.032081912948227598e-02 9.327709311843978002e-01 4.345939152227472346e-02 3.448858163845200386e-03
1.821502795792246873e-02 9.449255898922700458e-01 3.403337476380164511e-02 2.826007386005601786e-03
1.576665314443339433e-02 9.558345520253135330e-01 2.586744623446569913e-02 2.531348595787601217e-03
1.390442001013380766e-02 9.638627720531722787e-01 1.979179456915665034e-02 2.441013367537285018e-03
1.261865710258272023e-02 9.696721573535569405e-01 1.539072200130773421e-02 2.318463542552845740e-03
1.156529353419880751e-02 9.743618633490447323e-01 1.201757265631524761e-02 2.055270460441194387e-03
1.071752684712221938e-02 9.779361394613799163e-01 9.531097024418577063e-03 1.815236667079071038e-03
9.978017154282214224e-03 9.804881827265793381e-01 7.801704561451989518e-03 1.732095557686656739e-03
9.276752954540909077e-03 9.823697573486491752e-01 6.539674404959915088e-03 1.813815291850039450e-03
8.751742239728440079e-03 9.835289643354485634e-01 5.628975885699229707e-03 2.090317539123750373e-03
8.245629862263757770e-03 9.841990640624752595e-01 5.000832523826669734e-03 2.554473551434347216e-03
7.605441200847490660e-03 9.845658709475315629e-01 4.644032190338312147e-03 3.184655661282517237e-03
7.123710647390684575e-03 9.839977590952564412e-01 4.700545732601942202e-03 4.177984524750663099e-03
7.066178527319945737e-03 9.816249536458354630e-01 5.331372258978501859e-03 5.977495567866422492e-03
7.493203847415792415e-03 9.768755578799352968e-01 6.636750330708073194e-03 8.994487941940585221e-03
8.264227041044104605e-03 9.702916544561633883e-01 8.590418809161396579e-03 1.285369969363096658e-02
9.353150856947307565e-03 9.632166561741991595e-01 1.115662970847814718e-02 1.627356326037522269e-02
1.077863804706553387e-02 9.566216651631096468e-01 1.440726703748578322e-02 1.819242975233890600e-02
1.236094326812061869e-02 9.499338655908494689e-01 1.875668318784399352e-02 1.894850795318615833e-02
1.345809641121461543e-02 9.413901550517825845e-01 2.531524560010205496e-02 1.983650293690063932e-02
1.636631896289292634e-02 9.260073061265384764e-01 3.570682695103714194e-02 2.191954795953155247e-02
2.078147696275473369e-02 9.050931203941482428e-01 4.964659303037594756e-02 2.447880961272106207e-02
2.693077829804433471e-02 8.807206159716658433e-01 6.559495069643622722e-02 2.675365503385342819e-02
3.537207013976488568e-02 8.521627654052194023e-01 8.342332404152615066e-02 2.904184041348942952e-02
4.683260656276514583e-02 8.145473997516287090e-01 1.061397005123642795e-01 3.248029317324208076e-02
6.256476853848205733e-02 7.631273006497474309e-01 1.359835410594397720e-01 3.832438975233114914e-02
8.265398507416987783e-02 6.983968699618031684e-01 1.714188068545474120e-01 4.753033810947976390e-02
1.093017178423367902e-01 6.290869805803331882e-01 2.015248362689883443e-01 6.008646530834173272e-02
1.427956724885328654e-01 5.639964732728431906e-01 2.191015570584146366e-01 7.410629718020944612e-02
1.835765282078116178e-01 5.002486356129729472e-01 2.282784281632738721e-01 8.789640801594156283e-02
2.297931728499509885e-01 4.295024177556286960e-01 2.378568550115374991e-01 1.028475543828830385e-01
2.742830531612730494e-01 3.487348551908693861e-01 2.547855034920591399e-01 1.221965881557985634e-01
3.039394609463107466e-01 2.714590576463521976e-01 2.769239841219961473e-01 1.476774972853409085e-01
3.141804168608811620e-01 2.080330864962871285e-01 3.010831552076157491e-01 1.767033414352157661e-01
3.109383605838069720e-01 1.630193059769568520e-01 3.237379957518618512e-01 2.023043376873742138e-01
2.987374306270884072e-01 1.344582067673303349e-01 3.463557593830552950e-01 2.204486032225259906e-01
2.803126884189783286e-01 1.151697873207729317e-01 3.735978122973703242e-01 2.309197119628782768e-01
2.568331297865455998e-01 1.036459456556907549e-01 4.074214823522679385e-01 2.320994422054958872e-01
2.287819376428194551e-01 9.791490237974730115e-02 4.506295814799068933e-01 2.226735784975260868e-01
1.989013078450994343e-01 9.768838767417981073e-02 4.976013017474805733e-01 2.058090027332402094e-01
1.696318424692498106e-01 1.003413601572076264e-01 5.436331593745143964e-01 1.863936379990283332e-01
1.410924379596033840e-01 1.013804379157482588e-01 5.897435406113641365e-01 1.677835835132843179e-01
1.136565362487964720e-01 9.738710570603044403e-02 6.371475259975234451e-01 1.518088320476498609e-01
9.081823946782857648e-02 9.081033148330827642e-02 6.804464000640130239e-01 1.379250289848501787e-01
7.442043744922220705e-02 8.621334296050806034e-02 7.162714763538567952e-01 1.230947432364127986e-01
6.439490390818761179e-02 8.735366983199925606e-02 7.406043682325919031e-01 1.076470580272212013e-01
5.811200572678865833e-02 9.551487267297249784e-02 7.520334106166571830e-01 9.433971098358157059e-02
5.103921357867972214e-02 1.079341962209633549e-01 7.581516771594905002e-01 8.287491304086654076e-02
4.296527794655993771e-02 1.215945969933638210e-01 7.624884098608419869e-01 7.295171519923393522e-02
3.607827159307343962e-02 1.360867736932748207e-01 7.618796670646126312e-01 6.595528764903899055e-02
3.126771750619175561e-02 1.521732573242646491e-01 7.545473031729794666e-01 6.201172199656398293e-02
2.785209936969122377e-02 1.681647890673546308e-01 7.443529519521360216e-01 5.963015961081814115e-02
2.439968106753851243e-02 1.783020719343627047e-01 7.405372046683339482e-01 5.676104232976499075e-02
2.034979240772631301e-02 1.786357805579338875e-01 7.495896473251969505e-01 5.142477970914263730e-02
1.626964530876311155e-02 1.705599948317476633e-01 7.703243063744690255e-01 4.284605348502043554e-02
1.291018796351586784e-02 1.588840732988734683e-01 7.955943566861892746e-01 3.261138205142182639e-02
1.087522230170049481e-02 1.490951539419909933e-01 8.166218165603404966e-01 2.340780719596805004e-02
9.843393481931177885e-03 1.459183546604899129e-01 8.274611001961570400e-01 1.677715166142184147e-02
9.766360072751585977e-03 1.476423848272331862e-01 8.298955712260577267e-01 1.269568387395720102e-02
1.003445361953267216e-02 1.576578729690844838e-01 8.219047529198517665e-01 1.040292049153098558e-02
9.908064894596760666e-03 1.796729382561891297e-01 8.018649877347044930e-01 8.554009114509470921e-03
1.834078493922808957e-03 1.839402882533045956e-03 9.078586325748480013e-01 8.846788604869604278e-02
2.648485407845741629e-02 8.799763254159297388e-01 9.076516188865166312e-02 2.773658616961066029e-03
2.588054655247747429e-02 8.962580763516992954e-01 7.562721806694717996e-02 2.234159028875897651e-03
2.548449788325368379e-02 9.092636909546887303e-01 6.353191326824131346e-02 1.719897893815974755e-03
2.461335763539987398e-02 9.216405210670103321e-01 5.251661519640515863e-02 1.229506101184492210e-03
2.303054768639127212e-02 9.330371500992953315e-01 4.306844371917029762e-02 8.638584951433078739e-04
2.025367279834135517e-02 9.428353995810150323e-01 3.627965386587637953e-02 6.312737547673148491e-04
1.616088016126039986e-02 9.509846018812747603e-01 3.237275132821573753e-02 4.817666292491610321e-04
1.198656028335788257e-02 9.561486709610238499e-01 3.147716544051602783e-02 3.876033151020693646e-04
9.114265014486122238e-03 9.563635055210200075e-01 3.418019617269956595e-02 3.420332917943726234e-04
7.671563533022795339e-03 9.510287787287641237e-01 4.096826744489828059e-02 3.313902933149067429e-04
7.130919024575361163e-03 9.413354913463312101e-01 5.119781508729036312e-02 3.357745418030778808e-04
7.031959007039716852e-03 9.304740915670890455e-01 6.215137881777921258e-02 3.425706080920376561e-04
7.183843225909255364e-03 9.220286150372363210e-01 7.043555897720353565e-02 3.519827596511370033e-04
7.536739476376340049e-03 9.171964462846962096e-01 7.490829219834779784e-02 3.585220405797383617e-04
8.035861633860337527e-03 9.160541753837868617e-01 7.555682253737419640e-02 3.531404449786736425e-04
8.688160749502115213e-03 9.189730075891786587e-01 7.199629024915286946e-02 3.425414121665127515e-04
9.565285927008049943e-03 9.250046708631389780e-01 6.508794686313033873e-02 3.420963467225701551e-04
1.082391520652743917e-02 9.310790982919090464e-01 5.772546900267216258e-02 3.715174988913577236e-04
1.272647643710083168e-02 9.341523689441261213e-01 5.266502104174938109e-02 4.561335770239013216e-04
1.590704283505428238e-02 9.324199957595783461e-01 5.102691757253100674e-02 6.460438328361230989e-04
2.166127750474911018e-02 9.256418807747697208e-01 5.164418356269239591e-02 1.052658157789039583e-03
2.951006444888609054e-02 9.187757844163055854e-01 4.992621057710990018e-02 1.787940557698556622e-03
4.003266882881491989e-02 9.141756387130637318e-01 4.299277661880537837e-02 2.798915839316087895e-03
5.060525907381977634e-02 9.122684671324543526e-01 3.328940539637503110e-02 3.836868397350738473e-03
5.912621196537830304e-02 9.113505039806220065e-01 2.470613040430092583e-02 4.817153649698447185e-03
6.533873199140456667e-02 9.093516846792916164e-01 1.920898398474025354e-02 6.100599344563585082e-03
6.712587924481662471e-02 9.075168714121814029e-01 1.680060013241902600e-02 8.556649210582986317e-03
6.708558329371895612e-02 9.017187263668992037e-01 1.725734861588344715e-02 1.393834172349845205e-02
6.634635089760425319e-02 8.871874710261137276e-01 2.092199410641648258e-02 2.554418396986518278e-02
7.213661330763006252e-02 8.485856330544359061e-01 2.964166332671895263e-02 4.963609031121499898e-02
8.803061921215131480e-02 7.648167155760672298e-01 4.869768746479778004e-02 9.845497774698339088e-02
1.130776364614292234e-01 6.155066566407106921e-01 8.572778254669405351e-02 1.856879243511662669e-01
1.322008445058711346e-01 4.332385601107139883e-01 1.401869975564949966e-01 2.943735978269196307e-01
1.326627510302359758e-01 2.889437568870078521e-01 2.025364455062287905e-01 3.758570465765271873e-01
1.156981402597286879e-01 2.050283724299427346e-01 2.770311113029693684e-01 4.022423760073590149e-01
8.630860538355389355e-02 1.627730988856075367e-01 3.820153830213098289e-01 3.689029127095288518e-01
5.301208510594083295e-02 1.402082145637739974e-01 5.142562954257816621e-01 2.925234049045037366e-01
2.702033371068389075e-02 1.244157328519089473e-01 6.334209511480179966e-01 2.151429822893891064e-01
1.362905816357313366e-02 1.070712753283251245e-01 7.142081313670536336e-01 1.650915351410482401e-01
7.384823330445202012e-03 8.960140574281903747e-02 7.644615213580028268e-01 1.385522495687332711e-01
4.439205500021477235e-03 7.189277556586867735e-02 8.001009873213700274e-01 1.235670316127399776e-01
2.876482099918534468e-03 5.632939147551575126e-02 8.265011949159896121e-01 1.142929315085759734e-01
2.421631780668668209e-03 4.509770217194619679e-02 8.417416852166836883e-01 1.107389808307016055e-01
1.889217145992500750e-03 3.951200649639178414e-02 8.429998013874956397e-01 1.155989749701201164e-01
1.426558937490235478e-03 4.232122360377076759e-02 8.246033461397758169e-01 1.316488713189634119e-01
1.594921658838159822e-03 5.618482525859994081e-02 7.829098423350461244e-01 1.593104107475152853e-01
2.131179951456740190e-03 9.157937024092656364e-02 7.116945275385381242e-01 1.945949222690784020e-01
3.138909554160040395e-03 1.636286054191304074e-01 6.061886692648165154e-01 2.270438157618933361e-01
4.696834253536400633e-03 2.839011994519040072e-01 4.726849534874816294e-01 2.387170128070781883e-01
7.145563168907273326e-03 4.460782515483455168e-01 3.312647065744122599e-01 2.155114787083352024e-01
1.195729259736206737e-02 6.110684743906144023e-01 2.102998917479474428e-01 1.666743412640764033e-01
2.099751325916800887e-02 7.312471089395172763e-01 1.305425223685851843e-01 1.172128554327293987e-01
3.393215678357103943e-02 8.070764907717462577e-01 8.160794522943956575e-02 7.738340721524307464e-02
4.809626876412703700e-02 8.529850589201964928e-01 5.075897461577913439e-02 4.815969769989741911e-02
7.221407226929148215e-02 8.644378788233862965e-01 3.308621526812703662e-02 3.026183363919487945e-02
1.065079717238644197e-01 8.504947886702437509e-01 2.306915737077584044e-02 1.992808223511581545e-02
1.364375238978974836e-01 8.319244893748981573e-01 1.778990544486510131e-02 1.384808128233933934e-02
1.564983697523850414e-01 8.184569385411692988e-01 1.472533334019203270e-02 1.031935836625378668e-02
1.552745984181641836e-01 8.239777101976567542e-01 1.284586425366606062e-02 7.901827130513095279e-03
1.353715306705610133e-01 8.475644280008038933e-01 1.121288024185353172e-02 5.851161086781337013e-03
1.072489156083812900e-01 8.790049842629160670e-01 9.648936480250927886e-03 4.097163648451876417e-03
8.501988131405263660e-02 9.041334740493777167e-01 8.055527212473214196e-03 2.791117424096419952e-03
7.165222632795019420e-02 9.192481230387061775e-01 7.100146614927221010e-03 1.999504018416083367e-03
6.662152741430171776e-02 9.246877491429882356e-01 7.054958282510649485e-03 1.635765160199318400e-03
6.711588313167961284e-02 9.232592447734649932e-01 8.063999723229776928e-03 1.560872371625687946e-03
6.886471749656715435e-02 9.190410916503858330e-01 1.043543765308286610e-02 1.658753199964267374e-03
6.781905584695382960e-02 9.154631240766178957e-01 1.487277002004231546e-02 1.845050056385920227e-03
6.291155932614954371e-02 9.128562992085226258e-01 2.218889827441831650e-02 2.043243190909615082e-03
5.401224570346089410e-02 9.109683676512350115e-01 3.283697202888129218e-02 2.182414616422655683e-03
4.828091991113168946e-02 9.008574540193404756e-01 4.842675608364617468e-02 2.434869985881572656e-03
4.592225821337470731e-02 8.812845979479706493e-01 6.987732334576052251e-02 2.915820492894059725e-03
5.764352726580078690e-01 1.022430791872503270e-01 1.085386044899199348e-01 2.127830436648217027e-01
1.998222751989292001e-01 5.389421706216638297e-01 2.178095096486322713e-01 4.342604453077492099e-02
2.167810041273652288e-01 4.781112863664356283e-01 2.517501920579587882e-01 5.335751744824036857e-02
2.437814132639871678e-01 4.101392723071777824e-01 2.817034961596422415e-01 6.437581826919280825e-02
2.785644032955293392e-01 3.388272982361252295e-01 3.064835401526969094e-01 7.612475831564850803e-02
3.185180201578742820e-01 2.663476792929315162e-01 3.253081097874490069e-01 8.982619076174522266e-02
3.547384497912050016e-01 1.996110525220765874e-01 3.374856621588063210e-01 1.081648355279122564e-01
3.746123382261624113e-01 1.456850614899531660e-01 3.436404968638827606e-01 1.360621034200020507e-01
3.681273476635475994e-01 1.068408104398175101e-01 3.411917371942065902e-01 1.838401047024283697e-01
3.300202358330151520e-01 7.894602312098353281e-02 3.266821002160140153e-01 2.643516408299870224e-01
2.651818610952701438e-01 5.661620944043581349e-02 3.032340117794083412e-01 3.749679176848858542e-01
1.960621836419472186e-01 3.933725878179824414e-02 2.799003020965520894e-01 4.847002554797023022e-01
1.446867414067742053e-01 2.829410863644706009e-02 2.668067242503691094e-01 5.602124257064093893e-01
1.189284688246021598e-01 2.356381046682458347e-02 2.641614101468365838e-01 5.933463105617362565e-01
1.093351113171507349e-01 2.270404267732149817e-02 2.714501919829465093e-01 5.965106540225807441e-01
1.094638684204488344e-01 2.485396423734877180e-02 2.811517955728368712e-01 5.845303717693657308e-01
1.135737862213397342e-01 2.922004139751756963e-02 2.895918675575973045e-01 5.676143048235452460e-01
1.196079529781250844e-01 3.548679259984835466e-02 2.945279467850653865e-01 5.503773076369607997e-01
1.287046241674944524e-01 4.424502110078037259e-02 2.939899169500658216e-01 5.330604377816592354e-01
1.439955905885283161e-01 5.695382174420572652e-02 2.915368776571352627e-01 5.075137100101305698e-01
1.667068895144183660e-01 7.413236161257494294e-02 2.962350097110897917e-01 4.629257391619167605e-01
1.904027641638035839e-01 9.333951046649167915e-02 3.154673741829945310e-01 4.007903511867102475e-01
2.015709886035143283e-01 1.097555074161076089e-01 3.526581136072324263e-01 3.360153903731455949e-01
1.907172359960813413e-01 1.170363551987557982e-01 4.126392049071269663e-01 2.796072038980356167e-01
1.620022769878950997e-01 1.090264192263519505e-01 4.944284209008087960e-01 2.345428828849443759e-01
1.289959179412545620e-01 8.777792400665918038e-02 5.766256010392728504e-01 2.066005570128133795e-01
1.037522307458759452e-01 6.312355564346336378e-02 6.304154108220263453e-01 2.027088027886341237e-01
9.024870073911744894e-02 4.289655804754982649e-02 6.434488816951926538e-01 2.234058595181402096e-01
8.661472565551817104e-02 2.908038033356577512e-02 6.189291405720580563e-01 2.653757534388577755e-01
8.979024555568303201e-02 2.035296107256590395e-02 5.655974896587039336e-01 3.242593037130471756e-01
9.617052151562044404e-02 1.479820415573741658e-02 4.941379582811785132e-01 3.948933160474634163e-01
1.014902638793113709e-01 1.087362609567094421e-02 4.131419191927185319e-01 4.744941908322989899e-01
1.021080461516105514e-01 7.843279271038094622e-03 3.236114187146216792e-01 5.664372558627295273e-01
9.418264002723700234e-02 5.447923139142996085e-03 2.302740956489381652e-01 6.700953411846815033e-01
8.320079066809404900e-02 3.842994011066343338e-03 1.462468881169853296e-01 7.667093272038545404e-01
7.308071393299502005e-02 2.874316961858747188e-03 8.760503262204664965e-02 8.364399364830996664e-01
7.000945364639123147e-02 2.429429413299389381e-03 5.379723421324254795e-02 8.737638827270670649e-01
7.694305379644895970e-02 2.361475351124594710e-03 3.631380730679558549e-02 8.843816635456309694e-01
9.830662232270052925e-02 2.315689492741397279e-03 2.749683452155505733e-02 8.718808536630031636e-01
1.410162427556250764e-01 3.467330089789656417e-03 2.366664772917506654e-02 8.318497794254102740e-01
2.071231119734258941e-01 4.890413294428999982e-03 2.214485594047935213e-02 7.658416187916656792e-01
2.825976273832929708e-01 6.834879501026737761e-03 2.181457992639744548e-02 6.887529131892827783e-01
3.439115214763963091e-01 8.975871267938714468e-03 2.199817576132011981e-02 6.251144314943449798e-01
3.738312050762995220e-01 1.089673502068230597e-02 2.231476599384937809e-02 5.929572939091688477e-01
3.657289066087694440e-01 1.215172782894587307e-02 2.256314209652690930e-02 5.995562234657576539e-01
3.240454096481325541e-01 1.281571660043165882e-02 2.234350154359872678e-02 6.407953722078371106e-01
2.689256439831772538e-01 1.179914493042417620e-02 2.293277569816471601e-02 6.963424353882339268e-01
2.147401813474143217e-01 1.083119750115326373e-02 2.576269867549711018e-02 7.486659224759352194e-01
1.663555184740597437e-01 9.271359559033468672e-03 3.066071198389229771e-02 7.937124099830141777e-01
1.253354757105596962e-01 7.446312021848268924e-03 3.973391707594355060e-02 8.274842951916484557e-01
9.073479189221068941e-02 5.646927721764854850e-03 5.536953091387711995e-02 8.482487494721472343e-01
6.435087727103135091e-02 4.162506067833192033e-03 8.386353201465804319e-02 8.476230846464776203e-01
4.645068720322861888e-02 3.072276266809780085e-03 1.321699611950584718e-01 8.183070753349033222e-01
3.484932633632269183e-02 2.306034643543480433e-03 1.931437080314611643e-01 7.697009309886723161e-01
2.777796723256337891e-02 1.745218250196667407e-03 2.483550935446984798e-01 7.221217209725413477e-01
2.432680693580702852e-02 1.346208942317182831e-03 2.915557625473400583e-01 6.827712215745361801e-01
2.391254103807148590e-02 1.100052520978660837e-03 3.339962342022167463e-01 6.409911722387330313e-01
2.532851290670548247e-02 9.366811022797520226e-04 3.883755865543706554e-01 5.853592194366444845e-01
2.675931541306990347e-02 7.828354213437942275e-04 4.660295668150256088e-01 5.064282823505606990e-01
2.681974662767962897e-02 6.203224064933052445e-04 5.733437039712141470e-01 3.992162269946131770e-01
2.555950511799871469e-02 4.808894603993025272e-04 6.945877951625007984e-01 2.793718102591011831e-01
2.466039504934718768e-02 4.004496756390062639e-04 7.940215004026549561e-01 1.809176548723589184e-01
2.602502159573680252e-02 3.977068560434153565e-04 8.516010423546215291e-01 1.219762291935982679e-01
2.912930127117720203e-02 4.849741722035003696e-04 8.749061070383611360e-01 9.547961751825835564e-02
3.323203764869910731e-02 6.025977602846724216e-04 8.762037941942132369e-01 8.996157039680305334e-02
3.376749453738883688e-02 7.345294820234131959e-04 8.645462023450626310e-01 1.009517736355251133e-01
3.227230867552639132e-02 8.399887562513586904e-04 8.361950367163992759e-01 1.306926658518229034e-01
2.936191143309854756e-02 9.820957125944800546e-04 7.914601387819883982e-01 1.781958540723183326e-01
2.645463004655833339e-02 1.151642523440067579e-03 7.476796893561798996e-01 2.247140380738216203e-01
2.274622880956661888e-02 1.297569049399575078e-03 7.306001156902639515e-01 2.453560864507698391e-01
1.812524798436138118e-02 1.365322088734165825e-03 7.425309326838390733e-01 2.379784972430653567e-01
1.383294869327920777e-02 1.348627618075103497e-03 7.642534897038163466e-01 2.205649339848290147e-01
1.078444561739434204e-01 8.646683648035966563e-01 1.725145631662806239e-02 1.023572270583192508e-02
3.009415121027107509e-01 4.910872349472868992e-01 1.797051008322368415e-01 2.826615211776559514e-02
2.270820955552897980e-01 5.694131651051984599e-01 1.781918151325772859e-01 2.531292420693452908e-02
1.665785935420087405e-01 6.351963255683320542e-01 1.758855223566238302e-01 2.233955853303475764e-02
1.195760557765538634e-01 6.815863326476412354e-01 1.790360088789665072e-01 1.980160269683856056e-02
8.098680444034687953e-02 7.090845271478891654e-01 1.925855953087494687e-01 1.734307310301441696e-02
5.122015253075240526e-02 7.174801195087405770e-01 2.166876897037506577e-01 1.461203825675638258e-02
3.082474670859657040e-02 7.136695015768892425e-01 2.435909336010187720e-01 1.191481811349550182e-02
1.879676694102656517e-02 7.092861253829542134e-01 2.622512296374103768e-01 9.665878038609193243e-03
1.204525960572052148e-02 7.153014024141287619e-01 2.648426305154414351e-01 7.810707464709252916e-03
9.323088018268853652e-03 7.377398417823156640e-01 2.465650271761948009e-01 6.372043023220598165e-03
8.453980715907914376e-03 7.755171603129316082e-01 2.107983691817216232e-01 5.230489789438636482e-03
9.298444708487715871e-03 8.151119918944674803e-01 1.713223690843239944e-01 4.267194312720658592e-03
1.240347863003546033e-02 8.433505401908157895e-01 1.408407688080850761e-01 3.405212371063534409e-03
1.617434682405243657e-02 8.607313508150532533e-01 1.204406392295720718e-01 2.653663131322218840e-03
2.134611858905212378e-02 8.695743241067953599e-01 1.069017061634307264e-01 2.177851140721546140e-03
2.770596989933315005e-02 8.717547023087353075e-01 9.857736680463778656e-02 1.961960987293257137e-03
3.804653218347352206e-02 8.658194665908806043e-01 9.417460765902947728e-02 1.959393566616499192e-03
5.328745855771399587e-02 8.531727699342390725e-01 9.144530424519815848e-02 2.094467262848967015e-03
8.235438574870866668e-02 8.262034124701014282e-01 8.904880966638802076e-02 2.393392114801757772e-03
1.411072511089848380e-01 7.687294443085954665e-01 8.715825298222372453e-02 3.005051600195950134e-03
2.434288311223296586e-01 6.677818886128529252e-01 8.480822525581155347e-02 3.981055009005954673e-03
3.708730996043038131e-01 5.442241694257188289e-01 7.990405508450573735e-02 4.998675885471553886e-03
4.775624708777137517e-01 4.442105330592636681e-01 7.255822116669603805e-02 5.668774896326512699e-03
5.387472992919416503e-01 3.896804747519672096e-01 6.543965396636779175e-02 6.132571989723333526e-03
5.614950139824523845e-01 3.737217634351291951e-01 5.841263294444212772e-02 6.370589637976306618e-03
5.646902039501781045e-01 3.783958584010087001e-01 5.064960847747735501e-02 6.264329171335873345e-03
5.649554675855470443e-01 3.873659579818112819e-01 4.187237388486049483e-02 5.806200547781226705e-03
5.697930603448485565e-01 3.919322061841112315e-01 3.305658618691591222e-02 5.218147284124167139e-03
5.742940657729229681e-01 3.949795248755373911e-01 2.593683989736718376e-02 4.789569454172651342e-03
5.696699540904432979e-01 4.046312121256602778e-01 2.106175583633963788e-02 4.637077947556944232e-03
5.490275446587571384e-01 4.284251077109693662e-01 1.786775387954959993e-02 4.679593750724012589e-03
5.072018144844574472e-01 4.725224191259883022e-01 1.555492903612613366e-02 4.720837353428191524e-03
4.485252869507954099e-01 5.341537577750542498e-01 1.279412006961460832e-02 4.526835204535602751e-03
3.766342907437505994e-01 6.087530771222233739e-01 1.050139541008102834e-02 4.111236723944621148e-03
3.050717967158369515e-01 6.834147981483807976e-01 8.120196133114978773e-03 3.393209002667157189e-03
2.403506011361709604e-01 7.511024658138083510e-01 5.988500800057870548e-03 2.558432249962849705e-03
1.866229301679643293e-01 8.071242974352962340e-01 4.398436733355512961e-03 1.854335663383855368e-03
1.456697240065954746e-01 8.496486451788490823e-01 3.320599257570146668e-03 1.361031556985084316e-03
1.135421878388720301e-01 8.823932122803768152e-01 2.980650523097208397e-03 1.083949357653971176e-03
8.875282329182779262e-02 9.079112663990689391e-01 2.454805584756554384e-03 8.811047243469462059e-04
6.633180866835156064e-02 9.308200238825228290e-01 2.109117993862447398e-03 7.390494552633323274e-04
4.648185740098925017e-02 9.510860591947563059e-01 1.828752781757535121e-03 6.033306224968873824e-04
3.085958489097619800e-02 9.671108777067694007e-01 1.562909564054187385e-03 4.666278382000981460e-04
1.987736715155535502e-02 9.784772205863930816e-01 1.299214979171327061e-03 3.461972828804577929e-04
1.264932296932083124e-02 9.860443337804368769e-01 1.051489948077436289e-03 2.548533021648994191e-04
8.203226953432004448e-03 9.907500764977196228e-01 8.499316364385733425e-04 1.967649124097206278e-04
5.571493524732708084e-03 9.935507283685894864e-01 7.089829501964418565e-04 1.687951564811806734e-04
3.961147489662599462e-03 9.952545218235190339e-01 6.203071743208185855e-04 1.640235124973276823e-04
2.877600562315244838e-03 9.963799204658388975e-01 5.684445344856365028e-04 1.740344373602362919e-04
2.111939056139483430e-03 9.971529928567218759e-01 5.436230215771006976e-04 1.914450655616089245e-04
1.628106972461325483e-03 9.976038643805706929e-01 5.498718453365517966e-04 2.181568016312729482e-04
1.399341695832529960e-03 9.977286400561009572e-01 6.045093611713974044e-04 2.675088868952632450e-04
1.353768613462620748e-03 9.975570694846341846e-01 7.357159454862866607e-04 3.534459564171226116e-04
1.367290105353810483e-03 9.972057215474873226e-01 9.676273404480889746e-04 4.593610067107094437e-04
1.310813188614588440e-03 9.968460941262330399e-01 1.313061997234388299e-03 5.300306879178505242e-04
1.150330677157107920e-03 9.965191936558863706e-01 1.790004036738534511e-03 5.404716302177444689e-04
9.498862190268921556e-04 9.960825134160431471e-01 2.445433295221820843e-03 5.221670697079498378e-04
1.126393977158048292e-05 9.964422083986321788e-01 3.136366444507582892e-03 4.101612170888131585e-04
1.709693086601153796e-05 9.952726896990073957e-01 4.298375451792906150e-03 4.118379183338415550e-04
2.796969597432730545e-05 9.937069767191554215e-01 5.827994100785669276e-03 4.370594840846233568e-04
5.038258761773353782e-05 9.913977400187347078e-01 8.049173718212541268e-03 5.027036754350379388e-04
9.396310451898532866e-04 9.866815979610062959e-01 1.166277770443439714e-02 7.159932893695971322e-04
1.441860358089217453e-03 9.796001824373017364e-01 1.799325300754826135e-02 9.647041970606425824e-04
2.408402378237555451e-03 9.671780607196580615e-01 2.904275858514008060e-02 1.370778316964241109e-03
4.105558607338648594e-03 9.471003228229195603e-01 4.682466522071707798e-02 1.969453349024713994e-03
6.701504437885071573e-03 9.178638347965618616e-01 7.270216096637879821e-02 2.732499799174025780e-03
1.003959922663414696e-02 8.796876681793158737e-01 1.067663424141433171e-01 3.506390179906697466e-03
1.369514320225089302e-02 8.355508997434772933e-01 1.467022611336153137e-01 4.051695920656682090e-03
1.879512559775053243e-02 7.895847448777064681e-01 1.872012257578159755e-01 4.418903766727046503e-03
2.490827559111482778e-02 7.480649517538415783e-01 2.222031498281205331e-01 4.823622826922893507e-03
3.471636302990335071e-02 7.075452881427917173e-01 2.520026443167553976e-01 5.735704510549529192e-03
3.572167713958346313e-01 8.102846885378596486e-02 1.597082433349313046e-02 5.457839354168863011e-01
4.020963089117101097e-01 1.094457748789838397e-01 1.699438581812035692e-02 4.714635303911855480e-01
4.958425083296900682e-01 1.358900258080068535e-01 1.699123234000651794e-02 3.512762335222964216e-01
6.188175366535314526e-01 1.474173043118573723e-01 1.459611339430950776e-02 2.191690456403017073e-01
7.214207480389905891e-01 1.491547612186246985e-01 1.074229984425163417e-02 1.186821908981330470e-01
7.764992762173258400e-01 1.540746086090315770e-01 7.704356162890253247e-03 6.172175901075210858e-02
7.948640442873182721e-01 1.660622084953688460e-01 5.973535401446869973e-03 3.310021181586594169e-02
7.968784598035451028e-01 1.799433785537815356e-01 4.948694972623383752e-03 1.822946667005017826e-02
7.962467023776387265e-01 1.893407663248067585e-01 4.245520740744139661e-03 1.016701055681056703e-02
8.038457025279714951e-01 1.866100930281429093e-01 3.691571996648735591e-03 5.852632447236697302e-03
8.266590626583103507e-01 1.666546872707644900e-01 3.169681487804135341e-03 3.516568583120987124e-03
8.631230678313895899e-01 1.319886506020973571e-01 2.664234253731550661e-03 2.224047312781539214e-03
9.031504866303683432e-01 9.306278500887789351e-02 2.247233071566100658e-03 1.539495289187885326e-03
9.354268817158709615e-01 6.137204654399793652e-02 1.966243945586636233e-03 1.234827794544450822e-03
9.559646870876716829e-01 4.101525956552642960e-02 1.828549344150336544e-03 1.191504002651500244e-03
9.667663863082128772e-01 3.013843590011122328e-02 1.750410729622922179e-03 1.344767062053188944e-03
9.730999954125894025e-01 2.339342005957556828e-02 1.801772803641228746e-03 1.704811724193707259e-03
9.752183743115288017e-01 2.021603785912104434e-02 2.103589707043602812e-03 2.461998122306388939e-03
9.735522910773564131e-01 1.960509469161889756e-02 2.838669072736410906e-03 4.003945158288281861e-03
9.669278252280870678e-01 2.123936875677164687e-02 4.932110345249159089e-03 6.900695669892057717e-03
9.561414057851985726e-01 2.476736988866952774e-02 7.746300578076826225e-03 1.134492374805504480e-02
9.417175473268498687e-01 2.982180998102282668e-02 1.158783896178574961e-02 1.687280373034162964e-02
9.262807845782685678e-01 3.566582634468406371e-02 1.583448768906332502e-02 2.221890138798407813e-02
2.780427010552365963e-01 4.150836395066018758e-01 1.431283395536689651e-01 1.637453198844923685e-01
2.670352401886137983e-01 4.054193790697379063e-01 1.455138159349260163e-01 1.820315648067218905e-01
2.549519776329434162e-01 3.900289864570172238e-01 1.455501078427121342e-01 2.094689280673273091e-01
2.443780496503152322e-01 3.694433131403224713e-01 1.417092186029973166e-01 2.444694186063651187e-01
2.365766205619891649e-01 3.433821975195183729e-01 1.356124728575110461e-01 2.844287090609817215e-01
2.306387135789313425e-01 3.106018474276817098e-01 1.306991060855185738e-01 3.280603329078682351e-01
2.220183615869855687e-01 2.765766485177134082e-01 1.272337827325507320e-01 3.741712071627505964e-01
2.113396817887603918e-01 2.443632319229117333e-01 1.261284753242661594e-01 4.181686109640618265e-01
1.976633740573374987e-01 2.186548324601422510e-01 1.270794552918610987e-01 4.566023381906589851e-01
1.800062200794213252e-01 1.984955048548869838e-01 1.304636593461952487e-01 4.910346157194963035e-01
1.586504704780198061e-01 1.804104256366974857e-01 1.367189543427952125e-01 5.242201495424875235e-01
1.366183304921056163e-01 1.616201668179675088e-01 1.460032029965721290e-01 5.557582996933544406e-01
1.179604438943712974e-01 1.410932744414426232e-01 1.571931045681484729e-01 5.837531770960379118e-01
1.065379983148789511e-01 1.205125912799129978e-01 1.666142252278055846e-01 6.063351851774027024e-01
1.058122292196955333e-01 1.034248792386594784e-01 1.688978539693316572e-01 6.218650375723132617e-01
1.195446005396093025e-01 9.234659184791965680e-02 1.623447172239263769e-01 6.257640903885444139e-01
1.532615602984499503e-01 8.688383347853542715e-02 1.513168384949941103e-01 6.085377677280204844e-01
2.126863422822114769e-01 8.404284480598776808e-02 1.398275388068911940e-01 5.634432741049099080e-01
2.955800174063960561e-01 8.033333688019127228e-02 1.267076974393535338e-01 4.973789482740594292e-01
3.867735738258749612e-01 7.437855472187775152e-02 1.112296800427024085e-01 4.276181914095451564e-01
4.703375794666208587e-01 6.728304662852833962e-02 9.650447667580694389e-02 3.658748972290437607e-01
5.320426818994831164e-01 6.187797362684784030e-02 8.458358183199579661e-02 3.214957626416731218e-01
5.613947567758832413e-01 5.739898005130446984e-02 7.880558196855169673e-02 3.024006812042604464e-01
5.585119953862385245e-01 5.264549682289769439e-02 7.917920273411700738e-02 3.096633050567468848e-01
5.308161608001137344e-01 4.723350858512496281e-02 8.364197474640180929e-02 3.383083558683595560e-01
4.899341160033838793e-01 4.005822319594557618e-02 8.967732613572124145e-02 3.803303346649494765e-01
4.490795042723754738e-01 3.249417080529554136e-02 9.397923075135121429e-02 4.244470941709780898e-01
4.229770064830326026e-01 2.590860752558666116e-02 9.410733560936360154e-02 4.570070503820171104e-01
4.148740399640582499e-01 2.145787315122353253e-02 9.021325627739376629e-02 4.734548306073245727e-01
4.099007480961007754e-01 1.985015938460241852e-02 8.470556444423230080e-02 4.855435280750645677e-01
3.937167631544268298e-01 2.180222530751535145e-02 8.010531242789206696e-02 5.043756991101656650e-01
3.656073945899842026e-01 2.854401353818582232e-02 7.813197372280927810e-02 5.277166181490207109e-01
3.323278971113947655e-01 4.151056507837042053e-02 8.032205544281405263e-02 5.458394823674203034e-01
2.964907966084994184e-01 5.997577341025509684e-02 8.780454405115617478e-02 5.557288859300897332e-01
2.525888071586884775e-01 7.803205012685467123e-02 9.914521447150773104e-02 5.702339282429488287e-01
1.986588236526309337e-01 8.762848810467552263e-02 1.090798787057853519e-01 6.046328095369083444e-01
1.512816115348980250e-01 8.781355460432871407e-02 1.111434751467017534e-01 6.497613587140710356e-01
1.230316981110265023e-01 8.462176497184734081e-02 1.032156103682519421e-01 6.891309265488744229e-01
1.113724409013010092e-01 8.287839951770503699e-02 8.883839645317465061e-02 7.169107631278190951e-01
1.131052460006110871e-01 8.383854942016012723e-02 7.416238346789229274e-02 7.288938211113366039e-01
1.291533630400091281e-01 8.721277712064144649e-02 6.317046815774580992e-02 7.204633916816036709e-01
1.628160686423274217e-01 9.178698021354689263e-02 5.598859410464990249e-02 6.894083570394758942e-01
2.161224659518188596e-01 9.540653765756944293e-02 5.145100381720171118e-02 6.370199925734100210e-01
2.839713009079475881e-01 9.770531885820071816e-02 4.872975518864779837e-02 5.695936250452040550e-01
3.494743017913915506e-01 1.033935738904957352e-01 4.713783594861922083e-02 4.999942883694938889e-01
3.944586769710798357e-01 1.173771921037253529e-01 4.577726423166520592e-02 4.423868666935295013e-01
4.145611694824734572e-01 1.402159288014498961e-01 4.407502179588655700e-02 4.011478799201898537e-01
4.158751072165768892e-01 1.733061329465719058e-01 4.172774918778133363e-02 3.690910106490700726e-01
4.131263060033126822e-01 2.151693896013206764e-01 3.847010331028490743e-02 3.332342010850821157e-01
4.178876038535868642e-01 2.649598697551385773e-01 3.450265715321527288e-02 2.826498692380594036e-01
4.371084878133092433e-01 3.129046580016589529e-01 2.987252897991784714e-02 2.201143252051138421e-01
4.532878753409675943e-01 3.597308950902758373e-01 2.606983972685550377e-02 1.609113898419008426e-01
4.478603167737446600e-01 4.110805698862933788e-01 2.442938689647621703e-02 1.166297264434862369e-01
4.164809032153754531e-01 4.686116644428155453e-01 2.576159331456582061e-02 8.914583902724340647e-02
3.687169355939304283e-01 5.244492625601202551e-01 3.068038657032140515e-02 7.615341527562777268e-02
3.193133862246900212e-01 5.659187935677417736e-01 3.975700384143571881e-02 7.501081636613238235e-02
2.793696474148270048e-01 5.836799779538812682e-01 5.277674076239304013e-02 8.417363386889868682e-02
2.530332164255144067e-01 5.772788233412743386e-01 6.695542805342102888e-02 1.027325321797899066e-01
2.421741387169071835e-01 5.513396893251569786e-01 7.712706084950862739e-02 1.293591111084274048e-01
2.523320402189842548e-01 5.021430972047085106e-01 8.201314658761627019e-02 1.635117159886911864e-01
2.834902905985400845e-01 4.258999151779704340e-01 8.518995804711330944e-02 2.054198361763761860e-01
3.184004103133080688e-01 3.399932292247399013e-01 8.829908126205780750e-02 2.533072791998945972e-01
3.352386444866898296e-01 2.637212613643112324e-01 9.121988868018364449e-02 3.098202054688152240e-01
3.274446817426260870e-01 2.007849474199364936e-01 9.201317009227875932e-02 3.797572007451586185e-01
2.990777875420729814e-01 1.524762524978370559e-01 8.916988608304982078e-02 4.592760738770405027e-01
2.606748769503007823e-01 1.172567838536219681e-01 8.353081790021293918e-02 5.385375212958641855e-01
2.204993530308408667e-01 8.932965794489075573e-02 7.495389361692800234e-02 6.152170954073402642e-01
1.787133616654579538e-01 6.781518007280247506e-02 6.365677319327457673e-02 6.898146850684646614e-01
1.437002959188308782e-01 4.940893178648671225e-02 5.189690753773582715e-02 7.549938647569466310e-01
1.218046611729817069e-01 3.580895163297855011e-02 4.169360944040550326e-02 8.006927777536342328e-01
1.126219120841831789e-01 2.709978643690909642e-02 3.467354547795856862e-02 8.256047560009490693e-01
1.105384887567220226e-01 2.194691650033693542e-02 3.080260129755542364e-02 8.367119934453854935e-01
1.073949097404891390e-01 1.864643527567403161e-02 2.929232062436225650e-02 8.446663343594745799e-01
9.618548729891640559e-02 1.576163762877466623e-02 2.907334454062630510e-02 8.589795305316825225e-01
7.740681938526215722e-02 1.277938372305193436e-02 2.902696684263418939e-02 8.807868300490516722e-01
5.901799262825693781e-02 1.011078736866585087e-02 2.856261921229085246e-02 9.023086007907862305e-01
4.722026464577323140e-02 8.283698595036526058e-03 2.814025958863803495e-02 9.163557771705520549e-01
4.292624104005415830e-02 7.450159624607006342e-03 2.904036418190828611e-02 9.205832351534306568e-01
4.519787826862798480e-02 7.550805265140551718e-03 3.293970386772057668e-02 9.143116125985111253e-01
5.280805174945097519e-02 8.442317348819965497e-03 4.107649144404090791e-02 8.976731394576877854e-01
6.497616469833229769e-02 9.943918271860851046e-03 5.335744633246679997e-02 8.717224706973398796e-01
8.291742266270053785e-02 1.197754720707023580e-02 6.798645996477346853e-02 8.371185701654558775e-01
1.075130715505394213e-01 1.422318877292197935e-02 8.159648177136752389e-02 7.966672579051712333e-01
1.342938350283580107e-01 1.587807252192434751e-02 9.096736087978878060e-02 7.588607315699289479e-01
1.572247214696890771e-01 1.678348091548579127e-02 9.557151989277071213e-02 7.304202777220543119e-01
1.782255662581130606e-01 1.786970942460677780e-02 9.880451151306691993e-02 7.051002128042129780e-01
2.084218168416096251e-01 2.036974221819959005e-02 1.044581588367019392e-01 6.667502821034893001e-01
2.620781950153845963e-01 2.574260324346435563e-02 1.120322227608862575e-01 6.001469789802640342e-01
3.475734917452937833e-01 3.559045933004755663e-02 1.163143028917622279e-01 5.005217460328962309e-01
