2.582950498909496878e-02 9.867217358171276667e-03 5.841536790696357784e-01 3.801495985830981028e-01
4.086135814941078970e-02 8.462778384657078101e-01 9.642596032296441022e-02 1.643484306191686853e-02
4.430766266410583049e-02 8.510235731506885504e-01 8.804891222313324106e-02 1.661985196207258972e-02
4.737356535858030376e-02 8.627834876255876528e-01 7.409020501617109844e-02 1.575274199966106639e-02
5.119212071659196700e-02 8.758092281079987718e-01 5.873052371200614824e-02 1.426812746340333851e-02
5.719278817151413064e-02 8.848087510195298266e-01 4.539988253962628367e-02 1.259857826932990477e-02
6.730335846800393484e-02 8.863199381802358001e-01 3.526020678324961327e-02 1.111649656851083044e-02
8.324050473489802426e-02 8.786244697877344523e-01 2.815110776847205842e-02 9.983917708895151052e-03
1.046558380979253494e-01 8.631342881737261719e-01 2.314405906583004435e-02 9.065814662518332026e-03
1.265966842917920776e-01 8.460327957020765677e-01 1.921148809445347508e-02 8.159031911677928212e-03
1.437535421584444362e-01 8.335293604867346495e-01 1.557360602111438480e-02 7.143491333706371640e-03
1.480254253342175585e-01 8.342866753640172384e-01 1.170348405187066586e-02 5.984415249894487789e-03
1.304520975916146353e-01 8.563340164763717510e-01 8.305468388898479271e-03 4.908417543115234198e-03
1.005552884190484830e-01 8.894335455476544139e-01 5.864402159669723086e-03 4.146763873627305405e-03
7.490655665555810694e-02 9.173762333293749016e-01 4.077961307166362397e-03 3.639248707900544482e-03
5.608210923240854878e-02 9.378440694776668529e-01 2.899227628728760341e-03 3.174593661195761196e-03
4.217096079475941145e-02 9.530410167617305861e-01 2.103995807274773935e-03 2.684026636235083228e-03
3.169675210627167367e-02 9.643239457147296800e-01 1.619907985587499925e-03 2.359394193411017571e-03
2.377105560255956748e-02 9.725430505012726545e-01 1.360917757457824661e-03 2.324976138709973061e-03
1.796360109515766565e-02 9.782038201649063680e-01 1.229421485019033039e-03 2.603157254916988166e-03
1.398969358428452450e-02 9.815179778396360133e-01 1.196058906699525417e-03 3.296269669380170759e-03
1.123184648025806268e-02 9.829811902661291789e-01 1.254137738330220750e-03 4.532825515282662768e-03
9.328361262126223796e-03 9.827097819048467020e-01 1.414271596313616906e-03 6.547585236713706659e-03
8.290378836660687936e-03 9.798630858184707026e-01 1.727132569098455356e-03 1.011940277577058622e-02
8.109005908401198739e-03 9.727016288543557376e-01 2.258172889464781039e-03 1.693119234777822404e-02
8.581840129950436130e-03 9.591477761328156548e-01 3.072874405896004486e-03 2.919750933133787030e-02
9.301572209094036495e-03 9.392248331510869575e-01 4.224792336124635721e-03 4.724880230369448569e-02
1.017717599958053304e-02 9.169282096790130066e-01 5.823288018200007722e-03 6.707132630320646050e-02
1.111901891369412518e-02 8.993463915580134360e-01 7.975964714602172892e-03 8.155862481369043071e-02
1.177821144341366019e-02 8.901197312618194246e-01 1.087105537360546353e-02 8.723100192116148288e-02
1.303277627477929593e-02 8.841553446185647092e-01 1.520307017521147809e-02 8.760880893144444570e-02
1.423133139601321512e-02 8.778724365964870602e-01 2.160470643895318413e-02 8.629152556854667588e-02
1.628263037273614683e-02 8.703256391968869909e-01 3.008295219012776731e-02 8.330877824024908451e-02
1.907698664910039907e-02 8.617644948755320833e-01 4.041771638811651746e-02 7.874080208725080243e-02
2.414848764843295983e-02 8.495066579949556163e-01 5.171258827417691412e-02 7.463226608243443694e-02
2.982565591515321315e-02 8.332041902051386950e-01 6.420046990446189039e-02 7.276968397524630205e-02
3.841048899840632941e-02 8.067245826468699699e-01 7.983299173692748330e-02 7.503193661779662682e-02
5.151873221666582181e-02 7.709346623385386899e-01 9.535835342222100108e-02 8.218825202257462603e-02
7.147230987920046019e-02 7.292495018925830852e-01 1.057215246629204658e-01 9.355666356529604433e-02
9.954963300057710629e-02 6.857404730299593298e-01 1.084281510631477929e-01 1.062817429063157432e-01
1.373224803557799578e-01 6.373972813418026240e-01 1.067373337158083607e-01 1.185429045866094599e-01
1.850909718206629750e-01 5.765499073618131076e-01 1.058928228276406758e-01 1.324662979898832416e-01
2.363712844529627932e-01 5.030309657397212808e-01 1.087771579344052608e-01 1.518205918729103043e-01
2.800945918391555822e-01 4.258988667247340376e-01 1.149795004848702118e-01 1.790270409512397798e-01
3.099100084098383445e-01 3.560980853165365279e-01 1.216963060372713984e-01 2.122956002363539652e-01
3.272531380004757851e-01 3.012042153221471397e-01 1.262566231561608188e-01 2.452860235212165063e-01
3.339526060255859075e-01 2.623598059194644505e-01 1.303903889399509186e-01 2.732971991149989455e-01
3.291951694807953022e-01 2.391189744854724242e-01 1.377180619577310638e-01 2.939677940760013208e-01
3.192703937102272516e-01 2.286493969873733267e-01 1.494378076686079249e-01 3.026424016337918022e-01
3.039779874761546208e-01 2.297656113528545874e-01 1.694946408058841947e-01 2.967617603651065417e-01
2.837695163001344723e-01 2.423991761758977626e-01 1.933394723591012609e-01 2.804918351648665320e-01
2.583034022676326535e-01 2.626462034174795734e-01 2.181097085756706910e-01 2.609406857392169155e-01
2.297611204636350879e-01 2.845669970136237015e-01 2.399965436560180798e-01 2.456753388667231586e-01
2.009984340888618659e-01 3.029991431719830652e-01 2.570206652538088443e-01 2.389817574853460858e-01
1.753360484459173252e-01 3.189792366091691034e-01 2.693652193245406612e-01 2.363194956203729935e-01
1.548359065975272175e-01 3.383239848916114179e-01 2.782580668786553968e-01 2.285820416322059123e-01
1.404580163850450425e-01 3.653077670415165179e-01 2.808589436230424785e-01 2.133752729503958501e-01
1.296107743897623732e-01 3.982672216817024768e-01 2.769534717431547111e-01 1.951685321853806609e-01
1.179223241615251216e-01 4.322767741119064033e-01 2.727999973500265796e-01 1.770009043765418122e-01
1.078627212863748630e-01 4.622852139381635195e-01 2.697365584560564300e-01 1.601155063194053818e-01
1.032193085739347982e-01 4.848029393958521172e-01 2.653002627119405155e-01 1.466774893182726802e-01
1.051070276029524020e-01 4.993295670947394127e-01 2.588107378466402153e-01 1.367526674556681920e-01
1.120988691079958105e-01 5.064085758635618051e-01 2.541696329448139835e-01 1.273229220836285536e-01
1.195493775980235596e-01 5.056617375033001238e-01 2.596443179892027331e-01 1.151445669094737917e-01
1.249407338563037484e-01 4.948128007662953021e-01 2.825453887618551430e-01 9.770107661554564005e-02
1.242072221673037324e-01 4.787845872936462022e-01 3.217772330631760713e-01 7.523095747587403570e-02
1.179222187800098853e-01 4.552118009067323556e-01 3.751469445345174125e-01 5.171903577874013141e-02
1.072179480136553897e-01 4.269527518948346145e-01 4.337244594420640031e-01 3.210484064944645749e-02
9.563571438449293416e-02 3.985053318915897091e-01 4.868117681592272206e-01 1.904718556469034776e-02
8.567509983380569571e-02 3.730050056463872221e-01 5.295251083854708440e-01 1.179478613433618782e-02
7.636156415803112274e-02 3.579207218733480578e-01 5.576554166039084937e-01 8.062297364712107256e-03
6.473697646248119386e-02 3.624112213298642526e-01 5.670917931096318698e-01 5.760009098022106887e-03
2.075161938748919157e-03 6.547862772188988746e-03 8.240844382318184280e-01 1.672925370572438675e-01
4.209413970321901344e-02 8.922550340470022379e-01 5.775568462375471612e-02 7.895141626023994413e-03
4.239229567800385096e-02 9.053889414406836034e-01 4.597165492533906300e-02 6.247107955973452316e-03
4.370933401747750802e-02 9.160617516505867863e-01 3.562511369721832466e-02 4.603800634717624719e-03
4.507611985584137476e-02 9.259863247322009938e-01 2.584529970784728639e-02 3.092255704110558837e-03
4.669680918948779236e-02 9.334836329451221548e-01 1.780471635202924424e-02 2.014841513360692352e-03
4.349529207726390151e-02 9.433281311166415994e-01 1.186599089794506540e-02 1.310585908149634448e-03
3.625229519833152864e-02 9.548977765931485617e-01 7.985506947130968994e-03 8.644212613889106075e-04
2.758863568372751582e-02 9.661880465791142791e-01 5.642401749773232229e-03 5.809159873850039358e-04
2.119332931381705948e-02 9.739649185305589985e-01 4.425458947493545597e-03 4.162932081303879041e-04
1.790272597460986284e-02 9.778761958737148818e-01 3.896351942744335443e-03 3.247262089306267134e-04
1.677267405531192995e-02 9.793181537046005136e-01 3.640090985429223370e-03 2.690812546582701192e-04
1.673833016899931719e-02 9.796322131087860097e-01 3.395357499857597910e-03 2.340992223570814061e-04
1.709606031489344091e-02 9.795251618459973608e-01 3.159216183788343332e-03 2.195616553207869548e-04
1.739277436757462325e-02 9.793659696118146574e-01 3.020314759554132769e-03 2.209412610568163256e-04
1.717778342117005919e-02 9.796177360411071344e-01 2.975308233133339749e-03 2.291723045892958229e-04
1.635319784272077498e-02 9.804178944775612248e-01 2.985341117864338811e-03 2.435665618537036366e-04
1.525336892951171738e-02 9.814284854432684391e-01 3.047117909933531529e-03 2.710277172865085287e-04
1.434128975196675981e-02 9.820905530924124438e-01 3.242290396460026803e-03 3.258667591607791215e-04
1.397556427322108920e-02 9.818757619623712518e-01 3.714524644021658349e-03 4.341491203861070551e-04
1.466688275118620093e-02 9.799908053074131153e-01 4.683151278866563502e-03 6.591606625341231559e-04
1.738249109943415180e-02 9.750304281426755981e-01 6.425155564886602874e-03 1.161925193003766248e-03
2.296423592091247426e-02 9.661330869069557625e-01 8.712779532504006524e-03 2.189897639627444437e-03
3.140420479082411259e-02 9.542681095165387317e-01 1.047616227945184081e-02 3.851523413185209931e-03
4.154494439710060966e-02 9.414542071123525036e-01 1.104543847401945333e-02 5.955410016527367539e-03
5.182346126511289119e-02 9.288864040657607291e-01 1.086837009641273763e-02 8.421764572713482527e-03
6.123528744009539698e-02 9.158152919626972865e-01 1.092847904485948728e-02 1.202094155234806339e-02
6.932118233897434367e-02 8.992484683967795212e-01 1.224287570737709642e-02 1.918747355686886008e-02
7.485223226002751806e-02 8.733251315876714438e-01 1.613253283117207018e-02 3.569010332112936695e-02
8.614529075911436795e-02 8.151397409155916041e-01 2.467290396683431003e-02 7.404206435845990530e-02
1.070567126385577189e-01 6.991513829965316784e-01 4.187334920157136792e-02 1.519185551633391584e-01
1.307730094996404913e-01 5.200164286248097900e-01 7.163992675697157531e-02 2.775706351185780463e-01
1.413713270863758975e-01 3.233519495889143891e-01 1.134533544192289911e-01 4.218233689054806668e-01
1.360803430808673886e-01 1.780647233328782053e-01 1.622830481910020051e-01 5.235718853952523455e-01
1.251946867931757745e-01 1.001798404613470778e-01 2.227172040636088146e-01 5.519082686818682637e-01
1.093512253681803298e-01 6.529580266963710966e-02 3.104828164625135223e-01 5.148701554996691909e-01
8.436248149539031516e-02 4.736848782498738475e-02 4.417676154324104432e-01 4.265014152472119680e-01
5.250624004212679080e-02 3.563093785979686706e-02 5.993720969062443782e-01 3.124907251918319639e-01
2.643877999447751675e-02 2.658533365602311002e-02 7.276221779817801938e-01 2.193537083677193078e-01
1.258058967981366162e-02 2.049485049607030832e-02 7.992281483532637232e-01 1.676964114708523745e-01
6.596116774662391484e-03 1.656642952678485936e-02 8.324498499653734118e-01 1.443876037331791595e-01
3.961864568060607938e-03 1.366608718547621809e-02 8.493624586889427786e-01 1.330095895575205689e-01
2.649436531171715792e-03 1.136207085804879190e-02 8.597794257292394882e-01 1.262090668815400440e-01
1.889184026922696626e-03 9.205075689593267968e-03 8.644187232409148436e-01 1.244870170425691897e-01
1.561871663969016969e-03 8.793596583788162654e-03 8.576564701715512218e-01 1.319880615806914570e-01
1.545019952078010520e-03 1.014396342979147561e-02 8.337579024085806090e-01 1.545531142095499522e-01
1.547928412841003418e-03 1.608961812351891729e-02 7.843656994102250479e-01 1.979967540534151027e-01
2.011298693881070996e-03 3.022264790286946501e-02 7.034101577077145340e-01 2.643558956955348038e-01
2.893417582144459065e-03 6.376162576584244734e-02 5.895892531330757524e-01 3.437557035189371391e-01
4.559332895049465241e-03 1.353739285038804141e-01 4.531952871622548784e-01 4.068714514388151460e-01
7.826033800783694164e-03 2.689229002880154096e-01 3.097620778556429144e-01 4.134889880555580044e-01
1.393929726836593518e-02 4.593663461855045371e-01 1.777501141515664129e-01 3.489442423945632865e-01
2.401098403943856957e-02 6.363496229550602568e-01 8.655832882098576930e-02 2.530810641845155917e-01
3.703872054892926036e-02 7.580960891751452602e-01 3.992562207954697406e-02 1.649395681963785054e-01
5.052423144316415399e-02 8.345477068426810918e-01 1.854562047242291553e-02 9.638244124173196703e-02
6.378816265960376986e-02 8.749400151746320464e-01 8.834976374522122977e-03 5.243684579124205380e-02
8.229199615658883138e-02 8.844998997704424104e-01 4.590180233347469947e-03 2.861792383962101852e-02
9.716497004930170489e-02 8.842747348874420155e-01 2.598864050450172460e-03 1.596143101280609461e-02
1.021838856060317685e-01 8.868868416548123523e-01 1.678972611019690720e-03 9.250300128136240696e-03
9.724433054682068978e-02 8.959932392838526605e-01 1.195615844852385883e-03 5.566814324474359497e-03
8.505689192883202077e-02 9.106510573496788830e-01 9.048165294299920529e-04 3.387234192059208199e-03
7.141041382408851168e-02 9.257892096412715377e-01 7.211063457369699817e-04 2.079270188902923935e-03
6.146660296197159479e-02 9.365848102330093239e-01 6.186173511411881916e-04 1.329969453877907336e-03
5.705931705931113068e-02 9.413987877911819124e-01 5.964681526016020995e-04 9.454269969054390288e-04
5.724882927861896231e-02 9.412896567495094846e-01 6.657580197157018541e-04 7.957559521558102379e-04
5.905734045624465994e-02 9.393102848651970760e-01 8.380830586534058005e-04 7.942916199050527749e-04
5.802379031365331036e-02 9.399715164667500344e-01 1.126144475940546019e-03 8.785487436561153574e-04
5.172637793374084553e-02 9.457139107216547824e-01 1.570582601927078331e-03 9.891287426771419328e-04
4.256861808077466031e-02 9.541270761512469223e-01 2.243708324034722739e-03 1.060597443943346639e-03
3.434328910858039374e-02 9.613845485205838592e-01 3.211774003755710725e-03 1.060388367080141456e-03
2.911446890365305615e-02 9.651855880516240216e-01 4.641550380204916525e-03 1.058392664517619547e-03
2.741939687578518262e-02 9.644643888261403841e-01 6.956993453772493397e-03 1.159220844301826238e-03
4.029417566227690983e-01 1.609278138829507154e-01 1.306950122472920299e-02 4.230609282695509954e-01
1.469877708839249231e-01 5.839876445098123314e-01 1.729590509045118296e-01 9.606553370175067996e-02
1.580762126983825677e-01 5.133135987944582590e-01 2.099949937682602796e-01 1.186151947388990463e-01
1.733093646346833550e-01 4.398654756747027439e-01 2.426194658384897562e-01 1.442056938521240061e-01
1.903849415282980739e-01 3.682632523129739099e-01 2.675584787269523757e-01 1.737933274317756127e-01
2.059210778975256173e-01 2.973501390515030374e-01 2.845180464581735791e-01 2.122107365927978773e-01
2.160071932116480464e-01 2.297429221509692254e-01 2.884607887828607442e-01 2.657890958545217064e-01
2.132053350654272150e-01 1.723094742067334817e-01 2.754192672937921249e-01 3.390659234340472894e-01
1.914083888608511808e-01 1.270494804632142649e-01 2.471766294329061642e-01 4.343655012430283069e-01
1.533880000550619516e-01 9.131528603890799733e-02 2.086714716710409145e-01 5.466252422349895390e-01
1.108002255131264463e-01 6.436781548598585756e-02 1.709182978472471859e-01 6.539136611536405796e-01
7.749139006909490368e-02 4.684695287093906813e-02 1.453009158236205633e-01 7.303607412363456453e-01
5.770291664783619434e-02 3.781687827943850527e-02 1.360717012628753497e-01 7.684085038098501519e-01
4.868407749743327434e-02 3.646649558683758008e-02 1.414464717337090283e-01 7.734029551820199577e-01
4.645395907284594755e-02 4.189799868653752007e-02 1.592549061395350518e-01 7.523931361010817165e-01
4.755132864718202707e-02 5.425291274061578434e-02 1.872854290731900961e-01 7.109103295390121202e-01
4.890613263553558743e-02 7.306045436001411264e-02 2.217449418214631207e-01 6.562884711829869433e-01
4.963736358066116877e-02 9.603418179225850504e-02 2.561263776878666132e-01 5.982020769392136783e-01
4.838032062710023035e-02 1.230509996634067960e-01 2.841704047262343935e-01 5.443982749832587675e-01
4.666885715707579790e-02 1.540327911656668158e-01 3.069436860172271020e-01 4.923546656600302218e-01
4.418513700287413776e-02 1.882279004830205160e-01 3.337896250392160535e-01 4.337973374748892996e-01
4.037600064568321045e-02 2.171925385123971430e-01 3.757878950397148254e-01 3.666435658022049737e-01
3.368132420988466380e-02 2.320586215953819309e-01 4.345905476485621977e-01 2.996695065461714158e-01
2.553290258160926737e-02 2.271178247485726165e-01 5.046586756898867598e-01 2.426905969799314500e-01
1.834054076084877527e-02 2.030312458842652712e-01 5.758105928166783460e-01 2.028176205382076491e-01
1.343980790618867771e-02 1.664578041392870411e-01 6.333644393899142688e-01 1.867379485646100679e-01
1.087944221316397390e-02 1.263175654699810191e-01 6.644201293019016408e-01 1.983828630149531425e-01
1.015625720611428029e-02 9.095378385883418071e-02 6.619271457456090690e-01 2.369628131894423451e-01
1.094397366086874088e-02 6.453366313645472752e-02 6.245230597828904662e-01 2.999993034197856456e-01
1.321376978586258182e-02 4.621344572718831534e-02 5.589899307473670254e-01 3.815828537395818398e-01
1.665122221507031250e-02 3.356401739863949796e-02 4.733333939483013730e-01 4.764513664379886326e-01
1.991089172559910511e-02 2.415241860008941061e-02 3.677580308959582656e-01 5.881786587783529585e-01
2.129213838923082330e-02 1.649595247501626713e-02 2.454365695062837027e-01 7.167753396294695989e-01
2.009915377616048465e-02 1.052243316746929135e-02 1.351913716998546511e-01 8.341870413565155573e-01
1.768450768665153980e-02 6.616142594610786160e-03 6.485524456120249359e-02 9.108441051575353331e-01
1.600416484411261442e-02 4.541938839480490035e-03 3.088349455477163580e-02 9.485704017616349848e-01
1.603110578221222243e-02 3.637401593916124790e-03 1.666633218844941478e-02 9.636651604354222744e-01
1.780122982212040822e-02 2.947306968866961717e-03 1.154295252068882234e-02 9.677085106883238641e-01
2.390893136101553129e-02 3.302606321606694866e-03 9.079745252513853754e-03 9.637087170648639400e-01
3.538528697473436457e-02 4.826006864973607369e-03 8.295641269006438084e-03 9.514930648912857114e-01
5.439746681006395190e-02 6.572098895019172667e-03 8.474757425015784149e-03 9.305556768699005943e-01
7.975311072451636563e-02 8.896036380939597102e-03 9.096928057171655216e-03 9.022539248373725451e-01
1.046966754370591834e-01 1.131051527021828366e-02 9.982351094654970045e-03 8.740104581980677745e-01
1.195935066860600859e-01 1.308039181780374337e-02 1.089080312217710102e-02 8.564352983739590419e-01
1.179896294586177952e-01 1.351415625152570764e-02 1.155196573316075344e-02 8.569442485566955980e-01
1.032314377229764102e-01 1.253915190983159733e-02 1.194795276540039884e-02 8.722814576017917654e-01
8.524106127922756460e-02 1.085408181356686992e-02 1.247609417616052548e-02 8.914287627310448769e-01
6.973292076024348307e-02 9.052112429914615371e-03 1.363952709588561740e-02 9.075754397139563778e-01
5.682601145983322277e-02 7.278945242411907594e-03 1.576418436023726763e-02 9.201308589375175595e-01
4.457616420335744345e-02 5.106696532136027061e-03 1.982321415107527948e-02 9.304939251134314304e-01
3.408208711722378326e-02 4.226469065684859520e-03 2.661329510736175005e-02 9.350781487097296063e-01
2.561756797553281159e-02 3.298433837765366115e-03 4.440524419949121171e-02 9.266787539872106683e-01
1.960739672581016460e-02 2.754817491690889075e-03 8.226467314403396180e-02 8.953731126384653072e-01
1.542262224388605066e-02 2.454749875965775603e-03 1.451060427623992177e-01 8.370165851177489014e-01
1.262898475709653065e-02 2.237086544184021305e-03 2.220570197423067937e-01 7.630769089564127805e-01
1.036114051984829074e-02 1.932593035642698022e-03 2.965781671746218762e-01 6.911280992698867198e-01
9.856370937434022483e-03 1.764076073548195584e-03 3.676704276580167741e-01 6.207091253310008661e-01
1.010630011027323014e-02 1.642223935666237145e-03 4.465776776651718127e-01 5.416737982888886194e-01
1.073025748388190675e-02 1.535731501097545000e-03 5.456920504552505991e-01 4.420419605597699086e-01
9.931050781443758954e-03 1.293214368497233807e-03 6.674645735156533588e-01 3.213111613344060147e-01
8.725360079240263370e-03 1.058168757192882352e-03 7.877919688977578216e-01 2.024245022658088533e-01
7.933366321353762032e-03 9.580876005783708254e-04 8.740058386852731509e-01 1.171027073927943946e-01
7.954398354879077190e-03 9.000045444932091307e-04 9.195675730548704685e-01 7.157802404575730471e-02
9.279928295919384271e-03 1.058772562065622268e-03 9.378632978377056117e-01 5.179800130430922689e-02
1.094770154551221071e-02 1.323709971363856925e-03 9.427341727067946042e-01 4.499441577632928846e-02
1.156017662209740844e-02 1.579791968919064434e-03 9.419727651948038849e-01 4.488726621417982177e-02
1.072257898394776698e-02 1.774015084749619962e-03 9.383883594473184653e-01 4.911504648398411221e-02
9.462929548724418466e-03 1.978896350686805503e-03 9.327010550897308905e-01 5.585711901085797793e-02
8.411597966851909122e-03 2.237612732053495448e-03 9.283167014721387389e-01 6.103408782895552998e-02
7.268946083738651517e-03 2.463693815754652502e-03 9.300365648541359942e-01 6.023079524637063586e-02
5.800201128923862526e-03 2.564479178519311897e-03 9.372645815727380647e-01 5.437073811981886495e-02
4.413875509691562657e-03 2.558400715423853576e-03 9.441209843874934782e-01 4.890673938739122095e-02
1.564992652210595026e-01 7.983158512337157342e-01 2.422953274189466530e-02 2.095535080333035122e-02
5.643907645900541059e-01 3.195022123690061666e-01 5.538397727045327873e-02 6.072304577048641405e-02
5.020222061447170425e-01 3.805411085952524197e-01 5.531760397677042140e-02 6.211908128326011636e-02
4.319858676032065081e-01 4.512425042265594821e-01 5.473168350557415518e-02 6.203994466465977825e-02
3.511734992321755566e-01 5.342389112151574304e-01 5.424515492805704470e-02 6.034243462460998214e-02
2.606289828064218828e-01 6.299004568824382311e-01 5.375683773250744535e-02 5.571372257863251021e-02
1.700149970116897891e-01 7.304436579471302871e-01 5.216324074404565803e-02 4.737810429713461974e-02
9.834320195677542786e-02 8.155065494237434542e-01 4.866276036171918867e-02 3.748748825776197086e-02
5.471509826013200295e-02 8.729042697593705213e-01 4.358009431904447117e-02 2.880053766145298372e-02
3.205288403273984926e-02 9.094465260049466870e-01 3.659090276282669224e-02 2.190968719948676452e-02
2.133203140494916231e-02 9.341353601700300713e-01 2.786324694428575499e-02 1.666936148073481713e-02
1.729144758454983014e-02 9.502429408367624175e-01 1.948959596909622186e-02 1.297601560959163805e-02
1.734827703991398754e-02 9.588332793189278114e-01 1.340034043175238922e-02 1.041810320940569391e-02
2.125739286122403301e-02 9.605749243405051763e-01 9.597975103789945298e-03 8.569707694480921747e-03
2.677732962321560661e-02 9.587682792584388825e-01 7.303035393706688166e-03 7.151355724638723023e-03
3.569992105531366589e-02 9.519116829322148421e-01 5.979765884433027416e-03 6.408630128038764716e-03
4.810398020085838999e-02 9.404223935247979504e-01 5.212336659316917607e-03 6.261289615026599704e-03
6.489830533227118614e-02 9.237731378607301203e-01 4.740204912479594954e-03 6.588351894519305085e-03
8.990656327739883491e-02 8.983852599746015022e-01 4.397912698149493427e-03 7.310264049850346418e-03
1.344377076417982153e-01 8.532034397888846877e-01 3.950489732902717419e-03 8.408362836414086383e-03
2.137377724157971393e-01 7.729560276054003864e-01 3.449229175865300024e-03 9.856970802937368992e-03
3.326367570158550446e-01 6.532105097064579979e-01 2.855766545632949446e-03 1.129696673205386574e-02
4.538369806468904866e-01 5.318315875542107829e-01 2.233455443287328361e-03 1.209797635561151406e-02
5.240309510979668239e-01 4.615806472979115394e-01 1.950757727768702736e-03 1.243764387635293463e-02
5.309808255565642288e-01 4.546442335396834178e-01 1.670934643079370141e-03 1.270400626067299220e-02
4.892590874612554597e-01 4.964927597918349367e-01 1.595454528800527945e-03 1.265269821810873808e-02
4.314200323212575849e-01 5.553811091791625021e-01 1.315072376194365185e-03 1.188378612338540294e-02
3.795877564038093177e-01 6.086380971259627293e-01 1.202140539745443198e-03 1.057200593048268633e-02
3.480063992155353891e-01 6.416006536315801423e-01 1.087484703506846851e-03 9.305462449377254613e-03
3.286162390003563583e-01 6.619885094127794245e-01 9.878759677334936380e-04 8.407375619130699751e-03
3.089245895613106918e-01 6.822701542392561880e-01 9.056073733817697350e-04 7.899648826051314590e-03
2.817999686151195782e-01 7.097421992342831665e-01 8.447387265597911064e-04 7.613093424037367316e-03
2.443138549258780379e-01 7.476336323544549023e-01 7.993906861214050003e-04 7.253122033545580244e-03
1.986885895506813604e-01 7.939039845065759549e-01 7.582142889768810545e-04 6.649211653765812677e-03
1.517810226595179557e-01 8.417583439875493401e-01 6.998472376584672023e-04 5.760786115274185541e-03
1.093638327068902211e-01 8.853646464700918317e-01 6.503025836196655706e-04 4.621218239398578072e-03
7.780637394995726375e-02 9.181694372863097309e-01 5.068715981580548726e-04 3.517317165574890443e-03
5.634861179843005108e-02 9.405932690769462923e-01 3.985025778372930567e-04 2.659616546786504158e-03
4.318683816187014746e-02 9.544001785639042446e-01 3.222915924436721316e-04 2.090691681781595146e-03
3.457583739461676103e-02 9.634306985248969335e-01 2.628719353604331210e-04 1.730592145125994102e-03
2.731926681668176912e-02 9.709813380504642710e-01 2.127880339651976754e-04 1.486607098888765048e-03
2.040078518291739418e-02 9.781568152090793777e-01 1.699551764161986880e-04 1.272444431587026713e-03
1.421526043006699457e-02 9.846206031896692634e-01 1.327100487360811649e-04 1.031426331527832314e-03
9.444253834304723941e-03 9.896702405078798837e-01 1.017653182627276809e-04 7.837403395525583804e-04
6.154016791377603206e-03 9.931929990036778566e-01 7.747309581522470010e-05 5.755111091295114301e-04
4.000814325819297863e-03 9.955128831666975042e-01 5.916308316757288129e-05 4.271394243158818465e-04
2.681966303865693495e-03 9.969315244646227425e-01 4.626949237664477338e-05 3.402397391350928048e-04
1.910467665954302015e-03 9.977437817485693694e-01 3.809667775015049214e-05 3.076539077264168901e-04
1.451809565299753491e-03 9.981928069504810708e-01 3.381952831563504416e-05 3.215639559036109025e-04
1.547092592434120900e-06 9.997653630968383887e-01 1.340446321020938348e-05 2.196853473588687819e-04
1.141214490144900254e-06 9.996766476641416599e-01 1.357320645485844145e-05 3.086379149132419618e-04
1.050896395335793420e-06 9.995390686296531380e-01 1.482995759778378978e-05 4.450505163538745913e-04
1.318227439070434648e-06 9.993288002252407320e-01 1.793830882568899353e-05 6.519432384944392469e-04
2.044329749000651665e-06 9.990357559290619083e-01 2.450812029246494692e-05 9.376916208966494613e-04
1.147912237867820123e-03 9.973076434864429629e-01 1.067193344250602009e-04 1.437724941264369866e-03
1.197359801002407902e-03 9.971272371491712860e-01 1.548878386801934455e-04 1.520515211145931529e-03
1.089453000799529489e-03 9.973145158828203849e-01 2.128040283000143815e-04 1.383227088080049658e-03
2.243215026835289737e-06 9.988923154420077388e-01 1.289781530910481095e-04 9.764631898744000624e-04
1.635242537331892988e-06 9.989940999347590722e-01 1.928801516825954490e-04 8.113846710210338318e-04
1.335416231106518485e-06 9.990298016437952899e-01 2.833421966152109409e-04 6.855207433582809727e-04
1.432810488746072973e-06 9.989570575030755073e-01 4.172714947035476409e-04 6.242381917320397999e-04
2.094843125040629090e-06 9.987389610513365268e-01 6.344906874580978585e-04 6.244534180802906219e-04
4.024086935811980053e-06 9.982940192759987008e-01 1.024187114656141106e-03 6.777695224094247963e-04
1.415845889498095617e-03 9.954460910676493635e-01 2.123284271360670935e-03 1.014778771491930054e-03
2.366793129884870502e-03 9.926360834668874755e-01 3.699262979591207232e-03 1.297860423636419420e-03
4.055379083491721798e-03 9.876948219393899553e-01 6.539196173769892297e-03 1.710602803348381393e-03
6.680452319179851738e-03 9.798048688571986409e-01 1.127717898072073607e-02 2.237499842900890143e-03
1.011506897541957460e-02 9.686961312981483552e-01 1.838421341182623972e-02 2.804586314606033904e-03
1.397375615014010038e-02 9.552084347028911848e-01 2.751803781266714752e-02 3.299771334301497897e-03
1.844344391950250572e-02 9.402516225453239063e-01 3.753531683599713870e-02 3.769616699176422427e-03
2.501737998873258817e-02 9.228819601550950491e-01 4.759201908443502771e-02 4.508640771737370580e-03
3.485549719771163790e-02 9.007568275366553134e-01 5.852696221049370762e-02 5.860713055139310686e-03
3.527205969371989269e-01 4.364095132837537278e-02 5.408242131156428337e-03 5.982302096032691141e-01
3.528973492456551897e-01 5.829821098363999893e-02 5.610740873353944197e-03 5.831936988973510649e-01
3.911084439735044160e-01 7.627723379465593811e-02 5.940728278975728957e-03 5.266735939528639499e-01
4.648081496422201697e-01 9.289964255083965616e-02 6.384583601511972274e-03 4.359076242054283901e-01
5.576959555157600112e-01 1.056955946545631159e-01 6.179295807330560490e-03 3.304291540223461832e-01
6.520834997103258646e-01 1.079952097584198356e-01 5.294803144579299757e-03 2.346264873866746592e-01
7.295745577301609996e-01 1.063896959798421443e-01 4.286231530007476864e-03 1.597495147599893583e-01
7.866322915856591713e-01 1.058058795692312926e-01 3.308117839012702371e-03 1.042537110060966360e-01
8.268677897156939682e-01 1.054810216837176462e-01 2.455789354300460820e-03 6.519539924628817151e-02
8.526945949480139175e-01 1.051632602356370461e-01 1.914322151166966517e-03 4.022782266518223210e-02
8.747010203671677919e-01 9.880260424137686515e-02 1.562452593441702228e-03 2.493392279801360731e-02
8.999087115972722595e-01 8.320620071166234810e-02 1.280930131099988940e-03 1.560415755996548762e-02
9.264987721935757925e-01 6.234294484335840131e-02 1.041302354593093846e-03 1.011698060847313757e-02
9.487542775311288423e-01 4.324787937354167278e-02 8.514657516802957328e-04 7.146377343649181792e-03
9.633569257983807255e-01 3.021511382559384160e-02 6.152613309553430767e-04 5.812699045070137890e-03
9.726328016239971230e-01 2.146629359649693605e-02 5.431306420467948114e-04 5.357774137459098834e-03
9.772636428401560993e-01 1.667818709303535776e-02 5.237259061049498107e-04 5.534444160703600943e-03
9.784367758044332231e-01 1.456647179798728486e-02 5.727978202656142191e-04 6.423954577313972618e-03
9.766337198912712347e-01 1.434323132748140626e-02 7.215914874126407898e-04 8.301457293834767215e-03
9.704092545455719199e-01 1.701119250451336648e-02 1.221419036591835311e-03 1.135813391332300346e-02
9.636057446202168641e-01 1.955491947243445661e-02 1.785743399443486326e-03 1.505359250790486679e-02
9.566975363987824110e-01 2.239466596860353181e-02 2.576903783402805480e-03 1.833089384921158388e-02
9.511161475270712984e-01 2.517728766389480677e-02 3.576801961861395332e-03 2.012976284717268860e-02
1.995255526053779649e-01 3.009029573661459178e-01 7.725532589974208608e-02 4.223161641287339063e-01
1.852795808801164790e-01 2.799604757501164554e-01 7.597154513509231377e-02 4.587883982346752654e-01
1.684765719830970121e-01 2.573988865961948647e-01 7.423738518818077947e-02 4.998871562325272744e-01
1.525176438000828416e-01 2.332099489799494552e-01 7.151581566971582093e-02 5.427565915502517990e-01
1.394164795410406943e-01 2.072074796822353793e-01 6.821740925906211173e-02 5.851586315176618980e-01
1.283801454157976751e-01 1.787220015592703437e-01 6.495991721217925230e-02 6.279379358127528121e-01
1.175701510551364903e-01 1.493977479213012549e-01 6.196003987531487067e-02 6.710720611482476894e-01
1.067567315512303466e-01 1.235198267605024380e-01 5.953050363503940151e-02 7.101929380532280289e-01
9.581452951861867129e-02 1.033611542538721007e-01 5.816257755512733996e-02 7.426617386723818326e-01
8.390194219149282873e-02 8.799941474006554853e-02 5.814033590061674917e-02 7.699583071678248736e-01
7.122114625254032105e-02 7.583656362479962443e-02 5.984001486521341867e-02 7.931022752574465873e-01
5.978319733641766082e-02 6.635823424789512315e-02 6.422743717857756773e-02 8.096311312371097246e-01
5.181968403830254644e-02 5.952167349993309903e-02 7.243572977006829117e-02 8.162229126916961119e-01
4.909894903248734205e-02 5.543624034333097250e-02 8.462042406334613354e-02 8.108443865608355727e-01
5.339583395985018216e-02 5.443351393580871111e-02 9.850364205763147141e-02 7.936670100467094757e-01
6.768169522348702061e-02 5.690055969063714802e-02 1.098826146259569564e-01 7.655351304599188333e-01
9.761360421449734315e-02 6.263632912766457783e-02 1.164021557240014632e-01 7.233479109338365465e-01
1.508656300915340309e-01 6.975245815524230841e-02 1.186842651382070957e-01 6.606976466150163985e-01
2.298974201201274548e-01 7.481941666990130080e-02 1.162272610555478425e-01 5.790559021544234852e-01
3.231596089195769017e-01 7.561773136676752660e-02 1.086706938590700777e-01 4.925519658545854940e-01
4.132913532817746316e-01 7.392484831672962997e-02 9.915905387446559416e-02 4.136247445270301304e-01
4.821617899093201265e-01 7.227876236005902066e-02 9.201373353063779792e-02 3.535457141999826525e-01
5.160892997001447213e-01 7.126519241947430749e-02 9.135604788063138304e-02 3.212894599997496159e-01
5.142907330420982692e-01 7.143164095380939715e-02 9.752922265101922339e-02 3.167484033530731380e-01
4.872521325376739654e-01 7.111352648372291918e-02 1.088736551631952210e-01 3.327606858154081859e-01
4.480586370641066463e-01 6.849810541953116338e-02 1.238111914350262521e-01 3.596320660813359660e-01
4.127424101433866399e-01 6.396659103455069884e-02 1.371456808573632002e-01 3.861453179646998635e-01
3.968565602261562297e-01 5.874289530052561464e-02 1.435907736853739292e-01 4.008097707879439420e-01
4.046874299159100574e-01 5.498314867978237180e-02 1.399005975803149504e-01 4.004288238239930298e-01
4.224607638552474453e-01 5.553478758199244941e-02 1.275316123508911104e-01 3.944728362118687937e-01
4.322499555144140859e-01 6.440489393485439307e-02 1.111072660312249355e-01 3.922378845195067520e-01
4.235139003717162121e-01 8.721842420189629408e-02 9.527865431948231989e-02 3.939890211069051462e-01
3.929958901480239963e-01 1.313408155255776089e-01 8.159014933555469584e-02 3.940731449908435602e-01
3.410983779497969715e-01 1.973083153522141309e-01 7.191729418415550301e-02 3.896760125138332698e-01
2.739326906004704854e-01 2.725847931593142759e-01 6.652711358845908585e-02 3.869554026517559309e-01
2.060517621745030226e-01 3.326804961276854655e-01 6.499016990046020681e-02 3.962775717973512912e-01
1.578404800075857428e-01 3.594252519410980340e-01 6.445718250148375905e-02 4.182770855498322837e-01
1.360358427735272602e-01 3.580375152499220004e-01 6.075029702477219296e-02 4.451763449517785465e-01
1.351516443867876172e-01 3.458897917366552388e-01 5.231903348653441782e-02 4.666395303900228719e-01
1.520588479196526843e-01 3.312523163007738969e-01 4.128314911751659183e-02 4.754056866620567368e-01
1.876530138954705662e-01 3.138575732259149542e-01 3.080716674196266533e-02 4.676822461366516026e-01
2.420578694685237842e-01 2.923934980939570938e-01 2.283518049808261688e-02 4.427134519394366752e-01
3.067288897380218149e-01 2.697175948404466617e-01 1.776747488047446255e-02 4.057860405410572691e-01
3.616335781920867465e-01 2.555683967000094148e-01 1.514996441580203877e-02 3.676480606921017635e-01
3.874053871872907839e-01 2.618919362325656808e-01 1.416323830034950729e-02 3.365394382797942119e-01
3.778003754888095145e-01 2.947226134507969775e-01 1.397344834647819278e-02 3.135035627139158287e-01
3.420621959596388817e-01 3.484439878907807375e-01 1.415277198644571306e-02 2.953410441631346695e-01
2.968558536873694420e-01 4.119675962239576772e-01 1.368558146995399981e-02 2.774909686187190805e-01
2.583272286230843262e-01 4.743859236327388484e-01 1.279145657673780127e-02 2.544953911674394109e-01
2.347039101758985336e-01 5.317413292874267894e-01 1.142917158150789231e-02 2.221255889551668194e-01
2.253143259752071748e-01 5.830324063041335547e-01 9.775855352223970438e-03 1.818774123684355759e-01
2.182963480831115188e-01 6.323148568429457494e-01 8.098377059322066709e-03 1.412904180146206390e-01
1.992650471774779775e-01 6.864176124943733859e-01 6.769064397577281844e-03 1.075482759305713548e-01
1.669666742684264293e-01 7.425923928011515240e-01 5.987292440651723405e-03 8.445364048977030413e-02
1.298976925374426272e-01 7.920545784733328265e-01 5.778775317011270417e-03 7.226895367221303212e-02
9.744030751889348752e-02 8.261587916689203670e-01 6.135993802007513528e-03 7.026490701017840124e-02
7.434346955389725675e-02 8.393115085441407164e-01 7.089501137440421680e-03 7.925552076452142825e-02
6.052596443546470056e-02 8.285606438115841188e-01 8.621860477884314006e-03 1.022915312750668770e-01
5.367421458492782627e-02 7.938883532341608484e-01 1.041430553108105284e-02 1.420231266498304112e-01
5.500112858281402950e-02 7.350565013167690287e-01 1.243727136889870646e-02 1.975050987315183360e-01
6.243281322662432020e-02 6.588531296976739560e-01 1.493218244300228981e-02 2.637818746326991426e-01
7.218762591095564951e-02 5.746984506799296399e-01 1.774682358600742499e-02 3.353670998231072509e-01
7.879101214846166712e-02 4.870243699101526325e-01 2.025404931850912846e-02 4.139305686228764714e-01
7.885461746130473237e-02 3.979742341891066570e-01 2.162773167858156667e-02 5.015434166710071029e-01
7.274839676311443959e-02 3.161164516416491432e-01 2.146271079324630141e-02 5.896724408019903274e-01
6.327624385210135760e-02 2.504983758116838266e-01 2.039925961102389759e-02 6.658261207251907621e-01
5.269480496245142198e-02 2.006046185361369250e-01 1.934685737223840879e-02 7.273537191291733484e-01
4.284018094092673090e-02 1.606061530768681522e-01 1.862642266044556988e-02 7.779272433217594429e-01
3.553604672321259567e-02 1.270619745552477309e-01 1.799146592277659981e-02 8.194105127987632020e-01
3.152425396729429535e-02 1.006633206694608623e-01 1.725281880184957595e-02 8.505596065613951762e-01
3.016966092693742704e-02 8.192891811849363493e-02 1.671795275355783539e-02 8.711834682010113351e-01
3.004179309619935123e-02 6.935242171822053603e-02 1.687935336466922162e-02 8.837264318209107072e-01
2.926523424543968355e-02 6.009360802872859564e-02 1.793965936995640248e-02 8.927014983558752004e-01
2.616830351463298940e-02 5.099470178842185203e-02 1.960986558828163237e-02 9.032271291086632070e-01
2.097091031064031788e-02 4.083415909624551338e-02 2.139442345572423188e-02 9.168005071373898085e-01
1.592544092898215066e-02 3.139450786491283091e-02 2.343920112818360241e-02 9.292408500779214542e-01
1.285547017754521022e-02 2.489882245189333973e-02 2.674683607782589109e-02 9.354988712927357897e-01
1.219501485772635056e-02 2.198728309039907347e-02 3.275255890442337059e-02 9.330651431474514812e-01
1.401833805726516655e-02 2.245167240870971775e-02 4.388898281684857489e-02 9.196410067171769676e-01
1.842694490682545219e-02 2.570479040805421361e-02 6.328522991510221463e-02 8.925830347700181022e-01
2.554484489823448737e-02 3.082719380127565967e-02 9.313298544140753699e-02 8.504949758590824027e-01
3.600441096825122977e-02 3.695855190331241713e-02 1.333322906348873016e-01 7.937047464935488295e-01
4.955249451459881743e-02 4.252727259052192788e-02 1.796751295314482078e-01 7.282451033634307347e-01
6.194102129323348499e-02 4.505106535420960734e-02 2.242585529146530199e-01 6.687493604379038947e-01
6.865654298226352148e-02 4.424958977865513232e-02 2.591866873326596488e-01 6.279071799064214199e-01
7.147752672329013568e-02 4.284826937803950381e-02 2.806173184262316656e-01 6.050568854724387435e-01
7.691521089703853842e-02 4.394437642012074402e-02 2.899948323362488423e-01 5.891455803465919239e-01
9.282305566556720011e-02 5.057290630414673638e-02 2.877058177212202250e-01 5.688982203090657830e-01
1.268445952490941664e-01 6.588799040911014204e-02 2.711608320995689270e-01 5.361065822422269589e-01
