3.364939662198154074e-02 4.471414277626505063e-03 7.629720715821558530e-01 1.989071175182359763e-01
7.362313448813735672e-02 5.579161365917586490e-01 3.351290493145436811e-01 3.333167960556056297e-02
8.009039510339228951e-02 5.336933301343407265e-01 3.503815476368326576e-01 3.583472712543452759e-02
8.754571386378763587e-02 5.230786443953638898e-01 3.517545728906222857e-01 3.762106885022628577e-02
9.841782391254638718e-02 5.229157104784878385e-01 3.402150256901348424e-01 3.845143991883100826e-02
1.142598099761538977e-01 5.264322305716673256e-01 3.212623072424119486e-01 3.804565220976700163e-02
1.373855401423257627e-01 5.285577191379287054e-01 2.975446595509596004e-01 3.651208116878584820e-02
1.693498798239127801e-01 5.260369413953907003e-01 2.704449649130247213e-01 3.416821386767169427e-02
2.055362438212747778e-01 5.205596569170157784e-01 2.427667431281856636e-01 3.113735613352364498e-02
2.430375848406858275e-01 5.144900919363851743e-01 2.146812521739981106e-01 2.779107104893093275e-02
2.694586041897796824e-01 5.204861805589567902e-01 1.856406489901528956e-01 2.441456626111070116e-02
2.772753721922782133e-01 5.458518484599036436e-01 1.552977678020138474e-01 2.157501154580451427e-02
2.621839153181074744e-01 5.936108492715757023e-01 1.242356518800080273e-01 1.996958353030886882e-02
2.308403217655797257e-01 6.540502302908416388e-01 9.527207996820713509e-02 1.983736797537155247e-02
1.968524203546006268e-01 7.116542937430789806e-01 7.122899820790233594e-02 2.026428769441825095e-02
1.650969088033794885e-01 7.630042075449274819e-01 5.231905470067076819e-02 1.957982895102226145e-02
1.353322598457656900e-01 8.099841036443344855e-01 3.744740426745492290e-02 1.723623224244486343e-02
1.060238129866204887e-01 8.525647899432994281e-01 2.677771456109619835e-02 1.463368250898374606e-02
8.102549549273552199e-02 8.858436999601058126e-01 2.002298569469379563e-02 1.310781885246504845e-02
6.067662023411167505e-02 9.110296734531403429e-01 1.568467567991888370e-02 1.260903063282903941e-02
4.326517398890700888e-02 9.310992053137963076e-01 1.287375813511772854e-02 1.276186256217894457e-02
3.051877600838288213e-02 9.455771929243234064e-01 1.051887202005799028e-02 1.338515904723576455e-02
2.174648759981794716e-02 9.545790061931119785e-01 8.995695070755571274e-03 1.467881113631427231e-02
1.823903620252661714e-02 9.550239722003550646e-01 8.582996453759537611e-03 1.815399514335890724e-02
1.676110925384620073e-02 9.476636182906769124e-01 9.624422927154274027e-03 2.595084952832267533e-02
1.768455148419663739e-02 9.288874336729716630e-01 1.212515920224192974e-02 4.130285564058976816e-02
1.996461653471750392e-02 8.993848056958873016e-01 1.594790880352746007e-02 6.470266896586787664e-02
2.299403859094556468e-02 8.660080179963871583e-01 2.078644314795593737e-02 9.021150026471162764e-02
2.721746830187530067e-02 8.385653934667267606e-01 2.638997980156172068e-02 1.078271584298359231e-01
3.009921304923482074e-02 8.231547062114435986e-01 3.318734765475085668e-02 1.135587330845709009e-01
3.217594407904622589e-02 8.118935267172806558e-01 4.299066655818942900e-02 1.129398626454835713e-01
3.683558711305787853e-02 7.951562272935025488e-01 5.680016186658427835e-02 1.112080237268554400e-01
4.289899660191426323e-02 7.761710674498684126e-01 7.304000445229663629e-02 1.078899314959206046e-01
5.170046095718011658e-02 7.543588844855783071e-01 9.142512260458734996e-02 1.025155319526542264e-01
6.452422454583960076e-02 7.273131453836917393e-01 1.109698245729894422e-01 9.719280549747980058e-02
8.274287981427821959e-02 6.878891071910163690e-01 1.340878162639800864e-01 9.528019673072508910e-02
1.080087857453667227e-01 6.309904188320131224e-01 1.619581025454055745e-01 9.904269287721469139e-02
1.424102324804448483e-01 5.593194848057287949e-01 1.894056206087936511e-01 1.088646621050327196e-01
1.855175963716424181e-01 4.854391524809975600e-01 2.067885893187391133e-01 1.222546618286208531e-01
2.336815949054786290e-01 4.218132456211879933e-01 2.107138012815495398e-01 1.337913581917835326e-01
2.842981782963821535e-01 3.684464828177144158e-01 2.073012714108465049e-01 1.399540674750570923e-01
3.346522734829010526e-01 3.182981011346119882e-01 2.038811106048955268e-01 1.431685147775914879e-01
3.736012835043840408e-01 2.706286761837532473e-01 2.079436069679917176e-01 1.478264333438712164e-01
3.961665566020405871e-01 2.282808011671328963e-01 2.198636973753100299e-01 1.556889448555166255e-01
4.037813742325360722e-01 1.936285204108193214e-01 2.386418306366774045e-01 1.639482747199673129e-01
3.992975003672367129e-01 1.698115124881598437e-01 2.629659238046582193e-01 1.679250633399453074e-01
3.867544861446758908e-01 1.534903624039767878e-01 2.932115212568799367e-01 1.665436301944675235e-01
3.673537345158413014e-01 1.413967771930177142e-01 3.301969467770378142e-01 1.610525415141031980e-01
3.426646201418417359e-01 1.324674516198722229e-01 3.725931134887910945e-01 1.522748147494950854e-01
3.124941849174066588e-01 1.271739154954328044e-01 4.185472769110838986e-01 1.417846226760764439e-01
2.770692282560247022e-01 1.254254383828366792e-01 4.655321990660243325e-01 1.319731342951144526e-01
2.391996105668039163e-01 1.262363161932402167e-01 5.106212081739707198e-01 1.239428650659853415e-01
2.011757699965803503e-01 1.260145383435139210e-01 5.556026274280153610e-01 1.172070642318901734e-01
1.656489583633738438e-01 1.215211794688870334e-01 6.013132327674909350e-01 1.115166294002483266e-01
1.366349287343356367e-01 1.160095874202793226e-01 6.410365252060189478e-01 1.063189586393661346e-01
1.158361128330868128e-01 1.162422625264354498e-01 6.682399831529209910e-01 9.968164148755667697e-02
1.037409739405703718e-01 1.287246603994786631e-01 6.755025794917713933e-01 9.203178616817916935e-02
9.650191024566420750e-02 1.569732650202654567e-01 6.611490031351605623e-01 8.537582159890952371e-02
9.082312732751958440e-02 1.931918120710603148e-01 6.363264199838791768e-01 7.965864061754077130e-02
8.637239972373508823e-02 2.266811520520588541e-01 6.119302442569670708e-01 7.501620396723886197e-02
8.654434483471799833e-02 2.500957836911747445e-01 5.901994846568184849e-01 7.316038681728899429e-02
9.291401550884245686e-02 2.621550312994919141e-01 5.704084545893187697e-01 7.452249860234665124e-02
1.038629345786602348e-01 2.651943185559116345e-01 5.539400654085979703e-01 7.700268145683057674e-02
1.144472290364525469e-01 2.615108797327730938e-01 5.469812504149670351e-01 7.706064081580749070e-02
1.203813507846077657e-01 2.544518904946196369e-01 5.538734747232877398e-01 7.129328399748428857e-02
1.211629060932785107e-01 2.468868476683663271e-01 5.730755590611239514e-01 5.887468717723136347e-02
1.180224263569118609e-01 2.423695218952099384e-01 5.966543178402913261e-01 4.295373390758683296e-02
1.126147558753214650e-01 2.479245970182976933e-01 6.111355492818074664e-01 2.832509782457311165e-02
1.068079651899403459e-01 2.680411832253380422e-01 6.073513103430435711e-01 1.779954124167822810e-02
1.015771566640125412e-01 2.979983971417650146e-01 5.889747491492530740e-01 1.144969704496930259e-02
9.707892368853227039e-02 3.319207839090230761e-01 5.629722099550680259e-01 8.028082447376355332e-03
8.693629259018825772e-02 3.729460856647113798e-01 5.342418588366335541e-01 5.875762908466683476e-03
7.166201571156560063e-03 6.496595497836271313e-03 7.488060330543748755e-01 2.375311698766323920e-01
1.268780040684306110e-01 4.523707827531712744e-01 4.099082713636253428e-01 1.084294181477267645e-02
1.379333489047736561e-01 5.042508108339099904e-01 3.485850134520851462e-01 9.230826809231231639e-03
1.511068443502227299e-01 5.449507626003217142e-01 2.965423592900182093e-01 7.400033759437345780e-03
1.657006509647263037e-01 5.801283611625626113e-01 2.486394676335977327e-01 5.531520239113454571e-03
1.767897785278535472e-01 6.149294643032583441e-01 2.042041376532426900e-01 4.076619515645187215e-03
1.763450368650761879e-01 6.504844228504091941e-01 1.700227727457608307e-01 3.147767538753541011e-03
1.598061974578999789e-01 6.870576280659074220e-01 1.505587448621612534e-01 2.577429614031597708e-03
1.335848876618805636e-01 7.186152960124714273e-01 1.455830448246501763e-01 2.216771500997723968e-03
1.106089175308924699e-01 7.329058140615927197e-01 1.544792250386964327e-01 2.006043368818492996e-03
9.678089210031497192e-02 7.250669402621053861e-01 1.762569558536639658e-01 1.895211783915523151e-03
9.218122566473282986e-02 7.001302346489369777e-01 2.058805325962016486e-01 1.808007090128439581e-03
9.139065116967835800e-02 6.723520380967827892e-01 2.345087111515788136e-01 1.748599581960166242e-03
9.297532564006699696e-02 6.487782561448415253e-01 2.564957059605656453e-01 1.750712254526089629e-03
9.683554524250463647e-02 6.285074563856173357e-01 2.728743179518905992e-01 1.782680419987584886e-03
1.026723362227964509e-01 6.125124324076449689e-01 2.830382904202405903e-01 1.776940949317849447e-03
1.098700392407928883e-01 6.071493742555484907e-01 2.812270683589787601e-01 1.753518144679829449e-03
1.173599789073205835e-01 6.169683558276820579e-01 2.638985375672737166e-01 1.773127697723875847e-03
1.234894087834408488e-01 6.386532094346026867e-01 2.359833591657150287e-01 1.874022616241133136e-03
1.271224821649095671e-01 6.631025338313100148e-01 2.076957889725443707e-01 2.079195031235894341e-03
1.318113089334912724e-01 6.807236052578262697e-01 1.850650688074039207e-01 2.400017001278574418e-03
1.391794724582951781e-01 6.928192128644389269e-01 1.650100726221254976e-01 2.991242055140598544e-03
1.479614735155413696e-01 7.090709318045815834e-01 1.391235880589787588e-01 3.844006620898507594e-03
1.527551870563028102e-01 7.356874940566543453e-01 1.068407086183271737e-01 4.716610268715177266e-03
1.502454446928135345e-01 7.676129835475679064e-01 7.673652730131029498e-02 5.405044458307814784e-03
1.408633268286358653e-01 7.987103175595294813e-01 5.440635928683978245e-02 6.019996324994810258e-03
1.283293427377821816e-01 8.240304679470558114e-01 4.062623828278476290e-02 7.013951032377228542e-03
1.137637998445646670e-01 8.431850718561670899e-01 3.385569873521480921e-02 9.195429564053182389e-03
1.015856224293038290e-01 8.512098611989122876e-01 3.305976901548921681e-02 1.414474735629454340e-02
9.280937515394764581e-02 8.438468179220821597e-01 3.852211412999437257e-02 2.482169279397619319e-02
9.500807087366935910e-02 8.044822598654962631e-01 5.422666751975745852e-02 4.628300174107685683e-02
1.110877835860062390e-01 7.125931400278532335e-01 9.032225245963523830e-02 8.599682392650519203e-02
1.398477616604044682e-01 5.530560786999753065e-01 1.616254906252100609e-01 1.454706690144103587e-01
1.634383874007025172e-01 3.710537600826688820e-01 2.652021198295741455e-01 2.003057326870542054e-01
1.655350898542732319e-01 2.342886059798869880e-01 3.780801859785971608e-01 2.220961181872425361e-01
1.427378924801547544e-01 1.556669037314568904e-01 4.937968879114406073e-01 2.077983158769478589e-01
9.969171329676600191e-02 1.113645726469747882e-01 6.238970765358513582e-01 1.650466375204081015e-01
5.420913970992696784e-02 8.395491567644407238e-02 7.481106396293399907e-01 1.137253049842887748e-01
2.483308441490572269e-02 6.692640914953702780e-02 8.317599275783713608e-01 7.648057885718617666e-02
1.138118608200241848e-02 5.584083194687846502e-02 8.755979896267890306e-01 5.717999234433011890e-02
5.911974643947305597e-03 4.666354323227434042e-02 8.990389123069624233e-01 4.838556981681617353e-02
3.527937351402778924e-03 3.779945689338625597e-02 9.150420121041948907e-01 4.363059365101594478e-02
2.322913066848511336e-03 2.989334374705233943e-02 9.278665818354707717e-01 3.991716135062845644e-02
1.649073237355981689e-03 2.420128355865115016e-02 9.372968473676460688e-01 3.685279583634638867e-02
1.274576035566528810e-03 2.149927270992609690e-02 9.419432577625460601e-01 3.528289349196113422e-02
1.130584933657437187e-03 2.292035056370149773e-02 9.394280792369181787e-01 3.652098526572285925e-02
1.222371658099731268e-03 3.177168532713115640e-02 9.252348300042676499e-01 4.177111301050163289e-02
1.599579969270340267e-03 5.675749030048638649e-02 8.900730771972872324e-01 5.156985253295633120e-02
2.374848337512244865e-03 1.160379026743084546e-01 8.169568336945197684e-01 6.463041529365975979e-02
3.743798719622055526e-03 2.324005156875839084e-01 6.884969673435831217e-01 7.535871824921097639e-02
6.032244269060878586e-03 4.085573634596228465e-01 5.091053482582128531e-01 7.630504401310375662e-02
1.012524028130836438e-02 5.943094014825898164e-01 3.283988303396289110e-01 6.716652789647303834e-02
1.674176093697867310e-02 7.263142847263791557e-01 2.024559450513984393e-01 5.448800928524366594e-02
2.787964316267305120e-02 7.996537865774157039e-01 1.302916618072567090e-01 4.217490845265457061e-02
4.360067086108636997e-02 8.386719988770894307e-01 8.620228713897981621e-02 3.152504312284438309e-02
6.476227335520354234e-02 8.541249088735396455e-01 5.778051746561034541e-02 2.333230030564674429e-02
9.225169288871437612e-02 8.490211084060514946e-01 4.110427670342529233e-02 1.762292200180918048e-02
1.214385141642897320e-01 8.326959119959771449e-01 3.197618599959996255e-02 1.388938784013299399e-02
1.445024747280913013e-01 8.165388786132006249e-01 2.737688520986144777e-02 1.158176144884654965e-02
1.637764932337808232e-01 8.011948232773737910e-01 2.507952210541367771e-02 9.949161383431650782e-03
1.754880393126678761e-01 7.923589409640561243e-01 2.373289547976788552e-02 8.420124243507819128e-03
1.842630674425549675e-01 7.865775450844015859e-01 2.225931843621309011e-02 6.900069036830319170e-03
1.977955406174886077e-01 7.759971941599295153e-01 2.065758546965429376e-02 5.549679752927718507e-03
2.220039056382959175e-01 7.539175404107827383e-01 1.951933180459774000e-02 4.559222146323448945e-03
2.570313264344859516e-01 7.194178699444950809e-01 1.952775012995300319e-02 4.023053491065729272e-03
2.960244707907347950e-01 6.789500587117526242e-01 2.112566559083978862e-02 3.899804906673076232e-03
3.261706031564854946e-01 6.447688891797220823e-01 2.496325745451184741e-02 4.097250209280606931e-03
3.356845821058369039e-01 6.275713916696127326e-01 3.221787946734551433e-02 4.526146757204990538e-03
3.229057254643012409e-01 6.283066034426920687e-01 4.375093984011524384e-02 5.036731252891248761e-03
2.948197731839477531e-01 6.397686491015774912e-01 5.990024988321528826e-02 5.511327831259302604e-03
2.659635489541876674e-01 6.469242230898178958e-01 8.105741447820150047e-02 6.054813477792903367e-03
2.354390759446799430e-01 6.491910614099647425e-01 1.084928904157149709e-01 6.876972229640637528e-03
3.198627774313518302e-01 7.696093919103731695e-02 2.155182683648947939e-01 3.876580150127160729e-01
3.647468001055003128e-01 3.524383669873748515e-01 2.264003183349226622e-01 5.641451457220192367e-02
3.747969517544816331e-01 3.073303522535024146e-01 2.543476836858031831e-01 6.352501230621286632e-02
3.919549828573332673e-01 2.614573376199551547e-01 2.763244273428097086e-01 7.026325217990191108e-02
4.174627527030356222e-01 2.129759024505993026e-01 2.930090242027140190e-01 7.655232064365102840e-02
4.461871570728559999e-01 1.640017087694564113e-01 3.054947037334972970e-01 8.431643042419002809e-02
4.690977996482723067e-01 1.190276699716519559e-01 3.150919607606041395e-01 9.678256961947157011e-02
4.779454283132320569e-01 8.236719331330076554e-02 3.218592039611253286e-01 1.178281744123419461e-01
4.605027855335974696e-01 5.592637949475348647e-02 3.295170735811002172e-01 1.540537613905485492e-01
4.102218751980726830e-01 3.820470644882609235e-02 3.377100914411859112e-01 2.138633269119152858e-01
3.349909298394493362e-01 2.563270174411717492e-02 3.439219931804522457e-01 2.954543752359812814e-01
2.517289899736172010e-01 1.697026823150751471e-02 3.543217362753641186e-01 3.769790055195110789e-01
1.844348677821039673e-01 1.169073421844896155e-02 3.728956840955808816e-01 4.309787139038660508e-01
1.442020201167677207e-01 9.008276895548112187e-03 3.998409554755480988e-01 4.469487475121359243e-01
1.253944378320407949e-01 8.002850081800797627e-03 4.329258955978984580e-01 4.336768164882600640e-01
1.179625958996088769e-01 7.958649858301986707e-03 4.672553938500721427e-01 4.068233603920170527e-01
1.162786081545466033e-01 8.497490542815471296e-03 4.980517262876274498e-01 3.771721750150101582e-01
1.175287488640056333e-01 9.475522361428082019e-03 5.216047662526250850e-01 3.513909625219414079e-01
1.220484225428667552e-01 1.118399339972312584e-02 5.337666267631961947e-01 3.330009572942139173e-01
1.316862303248730603e-01 1.441210078589464337e-02 5.367710473496818402e-01 3.171306215395505723e-01
1.463867582318419680e-01 2.020892966309187355e-02 5.404448792638157917e-01 2.929594328412503668e-01
1.596922495287649846e-01 2.911999745116522487e-02 5.551717939931961610e-01 2.560159590268735741e-01
1.603286522342228515e-01 3.998104601724665474e-02 5.861765626218803371e-01 2.135137391266501983e-01
1.422534800081023398e-01 4.899491266869635681e-02 6.351605976780029250e-01 1.735910096451983853e-01
1.121970921003106747e-01 5.140681768680323283e-02 6.950777029202758195e-01 1.413183872926103424e-01
8.359777361405978935e-02 4.646474574034250432e-02 7.471408401608260474e-01 1.227966404847718324e-01
6.487696379838095440e-02 3.784532350427310954e-02 7.740169327857515658e-01 1.232607799115943842e-01
5.628630615901646095e-02 2.944963947555859565e-02 7.695357811502129275e-01 1.447282732152121998e-01
5.473276293434266998e-02 2.279372074715747820e-02 7.346675492594093582e-01 1.878059670590903618e-01
5.746373115761817252e-02 1.790610265719922573e-02 6.718629241670772689e-01 2.527672420181051316e-01
6.209171313791839869e-02 1.440155128774835841e-02 5.858896610228194746e-01 3.376170745515137406e-01
6.608276628067237535e-02 1.165209929760658951e-02 4.815878113939287553e-01 4.406773230277922782e-01
6.680100483992798543e-02 9.134539537520238936e-03 3.596331287595771475e-01 5.644313268629744806e-01
6.150349122248587042e-02 6.645793568222318690e-03 2.323939840241451837e-01 6.994567311851466185e-01
5.189858420269970879e-02 4.532284450729261345e-03 1.291762925187096844e-01 8.143928388278610653e-01
4.378327995103971360e-02 3.181253428964977460e-03 6.641533802763403826e-02 8.866201285923612785e-01
4.097048975435931689e-02 2.514961345757586210e-03 3.534658982217329937e-02 9.211679590777098747e-01
4.443707340453426080e-02 1.915817097341068146e-03 2.207984757142928203e-02 9.315672619266953669e-01
5.796200037747342715e-02 2.554265175509187486e-03 1.497754726324845853e-02 9.245061871837689793e-01
8.444061253161379288e-02 3.306796125291878736e-03 1.232066392437777824e-02 8.999319274187166373e-01
1.263445644743912688e-01 4.308643670143217849e-03 1.108952179640156945e-02 8.582572700590639370e-01
1.772052280415921388e-01 6.681635369807702694e-03 1.149351365897026064e-02 8.046196229296296298e-01
2.223418121433842209e-01 9.432067479447105857e-03 1.260871396509452395e-02 7.556174064120743106e-01
2.491736399747051245e-01 1.146180195612440771e-02 1.434619615568384458e-02 7.250183619134866753e-01
2.449703420236177265e-01 1.294555393430069611e-02 1.523317860960041702e-02 7.268509254324809765e-01
2.190901516338089050e-01 1.282572352952792913e-02 1.654542019084025845e-02 7.515387046458229525e-01
1.833462269599716310e-01 1.269909945328629927e-02 1.908756379425883415e-02 7.848671097924835305e-01
1.466198236348303929e-01 1.192869496899450800e-02 2.260431589445948894e-02 8.188471655017155459e-01
1.149299321503661209e-01 1.096278138410674598e-02 2.903500943480939039e-02 8.450722770307179665e-01
8.871538305455257956e-02 9.780540583231404905e-03 4.099510993579395107e-02 8.605089664264222726e-01
6.812095128744635741e-02 8.458082597636687114e-03 6.632549156608440188e-02 8.570954745488323923e-01
5.340795469391772243e-02 7.143732848958811964e-03 1.248323007986946592e-01 8.146160116584283406e-01
4.211312664093269653e-02 5.810351817549990437e-03 2.339066943149635258e-01 7.181698272265536476e-01
3.259752465789739900e-02 4.475734270822676227e-03 3.717477065508066891e-01 5.911790345204733788e-01
2.547719106653887483e-02 3.289779402003338658e-03 4.879848206338825434e-01 4.832482088975751378e-01
2.163965725275766860e-02 2.430926429739154772e-03 5.691782764185764343e-01 4.067511398989264726e-01
2.072547186258089091e-02 1.878752267277564907e-03 6.342863158410003699e-01 3.431094600291410557e-01
2.141529062274392589e-02 1.474740089828558429e-03 6.992707952221900447e-01 2.778391740652373931e-01
2.197009907702399817e-02 1.102508236143400497e-03 7.701960984979066005e-01 2.067312941889262734e-01
2.144792828336556864e-02 7.640622370111158426e-04 8.416640166900082320e-01 1.361239927896150392e-01
2.016651485058652826e-02 5.141485826785325642e-04 8.992708470063284221e-01 8.004848956040649943e-02
2.203691303669259860e-02 3.832934721468104090e-04 9.311230760166731013e-01 4.645671747448754801e-02
2.643214945104606015e-02 3.460958607722790150e-04 9.421571593066031536e-01 3.106459538157826245e-02
3.522293640233251782e-02 3.768345202486894424e-04 9.381596632615260001e-01 2.624056581589291615e-02
4.396421688669519684e-02 4.224930486099792910e-04 9.293011860737017127e-01 2.631210399099285363e-02
4.743877192514892038e-02 4.524029973199621526e-04 9.230233490267935048e-01 2.908547605073774286e-02
4.624146957218677051e-02 4.731796837326966037e-04 9.178662902107319610e-01 3.541906053334853421e-02
4.548776262468460369e-02 5.152183866803200464e-04 9.073360416544177243e-01 4.666097733421768062e-02
4.702467319878911312e-02 5.827714907491091502e-04 8.932131936187126531e-01 5.917936169174901201e-02
4.745186449114396215e-02 6.378640959497960993e-04 8.872394640384759779e-01 6.467080737443001159e-02
4.349605108488921457e-02 6.531401549290378854e-04 8.948618018742083846e-01 6.098900688597303638e-02
3.696533197217997946e-02 6.437993186061266365e-04 9.083631514196076617e-01 5.402771728960629322e-02
8.974657620280401815e-02 8.820766492918714619e-01 1.648747941278536772e-02 1.168929509253936565e-02
6.058687618183984380e-01 1.878978689296611770e-01 1.507559469081062031e-01 5.547742234383443161e-02
5.420440064339651087e-01 2.270146300588864186e-01 1.720319435406337805e-01 5.890941996651451185e-02
4.653243998135477288e-01 2.806090623237089687e-01 1.931781137125784253e-01 6.088842415016468973e-02
3.738849055371115671e-01 3.514058265196527975e-01 2.141893504951317140e-01 6.051991744810403945e-02
2.704722218701914316e-01 4.380832854247418973e-01 2.354169066285587975e-01 5.602758607650802636e-02
1.694196329188579209e-01 5.281664634833705962e-01 2.557431612733964132e-01 4.667074232437483372e-02
9.372638528082277709e-02 6.006028762498739626e-01 2.703481674666269874e-01 3.532257100267607863e-02
4.926696238055307264e-02 6.526039458540435767e-01 2.726093063201771027e-01 2.551978544522641099e-02
2.696115026817427068e-02 7.008188361626705998e-01 2.541023274154274869e-01 1.811768615372751079e-02
1.679697954548860228e-02 7.574621669552320524e-01 2.129186414167877905e-01 1.282221208249158598e-02
1.275351188637358947e-02 8.171949012354164932e-01 1.608844139124012973e-01 9.167172965808306068e-03
1.169031921776438922e-02 8.647017040289897150e-01 1.170378753769567848e-01 6.570101376289420696e-03
1.136320122282075996e-02 8.948582262075458482e-01 8.919985373244371241e-02 4.578718837189696758e-03
1.277252558578019503e-02 9.104777782494941629e-01 7.349894912758991872e-02 3.250747037135892029e-03
1.547227117009972175e-02 9.166377055717622735e-01 6.534044790458035101e-02 2.549575353557643337e-03
2.021324647578751424e-02 9.153499923896915025e-01 6.207143102561970410e-02 2.365330108901176828e-03
2.876654799951291683e-02 9.068969026560536051e-01 6.174398458296390113e-02 2.592564761469542262e-03
4.336682522126828615e-02 8.909230580512902398e-01 6.254235207883925007e-02 3.167764648602125130e-03
7.586568793050590953e-02 8.555416301998653994e-01 6.440915625898878394e-02 4.183525610639928817e-03
1.492448835921295069e-01 7.764468132498377750e-01 6.846231207404609997e-02 5.845991083986838352e-03
2.866823883593098143e-01 6.341710634719818218e-01 7.119636742415647035e-02 7.950180744551815434e-03
4.550370845859694202e-01 4.705211850204834567e-01 6.513215777161741882e-02 9.309572621929565472e-03
5.828070955360242777e-01 3.519215038759252456e-01 5.546430210159567636e-02 9.807098486454845360e-03
6.411559852500851031e-01 3.011774354108657237e-01 4.758379907501797401e-02 1.008278026403097022e-02
6.463775003327074664e-01 3.020215294801028016e-01 4.141818650496525978e-02 1.018278368222410094e-02
6.233943710897499324e-01 3.315176861218391280e-01 3.528716653899899997e-02 9.800776249412003829e-03
5.978920880338832733e-01 3.646511756054706122e-01 2.852139617016074408e-02 8.935340190485753856e-03
5.879336867005469092e-01 3.820117858478307982e-01 2.199608056753131133e-02 8.058446884090639598e-03
5.927824101797405376e-01 3.826330439204562173e-01 1.695815522654649937e-02 7.626390673256621712e-03
6.020766997565998313e-01 3.765429299990467604e-01 1.360200469166514964e-02 7.778365552688066946e-03
6.048581171256819378e-01 3.752853514583044392e-01 1.145303146511094348e-02 8.403499950902743737e-03
5.908202177287208423e-01 3.899949945455341571e-01 9.970166274372138648e-03 9.214621451372926111e-03
5.545092817677289565e-01 4.268109116331221808e-01 8.768239301673920807e-03 9.911567297474886337e-03
5.013441903166647728e-01 4.818218958881034242e-01 6.810505948661898720e-03 1.002340784656997018e-02
4.339719947072859796e-01 5.514549057307697177e-01 5.248932328821417567e-03 9.324167233122774082e-03
3.602469555887783392e-01 6.280434613050578374e-01 3.788447034107224332e-03 7.921136072056647603e-03
2.907763815297130239e-01 7.000994605505969082e-01 2.702307604549053759e-03 6.421850315140980800e-03
2.365965099601910204e-01 7.561293652419993627e-01 2.022413870500938075e-03 5.251710927308776353e-03
1.975647671976626940e-01 7.962713655847527550e-01 1.652272227063710918e-03 4.511594990520985393e-03
1.646277143929611997e-01 8.297957741811152754e-01 1.486423894269367062e-03 4.090087531654266681e-03
1.304691993008940676e-01 8.643832889910314510e-01 1.418980875664930565e-03 3.728530832409565187e-03
9.339625614770590001e-02 9.020042431869713662e-01 1.435582241089613251e-03 3.163918424233456029e-03
6.074585882074153009e-02 9.356854857439852458e-01 1.165969078065360806e-03 2.402686357207898041e-03
3.631494587270565899e-02 9.611324191899661695e-01 8.828979940095943620e-04 1.669736943318576037e-03
2.087743773318121929e-02 9.773490917205266415e-01 6.399961402329555540e-04 1.133474406059260852e-03
1.228603113013021497e-02 9.864298901389179086e-01 4.667701558318588964e-04 8.173085751200548669e-04
7.800946595067773277e-03 9.911631896400822095e-01 3.602622638596733422e-04 6.756015009901561105e-04
5.410264440216474083e-03 9.936312646473136612e-01 3.011241108962462321e-04 6.573468015736940893e-04
4.002520427209444766e-03 9.950043620071001849e-01 2.705909518367658416e-04 7.225266138535204512e-04
3.101033046185095246e-03 9.958006590938672797e-01 2.572571917344140921e-04 8.410506682134742239e-04
2.592648675417425462e-03 9.961292485246006079e-01 2.616927797464075798e-04 1.016410020235880606e-03
2.449275490870531612e-03 9.959693039201623632e-01 2.932752933820195382e-04 1.288145295585205055e-03
2.575442581754437861e-03 9.953983309074085906e-01 3.628809999426862651e-04 1.663345510894324126e-03
2.723455995026894706e-03 9.948244077148791220e-01 4.695782483428150716e-04 1.982558041750713280e-03
2.634275339428558769e-03 9.947409345328526165e-01 6.035575051662409865e-04 2.021232622552855598e-03
2.332666525753105281e-03 9.950516700497916700e-01 7.836819231962304476e-04 1.831981501258720616e-03
2.023658796203572051e-03 9.952473189920811869e-01 1.090446465064498537e-03 1.638575746650967153e-03
1.837441428659798617e-03 9.949615364533731521e-01 1.658925417334837157e-03 1.542096700632108281e-03
1.842559515985361116e-03 9.939170084652999559e-01 2.683846959445874460e-03 1.556585059269001035e-03
2.153846294077422629e-03 9.917046458338132364e-01 4.437393166448396278e-03 1.704114705661206181e-03
2.886366728518647770e-03 9.878959919279665103e-01 7.246713086303524336e-03 1.970928257211056970e-03
4.171573839675525759e-03 9.818754129457225588e-01 1.163441297033816768e-02 2.318600244263795910e-03
6.296819009219067724e-03 9.723077478800609130e-01 1.863955220613729494e-02 2.755880904582755538e-03
9.773658985610125804e-03 9.570311021337477575e-01 2.986767498591428455e-02 3.327563894727867278e-03
1.504504238563490227e-02 9.339980769583274833e-01 4.692537923087092278e-02 4.031501425166609219e-03
2.199402702998298764e-02 9.022419668630944356e-01 7.098145522627713477e-02 4.782550880645307541e-03
2.976407790558396535e-02 8.622995878966583927e-01 1.025284627212147137e-01 5.407871476542818086e-03
3.878936708466507871e-02 8.147792213299287489e-01 1.406301127774032822e-01 5.801298808002538880e-03
4.863322339921375553e-02 7.631617594630382140e-01 1.821584214329487472e-01 6.046595704799473218e-03
6.259764935967303268e-02 7.084037426301609264e-01 2.223729053412122070e-01 6.625702668953846117e-03
8.431319360289746268e-02 6.489094064011213803e-01 2.587671506974804081e-01 8.010249298500344770e-03
1.855509325242116481e-01 2.095078400959750689e-02 7.092389201240732570e-03 7.864058942649503336e-01
1.955631560383239986e-01 2.822639896272652674e-02 6.937310240793359561e-03 7.692731347581560630e-01
2.427291886975749546e-01 4.125658111124651944e-02 7.462043226238524243e-03 7.085521869649399340e-01
3.329583857048796780e-01 6.059191954419264337e-02 8.382720756572781609e-03 5.980669739943548224e-01
4.614138242776639753e-01 7.999645212826612950e-02 9.251897929656072855e-03 4.493378256644137703e-01
5.989947831237931730e-01 9.141871330367944137e-02 8.668792494032590695e-03 3.009177110784950759e-01
7.182176225389872437e-01 8.895620332587689250e-02 6.780114184889837227e-03 1.860460599502459511e-01
7.986032420926373332e-01 8.673347772230315111e-02 5.018055039631869399e-03 1.096452251454276550e-01
8.449265545850835890e-01 8.806949230715019339e-02 3.710322402589102085e-03 6.329363070517714240e-02
8.662471757990530818e-01 9.360897685277738689e-02 2.972988789108959792e-03 3.717085855906057668e-02
8.782938376860108809e-01 9.662372229207387420e-02 2.518402569831863867e-03 2.256403745208335893e-02
8.925619855959010529e-01 9.109027011440863630e-02 2.160781101968903880e-03 1.418696318772169965e-02
9.119595151273006683e-01 7.672989141827236959e-02 1.865237325626853664e-03 9.445356128800576345e-03
9.324255408262057676e-01 5.899351885584901145e-02 1.642583092284074456e-03 6.938357225661357687e-03
9.490322577692543726e-01 4.365151302537362277e-02 1.502674778256419012e-03 5.813554427115919312e-03
9.597692416457026532e-01 3.352120428780024780e-02 1.187921595654473431e-03 5.521632470842802523e-03
9.668084842234894172e-01 2.623808120648329564e-02 1.192238758530572750e-03 5.761195811496793578e-03
9.699089082461099798e-01 2.204249637606011183e-02 1.349521971032094370e-03 6.699073406797763711e-03
9.698993310791798050e-01 1.976605300312827065e-02 1.744763455645112439e-03 8.589852462046675477e-03
9.653469929265779959e-01 1.992596592426879726e-02 3.191743396409521018e-03 1.153529775274359133e-02
9.608473211634763755e-01 1.976119360250397014e-02 4.569165188197634592e-03 1.482232004582229035e-02
9.569962566194962772e-01 1.948928191926412382e-02 6.121945149294816257e-03 1.739251631194475151e-02
9.552671398863412655e-01 1.884823917769347032e-02 7.441203630762112213e-03 1.844341730520308517e-02
2.786279794002594623e-01 2.841659383846036335e-01 1.563259592619228311e-01 2.808801229532140731e-01
2.603520269312407653e-01 2.738872369338283264e-01 1.626299669946602855e-01 3.031307691402705951e-01
2.392158099802060844e-01 2.625922878510847935e-01 1.691549503430001544e-01 3.290369518257089676e-01
2.212983034861356890e-01 2.497817457973653399e-01 1.716531091326614356e-01 3.572668415838372025e-01
2.085033709922933243e-01 2.327961305345249421e-01 1.730184527085583124e-01 3.856820457646237266e-01
1.987292768891749384e-01 2.122534951446012896e-01 1.757987165041878797e-01 4.132185114620358646e-01
1.892571418087813373e-01 1.898589954312566164e-01 1.827274271480311407e-01 4.381564356119311276e-01
1.792805770887327954e-01 1.699564109537675116e-01 1.946944771619929515e-01 4.560685347955069080e-01
1.679579739731458521e-01 1.551497188166532648e-01 2.122929035571135825e-01 4.645994036530874949e-01
1.534376992603531109e-01 1.447073749905682383e-01 2.368787450032558972e-01 4.649761807458226981e-01
1.350024901035383473e-01 1.365199941909280845e-01 2.712402946599395959e-01 4.572372210455938335e-01
1.147685479008764275e-01 1.290251240647487252e-01 3.178848208758900951e-01 4.383215071584850575e-01
9.654778121702277394e-02 1.211621017316924787e-01 3.756656529787281151e-01 4.066244640725566462e-01
8.420305928509645710e-02 1.131636701816212953e-01 4.355258003938388134e-01 3.671074701394435591e-01
8.098692758294709360e-02 1.075904668029298711e-01 4.808548411532122535e-01 3.305677644609107957e-01
8.992155837332005408e-02 1.077977512282416311e-01 4.972653818342330778e-01 3.050153085642050566e-01
1.144401566518905011e-01 1.145138723187382052e-01 4.803851757517350052e-01 2.906607952776363857e-01
1.568966170931085646e-01 1.244511566341678088e-01 4.372669610908008764e-01 2.813852651819228057e-01
2.133958406221598825e-01 1.329693389686242844e-01 3.834227431468451019e-01 2.702120772623711198e-01
2.762422569494882851e-01 1.378457358931323984e-01 3.320456740314183253e-01 2.538663331259612965e-01
3.342406923595991897e-01 1.404678812193266013e-01 2.919136798479951556e-01 2.333777465730789424e-01
3.761467342727095597e-01 1.424590532044454627e-01 2.667751443034510617e-01 2.146190682193940824e-01
3.907384068544342282e-01 1.436873557248501687e-01 2.608836582745790444e-01 2.046905791461366697e-01
3.765042694791719269e-01 1.422780825037528452e-01 2.751588469329983022e-01 2.060588010840770090e-01
3.424464124928764952e-01 1.359941038682971892e-01 3.054586913538956949e-01 2.161007922849306762e-01
3.009074466548601334e-01 1.240185704770164210e-01 3.453752274187944504e-01 2.296987554493288286e-01
2.639899770083374286e-01 1.073651035218717437e-01 3.875379011385398087e-01 2.411070183312511439e-01
2.420309305676302536e-01 8.987202055163272252e-02 4.205536495693862897e-01 2.475433993113509701e-01
2.368754207096147035e-01 7.642045821651965998e-02 4.338296212485078795e-01 2.528744998253579235e-01
2.393773707363592573e-01 7.053292790528804812e-02 4.250938295155646807e-01 2.649958718427880000e-01
2.425657807286690504e-01 7.506096922363043877e-02 3.946057894816483724e-01 2.877674605660520135e-01
2.400067350954522005e-01 9.063876792072363131e-02 3.547915175919603148e-01 3.145629793918638950e-01
2.321682480444116070e-01 1.174053171141650198e-01 3.176496631925054270e-01 3.327767716489177796e-01
2.158971521854083364e-01 1.495608512577267513e-01 2.944468445224845410e-01 3.400951520343801771e-01
1.882341575827824465e-01 1.731763547956484128e-01 2.871555415859284865e-01 3.514339460356409317e-01
1.523787866031408866e-01 1.743542987605885830e-01 2.877133483751220799e-01 3.855535662611483949e-01
1.213509935526735500e-01 1.562059514779387814e-01 2.755539674400974137e-01 4.468890875292905740e-01
1.038306667127381067e-01 1.331229407103257101e-01 2.378533056650059263e-01 5.251930869119302292e-01
9.929078094504606433e-02 1.129801346052145966e-01 1.848033272735603028e-01 6.029257571761792445e-01
1.075637915947244005e-01 9.723846258016935473e-02 1.353376436548673345e-01 6.598601021702386049e-01
1.340377890888624079e-01 8.642102090472592035e-02 1.014126150993809039e-01 6.781285749070306013e-01
1.877906907166352057e-01 8.062527929631990720e-02 8.150859583979923328e-02 6.500754341472458897e-01
2.694504932504380723e-01 7.866655516492999933e-02 6.858238197527875835e-02 5.833005696093531700e-01
3.604405519845244599e-01 8.043012918603727190e-02 6.008931433964012636e-02 4.990400044897982945e-01
4.335245898270209119e-01 8.668551734375638806e-02 5.503703005670789600e-02 4.247528627725148387e-01
4.715514593045008196e-01 1.002261879100933700e-01 5.235751314159943492e-02 3.758648396438064032e-01
4.793630202664400652e-01 1.179813089269429044e-01 5.022414275030985531e-02 3.524315280563073416e-01
4.750775426279620905e-01 1.335145056744379000e-01 4.727381221108422488e-02 3.441341394865161107e-01
4.756326085718530772e-01 1.456490422771246351e-01 4.325220006330846023e-02 3.354661490877140495e-01
4.975160752397954078e-01 1.538257468886962964e-01 3.842062597182280270e-02 3.102375518996857151e-01
5.442080182295613300e-01 1.594332419076934515e-01 3.360739853268180505e-02 2.627513413300634482e-01
5.988454087804214732e-01 1.639074252354960071e-01 3.003022701865764449e-02 2.072169389654245908e-01
6.350836572848176376e-01 1.726036110397824175e-01 2.934239453547835344e-02 1.629703371399217615e-01
6.366210805700158737e-01 1.919795637520221310e-01 3.296280492237714521e-02 1.384365507555846697e-01
6.025148332754552971e-01 2.213196718409803920e-01 4.189040379053102225e-02 1.342750910930328723e-01
5.366377434865482465e-01 2.558240784559192016e-01 5.773436375245322161e-02 1.498038143050792748e-01
4.542374842137453794e-01 2.811014109441742903e-01 7.982513718276657011e-02 1.848359676593137602e-01
3.757042508410662895e-01 2.835979779401207046e-01 1.024325742874004352e-01 2.382651969314124318e-01
3.177926605645148284e-01 2.634045446797039225e-01 1.161807055128921545e-01 3.026220892428888032e-01
2.902640864821415256e-01 2.310126545050759928e-01 1.180721884787837711e-01 3.606510705339988077e-01
2.869692074769423229e-01 1.969027184759275795e-01 1.163992050073347079e-01 3.997288690397948763e-01
2.923506980648189479e-01 1.653526927908104682e-01 1.154510596776927717e-01 4.268455494666777983e-01
2.906316166644192789e-01 1.372219383487382205e-01 1.149807687588538241e-01 4.571656762279885933e-01
2.753562105542715077e-01 1.130830941654091676e-01 1.129199939518078372e-01 4.986407013285114598e-01
2.497336569534961692e-01 9.403240868528356389e-02 1.081328824261321847e-01 5.481010519350877352e-01
2.187850390128509848e-01 7.964377249689154337e-02 1.015249048611935045e-01 6.000462836290635371e-01
1.846440722718171445e-01 6.693329881177052798e-02 9.373575825359807545e-02 6.546868706628142798e-01
1.509501651361045138e-01 5.340991063649278697e-02 8.404762428171538846e-02 7.115922999456870679e-01
1.242032320154888153e-01 3.993140446281774614e-02 7.277070763066928460e-02 7.630946558910238764e-01
1.089790703327590121e-01 2.914721152227780707e-02 6.253859822453762540e-02 7.993351199204257185e-01
1.044162593351920659e-01 2.204890567470468160e-02 5.569068725406489673e-02 8.178441477360380851e-01
1.059061668391117206e-01 1.786376060413283687e-02 5.299818181076787482e-02 8.232318907459876822e-01
1.068661428431763316e-01 1.523650935997872616e-02 5.405352133358039962e-02 8.238438264632647057e-01
1.008255756887014992e-01 1.287965107307085036e-02 5.741977245543190833e-02 8.288750007827959676e-01
8.692080294793091966e-02 1.026683092068682475e-02 6.070372328984134647e-02 8.421086428415409664e-01
7.159250245185608263e-02 7.801876924829045067e-03 6.158777965888509454e-02 8.590178409644296798e-01
6.128613832503636283e-02 6.034312882762568782e-03 5.959809234241911224e-02 8.730814564497816344e-01
5.817889073556328783e-02 5.131191378598625764e-03 5.705684497665200472e-02 8.796330729091860201e-01
6.224621944467550322e-02 5.044162173771281690e-03 5.757901306394891394e-02 8.751306053176043376e-01
7.239377735982766016e-02 5.667184890330052328e-03 6.257649059266465197e-02 8.593625471571778585e-01
8.782465597429989224e-02 6.919979724912711169e-03 7.036448655620552994e-02 8.348908777445819274e-01
1.098061943229924481e-01 8.907511714569551001e-03 7.810043927269276487e-02 8.031858546897450157e-01
1.379260042929094376e-01 1.165134595418208970e-02 8.333914510777412632e-02 7.670835046451343064e-01
1.648011622719355307e-01 1.458294061004354082e-02 8.475469181861183809e-02 7.358612052994091268e-01
1.832048210539299893e-01 1.725237857366862873e-02 8.286730239479681015e-02 7.166754979776043255e-01
1.978050388779012958e-01 2.017498918111153977e-02 7.988790270385257020e-02 7.021320692371343375e-01
2.222498897484633251e-01 2.473348748395012148e-02 7.765627429228055822e-02 6.753603484753062380e-01
2.708876583393902693e-01 3.329593407432902830e-02 7.582346854273108727e-02 6.199929390435494625e-01
3.495433109002961114e-01 4.890569361110332774e-02 7.243027247752689690e-02 5.291207230110741566e-01
