5.213650766252899693e-01 1.218104436316709283e-01 3.056207955114418895e-01 5.120368423159694232e-02
4.066523381347176835e-01 1.240394602367171778e-01 1.224492998116560004e-02 4.570632716473994606e-01
2.556336773799923190e-01 1.177081965915407757e-01 9.294482533662828949e-03 6.173636434948043261e-01
1.434975890543853383e-01 9.898833415307145556e-02 6.866886418664512777e-03 7.506471903738787255e-01
7.560136369550786439e-02 7.532106656894682617e-02 4.984602920138046789e-03 8.440929668154070198e-01
3.882259375555703607e-02 5.378392837811615812e-02 3.704574033361148887e-03 9.036889038329659618e-01
2.006873181033622805e-02 3.692696485622643660e-02 2.936487713372096849e-03 9.400678156200650282e-01
1.061651884389894045e-02 2.450714830384784215e-02 2.531229900548014489e-03 9.623451029517053890e-01
5.711085659480435832e-03 1.577410772650960150e-02 2.348060535733737658e-03 9.761667460782761374e-01
3.154941681855416829e-03 1.013680769524443089e-02 2.347581533520885517e-03 9.843606690893791367e-01
1.911228531125713998e-03 6.828724419991187219e-03 2.727134789136321808e-03 9.885329122597468210e-01
1.364028308535979736e-03 4.961683513884527531e-03 4.052234544369447133e-03 9.896220536332102080e-01
1.140405187332779215e-03 3.861937254972715866e-03 7.441329446012751904e-03 9.875563281116820358e-01
1.114029546336414581e-03 3.138958653055218696e-03 1.436726822116862583e-02 9.813797435794399115e-01
1.236254837034775692e-03 2.614349452883787950e-03 2.620614715764078145e-02 9.699432485524406289e-01
1.430369997201278928e-03 2.144649413837781959e-03 4.424544641673338469e-02 9.521795341722276707e-01
1.659138560569477444e-03 1.729346271344470208e-03 7.136675570552984682e-02 9.252447594625562433e-01
1.930957926244298781e-03 1.410373271060593164e-03 1.112288005725542983e-01 8.854298682301404710e-01
2.230946117654531661e-03 1.184013563980501225e-03 1.617549213921911089e-01 8.348301189261737587e-01
2.576074690889721547e-03 1.035237679101013754e-03 2.147761226008700897e-01 7.816125650291395610e-01
3.052163937835223207e-03 9.603063598624667204e-04 2.643456365350329573e-01 7.316418931672693526e-01
3.745766085412396973e-03 9.476956586455689922e-04 3.107819446010465780e-01 6.845245936548953747e-01
4.716857836983886360e-03 9.788766033621400329e-04 3.563596575891541107e-01 6.379446079704997885e-01
6.118996455597126675e-03 1.052252819029435901e-03 3.997679234497609202e-01 5.930608272756124899e-01
8.212959974807754193e-03 1.178170910274964648e-03 4.323644264091577316e-01 5.582444427057593472e-01
1.120663015597329719e-02 1.369210277911282357e-03 4.413256641830511917e-01 5.460984953830645416e-01
1.507017499929856619e-02 1.644648571281539509e-03 4.155586596428176849e-01 5.677265167866021311e-01
1.951596300007174545e-02 2.017150774566254991e-03 3.577539562515780758e-01 6.207129299737842443e-01
2.384985139497411422e-02 2.439719452179005526e-03 2.857214947900519331e-01 6.879889343627949572e-01
2.689546886857049901e-02 2.795096534739106679e-03 2.151687631555555535e-01 7.551406714411348364e-01
2.836376317518245899e-02 3.042009102475966547e-03 1.550169111036700520e-01 8.135773166186717198e-01
2.863220530123831639e-02 3.207779949326971212e-03 1.090447745361197568e-01 8.591152402133148680e-01
2.828183716700356440e-02 3.321436028601858822e-03 7.748474754036134560e-02 8.909119792640329827e-01
2.802280697746161245e-02 3.400230328064175397e-03 5.724985809469913117e-02 9.113271045997750619e-01
2.828653560272919448e-02 3.440977419829795506e-03 4.409582001359438341e-02 9.241766669638467047e-01
2.958156290773443498e-02 3.484216036913473629e-03 3.547535320998849995e-02 9.314588678453635806e-01
3.264482607980508794e-02 3.629417164203279679e-03 3.026296711119709146e-02 9.334627896447948991e-01
3.853181282134415797e-02 4.012173636687934968e-03 2.789972449657096218e-02 9.295562890453965554e-01
4.871688209167238104e-02 4.762792894300366467e-03 2.790138428325193015e-02 9.186189407307753241e-01
6.584509924048284613e-02 6.010730211200996514e-03 3.013685074771555589e-02 8.980073198006006674e-01
9.381151566148027143e-02 7.825861679966178777e-03 3.511936370948760822e-02 8.632432589490659502e-01
1.352758029391458172e-01 1.000502579346989988e-02 4.388066324069690716e-02 8.108385080266874434e-01
1.873111474468766857e-01 1.200538344779069483e-02 5.791120339646339127e-02 7.427722657088691172e-01
2.412970823003423859e-01 1.324742890928595242e-02 7.872010988849052759e-02 6.667353789018811705e-01
2.907865505204320633e-01 1.357762551212658708e-02 1.065789541192792012e-01 5.890568698481620791e-01
3.372258067588621566e-01 1.330686378952164114e-02 1.376745755116163539e-01 5.117927539399996784e-01
3.913399659995842050e-01 1.282511256699705136e-02 1.620196814804367724e-01 4.338152399529822678e-01
4.629407372757126660e-01 1.235912741255329982e-02 1.681011500597834885e-01 3.565989852519502179e-01
5.508627037641912194e-01 1.199711089620153839e-02 1.534867931599444568e-01 2.836533921796626778e-01
6.460226184271792294e-01 1.175964398139740276e-02 1.248132173596768479e-01 2.174045202317464454e-01
7.348789287775047141e-01 1.163161410041095752e-02 9.143122071013434771e-02 1.620582364119497187e-01
8.047603402156023877e-01 1.154464408545340624e-02 6.232241772306452293e-02 1.213725979758795565e-01
8.519441976703979735e-01 1.088958475784047343e-02 4.246132103852540141e-02 9.470489653323616031e-02
8.810954241881248095e-01 1.076561365180033099e-02 3.011736988944666016e-02 7.802159227062800684e-02
8.984839433002328457e-01 1.050221983865883349e-02 2.318165108853599554e-02 6.783218577257217607e-02
9.089558674674633743e-01 1.011002105387296887e-02 1.924633421384589621e-02 6.168777726481746576e-02
9.158212079537664252e-01 9.691425445827090562e-03 1.691955506182227578e-02 5.756781153858429173e-02
9.213299531517904484e-01 9.340775298105757907e-03 1.564644852168296102e-02 5.368282302842073556e-02
9.268893158757084416e-01 9.078876482035029560e-03 1.524331277298364429e-02 4.878849486927268331e-02
9.330211911562341642e-01 8.831825640378498238e-03 1.557919704811394634e-02 4.256778615527343629e-02
9.393555396040570438e-01 8.480681259305612035e-03 1.648825419013531801e-02 3.567552494650230027e-02
9.453450456582174199e-01 7.978468005984088937e-03 1.776234911825297011e-02 2.891413721754582111e-02
9.503540604355859012e-01 7.420647601376334848e-03 1.932645563913644796e-02 2.289883632390135940e-02
9.534464258786735646e-01 6.992161245172038263e-03 2.134319237750064921e-02 1.821822049865407314e-02
9.541128173915275346e-01 6.814838942072532976e-03 2.406049536199031738e-02 1.501184830440965151e-02
9.523578993911460122e-01 6.884611484452745830e-03 2.782538572680583883e-02 1.293210339759512731e-02
9.484162890063212448e-01 7.111316824733795484e-03 3.299163180169162324e-02 1.148076236725367565e-02
9.431230773483486596e-01 7.338717777391322999e-03 3.938776848708268330e-02 1.015043638717727861e-02
9.378105981471445141e-01 7.425005420291547371e-03 4.617436829814900584e-02 8.590028134415046354e-03
9.334757836458813518e-01 7.388740096208813030e-03 5.231552936662798442e-02 6.819946891281729318e-03
9.304974816891222744e-01 7.389530910313794020e-03 5.700711654966213876e-02 5.105870850901766782e-03
9.293841062579805135e-01 7.536264471106760357e-03 5.940788722366677210e-02 3.671742047245783649e-03
1.565580460192081413e-02 9.718236535926396899e-03 7.749961451409832502e-01 1.996298137211698631e-01
1.503989878175767403e-01 8.753598419806775388e-02 6.568579789215264753e-02 6.963792300922028167e-01
1.121829709264317299e-01 7.763377754075319326e-02 6.367391391711599291e-02 7.465093376156991534e-01
8.357601770040334888e-02 6.692750407166091209e-02 6.187302619482980270e-02 7.876234520331057976e-01
6.274307137572103510e-02 5.576276851841149157e-02 6.090083081113424612e-02 8.205933292947330537e-01
4.728590350598229491e-02 4.466768656266632137e-02 6.208163254582425156e-02 8.459647773855273334e-01
3.520954985027296286e-02 3.422677606423964181e-02 6.796171672960456267e-02 8.626019573558829645e-01
2.601693749068304667e-02 2.533587483850016989e-02 8.354624457279272165e-02 8.651009430980242110e-01
1.984984925361807373e-02 1.878724289831871716e-02 1.168133315974787673e-01 8.445495762505843551e-01
1.615703406447105070e-02 1.444526230254360513e-02 1.774498181697805321e-01 7.919478854632044929e-01
1.390057710853779757e-02 1.159106589539947614e-02 2.703882191151074643e-01 7.041201378809553990e-01
1.140125841868613182e-02 9.520971593082371009e-03 3.879422204862076895e-01 5.911355495020238493e-01
9.711750362021369376e-03 7.898201695845803380e-03 5.109896167018271873e-01 4.714004312403056729e-01
8.545884652752079938e-03 6.584167423218304296e-03 6.236889379855621307e-01 3.611810099384674677e-01
7.025625019259085398e-03 5.455012193024309612e-03 7.190731568888277803e-01 2.684462058988888455e-01
6.162787118003456265e-03 4.645989728755196488e-03 7.898216829481548018e-01 1.993695402050863485e-01
6.662541066008181682e-03 4.059375339401817898e-03 8.326229297864299328e-01 1.566551538081600581e-01
6.827092288295396119e-03 3.830667938790562489e-03 8.564219177491566581e-01 1.329203220237573091e-01
7.866198160115953075e-03 3.764231373554443282e-03 8.723234462127061883e-01 1.160461242536233034e-01
9.520823563421704563e-03 3.638507816736503975e-03 8.888151401631118054e-01 9.802552845673008497e-02
1.189174751994989503e-02 3.442712797183012860e-03 9.057284665481170061e-01 7.893707313475013809e-02
1.545904476909297151e-02 3.325927632975391509e-03 9.180102765721419589e-01 6.320475102578977655e-02
2.068235834320063249e-02 3.413189769191554267e-03 9.223596192303812336e-01 5.354483265722678742e-02
2.731590845701955053e-02 3.718050096545274467e-03 9.196616061915089402e-01 4.930443525492627516e-02
3.406806003042277264e-02 4.183807554913943245e-03 9.135505664737919584e-01 4.819756594087137858e-02
3.806580070761233364e-02 4.701769005379251472e-03 9.095712287770795212e-01 4.766120150992915472e-02
3.948013257911719281e-02 5.179944510846900933e-03 9.097022071492482098e-01 4.563771576078781700e-02
3.718085555340844284e-02 5.428214993355512212e-03 9.163855427508132978e-01 4.100538670242265260e-02
3.296258700721324542e-02 5.467737426317315075e-03 9.263903451447005333e-01 3.517933042176871195e-02
2.964072463474102734e-02 5.575011638252721016e-03 9.339876168139094048e-01 3.079664691309684163e-02
2.596796832567687882e-02 5.639673769792496669e-03 9.399611244091464757e-01 2.843123349538409159e-02
2.223382366319628239e-02 5.575948968140339440e-03 9.448592958375611195e-01 2.733093153110235929e-02
1.829132567081308627e-02 5.271392247604859971e-03 9.499633130686813143e-01 2.647396901290067009e-02
1.449638432868115973e-02 4.748572790495326698e-03 9.551829407074221567e-01 2.557210217340129613e-02
1.118595554205065006e-02 4.108931562653500742e-03 9.597562191622983629e-01 2.494889373299713151e-02
8.479691445716195861e-03 3.447393665334217393e-03 9.633140672939114468e-01 2.475884759503812343e-02
6.431268875876188819e-03 2.853046453144455260e-03 9.658777324882793502e-01 2.483795218270011540e-02
4.916026037720314275e-03 2.366412349912684794e-03 9.679147286454343746e-01 2.480283296693258643e-02
3.758149063903687154e-03 1.983834277001554798e-03 9.700035061437635164e-01 2.425451051533102781e-02
2.927294877005191115e-03 1.729986877132392090e-03 9.719926277741262055e-01 2.335009047173633445e-02
2.416796102414859281e-03 1.639662092911596883e-03 9.731127734961398934e-01 2.283076830853358538e-02
2.228322068107301077e-03 1.775836446094875270e-03 9.720738865282482211e-01 2.392195495754958351e-02
2.387783412747986490e-03 2.289558806311051478e-03 9.672248878460115717e-01 2.809776993492926062e-02
2.908389188671872769e-03 3.484423604127253812e-03 9.578552973733539533e-01 3.575188983384679914e-02
4.450666085330933115e-03 6.266983817428632871e-03 9.450839683173434258e-01 4.419838177989701689e-02
6.752936127800762342e-03 1.247907401335037955e-02 9.304257889658447134e-01 5.034220089300440321e-02
1.138546687926574215e-02 2.791189608194273239e-02 9.041095034421400278e-01 5.659313359665173876e-02
1.951098650311244506e-02 6.430327273899341667e-02 8.467109051181509471e-01 6.947483563974320153e-02
3.027783723788330869e-02 1.331611566445669859e-01 7.458409075838697833e-01 9.072009853368022403e-02
4.062654290125179701e-02 2.250008318196132784e-01 6.177036338386475700e-01 1.166689914404872991e-01
4.825607999317707564e-02 3.091451475095263191e-01 4.942327946404535544e-01 1.483659778568430787e-01
5.240858489410864934e-02 3.616736060840251565e-01 3.941789763173454419e-01 1.917388327045205787e-01
5.294749880612838189e-02 3.804124981716425768e-01 3.169354174994092888e-01 2.497045855228200717e-01
5.250697556148013062e-02 3.770633969394552865e-01 2.556858308432031213e-01 3.147437966558611078e-01
5.173950483838479081e-02 3.716711593165018535e-01 2.064336586004051344e-01 3.701556772447083810e-01
5.280786837462657368e-02 3.792639422349857736e-01 1.698277284370391382e-01 3.981004609533485006e-01
5.709727587258800474e-02 4.089744802778757515e-01 1.444110296963587448e-01 3.895172141531771381e-01
6.550893625690731858e-02 4.573623911939154740e-01 1.262199815083391574e-01 3.509086910408379389e-01
7.781961002655669868e-02 5.053654630380114421e-01 1.127280604322904445e-01 3.040868665031412621e-01
9.083361458080628503e-02 5.358532458126887832e-01 1.039267249006097793e-01 2.693864147058951941e-01
9.887607720096509845e-02 5.505937235986886336e-01 9.921674208959641028e-02 2.513134571107500936e-01
1.006599820823951136e-01 5.581892107065009601e-01 9.784917483971934671e-02 2.433016323713849960e-01
1.027604375022029143e-01 5.594055854090754787e-01 1.013013887166264171e-01 2.365325883720953426e-01
1.126820742725242047e-01 5.540269896738159172e-01 1.106114541337586549e-01 2.226794819199011122e-01
1.345821982722963939e-01 5.426772745977685997e-01 1.243951416191230175e-01 1.983453855108120167e-01
1.696444303408737586e-01 5.239811280984610908e-01 1.394933993056373112e-01 1.668810422550279504e-01
2.134461668019577985e-01 5.014518029849661662e-01 1.522525045609331995e-01 1.328495256521428081e-01
2.558306991607365855e-01 4.833008836191833857e-01 1.614106153273630329e-01 9.945780189271699601e-02
2.883826410695438103e-01 4.732470858330022900e-01 1.687425810705705520e-01 6.962769202688343095e-02
3.088212005644844771e-01 4.685949542975660909e-01 1.766943342828550534e-01 4.588951085509468397e-02
3.205327965746148089e-01 4.617669757296758992e-01 1.881075227583942633e-01 2.959270493731492452e-02
3.236665673340693994e-01 4.510440339834213552e-01 2.053384174778956628e-01 1.995098120461363464e-02
6.667641691185992531e-04 3.395273453207649228e-02 2.155005091875074157e-03 9.632254962069297655e-01
6.880625495499437250e-01 6.962363976640358054e-02 1.245086990664799886e-01 1.178051116171727336e-01
5.858585701966316783e-01 7.913423087171750359e-02 1.742022966314459853e-01 1.608049023002048328e-01
4.496735779242450604e-01 8.935798159694011145e-02 2.343331580531200775e-01 2.266352824256944731e-01
3.069709610448533299e-01 9.709884893437939479e-02 2.770702773990894596e-01 3.188599126216776769e-01
1.908021525104436900e-01 1.000040635765832991e-01 2.762539854993797950e-01 4.329397984135932576e-01
1.136603239729509773e-01 9.680153041252669011e-02 2.380901290885962807e-01 5.514480165259257882e-01
6.783727241095083293e-02 9.049571365321534833e-02 1.859966927542697213e-01 6.556703211815638754e-01
4.155982878688294080e-02 8.240042807524276813e-02 1.370765484047045124e-01 7.389631947331699591e-01
2.604421971971744576e-02 7.547533567767848728e-02 9.691261224408277697e-02 8.015678323585211373e-01
1.791680743614106064e-02 7.054655600240501701e-02 6.847267608472017153e-02 8.430639604767338202e-01
1.359936473784529969e-02 6.984856719965393257e-02 5.069358666162251947e-02 8.658584814008783992e-01
1.115865826058369883e-02 7.281166542280727294e-02 4.060829136678641843e-02 8.754213849498224675e-01
9.509580497191617854e-03 7.744416611168113140e-02 3.532693951304024388e-02 8.777193138780868820e-01
8.146053798411094504e-03 8.159128608877896927e-02 3.274422118375226731e-02 8.775184389290576759e-01
6.832672438678621778e-03 8.426109579935076033e-02 3.143363813701589154e-02 8.774725936249546665e-01
5.436797904720902519e-03 8.576171157506709553e-02 3.029008793328877985e-02 8.785114025869231735e-01
3.711556257159737485e-03 8.712496357271191927e-02 2.926980477427756910e-02 8.798936753958506163e-01
3.186206336064814019e-03 8.846676301211396642e-02 2.847880494164966442e-02 8.798682257101714255e-01
2.275262978156095302e-03 8.749135735076019049e-02 2.869370897182763405e-02 8.815396706992562059e-01
1.677469666592380912e-03 8.081947315492904460e-02 3.088670422361933232e-02 8.866163529548590772e-01
1.240330486746746416e-03 6.848659219783220786e-02 3.698936840568413376e-02 8.932837089097371841e-01
9.534383250482061532e-04 5.474800936417765357e-02 5.269034154015257709e-02 8.916082107706215787e-01
8.060066656157165773e-04 4.359692946338968728e-02 9.154164823713920041e-02 8.640554156338555725e-01
8.414240640659632680e-04 3.520656965638626484e-02 1.778851072695231128e-01 7.860668990100245779e-01
1.133838225946443489e-03 2.771605472702403164e-02 3.371234295078200938e-01 6.340266775392092713e-01
1.368645281409032943e-03 1.967979752362136042e-02 5.467341771821090379e-01 4.322173800128606413e-01
1.435153828112899427e-03 1.271149189955141437e-02 7.197496650247732219e-01 2.661036892475626692e-01
1.672952853779139737e-03 8.552380095598940274e-03 8.109660379248539996e-01 1.788086291257681426e-01
2.246986451626400635e-03 6.643777404496262889e-03 8.388225251884546818e-01 1.522867109554225662e-01
3.443031864444158225e-03 6.027760721323925999e-03 8.228119500909473194e-01 1.677172573232846853e-01
5.764989155536528846e-03 6.074992906593007676e-03 7.710180760755077634e-01 2.171419418623624920e-01
9.680503614062007864e-03 6.220557796204744319e-03 6.975978102528374025e-01 2.865011283368956163e-01
1.512333412993407088e-02 6.017369406181658463e-03 6.270302565830742081e-01 3.518290398808102681e-01
2.194614766605319442e-02 5.519207264723650919e-03 5.760622947099439672e-01 3.964723503592790799e-01
3.065587775743094587e-02 5.130300924754960940e-03 5.440679916314592468e-01 4.201458296863544994e-01
4.129461446962857940e-02 5.103207487183734556e-03 5.171430701513169970e-01 4.364591078918707012e-01
5.157699647990197922e-02 5.403746085478903539e-03 4.812870498812046316e-01 4.617322075534146530e-01
5.876279372036416482e-02 5.959348278492491817e-03 4.341620930396485889e-01 5.011157649614945697e-01
6.253411616933245154e-02 6.776937448475444520e-03 3.826285027793717153e-01 5.480604436028204685e-01
6.490751880200865132e-02 7.909650926456202394e-03 3.366695446993969720e-01 5.905132855721383356e-01
6.810009084669735313e-02 9.434842021493203626e-03 3.025435046574908027e-01 6.199215624743188435e-01
7.182790773016047015e-02 1.128089232870159095e-02 2.796744358001226338e-01 6.372167641410152461e-01
7.455993372684358023e-02 1.319864719230907923e-02 2.658037615971893808e-01 6.464376574836581124e-01
7.589224460532542627e-02 1.503682162015407449e-02 2.612664164434679304e-01 6.478045173310524874e-01
7.637682269965198611e-02 1.693660673820884116e-02 2.684609659917683300e-01 6.382256045703710301e-01
7.827558833327116772e-02 1.962071963027029950e-02 2.898122062293523316e-01 6.122914858071064614e-01
8.526219066109240463e-02 2.478985967195272352e-02 3.195180057430353493e-01 5.704299439239192138e-01
1.006877095944975764e-01 3.564080873410071376e-02 3.361426984041979149e-01 5.275287832672036492e-01
1.256235699602250844e-01 5.620139556787811380e-02 3.186509198670792187e-01 4.995241146048177705e-01
1.581297351291029996e-01 8.761726660322331772e-02 2.700343347968509611e-01 4.842186634708228188e-01
1.977461829652808201e-01 1.258325222585214842e-01 2.105480926743789893e-01 4.658732021018184843e-01
2.490982904957097788e-01 1.617190496569314018e-01 1.576912011194483709e-01 4.314914587279104485e-01
3.129145487855924390e-01 1.844236422396069996e-01 1.167055976232312109e-01 3.859562113515694337e-01
3.752075678456461838e-01 1.929046874430778713e-01 8.733837203865656151e-02 3.445493726726193695e-01
4.165113906462805105e-01 1.949874276003079054e-01 6.717808675397821117e-02 3.213230949994332897e-01
4.238038953662465746e-01 1.995202903876323042e-01 5.463840885001244874e-02 3.220374053961087002e-01
4.030581221971320516e-01 2.102186412971231433e-01 4.756304002062123476e-02 3.391601964851234108e-01
3.754529903855723938e-01 2.221425034483156258e-01 4.340707916781390979e-02 3.589974269982981192e-01
3.545559721818162258e-01 2.327751605882472652e-01 4.106443299118452822e-02 3.716044342387521127e-01
3.456302977933362608e-01 2.395072820733041841e-01 4.019114179710409768e-02 3.746712783362554644e-01
3.454844324757828655e-01 2.391969519847004233e-01 4.076936350853547358e-02 3.745492520309809392e-01
3.465594245035847898e-01 2.299737153696015945e-01 4.266142196875417902e-02 3.808054381580592840e-01
3.449222387506180598e-01 2.128289144619920359e-01 4.529847622876618379e-02 3.969503705586234776e-01
3.415629885521433429e-01 1.937265205629571940e-01 4.808496986333467976e-02 4.166255210215648597e-01
3.379912107648037622e-01 1.802930915007094903e-01 5.165105914909109974e-02 4.300646385853959530e-01
3.322048068820241951e-01 1.749577016317952760e-01 5.719293964264988983e-02 4.356445518435310138e-01
3.203255233253881618e-01 1.745498863144383239e-01 6.480378823747448558e-02 4.403208021226989732e-01
3.022186124509384508e-01 1.756622495998811928e-01 7.374063712319826880e-02 4.483785008259822957e-01
2.811354468203861590e-01 1.780244605719609186e-01 8.300908732533424095e-02 4.578310052823186260e-01
2.599558426093305785e-01 1.833279069728093458e-01 9.129460453787253960e-02 4.654216458799875222e-01
2.410336488564790991e-01 1.930154142024533837e-01 9.708999364717345315e-02 4.688609432938942723e-01
2.589671622003675332e-04 1.740251891833915349e-02 2.069516638943614262e-01 7.753868500250986617e-01
8.249709447258696260e-02 2.428374521139244069e-01 3.119981843425572929e-02 6.434656349792329255e-01
4.294315811360259472e-02 2.015197307257206860e-01 3.316543523748500394e-02 7.223716759231914031e-01
2.145668523455370943e-02 1.446216284040066635e-01 3.559669440477311597e-02 7.983249919566666186e-01
1.023329626473176539e-02 9.055002064276260199e-02 3.968308333644477576e-02 8.595335997560606955e-01
4.893646567908399754e-03 5.204387564942852124e-02 5.180985585314568792e-02 8.912526219295173746e-01
2.594486026271544416e-03 3.023123107513360844e-02 8.579313578156883002e-02 8.813811471170261980e-01
1.763289577827493668e-03 1.812983420799550716e-02 1.508522751692422115e-01 8.292546010449347582e-01
1.530642059716369246e-03 1.072765213624440710e-02 2.379580826426096751e-01 7.497836231614294356e-01
8.095178971056620496e-04 6.055524017906955929e-03 3.198056887945629478e-01 6.733292692904245813e-01
5.375058581513816316e-04 3.385042208342259242e-03 3.710724335626506276e-01 6.250050183708557583e-01
3.904906977664148078e-04 2.076368144177854428e-03 3.837119707717618899e-01 6.138211703862938018e-01
3.330267340346380238e-04 1.530381011967915737e-03 3.647406287647525502e-01 6.333959634892449841e-01
3.236198057497303169e-04 1.385428769797945187e-03 3.237009169622891980e-01 6.745900344621632572e-01
3.329583131733105869e-04 1.470951126931041922e-03 2.628369619504161703e-01 7.353591286094791624e-01
3.522009487020831423e-04 1.716234146744942011e-03 1.865023625766826232e-01 8.114292023278703025e-01
6.225307505366242146e-04 2.086288656650925853e-03 1.138946849664992933e-01 8.833964956263132828e-01
4.553028103987009304e-04 2.478024502541452141e-03 6.251205217442351580e-02 9.345546205126364914e-01
4.390527266576693633e-04 2.924716215574653996e-03 3.300021670181492450e-02 9.636360143559528080e-01
4.874688293579469180e-04 3.429403944389057112e-03 1.780548904030067672e-02 9.782776381859522585e-01
5.543602138004604610e-04 4.015140483549720606e-03 1.026594400633927540e-02 9.851645552963105290e-01
1.937572925801943607e-04 3.892712558968764065e-03 6.902002116105223489e-03 9.890115280323457103e-01
7.323306047272907073e-04 5.421700373550945168e-03 4.825403386148148857e-03 9.890205656355738340e-01
9.029602372190798434e-04 6.303591665401894056e-03 4.049527781473165507e-03 9.887439203159058554e-01
1.196456453367459715e-03 7.266085706107087115e-03 3.827128580666373011e-03 9.877103292598591322e-01
1.655267730293584916e-03 8.240863885868374497e-03 4.036048374819214274e-03 9.860678200090190471e-01
2.270454277352780374e-03 9.358633260884837921e-03 4.668518315652800746e-03 9.837023941461093823e-01
2.944373202116544117e-03 1.066948334624894662e-02 5.671840699458822500e-03 9.807143027521757483e-01
3.548010116344197610e-03 1.194477794928906073e-02 6.966556585755056055e-03 9.775406553486115646e-01
3.995354706768371698e-03 1.278878863601806519e-02 8.578658691468290035e-03 9.746371979657454387e-01
4.156585404364040483e-03 1.282113566324886988e-02 1.053141214429851452e-02 9.724908667880883817e-01
3.978644540481174503e-03 1.209236615398862937e-02 1.295829533312275149e-02 9.709706939724074282e-01
3.650269661034927140e-03 1.112631131589961880e-02 1.652693574848928745e-02 9.686964832745758036e-01
3.447115042909130404e-03 1.047146043176806415e-02 2.268579126195286941e-02 9.633956332633698549e-01
3.573552033565532970e-03 1.038984102791464664e-02 3.358717143514818038e-02 9.524494355033720216e-01
4.159412176809572544e-03 1.097136185682591643e-02 5.107472231208660257e-02 9.337945036542781851e-01
5.354235860363187535e-03 1.233286304033841090e-02 7.515887906097717952e-02 9.071540220383214059e-01
7.394442680066672449e-03 1.462826593025033824e-02 1.041228919602972536e-01 8.738543994293858086e-01
1.064892243668442984e-02 1.782335536946771590e-02 1.370245511668401750e-01 8.345031710270077729e-01
1.558443968968378952e-02 2.148724984368228369e-02 1.724523489106797314e-01 7.904759615559544539e-01
2.259327216151208254e-02 2.473715821034761647e-02 2.027192905378698840e-01 7.499502790902704552e-01
3.188583901591483111e-02 2.642191479990071284e-02 2.162476195656360123e-01 7.254446266185482495e-01
4.301041382508053595e-02 2.577748848869761134e-02 2.079228354665083600e-01 7.232892622197132360e-01
5.465550750121216106e-02 2.284556565416224344e-02 1.816981404107407549e-01 7.408007864338850279e-01
6.518745922254841341e-02 1.854287966817924974e-02 1.465412280771456466e-01 7.697284330321270129e-01
7.431854281767251436e-02 1.428829812783414394e-02 1.129091497536838656e-01 7.984840093008096495e-01
8.389848273767777642e-02 1.107074198374421482e-02 8.817427489697658716e-02 8.168565003816010694e-01
9.521081199693337549e-02 9.034751565839034201e-03 7.242420872671249954e-02 8.233302277105147837e-01
1.064375441309387965e-01 7.876657393624818954e-03 6.194897955500509867e-02 8.237368189204311575e-01
1.131476192383426838e-01 7.304329321664455518e-03 5.358456245412661356e-02 8.259634889858660234e-01
1.126336191248361734e-01 7.255290143160474103e-03 4.539993870732207670e-02 8.347111520246812688e-01
1.067880988183847885e-01 7.842158349675366902e-03 3.703984337752870559e-02 8.483298994544108407e-01
1.009044649550491779e-01 9.337589762821049688e-03 2.940808769297177661e-02 8.603498575891577183e-01
1.009938795033931969e-01 1.232620010208108387e-02 2.348614552288919716e-02 8.631937748716369541e-01
1.117914158871711194e-01 1.801731115272466738e-02 1.958183313553095092e-02 8.506094398245732657e-01
1.354970974617606683e-01 2.801323137776822944e-02 1.736822472804425491e-02 8.191214464324269029e-01
1.725148902925407457e-01 4.348639507525995512e-02 1.633064774471028324e-02 7.676680668874890090e-01
2.254491839256458074e-01 6.512020254239249406e-02 1.621065197076922496e-02 6.932199615611925880e-01
2.959914209687646292e-01 9.287776789182676518e-02 1.662614268354984520e-02 5.945046684558591421e-01
3.807267858416460982e-01 1.255097590792827178e-01 1.702135607383118560e-02 4.767420990052401164e-01
4.727075339803113452e-01 1.562787385826359399e-01 1.649854699179724785e-02 3.545151804452555400e-01
5.500759584671385261e-01 1.840839840087533930e-01 1.535975090681464261e-02 2.504803066172934245e-01
5.994440445842181830e-01 2.099774904637543294e-01 1.402396231646447014e-02 1.765545026355628822e-01
6.329485329116881775e-01 2.266067930451598211e-01 1.239339542699078797e-02 1.280512786161611405e-01
6.592402033112981785e-01 2.333033325800808744e-01 1.080114505447445430e-02 9.665531905414681546e-02
6.855709389788293695e-01 2.296994011626317389e-01 9.257372628590793823e-03 7.547228722994805961e-02
7.128800869174279908e-01 2.190720894329835633e-01 7.813128772113432999e-03 6.023469487747486889e-02
7.385533366269428912e-01 2.056016686988575426e-01 6.612220403449903076e-03 4.923277427074930490e-02
7.587240503744825393e-01 1.934460153254723425e-01 5.817791146399265215e-03 4.201214315364607682e-02
7.725991515498997764e-01 1.845885658220681180e-01 5.404163276302937149e-03 3.740811935172910774e-02
7.832768604755907527e-01 1.778058779779359555e-01 5.207572632105523895e-03 3.370968891436765952e-02
7.927973831461256893e-01 1.719630264456042945e-01 5.090192296137493327e-03 3.014939811213238063e-02
5.138234050309773565e-02 9.408186613553096711e-01 7.215802756819621189e-03 5.831953847730495790e-04
4.088540799134206954e-02 9.509990228273870194e-01 7.572252098946727350e-03 5.433170823241833614e-04
3.289604268862065389e-02 9.581138945208000912e-01 8.463303867419185236e-03 5.267589231599552725e-04
2.739762284714235274e-02 9.617829268255451147e-01 1.028402389077878384e-02 5.354264365335282714e-04
2.410591554986895105e-02 9.614877795038861974e-01 1.383449700874899921e-02 5.718079374959085092e-04
2.249901609322179155e-02 9.562783840764085275e-01 2.058361516239681430e-02 6.389846679726349883e-04
2.196273615548535035e-02 9.451122116557294506e-01 3.218883552184780700e-02 7.362166669372571977e-04
2.162962499512782050e-02 9.295533302344530791e-01 4.797406088105106436e-02 8.429838893681318229e-04
2.042151620547780211e-02 9.169725984715944023e-01 6.168809950580451257e-02 9.177858171232537807e-04
1.822711692960138005e-02 9.165212268225872982e-01 6.430425253224873738e-02 9.474037155625290255e-04
1.592982043332070649e-02 9.284289113704036200e-01 5.466012209334453892e-02 9.811461029309983747e-04
1.457846380437916728e-02 9.424019586812109051e-01 4.190121029048950868e-02 1.118367223920193254e-03
1.488241452009463235e-02 9.502155095828889175e-01 3.341745859326843149e-02 1.484617303747950761e-03
1.701438613507647024e-02 9.511732994571180377e-01 2.963816876518905047e-02 2.174145642616463238e-03
2.078291890686663132e-02 9.474909442284148442e-01 2.857109587528397499e-02 3.155040989434281483e-03
2.577795244099558014e-02 9.415092590657575533e-01 2.847849778556862249e-02 4.234290707678447022e-03
3.086824480560169601e-02 9.353277396584159797e-01 2.851746277697752088e-02 5.286552759004461630e-03
3.960215140362297048e-02 9.254522835596524777e-01 2.847466187372176341e-02 6.470903163002865617e-03
5.054056893801111422e-02 9.144695269285578743e-01 2.727106455134405139e-02 7.718839582086952332e-03
6.323291136480256591e-02 9.031610971207498784e-01 2.468290855830885047e-02 8.923082956138543922e-03
7.224165570005838810e-02 8.966352356852227423e-01 2.120610493073472533e-02 9.917003683984022822e-03
7.773658691583434921e-02 8.941160911208407835e-01 1.759752953391771971e-02 1.054979242940707468e-02
7.997771757253703540e-02 8.947284320236504884e-01 1.449203867773447320e-02 1.080181172607820768e-02
2.785590706162708874e-01 6.972327656109957028e-02 8.485447106149157648e-02 5.668631817611379242e-01
1.503684846577190426e-01 6.083567049299481305e-02 8.346983711236934111e-02 7.053260077369167824e-01
6.697378050753145795e-02 4.468025400320511237e-02 7.899096614213821366e-02 8.093549993471252924e-01
2.639632596037144729e-02 2.898196532536776934e-02 7.906194061001534101e-02 8.655597681042459524e-01
1.073576709424053921e-02 1.848339659488921344e-02 9.218190633958391056e-02 8.785989299712866352e-01
5.379683256039159180e-03 1.311928102335661699e-02 1.316763095802472305e-01 8.498247261403572006e-01
3.706461715389541747e-03 1.088198252717229378e-02 2.225676904437408066e-01 7.628438653136974112e-01
2.169172484932887276e-03 9.888011568928137610e-03 3.919375612417366206e-01 5.960052547044016880e-01
1.801900741781389511e-03 8.824564195266813155e-03 6.102405220387066009e-01 3.791330130242452912e-01
9.994146924464366796e-04 7.284994477166429130e-03 7.881678906225321191e-01 2.035477002078549258e-01
8.142043427208113787e-04 5.535393779131046570e-03 8.878915321862042020e-01 1.057588696919442434e-01
4.106495851287493451e-04 4.625771874681978632e-03 9.346175976447064215e-01 6.034598089548279254e-02
3.129535924969639640e-04 4.142390187845337510e-03 9.556476423438816648e-01 3.989701387577578029e-02
3.128329229968969329e-04 3.992183289769261380e-03 9.654472405450331696e-01 3.024774324220073571e-02
3.780144553920005064e-04 4.083143972544512820e-03 9.701922585909812380e-01 2.534658298108233981e-02
5.299077445221316972e-04 4.337131184103218060e-03 9.723329029769260945e-01 2.280005809444866569e-02
8.183240658266966805e-04 4.704201882367243376e-03 9.730317685017042528e-01 2.144570555010186230e-02
1.329640150269062807e-03 5.242227903637702337e-03 9.726266490156989519e-01 2.080148293039448329e-02
2.271198054665239663e-03 6.179497947439781952e-03 9.704839847614163961e-01 2.106531923647866206e-02
4.853960168043567822e-03 7.633682673550718813e-03 9.646311490081169726e-01 2.288120815028890989e-02
8.774833540049389868e-03 9.922970877643124549e-03 9.545747943063234153e-01 2.672740127598355678e-02
1.590598295297082285e-02 1.282807409010671383e-02 9.386139066584189283e-01 3.265203629850301631e-02
2.750871144865526738e-02 1.621444577832910697e-02 9.158899996161062873e-01 4.038684315690944243e-02
4.406338018578313809e-02 2.042617598782243971e-02 8.854566998655516441e-01 5.005374396084306260e-02
6.442934907134192923e-02 2.640771074703497298e-02 8.469074891539327687e-01 6.225545102769000638e-02
8.506765144012287672e-02 3.539938338998646628e-02 8.028733735882602751e-01 7.665959158163036802e-02
1.000711503596262986e-01 4.798720999564285578e-02 7.609988571836037163e-01 9.094278246112717790e-02
1.047123557388565246e-01 6.342415079079798124e-02 7.291208549871065481e-01 1.027426384832386824e-01
9.914978820914249757e-02 7.905001561793412179e-02 7.107231917329193127e-01 1.110770044400041096e-01
8.730856140276246902e-02 9.081825520381882344e-02 7.062886698949403241e-01 1.155845134984783834e-01
7.318644751151284766e-02 9.570470438819793368e-02 7.154994749905700946e-01 1.156093731097192351e-01
5.910096090258929596e-02 9.381589285567178138e-02 7.359213789059873001e-01 1.111617673357515046e-01
4.670384473666328029e-02 8.813421298617239719e-02 7.602706614982260858e-01 1.048912807789380425e-01
3.695714568222583513e-02 8.172938827255363248e-02 7.818849968652583637e-01 9.942846917996228662e-02
2.973710080295705396e-02 7.669143464719083148e-02 7.996951543032118082e-01 9.387631024664015722e-02
2.465653630635863611e-02 7.460807482201731178e-02 8.151248178047236781e-01 8.561057106689991258e-02
2.134913247971015685e-02 7.639846160288212007e-02 8.281228322978408940e-01 7.412957361956677704e-02
1.942142884219244178e-02 8.137079382799128346e-02 8.379145476368961010e-01 6.129322969292023970e-02
1.830222424558683447e-02 8.677725836097614776e-02 8.458240810924173569e-01 4.909643630101952899e-02
1.743766584864697364e-02 8.950846026814525402e-02 8.541021447313253967e-01 3.895172915188201135e-02
1.666707307929975179e-02 8.935751724114300576e-02 8.620625876056515757e-01 3.191282207390565284e-02
1.618177486951794669e-02 8.885290905352261071e-02 8.669892491356286923e-01 2.797606694133102437e-02
1.618910679292726723e-02 9.051175432882112293e-02 8.671363697197171927e-01 2.616276915853482307e-02
1.670206957451569538e-02 9.681394990116785892e-02 8.608953994623491646e-01 2.558858106196740256e-02
1.774636292832133116e-02 1.123416852488221679e-01 8.436795069975442374e-01 2.623244482531230173e-02
1.951047044013865667e-02 1.454608495348817532e-01 8.063002922889092039e-01 2.872838773607035850e-02
2.236646920929184421e-02 2.069664506746489996e-01 7.366808500780095414e-01 3.398623003804972231e-02
2.599524776369377746e-02 3.020960680051441027e-01 6.296508836721963487e-01 4.225780055896553172e-02
3.001516523933293532e-02 4.239093058966737493e-01 4.939286294483400397e-01 5.214689941565360531e-02
3.190821233155717584e-02 5.469242312742355061e-01 3.605027335227351526e-01 6.066482287147233893e-02
3.192059200771427824e-02 6.480994439293638054e-01 2.539757586540647982e-01 6.600420540885733323e-02
3.142121838472518303e-02 7.194017945859796370e-01 1.807299684071242973e-01 6.844701862217075772e-02
3.135514573444118935e-02 7.676692041022532553e-01 1.317727264773633500e-01 6.920292368594209431e-02
3.238791484063047871e-02 8.002906779968529394e-01 9.767834740115710623e-02 6.964305976135960752e-02
3.265107515893078682e-02 8.238726587906667342e-01 7.285985974587458336e-02 7.061640630452790945e-02
3.471152213001087172e-02 8.346835323758546865e-01 5.743054053378503221e-02 7.317440496034964548e-02
3.595857527599059106e-02 8.387213540926667932e-01 4.722948671606716498e-02 7.809058391527524956e-02
3.714573457529936340e-02 8.344010784380050394e-01 4.086414731927373589e-02 8.758903966742179192e-02
3.888316840797385182e-02 8.197385609808293117e-01 3.779217562811405806e-02 1.035860949830827438e-01
4.349539990877871604e-02 7.937866734839101879e-01 3.735243106962046061e-02 1.253654955376904689e-01
5.026903763658171348e-02 7.621369770202460758e-01 3.912470791306221773e-02 1.484692774301101248e-01
5.971874961366054751e-02 7.342129632654159632e-01 4.174538002610701792e-02 1.643229070948164783e-01
7.169448228074429275e-02 7.192685767101858474e-01 4.535210867163178700e-02 1.636848323374382741e-01
9.188986295562151518e-02 7.118552933980017983e-01 5.013069529758341220e-02 1.461241483487933368e-01
1.242870346000739673e-01 6.966600784111756095e-01 5.844469929723233176e-02 1.206081876915179041e-01
1.716901605702957911e-01 6.610028550837511174e-01 7.118760837393947605e-02 9.611937597201360151e-02
2.315597894500389664e-01 6.026694704171239314e-01 8.910743876355571580e-02 7.666330136928148353e-02
3.006711165213495351e-01 5.272064825698400403e-01 1.100108135742597359e-01 6.211158733455038328e-02
3.766357412368102064e-01 4.434291600773313524e-01 1.288717886655197098e-01 5.106331002033918931e-02
4.568235883784871887e-01 3.595407151012676716e-01 1.410740606662875540e-01 4.256163585395805055e-02
5.387853683571647290e-01 2.806721506627808393e-01 1.447241724467502599e-01 3.581830853330428971e-02
6.155280357264525382e-01 2.137466823133692129e-01 1.409197934728920465e-01 2.980548848728591105e-02
6.846147361897799710e-01 1.600538020850663101e-01 1.313144210317942762e-01 2.401704069335966127e-02
7.394426156581395126e-01 1.235810303408710759e-01 1.181931506835411649e-01 1.878320331744815289e-02
7.821576844203574908e-01 9.999748100069501267e-02 1.035356203130730346e-01 1.430921426587446373e-02
8.146998461215578802e-01 8.590857152178892064e-02 8.882222797583344542e-02 1.056935438081970866e-02
8.430936983398696905e-01 7.518434873076131064e-02 7.412514955544485806e-02 7.596803373924316920e-03
8.678079958053401821e-01 6.709524709007272381e-02 5.961224755992437091e-02 5.484509544662782149e-03
8.899794059193536500e-01 6.089857051725575121e-02 4.511090746558744924e-02 4.011116097803332607e-03
9.098906180850765413e-01 5.622709938949160824e-02 3.095841067634729632e-02 2.923871849084369416e-03
9.252263066353358933e-01 5.356263403200587497e-02 1.905943075374246301e-02 2.151628578915621218e-03
9.349838695448935422e-01 5.318609045183003009e-02 1.017683142923082526e-02 1.653208574045802407e-03
9.352661209447571400e-01 5.793552197325880365e-02 5.357536283246277543e-03 1.440820798737813295e-03
9.250874688795769352e-01 7.035559275585322181e-02 3.071990745421820327e-03 1.484947619148188364e-03
9.009562178676694399e-01 9.520684697742962110e-02 2.066330448034741588e-03 1.770604706866006975e-03
8.564186112684065710e-01 1.396530141307902595e-01 1.645697466036049814e-03 2.282677134766829957e-03
7.862529432552610720e-01 2.092287641521435315e-01 1.544953737114348894e-03 2.973338855481170561e-03
6.963510021730056065e-01 2.982256892503998280e-01 1.691502191722168633e-03 3.731806384872519110e-03
6.061296174976040785e-01 3.882688555330794933e-01 1.278504413169636710e-03 4.323022556146994926e-03
