6.421902786605274693e-01 8.496474107445173285e-02 2.278005383316685784e-01 4.504444193335204599e-02
3.946577553825859064e-01 1.991468827448188983e-01 3.080110667828996063e-02 3.753942551943053596e-01
2.947068011181762648e-01 1.768664322906497721e-01 2.723032041291004179e-02 5.011964461782637548e-01
2.019282096322423392e-01 1.407553116236387736e-01 2.360257613028608412e-02 6.337139026138330911e-01
1.272754409750175564e-01 9.963281823466417497e-02 1.993160308051473290e-02 7.531601377098035011e-01
7.453329636603475694e-02 6.376565594613757548e-02 1.653577762062257567e-02 8.451652700672048768e-01
4.138489703731367680e-02 3.803409537078254049e-02 1.371235671161937647e-02 9.068686508802844548e-01
2.225071215384865492e-02 2.173698802088053564e-02 1.166876941121000252e-02 9.443435304140603836e-01
1.197056036459985193e-02 1.237657196850997648e-02 1.112157849397188425e-02 9.645312891729183047e-01
6.959137323970894171e-03 7.634048283181315252e-03 1.383122865640250623e-02 9.715755857364452019e-01
4.680802829757058602e-03 5.468984311550735382e-03 2.216273637339821745e-02 9.676874764852937405e-01
3.749233304937325643e-03 4.567023291896377644e-03 3.965304622186153344e-02 9.520306971813046193e-01
3.500164854947956667e-03 4.131693339330252783e-03 7.081274903351034156e-02 9.215553927722114347e-01
3.613634647190354376e-03 3.727698190020523397e-03 1.161267292875819840e-01 8.765319378752072232e-01
3.858780456997955126e-03 3.237102617976769098e-03 1.694113755385706910e-01 8.234927413864546741e-01
3.999135023088371509e-03 2.677969722392926390e-03 2.231308098883267588e-01 7.701920853661915478e-01
3.958653330817614967e-03 2.132605674091626793e-03 2.760348268436426666e-01 7.178739141514480782e-01
3.174760493009238897e-03 1.610956017148508284e-03 3.260950829895138958e-01 6.691192005003281373e-01
3.647046828238960196e-03 1.314271690450453858e-03 3.635002710490410349e-01 6.315384104322694370e-01
3.651415307121398928e-03 1.062242726818032109e-03 3.869893112225094578e-01 6.082970307435512369e-01
3.929313977691901646e-03 9.079349702593820593e-04 4.044219656495164350e-01 5.907407854025323868e-01
4.478964309938381592e-03 8.281227012298939590e-04 4.242939631254540878e-01 5.703989498633774691e-01
5.235757525625675535e-03 7.974092286876580116e-04 4.495095525301116557e-01 5.444572807155749761e-01
6.235635682982043973e-03 8.097188567641034175e-04 4.771545847303691468e-01 5.158000607298847129e-01
7.657032280693812192e-03 8.711576895482919542e-04 4.980910197144607365e-01 4.933807903152973018e-01
9.731416108042253640e-03 9.926092990070146602e-04 5.002396917546518829e-01 4.890362828382984195e-01
1.265387783120849527e-02 1.195919029794239707e-03 4.731236948147474197e-01 5.130265083242498969e-01
1.641943748936450231e-02 1.505215093099393931e-03 4.174037380800260655e-01 5.646716093375101497e-01
2.051362169144061234e-02 1.898765816202783270e-03 3.474841751547582680e-01 6.301034373375979936e-01
2.400569495641331069e-02 2.285519006388029607e-03 2.771568399419458428e-01 6.965519460952529496e-01
2.671483870055645776e-02 2.617672221526450536e-03 2.146133798449120778e-01 7.560541092330047563e-01
2.885284469354692030e-02 2.891108731801342920e-03 1.634007354512917176e-01 8.048553111233598401e-01
3.044148954959873324e-02 3.091720034306993069e-03 1.251365889936564280e-01 8.413302014224378622e-01
3.169844256719964865e-02 3.218223755942001361e-03 9.903263306821737111e-02 8.660507006086409776e-01
3.286885596991977188e-02 3.279643663837408709e-03 8.170531148693659096e-02 8.821461888793062922e-01
3.431974210037781053e-02 3.326964837682745181e-03 7.051221896540185718e-02 8.918410740965375672e-01
3.676462161890292624e-02 3.468226368595389922e-03 6.415278312789550463e-02 8.956143688846061046e-01
4.148320422289068082e-02 3.857695574614991834e-03 6.176066375604921665e-02 8.928984364464450652e-01
5.028820072761776977e-02 4.667762278959547949e-03 6.212881109812530556e-02 8.829152258952974730e-01
6.573626047492189817e-02 6.095622010958571049e-03 6.468131311718813836e-02 8.634868043969312623e-01
9.075383914800003171e-02 8.299255118842593926e-03 7.048387438928435667e-02 8.304630313438732259e-01
1.266028197531545441e-01 1.122788920266967229e-02 8.166749241943725701e-02 7.805017986247385631e-01
1.701775494488224072e-01 1.454334999576546023e-02 1.010352004122578862e-01 7.142439001431541978e-01
2.147141415903164041e-01 1.764050487701206149e-02 1.312861843462933276e-01 6.363591691863780264e-01
2.554640227913433370e-01 1.989793983152845364e-02 1.718723413666083111e-01 5.527656960105201689e-01
2.930958914775396162e-01 2.112887287668543598e-02 2.141996644875248657e-01 4.715755711582498289e-01
3.332583587495511757e-01 2.164359435460507658e-02 2.431299554651450145e-01 4.019680914306983932e-01
3.803537462786407142e-01 2.179905226626670939e-02 2.483835008772303232e-01 3.494637005778623018e-01
4.343502577669887121e-01 2.192143779102649279e-02 2.315780335143548252e-01 3.121502709276301468e-01
4.950064182487820541e-01 2.231429438221574010e-02 1.988605973163782570e-01 2.838186900526241674e-01
5.607054856286679545e-01 2.312700443944428613e-02 1.568970153327315376e-01 2.592704945991565202e-01
6.245740439499429808e-01 2.424704778187690077e-02 1.153387229544003689e-01 2.358401853137798432e-01
6.778725223411845580e-01 2.542301964590214236e-02 8.295535491585764865e-02 2.137491030970556372e-01
7.159785094013976225e-01 2.645865145582501285e-02 6.197271768074228554e-02 1.955901214620351103e-01
7.393833054943954597e-01 2.713333533921320068e-02 4.970461454109272731e-02 1.837787446252985291e-01
7.523131899267938572e-01 2.672697614579544467e-02 4.260432974443812554e-02 1.783555041829728016e-01
7.591672325101892493e-01 2.671701902341259635e-02 3.828523035915988582e-02 1.758305181072383483e-01
7.667294739290355654e-01 2.658926836898037674e-02 3.592480989823897131e-02 1.707564478037451872e-01
7.794102776777942498e-01 2.653596820086502606e-02 3.531599962777617202e-02 1.587377544935645313e-01
7.975617534586497692e-01 2.656658065889542716e-02 3.622888903069343414e-02 1.396427768517612689e-01
8.187181653333129860e-01 2.642130427431534090e-02 3.808695683094901613e-02 1.167735735614226361e-01
8.407356926814208986e-01 2.585488316308376736e-02 3.998142672158129518e-02 9.342799743391408396e-02
8.609298471813099374e-01 2.517389801650585582e-02 4.153067499123468120e-02 7.236557981094944580e-02
8.756670091956625379e-01 2.517054202172775562e-02 4.327224302363918279e-02 5.589020575897040571e-02
8.834653746096223781e-01 2.636185354804096090e-02 4.588456705635499122e-02 4.428820478598166632e-02
8.850941918587736934e-01 2.877359377622189934e-02 4.993784848288709138e-02 3.619436588211713546e-02
8.819585761584826100e-01 3.230903997841691466e-02 5.574204990400777326e-02 2.999033395909234123e-02
8.762291647140388884e-01 3.689602427183185512e-02 6.233648951479896921e-02 2.453832149933021789e-02
8.708606373438834147e-01 4.248078075838989526e-02 6.720188495126327988e-02 1.945669694646318462e-02
8.673482347927782277e-01 4.961580115218553605e-02 6.799854655319138852e-02 1.503741750184466909e-02
8.647501393889029941e-01 5.958261670693790896e-02 6.411431701852896015e-02 1.155292688563033798e-02
8.617061981859907016e-01 7.327713706459856868e-02 5.610132995843659931e-02 8.915334790973977741e-03
9.599766985786947759e-03 5.327165959683148946e-03 9.074931590302725004e-01 7.757990802425759891e-02
7.320389421984795086e-02 7.763085765178377728e-02 7.819113088436767389e-02 7.709741172440006673e-01
4.950550472786711259e-02 6.795812674728914093e-02 7.530445189878083589e-02 8.072319166260629730e-01
3.416408250882068537e-02 5.830838559679782374e-02 7.270994935087964073e-02 8.348175825435020236e-01
2.415060148881848640e-02 4.843831266756286336e-02 7.039327894297464638e-02 8.570178069006439969e-01
1.729848555264103943e-02 3.864342548680733958e-02 6.958276493614790059e-02 8.744753240244035331e-01
1.232716566265996613e-02 2.950544079889454163e-02 7.274955892733202256e-02 8.854178346111135633e-01
8.853310598829268810e-03 2.184810236346180698e-02 8.442892331888475488e-02 8.848696637188240288e-01
6.776011442907224971e-03 1.625680523584258422e-02 1.116663302379389544e-01 8.653008530833113943e-01
5.828976638787251863e-03 1.253801696773480454e-02 1.629913718123102706e-01 8.186416345811677875e-01
5.048244724193349728e-03 1.009859986140502000e-02 2.440905255720158817e-01 7.407626298423859446e-01
4.752034924822458664e-03 8.354524498066437377e-03 3.508216405150623718e-01 6.360718000620487755e-01
4.548091963397738954e-03 7.025280241672086923e-03 4.691676965599179683e-01 5.192589312350125441e-01
4.271518403766203821e-03 5.941771072825551350e-03 5.839140993322377016e-01 4.058726111911704626e-01
4.180197912682054144e-03 5.096640245197694118e-03 6.849381390598100472e-01 3.057850227823102895e-01
3.784777742740606018e-03 4.478628130232817708e-03 7.642286761038585841e-01 2.275079180231681097e-01
3.841569692554652488e-03 4.168045153722879474e-03 8.166701886987313141e-01 1.753201964549911396e-01
4.971179877651104619e-03 3.945593249274598202e-03 8.481472003349319611e-01 1.429360265381423301e-01
5.461649388813006809e-03 3.852706743774263979e-03 8.712192313531783583e-01 1.194664125142340383e-01
6.418021979654076059e-03 3.675868313749137452e-03 8.923961899056402913e-01 9.750991980095664868e-02
7.796672599485805766e-03 3.410256025727246253e-03 9.117679892899703820e-01 7.702508208481652352e-02
9.796180245891027843e-03 3.221831282580211921e-03 9.255644805570738542e-01 6.141750791445475810e-02
1.265810642953891542e-02 3.252200439339577101e-03 9.315447869414832383e-01 5.254490618963811310e-02
1.632448344809120724e-02 3.533464624893256547e-03 9.308349273075438024e-01 4.930712461947184960e-02
2.017696486895889652e-02 4.027071852222435973e-03 9.265820066988302850e-01 4.921395657998824807e-02
2.315669506790584212e-02 4.672810978368209696e-03 9.224191959058692936e-01 4.975129804785646814e-02
2.415913346612330939e-02 5.344994024249420661e-03 9.218022928804562310e-01 4.869357962917129218e-02
2.291528948046510361e-02 5.867273358304525045e-03 9.263577596944213566e-01 4.485967746680937646e-02
2.057954409507126506e-02 6.183349809756349090e-03 9.337531593222124782e-01 3.948394677296005600e-02
1.859511349788994447e-02 6.384935360022579026e-03 9.396879320875153319e-01 3.533201905457220710e-02
1.717160006575872352e-02 6.442814598997062721e-03 9.429500709926986746e-01 3.343551434254560945e-02
1.571488851480445925e-02 6.257535453312170620e-03 9.451452513164239067e-01 3.288232471545957797e-02
1.381942814940466564e-02 5.827883206012633016e-03 9.479513271466282198e-01 3.240136149795439652e-02
1.161305801982458717e-02 5.223983225324975443e-03 9.515858664050345084e-01 3.157709234981585095e-02
9.424049486348694271e-03 4.537281806731691645e-03 9.551500121893553574e-01 3.088865651756442926e-02
7.448710441041146192e-03 3.854273923283738166e-03 9.579572390897325151e-01 3.073977654594267986e-02
5.794922219756661746e-03 3.262771036289489456e-03 9.598166295974351891e-01 3.112567714651875289e-02
4.440963474851069952e-03 2.804607335174016773e-03 9.609548505863700907e-01 3.179957860360480004e-02
3.327098973752758235e-03 2.478724302285283034e-03 9.617315004359670016e-01 3.246267628799491545e-02
2.480180472707365670e-03 2.317884677207073495e-03 9.619381558023516465e-01 3.326377904773359512e-02
1.915652599428864294e-03 2.382467262383517349e-03 9.606831011807261955e-01 3.501877895746157571e-02
1.629087112381284383e-03 2.795408178980439938e-03 9.562352833509754069e-01 3.934022135766286621e-02
1.611899613659894788e-03 3.837172669665977857e-03 9.462055881645037303e-01 4.834533955217036605e-02
1.827602896924973965e-03 6.068769329664369487e-03 9.299443327492693534e-01 6.215929502414142827e-02
2.789228942324597192e-03 1.127962457348375032e-02 9.105166094672381139e-01 7.541453701695358114e-02
3.946427454703531519e-03 2.257924125665846174e-02 8.910725401756467434e-01 8.240179111299100745e-02
6.237240401633477142e-03 4.947055428098379865e-02 8.577565528280777229e-01 8.653565248930508713e-02
1.001334986183381390e-02 1.063783214878552541e-01 7.888310070594339862e-01 9.477732159087717823e-02
1.471322559945700825e-02 1.963343946901301706e-01 6.832153689476119229e-01 1.057370107628010092e-01
1.959599761552549210e-02 2.944526222861418296e-01 5.682915906136941642e-01 1.176597894846384551e-01
2.428241305286307772e-02 3.686684559987257193e-01 4.716712349753878764e-01 1.353778959730235210e-01
2.841705711392690514e-02 4.056598350525408847e-01 4.009013927330345450e-01 1.650217151004972904e-01
3.117187985420822455e-02 4.125717938684579922e-01 3.470893573418460942e-01 2.091669689354877792e-01
3.425516319576092650e-02 3.967442900935095884e-01 3.049240733111099888e-01 2.640764733996194824e-01
3.666238179410755832e-02 3.775962733104449298e-01 2.648684845811059008e-01 3.208728603143418678e-01
3.942684971094848057e-02 3.644207514493499889e-01 2.286184620309309745e-01 3.675339368087705005e-01
4.314294906406924979e-02 3.639245247627792557e-01 1.973882564160728825e-01 3.955442697570785704e-01
4.840594082392318809e-02 3.746962863647058661e-01 1.710597521829095580e-01 4.058380206284615266e-01
5.547484092420954666e-02 3.854858072674931524e-01 1.508039523767212842e-01 4.082353994315758849e-01
6.313777300055008201e-02 3.847956849425006043e-01 1.389710693715653922e-01 4.130954726853838799e-01
6.878763871540607977e-02 3.718795750500462627e-01 1.353961137095287814e-01 4.239366725250187096e-01
7.210946577283286474e-02 3.540878707688542848e-01 1.392333507142940185e-01 4.345693127440188874e-01
7.666381980009917552e-02 3.374675467410315766e-01 1.524598193135822122e-01 4.334088141452872023e-01
8.623689758594360599e-02 3.260302071981470706e-01 1.761029324386006456e-01 4.116299627773086223e-01
1.028819538270913658e-01 3.221627981577894206e-01 2.067200506797044757e-01 3.682351973354148211e-01
1.271826956836275557e-01 3.249659230013556277e-01 2.377618254799057362e-01 3.100895558351109416e-01
1.565988013422139891e-01 3.392919279849178071e-01 2.564937961082809359e-01 2.476154745645870181e-01
1.851833741981252779e-01 3.638126777680004698e-01 2.624362110330608622e-01 1.885677370008136677e-01
2.061213509273177313e-01 3.980509686611708453e-01 2.590186948861508132e-01 1.368089855253608600e-01
2.134479464341612065e-01 4.396252329064431197e-01 2.521176341931031795e-01 9.480918646629241109e-02
2.057092250183110704e-01 4.826841995671287133e-01 2.474533535413785956e-01 6.415322187318174552e-02
1.910045071742909883e-01 5.137045317485327001e-01 2.505544362274096937e-01 4.473652484976680527e-02
2.245808028171307914e-03 4.169052766252967501e-02 3.989246990643484890e-03 9.520744173186553860e-01
5.946827107502626886e-01 9.441286843980017940e-02 1.854107231138945600e-01 1.254936976960422668e-01
4.860058742785481889e-01 9.714686042006083488e-02 2.532322401675238255e-01 1.636150251338675532e-01
3.662178193881905908e-01 9.433375652478140361e-02 3.275146782577664784e-01 2.119337458292614440e-01
2.596979374040236932e-01 8.875060937816717233e-02 3.773420873265234121e-01 2.742093658912857501e-01
1.808059163311482032e-01 8.265113112250195571e-02 3.785667925770640485e-01 3.579761599692858898e-01
1.272162515508648284e-01 7.587211575715145651e-02 3.354360013334350965e-01 4.614756313585485215e-01
9.072653961939666778e-02 6.774633300785248835e-02 2.727535386454060795e-01 5.687735887273448476e-01
6.561818058476787119e-02 5.898973764481477838e-02 2.103959138929838990e-01 6.649961678774339857e-01
4.845995448786314524e-02 5.114051688235861370e-02 1.566225109998501119e-01 7.437770176299282054e-01
3.709125101631052801e-02 4.549386923402864297e-02 1.152453102499647886e-01 8.021695694996962001e-01
2.968106476343372949e-02 4.244259857462109875e-02 8.700274495168519584e-02 8.408735917102598822e-01
2.448804978523289391e-02 4.132423964198169569e-02 6.978265654946592955e-02 8.644050540233196855e-01
2.038528182754687640e-02 4.096206781884335207e-02 6.082995726623909721e-02 8.778226930873708200e-01
1.685289793435551520e-02 4.027079252900285511e-02 5.746857457006832037e-02 8.854077349665733232e-01
1.358159734267287005e-02 3.878197779122109778e-02 5.701429395712428322e-02 8.906221309089819016e-01
1.034077084897601015e-02 3.663362903187673825e-02 5.636066210865873366e-02 8.966649380104885214e-01
7.389882403353438718e-03 3.433846177204014777e-02 5.411090800055071148e-02 9.041607478240554219e-01
5.104869197127676755e-03 3.211977204013476833e-02 5.189753082888892005e-02 9.108778279338486383e-01
3.462019235795887363e-03 2.930680855924254480e-02 5.225622166742442676e-02 9.149749505375371905e-01
2.283890772103238341e-03 2.515393659484246869e-02 5.775417843411297103e-02 9.148079941989415431e-01
1.512483308166583627e-03 2.020322331241484679e-02 7.311386520551167723e-02 9.051704281739065827e-01
1.134682267365016116e-03 1.580620078834661657e-02 1.067923998214910242e-01 8.762667171227974672e-01
1.114331757383296793e-03 1.255596282115721898e-02 1.723754790830653028e-01 8.139542263383940934e-01
1.389165276843710214e-03 1.020903167571036128e-02 2.889740019190085163e-01 6.994278011284372765e-01
9.877184868777488976e-04 8.047450467058370541e-03 4.649755542898325600e-01 5.259892767562311944e-01
1.226828191207807520e-03 5.916396357775651968e-03 6.589032302410446906e-01 3.339535452099717805e-01
1.037413465188251468e-03 4.196371460926001315e-03 8.015872112280718609e-01 1.931790038458140457e-01
1.104521060497688258e-03 3.259143089835662283e-03 8.736712595079838550e-01 1.219650763416827433e-01
1.711740806171045508e-03 2.875924378800980789e-03 8.977629519674880099e-01 9.764938284753996167e-02
2.346113951046372229e-03 3.116319229174908424e-03 8.922419936320794553e-01 1.022955731876992180e-01
3.793486171150976197e-03 3.784203872340314873e-03 8.650437705758594609e-01 1.273785393806490807e-01
5.478987915574779453e-03 4.821395633857065814e-03 8.289644465037337984e-01 1.607351699468343165e-01
8.991591748966489689e-03 5.161790681166412639e-03 8.028088337183373335e-01 1.830377838515298006e-01
1.186526150714121465e-02 5.102666215827588066e-03 8.002923742993800493e-01 1.827396979776511332e-01
1.611358943887799058e-02 5.047688176453642324e-03 8.143341141986716325e-01 1.645046081859966591e-01
2.130087056566026468e-02 4.864647636845255071e-03 8.300292018276970163e-01 1.438052799697975281e-01
2.695613595492216477e-02 4.958205878774636644e-03 8.368005617058920098e-01 1.312850964604110882e-01
3.216123418047855953e-02 5.359888342618229946e-03 8.346762417093671615e-01 1.278026357675361713e-01
3.657878730177310106e-02 6.050597472660720032e-03 8.272514840532109170e-01 1.301191311723551569e-01
4.054644341736249324e-02 6.967259068460863666e-03 8.183766203777604886e-01 1.341096771364165274e-01
4.452135786378987742e-02 8.019865993634956586e-03 8.108913433694617812e-01 1.365674327731132565e-01
4.802054087407124638e-02 9.032779193438698548e-03 8.060179133064909740e-01 1.369287666259992320e-01
4.988321615010275767e-02 9.780805436497714764e-03 8.051927312367902489e-01 1.351432471766094712e-01
4.917537938778280410e-02 1.012347091340405798e-02 8.112838028253612777e-01 1.294173468734522714e-01
4.473450227656953354e-02 9.838926812309672226e-03 8.274429686213375934e-01 1.179836022897831904e-01
3.957974705189815784e-02 9.967867486192889814e-03 8.481096538783340355e-01 1.023427315835748475e-01
3.547396528340868160e-02 1.121517578981915536e-02 8.645599406441576429e-01 8.875091828261465199e-02
3.514398556512136895e-02 1.548469761949837833e-02 8.645725361540054221e-01 8.479878066137491732e-02
4.034742889956637740e-02 2.641101178707454950e-02 8.372143109561246410e-01 9.602724835723430719e-02
5.401890020716426655e-02 4.889837712764660144e-02 7.699617536957331643e-01 1.271209689694562384e-01
7.585740301554165510e-02 8.979413132287258903e-02 6.550288275822466755e-01 1.793196380793388167e-01
1.070311556461900349e-01 1.478791444352155482e-01 5.061483130234925021e-01 2.389413868951021924e-01
1.450450925265850954e-01 2.097661186237221032e-01 3.627626597208045700e-01 2.824261291288885367e-01
1.841406785284861458e-01 2.577921385841605573e-01 2.531475046066323231e-01 3.049196782807209183e-01
2.156725082172399055e-01 2.851193487248686598e-01 1.783711707686088388e-01 3.208369722892826514e-01
2.309186836036235813e-01 2.953784503092325986e-01 1.305407380715548071e-01 3.431621280155892073e-01
2.342633188446854864e-01 2.931047890467222694e-01 9.998063847854722630e-02 3.726512536300447542e-01
2.309177601166471083e-01 2.843715855397112580e-01 8.169944005959142719e-02 4.030112142840503453e-01
2.291741246118894904e-01 2.745926926566125692e-01 7.084088432670983260e-02 4.253922984047875944e-01
2.336215992073458203e-01 2.671319388127923466e-01 6.518609589944190930e-02 4.340603660804198682e-01
2.437395168761376796e-01 2.622562993559802713e-01 6.350167452296195947e-02 4.305025092449198953e-01
2.559267179286132676e-01 2.576058105361126449e-01 6.467747234056339667e-02 4.217899991947106630e-01
2.673033305185708586e-01 2.515810784076457640e-01 6.760976319735249873e-02 4.135058278764308093e-01
2.762107498823235807e-01 2.469776401356959805e-01 7.171179699404911512e-02 4.050998129879316290e-01
2.812089096730873150e-01 2.480113235839025709e-01 7.805237953853119692e-02 3.927273872044790837e-01
2.810672863142183453e-01 2.542637689636400578e-01 8.817302823959757840e-02 3.764959164825441018e-01
2.747325582347797668e-01 2.608325548056376064e-01 1.020935625725899465e-01 3.623413243869929024e-01
2.613814538950645083e-01 2.652423332877816287e-01 1.189784645965231424e-01 3.543977482206311369e-01
2.450380973711019927e-01 2.685068772040621887e-01 1.353949082468928478e-01 3.510601171779426655e-01
2.263203818273495094e-01 2.758888216800370885e-01 1.487873697572903164e-01 3.490034267353231967e-01
2.078308142426913974e-01 2.909037988138649111e-01 1.562554738441697677e-01 3.450099130992741459e-01
1.145617418196573541e-03 1.834388209027620550e-02 3.804304358332042946e-01 6.000800646583228648e-01
1.197625180476183382e-01 1.819833183908994567e-01 6.529830416699800022e-02 6.329558593944843992e-01
6.961061650090520636e-02 1.352968032591399250e-01 6.721342775217714616e-02 7.278791524877777919e-01
3.747588385760052682e-02 8.750041926729569541e-02 6.941677052717822038e-02 8.056069263479257447e-01
1.913415501466987981e-02 5.074806753059300096e-02 8.069951805744851603e-02 8.494182593972885442e-01
1.017253466518751315e-02 2.824054764990717795e-02 1.135012004630946841e-01 8.480857172218106976e-01
6.361329499867537755e-03 1.608747310461595276e-02 1.767494171590842378e-01 8.008017802364325588e-01
4.015559893636639656e-03 9.366564386415178467e-03 2.697986948647677075e-01 7.168191808551807043e-01
2.636619504039426284e-03 5.268807513982675349e-03 3.726742579202150796e-01 6.194203150617633158e-01
1.717587576174688276e-03 2.856254998092270202e-03 4.563825647398690455e-01 5.390435926858641036e-01
1.133946765637941978e-03 1.582739542151154590e-03 5.014570798452162581e-01 4.958262338469949237e-01
8.063043329567449492e-04 9.865018893566294446e-04 5.026227544621466592e-01 4.955844393155399707e-01
6.474013792264412962e-04 7.440382587190088161e-04 4.652310321842838547e-01 5.333775281777705102e-01
5.678332494280137347e-04 6.748122467118745655e-04 3.957865119304212476e-01 6.029708425734381372e-01
5.079070495080205546e-04 6.891248651316291473e-04 2.986259191240536182e-01 7.001770489613065029e-01
4.456066405014296470e-04 7.379946913384570310e-04 1.899858495315465412e-01 8.088305491366135636e-01
6.996764005104627810e-04 8.234990344416039717e-04 1.014171842417682934e-01 8.970596403232795613e-01
3.855737891354229716e-04 8.348130374166409708e-04 4.868630102887639560e-02 9.500933121445717111e-01
3.376784065029135801e-04 5.287028945887567314e-04 2.304576042228685673e-02 9.760878582766214784e-01
1.451463163009077161e-04 4.219057865813825815e-04 1.152545554611498178e-02 9.879074923510027251e-01
9.529334923454126679e-05 4.962616091603579095e-04 6.282395933228897451e-03 9.931260491083763187e-01
7.921173636566351112e-05 6.442228273785094135e-04 3.811674956304828867e-03 9.954648904799509035e-01
7.492189560409602198e-05 8.311464869095333639e-04 2.622932782459556477e-03 9.964709988350269887e-01
7.959382081152482284e-05 1.028459233178130464e-03 2.051034867467311281e-03 9.968409120785433064e-01
9.684884622979793723e-05 1.198839426795828217e-03 1.837180140088517715e-03 9.968671315868856686e-01
1.361810039351649408e-04 1.330506000556095714e-03 1.949780275979898789e-03 9.965835327195290416e-01
2.113629341715301299e-04 1.461731433628236151e-03 2.481503367825899434e-03 9.958454022643744574e-01
3.318681635882741402e-04 1.601063895997195717e-03 3.579325628460589079e-03 9.944877423119539150e-01
4.971481193896372733e-04 1.699423046582689131e-03 5.470850048053413003e-03 9.923325787859740288e-01
1.400727320467107326e-03 2.888066628542358249e-03 8.553049171916723981e-03 9.871581568790736005e-01
1.734343289059811413e-03 3.075761458064306311e-03 1.358384624275285786e-02 9.816060490101231606e-01
2.002240467841565150e-03 3.149350645206822411e-03 2.171691820155817118e-02 9.731314906853936186e-01
2.316489397689982643e-03 3.283252725445582037e-03 3.651244367790811712e-02 9.578878141989561890e-01
2.946138146373367475e-03 3.683166815258683783e-03 6.733878965622974722e-02 9.260319053821383095e-01
4.283709547287836705e-03 4.488969538431410340e-03 1.335438590909835410e-01 8.576834618232970220e-01
6.563729388599524005e-03 5.704904146099492104e-03 2.566318619370713816e-01 7.310995045282296934e-01
9.293589961648477532e-03 7.092089358975417306e-03 4.230074686559867070e-01 5.606068520233893349e-01
1.229776489369928220e-02 8.512152660471219642e-03 5.760829132302837108e-01 4.031071692155456243e-01
1.639658872498801073e-02 1.022153261637484371e-02 6.812027914646526794e-01 2.921790871939845546e-01
2.211988326967715898e-02 1.246995766562389828e-02 7.399301438586532997e-01 2.254800152060456309e-01
3.030880430133373049e-02 1.546509141166383869e-02 7.593257624197017330e-01 1.949003418673005139e-01
4.254702517049820804e-02 1.922526756312607429e-02 7.428068429837145770e-01 1.954208642826609221e-01
6.007126537103352204e-02 2.323374697764533925e-02 6.918589251762500281e-01 2.248360624750708470e-01
8.228852124429630877e-02 2.628817326379521632e-02 6.084051034077803122e-01 2.830182020841284229e-01
1.054040260693326625e-01 2.697596051678738394e-02 5.005908151988475163e-01 3.670291982150324372e-01
1.236908313145446275e-01 2.496433451832445402e-02 3.892375079288544759e-01 4.621073262382766056e-01
1.352621081562873084e-01 2.169451427812795624e-02 3.001539001135417606e-01 5.428894774520428568e-01
1.411463415361658424e-01 1.864794779167218766e-02 2.428286939630434349e-01 5.973770167091178029e-01
1.442704178328256814e-01 1.679568446099700962e-02 2.074703742207868462e-01 6.314635234853904766e-01
1.424518241649318506e-01 1.566430247434128301e-02 1.843769620000442477e-01 6.575069113606829552e-01
1.364949657203637090e-01 1.528048173587732289e-02 1.629936470283517014e-01 6.852309055154074402e-01
1.256981670583104671e-01 1.509431865383342210e-02 1.392995283862062117e-01 7.199079859016500604e-01
1.143697458208281226e-01 1.552960585542208227e-02 1.128197870772410516e-01 7.572808612465087297e-01
1.060499830431888418e-01 1.685979418436547167e-02 8.701502798554781870e-02 7.900751947868980274e-01
1.036730563177895720e-01 1.960272931599182922e-02 6.479073568408669215e-02 8.119334786821319483e-01
1.090975688550451517e-01 2.464907166201196764e-02 4.842538094371470758e-02 8.178279785392280621e-01
1.233591095277395411e-01 3.309623660947048213e-02 3.880677077469429914e-02 8.047378830880955736e-01
1.484680526259739841e-01 4.619460458873034248e-02 3.518264272056378233e-02 7.701547000647318564e-01
1.863302863992241931e-01 6.510298759600023633e-02 3.587497052480219384e-02 7.126917554799733212e-01
2.370227054042119419e-01 9.047000646279369784e-02 3.920991953450945339e-02 6.332973685984850665e-01
2.972729654918699338e-01 1.214883963971618158e-01 4.354705594607863328e-02 5.376915821648896587e-01
3.575432319662101288e-01 1.548868936994326762e-01 4.750527610552369995e-02 4.400645982288337033e-01
4.070864402880982613e-01 1.895545895316666229e-01 4.920305962595760557e-02 3.541559105542777530e-01
4.433630565057692374e-01 2.236833862374987270e-01 4.799210470486539593e-02 2.849614525518661123e-01
4.641136476146200396e-01 2.586488733419283759e-01 4.435214788696548172e-02 2.328853311564859918e-01
4.668852971607106439e-01 2.979932497933275304e-01 3.946315186164943423e-02 1.956583011843116837e-01
4.493064631653452823e-01 3.472786788172261274e-01 3.448895716349711926e-02 1.689259008539314988e-01
4.152388079425773926e-01 4.056869401033207367e-01 3.001072409684825762e-02 1.490635278572540190e-01
3.727644640347145821e-01 4.665591939588406012e-01 2.655568384977635005e-02 1.341206581566681821e-01
3.307075708925358848e-01 5.228152962078821409e-01 2.421515249745260709e-02 1.222619804021290169e-01
2.926598673687149099e-01 5.728127861242648944e-01 2.262028775408786094e-02 1.119070587529324839e-01
2.571235527277955235e-01 6.188046598567287226e-01 2.131074429546989460e-02 1.027610431200060570e-01
2.579413829922894488e-02 9.715497229154547165e-01 2.250079109567212823e-03 4.060596757493372473e-04
2.117590900338381724e-02 9.758366128498013881e-01 2.595064020331994126e-03 3.924141264827163910e-04
1.762878038014613694e-02 9.788231736581666231e-01 3.153319187838602659e-03 3.947267738486264833e-04
1.527474394600396475e-02 9.801736530459392860e-01 4.136775781814000345e-03 4.148272262426484129e-04
1.407899679472838714e-02 9.794699717983943454e-01 5.993712053964635710e-03 4.573193529123675458e-04
1.379166685483098308e-02 9.761277667255060519e-01 9.553242519727696627e-03 5.273238999354520114e-04
1.395194656825460636e-02 9.695681456228095740e-01 1.585088866599863172e-02 6.290191429372503362e-04
1.419206761546922338e-02 9.599216740123093228e-01 2.511536515010175455e-02 7.708932221197808271e-04
1.464623870215379584e-02 9.491934789820833940e-01 3.518898360944434228e-02 9.712987063186533012e-04
1.579860519617314399e-02 9.412994614624561329e-01 4.162744345381418076e-02 1.274489887556808825e-03
1.856485990609746742e-02 9.372250755355122642e-01 4.239261109795026961e-02 1.817453460439879924e-03
2.326934784165871767e-02 9.331698212339972764e-01 4.065784376008837325e-02 2.902987164255990422e-03
3.325910616737547121e-02 9.207049790979483506e-01 4.080858587183235076e-02 5.227328862844219520e-03
4.969604131640975586e-02 8.972645735183825133e-01 4.351525296605513599e-02 9.524132199152740563e-03
7.318080620929727498e-02 8.637464634634989258e-01 4.719901728393388618e-02 1.587371304326993735e-02
1.031545363173378554e-01 8.236069884451113765e-01 5.002274116279017968e-02 2.321573407476058143e-02
1.404753060768628992e-01 7.773992039310797519e-01 5.159969158432037989e-02 3.052579840773711126e-02
1.859690403185224883e-01 7.245681297890467221e-01 5.187227223830908479e-02 3.759055765412158689e-02
2.346800488471215973e-01 6.717857725288097770e-01 4.929089352441330674e-02 4.424328509965513162e-02
2.727193969792642281e-01 6.324423909019817325e-01 4.426879364933757749e-02 5.056941846941662155e-02
2.955137955797113580e-01 6.098774197138615571e-01 3.790770208784211004e-02 5.670108261858512744e-02
3.007277102883613717e-01 6.056999275538831329e-01 3.143564505113322777e-02 6.213671710662215658e-02
2.903587031501818072e-01 6.176347772651546997e-01 2.577957040776475070e-02 6.622694917689890548e-02
3.626437099420199983e-01 6.948402883179082001e-02 1.208059581826883833e-01 4.470663030435009788e-01
2.366805423434840683e-01 6.086793869411697561e-02 1.369098202782810803e-01 5.655416986841181881e-01
1.330694526514844267e-01 4.720820707471969080e-02 1.566136271734789587e-01 6.631087131003173818e-01
6.681200768444596483e-02 3.312938538138231886e-02 1.904310624701909538e-01 7.096275444639810193e-01
3.298727538940018217e-02 2.275638481421488404e-02 2.557533292751649756e-01 6.885030105212199825e-01
1.773754088032373014e-02 1.657137042837050073e-02 3.753410293591379898e-01 5.903500593321676648e-01
1.001754122460606945e-02 1.262343051040658477e-02 5.541820275221153169e-01 4.231770007428715674e-01
5.459262387471186528e-03 9.539078660673085130e-03 7.401402864186910069e-01 2.448613725331645341e-01
3.342726314652829690e-03 6.745470088915808682e-03 8.680304110650322036e-01 1.218813925313992352e-01
1.666288754203702240e-03 5.394859138144166358e-03 9.339739983487378439e-01 5.896485375891427627e-02
1.051507938144213708e-03 4.461650545457814497e-03 9.639431183840861950e-01 3.054372313231190628e-02
7.961198537117096952e-04 3.790315036680521731e-03 9.774402748511152872e-01 1.797329025849243866e-02
7.151487178654116232e-04 3.383508571022359086e-03 9.836033466613648413e-01 1.229799604974741133e-02
7.545362291302905745e-04 3.234041647135520951e-03 9.863383098099111068e-01 9.673112313822992969e-03
9.215655713375154419e-04 3.340689405889358567e-03 9.871774426611904518e-01 8.560302361582984576e-03
1.290448776152976771e-03 3.742498734691314215e-03 9.865614691137645220e-01 8.405583375391214099e-03
2.000741998068454163e-03 4.519289688211707359e-03 9.845312093697056177e-01 8.948758944014079814e-03
3.300236236498888844e-03 5.849880667156799434e-03 9.807219392724374485e-01 1.012794382390678864e-02
6.418830013697214738e-03 7.711447967924245708e-03 9.735916086436249284e-01 1.227811337475356521e-02
1.139054249245612799e-02 1.125831660440497310e-02 9.614722993295893305e-01 1.587884157354976788e-02
2.085760601785166535e-02 1.669870146201398245e-02 9.408481023027208678e-01 2.159559021741304721e-02
3.736160281351249418e-02 2.372750991070557772e-02 9.093869370076850256e-01 2.952395026809684700e-02
6.264882051869435919e-02 3.135114066375020714e-02 8.668978237616520310e-01 3.910221505590329161e-02
9.659554759540429913e-02 3.892407718497555708e-02 8.146765816268128901e-01 4.980379359280709406e-02
1.368055341155054172e-01 4.680523307414473366e-02 7.546680415637534445e-01 6.172119124659620343e-02
1.779163693833289428e-01 5.591540595162552280e-02 6.912204303126495697e-01 7.494779435239602716e-02
2.108153152632228633e-01 6.658499320888866535e-02 6.339029080536066063e-01 8.869678347428215648e-02
2.267724385985088464e-01 7.803982621113469964e-02 5.935260402559817683e-01 1.016616949343747550e-01
2.227445207887220335e-01 8.751797929214909233e-02 5.784525864642511284e-01 1.112849134548778290e-01
2.021107115280341426e-01 9.114107809750907063e-02 5.929522317272784004e-01 1.137959786471782336e-01
1.707816561235014075e-01 8.716585921443541218e-02 6.351061592319722227e-01 1.069463254300909022e-01
1.349417667814730437e-01 7.722368846302582468e-02 6.950979351533980166e-01 9.273660960210251825e-02
1.011968783334963318e-01 6.480608282669053644e-02 7.574389114186675931e-01 7.655812742114576075e-02
7.418540125207317981e-02 5.309001173125487555e-02 8.101396127319447915e-01 6.258497428472711843e-02
5.494076199239909114e-02 4.395093805723729319e-02 8.495207053170708011e-01 5.158759463329255085e-02
4.258123694716004631e-02 3.818430771919583550e-02 8.764350549502831766e-01 4.279940038336078195e-02
3.561024715886874220e-02 3.600186699353098707e-02 8.925315958671135030e-01 3.585628998048676075e-02
3.254101421631487578e-02 3.737984115789143302e-02 8.991769893930083857e-01 3.090215523278548593e-02
3.183379059314446480e-02 4.208766924002758231e-02 8.982191745309361375e-01 2.785936563589191256e-02
3.192134255395769060e-02 4.940326148412184371e-02 8.923975409728812647e-01 2.627785498903933287e-02
3.186414929256287804e-02 5.828348779918116063e-02 8.840739239676255190e-01 2.577843894063044233e-02
3.164797208858010497e-02 6.764950327286807508e-02 8.747397677489470169e-01 2.596275688960498346e-02
3.179093313791634540e-02 7.706202119793313654e-02 8.648023295113916875e-01 2.634471615275887912e-02
3.298124283690776620e-02 8.849170872838781066e-02 8.515073346232188145e-01 2.701971381148564680e-02
3.613505250643107847e-02 1.071875380340080175e-01 8.277003369404827282e-01 2.897707251907799542e-02
4.240320657867627241e-02 1.400812176434022838e-01 7.839861114152109067e-01 3.352946436271051628e-02
5.320690192246187861e-02 1.924554355814181439e-01 7.122233982794591300e-01 4.211426421666095848e-02
6.931090562156269619e-02 2.619832503084880138e-01 6.129113110896862171e-01 5.579453298026332275e-02
8.889009442704104424e-02 3.373432582965963933e-01 4.995147600773962027e-01 7.425188719896652634e-02
1.076375074858236386e-01 4.073550075641574897e-01 3.895152861157306634e-01 9.549219883428861078e-02
1.218556510029714102e-01 4.676223028854956110e-01 2.941257618821475073e-01 1.163962842293857491e-01
1.305664565589033377e-01 5.186313001098783459e-01 2.172091790213510065e-01 1.335930643098671433e-01
1.350321933519408879e-01 5.615672346694646766e-01 1.581610935964614661e-01 1.452394783821328861e-01
1.379833741343922393e-01 5.950757487705021775e-01 1.146928254131743263e-01 1.522480516819312013e-01
1.418872971961243901e-01 6.167859229494382367e-01 8.466536848906362767e-02 1.566614113653738150e-01
1.474017237187087159e-01 6.268402796827380330e-01 6.553554856769641668e-02 1.602224480308568622e-01
1.528274335815597018e-01 6.272851422921278397e-01 5.381361058578326001e-02 1.660738135405292470e-01
1.556633317537876871e-01 6.188723071869450809e-01 4.671894921260339589e-02 1.787454118466640929e-01
1.554056847759443805e-01 6.011698107011160808e-01 4.299864753008811324e-02 2.004258569928511757e-01
1.543425792659860463e-01 5.754909974551025709e-01 4.198131887645870086e-02 2.281851044024526265e-01
1.546540436481812220e-01 5.479623280760358428e-01 4.277630884413172879e-02 2.546073194316509913e-01
1.540596108284493782e-01 5.331981373770445787e-01 4.417251098493795575e-02 2.685697408095681915e-01
1.561348401759177218e-01 5.393503390650217222e-01 4.550768788831333067e-02 2.590071328707473364e-01
1.625238745361481385e-01 5.648872820929664584e-01 4.739446484306698848e-02 2.251943785278185117e-01
1.795131416011228609e-01 5.907397125484572520e-01 5.042816007443388926e-02 1.793189857759864003e-01
2.097990015216055215e-01 5.990346116494699169e-01 5.495992227257934931e-02 1.362064645563450804e-01
2.557529146676593146e-01 5.779953982554695280e-01 6.237488265100345902e-02 1.038768044258676082e-01
3.188768478044670118e-01 5.259810308243716426e-01 7.323574055187663523e-02 8.190638081928489078e-02
3.977108842534034516e-01 4.510338826077134877e-01 8.501298212802672893e-02 6.624225101085626233e-02
4.885619047118600622e-01 3.639297921055699159e-01 9.369564024635168575e-02 5.381266293621801700e-02
5.873587702030003133e-01 2.735056137186293590e-01 9.620432040913309835e-02 4.293129566923688245e-02
6.797810985204201240e-01 1.950741898291578069e-01 9.242497899088769620e-02 3.271973265953424109e-02
7.593250537535228828e-01 1.342793231120267550e-01 8.287615751655270924e-02 2.351946561789743789e-02
8.225113919466309209e-01 9.188631442296169016e-02 6.948787297880014424e-02 1.611442065160695325e-02
8.708281199761104263e-01 6.381911163394855813e-02 5.469498050221269225e-02 1.065778788772844821e-02
9.075070592587798357e-01 4.527240344119726895e-02 4.042090545529636314e-02 6.799631844726481029e-03
9.349992401465837544e-01 3.267121616632681635e-02 2.809777726336000134e-02 4.231766423729146041e-03
9.546217571116762945e-01 2.404909062406036455e-02 1.866274124016139430e-02 2.666411024102086687e-03
9.695586804487392740e-01 1.687843901965482146e-02 1.185041866271916572e-02 1.712461868886841140e-03
9.783849686275968294e-01 1.347453766201270678e-02 7.019171550914656173e-03 1.121322159475996328e-03
9.843353552676190610e-01 1.110895750431561448e-02 3.805072155386382635e-03 7.506150726790871905e-04
9.877639268089961622e-01 9.760277733898753763e-03 1.933345907920650496e-03 5.424495491844623070e-04
9.888418651074057930e-01 9.691437676964174616e-03 1.005036884574838675e-03 4.616603310552203142e-04
9.875036759115691787e-01 1.140271933761024398e-02 6.014043255269366142e-04 4.922004252935184305e-04
9.829859666367846138e-01 1.592766313953478813e-02 4.435520698795421463e-04 6.428181538009705188e-04
9.733202338730132519e-01 2.532296247377616855e-02 4.104047212876993367e-04 9.463989319227917446e-04
9.570063874630506673e-01 4.107181360939035630e-02 4.822996084323930076e-04 1.439499319126536078e-03
9.311455604426862598e-01 6.617742861754995209e-02 5.394935814784775031e-04 2.137517358285148314e-03
8.981974980407696485e-01 9.818690839551687255e-02 6.072658020346872066e-04 3.008327761678649282e-03
