5.717891862531453429e-01 1.837311077717573293e-01 1.848554128612482916e-01 5.962429311384939007e-02
5.786651652941965374e-01 9.196822621744757398e-02 2.489821610636347438e-02 3.044683923819924698e-01
4.129291311147584853e-01 9.675390757533609831e-02 2.384147567315847774e-02 4.664754856367466784e-01
2.539542566430134096e-01 8.964722877161979131e-02 2.057452541140552399e-02 6.358239891739611016e-01
1.366794303635409658e-01 7.335472728482661520e-02 1.632946768466581045e-02 7.736363746669668862e-01
6.728980353024238692e-02 5.328184476339932474e-02 1.226629240009153091e-02 8.671620593062667748e-01
3.147323339545897436e-02 3.588240694293839961e-02 9.164813108238401701e-03 9.234795465533638392e-01
1.430485443599386307e-02 2.286213375806241122e-02 6.990275948251912543e-03 9.558427358576914168e-01
6.506944860153382297e-03 1.401356674926045910e-02 5.651644743999741094e-03 9.738278436465863663e-01
3.222496344342824261e-03 8.701850875989014522e-03 5.398010956089032558e-03 9.826776418235795285e-01
1.912024000491197376e-03 5.908004679042795637e-03 6.701011665670169801e-03 9.854789596547955943e-01
1.382262356227648061e-03 4.435872869345374760e-03 1.016381655456617857e-02 9.840180482198608303e-01
1.172076426517809763e-03 3.429627237765084727e-03 1.615936879636331591e-02 9.792389275393538206e-01
1.120919108586325213e-03 2.584709849871771620e-03 2.409524200802014640e-02 9.721991290335216807e-01
1.050773672234576236e-03 1.521438209395341952e-03 3.272270223934743705e-02 9.647050858790225947e-01
1.383810915154501300e-03 1.350505186485365236e-03 4.152481680146163229e-02 9.557408670968985387e-01
1.858958954080788947e-03 1.401416455046386369e-03 5.271541549757922940e-02 9.440242090932936536e-01
1.624874413385655461e-03 7.268225188231646752e-04 7.017777397608553069e-02 9.274705290917057976e-01
2.050949664241814591e-03 6.166286465387002145e-04 9.491503742772229579e-02 9.024173842614973129e-01
2.813972778087042367e-03 5.804287713916716964e-04 1.263175308120876306e-01 8.702880676384338043e-01
4.151822225523529863e-03 6.018669720076947650e-04 1.633420809876785784e-01 8.319042298147906189e-01
6.295963849332183483e-03 6.654492503906928036e-04 2.046317437300400610e-01 7.884068431702372370e-01
9.326941691645921143e-03 7.490947813621378140e-04 2.468597126871316938e-01 7.430642508398602741e-01
1.335935823139933545e-02 8.470123990644019265e-04 2.851888471921982249e-01 7.006047821773382367e-01
1.875845734744812851e-02 9.699918505644399697e-04 3.119861478050026671e-01 6.682854029969849119e-01
2.602748383972220553e-02 1.135748603034389143e-03 3.191627692201481348e-01 6.536739983370952745e-01
3.556664222932769820e-02 1.376449573640342334e-03 3.042455002023142785e-01 6.588114079947177126e-01
4.732447799396152788e-02 1.741224808970435979e-03 2.753862702712709387e-01 6.755480269257970738e-01
5.980370046251164834e-02 2.250509195986900683e-03 2.440703573730556852e-01 6.938754329684457822e-01
6.991241492697368443e-02 2.839896744459993825e-03 2.138099299939629772e-01 7.134377583346033225e-01
7.654344636620157016e-02 3.467113191420237699e-03 1.846433428910675967e-01 7.353460975513105291e-01
8.021117451705572776e-02 4.127526076420165620e-03 1.571099604004089767e-01 7.585513390061151551e-01
8.110017141212853831e-02 4.769837560386076813e-03 1.330699844514308117e-01 7.810600065760541222e-01
7.955611148111382813e-02 5.294052053599826446e-03 1.135011141784850325e-01 8.016487222868013962e-01
7.622341591853365461e-02 5.616857192012243184e-03 9.770845032032812738e-02 8.204512765691259757e-01
7.225958491315016829e-02 5.790023402930074767e-03 8.566357460013435121e-02 8.362868170837853832e-01
6.914796829884597984e-02 5.997645408278260391e-03 7.779722715962797408e-02 8.470571591332479722e-01
6.855189597838685922e-02 6.452043544568913588e-03 7.376767514999388320e-02 8.512283853270502521e-01
7.201057806701313679e-02 7.294574580555929569e-03 7.225565236051122164e-02 8.484391949919195541e-01
8.108996226691236875e-02 8.587026762862727189e-03 7.264216725211752879e-02 8.376808437181072486e-01
9.665041466354057365e-02 1.024484871942822270e-02 7.606833158172879306e-02 8.170364050353023933e-01
1.173600932050807566e-01 1.193259689030697242e-02 8.464720595024360916e-02 7.860601039543686497e-01
1.395243362744965909e-01 1.318556504604180037e-02 1.009235260022368214e-01 7.463665726772250597e-01
1.594964124823920470e-01 1.359962919723842548e-02 1.271369731356974675e-01 6.997669851846721745e-01
1.777894402042415056e-01 1.313967129714871916e-02 1.633212749563828781e-01 6.457496135422269301e-01
1.999209777967493606e-01 1.223657728168594735e-02 2.027277755153993888e-01 5.851146694061654108e-01
2.359689872288363299e-01 1.140289973082011035e-02 2.293572802450293269e-01 5.232708327953142780e-01
2.943830243797964652e-01 1.092446068898114339e-02 2.289160410465726769e-01 4.657764738846498220e-01
3.758440822225004307e-01 1.093719036372857445e-02 2.033167040374973256e-01 4.099020233762734056e-01
4.754880307255349159e-01 1.160780684871659529e-02 1.641548151843537640e-01 3.487493472413952800e-01
5.818362267441700153e-01 1.312836073319908863e-02 1.221355217356003137e-01 2.828998907870307611e-01
6.765285390177616653e-01 1.548269586218280203e-02 8.617183426045731121e-02 2.218169308595979994e-01
7.464092582736645554e-01 1.837179642623822801e-02 6.099456816153307759e-02 1.742243771385639795e-01
7.912482152368642829e-01 2.129385670171779835e-02 4.566678144091203262e-02 1.417911466205057647e-01
8.176860078665697529e-01 2.313395292346055385e-02 3.710778108383308571e-02 1.220722581261367290e-01
8.318069712481616085e-01 2.456203118163967358e-02 3.206532099618696063e-02 1.115656765740117989e-01
8.394893689846129048e-01 2.508549547209554254e-02 2.897447140024040843e-02 1.064506641430511824e-01
8.451096420856393232e-01 2.511009183162533909e-02 2.720256628735837762e-02 1.025776997953769254e-01
8.519034143630921374e-01 2.494218635337312404e-02 2.667013624044674291e-02 9.648426304308810320e-02
8.610948586426994122e-01 2.462827279801771060e-02 2.734139563060807368e-02 8.693547292867516429e-02
8.718151715656965450e-01 2.401588171783203274e-02 2.902596914545227044e-02 7.514297757101913444e-02
8.826381949885139244e-01 2.314162088295570671e-02 3.133415453449223120e-02 6.288602959403852277e-02
8.921062973455055056e-01 2.233811446286933580e-02 3.404177254077661585e-02 5.151381565084876130e-02
8.983869924629838133e-01 2.201446701138366074e-02 3.742409383973958892e-02 4.217444668589299950e-02
9.002870743543304188e-01 2.233745908822122248e-02 4.213980732622545772e-02 3.523565923122309873e-02
8.972841482599209773e-01 2.315658340145138744e-02 4.934870968521519463e-02 3.021055865341233659e-02
8.892267909934556958e-01 2.419740995962948310e-02 6.035476635292795489e-02 2.622103269398695299e-02
8.774018505550470470e-01 2.516873358704798183e-02 7.507600887567403292e-02 2.235340698223090006e-02
8.648352967386423451e-01 2.600820283394273888e-02 9.099139596511110484e-02 1.816510446230409914e-02
8.545261644294427361e-01 2.713696943910482579e-02 1.043447583031463233e-01 1.399210782830584941e-02
8.485094468763844100e-01 2.917495910605380147e-02 1.119316148668570710e-01 1.038397915070474187e-02
8.486162016584010148e-01 3.235569393339749605e-02 1.114488990526545653e-01 7.579205355546797182e-03
5.018804955065313267e-03 1.176772620739970597e-02 7.942850243966451673e-01 1.889284444408901031e-01
1.521822398502417628e-01 4.818026364806331924e-02 7.826228147687072645e-02 7.213752150248239348e-01
9.887244163268803232e-02 4.039414725071220624e-02 7.843003112049136416e-02 7.823033799961082169e-01
6.442802725425646193e-02 3.282016778825840725e-02 7.939119178166001434e-02 8.233606131758246516e-01
4.279585823982371556e-02 2.575920651838183029e-02 8.171233309946278334e-02 8.497326021423315945e-01
2.901815819726117837e-02 1.949532880795994128e-02 8.655154804567354032e-02 8.649349649491050451e-01
1.996195594205787266e-02 1.427018431931131696e-02 9.669240176910832985e-02 8.690754579695222359e-01
1.414929414275214320e-02 1.030602780830535033e-02 1.173640877491302498e-01 8.581805902998121960e-01
1.076641207970167879e-02 7.639065493979100251e-03 1.557299732796501857e-01 8.258645491466691801e-01
9.020283134412117321e-03 6.006659205808774667e-03 2.176636686586216340e-01 7.673093890011574159e-01
7.327060369829572171e-03 4.963145045313139062e-03 3.026009270590501177e-01 6.851088675258070193e-01
6.644452261523271265e-03 4.327279407149179670e-03 4.004602369989281319e-01 5.885680313323989887e-01
6.165301026734104281e-03 3.873007234870700505e-03 4.990465352562734047e-01 4.909151564821216396e-01
6.125382057483996258e-03 3.503467289864414282e-03 5.920895450694412254e-01 3.982816055832101854e-01
5.242364558489196955e-03 3.051121500045999788e-03 6.796682261408037995e-01 3.120382878006613403e-01
4.590597511148421413e-03 2.659714183174246259e-03 7.549381386213235290e-01 2.378115496843537235e-01
4.375564489682189084e-03 2.403173326811988697e-03 8.089023467242669740e-01 1.843189154592388967e-01
4.660119187377423366e-03 2.301556770795627586e-03 8.425778901294472822e-01 1.504604339123798429e-01
5.569135286972987271e-03 2.224145886608585882e-03 8.646079420819851036e-01 1.275987767444333176e-01
6.236154877360722965e-03 2.150665995738310771e-03 8.834021140265820859e-01 1.082110651003188179e-01
7.253410291745787317e-03 2.065322544081874250e-03 9.002746771240294210e-01 9.040659004014299505e-02
8.864596967824243251e-03 2.040851531113148896e-03 9.126319644248914731e-01 7.646258707617105410e-02
1.139038023634107721e-02 2.157374127680542451e-03 9.179991274760145314e-01 6.845311815996363292e-02
1.496355570604784510e-02 2.447718576251104762e-03 9.165319147052010118e-01 6.605681101250031328e-02
1.930436932558450558e-02 2.900690470791513018e-03 9.108703319998420200e-01 6.692460820378219599e-02
2.359145664580312995e-02 3.466853558199179362e-03 9.048157750878766947e-01 6.812591470812108529e-02
2.649706884583436298e-02 4.015795664344003375e-03 9.025746845452274902e-01 6.691245094459405407e-02
2.715663624944487584e-02 4.381786535649611833e-03 9.067828106712042535e-01 6.167876654370142014e-02
2.648647076859378738e-02 4.561302597042763904e-03 9.149356971172730724e-01 5.401652951709013523e-02
2.624612082132043306e-02 4.725315462912673369e-03 9.211080092645734796e-01 4.792055445119340618e-02
2.677927784251930843e-02 4.908889648603062365e-03 9.230613524906843281e-01 4.525048001819312327e-02
2.707423070776123972e-02 4.980265474553749808e-03 9.231236699247704625e-01 4.482183389291448383e-02
2.598173286627617276e-02 4.811163330705791122e-03 9.248223347843990139e-01 4.438476901861885399e-02
2.329090102782032518e-02 4.387963115761227793e-03 9.293687786412230256e-01 4.295235721519532340e-02
1.965188285261098775e-02 3.800952044396445958e-03 9.353283920996309231e-01 4.121877300336170002e-02
1.577092895863599700e-02 3.156278009767838656e-03 9.410800362966120769e-01 3.999275673498407097e-02
1.223517218955041952e-02 2.561529081657724308e-03 9.455507945238732503e-01 3.965250420491853861e-02
9.338662155524396491e-03 2.079806991609319412e-03 9.484341997804290880e-01 4.014733107243726590e-02
7.108132068128188499e-03 1.719750436479827033e-03 9.500891562905465770e-01 4.108296120484522529e-02
5.531091833142110122e-03 1.493802724768802503e-03 9.505039769825300855e-01 4.247112845955882537e-02
4.548029825044126208e-03 1.418245880204266514e-03 9.490106608118321629e-01 4.502306348291972710e-02
4.124104566117980583e-03 1.535482580261432559e-03 9.439020788281937691e-01 5.043833402542664823e-02
4.247512498461411198e-03 1.952452309764111851e-03 9.328844874252483210e-01 6.091554776652598896e-02
4.807499866268774395e-03 2.860076594767230283e-03 9.163259783455011132e-01 7.600644519346297368e-02
5.615726135524160174e-03 4.647871228855831455e-03 9.005703575038132014e-01 8.916604513180682867e-02
7.451671622827096310e-03 8.971352055931183442e-03 8.900221586720651334e-01 9.355481764917654430e-02
1.024140752188980839e-02 1.807240064842110042e-02 8.787014490084098517e-01 9.298474282127904000e-02
1.474177186377833258e-02 3.773474806729857495e-02 8.503440908607770021e-01 9.717938920814628290e-02
2.078218061130999300e-02 7.470625274296675833e-02 7.923288900299393367e-01 1.121826766157838912e-01
2.759604704467570960e-02 1.292517972080742539e-01 7.050602888650258082e-01 1.380918668822242734e-01
3.430730112488976358e-02 1.887421942559665833e-01 6.049543978105083042e-01 1.719961068086353351e-01
4.011360512682321522e-02 2.376148037243798194e-01 5.095820352290885147e-01 2.126895559197085062e-01
4.440375043741105060e-02 2.695248392926480330e-01 4.272818222621433404e-01 2.587895880077969446e-01
4.782347045314029599e-02 2.883394900021494234e-01 3.589665696154306640e-01 3.048704699292797415e-01
5.032852143010567436e-02 3.069653156242483916e-01 3.015922676590230278e-01 3.411138952866227814e-01
5.430646043267352285e-02 3.346169726547070233e-01 2.555369764757681739e-01 3.555395904368507942e-01
6.005226731785080763e-02 3.796663966478783236e-01 2.187930296833561217e-01 3.414883063509145944e-01
6.759470557865521201e-02 4.395636689811692199e-01 1.882992007013242763e-01 3.045424247388511807e-01
7.658312470571690400e-02 4.971315338849677801e-01 1.638522210533077117e-01 2.624331203560080206e-01
8.550772563369940515e-02 5.348607969251781835e-01 1.484035133057372557e-01 2.312279641353851833e-01
9.129490915398606743e-02 5.517247680550637634e-01 1.426681518659918824e-01 2.143121709249586337e-01
9.311130566337097458e-02 5.565094610183796142e-01 1.454370157591551860e-01 2.049422175590942252e-01
9.496575956199321267e-02 5.526763327513088964e-01 1.568336746133437987e-01 1.955242330733542588e-01
1.010290093619413132e-01 5.420356902099242591e-01 1.755884082866771279e-01 1.813468921414570501e-01
1.124356366302488863e-01 5.300596918670197333e-01 1.971200654898043192e-01 1.603846060129270057e-01
1.280857956127655073e-01 5.220378515142179987e-01 2.156337638001640244e-01 1.342425890728524418e-01
1.444392927398347459e-01 5.225502497252809686e-01 2.264154391733215754e-01 1.065950183615625574e-01
1.562990367233451361e-01 5.365492841640823185e-01 2.267098214926626665e-01 8.044185761990993444e-02
1.589563684049591363e-01 5.622798664490437082e-01 2.211346859283599420e-01 5.762907921763717189e-02
1.512693738577854385e-01 5.973541016164800599e-01 2.120237596462715701e-01 3.935276487946302859e-02
1.356695085268936063e-01 6.336569626616934681e-01 2.042522844227790679e-01 2.642124438863391669e-02
1.188131933171163862e-01 6.589047586173157889e-01 2.035570533327943354e-01 1.872499473277335416e-02
4.330833899227464487e-04 3.945327109736554254e-03 1.276165644173048999e-03 9.943454238561679759e-01
6.802115503319139389e-01 5.353170449990392321e-02 1.544185107323587658e-01 1.118382344358233582e-01
5.640671668124503935e-01 5.672580152703651790e-02 2.096170182821573968e-01 1.695900133783559971e-01
4.233320303135974516e-01 5.736046892975499301e-02 2.620241312295611968e-01 2.572833695270865806e-01
2.893380728656750334e-01 5.424289763050587493e-02 2.802431260020246118e-01 3.761759035017942510e-01
1.844538819642875249e-01 4.811535493718140100e-02 2.518070782225320658e-01 5.156236848759991886e-01
1.129937932390785299e-01 4.040940563117303985e-02 1.965840809299797542e-01 6.500127201997687454e-01
6.846393612639910253e-02 3.276046472050738595e-02 1.416663942791088759e-01 7.571092048739851421e-01
4.190938659058357496e-02 2.632990215783172910e-02 9.892061968735935129e-02 8.328400915642254487e-01
2.641318112886757372e-02 2.163526739756340550e-02 6.897080583895266737e-02 8.829807456346162597e-01
1.771519023585214556e-02 1.887397074898604366e-02 4.985642919830312464e-02 9.135544098168584259e-01
1.287981039361615725e-02 1.789909875111070706e-02 3.875199703740313251e-02 9.304690938178699078e-01
9.923014112487070840e-03 1.829523417894179244e-02 3.285400838200458473e-02 9.389277433265663664e-01
7.864683467769939887e-03 1.963358830713056100e-02 3.035844418692809285e-02 9.421432840381712692e-01
6.341599245919387999e-03 2.155591246913263898e-02 3.012777486706295915e-02 9.419747134178848569e-01
5.169029563935677134e-03 2.385279184605362812e-02 3.118428624608484204e-02 9.397938923439254078e-01
4.176521121671630116e-03 2.651940655660445928e-02 3.246876926734192786e-02 9.368353030543820070e-01
3.332916835993691811e-03 2.989600917685883083e-02 3.380004699771587545e-02 9.329710269894317953e-01
2.657822297915246514e-03 3.422840554204073515e-02 3.628051068668341345e-02 9.268332614733606478e-01
2.083493417570440962e-03 3.848815660874286421e-02 4.141802890916174845e-02 9.180103210645250700e-01
1.537534377496695918e-03 4.019589137716294419e-02 5.131773967404620190e-02 9.069488345712941602e-01
1.061638262163206890e-03 3.787445174687153332e-02 7.120104440287097769e-02 8.898628655880944649e-01
7.429474048799955110e-04 3.270364273135647343e-02 1.111736496769801796e-01 8.553797601867833000e-01
6.165373069387100266e-04 2.664711160641237628e-02 1.845210587325699647e-01 7.882152923540789446e-01
6.697170699007505643e-04 2.074761285992313825e-02 3.029016491617951279e-01 6.756810209083807806e-01
7.329582361205845900e-04 1.509562242610158582e-02 4.622410420656670182e-01 5.219303772721108903e-01
6.447064464760321337e-04 9.985622462649581393e-03 6.267255627139688423e-01 3.626441083769056939e-01
5.950086029829133351e-04 6.297388485839378394e-03 7.503183540172873034e-01 2.427892488938905025e-01
6.672472266376814308e-04 4.219544264965485736e-03 8.175541392206541191e-01 1.775590692877429821e-01
8.972675869640759630e-04 3.240176472276122717e-03 8.388643384587557428e-01 1.569982174820040433e-01
1.402628961139509075e-03 2.883655505330357145e-03 8.246010980651690137e-01 1.711126174683612888e-01
2.423729216389921073e-03 2.861677434986085317e-03 7.809455937849080209e-01 2.137689995637163110e-01
4.210074474090322837e-03 2.911757469998707114e-03 7.215108553531669466e-01 2.713673127027441123e-01
6.769935799363173239e-03 2.802301947262698066e-03 6.672653265286112578e-01 3.231624357247626644e-01
1.003075166888692769e-02 2.534954869407551013e-03 6.309275243276097900e-01 3.565067691340956801e-01
1.422596635514831488e-02 2.306581233696811725e-03 6.116273670341291213e-01 3.718400853770257863e-01
1.951878718986916131e-02 2.249438703165275010e-03 5.974098236113307703e-01 3.808219504956348311e-01
2.507312705074518644e-02 2.341414677442128431e-03 5.740966807103634606e-01 3.984887775614489591e-01
2.969536591137839771e-02 2.529004470291805560e-03 5.375131618995481197e-01 4.302624677187817381e-01
3.313446585350132700e-02 2.804731126630786130e-03 4.934039339374768351e-01 4.706568690823910717e-01
3.612562953538583227e-02 3.203229562979948829e-03 4.524151200265358330e-01 5.082560208750985797e-01
3.961725796051868143e-02 3.789045594122486451e-03 4.236304961404056546e-01 5.329632003049532551e-01
4.349085164349367899e-02 4.573041882982624429e-03 4.088614711283753422e-01 5.430746353451481045e-01
4.688586648528268730e-02 5.484346235884871718e-03 4.062036108300358106e-01 5.414261764487964257e-01
4.919427747278053847e-02 6.429287573569840604e-03 4.155616205505343608e-01 5.288148144031152853e-01
5.018230803127571305e-02 7.350351594549593345e-03 4.380837019254364417e-01 5.043836384487382363e-01
5.099826330737651514e-02 8.473037096277146948e-03 4.738709979027760921e-01 4.666577016935700151e-01
5.399457917306071941e-02 1.060468157641126542e-02 5.140072918680087533e-01 4.213934473825188820e-01
6.136970661190121329e-02 1.549227520852181766e-02 5.361143823605333258e-01 3.870236358190438097e-01
7.386552919935823747e-02 2.606661226401601680e-02 5.179201376787617717e-01 3.821477208578637486e-01
9.005377392136262871e-02 4.537707143475466082e-02 4.530603678883326491e-01 4.115087867555499712e-01
1.076641974752671482e-01 7.460919490374655350e-02 3.571626159596472672e-01 4.605639916613388229e-01
1.263727431901746356e-01 1.121077242802156343e-01 2.623529372194970954e-01 4.991665953101129261e-01
1.456131029727746051e-01 1.530409071410021582e-01 1.888751153085349022e-01 5.124708745776883623e-01
1.624444248614232145e-01 1.894645210883276198e-01 1.365536414105161245e-01 5.115374126397330690e-01
1.747635874447213689e-01 2.119989124681533055e-01 1.003652574889973281e-01 5.128722425981278032e-01
1.825894836514647679e-01 2.172498643033500265e-01 7.596084386293394664e-02 5.241998081822512034e-01
1.878025748168725140e-01 2.096176559337065703e-01 5.992496691667491965e-02 5.426548023327464332e-01
1.934831586020722138e-01 1.964611674017898990e-01 4.989736196259997314e-02 5.601583120335380528e-01
2.034505658924089244e-01 1.844801667765755548e-01 4.431994601307668452e-02 5.677493213179389819e-01
2.216238774058232053e-01 1.753062483894363421e-01 4.243839556186824319e-02 5.606314786428722163e-01
2.485539143101701820e-01 1.644692269610415758e-01 4.349261735984413790e-02 5.434842413689443541e-01
2.819028405459637066e-01 1.459724136088321744e-01 4.607876356754984221e-02 5.260459822776546446e-01
3.194680786571989506e-01 1.201223493822668326e-01 4.839809067155859124e-02 5.120114812889755562e-01
3.567509098720634264e-01 9.545736575869638585e-02 5.066292467566228808e-02 4.971287996935778719e-01
3.879309351932233585e-01 7.860822380313152447e-02 5.461513382771233244e-02 4.788457071759325001e-01
4.063154203885312454e-01 6.999870900668146712e-02 6.305758566055598424e-02 4.606282849442312477e-01
4.091458794064359861e-01 6.611870341112337235e-02 7.656141768678323412e-02 4.481739994956577267e-01
3.978848402527073724e-01 6.461471389312888058e-02 9.390356731113892741e-02 4.435968785430246530e-01
3.770436368403341509e-01 6.524914960549618725e-02 1.124755033568877877e-01 4.452317101972817492e-01
3.519316213705118157e-01 6.841526321599881999e-02 1.287656691714535728e-01 4.508874462420356388e-01
3.276384259598384419e-01 7.442084360395301301e-02 1.396120397299372984e-01 4.583286907062714133e-01
5.482062091723827321e-04 1.714962099952974106e-02 3.920182291633313998e-01 5.902839436279665453e-01
8.668605548922302118e-02 1.625441418039034192e-01 7.707601517211884468e-02 6.736937875347543958e-01
4.265753152834413781e-02 1.235642275889585473e-01 7.626962703070792882e-02 7.575086138519895318e-01
1.951748636508460200e-02 8.286165305864787167e-02 7.575763477634656073e-02 8.218632257999208823e-01
8.411959981291225463e-03 5.037912734702378048e-02 8.009025010577802695e-02 8.611186625659067451e-01
3.683957414170332869e-03 2.913805841512972367e-02 9.364198081813546182e-02 8.735360033525644274e-01
1.874879819362513687e-03 1.680038677775782391e-02 1.175139027953711057e-01 8.638108306075086285e-01
1.199204678388472722e-03 9.689055977691173049e-03 1.469777968827434556e-01 8.421339424611770097e-01
9.366259333852393907e-04 5.454010909315876524e-03 1.717754062627183942e-01 8.218339568945808304e-01
8.104186659966158531e-04 2.976016217546804954e-03 1.823451585239534434e-01 8.138684065925031463e-01
2.234147139372445409e-04 1.568563781501955846e-03 1.753611575861233896e-01 8.228468639184376432e-01
5.950301469689913119e-04 9.613653316857458673e-04 1.528874626560096373e-01 8.455561418653357864e-01
4.551819747052319228e-04 6.400735340132434649e-04 1.236791514495054756e-01 8.752255930417761620e-01
3.183092323019762302e-04 4.997785960820340856e-04 9.565093748296374376e-02 9.035309746886522886e-01
2.022251875769358592e-04 4.543451153520767821e-04 7.025440909089557262e-02 9.290890206061751533e-01
1.217750470727898854e-04 4.685391571607340467e-04 4.735896407247521672e-02 9.520507217232913044e-01
3.376258004298798008e-04 5.828147073994153788e-04 2.900456095289268357e-02 9.700749985392778107e-01
1.296601652903930555e-04 3.748294387541900694e-04 1.668440297861540841e-02 9.828111074173402351e-01
6.008951345862722609e-05 3.619173334575426226e-04 9.442554926009356572e-03 9.901354382270745047e-01
4.123941701480662728e-05 4.578816207628847151e-04 5.529861821436755920e-03 9.939710171407855066e-01
3.767510444768981014e-05 6.419988748209957703e-04 3.474738345748503831e-03 9.958455876749825464e-01
3.794671766495370840e-05 9.239861075114298933e-04 2.392119730506886161e-03 9.966459474443165600e-01
3.946547067036374292e-05 1.301562505627414101e-03 1.793095072312224543e-03 9.968658769513897289e-01
4.312083625770081669e-05 1.733753498501790615e-03 1.433633025648245593e-03 9.967894926395921562e-01
5.216827661404902796e-05 2.172257124858410424e-03 1.236374023532863962e-03 9.965392005749944548e-01
7.152957715674690018e-05 2.641775980658231122e-03 1.200988371806582973e-03 9.960857060703783850e-01
1.071627914821184942e-04 3.308142626623878681e-03 1.359750661839228018e-03 9.952249439200546721e-01
1.634096477254889338e-04 4.287113737391672411e-03 1.738199655055036423e-03 9.938112769598278495e-01
2.393813698156144014e-04 5.429329960405565071e-03 2.351212976783658825e-03 9.919800756929951779e-01
3.224994809239204959e-04 6.309463994328908670e-03 3.225691540269245289e-03 9.901423449844778402e-01
8.969064639586158240e-04 6.750798865592625049e-03 4.175454945737278739e-03 9.881768397247117086e-01
3.736868182366683347e-04 5.871528820058796901e-03 5.975918397184508575e-03 9.877788659645199143e-01
7.845625135275187271e-04 6.117818145336596618e-03 8.205534973002122021e-03 9.848920843681341353e-01
7.386198476363617458e-04 6.301018046165702581e-03 1.373214397360093646e-02 9.792282181325969725e-01
7.870920830246379242e-04 7.337608496574624974e-03 2.592621443020711944e-02 9.659490849901934961e-01
9.738766110641456112e-04 9.548093700865628239e-03 5.074478814785916142e-02 9.387332415402109831e-01
1.361897961654481891e-03 1.337638087968634308e-02 9.374567949741444139e-02 8.915160416612448735e-01
2.015963268351706698e-03 1.938097656244342631e-02 1.557779473400987269e-01 8.228251128291061978e-01
2.972169323880462580e-03 2.782587138919018557e-02 2.336456593281841243e-01 7.355562999587454964e-01
4.267888629130054540e-03 3.792068090404743241e-02 3.201902947341003780e-01 6.376211357327219442e-01
5.967338431288575148e-03 4.733616720386398663e-02 3.982452284390367581e-01 5.484512659258109490e-01
8.149386893102031348e-03 5.295963505903562851e-02 4.478175413784997172e-01 4.910734366693625397e-01
1.085383806532868103e-02 5.291175340382005265e-02 4.614948698676064609e-01 4.747395386632448089e-01
1.414346650085295150e-02 4.706632106218768680e-02 4.410606644075536487e-01 4.977295480294056107e-01
1.817241618210113652e-02 3.713470860258218792e-02 3.905861472042438942e-01 5.541067280110729687e-01
2.302068620837077750e-02 2.641187031255551668e-02 3.201518763833273717e-01 6.304155670957460877e-01
2.837128190882236625e-02 1.790275540801060730e-02 2.488523805738887540e-01 7.048735821092783072e-01
3.361558868267773559e-02 1.240010203518330904e-02 1.914181494263320349e-01 7.625661598558068910e-01
3.817164095583610445e-02 9.086898242000259612e-03 1.495151430614315713e-01 8.032263177407320542e-01
4.153349633514768352e-02 7.039728143256988174e-03 1.181072291126498558e-01 8.333195464089456772e-01
4.361644288102563272e-02 5.744258368809826779e-03 9.183099824050518223e-02 8.588083005096595057e-01
4.539450927293382093e-02 4.974042109958777026e-03 6.901588243614599494e-02 8.806155661809609292e-01
4.893474198148688864e-02 4.672077543367565526e-03 5.067647085445175364e-02 8.957167096206934964e-01
5.708943547714390859e-02 4.887585099927475862e-03 3.736986448368383867e-02 9.006531149392447144e-01
7.393519353221685020e-02 5.880295436386719955e-03 2.846055661452449870e-02 8.917239544168723553e-01
1.035400704809290723e-01 8.195115302923678541e-03 2.284013747682899637e-02 8.654246767393183326e-01
1.487162731725357456e-01 1.273121068881689737e-02 1.969010614341467832e-02 8.188624099952327429e-01
2.135881662658553615e-01 2.108726286008587650e-02 1.862383604526407499e-02 7.467007348287943991e-01
3.005995998582901008e-01 3.555369978913189288e-02 1.899802999406366780e-02 6.448486703585142310e-01
4.044067305863813799e-01 5.816055823901909033e-02 1.983544220076838629e-02 5.175972689738312926e-01
5.097430542810567067e-01 8.797722301173786785e-02 2.002917585540742521e-02 3.822505468517978233e-01
5.943191402139952340e-01 1.202829376196302286e-01 1.929939336354251703e-02 2.660985288028319684e-01
6.488566936712507616e-01 1.496450821905362383e-01 1.751576231931625469e-02 1.839824618188970196e-01
6.805825815031314452e-01 1.722263175944949987e-01 1.534987388127474761e-02 1.318412270210986836e-01
7.028471966657325876e-01 1.839514934179541372e-01 1.287640245116981885e-02 1.003249074651435813e-01
7.168113148695860470e-01 1.905574135346124187e-01 1.074072439550528314e-02 8.189054720029630141e-02
7.235501932292709437e-01 1.962986627646224058e-01 9.027087753024789704e-03 7.112405625308192147e-02
7.230435686190462841e-01 2.040169718525184639e-01 7.784424877438326715e-03 6.515503465099679870e-02
7.161304687673204494e-01 2.141420752070612166e-01 7.088187076875897275e-03 6.263926894874204121e-02
7.060111176741539207e-01 2.250279208309270140e-01 6.878388835383507198e-03 6.208257265953561616e-02
6.966672047677313628e-01 2.344871147384596233e-01 6.964060651045000244e-03 6.188161984276373262e-02
6.905419746681072946e-01 2.406708670736184830e-01 7.153662928995350133e-03 6.163349532927888536e-02
1.465603055423430646e-02 9.817820547876159321e-01 3.300046962155143374e-03 2.618676959944975951e-04
1.171876929653398701e-02 9.845798341001152920e-01 3.458224503311634317e-03 2.431721000389996219e-04
9.319384719235620715e-03 9.866186395424135780e-01 3.829111044863660589e-03 2.328646934870553500e-04
7.500331054740609453e-03 9.877766755551273814e-01 4.493895812240642287e-03 2.290975778915496283e-04
6.265076107837596123e-03 9.878487299162745927e-01 5.653770555711669192e-03 2.324234201761497809e-04
5.579918862179323279e-03 9.864773648708519138e-01 7.697206819440806716e-03 2.455094475276461637e-04
5.329196097325621106e-03 9.834445160046905166e-01 1.095620086835699149e-02 2.700870296268905314e-04
5.243148059111313493e-03 9.794261593764447271e-01 1.502716060416241055e-02 3.035319602815412469e-04
5.065796510224482470e-03 9.764225487862799868e-01 1.817347472660705426e-02 3.381799768885897987e-04
4.776044788615032774e-03 9.766810010904934947e-01 1.817106748574792013e-02 3.718866351437085521e-04
4.583664365877440638e-03 9.798927720829376797e-01 1.509844721200468212e-02 4.251163391801908377e-04
4.841489129296147609e-03 9.829868169957750590e-01 1.161780996679443075e-02 5.538839081345235497e-04
6.011517293030629351e-03 9.835225514761356536e-01 9.603241732299918829e-03 8.626894985340582533e-04
8.615813427655405823e-03 9.808185295363649470e-01 9.072914402449424112e-03 1.492742633530358409e-03
1.307863412556085903e-02 9.749578568241699106e-01 9.422986015270017404e-03 2.540523034999306665e-03
1.964788085866706405e-02 9.663149881481942760e-01 1.007901438552691320e-02 3.958116607611710316e-03
2.936257390932985392e-02 9.540547480203411812e-01 1.084038522345487365e-02 5.742292846873960251e-03
4.443004689092886622e-02 9.358467834045162137e-01 1.162422626491433318e-02 8.098943439640335362e-03
6.550958218700542179e-02 9.113973239057755471e-01 1.196760057917253470e-02 1.112549332804628824e-02
9.046946572933234343e-02 8.831322068182118068e-01 1.162742851993821269e-02 1.477089893251764575e-02
1.162724127489543485e-01 8.539483584924897341e-01 1.079141389626631260e-02 1.898781486228986667e-02
1.396161842732563940e-01 8.271490870158412223e-01 9.718417354299558469e-03 2.351631135660292582e-02
1.579316564361459285e-01 8.053544587623850948e-01 8.688303237989566941e-03 2.802558156347937507e-02
1.450342671184679244e-01 1.820019351375254946e-01 1.841386393530294319e-01 4.888251583909775100e-01
8.274981563324546041e-02 1.760916283866492960e-01 1.880505780873915622e-01 5.531079778927139312e-01
4.360719113443181638e-02 1.537196123624293698e-01 1.952194571242696908e-01 6.074537393788690398e-01
2.212299823407182231e-02 1.203618190401535143e-01 2.131075061878662524e-01 6.444076765379084248e-01
1.044748013005741480e-02 8.992252746881319869e-02 2.543766272969947284e-01 6.452533651041347795e-01
5.270268629860311305e-03 6.705793121957567826e-02 3.430880832723319784e-01 5.845837168782319626e-01
2.759242433582244618e-03 5.146116288831214386e-02 4.941332346375721940e-01 4.516463600405334344e-01
1.396835829964981641e-03 3.911208603044705190e-02 6.776670315171766656e-01 2.818240466224112284e-01
7.258562971620392086e-04 2.883443406764003153e-02 8.254816521223070636e-01 1.449580575128905369e-01
4.146176383246981574e-04 2.119531646832010369e-02 9.100909889186713508e-01 6.829907697468376448e-02
2.643386916730191280e-04 1.633967300949441814e-02 9.500174070996443287e-01 3.337858119918843403e-02
1.812437472397720789e-04 1.290133675742191795e-02 9.684851024204071956e-01 1.843231707493091925e-02
1.411227740118511757e-04 1.074635928878376473e-02 9.771653871808572145e-01 1.194713075634704774e-02
1.280891844604187680e-04 9.627513427513835834e-03 9.812219103476090831e-01 9.022487040416660511e-03
1.348181172352747200e-04 9.292631748129692726e-03 9.828205937607905618e-01 7.751956373844668714e-03
1.640727446953143631e-04 9.605423736991953662e-03 9.827154221362206510e-01 7.515081382091969020e-03
2.240238548692344083e-04 1.058159503061122282e-02 9.811369984219106000e-01 8.057382692608881791e-03
3.280546683432346376e-04 1.242767977509475624e-02 9.780113798145895210e-01 9.232885741972396421e-03
5.109977839261317049e-04 1.563886680189134279e-02 9.727240340963462240e-01 1.112610131783601901e-02
8.550169272266477851e-04 2.088052832999815964e-02 9.640480248209043479e-01 1.421642992187091038e-02
1.529678150479294851e-03 2.698149948398050058e-02 9.524350936018032288e-01 1.905372876373703089e-02
2.587675751027120486e-03 3.560970269990047787e-02 9.351459794193480723e-01 2.665664212972439565e-02
4.134759682352853911e-03 4.494146513002560822e-02 9.141500177277099848e-01 3.677375745991158518e-02
6.186117071539909938e-03 5.585516814148367565e-02 8.887858004981468163e-01 4.917291428882941684e-02
8.794168688679876791e-03 7.107791572794451562e-02 8.558575820213489838e-01 6.427033356202685455e-02
1.183271516622510545e-02 9.364499547535121149e-02 8.128375482427852017e-01 8.168474111563857332e-02
1.457015455238886738e-02 1.235574313428212528e-01 7.637942950106917372e-01 9.807811909409806794e-02
1.601782291948281728e-02 1.562386845169670690e-01 7.187159488034846611e-01 1.090275437600655012e-01
1.585800377156982091e-02 1.833189763399095118e-01 6.882420244740200532e-01 1.125809954145008118e-01
1.449336133279145733e-02 1.970936979735645467e-01 6.787240831147839382e-01 1.096888575788600856e-01
1.250207322784941365e-02 1.952106147130981684e-01 6.911691261676669029e-01 1.011181858913852288e-01
1.026547839393946414e-02 1.818447205387632160e-01 7.197130828201380170e-01 8.817671824715951623e-02
8.165392077661608530e-03 1.642656665794756388e-01 7.529845393957824706e-01 7.458440194708025606e-02
6.492786127878210148e-03 1.472528924695625241e-01 7.831269444979370720e-01 6.312737690462190410e-02
5.253511036903476573e-03 1.331872972949142697e-01 8.083179299205761614e-01 5.324126174760594049e-02
4.386108322063226456e-03 1.239424372847128808e-01 8.282181167861618620e-01 4.345333760706204113e-02
3.858280314668795317e-03 1.203879795382427342e-01 8.418846252509629702e-01 3.386911489612571408e-02
3.636578583740906426e-03 1.208234111639565345e-01 8.500018352409219879e-01 2.553817501138057680e-02
3.605488372918334242e-03 1.212362960393268962e-01 8.562518042000003549e-01 1.890641138775448968e-02
3.603830902662533836e-03 1.180511824301058582e-01 8.644508549432334821e-01 1.389413172399780148e-02
3.559141256534267828e-03 1.117420617308683140e-01 8.742571792603885950e-01 1.044161775220859255e-02
3.518956541649660621e-03 1.060216230760836348e-01 8.821483367427991329e-01 8.311083639467161874e-03
3.563058634350039968e-03 1.048678534004122143e-01 8.844831894037958886e-01 7.085898561442149912e-03
3.736375451157946184e-03 1.127554339124311883e-01 8.770818359139674891e-01 6.426354722443264507e-03
4.103218213307983746e-03 1.373247085321241956e-01 8.523646674926508293e-01 6.207405761916911548e-03
4.773217567621130392e-03 1.927494050273702020e-01 7.960372900664256512e-01 6.440087338583137810e-03
5.865466186065236738e-03 2.968205641237551817e-01 6.901497731138952485e-01 7.164196576284156959e-03
7.194030450302604796e-03 4.497663673831469033e-01 5.348528369394336401e-01 8.186765227116697338e-03
8.287133018260834164e-03 6.159001798768659608e-01 3.668257136708389377e-01 8.986973434034383618e-03
8.893578489383973523e-03 7.515521624596021022e-01 2.303816738633386874e-01 9.172585187675080798e-03
8.293882555722118313e-03 8.420099488137486876e-01 1.409553959156713554e-01 8.740772714857927145e-03
8.164812531679997362e-03 8.948006642001185007e-01 8.882476693778022792e-02 8.209756330420958301e-03
8.283675938354804341e-03 9.254616968798605736e-01 5.846304060603724206e-02 7.791586575747759015e-03
8.666971275350694379e-03 9.442975129759584307e-01 3.944486080399935840e-02 7.590654944691689089e-03
9.410516498806005894e-03 9.556497303222551976e-01 2.726837842440278312e-02 7.671374754535901543e-03
1.054247167897918482e-02 9.615150754310369807e-01 1.986474358752817956e-02 8.077709302456000107e-03
1.182309874024855406e-02 9.639893556434185884e-01 1.534538923389921344e-02 8.842156382433866146e-03
1.300821394168603061e-02 9.642986083553586329e-01 1.252192032453439997e-02 1.017125737842080810e-02
1.431033940537553874e-02 9.619545884139807379e-01 1.117643715648196888e-02 1.255863502416203550e-02
1.631283713828618129e-02 9.556940715675241727e-01 1.134390605755392946e-02 1.664918523663591263e-02
1.948043000013158568e-02 9.447036624331013321e-01 1.290929322186057729e-02 2.290661434490621345e-02
2.366697659377453231e-02 9.304876135983949359e-01 1.541563013267975568e-02 3.042977967515072060e-02
2.757874232228259975e-02 9.178501205369068439e-01 1.832001723239059729e-02 3.625111990842023318e-02
3.463567087607308942e-02 9.045109012839949170e-01 2.195981672819375882e-02 3.889361111173841867e-02
4.747885046771168488e-02 8.858843610554909542e-01 2.772511005506214654e-02 3.891167842173522823e-02
7.004928882114713762e-02 8.550734780840809623e-01 3.738729035899448355e-02 3.748994273577758995e-02
1.070793755979412148e-01 8.046820749538247108e-01 5.252654233110635312e-02 3.571200711712758935e-02
1.643849285744254651e-01 7.290723896138627813e-01 7.266882163168575381e-02 3.387386018002590260e-02
2.459402819684011476e-01 6.285012706195809429e-01 9.403384695805425131e-02 3.152460045396381083e-02
3.497396532527471957e-01 5.110465257249618976e-01 1.109179945865345074e-01 2.829582643575659362e-02
4.657518570554600723e-01 3.906848560700373341e-01 1.193438980429783886e-01 2.421938883152424324e-02
5.778285490298962213e-01 2.831214567936153892e-01 1.193931205693355840e-01 1.965687360715284021e-02
6.667993331028151394e-01 2.038165509377382889e-01 1.141018247810661745e-01 1.528229117838064005e-02
7.314858186384305405e-01 1.510094449924391791e-01 1.058817844647948481e-01 1.162295190433529357e-02
7.777343610157739784e-01 1.176360422692773605e-01 9.589112130674944112e-02 8.738475408199141911e-03
8.128831336193048651e-01 9.604109057588200438e-02 8.464027298578057079e-02 6.435502819032891918e-03
8.423440163331380459e-01 8.063871892704777000e-02 7.236707173135373261e-02 4.650193008460803620e-03
8.691264785290544470e-01 6.848185818666387148e-02 5.902331982988282683e-02 3.368343454398819992e-03
8.945368794351400421e-01 5.859431349532224359e-02 4.443028076602044407e-02 2.438526303517126684e-03
9.179234047098095983e-01 5.072603709553807905e-02 2.962363000631432208e-02 1.726928188338023532e-03
9.359278435949184294e-01 4.535948151758519703e-02 1.748911730601740433e-02 1.223557581479055127e-03
9.453490999885897361e-01 4.453709825166301400e-02 9.190995983917442727e-03 9.228057758299196885e-04
9.485968970300979741e-01 4.586335478237154456e-02 4.739609590352801029e-03 8.001385971773995872e-04
9.415156184007236195e-01 5.487912416003814381e-02 2.751019794796674602e-03 8.542376444415813574e-04
9.229312127163254997e-01 7.410515147883850462e-02 1.877084643702062574e-03 1.086551161133993137e-03
8.878074506610676986e-01 1.091781976862908343e-01 1.499013582049679716e-03 1.515338070591844841e-03
8.305066594404496572e-01 1.659783947495803713e-01 1.380054488278268645e-03 2.134891321691652355e-03
7.516016477327163159e-01 2.440605585044094694e-01 1.459043838552168603e-03 2.878749924322128711e-03
6.624616810081245255e-01 3.322147514315343941e-01 1.688519270546745684e-03 3.635048289794237750e-03
