5.448114220465843927e-01 1.146854491329554332e-01 2.865387507226593300e-01 5.396437809780099681e-02
5.278941155818188680e-01 1.715816425852839111e-01 1.914390312988465542e-02 2.813803387030126557e-01
3.910633488826014137e-01 1.764602777618370089e-01 1.822139506246036808e-02 4.142549782931013169e-01
2.578031123350150722e-01 1.669746644471327146e-01 1.661695842890592925e-02 5.586052647889464540e-01
1.545840581291127169e-01 1.425450777956367432e-01 1.439260823841724719e-02 6.884782558368333083e-01
8.670209427196669261e-02 1.102103620793554450e-01 1.210583184579394622e-02 7.909817118028840133e-01
4.675836254675182213e-02 7.823052811946387686e-02 1.028187220894165137e-02 8.647292371248427312e-01
2.473940403864320625e-02 5.180361867926185776e-02 9.057734638875039254e-03 9.143992426432199228e-01
1.289584426340209707e-02 3.258428979005568993e-02 8.236207158874533918e-03 9.462836587876677363e-01
6.840435504929144248e-03 2.021995433169435086e-02 7.891308827531827441e-03 9.650483013358448492e-01
4.042019154189288067e-03 1.325731189210119405e-02 8.832141131809368925e-03 9.738685278219000319e-01
2.833807915492900925e-03 9.625649593738728332e-03 1.245304191580092444e-02 9.750875005749672919e-01
2.303760633117511725e-03 7.479173401405728519e-03 2.032202372277966407e-02 9.698950422426970697e-01
2.093220942234593537e-03 5.860356626710006532e-03 3.290800268457520772e-02 9.591384197464801753e-01
2.041997357973994454e-03 4.494628959180946987e-03 4.900328189463194761e-02 9.444600917882131075e-01
2.035425120327494924e-03 3.333096067202098289e-03 6.728083707239645994e-02 9.273506417400739776e-01
2.047988250499591274e-03 2.433924154813061312e-03 8.911088581175884149e-02 9.064072017829283290e-01
2.110800812441681554e-03 1.814713430572771798e-03 1.155314574918966108e-01 8.805430282650887897e-01
2.236649053202784034e-03 1.412275136914734053e-03 1.423030590834523101e-01 8.540480167264301592e-01
2.486305644324782183e-03 1.165072468422979728e-03 1.648692918396509055e-01 8.314793300476013282e-01
2.988295545928636686e-03 1.045356990036658881e-03 1.849190627706657486e-01 8.110472846933689528e-01
3.861968402325522201e-03 1.023621489664985158e-03 2.072016240799783027e-01 7.879127860280312756e-01
5.217967518181703714e-03 1.071211940921236189e-03 2.351541636676300895e-01 7.585566568732671211e-01
7.319478727260168675e-03 1.186476647275228535e-03 2.697868935055509065e-01 7.217071511199136813e-01
1.058656638772063376e-02 1.374207081761412864e-03 3.052459514341418489e-01 6.827932750963763286e-01
1.538101923209814724e-02 1.631134026290197245e-03 3.275885889466709777e-01 6.553992577949406817e-01
2.182535741443029920e-02 1.968797475983258011e-03 3.215183899111098142e-01 6.546874551984764867e-01
2.991894004582890121e-02 2.425754010568433299e-03 2.865454041219882009e-01 6.811099018216143497e-01
3.922490657266938102e-02 3.004018685955576855e-03 2.383978931747617047e-01 7.193731815666134510e-01
4.818173784442040392e-02 3.606332628621151080e-03 1.900748061946434531e-01 7.581371233323148662e-01
5.594306839816586691e-02 4.195004535784338344e-03 1.483165611115528637e-01 7.915453659544967602e-01
6.220458794641692962e-02 4.784521363018136297e-03 1.155953855261789703e-01 8.174155051643858805e-01
6.667940423034186825e-02 5.341923915100472119e-03 9.238985883857429859e-02 8.355888130159836447e-01
7.015954607601769533e-02 5.858619808689526608e-03 7.794827552294539275e-02 8.460335585923473012e-01
7.406606380995048311e-02 6.401474017878164106e-03 7.039406623731739310e-02 8.491383959348542954e-01
8.020128698333246764e-02 7.148791494320515770e-03 6.855518323496161137e-02 8.440947382873855709e-01
9.049855303483976543e-02 8.388486805318097483e-03 7.198710525902980717e-02 8.291258549008123646e-01
1.067678764115351508e-01 1.047924961607597273e-02 7.955971677846863932e-02 8.031931571939201486e-01
1.305131325468498471e-01 1.374606734426536692e-02 8.826022477355803530e-02 7.674805753353267646e-01
1.642502424323752375e-01 1.842407613682560744e-02 9.575323191523049671e-02 7.215724495155688700e-01
2.105491052570032384e-01 2.437436445050821660e-02 1.031849512899011417e-01 6.618915790025871049e-01
2.674605813167730273e-01 3.051944255768993322e-02 1.133461601169271360e-01 5.886738160086095739e-01
3.255390087267678312e-01 3.501309816640191946e-02 1.280123354290161053e-01 5.114355576778146784e-01
3.724479890579815988e-01 3.633875821310474791e-02 1.464542459743563563e-01 4.447590067545569847e-01
4.036861397760403980e-01 3.457259889616801085e-02 1.649811449479840209e-01 3.967601163798074593e-01
4.245004842608834372e-01 3.108337448122552513e-02 1.764725517081899842e-01 3.679435895497011888e-01
4.448343671879467220e-01 2.715017062327424249e-02 1.736728792077759931e-01 3.543425829810032957e-01
4.693716344772517757e-01 2.368991542833060251e-02 1.565684754344117691e-01 3.503699746600056897e-01
4.964069665716797641e-01 2.133916361838004289e-02 1.325067946235946870e-01 3.497470751863454574e-01
5.277137302596517365e-01 2.031861636893911652e-02 1.078626962483552471e-01 3.441049571230542226e-01
5.662144390023076124e-01 2.062264725034890223e-02 8.525713227160419683e-02 3.279057814757393996e-01
6.086005389212223449e-01 2.214311800186111873e-02 6.633368588114968434e-02 3.029226571957667202e-01
6.481281595482966118e-01 2.454678299337714059e-02 5.239441185954136354e-02 2.749306455987849396e-01
6.806729789937224773e-01 2.706381320888070693e-02 4.331801169156231091e-02 2.489451961058346263e-01
7.051390563814325940e-01 2.824518039834681207e-02 3.776031866896083916e-02 2.288554445512599178e-01
7.197231559821259950e-01 2.888928482911777909e-02 3.487151365904496425e-02 2.165160455297109876e-01
7.271557700950898040e-01 2.887114117072403507e-02 3.345908144458317052e-02 2.105140072896028169e-01
7.323215836593321981e-01 2.879187016565827942e-02 3.324021057324251516e-02 2.056463356017672051e-01
7.414033540961870727e-01 2.887958456673270224e-02 3.427914193664168691e-02 1.954379194004386699e-01
7.579755421281378913e-01 2.891448870562672233e-02 3.657841252039594621e-02 1.765315566458392493e-01
7.800622675278050533e-01 2.851998083415425295e-02 3.993998709148408738e-02 1.514777645465565092e-01
8.033872487550659525e-01 2.766598261619469465e-02 4.404155536162225604e-02 1.249052132671173154e-01
8.250031611715588076e-01 2.661693470340084980e-02 4.869374991218307358e-02 9.968615421285706435e-02
8.420377053375279752e-01 2.571656627302883885e-02 5.411472005022309462e-02 7.813100833922011212e-02
8.517132070013023748e-01 2.529942285457736917e-02 6.117956837161502015e-02 6.180780177250545793e-02
8.524499820671781469e-01 2.549175470778559244e-02 7.168433191453542352e-02 5.037393131050062201e-02
8.441002642748537399e-01 2.617702571637884820e-02 8.752086224678001791e-02 4.220184776198761950e-02
8.288711221466753543e-01 2.711632334134153263e-02 1.085104210898816396e-01 3.550213342210131739e-02
8.115487209115157530e-01 2.825138318310616015e-02 1.310381545688205918e-01 2.916174133655763043e-02
7.972996438837538502e-01 3.000119274604452074e-02 1.495517438182120129e-01 2.314741955198973064e-02
7.896566528919893857e-01 3.300390260149767274e-02 1.594362647152311740e-01 1.790317979128192016e-02
7.900732718838070490e-01 3.762295373557881378e-02 1.585806011622488410e-01 1.372317321836513844e-02
1.415039373572100911e-02 7.253933576434563879e-03 8.837304389585133313e-01 9.486523372933103326e-02
1.150470514672095740e-01 6.386678948431624703e-02 8.592568423347850259e-02 7.351604748149958013e-01
8.480007026100104539e-02 5.164153924052067995e-02 8.340472674096698069e-02 7.801536637575110511e-01
6.303244840063791654e-02 4.091132332684515455e-02 8.068221901640100502e-02 8.153740092561161390e-01
4.768850767865291662e-02 3.187111751779597019e-02 7.843014390175689909e-02 8.420102309017941655e-01
3.678716870585083815e-02 2.446789132564428440e-02 7.850440272532842323e-02 8.602405372431762842e-01
2.858623566408193331e-02 1.841241190760730881e-02 8.343826184530658829e-02 8.695630905830040724e-01
2.237495253519831973e-02 1.365071339482113594e-02 9.682837865522284093e-02 8.671459554147575854e-01
1.802083630579605356e-02 1.024605564274837753e-02 1.233136562125670133e-01 8.484194518388882278e-01
1.515915804791811115e-02 7.989944007975886137e-03 1.664703974891980909e-01 8.103805004549082813e-01
1.329106678878626963e-02 6.547260507559995828e-03 2.254441349706627906e-01 7.547175377329907731e-01
1.132302646268999735e-02 5.560980771566758490e-03 2.952657399693531803e-01 6.878502527963903379e-01
1.031369639059316091e-02 4.920563871159337570e-03 3.698261668369954847e-01 6.149395729012515632e-01
9.492275415890176135e-03 4.423109367004850710e-03 4.470679777857073378e-01 5.390166374313973829e-01
9.387958922280805613e-03 4.057807675630912408e-03 5.271559591597351213e-01 4.593982742423532439e-01
8.909610859680243758e-03 3.746244730787589867e-03 6.047093343680393085e-01 3.826348100414928566e-01
9.238186787066178518e-03 3.639814986753718996e-03 6.660277548489172972e-01 3.210942433772627780e-01
1.061215562112977767e-02 3.751589196099457037e-03 7.090724479210636089e-01 2.765638072617074283e-01
1.297879242734013491e-02 3.961850213927248579e-03 7.449257233691234381e-01 2.381336339896093501e-01
1.571265383379665675e-02 4.045656123257972310e-03 7.830488555865028344e-01 1.971928344564423952e-01
1.950480214835478843e-02 3.987448382958521872e-03 8.212566890487271731e-01 1.552510604199598132e-01
2.399302168685250869e-02 3.928324447120221455e-03 8.522427007611957928e-01 1.198359531048311943e-01
2.928417450966436242e-02 3.938233885223589928e-03 8.711425242823124249e-01 9.563506732279977718e-02
3.731984797457378600e-02 4.411140722220768459e-03 8.766254338768773025e-01 8.164357742632832871e-02
4.432753291253318378e-02 5.090474685975490167e-03 8.767748984401272372e-01 7.380709396136407585e-02
4.995795802483395803e-02 5.907700474455941653e-03 8.756657180980815802e-01 6.846862340262878377e-02
5.223381526377567086e-02 6.754820890642980295e-03 8.782192531595802709e-01 6.279211068600118462e-02
5.074611479905315886e-02 7.431315320887908228e-03 8.862255101768506949e-01 5.559705970320812790e-02
4.761176072082109328e-02 7.945281360740770807e-03 8.960172504469228194e-01 4.842570747151536681e-02
4.545946241611369121e-02 8.537551911613611849e-03 9.018205847438749423e-01 4.418240092839769567e-02
4.438546580218687837e-02 9.219076739120255978e-03 9.026475276402180503e-01 4.374792981847507728e-02
4.287968975049637893e-02 9.727649740226915892e-03 9.016380790229170383e-01 4.575458148635946909e-02
4.003410828988920173e-02 9.832864923662877274e-03 9.017483615493337989e-01 4.838466523711456441e-02
3.685752121514238727e-02 9.627321213719513757e-03 9.023578913284056036e-01 5.115726624273270184e-02
3.217437222564076271e-02 8.912232873478340839e-03 9.041899690579712212e-01 5.472342584290961626e-02
2.764364345478553114e-02 8.030614411160050606e-03 9.041619537293140718e-01 6.016378840474027878e-02
2.372960903209015565e-02 7.179128257102565698e-03 9.011922743171382200e-01 6.789898839366884098e-02
2.121435109130100083e-02 6.726222510057339697e-03 8.943668774396127397e-01 7.769254895902857894e-02
1.850205019191353620e-02 6.275412674848096853e-03 8.865284798927189902e-01 8.869405724051966644e-02
1.633585669090115502e-02 6.124029919395717995e-03 8.768880054562417925e-01 1.006521079334614793e-01
1.508387981747959586e-02 6.500084420407490661e-03 8.629690108866988618e-01 1.154470248754140560e-01
1.515041711148121424e-02 7.788689859044360501e-03 8.389114508920431090e-01 1.381494421374312720e-01
1.695902900642186004e-02 1.073896108199744355e-02 7.971196943043511451e-01 1.751823156072295218e-01
2.066215228971581691e-02 1.664100600176225339e-02 7.380503554896815643e-01 2.246464862188402578e-01
2.664977240526281849e-02 2.821848144653871931e-02 6.804581367366875355e-01 2.646736094115107463e-01
3.718655195538920349e-02 5.268572220064184769e-02 6.388525146873154092e-01 2.712752111566533175e-01
5.474487039658275378e-02 1.030949756166281983e-01 5.886844418940012647e-01 2.534757120927877971e-01
7.597691564758542182e-02 1.888520203583139156e-01 4.991870777155441030e-01 2.359839862785566011e-01
9.242340255622297218e-02 2.958586108128932191e-01 3.875747804307777544e-01 2.241432062001062486e-01
1.003955909152724757e-01 3.886745360546727257e-01 2.896180911373885114e-01 2.213117818926665648e-01
1.020910595500652968e-01 4.434138389033098759e-01 2.195785929499127487e-01 2.349165085967123701e-01
9.937481971747508247e-02 4.593964192782684086e-01 1.729844952516005341e-01 2.682442657526564189e-01
9.340734738234153511e-02 4.472906505850794967e-01 1.420353428222723424e-01 3.172666592103068339e-01
8.636793533119507815e-02 4.213926019878950768e-01 1.217096005674621895e-01 3.705298621134476833e-01
8.069645333266679821e-02 3.973834168698865410e-01 1.091251748197626381e-01 4.127949549776840366e-01
7.841642317159534803e-02 3.881332322436752968e-01 1.028353839357811078e-01 4.306149606489484416e-01
8.095445294057615482e-02 4.010900194902127791e-01 1.014470011188690346e-01 4.165085264503420315e-01
8.888531588973735964e-02 4.339987219141210883e-01 1.026343322282447512e-01 3.744816299678965232e-01
1.010788364201821582e-01 4.721146702674869355e-01 1.042587383927716382e-01 3.225477549195594484e-01
1.127280772889883986e-01 5.001311608439639178e-01 1.063903458441740474e-01 2.807504160228736501e-01
1.170198653331680355e-01 5.169340484639018962e-01 1.101898390338043460e-01 2.558562471691257501e-01
1.135214210729325462e-01 5.289381561369715934e-01 1.167507506078114404e-01 2.407896721822844477e-01
1.095920905049247440e-01 5.375511003985907754e-01 1.276875035334527619e-01 2.251693055630317741e-01
1.115407494701573105e-01 5.432067837196959958e-01 1.426806336861033142e-01 2.025718331240433379e-01
1.212975229019458145e-01 5.478724443123962340e-01 1.584052795002158509e-01 1.724247532854424336e-01
1.380695176735908525e-01 5.522469409171776311e-01 1.706059450718540038e-01 1.390775963373775126e-01
1.575156231593446976e-01 5.587815182124291624e-01 1.763175790661823950e-01 1.073852795620435507e-01
1.723066062760142403e-01 5.730631440407285560e-01 1.751791378444194081e-01 7.945111183883796224e-02
1.765210998810103071e-01 5.990798857150463341e-01 1.685406739855808411e-01 5.585834041836266334e-02
1.688149337204899736e-01 6.354253677014206625e-01 1.584407694341424255e-01 3.731892914394729921e-02
1.528948545581719776e-01 6.742947363893706525e-01 1.483091477690292592e-01 2.450126128342818010e-02
1.356415041073554539e-01 7.047050466729207763e-01 1.425994588852462219e-01 1.705399033447750276e-02
4.771075433722441156e-04 2.007813894328387000e-02 1.775635562583621199e-03 9.776691179507605023e-01
7.852712877034636607e-01 7.965281606450247409e-02 6.856695595322387371e-02 6.650894027881010251e-02
7.428565756715580504e-01 8.035962043025245138e-02 9.135276531559290147e-02 8.543103858259648575e-02
6.683161610617142090e-01 8.270270570951725186e-02 1.288862029143366394e-01 1.200949303144316360e-01
5.596628616531421629e-01 8.520996738942815396e-02 1.757299623566385971e-01 1.793972086007908362e-01
4.308527481500293299e-01 8.565598974445359781e-02 2.142613306570252951e-01 2.692299314484917772e-01
3.088953977380812788e-01 8.231590277227074370e-02 2.260181891403029442e-01 3.827705103493450056e-01
2.123423552755852317e-01 7.531294534113235073e-02 2.109456867292984761e-01 5.013990126539836778e-01
1.434383020835988398e-01 6.641023956531219574e-02 1.810720555767975082e-01 6.090794027742918448e-01
9.694437493496253777e-02 5.773568813991292181e-02 1.464078679401539240e-01 6.989120689849704915e-01
6.722437464187167033e-02 5.095080606036127974e-02 1.140878337179763863e-01 7.677369855797909759e-01
4.875178744886862064e-02 4.659060123416554344e-02 8.837395556981615663e-02 8.162836557471496723e-01
3.656531224654196999e-02 4.396359348858100424e-02 7.012807061777610873e-02 8.493430236471007921e-01
2.762944936568625248e-02 4.201577223676487838e-02 5.827722903542727900e-02 8.720775493621215624e-01
2.060216641866053147e-02 4.000935011094033239e-02 5.081639575401652315e-02 8.885720877163826303e-01
1.490797473230319643e-02 3.776560973085340417e-02 4.564707695581710079e-02 9.016793385810263350e-01
1.021500478309371462e-02 3.536417226398059360e-02 4.089402223882371290e-02 9.135268007141016389e-01
6.676073607033944195e-03 3.328119077579222429e-02 3.626924725807846583e-02 9.237734883590953405e-01
4.364369756678575588e-03 3.195096180323467316e-02 3.302491259235876969e-02 9.306597558477278653e-01
2.922047185168580655e-03 3.076928656706179321e-02 3.213597504754183570e-02 9.341726912002277228e-01
1.985720759952929858e-03 2.873567202282214031e-02 3.434290310473147451e-02 9.349357041124936041e-01
1.402004800890559264e-03 2.603824784393249381e-02 4.197632423003710284e-02 9.305834231251396416e-01
1.113500347001514235e-03 2.382857986506705869e-02 6.007711407344217686e-02 9.149808057144891427e-01
1.084878944402730772e-03 2.275362189124790005e-02 9.775991228647121223e-02 8.784015868778781710e-01
1.346526537512298142e-03 2.257267487501448885e-02 1.721013447862219936e-01 8.039794538012512426e-01
1.931044646238796233e-03 2.201866824735494374e-02 3.054700629988917338e-01 6.705802241075142778e-01
2.475433455990615466e-03 1.930651481860131205e-02 4.911683362217328375e-01 4.870497155036755954e-01
2.662518826735998673e-03 1.485290564534269553e-02 6.624284606263995956e-01 3.200561149015217488e-01
2.995081057739927988e-03 1.116687143548262401e-02 7.636053836332074019e-01 2.222326638735701854e-01
3.811264610772112111e-03 9.264949921477734149e-03 7.990371335680540588e-01 1.878866518996963053e-01
5.532687541947305283e-03 8.880252539930711189e-03 7.865122326112332640e-01 1.990748273068887186e-01
8.772260538309741007e-03 9.481419238019843029e-03 7.376373702171323821e-01 2.441089500065380669e-01
1.388726917726228541e-02 1.023450292690190194e-02 6.710015660537591575e-01 3.048766618420767904e-01
2.042452299577481728e-02 1.025411005845439961e-02 6.117864611392780372e-01 3.575349058064929419e-01
2.792028825651997337e-02 9.492659061708446158e-03 5.739314756200823986e-01 3.886555770616889061e-01
3.686418406082783011e-02 8.662175801439535652e-03 5.556528036362966549e-01 3.988208365014360157e-01
4.737727797480290742e-02 8.291451013006928897e-03 5.444303781732391379e-01 3.999008928389504725e-01
5.730064066444860715e-02 8.423106223082765451e-03 5.281164905413324728e-01 4.061597625711362292e-01
6.437471536902687752e-02 9.001601216465662803e-03 5.056953681944925671e-01 4.209283152200147815e-01
6.889139796206342203e-02 1.005771778659910430e-02 4.830117315824730695e-01 4.380391526688645620e-01
7.310459827439688696e-02 1.167661525926839278e-02 4.671081866747472389e-01 4.481105997915872940e-01
7.908528322369484664e-02 1.395353627047667827e-02 4.617487109125709699e-01 4.452124695932577203e-01
8.613501349417618247e-02 1.673013123176873840e-02 4.653901767785784682e-01 4.317446784954767081e-01
9.214496775104115411e-02 1.954859042401144165e-02 4.767643308858673379e-01 4.115421109390797194e-01
9.614635415880412594e-02 2.198435253349820609e-02 4.978762129145159476e-01 3.839930803931818071e-01
9.809410612197158597e-02 2.393743184828414639e-02 5.315536324851191097e-01 3.464148295446249359e-01
1.001708037935401252e-01 2.605958965452523021e-02 5.773025257306892977e-01 2.964670808212455655e-01
1.071964853874748519e-01 3.013511093624939019e-02 6.222844049523452714e-01 2.403839987239306253e-01
1.256230954931088495e-01 3.912413948198001368e-02 6.409408379287301338e-01 1.943119270961808642e-01
1.581622695267086709e-01 5.734328911891252434e-02 6.157272121906570694e-01 1.687672291637215549e-01
2.094235267053847771e-01 8.703761791718886420e-02 5.402544364707555502e-01 1.632844189066708918e-01
2.801882545225614640e-01 1.273992889059370470e-01 4.216131558864351092e-01 1.707993006850666851e-01
3.676105523520128981e-01 1.665924013398602244e-01 2.875539952040642722e-01 1.782430511040623000e-01
4.552889536342948351e-01 1.896005414396192412e-01 1.771362610081137767e-01 1.779742439179718971e-01
5.169115200243804553e-01 2.002157797824792584e-01 1.061976615358954518e-01 1.766750386572446263e-01
5.314785426069484897e-01 2.135063162529894087e-01 6.844837056406710696e-02 1.865667705759952166e-01
5.031772228923494517e-01 2.337528833003371387e-01 4.984880132282594467e-02 2.132210924844874234e-01
4.523860259714842513e-01 2.553962850648380800e-01 4.013465574540778236e-02 2.520830332182698030e-01
4.015063532847082950e-01 2.710081019975647543e-01 3.412904443727455411e-02 2.933565002804524036e-01
3.673666266649549539e-01 2.767570847825566172e-01 2.947995038191893874e-02 3.263963381705693445e-01
3.534339453388934404e-01 2.761302330745857847e-01 2.622003937645258492e-02 3.442157822100682107e-01
3.560918846611806909e-01 2.691438435255749662e-01 2.407111779727927683e-02 3.506931540159650140e-01
3.648517626765045430e-01 2.555819723386288378e-01 2.259511892728377144e-02 3.569711460575829554e-01
3.731999078499995126e-01 2.374888454058997067e-01 2.134074322349855182e-02 3.679705035206023434e-01
3.817606722097495742e-01 2.206277592441716062e-01 2.030818825471423714e-02 3.773033802913643986e-01
3.923693119226629444e-01 2.106175740656862083e-01 2.016744105180384369e-02 3.768456729598470001e-01
4.028263598329752115e-01 2.075996982716066253e-01 2.153431759947965415e-02 3.680396242959386166e-01
4.082020149616724103e-01 2.068418523760855721e-01 2.444447940475511991e-02 3.605116532574870747e-01
4.056074228882469157e-01 2.055828615140118110e-01 2.856967215322262985e-02 3.602400434445184318e-01
3.949187021802820219e-01 2.055440986029238304e-01 3.332811166544240311e-02 3.662090875513518973e-01
3.779033216395853434e-01 2.096177327258623990e-01 3.792528160432299955e-02 3.745536640302292719e-01
3.586772335950917934e-01 2.193887996935145190e-01 4.147044511624836671e-02 3.804635215951450711e-01
7.777597617696623694e-04 1.565469352455025123e-02 1.925129501788904185e-01 7.910545965347896002e-01
1.526731310766178407e-01 2.347139176569195962e-01 5.159262628242986676e-02 5.610203249840324258e-01
8.463366345360966159e-02 1.644710708217214101e-01 5.840649265883564312e-02 6.924887730658332297e-01
4.112040374727653214e-02 9.364442087347574217e-02 6.244019723964251006e-02 8.027949781396050977e-01
1.782629164555320916e-02 4.629422342198189627e-02 6.826790305537758230e-02 8.676115818770873123e-01
7.874684728839176362e-03 2.249653544001145242e-02 8.477120393213583016e-02 8.848575758990138151e-01
4.129076234713740384e-03 1.178225232308544729e-02 1.145443461422042536e-01 8.695443252999964789e-01
2.679847218705750517e-03 6.611177329790436479e-03 1.538381482436027570e-01 8.368708272079012911e-01
1.387887089105408790e-03 3.709763625490019624e-03 1.903748124231169625e-01 8.045275368622873957e-01
8.169858769698694432e-04 2.006192913666978404e-03 2.086958634571615678e-01 7.884809577522019497e-01
4.801284713103503611e-04 1.066267907186168717e-03 2.010497270985142360e-01 7.974038765229892745e-01
2.961506309818274043e-04 6.014197185287466565e-04 1.709210915627759342e-01 8.281813380877133257e-01
7.421712721227328958e-04 4.717277397698567193e-04 1.312135313257238589e-01 8.675725696623832750e-01
4.696198658430101951e-04 3.493374207290063957e-04 9.369338892475370661e-02 9.054876537886744625e-01
2.728378731805805786e-04 2.950254279718216390e-04 6.188060923720746509e-02 9.375515274616400552e-01
6.264267856703830501e-04 7.156881263684470879e-04 3.674850263528719324e-02 9.619093824526739889e-01
2.096007420592516373e-04 3.185128526075128191e-04 1.995884979145256047e-02 9.795130366138806721e-01
7.841312900142427143e-05 2.047442427104753920e-04 1.040787215860704447e-02 9.893089704696810260e-01
4.535505180726822808e-05 2.047607105850810492e-04 5.616228766583614314e-03 9.941336554710243911e-01
3.878034304763404601e-05 2.528755869231166689e-04 3.328027122778939254e-03 9.963803169472503773e-01
3.828844472391180700e-05 3.320180328639894753e-04 2.218013496832499203e-03 9.974116800255794502e-01
3.915007398748106173e-05 4.351680331984591641e-04 1.667078298137065172e-03 9.978586035946771515e-01
4.195332873656827731e-05 5.608480715257974049e-04 1.412454742774348591e-03 9.979847438569632301e-01
4.954886947159874383e-05 7.206974109213833612e-04 1.349160498667309341e-03 9.978805932209400265e-01
6.714948852712550841e-05 9.300708232535427741e-04 1.464936447856764060e-03 9.975378432403625428e-01
1.043349673046173266e-04 1.206622043820774559e-03 1.842932928599552538e-03 9.968461100602750147e-01
1.754306255290802947e-04 1.597103377775684323e-03 2.684581266002127563e-03 9.955428847306931894e-01
2.932692800424787087e-04 2.130069101487149473e-03 4.257190611611171537e-03 9.933194710068592448e-01
1.187666835096024649e-03 3.813854967778519851e-03 6.665696810231000816e-03 9.883327813868945100e-01
1.611217360446608399e-03 4.790638664207338276e-03 1.036522861500711531e-02 9.832329153603386329e-01
1.936328688285284200e-03 5.404506426369824756e-03 1.530320378237811675e-02 9.773559611029664085e-01
2.052675987975812171e-03 5.539610339000644763e-03 2.163768478724441974e-02 9.707700288857791238e-01
2.032161114128619526e-03 5.454625750522623488e-03 3.059136494163648690e-02 9.619218481937122922e-01
2.050646376982861747e-03 5.507273644514703789e-03 4.529891413803002059e-02 9.471431658404725340e-01
2.262311668978276777e-03 5.912250544034254249e-03 7.041215798094373202e-02 9.214132798060439278e-01
2.766707520596094639e-03 6.804669626197739664e-03 1.087800883793369616e-01 8.816485344738692609e-01
3.621592789292641095e-03 8.403825266720890350e-03 1.569519136143806559e-01 8.310226683296059180e-01
4.893791092246031760e-03 1.102231043605871041e-02 2.075273606498367063e-01 7.765565378218584058e-01
6.786498820055070040e-03 1.490438099652616546e-02 2.579686516666230833e-01 7.203404685167958954e-01
9.685480243808291048e-03 2.007252971627827842e-02 3.082074093972998474e-01 6.620345806426133350e-01
1.418404417004247124e-02 2.617591990079567305e-02 3.488914044237965140e-01 6.107486315053652914e-01
2.112840374863260082e-02 3.205601227704338307e-02 3.637326862639781444e-01 5.830828977103458266e-01
3.123319108998934626e-02 3.587873639435168460e-02 3.444403272058018106e-01 5.884477453098571065e-01
4.443104342336776785e-02 3.606260228583130223e-02 2.961526126849604590e-01 6.233537416058407832e-01
5.879862775068423614e-02 3.240220407131078756e-02 2.324280234509724374e-01 6.763711447270324140e-01
7.091135699599472597e-02 2.660828460344350291e-02 1.708387384190811487e-01 7.316416199814804733e-01
8.048858038944814441e-02 2.123355053763274769e-02 1.256143640738243417e-01 7.726635049990944193e-01
9.042732516947295240e-02 1.764408261923180662e-02 9.821693015530573445e-02 7.937116620559891977e-01
1.010800315195994753e-01 1.568352434325824551e-02 8.243346051536359909e-02 8.008029836217788189e-01
1.094111812058413402e-01 1.483888699208905926e-02 7.253345315653256242e-02 8.032164786455371353e-01
1.127586538212289602e-01 1.499453280847557607e-02 6.463566660502680083e-02 8.076111467652686837e-01
1.117828385751164083e-01 1.634184124658093554e-02 5.686063793050431803e-02 8.150146822477982722e-01
1.104944638483317115e-01 1.933600412963672535e-02 4.920034769066041619e-02 8.209691843313711157e-01
1.143159990534907550e-01 2.492610701497665823e-02 4.234775083523006217e-02 8.184101430963027779e-01
1.270779787741416478e-01 3.499158367535191300e-02 3.650300456721277537e-02 8.014274329832938859e-01
1.490886305893691088e-01 5.209232703302113521e-02 3.173018911803851538e-02 7.670888532595712128e-01
1.799667979164883413e-01 7.847394879561946091e-02 2.856214733564258271e-02 7.129971059522492993e-01
2.236355463849681591e-01 1.154361865536246562e-01 2.746342175234676997e-02 6.334648453090603315e-01
2.835249756699143586e-01 1.612185938667347884e-01 2.779567687742489496e-02 5.274607535859259233e-01
3.582042878491859539e-01 2.085194789737554177e-01 2.804225080546014076e-02 4.052339823715981337e-01
4.397765458042947051e-01 2.460303051431975696e-01 2.679670051677342929e-02 2.873964485357342058e-01
5.110042353368976498e-01 2.702993120228187607e-01 2.387171618403881312e-02 1.948247364562448458e-01
5.553601865379755864e-01 2.907718717055810531e-01 2.081117291225407021e-02 1.330567688441888496e-01
5.808914201964110458e-01 3.061056013791306207e-01 1.759624950889733183e-02 9.540672891556062352e-02
5.974473399113976457e-01 3.151923294999387504e-01 1.414728557027276033e-02 7.321304501839079326e-02
6.063815160687691108e-01 3.222726051983106355e-01 1.167003788316774322e-02 5.967584084975261632e-02
6.126028357945286773e-01 3.270295576268275051e-01 9.593186752883332141e-03 5.077441982576071794e-02
6.166615057605744354e-01 3.306344107441356872e-01 7.972058952128539822e-03 4.473202454316113630e-02
6.179153713733090969e-01 3.340896716763090413e-01 6.916240016516196978e-03 4.107871693386549311e-02
6.167975587057091813e-01 3.378664725578970351e-01 6.365713432505134411e-03 3.897025530388870812e-02
6.157436189824552208e-01 3.408282814867516497e-01 6.128451921908016978e-03 3.729964760888481584e-02
6.159912875507004282e-01 3.421326007388033053e-01 6.065117332039031764e-03 3.581099437845723654e-02
1.798329278330802056e-02 9.730453280827031648e-01 8.415513715243124609e-03 5.558654187456616314e-04
1.435079383422164546e-02 9.760304035407364465e-01 9.098520512378450997e-03 5.202821126633850810e-04
1.199272558690379215e-02 9.767896232451129812e-01 1.071054518408108905e-02 5.071059839019938318e-04
1.065098010631627956e-02 9.750584750874222717e-01 1.377639377424943849e-02 5.141510320121308111e-04
1.010198480929454072e-02 9.700569377773055058e-01 1.929995190566979879e-02 5.411255077301597213e-04
9.998877853356430423e-03 9.603842250407085279e-01 2.902953456092350476e-02 5.873625450115539182e-04
1.006579439919261590e-02 9.445190462827870448e-01 4.476135593500072535e-02 6.538033830195162785e-04
1.034085202187668209e-02 9.228277721620791185e-01 6.608172777098957063e-02 7.496480450544711158e-04
1.102778156641873175e-02 9.009013217776972171e-01 8.718495508066131938e-02 8.859415752229876304e-04
1.241387123100258331e-02 8.891317316092156586e-01 9.736936094514282714e-02 1.085036214639034137e-03
1.504257741514225533e-02 8.918840721689544893e-01 9.165005632644288025e-02 1.423294089460760492e-03
1.989850024949487567e-02 8.995866062244314287e-01 7.843233024654537588e-02 2.082563279528247720e-03
2.827271733310364465e-02 9.003338527473714326e-01 6.803517668454110712e-02 3.358253234983939271e-03
3.874969060136515542e-02 8.936125893185022928e-01 6.226822605214270279e-02 5.369494027989893219e-03
5.275773994020031138e-02 8.799701535711471623e-01 5.933687648527040392e-02 7.935230003381926397e-03
6.819910360042864828e-02 8.645237057396931712e-01 5.688106332543631238e-02 1.039612733444187677e-02
8.460374617330602975e-02 8.491187410922238499e-01 5.381710173865406760e-02 1.246041099581600940e-02
1.023005861296906460e-01 8.337655174994395013e-01 4.951629453731139913e-02 1.441760183355831476e-02
1.186185017493616850e-01 8.216499322407316841e-01 4.321313903426394348e-02 1.651842697564270129e-02
1.304334258340863473e-01 8.149894093832249498e-01 3.565154581509504678e-02 1.892561896759392334e-02
1.326538497318895116e-01 8.173887149520452367e-01 2.833021411446316057e-02 2.162722120160223346e-02
1.285537383277267631e-01 8.248886438768094909e-01 2.214364690069735991e-02 2.441397089476644161e-02
1.207201636852186233e-01 8.347871665152417631e-01 1.744821846131674320e-02 2.704445133822274208e-02
2.639483865508381322e-01 1.630910408948941237e-01 8.076599029936773477e-02 4.921945822548999816e-01
1.536952649047246267e-01 1.428563461576344840e-01 8.252296721050406125e-02 6.209254217271368281e-01
7.662276959414879296e-02 1.061493362742319535e-01 8.077044619284694249e-02 7.364574479387724359e-01
3.347368429799191941e-02 6.779163547802881384e-02 7.747904641707764606e-02 8.212556338069015860e-01
1.407165165383395672e-02 4.049656422725921023e-02 8.009678456410769531e-02 8.653349995547989781e-01
6.700797204425529979e-03 2.592125348851882435e-02 9.976919510726868501e-02 8.676087541997866692e-01
4.125757225149380772e-03 1.963897524637475689e-02 1.545334987331676846e-01 8.217017687953080962e-01
3.309615562940723243e-03 1.744147480349387755e-02 2.758123389601587760e-01 7.034365706734067025e-01
2.594036186437248103e-03 1.610028629968736011e-02 4.823831032369649829e-01 4.989225742769101690e-01
1.569178196228040176e-03 1.335625217869132637e-02 7.096671469461939274e-01 2.754074226788866819e-01
1.183588113662687510e-03 9.368524790560748411e-03 8.610770057737741068e-01 1.283708813220021117e-01
5.136951907873671267e-04 6.866102865816110443e-03 9.325268307412116764e-01 6.009337120218474770e-02
3.548429343872570364e-04 5.342962941794205702e-03 9.624597118020182807e-01 3.184248232180057064e-02
3.270169684441827720e-04 4.548132822315948710e-03 9.754342161040074899e-01 1.969063410523234220e-02
3.697327983801922016e-04 4.238361738089078956e-03 9.815198033315258863e-01 1.387210213200476203e-02
4.897827461748252911e-04 4.283919026348842994e-03 9.843583661909778293e-01 1.086793203649854579e-02
7.196148810659810631e-04 4.634324758189495123e-03 9.853164848601941861e-01 9.329575500550565947e-03
1.118562255364842365e-03 5.337470667708306589e-03 9.848659905099498291e-01 8.677976566977149697e-03
2.448686721112831605e-03 6.230218947580297255e-03 9.825036602404334518e-01 8.817434090873278382e-03
4.154608670114101968e-03 8.280363483026362617e-03 9.774737123608457923e-01 1.009131548601358008e-02
7.612504270935515314e-03 1.157802100246262296e-02 9.676785618205123729e-01 1.313091290608961979e-02
1.434853661813099979e-02 1.621228071099845361e-02 9.508032659024153732e-01 1.863591676845509360e-02
2.618926500228737145e-02 2.221387694149217634e-02 9.244533508607115646e-01 2.714350719550880087e-02
4.406157693832057215e-02 3.017169931521839280e-02 8.867888374026191567e-01 3.897788634384174999e-02
6.619198323447821053e-02 4.151837172139836996e-02 8.380818376806211667e-01 5.420780736350257895e-02
8.733172833438496152e-02 5.810655646919266060e-02 7.831559457154687598e-01 7.140576948095350707e-02
1.004447666511060072e-01 8.026286933937361312e-02 7.326366732842262142e-01 8.665569072529412387e-02
1.018094719819949701e-01 1.057227686927029869e-01 6.961493069384586674e-01 9.631845238684334787e-02
9.258305300543109850e-02 1.302682059658177016e-01 6.775345649779871415e-01 9.961417605076441917e-02
7.929783851942627526e-02 1.466144623978350436e-01 6.758011011777445010e-01 9.828659790499424953e-02
6.494513109369297321e-02 1.515726928882532298e-01 6.901326815431587658e-01 9.334949447489529484e-02
5.112232405397328788e-02 1.460570744368066276e-01 7.174780575136820993e-01 8.534254399553789505e-02
3.908938159816294916e-02 1.345061589357388065e-01 7.498436985081279316e-01 7.656076095797065273e-02
3.015429578940194075e-02 1.208489491328729182e-01 7.802059226943260928e-01 6.879083238339893380e-02
2.299937285558383004e-02 1.081844610304553006e-01 8.077138210910802529e-01 6.110234502288058867e-02
1.789901487578621914e-02 9.825416611574440406e-02 8.317542488334149775e-01 5.209257017505456583e-02
1.445494576903504080e-02 9.180755609786672711e-02 8.517357820125157630e-01 4.200171612058260090e-02
1.221839486879549436e-02 8.765959343554405314e-02 8.680578839992512119e-01 3.206412769640931693e-02
1.065880570954810466e-02 8.315942442949166014e-02 8.829363914755751219e-01 2.324537838538506471e-02
9.397412252012670233e-03 7.615152724774056081e-02 8.981785471587014902e-01 1.627251334154533602e-02
8.408843960280035223e-03 6.769047600953294330e-02 9.122829453830867408e-01 1.161773464710027896e-02
7.832351361260729214e-03 6.085638228643552167e-02 9.222785950625591589e-01 9.032671289744541657e-03
7.721823283516177604e-03 5.778437410320122480e-02 9.266603189879678570e-01 7.833483625314786522e-03
8.005178596416450895e-03 5.988357704849244650e-02 9.246890163330770962e-01 7.422228022013691549e-03
8.670926131037979753e-03 7.002296743199519502e-02 9.137508695836809025e-01 7.555236853286056292e-03
9.888052232088495597e-03 9.455066843285454825e-02 8.872067564071551837e-01 8.354522927902155796e-03
1.213874788116640902e-02 1.427271145603303815e-01 8.349201646192159210e-01 1.021397293928740825e-02
1.548799555327283646e-02 2.281741256900888248e-01 7.426591164635650832e-01 1.367876229307344975e-02
1.973643761463798885e-02 3.460224999080094288e-01 6.155999736919217646e-01 1.864108878543087322e-02
2.353646897026744067e-02 4.762966987641991112e-01 4.759481031001140949e-01 2.421872916541919357e-02
2.563855273920091077e-02 5.946320786605462372e-01 3.507089035054599679e-01 2.902046509479282166e-02
2.689396212925718177e-02 6.817969418203092546e-01 2.590504750004565815e-01 3.225862104997697516e-02
2.802538143629348943e-02 7.426111003430252433e-01 1.952328644315417527e-01 3.413065378913936881e-02
2.936797894794552707e-02 7.869532094130795574e-01 1.480975178808294213e-01 3.558129375814583772e-02
3.068331811219305108e-02 8.197985378761728503e-01 1.119696034589931499e-01 3.754854055264073703e-02
3.239619023988175861e-02 8.400180306406328512e-01 8.676293313848361388e-02 4.082284598100190814e-02
3.363767213860059668e-02 8.511283355964714969e-01 6.891807067811167586e-02 4.631592158681600152e-02
3.464099778026613619e-02 8.526409122723409562e-01 5.655273416646383611e-02 5.616535578092950176e-02
3.689436843841494007e-02 8.396740852012792855e-01 5.009360332758010237e-02 7.333794303272553328e-02
3.896438771161477715e-02 8.142805103829553470e-01 4.789833704801552822e-02 9.885676485741426434e-02
4.456077024450170315e-02 7.770960333606307113e-01 4.807308132834552800e-02 1.302701150665218355e-01
5.194333280389133028e-02 7.402028205979964692e-01 4.934897939650187415e-02 1.585048672016104720e-01
6.228372097005297620e-02 7.161978670728010865e-01 5.097773691107303912e-02 1.705406750460734810e-01
7.983226744510725503e-02 7.042521869851634531e-01 5.455454449991414823e-02 1.613610010698151298e-01
1.104968653524479594e-01 6.916348803376500820e-01 5.988980751568034194e-02 1.379784467942214432e-01
1.599573169123109928e-01 6.597006358738226606e-01 6.905836515853423785e-02 1.112836820553316647e-01
2.303078298419254377e-01 6.002286148534322630e-01 8.165037109642082902e-02 8.781318420822191440e-02
3.196477649802108578e-01 5.171288965386169334e-01 9.456671788553940028e-02 6.865662059563287789e-02
4.232813046116096767e-01 4.209878550995183044e-01 1.029709373566333047e-01 5.275990293223842970e-02
5.345818186149269291e-01 3.223475813536767487e-01 1.035978087427727873e-01 3.947279128862366676e-02
6.363493552899134320e-01 2.366829313695806847e-01 9.832043567376252957e-02 2.864727766674333292e-02
7.216804140592433248e-01 1.678589054515832735e-01 9.032992036572504158e-02 2.013076012344859958e-02
7.853890317115955755e-01 1.183310279744778232e-01 8.249664550203884839e-02 1.378329481188769398e-02
8.294376751878138609e-01 8.579947347952747438e-02 7.537922813662982502e-02 9.383623196028909041e-03
8.598993184507500720e-01 6.513307599983256257e-02 6.854833112553808394e-02 6.419274423879301437e-03
8.824769839876510646e-01 5.161349348854747665e-02 6.153019915848615545e-02 4.379323365314983195e-03
9.009609299818897021e-01 4.220083383583849573e-02 5.384731773187598908e-02 2.990918450395967012e-03
9.174454034182243367e-01 3.538524741883471159e-02 4.507220542774827143e-02 2.097143735192665958e-03
9.332829676639343708e-01 3.032147389703624893e-02 3.488901060274503946e-02 1.506547836284480258e-03
9.487725937272595278e-01 2.629031377092774791e-02 2.386168039677110872e-02 1.075412105041731806e-03
9.618890739619226915e-01 2.325870977172049547e-02 1.408187530817236674e-02 7.703409581844554996e-04
9.703933852121450210e-01 2.158460969746126001e-02 7.431333492838235535e-03 5.906715975554876997e-04
9.722948720670514522e-01 2.332253731497948429e-02 3.849120674251663762e-03 5.334699437175267163e-04
9.685921797286932700e-01 2.860316138612652159e-02 2.207655675594049662e-03 5.970032095861058791e-04
9.583621484127380352e-01 3.935074161175664692e-02 1.481515945359019671e-03 8.055940301466637827e-04
9.350397565532567734e-01 6.256331231358198963e-02 1.179018389995668565e-03 1.217912743165554300e-03
8.924294351524347801e-01 1.046183096904075432e-01 1.072838017696615661e-03 1.879417139460979203e-03
8.269881271731377437e-01 1.691807167579987281e-01 1.076009313348180903e-03 2.755146755515401960e-03
7.454059982234467752e-01 2.497346303700627157e-01 1.157602407684038852e-03 3.701768998806287056e-03
