5.536386933356575168e-01 1.321805743378007547e-01 2.449182869733439460e-01 6.926244535319776852e-02
5.943815940741106196e-01 1.248565398037930763e-01 2.343192266604889051e-02 2.573299434560475940e-01
4.632337991876214200e-01 1.270254409537301954e-01 2.183208840315721544e-02 3.879086714554908499e-01
3.192425131191597432e-01 1.205293729834923805e-01 1.968146898879545581e-02 5.405466449085525316e-01
1.983357956755810725e-01 1.039601857481777386e-01 1.712329512022249534e-02 6.805807234560183883e-01
1.150453925696266200e-01 8.369609081514482740e-02 1.491050060415419383e-02 7.863480160110741801e-01
6.522949592165455668e-02 6.386252359264156520e-02 1.350101448856795734e-02 8.574069659971361723e-01
3.693875591993316110e-02 4.637373581119987737e-02 1.297287275810614371e-02 9.037146355107610329e-01
2.068744985553119115e-02 3.174576268189237271e-02 1.305372446073704493e-02 9.345130630018392281e-01
1.161564418394936404e-02 2.077259969621352356e-02 1.415547708890216132e-02 9.534562790309354385e-01
7.088558514115500184e-03 1.387537212605094786e-02 1.838342319401552183e-02 9.606526461658182470e-01
4.991330836898974152e-03 9.914919935314738322e-03 2.887400029292203074e-02 9.562197489348643886e-01
4.069636340220473929e-03 7.388786211878615832e-03 4.882041861799023275e-02 9.397211588299105856e-01
3.696094547581804148e-03 5.479265226105051872e-03 7.928128702660774962e-02 9.115433531997052530e-01
3.535143716528108253e-03 3.936704100645812068e-03 1.162442002457055729e-01 8.762839519371202757e-01
3.359369602469119368e-03 2.738287883571246823e-03 1.534288782143944652e-01 8.404734642995653759e-01
3.134584636665230673e-03 1.888992923856309524e-03 1.898588346177236263e-01 8.051175878217547988e-01
2.940180847130764545e-03 1.336103871468321061e-03 2.250746084581731754e-01 7.706491068232276254e-01
2.842516503123182232e-03 9.904003066176286438e-04 2.532003995738377200e-01 7.429666836164214860e-01
2.949711018481271894e-03 7.860749782330137946e-04 2.730123451049302763e-01 7.232518688983552435e-01
3.384535667429476417e-03 6.846626649281648816e-04 2.920789904339327059e-01 7.038518112337094346e-01
4.216057762933785209e-03 6.536799547767990727e-04 3.190140730383947409e-01 6.761161892438949383e-01
5.465344497486561079e-03 6.679852811375277090e-04 3.583519967518970506e-01 6.355146734694789856e-01
7.244056606069303704e-03 7.225295259726601405e-04 4.101279380234975624e-01 5.819054758444607289e-01
9.788918269991184543e-03 8.269899427483662227e-04 4.656330908544108471e-01 5.237510009328495419e-01
1.337670824936003193e-02 9.987745148932550016e-04 5.069981034957276034e-01 4.786264137400189633e-01
1.830440498099747751e-02 1.268303580767878589e-03 5.146718781194280501e-01 4.657554133188066547e-01
2.479203302066678230e-02 1.678758029591384494e-03 4.822676892282922734e-01 4.912615197214493801e-01
3.228569215200759179e-02 2.232415292546194481e-03 4.217834181345779809e-01 5.436984744208684939e-01
3.927665607486434396e-02 2.850718800104217170e-03 3.496896710844059619e-01 6.081829540406257228e-01
4.521859471233404676e-02 3.485873683081767808e-03 2.788089244669427202e-01 6.724866071376415233e-01
5.030838252145757722e-02 4.132816493514594736e-03 2.174418730297600078e-01 7.281169279552676121e-01
5.478580511299620953e-02 4.791259374400656280e-03 1.711599985231940513e-01 7.692629369894090630e-01
5.947905205757834934e-02 5.498810111481886899e-03 1.414020732991999874e-01 7.936200645317398328e-01
6.557862611946242704e-02 6.340723644076790531e-03 1.255466136822235568e-01 8.025340365542373844e-01
7.459435917818689477e-02 7.501828682542203627e-03 1.212548159774774342e-01 7.966489961617936322e-01
8.827615188420090409e-02 9.271800926764522943e-03 1.273261376151596236e-01 7.751259095738747273e-01
1.086290448152245763e-01 1.198424666546591549e-02 1.419506223522980226e-01 7.374360861670113954e-01
1.372903130048599152e-01 1.583157297893441826e-02 1.605464851784112190e-01 6.863316288377941943e-01
1.752567007538531341e-01 2.069373706423007983e-02 1.783017787807422150e-01 6.257477834011748730e-01
2.218160582987623863e-01 2.597089848074130014e-02 1.955077197879944439e-01 5.567053234325020084e-01
2.723924339322242871e-01 3.051652320767647003e-02 2.179250893516398724e-01 4.791659535084596411e-01
3.181418977199643727e-01 3.310551052664281735e-02 2.522981961542113960e-01 3.964543955991812751e-01
3.503761156867731819e-01 3.309203948131032857e-02 2.998542261224506622e-01 3.166776187094658690e-01
3.662713007542535704e-01 3.071307152808444574e-02 3.532511790016997222e-01 2.497644487159619564e-01
3.813691515544734845e-01 2.812388225807089040e-02 3.878902074722442306e-01 2.026167587152115090e-01
3.996610414772216457e-01 2.570687173731707464e-02 3.984643946443408580e-01 1.761676921411202135e-01
4.337588499153162691e-01 2.443338907352672271e-02 3.749841564278567074e-01 1.668236045833003944e-01
4.801850375949587302e-01 2.450107669552631720e-02 3.259518965265590928e-01 1.693619891829558355e-01
5.306653591372926249e-01 2.557709159857310746e-02 2.650699819305887273e-01 1.786875673335458492e-01
5.869786019343660177e-01 2.790227839327871773e-02 1.950610552367560702e-01 1.900580644355988891e-01
6.387191413194673872e-01 3.017698294863231656e-02 1.319872817054753011e-01 1.991165940264250644e-01
6.786928512743635178e-01 3.222454952018606600e-02 8.572106850544340684e-02 2.033615307000070371e-01
7.032909775206249714e-01 3.447105873621914007e-02 5.732632073761500385e-02 2.049116430055410720e-01
7.143516631412385465e-01 3.609050845352795162e-02 4.134076231628162207e-02 2.082170660889516578e-01
7.138942724204890844e-01 3.812031010349994919e-02 3.224716699398091913e-02 2.157382504820300195e-01
7.081727255031985413e-01 3.944271634135796539e-02 2.681268515734489336e-02 2.255718729980981663e-01
7.051888200010900665e-01 4.023026369157350901e-02 2.359566188591168470e-02 2.309852544214249237e-01
7.131096299573020936e-01 4.060537947785049923e-02 2.209594753100078968e-02 2.241890430338467355e-01
7.352326993608747641e-01 4.044873901571479496e-02 2.206460685031653643e-02 2.022539547730940745e-01
7.676276947791835781e-01 3.941066491737049704e-02 2.318868198903113395e-02 1.697729583144144405e-01
8.032298921375536915e-01 3.760234543934964924e-02 2.495388733774340020e-02 1.342138750853534013e-01
8.358805887715000660e-01 3.577265258237391499e-02 2.706067130663270676e-02 1.012860873394934302e-01
8.603372952705184984e-01 3.491554576432424895e-02 2.982914254050426928e-02 7.491801642465303890e-02
8.738658043007442311e-01 3.575033322015562509e-02 3.402642200514156140e-02 5.635744047395882528e-02
8.759799637368431702e-01 3.870689101332566023e-02 4.096583365148869643e-02 4.434731159834246622e-02
8.661213646240286668e-01 4.441901457830772088e-02 5.254582704134353605e-02 3.691379375632010407e-02
8.442579231405441531e-01 5.356888248521460283e-02 7.007763375845256493e-02 3.209556061578846403e-02
8.132967603736673823e-01 6.633825827057698854e-02 9.233276757676253665e-02 2.803221377899321048e-02
7.778343599270377551e-01 8.305742216570503877e-02 1.152380071601231681e-01 2.387021074713422189e-02
7.425748401072839178e-01 1.044123215731908166e-01 1.332275827687643688e-01 1.978525555076063314e-02
7.135548078039860576e-01 1.297575731322294090e-01 1.405700851468354995e-01 1.611753391694911372e-02
1.818298101899961522e-02 6.979870611950073078e-03 8.473531509385140437e-01 1.274839974305363166e-01
1.217696878640313202e-01 5.374548398506390906e-02 6.080873522108205809e-02 7.636760929298228584e-01
8.715991771089451334e-02 4.758599203481442275e-02 5.968441250769150608e-02 8.055696777465991554e-01
6.447547501439054862e-02 4.144961725460703794e-02 5.881453214217661346e-02 8.352603755888257098e-01
4.950837639775181737e-02 3.523253246378744985e-02 5.854330458641573975e-02 8.567157865520448334e-01
3.900678721964549733e-02 2.902877122241295446e-02 5.998767130651052465e-02 8.719767702514307217e-01
3.080228103072190152e-02 2.299971368476337943e-02 6.512086541741443635e-02 8.810771398671003451e-01
2.428762269771752441e-02 1.757852697592523356e-02 7.768082026231133697e-02 8.804530300640459606e-01
1.971843699982471151e-02 1.331250608693028414e-02 1.037907545419003985e-01 8.631783023713448522e-01
1.696511604178974411e-02 1.028431579646216058e-02 1.508396642622542860e-01 8.219109038994939498e-01
1.542926273791600349e-02 8.203132124510693554e-03 2.230711162858570462e-01 7.532964888517165170e-01
1.375143780047142182e-02 6.687966442963024817e-03 3.167570391038722621e-01 6.628035566526929712e-01
1.287915557426702259e-02 5.600466896054783449e-03 4.203285909831904199e-01 5.611917865464874922e-01
1.265909280141959588e-02 4.840797677251689607e-03 5.236863547144540165e-01 4.588137548068743077e-01
1.172144946783073606e-02 4.227287147328857159e-03 6.223954172169179344e-01 3.616558461679228453e-01
1.144969170524100070e-02 3.864416602080138641e-03 7.071649627460646625e-01 2.775209289466145646e-01
1.241438747387462425e-02 3.766635977186795405e-03 7.675051242623769365e-01 2.163138522865618030e-01
1.490523157125420162e-02 3.839962617471188045e-03 8.054051848669774305e-01 1.758496209442971248e-01
1.941559317949768937e-02 4.126223637546539043e-03 8.314824316455090569e-01 1.449757515374466010e-01
2.523883139908080636e-02 4.222065843460078363e-03 8.545537338866265875e-01 1.159853688708325919e-01
3.238129969111996909e-02 4.081671318876990175e-03 8.745511635977640807e-01 8.898586539223883596e-02
4.175366504344758811e-02 4.058252036330488137e-03 8.865798478129482962e-01 6.760823510727377583e-02
5.349986533580759762e-02 4.118181018166109514e-03 8.890515656127294664e-01 5.333038803329669814e-02
6.666255660398436034e-02 4.362975929762961773e-03 8.842531121259507021e-01 4.472135534030209636e-02
7.854231276066409029e-02 4.731507185572736245e-03 8.770972697993231204e-01 3.962891025444013199e-02
8.621893579314564293e-02 5.149819074729894072e-03 8.721585128231628126e-01 3.647273230896144053e-02
8.740597102748125236e-02 5.501117624209236195e-03 8.730925692291610085e-01 3.400034211914838844e-02
8.209706516252932018e-02 5.668843974943444351e-03 8.808390380032989908e-01 3.139505285922840339e-02
7.384140900444752242e-02 5.688994003834170129e-03 8.914240246366033071e-01 2.904557235511508184e-02
6.687935905932154701e-02 5.718665092296111238e-03 8.991118285072303706e-01 2.829014734115193816e-02
6.179079007752281277e-02 5.759175961221885132e-03 9.026866057372173735e-01 2.976342822403828248e-02
5.648981333608998900e-02 5.684071388248200692e-03 9.049482280149712121e-01 3.287788726069078987e-02
4.955272696433549173e-02 5.432034941297977579e-03 9.085946345033467653e-01 3.642060359101954164e-02
4.155279366605334201e-02 5.057775623286808915e-03 9.136883152325397939e-01 3.970111547811987218e-02
3.376902035136800095e-02 4.651892480741690733e-03 9.185279321950450271e-01 4.305115497284520143e-02
2.767915991582943491e-02 4.355338838620316684e-03 9.209167185319897531e-01 4.704878271356059682e-02
2.140145538546052092e-02 3.940319141384722793e-03 9.231845385264514370e-01 5.147368694670343553e-02
1.646194706204156394e-02 3.620067879473741479e-03 9.237718313851088769e-01 5.614615367337594254e-02
1.257928270211309402e-02 3.393405788137688305e-03 9.237953211816520849e-01 6.023199032809715969e-02
9.707121391158517881e-03 3.315398566837662094e-03 9.235433110754713848e-01 6.343416896653228387e-02
7.819958471144850681e-03 3.485736226111015891e-03 9.218369858176501674e-01 6.685731948509376910e-02
6.893917702481647779e-03 4.073144516240878935e-03 9.155339029750571012e-01 7.349903480622027585e-02
6.923335619466543245e-03 5.419248185107587018e-03 9.004953925563992101e-01 8.716202363902665617e-02
7.809223735753954843e-03 8.179917429625479380e-03 8.759660732188111476e-01 1.080447856158096159e-01
1.032918425027803608e-02 1.493749864605522885e-02 8.473815836222809983e-01 1.273517334813856205e-01
1.401209582526721786e-02 2.884442116475050694e-02 8.216155723183424797e-01 1.355279106916396914e-01
2.090491762215323721e-02 6.071832661347710547e-02 7.802018639990361271e-01 1.381748917653337072e-01
3.118428670939029160e-02 1.244060124701464598e-01 6.949573069414379800e-01 1.494523938790254802e-01
4.146379574827375319e-02 2.175467615562728385e-01 5.708651670532789435e-01 1.701242756421746383e-01
4.851532043781803943e-02 3.066056569751080541e-01 4.482647134583928050e-01 1.966143091286808586e-01
5.221977984559970920e-02 3.592124641100968296e-01 3.525819393913058319e-01 2.359858166529972823e-01
5.345038454555228746e-02 3.675243001792978248e-01 2.827356707502185484e-01 2.962896445249314503e-01
5.094988926022672726e-02 3.487584351496751944e-01 2.249530524266981080e-01 3.753386231634001091e-01
4.737161679031757361e-02 3.151957234248292661e-01 1.789702545545833745e-01 4.584624052302695985e-01
4.392157690292428085e-02 2.847516687423000126e-01 1.433770153757997767e-01 5.279497389789756800e-01
4.189745143140633649e-02 2.690159818690107119e-01 1.181523501330440235e-01 5.709342165665389768e-01
4.210010743674397898e-02 2.744009025167011839e-01 1.014766065481240570e-01 5.820223834984310507e-01
4.484665957551045579e-02 3.004900542687410914e-01 9.021397099615241499e-02 5.644493151595960656e-01
4.973959053168960226e-02 3.367131847752329876e-01 8.194870947258280081e-02 5.315985152204945052e-01
5.479010201368729460e-02 3.677748295565936298e-01 7.610839376392973532e-02 5.013266746657891737e-01
5.707587560194771897e-02 3.878480111267163521e-01 7.253872508281296316e-02 4.825373881885234306e-01
5.666582094204708486e-02 4.029991254316465099e-01 7.148172501165514503e-02 4.688533286146512880e-01
5.758652096386539937e-02 4.203110610586822671e-01 7.453788517817469539e-02 4.475645327992774924e-01
6.338889993517948795e-02 4.448624529590896048e-01 8.249982375417623526e-02 4.092488233515543805e-01
7.508713745255173044e-02 4.788432405366713218e-01 9.421824245676577170e-02 3.518513795540109679e-01
9.140844731217272201e-02 5.187752992110312711e-01 1.073140039179846378e-01 2.825022495588110361e-01
1.080252610234747890e-01 5.600338355138740898e-01 1.189285942128579243e-01 2.130123092497931137e-01
1.190252747987454590e-01 6.018128418212065345e-01 1.273029256566345357e-01 1.518589577234133459e-01
1.206978879532019100e-01 6.444880648980680915e-01 1.323449777548849904e-01 1.024690693938450220e-01
1.136320985281920881e-01 6.856970041403939176e-01 1.347946357157869812e-01 6.587626161562702698e-02
1.026515132666915298e-01 7.186404030781431418e-01 1.368324693236311063e-01 4.187561433153419443e-02
9.378073234352926613e-02 7.357575988456075411e-01 1.422683465645174505e-01 2.819332224634607878e-02
1.089177599610339445e-03 1.448099456027647502e-02 2.372332683524154811e-03 9.820574951565888000e-01
7.694990659718204951e-01 5.037441003004387852e-02 1.222941894206379804e-01 5.783233457749766687e-02
6.930439357945282763e-01 5.121100478368190156e-02 1.785490219518704180e-01 7.719603746991920978e-02
5.814846389199481713e-01 5.049794874224210195e-02 2.580645779778680815e-01 1.099528343599415203e-01
4.479108573493221779e-01 4.869079318498119313e-02 3.393575016441603975e-01 1.640408478215359955e-01
3.196267719827559639e-01 4.588415402557685652e-02 3.847203718407907203e-01 2.497687021508765981e-01
2.213150103386178624e-01 4.297991480296624311e-02 3.657315137733344046e-01 3.699735610850812262e-01
1.475895315481500492e-01 3.789557532023203612e-02 3.075788083616717850e-01 5.069360847699465600e-01
9.587868603891200325e-02 3.158988937099126149e-02 2.379144382209896214e-01 6.346169863691073498e-01
6.200560665237578317e-02 2.564712037523330171e-02 1.731690784356497981e-01 7.391781945367411621e-01
4.113358881639002373e-02 2.117577994360345453e-02 1.212833462118540068e-01 8.164072850281525184e-01
2.858392700677627601e-02 1.836834234401236651e-02 8.470657069538209405e-02 8.683411599538294334e-01
2.062969294420172531e-02 1.679343745495786785e-02 6.133827047059011578e-02 9.012385991302500621e-01
1.514946549297345457e-02 1.590428968692175066e-02 4.745035537362175815e-02 9.214958894464833072e-01
1.117215978639836231e-02 1.529150578808027676e-02 3.935744298619298781e-02 9.341788914393284182e-01
8.158649756232391401e-03 1.478072067193013893e-02 3.412980691786419302e-02 9.429308226539734328e-01
5.742716125385342874e-03 1.437208928193871478e-02 2.974092662587648345e-02 9.501442679667994051e-01
3.935491864000445136e-03 1.433169394708026095e-02 2.600452407913040470e-02 9.557282901097891026e-01
2.773538366619603037e-03 1.498541458019048318e-02 2.404423035801113093e-02 9.581968166951781996e-01
2.054879127262624824e-03 1.615701709005127815e-02 2.469061187917246172e-02 9.570974919035140083e-01
1.563596472171002380e-03 1.723381403078626251e-02 2.876486947149991397e-02 9.524377200255430553e-01
1.223347727089195772e-03 1.793329332709298757e-02 3.881908492293807689e-02 9.420242740228795819e-01
1.047180642690988955e-03 1.854624563512319302e-02 6.047788337620067789e-02 9.199286903459849007e-01
1.064237018614243822e-03 1.936392312469426349e-02 1.040996284559365659e-01 8.754722114007548184e-01
1.325467560115654907e-03 2.023069731951016720e-02 1.887384650679699571e-01 7.897053700524041542e-01
1.780940188354079899e-03 2.013150338316009591e-02 3.380552451593927810e-01 6.400323112690929905e-01
1.981495379529807106e-03 1.765568857862585828e-02 5.401121765611877068e-01 4.402506394806569023e-01
1.980884849952736261e-03 1.372313865949486775e-02 7.191928628567978432e-01 2.651031136337548277e-01
2.267511364525622193e-03 1.081001179067096578e-02 8.242451788954296976e-01 1.626772979493737725e-01
2.917094693119698639e-03 9.137471544770058365e-03 8.706357680650810282e-01 1.173096656970291640e-01
4.097092936425855356e-03 9.548426914700529344e-03 8.821233391983637206e-01 1.042311409505098652e-01
7.469252902263575494e-03 1.169798357126283252e-02 8.713606639798162634e-01 1.094720995466573893e-01
1.262801270650193951e-02 1.369642965743612072e-02 8.501330823339638965e-01 1.235424753020979011e-01
2.010930540150889304e-02 1.493536801015423778e-02 8.272799429462303067e-01 1.376753836421065469e-01
2.952296810109503525e-02 1.491957003992128161e-02 8.084296790012223122e-01 1.471277828577612634e-01
4.099634608805710623e-02 1.433604478429397096e-02 7.923653122666759474e-01 1.523022968609730465e-01
5.448608445111703669e-02 1.407945402251900568e-02 7.742035883394827733e-01 1.572308731868814480e-01
6.758971278772234192e-02 1.451430485292116122e-02 7.524811760681280326e-01 1.654148062912282890e-01
7.716204992300994270e-02 1.573138125098008308e-02 7.309945499660214230e-01 1.761120188599883396e-01
8.279506602094202639e-02 1.781883769588323702e-02 7.137401140744628059e-01 1.856459822087121458e-01
8.685530007651406925e-02 2.091081408050612586e-02 7.024620371357644943e-01 1.897718487072150018e-01
9.116302789313394939e-02 2.473462932841942116e-02 6.969265099394384988e-01 1.871758328390084880e-01
9.847624442328796468e-02 2.996819471876613003e-02 6.902373600927660391e-01 1.813182007651799044e-01
1.052455962651136362e-01 3.522784867463663039e-02 6.845267969066781699e-01 1.749997581535715219e-01
1.078810241828106475e-01 3.946402843282312278e-02 6.863529892040075575e-01 1.663019581803584501e-01
1.062301723296597417e-01 4.263808725382890047e-02 6.994762626201748157e-01 1.516554777963367850e-01
1.009971873823772293e-01 4.608618432572138962e-02 7.241687292861742620e-01 1.287478990057269179e-01
9.721788673312964368e-02 5.327996244638080747e-02 7.481185471779930873e-01 1.013836036424966280e-01
1.009601110542357599e-01 7.094733034304724628e-02 7.497001523536167555e-01 7.839240624910044641e-02
1.159577540689821357e-01 1.086210493872784844e-01 7.112996520997791894e-01 6.412154444396027386e-02
1.417736475831362364e-01 1.755002724171577932e-01 6.263042538921774760e-01 5.642182610752817518e-02
1.800864698167637667e-01 2.695189309263693045e-01 4.989700241907209510e-01 5.142457506614575569e-02
2.304232458693000196e-01 3.671339062255087882e-01 3.562905198803563156e-01 4.615232802483493213e-02
2.842637044543611657e-01 4.394109723948613211e-01 2.358599840924784918e-01 4.046533905829900746e-02
3.365658784978297069e-01 4.740625220777171522e-01 1.525213954937431615e-01 3.685020393070992384e-02
3.760729768639193282e-01 4.842059737365939087e-01 1.020994311943489025e-01 3.762161820513766630e-02
4.010336085104486692e-01 4.812318622020546610e-01 7.378382781578581018e-02 4.395070147171116492e-02
4.076260217038704115e-01 4.772082722126991805e-01 6.007544085052743399e-02 5.509026523290289773e-02
4.064442314314510307e-01 4.718528581400551203e-01 5.303886005091398848e-02 6.866405037758013807e-02
4.015897815589756226e-01 4.680058894408154480e-01 4.957550876119296707e-02 8.082882023901591384e-02
3.986633585697026971e-01 4.642541739774034837e-01 4.832622426473046073e-02 8.875624318816316416e-02
4.002997139464735121e-01 4.571790705704396052e-01 4.918988400788902593e-02 9.333133147519785677e-02
4.077782138531496070e-01 4.419268622942847946e-01 5.197238374630015062e-02 9.832254010626544083e-02
4.218081498838802679e-01 4.168529452315912764e-01 5.569026284023036871e-02 1.056486420442981633e-01
4.385866091352141338e-01 3.886465934977571535e-01 5.919520599130851518e-02 1.135715913757200657e-01
4.500913509543274516e-01 3.663514063536847942e-01 6.310854617965162838e-02 1.204486965123358344e-01
4.515060061362255461e-01 3.517714556515724733e-01 6.915375205985550833e-02 1.275687861523464028e-01
4.439605368114283301e-01 3.394714725296554270e-01 7.816582369484367798e-02 1.384021669640725927e-01
4.279544919317794793e-01 3.267244375782900612e-01 8.974009628911082392e-02 1.555809742008192054e-01
4.019944568410777075e-01 3.164521755066115327e-01 1.021122094056970409e-01 1.794411582466133581e-01
3.664086071375784459e-01 3.125836097929023949e-01 1.124902646047805238e-01 2.085175184647387603e-01
3.253724389510357362e-01 3.171631472127868778e-01 1.180465256392525669e-01 2.394178881969249717e-01
1.001503019698968093e-03 1.599803315321467190e-02 1.876387005378499506e-01 7.953617632892364675e-01
1.796494432231793559e-01 2.832188219707488241e-01 4.713188109206627868e-02 4.899998537140054511e-01
1.079056535940853823e-01 2.385671566081845607e-01 5.228162236545571412e-02 6.012455674322746413e-01
5.977905449538497423e-02 1.703137339036737974e-01 5.542215833956337656e-02 7.144850532613780114e-01
2.952133387771757947e-02 1.030095169342495620e-01 5.561182558313208096e-02 8.118573236049008157e-01
1.351351237875886464e-02 5.534842339002295913e-02 5.883486404949261200e-02 8.723032001817255798e-01
6.497985646730385784e-03 2.877554910984466557e-02 7.440637848526623910e-02 8.903200867581586575e-01
3.650842860791903097e-03 1.495283315634009409e-02 1.014249863492358988e-01 8.799713376336321113e-01
2.396977798349977928e-03 7.632793975102449870e-03 1.286950901294246496e-01 8.612751380971229720e-01
1.715987237740892925e-03 3.783944242367654181e-03 1.427892457199330667e-01 8.517108227999583558e-01
1.256358113934812710e-03 1.908684363087588326e-03 1.395755172591797155e-01 8.572594402637980782e-01
9.321794453642840740e-04 1.075267248367404744e-03 1.268247022606457386e-01 8.711678510456223323e-01
7.437467759886563518e-04 7.485043101472286338e-04 1.149634199586725969e-01 8.835443289551913049e-01
6.510025960328428988e-04 6.636736277743790708e-04 1.063419536490369521e-01 8.923433701271558105e-01
5.773307225661667612e-04 7.086611337936493064e-04 9.542969913392476689e-02 9.032843090097154581e-01
4.698025220014503240e-04 8.439226145873284998e-04 7.684481461769034072e-02 9.218414602457207785e-01
3.590171608494551153e-04 1.054598974054659537e-03 5.351681310101325667e-02 9.450695707640827115e-01
5.423126878823643316e-04 1.025708847521035949e-03 3.305615583823031528e-02 9.653758226263663422e-01
2.925469954598929295e-04 1.605109613221139628e-03 1.935215223777195237e-02 9.787501911535467780e-01
3.116541926249559924e-04 1.929679087850879032e-03 1.142577388338628271e-02 9.863328928361378978e-01
3.407021740812378875e-04 2.319838455765369303e-03 7.097005897716878245e-03 9.902424534724365568e-01
9.029810075580930334e-05 2.078813597045845590e-03 4.924754595922834453e-03 9.929061337062756731e-01
9.321010414615163344e-05 2.952606263678867349e-03 3.754081296519631589e-03 9.932001023356553659e-01
1.069545811568434939e-04 4.030233066746186955e-03 3.191600640871199157e-03 9.926712117112258538e-01
6.943503619428253656e-04 5.602479541238739209e-03 3.044438019977596405e-03 9.906587320768408533e-01
9.851032548123309345e-04 7.330835811707222226e-03 3.578997401469041599e-03 9.881050635320109965e-01
1.446329912628554213e-03 9.673559527391038804e-03 4.809528835952319066e-03 9.840705817240277264e-01
2.086181774516355451e-03 1.264038414938878536e-02 6.880990166763399987e-03 9.783924439093312220e-01
2.891071161975136694e-03 1.599608673193569572e-02 9.986184870531846641e-03 9.711266572355571336e-01
3.850272250004996375e-03 1.939566835039205350e-02 1.460645107332498617e-02 9.621476083262782142e-01
4.831956956697306543e-03 2.240744286868378080e-02 2.144406668318023929e-02 9.513165334914390758e-01
5.659717022428660364e-03 2.489058903940611842e-02 3.176941805448697809e-02 9.376802758836780827e-01
6.409333660576919250e-03 2.731906817297256526e-02 4.881436851851686520e-02 9.174572296479334144e-01
8.173391157025977627e-03 3.030757954497653381e-02 7.949931364450939231e-02 8.820197156534883565e-01
1.001402810064414180e-02 3.461935565697450007e-02 1.336206517252832571e-01 8.217459645170982485e-01
1.257669591071664851e-02 3.941225559431723452e-02 2.142114445707541670e-01 7.337996039242120627e-01
1.606352729613012495e-02 4.442965293087754869e-02 3.052853142912025919e-01 6.342215054817897935e-01
2.108082454471124634e-02 5.058872337012609161e-02 3.833970589782603189e-01 5.449333931069022530e-01
2.854629624571084628e-02 5.891675638132989890e-02 4.396216428894003103e-01 4.729153044835589514e-01
3.956087571656898699e-02 6.988766915952183967e-02 4.740803102496111698e-01 4.164711448742981492e-01
5.511593428683068951e-02 8.380776886415504390e-02 4.827706259346278284e-01 3.783056709143868268e-01
7.871096965015758617e-02 9.861520692545171218e-02 4.596592131217281940e-01 3.630146103026626880e-01
1.105683393137044807e-01 1.105706857848521019e-01 4.060356468303387145e-01 3.728253280711048556e-01
1.489141483173536396e-01 1.147218905966541080e-01 3.330501593563195417e-01 4.033138017296726274e-01
1.897730397118682355e-01 1.082924947279580025e-01 2.583354721281340138e-01 4.435989934320399564e-01
2.296370694811953050e-01 9.408889416016030793e-02 1.979445129500346234e-01 4.783295234086095693e-01
2.666482636669624262e-01 7.891316286326172103e-02 1.581482854014568118e-01 4.962902880683190965e-01
2.995778108257371453e-01 6.754283172637351451e-02 1.353926844411999231e-01 4.974866730066897502e-01
3.261072883124372379e-01 6.044174371204948104e-02 1.234413689080647025e-01 4.900095990674484536e-01
3.415534912541635104e-01 5.624867275276355244e-02 1.173565224070071272e-01 4.848413135860656364e-01
3.418830575812905059e-01 5.444856126245746497e-02 1.135021113310712287e-01 4.901662698251809669e-01
3.275489048899538069e-01 5.532085034168072318e-02 1.091336548835896564e-01 5.079965898847759176e-01
3.063609812107265240e-01 5.947051772144412718e-02 1.022970130532892263e-01 5.318714880145399837e-01
2.906489088902940443e-01 6.787435102950849231e-02 9.182926582917633196e-02 5.496474742510208955e-01
2.883824990432901636e-01 8.190024452979596803e-02 7.747638843938697839e-02 5.522408679875273618e-01
2.990851145125879573e-01 1.023808223440618587e-01 6.140016826470597044e-02 5.371338948786442691e-01
3.197973668434109795e-01 1.289779303598724280e-01 4.753187909718123438e-02 5.036928236995354968e-01
3.533069797380742338e-01 1.598930778529318308e-01 3.777873750033820116e-02 4.490212049086557133e-01
3.996040504116106229e-01 1.941629271271067547e-01 3.139294524141254122e-02 3.748400772198701714e-01
4.537419390996961788e-01 2.289446944645550375e-01 2.654474133974501354e-02 2.907686250960035967e-01
5.066711048387111394e-01 2.594930728070158343e-01 2.206690810764265487e-02 2.117689142466303853e-01
5.465781121823096722e-01 2.842206625416566212e-01 1.801473006115507022e-02 1.511864952148785357e-01
5.726069000346953874e-01 3.017804269305850995e-01 1.438231663560272933e-02 1.112303563991166450e-01
5.917445797663702933e-01 3.101510626967702300e-01 1.136516478225578324e-02 8.673919275460345579e-02
6.112736109671221829e-01 3.079768587455322115e-01 8.587546606316262543e-03 7.216198368102923200e-02
6.275053435350702591e-01 3.025620308815508142e-01 6.822894150531837350e-03 6.310973143284696885e-02
6.406150906552950941e-01 2.970021430101197901e-01 5.460529228589382222e-03 5.692223710599569192e-02
6.484838239093611012e-01 2.943658543675533035e-01 4.468193951448235814e-03 5.268212777163751998e-02
6.491468771965508422e-01 2.963688195513433654e-01 3.858642878270628768e-03 5.062566037383492423e-02
6.424401106491429703e-01 3.037888367306905701e-01 3.552684109209346391e-03 5.021836851095711624e-02
6.307072929341570600e-01 3.155992532409223061e-01 3.420836407032713539e-03 5.027261741788816019e-02
6.154817353607802133e-01 3.306434742308750896e-01 3.381372844333623961e-03 5.049341756401118375e-02
7.522088531907468456e-02 9.043008804135880263e-01 1.819658305080572996e-02 2.281651216531636796e-03
5.675575626399213119e-02 9.230126625410480790e-01 1.814748242220365002e-02 2.084098772756245652e-03
4.207208747016332601e-02 9.371868716102758068e-01 1.884833416906162365e-02 1.892706750498942148e-03
3.016594724498914901e-02 9.476694327666985718e-01 2.046323453938399262e-02 1.701385448928224159e-03
2.468738078832962216e-02 9.498071769492197891e-01 2.392221874329304374e-02 1.583223519157455012e-03
2.057266961007999523e-02 9.482654878059518788e-01 2.966057914422786171e-02 1.501263439740124815e-03
1.813477305923238275e-02 9.425149196716515743e-01 3.787355022037464103e-02 1.476757048741318256e-03
1.648942123596753434e-02 9.355714025713134374e-01 4.643877352573438227e-02 1.500402666984751790e-03
1.513598977922700310e-02 9.324886553669506917e-01 5.082280824045432022e-02 1.552546613367903694e-03
1.395615350255073085e-02 9.374098275501424604e-01 4.700031695292175571e-02 1.633701994385047384e-03
1.311944065208412932e-02 9.482008038073714840e-01 3.686061887761782341e-02 1.819136662926609718e-03
1.314017494671082878e-02 9.574783766950681896e-01 2.708213993812857295e-02 2.299308420092591697e-03
1.489585778316727428e-02 9.601830455304231071e-01 2.152179008778005651e-02 3.399306598629492273e-03
1.900467166768233379e-02 9.560618616392110303e-01 1.950639440516745843e-02 5.427072287939224346e-03
2.409022003276176105e-02 9.485984897181508613e-01 1.906705077338475066e-02 8.244239475702679065e-03
3.195484910535922179e-02 9.377744255236331039e-01 1.885240252089450883e-02 1.141832285011338405e-02
4.266499906623304889e-02 9.240898252725852080e-01 1.846757664295153520e-02 1.477759901822982801e-02
5.873440577282298264e-02 9.041042753669902288e-01 1.815145807056808835e-02 1.900986078961923106e-02
8.033962427243059035e-02 8.773289085794139242e-01 1.767002462594693610e-02 2.466144252220852512e-02
1.043109621385961000e-01 8.470385088902000481e-01 1.679750300491702000e-02 3.185302596628689781e-02
1.270287949894350898e-01 8.170961741284104018e-01 1.556201787353436033e-02 4.031301300862018960e-02
1.457371553865819680e-01 7.911537520535140144e-01 1.409785578855603932e-02 4.901123677134802681e-02
1.598724585042414492e-01 7.704167739925209535e-01 1.271867936781738082e-02 5.699208813542049057e-02
2.967253564033854873e-01 1.081913394393705791e-01 1.240719703791968997e-01 4.710113337780467702e-01
1.841175390844817239e-01 9.847097848624107586e-02 1.275233538261672794e-01 5.898881286031096849e-01
9.727400551406002738e-02 7.663311390484446595e-02 1.229358148543291673e-01 7.031570657267662838e-01
4.484689177517250241e-02 5.203099687713010763e-02 1.161777822252303555e-01 7.869443291224673676e-01
2.001605981092060768e-02 3.370525910915249390e-02 1.184847116903746667e-01 8.277939693895518536e-01
1.004205844623328944e-02 2.373921734414360940e-02 1.444100139092510671e-01 8.218087103003720584e-01
6.249702612994275340e-03 1.955592377519622949e-02 2.176843657409054389e-01 7.565100078709039444e-01
3.988243202368272136e-03 1.797487168826323797e-02 3.720574324261239352e-01 6.059794526832443795e-01
2.790941330532423822e-03 1.573145377078456753e-02 5.994303937878698862e-01 3.820472111108133562e-01
1.492630332231537418e-03 1.182841824575396432e-02 8.001937952021370704e-01 1.864851562198775459e-01
7.286085024159403949e-04 7.768145065818182239e-03 9.096269560858654124e-01 8.187629034590049315e-02
3.754026353873479824e-04 5.442589340838958033e-03 9.554679302286498421e-01 3.871407779512359149e-02
2.730183299549933753e-04 4.156412030906892451e-03 9.740641396634321936e-01 2.150642997570609977e-02
2.541407583399386176e-04 3.584765023136309015e-03 9.821952190059408672e-01 1.396587521258300414e-02
2.848582373969657218e-04 3.477536934970700076e-03 9.861919272707285744e-01 1.004567755690366666e-02
3.684744306978021125e-04 3.709744703422626199e-03 9.883057015186217376e-01 7.616079347257879995e-03
5.163657736589746328e-04 4.223876381610400070e-03 9.893511837849068291e-01 5.908574059824085560e-03
7.324135314000707660e-04 5.006266260276603756e-03 9.895997469946251623e-01 4.661573213698355471e-03
1.045008788082734319e-03 6.179549859990591219e-03 9.889368226572222698e-01 3.838618694705039393e-03
1.584017212323132013e-03 8.043920915262049720e-03 9.868857540634431436e-01 3.486307808971612476e-03
3.472334905310803851e-03 1.048895609283685519e-02 9.823177732121477490e-01 3.720935789704369039e-03
5.756820955660339224e-03 1.388825065733693097e-02 9.759378272584459113e-01 4.417101128557025802e-03
9.479323430164197234e-03 1.786195409339091933e-02 9.669792401434186280e-01 5.679482333025940612e-03
1.507155411892953552e-02 2.285911236270357985e-02 9.544061662586652561e-01 7.663167259701249463e-03
2.267199022522164986e-02 2.988953563958634749e-02 9.368916624969194640e-01 1.054681163827262021e-02
3.138430716402144244e-02 4.004564421766695914e-02 9.144770055351201243e-01 1.409304308319104908e-02
3.860224084578253029e-02 5.348939079433420035e-02 8.906381688394541252e-01 1.727019952042915113e-02
4.185679125764614483e-02 6.883614847728403152e-02 8.701066888472460681e-01 1.920037141782369311e-02
4.137040056575515268e-02 8.282329843274989500e-02 8.556036503572684859e-01 2.020265064422654619e-02
3.891839852773412017e-02 9.146916142567065866e-02 8.484111588785171465e-01 2.120128116807797405e-02
3.536501593822714146e-02 9.259471613589088934e-02 8.494184353501046392e-01 2.262183257577750697e-02
3.079593192906047994e-02 8.719225661005966521e-02 8.578517268835035292e-01 2.416008457737585727e-02
2.592813696331214973e-02 7.858600414189706451e-02 8.697792618100335105e-01 2.570659708475743141e-02
2.161617032075165493e-02 6.972668280952104558e-02 8.812781775003794005e-01 2.737896936934822167e-02
1.806764177677865763e-02 6.222611128096516842e-02 8.911147481378473012e-01 2.859149880440869235e-02
1.527057299154537147e-02 5.695525151130931274e-02 8.995713324974550229e-01 2.820284299969054442e-02
1.319625701842862785e-02 5.419198238802618722e-02 9.069251434344721696e-01 2.568661715907267704e-02
1.173199077958893277e-02 5.339930669232384464e-02 9.132855912837769541e-01 2.158311124431023381e-02
1.057466887214452735e-02 5.349903226238164611e-02 9.190155311103422875e-01 1.691076775513135344e-02
9.446838205227065313e-03 5.343943127948398708e-02 9.243824805828447788e-01 1.273124993244431971e-02
8.386542561292157152e-03 5.294762700818791967e-02 9.288812061150003574e-01 9.784624315519357615e-03
7.638629341298904148e-03 5.257393241394858752e-02 9.316462032694938777e-01 8.141234975258626258e-03
7.379378984073994840e-03 5.330153362572476183e-02 9.319193290680127806e-01 7.399758322188598053e-03
7.603807655094729952e-03 5.663592609823260571e-02 9.286494078753334547e-01 7.110858371339214869e-03
8.309626426235068586e-03 6.519113815739953355e-02 9.193876561721041618e-01 7.111579244260858752e-03
9.699398330234757643e-03 8.342437369294783411e-02 8.993582990312405379e-01 7.517928945576715129e-03
1.217896494052449555e-02 1.167933442108815140e-01 8.624239802725466308e-01 8.603710576047533115e-03
1.672577539932635846e-02 1.726184211095658783e-01 7.998305259193839722e-01 1.082527757172387604e-02
2.302981090800412106e-02 2.494447871067804190e-01 7.132767764047287518e-01 1.424862558048673941e-02
3.020136653183495140e-02 3.415761797416624335e-01 6.095254983809408333e-01 1.869695534556188588e-02
3.700225207617866691e-02 4.367760776627147568e-01 5.026898077539873055e-01 2.353186250711930202e-02
4.323640653113552251e-02 5.224770196347998663e-01 4.063288362657380137e-01 2.795773756832671542e-02
4.953347514702618332e-02 5.940550655322804907e-01 3.249394368365013941e-01 3.147202248419200821e-02
5.683444464699241583e-02 6.520271961379887626e-01 2.568558111190724635e-01 3.428254809594612207e-02
6.631947880838236220e-02 6.930336167170026984e-01 2.034900933907392573e-01 3.715681108387546006e-02
7.879853441883329090e-02 7.140727268112410098e-01 1.662698880367167453e-01 4.085885073320909278e-02
9.330612297471189975e-02 7.181740699268938100e-01 1.423189675437476487e-01 4.620083955464666936e-02
1.081662490450647357e-01 7.116629780750992618e-01 1.253204747727802992e-01 5.485029810705582126e-02
1.216460867055325495e-01 6.948920015330521949e-01 1.148453896071194580e-01 6.861652215429535351e-02
1.336604736036185459e-01 6.673949018977011205e-01 1.112442669000708456e-01 8.770035759860941860e-02
1.444328055267914135e-01 6.336068053865572258e-01 1.127363837514745865e-01 1.092240053351770240e-01
1.528908179544135604e-01 6.047869550557685159e-01 1.160113096358210000e-01 1.263109173539970487e-01
1.589815408525240004e-01 5.917621228331342298e-01 1.196459559929997085e-01 1.296103803213422834e-01
1.661927424791334040e-01 5.912842806064929624e-01 1.257723829674051441e-01 1.167505939469684062e-01
1.774971299283883419e-01 5.884925979303048393e-01 1.378938262771092771e-01 9.611644586419723635e-02
1.916082555584013858e-01 5.733275956371769455e-01 1.584306075977263417e-01 7.663354120669507719e-02
2.070803368771953479e-01 5.447481048336763054e-01 1.863595711144162004e-01 6.181198717471216020e-02
2.254666986904982906e-01 5.068068709236474012e-01 2.162126833107307633e-01 5.151374707512330203e-02
2.500687683500260050e-01 4.641571399158959110e-01 2.415343402672451012e-01 4.423975146683312154e-02
2.800548875415274086e-01 4.228241202450555569e-01 2.585343874467811442e-01 3.858660476663588329e-02
3.236299826311777039e-01 3.763608901346205959e-01 2.663122095079520357e-01 3.369691772624955339e-02
3.759667369429752770e-01 3.284927163306000653e-01 2.668513074842562838e-01 2.868923924216836702e-02
4.333979673503540186e-01 2.810798635552560487e-01 2.620340634792350798e-01 2.348810561515494999e-02
4.904934532973720396e-01 2.385820732739198924e-01 2.522219581531284782e-01 1.870251527557961757e-02
5.455064473119444202e-01 2.028475284014699676e-01 2.370254632634959391e-01 1.462056102309004270e-02
5.990351491474256163e-01 1.737523670594445790e-01 2.160780631831730192e-01 1.113442060995637438e-02
6.532203195023037479e-01 1.493530335296508194e-01 1.891484104687657375e-01 8.278236499279573862e-03
7.105954992109910773e-01 1.273346913581947515e-01 1.559623542456670953e-01 6.107455185146769792e-03
7.713504717352788198e-01 1.068582882232399778e-01 1.173734440675168883e-01 4.417795973964363555e-03
8.302300541953508972e-01 8.880853940748953401e-02 7.793627046029842631e-02 3.025135936861400067e-03
8.808629979420555811e-01 7.230354758058890607e-02 4.487227820279712093e-02 1.961176274558283899e-03
9.126367109000089739e-01 6.239275522227850229e-02 2.364763718955196006e-02 1.322896688160588247e-03
9.309473214131100960e-01 5.635712939117698550e-02 1.168207943344005961e-02 1.013469762272966668e-03
9.339910023363269254e-01 5.860983561986269491e-02 6.424537060666355749e-03 9.746249831440973810e-04
9.253788296898635135e-01 6.941544019143928990e-02 4.072021358016761523e-03 1.133708760680876343e-03
9.032639432530459311e-01 9.228271962485178059e-02 2.970738176865324581e-03 1.482598945236949161e-03
8.645676616584345719e-01 1.309560635346367075e-01 2.447912755220298196e-03 2.028362051708556841e-03
8.101733581200820655e-01 1.848464063504648702e-01 2.235151665370523760e-03 2.745083864082511864e-03
7.468819023561072967e-01 2.473489270006761498e-01 2.210997907319642731e-03 3.558172735896714730e-03
