4.060128501776545384e-01 1.165485581979730095e-01 4.411635570835787945e-01 3.627503454079366446e-02
4.765097603991417241e-01 1.307503919680373383e-01 1.930412018467321175e-02 3.734357274481477917e-01
2.972862628439483790e-01 1.117598482215455824e-01 1.638306189829214637e-02 5.745708270362137604e-01
1.494649984299928347e-01 7.860760177949380201e-02 1.208922227723441267e-02 7.598381775132790894e-01
6.272369059020112270e-02 4.754152625784428821e-02 8.233537492757162304e-03 8.815012456591971857e-01
2.360605153371907530e-02 2.651064208392241162e-02 5.529609546550702699e-03 9.443536968358077210e-01
8.522446038649950789e-03 1.448003164559127920e-02 3.884625751293744721e-03 9.731128965644649798e-01
3.100797729409887713e-03 7.917624725289599055e-03 2.969430007890348864e-03 9.860121475374102884e-01
6.724295298200871039e-04 4.244323557089539796e-03 2.693656377326765754e-03 9.923895905357638103e-01
2.611084563886204935e-04 2.373803301057506032e-03 3.201770446483993057e-03 9.941633177960702561e-01
1.306110031102640946e-04 1.469449955706690061e-03 4.814132803402233242e-03 9.935858062377806998e-01
1.047683201543020870e-04 1.079750440198281669e-03 8.686221675686840726e-03 9.901292595639608063e-01
1.656784810068436442e-04 9.479107086286950529e-04 1.679737834314171119e-02 9.820890324672225669e-01
3.983337653127072054e-04 1.081908116018762871e-03 3.098031717466919258e-02 9.675394409439995735e-01
2.227647938411337486e-04 1.451352846040157140e-03 5.200447213391809487e-02 9.463214102262009764e-01
3.048178207841532959e-04 1.357114992061563951e-03 7.926203308515189505e-02 9.190760341020022262e-01
4.644282911492798893e-04 1.235802129225411009e-03 1.138041453073703330e-01 8.844956242722552542e-01
7.345436478980658631e-04 1.137688846056550537e-03 1.559295555069404038e-01 8.421982119991051619e-01
2.865953629018806953e-04 9.493251048859662269e-04 1.992064459188264414e-01 7.995576336133856099e-01
3.460750229427402057e-04 8.581190945259927882e-04 2.376340598690456218e-01 7.611617460134857405e-01
4.410366877429224637e-04 8.205495545713188330e-04 2.745140337934707242e-01 7.242243799642149593e-01
5.846621352101361718e-04 8.374778530217211756e-04 3.163055043224339280e-01 6.822723556893341978e-01
7.884288454252892176e-04 8.951803396966323458e-04 3.654493047933208838e-01 6.328670860215573901e-01
1.082407481317845246e-03 9.937388997237814586e-04 4.181495777195736729e-01 5.797742758993841283e-01
1.532081988845004168e-03 1.144432142222941672e-03 4.619853174700748744e-01 5.353381683988568396e-01
2.246011523647934924e-03 1.364898294123448059e-03 4.806076416288303510e-01 5.157814485533980253e-01
3.389790683185857877e-03 1.692881119067893162e-03 4.608339114968771910e-01 5.340834167008691180e-01
5.146032983073686728e-03 2.179004629627837291e-03 4.039213562282566450e-01 5.887536061590417091e-01
7.439654127088539751e-03 2.811665133650957139e-03 3.274076606449788374e-01 6.623410200942816406e-01
1.013808809242233190e-02 3.475559909772941037e-03 2.484778904575217495e-01 7.379084615402830005e-01
1.155159055281618045e-02 3.996145287448124757e-03 1.800962883421964311e-01 8.043559758175394814e-01
1.218835599264885515e-02 4.417399006082975074e-03 1.278613942321010777e-01 8.555328507691670747e-01
1.200074223050192831e-02 4.699701848303129703e-03 9.183947945370854460e-02 8.914600764674864841e-01
1.114723103613244649e-02 4.824816009399204506e-03 6.869044534415637282e-02 9.153375076103120733e-01
9.926315622693573579e-03 4.831461038679218251e-03 5.431219827616210610e-02 9.309300250624654716e-01
8.742697960335511428e-03 4.855079256252193068e-03 4.616792610938338232e-02 9.402342966740289132e-01
7.976174648224086325e-03 5.093861287917359967e-03 4.297726653328293872e-02 9.439526975305758683e-01
7.925845651761027899e-03 5.773972183739056567e-03 4.392242642674035885e-02 9.423777557377593928e-01
8.764539288113538246e-03 7.114799975659148734e-03 4.792457350294119373e-02 9.361960872332859562e-01
1.069369066642110802e-02 9.377087504775359628e-03 5.437458040468126641e-02 9.255546414241223596e-01
1.409691349289758297e-02 1.283126377913513735e-02 6.452513967847285647e-02 9.085466830494943746e-01
1.952807828356288578e-02 1.745242084722080020e-02 8.204630650956498683e-02 8.809731943596512682e-01
2.763431385499321574e-02 2.261758490593165222e-02 1.130676576419444856e-01 8.366804435971305631e-01
3.899306462637944226e-02 2.720198276657178477e-02 1.646507781322851249e-01 7.691541744747634191e-01
5.398578518611940602e-02 3.032564758131044841e-02 2.386288334089451124e-01 6.770597338236248319e-01
7.320110268577267876e-02 3.201710412770140263e-02 3.212052553781979403e-01 5.735765378083282906e-01
9.994257441857644364e-02 3.333671896382518068e-02 3.850157408170619688e-01 4.817049658005366219e-01
1.395821058182441232e-01 3.553856535366705510e-02 4.069808817435545123e-01 4.178984470845342192e-01
1.966828713795957251e-01 3.913206126140431063e-02 3.825199879187319851e-01 3.816650794402681734e-01
2.772849761117027190e-01 4.361043575947215478e-02 3.204376740044880822e-01 3.586669141243368775e-01
3.853360303762640160e-01 4.761188927874236004e-02 2.371250710298359321e-01 3.299270093151575045e-01
5.084419216859877855e-01 5.008653373255341629e-02 1.566022788194368354e-01 2.848692657620221502e-01
6.194093103945629286e-01 5.133748513647184986e-02 9.735296437689186511e-02 2.319002400920729956e-01
7.006335081956072131e-01 5.199376200714047463e-02 6.180525557836108463e-02 1.855674742188910820e-01
7.531095278883124244e-01 5.138532320220879496e-02 4.299716410326481081e-02 1.525079848062143029e-01
7.856328090434613332e-01 5.040217798495102985e-02 3.244269964991185196e-02 1.315223133216758544e-01
8.067555447249448175e-01 4.873100522527847034e-02 2.646830623259628992e-02 1.180451438171805228e-01
8.232772473195845153e-01 4.685178535825818696e-02 2.309612148990706701e-02 1.067748458322503730e-01
8.402552500030544547e-01 4.464249655848983450e-02 2.147392429758241891e-02 9.362832914087333702e-02
8.598431870532041721e-01 4.155114258121206383e-02 2.114545380991167747e-02 7.746021655567225661e-02
8.809421115653791601e-01 3.711594580622830375e-02 2.173816085694791483e-02 6.020378177144458665e-02
9.013754894421101005e-01 3.159321882886193672e-02 2.277145362007350696e-02 4.425983810895433440e-02
9.188337614240729145e-01 2.601939201831625359e-02 2.401735709798851967e-02 3.112948945962208669e-02
9.309919626205140908e-01 2.159398638063685788e-02 2.581228110161781081e-02 2.160176989723114338e-02
9.370795030888358079e-01 1.879870934295229876e-02 2.873065410274583051e-02 1.539113346546569679e-02
9.375944250736503172e-01 1.744385181918107000e-02 3.348502637286829287e-02 1.147669673430044140e-02
9.332302497807563046e-01 1.719955805843507296e-02 4.073503193140259188e-02 8.835160229406346238e-03
9.252783570145572956e-01 1.771296415456581966e-02 5.022270254151898344e-02 6.785976289357861443e-03
9.160909451839068796e-01 1.863440936996230493e-02 6.020006780369663996e-02 5.074577642434403672e-03
9.085121474724496826e-01 1.984449363273427941e-02 6.794035071233922585e-02 3.703008182476970854e-03
9.051560379694183478e-01 2.141663542718384022e-02 7.075324146271604053e-02 2.674085140681630498e-03
9.079244082827874207e-01 2.323763253854724264e-02 6.690892274774624948e-02 1.929036430919227893e-03
6.360688064693346792e-03 1.350731870741054413e-02 6.700533734776010775e-01 3.100786197502945485e-01
1.590352487131616033e-01 8.121430244510395580e-02 2.856256298964660739e-02 7.311878858520879376e-01
1.115572421845762441e-01 6.826870194278243653e-02 2.610056027479889379e-02 7.940734955978424603e-01
7.894385167726092334e-02 5.681482005619446773e-02 2.399172046091844687e-02 8.402496078056261863e-01
5.719899958852048272e-02 4.655278335329009892e-02 2.255255139532047481e-02 8.736956656628691587e-01
4.221563344786580935e-02 3.724713062902452326e-02 2.221381837917774799e-02 8.983234175439315239e-01
3.102740328601753111e-02 2.864901347316085173e-02 2.347849059606841801e-02 9.168450926447530014e-01
2.265688149654536410e-02 2.130322154779347443e-02 2.787320860551982180e-02 9.281666883501414889e-01
1.708615154443448442e-02 1.601767465104433907e-02 3.925856695405666869e-02 9.276376068504645911e-01
1.396007211106327882e-02 1.279088354678369586e-02 6.409088011123496853e-02 9.091581642309184419e-01
1.256594377408571522e-02 1.106829586731134484e-02 1.103847649338737941e-01 8.659809954247291719e-01
1.215695322120257174e-02 1.017017433711791229e-02 1.827878325423304973e-01 7.948850398993486666e-01
1.211206567178138224e-02 9.596451074034778941e-03 2.757767618343888172e-01 7.025147214197952072e-01
1.114064216871926867e-02 8.978348822946126753e-03 3.767144000302568574e-01 6.031666089780779449e-01
1.080961879583251621e-02 8.385300272715797906e-03 4.752480776617765135e-01 5.055570032696755645e-01
1.136367551494342140e-02 7.987909063326316048e-03 5.634404548421989567e-01 4.172079605795312451e-01
1.203316030356444376e-02 7.794547454646385404e-03 6.324935965765713375e-01 3.476786956652181404e-01
1.379387628228716939e-02 7.842529365496956478e-03 6.833303931811939291e-01 2.950332011710223301e-01
1.645357081134633803e-02 7.874327672832845404e-03 7.283454076070299266e-01 2.473266939087908900e-01
1.890904415511171499e-02 7.162257354669483884e-03 7.768759800434940077e-01 1.970527184467249504e-01
2.257990098530828285e-02 6.834619785651691384e-03 8.225022090118734308e-01 1.480832702171665238e-01
2.637817485406024343e-02 6.189692660004420151e-03 8.574752495945808795e-01 1.099568828913544544e-01
3.097986506357838787e-02 5.765688372541877271e-03 8.771518170177802221e-01 8.610262954609951280e-02
3.813688808139896469e-02 6.035813185474889035e-03 8.822497852526491879e-01 7.357751348047671114e-02
4.417681795343681578e-02 6.589644184363336633e-03 8.819351380422242315e-01 6.729839981997549903e-02
4.874158809437307421e-02 7.358671129028909741e-03 8.807180535185313852e-01 6.318168725806670716e-02
4.958599444366910969e-02 8.177593208684391310e-03 8.840590955188768474e-01 5.817731682876974703e-02
4.638652290184810262e-02 8.785433312218376631e-03 8.939118737308692220e-01 5.091617005506429705e-02
4.137599645787658903e-02 9.134563319532728459e-03 9.067414338019993414e-01 4.274800642059161521e-02
3.715148659702773720e-02 9.423195654361596688e-03 9.169712004010237560e-01 3.645411734758702976e-02
3.399611607693742155e-02 9.649771845748644425e-03 9.234857686504308605e-01 3.286834342688278732e-02
3.142401653792064459e-02 9.871151623287915955e-03 9.277113446730707036e-01 3.099348716572075668e-02
2.718969783450639333e-02 9.471999719618796887e-03 9.339859661917102596e-01 2.935233625416463696e-02
2.251742326125498114e-02 8.745491801603090531e-03 9.408832483832844096e-01 2.785383655385758120e-02
1.815542296370248332e-02 7.849974057970337746e-03 9.469969550418120274e-01 2.699764793651518446e-02
1.450777504418461136e-02 6.923711712330832269e-03 9.515041229601496342e-01 2.706439028333460298e-02
1.171096053278264208e-02 6.099402293177459168e-03 9.542398816954120733e-01 2.794975547862758869e-02
9.573166924328163629e-03 5.447129875341267559e-03 9.556427938002630684e-01 2.933690940006757064e-02
7.833455183885965067e-03 4.978460719207254172e-03 9.563335874722269647e-01 3.085449662467976834e-02
6.507381281589312214e-03 4.793305073346623355e-03 9.562117766799430596e-01 3.248753696512091116e-02
5.687010591291936576e-03 5.063911286223489287e-03 9.543839619040430655e-01 3.486511621844148173e-02
6.129368273347843114e-03 6.266876400136392120e-03 9.480287651621731593e-01 3.957499016434291861e-02
6.990594807521697228e-03 8.913873342024850391e-03 9.351244710930387560e-01 4.897106075741471110e-02
9.089917089397096805e-03 1.462428013174460646e-02 9.122744106434361733e-01 6.401139213542188233e-02
1.296891059270916663e-02 2.668656163533786319e-02 8.794351211955272474e-01 8.090940657642572975e-02
2.038370482190573693e-02 5.362339870788025709e-02 8.306403511803541750e-01 9.535254528985953604e-02
3.404258736895558052e-02 1.127789590475536952e-01 7.416187930838690212e-01 1.115596604996215852e-01
5.301824329715684042e-02 2.172102298578959811e-01 5.989406074273199154e-01 1.308309194176272283e-01
7.061451066294077705e-02 3.431830172949700830e-01 4.403027844167056726e-01 1.458996876253834118e-01
8.306176601808722137e-02 4.437821942383521900e-01 3.117808995976159570e-01 1.613751401459442292e-01
9.145208698195760044e-02 4.939024898211784032e-01 2.261278821023417485e-01 1.885175410945222618e-01
9.592338467854348572e-02 4.990431322756350152e-01 1.702308708305529106e-01 2.348026122152685469e-01
9.537913492285837735e-02 4.776519581949152937e-01 1.290550018499332929e-01 2.979139050322928139e-01
9.091813519552158218e-02 4.483072084741589469e-01 9.666293553548012396e-02 3.641117207948395551e-01
8.570474415046204497e-02 4.261051648069880682e-01 7.246971720310671494e-02 4.157203738394433801e-01
8.291715941533171763e-02 4.222272348022679811e-01 5.577049241848670152e-02 4.390851133639136483e-01
8.471236926606824647e-02 4.420676630811261609e-01 4.466602997087305849e-02 4.285539376819324509e-01
9.205441326271426861e-02 4.800328829778995887e-01 3.725677821707946979e-02 3.906559255423063814e-01
1.042479751251522840e-01 5.182384430162041422e-01 3.255237489154712283e-02 3.449612069670966452e-01
1.170778951721604261e-01 5.415799582433457049e-01 3.001542112768965792e-02 3.113267254568042319e-01
1.239652788463309618e-01 5.517586360944269908e-01 2.885182280489696077e-02 2.954242622543450381e-01
1.239252013482294856e-01 5.580917200197478278e-01 2.863845700881326173e-02 2.893446216232093970e-01
1.240737194899392271e-01 5.643238855628835982e-01 3.007579027920419951e-02 2.815266046679730239e-01
1.314213289721491706e-01 5.711400334644681775e-01 3.385118977394038775e-02 2.635874477894422085e-01
1.496493837180792874e-01 5.767714881401199145e-01 3.989622786525974518e-02 2.336829002765409558e-01
1.769081641618012180e-01 5.794495913590917979e-01 4.740186915099759563e-02 1.962403753281091456e-01
2.106509171999364494e-01 5.773414221813912839e-01 5.498646044258181237e-02 1.570212001760903919e-01
2.408456190052608858e-01 5.786911870891848775e-01 6.108350168032862515e-02 1.193796922252256393e-01
2.582861319039996828e-01 5.913541805224016290e-01 6.513358428686316648e-02 8.522610328673568825e-02
2.588752358210636428e-01 6.167755235135276015e-01 6.752907472186232829e-02 5.682016594354666328e-02
2.454281019950529108e-01 6.481257652308217709e-01 6.999928366131089041e-02 3.644684911281440010e-02
2.274121122174158904e-01 6.730282878282337622e-01 7.523132704619381328e-02 2.432827290815688104e-02
1.031806124064891302e-03 4.751243087926435710e-02 2.750635133509976484e-03 9.487051278631608575e-01
7.570385723907059328e-01 7.086888163420637654e-02 1.052979063769524382e-01 6.679463959813561336e-02
6.797046412525931114e-01 7.612272514431200898e-02 1.508244155988533730e-01 9.334821800424156213e-02
5.621758905858551536e-01 8.390333313189370090e-02 2.154949570987167717e-01 1.384258191835342766e-01
4.255988464235950786e-01 8.953197832404895251e-02 2.748406622331753257e-01 2.100285130191808791e-01
3.009345965972355930e-01 9.303970359299221227e-02 2.905761606272614372e-01 3.154495391825106743e-01
2.023187414104681003e-01 9.266952174962427013e-02 2.572648394773796587e-01 4.477468973625277626e-01
1.330153156624961086e-01 8.655102033991866894e-02 2.004701919766812002e-01 5.799634720209042582e-01
8.795260779830836595e-02 7.817645936705883147e-02 1.448861858069387110e-01 6.889847470276945218e-01
5.971567522488260837e-02 7.043698883250472387e-02 1.002844615932871331e-01 7.695628743493255763e-01
4.296293442269255580e-02 6.401076181174653046e-02 6.894982211115908977e-02 8.240764816544016158e-01
3.300018430592761148e-02 6.050015804048430867e-02 4.859076589435436244e-02 8.579088917592341268e-01
2.639354105534663653e-02 5.890019396948566882e-02 3.600997465607138487e-02 8.786962903190964624e-01
2.114737093299879842e-02 5.739104912702543138e-02 2.833492518916386552e-02 8.931266547508119880e-01
1.645951284957836505e-02 5.453133052840102718e-02 2.349636708045930653e-02 9.055127895415615580e-01
1.214153624309680622e-02 5.008567404436756881e-02 2.012762358103599783e-02 9.176451661314996011e-01
8.252903807536781169e-03 4.477382017498825889e-02 1.727573063820061691e-02 9.296975453792744037e-01
5.194352526266345776e-03 3.976300447844023644e-02 1.478392440670921876e-02 9.402587185885841192e-01
3.170595250500040860e-03 3.575107086076892426e-02 1.306875236164042366e-02 9.480095815270906945e-01
1.930749064861532211e-03 3.206696638311410524e-02 1.235194871841343613e-02 9.536503358336111402e-01
7.228632288180024358e-04 2.719774902948636150e-02 1.314415586438269674e-02 9.589352318773128880e-01
4.884167956218877973e-04 2.171024848514756245e-02 1.542790495651735934e-02 9.623734297627130063e-01
4.691861611098184829e-04 1.818230780829881849e-02 2.012492699336014199e-02 9.612235790372309907e-01
3.772625697036711815e-04 1.567249274553000893e-02 3.369847234809195125e-02 9.502517723366744606e-01
3.988151715026274301e-04 1.482881116847329511e-02 6.688217016421099670e-02 9.178902034958130729e-01
5.713175037032342928e-04 1.484826556636476870e-02 1.464647709606132775e-01 8.381156459693187566e-01
9.784614477012091357e-04 1.428547259677585314e-02 3.080266106433142137e-01 6.767094553122084966e-01
1.282498660682084533e-03 1.211688428855273170e-02 5.246624283003203937e-01 4.619381887504449002e-01
1.510704698078308783e-03 9.608964049333148030e-03 6.911835204937368804e-01 2.976968107588520152e-01
2.144466374662103245e-03 8.286143928996896058e-03 7.694179202464824785e-01 2.201514694498583335e-01
3.523075054115231471e-03 8.325148362997804655e-03 7.838310423991682319e-01 2.043207341837187663e-01
6.294020364640102831e-03 9.453675774925162159e-03 7.587536233783352957e-01 2.254986804820993396e-01
1.120979007568127794e-02 1.100932847716670077e-02 7.170775651565983733e-01 2.607033162905532664e-01
1.851923809633392384e-02 1.199117298916991571e-02 6.824943024195879726e-01 2.869952864949081861e-01
2.831127001004420107e-02 1.195397748851388837e-02 6.673904600142047672e-01 2.923442924872372561e-01
4.062619032135071639e-02 1.181983786274924675e-02 6.673977676350323351e-01 2.801562041808676740e-01
5.570647855311768731e-02 1.200327423982975802e-02 6.669440838756460765e-01 2.653461633314065926e-01
7.055195476828714229e-02 1.272480307030796932e-02 6.553191174288358622e-01 2.614041247325692985e-01
8.147859780590717416e-02 1.397541723091096436e-02 6.338152268810247625e-01 2.707307580821572413e-01
8.777190553546018736e-02 1.585485772365529539e-02 6.077316560194421236e-01 2.886415807214425255e-01
9.184880963300433299e-02 1.842976556773225430e-02 5.821892151760257317e-01 3.075322096232376845e-01
9.628028812963482230e-02 2.161277946477049502e-02 5.607249786785337697e-01 3.213819537270611870e-01
1.002171671448762180e-01 2.486694749362612297e-02 5.448571093437807322e-01 3.300587760177169927e-01
1.009901535020575752e-01 2.733145613247154118e-02 5.374268287348887840e-01 3.342515616305822279e-01
9.723962234321317788e-02 2.845517739664811876e-02 5.431291992126627832e-01 3.311760010474760763e-01
8.888877602197660377e-02 2.829259225172949324e-02 5.660591446697362805e-01 3.167594870565574872e-01
7.856737292275980944e-02 2.772436155062040289e-02 6.063713182112828726e-01 2.873369473153370435e-01
7.092142158589684331e-02 2.849074031357943376e-02 6.527416779008087255e-01 2.478461601997149766e-01
6.974825800883407978e-02 3.305532454681409105e-02 6.816709124546725951e-01 2.155255049896792341e-01
7.706298795448260353e-02 4.401373373323270999e-02 6.738812810491091598e-01 2.050419972631753185e-01
9.426185448015485246e-02 6.310411677425128985e-02 6.235375237526123993e-01 2.190965049929816943e-01
1.236178131801566188e-01 9.058629332427041436e-02 5.347558193849839547e-01 2.510400741105888733e-01
1.672157213211458993e-01 1.228435239841640936e-01 4.240528098868273088e-01 2.858879448078623930e-01
2.238135999707017432e-01 1.532495944995657666e-01 3.112143847000828911e-01 3.117224208296494048e-01
2.751437752779339885e-01 1.745911607775748053e-01 2.198740587198688701e-01 3.303910052246226137e-01
3.038298158449903030e-01 1.883410253385840727e-01 1.572005226349667828e-01 3.506286361814590080e-01
3.036703697020396442e-01 1.997235450807336998e-01 1.180838781231621365e-01 3.785222070940642003e-01
2.845366424362729130e-01 2.111039028025641084e-01 9.370894564146482753e-02 4.106505091196982482e-01
2.612266254489228334e-01 2.222765279716839570e-01 7.788197546324833465e-02 4.386148711161449443e-01
2.449363932319856552e-01 2.334346118939157610e-01 6.730239005728375079e-02 4.543266048168151938e-01
2.414299928967401088e-01 2.441135216232469818e-01 6.085561961196252201e-02 4.536008658680503181e-01
2.500489567472890529e-01 2.510048094806503483e-01 5.773611217915797927e-02 4.412101215929026821e-01
2.665897159737992683e-01 2.502348226940829812e-01 5.658366800702006871e-02 4.265917933250973348e-01
2.886129672577352201e-01 2.426550954304758922e-01 5.613943471196916613e-02 4.125925025998200546e-01
3.151464874725338206e-01 2.344421001150815143e-01 5.600759892949404295e-02 3.944038134828906084e-01
3.421795322619968216e-01 2.312566679598407338e-01 5.729070322507311824e-02 3.692730965530895970e-01
3.615194710905683673e-01 2.336907514007443565e-01 6.155256316487188462e-02 3.432372143438155443e-01
3.655178416059923219e-01 2.388599237687556998e-01 6.979067590624471462e-02 3.258315587190073193e-01
3.547374821137718737e-01 2.428276696387670353e-01 8.134375542409900961e-02 3.210910928233621231e-01
3.286669707811230023e-01 2.490932846286433577e-01 9.547486200336346984e-02 3.267648825868701423e-01
2.919780445121857304e-01 2.606722072950387603e-01 1.098548783275271612e-01 3.374948698652481260e-01
2.523051092415000141e-01 2.790788767352905819e-01 1.214290744608916700e-01 3.471869395623177756e-01
5.959819029363290976e-05 8.811657796236823520e-03 1.042387449803876126e-01 8.868899990330820771e-01
1.572649124489755024e-01 2.573672699342767212e-01 3.995876279627195299e-02 5.454090548204758582e-01
8.627710074962044451e-02 2.070831914760246362e-01 4.119225427200576273e-02 6.654474535023490178e-01
4.489096957720586228e-02 1.469419070388721937e-01 4.239531312277698000e-02 7.657718102611448252e-01
2.216914753780077976e-02 9.328395956932930555e-02 4.426765628154053639e-02 8.402792366113297495e-01
1.071321565415068143e-02 5.552300161288457880e-02 5.057920817680739561e-02 8.831845745561575090e-01
5.487267900725976109e-03 3.316064858367148704e-02 6.815942965764108796e-02 8.931926538579615382e-01
3.186509768070771177e-03 2.013601016038893410e-02 9.897351903504700288e-02 8.777039610364932853e-01
2.085680206016429089e-03 1.201244284780884387e-02 1.350333079632683730e-01 8.508685689829060816e-01
1.485061924058943706e-03 6.835107547365448961e-03 1.613290494074754722e-01 8.303507811211005007e-01
1.131865396873500337e-03 3.837293361381864405e-03 1.668881865864600966e-01 8.281426546552844714e-01
8.943019308995983066e-04 2.300826833439209313e-03 1.527425421906399849e-01 8.440623290450212091e-01
7.041157318150887291e-04 1.594638352506861810e-03 1.286719977995818553e-01 8.690292481160960536e-01
5.250648086614834783e-04 1.298784324774807835e-03 1.010954471785428938e-01 8.970807036880207308e-01
3.550673779579134820e-04 1.191068762459801663e-03 7.142340355458724754e-02 9.270304603049949188e-01
2.316445160333710160e-04 1.174012720876535867e-03 4.344325302825607221e-02 9.551510897348342022e-01
2.414274431917835426e-04 6.691742419022332980e-04 2.306325526653337649e-02 9.760261430483725409e-01
8.864381274556592800e-05 5.608155444459994501e-04 1.147326787419871569e-02 9.878772727686097044e-01
5.200654473540578660e-05 6.737167762748615422e-04 5.813212405182688509e-03 9.934610642738074260e-01
4.625539919781149537e-05 9.394829356992115280e-04 3.219806703060565899e-03 9.957944549620422192e-01
4.677284281548478709e-05 1.312644560276546475e-03 2.002407200515653012e-03 9.966381753963923229e-01
4.599222711876353010e-05 1.674854324638977952e-03 1.379290554240004399e-03 9.968998628940021201e-01
4.497750250937311524e-05 1.995714230820904052e-03 1.079721170949726880e-03 9.968795870957199989e-01
4.690376375310970080e-05 2.352176178183948158e-03 9.903538353154145175e-04 9.966105662227476847e-01
5.416807046562582069e-05 2.792921035812232812e-03 1.077121591116217717e-03 9.960757893026059850e-01
6.944177962664988793e-05 3.338482807771175724e-03 1.386534042223191336e-03 9.952055413703791986e-01
9.624168942922985354e-05 4.065033469504037225e-03 2.029692934736758957e-03 9.938090319063300759e-01
1.372301988802734007e-04 4.996951127902868328e-03 3.110746485888642859e-03 9.917550721873280573e-01
7.618797390815897942e-04 6.430353751988414877e-03 4.518060485498943089e-03 9.882897060234311359e-01
9.499920674799695094e-04 7.580120492090739771e-03 6.564516795472972489e-03 9.849053706449563128e-01
1.072010706869502795e-03 8.336592065024550288e-03 9.245522454110833080e-03 9.813458747739950416e-01
1.074581321604290091e-03 8.601810084306072204e-03 1.272420625252591343e-02 9.775994023415637280e-01
1.000235697614330812e-03 8.690974141502322628e-03 1.773665279376789722e-02 9.725721373671153414e-01
9.426710144607887551e-04 9.054684218974286963e-03 2.612895647729092732e-02 9.638736882892741109e-01
9.780865086542920531e-04 9.954812265065466487e-03 4.092694614023657806e-02 9.481401550860436567e-01
1.155383113348254455e-03 1.144070502105921754e-02 6.479714628983598845e-02 9.226067655757564934e-01
1.533567415158790595e-03 1.361027922396997394e-02 9.734743497153557079e-02 8.875087183893359821e-01
2.210524117006818900e-03 1.673464818422564990e-02 1.350370651613851947e-01 8.460177625373823673e-01
3.369244429819775663e-03 2.109021076544512555e-02 1.758326135535133172e-01 7.997079312512216376e-01
5.312352818133805714e-03 2.666500870021454306e-02 2.183285669531831452e-01 7.496940715284686751e-01
8.422505014950589647e-03 3.283702902630081244e-02 2.540876697564974362e-01 7.046527962022510749e-01
1.373559122656251887e-02 3.819307172407668260e-02 2.695554822310826104e-01 6.785158548182784743e-01
2.060743568793902206e-02 4.059778976956679442e-02 2.575097394752142721e-01 6.812850350672796651e-01
2.935278741181573253e-02 3.908391591921017705e-02 2.223436352020550510e-01 7.092196614669190602e-01
3.786889384669035047e-02 3.424719194900587016e-02 1.763327109894320677e-01 7.515512032148716770e-01
4.604510198594798098e-02 2.792668742343826227e-02 1.333014252475051564e-01 7.927267853431086975e-01
5.394925223619688459e-02 2.264290417281128454e-02 1.038777431802479362e-01 8.195301004107435894e-01
6.336782135710808395e-02 1.935322551284789777e-02 8.836915616243207205e-02 8.289097969676115785e-01
7.245041580261565861e-02 1.758268501644135243e-02 8.171670307385060783e-02 8.282501961070926066e-01
7.709549885509192624e-02 1.667651997890176596e-02 7.922377579584138907e-02 8.270042053701650575e-01
7.470117142765367313e-02 1.648656177920230365e-02 7.699835492865537978e-02 8.318139118644886087e-01
6.652684380104206818e-02 1.717963154190190952e-02 7.255744319403001352e-02 8.437360814630260331e-01
5.688365422877757205e-02 1.914315008811509969e-02 6.592296322566015832e-02 8.580502324574471595e-01
5.021639038905520436e-02 2.320289284361987461e-02 5.856726966070265050e-02 8.680134471066223156e-01
4.891632754571256098e-02 3.096883572375798074e-02 5.106052933377135811e-02 8.690543073967580412e-01
5.369068682829189476e-02 4.461438467315093775e-02 4.363849381518999232e-02 8.580564346833670086e-01
6.544218585684394296e-02 6.647384842451740938e-02 3.782429177699076633e-02 8.302596739416479021e-01
8.693067668712638196e-02 9.897008523563996518e-02 3.509151554496732495e-02 7.790077225322662446e-01
1.220747900449189599e-01 1.426655585601834531e-01 3.510892776722247810e-02 7.001507236276751645e-01
1.752499621503669780e-01 1.929912151082774641e-01 3.643974705683653698e-02 5.953190756845188059e-01
2.503725052999221101e-01 2.378212732933550622e-01 3.731376465745077364e-02 4.744924567492721512e-01
3.440992810711291372e-01 2.654214334167895317e-01 3.589217355952190047e-02 3.545871119525596527e-01
4.430022944876688129e-01 2.740676151136948735e-01 3.157690031235106665e-02 2.513531900862851498e-01
5.343341842840523270e-01 2.679120470481146654e-01 2.548297164181682894e-02 1.722707970260162202e-01
6.048763645044588078e-01 2.581258923680077588e-01 2.000029784458995027e-02 1.169974452829432576e-01
6.594841271933347127e-01 2.450799991646979981e-01 1.469568389488565448e-02 8.074018974708138674e-02
6.952713678728584812e-01 2.364508041253673698e-01 1.104275548412119411e-02 5.723507251765307113e-02
7.182176155444434107e-01 2.311233765932822204e-01 8.470698783340833635e-03 4.218830907893374171e-02
7.309686864081347268e-01 2.291038160768249787e-01 6.852150413518451680e-03 3.307534710152170571e-02
7.367130947307610755e-01 2.296004403867165922e-01 5.928652786231134418e-03 2.775781209629123517e-02
7.390315210374941435e-01 2.310439670571084181e-01 5.397781469732150679e-03 2.452673043566510128e-02
7.389634166089048550e-01 2.333503085657005205e-01 5.075893918129283262e-03 2.261038090726535596e-02
1.324512557777583928e-02 9.811294423159916400e-01 5.351468983509004122e-03 2.739631227233982357e-04
1.061682812220766936e-02 9.836039493175831039e-01 5.509700893422532324e-03 2.695216667863512819e-04
8.821670366557709739e-03 9.847442460236760509e-01 6.160662417671184873e-03 2.734211920949571658e-04
7.754333758165293973e-03 9.844183734972589139e-01 7.542452285687316522e-03 2.848404588885233889e-04
7.307423011298070509e-03 9.822705671366142033e-01 1.011701059747100763e-02 3.049992546168877662e-04
7.344133859426121499e-03 9.776789218728246800e-01 1.464112588649799790e-02 3.358183812512488217e-04
7.642325707601653646e-03 9.703459046874728378e-01 2.163348090329600404e-02 3.782887016296312467e-04
8.000083809001303295e-03 9.614656282454537850e-01 3.010075335188475837e-02 4.335345936600102160e-04
8.323877607406379026e-03 9.546916682229557027e-01 3.648321524278829581e-02 5.012389268493085527e-04
8.616694994662945153e-03 9.543491835391153533e-01 3.644613195963070790e-02 5.879895065908968604e-04
9.118991973054690545e-03 9.597544601471181824e-01 3.039286319684776985e-02 7.336846829794265584e-04
1.041704510827005416e-02 9.648002819736907210e-01 2.374262223440541664e-02 1.040050683633855734e-03
1.326451976867221855e-02 9.648828607685008274e-01 2.016591297729577667e-02 1.686706485531210345e-03
1.700191918677943295e-02 9.607803150374150114e-01 1.941062034111476833e-02 2.807145434690903104e-03
2.373813301986362617e-02 9.512132080437115667e-01 2.058385739675216292e-02 4.464801539672604361e-03
3.284143762244541576e-02 9.384169947234850540e-01 2.237406590507733453e-02 6.367501748992237393e-03
4.533693010983650545e-02 9.220491024479187114e-01 2.421669424120176731e-02 8.397273201042958560e-03
6.270000340488893209e-02 9.007919183110919548e-01 2.571743204616766185e-02 1.079064623785129864e-02
8.319526738733663829e-02 8.773561605344885050e-01 2.577456068478937989e-02 1.367401139338538484e-02
1.030748221163802492e-01 8.560818673579840832e-01 2.380178070741560334e-02 1.704152981822001575e-02
1.158921027025189704e-01 8.427293292189876883e-01 2.057685423259310309e-02 2.080171384590010289e-02
1.217560573473590452e-01 8.364150799195985142e-01 1.713904935767024754e-02 2.468981337537212023e-02
1.220327354248242346e-01 8.353196864811750499e-01 1.427377164870239669e-02 2.837380644529831700e-02
4.315560853391616214e-01 1.751661427474664745e-01 1.883235791584938201e-01 2.049541927548780840e-01
2.895606440634533318e-01 1.682267213820556606e-01 2.288751603045711680e-01 3.133374742499195897e-01
1.554082411202853120e-01 1.383165778847978700e-01 2.622722009278417588e-01 4.440029800670748927e-01
6.711489082947434681e-02 9.518672069587531814e-02 2.852584386897705770e-01 5.524399497848792029e-01
2.555123497620955322e-02 5.945851763456086458e-02 3.122533332148964558e-01 6.027369141743329495e-01
9.673531441061328923e-03 3.700447110415133745e-02 3.658167264994491297e-01 5.875052709553381103e-01
4.167160253044690718e-03 2.462044814047909327e-02 4.622365100663686222e-01 5.089758815401075331e-01
1.852499119983227202e-03 1.739820828730517452e-02 5.988045696627313230e-01 3.819447229299802737e-01
8.442550356805774434e-04 1.260674669917062271e-02 7.410915004991781574e-01 2.454574977659708945e-01
6.850247687334409504e-04 8.750104950551989419e-03 8.496697906087060659e-01 1.408950796720087051e-01
2.496973966599351545e-04 6.603377076522951722e-03 9.140014506989511123e-01 7.914547482786599142e-02
1.480403657347897559e-04 5.256024426372768454e-03 9.468002813449312161e-01 4.779565386296113355e-02
1.216345810260447763e-04 4.550966249759910709e-03 9.626512683508865464e-01 3.267613081832765332e-02
1.268240734352729085e-04 4.330472172727288342e-03 9.703719999351879677e-01 2.517070381864978598e-02
1.581174078113019169e-04 4.457760346807072491e-03 9.742844203406014758e-01 2.109970190478024574e-02
2.265001702527619785e-04 4.851428310879606423e-03 9.761705520887397070e-01 1.875151943012809061e-02
3.537238811842650563e-04 5.468612114020441825e-03 9.767816338819182986e-01 1.739603012287691680e-02
5.741811147223161707e-04 6.367507385886108338e-03 9.762919520187819389e-01 1.676635948061001510e-02
9.649141185308439785e-04 7.801109231215914985e-03 9.742165916666443159e-01 1.701738498360896162e-02
2.270368960770179165e-03 9.690491293635977374e-03 9.694244279933161845e-01 1.861471175227799590e-02
3.979914530473962694e-03 1.297395205576485321e-02 9.607802401512095525e-01 2.226589326255151366e-02
6.902687735833066586e-03 1.722080262421638031e-02 9.477762817458430522e-01 2.810022789410736993e-02
1.133017293891686386e-02 2.212498258311930074e-02 9.307490382490537506e-01 3.579580622891041786e-02
1.721462094975839685e-02 2.797372215799660833e-02 9.098092015322086779e-01 4.500245536003696228e-02
2.418487388364205445e-02 3.612602380190606949e-02 8.840374753518582818e-01 5.565162696259300795e-02
3.143045531375534413e-02 4.870146206691010338e-02 8.528240750293994976e-01 6.704400758993525611e-02
3.709455712068904232e-02 6.706141927302858297e-02 8.188087516093716101e-01 7.703527199691082017e-02
3.903186075058690668e-02 9.033678290209808115e-02 7.868032554533189726e-01 8.382810089399579667e-02
3.627401694438682489e-02 1.142733159177585639e-01 7.619895938185978768e-01 8.746307331925672057e-02
3.191061279385278004e-02 1.310937736603877135e-01 7.479199564762929464e-01 8.907565706946687922e-02
2.747556262771600616e-02 1.366647626634671930e-01 7.473736663008344605e-01 8.848600840798243050e-02
2.235838858557134823e-02 1.330666191381952579e-01 7.595255885560798781e-01 8.504940372015383498e-02
1.754489456327626082e-02 1.243658826284137070e-01 7.778789590237408236e-01 8.021026378456933004e-02
1.355573476191717502e-02 1.144467635454862464e-01 7.961723098395331322e-01 7.582519185306314802e-02
1.053221980154765355e-02 1.055189536574548115e-01 8.127069413047151025e-01 7.124188523628205427e-02
8.385075266958435039e-03 9.919843942807358983e-02 8.279453157446629019e-01 6.447116956030550516e-02
6.978570708057988022e-03 9.658313456744158088e-02 8.411930420281620302e-01 5.524525269633825952e-02
6.173179006647737908e-03 9.734790386208282131e-02 8.513403241102606156e-01 4.513859302100869247e-02
5.786345972820445757e-03 9.983555662981843937e-02 8.584884415133148261e-01 3.588965588404635643e-02
5.442168011124908986e-03 1.032119619689895740e-01 8.625500390196908507e-01 2.879583100019475136e-02
5.618870291389584971e-03 1.044966218452559187e-01 8.656831429376358189e-01 2.420136492571842157e-02
5.970298188419004108e-03 1.068355531644269718e-01 8.650718899329935541e-01 2.212225871416033038e-02
6.626518995065537425e-03 1.124865038238080095e-01 8.590989096472928521e-01 2.178806753383376316e-02
7.764378026077224312e-03 1.255916039299810050e-01 8.441473525705028846e-01 2.249666547343878026e-02
8.700808479278456312e-03 1.544107820955155363e-01 8.128879581044146097e-01 2.400045132079143065e-02
1.006727099501792712e-02 2.099601570371997794e-01 7.534373078030972559e-01 2.653526416468525440e-02
1.167644864718510658e-02 3.034343640419828736e-01 6.546405706728648521e-01 3.024861663796748687e-02
1.332790212918676977e-02 4.306396239201661924e-01 5.214125634592778891e-01 3.461991049136924764e-02
1.443718914321849046e-02 5.665280100961630483e-01 3.806512217618934768e-01 3.838357899872514578e-02
1.423267226601261475e-02 6.851692466225773881e-01 2.602287797244249301e-01 4.036930138698480858e-02
1.332426119137006607e-02 7.725477237474421832e-01 1.738353053052392461e-01 4.029270975594867465e-02
1.198427255028785936e-02 8.308927438170875535e-01 1.184907189611347639e-01 3.863226467148959953e-02
1.173061391059886972e-02 8.679915466974772453e-01 8.393648094518130209e-02 3.634135844674286908e-02
1.174386171592819994e-02 8.934432893863154534e-01 6.060453936336421266e-02 3.420830953439185640e-02
1.197518497634041633e-02 9.106632222754005301e-01 4.457341620575275276e-02 3.278817654250620883e-02
1.231132885422595198e-02 9.212515855483263127e-01 3.414079435233603743e-02 3.229629124511194244e-02
1.254071892501796431e-02 9.270270642856135446e-01 2.729672342066855745e-02 3.313549336870007245e-02
1.263414940843220723e-02 9.283229154072526468e-01 2.272389254406898679e-02 3.631904264024592155e-02
1.306031715068028433e-02 9.237934743129121440e-01 2.020783186984506652e-02 4.293837666656277058e-02
1.446184331063926978e-02 9.130281912958195800e-01 1.952532029859182713e-02 5.298464509494907326e-02
1.802687793242216396e-02 8.974333681712753918e-01 1.998459163574853661e-02 6.455516226055346696e-02
2.196644836317123567e-02 8.850082348371350882e-01 2.053893091442591384e-02 7.248638588526741533e-02
2.599813192653429098e-02 8.828204627013692685e-01 2.061124007424419008e-02 7.057016529785256620e-02
3.287822224260348453e-02 8.877006875585770063e-01 2.052012578516318117e-02 5.890096441365637314e-02
4.200097074102549649e-02 8.929433066070909808e-01 2.105040833516758775e-02 4.400531431671592802e-02
5.857940383451192001e-02 8.854962602219174084e-01 2.347560278509320739e-02 3.244873315847745382e-02
8.835554747666585218e-02 8.571623468467348683e-01 2.885511315393792658e-02 2.562699252266147781e-02
1.388467968920069906e-01 8.024340121858142272e-01 3.673378748090150303e-02 2.198540344127744919e-02
2.170512202369128119e-01 7.176584312637929175e-01 4.554850435337623460e-02 1.974184414591783829e-02
3.256154183990973561e-01 6.031872337329085010e-01 5.340566815835222358e-02 1.779167970964171813e-02
4.603300451993082021e-01 4.652776929711698872e-01 5.881627297985308339e-02 1.557598884966880648e-02
5.975952667122970130e-01 3.280855096643420787e-01 6.141554610066092545e-02 1.290367752269997934e-02
7.091051102732541800e-01 2.186765545816506673e-01 6.207554385372058420e-02 1.014279129137477670e-02
7.836083437068687152e-01 1.465224913961634678e-01 6.204609364947317324e-02 7.823071247494706171e-03
8.282383864060928191e-01 1.036222358757665218e-01 6.208101020619170157e-02 6.058367511948845562e-03
8.553136578226840925e-01 7.815861214450248173e-02 6.185061518090367166e-02 4.677114851909688203e-03
8.743169667747289209e-01 6.183369031352221185e-02 6.026354325105200832e-02 3.585799660696589210e-03
8.908079679061984280e-01 5.035572199385559417e-02 5.607564184116579226e-02 2.760668258780027331e-03
9.079769415828523593e-01 4.162385958712466055e-02 4.828871081942451293e-02 2.110488010598736072e-03
9.265829145691030222e-01 3.462963389492997035e-02 3.723335199072613788e-02 1.554099545240750311e-03
9.438784123127799131e-01 2.959940544299451137e-02 2.541475823898594472e-02 1.107424005239620885e-03
9.560025626716184277e-01 2.723118906090232771e-02 1.594934930073337379e-02 8.168989667457791709e-04
9.596456781420484861e-01 3.011345656543297153e-02 9.550425108191840443e-03 6.904401843268149434e-04
9.544853931752065312e-01 3.874984164015359694e-02 6.045926235656873433e-03 7.188389489829032910e-04
9.404491590738702778e-01 5.446818081365246977e-02 4.182648562572944574e-03 9.000115499041883059e-04
9.095712147866283903e-01 8.593903651580558911e-02 3.210341623751948332e-03 1.279407073814034295e-03
8.579341135028476506e-01 1.374925398803825416e-01 2.674139647952477987e-03 1.899206968817042721e-03
7.872407672178329818e-01 2.075839077104029984e-01 2.424969610253188169e-03 2.750355461510831621e-03
7.101816713577862039e-01 2.836952621619635018e-01 2.394048976523236155e-03 3.729017503726941504e-03
