4.796502667829684041e-01 5.260082980255248453e-02 3.624217567794032601e-03 4.641246858466851477e-01
7.926498184202002140e-01 1.387546896850834210e-01 2.105977471831280839e-03 6.648951442288530966e-02
8.369708509026043686e-01 1.082924415042618854e-01 1.589145106735314521e-03 5.314756248639871533e-02
8.665640993649325052e-01 8.880651184864336856e-02 1.261632110018710232e-03 4.336775667640535570e-02
8.824131178931244879e-01 7.970650757379073303e-02 1.084983848669143292e-03 3.679539068441588928e-02
8.845289809444649709e-01 8.086033936597418481e-02 1.310690886319944293e-03 3.329998880324088611e-02
8.806951025501937869e-01 8.880565237651057153e-02 1.112343879667360451e-03 2.938690119362817252e-02
8.671534962494066301e-01 1.052316232411682900e-01 1.295600110618887581e-03 2.631928039880628359e-02
8.467339039201751127e-01 1.288957349383297868e-01 1.581930285510925070e-03 2.278843085598394880e-02
8.165800960532321184e-01 1.620360030364458026e-01 2.021578780483091354e-03 1.936232212983902273e-02
7.714781196434982169e-01 2.089734761032495669e-01 2.744343357790270284e-03 1.680406089546169351e-02
7.071838430543769816e-01 2.735651935818587677e-01 3.912191577265053226e-03 1.533877178649898330e-02
6.248512464479631934e-01 3.548915307548144438e-01 5.636691078159691490e-03 1.462053171906238687e-02
5.303354617360537260e-01 4.473580864289910530e-01 8.035447609814413625e-03 1.427100422514081604e-02
4.347955419271705702e-01 5.405407709920738712e-01 1.065421223917904607e-02 1.400947484157634079e-02
3.451371757070087476e-01 6.267300203752548260e-01 1.445856840630311592e-02 1.367423551143342672e-02
2.728151812901911111e-01 6.948528464153475026e-01 1.912686218252972539e-02 1.320511011193178756e-02
2.214571763394448112e-01 7.417733766095073733e-01 2.413912354468751575e-02 1.263032350636010201e-02
1.946559131689948319e-01 7.639736086289046213e-01 2.905453454847097342e-02 1.231594365362972260e-02
1.875931054445748036e-01 7.663549292318054817e-01 3.369346585045952108e-02 1.235849947315976506e-02
1.982593071824037545e-01 7.506464348467559722e-01 3.833465518778168823e-02 1.275960278305863366e-02
2.266046561534365844e-01 7.164635506579163371e-01 4.359900229814021172e-02 1.333279089050680780e-02
2.744277274324415372e-01 6.619407845620691733e-01 4.987462317650549065e-02 1.375686482898391856e-02
3.410121052730747393e-01 5.884004604282399020e-01 5.698415769880868509e-02 1.360327659987661635e-02
4.174572347796061123e-01 5.054458621420028219e-01 6.450580998597128801e-02 1.259109309241970669e-02
4.878581432347375291e-01 4.283752379258776166e-01 7.277718997648614796e-02 1.098942886289834726e-02
5.413678521127834875e-01 3.666340935946055257e-01 8.247856076716682250e-02 9.519493525444309989e-03
5.806896477900785891e-01 3.185925382788774018e-01 9.219899665838143799e-02 8.518817272662569315e-03
6.198493421758376476e-01 2.747937889649910148e-01 9.768733109674324067e-02 7.669537762428361473e-03
6.767804803298957950e-01 2.236244088299875199e-01 9.309950623336379905e-02 6.495604606752839252e-03
7.588891748971212659e-01 1.613012912330525350e-01 7.507334420061168023e-02 4.736189669214557925e-03
8.476380237261257333e-01 1.003172361819801017e-01 4.916525412344035367e-02 2.879485968453774844e-03
9.135308216471930143e-01 5.735839575005718255e-02 2.743018462720439241e-02 1.680597975545498370e-03
9.490942869508118829e-01 3.483489737059451002e-02 1.495534605886386474e-02 1.115469619729656491e-03
9.677830151193653752e-01 2.291729687423197173e-02 8.450894464471482570e-03 8.487935419312334258e-04
9.766245678394250840e-01 1.745691200720149786e-02 5.189178270850732487e-03 7.293418825229318987e-04
9.806845603839559056e-01 1.517616964754058169e-02 3.441355912265034456e-03 6.979140562383593467e-04
9.820930977346574720e-01 1.470346118313665962e-02 2.465692401761216540e-03 7.377486804449029899e-04
9.815925981351075746e-01 1.560036307845793710e-02 1.947748275488851363e-03 8.592905109457700356e-04
9.797649018246805674e-01 1.745477873085045026e-02 1.709944214761582783e-03 1.070375229707510320e-03
9.776227414337057553e-01 1.941497229632992150e-02 1.624614556300486281e-03 1.337671713663792688e-03
9.757629394593870797e-01 2.096599596550899336e-02 1.633565268660876549e-03 1.637499306443095668e-03
9.737137025309809957e-01 2.250061108707083340e-02 1.746911093616707999e-03 2.038775288331551392e-03
9.709785233826421225e-01 2.439909816640100162e-02 1.981662026105669196e-03 2.640716424851324677e-03
9.676298188748950757e-01 2.651723527578158865e-02 2.344332789061107872e-03 3.508613060262226468e-03
9.637075190332521357e-01 2.871585375920288410e-02 2.868658940446564866e-03 4.707968267098304287e-03
9.594184771160771952e-01 3.081699332435224037e-02 3.566111478373185963e-03 6.198418081197391502e-03
9.558018251066822124e-01 3.222614923025189648e-02 4.321014066150875334e-03 7.651011596915031389e-03
9.536579693418774095e-01 3.258846041902658391e-02 4.994335467465413521e-03 8.759234771630737895e-03
9.530688396794110284e-01 3.188458876281188153e-02 5.574518695170873651e-03 9.472052862606434101e-03
9.527704983357899726e-01 3.072664281301710695e-02 6.741943994432051702e-03 9.760914856761164493e-03
9.539153228919426963e-01 2.888901836411814084e-02 7.551700763043527401e-03 9.643957980895755122e-03
9.542111932448272826e-01 2.767974293974207953e-02 8.814647834465371909e-03 9.294415980965172255e-03
9.527047104805806965e-01 2.770923628301817307e-02 1.073806986650762026e-02 8.847983369893477196e-03
9.489452279045379468e-01 2.933975957714862054e-02 1.329545567969182829e-02 8.419556838621736206e-03
9.444368101731558385e-01 3.199852191523345352e-02 1.547647235582928597e-02 8.088195555781513973e-03
9.374877786953805803e-01 3.660061813663054164e-02 1.799767817114157967e-02 7.913924996847418111e-03
9.318793534301083037e-01 4.088043935250102595e-02 1.957604793007176533e-02 7.664159287318870334e-03
9.264199753231153744e-01 4.547099193568179126e-02 2.062624560174201524e-02 7.482787139460854615e-03
9.175761279193093145e-01 5.269407270143557781e-02 2.208814002695970793e-02 7.641659352295278318e-03
9.037511269254657753e-01 6.322326046004594913e-02 2.485245435554488125e-02 8.173158258943583401e-03
8.777202491414313190e-01 8.305639867029676604e-02 3.005469024589886226e-02 9.168661942373305951e-03
8.310376204346490159e-01 1.182753816027000138e-01 3.987573146590232126e-02 1.081126649674876011e-02
7.531992607386286398e-01 1.775300692528334612e-01 5.608939496118128115e-02 1.318127504735680695e-02
6.428353198268343949e-01 2.643665282144942452e-01 7.677091274261693687e-02 1.602723921605436752e-02
5.216601684945857409e-01 3.655247764413261380e-01 9.368389378737765338e-02 1.913116127671058569e-02
4.254891789142736247e-01 4.527098150766729612e-01 9.915652656902425310e-02 2.264447944002927204e-02
3.709144440625070649e-01 5.086326053617783449e-01 9.393528598459612022e-02 2.651766459111856711e-02
3.513041351463139783e-01 5.346494712649854097e-01 8.368153311927833959e-02 3.036486046942239378e-02
3.545191201320984087e-01 5.379181591515981298e-01 7.344867294470480701e-02 3.411404777159831453e-02
3.723584355890589559e-01 5.238583714896601906e-01 6.587798193664881619e-02 3.790521098463222466e-02
3.999035556181254614e-01 4.967211694105224673e-01 6.148103836775883901e-02 4.189423660359326701e-02
5.597967834157195899e-01 3.782229693649522551e-01 4.245321104932330870e-03 5.773492611439582506e-02
3.061772844714401032e-01 1.017055648454661815e-01 1.301561309316898347e-02 5.791015375899247752e-01
2.830533259898401210e-01 1.004907048852690943e-01 1.240977214849146512e-02 6.040461969763990524e-01
2.606196432351863823e-01 9.990019101079133934e-02 1.164318125348753549e-02 6.278369845005348227e-01
2.395495201392661699e-01 9.790742964632309642e-02 1.060934696047159155e-02 6.519337032539391785e-01
2.190577457038950238e-01 9.349512705096883758e-02 9.338413307005169819e-03 6.781087139381309914e-01
1.993433577751261288e-01 8.616100270959438368e-02 7.896265299378642938e-03 7.065993742159006885e-01
1.840119082972657971e-01 7.691808510694581047e-02 6.522780104313789101e-03 7.325472264914746345e-01
1.763835265157140952e-01 6.942025740617494001e-02 5.615913603133191982e-03 7.485803024749779766e-01
1.778561652499208168e-01 6.386635651444244610e-02 5.081578163819990349e-03 7.531959000718171371e-01
1.809854064391792083e-01 6.111986687320161010e-02 4.815930535712322109e-03 7.530787961519068707e-01
1.798787465927130513e-01 6.050980747834636131e-02 4.614709704778889587e-03 7.549967362241618574e-01
1.739541750051912805e-01 6.175281606726841510e-02 4.426653673488653747e-03 7.598663552540516619e-01
1.657283965146726656e-01 6.440232160401525296e-02 4.277625874958604878e-03 7.655916560063533716e-01
1.593999977406246882e-01 6.634365941128794741e-02 4.101727609617275387e-03 7.701546152384699528e-01
1.557677219792044376e-01 6.662163841904764072e-02 3.908102735429835189e-03 7.737025368663180691e-01
1.553907307202460897e-01 6.299149086299275779e-02 3.576168594553496075e-03 7.780416098222077137e-01
1.611071030052519393e-01 5.529239924989095417e-02 3.070716998166490679e-03 7.805297807466908822e-01
1.768093976380405996e-01 4.703514097133620897e-02 2.598970890612096150e-03 7.735564905000109626e-01
2.062499641931022643e-01 4.027363950859162711e-02 2.258618540714591588e-03 7.512177777575912430e-01
2.501340519065974322e-01 3.529131399097462651e-02 2.030852895962973175e-03 7.125437812064649989e-01
3.072081355523825219e-01 3.158913148448257852e-02 1.850737298516565718e-03 6.593519956646183289e-01
3.731819287031538646e-01 2.834115257229460547e-02 1.640870170966747055e-03 5.968360485535845195e-01
4.417162760698348234e-01 2.490916327456757853e-02 1.359187602072780068e-03 5.320153730535247538e-01
5.096989137574272632e-01 2.144776051582169760e-02 1.050489787222724878e-03 4.678028359395282609e-01
5.775859758716258563e-01 1.862334635274855849e-02 1.139002224331896879e-03 4.026516755512939416e-01
6.453895508167973860e-01 1.677097709591870295e-02 8.686581585596699680e-04 3.369708139287241333e-01
7.056173570075476853e-01 1.556131631875373733e-02 6.823416652843618257e-04 2.781389850084140525e-01
7.536811623572250429e-01 1.468246311462143190e-02 5.676777168150644922e-04 2.310686968113382367e-01
7.877432732792727377e-01 1.419590317388314676e-02 5.128070817673028876e-04 1.975480164650769144e-01
8.065143352969308399e-01 1.466724432058461036e-02 5.206167237018267686e-04 1.782978036587828108e-01
8.071102151769095068e-01 1.706015212100276887e-02 6.098649050532286512e-04 1.752197677970346312e-01
7.832596797761962604e-01 2.297913235944267288e-02 8.217246916780945962e-04 1.929394631726828735e-01
7.245050339111681614e-01 3.503965267902318242e-02 1.225134967416049298e-03 2.392301784423927491e-01
6.197850245468385921e-01 5.600595327526301098e-02 1.896382754976986803e-03 3.223126394229215430e-01
4.721388417804293081e-01 8.507852794681509956e-02 2.520529024972703678e-03 4.402621012477828111e-01
3.131334429911815098e-01 1.087477288033924100e-01 3.628943513760982901e-03 5.744898846916649537e-01
1.826993167258373907e-01 1.154547484578536259e-01 3.732027157079670626e-03 6.981139076592290937e-01
1.002532573817875722e-01 1.061924813547547308e-01 3.532745680819215136e-03 7.900215155826386670e-01
5.693671639574548332e-02 9.483523850287500778e-02 3.176230721640034560e-03 8.450518143797391968e-01
3.525907313653371677e-02 8.630226395913138948e-02 2.938750724201842548e-03 8.754999121801328998e-01
2.380967398937193849e-02 8.003851129457346947e-02 2.802538313373103326e-03 8.933492764026815802e-01
1.752468436649452788e-02 7.551887314690779174e-02 2.705116967669330113e-03 9.042513255189281729e-01
1.443769004670581585e-02 7.338252672367925888e-02 2.623413401868911633e-03 9.095563698277459030e-01
1.329356949320458989e-02 7.432130555482566181e-02 2.526528117715733102e-03 9.098585968342538521e-01
1.300651247498211920e-02 7.789306102664374232e-02 2.371529045902499942e-03 9.067288974524719825e-01
1.311004213518914517e-02 8.304485902111856388e-02 2.171719641424442113e-03 9.016733792022675331e-01
1.367413819220512222e-02 8.846025242663686783e-02 1.985166469861973561e-03 8.958804429112959822e-01
1.494837311782535282e-02 9.246456798674557165e-02 1.849746422184085854e-03 8.907373124732446135e-01
1.727199195986836230e-02 9.464522479358018769e-02 1.782431075653983631e-03 8.863003521708977539e-01
2.121684962436571481e-02 9.636086708280790225e-02 1.803453620261380669e-03 8.806188296725648845e-01
2.744199409494722103e-02 9.784152515729054034e-02 1.913595882287371774e-03 8.728028848654745264e-01
3.694424715546643784e-02 9.776691059665218453e-02 2.109739321696399786e-03 8.631791029261852710e-01
5.140250648405307599e-02 9.487275108416430569e-02 2.410220748567876766e-03 8.513145216832145312e-01
7.219311403673535354e-02 8.902668529533466768e-02 2.837536496818631251e-03 8.359426641711114048e-01
9.935448410935383834e-02 8.259718756196207656e-02 3.438920989446345427e-03 8.146094073392378121e-01
1.298210642576754226e-01 7.885885621641075538e-02 4.267268137389477675e-03 7.870528113885244537e-01
1.563556707516868260e-01 7.955410693449382897e-02 5.371354898675867288e-03 7.587188674151434942e-01
1.726816560193154548e-01 8.582035522609257616e-02 6.795449981856618860e-03 7.347025387727356138e-01
1.815626638157752104e-01 9.465984396768820086e-02 8.780464463334624117e-03 7.149970277532016194e-01
1.844598031138280914e-01 1.076391931223532605e-01 1.120219857336183372e-02 6.966988051904565715e-01
1.847755408861107840e-01 1.228568969287685692e-01 1.393704113928555775e-02 6.784305210458347890e-01
1.844262165243813478e-01 1.393546707405557694e-01 1.652661006768114255e-02 6.596925026673818859e-01
1.839722151824349783e-01 1.555541866213601965e-01 1.842120489350650842e-02 6.420523933026982544e-01
1.820128648422165984e-01 1.693102334944480980e-01 1.949055117868863166e-02 6.291863504846465505e-01
1.771702470722552880e-01 1.796096482555744611e-01 1.992175646778378273e-02 6.232983482043864543e-01
1.691439217779924231e-01 1.869768528982625744e-01 1.976529198654834729e-02 6.241139333371965581e-01
1.577324486078961474e-01 1.918052687104653264e-01 1.886606834341958069e-02 6.315962143382187755e-01
1.420204170607368699e-01 1.941626829347735395e-01 1.714937057886486288e-02 6.466675294256247764e-01
1.224296934277031429e-01 1.949922704027311771e-01 1.494509929499561636e-02 6.676329368745700377e-01
1.015557950380472085e-01 1.965628188069975246e-01 1.270320427735753370e-02 6.891781818775979396e-01
8.339444974383809772e-02 2.030939275952597101e-01 1.068770857517582600e-02 7.028239140857263090e-01
4.844551742775796144e-01 2.357336762516787088e-01 1.233354696596221378e-01 1.564756798111195391e-01
4.532473041256887547e-01 4.492366950270257897e-01 4.203146651132243922e-02 5.548453433596269718e-02
4.692473401469113292e-01 4.151851242730917879e-01 4.037972719310901210e-02 7.518780838688797485e-02
4.596419649291280662e-01 3.940869647880839155e-01 4.229167276306158851e-02 1.039793975197267628e-01
4.366930595664901826e-01 3.723621383032482135e-01 4.663442513284630359e-02 1.443103769974152517e-01
4.152626208964753651e-01 3.362334898531335603e-01 5.125324224017168556e-02 1.972506470102194653e-01
3.996044663877372782e-01 2.847374124866620115e-01 5.381520896691213002e-02 2.618429121586887121e-01
3.871111088973652192e-01 2.250517700013578981e-01 5.209117483461481873e-02 3.357459462666620431e-01
3.722080418449832395e-01 1.675030546344021543e-01 4.557203404245192130e-02 4.147168694781626086e-01
3.561141986275483395e-01 1.181504053096776308e-01 3.498987287193342649e-02 4.907455231908404159e-01
3.420173928023161336e-01 8.128166051964276495e-02 2.413640907400677396e-02 5.525645376040344559e-01
3.345993441653394851e-01 5.813888623114115556e-02 1.578575700086590206e-02 5.914760126026535891e-01
3.354910218728309745e-01 4.555629287523668691e-02 1.094265654538911434e-02 6.080100287065433040e-01
3.417384983995161440e-01 3.863633892065947151e-02 8.466130701915744808e-03 6.111590319779087732e-01
3.526257357402262649e-01 3.638995377075974341e-02 7.487122017741435626e-03 6.034971884712726498e-01
3.640030599418161428e-01 3.644236057241383164e-02 7.170731574833323803e-03 5.923838479109364563e-01
3.737291938681105430e-01 3.756573222039379101e-02 7.146735234463791678e-03 5.815583386770318830e-01
3.830105745137232787e-01 3.840223152485236491e-02 7.147640365889332097e-03 5.714395535955351102e-01
3.956827527061958505e-01 3.805280553170959507e-02 7.048997824715521991e-03 5.592154439373790975e-01
4.159694235191054856e-01 3.639475837377368489e-02 6.862743529039689802e-03 5.407730745780812143e-01
4.454507073221298796e-01 3.381100677610011235e-02 6.627855493551187104e-03 5.141104304082184662e-01
4.809065925276050923e-01 3.059116894925641150e-02 6.321578803484528483e-03 4.821806597196538480e-01
5.180787268995183936e-01 2.639236328031684467e-02 5.713861818793374882e-03 4.498150480013713426e-01
5.465867242347582922e-01 2.307628620584983165e-02 5.376242933000743331e-03 4.249607466263909394e-01
5.598964310217399154e-01 2.057826218454094150e-02 5.221753477508264685e-03 4.143035533162109374e-01
5.530602189374560496e-01 1.914000682559724789e-02 5.386710068543124584e-03 4.224130641684037957e-01
5.270157939473733011e-01 1.875610397982549818e-02 6.015081943516679096e-03 4.482130201292846561e-01
4.862602564587470422e-01 1.949752553902833752e-02 7.378801561683783622e-03 4.868634164405406528e-01
4.347258842129871348e-01 2.180980588608849580e-02 1.008781011889607962e-02 5.333764997820282794e-01
3.728462640541729822e-01 2.644163460028112200e-02 1.495260021237922003e-02 5.857595011331667711e-01
3.067846797874314579e-01 3.320210481099757777e-02 2.575231439680745679e-02 6.342609010047635110e-01
2.357546594210484514e-01 4.350390065410406765e-02 4.733063862588340193e-02 6.734108012989641345e-01
1.684767983041472461e-01 5.780750083763663838e-02 9.270133645215794527e-02 6.810143644060580037e-01
1.141648639737162380e-01 7.006309409271826993e-02 1.778359081040596090e-01 6.379361338295056472e-01
7.242841835093270786e-02 7.096391251440277437e-02 2.933682276852526138e-01 5.632394414494118484e-01
4.274835785273729816e-02 5.949908753421073032e-02 4.169002812194767538e-01 4.808522733935754467e-01
2.378247018899846965e-02 4.455660024458171775e-02 5.452647991869966626e-01 3.863961303794229418e-01
1.337887756040638705e-02 3.201302100261281536e-02 6.681264542976462772e-01 2.864816471393346609e-01
8.018224640338935533e-03 2.372051174859650391e-02 7.658429872290076768e-01 2.024182763820568109e-01
5.697519925818164167e-03 1.989985475155686342e-02 8.242002809673238950e-01 1.502023443553010817e-01
5.175523855466044806e-03 2.022508887240965711e-02 8.449954938813475369e-01 1.296038933907770196e-01
5.890423108438853049e-03 2.455867636162364573e-02 8.358084778773661183e-01 1.337424226525712467e-01
7.880965425632078386e-03 3.351827863115084544e-02 7.981471847478092130e-01 1.604535711954079014e-01
1.155641800939145696e-02 4.775413563835827907e-02 7.268794011084878104e-01 2.138100452437622090e-01
1.716795917922336184e-02 6.589141589402362775e-02 6.174686651763781065e-01 2.994719597503747721e-01
2.418774244706577148e-02 8.297128913583332044e-02 4.754014723008749277e-01 4.174394961162259943e-01
3.178371146286450982e-02 9.082039839360650513e-02 3.223615961984355738e-01 5.550342939450934043e-01
3.695708324854413140e-02 8.527283266716340071e-02 1.894408230082866296e-01 6.883292610760057828e-01
3.895073277723822003e-02 7.149203193530050127e-02 9.985225939928918382e-02 7.897049758881722337e-01
4.058292318962951339e-02 5.670939873090904276e-02 5.281360248080413378e-02 8.498940755986573725e-01
4.264678848123969190e-02 4.677815942543168265e-02 3.058156970676351172e-02 8.799934823865651623e-01
4.652808814092047190e-02 4.186363492509979911e-02 2.012665611002375024e-02 8.914816208239558781e-01
5.272710835144060748e-02 4.027786644543226297e-02 1.493355053875219766e-02 8.920614746643747983e-01
6.128462805546947695e-02 4.031202674969058125e-02 1.213032352702238595e-02 8.862730216678172956e-01
7.169287748286821971e-02 4.041493062154477567e-02 1.046256314610709628e-02 8.774296287494802726e-01
8.309314094334029066e-02 3.940526290654681324e-02 9.325073352884271846e-03 8.681765227972286780e-01
9.436752930770650472e-02 3.714664304224071095e-02 8.343850216692087762e-03 8.601419774333608492e-01
1.053033643004553654e-01 3.269237603131722181e-02 7.302714448928116983e-03 8.547015452192991969e-01
1.147318078428025828e-01 2.796001412504304021e-02 6.352416134188294643e-03 8.509557618979660676e-01
1.233771955859261360e-01 2.387048002770649630e-02 5.629879591607489520e-03 8.471224447947598435e-01
1.334101272165825747e-01 2.114491693771288275e-02 5.283265067779594100e-03 8.401616907779250187e-01
1.456817599126984386e-01 1.995438274979861870e-02 5.370875021234631022e-03 8.289929823162685008e-01
1.592621217057137994e-01 2.016938578977376176e-02 5.912272942817124385e-03 8.146562195616953161e-01
1.744308982471277358e-01 2.171691450828191344e-02 7.020371830487168695e-03 7.968318154141030840e-01
1.974477662183763971e-01 2.623466935146232665e-02 9.412358955039352298e-03 7.669052054751218650e-01
2.320079847571969722e-01 3.407411372781438130e-02 1.329345310018507399e-02 7.206244484148035534e-01
2.756852628760834700e-01 4.722647103320871953e-02 1.909294207274625163e-02 6.579953240179614582e-01
3.181036077472305656e-01 6.547514034239937386e-02 2.606641331857780311e-02 5.903548385917921637e-01
3.503378852200272897e-01 8.787014449988884979e-02 3.326897171120900970e-02 5.285229985688747467e-01
3.680233184915603917e-01 1.139258813708043383e-01 4.027932670893343697e-02 4.777714734287019094e-01
3.697181238973835660e-01 1.438884192818842556e-01 4.831197822957480209e-02 4.380814785911574805e-01
3.571003241072863710e-01 1.779274871567852190e-01 5.866326384823505186e-02 4.063089248876934900e-01
9.383713011840760787e-01 1.784871675723853982e-02 8.123892895358833912e-04 4.296759276914981218e-02
2.418657012117604588e-01 1.235067210742065991e-01 7.459251567147756785e-03 6.271683261468848913e-01
2.574307803579490850e-01 1.166983586142648632e-01 7.325026551655830498e-03 6.185458344761300964e-01
2.864041130454839656e-01 1.052166859517706943e-01 6.944827648268106501e-03 6.014343733544772475e-01
3.291595344713266202e-01 9.417138975642622145e-02 6.435224587268222572e-03 5.702338511849789349e-01
3.790809795933027249e-01 8.268635748862017409e-02 6.009583099654058208e-03 5.322230798184230949e-01
4.236780924096012479e-01 7.205374025676719585e-02 5.591736998275534214e-03 4.986764303353559136e-01
4.546695263666487574e-01 6.280826325102244201e-02 5.189222430024096472e-03 4.773329879523044994e-01
4.686703448252405591e-01 5.531689410398914902e-02 4.820534101804623342e-03 4.711922269689655107e-01
4.660866795239460014e-01 4.989643778798146662e-02 4.530721597173234180e-03 4.794861610908993654e-01
4.523126497267727086e-01 4.589626661323609885e-02 4.278994078110084746e-03 4.975120895818810340e-01
4.354565083921261293e-01 4.189926284970031667e-02 3.953206353994695443e-03 5.186910224041787476e-01
4.217724156920473200e-01 3.737806743047579483e-02 3.549074146560594976e-03 5.373004427309163722e-01
4.140938428124988913e-01 3.252700405872015893e-02 3.127323534269364855e-03 5.502518295945117988e-01
4.119050599497414700e-01 2.714148862533760989e-02 3.078295421765376953e-03 5.578751560031556256e-01
4.184090229472217093e-01 2.279002163951029947e-02 2.754342880276946723e-03 5.560466125329909248e-01
4.324423081601739272e-01 1.917064715942322015e-02 2.496378451257324962e-03 5.458906662291455048e-01
4.556785508608333091e-01 1.622376163690940690e-02 1.896107760327183983e-03 5.262015797419301588e-01
4.825942307482029570e-01 1.475808414100051279e-02 1.827957594223851611e-03 5.008197275165724438e-01
5.134088746427261096e-01 1.420919795648199931e-02 1.826622681581600372e-03 4.705553047192102545e-01
5.462752282866906173e-01 1.503057951929688031e-02 2.220010933744174554e-03 4.364741812602683790e-01
5.846466787614974514e-01 1.587942796196970680e-02 2.229254778139775229e-03 3.972446384983927548e-01
6.259145124985289188e-01 1.756968660780238237e-02 2.263095302356145019e-03 3.542527055913126666e-01
6.670021051492165398e-01 2.023603209253208024e-02 2.319147662229370434e-03 3.104427150960221704e-01
7.044527950715311349e-01 2.401089035437528954e-02 2.367758702430891853e-03 2.691685558716626625e-01
7.311276648610826046e-01 3.011195564438486766e-02 2.459154356069107646e-03 2.363012251384631612e-01
7.359263167281271389e-01 4.225752770803030411e-02 2.788972043354327746e-03 2.190271835204883333e-01
7.124632473712360081e-01 6.688879631797248204e-02 3.583936362439984515e-03 2.170640199483513666e-01
6.629918949776327786e-01 1.108156308459430361e-01 4.950513099166502402e-03 2.212419610772576595e-01
5.900761032207726409e-01 1.830104512775142522e-01 7.161322471798067107e-03 2.197521230299145367e-01
4.979024909175110425e-01 2.863210764699786748e-01 1.014179640832806734e-02 2.056346362041818476e-01
3.912561663227269726e-01 4.140717194462491535e-01 1.345341324069642200e-02 1.812187009903273305e-01
2.892817046470642084e-01 5.414249866636536845e-01 1.623807304590182965e-02 1.530552356433805272e-01
2.025606989900993193e-01 6.545435583482305253e-01 1.826404470056121679e-02 1.246316979611091641e-01
1.346981745424565557e-01 7.485925763434447822e-01 1.950962330687733975e-02 9.719962580722180112e-02
8.548163740582478964e-02 8.231758145727433584e-01 1.986178157387383583e-02 7.148076644755858855e-02
5.177807316573295598e-02 8.807530564345031898e-01 1.916679130418514482e-02 4.830207909557850815e-02
2.993655966520863965e-02 9.231418883702015021e-01 1.751670209634786576e-02 2.940484986824186409e-02
1.708256878057099956e-02 9.509294324687640465e-01 1.560568809588866110e-02 1.638231065477637610e-02
1.102494747149788956e-02 9.657545654554470227e-01 1.436336826986249829e-02 8.857118803192513129e-03
7.376629788773203002e-03 9.740941880502099748e-01 1.376129398819175842e-02 4.767888172824801853e-03
5.648418301031896994e-03 9.783168463473355114e-01 1.337529030775275532e-02 2.659445043879714397e-03
4.864299668861936203e-03 9.807365850703150256e-01 1.284589361848993347e-02 1.553221642333474633e-03
4.547188723512061645e-03 9.822911682233146369e-01 1.220457776906837093e-02 9.570652841049840038e-04
4.561115616421933597e-03 9.832435433837158900e-01 1.156413787211834319e-02 6.312031277437168573e-04
4.924824436286327767e-03 9.836767323834989529e-01 1.094561302189083450e-02 4.528301583237796910e-04
5.728323646683230845e-03 9.835539794990784124e-01 1.036172037933532318e-02 3.559764749029433947e-04
7.080336542245468587e-03 9.827388964509035096e-01 9.876686828774076249e-03 3.040801780770940616e-04
9.046752575698736865e-03 9.811680966064162401e-01 9.505960366358685507e-03 2.791904515263225858e-04
1.156662929034489411e-02 9.790053915618361913e-01 9.155280773748580847e-03 2.726983740704479403e-04
1.477730268256068763e-02 9.761135690602399384e-01 8.823552809284896173e-03 2.855754479144165378e-04
1.994914980008403310e-02 9.709425885192066730e-01 8.771549254919918520e-03 3.367124257896207088e-04
2.929179906580145834e-02 9.612463349795549172e-01 9.014375807355992642e-03 4.474901472875215751e-04
4.483569176715396926e-02 9.455038557626661566e-01 9.032374524915457586e-03 6.280779452643346856e-04
6.839529384776721344e-02 9.222544966832361135e-01 8.454255633059749517e-03 8.959538359369543202e-04
1.025260188501263686e-01 8.885498669144131778e-01 7.601642877998083560e-03 1.322471357462299320e-03
1.522515399048800511e-01 8.391440558598840527e-01 6.574940550523130159e-03 2.029463684712689339e-03
2.128148393447472919e-01 7.778028428800123351e-01 6.070520798955722150e-03 3.311796976284914554e-03
2.732730060726152321e-01 7.157177920771384816e-01 5.739227212714186933e-03 5.269974637532182614e-03
3.248878723919775835e-01 6.620727388360940768e-01 5.440114054754866674e-03 7.599274717173741013e-03
3.650848790131048238e-01 6.198442061202041886e-01 5.209803294951469328e-03 9.861111571739508697e-03
3.915241366323669592e-01 5.913381594614636194e-01 5.137141609915594175e-03 1.200056229625427219e-02
4.016420995166121721e-01 5.788632339095706181e-01 5.230113610216201130e-03 1.426455296360091586e-02
3.972201044411583504e-01 5.805473367417907093e-01 5.426507843478060519e-03 1.680605097357283639e-02
3.861758690917769243e-01 5.884216772312734767e-01 5.696812716331528699e-03 1.970564096061774850e-02
3.801552395835920417e-01 5.906885713959730833e-01 6.062564656863837949e-03 2.309362436357120449e-02
3.901596730554813264e-01 5.762921073387270443e-01 6.517815295598110813e-03 2.703040431019359049e-02
4.228464595020386962e-01 5.386896770497653364e-01 6.974817640021106768e-03 3.148904580817458998e-02
4.760682060129977633e-01 4.802594418840480661e-01 7.224797849801177160e-03 3.644755425315304026e-02
5.403835107878998123e-01 4.109558491190428708e-01 7.133232117357815073e-03 4.152740797569959980e-02
5.967038579376181540e-01 3.515519213126777620e-01 6.592147071322632286e-03 4.515207367838129648e-02
6.436438607387441335e-01 3.059085468944370834e-01 5.647177780384733149e-03 4.480041458643409247e-02
8.854290520350795168e-02 7.143601885278069163e-01 8.524662788251317902e-02 1.118502783861720223e-01
1.069996307307336941e-01 6.767780979685479315e-01 1.065031010728947347e-01 1.097191702278232928e-01
1.220903530987928753e-01 6.347596276077666078e-01 1.367889620994999500e-01 1.063610571939407334e-01
1.325893048087479764e-01 5.881631209916544645e-01 1.746107416093360953e-01 1.046368325902612001e-01
1.400191209402440740e-01 5.385191288077015859e-01 2.156152177135332859e-01 1.058465325385208600e-01
1.464133932039457520e-01 4.900916112270545244e-01 2.540955248149228130e-01 1.093994707540773131e-01
1.526253977545775353e-01 4.479219614846842723e-01 2.866916242767290623e-01 1.127610164840087276e-01
1.573266762412227349e-01 4.170946181184384538e-01 3.126137326319800014e-01 1.129649730083586712e-01
1.596521170604064399e-01 4.009881445913350273e-01 3.280421469511747290e-01 1.113175913970840258e-01
1.599889292919009498e-01 3.978751942604347169e-01 3.315775977937971963e-01 1.105582786538671508e-01
1.579982545774906433e-01 4.031467228037392547e-01 3.281067065786960057e-01 1.107483160400742628e-01
1.535909548654241230e-01 4.130819007910301877e-01 3.221596831739207967e-01 1.111674611696242682e-01
1.470372869354932832e-01 4.248832552732749179e-01 3.169398572874979614e-01 1.111396005037338236e-01
1.392527876294975264e-01 4.362969027645955400e-01 3.137380727835901162e-01 1.107122368223168590e-01
1.322859473547493003e-01 4.443851742852727993e-01 3.115681597434595829e-01 1.117607186165184147e-01
1.277094368229921562e-01 4.484092611695706942e-01 3.082641747515049713e-01 1.156171272559317759e-01
1.251883316652777633e-01 4.512152951374355792e-01 3.038671767693480463e-01 1.197291964279388055e-01
1.237340768333867053e-01 4.545901694165971341e-01 3.001294586211053494e-01 1.215462951289105059e-01
1.223003211209376245e-01 4.581894613540324901e-01 2.972391755697158522e-01 1.222710419553142136e-01
1.200763039384900865e-01 4.627403936561531039e-01 2.939695884646320589e-01 1.232137139407250837e-01
1.171009166835054321e-01 4.702623344425445606e-01 2.881656124419098020e-01 1.244711364320400943e-01
1.137311996678642551e-01 4.819244213813098643e-01 2.787216482417914643e-01 1.256227307090344858e-01
1.106212383603731725e-01 4.979533431857163794e-01 2.650136221203014397e-01 1.264117963336088835e-01
1.472415529104373066e-01 4.582227570979419684e-01 1.962990413197676087e-01 1.982366486718528387e-01
1.246185535207603168e-01 5.037762340566636077e-01 2.065107900267376673e-01 1.650944223958386303e-01
1.031014858328371669e-01 5.414069038130826517e-01 2.169244863557867609e-01 1.385671239982939340e-01
8.847548126007627467e-02 5.661923785448380597e-01 2.265494921732875699e-01 1.187826480217979985e-01
8.159032057555551387e-02 5.766543125297645123e-01 2.349999237652638517e-01 1.067554431294163442e-01
8.074347345865405534e-02 5.792217791560476670e-01 2.385191764674223502e-01 1.015155709178760107e-01
8.341100675349688576e-02 5.763545829280045663e-01 2.390999068047713616e-01 1.011345035137269921e-01
8.730300120814024623e-02 5.690316103494333921e-01 2.402803333896278704e-01 1.033850550527987550e-01
8.960825281717023361e-02 5.577267242819031745e-01 2.474219847747210210e-01 1.052430381262055986e-01
8.693400822834417008e-02 5.424925826521451722e-01 2.678380760218938561e-01 1.027353330976169266e-01
7.748343079178618420e-02 5.200344999117407774e-01 3.095128339722492128e-01 9.296923532422389502e-02
6.424346655032200926e-02 4.851904777459317142e-01 3.724653227985113557e-01 7.810073290523457390e-02
5.352669257809057612e-02 4.437440428846828877e-01 4.379915013329033213e-01 6.473776320432322873e-02
4.894400557256153167e-02 4.124424152834016977e-01 4.816848982005039193e-01 5.692868094353310815e-02
5.022152978044040067e-02 4.011655440665977679e-01 4.948469777846614126e-01 5.376594836830041885e-02
5.504030774705787749e-02 4.080804468687733166e-01 4.849469708656228839e-01 5.193227451854603993e-02
5.920181767725152255e-02 4.257111934573920009e-01 4.672596002364631240e-01 4.782738862889333170e-02
5.850386670140246548e-02 4.461222136613445244e-01 4.550401326206119923e-01 4.033378701664093458e-02
5.200923475168132970e-02 4.632063170582673695e-01 4.533370880115336621e-01 3.144736017851806203e-02
4.170583529110619136e-02 4.744463386508963043e-01 4.605568425038875091e-01 2.329098355411009930e-02
3.036460643789217276e-02 4.795652704831140367e-01 4.733376135471077939e-01 1.673250953188610418e-02
2.025858623744087803e-02 4.775201367380735862e-01 4.902938130890183710e-01 1.192746393546674152e-02
1.253648871336342230e-02 4.647927336582341473e-01 5.139145680520531556e-01 8.756209576349165483e-03
7.374873436978772283e-03 4.373097783789284265e-01 5.482290133021628931e-01 7.086334881930124105e-03
4.350124666512526078e-03 3.955703109315296673e-01 5.931952172591808958e-01 6.884347142777064339e-03
2.695193730661808642e-03 3.444553799055949939e-01 6.449693031100388607e-01 7.880123253704568800e-03
1.713919614572590681e-03 2.872646015363322647e-01 7.018222818326234069e-01 9.199197016472010491e-03
1.109631303686732908e-03 2.304010766213217820e-01 7.581115892043268634e-01 1.037770287066443892e-02
7.525539804145800222e-04 1.806059529022285837e-01 8.068973552923274228e-01 1.174413782502918904e-02
5.486967009620275643e-04 1.411416061692231105e-01 8.442907697819562740e-01 1.401892734785850983e-02
4.511719148380157743e-04 1.134810015445489317e-01 8.672175074489164581e-01 1.885031909169682801e-02
5.038385144233052193e-04 1.014809213453988779e-01 8.660488093604222781e-01 3.196643077975546560e-02
1.030471300004126610e-03 1.121793594609470368e-01 8.132205960753594587e-01 7.356957316368925581e-02
2.799727532119005661e-03 1.483864423831069701e-01 6.608069546233011904e-01 1.880068754614726001e-01
4.382878515155641010e-03 1.758712154872155986e-01 4.426320703653340849e-01 3.771138356322945029e-01
3.801345461567019659e-03 1.624284596918867396e-01 2.728566257943469964e-01 5.609135690521998008e-01
2.702772687751865428e-03 1.320138397061375313e-01 1.733177259994217734e-01 6.919656616066889310e-01
2.042332435824391335e-03 1.082489012724136279e-01 1.184464268005318704e-01 7.712623394912302421e-01
1.755847813793541719e-03 9.818732037744332120e-02 8.837399372144374987e-02 8.116828380873193360e-01
1.678963150636185713e-03 1.034805477914226141e-01 7.207826841442589727e-02 8.227622206435151186e-01
1.722925917264117026e-03 1.248903698848795735e-01 6.196431084554486490e-02 8.114223933523112553e-01
1.859764989723627134e-03 1.600679796816778799e-01 5.263731329897448907e-02 7.854349420296238282e-01
2.077383980410949828e-03 2.011413192266062189e-01 4.291528394164207533e-02 7.538660128513406944e-01
2.344776248582365000e-03 2.386468788315097844e-01 3.458242342231231115e-02 7.244259214975953265e-01
2.575393135456362746e-03 2.676624993658255347e-01 2.892507735315398565e-02 7.008370301455640883e-01
2.745023398433836352e-03 2.922009158015516084e-01 2.613047836893995016e-02 6.789235824310745349e-01
2.935978716465617415e-03 3.226267027439240764e-01 2.609656066135820907e-02 6.483407578782519609e-01
3.149461440096781601e-03 3.677752547156555862e-01 2.861913073950698994e-02 6.004561531047405420e-01
3.300695861105760239e-03 4.266411417514248128e-01 3.305552341399477928e-02 5.370026389734744443e-01
3.488738430354168443e-03 4.861330234084882962e-01 3.834591849844380673e-02 4.720323196627138063e-01
3.981661974811533632e-03 5.331447889769217463e-01 4.355699437348464070e-02 4.193165546747817940e-01
5.052308230051182243e-03 5.674969773328124578e-01 4.806108626506749165e-02 3.793896281720690045e-01
7.057067560344860990e-03 5.922979778858341593e-01 5.179601188414750118e-02 3.488489426696732010e-01
1.056203591336276476e-02 6.061061403849726803e-01 5.538482796555191379e-02 3.279469957361125232e-01
1.604169396372173706e-02 6.086154921509928650e-01 5.958474441034727898e-02 3.157580694749381744e-01
2.382275589686962819e-02 6.025508949223813415e-01 6.686721637573971033e-02 3.067591328050092714e-01
3.296120046998173014e-02 5.983570238864815982e-01 7.714824599748677791e-02 2.915335296460500047e-01
4.329978993378195973e-02 6.036135214541629157e-01 9.032397000747428850e-02 2.627627186045806140e-01
5.671917184211638235e-02 6.122088392498967746e-01 1.036433160399676950e-01 2.274286728680193770e-01
7.826193021655061810e-02 6.083122280846384733e-01 1.113173401591637940e-01 2.021085015396471840e-01
1.164338733270545156e-01 5.781706888599896788e-01 1.066480388614083202e-01 1.987473989515471939e-01
1.817170066719755450e-01 5.088315763374610112e-01 8.923245343229135873e-02 2.202189635582724736e-01
2.766478078210136693e-01 4.013491987740315237e-01 6.610126061184490309e-02 2.559017327931097929e-01
3.798169923940643011e-01 2.918440317683587693e-01 4.564447571865275222e-02 2.826945001189242190e-01
4.605209467944312851e-01 2.136696029561319377e-01 3.203742557433794658e-02 2.937720246750988307e-01
5.006942646238422556e-01 1.721860490009982370e-01 2.452869485148878592e-02 3.025909915236705272e-01
5.019767800746279818e-01 1.554232870904689590e-01 2.060857610939424364e-02 3.219913567255088260e-01
4.718094506270466004e-01 1.529314754605144711e-01 1.843234098578271432e-02 3.568267329266561760e-01
4.222824715336027102e-01 1.578237103272461528e-01 1.702977386270408677e-02 4.028640442764471752e-01
3.681065164480645802e-01 1.665397813597008503e-01 1.611694432221092571e-02 4.492367578700234287e-01
3.221038309803868072e-01 1.771263981563727941e-01 1.569773052495420859e-02 4.850720403382858814e-01
2.891143544647151176e-01 1.868503926756047151e-01 1.574111949937527163e-02 5.082941333603044898e-01
2.643942315317226455e-01 1.924578499575389234e-01 1.607827456117976242e-02 5.270696439495589081e-01
2.405842858984574006e-01 1.931510303773312232e-01 1.654894104072968108e-02 5.497157426834816674e-01
2.161262681561754162e-01 1.909977819439395708e-01 1.721342376437259500e-02 5.756625261355123868e-01
1.948873958086923541e-01 1.885900709377850704e-01 1.824266058172663643e-02 5.982798726717960536e-01
1.802036955438416355e-01 1.880174440451701512e-01 1.968371603675757309e-02 6.120951443742310705e-01
1.700644164241171818e-01 1.899276200703249040e-01 2.124169557966771107e-02 6.187662679258898457e-01
1.601861093823392368e-01 1.936304476432940680e-01 2.247938891734049816e-02 6.237040540570262248e-01
1.502606863974257079e-01 1.996069591215501871e-01 2.342308975002482113e-02 6.267092647309994158e-01
1.426679684070535359e-01 2.086963939227454989e-01 2.433448833610787204e-02 6.243011493340934193e-01
1.387291699991991534e-01 2.211230829637147455e-01 2.535403858694316309e-02 6.147937084501429172e-01
1.371759240814833802e-01 2.363924482277354189e-01 2.634787617848397684e-02 6.000837515122972032e-01
1.367184293259315897e-01 2.536977892826038916e-01 2.699206427001714023e-02 5.825917171214471946e-01
1.375804154665190848e-01 2.709939904824402168e-01 2.690505917887116641e-02 5.645205348721695771e-01
1.402836688741997406e-01 2.848912491955289950e-01 2.584113603235483475e-02 5.489839458979164366e-01
1.453917845480687532e-01 2.924789458410235188e-01 2.385663682301718963e-02 5.382726327878906147e-01
1.545256647300770336e-01 2.920844475994178735e-01 2.127525206500907942e-02 5.321146356054961002e-01
1.692275595814469458e-01 2.835425743838850821e-01 1.849633058907523830e-02 5.287335354455928726e-01
