7.680986960487562465e-01 7.870944129152970814e-02 1.407005852868334133e-03 1.517848568068458637e-01
7.653487575192583492e-01 1.985825990429988530e-01 1.880484194770609121e-03 3.418815924297242959e-02
8.088408329435441413e-01 1.674909266286517817e-01 1.330294203930515798e-03 2.233794622387327150e-02
8.351931279238047345e-01 1.488104211585752346e-01 9.869464822599898022e-04 1.500950443536034143e-02
8.442339311365042454e-01 1.443133249976462362e-01 7.916325239568546956e-04 1.066111134189305296e-02
8.348318906031609865e-01 1.563396194849141219e-01 7.038808124129261471e-04 8.124609099512000721e-03
8.050799036584300739e-01 1.875892006970421300e-01 6.987582425246325994e-04 6.632137402003114579e-03
7.531505914051930262e-01 2.404589077839522360e-01 7.600287349187433150e-04 5.630472075935870520e-03
6.750573105148766073e-01 3.192422308298913936e-01 9.017889847264385673e-04 4.798669670505802988e-03
5.640705352372999970e-01 4.306137106823562100e-01 1.226753115115617907e-03 4.089000965228119407e-03
4.274718384785554104e-01 5.679952018882794551e-01 1.103189227134967814e-03 3.429770406030055886e-03
2.870712627955235297e-01 7.086612628051796037e-01 1.317906530583217101e-03 2.949567868713973313e-03
1.771505587762552125e-01 8.186529662812026542e-01 1.616343937618348317e-03 2.580131004923538838e-03
1.055486771328147388e-01 8.897596066242516866e-01 2.346018077757461556e-03 2.345698165176044511e-03
6.591308163748207938e-02 9.288085202063266488e-01 3.057121279133560767e-03 2.221276877057759645e-03
4.449616447827201005e-02 9.485026559655385103e-01 4.734552206471114889e-03 2.266627349718222488e-03
3.385636481195562764e-02 9.557873235036967730e-01 7.877774559736318641e-03 2.478537124611243907e-03
2.955483875571706873e-02 9.547498892609114218e-01 1.285537161856504726e-02 2.839900364806509023e-03
2.903466539180365666e-02 9.484987125409165554e-01 1.917748054740253671e-02 3.289141519877199216e-03
2.993782795230921431e-02 9.410147404260059689e-01 2.539239789830389712e-02 3.655033723380950866e-03
3.465239911792680066e-02 9.307482046771186068e-01 3.050111118557094145e-02 4.098285019383683149e-03
4.284154220457425666e-02 9.180614042794382756e-01 3.459396892280459240e-02 4.503084593183019277e-03
5.566249230452700175e-02 9.012723021151408664e-01 3.826664964447823447e-02 4.798555935854023104e-03
7.396121971898794722e-02 8.790434368931658859e-01 4.212880415913843046e-02 4.866539228707745038e-03
9.717362810735383216e-02 8.514584272491342309e-01 4.675962776092625062e-02 4.608316882585424337e-03
1.233329806365328074e-01 8.197324708177804453e-01 5.287734371883159867e-02 4.057204826855107839e-03
1.528426925762287891e-01 7.826341185722719418e-01 6.107779983217768299e-02 3.445389019321640298e-03
1.905418999714642014e-01 7.359679061416265489e-01 7.049050038153394093e-02 2.999693505375354303e-03
2.426243768020349412e-01 6.764554274550819146e-01 7.813957251806422089e-02 2.780623224818686966e-03
3.210273974856854839e-01 5.952636135269012696e-01 8.084398208028915900e-02 2.865006907124095260e-03
4.364275051247085146e-01 4.863890723195421484e-01 7.428037895274364200e-02 2.903043603005753086e-03
5.841096100755317488e-01 3.556401574735261195e-01 5.777856926502920876e-02 2.471663185912670053e-03
7.225937105797370918e-01 2.380409903546252537e-01 3.761202827947462968e-02 1.753270786163039965e-03
8.166713252095159081e-01 1.597747399281921332e-01 2.232582916701381440e-02 1.228105695277891202e-03
8.683768620951655137e-01 1.173346694266698270e-01 1.333797887690616780e-02 9.504896012585284252e-04
8.929999714116583220e-01 9.776414436838826161e-02 8.402188503642549211e-03 8.336957163111751628e-04
9.016562365014652025e-01 9.185763743158718853e-02 5.655729483419437258e-03 8.303965835281272492e-04
8.996520385812000198e-01 9.528710425030044451e-02 4.125559085920224058e-03 9.352980825790924244e-04
8.885845429374071847e-01 1.069085937648221740e-01 3.334344487666965340e-03 1.172518810103418806e-03
8.705177983012478693e-01 1.249557009646397182e-01 2.980050156046597665e-03 1.546450578065880531e-03
8.505160490927129446e-01 1.446371698123433136e-01 2.847988497792541211e-03 1.998792597151217900e-03
8.329031315010344549e-01 1.617349132840817938e-01 2.856159328890591018e-03 2.505795885993602600e-03
8.173196896864378669e-01 1.764693775537291842e-01 3.031831811543494321e-03 3.179100948289374784e-03
8.010310652847189017e-01 1.914025919080007410e-01 3.403239867923632447e-03 4.163102939356909220e-03
7.824468994059234905e-01 2.080277196741447399e-01 3.972897479087785476e-03 5.552483440843949437e-03
7.612862775523419057e-01 2.265033717255634516e-01 4.768700163226033233e-03 7.441650558868672868e-03
7.389544988199149289e-01 2.455271662926820087e-01 5.767073987423037597e-03 9.751260899980164487e-03
7.192619960422017567e-01 2.620032044129127491e-01 6.766662391353012174e-03 1.196813715353253586e-02
7.061921449321922895e-01 2.726018119679584628e-01 7.570583754497246451e-03 1.363545934535178965e-02
7.022740878656253960e-01 2.748311981228068190e-01 8.197053152955437530e-03 1.469766085861252090e-02
7.076374711671810092e-01 2.684920620780662515e-01 8.787639792843965694e-03 1.508282696190882226e-02
7.179187015392245463e-01 2.578205127624915161e-01 9.539270543623686732e-03 1.472151515466020230e-02
7.259413469367039795e-01 2.495951814684087278e-01 1.070968531176907414e-02 1.375378628311808328e-02
7.251112920498824499e-01 2.500692264825342681e-01 1.244745701145202887e-02 1.237202445613113516e-02
7.109486939913267634e-01 2.635760607593433114e-01 1.460766294548365186e-02 1.086758230384615026e-02
6.826320255193726316e-01 2.910837843018529436e-01 1.669886510474894933e-02 9.585325074025347059e-03
6.430200793936078352e-01 3.302935688085676391e-01 1.810342051719935133e-02 8.582931280624882947e-03
5.929989037686860254e-01 3.806696965762287888e-01 1.862349069806529256e-02 7.707908957019822191e-03
5.330458652147331833e-01 4.419257179214555742e-01 1.810943726986009861e-02 6.918979593950877645e-03
4.647482121115746323e-01 5.106292402754573079e-01 1.819763742457732730e-02 6.424910188390925946e-03
3.969348697748085186e-01 5.781193550140842907e-01 1.887377939406376104e-02 6.071995817043274353e-03
3.314432325916675248e-01 6.424262160813363209e-01 2.043256047571338427e-02 5.697990851282620783e-03
2.643088039262124767e-01 7.073932708233756639e-01 2.306858247922507696e-02 5.229342771186611637e-03
1.947390624175484308e-01 7.743865051048792747e-01 2.625590024687251070e-02 4.618532230699520964e-03
1.318167038320699480e-01 8.354178006321179017e-01 2.878306897326943573e-02 3.982426562542598289e-03
8.849165014203920487e-02 8.785581433745281998e-01 2.931323461162989308e-02 3.636971871802655801e-03
6.227081749834149221e-02 9.062582327738966104e-01 2.776848770584817647e-02 3.702462021913730493e-03
5.056613157017052218e-02 9.203681887678096807e-01 2.495023776410520630e-02 4.115441897914589101e-03
4.659041313155298791e-02 9.270227085155272606e-01 2.167367705257035315e-02 4.713201300349462511e-03
4.822399491757374534e-02 9.269321949085467249e-01 1.926319054451966495e-02 5.580619629359685231e-03
5.708518160953356818e-02 9.173435871194631774e-01 1.858794570884104297e-02 6.983285562162108197e-03
7.356315193961114607e-02 8.969755142948733218e-01 2.024600542251686272e-02 9.215328342998874156e-03
1.492215914005041444e-01 7.842254313684112743e-01 3.839877003109417458e-03 6.271310022797513262e-02
4.154948252016589794e-01 8.665052608916919141e-02 1.075108951934388747e-02 4.871035591898278949e-01
4.232704230110981292e-01 8.963813305528534059e-02 1.007405590890288367e-02 4.770173880247137732e-01
4.285431462255691049e-01 9.182616127070662715e-02 9.250145767046569906e-03 4.703805467366776738e-01
4.323881532731251309e-01 9.122083592844877631e-02 8.225537464981428140e-03 4.681654733334449925e-01
4.348916978002408951e-01 8.706914573379329059e-02 7.064751692015270798e-03 4.709744047739502504e-01
4.364077783395840515e-01 7.941687755090025280e-02 5.852828536865264074e-03 4.783225155726505973e-01
4.395107552334496237e-01 6.965095658363369691e-02 4.779400691452312562e-03 4.860588874914641422e-01
4.474007368805433815e-01 6.033707486180904522e-02 4.045684574344217063e-03 4.882165036833033822e-01
4.604917848854562790e-01 5.345702835737908137e-02 3.679470481620464653e-03 4.823717162755442045e-01
4.760436705502741894e-01 4.904631550089669223e-02 3.522036850562550170e-03 4.713879770982667972e-01
4.914933967208182652e-01 4.631634352219275719e-02 3.417746848285714827e-03 4.587725129087033005e-01
5.058174667667235669e-01 4.491421074739919417e-02 3.326534007653318432e-03 4.459417884782241326e-01
5.189015330193669229e-01 4.462750292714068312e-02 3.262828902209342994e-03 4.332081351512831469e-01
5.325687222208731475e-01 4.466664560579465537e-02 3.206877081213541005e-03 4.195577550921184562e-01
5.492248645261073037e-01 4.356724448812272082e-02 3.079277939216334102e-03 4.041286130465537307e-01
5.695346240644041380e-01 4.021053519234839974e-02 2.806872298153070128e-03 3.874479684450941597e-01
5.924385227842112744e-01 3.505624071461957425e-02 2.424261080329795804e-03 3.700809754208394531e-01
6.159048935317413820e-01 2.924496821738271218e-02 2.237871093828015454e-03 3.526122671570477984e-01
6.378953149446401349e-01 2.525429784984340245e-02 1.948001600475394004e-03 3.349023856050411529e-01
6.586137749642637651e-01 2.258292914351291841e-02 1.735560542599277065e-03 3.170677353496241802e-01
6.799568205671920884e-01 2.098279455216056633e-02 1.552284794742193842e-03 2.975081000859051139e-01
7.033237533052353330e-01 1.993297579374961673e-02 1.342872856996758877e-03 2.754003980440184463e-01
7.289327012005349937e-01 1.885233574548654187e-02 1.079827608354653979e-03 2.511351354456238250e-01
7.550197320881772978e-01 1.767979563251703343e-02 8.033614313341494364e-04 2.264971108479712503e-01
7.771981117460925459e-01 1.706990159206444799e-02 5.869823706570260124e-04 2.051450042911858729e-01
7.909750336111344149e-01 1.763144796434902226e-02 4.538345802299330214e-04 1.909396838442865840e-01
7.945096450314297343e-01 1.953387840790946073e-02 3.842302112673006364e-04 1.855722463493935659e-01
7.876864077836588374e-01 2.271509962183364262e-02 3.582461761028952855e-04 1.892402464184046729e-01
7.701295114404451692e-01 2.737445988490731091e-02 3.747912499211800206e-04 2.021212374247262633e-01
7.414784742105381410e-01 3.420650707406219099e-02 4.532482877470310175e-04 2.238617704276528175e-01
7.000026247748596386e-01 4.432340736261089487e-02 6.369690816773150100e-04 2.550369987808520089e-01
6.406658184771533149e-01 5.894392393934954483e-02 1.005362703339948878e-03 2.993848948801574594e-01
5.574207984949448580e-01 7.813966498363016100e-02 1.670669249421073699e-03 3.627688672720039698e-01
4.507649254186762433e-01 9.777244544920550562e-02 2.658940894135034504e-03 4.488036882379833337e-01
3.348829651172055555e-01 1.082420479776590172e-01 3.594239894521254319e-03 5.532807470106142489e-01
2.309707517932631238e-01 1.034777748011980192e-01 3.889951568161068539e-03 6.616615218373780305e-01
1.522930992804115147e-01 8.853937327401194268e-02 3.599685687164614744e-03 7.555678417584120732e-01
1.015005245628272934e-01 7.059290221821534761e-02 3.155733409675631936e-03 8.247508398092815440e-01
7.098760456555544551e-02 5.798949511960562603e-02 2.928321440589454032e-03 8.680945788742494562e-01
5.317556221655494325e-02 4.995619893703130698e-02 2.874919934236277400e-03 8.939933189121774815e-01
4.240985187301167525e-02 4.520279017700384178e-02 2.926189310504069985e-03 9.094611686394803440e-01
3.618221832908805752e-02 4.291491674770515907e-02 3.023074675555883963e-03 9.178797902476507620e-01
3.397268153904568766e-02 4.298196851900492471e-02 3.138504422439227122e-03 9.199068455195100746e-01
3.502889164017859019e-02 4.513970281217082048e-02 3.203188381972131484e-03 9.166282171656784383e-01
3.785933677468964614e-02 4.845891923513911959e-02 3.127731116042588213e-03 9.105540128741284045e-01
4.184306078309568688e-02 5.186578838668406966e-02 2.934422984583531790e-03 9.033567278456368088e-01
4.753405889196884310e-02 5.443075296893497284e-02 2.729530377005449839e-03 8.953056577620905898e-01
5.603987325303722705e-02 5.546982073094697957e-02 2.590181968419202462e-03 8.859001240475963268e-01
6.875984051145971054e-02 5.546189190348277398e-02 2.552907383247506740e-03 8.732253602018100747e-01
8.730556671211804620e-02 5.566623051672876105e-02 2.639920308595258749e-03 8.543882824625579353e-01
1.124996609685904592e-01 5.604153751668259492e-02 2.835902326828011223e-03 8.286228991878988870e-01
1.448050729987178098e-01 5.534501560118559871e-02 3.103343458727795927e-03 7.967465679413687774e-01
1.863125505082205424e-01 5.303558716861818401e-02 3.494336880641386433e-03 7.571575254425197965e-01
2.379243021243505340e-01 4.969331583348237519e-02 3.943135401432208177e-03 7.084392466407349875e-01
2.967117246651990170e-01 4.699616137049165976e-02 4.474336364547293159e-03 6.518177775997620049e-01
3.528426344369974266e-01 4.616392370081503355e-02 5.147920465752233929e-03 5.958455213964354291e-01
3.958930150290516092e-01 4.756895161329889599e-02 6.085188847956002345e-03 5.504528445096938949e-01
4.235286339277856693e-01 5.129957328307013786e-02 7.454629662775916557e-03 5.177171631263682849e-01
4.404373136222299867e-01 5.752941502809166829e-02 9.385694795198420981e-03 4.926475765544796603e-01
4.515668506225314349e-01 6.647682502729995724e-02 1.186786060581359811e-02 4.700884637443549785e-01
4.591120137176408211e-01 7.828527304673270348e-02 1.465829427625690851e-02 4.479444189593694836e-01
4.656424118483293295e-01 9.190444092062399761e-02 1.707519056333225635e-02 4.253779566677143298e-01
4.720566112664485448e-01 1.077434159569711780e-01 1.901431906867731211e-02 4.011856537079028229e-01
4.811374807494032679e-01 1.213469419317760867e-01 2.020517030287122956e-02 3.773104070159494783e-01
4.950030184388278243e-01 1.293754086571158035e-01 2.075265647683742151e-02 3.548689164272190721e-01
5.113807748068144310e-01 1.341043705573735922e-01 2.082669180780851587e-02 3.336881628280035650e-01
5.283936168415418466e-01 1.362440501218724065e-01 2.028167898556220913e-02 3.150806540510236453e-01
5.405449865692812939e-01 1.377458353459666274e-01 1.914642268318274276e-02 3.025627554015692944e-01
5.420430996452821892e-01 1.401905017338817283e-01 1.784752821936193973e-02 2.999188704014742468e-01
5.299363565410040167e-01 1.438372943392282055e-01 1.678694457264293116e-02 3.094394045471248189e-01
5.063441246465866241e-01 1.486102654063873041e-01 1.595272684701688412e-02 3.290928831000094479e-01
5.785279159499634449e-01 2.559999289654568133e-01 1.132716506280540825e-01 5.220050445652574256e-02
1.093912706553837183e-01 8.535850453512189295e-01 9.375673388130062111e-03 2.764801060526722934e-02
1.319712179387244333e-01 8.214204561859923537e-01 9.595333706638580276e-03 3.701299216864471081e-02
1.638524111045813192e-01 7.739717458938178973e-01 1.125518099349784654e-02 5.092066200810276000e-02
2.057223665076505781e-01 7.075865234046122554e-01 1.466006415466309006e-02 7.203104593307392556e-02
2.627346396719742461e-01 6.157446113514551955e-01 1.874364261813834046e-02 1.027771063584321798e-01
3.277336721516108664e-01 5.079348935127637743e-01 2.222670358742739535e-02 1.421047307481982103e-01
3.895797407652923927e-01 3.997946414656681213e-01 2.359917135082482964e-02 1.870264464182146702e-01
4.404905171364535410e-01 3.028271894064682446e-01 2.210330178809664578e-02 2.345789916689816623e-01
4.771922752999518402e-01 2.234720967584070406e-01 1.831635512576428731e-02 2.810192728158769637e-01
5.040589688484725661e-01 1.613149211686249196e-01 1.357173610040062275e-02 3.210543738825019644e-01
5.224931024280065062e-01 1.179993615973782689e-01 9.690580678950164173e-03 3.498169552956648110e-01
5.372742386518312152e-01 8.904076957256973346e-02 7.133676015373867363e-03 3.665513157602251493e-01
5.504492355771807288e-01 7.161474229571992978e-02 5.785672083470192947e-03 3.721503500436289524e-01
5.650161291993047730e-01 6.080821307820908489e-02 5.148749386100674209e-03 3.690269083363854619e-01
5.805711681830774129e-01 5.330252909921828069e-02 4.903596033935833827e-03 3.612227066837684908e-01
5.959340005787290284e-01 4.699367462395134809e-02 4.837642270372160061e-03 3.522346825269476733e-01
6.115141413844299434e-01 4.086235727332738349e-02 4.792351351025597728e-03 3.428311499912169991e-01
6.289602332476053048e-01 3.488644841193977442e-02 4.695330721787664523e-03 3.314579876186672935e-01
6.500456555899172262e-01 2.942560964268858478e-02 4.552520174144360394e-03 3.159762145932500377e-01
6.744279697104426097e-01 2.477380373368145636e-02 4.389948744214053518e-03 2.964082778116618466e-01
6.995775565094582982e-01 2.091837060283325764e-02 4.200132290368786825e-03 2.753039405973395359e-01
7.225191552696039743e-01 1.777954601774892063e-02 3.984470246720322496e-03 2.557168284659268598e-01
7.390437285906770182e-01 1.548177189157794523e-02 3.818093861519495334e-03 2.416564056562254537e-01
7.449196280631608102e-01 1.413383359216578358e-02 3.811354336166799563e-03 2.371351840085067497e-01
7.380515602198750580e-01 1.375707577694562297e-02 4.077764386696105907e-03 2.441135996164832400e-01
7.196871151814635548e-01 1.428101854970938167e-02 4.748152015099899037e-03 2.612837142537270951e-01
6.921667469815090401e-01 1.570456258419130821e-02 6.081253238930004260e-03 2.860474371953696804e-01
6.548879398083208292e-01 1.837980235182151006e-02 8.686723359629514030e-03 3.180455344802282647e-01
6.037086073810914444e-01 2.291364908583782417e-02 1.384992239117821371e-02 3.595278211418923564e-01
5.328294680876299871e-01 3.000005783191875275e-02 2.434100757674206514e-02 4.128294665037093303e-01
4.363298094168532315e-01 4.182806646996443251e-02 4.729226232285937970e-02 4.745498617903228800e-01
3.187840583670406569e-01 5.656415833849920416e-02 9.155231274611455583e-02 5.330994705483456109e-01
2.041113549700308005e-01 6.805944016915690953e-02 1.637149565220813729e-01 5.641142483387309170e-01
1.206793879616926968e-01 6.616692203732213451e-02 2.543413798546254601e-01 5.588123101463600140e-01
6.910944587765534275e-02 5.557872421218361392e-02 3.526043849891841719e-01 5.227074449209770934e-01
3.967432552431263137e-02 4.198575869331427207e-02 4.678746143169050242e-01 4.504653014654680376e-01
2.310019252342957602e-02 3.047622273884492000e-02 5.974183653856482978e-01 3.490052193520770119e-01
1.409035867964363552e-02 2.211710378226567839e-02 7.163011573438864410e-01 2.474913801942041913e-01
1.002286556383080902e-02 1.736729372035903177e-02 7.962412762112895948e-01 1.763685645045208195e-01
9.150038979217537879e-03 1.595710933909976620e-02 8.328459770015421704e-01 1.420468746801401283e-01
1.068891084685755395e-02 1.721401423181679463e-02 8.371228621513165935e-01 1.349742127700090666e-01
1.503778274013011472e-02 2.079823394216515769e-02 8.160197481885089754e-01 1.481442351291956672e-01
2.361152974863883758e-02 2.648267713913188964e-02 7.687908196011306039e-01 1.811149735110989256e-01
3.802563637679282071e-02 3.345172212633087255e-02 6.913735600799864045e-01 2.371490814168896455e-01
5.843643712217244657e-02 4.012567214421607770e-02 5.808099186711034312e-01 3.206279720625083152e-01
8.100139145140619612e-02 4.444449469670675584e-02 4.411036744284591027e-01 4.334504394234279800e-01
9.658209364968387001e-02 4.438455193010868577e-02 2.907337170685712624e-01 5.682996373516362443e-01
9.669071834888827432e-02 3.938019367422794514e-02 1.655140453342001106e-01 6.984150426426836145e-01
8.558975435391547038e-02 3.214160902277413134e-02 8.881502597423841794e-02 7.934536106490719387e-01
7.430773898917300557e-02 2.625448162176699518e-02 4.971872676432268628e-02 8.497190526247370146e-01
6.814789534574400287e-02 2.299772403591929942e-02 3.088988618236028494e-02 8.779644944359764613e-01
6.789376621728375472e-02 2.184377301168113558e-02 2.151352277720000247e-02 8.887489379938349199e-01
7.354763999323025991e-02 2.197975908622889010e-02 1.642050161651798998e-02 8.880520993040229571e-01
8.529393005040560027e-02 2.264184299193027633e-02 1.337020620378809657e-02 8.786940207538759262e-01
1.036347426907970742e-01 2.318998718572979831e-02 1.133065689736529116e-02 8.618446132261075032e-01
1.288589519802111616e-01 2.320895683824060821e-02 9.744034689578013123e-03 8.381880564919704790e-01
1.603153349955063200e-01 2.261781864840441830e-02 8.358480866390139916e-03 8.087083654896991547e-01
1.944945339338051138e-01 2.091347314443042088e-02 6.911154639966824408e-03 7.776808382817977927e-01
2.310946674118408151e-01 2.061586815875842207e-02 6.318005850789149003e-03 7.419714585786115757e-01
2.630476863658260389e-01 2.037145150428771798e-02 5.881596996377807737e-03 7.106992651335085620e-01
2.883329878298941940e-01 2.152419200333747021e-02 5.926941439320639569e-03 6.842158787274476017e-01
3.060935196713422957e-01 2.472899569961351310e-02 6.492400664970210573e-03 6.626850839640738844e-01
3.188963803433197408e-01 3.074427010870990976e-02 7.809403829022299078e-03 6.425499457189480790e-01
3.410886609236227773e-01 4.096469023514584529e-02 9.991720647738237121e-03 6.079549281934932825e-01
3.750820838001856505e-01 5.868687958360239987e-02 1.389356482232937534e-02 5.523374717938829281e-01
4.093965806422532050e-01 8.201197175100230496e-02 1.914534511345079848e-02 4.894461024932938442e-01
4.313694216411818050e-01 1.120473031504332778e-01 2.552784620206389327e-02 4.310554290063209337e-01
4.379704336578348345e-01 1.445116526192574413e-01 3.190296253139570520e-02 3.856149511915124006e-01
4.300251203725905524e-01 1.799869826054925903e-01 3.800552065689438708e-02 3.519823763650225534e-01
4.098812867548171091e-01 2.185847810382372802e-01 4.472505215327789857e-02 3.268088800536675942e-01
3.784174680989541573e-01 2.619454965822633485e-01 5.399111422539435573e-02 3.056459210933879511e-01
7.981491797892226181e-01 6.139434489726240674e-02 1.321690038515862088e-03 1.391347852749990066e-01
3.337997223527463531e-01 1.261837960118178947e-01 1.276373622347354818e-02 5.272527454119626533e-01
3.764895883832751755e-01 1.146577623606397089e-01 1.233039332102706283e-02 4.965222559350581100e-01
4.300656245035210934e-01 9.829112853740587519e-02 1.134236191382156575e-02 4.603008850452516842e-01
4.935558725357834797e-01 8.172396630369099801e-02 9.982890245462734680e-03 4.147372709150625170e-01
5.602853477130554927e-01 6.531329093721244261e-02 8.571521916360054158e-03 3.658298394333718284e-01
6.194287595267667923e-01 5.296817128173562927e-02 7.300785532687118981e-03 3.203022836588105271e-01
6.675996839088820245e-01 4.364785841262657645e-02 6.260322002497019540e-03 2.824921356759946822e-01
7.038702528332761998e-01 3.692407796981477669e-02 5.464246497449198881e-03 2.537414226994598732e-01
7.280926349974968792e-01 3.250026326891931189e-02 4.926629516168195069e-03 2.344804722174154421e-01
7.434294307054812867e-01 2.952915613981419232e-02 4.562956362705405597e-03 2.224784567919990963e-01
7.559706189761550288e-01 2.671894908808563826e-02 4.209420055971922585e-03 2.131010118797873332e-01
7.692679782937801303e-01 2.352316982546323598e-02 3.810420261436632018e-03 2.033984316193198083e-01
7.838859275233823753e-01 1.999542860204269606e-02 3.389955954196115836e-03 1.927286879203789494e-01
7.998966674033317625e-01 1.631889476161510130e-02 2.967057992127818643e-03 1.808173798429254520e-01
8.174238151406917341e-01 1.281228537842099037e-02 2.556325363665194229e-03 1.672075741172221741e-01
8.350579649529321635e-01 9.974029483755744371e-03 2.205152497312055839e-03 1.527628530660001815e-01
8.497726267185894411e-01 8.166931572684412582e-03 1.976039276210203328e-03 1.400844024325159920e-01
8.602898566121374158e-01 7.242209819861348402e-03 1.862652002197816813e-03 1.306052815658033939e-01
8.675491353970369302e-01 6.911837061970730299e-03 1.825652327120644031e-03 1.237133752138719622e-01
8.730560947224721424e-01 7.021940697906159899e-03 1.838363326877552346e-03 1.180836012527440165e-01
8.781746042767686333e-01 7.517520423740087047e-03 1.880546399797396661e-03 1.124273288996938680e-01
8.835066200355885524e-01 8.435765326871470446e-03 1.941717131110289648e-03 1.061158975064294269e-01
8.892152695549112584e-01 9.825102713807683588e-03 2.000478193550412221e-03 9.895914953773060629e-02
8.953280786562205495e-01 1.177419326124308149e-02 2.020558039030057387e-03 9.087717004350640004e-02
8.986340823555204471e-01 1.500686030223341919e-02 2.065606163958067388e-03 8.429345117828790368e-02
8.924498693467758370e-01 2.160752032305799514e-02 2.351819300754157908e-03 8.359079102941208150e-02
8.714819016216022174e-01 3.513607275561377030e-02 3.148504404964414319e-03 9.023352121781945401e-02
8.334420583126885829e-01 6.019389986940589660e-02 4.795449203213046456e-03 1.015685926146925738e-01
7.796243798160525929e-01 9.977854982848211041e-02 7.586113841589576037e-03 1.130109565138754935e-01
7.046796956292216141e-01 1.610505343980097037e-01 1.243485787369226318e-02 1.218349120990763063e-01
6.173009929020428777e-01 2.372708043863745453e-01 1.893611249399104746e-02 1.264920902175916129e-01
5.238403897968124667e-01 3.223638949137999643e-01 2.776275808533758618e-02 1.260329572040497781e-01
4.381191881091158757e-01 4.046209530171842594e-01 3.770103733905474236e-02 1.195588215346450184e-01
3.598069402208761702e-01 4.841863856760145191e-01 4.887864593024329046e-02 1.071280281728662492e-01
2.881135038486689059e-01 5.616803198226558713e-01 6.065668293195680683e-02 8.954949339671899877e-02
2.213785886170803185e-01 6.388240878100731601e-01 7.146659748699994708e-02 6.833072608584710161e-02
1.593958811037030354e-01 7.146799375472399074e-01 7.915088456940184980e-02 4.677329677965509636e-02
1.079527754122016348e-01 7.794513541082447317e-01 8.338801627769795721e-02 2.920785420185583944e-02
7.190156063691298394e-02 8.241876628561770612e-01 8.649919701054095689e-02 1.741157949636886609e-02
4.982706840356387890e-02 8.506014791392021435e-01 8.920813157457488374e-02 1.036332088265926391e-02
3.696448519226148283e-02 8.674544431384232368e-01 8.928339230934000115e-02 6.297679359975284427e-03
2.897093907865316842e-02 8.815139814746225655e-01 8.562868238757768979e-02 3.886397059146403255e-03
2.396671434480598592e-02 8.947463910251582941e-01 7.884328734963504115e-02 2.443607280400774198e-03
2.060470625470263092e-02 9.082152215411410934e-01 6.960982548732877473e-02 1.570246716827569926e-03
1.828042744275957046e-02 9.222927502322735283e-01 5.838518269652653858e-02 1.041639628440255800e-03
1.670261685986194899e-02 9.363296017325822840e-01 4.624977768637723863e-02 7.180037211785821744e-04
1.566407720925163879e-02 9.490870043579102688e-01 3.473708527038227994e-02 5.118331624558934137e-04
1.495450046653467278e-02 9.597921249375990227e-01 2.487708500529807118e-02 3.762895905684236200e-04
1.437431423397570948e-02 9.682417905655428259e-01 1.709711193401170989e-02 2.867832664698249739e-04
1.418875928129813106e-02 9.740094573811619583e-01 1.156716645482967591e-02 2.346168827101290490e-04
1.563453914600642161e-02 9.759498610799085538e-01 8.190658070858652245e-03 2.249417032263259530e-04
2.038146219167510237e-02 9.729728938668749105e-01 6.383836677880008574e-03 2.618072635699095186e-04
3.020910932675898927e-02 9.639971628422004946e-01 5.443783285596355374e-03 3.499445454445393434e-04
4.762488257166783839e-02 9.469119294591381575e-01 4.950705011299055998e-03 5.124829578949841209e-04
7.653573651836483027e-02 9.178246497153345063e-01 4.815034245510220814e-03 8.245795207902312327e-04
1.230866384150858528e-01 8.705337350991254608e-01 4.910794226280794025e-03 1.468832259507945074e-03
1.873172074215715410e-01 8.045005321230147555e-01 5.394621835606162874e-03 2.787638619807404888e-03
2.620092417725595202e-01 7.271894168093172572e-01 5.837288950417830746e-03 4.964052467705515857e-03
3.378088604571989340e-01 6.484451657380626566e-01 5.987540890764751420e-03 7.758432913973946007e-03
4.063694940071032047e-01 5.769645735506311324e-01 5.966084298511416077e-03 1.069984814375408988e-02
4.592831580957986715e-01 5.211765992633570210e-01 6.010370043214629913e-03 1.352987259762995081e-02
4.890772462605819659e-01 4.880742752622653224e-01 6.517746061597132386e-03 1.633073241555584379e-02
5.023561768381250570e-01 4.717078627207321184e-01 6.845284862073960051e-03 1.909067557906907880e-02
5.030632348702135381e-01 4.676880227888416952e-01 7.401762141619474926e-03 2.184698019932530821e-02
5.014524802997960551e-01 4.657460558261813377e-01 8.146075718717922867e-03 2.465538815530454383e-02
5.079172769804655152e-01 4.556510856344894167e-01 8.970388860276370252e-03 2.746124852476854866e-02
5.294501210993581841e-01 4.307599848446768132e-01 9.676333555025080219e-03 3.011356050093992251e-02
5.663626363480016579e-01 3.910615991601187336e-01 1.002236001275904308e-02 3.255340447912039720e-02
6.104422627519533462e-01 3.452642736708098070e-01 9.828258492628041965e-03 3.446520508460882565e-02
6.516238046848664700e-01 3.049118248978769929e-01 9.068434510637294818e-03 3.439593590661960132e-02
6.896332670089744266e-01 2.719902898984412065e-01 7.851147399824009998e-03 3.052529569276024937e-02
5.581652593274528257e-02 8.324308198673256998e-01 9.863725346102410196e-02 1.311540073890505448e-02
7.502835396668833257e-02 7.909906695213748673e-01 1.199897338287622822e-01 1.399124268317421434e-02
9.476583362858301274e-02 7.389833545118579261e-01 1.515651933646562644e-01 1.468561849490281762e-02
1.124399282789277921e-01 6.800176058338561758e-01 1.918527303043517651e-01 1.568973558286445441e-02
1.301595078118062965e-01 6.155212219482779634e-01 2.367301645636828711e-01 1.758910567623301127e-02
1.452845896472996223e-01 5.562076483645860270e-01 2.782654976066888386e-01 2.024226438142522067e-02
1.576392149894390027e-01 5.090326977807710929e-01 3.101485968201325716e-01 2.317949040965725654e-02
1.649396366663337665e-01 4.805437323839603092e-01 3.290849635520836647e-01 2.543166739762199591e-02
1.670603341412641163e-01 4.725549727083587226e-01 3.331128178082743418e-01 2.727187534210301703e-02
1.658309162044753760e-01 4.788934932043847903e-01 3.255726792768250388e-01 2.970291131431446532e-02
1.618716137569729818e-01 4.918958848867135414e-01 3.133473650764755369e-01 3.288513627983791904e-02
1.555805024177181195e-01 5.075433988645423611e-01 3.002907983699486527e-01 3.658530034779141488e-02
1.473511067276967179e-01 5.239482113245403916e-01 2.883650663091065214e-01 4.033561563865629279e-02
1.380478844673997396e-01 5.397132381902502996e-01 2.783866946908487017e-01 4.385218265150105793e-02
1.297372274125890013e-01 5.519761264461876538e-01 2.704151055190610609e-01 4.787154062216197881e-02
1.239411202177381349e-01 5.589963554629209241e-01 2.639352221273895127e-01 5.312730219195131720e-02
1.205541548694520904e-01 5.614899655729905792e-01 2.596587996200683812e-01 5.829707993748901168e-02
1.190232557177569733e-01 5.604351849523667717e-01 2.584906549954197885e-01 6.205090433445643872e-02
1.183188724111667728e-01 5.569864950524774372e-01 2.593006157704167425e-01 6.539401676593888102e-02
1.173114762270853068e-01 5.532500610642189232e-01 2.601049261794102230e-01 6.933353652928532507e-02
1.156119024076850549e-01 5.519505359540879397e-01 2.585468969540398176e-01 7.389066468418757638e-02
1.133422988892485023e-01 5.548769870728423870e-01 2.533373458290906766e-01 7.844336820881850358e-02
1.111231246589238914e-01 5.627777146187227242e-01 2.437375647712517746e-01 8.236159595110149889e-02
6.352743060622852156e-02 4.419264092110031794e-01 1.948982637573150878e-01 2.996478964254530308e-01
5.929748121006805928e-02 4.654687021709076333e-01 2.081414287002051056e-01 2.670923879188188410e-01
5.638236959937675125e-02 4.849404437702810600e-01 2.212032329440458966e-01 2.374739536862963130e-01
5.582728209230436445e-02 5.045335241693297279e-01 2.292419820367313510e-01 2.103972117016344179e-01
5.812269495886876469e-02 5.214370915310586607e-01 2.315949368604852121e-01 1.888452766495875845e-01
6.295926685026485836e-02 5.352657983435300526e-01 2.284133081192669390e-01 1.733616266869380529e-01
6.954916712897901698e-02 5.461176519647381600e-01 2.224242856125632495e-01 1.619088952937196013e-01
7.690216006930061798e-02 5.538230300296911324e-01 2.178574179286860424e-01 1.514173919723220962e-01
8.312407031444062067e-02 5.586974752527614774e-01 2.199811328454853721e-01 1.381973215873124883e-01
8.474563705128963786e-02 5.614458999447783372e-01 2.350113500146199519e-01 1.187971129893121564e-01
8.154515202122078477e-02 5.553862197394302536e-01 2.701092044808844905e-01 9.295942375846459604e-02
7.226974277890976794e-02 5.401171334734246043e-01 3.214438729711626141e-01 6.616925077650293030e-02
6.325621720987796570e-02 5.174514013848061644e-01 3.730597404952288310e-01 4.623264091008710830e-02
5.924756834609427869e-02 5.018656687156913820e-01 4.039979981868868641e-01 3.488876475132776656e-02
6.040264712953091059e-02 5.044344739374890807e-01 4.060486185083528321e-01 2.911426042462702743e-02
6.367819299783430975e-02 5.248289926908562553e-01 3.859873569480617994e-01 2.550545736324754190e-02
6.410892109582046194e-02 5.554930213269260175e-01 3.587299845741886428e-01 2.166807300306498180e-02
5.830575198983415502e-02 5.874139372659681335e-01 3.372282005370150770e-01 1.705211020718250953e-02
4.734080922792958945e-02 6.135664937624466519e-01 3.265197652015447982e-01 1.257293180807884589e-02
3.450925562626522974e-02 6.318464067656364147e-01 3.247113592329807230e-01 8.932978375117630807e-03
2.283739223520388217e-02 6.427760398831315891e-01 3.281584600588281497e-01 6.228107822836280970e-03
1.405877584459751077e-02 6.456109312663469435e-01 3.359900198648183567e-01 4.340273024237255826e-03
8.326194846373693656e-03 6.371702516339484701e-01 3.513855283342721680e-01 3.118025185405910206e-03
4.945994162339370677e-03 6.133814771343103489e-01 3.792175038861715364e-01 2.455024817178519392e-03
3.111229791044431425e-03 5.729560331247891547e-01 4.216087779295413229e-01 2.323959154625126512e-03
2.126006521743354846e-03 5.183341873653680709e-01 4.768671784575527761e-01 2.672627655335792479e-03
1.504333360435575542e-03 4.533603410000908718e-01 5.418678157317202704e-01 3.267509907753265823e-03
1.082879565925377223e-03 3.866906836675909620e-01 6.082141049815692480e-01 4.012331784914296810e-03
8.110911843273231571e-04 3.260889436940449526e-01 6.679726847186310268e-01 5.127280402997043407e-03
6.396207972839891868e-04 2.742376727721754781e-01 7.180362440201881746e-01 7.086462410352672818e-03
5.469151748371941244e-04 2.324360421487400297e-01 7.558901919957385918e-01 1.112685068068441398e-02
5.917331372298169139e-04 2.069659677331446845e-01 7.705151991755203600e-01 2.192709995410502613e-02
1.132495759560286702e-03 2.056747254027728455e-01 7.353135722174645172e-01 5.787920662020246826e-02
3.306786703703403201e-03 2.251535742232053383e-01 6.021036595468924890e-01 1.694359795261988766e-01
4.796038930150813874e-03 2.194388767940737561e-01 3.876543138909857023e-01 3.881107703847899715e-01
3.490677281933305016e-03 1.529196651245848804e-01 2.178368929714313562e-01 6.257527646220505391e-01
2.474125670065815963e-03 8.882866745449319312e-02 1.212345246422232570e-01 7.874626822332175813e-01
2.077616853362846978e-03 5.290337817212065891e-02 7.169366436817445343e-02 8.733253406063417046e-01
1.926029461643272763e-03 3.659454057717262399e-02 4.641321916641351353e-02 9.150662107947705737e-01
1.892614996442369734e-03 3.115710046543375758e-02 3.297348576662244984e-02 9.339767987715015263e-01
1.989827209032056857e-03 3.193931073657810260e-02 2.476888518626989277e-02 9.413019768681200050e-01
2.322545254420996068e-03 3.642510035456569817e-02 1.872703246529141760e-02 9.425253219257220261e-01
2.628170754236522182e-03 4.296723845389546076e-02 1.442128389851111102e-02 9.399833068933568514e-01
3.552211032962055391e-03 5.069342933455350808e-02 1.108196282836561124e-02 9.346723968041187325e-01
4.674267053694716387e-03 5.896604793537781747e-02 9.222288177951004987e-03 9.271373968329764681e-01
5.945607941313680971e-03 6.989062684983697593e-02 8.491641538409916770e-03 9.156721236704394862e-01
7.633040676308629549e-03 8.854894775438279519e-02 8.775409273354911263e-03 8.950426022959538930e-01
8.433226160868232194e-03 1.226121487836570323e-01 1.030471731278170648e-02 8.586499077426927862e-01
9.307543992691479084e-03 1.758434623332612856e-01 1.215958341159076479e-02 8.026894102624566596e-01
9.822757120806123454e-03 2.447875248983215624e-01 1.408034187065726993e-02 7.313093761102148482e-01
1.058804104716477498e-02 3.171390574439784671e-01 1.572517557754458256e-02 6.565477259313120539e-01
1.230670938635293650e-02 3.857822099518897208e-01 1.707575415670726376e-02 5.848353265050501015e-01
1.563517416006305824e-02 4.479743159128533048e-01 1.827476664439882034e-02 5.181157432826847264e-01
2.139620082576927304e-02 4.957923164828988427e-01 1.958786958816340767e-02 4.632236131031686743e-01
3.011854513383911344e-02 5.224762417020930583e-01 2.116145226753594552e-02 4.262437608965320424e-01
4.243134798944160624e-02 5.300449365175927685e-01 2.444672552341378355e-02 4.030769899695519909e-01
5.654883549274439952e-02 5.296659532626319944e-01 2.903899406239983383e-02 3.847462171822234045e-01
7.245886152128033775e-02 5.312310690943429226e-01 3.585078343353919478e-02 3.604592859508378710e-01
9.293448183214572667e-02 5.288950560774083876e-01 4.529402111272794185e-02 3.328764409777176803e-01
1.236249076468983465e-01 5.047056240259376603e-01 5.575399586272932612e-02 3.159154724644344103e-01
1.703491057718138080e-01 4.467072832697661089e-01 6.163832760377563336e-02 3.213052833546446441e-01
2.344596808861972304e-01 3.587824898512758098e-01 5.720647730565840694e-02 3.495513519568686500e-01
3.096621078568776442e-01 2.615263787147084629e-01 4.445986490180167672e-02 3.843516485266122440e-01
3.839822402074151708e-01 1.831391800390144986e-01 3.152230364265226625e-02 4.013562761109181753e-01
4.448543493603611676e-01 1.348087493989257035e-01 2.283198661754392775e-02 3.975049146231693920e-01
4.832386455926707680e-01 1.104384699958868843e-01 1.787607736658955448e-02 3.884468070448529042e-01
4.974790492266175645e-01 9.967695458223364835e-02 1.504671949876308298e-02 3.877972766923856174e-01
4.890550151531199430e-01 9.714988562714196862e-02 1.329858715595630056e-02 4.004965120637818954e-01
4.635522955513991517e-01 9.970917141229820868e-02 1.217776981171340631e-02 4.245607632245891883e-01
4.287078701835070338e-01 1.060181322001128440e-01 1.161033454274404408e-02 4.536636630736360365e-01
3.938500388193120205e-01 1.147953453505985572e-01 1.158009529992208055e-02 4.797745205301673921e-01
3.661724075135270873e-01 1.232995154004457861e-01 1.198506836990663113e-02 4.985430087161205615e-01
3.453621009209120740e-01 1.281915832600824257e-01 1.262867957123865389e-02 5.138176362477668846e-01
3.249776328350824084e-01 1.282545636193327954e-01 1.334742730131109612e-02 5.334203762442736307e-01
3.008346992482517912e-01 1.247635826545755444e-01 1.418331099194789641e-02 5.602184071052248582e-01
2.753054608505572376e-01 1.199479586181431967e-01 1.525196467313356605e-02 5.894946158581659823e-01
2.536307101669993402e-01 1.163715707069955946e-01 1.654907153129055522e-02 6.134486475947142914e-01
2.365202073939697558e-01 1.150101881102192219e-01 1.783214874207177808e-02 6.306374557537395287e-01
2.218344689278569093e-01 1.136580698104964482e-01 1.883072462606040498e-02 6.456767366355863347e-01
2.081766542927037944e-01 1.143358170805891805e-01 1.942776126441614695e-02 6.580597673622911037e-01
1.981530444239129884e-01 1.169795224553154128e-01 1.993205612085089881e-02 6.649353769999206687e-01
1.920992234920988750e-01 1.220907168577799323e-01 2.051579889729424067e-02 6.652942607528270491e-01
1.877219245150476556e-01 1.290976696257862544e-01 2.113427212849909240e-02 6.620461337306668970e-01
1.837463917867446506e-01 1.369369050158658618e-01 2.156753445472822661e-02 6.577491687426613165e-01
1.814804405270138421e-01 1.438936844265679138e-01 2.155225516321557927e-02 6.530736198832023387e-01
1.824768616506743102e-01 1.475278010127513695e-01 2.088025651468611993e-02 6.491150808218881796e-01
1.876749241878185315e-01 1.463028023187981363e-01 1.951014314760857876e-02 6.465121303457749269e-01
1.987897699007466490e-01 1.406865426439316558e-01 1.764201506530978583e-02 6.428816723900120378e-01
2.171608927893200203e-01 1.326836872567604408e-01 1.559019870075811255e-02 6.345652212531616154e-01
