5.582135055850139249e-01 1.479353295529642898e-01 3.729223655841431770e-03 2.901219412061802339e-01
5.993577116284951600e-01 3.027007431330108189e-01 2.605975515935732463e-03 9.533556972255846640e-02
6.344806776608117316e-01 2.945525582798966258e-01 1.845476121826739426e-03 6.912128793746485922e-02
6.494037678675780301e-01 2.978263820674866835e-01 1.394649185380916973e-03 5.137520087955436271e-02
6.389886843965710828e-01 3.198575373136423594e-01 1.157544227977206274e-03 3.999623406180944502e-02
5.988277980176807125e-01 3.675381453795894537e-01 1.068733379777805871e-03 3.256532322295201815e-02
5.321132375601381748e-01 4.398042824355686276e-01 1.089846486760138490e-03 2.699263351753307394e-02
4.526403606569034399e-01 5.245273476765753840e-01 1.113135542139809513e-03 2.171915612438157783e-02
3.646553464871394867e-01 6.178725861611799042e-01 1.157739104839315691e-03 1.631432824684126565e-02
2.731418212344223218e-01 7.143136928714072242e-01 1.172883017653261880e-03 1.137160287651689354e-02
1.877151994864446893e-01 8.035125779623982778e-01 1.168572370409037527e-03 7.603650180747484680e-03
1.183199193338614341e-01 8.753517540141725339e-01 1.214004923812567541e-03 5.114321728153625735e-03
7.242997233901021792e-02 9.227811436381883059e-01 1.152984240009227680e-03 3.635899782792372317e-03
4.408945610349650907e-02 9.519958262055262521e-01 1.176658663366280224e-03 2.738059027611123609e-03
2.754221771873113789e-02 9.689087110299582362e-01 1.362277275506683502e-03 2.186793975803927922e-03
1.801180384817943972e-02 9.783808465364963736e-01 1.770825738288097284e-03 1.836523877035956074e-03
1.255250993510312156e-02 9.834128754430758734e-01 2.429168437323471486e-03 1.605446184497356368e-03
9.474165456313783304e-03 9.858189719066144940e-01 3.258494587398685048e-03 1.448368049672924202e-03
7.776968075170405045e-03 9.868709851434881442e-01 4.013834760292274428e-03 1.338212021049200225e-03
6.903888050619898416e-03 9.873915935267062460e-01 4.439645220598142927e-03 1.264873202075433335e-03
6.634621975501487148e-03 9.876040177185382296e-01 4.529331748476069473e-03 1.232028557484180159e-03
6.925704767840545027e-03 9.873513219687535258e-01 4.480973152885169009e-03 1.242000110520752537e-03
7.823640510929184139e-03 9.864066078248706626e-01 4.480895213399767839e-03 1.288856450800408620e-03
9.356299838582576855e-03 9.846853445933430038e-01 4.612254731397542017e-03 1.346100836677022400e-03
1.135633586514908470e-02 9.824022284399527294e-01 4.875539366127215266e-03 1.365896328771048487e-03
1.344183438908824919e-02 9.799860129503487061e-01 5.256144578711076376e-03 1.316008081852158102e-03
1.554332892809422856e-02 9.774091753221634260e-01 5.809414275146831258e-03 1.238081474595174392e-03
1.795019636134674232e-02 9.743484576097720673e-01 6.516544531202546342e-03 1.184801497678513501e-03
2.107160390847578196e-02 9.706272477182573688e-01 7.149903815850004729e-03 1.151244557416792247e-03
2.660688287478441341e-02 9.645925238499661880e-01 7.640104956745434606e-03 1.160488318504001486e-03
3.857574075247212353e-02 9.520166975802613063e-01 8.147937575975061977e-03 1.259624091291836057e-03
6.444931686838810403e-02 9.255279008944445884e-01 8.547797901261465839e-03 1.474984335905904151e-03
1.129131909844175857e-01 8.770368612004012521e-01 8.278997025385342878e-03 1.770950789795536565e-03
1.856111071742648222e-01 8.054082675947621395e-01 6.980286479184819037e-03 2.000338751788332918e-03
2.642957541036617952e-01 7.281430738897466393e-01 5.502477637274635382e-03 2.058694369317061977e-03
3.349962658416596462e-01 6.588264015657504524e-01 4.181475286679174792e-03 1.995857305910493304e-03
3.970525683269301997e-01 5.978752837247005569e-01 3.149545878207016779e-03 1.922602070162349706e-03
4.547270790253755690e-01 5.409358559070801542e-01 2.412371802162964485e-03 1.924693265381113893e-03
5.059304355276273979e-01 4.900452111711836589e-01 1.958291725207824806e-03 2.066061575981508695e-03
5.457459978387477761e-01 4.501705073051529560e-01 1.733631448145605929e-03 2.349863407953694475e-03
5.739029393622674391e-01 4.212651617971903129e-01 2.069978955711797557e-03 2.761919884830659096e-03
5.994748561121759911e-01 3.953964427086815170e-01 1.997597939711031906e-03 3.131103239431646049e-03
6.231207331056600740e-01 3.711118177887220981e-01 2.092494842593409839e-03 3.674954263024354274e-03
6.433166739135089962e-01 3.497937916151255267e-01 2.360233559431163496e-03 4.529300911934324055e-03
6.574425097761540382e-01 3.339733746334637154e-01 2.804699234149527799e-03 5.779416356232697748e-03
6.639684906737334247e-01 3.250269736152522904e-01 3.463440286343200374e-03 7.541095424671084152e-03
6.617192179629171056e-01 3.241095764483021835e-01 4.361668419314295060e-03 9.809537169466460080e-03
6.518410202940788656e-01 3.305776580353386174e-01 5.393841131881751093e-03 1.218748053870063325e-02
6.406318606955938577e-01 3.386920279902162489e-01 6.400245679221002078e-03 1.427586563496901183e-02
6.344745689714877956e-01 3.421910183588123266e-01 7.349222635305269202e-03 1.598519003439435870e-02
6.316362513154570868e-01 3.428103850884973713e-01 8.374893328972140769e-03 1.717847026707330221e-02
6.219106606801789727e-01 3.505950388911175941e-01 9.769150963598462190e-03 1.772514946510512709e-02
5.932215541714881413e-01 3.772189749280762672e-01 1.191743710639509880e-02 1.764203379404037653e-02
5.378516433514738404e-01 4.303603270219695243e-01 1.496050356086005284e-02 1.682752606569683576e-02
4.586568569494252068e-01 5.077640785537352874e-01 1.830187543281840135e-02 1.527718906402114607e-02
3.764335472529947713e-01 5.901956540998883893e-01 2.002624517873359197e-02 1.334455346838343132e-02
3.033469538453795189e-01 6.644512723583442249e-01 2.062253122140141753e-02 1.157924257487530709e-02
2.463556074823592124e-01 7.236365182289321574e-01 1.994889513934012051e-02 1.005897914936861384e-02
2.024786288064387707e-01 7.697483583225734893e-01 1.888326852948188361e-02 8.889744341505845943e-03
1.681234434852053594e-01 8.055643080684679047e-01 1.817379679428950470e-02 8.138451652037331785e-03
1.373952080860387504e-01 8.370263876015072713e-01 1.802600420384448815e-02 7.552400108609838049e-03
1.088864126540262239e-01 8.660995495888238471e-01 1.810081832402423221e-02 6.913219433125689789e-03
8.051388951235782798e-02 8.947399300425140645e-01 1.857538498764336327e-02 6.170795457484667089e-03
5.454093027480765021e-02 9.209394160314839928e-01 1.916746063475215436e-02 5.352193058956178362e-03
3.339583594591228471e-02 9.426979254067087144e-01 1.935530650606351322e-02 4.550932141315382727e-03
2.167116880983139399e-02 9.549146398111862943e-01 1.919522899704234273e-02 4.218962381939955937e-03
1.642375980920839085e-02 9.605336005994993265e-01 1.861291329108945292e-02 4.429726300203187112e-03
1.462309773845402693e-02 9.632555222033168940e-01 1.718417464886677973e-02 4.937205409362231678e-03
1.476469537904291293e-02 9.643290335021872384e-01 1.533101535299003296e-02 5.575255765779761098e-03
1.660024261830202186e-02 9.629891060402265834e-01 1.395928269952703346e-02 6.451368641944163485e-03
2.060345165713071275e-02 9.578557110621883641e-01 1.373738253300599114e-02 7.803454747675053413e-03
2.817934471786208775e-02 9.466610361609842927e-01 1.516289017852752961e-02 9.996728942626254694e-03
2.354498407381710734e-01 7.083914341807284742e-01 1.651268183492054023e-03 5.450745689760834456e-02
2.542294839444495524e-01 5.031375130004705348e-02 1.018110726104501894e-02 6.852756574944582901e-01
2.340093767867686414e-01 5.313552305663336167e-02 9.660030649584946602e-03 7.031950695070131596e-01
2.156615207883891827e-01 5.457189383148766670e-02 8.940543882940453838e-03 7.208260414971825458e-01
2.013841519647550371e-01 5.319609381870290393e-02 7.948881362574940213e-03 7.374708728539669522e-01
1.926945133872930982e-01 4.880409385224108304e-02 6.796238095061878093e-03 7.517051546654039962e-01
1.916881487828129282e-01 4.224853048231679009e-02 5.634148396906772487e-03 7.604291723379632550e-01
2.025710120409951465e-01 3.524924940638346493e-02 4.663410612219212603e-03 7.575163279404024674e-01
2.292700580875977057e-01 2.950785979705481885e-02 4.042733814183834679e-03 7.371793483011638282e-01
2.695509486363634188e-01 2.565671596107598970e-02 3.762757046651780349e-03 7.010295783559086225e-01
3.128338089783980203e-01 2.323107553890784577e-02 3.657694635492765578e-03 6.602774208472014239e-01
3.480684074277617390e-01 2.162226092573936442e-02 3.887380658100349998e-03 6.264219509883985904e-01
3.780340551421376150e-01 2.084795374256496331e-02 3.852938265068908859e-03 5.972650528502286837e-01
4.037813997498349017e-01 2.046305053772395216e-02 3.805947189997114458e-03 5.719496025224440894e-01
4.302846977430821451e-01 2.028008805017478614e-02 3.745826174659337617e-03 5.456893880320837775e-01
4.622820970860666567e-01 1.979169330720251946e-02 3.600780533706192995e-03 5.143254290730245870e-01
5.023146064525992882e-01 1.847709417508103594e-02 3.286878569047576876e-03 4.759214208032720439e-01
5.527094246521320198e-01 1.563273599543395925e-02 2.471813036590244945e-03 4.291860263158437938e-01
6.077368350934200247e-01 1.381315210786363858e-02 2.317695267254801447e-03 3.761323175314615352e-01
6.662962857827633423e-01 1.148180407857522616e-02 1.886471702895920095e-03 3.203354384357654516e-01
7.214663292539207351e-01 9.570532535052817674e-03 1.549793344562880879e-03 2.674133448664637869e-01
7.708449027859445302e-01 8.100044553193738034e-03 1.278924530522784200e-03 2.197761281303390046e-01
8.136774557077482983e-01 6.942199966197819261e-03 1.028709144967847669e-03 1.783516351810858214e-01
8.499526611784846697e-01 5.944462082777274801e-03 7.757794702117196996e-04 1.433270972685264100e-01
8.798990209924976158e-01 5.091289980784557447e-03 5.454005001567790870e-04 1.144642885265610144e-01
9.034229116113792202e-01 4.507762941333173963e-03 3.783954823789216493e-04 9.169092996490883773e-02
9.205031096974480853e-01 4.266404257121165187e-03 2.768720581738070815e-04 7.495361398725694513e-02
9.316764100578986962e-01 4.352677904380248750e-03 2.186676722671290621e-04 6.375224436545404161e-02
9.376496954447754995e-01 4.765357633876458714e-03 1.858571641653615004e-04 5.739908975718268497e-02
9.383258735794821614e-01 5.673842911655435292e-03 1.728443835790276044e-04 5.582743912528373431e-02
9.323142554550356564e-01 7.594778429266193717e-03 1.833641285468016904e-04 5.990760198715118501e-02
9.160587728005911146e-01 1.172234466607460085e-02 2.292433225984234118e-04 7.198963921073571470e-02
8.815797470553711213e-01 2.075661861277164691e-02 3.382316322427822517e-04 9.732540269961410806e-02
8.134652208646373506e-01 4.025713175379760228e-02 5.737100646037949234e-04 1.457039373169612961e-01
6.917971702768265230e-01 7.765740380621694028e-02 1.064307986435567141e-03 2.294811179305207838e-01
5.165445980751606214e-01 1.305934770478400231e-01 1.943337739219360479e-03 3.509185871377799026e-01
3.326982145268055358e-01 1.730244317617864735e-01 2.412906854207186574e-03 4.918644468572008766e-01
1.899645348244083654e-01 1.848479873072468027e-01 2.532243088165774154e-03 6.226552347801788123e-01
1.037341355467083226e-01 1.742561555011158114e-01 2.200509954168340925e-03 7.198091989980074379e-01
5.870965468475006221e-02 1.577780689538469949e-01 1.905127407542506202e-03 7.816071489538604089e-01
3.592819710869638722e-02 1.418657859517833686e-01 1.738022771191639719e-03 8.204679941683286071e-01
2.376886822651437872e-02 1.279099288429056680e-01 1.622951627439309140e-03 8.466982513031406921e-01
1.709542560329924479e-02 1.161007104529555717e-01 1.512204351797863475e-03 8.652916595919473153e-01
1.385817301692162523e-02 1.067794336707044850e-01 1.409809170669026369e-03 8.779525841417046284e-01
1.272927905816183605e-02 1.004158490162619100e-01 1.315983107342402932e-03 8.855388888182340601e-01
1.261609714464811960e-02 9.648235152047979213e-02 1.211940249687536164e-03 8.896896110851844064e-01
1.304124046745637477e-02 9.390861227001089107e-02 1.104009193401062289e-03 8.919461380691315888e-01
1.405037833045897841e-02 9.186179248276205023e-02 1.020250864587478757e-03 8.930675783221916353e-01
1.588085680703784849e-02 8.955248272259147546e-02 9.768420434451675037e-04 8.935898184269257527e-01
1.885344132231836153e-02 8.731702597944254740e-02 9.786499527623798971e-04 8.928508827454767482e-01
2.352726543160407746e-02 8.643013627945320132e-02 1.034111579318790740e-03 8.890084867096237353e-01
3.055338420393129487e-02 8.641162625756121374e-02 1.142182973848965494e-03 8.818928065646585157e-01
4.093320181879511743e-02 8.472600174761180103e-02 1.298924402434575593e-03 8.730418720311585723e-01
5.641072144868331667e-02 7.965041753136899161e-02 1.511950196882020205e-03 8.624269108230656622e-01
7.913813099257212269e-02 7.262458595041140774e-02 1.793341996724900477e-03 8.464439410602916380e-01
1.115627466673955598e-01 6.674399460067520495e-02 2.171934084314314575e-03 8.195213246476144020e-01
1.519471061336879758e-01 6.334042151169151647e-02 2.680977456502229000e-03 7.820314948981182956e-01
1.907245685494929899e-01 6.274394864697088736e-02 3.352345987179080299e-03 7.431791368163570555e-01
2.188678039555607968e-01 6.390270673056067108e-02 4.245940637353253638e-03 7.129835486765250252e-01
2.352651091854211507e-01 6.697512133945679458e-02 5.394735728852945340e-03 6.923650337462690096e-01
2.436540799615422859e-01 7.216219333497958521e-02 6.743597460787034009e-03 6.774401292426910359e-01
2.475164683515095887e-01 7.956762163793602849e-02 8.124172219641314502e-03 6.647917377909132730e-01
2.494549158029063241e-01 8.876440363187054761e-02 9.288250343201969947e-03 6.524924302220211914e-01
2.508549523375733781e-01 9.763300530551449752e-02 9.977214188197306571e-03 6.415348281687146548e-01
2.521910258030040652e-01 1.045821609389256113e-01 1.039002000829790905e-02 6.328367932497724890e-01
2.557916261514479039e-01 1.071572189937063657e-01 1.065190951735562296e-02 6.263992453374903624e-01
2.629795939191801324e-01 1.066456900228384963e-01 1.088167731428049158e-02 6.194930387437008745e-01
2.725619764732660211e-01 1.049350124817444302e-01 1.101034761080087361e-02 6.114926634341887324e-01
2.794324827509862552e-01 1.034621825470402184e-01 1.088237139106846066e-02 6.062229633109053051e-01
2.784897072853420030e-01 1.025938709117972664e-01 1.046488914441191971e-02 6.084515326584487571e-01
2.683322750733036499e-01 1.016992137482082281e-01 9.847303002640942979e-03 6.201212081758470385e-01
2.537222881951262665e-01 1.008413431461405857e-01 9.158402075044050350e-03 6.362779665836890697e-01
4.566491665730529892e-01 3.127599100943329602e-01 8.467377000268827558e-02 1.459171533299259693e-01
1.121107243855845870e-01 8.608333733015472999e-01 1.258416635966184971e-02 1.447173595320654094e-02
1.342250492902272718e-01 8.316523419669610284e-01 1.346692140454926363e-02 2.065568733826232684e-02
1.557040006018669265e-01 7.973494477525390201e-01 1.638693603034675761e-02 3.055961561524733403e-02
1.810456786103320503e-01 7.498695056995537955e-01 2.200487022824804129e-02 4.707994546186588386e-02
2.139004324654451561e-01 6.814392913526140516e-01 3.078578271210142062e-02 7.387449346983938903e-02
2.594672778734378182e-01 5.869994193931452608e-01 3.986570767910450203e-02 1.136675950543124120e-01
3.096526420321868978e-01 4.776770601658802962e-01 4.601911678207426526e-02 1.666511810198582078e-01
3.563963984204390201e-01 3.665554840471370590e-01 4.594527894737049367e-02 2.311028385850533440e-01
3.951195482183950114e-01 2.647266616082710189e-01 3.891479421579629311e-02 3.012389959575380027e-01
4.239400220597275282e-01 1.821305620701793304e-01 2.807099427033713998e-02 3.658584215997559008e-01
4.426760890734950382e-01 1.252859488133223897e-01 1.835029726005714748e-02 4.136876648531254697e-01
4.560476764500681068e-01 8.959551965608086865e-02 1.206019494002798578e-02 4.422966089538232781e-01
4.678953257659031473e-01 6.984586701573218537e-02 8.780790177244155240e-03 4.534780170411203959e-01
4.836040059568321170e-01 5.916117608163886515e-02 7.177286729319739753e-03 4.500575312322094290e-01
5.036717808962051235e-01 5.327147671381735755e-02 6.429620838634176466e-03 4.366271215513433113e-01
5.247459891981671731e-01 4.958317533851319681e-02 6.086016203998189517e-03 4.195848192593214510e-01
5.440742633027494390e-01 4.651819175778822840e-02 5.870664482007082081e-03 4.035368804574552826e-01
5.621191412355523997e-01 4.327535358824987494e-02 5.644734821724897537e-03 3.889607703544730177e-01
5.819097883778819869e-01 3.958226373466365577e-02 5.372913067670957374e-03 3.731350348197833289e-01
6.049367316359438584e-01 3.554305028756059998e-02 5.057892012422090730e-03 3.544623260640736850e-01
6.284789229529609278e-01 3.135489741866342994e-02 4.689141213352629803e-03 3.354770384150229656e-01
6.481300980410578116e-01 2.728991608876127697e-02 4.290874426290383278e-03 3.202891114438901066e-01
6.579323179444623859e-01 2.386807861352699747e-02 3.974051970038945149e-03 3.142255514719717868e-01
6.508117816707157388e-01 2.155066011000709991e-02 3.878916241447072019e-03 3.237586419778297753e-01
6.207940616167324510e-01 2.056963963609368881e-02 4.139556401986917676e-03 3.544967423451869659e-01
5.675801414787536858e-01 2.022001799541904218e-02 4.640552689460698647e-03 4.075592878363669680e-01
4.932098984590372881e-01 2.162357681740339002e-02 6.111610966904716842e-03 4.790549137566548210e-01
4.041763511750616211e-01 2.502544740949765381e-02 9.098974556610801845e-03 5.616992268588297810e-01
3.127287251684381375e-01 2.861308249433100123e-02 1.407692887108749277e-02 6.445812634661433060e-01
2.250736713025117131e-01 3.542532200762602695e-02 2.510388753500506290e-02 7.143971191548570410e-01
1.494843246405258286e-01 4.374560469701756910e-02 4.603955672708082841e-02 7.607305139353758294e-01
9.685277182355320202e-02 5.317238076041273798e-02 8.779053766158889660e-02 7.621843097544449552e-01
6.434996663637251868e-02 5.715650351937823920e-02 1.597168686905659496e-01 7.187766611536831052e-01
4.116069576079237069e-02 5.191162530109719869e-02 2.425624731334850570e-01 6.643652058046255471e-01
2.468160418367803741e-02 4.138164968362460783e-02 3.218345587151899556e-01 6.121021874175074373e-01
1.534287308261397288e-02 3.177802534244022342e-02 4.055867447637360179e-01 5.472923568112101345e-01
1.003845368015607135e-02 2.512227389289329801e-02 4.978976227148471656e-01 4.669416497121035015e-01
7.216841129389260472e-03 2.124434557844059532e-02 5.874442475178163203e-01 3.840945657743538022e-01
6.207653105686468734e-03 2.015565262068437849e-02 6.508786241545839735e-01 3.227580701190453372e-01
6.773729175086933701e-03 2.227575250931003448e-02 6.719979767378566615e-01 2.989525415777463668e-01
9.092682016391927247e-03 2.820939986812515815e-02 6.496512571688216608e-01 3.130466609466609484e-01
1.397518356487621391e-02 3.872414937927262657e-02 5.863091205398116568e-01 3.609915465160395409e-01
2.261879809842877107e-02 5.362507439074896964e-02 4.855026328118636769e-01 4.382534946989587454e-01
3.602111918039731936e-02 6.951296815481652902e-02 3.604500768634885666e-01 5.340158358012974116e-01
5.108784413068467173e-02 8.058436199389988619e-02 2.359134827307127202e-01 6.324143111447023680e-01
6.445379545475464489e-02 8.231248453468337223e-02 1.352291723588279204e-01 7.180045476517342706e-01
7.600959637999721297e-02 7.704214318445153087e-02 6.949884345042191269e-02 7.774494169851292602e-01
9.046048385718975793e-02 6.919398970366967550e-02 3.544412276206151263e-02 8.049014036770792968e-01
1.077336919805314264e-01 6.281357579035042049e-02 1.952597637622295254e-02 8.099267558528949751e-01
1.267159568635875810e-01 5.885859599440874945e-02 1.202646219740920175e-02 8.023989849445942735e-01
1.500853844799230341e-01 5.597709019970534272e-02 8.393178947287808361e-03 7.855443463730839015e-01
1.781135974246099984e-01 5.681726155774387277e-02 6.811341076748408246e-03 7.582577999408979252e-01
2.114162428210498434e-01 5.879198675234183907e-02 5.862871896713188480e-03 7.239288985298947265e-01
2.484031324749529368e-01 6.070222605762155138e-02 5.295879227989495203e-03 6.855987622394360548e-01
2.868512499988162823e-01 6.129561799150332058e-02 4.901287132551480907e-03 6.469518448771287567e-01
3.242209830077819599e-01 6.007579129079133190e-02 4.548351548812099021e-03 6.111548741526143802e-01
3.583332925975811767e-01 5.747160176691241962e-02 4.169971292218266692e-03 5.800251343432878404e-01
3.873154689805047290e-01 5.436122619326044098e-02 3.788224060344065006e-03 5.545350807658908643e-01
4.098390299903756917e-01 5.181298169539867021e-02 3.486586390824510627e-03 5.348614019234015915e-01
4.248274766191253438e-01 5.119939381797437156e-02 3.358358518259840081e-03 5.206147710446403787e-01
4.300960539640943381e-01 5.392388756577801145e-02 3.447359894953641677e-03 5.125326985751735842e-01
4.231892161372198813e-01 6.167558196962039802e-02 3.766342179833133842e-03 5.113688597133270175e-01
4.057344916065168117e-01 7.691696753959074984e-02 4.334852739347730757e-03 5.130136881145443972e-01
3.855076793489198295e-01 1.024031345775389124e-01 5.521320262567216801e-03 5.065678658109739052e-01
3.658477908028776593e-01 1.437091193103492981e-01 7.066676956129061375e-03 4.833764129306437618e-01
3.482509523815530694e-01 1.920182927455874322e-01 8.886639515720549595e-03 4.508441153571390303e-01
3.258103939810709226e-01 2.443853274530951025e-01 1.124049873799918935e-02 4.185637798278346033e-01
2.970231290580142014e-01 2.974608073368374961e-01 1.347838458284127822e-02 3.920376790223069063e-01
2.607384027257631520e-01 3.522311597211784662e-01 1.537639917696078523e-02 3.716540383760973953e-01
2.188719690008826546e-01 4.081850733871862369e-01 1.691369686867718811e-02 3.560292607432535839e-01
1.754283214130342994e-01 4.646710178324245377e-01 1.828007826809902037e-02 3.416205824864420038e-01
9.421238275408584384e-01 1.305524369660410536e-02 5.864299037121691906e-04 4.423449885882553556e-02
5.037098084514685103e-01 5.216337208823593197e-02 1.333290403364334811e-02 4.307939154266521298e-01
5.409906030207800587e-01 5.118919284088242760e-02 1.257573230190884433e-02 3.952444718364285237e-01
5.888195556376630835e-01 4.718857117665485601e-02 1.114740141350372728e-02 3.528444717721782031e-01
6.456808650825914819e-01 4.098153534502967099e-02 9.317831131736854441e-03 3.040197684406419354e-01
7.014124428522436894e-01 3.417022907541753668e-02 7.556856951700849021e-03 2.568604711206379232e-01
7.467658990683613274e-01 2.807949093323630629e-02 6.145466642689813297e-03 2.190091433557125600e-01
7.787265533407790041e-01 2.326931831584186719e-02 5.116983358756050336e-03 1.928871449846231712e-01
7.976845114929352887e-01 1.980165642930310430e-02 4.418859575490521364e-03 1.780949725022710484e-01
8.048112475179018954e-01 1.756840008375627066e-02 4.012489651658837295e-03 1.736078627466831337e-01
8.035720658923972692e-01 1.609977302934361906e-02 3.784722660134707227e-03 1.765434384181244210e-01
7.995658306619114475e-01 1.470908573477124753e-02 3.563602705305000951e-03 1.821614808980123734e-01
7.968279167267831031e-01 1.311279088331326025e-02 3.287676214074411636e-03 1.867716161758290749e-01
7.972321161248723254e-01 1.134712165325515824e-02 2.978868060532101434e-03 1.884418941613405785e-01
8.019572622138055884e-01 9.497646263102224248e-03 2.655901302280284145e-03 1.858891902208122393e-01
8.116688652891996814e-01 7.691903274625591300e-03 2.329717205108807355e-03 1.783095142310659187e-01
8.248724637550169936e-01 6.156194142580185755e-03 2.040243747115129489e-03 1.669310983552877714e-01
8.381982724013058439e-01 5.107782023564785487e-03 1.846084049695993637e-03 1.548478615254330892e-01
8.495861468450680576e-01 4.533719776603301922e-03 1.748813547337443918e-03 1.441313198309912558e-01
8.589681786295013666e-01 4.325102072350945487e-03 1.719861739304199720e-03 1.349868575588434871e-01
8.672115508563051911e-01 4.420844845356823767e-03 1.739656091038739062e-03 1.266279482072993068e-01
8.755437415818779767e-01 4.798176064064669719e-03 1.788849394189662373e-03 1.178692329598677035e-01
8.846188449854234248e-01 5.479542087014224391e-03 1.851956746423818892e-03 1.080496561811386674e-01
8.942149303607411781e-01 6.514368915250819993e-03 1.906058472854746865e-03 9.736464225115296078e-02
9.035550854061267234e-01 8.038029296314140246e-03 1.921512405777840585e-03 8.648537289178141740e-02
9.091792513953818045e-01 1.064649357205774485e-02 1.960722275647171567e-03 7.821353275691338147e-02
9.051624964045738020e-01 1.589163789515197003e-02 2.214337268315405734e-03 7.673152843195887862e-02
8.867598629983174385e-01 2.663904336315956953e-02 2.901690049376664821e-03 8.369940358914640388e-02
8.508801349239552003e-01 4.739163201169876993e-02 4.273944578921060403e-03 9.745428848542504741e-02
7.966705680887045116e-01 8.276745533665623433e-02 6.527691268909935514e-03 1.140342853057294409e-01
7.170002988779560216e-01 1.432728549847774868e-01 1.028655540138319682e-02 1.294402907358832289e-01
6.182085095164217003e-01 2.274184546135703533e-01 1.484120763099396577e-02 1.395318282390143605e-01
5.040933142530684696e-01 3.343615931868333391e-01 2.010960700390095751e-02 1.414354855561972546e-01
3.906905817984090978e-01 4.514109791529113402e-01 2.475639727585232652e-02 1.331420417728273464e-01
2.846642035780855839e-01 5.719231616294586651e-01 2.822583053266148473e-02 1.151868042597944675e-01
1.930401258377128504e-01 6.868270684773543078e-01 2.979146685522218729e-02 9.034133882971051577e-02
1.201831839281391617e-01 7.881716571708798913e-01 2.876073964688381779e-02 6.288441925409714306e-02
6.788368309643183496e-02 8.689197624382124507e-01 2.496932061440365960e-02 3.822723385095213450e-02
3.599200476119353287e-02 9.235017260355100621e-01 1.970820484099628650e-02 2.079806436230006994e-02
1.942997590394081667e-02 9.547481969781804745e-01 1.503458118794604066e-02 1.078724592993258145e-02
1.226279890257313092e-02 9.702143678916105296e-01 1.175514025011646126e-02 5.767692955699775005e-03
8.526844096560752886e-03 9.787267171971423263e-01 9.553111757906549567e-03 3.193326948390676125e-03
6.646973206234388538e-03 9.836924976365937212e-01 7.828252691469273286e-03 1.832276465702895171e-03
5.603972243019587560e-03 9.868923856818122564e-01 6.422094240328914475e-03 1.081547834839293809e-03
5.021436947004519723e-03 9.890207490052909112e-01 5.295728613986952840e-03 6.620854337175720306e-04
4.772497425485665475e-03 9.903831865472527696e-01 4.416488054085887342e-03 4.278279731755040309e-04
4.826472147179881184e-03 9.911257547889199548e-01 3.751407951831411437e-03 2.963651120687182234e-04
5.168865077440657971e-03 9.913438544305784861e-01 3.266930376369179233e-03 2.203501156118369063e-04
5.737635414929004828e-03 9.911697689207481510e-01 2.917827800225463591e-03 1.747678640972735948e-04
6.383428131541381972e-03 9.908319464420524136e-01 2.638123506159923467e-03 1.465019202462644165e-04
7.158022287601942257e-03 9.902880543902379262e-01 2.421576451331170724e-03 1.323468708287100148e-04
8.795766219176898854e-03 9.887017075562732904e-01 2.363114236443904746e-03 1.394119881057079703e-04
1.241796271678023179e-02 9.849336955540648475e-01 2.473485100357578244e-03 1.748566287971688822e-04
1.926313669415558039e-02 9.778434219490296231e-01 2.648391086415919065e-03 2.450502703987445397e-04
3.125035832669393471e-02 9.655664676531173773e-01 2.815779703777301218e-03 3.673943164113842351e-04
5.198476551023530068e-02 9.443976760127424930e-01 3.026911283792843577e-03 5.906471932296145175e-04
8.733166970049938138e-02 9.081539537331078105e-01 3.477165840891568559e-03 1.037210725501091493e-03
1.423391786972881268e-01 8.521234091249596521e-01 3.709808272615557068e-03 1.827603905136750617e-03
2.071008780216578304e-01 7.855420962362499315e-01 4.204996764544242926e-03 3.152028977547973419e-03
2.709856607184922828e-01 7.195945551840124965e-01 4.577081888940449234e-03 4.842702208554977052e-03
3.282191924394994298e-01 6.602960963756264734e-01 4.843766829568434996e-03 6.640944355305675693e-03
3.733094146558571524e-01 6.130935882946013660e-01 5.121337748847847558e-03 8.475659300693516932e-03
3.998386020928373918e-01 5.842197172799298288e-01 5.480647829915585856e-03 1.046103279731716053e-02
4.065427054328632495e-01 5.748904805024999121e-01 5.905202379300357636e-03 1.266161168533634467e-02
4.012518657425859225e-01 5.772362848006221681e-01 6.368831362557167593e-03 1.514301809423472013e-02
3.976645527119581081e-01 5.773677636295746485e-01 6.864169355322123113e-03 1.810351430314488877e-02
4.083338947051513568e-01 5.625906331879849676e-01 7.338712536192009903e-03 2.173675957067164322e-02
4.377849084340734165e-01 5.283864290232629379e-01 7.693423085959502986e-03 2.613523945670418944e-02
4.904050885813879823e-01 4.705233109481274933e-01 7.663723244233161362e-03 3.140787722625138639e-02
5.496414766885261427e-01 4.058813782146499793e-01 7.256679822821919361e-03 3.722046527400193344e-02
5.963234078095123181e-01 3.553837920518839733e-01 6.467120778629162695e-03 4.182567935997452691e-02
6.246390896585199970e-01 3.276212411380915457e-01 5.392691234969031883e-03 4.234697796841908890e-02
1.707120564608132288e-02 9.151304397805560820e-01 1.748889193219520244e-02 5.030946264116710476e-02
2.989107212274667510e-02 8.779407585902556654e-01 2.867060154166263877e-02 6.349756774533514558e-02
4.776817279559301271e-02 8.227452689227416904e-01 4.948313663817046487e-02 8.000342164349494301e-02
6.936647867169486170e-02 7.461242697717557215e-01 8.369431284208879440e-02 1.008149387144608722e-01
9.231711977721915319e-02 6.518892965796149186e-01 1.308025040530262362e-01 1.249910795901395810e-01
1.139243477234165303e-01 5.540836178548931290e-01 1.833101525213554628e-01 1.486818819003346004e-01
1.318611896223382540e-01 4.702488424456751637e-01 2.321245398414591155e-01 1.657654280905273003e-01
1.429577485892283006e-01 4.133366139651284410e-01 2.721345807497149161e-01 1.715710566959283423e-01
1.501252272749863670e-01 3.752847721494571021e-01 3.035950277691165655e-01 1.709949728064399377e-01
1.533169968550384676e-01 3.530952335299985534e-01 3.227456959672641568e-01 1.708420736476990442e-01
1.545879957904788549e-01 3.384506145729567206e-01 3.341348993694718272e-01 1.728264902670926528e-01
1.544027379766963470e-01 3.281334464379919158e-01 3.410121033347459640e-01 1.764517122505660507e-01
1.525806106670132001e-01 3.204766934528226474e-01 3.462121990041986397e-01 1.807304968759657349e-01
1.492043941682264507e-01 3.140949824049896200e-01 3.511249281683125889e-01 1.855756952584714514e-01
1.456930908524419477e-01 3.071944033927881956e-01 3.535108344082622533e-01 1.936016713465074923e-01
1.434308513634752758e-01 2.999484547867926620e-01 3.499906591643112130e-01 2.066300346854211822e-01
1.427166025899335999e-01 2.937275771495562182e-01 3.433508687128649650e-01 2.202049515476453834e-01
1.438377071266802865e-01 2.872958859692790190e-01 3.392584806718964008e-01 2.296079262321445436e-01
1.461530624101020359e-01 2.788733567973734062e-01 3.385750847088992987e-01 2.363984960836249816e-01
1.484976665525294115e-01 2.690621225092183488e-01 3.397021339618582769e-01 2.427380769763940183e-01
1.505636380609879643e-01 2.603937887898328252e-01 3.399669817645317171e-01 2.490755913846477154e-01
1.524067512251091883e-01 2.549609935830285945e-01 3.375288079771608940e-01 2.551034472147011289e-01
1.546385997711446358e-01 2.537858335164741574e-01 3.308234616159403951e-01 2.607521050964407561e-01
1.187443200899973711e-01 5.164575682454710659e-01 4.653561605830493914e-02 3.182624956062268806e-01
1.026970848784265339e-01 5.589814663913612591e-01 5.448138196095687891e-02 2.838400667692553281e-01
9.038118357467372910e-02 5.917101639476409769e-01 6.453485471895181735e-02 2.533737977587333656e-01
8.530338689160926746e-02 6.093839479036774476e-01 7.658807628468747297e-02 2.287245889200257565e-01
8.793315109665099383e-02 6.089940024678227593e-01 8.960767238682021407e-02 2.134651740487062688e-01
9.660151459823936027e-02 5.934065229947764752e-01 1.021939691570936254e-01 2.077979932498904003e-01
1.086508806386878717e-01 5.691769319191950505e-01 1.135423220159187951e-01 2.086298654261984076e-01
1.207192385549924335e-01 5.435763038264055380e-01 1.242692648682231227e-01 2.114351927503789752e-01
1.281785274561192400e-01 5.245142182931857855e-01 1.366929930609280253e-01 2.106142611897670602e-01
1.257956792217538589e-01 5.193300558539644118e-01 1.549164935753622185e-01 1.999577713489195385e-01
1.112469185581892589e-01 5.297379601569190966e-01 1.835874861996755758e-01 1.754276350852162492e-01
8.963852265284319443e-02 5.460303746151990989e-01 2.223875356196575725e-01 1.419435671122998011e-01
7.096912827752656361e-02 5.567199581942785525e-01 2.597778495664790910e-01 1.125330639617160289e-01
6.034523769949719230e-02 5.669968657079149654e-01 2.787562570912881510e-01 9.390163950129969128e-02
5.634798822686815090e-02 5.895781211503769992e-01 2.710242697823013192e-01 8.304962084045321158e-02
5.489556538295459198e-02 6.285327565220625301e-01 2.425447467534694590e-01 7.402693134151390464e-02
5.121548528857761823e-02 6.798108111072276305e-01 2.066305356417313388e-01 6.234316796246324593e-02
4.296989180972758671e-02 7.354535891742778331e-01 1.735566066326669488e-01 4.801991238332787432e-02
3.204180485326551392e-02 7.866681211727222234e-01 1.469054998417138880e-01 3.438457413229815962e-02
2.138366376771652644e-02 8.296315813271597506e-01 1.255056662129472589e-01 2.347908869217662023e-02
1.289941388244508769e-02 8.637012385672900860e-01 1.078645200771413126e-01 1.553482747312350150e-02
6.866795339651027112e-03 8.884880544266523517e-01 9.442050088163779498e-02 1.022464935205879763e-02
3.774450559090585834e-03 9.022120319324141713e-01 8.687406403583128323e-02 7.139453472663960520e-03
2.158607005487100244e-03 9.046843009219824872e-01 8.740607289973680027e-02 5.751019172793621868e-03
1.397714563123167875e-03 8.934010820339879366e-01 9.933562848939436751e-02 5.865574913494639442e-03
1.087658148787380447e-03 8.649874902782909158e-01 1.265104398896245708e-01 7.414411683297247868e-03
1.042850468173523500e-03 8.161435279376917373e-01 1.727654751685404055e-01 1.004814642559450320e-02
7.337533375451305928e-04 7.428353270308658551e-01 2.427478190645138700e-01 1.368310056707498605e-02
6.618988369696483841e-04 6.438573678089910546e-01 3.366531051636570959e-01 1.882762819038254556e-02
6.280496449659727634e-04 5.298147426590106290e-01 4.430404355934913774e-01 2.651677210253206365e-02
6.223724409662881665e-04 4.209173064665166497e-01 5.386894653109562947e-01 3.977085578156084461e-02
6.886125428237714055e-04 3.388660573794042841e-01 5.906007905427638205e-01 6.984453953500825707e-02
1.036741368315712659e-03 2.911720150832955434e-01 5.555838326663576909e-01 1.522074108820311300e-01
1.723202380783268916e-03 2.514211983992309940e-01 4.088172932524329894e-01 3.380383059675527990e-01
2.101095101963360370e-03 1.831211448548369092e-01 2.375094218625478093e-01 5.772683381806518188e-01
1.981870604494324981e-03 1.151304384058339375e-01 1.272864840818267174e-01 7.556012069078449356e-01
1.808818294492380149e-03 7.257870725000117873e-02 7.143692853984985602e-02 8.541755459156564756e-01
1.710214780459884919e-03 5.123587613300509269e-02 4.441084558087666362e-02 9.026430635056583718e-01
1.705606400474374935e-03 4.327426968613199559e-02 3.115980825445228281e-02 9.238603156589415555e-01
1.815151555303483842e-03 4.507290187160680611e-02 2.470791933152918785e-02 9.284040272415606809e-01
2.175146873688101664e-03 5.574592685884606491e-02 2.181573806369458551e-02 9.202631882037712874e-01
3.241293676862448594e-03 7.536721610693897233e-02 1.882408459867058667e-02 9.025674056175277959e-01
4.029272261245588072e-03 1.014521541113110881e-01 1.690501928947021545e-02 8.776135543379729453e-01
6.054038649820107747e-03 1.306385301584096492e-01 1.565951405528729495e-02 8.476479171364829091e-01
8.762357868637410396e-03 1.603552622037068276e-01 1.548435512240269735e-02 8.153980248052531410e-01
1.202225455593836784e-02 1.923883426368640792e-01 1.681256780379391039e-02 7.787768350034035558e-01
1.596733376443705207e-02 2.330738259414702196e-01 2.029993858513494398e-02 7.306589017089578642e-01
2.023569710773664987e-02 2.897533384568479198e-01 2.663509454563676299e-02 6.633758698897787021e-01
2.370649386474998205e-02 3.647538496399398422e-01 3.596020742036781792e-02 5.755794490749424064e-01
2.636591049623539240e-02 4.466227174509047604e-01 4.730938910066775221e-02 4.797019829521921852e-01
2.996061413487421943e-02 5.158754694107335892e-01 5.907912760363295823e-02 3.950847888507592054e-01
3.664832451390910573e-02 5.642959242870824177e-01 7.003926539308066856e-02 3.290164858059278497e-01
4.858928925547524591e-02 5.908098859392373337e-01 7.969470644785159319e-02 2.809061183574356191e-01
6.836344310444128491e-02 5.941091118081113231e-01 8.833497197789279276e-02 2.491924731095547241e-01
9.760885244060533983e-02 5.770356891566886803e-01 9.699246043452317001e-02 2.283629979681830735e-01
1.347293256487157587e-01 5.472045225775475918e-01 1.072089398211075739e-01 2.108572119526291311e-01
1.756247976771929120e-01 5.147645663245151715e-01 1.195260286162572738e-01 1.900846073820347260e-01
2.187311261228572501e-01 4.853482406787412717e-01 1.321200483209239995e-01 1.638005848774773676e-01
2.700402476674973462e-01 4.529428686128671444e-01 1.403895991224115292e-01 1.366272845972236194e-01
3.405373815886089117e-01 4.069968376718761105e-01 1.373166132544726137e-01 1.151491674850426555e-01
4.376692322275785307e-01 3.427902835503714440e-01 1.176047417273861917e-01 1.019357424946640417e-01
5.553117201330441954e-01 2.645855058834091222e-01 8.509654726131753166e-02 9.500622672222856779e-02
6.707372484752989195e-01 1.860494782549559356e-01 5.271864950442498032e-02 9.049462376532024788e-02
7.543597040775251727e-01 1.277533490069655553e-01 3.132845703001226056e-02 8.655848988549698364e-02
8.024433091970211152e-01 9.348280764376190599e-02 2.017513959908339219e-02 8.389874356013365952e-02
8.206966585173733897e-01 7.911568592837046887e-02 1.513948442490888058e-02 8.504817112934717760e-02
8.159803827573448576e-01 7.872721327792182866e-02 1.313748006300564236e-02 9.215492390172774773e-02
7.930586390113049111e-01 8.778073329724947471e-02 1.246756537323376497e-02 1.066930623182122118e-01
7.521851144941847922e-01 1.061398110888640695e-01 1.267070664115685190e-02 1.290043677757942986e-01
7.004400387517564219e-01 1.297256023766822364e-01 1.328805611429481788e-02 1.565463027572665811e-01
6.473144967541033523e-01 1.533271992858030452e-01 1.417098479724397155e-02 1.851873191628498061e-01
6.021929807941946988e-01 1.702497232867642152e-01 1.518968405365291735e-02 2.123676118653880784e-01
5.661550406842096317e-01 1.769843541150496746e-01 1.626018129098449547e-02 2.406004239097562780e-01
5.318519331930159355e-01 1.754280225260069215e-01 1.736737065983591163e-02 2.753526736211410753e-01
4.939415347141768997e-01 1.683354257137667509e-01 1.855584251837423884e-02 3.191671970536821834e-01
4.543755683412955548e-01 1.578048900911702135e-01 1.981987941422035798e-02 3.679996621533137557e-01
4.189109603658480729e-01 1.474589868496538891e-01 2.109372829809313607e-02 4.125363244864047596e-01
3.898512121830171595e-01 1.410402910333445614e-01 2.227470344782175177e-02 4.468337933358164094e-01
3.645453126967554969e-01 1.396900107057435780e-01 2.324257955594321440e-02 4.725220970415576760e-01
3.417074783872176558e-01 1.426939738424732596e-01 2.407277543663390723e-02 4.915257723336752260e-01
3.229743655249047163e-01 1.486625772251496669e-01 2.484425812997892100e-02 5.035187991199666646e-01
3.092491814700860098e-01 1.564225916612587142e-01 2.553636673178664995e-02 5.087918601368687233e-01
2.987747142560435720e-01 1.658544781336909191e-01 2.603156676199061895e-02 5.093392408482750877e-01
2.902670907135719847e-01 1.772407767742410212e-01 2.611831914023645881e-02 5.063738133719506429e-01
2.848977559926911263e-01 1.889005687458978067e-01 2.554312552436176914e-02 5.006585497370494853e-01
2.845257786841391412e-01 1.972449519970558285e-01 2.417592645139350280e-02 4.940533428674114824e-01
2.910062142033100763e-01 1.999812169525423122e-01 2.211595862010756058e-02 4.868966102240401272e-01
3.071641021613440992e-01 1.967802709626524094e-01 1.966248385765699200e-02 4.763931430183464544e-01
3.336976711209220792e-01 1.892371696230349953e-01 1.717192161013007812e-02 4.598932376459130000e-01
