7.304781383917674509e-01 4.066643691145203909e-02 2.540751889119942548e-03 2.263146728076607106e-01
8.492563860071676851e-01 1.182890078540830420e-01 1.587213170769246479e-03 3.086739296798030052e-02
8.846002220761272072e-01 8.973005560383078005e-02 1.082698755290013469e-03 2.458702356475195999e-02
9.063939916014278619e-01 7.282079494801893538e-02 7.896377365185699168e-04 1.999557571403449974e-02
9.162740697288547231e-01 6.596350017452372316e-02 6.379937710492610079e-04 1.712443632557225648e-02
9.152283941115822996e-01 6.853300591395951324e-02 5.850701202031391435e-04 1.565352985425497861e-02
9.032366433956958707e-01 8.105703065627291315e-02 6.071932325875906925e-04 1.509913271544366213e-02
8.796373725371644525e-01 1.048945521000454462e-01 6.840164026554655750e-04 1.478405896013422482e-02
8.410723294177248066e-01 1.439135554047755727e-01 7.967474869121637937e-04 1.421736769058775350e-02
7.779762544128050461e-01 2.077165540142783540e-01 9.456843491663138304e-04 1.336150722375022658e-02
6.775262974085920487e-01 3.090762046168409882e-01 1.156184437144851555e-03 1.224131353742253896e-02
5.383090635015378433e-01 4.494164026702651138e-01 1.493933737405071056e-03 1.078060009079196031e-02
3.913710006155502463e-01 5.979503467329559951e-01 1.608366661158440458e-03 9.070285990335347562e-03
2.660900663325481141e-01 7.245845496535299191e-01 1.873698603123275094e-03 7.451685410798507617e-03
1.771495184447544613e-01 8.142989844850034853e-01 2.298465244122041128e-03 6.253031826119987563e-03
1.198743414715003064e-01 8.715983423133151220e-01 3.027010255721290181e-03 5.500305959463172578e-03
8.716222263613875032e-02 9.038703978791087223e-01 3.819774493928772621e-03 5.147604990823878741e-03
6.833325925281184821e-02 9.218203379044510593e-01 4.842989353015469088e-03 5.003413489721661618e-03
5.848890893623111265e-02 9.306601830846953360e-01 5.867199102190051585e-03 4.983708876883469370e-03
5.531435594710619463e-02 9.328044406018142221e-01 6.781880558000602868e-03 5.099322893079076720e-03
5.778793774084754059e-02 9.291180007235052551e-01 7.723066094754449731e-03 5.370995440892625296e-03
6.565530987110415606e-02 9.196239921987194865e-01 8.955381458239597414e-03 5.765316471937354144e-03
7.925423484899618565e-02 9.038260816215546445e-01 1.073006914458496039e-02 6.189614384863993506e-03
9.833379977191081256e-02 8.819489914973099864e-01 1.323294097907659270e-02 6.484267751702692435e-03
1.203726953265386868e-01 8.565473088373773969e-01 1.659216721330545458e-02 6.487828622778635257e-03
1.408423107164049337e-01 8.319610344869633467e-01 2.101064408808797634e-02 6.186010708543875081e-03
1.587784439396705549e-01 8.084465827874498522e-01 2.694705176925749415e-02 5.827921503622109957e-03
1.795075370975324214e-01 7.801690329430231996e-01 3.464590660976529096e-02 5.677523349679329187e-03
2.103137546014735015e-01 7.404529319467846316e-01 4.348227307202264663e-02 5.751040379719130936e-03
2.637786591774726741e-01 6.778768638859119511e-01 5.233700525549965510e-02 6.007471681115534104e-03
3.579510582636451499e-01 5.774720818233227693e-01 5.843510442620006989e-02 6.141755486832109825e-03
4.990266900391899241e-01 4.400620521598256896e-01 5.546622668764740471e-02 5.445031113337201953e-03
6.528518113827460612e-01 3.011994001401082643e-01 4.196300647148122620e-02 3.985782005664527221e-03
7.706449506576803499e-01 1.995749408195363339e-01 2.707374678469884680e-02 2.706361738084414343e-03
8.416329908742442578e-01 1.397082282207342263e-01 1.673823454179918999e-02 1.920546363222513020e-03
8.802081931967777884e-01 1.077304030321901140e-01 1.057128367586252470e-02 1.490120095169284505e-03
9.004706075318601455e-01 9.130419304918380163e-02 6.954930684108644526e-03 1.270268734847454766e-03
9.103617925921090315e-01 8.360911059718043048e-02 4.844814273370991013e-03 1.184282537339429939e-03
9.132843512382238238e-01 8.183265356919808275e-02 3.677646155524424195e-03 1.205349037053574492e-03
9.114430654086870254e-01 8.415895270502539438e-02 3.089642584450984220e-03 1.308339301836861004e-03
9.074951357775153937e-01 8.821321314893326715e-02 2.839496025953310628e-03 1.452155047597776527e-03
9.028575915500179905e-01 9.266298401326908407e-02 2.835374072709586496e-03 1.644050364003229450e-03
8.965797634808845284e-01 9.835494388663237886e-02 3.095861975065298134e-03 1.969430657417875659e-03
8.877082019471224106e-01 1.061503176455232261e-01 3.635158546984002242e-03 2.506321860370422198e-03
8.760670414337876633e-01 1.162042122368718428e-01 4.439797386156700901e-03 3.288948943183878093e-03
8.610927415325687617e-01 1.290156299837000864e-01 5.531409873834378273e-03 4.360218609897037294e-03
8.433501032974900502e-01 1.440861439394676702e-01 6.878640406814828454e-03 5.685112356227513611e-03
8.262991611664556313e-01 1.584723465682479071e-01 8.238233025759841496e-03 6.990259239536381584e-03
8.136036550281502411e-01 1.690099159794868078e-01 9.372110094960943091e-03 8.014318897402184991e-03
8.067159657951316065e-01 1.741929906909468750e-01 1.035078434857592510e-02 8.740259165345426809e-03
8.044083493870402002e-01 1.748528148190075238e-01 1.149817967405560547e-02 9.240656119896580381e-03
8.013406103635566380e-01 1.756715596966658133e-01 1.331050390314513290e-02 9.677326036632355119e-03
7.891096009890283813e-01 1.840991487157816742e-01 1.648488898081179252e-02 1.030636131437806351e-02
7.596873499770815386e-01 2.074991478345050433e-01 2.160572436708167732e-02 1.120777782133186920e-02
7.084082513540210790e-01 2.510906770866270787e-01 2.832079250716753802e-02 1.218027905218431461e-02
6.395096551980633537e-01 3.130497127840985438e-01 3.455031655388317302e-02 1.289031546395482362e-02
5.685589651611839823e-01 3.807062450188762881e-01 3.771319542276239944e-02 1.302159439717714973e-02
5.083511989795385100e-01 4.417372956625504887e-01 3.739141331062999923e-02 1.252009204728083379e-02
4.587830352272342926e-01 4.947649562830201964e-01 3.470365223583466580e-02 1.174835625391095623e-02
4.087947590080104332e-01 5.472890140554037552e-01 3.256316763118399793e-02 1.135305930540178761e-02
3.533199053120448796e-01 6.038690101603412241e-01 3.143698685272086624e-02 1.137409767489310289e-02
2.875428203936568061e-01 6.691626911549954926e-01 3.161834733073094761e-02 1.167614112061666522e-02
2.129184790121056436e-01 7.420685506426843991e-01 3.293252563704035518e-02 1.208044470816964193e-02
1.415619925310025728e-01 8.115612058541707974e-01 3.455769636568883918e-02 1.231910524913754600e-02
8.682486699427266474e-02 8.662613992049246203e-01 3.465366163266059979e-02 1.226007216814207004e-02
5.505206920268924942e-02 8.985229469630121590e-01 3.381975865730892788e-02 1.260522517698989091e-02
4.003403364869322772e-02 9.136298871291056445e-01 3.245950154185912179e-02 1.387657768034177355e-02
3.387179486813614998e-02 9.195842749731741872e-01 3.057192188993064497e-02 1.597200826875926419e-02
3.215721581872052481e-02 9.203637066104379816e-01 2.862994869428245673e-02 1.884912887655950178e-02
3.315306086095749089e-02 9.163337532361675031e-01 2.756272642628307401e-02 2.295045947659198407e-02
3.620175197625599695e-02 9.066875715475418707e-01 2.821255752200728037e-02 2.889811895419506019e-02
4.113979227362215413e-02 8.904377267969207921e-01 3.122206030525176423e-02 3.720042062420563650e-02
9.964528533048527814e-02 8.272425364576708740e-01 1.238096327370581977e-03 7.187408188447309831e-02
3.876930623680904242e-01 1.021137779116089439e-01 5.651989469221230071e-03 5.045411702510792518e-01
3.712649760973809610e-01 1.064692125236674780e-01 5.224221056605022132e-03 5.170415903223464227e-01
3.611286337887711917e-01 1.098702526308819455e-01 4.854763418028104106e-03 5.241463501623185861e-01
3.588520331319787204e-01 1.098794202373136741e-01 4.445206693908872360e-03 5.268233399367988623e-01
3.645755552160062640e-01 1.058574056814725606e-01 3.967470313700017202e-03 5.255995687888213030e-01
3.793903646542634012e-01 9.823542188263187369e-02 3.434207909547330132e-03 5.189400055535575707e-01
4.059204694364082489e-01 8.874970940205793857e-02 2.945383093122628301e-03 5.023844380684114874e-01
4.442931854088148502e-01 7.975083638962597588e-02 2.625411688213304725e-03 4.733305665133459850e-01
4.871267651750178507e-01 7.258907633373920532e-02 2.498237858224313171e-03 4.377859206330186881e-01
5.229625406350540961e-01 6.692185448755808008e-02 2.452047181759595389e-03 4.076635576956283424e-01
5.458645250600961951e-01 6.211926190580110974e-02 2.371191108688828694e-03 3.896450219254135594e-01
5.564100271390610697e-01 5.820248673983331039e-02 2.236773668510608042e-03 3.831507124525952435e-01
5.587648201285401184e-01 5.516478886556333561e-02 2.080408730632446641e-03 3.839899822752642078e-01
5.601794579760404069e-01 5.226784824469304230e-02 1.918499195003527374e-03 3.856341945842629015e-01
5.680064732268188532e-01 4.814677206089008898e-02 1.732006945168783427e-03 3.821147477671223425e-01
5.859851727099598673e-01 4.192398970922576323e-02 1.497483427886992955e-03 3.705933541529271014e-01
6.141312080858242206e-01 3.445317140628734870e-02 1.243268814990718205e-03 3.501723516928974544e-01
6.502918832220814238e-01 2.714861499677633308e-02 1.214182606804303918e-03 3.213453191743379511e-01
6.902220038065658425e-01 2.223402942174196664e-02 1.033872964607017225e-03 2.865100938070851422e-01
7.298469521681369976e-01 1.883777965023948620e-02 9.049293813307862384e-04 2.504103388002925645e-01
7.667329076021743850e-01 1.645914555358016229e-02 7.966123001701559117e-04 2.160113345440753396e-01
8.000990498034039611e-01 1.451183324969433121e-02 6.746585973968400761e-04 1.847144583495048398e-01
8.295886336104698611e-01 1.257377131236185434e-02 5.262588554466084492e-04 1.573113362217216094e-01
8.542920235874853496e-01 1.079523080324945941e-02 3.809143186407295710e-04 1.345318312906247649e-01
8.735319183952326982e-01 9.742735071013515144e-03 2.785752548169430809e-04 1.164467712789367948e-01
8.880598269114865495e-01 9.676618230831100440e-03 2.233928745365712715e-04 1.020401619831456802e-01
8.992819941830393349e-01 1.045936498933033518e-02 1.984784926610113308e-04 9.006016233496942636e-02
9.078058763922501884e-01 1.184328770513573201e-02 1.898416037418981372e-04 8.016099429887199590e-02
9.125139063742682133e-01 1.393279869403707058e-02 1.951329630247883469e-04 7.335816196866937200e-02
9.109106275337564007e-01 1.751435840315580805e-02 2.230096018148916548e-04 7.135200446127265561e-02
8.988074240984541552e-01 2.421955336392152616e-02 2.911211484837436720e-04 7.668190138914042497e-02
8.687949196991568979e-01 3.695136409252679222e-02 4.312470087913293721e-04 9.382246919952538788e-02
8.087835509960780156e-01 6.006460072259432736e-02 6.979002914845086180e-04 1.304539479898431387e-01
7.056911755417595300e-01 9.585796599384800720e-02 1.115097187079293036e-03 1.973357612773131708e-01
5.559849593223928910e-01 1.404177929642041744e-01 1.808797358458970415e-03 3.017884503549437269e-01
3.879700059155983261e-01 1.740714497423588303e-01 2.691912338584920815e-03 4.352666320034579428e-01
2.433414417667682239e-01 1.801964573112176116e-01 3.328074103041757294e-03 5.731340268189722975e-01
1.448429417194078694e-01 1.647551655482671351e-01 3.410276312762850620e-03 6.869916164195618569e-01
8.823817543474414549e-02 1.459443755011868571e-01 3.275076058398229423e-03 7.625423730056706262e-01
5.795047905638323754e-02 1.325058634080152065e-01 3.225359162614015261e-03 8.063182983729877407e-01
4.162750575733775715e-02 1.246534271895219093e-01 3.280971044862709615e-03 8.304380960082775598e-01
3.303219193589188724e-02 1.211260868063107482e-01 3.375406135373531461e-03 8.424663151224239810e-01
2.961542780107306178e-02 1.216313968353367608e-01 3.448828616820526650e-03 8.453043467467695748e-01
2.952626530878686359e-02 1.256175506923656315e-01 3.410764849292478081e-03 8.414454191495549518e-01
3.076430119466087854e-02 1.312813244786734668e-01 3.184430949691826728e-03 8.347699433769738553e-01
3.233415228341380426e-02 1.369273716528840446e-01 2.829248141851534778e-03 8.279092279218506212e-01
3.445576662552674030e-02 1.413225311539751394e-01 2.481529105306452473e-03 8.217401731151916522e-01
3.788367454873216300e-02 1.431024917647543970e-01 2.224945852620149704e-03 8.167888878338933623e-01
4.350740542956236384e-02 1.424744043345851086e-01 2.084219352975538557e-03 8.119339708828771096e-01
5.238512060313733204e-02 1.414798882789523593e-01 2.065329529544648879e-03 8.040696615883657916e-01
6.516814546819213461e-02 1.400584160100636077e-01 2.149201690903128868e-03 7.926242368308413777e-01
8.240773966101450076e-02 1.355926423857931884e-01 2.323180550448310840e-03 7.796764374027439493e-01
1.053337264250117089e-01 1.267550783091042077e-01 2.600250747748031593e-03 7.653109445181360826e-01
1.351094537299831755e-01 1.156504560497532974e-01 2.985854499241098140e-03 7.462542357210223409e-01
1.709559583185784326e-01 1.061563302421307114e-01 3.490820990915731795e-03 7.193968904483750704e-01
2.051148810831866509e-01 1.015399234170755449e-01 4.218688561725396184e-03 6.891265069380123620e-01
2.286836974679195833e-01 9.977978448902788400e-02 5.058511549374541429e-03 6.664780064936779436e-01
2.354540548597593985e-01 1.036509222176126566e-01 6.222940152089961006e-03 6.546720827705377888e-01
2.321672100658409010e-01 1.121683823116614159e-01 7.854260351583146338e-03 6.478101472709147934e-01
2.257959296419712047e-01 1.260267090157146386e-01 1.012857547907848425e-02 6.380487858632357678e-01
2.207549135018037068e-01 1.450864852201947108e-01 1.293008315291477653e-02 6.212285181250871702e-01
2.187582793106651324e-01 1.681835883136701126e-01 1.594743572562448697e-02 5.971106966500403512e-01
2.197336407494669963e-01 1.915289037081409351e-01 1.879482357854093608e-02 5.699426319638510874e-01
2.234434360073895565e-01 2.098345613456978898e-01 2.139898363476123305e-02 5.453230190121512999e-01
2.309870245788403775e-01 2.206115986763073911e-01 2.384157389768473342e-02 5.245598028471677443e-01
2.434470764548137267e-01 2.253568824999817588e-01 2.587986882615704240e-02 5.053161722190472327e-01
2.600075987008517164e-01 2.262102914817261112e-01 2.688228362611305711e-02 4.868998261913090042e-01
2.759724557620849006e-01 2.251217571729184630e-01 2.634873827923056924e-02 4.725570487857661539e-01
2.846544550281691066e-01 2.238839986740438492e-01 2.461415779296560746e-02 4.668473885048217698e-01
2.818329722197730480e-01 2.231037843542804100e-01 2.241421714955684277e-02 4.726490262763893835e-01
2.711582739479193038e-01 2.235208758690817310e-01 2.007626934244672104e-02 4.852445808405524419e-01
1.145598014617116994e-01 5.783219145332511024e-01 1.065947490322074059e-01 2.005235349728299310e-01
2.625749508999245529e-01 6.998931020762968469e-01 1.161133958381394167e-02 2.592060743996469491e-02
3.009998202286863767e-01 6.523636171003299733e-01 1.034697879385833297e-02 3.628958387712526157e-02
3.331218715559944865e-01 6.048879399743234409e-01 1.019485175524940598e-02 5.179533671443268400e-02
3.690009343777285178e-01 5.441400647557255166e-01 1.095826113043007165e-02 7.590073973611592695e-02
4.062894686686615575e-01 4.698008410289093439e-01 1.225484927017717746e-02 1.116548410322519974e-01
4.473160846267847934e-01 3.799598339432496696e-01 1.321815002203496382e-02 1.595059314079306512e-01
4.803312776084005531e-01 2.895936822599917693e-01 1.338491749479989862e-02 2.166901226368075639e-01
4.969677462383680355e-01 2.114938741917589127e-01 1.233815463814830725e-02 2.792002249317244722e-01
4.973495893432421933e-01 1.506386657800894424e-01 1.036711878543702774e-02 3.416446260912313626e-01
4.871383436293432734e-01 1.076878286822802039e-01 8.205116854086811837e-03 3.969687108342897508e-01
4.748326690364999547e-01 8.005399146641749286e-02 6.294518809352269914e-03 4.388188206877302600e-01
4.646351527170487494e-01 6.567824535574533218e-02 4.851117488979203758e-03 4.648354844382266426e-01
4.582511565527739861e-01 5.775226381009247734e-02 4.169487884186915891e-03 4.798270917529467439e-01
4.553408393545497757e-01 5.397348213810409384e-02 3.865255044092675424e-03 4.868204234632538818e-01
4.547135384917512235e-01 5.239768955724147248e-02 3.796419570007978847e-03 4.890923523809994622e-01
4.545580708646759227e-01 5.116913596215034998e-02 3.826354842023955028e-03 4.904464383311496478e-01
4.546494960611235370e-01 4.870832812363246056e-02 3.817522889819172181e-03 4.928246529254244890e-01
4.569487242795397530e-01 4.380124160107760206e-02 4.001352534524947428e-03 4.952486815848576307e-01
4.667888858832958676e-01 3.858033200421387421e-02 3.818299821950196966e-03 4.908124822905401974e-01
4.859798298045732712e-01 3.319667861105136258e-02 3.609869230713960882e-03 4.772136223536616040e-01
5.127174357097393775e-01 2.810021109022092095e-02 3.386462442692929863e-03 4.557958907573468332e-01
5.420286743751747682e-01 2.349596073253630915e-02 3.150639930260091832e-03 4.313247249620287271e-01
5.657842331826451465e-01 1.971139970534885322e-02 2.948567940011460192e-03 4.115557991719945852e-01
5.743793711964577664e-01 1.694319218044885306e-02 2.848841653985756568e-03 4.058285949691075034e-01
5.611464238413144123e-01 1.519231340434650489e-02 2.913875390534224983e-03 4.207473873638047368e-01
5.273611658264004687e-01 1.352516897813800870e-02 2.831559450119421322e-03 4.562821057453421147e-01
4.740874359359721346e-01 1.305711047870928426e-02 3.338091456563598621e-03 5.095173621287552024e-01
4.068648785276383073e-01 1.334029658924815349e-02 4.347217000659941294e-03 5.754476078824539709e-01
3.290435267174235956e-01 1.446601248964418662e-02 6.250681457994810598e-03 6.502397793349371513e-01
2.454072351423788045e-01 1.632510596361235605e-02 9.756979457168583197e-03 7.285106794368404470e-01
1.656871131274203213e-01 1.883043896845829415e-02 1.641187861197720629e-02 7.990705692921438175e-01
1.013253586194877431e-01 2.219053027440626158e-02 2.972936247240665075e-02 8.467547486336992613e-01
5.919006966942808035e-02 2.636598671395406698e-02 5.662057767444757944e-02 8.578233659421702351e-01
3.570292376480641017e-02 2.804368014761383573e-02 1.031300516894729929e-01 8.331233443981065356e-01
2.203836679824135517e-02 2.491576505828740559e-02 1.657797913530431044e-01 7.872660767904284818e-01
1.414934531537547120e-02 2.001150605216793152e-02 2.496627382663995920e-01 7.161764103660572811e-01
9.655961863377918869e-03 1.594266091839800434e-02 3.627083307089298825e-01 6.116930465092942359e-01
6.916862769807995311e-03 1.316422097257448180e-02 4.941962129563229889e-01 4.857227033012944117e-01
5.512499549917688341e-03 1.182978281603164900e-02 6.058806958309796986e-01 3.767770218030713769e-01
5.463112199867156682e-03 1.222914654352026328e-02 6.671716922240142900e-01 3.151360490325978425e-01
6.722428497661735516e-03 1.451843895575035369e-02 6.776670040449815913e-01 3.010921285016061599e-01
9.618063849064507551e-03 1.889329518257751653e-02 6.456479929118161820e-01 3.258406480565420038e-01
1.479561021058685422e-02 2.523247171374758124e-02 5.761589953731871550e-01 3.838129227024784651e-01
2.243210679396625759e-02 3.229738954759930197e-02 4.762568091817992455e-01 4.690136944766349902e-01
3.140750979769321716e-02 3.804245709127689751e-02 3.600741710426828557e-01 5.704758620683469950e-01
4.027713115117443482e-02 4.077632163556658279e-02 2.457470273447165954e-01 6.731995198685422066e-01
4.539658640665053535e-02 3.981583342538452808e-02 1.499953017595769267e-01 7.647922784083882597e-01
4.626581505829247681e-02 3.666304660584383812e-02 8.385240478580725798e-02 8.332187335500562675e-01
4.642495426383540930e-02 3.208716946745174964e-02 4.661828568716751969e-02 8.748695905815452312e-01
4.714160203540236627e-02 2.832557468849503796e-02 2.774082488505050584e-02 8.967919983910518367e-01
4.953263218692695313e-02 2.630742968468912854e-02 1.824188247250633360e-02 9.059180556558774633e-01
5.302594104715829815e-02 2.591795818741110188e-02 1.365561674868785019e-02 9.074004840167427810e-01
5.941825073971758464e-02 2.595989458455334742e-02 1.038560418431373582e-02 9.042362504914150945e-01
6.782453208815945878e-02 2.581094649973234359e-02 8.299504898807827727e-03 8.980650165133005070e-01
7.862410974592595747e-02 2.512982885620853452e-02 6.862041125089461506e-03 8.893840202727758548e-01
9.261636650638961632e-02 2.389490621115125668e-02 5.783441426021056382e-03 8.777052858564381443e-01
1.113654822780809350e-01 2.240945472583264278e-02 4.927137633707697265e-03 8.612979253623789244e-01
1.371378137678902209e-01 2.189367722321077306e-02 4.414644380581068082e-03 8.365538646283177115e-01
1.720456439241816460e-01 2.126969482483430721e-02 3.956539183044331665e-03 8.027281220679398643e-01
2.149068660110058926e-01 2.103279430763232982e-02 3.794502349184945226e-03 7.602658373321766749e-01
2.638300326717262223e-01 2.345284545896451217e-02 3.774382515260402658e-03 7.089427393540488342e-01
3.046893144543853515e-01 2.686271912978755588e-02 4.020861238893547011e-03 6.644271051769335967e-01
3.315517725340870192e-01 3.195410675894849728e-02 4.794657600054052365e-03 6.316994631069103860e-01
3.536648468011505120e-01 4.158606055525616157e-02 5.371516418972257720e-03 5.993775762246209560e-01
3.737938706231194175e-01 5.697454692912216900e-02 6.875270206427509800e-03 5.623563122413309801e-01
3.949617731457355507e-01 8.073574060617697001e-02 9.108073914045168931e-03 5.151944123340421733e-01
4.105573685161774677e-01 1.122115756074069381e-01 1.194836757644363728e-02 4.652826882999720470e-01
4.131800949687615132e-01 1.502456515498112599e-01 1.476296701716272967e-02 4.218112864642645787e-01
3.995044192905201630e-01 1.928039722306466586e-01 1.778856931607352906e-02 3.899030391627594794e-01
3.703191683349948971e-01 2.393039485931811594e-01 2.121898505803464924e-02 3.691578980137891208e-01
3.294800855833651676e-01 2.888566499614814154e-01 2.584018863617996986e-02 3.558230758189733778e-01
9.563680114383270592e-01 2.444490621792639110e-02 6.518016943509152275e-04 1.853528064939569467e-02
2.674253272742359577e-01 1.085594667688818821e-01 7.178857044820446259e-03 6.168363489120618492e-01
2.949688765827771508e-01 1.033987176681710890e-01 7.202337047259029651e-03 5.944300687017928242e-01
3.395495716212614257e-01 9.585897451975974870e-02 6.983806009733225899e-03 5.576076478492456578e-01
4.044280514102083224e-01 8.518176286188931801e-02 6.667581356362035049e-03 5.037226043715403723e-01
4.789658900094310168e-01 7.337440686011570401e-02 6.210491837559992991e-03 4.414492112928931622e-01
5.474575050138963395e-01 6.201154840859289530e-02 5.678375790603211633e-03 3.848525707869075996e-01
6.007958050586332810e-01 5.167226599592875114e-02 5.219056357557256068e-03 3.423128725878808454e-01
6.355580842567781774e-01 4.440958095347730117e-02 4.760513535608151652e-03 3.152718212541365528e-01
6.526645994384532301e-01 3.957811305049949158e-02 4.456662813329340632e-03 3.033006246977180687e-01
6.557341446590575496e-01 3.635133913853520748e-02 4.269380130522601111e-03 3.036451360718847581e-01
6.505442062811540582e-01 3.318421926655189258e-02 4.071565346503921989e-03 3.122000091057900995e-01
6.414805040800746205e-01 2.947642406442070248e-02 3.827682290968051088e-03 3.252153895645365500e-01
6.315248925155262372e-01 2.538158664872621623e-02 3.563792408735352076e-03 3.395297284270122895e-01
6.240197738047589260e-01 2.113569785037888379e-02 3.287965955481618203e-03 3.515565623893806002e-01
6.222448246387538573e-01 1.704404136476673007e-02 2.997729206675715796e-03 3.577134047898035130e-01
6.268851733416910266e-01 1.359760283169099589e-02 2.724406811021694210e-03 3.567928170155962864e-01
6.355817411950311913e-01 1.124141091314658815e-02 2.534050892588607991e-03 3.506427969992336191e-01
6.450117529054218979e-01 9.892463780756645744e-03 2.440618887046020272e-03 3.426551644267753494e-01
6.529197658107178670e-01 9.286030538019240943e-03 2.425797487390320747e-03 3.353684061638726455e-01
6.587362350726592153e-01 9.293091247516978987e-03 2.480347887747749811e-03 3.294903257920759332e-01
6.639664990652558441e-01 9.876759150631339579e-03 2.591293212059449149e-03 3.235654485720532714e-01
6.710594512011269774e-01 1.109243502657027147e-02 2.746100960244969927e-03 3.151020128120577968e-01
6.802541588893394886e-01 1.300608583660471662e-02 2.917341464603834950e-03 3.038224138094520743e-01
6.888811807294928924e-01 1.572854669551728563e-02 3.060460185778014156e-03 2.923298123892117961e-01
6.898690515510077503e-01 2.011749884770305807e-02 3.251545924027464136e-03 2.867619036772614538e-01
6.728970064247655758e-01 2.858060255761437837e-02 3.770274797354507615e-03 2.947521162202655365e-01
6.320495652310174073e-01 4.582281226082384612e-02 4.941210216189593704e-03 3.171864122919690887e-01
5.722996109640327012e-01 7.484668630292276581e-02 7.293789256845073163e-03 3.455599134761991875e-01
5.002586414858911645e-01 1.238311513099335376e-01 1.135793266884917163e-02 3.645522745353264038e-01
4.298751248410618842e-01 1.913648694028849406e-01 1.715313199655234613e-02 3.616068737595010130e-01
3.631358867057267181e-01 2.766402716598526101e-01 2.431304244313613888e-02 3.359107991912845814e-01
3.034465750409842677e-01 3.662879420489381643e-01 3.153330103757692043e-02 2.987321818725005573e-01
2.485873144534905543e-01 4.548758154512110297e-01 3.871371646007563949e-02 2.578231536352229569e-01
1.989027211338804113e-01 5.402582026349735944e-01 4.548295477701368161e-02 2.153561214541326041e-01
1.531013979308091522e-01 6.244022332669515452e-01 5.076641616629135739e-02 1.717299526359479800e-01
1.111595703539842717e-01 7.086790649331049519e-01 5.250336815320676837e-02 1.276579965597038069e-01
7.462204168591189679e-02 7.904957154648432072e-01 4.893673560273961026e-02 8.594550724650606988e-02
4.727845896191348180e-02 8.586518383418463296e-01 4.208648525527665385e-02 5.198321744096316005e-02
3.000004639145295582e-02 9.040110362313299452e-01 3.683676561391444754e-02 2.915215176330282487e-02
2.038000990954931882e-02 9.283288608264347319e-01 3.528406392004645314e-02 1.600706534396906938e-02
1.557703307717898944e-02 9.390884041831915052e-01 3.627872102617667877e-02 9.055841713452805752e-03
1.266333769520908148e-02 9.430508864852356066e-01 3.893228047265533814e-02 5.353495346900122125e-03
1.102127318404605080e-02 9.429399169638491562e-01 4.272048357632236837e-02 3.318326275782637093e-03
1.004386664471236014e-02 9.405480736703270006e-01 4.726936197642556819e-02 2.138697708535250170e-03
9.529889317291461923e-03 9.373050552417788728e-01 5.173369902852437141e-02 1.431356412405435487e-03
9.408242225935279854e-03 9.345840028368911367e-01 5.501049102037341293e-02 9.972639167999356336e-04
9.576888528808027296e-03 9.335493220951991411e-01 5.615387656150643697e-02 7.199128144865188806e-04
9.889879704983700615e-03 9.354301450198569956e-01 5.414479045526460199e-02 5.351848198947187045e-04
1.020488289937610676e-02 9.412033697521215991e-01 4.818335272418346193e-02 4.083946243187365943e-04
1.070297680277437075e-02 9.498935451423824450e-01 3.907830766724646604e-02 3.251703875969546458e-04
1.239454745306237116e-02 9.577824730205178883e-01 2.953644918065853608e-02 2.865303457611741503e-04
1.671154045102365635e-02 9.610277324272139543e-01 2.197317170849660828e-02 2.875554132658225443e-04
2.351720363761533594e-02 9.595865804351532136e-01 1.658811269206268008e-02 3.081032351689754942e-04
3.866127504435475787e-02 9.475419560463230750e-01 1.342048412731923837e-02 3.762847820028230694e-04
6.430033019701847374e-02 9.238969903926842475e-01 1.130615427626483448e-02 4.965251340326042907e-04
1.095518749557171934e-01 8.793827789384178750e-01 1.032356451940355697e-02 7.417815864614724346e-04
1.826434149226608405e-01 8.061634816466716202e-01 1.002625975520551709e-02 1.166843675461835426e-03
2.733620883471540308e-01 7.149021383001602503e-01 9.984819686739785510e-03 1.750953665946076900e-03
3.674405367963020641e-01 6.205426542291490044e-01 9.670476930318574679e-03 2.346332044230116983e-03
4.520156438084889650e-01 5.358785115412485478e-01 9.207860940891402987e-03 2.897983709371026572e-03
5.160596484357867775e-01 4.715093546169530914e-01 8.930920523719618198e-03 3.500076423540676024e-03
5.543813845925349426e-01 4.323310091837448410e-01 8.998015664278042128e-03 4.289590559442366807e-03
5.703598588071208120e-01 4.149509015817968161e-01 9.366301284458906570e-03 5.322938326623427238e-03
5.725404883340675655e-01 4.108832784001358318e-01 9.972708892045144616e-03 6.603524373751489332e-03
5.719306656015781254e-01 4.091917395520457412e-01 1.075353345494659864e-02 8.124061391429401174e-03
5.784756811830034096e-01 3.996887183331013227e-01 1.197466893465391931e-02 9.860931549241488958e-03
6.032203835150151683e-01 3.729621538763834843e-01 1.229885947650246301e-02 1.151860313209893648e-02
6.454262584859182805e-01 3.295163074902410782e-01 1.202442280057295677e-02 1.303301122326773649e-02
6.956287322022620678e-01 2.790081202954859396e-01 1.108543217721511508e-02 1.427771532503670400e-02
7.401502932619475894e-01 2.352789802441794531e-01 9.658946689967844862e-03 1.491177980390518028e-02
7.748005718912277517e-01 2.028569720742390003e-01 7.984532345824572885e-03 1.435792368870869931e-02
1.714474764621643985e-02 8.676385337322594093e-01 5.033619017612420143e-02 6.488052844540002917e-02
2.267557175510161172e-02 8.490805790367537131e-01 6.158554882148836729e-02 6.665830038665623847e-02
2.784504998753193489e-02 8.220673219196709125e-01 8.034564169876935724e-02 6.974198639402814925e-02
3.410679420901262943e-02 7.827877492149031280e-01 1.079493500247633159e-01 7.515610655132076712e-02
4.104251495005014488e-02 7.349580358520849677e-01 1.417971287900747224e-01 8.220232040779024141e-02
4.656378027015318360e-02 6.867862311997304792e-01 1.776448986778575712e-01 8.900508985225848158e-02
5.151383240711596145e-02 6.430667140692829520e-01 2.120073383418062396e-01 9.341211518179491635e-02
5.316328432802528564e-02 6.138973617727898624e-01 2.399016987681191759e-01 9.303765513106597440e-02
5.270678312248491815e-02 5.999721502248266392e-01 2.578715312780555102e-01 8.944953537463290472e-02
5.207829360055662993e-02 5.963331292014357743e-01 2.662679438142737665e-01 8.532063338373371830e-02
5.162201460464269087e-02 5.978009572586995279e-01 2.692906774684914462e-01 8.128635066816637667e-02
5.114776658936145970e-02 6.021509104357729569e-01 2.693963636283291385e-01 7.730495934653658363e-02
5.020355827652644987e-02 6.088257263376349870e-01 2.677492101935781688e-01 7.322150519226046372e-02
4.864149604085764300e-02 6.173790341135236837e-01 2.647259805257752840e-01 6.925348931984318113e-02
4.742772682595225442e-02 6.256743656183656466e-01 2.601359860215209374e-01 6.676192153416132813e-02
4.748853008538757303e-02 6.328832587205313054e-01 2.530279198569907462e-01 6.660029133709037541e-02
4.853582008246721397e-02 6.399534132925149832e-01 2.445396601910606038e-01 6.697110643395719209e-02
4.997527088568427117e-02 6.459750951090089677e-01 2.379415624894898329e-01 6.610807151581715724e-02
5.129376459723249820e-02 6.500808529613885112e-01 2.338074850652233083e-01 6.481789737615564762e-02
5.197863379928744504e-02 6.538472450936640978e-01 2.302365388553740122e-01 6.393758225167450737e-02
5.189291060024989188e-02 6.605139962647719187e-01 2.241357493286110225e-01 6.345734380636704197e-02
5.103764305390467992e-02 6.723736110772685626e-01 2.136075521930048127e-01 6.298119367582191708e-02
4.959098349012548007e-02 6.900849230576096005e-01 1.980933973232478496e-01 6.223069612901658415e-02
9.724618776271673481e-02 5.982272423853123300e-01 1.143509004820519037e-01 1.901756693699190870e-01
8.214880453698382434e-02 6.369876883387229904e-01 1.060194763734302187e-01 1.748440307508628833e-01
7.109313583017740079e-02 6.664910747252812406e-01 9.724832952947636000e-02 1.651674599150648182e-01
6.535886728509060495e-02 6.846126669947125709e-01 8.967110268345854229e-02 1.603573630367382263e-01
6.464597865930386822e-02 6.903907348497725360e-01 8.338827897141404266e-02 1.615750075195095392e-01
6.754143265810001739e-02 6.846754237643850605e-01 7.812606220142104263e-02 1.696570813760939211e-01
7.238538504260574880e-02 6.695289176347283266e-01 7.397960726986506363e-02 1.841060900528008748e-01
7.741864710142501438e-02 6.484319443748938205e-01 7.145230058983427501e-02 2.026971079338470150e-01
8.029572024637468552e-02 6.273905483649286907e-01 7.123848893790575565e-02 2.210752424507906044e-01
7.833209993997845844e-02 6.137812796215438294e-01 7.427893370016189212e-02 2.336076867383156397e-01
7.040655595817942036e-02 6.121787973528681759e-01 8.175169233573915950e-02 2.356629543532132165e-01
5.942398276709634497e-02 6.192461516076820383e-01 9.400805530396921794e-02 2.273218103212524266e-01
5.048167106801949855e-02 6.260208117168263309e-01 1.087883652026711695e-01 2.147091520124830288e-01
4.589270471934598500e-02 6.287042085819525283e-01 1.217162679064942160e-01 2.036868187922070972e-01
4.485259179088003922e-02 6.322264749057785460e-01 1.296326120359684586e-01 1.932883212673726092e-01
4.502799085621148750e-02 6.442143968433704515e-01 1.328130597769913157e-01 1.779445525234271963e-01
4.313910985502401874e-02 6.690417566089689183e-01 1.340368194339423558e-01 1.537823141020644713e-01
3.760594839543850848e-02 7.016333390382101243e-01 1.374949665918246966e-01 1.232657459745269690e-01
2.868163009431620031e-02 7.353381994234960972e-01 1.431013090897181039e-01 9.287886139246975814e-02
1.959060830128471833e-02 7.586132147610078480e-01 1.542629906686544539e-01 6.753318626905301103e-02
1.319308755899095513e-02 7.659439342886614766e-01 1.724965156417040679e-01 4.836646251064373458e-02
7.889351426491502881e-03 7.583194806960058543e-01 1.989156706604930935e-01 3.487549721700923533e-02
5.309584394176464911e-03 7.277711542166465097e-01 2.405858740437052390e-01 2.633338734547180024e-02
3.415033307170822676e-03 6.678647052481143653e-01 3.067476700340048268e-01 2.197259141071021202e-02
2.379506761269963282e-03 5.737789872238864275e-01 4.026502814853385459e-01 2.119122452950502472e-02
1.760130687891613621e-03 4.555846437480329247e-01 5.199662263601503298e-01 2.268899920392547509e-02
1.280603208038851720e-03 3.318731497549439746e-01 6.428080421993523919e-01 2.403820483766484079e-02
8.790514636478833754e-04 2.244116891395940006e-01 7.503992826967170737e-01 2.430997670004093197e-02
5.989112814273804628e-04 1.475654758612562067e-01 8.272620397196124298e-01 2.457357313770426252e-02
4.386270100326713898e-04 1.004141742237708024e-01 8.726436422887884348e-01 2.650355647740774284e-02
3.779004150201937455e-04 7.522059090723380581e-02 8.915041785663214702e-01 3.289733011142472602e-02
4.651932431705389109e-04 6.779014257012591638e-02 8.796251564444332871e-01 5.211950774227024075e-02
9.207396697395911055e-04 7.970116575000210646e-02 8.097250765309068621e-01 1.096530180493516526e-01
1.905797422844645239e-03 1.052324587397072686e-01 6.466428642848282005e-01 2.462188795526201179e-01
2.539204581281159692e-03 1.156325277114103878e-01 4.397873269481598624e-01 4.420409407591483486e-01
2.383175265842382793e-03 1.022565132386980824e-01 2.797205035071149704e-01 6.156398079883446117e-01
2.106242471517490774e-03 8.293850963210565308e-02 1.824948627023555703e-01 7.324603851940214572e-01
2.018360820075912419e-03 6.954875709425616115e-02 1.274325073395145003e-01 8.010003747461531542e-01
2.108587181796233757e-03 6.554330195677574022e-02 9.728161595412747331e-02 8.350664949073007826e-01
2.354964066803365112e-03 7.268885185575191255e-02 8.190395965314781201e-02 8.430522244242967256e-01
2.808569710718835256e-03 9.300916699035560731e-02 7.358934387174927150e-02 8.305929194271759464e-01
3.596344061805774924e-03 1.264388078658559567e-01 6.629190908106959157e-02 8.036729389912683486e-01
4.751179417560364229e-03 1.674096857127508053e-01 5.784408930544682192e-02 7.699950455642418090e-01
6.137392743022732078e-03 2.070979286157307031e-01 4.962471545313595911e-02 7.371399631881105918e-01
7.520483175242264826e-03 2.393809345808888822e-01 4.369491896127265101e-02 7.094036632825966304e-01
8.870373481488358705e-03 2.664102149234098271e-01 4.112950802905190884e-02 6.835899035660500944e-01
1.043114541879369347e-02 2.977069433147860322e-01 4.229693126527816344e-02 6.495649800011420449e-01
1.212290040341711984e-02 3.426406845566375980e-01 4.719375263393363329e-02 5.980426624060116714e-01
1.343093245207035817e-02 4.023097153360223333e-01 5.492159066407622386e-02 5.293377615478308540e-01
1.436746313645809875e-02 4.676352223422347576e-01 6.337415598970946862e-02 4.546231585315976820e-01
1.568638043073242172e-02 5.284195362135903906e-01 7.054127993868092306e-02 3.853528034169962369e-01
1.793986071248657166e-02 5.832607179720331603e-01 7.531054650218040047e-02 3.234888748132997427e-01
2.236148902142697306e-02 6.311623343187147128e-01 7.774866461600615786e-02 2.687275120438520903e-01
2.907614693306341883e-02 6.678824333911592692e-01 7.860644858776105748e-02 2.244349710880158277e-01
3.917274111882425996e-02 6.887654381685368588e-01 8.031537766006417722e-02 1.917464430525750163e-01
5.280257606223134892e-02 6.944989843486431003e-01 8.516357626149717586e-02 1.675348633276281807e-01
6.924137309757280589e-02 6.907040781978740496e-01 9.375764809020190049e-02 1.462969006143509665e-01
8.892747300003396582e-02 6.819296393730304162e-01 1.045676268513901219e-01 1.245752607755456765e-01
1.171622699034741699e-01 6.641339780904195189e-01 1.143008179225869919e-01 1.044029340835192221e-01
1.661211270634257164e-01 6.264884802544600229e-01 1.173773246151183502e-01 9.001306806699597984e-02
2.537355797506506416e-01 5.554512344609130459e-01 1.077731911791388469e-01 8.303999460929735454e-02
3.902498524690021231e-01 4.434254054323099603e-01 8.499349209786268011e-02 8.133125000082527811e-02
5.506177781141610161e-01 3.123853662566117295e-01 5.692164908868255213e-02 8.007520654054466058e-02
6.829796594519896846e-01 2.055090811716786259e-01 3.464737624712019987e-02 7.686388312921130228e-02
7.580515391135035363e-01 1.447225669715149210e-01 2.256790591325187958e-02 7.465798800172954164e-02
7.890113603855458679e-01 1.172714045748221023e-01 1.681294458579532525e-02 7.690429045383626039e-02
7.898215275731309548e-01 1.098523454075009953e-01 1.427546962073552965e-02 8.605065739863244911e-02
7.702067028232860713e-01 1.132914472831721142e-01 1.309004652678237915e-02 1.034118033667591058e-01
7.324040030373402121e-01 1.252929479882509411e-01 1.276185555881705243e-02 1.295411934155917266e-01
6.835088442426967559e-01 1.410573252959343160e-01 1.287563515644439723e-02 1.625581953049245187e-01
6.316394413025809840e-01 1.566788245552301895e-01 1.333804982240599339e-02 1.983436843197831922e-01
5.854607118599750581e-01 1.682103923660305811e-01 1.405458061796233463e-02 2.322743151560319741e-01
5.475250448508010015e-01 1.736457004348856414e-01 1.495739221648780329e-02 2.638718624978254601e-01
5.120673457761226732e-01 1.745752408750616269e-01 1.605620599941215074e-02 2.973012073494037399e-01
4.735564574524886994e-01 1.743044418604693668e-01 1.745590654030400660e-02 3.346831941467380278e-01
4.337874409283803412e-01 1.753862679765875454e-01 1.919889331935588708e-02 3.716273977756761604e-01
3.988551043456894374e-01 1.792852603120897448e-01 2.114335028861023466e-02 4.007162850536107879e-01
3.709114355740419366e-01 1.854028729079892635e-01 2.294325596791920926e-02 4.207424355500493096e-01
3.474566854736184651e-01 1.919349091963356846e-01 2.424984937819395225e-02 4.363585559518517454e-01
3.267837408679253319e-01 1.993097928201938152e-01 2.510945790786000067e-02 4.487970084040209251e-01
3.098076517981307454e-01 2.089170326106205011e-01 2.574319374673315897e-02 4.555321218445155806e-01
2.971794733402102762e-01 2.213946987587294690e-01 2.631736997814590820e-02 4.551084579229144333e-01
2.874076792669800762e-01 2.360160571819200637e-01 2.680776149437631359e-02 4.497685020567233627e-01
2.794702935900964524e-01 2.516181436665921867e-01 2.700430282834682949e-02 4.419072599149645453e-01
2.742979903539115583e-01 2.659996307617545908e-01 2.663826790534709610e-02 4.330641109789866716e-01
2.732813008881828098e-01 2.755404980081448407e-01 2.552732188540204200e-02 4.256508792182702727e-01
2.781289448314958612e-01 2.775752368105206536e-01 2.369580277115654679e-02 4.206000155868266366e-01
2.915930364898364768e-01 2.715138319154991597e-01 2.141324583713609744e-02 4.154798857575282001e-01
3.145719268527390478e-01 2.590282198887162157e-01 1.902549694951004289e-02 4.073743563090346798e-01
