7.578010446750802487e-01 8.983841393721611612e-02 3.160245291163339427e-03 1.492002960965400638e-01
5.343876251797828880e-01 3.504980966686233046e-01 2.513229491408488191e-03 1.126010486601855404e-01
5.671217709969574861e-01 3.349502561909472598e-01 1.950605545431663380e-03 9.597736726666346307e-02
5.849597081378002938e-01 3.318126143249389703e-01 1.586750399684208526e-03 8.164092713757654940e-02
5.820259369084150869e-01 3.457843736230888365e-01 1.404108376302863267e-03 7.078558109219341976e-02
5.510760770288781751e-01 3.850754507364545498e-01 1.353371458608953462e-03 6.249510077605818087e-02
4.975535458684797741e-01 4.462269458834914326e-01 1.421189137640546316e-03 5.479831911038827996e-02
4.290178431426634464e-01 5.234958108570527680e-01 1.572274836328006438e-03 4.591407116395601617e-02
3.527326075964612451e-01 6.097129602121990066e-01 1.747182921690982335e-03 3.580724926964881649e-02
2.677062052152125449e-01 7.045432699713413127e-01 1.943123875352636021e-03 2.580740093809369071e-02
1.859017259663667543e-01 7.945165431545224699e-01 2.167147110583566086e-03 1.741458376852744738e-02
1.201226565818479392e-01 8.658981861998317209e-01 2.408753023479524337e-03 1.157040419484090324e-02
7.771023719314559819e-02 9.113026734397409179e-01 2.773857255205302869e-03 8.213232111908106911e-03
5.151653547610470646e-02 9.385224499078030913e-01 3.536293284264778632e-03 6.424721331827434011e-03
3.587225833487087817e-02 9.534344737628454025e-01 5.086990715065235757e-03 5.606277187218332639e-03
2.696989745346097325e-02 9.595718731106877009e-01 7.994394998683259507e-03 5.463834437168076791e-03
2.232737628361354185e-02 9.590658804276294136e-01 1.277648457914170275e-02 5.830258709615271547e-03
2.003207966789979227e-02 9.545071858981719615e-01 1.897357352590725924e-02 6.487160908021062482e-03
1.892684109238811085e-02 9.494242011170831441e-01 2.444980166989480647e-02 7.199156120634116370e-03
1.850525709501758473e-02 9.466600175643954396e-01 2.698968584250888841e-02 7.845039498078069939e-03
1.888167987465453473e-02 9.461015278171668319e-01 2.659787847290639995e-02 8.418913835272131066e-03
1.938115399303945441e-02 9.469483398213870418e-01 2.490334130707429552e-02 8.767164878499218716e-03
2.234774121299606606e-02 9.453487883736186870e-01 2.328789622988483576e-02 9.015574183500497940e-03
2.736537019114327479e-02 9.411189506681404415e-01 2.258883338752256179e-02 8.926845753193510258e-03
3.451135311445291398e-02 9.337972269923604518e-01 2.328668001877902405e-02 8.404739874407193834e-03
4.322803214209449546e-02 9.235106088351276998e-01 2.573536787516457827e-02 7.525991147613560368e-03
5.322804080866020554e-02 9.100573407802091674e-01 3.007515101664367391e-02 6.639467394487022500e-03
6.520486249053705774e-02 8.932154296910591595e-01 3.557058581045852846e-02 6.009122007945238639e-03
8.070249933621692628e-02 8.733779302418148704e-01 4.036136452432705773e-02 5.558205897641457782e-03
1.047917427407906860e-01 8.473116742815035574e-01 4.264414669343599695e-02 5.252436284269716357e-03
1.482033992732028627e-01 8.046063252787125641e-01 4.207088088751167326e-02 5.119394560572716052e-03
2.190820193030187102e-01 7.379567120861401097e-01 3.798376118679600705e-02 4.977507424045349987e-03
3.230792444662063390e-01 6.412200781716358433e-01 3.100224658751155396e-02 4.698430774646241218e-03
4.318118939777589871e-01 5.408099263160918158e-01 2.314055135674249544e-02 4.237628349406608909e-03
5.181801236706740088e-01 4.610761790087054002e-01 1.695831641160359601e-02 3.785380909017092583e-03
5.786372024227010025e-01 4.057195870918672287e-01 1.222985091684017367e-02 3.413359568591445119e-03
6.160322416256792666e-01 3.716939142556622278e-01 9.024176979786404859e-03 3.249667138872249991e-03
6.385345135905615699e-01 3.511513342907059965e-01 6.972863559566294493e-03 3.341288559166339517e-03
6.515791704415337948e-01 3.389280605001721569e-01 5.755298516878936191e-03 3.737470541415285983e-03
6.589091432861408082e-01 3.315725498561878926e-01 5.081492134896740433e-03 4.436814722774776523e-03
6.649814506313803664e-01 3.249175286466004509e-01 4.749246218414373763e-03 5.351774503604897482e-03
6.739243156518155420e-01 3.149513160374347587e-01 4.665916107981279287e-03 6.458452202768715823e-03
6.867912482784122030e-01 3.004596427154125338e-01 4.821351106037278546e-03 7.927757900138188499e-03
7.019171733663207569e-01 2.829513796372066237e-01 5.204449540656263563e-03 9.926997455816492094e-03
7.169056964550882816e-01 2.647930763360960560e-01 5.797673526262450867e-03 1.250355368255317082e-02
7.293195425191961734e-01 2.483408255804055720e-01 6.640399170523733109e-03 1.569923272987412688e-02
7.380090854863661232e-01 2.349578539575335190e-01 7.720622567959017392e-03 1.931243798814133092e-02
7.448827931034700534e-01 2.236893314217791029e-01 8.817065824826992096e-03 2.261080964992370421e-02
7.534795415802849616e-01 2.118137075464525398e-01 9.697552691321822613e-03 2.500919818194054234e-02
7.661210883372711056e-01 1.969991137956884353e-01 1.039088793447561637e-02 2.648890993256472828e-02
7.824470027065979494e-01 1.793451094506761934e-01 1.112631753616823323e-02 2.708157030655794495e-02
7.987616985405626702e-01 1.621689940188980605e-01 1.224235486920684061e-02 2.682695257133231592e-02
8.100990712218849588e-01 1.497507371990507985e-01 1.419795374083926073e-02 2.595223783822513119e-02
8.133139524636409101e-01 1.446851060145363799e-01 1.740635790534033125e-02 2.459458361648234059e-02
8.076970800011517015e-01 1.474284730257799381e-01 2.194683519594523707e-02 2.292761177712311985e-02
7.952474962475714060e-01 1.562390301898982370e-01 2.720727209928715251e-02 2.130620146324350983e-02
7.804840778400728984e-01 1.677829381418965426e-01 3.195890237652970062e-02 1.977408164150125033e-02
7.654226527039869055e-01 1.809797924245671596e-01 3.549188088190219359e-02 1.810567398954348109e-02
7.465432806152677570e-01 1.985304985796993993e-01 3.843135342599730830e-02 1.649486737903550077e-02
7.193926854468115639e-01 2.231857200077106418e-01 4.206560866879784089e-02 1.535598587667999851e-02
6.810821310500154713e-01 2.563658385597702427e-01 4.783681941476554400e-02 1.471521097544868997e-02
6.264700790854250689e-01 3.011114896592181900e-01 5.798995343816568809e-02 1.442847781719113626e-02
5.483026015517106222e-01 3.614459697181147124e-01 7.586367138546605549e-02 1.438775734470855265e-02
4.458063532004448160e-01 4.359158440536381462e-01 1.039683274491345760e-01 1.430947529678248085e-02
3.329596522227874500e-01 5.146477042790873480e-01 1.384755394020573682e-01 1.391710409606779393e-02
2.432814567819875651e-01 5.752668254094301936e-01 1.677861413821767345e-01 1.366557642640544440e-02
1.898434488165653411e-01 6.183573688955951164e-01 1.779554209541157894e-01 1.384376133372384847e-02
1.654476205083723894e-01 6.528495836017312870e-01 1.674886499533556894e-01 1.421414593654038612e-02
1.607290429384986563e-01 6.777117057295229952e-01 1.469037467274073028e-01 1.465550460457091739e-02
1.717291708361252944e-01 6.851450619277017484e-01 1.276781366790462890e-01 1.544763055712661780e-02
1.980043978942043204e-01 6.687574745782217667e-01 1.162477473416208412e-01 1.699038018595278726e-02
2.400109916164234192e-01 6.263904045307248092e-01 1.139641513984456234e-01 1.963445245440601991e-02
4.985940678966954004e-02 8.982439832605670915e-01 1.195525338323622389e-03 5.070108461143993384e-02
3.217279829322984286e-01 1.040856891518646271e-01 9.605507644995037522e-03 5.645808202708421097e-01
2.913508546183836700e-01 1.049124257832914214e-01 8.922058094399320030e-03 5.948146615039254792e-01
2.637205239703394599e-01 1.042220747160050726e-01 7.971727858973251535e-03 6.240856734546822437e-01
2.414640187232168778e-01 9.861990792664153405e-02 6.812926990047115869e-03 6.531031463600944775e-01
2.250673313382456631e-01 8.835613480523568652e-02 5.586836304822395162e-03 6.809896975516962492e-01
2.150922925584569656e-01 7.683755792995777822e-02 4.451210528264510843e-03 7.036189389833207297e-01
2.170772800291523030e-01 6.506164602624416038e-02 3.585431386419117659e-03 7.142756425581848756e-01
2.342213943080050376e-01 5.646808743151090354e-02 3.087873920427549809e-03 7.062226443400565490e-01
2.634100813612086922e-01 5.147663210667374062e-02 2.899997274062111625e-03 6.822132892580554664e-01
2.929772665942200205e-01 4.864496460437774811e-02 2.839992238753414992e-03 6.555377765626489994e-01
3.134392974294250012e-01 4.679221215825484642e-02 2.767343713611333886e-03 6.370011466987085536e-01
3.238876571492688150e-01 4.568664696210986836e-02 2.658963242438551738e-03 6.277667326461828790e-01
3.285483600668752668e-01 4.520717788138610416e-02 2.542964707703717232e-03 6.237014973440346832e-01
3.342764032547082542e-01 4.474077851223162705e-02 2.427427701901765239e-03 6.185553905311585998e-01
3.467977322987875199e-01 4.308139395761059059e-02 2.276580544837792774e-03 6.078442931987644293e-01
3.683275703682532543e-01 3.926284370967276366e-02 2.047386721293145001e-03 5.903621992007807018e-01
4.005785137632689175e-01 3.387624145900396122e-02 1.763190753558371935e-03 5.637820540241688105e-01
4.462589159088227730e-01 2.864295554036477495e-02 1.505384987637857367e-03 5.235927435631745341e-01
5.029143530547166563e-01 2.413979027605463873e-02 1.706399519400173415e-03 4.712394571498287887e-01
5.649991320377594217e-01 2.146562268822789499e-02 1.495860440028977129e-03 4.120393848339835574e-01
6.232859949413943612e-01 1.949806473431276235e-02 1.287164447611755967e-03 3.559287758766812027e-01
6.719068109318337978e-01 1.785019689148800021e-02 1.072694027530533530e-03 3.091702981491477042e-01
7.084928165570665293e-01 1.616690679199916242e-02 8.477565051662702168e-04 2.744925201457679709e-01
7.346050138121540396e-01 1.456380994744668929e-02 6.382504271448593419e-04 2.501929258132541967e-01
7.552921248589833381e-01 1.360492617363350670e-02 4.806929272119866720e-04 2.306222560401712252e-01
7.749153726005336695e-01 1.359356896331466794e-02 3.782769581734136402e-04 2.111127814779781287e-01
7.935289223894583799e-01 1.438494147219133816e-02 3.143847260944523220e-04 1.917717514122559141e-01
8.085825306062651707e-01 1.567957378427516785e-02 2.755261849873093293e-04 1.754623694244726029e-01
8.174375634939573532e-01 1.757409856811381621e-02 2.588699095322774058e-04 1.647294680283967472e-01
8.177271122946316861e-01 2.088744655162301511e-02 2.706109905182483275e-04 1.611148301632271962e-01
8.054865182539293622e-01 2.725118729975514395e-02 3.240516287106478383e-04 1.669382428176048039e-01
7.732134020573063760e-01 3.957089783840767039e-02 4.426235049836254524e-04 1.867730765993023123e-01
7.094184687822510105e-01 6.250942727835503976e-02 6.636309916488625400e-04 2.274084729477450217e-01
6.036303494734316377e-01 1.003545301725083799e-01 1.049074400096621298e-03 2.949660459539634183e-01
4.633223854331318114e-01 1.469918767272173910e-01 1.397470011038786470e-03 3.882882678286122546e-01
3.173708989663314162e-01 1.843849057276511216e-01 2.071838719926779107e-03 4.961723565860909901e-01
1.990316717272919700e-01 1.951939364365650464e-01 2.562705815007786277e-03 6.032116860211351739e-01
1.208495558282648152e-01 1.847995863030093000e-01 2.602521969465761142e-03 6.917483358992601028e-01
7.591621441408728799e-02 1.685124097486162542e-01 2.449595682396979793e-03 7.531217801548993895e-01
5.099145124967847942e-02 1.533146135269182198e-01 2.323455726751941924e-03 7.933704794966512930e-01
3.640744227866675453e-02 1.394482941428931422e-01 2.230938545590929224e-03 8.219133250328490847e-01
2.761858176601475132e-02 1.263731394688293042e-01 2.136529595940182911e-03 8.438717491692159234e-01
2.298409948947160303e-02 1.154264464873613200e-01 2.044224040845723372e-03 8.595452299823215236e-01
2.112572788105566632e-02 1.075874586488296120e-01 1.943398232187053699e-03 8.693434152379275748e-01
2.055479390564696890e-02 1.021284332351528323e-01 1.804696101881903903e-03 8.755120767573181251e-01
2.069177245623754144e-02 9.871270661440212368e-02 1.649644253424884400e-03 8.789458766759352670e-01
2.174359537075384874e-02 9.731970356389497978e-02 1.529076419614828000e-03 8.794076246457366297e-01
2.409418606976811497e-02 9.711298723628629392e-02 1.468325191857830980e-03 8.773245015020877391e-01
2.806702752757150171e-02 9.718779157073145769e-02 1.473269615499197540e-03 8.732719112861978550e-01
3.409789561220086251e-02 9.745339412244127808e-02 1.556102917736397690e-03 8.668926073476215244e-01
4.258029075914025047e-02 9.731423801897486070e-02 1.719552977600802019e-03 8.583859182442840075e-01
5.430199152789608880e-02 9.561005501004120333e-02 1.969224495517672355e-03 8.481187289665452766e-01
7.081704092527094097e-02 9.207731684074151046e-02 2.331502157514554405e-03 8.347741400764731035e-01
9.347758963467547866e-02 8.798222965459287503e-02 2.838588963403863592e-03 8.157015917473277034e-01
1.228791529371078411e-01 8.596264450147177161e-02 3.543896849488667282e-03 7.876143057119314728e-01
1.559328628461556232e-01 8.773139323431526637e-02 4.498123081404290131e-03 7.518376208381251091e-01
1.844127998860989881e-01 9.307503973485339865e-02 5.745843760030170354e-03 7.167663166190175739e-01
2.018669447638641867e-01 1.013587517317168646e-01 7.368607952026164608e-03 6.894056955523929497e-01
2.088908387283179013e-01 1.125755684957012309e-01 9.441208892510894596e-03 6.690923838834699211e-01
2.095820025021801758e-01 1.272549283129145170e-01 1.193151470595911999e-02 6.512315544789459842e-01
2.072744313582927100e-01 1.460921460548136042e-01 1.461176704045839998e-02 6.320216555464353014e-01
2.041916622600876696e-01 1.690560190797474882e-01 1.701438949803270317e-02 6.097379291621323194e-01
2.009349533756896733e-01 1.937165592275273962e-01 1.868417774722627364e-02 5.866643096495565146e-01
1.979370097318389754e-01 2.159854064857288092e-01 1.965204102061857486e-02 5.664255427618138938e-01
1.967586927738664004e-01 2.338437790411485862e-01 2.023794400768662641e-02 5.491595841772984876e-01
1.985961685384249886e-01 2.483618000956151484e-01 2.055256668747973067e-02 5.324894646784800178e-01
2.028388583940625989e-01 2.607363663735571824e-01 2.039998664363194825e-02 5.160247885887483399e-01
2.060375638033862533e-01 2.711662805920034280e-01 1.957711444170735782e-02 5.032190411629031690e-01
2.044251650012910704e-01 2.791880700721766639e-01 1.827676333921789478e-02 4.981100015873145548e-01
1.969669333572614534e-01 2.842607064499517167e-01 1.683924296952946445e-02 5.019331172232576188e-01
1.872383210068125081e-01 2.883054939820953733e-01 1.538592740565708321e-02 5.090702576054351169e-01
4.236348419825021749e-01 3.373052363199933179e-01 8.950025813761869342e-02 1.495596635598860080e-01
1.423130143201243869e-01 8.228241669827638383e-01 1.284417339897842361e-02 2.201864529813350735e-02
1.607982943733478054e-01 7.927813391051188319e-01 1.359776722025542520e-02 3.282259930127785774e-02
1.792548250160542755e-01 7.532646432193871311e-01 1.649245649553001541e-02 5.098807526902857795e-02
1.985736812345184066e-01 6.974194013456230801e-01 2.234812512233468051e-02 8.165879229752379120e-02
2.285959438606151861e-01 6.120517973671042444e-01 2.984612417234082035e-02 1.295061345999398705e-01
2.667037313947182020e-01 5.027315257279255656e-01 3.667845454968191726e-02 1.938862883276741833e-01
3.037850392619018680e-01 3.876478640744482895e-01 3.967173658548737297e-02 2.688953600781622266e-01
3.315277930725960553e-01 2.850588210278092727e-01 3.704407626190578395e-02 3.463693096376888603e-01
3.488535789194826542e-01 2.047174291231205756e-01 2.971545398973035254e-02 4.167135379676664697e-01
3.608607912693624353e-01 1.489695643965773808e-01 2.102107610679525285e-02 4.691485682272650282e-01
3.760089861807116018e-01 1.119714762214860382e-01 1.393572610642684027e-02 4.980838114913755943e-01
3.933419716679407152e-01 9.032274649467603167e-02 9.745809315913251530e-03 5.065894725214700189e-01
4.114733860639004925e-01 7.792052878226971013e-02 7.597560764129237046e-03 5.030085243897003400e-01
4.293978986300903133e-01 7.086159051547356869e-02 6.583568134151110939e-03 4.931569427202850409e-01
4.458169749543992033e-01 6.667575294358010773e-02 6.169975687681001839e-03 4.813372964143398103e-01
4.588092750436734146e-01 6.324730043625803599e-02 6.016689675493574682e-03 4.719267348445750909e-01
4.681308573768706016e-01 5.895031493082593388e-02 5.878874103571555924e-03 4.670399535887320708e-01
4.765654290509555580e-01 5.330540945686967902e-02 5.648381110518649849e-03 4.644807803816559666e-01
4.888272211184103710e-01 4.688526128093811751e-02 5.346771644588826922e-03 4.589407459560627123e-01
5.081473512982844776e-01 4.056331101577464321e-02 5.023625176900969012e-03 4.462657125090399024e-01
5.330026872020641182e-01 3.468687790422832901e-02 4.673716240270828041e-03 4.276367186534366094e-01
5.581684065200316347e-01 2.939731751576286564e-02 4.296038316019540684e-03 4.081382376481860752e-01
5.751809942707010181e-01 2.505788910278670262e-02 3.963513141016838937e-03 3.957976034854954195e-01
5.746910241807434705e-01 2.194033771969523816e-02 3.773830665958712374e-03 3.995948074336024836e-01
5.510617763607094099e-01 2.005420778280139066e-02 3.797030886578142347e-03 4.250869849699110414e-01
5.052894808646699598e-01 1.911283041185746212e-02 4.060427185582077617e-03 4.715372615378906063e-01
4.438100094444067945e-01 1.877443361937103025e-02 4.597801989319565824e-03 5.328177549469026442e-01
3.743760066881062221e-01 1.896009750305004474e-02 5.544368144300687758e-03 6.011195276645432406e-01
3.036846244896380109e-01 1.991691741535949606e-02 7.255555855554548551e-03 6.691429022394478343e-01
2.303803338458046135e-01 2.163116734744292835e-02 1.062905225414349612e-02 7.373594465526089881e-01
1.628389300680613827e-01 2.376792396818725589e-02 1.658695956414437886e-02 7.968061863996070970e-01
1.080822069637006611e-01 2.660563519485755965e-02 2.715467379925387559e-02 8.381574840421878170e-01
6.917603970256834545e-02 3.023489778063031749e-02 4.440202566123444688e-02 8.561870368555669630e-01
4.436490187436622351e-02 3.303605456873367346e-02 6.789432839912876161e-02 8.547047151577713553e-01
2.919696683266884141e-02 3.206849099452066532e-02 9.571199419811632358e-02 8.430225479746941142e-01
1.948876562699751805e-02 2.960035991683776513e-02 1.332659363346442027e-01 8.176449381215203926e-01
1.345587817926183032e-02 2.749363184945665881e-02 1.909836833396253430e-01 7.680668066316563847e-01
1.076499020996987861e-02 2.717084247674145941e-02 2.746788737250870915e-01 6.873852935882015514e-01
9.716020517407641596e-03 2.915001172421048323e-02 3.704392202337449813e-01 5.906947475246364654e-01
1.008064757457167483e-02 3.399505934072189622e-02 4.451964607643486560e-01 5.107278323203575665e-01
1.211502828588455725e-02 4.263253771332006781e-02 4.778240569877906796e-01 4.674283770130049365e-01
1.644283474195202405e-02 5.598109263971984967e-02 4.661069866429730091e-01 4.614690859753555197e-01
2.456038894301905071e-02 7.327109917803843742e-02 4.148192041908498329e-01 4.873493076880930364e-01
3.566808943825854061e-02 9.060273276535681097e-02 3.348327725398825283e-01 5.388964052565025087e-01
4.866266859610279133e-02 1.011650776651093625e-01 2.420673795906323200e-01 6.081048741481553943e-01
6.033634076819247710e-02 9.984411133459548948e-02 1.545209876292798212e-01 6.852985602679321220e-01
6.812684748274203117e-02 8.903503660244282969e-02 8.656831621682936628e-02 7.562697996979860227e-01
7.405351220870677598e-02 7.518172273764270330e-02 4.544947394363318960e-02 8.053152911100175393e-01
7.895534958228654643e-02 6.438406631248919099e-02 2.471346104178901923e-02 8.319471230634352121e-01
8.394440639485870048e-02 5.718762777206121140e-02 1.481777661738149267e-02 8.440501892156984098e-01
9.104195556536137657e-02 5.377919714537644086e-02 1.004518038862561337e-02 8.451336669006362934e-01
1.016606475884979516e-01 5.348709907778507328e-02 7.594957181939969437e-03 8.372572961517771306e-01
1.159994669431207021e-01 5.592475856472559764e-02 6.180939906267141938e-03 8.218948345858868576e-01
1.355739576772473920e-01 5.731951500475453848e-02 5.354056370075830490e-03 8.017524709479224576e-01
1.589235089967104553e-01 5.759512474880957439e-02 4.844967413263764726e-03 7.786363988412161596e-01
1.844341073765997929e-01 5.722413215902630995e-02 4.566895652989071304e-03 7.537748648113847816e-01
2.105050132014113506e-01 5.428625675376274468e-02 4.212411360997754366e-03 7.309963186838281946e-01
2.344070603126493790e-01 5.028923916220153639e-02 3.880436119858774943e-03 7.114232644052903565e-01
2.549296540294740954e-01 4.672586143149987103e-02 3.646183414310518074e-03 6.946983011247152007e-01
2.717060252393757591e-01 4.507636201212648908e-02 3.606482833631307477e-03 6.796111299148667184e-01
2.826925815763262073e-01 4.619233848362996886e-02 3.816657088538268940e-03 6.672984228515059790e-01
2.858547593621441063e-01 5.085949308666874724e-02 4.325594963688170376e-03 6.589601525874989596e-01
2.831305506173108499e-01 6.010874053510078391e-02 5.243865250954207399e-03 6.515168435966340876e-01
2.830068658909464241e-01 7.606281984865442825e-02 6.889323892180170168e-03 6.340409903682188153e-01
2.922831609867152514e-01 1.005901355322583318e-01 9.802772811358464317e-03 5.973239306696677131e-01
3.061101660031025906e-01 1.354452675708616161e-01 1.420637271746376384e-02 5.442381937085722932e-01
3.191159287252963161e-01 1.706743104473856798e-01 1.940644428251605755e-02 4.908033165448018043e-01
3.235326647670107025e-01 2.047793677881654395e-01 2.484073369987286478e-02 4.468472337449510556e-01
3.183003427228874305e-01 2.346375686054799903e-01 3.016602015905405637e-02 4.168960685125785437e-01
3.038639378258443657e-01 2.592169091782815515e-01 3.587332519997749047e-02 4.010458277958966478e-01
2.814695032011092501e-01 2.786152857699117358e-01 4.332644017507060463e-02 3.965887708539083678e-01
9.379512881364721055e-01 2.383398625736560597e-02 6.243063331230483881e-04 3.759041927303936187e-02
3.438848564332750990e-01 1.273230391293033448e-01 1.040573505762244083e-02 5.183863693797990946e-01
3.768239837699006722e-01 1.234974418172086891e-01 1.038890760201470476e-02 4.892896668108762670e-01
4.262825067128961920e-01 1.146380053280229433e-01 9.931588045594578334e-03 4.491478999134863037e-01
4.936678496910766878e-01 1.019116171074622434e-01 9.068799985961342736e-03 3.953517332154999897e-01
5.678255120588276972e-01 8.717003385314416042e-02 7.989396892478349207e-03 3.370150571955496943e-01
6.345327568786353067e-01 7.270628709560214564e-02 6.921370307761165984e-03 2.858395857180013322e-01
6.865880913597588453e-01 6.029124776528917845e-02 6.002187763593343911e-03 2.471184731113585942e-01
7.230164485972457866e-01 5.073748575737441896e-02 5.285389744874731052e-03 2.209606759005049437e-01
7.455526146923745490e-01 4.425423521334097970e-02 4.799764929109839179e-03 2.053933851651746079e-01
7.583314545695354347e-01 3.990163537460356125e-02 4.467360118107435371e-03 1.972995499377537820e-01
7.667968948550774044e-01 3.601907936535930083e-02 4.134961787496524085e-03 1.930490639920670048e-01
7.742046722058681940e-01 3.184929349743492732e-02 3.756782935721268441e-03 1.901892513609755864e-01
7.815383742630257480e-01 2.737852607570084168e-02 3.362704577263694958e-03 1.877203950840099222e-01
7.893883847879212823e-01 2.273545671974178464e-02 2.971723757780220417e-03 1.849044347345566441e-01
7.980417016789463913e-01 1.821063420685571990e-02 2.592897522529253197e-03 1.811547665916685979e-01
8.056935337375644712e-01 1.438498772033351171e-02 2.265273394068070215e-03 1.776562051480337634e-01
8.087161588043353388e-01 1.181896251641630438e-02 2.048987328808358523e-03 1.774158913504400303e-01
8.049175792416167763e-01 1.046483644029868633e-02 1.948717168863733093e-03 1.826688671492207594e-01
7.947987394782163317e-01 1.003852222775774780e-02 1.940950525864671566e-03 1.932217877681612350e-01
7.810118982504909990e-01 1.040579627522541899e-02 2.011622060292516875e-03 2.065706834139910963e-01
7.675438988046419109e-01 1.156857936226388106e-02 2.144515888885391557e-03 2.187430059442087849e-01
7.580962195876363996e-01 1.368973190447418491e-02 2.323121367143283263e-03 2.258909271407460451e-01
7.536531571253749506e-01 1.703203584070865986e-02 2.516474927961789322e-03 2.267983321059548474e-01
7.517499836035618221e-01 2.205917335646771782e-02 2.679239294172107606e-03 2.235116037457982319e-01
7.451218985321644839e-01 3.042518374909612688e-02 2.873926445127690087e-03 2.215789912736116918e-01
7.227898370918778292e-01 4.628900287419716181e-02 3.342253506531366655e-03 2.275789065273937095e-01
6.772599462769832712e-01 7.642852581871376061e-02 4.376226769746943690e-03 2.419353011345562188e-01
6.108622814560908942e-01 1.268799721050321849e-01 6.049026736521351602e-03 2.562087197023559249e-01
5.262289194987641583e-01 2.060489966209317625e-01 8.468612347425113346e-03 2.592534715328792538e-01
4.298229027654400514e-01 3.141096582850422814e-01 1.109648909701206262e-02 2.449709498525054763e-01
3.288927936959010756e-01 4.407563380877773662e-01 1.327039718019712607e-02 2.170804710361242396e-01
2.425071504952163448e-01 5.577720602987260579e-01 1.485201901361993607e-02 1.848687701924373594e-01
1.736957184966308465e-01 6.572697646017841011e-01 1.622101665659645905e-02 1.528135002449888535e-01
1.202735574257891710e-01 7.405786278001038614e-01 1.748734766678788563e-02 1.216604671073189120e-01
8.015792723881338955e-02 8.098512266077234623e-01 1.833962406650241697e-02 9.165122208696062367e-02
5.087825522778318538e-02 8.672761906871885307e-01 1.817695054121779008e-02 6.366860354381055631e-02
3.120630056875907388e-02 9.126948015903018074e-01 1.627847942488019201e-02 3.982041841605885729e-02
1.815000042448867631e-02 9.460252652201430745e-01 1.352153321726075157e-02 2.230320113810763810e-02
1.113263171920495821e-02 9.660430575047341817e-01 1.111050446371660179e-02 1.171380631234411433e-02
7.574210043573775288e-03 9.765387180115978616e-01 9.768907314133030637e-03 6.118164630695377589e-03
5.785710969958409063e-03 9.817699793543899212e-01 9.159862338540011514e-03 3.284447337112039473e-03
4.847023929735535738e-03 9.845590733691148566e-01 8.779288829940699174e-03 1.814613871209157627e-03
4.315080778110920966e-03 9.861697604133637940e-01 8.485608402690469898e-03 1.029550405834932887e-03
4.029931137918885999e-03 9.870541797401302109e-01 8.309500839088251184e-03 6.063882828627203568e-04
3.958767873860449468e-03 9.874191413834898512e-01 8.244038799972345719e-03 3.780519426773832725e-04
4.113668011997041393e-03 9.873677120981713129e-01 8.265141905616795251e-03 2.534779842149830582e-04
4.516350415188613229e-03 9.869167614408076439e-01 8.383296210608353824e-03 1.835919333955152416e-04
5.188757201600153676e-03 9.861187417722075965e-01 8.548250428190882350e-03 1.442505980016372863e-04
6.143700044878485679e-03 9.851311359193739570e-01 8.601443307850648035e-03 1.237207278967431933e-04
7.603690773427134592e-03 9.837863503646886443e-01 8.491140554171555319e-03 1.188183077125073707e-04
1.051493168546270736e-02 9.808831522362543298e-01 8.466301748138749597e-03 1.356143301443408133e-04
1.665624690959803880e-02 9.744053361948215031e-01 8.754127828120022645e-03 1.842890674607052589e-04
2.889389366186959421e-02 9.615783209557270395e-01 9.247171157107466136e-03 2.806142252959611884e-04
5.181799692628704518e-02 9.380870374843226500e-01 9.636457833804967094e-03 4.585077555852315142e-04
9.232245875936664903e-02 8.970224304018151740e-01 9.852571406019451639e-03 8.025394327987539836e-04
1.614726044148741546e-01 8.270479707158286953e-01 9.992227670733698844e-03 1.487197198563221419e-03
2.596303233314590786e-01 7.273578686639119439e-01 1.025775815739857384e-02 2.754049847230462603e-03
3.682759459333073138e-01 6.171405633771920307e-01 1.005816074236756154e-02 4.525329947132971688e-03
4.645643846507273023e-01 5.196885528381481878e-01 9.295244214515619927e-03 6.451818296608864862e-03
5.372665079854516135e-01 4.460125063601960149e-01 8.451748484190486563e-03 8.269237170161860759e-03
5.818922622038170678e-01 3.998155854464433001e-01 8.247763967706491298e-03 1.004438838203288581e-02
6.026966480201485510e-01 3.773609943007594780e-01 8.012569535900264037e-03 1.192978814319163236e-02
6.032356132142815408e-01 3.743999872998750589e-01 8.176294141037340410e-03 1.418810534480580317e-02
5.933531890967090883e-01 3.811478568234384912e-01 8.602762034620079282e-03 1.689619204523224241e-02
5.861326022939310487e-01 3.846326171824764883e-01 9.162837826868122648e-03 2.007194269672434028e-02
5.941382182147657565e-01 3.726018149733631435e-01 9.673454248434160130e-03 2.358651256343693992e-02
6.233116689846600611e-01 3.396183038362619033e-01 9.900602756053613479e-03 2.716942442302442556e-02
6.685442181102514425e-01 2.912756961569715752e-01 9.646451320735431600e-03 3.053363441204154372e-02
7.146742482451471368e-01 2.430896745967435491e-01 8.894935526763824915e-03 3.334114163134587611e-02
7.491071097691319736e-01 2.083555763771494929e-01 7.831421971619982256e-03 3.470589188209895204e-02
7.732142456782786777e-01 1.869371536576738269e-01 6.646924582008785151e-03 3.320167608203870163e-02
2.790742060725179621e-02 8.056176769218752476e-01 5.859182367208511100e-02 1.078830787987878070e-01
4.257980106638138695e-02 7.586989733452411677e-01 8.402227845274953810e-02 1.146989471356276713e-01
6.186477986828795017e-02 6.944972330449099562e-01 1.248324002178342468e-01 1.188055868689679440e-01
8.385678049250246124e-02 6.151880753190066553e-01 1.790636267469865039e-01 1.218915174415042407e-01
1.053196722366971927e-01 5.347032133626946626e-01 2.355904343727744932e-01 1.243866800278336099e-01
1.242989664940019473e-01 4.638542278345936798e-01 2.862224635230953274e-01 1.256243421483087819e-01
1.395126131568742711e-01 4.115550538544147652e-01 3.256081363480486379e-01 1.233241966406622286e-01
1.498035450134097279e-01 3.762142500907978970e-01 3.583507615063058482e-01 1.156314433894861937e-01
1.551782775457757890e-01 3.570939453456798973e-01 3.820639521572971042e-01 1.056638249512470568e-01
1.572623764537059432e-01 3.512223261475659886e-01 3.942029384443729301e-01 9.731235895435497163e-02
1.569521748791388727e-01 3.525619763503322068e-01 3.993879595681916750e-01 9.109788920233723164e-02
1.548803877174878274e-01 3.565827456816645369e-01 4.019426433553937583e-01 8.659422324545403005e-02
1.511878631866162837e-01 3.603072423618113862e-01 4.054035294402218992e-01 8.310136501135066689e-02
1.459948102785477431e-01 3.624848340296543125e-01 4.111890416164286077e-01 8.033131407536933666e-02
1.404200029262926419e-01 3.640647573816481741e-01 4.159274270474185853e-01 7.958781264464064031e-02
1.357320819257760158e-01 3.669146798289030786e-01 4.152953365288032939e-01 8.205790171651751452e-02
1.325335063743301456e-01 3.684462758454412623e-01 4.127011248527031051e-01 8.631909292752562579e-02
1.311567280918276845e-01 3.651081369532526155e-01 4.134810912117954929e-01 9.025404374312417932e-02
1.310195351595206670e-01 3.586709592435968763e-01 4.166003699256760617e-01 9.370913567120658927e-02
1.311852221890897063e-01 3.525741714635531321e-01 4.192237843171978673e-01 9.701682203015901673e-02
1.313244303892565357e-01 3.501676121813591669e-01 4.182828708501413195e-01 1.002250865792426310e-01
1.313308682937573690e-01 3.531671118380991237e-01 4.123268030301871501e-01 1.031752168379562185e-01
1.315226591139150025e-01 3.624644108644645701e-01 4.001926211677886425e-01 1.058203088538316322e-01
7.507846698753480041e-02 4.272109186317770146e-01 1.908880966609835250e-01 3.068225177197045350e-01
6.838856006087130901e-02 4.378781949575374366e-01 2.049133676741502486e-01 2.888198773074414083e-01
6.347756280371508186e-02 4.422751999410017842e-01 2.189072705759596005e-01 2.753399666793235889e-01
6.201773801122178326e-02 4.442000368547638911e-01 2.313773692550927519e-01 2.624048558789214836e-01
6.446307806475068403e-02 4.496532156902137145e-01 2.348845231786337029e-01 2.509991830664017876e-01
7.023326795009454671e-02 4.562729047751785671e-01 2.303895246365606775e-01 2.431043026381662364e-01
7.840104214581761211e-02 4.612376625888941484e-01 2.216373704919969712e-01 2.387239247732914071e-01
8.764917200372131234e-02 4.614031634023977868e-01 2.146996266161390887e-01 2.362480379777419648e-01
9.541729153457000068e-02 4.547622175695911206e-01 2.167918002766983376e-01 2.330286906191404717e-01
9.771928729579250350e-02 4.403907263935206706e-01 2.365306289969202891e-01 2.253593573137666062e-01
9.154801356124106504e-02 4.158922497574610855e-01 2.840575628657068252e-01 2.085021738155908577e-01
8.023071561054702372e-02 3.750945509170788839e-01 3.638809770330704296e-01 1.807937564393035379e-01
6.732823662677703269e-02 3.312033634182274255e-01 4.512723694865609647e-01 1.501960304684343828e-01
5.874331788838097618e-02 3.023908895821872944e-01 5.119925816650557904e-01 1.268732108643760570e-01
5.546989364125529814e-02 2.987950618643491763e-01 5.338427244110663938e-01 1.118923200833293607e-01
5.505943203307354927e-02 3.182892443774356650e-01 5.268139221504596348e-01 9.983740143903108155e-02
5.358567965120670379e-02 3.505654556763522778e-01 5.103470113719966728e-01 8.550185330044404730e-02
4.838240630899016265e-02 3.824312871390396218e-01 5.006312750624731800e-01 6.855503148949708414e-02
3.988754573514247115e-02 4.054644845168116074e-01 5.023469449199678971e-01 5.230102482807769820e-02
3.006969700320091463e-02 4.192086430558715771e-01 5.118475859889352053e-01 3.887407395199201504e-02
2.087850442530323966e-02 4.263056650913608636e-01 5.242970342482924373e-01 2.851879623504368494e-02
1.359793838607881340e-02 4.270038481784957374e-01 5.384098411271379669e-01 2.098837230828762626e-02
8.518285015481704900e-03 4.174820674899871742e-01 5.580201503938984064e-01 1.597949710063314294e-02
5.311817384295856349e-03 3.935661845891454402e-01 5.878606519730966706e-01 1.326134605346208743e-02
3.468991631760350892e-03 3.568222972150930650e-01 6.269570569112300484e-01 1.275165424191628503e-02
2.423475960620118195e-03 3.108151239767800167e-01 6.728024771055157727e-01 1.395892295708400614e-02
1.709943284070578485e-03 2.535680274024892378e-01 7.291962290227838039e-01 1.552580029065660228e-02
1.190080529255388474e-03 1.919067877336368688e-01 7.901177830478163244e-01 1.678534868929146620e-02
8.456449388663425226e-04 1.378784334428471425e-01 8.430668054723989835e-01 1.820911614588766742e-02
6.353432287753904692e-04 9.757811763911357350e-02 8.808722077343724699e-01 2.091433139773872865e-02
5.275278295604687862e-04 7.172571910083892777e-02 9.002737903422098897e-01 2.747296272739081432e-02
5.543114606037971136e-04 6.083849806126778725e-02 8.924216932880038033e-01 4.618549719012466498e-02
8.582591028717781500e-04 6.669315310330482804e-02 8.288093585221625315e-01 1.036392292716609431e-01
1.644524081744713068e-03 8.357999760302219083e-02 6.676246255331165225e-01 2.471508527821162648e-01
2.587815678363292009e-03 9.114869909016189153e-02 4.452638137510674943e-01 4.609996714804069917e-01
2.994679994699890688e-03 8.313407157289788574e-02 2.674862385814274490e-01 6.463850098509748010e-01
3.048021398318863286e-03 7.165665477881337508e-02 1.630802508028311448e-01 7.622150730200364377e-01
3.118789068756187225e-03 6.548208669772048740e-02 1.078044211727436641e-01 8.235947030607800867e-01
3.352952280639596386e-03 6.811883207728680611e-02 7.969195012853233506e-02 8.488362655135412993e-01
3.820273286059089075e-03 8.287424767475670695e-02 6.661097829184638164e-02 8.466945007473375417e-01
4.640924123231283081e-03 1.148692615852392324e-01 6.115758871292605037e-02 8.193322255786033015e-01
6.053617950999332954e-03 1.695479641723336983e-01 5.757006467840024289e-02 7.668283531982669210e-01
8.184497523533600799e-03 2.450228707841553555e-01 5.226647507100195406e-02 6.945261566213091209e-01
1.088232494382077205e-02 3.295096745383341297e-01 4.618053842674483406e-02 6.134274620911004394e-01
1.363597060915122672e-02 4.100292423704277045e-01 4.178919434835956515e-02 5.345455926720615869e-01
1.610134071132774541e-02 4.829114880954409883e-01 4.014560158159184711e-02 4.608415696116395788e-01
1.835293344091868187e-02 5.520357917187878050e-01 4.107155668548063271e-02 3.885397181548128076e-01
2.008158123620185434e-02 6.204700474204429828e-01 4.340170335990672923e-02 3.160466679834485482e-01
2.053511436036707313e-02 6.851085531875834578e-01 4.679659926324778590e-02 2.475597331888014230e-01
2.059236941657396902e-02 7.386913724015216065e-01 4.906091438788783704e-02 1.916553437940166082e-01
2.172409553824386844e-02 7.765829677889636296e-01 5.015294279641071412e-02 1.515399938763817012e-01
2.510801329918228506e-02 8.021992547846105159e-01 5.036186720768453390e-02 1.223308647085226686e-01
3.204299870647053794e-02 8.172815463922377122e-01 5.096077575112491209e-02 9.971467915016689332e-02
4.375249269414405867e-02 8.221001622038287548e-01 5.153932921090459418e-02 8.260801589112268251e-02
6.314637016325022612e-02 8.118007740579181730e-01 5.453153430226122256e-02 7.052132147657003136e-02
9.109812294241442787e-02 7.870913874334976024e-01 6.014577160205081957e-02 6.166471802203756652e-02
1.264650896605884478e-01 7.514700596942934796e-01 6.813039962876787925e-02 5.393445101635047784e-02
1.693406536683498276e-01 7.071845909289891097e-01 7.717833923241476657e-02 4.629641617024659456e-02
2.262297908406112612e-01 6.490570268955778710e-01 8.523792108285542513e-02 3.947526118095551206e-02
3.086579343156472532e-01 5.680562734560752336e-01 8.865696405012553349e-02 3.462882817815204906e-02
4.242073701980423883e-01 4.618502098631331876e-01 8.193762163347219352e-02 3.200479830535220283e-02
5.589295487849573751e-01 3.468114611169950678e-01 6.356503050358296159e-02 3.069395959446475849e-02
6.846222502597628656e-01 2.440212087391768758e-01 4.130869088723320565e-02 3.004785011382694881e-02
7.722996613309388581e-01 1.719541103487517708e-01 2.499424091905212350e-02 3.075198740125757377e-02
8.174444005174865691e-01 1.324427399077116041e-01 1.626573895107341280e-02 3.384712062372844527e-02
8.306929204249436927e-01 1.173695182238233825e-01 1.218426417410384092e-02 3.975329717712923483e-02
8.211467119772701828e-01 1.191948538483362657e-01 1.035027290301398020e-02 4.930816127137972044e-02
7.924810508301753931e-01 1.339191316714945790e-01 9.556198462561931589e-03 6.404361903576816228e-02
7.474454450540889416e-01 1.585286051417669761e-01 9.233719327318328299e-03 8.479223047682560299e-02
6.914377397966441352e-01 1.889491018965054892e-01 9.169240203021388272e-03 1.104439181038289058e-01
6.336166197239725406e-01 2.191994073402666054e-01 9.303776725837606745e-03 1.378801962099235057e-01
5.833570899013227340e-01 2.425922548514719279e-01 9.621822617754353241e-03 1.644288326294514602e-01
5.426286366825664453e-01 2.560656958377947601e-01 1.012192896256931297e-02 1.911837385170696291e-01
5.052544050113048080e-01 2.617841098341541772e-01 1.082081767893448669e-02 2.221406674756068456e-01
4.663504705744933587e-01 2.626644812171030074e-01 1.178175020266113496e-02 2.592032980057424885e-01
4.303874209854293142e-01 2.583084334721613695e-01 1.281169812422647269e-02 2.984924474181825937e-01
3.985787613901831672e-01 2.551031310459979107e-01 1.413878985593368040e-02 3.321793177078853354e-01
3.734547233027172841e-01 2.539137594571062029e-01 1.536337978871784617e-02 3.572681374514586339e-01
3.517716478577628814e-01 2.547308431990317201e-01 1.623582438913720449e-02 3.772616845540682218e-01
3.323127506770718886e-01 2.578156609714052361e-01 1.680821719755375837e-02 3.930633711539692765e-01
3.167688192596186947e-01 2.639323638508708769e-01 1.723746129404499228e-02 4.020613555954656859e-01
3.058729094103304069e-01 2.735997039843706680e-01 1.758940722867832762e-02 4.029379793766207918e-01
2.976064413568726419e-01 2.867620748252581175e-01 1.776598730917321872e-02 3.978654965086960149e-01
2.908372569695019672e-01 3.027688899852518101e-01 1.762021152852107087e-02 3.887736415167252213e-01
2.874630279937896993e-01 3.189163946508818959e-01 1.709334664644004617e-02 3.765272307088885495e-01
2.900095005721535779e-01 3.308071545275926839e-01 1.621495246546883137e-02 3.629683924347851254e-01
3.004784433089524032e-01 3.354499505658432579e-01 1.504593890608299858e-02 3.490256672191215936e-01
3.197212775243513105e-01 3.338795129188018573e-01 1.390987423482832261e-02 3.324893353220185199e-01
3.527385025516709405e-01 3.239931444303942865e-01 1.246894190053807888e-02 3.107994111173965068e-01
