7.442160580660036606e-01 1.516109803355543684e-01 2.488434217286556675e-03 1.016845273811554096e-01
6.401690019528667452e-01 3.130977285973276514e-01 2.022130561436595152e-03 4.471113888836882738e-02
6.778652263102403763e-01 2.884110272659587970e-01 1.498678875623042422e-03 3.222506754817762442e-02
6.950713593113171385e-01 2.804978821048585980e-01 1.166710335778769429e-03 2.326404824804515978e-02
6.863343270524393525e-01 2.954948189054020791e-01 9.802300325270664472e-04 1.719062400963167203e-02
6.478456522437999743e-01 3.382149596337939990e-01 9.077243730669666945e-04 1.303166374933897170e-02
5.809072374601266242e-01 4.082156939723774469e-01 9.382963683763183033e-04 9.938772199119675840e-03
4.929299355541648664e-01 4.986815873904247853e-01 1.064378721034764603e-03 7.324098334375634192e-03
3.958558264419080874e-01 5.982913574173049920e-01 9.057970960599921696e-04 4.947019044727186780e-03
2.908987443941277728e-01 7.051578239881646226e-01 8.859581707300410568e-04 3.057473446977300880e-03
1.949489932407777459e-01 8.024283247775513273e-01 8.499627939800330923e-04 1.772719187691044855e-03
1.220190141641080833e-01 8.761358957263351011e-01 8.179575970655234484e-04 1.027132512491337390e-03
7.482214330306578842e-02 9.235381281292481814e-01 9.874815810793230193e-04 6.522469866067680602e-04
4.864610794852546743e-02 9.499752732016846224e-01 9.380750711944948724e-04 4.405437785955020904e-04
3.502177862449766532e-02 9.635331321301686680e-01 1.097642576457921130e-03 3.474466688758962463e-04
2.891661859495626638e-02 9.692042617088363343e-01 1.553678616839719671e-03 3.254410793675502280e-04
2.763501766759804412e-02 9.695315152810530801e-01 2.478302164525934045e-03 3.551648868232672629e-04
3.018522577923838518e-02 9.652799475465473344e-01 4.102552974979582941e-03 4.322736992348636407e-04
3.699461159534012805e-02 9.557781943567074112e-01 6.663587984168373862e-03 5.636060637843603050e-04
4.987713768961331284e-02 9.388933517657026551e-01 1.046040108496420866e-02 7.691094597199374903e-04
7.161662268118676455e-02 9.113754502393670576e-01 1.593524832099312699e-02 1.072678758453205058e-03
1.048802031664223672e-01 8.700822912278002308e-01 2.355786601292153212e-02 1.479639592856141390e-03
1.503031529358058171e-01 8.142818114040518696e-01 3.346574741049913870e-02 1.949288249643242685e-03
2.036495601752355833e-01 7.486835881744610122e-01 4.528794092548544398e-02 2.378910724817865589e-03
2.549346680774125518e-01 6.836010646371194488e-01 5.881277062515160442e-02 2.651496660316203340e-03
2.936090685032959335e-01 6.283116094514435979e-01 7.534547752178999414e-02 2.733844523470450611e-03
3.169533540103887104e-01 5.833470137987477599e-01 9.705837550686248483e-02 2.641256684001324143e-03
3.364456149482871195e-01 5.354258227005476156e-01 1.255572586365947818e-01 2.571303714570786700e-03
3.617880239631552919e-01 4.821243452517617878e-01 1.536123294948532336e-01 2.475301290229567006e-03
4.055739441644663490e-01 4.252573027955200979e-01 1.667745688266298043e-01 2.394184213383439112e-03
4.801951329665251622e-01 3.655891255880905910e-01 1.518772938554979468e-01 2.338447589886296068e-03
5.854693343571977238e-01 2.995404572894223016e-01 1.128048720852254799e-01 2.185336268154384511e-03
6.901820431982289561e-01 2.370844440171680778e-01 7.091542508998859018e-02 1.818087694614051088e-03
7.669406450848299528e-01 1.894076507819607291e-01 4.218219225561400249e-02 1.469511877594983831e-03
8.113029266611351265e-01 1.613295087613128564e-01 2.610341701128352995e-02 1.264147566268376561e-03
8.315227767596096164e-01 1.499435322205903420e-01 1.734027638883938599e-02 1.193414630960298829e-03
8.355656572058820508e-01 1.509073165834866892e-01 1.229343015258065226e-02 1.233596058050720045e-03
8.283422389233877636e-01 1.609945464056631026e-01 9.278279164712429847e-03 1.384935506236918169e-03
8.133521786170951895e-01 1.774171196742299617e-01 7.559361064659281954e-03 1.671340644015696566e-03
7.965337982809813644e-01 1.947101773966483929e-01 6.664332828520438262e-03 2.091691493849647063e-03
7.864776879727563008e-01 2.047108529043875635e-01 6.225171133740385783e-03 2.586287989115614548e-03
7.881241370844175309e-01 2.026510217263448876e-01 6.088277013233034038e-03 3.136564176004525729e-03
7.983758993921417080e-01 1.914897850716517913e-01 6.277659881301471574e-03 3.856655654904923760e-03
8.099386402679441543e-01 1.783654565648251089e-01 6.817058249172473425e-03 4.878844918058247715e-03
8.180225649399590626e-01 1.680370271776433222e-01 7.681985788948290927e-03 6.258422093449281763e-03
8.208172318727520178e-01 1.622513423653076381e-01 8.899675732028445793e-03 8.031750029912191474e-03
8.179915330573552801e-01 1.614659264618709400e-01 1.045381403309032266e-02 1.008872644768323695e-02
8.108169355047105675e-01 1.650948983682812565e-01 1.208927803679527360e-02 1.199888809021316255e-02
8.011964407243070685e-01 1.717945645188497794e-01 1.354979886490406335e-02 1.345919589193935763e-02
7.916634705789661330e-01 1.789189257507781960e-01 1.489873451611231636e-02 1.451886915414351414e-02
7.847803401368050880e-01 1.835336784097478802e-01 1.647646394599766237e-02 1.520951750744939032e-02
7.798859007988803160e-01 1.857288664392394983e-01 1.882012283753047022e-02 1.556510992435005021e-02
7.732550047613969690e-01 1.884335717304095881e-01 2.261094256187349064e-02 1.570048094632024716e-02
7.604774964392330139e-01 1.956506745895988109e-01 2.828820825911027709e-02 1.558362071205801093e-02
7.377407080580580256e-01 2.116151158990805525e-01 3.547940739397186655e-02 1.516476864888947722e-02
7.043654840608458700e-01 2.383878268967906111e-01 4.263052140223070469e-02 1.461616764013254528e-02
6.640721334772660134e-01 2.743826241101210983e-01 4.750973998879336191e-02 1.403550242381964089e-02
6.192773278961818395e-01 3.183537568219704239e-01 4.902857065586093549e-02 1.334034462598656171e-02
5.688338346859803663e-01 3.702143833353372382e-01 4.824871799629174701e-02 1.270306398239067630e-02
5.138895501771015839e-01 4.265628271315076159e-01 4.713743391496843377e-02 1.241018877642270646e-02
4.569642032074296423e-01 4.833229590774600903e-01 4.727820066488735984e-02 1.243463705022282775e-02
3.963340668212013140e-01 5.410442735936331626e-01 4.995823717238177808e-02 1.266342241278409740e-02
3.276375664155680711e-01 6.031980253466562303e-01 5.609944186753551554e-02 1.306496637024045712e-02
2.522373929553528571e-01 6.692581522280465212e-01 6.503473724219438479e-02 1.346971757440619186e-02
1.791503021028709730e-01 7.342284300034745970e-01 7.291636914992520591e-02 1.370489874372908708e-02
1.262470845938485353e-01 7.829935503951326314e-01 7.638545391291626241e-02 1.437391109810255696e-02
9.743720891428574171e-02 8.130806344899174087e-01 7.344375228424300517e-02 1.603840431155352519e-02
8.635674186990853485e-02 8.292802582163428804e-01 6.575305425392674596e-02 1.860994565982160981e-02
8.713112259334722387e-02 8.335827046413943897e-01 5.723654968407659166e-02 2.204962308118215905e-02
9.751634028885319827e-02 8.242031763652544196e-01 5.133014289333778790e-02 2.695034045255466013e-02
1.179173931696930050e-01 7.980752338846829330e-01 4.974560026775164123e-02 3.426177267787220565e-02
1.501811877472030154e-01 7.516847138658624417e-01 5.312656706287485070e-02 4.500753132405985180e-02
5.725981645340249004e-01 3.676995120587406851e-01 5.828320153200384351e-03 5.387400325403406826e-02
4.586368213474469879e-01 5.279085302685022907e-02 1.168828050556572178e-02 4.768840451201368791e-01
4.424717162923846869e-01 5.460103981468628770e-02 1.112068782531000846e-02 4.918065560676192494e-01
4.246986807969957423e-01 5.575898825864325503e-02 1.036593387133448452e-02 5.091763970730264210e-01
4.090986807515546997e-01 5.466093230485195853e-02 9.332414739336547527e-03 5.269079722042565583e-01
3.967844620223239249e-01 5.097948732616656292e-02 8.089117576273559956e-03 5.441469330752363165e-01
3.887305207769799487e-01 4.533066787619189492e-02 6.771162875853205775e-03 5.591676484709748873e-01
3.894486298746310249e-01 3.919822238671359649e-02 5.628384244134700468e-03 5.657247634945207215e-01
4.039374135684989930e-01 3.417813934208534937e-02 4.883861235504077802e-03 5.570005858539114341e-01
4.290525947219992475e-01 3.015712493084352075e-02 4.774004071562810460e-03 5.360162762755943389e-01
4.570357502866622679e-01 2.807612235609886764e-02 4.610556480016071192e-03 5.102775708772229191e-01
4.800346880784953085e-01 2.617348272835371553e-02 4.420205607810413079e-03 4.893716235853404206e-01
4.974688365912366961e-01 2.433119903970252032e-02 4.184237940232467777e-03 4.740157264288284433e-01
5.123959592469409241e-01 2.264097040879476178e-02 3.951379898335484649e-03 4.610116904459287124e-01
5.301079186211598016e-01 2.098973417946281561e-02 3.730998011579901227e-03 4.451713491877973827e-01
5.557859232198566479e-01 1.895541309387031859e-02 3.461982792221525093e-03 4.217966808940515344e-01
5.925497622257485109e-01 1.622376515978439862e-02 3.070732772697120326e-03 3.881557398417700977e-01
6.417698373887363861e-01 1.313343087747623206e-02 2.576807134146854618e-03 3.425199245996407571e-01
7.012909465757024563e-01 1.041337877410684724e-02 2.097240036078665444e-03 2.861984346141119850e-01
7.630075590062086466e-01 8.457423309396911240e-03 1.721732006881115809e-03 2.268132856775133266e-01
8.181485496495070064e-01 7.204422285829167882e-03 1.450412056472334069e-03 1.731966160081911954e-01
8.631119766560908513e-01 6.409843985986754186e-03 1.231417389067221424e-03 1.292467619688554281e-01
8.981339784412519789e-01 5.790416191044204380e-03 1.007556407103880934e-03 9.506804896060012944e-02
9.246873095242941210e-01 5.150681356506487361e-03 7.597583736524399613e-04 6.940225074554694229e-02
9.437607879506353381e-01 4.558138070756274744e-03 5.293461769334860748e-04 5.115172780167510230e-02
9.556485421907972011e-01 4.306836434041613065e-03 3.683488966456351858e-04 3.967627247851549660e-02
9.612789311905062251e-01 4.623636024102754927e-03 2.783331887785123193e-04 3.381909959661237586e-02
9.621314873142132740e-01 5.655175552354394994e-03 2.342762295804076136e-04 3.197906090385189970e-02
9.591853618375417723e-01 7.648409671614244364e-03 2.174859073587980234e-04 3.294874258348504809e-02
9.516149831610114518e-01 1.136492384213528758e-02 2.256481445988379271e-04 3.679444485225448480e-02
9.357206775566488943e-01 1.884336211893589477e-02 2.746387527402685091e-04 4.516132157167469796e-02
9.036724384701099178e-01 3.453658031390805655e-02 4.119945579070615317e-04 6.137898665807467458e-02
8.415118446661054019e-01 6.659080942088770050e-02 7.742578200126120497e-04 9.112308809299422829e-02
7.329438105938779202e-01 1.234076630998257595e-01 1.662921756766286068e-03 1.419856045495303254e-01
5.714010977640405775e-01 2.043147534667558440e-01 3.588486650558534233e-03 2.206956621186450807e-01
3.937901239621254268e-01 2.740376154158085109e-01 5.999901963261338941e-03 3.261723586588046175e-01
2.488520986963930204e-01 2.958904826520317166e-01 6.805137045716624228e-03 4.484522816058586492e-01
1.500832195277199965e-01 2.790558903145841652e-01 5.543843620153743150e-03 5.653170465375421117e-01
8.907084740870171991e-02 2.524479832967694848e-01 4.040607080151477348e-03 6.544405622143771861e-01
5.454586514428542976e-02 2.290369782920787800e-01 3.195239902133684921e-03 7.132219166615022532e-01
3.582591367918350200e-02 2.094627730361468265e-01 2.938234920912911972e-03 7.517730783637567304e-01
2.439188935197943164e-02 1.970941206756265107e-01 2.544004849097827956e-03 7.759699851232959578e-01
1.789766213284885513e-02 1.872994965555853930e-01 2.311459439646321168e-03 7.924913818719198089e-01
1.456435881259704815e-02 1.816787013556258878e-01 2.098638872914023509e-03 8.016583009588633679e-01
1.332820204122297202e-02 1.799957069696311862e-01 1.911897217657509279e-03 8.047641937714886673e-01
1.318719513551474230e-02 1.803421954781369019e-01 1.725804867161513873e-03 8.047448045191869515e-01
1.371857292571891825e-02 1.804398623922341960e-01 1.545888031145825755e-03 8.042956766509010702e-01
1.499493600588507232e-02 1.784362811423043649e-01 1.402652736218476266e-03 8.051661301155919048e-01
1.778878069793182748e-02 1.716124948700110953e-01 1.429863821877121015e-03 8.091688606101797854e-01
2.090409683498629587e-02 1.655050193650176860e-01 1.278938152419365187e-03 8.123119456475765832e-01
2.661436720987391674e-02 1.582700470628602418e-01 1.317552228993230457e-03 8.137980334982725106e-01
3.536913455885258573e-02 1.517579239519256384e-01 1.432349839460314925e-03 8.114405916497617888e-01
4.887961554644998374e-02 1.440700338560681748e-01 1.629767654824747442e-03 8.054205829426571706e-01
7.026627212066451078e-02 1.340074302252750316e-01 1.938852684839106454e-03 7.937874449692213785e-01
1.030109890565183289e-01 1.225199815324330144e-01 2.394745218603677468e-03 7.720742841924448374e-01
1.496854203901037128e-01 1.123827752299067784e-01 3.045385446436021677e-03 7.348864189335534425e-01
2.068075818887906980e-01 1.050644882641329075e-01 3.907415599422035465e-03 6.842205142476541768e-01
2.603945529283396287e-01 1.001911541416985602e-01 5.119792196776123787e-03 6.342945007331856067e-01
2.969873794805020228e-01 1.004404191711864014e-01 6.331690141962165175e-03 5.962405112063493551e-01
3.165370395714151019e-01 1.046671385589998948e-01 8.197687977611880714e-03 5.705981338919732249e-01
3.240020186253713685e-01 1.168088670237669296e-01 1.037800838978429965e-02 5.488111059610772946e-01
3.263871389644154575e-01 1.355486099130787936e-01 1.278012593933918438e-02 5.252841251831665836e-01
3.266620387235487644e-01 1.609185495699337887e-01 1.519655321548225510e-02 4.972228584910351468e-01
3.262135987226013056e-01 1.895545358161252747e-01 1.706933456341640232e-02 4.671625308978570867e-01
3.254496808130095675e-01 2.155293895751855537e-01 1.832681205501390104e-02 4.406941175567908875e-01
3.252575351499352174e-01 2.355335090993698477e-01 1.920500469898028806e-02 4.200039510517145636e-01
3.258748271158496967e-01 2.508012305507312245e-01 1.977226421948873047e-02 4.035516781139303899e-01
3.255419141287422269e-01 2.641304440564464784e-01 1.982388840104696778e-02 3.905037534137641986e-01
3.201024607460988824e-01 2.784787969330915769e-01 1.917316975119225456e-02 3.822455725696174977e-01
3.069741464630567074e-01 2.951664311186480982e-01 1.802664464543015516e-02 3.798327777728646160e-01
2.880433242236188907e-01 3.134972345390211745e-01 1.674641085032500809e-02 3.817130303870351904e-01
2.695334286237204280e-01 3.334353097032824453e-01 1.551397048001984004e-02 3.815172911929776145e-01
6.260425917517725702e-01 1.579438352487046449e-01 9.720255263460207684e-02 1.188110203649208607e-01
3.659913754781546347e-01 6.133506903024159573e-01 7.647125258411021156e-03 1.301080896101868174e-02
4.216090870801332824e-01 5.534623810534112787e-01 7.413436371536701389e-03 1.751509549491894052e-02
4.658161263553926013e-01 5.015350205309959675e-01 8.259036752809220325e-03 2.438981636080217452e-02
5.145951269890441937e-01 4.403211520805383472e-01 9.882579490523806312e-03 3.520114143989366839e-02
5.724439815504964724e-01 3.638313594047253297e-01 1.233546878458968016e-02 5.138919026018853864e-02
6.322507496994641540e-01 2.798183282707477626e-01 1.484720816299383954e-02 7.308371386679421433e-02
6.779227799790171760e-01 2.052870669599302367e-01 1.643894734153603099e-02 1.003512057195166535e-01
7.035357813821869755e-01 1.469418693942282084e-01 1.611321104587369601e-02 1.334091381777113561e-01
7.106364990340398036e-01 1.047326158317150729e-01 1.392311998497635511e-02 1.707077651492687753e-01
7.041404611531255631e-01 7.673456104736224581e-02 1.084114631813818189e-02 2.082838314813742764e-01
6.921657617147521924e-01 5.862881963261409174e-02 8.008345250303201823e-03 2.411970734023303753e-01
6.781703577329095678e-01 4.909478387789507209e-02 6.222125793869392324e-03 2.665127325953260962e-01
6.658737692869951541e-01 4.437642373511083149e-02 5.315323293644216851e-03 2.844344836842497282e-01
6.552145474640874712e-01 4.200269198177601637e-02 4.978522282492018475e-03 2.978042382716444281e-01
6.436000907500954993e-01 4.055852362063189914e-02 5.003151266702730166e-03 3.108382343625698541e-01
6.301282505539130829e-01 3.894764954019874076e-02 5.201001996517573556e-03 3.257230979093705403e-01
6.174721161212793907e-01 3.640490542429140886e-02 5.375326046863513653e-03 3.407476524075658819e-01
6.101550363293425372e-01 3.285553595889303263e-02 5.419349111033461459e-03 3.515700786007309731e-01
6.125109697418036347e-01 2.881834650412616258e-02 5.351035334133345638e-03 3.533196484199368492e-01
6.259878443641709866e-01 2.496573223926141019e-02 5.230216610014121019e-03 3.438162067865533911e-01
6.477032923044244717e-01 2.157477721777098165e-02 5.059074946818598560e-03 3.256628555309861173e-01
6.724018778581831723e-01 1.865586989714236935e-02 4.826960911717102787e-03 3.041152913329571161e-01
6.931897707945708920e-01 1.625598010720330153e-02 4.604381127003255407e-03 2.859498679712225155e-01
7.027431512893198562e-01 1.439534513612807272e-02 4.509928377786552763e-03 2.783515751967654550e-01
6.956555283615091234e-01 1.307683525293424319e-02 4.660656107274493108e-03 2.866069802782820197e-01
6.708195270210550731e-01 1.139869799747805779e-02 5.016541150810527490e-03 3.127652338306562974e-01
6.260923177366976011e-01 1.067123479075308794e-02 5.982911161595240272e-03 3.572535363109538564e-01
5.614873970494849154e-01 1.042194482732479964e-02 7.849490400922412223e-03 4.202411677222679942e-01
4.779628942675429593e-01 1.072964674349890200e-02 1.131577052832606796e-02 4.999916884606322998e-01
3.805704217122131139e-01 1.145021916052829485e-02 1.756888013287908820e-02 5.904104789943794840e-01
2.792076722259594912e-01 1.228455953532483699e-02 2.859486407891650983e-02 6.799129041597989920e-01
1.867027360698323424e-01 1.282928147626649293e-02 4.667363834027404845e-02 7.537943441136273348e-01
1.148275964630740137e-01 1.273561594611472177e-02 7.186274702621400778e-02 8.005740405645974667e-01
6.896325978561006209e-02 1.210164793404959471e-02 1.027780492167126858e-01 8.161570430636276852e-01
4.197416570047765583e-02 1.107052347892839052e-02 1.406256907874744999e-01 8.063296200331195873e-01
2.660210905109417975e-02 9.915520306138131054e-03 1.906118139808356815e-01 7.728705566619318290e-01
1.813368921940230680e-02 9.090967432830708919e-03 2.590579364276086038e-01 7.137174069201581705e-01
1.268502239680900298e-02 8.786461000652390219e-03 3.446667867974633204e-01 6.338617298050757132e-01
1.051331906265120381e-02 9.527628347115948623e-03 4.283719370618075950e-01 5.515871155284253202e-01
1.091540003971715536e-02 1.181865536289106872e-02 4.847074052528219101e-01 4.925585393445698346e-01
1.267253894550606462e-02 1.629160208220201828e-02 5.037513655753994568e-01 4.672844933968924308e-01
1.692407413088552887e-02 2.410167618455756611e-02 4.876868710943478846e-01 4.712873785902089718e-01
2.472387270370145218e-02 3.644235419646391777e-02 4.421095582407784663e-01 4.967242148590563233e-01
3.730525965885933548e-02 5.343334123334728819e-02 3.752899344738686582e-01 5.339714646339244197e-01
5.671619204653483015e-02 7.264901214545323171e-02 2.978379183895769056e-01 5.727968774184355460e-01
8.241356991559056766e-02 9.051369760133497200e-02 2.213350605500072621e-01 6.057376719330670456e-01
1.164356640351337652e-01 1.030430810787750784e-01 1.542177614722585188e-01 6.263034934138327348e-01
1.598460114588798608e-01 1.087762287609724543e-01 1.034824458064866615e-01 6.278953139736609401e-01
2.100711968506066840e-01 1.057419920932027718e-01 7.061561105248598258e-02 6.135712000037050196e-01
2.617560211903475209e-01 9.707289121843475088e-02 4.996304985638083673e-02 5.912080377348366556e-01
3.121783494886296029e-01 8.603085194091603105e-02 3.708756315605404863e-02 5.647032354144004840e-01
3.594114234334103708e-01 7.459777874087399063e-02 2.875294320639833895e-02 5.372378546193175008e-01
4.009716473823362048e-01 6.365200828826513002e-02 2.298375320180627221e-02 5.123925911275918343e-01
4.351505064030194991e-01 5.360243278451910787e-02 1.875808429362565283e-02 4.924889765188355528e-01
4.622875302674637199e-01 4.474476478994261069e-02 1.550465632075682075e-02 4.774630486218366388e-01
4.836933780033772501e-01 3.680611358758258816e-02 1.274768943257893056e-02 4.667528189764610924e-01
5.022008027044052580e-01 3.167060281534760796e-02 1.064015225634386275e-02 4.554884422239032227e-01
5.195285521509620530e-01 2.849117716843821077e-02 8.966969896955801281e-03 4.430133007836439818e-01
5.359047892995298934e-01 2.753867587373810821e-02 7.796976608891927063e-03 4.287595582178398979e-01
5.513333651810458091e-01 2.925347348965044031e-02 7.192797728667890689e-03 4.122203636006358529e-01
5.641836332498277873e-01 3.404553877522118605e-02 7.154488119693489141e-03 3.946163398552575141e-01
5.716385801897290175e-01 4.273316709346829806e-02 7.661286009074026043e-03 3.779669667077288908e-01
5.742987200057271258e-01 5.656452398726952158e-02 8.725016046688351470e-03 3.604117399603149474e-01
5.748675441218817905e-01 7.783063929667405345e-02 1.050843826829743650e-02 3.367933783131465963e-01
5.687450878124185039e-01 1.104020641429498267e-01 1.329542436504824870e-02 3.075574236795836636e-01
5.481113323773734169e-01 1.553899799083073852e-01 1.679969878123787827e-02 2.796989889330814272e-01
5.059535073883716372e-01 2.160277330229193882e-01 2.053339360351199780e-02 2.574853659851967236e-01
4.457457495092381761e-01 2.906015852474997385e-01 2.361466812189539494e-02 2.400379971213664754e-01
3.737949362236350770e-01 3.766518790615011603e-01 2.542023055642421772e-02 2.241329541584395901e-01
2.951132274375533604e-01 4.714502351727645757e-01 2.604840075319356588e-02 2.073881366364886958e-01
2.176104106280631056e-01 5.674286501442427078e-01 2.596875487926418244e-02 1.889921843484297648e-01
9.553179354417457025e-01 1.405280437809888414e-02 5.639513817024912647e-04 3.006530879845289994e-02
3.333798252544115104e-01 2.582965872943597183e-02 8.585772926972067010e-03 6.322047430891805098e-01
3.698699869530850948e-01 2.503967462021742391e-02 8.515148499588117564e-03 5.965751899271093395e-01
4.234934308601064901e-01 2.394100659889792510e-02 8.191808145145711498e-03 5.443737543958496738e-01
4.960424600339881640e-01 2.247132210082201584e-02 7.604712708307872007e-03 4.738815051568816550e-01
5.742102253361455189e-01 2.039934171694291268e-02 6.813076520420783232e-03 3.985773564264906699e-01
6.412130880269401034e-01 1.794161468470786142e-02 5.986412602927116203e-03 3.348588846854246848e-01
6.893256117263718563e-01 1.557678012719245809e-02 5.261092796488217593e-03 2.898365153499474212e-01
7.177742668518074520e-01 1.368494354222721081e-02 4.700817211196447847e-03 2.638399723947690290e-01
7.278940579047294968e-01 1.251851962381189502e-02 4.351478019174278254e-03 2.552359444522842580e-01
7.238745777188302366e-01 1.191569429803141303e-02 4.145012058951094876e-03 2.600647159241870621e-01
7.126740991349912457e-01 1.139990737139445591e-02 3.924118373300018378e-03 2.720018751203141516e-01
7.003731710770845220e-01 1.075683874857749113e-02 3.640657556164424678e-03 2.852293326181735700e-01
6.913309138123955311e-01 9.966072886688805144e-03 3.323922872120958338e-03 2.953790904287947883e-01
6.899982466794996050e-01 8.321115807811063289e-03 2.861439218005325507e-03 2.988191982946841185e-01
6.973958989135723430e-01 7.144062577728219066e-03 2.509088236492058172e-03 2.929509502722071890e-01
7.136852879665228633e-01 6.012705433081536044e-03 2.198968475463288896e-03 2.781030381249320893e-01
7.339969473321019677e-01 5.811971542953334180e-03 2.098458263608942061e-03 2.580926228613357187e-01
7.548350595715359601e-01 5.317126403892107403e-03 1.985600308052481652e-03 2.378622137165193884e-01
7.729248869488249962e-01 5.154202023347563555e-03 1.962037391003478969e-03 2.199588736368241204e-01
7.885265273435038136e-01 5.305851384670146748e-03 2.016523735402830746e-03 2.041510975364231317e-01
8.035675322555080324e-01 5.784009809879404537e-03 2.135922365463189827e-03 1.885125355691492921e-01
8.194419778456464298e-01 6.654826880100808174e-03 2.310413124694271278e-03 1.715927821495586980e-01
8.356926316670645338e-01 7.981887664130285498e-03 2.512595150793938380e-03 1.538128855180113386e-01
8.509473873483159867e-01 9.825059201169333498e-03 2.689292846143747327e-03 1.365382606043711311e-01
8.611984885637388176e-01 1.266319200600386427e-02 2.905367389896653003e-03 1.232329520403608603e-01
8.601989438788519848e-01 1.782528804486778126e-02 3.439673343720856327e-03 1.185360947325596742e-01
8.447803052350412178e-01 2.726295561942880183e-02 4.662731419360935554e-03 1.232940077261690803e-01
8.160683885334637511e-01 4.315078738801729485e-02 7.036410147408697982e-03 1.337444139311102786e-01
7.766221855263688578e-01 6.769605981973823849e-02 1.126071827803471447e-02 1.444210363758580140e-01
7.298936678412453194e-01 1.014884701798938887e-01 1.794796559902807342e-02 1.506698963798328017e-01
6.687993655140549443e-01 1.511148174271741973e-01 2.877867328953260043e-02 1.513071437692387611e-01
5.978745821240195601e-01 2.139042356621137786e-01 4.248466873824534307e-02 1.457365134756212488e-01
5.091462290781628708e-01 2.971728093410588301e-01 6.008683925939150433e-02 1.335941223213867601e-01
4.062395967530475493e-01 3.992719813806661633e-01 7.989815384113672925e-02 1.145902680251498218e-01
2.971780010519523008e-01 5.145569805954781639e-01 9.804661395911155874e-02 9.021840439345762963e-02
1.963305529287161511e-01 6.296985593461326136e-01 1.097397675945185475e-01 6.423112013063285441e-02
1.173689339540762711e-01 7.266142284367704818e-01 1.145214184021755149e-01 4.149541920697773917e-02
6.644197732039815174e-02 7.909153835416307121e-01 1.174268206606483844e-01 2.521581847732282111e-02
3.786932053408038901e-02 8.258691528575442531e-01 1.211985260647802376e-01 1.506300054359528337e-02
2.295009643542463354e-02 8.438140814881646135e-01 1.241365537353310566e-01 9.099268341079786576e-03
1.516834914558728466e-02 8.554900029235167347e-01 1.237466573717084933e-01 5.594990559187539361e-03
1.071187683548101809e-02 8.668376999034845820e-01 1.189796455979725415e-01 3.470777663061540980e-03
7.425958628964751673e-03 8.799787226200119772e-01 1.104532712807484857e-01 2.142047470274722597e-03
5.652333064357552977e-03 8.938671592704640068e-01 9.910341852817861064e-02 1.377089136999531472e-03
4.445546096269475771e-03 9.089270298744173138e-01 8.569973001767347554e-02 9.276940116395741365e-04
3.642656544157907295e-03 9.241619172722342901e-01 7.152948431434882903e-02 6.659418692589877875e-04
3.137325714062503840e-03 9.378521311286850404e-01 5.849589631405294199e-02 5.146468431996386976e-04
2.855260146324970025e-03 9.490831860395755326e-01 4.762888818147893721e-02 4.326656326204305876e-04
2.729817374157064540e-03 9.580863747743171288e-01 3.878632603972318599e-02 3.974818118024757581e-04
2.763404147432168591e-03 9.653488263626006649e-01 3.148631078974110931e-02 4.014587002259206402e-04
3.085261720451423946e-03 9.711370086887719522e-01 2.532375022949944973e-02 4.539793612775366665e-04
3.819945599208888608e-03 9.755670417130702932e-01 2.005224041692698841e-02 5.607722707938060701e-04
5.104871884776734925e-03 9.784134346699879803e-01 1.575687382619051641e-02 7.248196190447259895e-04
7.319601691961458850e-03 9.791334006682431701e-01 1.257036493333168851e-02 9.766327064638813827e-04
1.120929968178142194e-02 9.768887748557398831e-01 1.049803449127763993e-02 1.403890971200844441e-03
1.826102381603963293e-02 9.700050391697304653e-01 9.522208707137684233e-03 2.211728307092149931e-03
3.094419697671587158e-02 9.557982825560614737e-01 9.498154942243753479e-03 3.759365524978844006e-03
5.035874754295298350e-02 9.333087475242407560e-01 9.985756350803775064e-03 6.346748582002631131e-03
7.613714065113724727e-02 9.031557296704666449e-01 1.072241512269905481e-02 9.984714555697179680e-03
1.078998360270810586e-01 8.657253377386705528e-01 1.180362635487083173e-02 1.457119987937756378e-02
1.433428875184118156e-01 8.231540425347948498e-01 1.335481554536644029e-02 2.014825440142685442e-02
1.764689553954644774e-01 7.815318231692480744e-01 1.528096176659036673e-02 2.671825966869701210e-02
2.003406836908199207e-01 7.482508562486391845e-01 1.737079642313010125e-02 3.403766363741100864e-02
2.126884239419544187e-01 7.258153335232643277e-01 1.951896793772667921e-02 4.197727459705485886e-02
2.173602407767208089e-01 7.104254818426413154e-01 2.161716167900077853e-02 5.059711570163707983e-02
2.188785945212080586e-01 6.976892872696818237e-01 2.381087114977684105e-02 5.962124705933342927e-02
2.253402858642790940e-01 6.806482950515104768e-01 2.481744025226259240e-02 6.919397883194761123e-02
2.375879627544417172e-01 6.586613463049948436e-01 2.468070391729099144e-02 7.906998702327239226e-02
2.516362627091420778e-01 6.369775039301526220e-01 2.323396507816192016e-02 8.815226828254323077e-02
2.600707547877615933e-01 6.261241532215685579e-01 2.063371351623798436e-02 9.317137847443207610e-02
2.614452444313661306e-01 6.308586333867981510e-01 1.737266161265601377e-02 9.032346056917947563e-02
5.344591882994198517e-02 8.610768576292333609e-01 4.623146183254504826e-02 3.924576170827981381e-02
7.440567453350871441e-02 8.110471384579346354e-01 6.662292727030295902e-02 4.792425973825320540e-02
9.426798781595611965e-02 7.537195948383867972e-01 9.647014063814610130e-02 5.554227670751066964e-02
1.104474409798485435e-01 6.903171538278477515e-01 1.368591820943216297e-01 6.237622309798200593e-02
1.227935015438892247e-01 6.229412580734989824e-01 1.852857611103635171e-01 6.897947927224773457e-02
1.322378272597681537e-01 5.577243283190294054e-01 2.349008230087750726e-01 7.513702141242736832e-02
1.391866032045806778e-01 5.031068393710630415e-01 2.781605194255326596e-01 7.954603799882375981e-02
1.424319772123770200e-01 4.671916843677161313e-01 3.096293485352882846e-01 8.074698988461864735e-02
1.424433680945090541e-01 4.526171104833393577e-01 3.245149217356356752e-01 8.042459968651549662e-02
1.408846506105454477e-01 4.537084326400178114e-01 3.245258606599371043e-01 8.088105608949992809e-02
1.377899744282786720e-01 4.617271506754062060e-01 3.182447772384815465e-01 8.223809765783383907e-02
1.332637193021570521e-01 4.702267342020915453e-01 3.124814838692427377e-01 8.402806262650852620e-02
1.274344210146541034e-01 4.762866432665914806e-01 3.105670435556117104e-01 8.571189216314276105e-02
1.207841272003747912e-01 4.791227679743473855e-01 3.129450467420580306e-01 8.714805808321939018e-02
1.149651607661973940e-01 4.771689563009838819e-01 3.185044573850044913e-01 8.936142554781448255e-02
1.111127971234696366e-01 4.707489945932261111e-01 3.251662425121712996e-01 9.297196577113309157e-02
1.085715819583984720e-01 4.631410963499676403e-01 3.320499835235288799e-01 9.623733816810482733e-02
1.067653729821704950e-01 4.557058975118712940e-01 3.396108640277598067e-01 9.791786547819827935e-02
1.055160610539728483e-01 4.478451233032233469e-01 3.474131933332053612e-01 9.922562230959834639e-02
1.044965186625460424e-01 4.404977781883819832e-01 3.539510563546787725e-01 1.010546467943936044e-01
1.035788875945430204e-01 4.365780800479769908e-01 3.565756662265840427e-01 1.032673661308958768e-01
1.025851125596605462e-01 4.388962962604687768e-01 3.532838278034475255e-01 1.052347633764225271e-01
1.016496045584400487e-01 4.492614952071283252e-01 3.425406666500181441e-01 1.065482335844134959e-01
1.088939291725205816e-01 7.162426760092250877e-01 7.534168885186855180e-02 9.952170596638565403e-02
1.039029166548865318e-01 7.145991453083401224e-01 8.538878307976927040e-02 9.610915495700422806e-02
1.012365965253450434e-01 7.042868817861253072e-01 9.805706567792776829e-02 9.641945601060190885e-02
1.037078426523010272e-01 6.837294003191993763e-01 1.135794370005312887e-01 9.898332002796819684e-02
1.128225340341243998e-01 6.534815191505283227e-01 1.300080180883746162e-01 1.036879287269727862e-01
1.282638917964744052e-01 6.160016461098025697e-01 1.450553756591333177e-01 1.106790864345895825e-01
1.486248779830400546e-01 5.737046779036054645e-01 1.581348983680531672e-01 1.195355457453011055e-01
1.710822064268278930e-01 5.292943348229720568e-01 1.708308278444253814e-01 1.287926309057747798e-01
1.899322064463188076e-01 4.877328620170134910e-01 1.868117186047737743e-01 1.355232129318939271e-01
1.971221240500927729e-01 4.547803791103524618e-01 2.122259290957188849e-01 1.358715677438357972e-01
1.869500879206114075e-01 4.323220353337807187e-01 2.539153425959038146e-01 1.268125341497039205e-01
1.635851274882088591e-01 4.078079377737062750e-01 3.187313170671126072e-01 1.098756176709720367e-01
1.393171162259302098e-01 3.769383963247697755e-01 3.916674276098573437e-01 9.207705983944261541e-02
1.260601180342821315e-01 3.448323505644622644e-01 4.499002626750521205e-01 7.920726872620362236e-02
1.238265921424760441e-01 3.256073590706508036e-01 4.794701600088297488e-01 7.109588877804322304e-02
1.273472459614015118e-01 3.246307552992195311e-01 4.834332908447672716e-01 6.458870789461168549e-02
1.280893336766171786e-01 3.401130897468911396e-01 4.749733505626574370e-01 5.682422601383411986e-02
1.193384409474740893e-01 3.667434459791386048e-01 4.665644969935563990e-01 4.735361607983090693e-02
1.017164230628187643e-01 3.974443564596193412e-01 4.631230652157523053e-01 3.771615526180951972e-02
7.732579205481585061e-02 4.289938066021389829e-01 4.647653953189595510e-01 2.891500602408517487e-02
5.261326192601441243e-02 4.573486276492351732e-01 4.686019850272790666e-01 2.143612539747143803e-02
3.230438858797916174e-02 4.779517412066605075e-01 4.741291499738889414e-01 1.561472023147147600e-02
1.841674984131707118e-02 4.855327760886410937e-01 4.844369870754512974e-01 1.161348699459043357e-02
1.019516876948142574e-02 4.768306622455645849e-01 5.035954706984612228e-01 9.378698286492674618e-03
5.826927532667040659e-03 4.533151857314346445e-01 5.320070139012837984e-01 8.850872834614798360e-03
3.597358206121713600e-03 4.168988616552060655e-01 5.697393389861903357e-01 9.764441152482171427e-03
2.345658436231483693e-03 3.669560197911864163e-01 6.193134972001490546e-01 1.138482457243311825e-02
1.593522061490849516e-03 3.097907565222463022e-01 6.750756495180618710e-01 1.354007189820136993e-02
1.144044987735593497e-03 2.556969255032069399e-01 7.262382846046355755e-01 1.692074490442223300e-02
8.766977430637233571e-04 2.122060180128891027e-01 7.639769455750914373e-01 2.294033866895550666e-02
7.420842968613484969e-04 1.834572187160551093e-01 7.806701066471065653e-01 3.513059033997670277e-02
8.107402071523243806e-04 1.751168395156056934e-01 7.589936948518917204e-01 6.507872542535057814e-02
1.337792333529760642e-03 1.916433746629821189e-01 6.609439415531564999e-01 1.460748914503318951e-01
2.159763006037258241e-03 2.109484020800221349e-01 4.701978214597278272e-01 3.166940134542127194e-01
2.327107898223184767e-03 1.880333340676460241e-01 2.800041201125607615e-01 5.296354379215701957e-01
1.989026871109399099e-03 1.387429565630672879e-01 1.597843833318512430e-01 6.994836332339723350e-01
1.726514809662953610e-03 9.743563530727068767e-02 9.584937728371628607e-02 8.049884725993502466e-01
1.619618204705267246e-03 7.303903745436890471e-02 6.274003513609814620e-02 8.626013092048275821e-01
1.629646009410584510e-03 6.291223494190939514e-02 4.547128797647426862e-02 8.899868310722055531e-01
1.741212621305350278e-03 6.414582545019956172e-02 3.642392359614834291e-02 8.976890383323465894e-01
1.994710263790948953e-03 7.498345296515492031e-02 3.101093826158727099e-02 8.920108985094664655e-01
2.530716436095908212e-03 9.321343310961921480e-02 2.665928530723770534e-02 8.775965651470473139e-01
3.485423534019676649e-03 1.149421522582513289e-01 2.282744973350481557e-02 8.587449744742241542e-01
4.877127228074498722e-03 1.353580926824591024e-01 1.990336690412316048e-02 8.398614131853430198e-01
6.544879273409361098e-03 1.514091235745615716e-01 1.823521173855539509e-02 8.238107854134737451e-01
8.400752043957951040e-03 1.656674467118011973e-01 1.811031046445467710e-02 8.078214907797860445e-01
1.066413513419946571e-02 1.854805099231069399e-01 1.989726696383214630e-02 7.839580879788615730e-01
1.329357825699726062e-02 2.170448026237762340e-01 2.382797643770221893e-02 7.458336426815245224e-01
1.579346224747560368e-02 2.599330302857779107e-01 2.975555644410760731e-02 6.945179510226388020e-01
1.833219162141368555e-02 3.057716511809602800e-01 3.738715403258015268e-02 6.385090031650458853e-01
2.209833736959692860e-02 3.443664065065173974e-01 4.651754873391646117e-02 5.870177073899692788e-01
2.869464021965435416e-02 3.737251323786538459e-01 5.675648513986440019e-02 5.408237422618271673e-01
3.993348939628193345e-02 3.966955953933408163e-01 6.736056552526319130e-02 4.960103496851142046e-01
5.793777664896675866e-02 4.134502616390561824e-01 7.748887357905419326e-02 4.511230881329226228e-01
8.410033255855837997e-02 4.227729398484084689e-01 8.711115786734242861e-02 4.060155697256907503e-01
1.173284535684635810e-01 4.250219555838397612e-01 9.730811634447088243e-02 3.603414745032259003e-01
1.551553662085834451e-01 4.229471222287226051e-01 1.095699753022719714e-01 3.123275362604219230e-01
2.001739532209307337e-01 4.180831669972403519e-01 1.204199553534530398e-01 2.613229244283754582e-01
2.586127877354849058e-01 4.011300997383403510e-01 1.280592604844707494e-01 2.121978520417037994e-01
3.399594236227994615e-01 3.631478487614394624e-01 1.250786583762581450e-01 1.718140692395026536e-01
4.451572896164472937e-01 3.060280388777373850e-01 1.063656999259263297e-01 1.424489715798892275e-01
5.620345136133475528e-01 2.398766640853061127e-01 7.601987638775842271e-02 1.220689459135877591e-01
6.616954636242179388e-01 1.823762774640955153e-01 4.780125956226328326e-02 1.081269993494231307e-01
7.316098232936719681e-01 1.400274058134274024e-01 2.925732713408517316e-02 9.910544375881544243e-02
7.707219156553907213e-01 1.150908531882549046e-01 1.956961504873474741e-02 9.461761610761944274e-02
7.863160372723305702e-01 1.040305251420903937e-01 1.482381673713176543e-02 9.482962084844719086e-02
7.799728521273397996e-01 1.059861988219960721e-01 1.283427592145171617e-02 1.012066731292122629e-01
7.556343916070479283e-01 1.175970121340802338e-01 1.206546259124130493e-02 1.147031336676305469e-01
7.170195016634602903e-01 1.363689614379202664e-01 1.189953190407536457e-02 1.347120049945438602e-01
6.706397567410707916e-01 1.587602021028189092e-01 1.212629913614293037e-02 1.584737420199672786e-01
6.248038101089231633e-01 1.803999556714750707e-01 1.270391107875690380e-02 1.820923231408444753e-01
5.861160282944170019e-01 1.971649955935690091e-01 1.360596369299080406e-02 2.031130124190232145e-01
5.544603864068302634e-01 2.077517952493782294e-01 1.479393212763448207e-02 2.229938862161569835e-01
5.235371406273122696e-01 2.143637538732500458e-01 1.628315800539751126e-02 2.458159474940402878e-01
4.884991503184647477e-01 2.194500265725396193e-01 1.821631813604399769e-02 2.738345049729519198e-01
4.509489761480722780e-01 2.236965737546807165e-01 2.066427930368415489e-02 3.046901707935629755e-01
4.164279130628632530e-01 2.275560701978546763e-01 2.341265975665617061e-02 3.326033569826257197e-01
3.874573564167679285e-01 2.321204515526499590e-01 2.594510483316415927e-02 3.544770871974182169e-01
3.619651772309633309e-01 2.384479734614380064e-01 2.777144577765299632e-02 3.718154035299454652e-01
3.384452887563014767e-01 2.474629957380241052e-01 2.893513335563723324e-02 3.851565821500368414e-01
3.181339386639636668e-01 2.591182148551634534e-01 2.968040630336799685e-02 3.930674401775050009e-01
3.018578393099334845e-01 2.731197957848665592e-01 3.015332780082338390e-02 3.948690371043767633e-01
2.878336673947162194e-01 2.898869279107221808e-01 3.028790556640489212e-02 3.919914991281566730e-01
2.747443285054603779e-01 3.096983167598709175e-01 2.988782161629129769e-02 3.856695331183769282e-01
2.640663397055425521e-01 3.300593629229284787e-01 2.882314565661494438e-02 3.770511517149141012e-01
2.582576165308331784e-01 3.462098322263182926e-01 2.713045220470558516e-02 3.684020990381430272e-01
2.591731527861964590e-01 3.550584332665291942e-01 2.494663396149394280e-02 3.608217799857802444e-01
2.686687352981596000e-01 3.555149315757333284e-01 2.248928441577028106e-02 3.533270487103363777e-01
2.867690842016923369e-01 3.484474781580447766e-01 2.001351938645264811e-02 3.447699182538101481e-01
