3.340686348481181622e-01 6.506698249886622154e-02 2.370668653473840537e-01 3.637975173056316458e-01
7.308760959442648364e-01 8.087462537871514812e-02 1.034348737310176042e-01 8.481440494600250846e-02
7.358469379522384335e-01 8.104965191378642186e-02 1.052916519954966157e-01 7.781175813847877876e-02
7.237478574617879357e-01 8.733095743448542059e-02 1.118665955157389230e-01 7.705458958798766522e-02
6.978108138872577415e-01 1.001032034401306975e-01 1.217874357811190161e-01 8.029854689149226732e-02
6.731428470392721852e-01 1.145832454428118291e-01 1.297981561189052169e-01 8.247575139901057450e-02
6.548502182499027491e-01 1.289167505843197004e-01 1.357755673143084540e-01 8.045746385146940183e-02
6.339535279790660116e-01 1.477743208967294275e-01 1.437378118128357363e-01 7.453433931136871360e-02
5.995372116162768217e-01 1.791603884574998473e-01 1.547097226638672607e-01 6.659267726235638951e-02
5.556011808277633302e-01 2.207259981628116319e-01 1.656963564902906583e-01 5.797646451913422011e-02
5.080786619144914695e-01 2.675083308588422359e-01 1.751456173677355677e-01 4.926738985893076156e-02
4.583808410764387831e-01 3.150369703691006107e-01 1.851880556228320818e-01 4.139413293162842039e-02
4.044224890645728987e-01 3.623809743139270734e-01 1.982488438333636083e-01 3.494769278813650293e-02
3.473467773701921502e-01 4.079486896888751546e-01 2.148003600943524938e-01 2.990417284658017719e-02
2.919068655789823774e-01 4.478924795796647707e-01 2.339537909592168674e-01 2.624686388213619270e-02
2.461412902100352518e-01 4.766399251009654225e-01 2.532623082600919395e-01 2.395647642890783718e-02
2.122848354160453976e-01 4.948200485803603277e-01 2.700599488818858362e-01 2.283516712170848700e-02
1.898066849141742118e-01 5.075608363480744734e-01 2.803992495357372494e-01 2.223322920201417988e-02
1.744651087618786234e-01 5.216404633270735891e-01 2.825137573282439640e-01 2.138067058280391022e-02
1.604976449571091646e-01 5.431118020875704833e-01 2.764774920651070778e-01 1.991306089021314257e-02
1.457013503037993263e-01 5.712698210576183655e-01 2.646545492993016557e-01 1.837427933928056228e-02
1.315642334229118748e-01 5.981042046869374795e-01 2.526683352931485826e-01 1.766322659700247238e-02
1.166617790275778499e-01 6.195906013222142183e-01 2.453258557114396388e-01 1.842176393876829993e-02
9.781245807967096917e-02 6.375106636866469945e-01 2.439232572363781715e-01 2.075362099730345203e-02
7.453271453753534947e-02 6.528171384266409083e-01 2.482195587529390235e-01 2.443058828288501363e-02
5.130372125701326141e-02 6.620539711825580431e-01 2.576143053809254457e-01 2.902800217950328443e-02
3.295494838017831718e-02 6.615307512406890522e-01 2.717750302275780405e-01 3.373927015155459008e-02
2.071118826589170292e-02 6.516154384624127660e-01 2.899480457300654401e-01 3.772532754163014646e-02
1.314983720085497083e-02 6.354965097295715015e-01 3.104355446524775797e-01 4.091810841709571378e-02
9.164194689581189532e-03 6.141466333460476879e-01 3.324062057871944309e-01 4.428296617717665529e-02
7.097668623273495868e-03 5.890105235554454755e-01 3.550940695614824283e-01 4.879773825979871055e-02
6.314443602963266435e-03 5.597007611079473088e-01 3.788559217330986773e-01 5.512887355599076222e-02
6.395608250735284640e-03 5.265786518027848473e-01 4.038175280035865011e-01 6.320821194289318046e-02
7.072020226236200822e-03 4.921531601418999147e-01 4.288766144526806601e-01 7.189820517918321663e-02
8.133058349469994910e-03 4.594373261805874686e-01 4.528690458224059467e-01 7.956056964753671634e-02
9.352497717284278395e-03 4.319619159848285816e-01 4.747578038775228659e-01 8.392778242036423586e-02
1.036334658184442231e-02 4.138709358888217338e-01 4.922582228108276503e-01 8.350749471850608951e-02
1.087871795640585858e-02 4.052667119402931228e-01 5.031223603879428907e-01 8.073220971535807755e-02
1.139270508789686810e-02 4.025467330869718641e-01 5.050870225270270852e-01 8.097353929810399698e-02
1.278098706535440651e-02 4.010710217816754741e-01 4.983475406230185034e-01 8.780045052995143207e-02
1.552799619506083778e-02 3.990250036291055902e-01 4.850179607610867194e-01 1.004290394147467624e-01
1.970108342929179079e-02 3.967120866173594607e-01 4.679712271645716237e-01 1.156156027887775134e-01
2.501313895337435936e-02 3.944896201796917468e-01 4.503234895781145775e-01 1.301737512888193338e-01
3.083984077022750014e-02 3.930476012857136991e-01 4.340553299887010552e-01 1.420572279553578288e-01
3.632214187016562928e-02 3.943182669408978325e-01 4.188685644945245867e-01 1.504910266944122776e-01
4.082396413328895357e-02 4.000880862881741051e-01 4.023120928530132812e-01 1.567758567255237157e-01
4.423062766390478684e-02 4.108411123578163404e-01 3.814267846412321972e-01 1.635014753370465923e-01
4.683968492923357152e-02 4.257736307028892053e-01 3.555979396975247897e-01 1.717887446703523779e-01
4.875426019308141956e-02 4.447221008615801496e-01 3.278340947476808820e-01 1.786895441976578125e-01
4.963125957855123865e-02 4.682777727551851732e-01 3.010636010327107370e-01 1.810273666335527887e-01
4.961266982641329704e-02 4.896730553501369432e-01 2.772685893271980562e-01 1.834456854962520089e-01
5.143588574424132892e-02 4.971869027977822708e-01 2.579765443574277839e-01 1.934006671005487343e-01
5.441154331054090521e-02 4.906373225644316549e-01 2.431139450135039737e-01 2.118371891115235495e-01
5.753152669440422806e-02 4.811183175668652390e-01 2.313510178949979013e-01 2.299991378437326039e-01
5.924558236142971057e-02 4.837755950482132694e-01 2.201486621409693978e-01 2.368301604493880386e-01
6.012526150479710618e-02 4.992900081123574640e-01 2.123034930445747703e-01 2.282812373382706039e-01
6.010109660783159724e-02 5.253764754059419007e-01 2.066542732594497944e-01 2.078681547267766661e-01
5.798217533073132118e-02 5.603562938944910421e-01 1.984642160565426028e-01 1.831973147182351380e-01
5.481165453720292929e-02 5.957866904535491503e-01 1.875017438904040545e-01 1.618999111188438589e-01
5.107595552215252882e-02 6.284065986570721574e-01 1.720026723260389412e-01 1.485147734947361020e-01
4.923769786641946089e-02 6.521015838615482618e-01 1.544788365547828668e-01 1.441818817172491607e-01
4.912831949474434634e-02 6.656746788521435976e-01 1.362970661833715347e-01 1.488999354697406741e-01
5.139881415184816699e-02 6.628149230208828513e-01 1.196573420512403174e-01 1.661289207760286435e-01
5.833654203699519675e-02 6.311237828517365367e-01 1.060674200849945348e-01 2.044722550262736416e-01
7.364266977262226566e-02 5.618815693056544713e-01 9.426699016128708974e-02 2.702087707604360345e-01
9.874241114617782200e-02 4.683365034730891385e-01 8.203007988746410795e-02 3.508910054932689038e-01
1.306010445006202669e-01 3.794730708934135888e-01 7.069947600953731259e-02 4.192264085964289566e-01
1.633788419670369751e-01 3.109338071862448594e-01 6.198821655231397110e-02 4.636991342944041805e-01
1.877848670333826797e-01 2.608317982815219760e-01 5.658692409997193029e-02 4.947964105851234140e-01
1.968560257589643259e-01 2.216161731482873820e-01 5.444308002133158020e-02 5.270847210714164621e-01
1.902826669307248753e-01 1.851260975510621298e-01 5.482231361619017279e-02 5.697689219020227736e-01
1.693269508216708741e-01 1.487846031343191822e-01 5.709292509840871443e-02 6.247955209456013126e-01
4.678598077531339466e-02 3.268309673124940307e-02 3.191038346326431907e-01 6.014270878607939075e-01
9.554339832694146162e-02 6.381726950555497435e-01 1.969392160133437986e-01 6.934469060416485753e-02
1.289035623316870105e-01 5.306779296800652190e-01 2.531490860218118533e-01 8.726942196643591720e-02
1.616542197152886773e-01 4.359433323621569323e-01 2.976473281042187891e-01 1.047551198183355736e-01
1.895964875560827156e-01 3.701541887829982169e-01 3.229641661093529681e-01 1.172851575515662659e-01
2.131529812881177710e-01 3.320820517702602337e-01 3.316965608511679431e-01 1.230684060904538163e-01
2.335452717326973460e-01 3.149399991451555247e-01 3.286434381524880322e-01 1.228712909696593747e-01
2.494588122223279913e-01 3.137299844043651698e-01 3.182930261251269433e-01 1.185181772481792850e-01
2.588652707303905620e-01 3.250892738677987337e-01 3.049214423899355153e-01 1.111240130118751612e-01
2.631109721484543584e-01 3.464030825226299126e-01 2.889916725992958679e-01 1.014942727296196529e-01
2.614024657894645221e-01 3.763395760862740524e-01 2.715196783911553724e-01 9.073827973310595596e-02
2.477628806624279922e-01 4.121869020253054461e-01 2.599087640966435964e-01 8.014145321562250734e-02
2.226581174467123225e-01 4.447120915822586062e-01 2.618044261305511045e-01 7.082536484047788350e-02
1.941801595880797981e-01 4.623750496596909509e-01 2.808942392830675039e-01 6.255055146916177478e-02
1.686222522966968063e-01 4.587665881098189624e-01 3.178992894746363040e-01 5.471187011884796891e-02
1.469367970655141575e-01 4.309984489526204054e-01 3.739989688418592362e-01 4.806578514000638125e-02
1.265952197430014747e-01 3.783614358797152133e-01 4.507831828091596882e-01 4.426016156812331154e-02
1.082953354939851093e-01 3.052409449789691420e-01 5.421641334851154959e-01 4.429958604193003080e-02
8.915460094902244448e-02 2.313566713116635420e-01 6.318730323349741607e-01 4.761569540433981812e-02
7.285934468699364897e-02 1.716135892733068602e-01 7.004240153727400164e-01 5.510305066695921072e-02
6.152250163234354585e-02 1.298627463779930824e-01 7.383379439701173164e-01 7.027680801954618028e-02
5.403383877496412829e-02 1.020685436278995634e-01 7.461545287335534793e-01 9.774308886358290538e-02
4.741835404160072570e-02 8.251097046123177792e-02 7.290122141435945169e-01 1.410584613535732501e-01
3.977187660326347851e-02 6.722181607631493028e-02 6.899170631345487026e-01 2.030892441858727915e-01
3.118885820093742628e-02 5.443507002960230184e-02 6.268234465676643108e-01 2.875526252017960305e-01
2.290725008292681872e-02 4.318584476316728732e-02 5.359757441110366560e-01 3.979311610428689638e-01
1.592935952867223504e-02 3.278452333540981395e-02 4.205579057080605643e-01 5.307282114278571994e-01
1.050134038584368129e-02 2.348903920388876326e-02 2.982250684354953441e-01 6.677845519747721559e-01
6.642826385397426758e-03 1.639714491052037329e-02 1.958396251835453628e-01 7.811204035205365770e-01
4.374888992804478773e-03 1.229913623291982623e-02 1.289068364545593870e-01 8.544191383197162759e-01
3.357556444947747305e-03 1.085708152603397265e-02 9.356975558179227159e-02 8.922156064472259729e-01
3.109747397041925324e-03 1.144370858811818645e-02 7.926814039645334320e-02 9.061784036183864188e-01
3.266569472951829593e-03 1.354199941315147558e-02 7.745928172065522088e-02 9.057321493932417589e-01
3.543407583740287598e-03 1.640827438838011673e-02 8.208296916246486663e-02 8.979653488654150140e-01
3.734127661811973992e-03 1.899722129500660758e-02 8.888483820003083291e-02 8.883838128431504888e-01
3.761538175436421935e-03 2.054358229587311194e-02 9.542605574211862618e-02 8.802688237865715637e-01
3.653857708587364937e-03 2.093376663897206572e-02 1.001771242864780004e-01 8.752352513659623634e-01
3.484310944224061363e-03 2.035994932473996974e-02 1.023936496219295389e-01 8.737620901091064374e-01
3.319753178417374998e-03 1.899083710141302034e-02 1.030041379522453476e-01 8.746852717679240996e-01
3.207042317729233774e-03 1.707709463465353558e-02 1.034363944595390189e-01 8.762794685880782586e-01
3.146262025046249727e-03 1.492446730210224629e-02 1.034798551524694077e-01 8.784494155203822485e-01
3.089962506450630482e-03 1.276001326792396834e-02 1.024421942786824941e-01 8.817078299469430780e-01
2.999639156400585316e-03 1.084992681242163623e-02 1.012158831361437555e-01 8.849345508950341443e-01
2.881104332243494218e-03 9.374228199550653853e-03 1.014375066664800901e-01 8.863071608017255576e-01
2.742931905254588840e-03 8.211006241073560280e-03 1.029921389722423669e-01 8.860539228814291457e-01
2.630153047125925216e-03 7.337577670045763306e-03 1.047440645292714301e-01 8.852882047535567400e-01
2.590633676311920701e-03 6.858770338323479619e-03 1.064358003412550491e-01 8.841147956441093303e-01
2.656875616274377398e-03 6.796653122994563041e-03 1.091384591670637449e-01 8.814080120936671481e-01
2.891922465781172642e-03 7.219031394524449453e-03 1.146925932011082228e-01 8.751964529385859448e-01
3.324527621436985502e-03 8.133729521686672292e-03 1.235453838276652921e-01 8.649963590292109039e-01
3.925857482881904212e-03 9.483771597558894942e-03 1.336045083495995822e-01 8.529858625699596741e-01
4.694546363731217850e-03 1.140783126708952259e-02 1.427662970210921145e-01 8.411313253480868779e-01
5.664499900482415119e-03 1.413432805648823058e-02 1.513566570807343414e-01 8.288445149622948316e-01
6.790621438658150759e-03 1.774837452161812448e-02 1.598837042093812777e-01 8.155772998303424393e-01
7.962893625907940462e-03 2.227946089285958928e-02 1.679781517487269060e-01 8.017794937325055660e-01
9.128448148545072888e-03 2.776465216332103803e-02 1.763393206186939510e-01 7.867675790694399485e-01
1.033128850286727136e-02 3.419421895550540935e-02 1.865389116665218949e-01 7.689355808751054955e-01
1.168431062627643853e-02 4.133982255773304554e-02 1.996280446207245873e-01 7.473478221952658540e-01
1.334654315044759947e-02 4.926557242134167736e-02 2.172419749214873907e-01 7.201459095067231919e-01
1.606115028943618656e-02 5.910754758694625882e-02 2.432001268708751940e-01 6.816311752527424161e-01
1.871682582587954821e-02 7.336164408013147453e-02 2.830678407630123905e-01 6.248536893309770690e-01
2.155101765196696870e-02 9.397415853931935514e-02 3.385686211681889768e-01 5.459062026405248069e-01
2.384047025567158362e-02 1.211804469572816262e-01 3.993279658979688729e-01 4.556511168890781671e-01
2.435568024548918561e-02 1.523810607503188197e-01 4.484751222328811071e-01 3.747881367713109535e-01
2.447121431999979557e-02 1.823731786062648963e-01 4.785375741803963856e-01 3.146180328933391168e-01
2.479826435993879100e-02 2.100940225513840964e-01 4.943631325252718089e-01 2.707445805634047242e-01
2.621798707534212999e-02 2.339440047486739394e-01 5.068173220492643294e-01 2.330206861267196394e-01
2.877057455981129122e-02 2.550132173920929834e-01 5.166764138240377280e-01 1.995397942240579869e-01
3.227578083320074842e-02 2.780637303414139616e-01 5.160240892585395978e-01 1.736363995668458171e-01
3.679872443561316153e-02 3.103874694159325931e-01 4.969475163230284154e-01 1.558662898254261631e-01
4.264775658578408984e-02 3.598784924743830271e-01 4.540729845701069189e-01 1.434007663697258461e-01
4.936745921138865206e-02 4.303370648330978598e-01 3.869991200376222129e-01 1.332963559178911850e-01
5.034990661327657380e-01 6.512340412332581763e-02 3.601477985837878149e-02 3.953627498855294409e-01
6.367102731668832227e-01 9.900309829317213706e-02 1.640302575501101368e-01 1.002563709898346006e-01
6.701285884356225075e-01 9.153824408134111912e-02 1.448868472902940241e-01 9.344632019274247414e-02
6.999639259258049195e-01 8.417387704818370120e-02 1.304771607969266167e-01 8.538503622908470703e-02
7.163346667402467061e-01 8.129588881872322481e-02 1.243542912311039333e-01 7.801515320992624680e-02
7.140207258104454002e-01 8.482003499507198563e-02 1.284676579712681066e-01 7.269158122321439652e-02
6.931402777309161323e-01 9.461593902457822447e-02 1.427639790601296921e-01 6.947980418437585404e-02
6.576033285692631791e-01 1.091617013240559347e-01 1.655383390031475999e-01 6.769663110353343893e-02
6.131703314232544999e-01 1.267149686964635091e-01 1.938475351463461727e-01 6.626716473393573503e-02
5.649253646343799229e-01 1.465739411418272298e-01 2.243125522058451171e-01 6.418814201794778573e-02
5.168957665917358613e-01 1.696757606080230019e-01 2.526750566515826857e-01 6.075341614865865936e-02
4.677050621521846585e-01 2.010899308108116956e-01 2.750041016638182234e-01 5.620090537318562368e-02
4.150216969925229482e-01 2.483217729419166797e-01 2.855358454336069940e-01 5.112068463195342666e-02
3.614125792317469665e-01 3.166846821361721243e-01 2.763254774561237359e-01 4.557726117595713861e-02
3.071832802386663119e-01 4.076177866545313000e-01 2.454367659500745480e-01 3.976216715672774987e-02
2.503931344255279079e-01 5.147761750389016067e-01 2.008105773864855559e-01 3.402011314908472139e-02
1.920597124089662433e-01 6.233871616015191908e-01 1.557842456864429459e-01 2.876888030307183167e-02
1.386698282130663096e-01 7.170563698723192436e-01 1.200568771967481657e-01 2.421692471786653783e-02
9.614373594321035110e-02 7.885686621559393483e-01 9.516188630502843415e-02 2.012571559582214051e-02
6.491326101156119632e-02 8.405913003499907443e-01 7.816061005132303452e-02 1.633482858712488606e-02
4.386906525225876124e-02 8.758043192122098031e-01 6.716369785010117832e-02 1.316291768543049155e-02
3.107175993439013212e-02 8.956078880873321602e-01 6.228115674717966954e-02 1.103919523109823941e-02
2.440064177447132110e-02 8.999754508572859191e-01 6.525103456331853014e-02 1.037287280492423143e-02
2.149479962985392789e-02 8.865028561000694030e-01 8.038954346908840087e-02 1.161280080098823185e-02
2.324936964508457493e-02 8.472568228490841014e-01 1.138154451441674986e-01 1.567836236166402983e-02
2.816711810585913536e-02 7.766555495900888673e-01 1.714745130134388285e-01 2.370281929061315157e-02
3.743685172943811423e-02 6.719995206944048283e-01 2.533051264215581133e-01 3.725850115459911072e-02
5.118580712941014216e-02 5.493704246766990540e-01 3.424548721128333195e-01 5.698889608105801169e-02
6.780393306950427412e-02 4.360650570153535854e-01 4.138826608448741839e-01 8.224834907026763731e-02
8.354471834314729228e-02 3.468950468310844637e-01 4.586137215654221277e-01 1.109465132603459775e-01
9.767383268665885687e-02 2.778672647694473419e-01 4.840039860529525839e-01 1.404549164909416059e-01
1.098192246663025340e-01 2.178730421184366384e-01 5.007490755473589239e-01 1.715586576679017650e-01
1.207694947434319738e-01 1.605679541910558505e-01 5.076378448523769515e-01 2.110247062131349327e-01
1.278386547796891426e-01 1.091990707080785078e-01 4.953683902460765398e-01 2.675938842661554906e-01
1.304972033748236782e-01 6.642676537045145990e-02 4.585350093936882421e-01 3.445410218610363562e-01
1.240309929124826377e-01 3.635373905705225478e-02 4.058353995194448616e-01 4.337798685110200725e-01
1.048410784766946602e-01 1.920592377999852385e-02 3.527019278250502765e-01 5.232510699182567615e-01
7.697017630078446804e-02 1.054917148130260322e-02 3.073387673830781930e-01 6.051418848348348867e-01
4.934252033264061726e-02 6.101971162289410514e-03 2.667273143095629795e-01 6.778281941955066614e-01
2.818856337989307861e-02 3.642838903028251373e-03 2.261104692052596787e-01 7.420581285118189596e-01
1.502659340871008095e-02 2.235561714542401868e-03 1.872786769615830960e-01 7.954591679151642447e-01
8.224130502909732590e-03 1.466914689571785025e-03 1.562577690545400300e-01 8.340511857529784301e-01
5.142742436348616587e-03 1.075000514322285066e-03 1.352638943424916140e-01 8.585183627068376788e-01
3.838633494055717927e-03 8.871911334909299632e-04 1.205926865256154168e-01 8.746814888468378291e-01
3.297995684383904762e-03 7.915561028223918856e-04 1.068046310261106802e-01 8.891058171866832449e-01
3.040726718655397016e-03 7.300668671028687001e-04 9.111390938869465272e-02 9.051152970255468277e-01
2.933552708698996050e-03 7.240076314812327919e-04 7.598316326572523982e-02 9.203592763940944277e-01
3.028600694147094621e-03 8.273733490573627206e-04 6.526946991419581290e-02 9.308745560425997212e-01
3.365644880357610697e-03 1.085913291442808454e-03 5.962885931949560986e-02 9.359195825087039955e-01
3.886142920498790888e-03 1.522125947344352744e-03 5.707433696742955642e-02 9.375173941647270137e-01
4.060331320316038807e-03 2.411672230362713835e-03 5.618352180771300775e-02 9.373444746416080831e-01
4.416532026451532728e-03 2.929316346843075045e-03 5.620735548988476521e-02 9.364467961368205806e-01
5.511824310969937538e-03 3.621749008577478633e-03 5.694791411574724044e-02 9.339185125647054830e-01
6.437329874606844728e-03 4.743651325617825876e-03 6.004270977326709585e-02 9.287763090265084287e-01
8.525946388236315884e-03 7.002063680674935897e-03 6.818246737563211923e-02 9.162895225554569256e-01
1.298225135579460579e-02 1.203207735374059624e-02 8.312602018025402884e-02 8.918596511102110380e-01
2.099080433673509993e-02 2.241249927918900070e-02 1.039502027521589794e-01 8.526464936319169130e-01
3.258919012635318885e-02 4.092894314209720441e-02 1.278082830371575496e-01 7.986735836943921196e-01
4.602061563875123329e-02 6.791384271842189346e-02 1.508078825707958037e-01 7.352576590720311112e-01
5.949445408608197011e-02 9.919388280291666082e-02 1.707136469892775732e-01 6.705980161217237612e-01
7.102526939406071660e-02 1.318935382195045858e-01 1.866522322854679561e-01 6.104289601009668109e-01
8.079439554374272248e-02 1.618264366286779887e-01 1.987764521446237498e-01 5.586027156829556084e-01
9.096103599780697158e-02 1.832889356992012109e-01 2.072636219810108649e-01 5.184864063219808417e-01
1.020206877260875916e-01 1.978286359225968627e-01 2.103264318553180467e-01 4.898242444959975961e-01
1.131960920201800225e-01 2.124257058665152409e-01 2.093569032252060036e-01 4.650212988880984555e-01
1.243872741723234671e-01 2.328125091490060583e-01 2.040810271052097835e-01 4.387191895734605662e-01
1.361350192134182235e-01 2.620279804624049413e-01 1.948443107482284997e-01 4.069926895759485297e-01
1.480821141057010182e-01 2.995188917191302647e-01 1.843901885192169299e-01 3.680088056559517318e-01
1.583439143144369510e-01 3.377660361623459617e-01 1.765638417798484350e-01 3.273262077433685691e-01
1.640152733040494137e-01 3.655746825929839239e-01 1.747157333948891056e-01 2.956943107080775013e-01
1.651558912352604769e-01 3.771216874093645255e-01 1.793704832574503638e-01 2.783519380979247448e-01
1.657353822566712265e-01 3.754877202904730593e-01 1.874943008137212874e-01 2.712825966391346211e-01
6.017067015764052118e-02 1.333231214867613978e-02 4.545873310001264933e-01 4.719096866935567625e-01
8.188221121490096843e-01 5.768581468107440713e-02 5.540213120271979264e-02 6.808994196719633796e-02
7.821848370258421834e-01 6.736961887189012177e-02 7.271104076419668272e-02 7.773450333807083168e-02
7.449775844385755352e-01 7.732517850157025197e-02 9.170753035125286945e-02 8.598970670860139887e-02
7.073881554800726112e-01 8.707672273799017815e-02 1.125082070550377650e-01 9.302691472689947338e-02
6.698804936036952817e-01 9.572647329412341255e-02 1.359508961752054768e-01 9.844213692697589835e-02
6.325222764813455134e-01 1.016965321351267354e-01 1.638823143587584963e-01 1.018988770247692272e-01
5.879854208408766825e-01 1.076558621644470581e-01 2.002406373884344226e-01 1.041180796062417119e-01
5.399208913112423236e-01 1.127669542565870597e-01 2.433036233784517943e-01 1.040085310537186142e-01
4.970030694221422296e-01 1.157619698839666422e-01 2.871560485871005874e-01 1.000789121067907766e-01
4.633650536018819599e-01 1.161199352159520415e-01 3.270924790103282853e-01 9.342253217183774106e-02
4.379851655521087017e-01 1.158754502526448266e-01 3.603625355742196001e-01 8.577684862102685770e-02
4.181601863647365636e-01 1.150391010064467090e-01 3.895534559617649939e-01 7.724725666705173355e-02
4.069235851701345497e-01 1.151095499900849917e-01 4.104604786858272458e-01 6.750638615395325448e-02
4.093520084577882412e-01 1.149465307878932696e-01 4.196307467422654147e-01 5.607071401205299815e-02
4.287962071538262143e-01 1.138784943895504165e-01 4.136362603269259641e-01 4.368903812969727324e-02
4.606467080038362805e-01 1.134882535729536540e-01 3.932465102653864841e-01 3.261852815782358139e-02
4.948928295114177200e-01 1.144365140815933046e-01 3.664723684405743476e-01 2.419828796641430510e-02
5.255621454007313176e-01 1.151470692723294692e-01 3.412123900476209948e-01 1.807839527931820456e-02
5.502717537684495008e-01 1.146574858199001790e-01 3.212532978559093366e-01 1.381746255574059501e-02
5.697662200933968357e-01 1.116866394349376040e-01 3.074831757579779556e-01 1.106396471368737734e-02
5.870331936906987291e-01 1.040088821596742152e-01 2.996361944688841761e-01 9.321729680742961086e-03
5.998157947642346333e-01 9.164315559468845518e-02 3.002725154952611830e-01 8.268534145815612316e-03
5.977916345939650045e-01 7.789669400704574143e-02 3.163287359031632384e-01 7.982935495825961916e-03
5.685061448007654450e-01 6.830730075872769314e-02 3.543669155113283731e-01 8.819638929178558184e-03
5.155501257980107388e-01 6.220638415341304961e-02 4.115520625908897223e-01 1.069142745768634876e-02
4.561472373667632696e-01 5.807682271346768094e-02 4.729803798301317475e-01 1.279556008963759518e-02
4.056765434348321708e-01 5.411296957836977256e-02 5.260183207055475485e-01 1.419216628125020627e-02
3.684680203217646777e-01 5.011393664423107602e-02 5.668371244770525896e-01 1.458091855695182494e-02
3.437725190147760679e-01 4.673040026227078675e-02 5.953460439628648349e-01 1.415103676008846491e-02
3.308205479638866575e-01 4.454473725983165711e-02 6.113823455632091397e-01 1.325236921307215709e-02
3.281926581566096401e-01 4.429165509594201050e-02 6.150549299487082511e-01 1.246075679873997165e-02
3.323951882419646786e-01 4.674154794920149653e-02 6.085412203286394428e-01 1.232204348019426757e-02
3.389350317943072843e-01 5.186207866020378643e-02 5.962895070048329638e-01 1.291338254065607823e-02
3.441289114268861193e-01 5.857600818056778874e-02 5.834595701151534808e-01 1.383551027739268920e-02
3.442719215869596283e-01 6.571824364909144289e-02 5.753032656204607465e-01 1.470656914348842347e-02
3.386016171172787637e-01 7.280344236677929737e-02 5.730845437212634952e-01 1.551039679467852012e-02
3.315267607094187219e-01 7.925537041011497530e-02 5.730425818556283968e-01 1.617528702483773950e-02
3.276217944775592361e-01 8.378575239538720021e-02 5.725727571127545712e-01 1.601969601429865594e-02
3.298800220941046635e-01 8.495683168723534850e-02 5.708174817341771234e-01 1.434566448448314387e-02
3.382802468233599980e-01 8.240918386718848465e-02 5.675950223817195495e-01 1.171554692773215528e-02
3.448782912772376807e-01 7.700038604016043453e-02 5.686743532875531137e-01 9.446969395048687712e-03
3.374332160894956134e-01 6.951302648748532154e-02 5.849641702428326484e-01 8.089587180186362872e-03
3.083546018069898698e-01 6.030583391230985579e-02 6.238831110267460955e-01 7.456453253954183243e-03
2.592848401898164012e-01 5.002139582388900191e-02 6.834405798296234735e-01 7.253184156671089490e-03
1.984161374486148044e-01 3.948415816480897733e-02 7.548678437908460381e-01 7.231860595730074323e-03
1.364763058476730628e-01 2.948040106004601660e-02 8.268855077317461832e-01 7.157785360534629771e-03
8.508975766257317885e-02 2.050165326248104894e-02 8.875151703337672560e-01 6.893418741178458133e-03
5.032216617337768871e-02 1.383344239091832857e-02 9.293491798216593214e-01 6.495211614044722921e-03
3.036088056306983016e-02 8.822144761098315094e-03 9.546923901102414289e-01 6.124584565590518621e-03
2.016401981747110994e-02 5.661892604480720653e-03 9.679721378994985415e-01 6.201949678549951474e-03
1.516362870267276564e-02 3.915591658699794746e-03 9.739005154640840711e-01 7.020264174543620027e-03
1.287121716125179047e-02 3.020861287817671725e-03 9.752096981045468294e-01 8.898223446383924859e-03
1.237310309688065962e-02 2.601792240743256400e-03 9.721995322272800610e-01 1.282557243509612269e-02
1.350420501290132587e-02 2.513723735059291906e-03 9.624088906188880133e-01 2.157318063315143836e-02
1.613021037017042802e-02 2.762602224466787024e-03 9.402571100076310140e-01 4.085007739773153373e-02
1.976808449593818462e-02 3.358810388923696034e-03 8.980844963033415285e-01 7.878860881179670927e-02
2.500196535135119913e-02 4.459485924364457385e-03 8.271618118899659589e-01 1.433767368343185911e-01
2.955487620372964849e-02 6.138214657690889073e-03 7.271000759288633875e-01 2.372068332097162224e-01
3.400845914399009545e-02 7.390298022053730376e-03 6.083732145946151304e-01 3.502280282393408495e-01
3.661226595782213905e-02 8.929566295527940553e-03 4.875829695286165721e-01 4.668751982180336380e-01
3.844406324839377137e-02 1.010392326905811856e-02 3.732597321612909913e-01 5.781922813212569956e-01
4.078675734411189857e-02 1.082330377593548366e-02 2.745425936691578972e-01 6.738473452107945905e-01
4.524045413948542954e-02 1.186718486691391850e-02 2.030120119848385918e-01 7.398803490087619839e-01
5.269545523471040605e-02 1.425668345712616941e-02 1.620689345434922213e-01 7.709789267646709465e-01
6.330846773728385224e-02 1.826738030653956776e-02 1.443437228919071391e-01 7.740804290642696595e-01
7.809604981255661993e-02 2.349356728064824415e-02 1.404017228279503260e-01 7.580086600788445983e-01
9.860872240150113377e-02 2.936603081114430580e-02 1.438436100515657068e-01 7.281816367357891728e-01
1.255200800008729189e-01 3.574159262343262061e-02 1.517784972485293205e-01 6.869598301271653273e-01
1.566479253181354558e-01 4.237872245587854386e-02 1.629511846024991328e-01 6.380221676234869577e-01
1.870183377142210779e-01 4.851904332490734884e-02 1.764239959739335450e-01 5.880386229869379866e-01
2.125663761849046762e-01 5.394174074145163811e-02 1.919143868637519512e-01 5.415774962098917067e-01
1.589974400034158131e-01 2.650811972628103752e-01 1.109222114608460347e-01 4.649991512729280130e-01
1.153930329051180703e-01 2.298920729323532253e-01 1.013043223206650106e-01 5.534105718418638187e-01
8.545712682058442811e-02 1.883083150573995890e-01 8.497905436122350775e-02 6.412555037607927666e-01
6.624587109716195688e-02 1.499721721046279044e-01 6.711762328613735118e-02 7.166643335120731484e-01
5.471375046088863825e-02 1.192074007062832175e-01 5.205929916455814821e-02 7.740195496682699128e-01
4.842091850304930389e-02 9.315465868955843942e-02 4.044374263664791275e-02 8.179806801707443231e-01
4.629250531798898005e-02 7.074396737848950845e-02 3.191210521281671181e-02 8.510514220907051675e-01
4.893063981306599447e-02 5.468227474764856405e-02 2.637684932447492345e-02 8.700102361148104313e-01
5.851256103937124003e-02 4.655590756871146735e-02 2.372365524093342573e-02 8.712078761509838287e-01
7.785231952488336216e-02 4.573063973223670531e-02 2.397879882178860500e-02 8.524382419210912998e-01
1.073939966581576450e-01 4.978120368150500130e-02 2.731408364084508822e-02 8.155107160194924321e-01
1.446878396141891843e-01 5.811233636699550398e-02 3.228615921341215084e-02 7.649136648054030152e-01
1.863270263115036074e-01 6.839334337322951207e-02 3.986736709067099926e-02 7.054122632245958258e-01
2.283749021891630926e-01 7.901076221231324859e-02 4.877032678795872878e-02 6.438440088105648051e-01
2.675006031111672455e-01 8.655226770554116933e-02 5.701156648481577743e-02 5.889355626984756897e-01
2.987869151544956803e-01 8.811837140740839958e-02 6.337944527077453427e-02 5.497152681673209695e-01
3.162927717539268935e-01 8.347875166131327185e-02 6.809382263312073469e-02 5.321346539516393914e-01
3.166247731709383451e-01 7.441259993106391635e-02 7.148952124865141922e-02 5.374731056493465831e-01
2.983694752361048530e-01 6.328560908933346385e-02 7.453820054457147015e-02 5.638067151299901436e-01
2.686370488533356138e-01 5.251062751296265568e-02 7.765359101603652725e-02 6.011987326176652102e-01
2.390200431088136679e-01 4.297905432037358447e-02 7.891421889883230845e-02 6.390866836719802935e-01
2.150274213951098579e-01 3.424360884138544919e-02 7.618271130108029976e-02 6.745462584624244418e-01
1.950035828128619808e-01 2.621371064376992743e-02 6.948119809075803399e-02 7.093015084526100855e-01
1.195351236110878679e-01 4.374451167190830381e-01 3.348602256306530967e-01 1.081595340391759558e-01
1.076522192683350143e-01 4.622081948127201301e-01 3.422034329004233766e-01 8.793615301852174271e-02
1.001922363175358766e-01 4.742201839773153571e-01 3.542252372727621723e-01 7.136234243238699648e-02
9.658193334643357109e-02 4.712143239787536242e-01 3.742002933890664074e-01 5.800344928574659858e-02
9.651667501877476962e-02 4.525733079421518368e-01 4.029700681012530761e-01 4.793994893782038691e-02
9.924622289908514861e-02 4.217875363248036469e-01 4.374975665980900819e-01 4.146867417802101857e-02
1.020906405648236287e-01 3.855053047978108660e-01 4.741244620680450383e-01 3.827959256932060572e-02
9.963604854516190656e-02 3.480868922509902652e-01 5.148755754425039521e-01 3.740148376134354996e-02
8.734253672361931564e-02 3.093374459959539746e-01 5.652184975138438983e-01 3.810151976658284617e-02
6.794109948052204362e-02 2.689748125312578786e-01 6.230898535877642530e-01 3.999423440045562356e-02
4.858762141380947724e-02 2.258059230846246879e-01 6.827828512085921675e-01 4.282360429297398657e-02
3.389985547792045278e-02 1.792926746732856069e-01 7.403328701690828906e-01 4.647459967971102890e-02
2.496900012397656327e-02 1.367884726200830348e-01 7.866538391491477711e-01 5.158868810679245048e-02
2.076773827800161912e-02 1.065094420082468157e-01 8.140450613703313909e-01 5.867775834342021241e-02
1.975610275765017632e-02 8.812367780726763911e-02 8.247360207233062068e-01 6.738419871177622755e-02
2.087880718377891839e-02 7.712707529287451957e-02 8.245305789022280285e-01 7.746353862111844679e-02
2.335223398630496480e-02 6.990808003316190122e-02 8.178676144834763351e-01 8.887207149705660114e-02
2.655456853130560083e-02 6.549157057820199912e-02 8.065902602014036749e-01 1.013636006890889923e-01
3.029890240250885519e-02 6.429429711024467475e-02 7.907020177669251693e-01 1.147047827203217102e-01
3.450988522097592215e-02 6.631095447772993035e-02 7.714910801419855302e-01 1.276880801593084369e-01
3.868162879826036321e-02 7.105722116941201594e-02 7.526303733984985866e-01 1.376307766338291938e-01
4.217030231305390203e-02 7.821722063936344116e-02 7.365826388456480078e-01 1.430298382019343228e-01
4.506512271704132822e-02 8.793180276640064075e-02 7.203750024515219730e-01 1.466280720650360581e-01
4.825508044755980053e-02 1.003796275975466085e-01 6.981286140644694660e-01 1.532366778904243332e-01
5.206353500557038549e-02 1.142857177385425416e-01 6.692650371138053611e-01 1.643857101420816424e-01
5.598189253654221181e-02 1.280594611733830435e-01 6.373879309897486634e-01 1.785707153003261161e-01
5.950802164649045267e-02 1.414093013421980904e-01 6.064078730354429680e-01 1.926748039758686137e-01
6.329515882176867114e-02 1.549047776892952810e-01 5.792580160161041603e-01 2.025420474728317211e-01
6.925305526495163788e-02 1.698180402508722708e-01 5.549243290310675869e-01 2.060045754531082685e-01
7.930824741397754507e-02 1.872212771818627386e-01 5.289494615077137141e-01 2.045210138964462798e-01
9.518063171150695223e-02 2.066512138987082470e-01 4.973097923632194273e-01 2.008583620265652070e-01
1.185181304719487294e-01 2.269282353777630767e-01 4.583091598591080285e-01 1.962444742911799989e-01
1.480536855546431829e-01 2.429295992679043614e-01 4.159183873134206788e-01 1.930983278640313328e-01
1.814612743038582499e-01 2.472741403112857783e-01 3.768576955786644422e-01 1.944068898061915851e-01
2.186660901931690715e-01 2.353817817141142799e-01 3.443377084856678039e-01 2.016144196070492334e-01
2.585333464138949711e-01 2.082550944037586116e-01 3.167245259389924739e-01 2.164870332433540268e-01
2.953353163125109204e-01 1.738718093681550225e-01 2.919927257430688372e-01 2.388001485762652754e-01
3.251164071717318471e-01 1.397090308873907283e-01 2.711111415288566806e-01 2.640634204120204109e-01
3.380820425298038390e-01 1.128058652806266243e-01 2.620152183907507593e-01 2.870968737988188191e-01
3.321172094732339763e-01 9.301250950461251166e-02 2.685957633944770495e-01 3.062745176276766568e-01
3.093922424467676624e-01 7.718492802843408829e-02 2.904371639977257891e-01 3.229856655270724186e-01
2.745928039499373474e-01 6.233975403077907790e-02 3.247913516133067446e-01 3.382760904059768370e-01
2.345129192246582228e-01 4.791208142406451487e-02 3.680000463491158169e-01 3.495749530021614038e-01
2.016302560729400506e-01 3.530988805812081827e-02 4.121310225366323632e-01 3.509288333323067333e-01
1.879885283833312437e-01 2.554235811773698100e-02 4.436331394958340502e-01 3.428359740030978986e-01
1.963781690326495688e-01 1.860710943077830554e-02 4.497812766850734501e-01 3.352334448514986964e-01
2.201563005809938078e-01 1.397991000347350611e-02 4.275393453674480315e-01 3.383244440480849269e-01
2.502122239414099059e-01 1.101309648729369324e-02 3.859175799569594112e-01 3.528570996143368110e-01
2.798401528428026142e-01 9.206327836781668522e-03 3.407419997021112756e-01 3.702115196183045631e-01
3.093589932161444622e-01 8.290035714009220957e-03 3.017745149200615762e-01 3.805764561497844700e-01
3.438426019462932359e-01 8.008940948300874441e-03 2.710026103359798322e-01 3.771458467694265848e-01
3.821763227723087852e-01 8.173542120823561880e-03 2.485967753126237523e-01 3.610533597942439665e-01
4.181233310417051818e-01 8.790910949973139085e-03 2.344560049675058488e-01 3.386297530408155509e-01
4.494062254562825598e-01 9.773648813632662344e-03 2.250714573294752274e-01 3.157486684006097777e-01
4.762027494740722622e-01 1.066238146607237022e-02 2.143128115071117057e-01 2.988220575527436584e-01
4.961602368412968422e-01 1.095978994141408140e-02 1.989589263148407172e-01 2.939210469024484684e-01
5.087083714180030691e-01 1.072687508978825352e-02 1.791103753582876101e-01 3.014543781339210082e-01
5.186541809440158302e-01 1.027227007923261354e-02 1.553381031862808570e-01 3.157354457904704148e-01
5.276174704897437229e-01 9.848010851040100294e-03 1.307060282904290438e-01 3.318284903687869769e-01
5.326914559642220715e-01 9.537255111306984154e-03 1.107352299986248817e-01 3.470360589258461581e-01
5.404834187959860481e-01 9.004779611246375645e-03 9.446875889870684495e-02 3.560430426940605630e-01
5.570528272490823385e-01 8.422263462276547916e-03 8.310473754841624094e-02 3.514201717402251068e-01
5.908241511948211233e-01 7.909882995157520649e-03 7.425970728916618524e-02 3.270062585208550199e-01
6.445952170455443442e-01 7.531213982188177287e-03 6.577107515726735021e-02 2.821024938150000771e-01
7.074947019480363197e-01 7.352018661452621069e-03 5.743757566495082123e-02 2.277157037255599648e-01
7.609623856806476683e-01 7.440764280455263932e-03 5.057902734384845528e-02 1.810178226950488189e-01
7.934911333101755115e-01 7.807838701464085707e-03 4.672077996684281115e-02 1.519802480215175777e-01
8.025429167826634291e-01 8.326592291146002120e-03 4.712044149641681640e-02 1.420100494297736604e-01
7.910097639453782525e-01 8.746696522423422215e-03 5.245524347852897201e-02 1.477882960536696100e-01
7.646061497335165935e-01 9.118026698641099395e-03 6.358295782910039495e-02 1.626928657387417820e-01
7.326191451139932864e-01 1.020000950215346931e-02 8.061114281511280732e-02 1.765697025687404109e-01
7.005634363436187284e-01 1.156063084598247213e-02 1.062823690775846902e-01 1.815935637328138785e-01
6.652068465039364664e-01 1.409360898076700980e-02 1.423605294430532187e-01 1.783390150722435341e-01
6.175762602414854863e-01 1.815708818337473732e-02 1.917757251920121642e-01 1.724909263831274908e-01
5.526126374287174681e-01 2.364339290388297113e-02 2.562619148243636125e-01 1.674820548430363820e-01
4.744308401010460252e-01 3.015821501602378163e-02 3.313588274701117498e-01 1.640521174128184712e-01
3.851168590835895023e-01 3.733254430978363847e-02 4.153795921078718423e-01 1.621710044987551835e-01
3.055007464024336317e-01 4.337274887973713300e-02 4.885110239950951061e-01 1.626154807227340460e-01
2.447959085127533463e-01 4.829674307493269508e-02 5.384722727790064445e-01 1.684350756333073962e-01
2.030683250334631429e-01 5.300565520839029682e-02 5.627041452073124894e-01 1.812218745508341333e-01
1.734187513335177511e-01 5.832372065710635101e-02 5.699251776261363700e-01 1.983323503832393753e-01
1.484271181303130904e-01 6.612732024932665986e-02 5.729457896023208985e-01 2.124997720180391847e-01
1.238033979816436647e-01 7.680993389415465000e-02 5.830051563846645468e-01 2.163815117395369025e-01
1.019528680871869264e-01 9.227214033661242099e-02 5.952161081312377089e-01 2.105588834449632907e-01
8.315212030556030920e-02 1.110580862483283304e-01 6.043845173058022269e-01 2.014052761403090641e-01
6.834927078645855469e-02 1.313629727193760532e-01 6.074561867266609072e-01 1.928315697675045126e-01
5.846313797119012667e-02 1.530625959245474343e-01 6.063066180830910534e-01 1.821676480211715521e-01
5.188831947597560834e-02 1.789484184184118309e-01 6.044685469687887114e-01 1.646947151368237383e-01
4.740700699983486921e-02 2.076690459357450336e-01 6.042456695774492959e-01 1.406782774869708152e-01
