1.738523464959397247e-01 2.156382961071317411e-02 1.002457580253035690e-01 7.043380658680437056e-01
7.451958387612445112e-01 7.282730340512677536e-02 1.125334379418155145e-01 6.944341989181330999e-02
7.395594873237801847e-01 7.290794054067295527e-02 1.204857420273726526e-01 6.704683010817442945e-02
7.148300777052174482e-01 8.005313571450362042e-02 1.354507023162752066e-01 6.966608426400394682e-02
6.803895766823947477e-01 9.243438552500030103e-02 1.521681131849199342e-01 7.500792460768496150e-02
6.491052060428710302e-01 1.074225320525291627e-01 1.642065236710456289e-01 7.926573823355417825e-02
6.251788019364357130e-01 1.244288159368407698e-01 1.702746295257363263e-01 8.011775260098741303e-02
5.992113106896689301e-01 1.484716892628728524e-01 1.745915412779553144e-01 7.772545876950306964e-02
5.615864002522263920e-01 1.864459727857541438e-01 1.789341103462089855e-01 7.303351661581043708e-02
5.114556006471110416e-01 2.397360680235722241e-01 1.818123891939155135e-01 6.699594213540108201e-02
4.600833757435127125e-01 2.969761625871454869e-01 1.833067845336648072e-01 5.963367713567686162e-02
4.091666739343590153e-01 3.519365803323517561e-01 1.866816681323760496e-01 5.221507760091324835e-02
3.588933036757597783e-01 4.006730620895281314e-01 1.946878190129746888e-01 4.574581522173753328e-02
3.107789429089810040e-01 4.409773303751154949e-01 2.077395985134179168e-01 4.050412820248565360e-02
2.675978930417717838e-01 4.711741694503382982e-01 2.245910991036001447e-01 3.663683840428977323e-02
2.323753216006317901e-01 4.908889701947626305e-01 2.424742077292797171e-01 3.426150047532600801e-02
2.085466577521183362e-01 5.008328104423440674e-01 2.574219865426284337e-01 3.319854526290913488e-02
1.928164187855137546e-01 5.075421475809158700e-01 2.667254216471761086e-01 3.291601198639417664e-02
1.822310182768809295e-01 5.154449360789026269e-01 2.696721625937413269e-01 3.265188305047505429e-02
1.728609259301640833e-01 5.265934955551307972e-01 2.684710152727881605e-01 3.207456324191682723e-02
1.638005471493446386e-01 5.381489818776565848e-01 2.661329035078409122e-01 3.191756746515777426e-02
1.564749709700771207e-01 5.452523488810693264e-01 2.648048430354418281e-01 3.346783711341189821e-02
1.488888249333416847e-01 5.463416865163505109e-01 2.669230248205717859e-01 3.784646372973616418e-02
1.370012621081337922e-01 5.412182425416540710e-01 2.762003951058138451e-01 4.558010024439852065e-02
1.180659528728656010e-01 5.281662143305860813e-01 2.971721949243633643e-01 5.659563787218473141e-02
9.376511040965687660e-02 5.038818313953247197e-01 3.325485710585986965e-01 6.980448713641985992e-02
6.884501905244386211e-02 4.680958511705154423e-01 3.809810335929242897e-01 8.207809618411626706e-02
4.799269620823608251e-02 4.252865337344710617e-01 4.370501528251625190e-01 8.967061723213007318e-02
3.328891611363283404e-02 3.809504497060239858e-01 4.940741033120360504e-01 9.168653086830694243e-02
2.434938057529217881e-02 3.398089867013499021e-01 5.453027851427747486e-01 9.053884758058332316e-02
1.975042373690429065e-02 3.058332309256774906e-01 5.853689510523540918e-01 8.904739428506396048e-02
1.835415353548531386e-02 2.815387536099488996e-01 6.109609373919094866e-01 8.914615546265643176e-02
1.964106316933253091e-02 2.674536690255623905e-01 6.211337491070233474e-01 9.177151869808188034e-02
2.335627909572442554e-02 2.627269465979499841e-01 6.169826143888141878e-01 9.693415991751141991e-02
2.904867675830081694e-02 2.665376051491959442e-01 6.005984786534065423e-01 1.038152394390967764e-01
3.565932413293107506e-02 2.794282292326027428e-01 5.752412599148470917e-01 1.096711867196192292e-01
4.091456556224742913e-02 3.006950146494992704e-01 5.467039377363590580e-01 1.116864820518943674e-01
4.263810296053156118e-02 3.255446553302187573e-01 5.202709830259263368e-01 1.115462586833233100e-01
4.234572506278749815e-02 3.500562812781024546e-01 4.922568542978830175e-01 1.153411393612272934e-01
4.315319491522443679e-02 3.697547225233188128e-01 4.591550045826893744e-01 1.279370779787675771e-01
4.635190471155076902e-02 3.806531489583395156e-01 4.243782788163841801e-01 1.486166675137255422e-01
5.175527090460477903e-02 3.834602567162553877e-01 3.917386566989693453e-01 1.730458156801704950e-01
5.850834369577206234e-02 3.813671905232263182e-01 3.634424251597072608e-01 1.966820406212944905e-01
6.562709589181904557e-02 3.775931884772109060e-01 3.398497193114746184e-01 2.169299963194951941e-01
7.209984253555448697e-02 3.745960631445747757e-01 3.198336243302362658e-01 2.334704699896345270e-01
7.657275981117252217e-02 3.737605839432989741e-01 3.012419831926276270e-01 2.484246730529007519e-01
8.000740631566054251e-02 3.726573246669352968e-01 2.828932945996744941e-01 2.644419744177296527e-01
8.108970503467577418e-02 3.716974082624843190e-01 2.663455766363054256e-01 2.808673100665344258e-01
8.002949507362182302e-02 3.734707125702305119e-01 2.539945580050054774e-01 2.925052343511425068e-01
7.718795410474531271e-02 3.811981020690632938e-01 2.436366657868332120e-01 2.979772780393577514e-01
7.307004096609526211e-02 3.858919101834537568e-01 2.345749841126405222e-01 3.064630647378102091e-01
6.825883480554469085e-02 3.830975035978671506e-01 2.202563660476446750e-01 3.283872955489438028e-01
6.258883261400248477e-02 3.736986351011489793e-01 2.006143669791095596e-01 3.630981653057388514e-01
5.578825171297312202e-02 3.680028027030191606e-01 1.799191959951393083e-01 3.962897495888683674e-01
4.858078614113663790e-02 3.767332852541047661e-01 1.627106017207380351e-01 4.119753268840208316e-01
4.208582237759666417e-02 4.031086709512879951e-01 1.502788046600109784e-01 4.045267020111042444e-01
3.680874782031882952e-02 4.442907375951393734e-01 1.412618859792211523e-01 3.776386286053206032e-01
3.282385287005067098e-02 4.927974837259164187e-01 1.337890318250644917e-01 3.405896315789683770e-01
3.014685636853924391e-02 5.382822005462531978e-01 1.263768629710984859e-01 3.051940801141088677e-01
2.879412032794899726e-02 5.714522048073541471e-01 1.182615819535173945e-01 2.814920929111794368e-01
2.857785009989999639e-02 5.870351562038078619e-01 1.097032355719201602e-01 2.746837581243719018e-01
2.910072475942131198e-02 5.806732507043024238e-01 1.011551230795217915e-01 2.890709014567544588e-01
3.013653724330026332e-02 5.426398515975638936e-01 9.208994301744223565e-02 3.351336681416934304e-01
3.192085905168128707e-02 4.613088746798417739e-01 8.150754910674586073e-02 4.252627171617311408e-01
3.455705064318154857e-02 3.454994976681871610e-01 6.842005798513767223e-02 5.515233937034933476e-01
3.748782788517873721e-02 2.322763758649321886e-01 5.534693136958052789e-02 6.748888648803085255e-01
4.076124583825457143e-02 1.537741652347087151e-01 4.684062723197997963e-02 7.586239616950565257e-01
4.459467776022647129e-02 1.092419852843531519e-01 4.345549846383536807e-02 8.027078384915853349e-01
4.794268866371941690e-02 8.429551838666471397e-02 4.374906360686520168e-02 8.240127293427508270e-01
4.925899980442418474e-02 6.835755740448148932e-02 4.580161756624970965e-02 8.365818252248446996e-01
4.802781649579280360e-02 5.612937841072333789e-02 4.767394319802147062e-02 8.481688618954624781e-01
4.463350644273377660e-02 4.592654500208664947e-02 4.894956798989532482e-02 8.604903805652841520e-01
5.651692315775121850e-02 2.441807055639710206e-02 5.810626496216322323e-01 3.380023566642194055e-01
6.024263383088968027e-02 6.934256809443591907e-01 1.978892662752988751e-01 4.844241894945210819e-02
7.649715410557905715e-02 6.340492159851175424e-01 2.287548972366495736e-01 6.069873267265412514e-02
9.342791210972831162e-02 5.760508132930899361e-01 2.553910133708366392e-01 7.513026122634509918e-02
1.083279785599981504e-01 5.318689899332161852e-01 2.713903749215200167e-01 8.841265658526589744e-02
1.201410713532423818e-01 5.057767967832956790e-01 2.758643595441717111e-01 9.821777231929039453e-02
1.287511527131754430e-01 4.972251730692270888e-01 2.699297044208757157e-01 1.040939697967216832e-01
1.324557774851080061e-01 5.071578822300247813e-01 2.536588728512627622e-01 1.067274674336047280e-01
1.334023239627223634e-01 5.272583307670474229e-01 2.327547328869768728e-01 1.065846123832534798e-01
1.294361129671689481e-01 5.630011511998077589e-01 2.043093055132328140e-01 1.032534303197903541e-01
1.215749259102788943e-01 6.073806991201115002e-01 1.741244918662617491e-01 9.691988310334775925e-02
1.078613008085512748e-01 6.514156940913908844e-01 1.522298214514765657e-01 8.849318364858098362e-02
8.982706851888565269e-02 6.851247066485416370e-01 1.452071019909579874e-01 7.984112284161469508e-02
7.164271894804460916e-02 7.027648285763329339e-01 1.538034452124695528e-01 7.178900726315264047e-02
5.526470366201993029e-02 7.035672603233790179e-01 1.767106797233067017e-01 6.445735629129455135e-02
4.408895919495093435e-02 6.760917206951743141e-01 2.200440549974593818e-01 5.977526511241536278e-02
3.563519337516368041e-02 6.134657741715263679e-01 2.909524388457531141e-01 5.994659360755690003e-02
2.969176775524755285e-02 5.075697415645787913e-01 3.962882656511848012e-01 6.645022502898906280e-02
2.430498432884231272e-02 3.789070418456712552e-01 5.185490009985802562e-01 7.823897282690614463e-02
2.068450585230623487e-02 2.568593226772262761e-01 6.276772620023085558e-01 9.477890946815907547e-02
1.765437446238284427e-02 1.677021745876915715e-01 6.954507349174615660e-01 1.191927160324639801e-01
1.519384264764264171e-02 1.095346084508675294e-01 7.230326833129940844e-01 1.522388655884956421e-01
1.249295841873395221e-02 7.164856080300745222e-02 7.282754009030226738e-01 1.875830798752358419e-01
9.500143878361011485e-03 4.639367467686920238e-02 7.278306328596592101e-01 2.162755485851106663e-01
6.751279862568802630e-03 3.023119869188444983e-02 7.275950898857835858e-01 2.354224315597631956e-01
4.641442095654641289e-03 2.021856779851850805e-02 7.256056034275791822e-01 2.495343866782477049e-01
3.218103243186928863e-03 1.403210761529030161e-02 7.184680156061594714e-01 2.642817735353635844e-01
2.331108829704818444e-03 1.028762662375346491e-02 7.046553190716933202e-01 2.827259454748483058e-01
1.807091286429123294e-03 8.268077487622531307e-03 6.864261037275721788e-01 3.034987274983759753e-01
1.547836541904887417e-03 7.688557029669348952e-03 6.689888613697406727e-01 3.217747450586853630e-01
1.484864636425864935e-03 8.398934857018572689e-03 6.567377806430205744e-01 3.333784198635352802e-01
1.539400475780221223e-03 1.030589189094144667e-02 6.558215759198690042e-01 3.323331317134094465e-01
1.617513388247223977e-03 1.320029139834755401e-02 6.721952256746365206e-01 3.129869695387690332e-01
1.654829553600771150e-03 1.657280158932411540e-02 7.026674390613741883e-01 2.791049297957007291e-01
1.642470792117653846e-03 1.974838257434316166e-02 7.366402239347958902e-01 2.419689226987430941e-01
1.594271485502910196e-03 2.226580239614575976e-02 7.665463191109272989e-01 2.095936070074241042e-01
1.526137386649951749e-03 2.401369695854822794e-02 7.899252196457958730e-01 1.845349460090058014e-01
1.451258380756476236e-03 2.493169640136619347e-02 8.066092019270669766e-01 1.670078432908102539e-01
1.375000953333845163e-03 2.478519843485844573e-02 8.170163947075190780e-01 1.568234059042886153e-01
1.315549608157113269e-03 2.365101863007786423e-02 8.196075738887034223e-01 1.554258578730615681e-01
1.297298061400899236e-03 2.209262092469563982e-02 8.106445105801095563e-01 1.659655704337939242e-01
1.320374740147621821e-03 2.052527517857922687e-02 7.868858237298872460e-01 1.912685263513857759e-01
1.367846395821008818e-03 1.910191023345568159e-02 7.490578731891942565e-01 2.304723701815288017e-01
1.433089843842570927e-03 1.787708344214702927e-02 7.024038240987751092e-01 2.782860026152351174e-01
1.513272591972541700e-03 1.674858556636924650e-02 6.508859250675529395e-01 3.308522167741050346e-01
1.628036170671988284e-03 1.593350828903495123e-02 5.946325358245680981e-01 3.878059197157249227e-01
1.770115601993102559e-03 1.581874360669086044e-02 5.397333136215067828e-01 4.426778271698095235e-01
1.892859754731921048e-03 1.654411497472443524e-02 4.977545603364620375e-01 4.838084649340817500e-01
2.010134916907978155e-03 1.832850588506749340e-02 4.735453954609114002e-01 5.061159637371132058e-01
2.170054561084446953e-03 2.122174355353892428e-02 4.612150384030545558e-01 5.153931634823218921e-01
2.409268573388608295e-03 2.511013643114732782e-02 4.496725059171571837e-01 5.228080890783070034e-01
2.760751072237659521e-03 3.032233059771666586e-02 4.328377916508564516e-01 5.340791266791891090e-01
3.217571605549709134e-03 3.730464281485791622e-02 4.150749733332642633e-01 5.444028122463283603e-01
3.719544186680670897e-03 4.610524071510622296e-02 4.020007796065801497e-01 5.481744354916330275e-01
4.197579122171278196e-03 5.666706614945530435e-02 3.950118103476867315e-01 5.441235443806864414e-01
4.619824508610303852e-03 6.903736716193449585e-02 3.950944938293568520e-01 5.312483145000984619e-01
4.995598733547222496e-03 8.321174706093908968e-02 4.044879955532461602e-01 5.073046586522673707e-01
5.352961744929216233e-03 9.875781988011700374e-02 4.247202583838975420e-01 4.711689599910563464e-01
5.719216353755519726e-03 1.156703620483037764e-01 4.562656220223284542e-01 4.223447995756119400e-01
6.121730628101833271e-03 1.358380500201830099e-01 4.980835486930285660e-01 3.599566706586866949e-01
6.643369052342669792e-03 1.623918107511257147e-01 5.441535000663487720e-01 2.868113201301828452e-01
7.357702177476937479e-03 1.973296188117450445e-01 5.803210206000531945e-01 2.149916584107245676e-01
8.010605179527114164e-03 2.402488369905474153e-01 5.910645410021891921e-01 1.606760168277361345e-01
8.176172105318025782e-03 2.831111657931269510e-01 5.815359595294723460e-01 1.271767025720826894e-01
7.895220178205219347e-03 3.159864705750184966e-01 5.676302591269982711e-01 1.084880501197777736e-01
7.548247571616676851e-03 3.329044311500618525e-01 5.608951287499772675e-01 9.865219252834440955e-02
7.401005891844334057e-03 3.316396617148764658e-01 5.677734486291782234e-01 9.318588376410096019e-02
7.584360865930418576e-03 3.176201107006091928e-01 5.844948754418716197e-01 9.030065299158868131e-02
8.243132800964841564e-03 3.026599409245331329e-01 5.984368446702013067e-01 9.066008160430098772e-02
9.663342386708182949e-03 2.997867369806853088e-01 5.950648672422933494e-01 9.548505339031301831e-02
1.246744720914454499e-02 3.203107444549646021e-01 5.618008419727682501e-01 1.054209663631223287e-01
1.755210214546282579e-02 3.699962573085808226e-01 4.925545484034717925e-01 1.198970921424843405e-01
6.827954677324615806e-01 2.586352806339463004e-02 1.122640029606660622e-02 2.801146039080771311e-01
4.265738194404872230e-01 3.115298104300857074e-01 2.038061725542072711e-01 5.809019757521997895e-02
4.658121578149053144e-01 2.815799109837616165e-01 1.961221670755228796e-01 5.648576412580985640e-02
5.018336767584701263e-01 2.520161120437496294e-01 1.915697208543006291e-01 5.458049034347931677e-02
5.211731491878147660e-01 2.310689309813836467e-01 1.947705952029742116e-01 5.298732462782770880e-02
5.176456908330496764e-01 2.212030472666526026e-01 2.092188187925357046e-01 5.193244310776177347e-02
4.940695973147608555e-01 2.199669704467023534e-01 2.350074836581516335e-01 5.095594858038498404e-02
4.591704544020910883e-01 2.227992286838901270e-01 2.686111274925210290e-01 4.941918942149805399e-02
4.223633937838123797e-01 2.266533946038708502e-01 3.041035252407087719e-01 4.687968637160792179e-02
3.890222044747502772e-01 2.321379941376044698e-01 3.354768685534245121e-01 4.336293283422079647e-02
3.596691222301180435e-01 2.434463915418875746e-01 3.575590860960567996e-01 3.932540013193742967e-02
3.284303719257885557e-01 2.692501421368215797e-01 3.667722745584912070e-01 3.554721137889845645e-02
2.907746160175331274e-01 3.184546304658434357e-01 3.586062577013151009e-01 3.216449581530826662e-02
2.491488832737406844e-01 3.944835846205611563e-01 3.278501618374106696e-01 2.851737026828771865e-02
2.057432322570426908e-01 4.929823546704285020e-01 2.768582728350232336e-01 2.441614023750534115e-02
1.614555871348541116e-01 6.005460944577897253e-01 2.177934968573714547e-01 2.020482154998439264e-02
1.185215254816021774e-01 7.002987815060017773e-01 1.647657271351123942e-01 1.641396587728366843e-02
8.122112512980027288e-02 7.799632537227868534e-01 1.254440111462818974e-01 1.337161000113092600e-02
5.304474581699916008e-02 8.364329156073337934e-01 9.951385958984741709e-02 1.100847898581965717e-02
3.267522854809784549e-02 8.748650453332819099e-01 8.334119530860104041e-02 9.118530810019107036e-03
2.015198695722989278e-02 8.976716222528640099e-01 7.436805569150989337e-02 7.808335098396146715e-03
1.324270343710500994e-02 9.070313144449424492e-01 7.247125390525502309e-02 7.254728212697631427e-03
9.864581910837463483e-03 9.013033733182599372e-01 8.102463425681127873e-02 7.807410514091409071e-03
9.393970396233908282e-03 8.721334716774845619e-01 1.081533073809014533e-01 1.031925054537999667e-02
1.012362282486136723e-02 8.074506875674333228e-01 1.662219647416149915e-01 1.620372486609020918e-02
1.241181078248467483e-02 6.971300350128500911e-01 2.622662874572856406e-01 2.819186674737962292e-02
1.589051165960506107e-02 5.568898369157619932e-01 3.774643101265192646e-01 4.975534129811376438e-02
2.146154114393480916e-02 4.213160910507484647e-01 4.730126869240980358e-01 8.420968088121895401e-02
2.729948256276267318e-02 3.124288980789383108e-01 5.271746333207031343e-01 1.330969860375958991e-01
3.196241402153033456e-02 2.299832355877302059e-01 5.449541202387827576e-01 1.931002301519569031e-01
3.430200287819527849e-02 1.680098051601269238e-01 5.406637596538912405e-01 2.570244323077863213e-01
3.490983658201714246e-02 1.194894156028429855e-01 5.230002991482478603e-01 3.226004486668918037e-01
3.481444627324280922e-02 8.061368864326511063e-02 4.901751067812230578e-01 3.943967583022690571e-01
3.448464734062423737e-02 5.089485421104089635e-02 4.346748246785471781e-01 4.799456737697876951e-01
3.350613671689943451e-02 2.954312427139154165e-02 3.501703702535681750e-01 5.867803687581408800e-01
3.013800807968108897e-02 1.564324310696267942e-02 2.510661639400760814e-01 7.031525848732799178e-01
2.388282482631021164e-02 7.852627634728373204e-03 1.662792844467628206e-01 8.019852630921985304e-01
1.660142243772021534e-02 4.009569693430182352e-03 1.091785631741182122e-01 8.702104446947312999e-01
1.022811124090139585e-02 2.141069973664660401e-03 7.381285669052575771e-02 9.138179620949081761e-01
5.693367706559414668e-03 1.181150372661331866e-03 5.155234282485063324e-02 9.415731390959285463e-01
2.613260788703501442e-03 9.767545236737938154e-04 3.760316063774521433e-02 9.588068240498773820e-01
1.520817516611696176e-03 6.198707251098390476e-04 2.941566128918174719e-02 9.684436504690966396e-01
1.014328717753342326e-03 4.461171358888120823e-04 2.462908207723360499e-02 9.739104720691245110e-01
7.795848301847305801e-04 3.531112940552948989e-04 2.134331006639241315e-02 9.775239938093674974e-01
6.634988027678091456e-04 2.902913947037919786e-04 1.836916236238034586e-02 9.806770474401480531e-01
6.021220096170900758e-04 2.414672588237226105e-04 1.542704720550020642e-02 9.837293635260592195e-01
5.936933666481148189e-04 2.197405321366676908e-04 1.322974604453713322e-02 9.859568200566780627e-01
6.534410101035685288e-04 2.397814658666123499e-04 1.238702269330500469e-02 9.867197548307249377e-01
7.834980627973001143e-04 3.104955057122068532e-04 1.290030118313239757e-02 9.860057052483581774e-01
9.665853209510826081e-04 4.384496946849902941e-04 1.440793918321799962e-02 9.841870258011461425e-01
1.172000519982278020e-03 6.306698560711470648e-04 1.677453562607134768e-02 9.814227939978752424e-01
1.360525439071649930e-03 8.782123422449629067e-04 1.981397166797533790e-02 9.779472905507081704e-01
1.535338476071838876e-03 1.184043053085856749e-03 2.365879983931254774e-02 9.736218186315298562e-01
1.795711586236489223e-03 1.650140864325542155e-03 2.954529915649559135e-02 9.670088483929423218e-01
2.347685822977137789e-03 2.580017157824267097e-03 4.002072233482233121e-02 9.550515746843762921e-01
3.482463969788354100e-03 4.594959233462136798e-03 5.826658163925056005e-02 9.336559951574989746e-01
4.782196214492800100e-03 8.475232114618308846e-03 8.757054620842782966e-02 8.991720254624613329e-01
6.548951485516683185e-03 1.564942596013598267e-02 1.310622737092847490e-01 8.467393488450624117e-01
8.345819973012917614e-03 2.660903173572990582e-02 1.899780959454763218e-01 7.750670523457808825e-01
9.898893655116597010e-03 4.031643342313302736e-02 2.596624610203517869e-01 6.901222119013987744e-01
1.119646796851210373e-02 5.494418002636170667e-02 3.344621304572735765e-01 5.993972215478527987e-01
1.221003309661626915e-02 6.795210231351135610e-02 4.082151299404817579e-01 5.116227346493906758e-01
1.307404881255015694e-02 7.714639782508082855e-02 4.710411771970715589e-01 4.387383761652973169e-01
1.417247768073578648e-02 8.296159450155453363e-02 5.164395598733030335e-01 3.864263679444064348e-01
1.571401916257753398e-02 8.828424828078783315e-02 5.483560097097874841e-01 3.476457228468471383e-01
1.795459906506874717e-02 9.554664056873553302e-02 5.654901948359076780e-01 3.210085655302878926e-01
2.132379516724365251e-02 1.063504137476754957e-01 5.654032815924256994e-01 3.069225094926551489e-01
2.617797819204947807e-02 1.209279889710460909e-01 5.522290086195814629e-01 3.006650242173231069e-01
3.255319206766863621e-02 1.369242882045267895e-01 5.326584327742802660e-01 2.978640869535242874e-01
3.990721568840548128e-02 1.498141151237383784e-01 5.114258991450384428e-01 2.988527700428174616e-01
4.744710711969127304e-02 1.557399079700458044e-01 4.900940762453835919e-01 3.067189086648797192e-01
5.532503396434913789e-02 1.553412558535612609e-01 4.666654284809125808e-01 3.226682817011765625e-01
3.470548096809208949e-02 6.976246217688712725e-03 4.216484975106347122e-01 5.366697753035843954e-01
6.313414985437187932e-01 1.581700662622068376e-01 9.090972747859456249e-02 1.195787077154802230e-01
5.784236133307125716e-01 1.794454359993695458e-01 1.110224065514554131e-01 1.311085441184625389e-01
5.338268120745213174e-01 1.981014026690904040e-01 1.297516379973069067e-01 1.383201472590812331e-01
4.965048492644956180e-01 2.141453273413337632e-01 1.466447825909078240e-01 1.427050408032631001e-01
4.661333721602853863e-01 2.280664196361420204e-01 1.607829556814475702e-01 1.450172525221249675e-01
4.361532226984647376e-01 2.435425830150821369e-01 1.748536531934132832e-01 1.454505410930397313e-01
4.070060216910323936e-01 2.621508417632953392e-01 1.871699422989457906e-01 1.436731942467263656e-01
3.789888038523420155e-01 2.855571718773550760e-01 1.970810517790326788e-01 1.383729724912700632e-01
3.578513787443105554e-01 3.109444544565534985e-01 2.019225491830458075e-01 1.292816176160903607e-01
3.455408237265127913e-01 3.337104696828030459e-01 2.017813796380794611e-01 1.189673269526046462e-01
3.378663476849403380e-01 3.522105721776319642e-01 2.007726119741035375e-01 1.091504681633238966e-01
3.373378948751585837e-01 3.635782689813892854e-01 1.999150118489715355e-01 9.916882429448038716e-02
3.468010590921697944e-01 3.656157555357559819e-01 2.000531034038990075e-01 8.753008196817479991e-02
3.675459691905630932e-01 3.588907286263156582e-01 2.003777603770477145e-01 7.318554180607361737e-02
4.048516363035877808e-01 3.420081915314187038e-01 1.961338637462916312e-01 5.700630841870172466e-02
4.517623744253811413e-01 3.198751862311634553e-01 1.866850803807050263e-01 4.167735896275000240e-02
4.957412384259277660e-01 2.991350512060372835e-01 1.756148933797388456e-01 2.950881698829607366e-02
5.313340154722119291e-01 2.814045038080618677e-01 1.664654729808071887e-01 2.079600773891931639e-02
5.584170985626372152e-01 2.646735072377409126e-01 1.618736816845759152e-01 1.503571251504641666e-02
5.810636660191855762e-01 2.446081330436229995e-01 1.628378045714058420e-01 1.149039636578561181e-02
6.053798667825055491e-01 2.167909359419267212e-01 1.685213602866303673e-01 9.307836988937449180e-03
6.329867690187628293e-01 1.799695467878828781e-01 1.791179626079276443e-01 7.925721585426797472e-03
6.481306012573905262e-01 1.455327085458066882e-01 1.990113170472706805e-01 7.325373149532076432e-03
6.373936260764959671e-01 1.204112597112534377e-01 2.344999406489962912e-01 7.695173563254331661e-03
5.981706716903141263e-01 1.067735501779886603e-01 2.861471534045583742e-01 8.908624727138983110e-03
5.501806019949485593e-01 9.742275280204783228e-02 3.422474256182299612e-01 1.014921958477346502e-02
5.097242868773500524e-01 9.134435015279122883e-02 3.881648595797483892e-01 1.076650339011055169e-02
4.856772050549735265e-01 8.541650530327339619e-02 4.182410495899245850e-01 1.066524005182854611e-02
4.764017248701555851e-01 8.051148424762039069e-02 4.329625873711705486e-01 1.012420351105366642e-02
4.793684445155507734e-01 7.730122031919066383e-02 4.339349162742680566e-01 9.395418890990448954e-03
4.914489951601819784e-01 7.681533213379596048e-02 4.229286935080994736e-01 8.806979197922441827e-03
5.067044961082588506e-01 8.021409692498798760e-02 4.043870489498738174e-01 8.694358016879172660e-03
5.201116309438628127e-01 8.750475893880138578e-02 3.832755139695915858e-01 9.108096147744397866e-03
5.311053193674949435e-01 9.646330727547756945e-02 3.626739166007136306e-01 9.757456756313899818e-03
5.363628666415862778e-01 1.073356659889550396e-01 3.459071320441519104e-01 1.039433532530678432e-02
5.355348640002233207e-01 1.173031377940784853e-01 3.362303339757954923e-01 1.093166422990284048e-02
5.325587754815505059e-01 1.244091920049153338e-01 3.317971853485918721e-01 1.123484716494248768e-02
5.336721636234031951e-01 1.265591620959757579e-01 3.289254566674887914e-01 1.084321761313242899e-02
5.447283368911911561e-01 1.226646582330262331e-01 3.231936154621762869e-01 9.413389413606417649e-03
5.661156042399752009e-01 1.135795493372816212e-01 3.128540594402928754e-01 7.450786982450333801e-03
5.851337064730566251e-01 1.019328095431539377e-01 3.070534952139996054e-01 5.879988769789910689e-03
5.848329648762129462e-01 8.972833853523745629e-02 3.203831894161868754e-01 5.055507172363057737e-03
5.550489217464659175e-01 7.847981736170452083e-02 3.616082489113879306e-01 4.863011980441461074e-03
4.955899649287107134e-01 6.675860447130868569e-02 4.325190867221190838e-01 5.132343877861699280e-03
4.096914773892913475e-01 5.535116773813752306e-02 5.292131404674924600e-01 5.744214405078777036e-03
3.064368576963609758e-01 4.438949073070845575e-02 6.426236410917456343e-01 6.550010481185011314e-03
2.047951510123171004e-01 3.381880336619264710e-02 7.540301693455631060e-01 7.355876275927232359e-03
1.253500468900220211e-01 2.400554105640962180e-02 8.426186773821672249e-01 8.025734671401010822e-03
7.494109840798390820e-02 1.547183229855653847e-02 9.008634948210663129e-01 8.723574472393283777e-03
4.698006952138748804e-02 1.009904784934920023e-02 9.327254343555829719e-01 1.019544827368017853e-02
3.210420758162085136e-02 6.957075804280858991e-03 9.476710808033154132e-01 1.326763581078270644e-02
2.293652442928070453e-02 5.207899539259121940e-03 9.528873641157635799e-01 1.896821191569685733e-02
1.968679747341961495e-02 4.230197633298213994e-03 9.450597035536333346e-01 3.102330133964862138e-02
1.794512482919002547e-02 3.586260849355186846e-03 9.223313179504561976e-01 5.613729637099892228e-02
1.815334864759033523e-02 3.403340751369591036e-03 8.735862341287525812e-01 1.048570764722877580e-01
1.953380801946867293e-02 3.745242514087099902e-03 7.937416839842577065e-01 1.829792654821864317e-01
2.063694121032386142e-02 3.902585323868819865e-03 6.879712356222731362e-01 2.874892378435340845e-01
2.130761078957314758e-02 4.217545551591628770e-03 5.668139610901371528e-01 4.076608825686978133e-01
2.165022024010900686e-02 4.504462310784582840e-03 4.472307669235202066e-01 5.266145505255859227e-01
2.172132740436097387e-02 4.674877226951560001e-03 3.401418779677686244e-01 6.334619174009188391e-01
2.203356651988284259e-02 4.635732097000584695e-03 2.454085062565296016e-01 7.279221951265868462e-01
2.330323444726386736e-02 4.492273976095875754e-03 1.681903590445332219e-01 8.040141325321069621e-01
2.667522802985531835e-02 4.689474835219825492e-03 1.176347873969287861e-01 8.510005097379960137e-01
3.304135210345206242e-02 5.674217244991602155e-03 9.285524548895433827e-02 8.684291851626021463e-01
4.231146164002543703e-02 7.599879948904621901e-03 8.503943478582474957e-02 8.650492236252451672e-01
5.473290954627520882e-02 1.042197936249980236e-02 8.661801268667776443e-02 8.482270984045473528e-01
7.114204424277678629e-02 1.408261902827250521e-02 9.288284923250227088e-02 8.218924874964486094e-01
9.241470779198875107e-02 1.878679128293342382e-02 1.021709833701321540e-01 7.866275175549460874e-01
1.182398748824339124e-01 2.469818485270745476e-02 1.144409600584825465e-01 7.426209802063761245e-01
1.457475287604293457e-01 3.128697054262065402e-02 1.288016562434376178e-01 6.941638444535120911e-01
1.713552441331671339e-01 3.783465213614899125e-02 1.436350003104963358e-01 6.471751034201873587e-01
2.604329565791036957e-02 3.238315906330651445e-02 1.004070028658410191e-01 8.411665424129419755e-01
1.647573553912880934e-02 2.430827267138641404e-02 8.843483930495375789e-02 8.707811524845310291e-01
1.092773317868950440e-02 1.848777263261580650e-02 7.359501576520204036e-02 8.969894784234926366e-01
7.800792794673641097e-03 1.437793224461751153e-02 5.957512111592063592e-02 9.182461538447876936e-01
6.160376198375314832e-03 1.150832751847900154e-02 4.841063513067179330e-02 9.339206611524736301e-01
5.382061610337575235e-03 9.302009624167004512e-03 3.940356297458444401e-02 9.459123657909109806e-01
5.205278418200170489e-03 7.644773812994348598e-03 3.217573183400128378e-02 9.549742159348041382e-01
5.693438925931986784e-03 6.698600185076630104e-03 2.687039069949468187e-02 9.607375701894965703e-01
7.122024607028538783e-03 6.520647456386892762e-03 2.355456207296884388e-02 9.628027658636159059e-01
1.003171002347014520e-02 7.234055458223786692e-03 2.280600633204515545e-02 9.599282281862610011e-01
1.490333348963767540e-02 8.907399480256187121e-03 2.482304789926709221e-02 9.513662191308392968e-01
2.197660756103749641e-02 1.158996782412595634e-02 2.948602904459430088e-02 9.369473955702418699e-01
3.161938828620601549e-02 1.546133212888258640e-02 3.664144915513697920e-02 9.162778304297745091e-01
4.409095793975819494e-02 2.049485600180499592e-02 4.528730616881532917e-02 8.901268798896215806e-01
5.880091770684602731e-02 2.589678564118682788e-02 5.315963627147773235e-02 8.621426603804892563e-01
7.424224549640469351e-02 3.041742254071269635e-02 5.859124915392164429e-02 8.367490828089613197e-01
8.891067946498339147e-02 3.321011815992590960e-02 6.127532900034194513e-02 8.166038733747487122e-01
1.022979054329596765e-01 3.430796773135326438e-02 6.161011096291135747e-02 8.017840158727758126e-01
1.129936446453758542e-01 3.433736964867964425e-02 6.130980620152416682e-02 7.913591795044203625e-01
1.200449325151424496e-01 3.384883504955144007e-02 6.190204988482111287e-02 7.842041825504851849e-01
1.254686330430855035e-01 3.267621734792753446e-02 6.219037218168817910e-02 7.796647774272986720e-01
1.309848013501126729e-01 3.016637060467605019e-02 6.007862910001086215e-02 7.787701989452006091e-01
1.353008546434213144e-01 2.621560815055277993e-02 5.533396715378193637e-02 7.831495700522440595e-01
1.083846461096994174e-01 3.498633681285421848e-01 4.128367208694762591e-01 1.289152648922823052e-01
9.432616109448058173e-02 3.628207887479296678e-01 4.320730840472180034e-01 1.107799661103717193e-01
8.449226468393748746e-02 3.694255467256172265e-01 4.511980978676683463e-01 9.488409072277685652e-02
7.649317348529335869e-02 3.669829050858924302e-01 4.754622695470633875e-01 8.106165188175099012e-02
7.090888820539795190e-02 3.526643867655789855e-01 5.065326669442620222e-01 6.989405808476084614e-02
6.793093628685482888e-02 3.298486413679815321e-01 5.394376790010121381e-01 6.278274334415155644e-02
6.676376004519722629e-02 3.053590673553304713e-01 5.673370963775248299e-01 6.054007622194739618e-02
6.419008550129676194e-02 2.809590945548760543e-01 5.924390560302376096e-01 6.241176391358976144e-02
5.669056980308156274e-02 2.521424314449245419e-01 6.239044813480156826e-01 6.726251740397849732e-02
4.514830805388311136e-02 2.177442730261851256e-01 6.623481651212677068e-01 7.475925379866400766e-02
3.344959642544124978e-02 1.804733774315651351e-01 7.009281301223184713e-01 8.514889602067489405e-02
2.431139749408945880e-02 1.445450835889455221e-01 7.321675102397627866e-01 9.897600867720232620e-02
1.852672700178547779e-02 1.168160855780984303e-01 7.465864404205803107e-01 1.180707469995355835e-01
1.546236703581757403e-02 1.000426904961585900e-01 7.410408108687038808e-01 1.434541315993199950e-01
1.396828363912008819e-02 9.156494969262973793e-02 7.212124178466325919e-01 1.732543488216176653e-01
1.346751642249685924e-02 8.360506843896207962e-02 6.984710014273057821e-01 2.044564137112354907e-01
1.346909743547636609e-02 7.850835274903725236e-02 6.735103937502766591e-01 2.345121560652099757e-01
1.345987215495315220e-02 7.385683026795281103e-02 6.538780879183195838e-01 2.588052096587745154e-01
1.360295156973899584e-02 7.141789034126558300e-02 6.416621721833856151e-01 2.733169859056097661e-01
1.398615022627039926e-02 7.153372442846478441e-02 6.393477574151853471e-01 2.751323679300793912e-01
1.442228092428747555e-02 7.374859569759856237e-02 6.501246486843997863e-01 2.617044746937144395e-01
1.457488512200809209e-02 7.745448127326759469e-02 6.735547640459725871e-01 2.344158695587520713e-01
1.397967353448910030e-02 8.164357424442718336e-02 7.021682363850298980e-01 2.022085158360540647e-01
1.426627815223826916e-02 8.805557017065430980e-02 7.223946590722770678e-01 1.752834926048303654e-01
1.440241005436477921e-02 9.326214887804099019e-02 7.362238840712926891e-01 1.561115569963017480e-01
1.475994901291712881e-02 9.632823113676530769e-02 7.455902691746653099e-01 1.433215506756524427e-01
1.529118148006274741e-02 9.746993427674538468e-02 7.509141560051573183e-01 1.363247282380347924e-01
1.613870896881924172e-02 9.809447222121768506e-02 7.510515110580849862e-01 1.347153077518783437e-01
1.781960100842717304e-02 1.002691748492572088e-01 7.431210123404737855e-01 1.387902118018417563e-01
2.119847327092053493e-02 1.057648694300048348e-01 7.229611146041858838e-01 1.500755426948891524e-01
2.723296627634841025e-02 1.151777105253594252e-01 6.887923456526582333e-01 1.687969775456337751e-01
3.640400120455426075e-02 1.281604675410528416e-01 6.446311691264463573e-01 1.908043621279461588e-01
4.796151446237073568e-02 1.412047641406716236e-01 5.990539662302806212e-01 2.117797551666772415e-01
6.049185684423857845e-02 1.482170258082201875e-01 5.581016698471296111e-01 2.331894475004117617e-01
7.303579428389525563e-02 1.441698477865238082e-01 5.209655463570603828e-01 2.618288115725206922e-01
8.502487547304637960e-02 1.290586019420526809e-01 4.800587644890503825e-01 3.058577580958500852e-01
9.551138870974730521e-02 1.083027037239156637e-01 4.287439808939033647e-01 3.674419266724338606e-01
1.022987925447104290e-01 8.742484547219123159e-02 3.718849665926919346e-01 4.383913953904063909e-01
1.024751869982978153e-01 6.957575917949507249e-02 3.236153479065402294e-01 5.043337059156672852e-01
9.490324411034260776e-02 5.498641891023672151e-02 2.929019517084763824e-01 5.572083852709442953e-01
8.203801885625715273e-02 4.239457279692289415e-02 2.774498533847438719e-01 5.981175549620760812e-01
6.792798668598673539e-02 3.101720311259651558e-02 2.704832686081349857e-01 6.305715415932817702e-01
5.555396484131377988e-02 2.133838515125069737e-02 2.668487010317944774e-01 6.562589489756412986e-01
4.688101474514316108e-02 1.417849125123117442e-02 2.638782721466055303e-01 6.750622218570200284e-01
4.313262494927164181e-02 9.379290465270946967e-03 2.572627790368884337e-01 6.902253055485690902e-01
4.435462208257179295e-02 6.237765287689918912e-03 2.405953704393989645e-01 7.088122421903395587e-01
4.966816454433529288e-02 4.169506112370787061e-03 2.106629405689543488e-01 7.354993887743396241e-01
5.791937349127629364e-02 2.841099002218568353e-03 1.731589285011996271e-01 7.660805990053054515e-01
6.816105404041256088e-02 2.066368073357889492e-03 1.395382992670863020e-01 7.902342786191435264e-01
8.164856475321012608e-02 1.721264857492539125e-03 1.169145291360643713e-01 7.997156412532330227e-01
1.016238398802626619e-01 1.664943313543484254e-03 1.052824124987558063e-01 7.914288043074377832e-01
1.302565701739857862e-01 1.792288308753622232e-03 1.019386698772119793e-01 7.660124716400487088e-01
1.689972304883289589e-01 2.092422455004045757e-03 1.053893510722300753e-01 7.235209959844367544e-01
2.186424054180179377e-01 2.557252498521557244e-03 1.126720535203923207e-01 6.661282885630679385e-01
2.741404941918473281e-01 3.055510403036307450e-03 1.169587251289756213e-01 6.058452702761411013e-01
3.230286386110974295e-01 3.397283485894741183e-03 1.127845216715711585e-01 5.607895562314368920e-01
3.570883625772032777e-01 3.563032810470644421e-03 1.014807733717310312e-01 5.378678312405950068e-01
3.801505563020706746e-01 3.618186797400531254e-03 8.693335615796575488e-02 5.292979007425629989e-01
3.997199247899032581e-01 3.652606407512554165e-03 7.240191554045453948e-02 5.242255532621297176e-01
4.194215217466897849e-01 3.736387385201524192e-03 6.016919290666104120e-02 5.166728979614478856e-01
4.444031763904555121e-01 3.809785819014975192e-03 5.035367144112233573e-02 5.014333663494073834e-01
4.821083091976282597e-01 3.834118173064041037e-03 4.207041592738854086e-02 4.719871567019193748e-01
5.397407666213708266e-01 3.831587603101225658e-03 3.434832230342698550e-02 4.220793234721009202e-01
6.174786201040248779e-01 4.099920804266157098e-03 2.634246114434894703e-02 3.520789979473600839e-01
6.997309512831746403e-01 4.057349248262238049e-03 2.037805318771704344e-02 2.758336462808462231e-01
7.639207232375310186e-01 4.133154839665238375e-03 1.643021706322753822e-02 2.155159048595761961e-01
7.987790595080161982e-01 4.415645907284561009e-03 1.468985936429637561e-02 1.821154352204028548e-01
8.032291296507299005e-01 4.862414062288675752e-03 1.500049679805072998e-02 1.769079594889308438e-01
7.804323696933427312e-01 5.314727166106377777e-03 1.718203583032083120e-02 1.970708673102298247e-01
7.378764096712863152e-01 5.765286294197462941e-03 2.135154578716170343e-02 2.350067582473544248e-01
6.902072657197085848e-01 6.434831535327598453e-03 2.812050087140946855e-02 2.752374018735545547e-01
6.508401524248973447e-01 7.620064854516815991e-03 3.871897785978729162e-02 3.028208048607984315e-01
6.187587269776106957e-01 9.761630748173776712e-03 5.540198695630967063e-02 3.160776553179061032e-01
5.806894620685836284e-01 1.390177447583582256e-02 8.108073267704876685e-02 3.243280307785319505e-01
5.279062955433400095e-01 1.897617622027778991e-02 1.168826728638806545e-01 3.362348553725016398e-01
4.574971293440329712e-01 2.547589942376820432e-02 1.666115815967289804e-01 3.504153896354699205e-01
3.777823349692704391e-01 3.314182654225796693e-02 2.294833272036353733e-01 3.595925112848362137e-01
3.046385063044270702e-01 4.080197905954554422e-02 2.926781272985871096e-01 3.618813873374403522e-01
2.492203101708487523e-01 4.800756177511820988e-02 3.368449315792307330e-01 3.659271964748024852e-01
2.119035047746821721e-01 5.537768153680705518e-02 3.536279743558200517e-01 3.790908393326907211e-01
1.856172372655542635e-01 6.385845820084258551e-02 3.516056176888182616e-01 3.989186868447848200e-01
1.628368169144759070e-01 7.525894903766242039e-02 3.490317580224651661e-01 4.128724760253963955e-01
1.409871523359007284e-01 9.146080728725043685e-02 3.587633040674995666e-01 4.087887363093491433e-01
1.206905375844535416e-01 1.122736127115165627e-01 3.786201602580949177e-01 3.884156894459349085e-01
1.027261538884123582e-01 1.342662520719266339e-01 3.993397114275497040e-01 3.636678826121113040e-01
8.856653539603223657e-02 1.533426382688073963e-01 4.154654191303235322e-01 3.426254072048366961e-01
8.007671078008100907e-02 1.695068559282909282e-01 4.274784586133709152e-01 3.229379746782575222e-01
7.723979786540643988e-02 1.864856983628850884e-01 4.387491193935795231e-01 2.975253843781287544e-01
7.690304629932362412e-02 2.052770394219619043e-01 4.525708756206286432e-01 2.652490386580859671e-01
