2.343543239120886856e-01 1.048428033337656801e-01 2.724328254738844213e-01 3.883700472802612547e-01
7.415572093635186546e-01 1.152647293945505413e-01 9.436308166003232190e-02 4.881497958189871811e-02
7.360554212842542743e-01 1.152444347288524712e-01 1.002989816170387627e-01 4.840116236985459591e-02
7.125548608753748958e-01 1.232191907620753674e-01 1.119029406427783785e-01 5.232300771977130283e-02
6.803745461958293772e-01 1.354052403563983098e-01 1.253255319824576330e-01 5.889468146531469384e-02
6.501502286939669917e-01 1.494095846220857282e-01 1.356676254380835556e-01 6.477256124586350250e-02
6.268187025972329351e-01 1.643200313180656347e-01 1.419057418876645549e-01 6.695552419703679203e-02
6.035851142299736294e-01 1.841295717391947806e-01 1.477131580625059837e-01 6.457215596832559246e-02
5.693222246390301500e-01 2.173336415765508289e-01 1.546115525880377151e-01 5.873258119638121583e-02
5.255071740177403861e-01 2.633462167414479249e-01 1.600008629762715850e-01 5.114574626454023581e-02
4.803215664806482765e-01 3.147427134008250471e-01 1.618459025397381290e-01 4.308981757878844326e-02
4.352017360362874232e-01 3.672703207933628033e-01 1.615663853610223577e-01 3.596155780932737411e-02
3.850174269213191836e-01 4.241004790744472563e-01 1.604446666969371882e-01 3.043742730729621232e-02
3.346803251204456542e-01 4.799167584562192834e-01 1.590363923178352290e-01 2.636652410549965991e-02
2.863640659311285086e-01 5.332894752397301374e-01 1.567119472387993317e-01 2.363451159034159893e-02
2.455733280558540510e-01 5.790811135084745764e-01 1.531884730868026678e-01 2.215708534886855555e-02
2.159449676528002460e-01 6.141954310974083731e-01 1.481793685853600440e-01 2.168023266443135783e-02
1.970830547794602261e-01 6.401544788346129611e-01 1.411052215444830449e-01 2.165724484144381998e-02
1.853488973850427879e-01 6.617642566180772512e-01 1.314613017970895636e-01 2.142554419979019256e-02
1.754451366822915859e-01 6.841362520333480468e-01 1.197534197484339258e-01 2.066519153592612235e-02
1.651232666061385745e-01 7.065193724765883587e-01 1.084182196001153009e-01 1.993914131715785604e-02
1.553582652961716104e-01 7.237278484520581756e-01 1.006208138658262058e-01 2.029307238594414350e-02
1.441255908075776970e-01 7.351379714673226262e-01 9.813326421305376690e-02 2.260317351204615272e-02
1.274713282933172820e-01 7.440276400908015786e-01 1.012377353605796032e-01 2.726329625530138009e-02
1.038319960253855645e-01 7.519213467514439531e-01 1.099058055359307395e-01 3.434085168723964576e-02
7.789043397099014443e-02 7.544296669060981397e-01 1.242184465424104323e-01 4.346145258050110316e-02
5.584209983622496348e-02 7.474220358113674578e-01 1.436741336593848617e-01 5.306173069302275169e-02
3.906771198205021695e-02 7.304247973438282582e-01 1.699033192681307369e-01 6.060417140599066999e-02
2.836992727610798334e-02 7.054175463057021922e-01 2.014570796482578752e-01 6.475544676993198745e-02
2.222696583844101237e-02 6.734013664623355044e-01 2.381275701236187925e-01 6.624409757560460743e-02
1.943924515162117825e-02 6.361154919582633349e-01 2.779760124103939911e-01 6.646925047972124245e-02
1.927994148677497979e-02 5.964442711354206450e-01 3.177932998829733346e-01 6.648248749483054443e-02
2.144906351115212495e-02 5.593099670084642483e-01 3.526101133541142962e-01 6.663085612626930276e-02
2.556768723084618458e-02 5.312403140744179630e-01 3.764318260824195961e-01 6.676017261231639854e-02
3.065495706481607963e-02 5.147455929683623088e-01 3.878299451620017546e-01 6.676950480481956551e-02
3.526526412830760515e-02 5.078828491118909660e-01 3.908562968778103719e-01 6.599558988199115406e-02
3.790968188064610528e-02 5.108272559382625033e-01 3.872594454984995549e-01 6.400361668259151038e-02
3.785463355620351938e-02 5.221982081712503998e-01 3.778171366927342567e-01 6.213002157981166451e-02
3.698382688817537095e-02 5.347057005637811944e-01 3.652008106319721836e-01 6.310966191607092490e-02
3.805933784525559332e-02 5.403411182176867111e-01 3.527137503751794911e-01 6.888579356187822522e-02
4.220782476931653204e-02 5.381450769668704170e-01 3.409765048502024221e-01 7.867059341361064273e-02
4.924403488826633452e-02 5.312088812785299430e-01 3.296374347397940663e-01 8.990964909340977418e-02
5.819772547799793166e-02 5.221570158028657760e-01 3.195476561570114171e-01 1.000976025621246601e-01
6.764819418227770165e-02 5.131631597805382805e-01 3.115440843511288471e-01 1.076445616860546989e-01
7.606293820669363104e-02 5.065433437337001354e-01 3.053210817300707203e-01 1.120726363295354994e-01
8.241661209746996286e-02 5.032032443121653431e-01 2.999439322833837296e-01 1.144362113069812420e-01
8.637037757900420387e-02 5.022437932421039974e-01 2.947911223203006914e-01 1.165947068585909824e-01
8.810858127790710537e-02 5.021227114074156006e-01 2.904173195337555469e-01 1.193513877809216361e-01
8.826540270844172864e-02 5.025370632528023407e-01 2.882367221866110607e-01 1.209608118521447867e-01
8.716301650698619896e-02 5.033411139123936673e-01 2.894817771056725775e-01 1.200140924749474453e-01
8.605518785299634543e-02 4.994963466101460803e-01 2.941935377125620699e-01 1.202549278242956154e-01
8.633558185769579785e-02 4.880373510385210833e-01 2.990596069579453675e-01 1.265674601458379456e-01
8.802650896195472752e-02 4.719072258056632996e-01 3.007365547367794600e-01 1.393297104956023047e-01
9.003051576844475767e-02 4.599608731936877803e-01 2.973118313510891841e-01 1.526967796867783056e-01
9.123347264499651055e-02 4.601673413588740491e-01 2.899298221187907587e-01 1.586693638773388204e-01
9.105306449747400943e-02 4.743755176559000808e-01 2.810202340530577603e-01 1.535511837935680801e-01
8.871342225440498330e-02 5.008388199970565946e-01 2.708938335721356450e-01 1.395539241764023330e-01
8.346263070831620723e-02 5.361143563481332031e-01 2.579814050398744341e-01 1.224416079036764193e-01
7.568137212771455791e-02 5.760683790849279173e-01 2.404502375872400455e-01 1.078000112001170629e-01
6.708987198092497550e-02 6.164328917470138780e-01 2.176989935912095053e-01 9.877824268085130810e-02
5.940721061388453544e-02 6.532759871216087255e-01 1.912247353111480308e-01 9.609206695335882620e-02
5.474615207264434819e-02 6.779330479090417416e-01 1.665967570301522260e-01 1.007240429881615940e-01
5.137356808768354932e-02 6.851738838200166493e-01 1.462900984178214792e-01 1.171624496744783916e-01
5.295387648675944914e-02 6.568726501920026939e-01 1.335214708167504760e-01 1.566520025044876030e-01
6.095108949903203788e-02 5.793487227027942499e-01 1.272866322879502299e-01 2.324135555102230244e-01
7.399528203870277265e-02 4.641925424374774845e-01 1.211842967510465552e-01 3.406278787727730628e-01
8.828228214586791855e-02 3.507052085929156515e-01 1.128420385519793151e-01 4.481704707092371565e-01
1.014360889384662567e-01 2.664489032299847127e-01 1.052052024935238861e-01 5.269098053380250057e-01
1.101631176111484145e-01 2.105564169356965165e-01 1.010241879650906754e-01 5.782562774880645184e-01
1.113785924415442857e-01 1.711372445710572510e-01 9.955712553217002658e-02 6.179270374552289224e-01
1.053565009428938243e-01 1.384920625599773691e-01 9.816001317037313656e-02 6.579914233267555312e-01
9.440652895779004516e-02 1.103912854734600130e-01 9.647924486934404686e-02 6.987229406994053260e-01
7.239946463664186094e-02 3.818834923686049293e-02 5.686409785323625066e-01 3.207712075941349661e-01
1.474399794507171568e-01 6.593565410524876436e-01 1.578580598774561861e-01 3.534541961933926335e-02
1.867755007317133398e-01 5.884573073358437822e-01 1.842898748865375580e-01 4.047731704590529916e-02
2.274146050065445346e-01 5.198217941017563293e-01 2.070616421516593697e-01 4.570195874003958603e-02
2.645882065117202697e-01 4.653321496552954017e-01 2.209549954465665489e-01 4.912464838641784903e-02
2.932451750891617026e-01 4.310344920270128277e-01 2.257981803648887453e-01 4.992215251893668965e-02
3.142508360825773672e-01 4.139424882989146126e-01 2.231346555752682093e-01 4.867202004323973458e-02
3.240398017947992426e-01 4.136452791619052438e-01 2.159158213974616547e-01 4.639909764583382418e-02
3.208039823211979447e-01 4.293346300168310870e-01 2.064707452861894998e-01 4.339064237578139915e-02
3.080125426997373239e-01 4.588183089876021747e-01 1.938710735281444220e-01 3.929807478451616265e-02
2.837636997665459737e-01 5.038712041915618389e-01 1.782121063761418489e-01 3.415298966575042866e-02
2.499523328582401727e-01 5.557218392142766472e-01 1.655396569812607743e-01 2.878617094622236416e-02
2.092737294656995539e-01 6.042378938485327700e-01 1.624606587228251131e-01 2.402771796294234444e-02
1.715870428356430777e-01 6.352658974579700191e-01 1.729968882548584830e-01 2.015017145152863884e-02
1.434093079143489435e-01 6.390149070719494118e-01 2.003806248031619330e-01 1.719516021053961105e-02
1.226877949906587523e-01 6.114107308289308262e-01 2.504678050180922932e-01 1.543366916231840059e-02
1.083449352619099276e-01 5.437591999835797996e-01 3.324272850041424254e-01 1.546857975036788901e-02
9.495701932514480359e-02 4.409323639156832453e-01 4.465242475707025815e-01 1.758636918846971306e-02
7.969995846839118825e-02 3.265189945101203417e-01 5.721356099717487265e-01 2.164543704973976093e-02
6.482563416719712424e-02 2.271276630583200784e-01 6.799746944628402012e-01 2.807200831164293614e-02
5.332330387077011818e-02 1.539975951033074053e-01 7.541043927941243341e-01 3.857470823179784403e-02
4.495943514362887167e-02 1.044252958678871523e-01 7.954562685486692430e-01 5.515900043981489947e-02
3.753511863235331480e-02 7.178826646531108469e-02 8.115936746535591384e-01 7.908294024877654538e-02
2.994538914994786943e-02 5.044538486926685578e-02 8.086907936006277886e-01 1.109184323801571947e-01
2.231746922576234235e-02 3.572726722718565229e-02 7.901595329027969461e-01 1.517957306442547505e-01
1.568960875839001817e-02 2.545880288988091114e-02 7.523118117005120897e-01 2.065397766512171718e-01
1.076012503912628961e-02 1.837402651715269383e-02 6.891698600151963117e-01 2.816959884285245574e-01
7.520891270780433700e-03 1.353415647335310182e-02 5.998501240535597523e-01 3.790948282023069438e-01
5.013755339235754019e-03 1.035663282685195252e-02 4.962487457269956770e-01 4.883808661069165002e-01
3.785621442815823370e-03 8.755384626683883342e-03 4.021915952788860382e-01 5.852673986516140348e-01
3.321271544784268250e-03 8.543788575290154133e-03 3.404397663310176902e-01 6.476951735489080431e-01
3.393933726115268626e-03 9.532594744677137799e-03 3.194243250873633477e-01 6.676491464418445876e-01
3.786224543012489500e-03 1.143328516303461842e-02 3.341308505793393890e-01 6.506496397146129818e-01
4.245026868419899194e-03 1.366818895533499119e-02 3.685743516220696403e-01 6.135124325541755352e-01
5.013424421574052409e-03 1.556955380667408330e-02 4.034419227764463045e-01 5.759750989953056344e-01
5.073090488792221693e-03 1.676798848528203434e-02 4.293397301435802893e-01 5.488191908823455423e-01
4.992473729447868304e-03 1.734375271208628624e-02 4.460091718227921498e-01 5.316546017356736931e-01
4.848562134275584412e-03 1.737483092092007367e-02 4.581975089204382012e-01 5.195790980243661927e-01
4.698361429548084459e-03 1.682104890020495042e-02 4.722660419352161520e-01 5.062145477350312728e-01
4.610147838316805066e-03 1.586022381079194368e-02 4.901204427083595272e-01 4.894091856425315523e-01
4.639283214283694209e-03 1.487227587234903059e-02 5.057785578365184831e-01 4.747098830768486932e-01
4.764283660083670248e-03 1.407061652064847332e-02 5.131062534980774803e-01 4.680588463211903805e-01
4.907284066533044303e-03 1.355106720828175640e-02 5.121077094754262760e-01 4.694339392497589025e-01
5.010736895460225077e-03 1.336465120342942084e-02 5.051340368905761213e-01 4.764905750105342119e-01
5.045145219755142914e-03 1.335471013363134785e-02 4.913336692473661005e-01 4.902664753992475033e-01
4.577529396446373446e-03 1.357041706616790751e-02 4.679208868298014301e-01 5.139311667075844303e-01
4.650632634453812433e-03 1.430616897596892305e-02 4.369964723311073884e-01 5.440467260584699316e-01
5.321109631062247679e-03 1.567351681062080851e-02 4.084015002729634025e-01 5.706038732853535578e-01
5.680337444125153901e-03 1.810424602755934809e-02 3.914816885244964961e-01 5.847337280038187313e-01
6.363461966175505864e-03 2.208625601830156368e-02 3.867396416083249133e-01 5.848106404071978792e-01
7.401059956270734236e-03 2.795799484271844354e-02 3.865549629005034515e-01 5.780859823005071174e-01
8.793876120228158108e-03 3.621170822061133693e-02 3.831450357310429156e-01 5.718493799281174628e-01
1.047702261435781886e-02 4.710689822257517478e-02 3.758333739848249699e-01 5.665827051782420520e-01
1.222157668450048543e-02 6.035699910500463145e-02 3.657802485746338150e-01 5.616411756358610230e-01
1.440780579537106337e-02 7.536838031559958684e-02 3.526196044311513123e-01 5.576042094578781416e-01
1.583060406794589356e-02 9.216400762810876557e-02 3.376765414327231318e-01 5.543288468712221917e-01
1.708504701220374053e-02 1.101394905551408149e-01 3.224918700441480879e-01 5.502835923885069924e-01
1.835139997587320257e-02 1.281333684497605041e-01 3.086641049350347665e-01 5.448511266393315511e-01
1.988678156890390236e-02 1.462703400512655461e-01 2.984579319555074051e-01 5.353849464243236600e-01
2.210642154117936284e-02 1.684711098685187369e-01 2.946081043006936739e-01 5.148143642896083616e-01
2.545046203207237609e-02 2.010378588617831308e-01 2.982691688463851576e-01 4.752425102597592765e-01
2.959320718797875047e-02 2.487693994418739285e-01 3.061645870250137014e-01 4.154728063451340048e-01
3.451405148579912707e-02 3.071937840650877383e-01 3.107164888031587746e-01 3.475756756459545405e-01
3.764514627003397867e-02 3.658991984787977048e-01 3.069127626532396902e-01 2.895428925979285917e-01
3.866358596054312452e-02 4.129412925240891208e-01 2.998801359335565020e-01 2.485149855818111209e-01
3.974904682327844857e-02 4.440112535689398343e-01 2.971805072564371875e-01 2.190591923513443839e-01
4.180006027792302487e-02 4.628122599560442474e-01 3.023966894073840672e-01 1.929909903586485009e-01
4.799711901193336183e-02 4.708420739761027263e-01 3.130941729748161206e-01 1.680666340371476108e-01
5.706500736623026926e-02 4.786151249911801409e-01 3.181918603111358324e-01 1.461280073314536743e-01
6.997184829530020411e-02 4.961121497857202689e-01 3.067362137466993488e-01 1.271797881722803725e-01
8.744913111170783682e-02 5.302742936598809909e-01 2.728983670846450438e-01 1.093782081437660175e-01
1.081987881879030444e-01 5.806192075766312133e-01 2.189703563450047796e-01 9.221164789046067123e-02
4.749513506173162480e-01 5.877651272322079873e-02 2.252078235695206126e-02 4.437513543025111140e-01
6.926381295256591741e-01 6.854293194045903148e-02 1.969678115389291717e-01 4.185112699495268512e-02
7.225065590832379092e-01 6.038278578498280924e-02 1.773042925546242932e-01 3.980636257715518267e-02
7.391542013626971608e-01 5.543551107559457208e-02 1.677426163141537141e-01 3.766767124755474733e-02
7.378652649419084053e-01 5.540569722370133204e-02 1.705916365620251118e-01 3.613740127236501204e-02
7.173343877979957428e-01 6.054120303452417695e-02 1.867453558075391762e-01 3.537905335994102896e-02
6.803237728200257628e-01 7.007621001026320684e-02 2.146242981007266404e-01 3.497571906898430671e-02
6.329671461264864130e-01 8.260215706239636135e-02 2.500256498434922370e-01 3.440504696762492626e-02
5.823316025355738113e-01 9.718177823860013609e-02 2.871569379213502193e-01 3.332968130447580557e-02
5.321520112645805600e-01 1.148135025681286531e-01 3.212288100133269264e-01 3.180567615396397846e-02
4.836121754082772228e-01 1.372134740653692675e-01 3.491389333919792115e-01 3.003541713437450633e-02
4.323218521748036780e-01 1.703891729781037423e-01 3.688770001097911311e-01 2.841197473730107739e-02
3.794120461184984916e-01 2.195024128403605668e-01 3.741459116682091524e-01 2.693962937293191071e-02
3.311563510983513425e-01 2.878837457182712445e-01 3.557339689877412336e-01 2.522593419563631811e-02
2.881783951673327349e-01 3.755884005691922378e-01 3.131381835491545140e-01 2.309502071432031553e-02
2.454518899948713861e-01 4.763090116664541740e-01 2.576147945141533113e-01 2.062430382452079200e-02
1.991250791908721895e-01 5.783966748785412948e-01 2.043471116761470252e-01 1.813113425443970209e-02
1.511888262699240537e-01 6.701630840407115652e-01 1.627196657846911587e-01 1.592842390467339928e-02
1.075639925229746469e-01 7.448671322955955354e-01 1.335812890254368945e-01 1.398758615599281913e-02
7.249001036542555843e-02 8.012609924769761305e-01 1.139946667756773363e-01 1.225433038192093489e-02
4.817959751092091431e-02 8.383890328443673878e-01 1.025011976269905867e-01 1.093017201772113894e-02
3.234369535109574145e-02 8.569440528007783442e-01 1.004289984876345354e-01 1.028325336049162354e-02
2.514810502201655570e-02 8.511560638955009139e-01 1.128338574945310369e-01 1.086197358795140330e-02
2.227994270868376495e-02 8.153742863498452120e-01 1.490950865062010411e-01 1.325068443526976336e-02
2.273962621216361543e-02 7.384237658488668199e-01 2.206536332210400908e-01 1.818297471792969591e-02
2.538999399316850189e-02 6.209082104055707596e-01 3.275595079727279813e-01 2.614228762853246929e-02
2.959072554626612089e-02 4.875088868122361419e-01 4.457452474092419292e-01 3.715514023225589130e-02
3.489640664771211098e-02 3.694104571976211115e-01 5.443088408999582350e-01 5.138429525470835507e-02
4.055760459591704892e-02 2.787825187607702593e-01 6.111097974515122822e-01 6.955007919180057618e-02
4.521523505118881653e-02 2.115740693426279295e-01 6.518538554626277515e-01 9.135684014355541227e-02
4.773286459470002518e-02 1.607417090519310532e-01 6.764910969230429894e-01 1.150343294303258490e-01
4.817825126775866773e-02 1.201994633343783786e-01 6.910979252195446065e-01 1.405243601783186247e-01
4.717322841819629464e-02 8.683992014866577513e-02 6.937778637710662055e-01 1.722089876620718218e-01
4.517979840911249406e-02 6.005474778159108212e-02 6.769026393240816786e-01 2.178628144852147175e-01
4.239553104595771699e-02 3.927440815311115246e-02 6.320689696384907963e-01 2.862610911624403065e-01
3.787812505109024869e-02 2.426675801641120858e-02 5.553390330082056403e-01 3.825160839242929267e-01
3.066766384602686440e-02 1.450184463315263086e-02 4.529022518045769385e-01 5.019282397162437848e-01
2.172012118094414010e-02 8.617117743434238308e-03 3.440098159202879535e-01 6.256529451553337617e-01
1.349749407530369087e-02 5.101299173020283108e-03 2.486422030570542285e-01 7.327590036946216578e-01
7.642718149639953808e-03 2.995867195136837826e-03 1.763342835999812674e-01 8.130271310552420472e-01
4.191674645602937697e-03 1.786221500522153401e-03 1.273170586111381508e-01 8.667050452427366158e-01
2.434717436912878577e-03 1.148007669053232455e-03 9.725902030731700676e-02 8.991582545867166099e-01
1.614688912085997848e-03 8.313223310149663123e-04 7.971420521154580496e-02 9.178397835453533382e-01
1.243420349392701258e-03 6.798355310308997531e-04 6.837164845578648509e-02 9.297050956637901153e-01
1.069385736725713375e-03 6.036714975884235499e-04 5.886475872173503598e-02 9.394621840439506544e-01
9.785122396611129619e-04 5.608959132945258918e-04 4.965018032493104944e-02 9.488104115221132062e-01
1.383567178195500283e-03 1.077527718378844908e-03 4.195994412177462413e-02 9.555789609816509600e-01
1.319414780491615655e-03 1.036994430497426402e-03 3.781452408094251177e-02 9.598290667080686678e-01
1.465340229685603958e-03 1.197631509703552368e-03 3.725851110993061432e-02 9.600785171506799331e-01
1.790048685243545963e-03 1.556109755504124070e-03 3.943076379098153783e-02 9.572230777682707581e-01
2.245572835453795921e-03 2.111089789288566818e-03 4.359223845377457190e-02 9.520510989214827635e-01
2.740109472873081091e-03 2.805558676731166861e-03 4.883698790713173615e-02 9.456173439432636885e-01
3.245249453923127348e-03 3.614373504074903497e-03 5.506343334829992553e-02 9.380769436937017591e-01
3.960494755321970067e-03 4.795943553346937276e-03 6.453628579981610103e-02 9.267072758915150255e-01
5.338552265132238094e-03 7.082994768667563203e-03 8.176066446243090979e-02 9.058177885037692612e-01
6.991004883499126604e-03 1.193413575951962104e-02 1.117281708758036257e-01 8.693466884811775763e-01
1.020074829969026819e-02 2.136974540664664940e-02 1.531903131695045439e-01 8.152391931241583789e-01
1.400818918543172802e-02 3.718857214677791234e-02 2.018189938936005567e-01 7.469842447741897873e-01
1.842303413843248208e-02 5.903265739230727921e-02 2.503622360179854622e-01 6.721820724512748146e-01
2.195921765602467171e-02 8.414477513022063093e-02 2.942334198264207612e-01 5.996625873873339119e-01
2.533666090695772463e-02 1.097661201092026972e-01 3.318995832299138082e-01 5.329976357539257803e-01
2.884468174716512193e-02 1.331229311946493521e-01 3.630031920051192129e-01 4.750291950530662333e-01
3.255144852113272397e-02 1.518420007647997561e-01 3.851135942119092714e-01 4.304929565021585747e-01
3.591694393029244009e-02 1.669182373578753098e-01 3.955925721572157161e-01 4.015722465546162079e-01
3.992530991651330879e-02 1.814184334560933753e-01 3.963168422400897284e-01 3.823394143873036777e-01
4.446553706918163901e-02 2.007689090438444512e-01 3.863127548896169716e-01 3.684527989973572226e-01
5.019020400101419088e-02 2.279049437779970266e-01 3.656944271072542496e-01 3.562104251137346855e-01
5.760824806337920545e-02 2.629601676868855153e-01 3.385607491002413094e-01 3.408708351494942335e-01
6.642575178927878632e-02 2.997860553605227185e-01 3.117139143938176260e-01 3.220742784563809802e-01
7.531581672008398620e-02 3.264479408598967014e-01 2.919552030801343956e-01 3.062810393398850972e-01
8.341492368816398606e-02 3.400583996676691534e-01 2.771675154406247343e-01 2.993591612035421679e-01
9.159803173881797544e-02 3.427446139218005561e-01 2.649130110541334515e-01 3.007443432852480170e-01
2.291656280065271223e-02 1.017390890318304979e-02 7.895060741264515736e-01 1.774034541697125378e-01
8.495411276114210875e-01 8.832298621676587524e-02 4.426074009234055168e-02 1.787514607947264175e-02
8.253481216990130598e-01 9.995152592373315881e-02 5.556349417938107743e-02 1.913685819787279765e-02
8.000922679909466817e-01 1.117342393558268671e-01 6.811892876786210249e-02 2.005456388536470611e-02
7.740593710501493252e-01 1.233033419354774007e-01 8.196222419035034679e-02 2.067506282402276768e-02
7.468365427762779785e-01 1.345310857389641901e-01 9.770389567863295432e-02 2.092847580612492570e-02
7.164001074239568778e-01 1.459388127665693924e-01 1.167958527848588640e-01 2.086522702461501150e-02
6.788885375144493306e-01 1.592574940478821421e-01 1.410191029750785807e-01 2.083486546258986674e-02
6.371480360984070890e-01 1.730463696516948702e-01 1.690638742450215060e-01 2.074172000487644468e-02
5.954494871609538054e-01 1.872859698612516222e-01 1.970408843152819112e-01 2.022365866251284866e-02
5.583685271250004023e-01 1.990409550001214778e-01 2.232265372939372383e-01 1.936398058094093710e-02
5.243300962819862354e-01 2.090166083557974119e-01 2.481010429859742683e-01 1.855225237624219189e-02
4.951992102329998979e-01 2.171128606465307920e-01 2.699365393783419442e-01 1.775138974212719933e-02
4.769222552109550484e-01 2.216546892441675909e-01 2.847981565472925691e-01 1.662489899758495815e-02
4.755691907597180412e-01 2.201767646632783182e-01 2.894814725907122743e-01 1.477257198629126737e-02
4.922219128277230960e-01 2.126459838677617620e-01 2.828433473616656091e-01 1.228875594284916176e-02
5.194837035118536894e-01 2.036983847185551144e-01 2.669477894989579214e-01 9.870122270633507194e-03
5.470264227566897786e-01 1.976014603777624112e-01 2.473768952375055563e-01 7.995221628042403078e-03
5.710739492882593860e-01 1.932742774469520253e-01 2.290548672318680756e-01 6.596906032920554774e-03
5.915542536297598852e-01 1.879818187690328046e-01 2.148812919050356596e-01 5.582635696171581174e-03
6.106766626226779460e-01 1.789349142597324582e-01 2.054682299074569451e-01 4.920193210132331463e-03
6.317648031060044689e-01 1.637776037934967621e-01 1.999364841196522302e-01 4.521108980846670622e-03
6.520693597566001865e-01 1.440771107333485290e-01 1.995033618070284342e-01 4.350167703022734048e-03
6.611425880318706483e-01 1.253049086488264297e-01 2.089931549558440849e-01 4.559348363458820726e-03
6.478628052182262564e-01 1.134753984874102978e-01 2.331978547857229966e-01 5.463941508640544550e-03
6.138509906769359370e-01 1.099740830079954379e-01 2.689906852088349565e-01 7.184241106233684240e-03
5.750795376388665447e-01 1.114663197380216519e-01 3.041940030930538330e-01 9.260139530057699686e-03
5.493614137735528535e-01 1.124156770116962467e-01 3.273262952205785448e-01 1.089661399417247468e-02
5.403765848355956969e-01 1.122717121709184418e-01 3.356468637601371374e-01 1.170483923334889390e-02
5.444923363177102127e-01 1.110770842450503199e-01 3.327363392702958889e-01 1.169424016694360462e-02
5.574552467767369679e-01 1.093729458417620620e-01 3.220835199328575538e-01 1.108828744864343886e-02
5.750763368441876855e-01 1.089642996372134354e-01 3.055690596314120655e-01 1.039030388718657424e-02
5.920489520816507589e-01 1.120462920475226581e-01 2.857818414937535190e-01 1.012291437707311427e-02
6.069455335366742421e-01 1.173056592784640917e-01 2.653871942799260197e-01 1.036161290493561871e-02
6.179890267776236845e-01 1.247530842114086685e-01 2.464240733227661961e-01 1.083381568820112641e-02
6.258343854135207662e-01 1.316283728064622238e-01 2.313009344677235957e-01 1.123630731229347847e-02
6.296934465397294733e-01 1.370365792275593797e-01 2.217326767243849028e-01 1.153729750832619208e-02
6.325117004131963760e-01 1.392048962108822785e-01 2.166639222649517083e-01 1.161948111096991303e-02
6.396005370634689768e-01 1.362708905172264062e-01 2.131105822319530607e-01 1.101799018735125091e-02
6.543685192177132182e-01 1.282034281312316448e-01 2.080323041497259551e-01 9.395748501329081320e-03
6.721032959393566930e-01 1.179714858681066014e-01 2.025902032286163168e-01 7.335014963920290752e-03
6.789705193448535292e-01 1.103342805866931314e-01 2.048549525269567351e-01 5.840247541496638127e-03
6.632588154206435771e-01 1.069704870096310212e-01 2.245098216391401003e-01 5.260875930585446301e-03
6.191443308514484878e-01 1.061145381543998206e-01 2.692622396618273850e-01 5.478891332324508680e-03
5.467127439564938296e-01 1.014247014272566111e-01 3.455285550690495588e-01 6.333999547199976182e-03
4.427018717129359016e-01 9.343923538708787113e-02 4.561382053800658865e-01 7.720687519910536881e-03
3.175375182360669624e-01 7.926362184303716030e-02 5.938849954665393893e-01 9.313864454356328426e-03
1.968783676362246826e-01 6.051877644374462073e-02 7.320363980559370098e-01 1.056645786409400774e-02
1.074025045531938755e-01 4.130116748949099609e-02 8.402033703070399540e-01 1.109295765027530981e-02
5.421732073100405530e-02 2.581354191594906894e-02 9.088867215467795191e-01 1.108241580626753361e-02
2.739080012439565337e-02 1.554090217071285064e-02 9.457685972656280082e-01 1.129970043926362654e-02
1.488825946505306294e-02 9.936868366254836965e-03 9.626007863812053866e-01 1.257408578748648795e-02
8.824896020369966607e-03 6.774763680552953020e-03 9.689607646441044109e-01 1.543957565497241884e-02
5.952461874380108285e-03 4.888830186419295190e-03 9.680533914219527913e-01 2.110531651724774013e-02
4.968780515437571862e-03 3.977033685050250511e-03 9.591209859368836632e-01 3.193319986262861676e-02
5.002081373671824621e-03 3.714073345878656906e-03 9.405820240636509899e-01 5.070182121679868426e-02
5.550555757943142696e-03 3.842348232087760239e-03 9.117957205122634301e-01 7.881137549770569906e-02
6.454977093574299982e-03 4.249443979005124682e-03 8.729565837113992810e-01 1.163389952160211738e-01
6.889464662718775348e-03 4.940266687311237886e-03 8.247119373034410561e-01 1.634583313465287624e-01
7.634133065345037085e-03 5.719218020028464002e-03 7.674467640922594258e-01 2.191998848223671859e-01
8.556385456822123217e-03 6.672319425520523671e-03 7.002477918282848934e-01 2.845235032893725924e-01
9.741588358041643886e-03 7.661889060834889062e-03 6.168806146662122458e-01 3.657159079149112091e-01
1.049689343662114568e-02 8.503277877236857865e-03 5.177161083655774654e-01 4.632837203205648069e-01
1.212215453007835057e-02 9.688845557285297519e-03 4.208335635669239183e-01 5.573554363457127181e-01
1.468628560788337069e-02 1.193085812154299000e-02 3.510261782702295275e-01 6.223566780003439991e-01
1.889965607224112359e-02 1.549281538534358349e-02 3.133909104391664480e-01 6.522166181032489352e-01
2.416608743160307896e-02 2.014842863280458599e-02 2.985978181767653949e-01 6.570876657588269332e-01
3.171060146220686105e-02 2.548470258486066481e-02 2.955731449366234553e-01 6.472315510163086927e-01
4.215470543684452648e-02 3.158447681360045806e-02 2.997305343824283597e-01 6.265302833671267946e-01
5.511702152039070490e-02 3.851366402911616388e-02 3.104100190016901850e-01 5.959592954488026617e-01
6.813968230919351110e-02 4.551718210410649057e-02 3.262354143078647906e-01 5.601077212788350135e-01
7.849303274986582646e-02 5.194173710758255569e-02 3.445084027994709253e-01 5.250568273430805677e-01
7.751090978854341396e-02 1.436010048399418426e-01 7.523135105164362180e-02 7.036567343198709690e-01
5.018814461117477449e-02 1.095386663500708402e-01 6.517842187916947361e-02 7.750947671595846966e-01
3.398119973119678033e-02 7.937735888659919192e-02 5.257198233918412150e-02 8.340694590430198785e-01
2.474448439575325717e-02 5.648393392379999489e-02 4.047217621234003304e-02 8.782994054681065865e-01
1.962928699549780151e-02 4.086608507733210244e-02 3.089025284185890896e-02 9.086143750853112877e-01
1.693759581077446813e-02 2.986369527416565806e-02 2.383317285207354683e-02 9.293655360629863305e-01
1.628200450124247037e-02 2.227605200588048812e-02 1.914127251593374449e-02 9.423006709769432554e-01
1.827942111718757964e-02 1.810254852476610166e-02 1.686594922848651604e-02 9.467520811295595529e-01
2.451039981789216934e-02 1.710225694878755170e-02 1.697213611174672176e-02 9.414152071215736717e-01
3.791564564326507097e-02 1.913517791729973244e-02 1.968339659967099572e-02 9.232657798397637672e-01
6.179364822318494238e-02 2.395986811677026929e-02 2.506228006089726568e-02 8.891842035991477378e-01
9.952274605200239765e-02 3.135290053084632822e-02 3.292345215496105676e-02 8.362009012621902659e-01
1.554387834199641716e-01 4.114251062064385595e-02 4.269858881742212564e-02 7.607201171419698538e-01
2.309278689786712913e-01 5.189076945729775153e-02 5.243415900980769734e-02 6.647472025542233709e-01
3.203712683331418898e-01 6.011539438099780530e-02 5.914752256567404332e-02 5.603658147201865392e-01
4.121311149386693296e-01 6.297839296356497196e-02 6.184737171382884841e-02 4.630431203839370236e-01
4.934978258521540706e-01 6.080470903837892349e-02 6.215212764991635830e-02 3.835453374595504394e-01
5.553586533753833709e-01 5.604035851286238296e-02 6.228554216419557310e-02 3.263154459475584024e-01
5.908048227978914824e-01 5.131419248657793225e-02 6.485166924753535400e-02 2.930293154679950995e-01
6.047858350853779763e-01 4.756570548304865642e-02 7.058659830474987851e-02 2.770618611268236275e-01
6.119772432731164225e-01 4.391790179348843692e-02 7.683255428454653646e-02 2.672723006488486597e-01
6.231628990844277904e-01 3.919203982340900561e-02 8.036091765579440882e-02 2.572841434363685731e-01
6.395235389392623926e-01 3.331686262930028813e-02 8.041821418282932288e-02 2.467413842486081421e-01
1.476210319542972660e-01 6.115263689930329205e-01 1.216570993105308418e-01 1.191954997421393880e-01
1.299258091271119075e-01 6.593840623749441798e-01 1.124564970142276077e-01 9.823363148371645759e-02
1.180991282108984075e-01 6.925459305388405040e-01 1.086804334631943092e-01 8.067450778706682091e-02
1.116781160700520276e-01 7.096738303058093278e-01 1.119266675030125002e-01 6.672138612112592237e-02
1.102851406318827721e-01 7.092071896763239014e-01 1.239340689300586495e-01 5.657360076173490598e-02
1.123626080752842121e-01 6.915627325100293099e-01 1.454572054555616778e-01 5.061745395912486262e-02
1.136024385702967682e-01 6.631902752395163470e-01 1.745346560460913909e-01 4.867263014409543842e-02
1.076240410047930862e-01 6.343805027598624635e-01 2.082121586587173390e-01 4.978329757662711130e-02
9.435117824535718678e-02 6.028075846985759823e-01 2.492546621442383314e-01 5.358657491182836768e-02
7.511822620622821134e-02 5.697436991002485795e-01 2.950413181491046699e-01 6.009675654441849063e-02
5.658214621465246924e-02 5.284966839992533139e-01 3.449907031502494892e-01 6.993046663584460976e-02
4.282390470303842900e-02 4.716569685306116200e-01 4.020222532387662251e-01 8.349687352758346226e-02
3.448526176275364813e-02 4.024084615646922325e-01 4.622946268966252048e-01 1.008116497759290325e-01
3.041998311972264959e-02 3.360931808222781814e-01 5.124472246765074956e-01 1.210396113814916769e-01
2.932120972852991433e-02 2.828276078994182985e-01 5.445802921301086119e-01 1.432708902419428110e-01
3.027395590313229981e-02 2.410654843603834974e-01 5.609636180862336285e-01 1.676969416502503973e-01
3.241212257202791963e-02 2.057802485984017438e-01 5.668050999074843999e-01 1.950025289220859714e-01
3.500233942085969469e-02 1.770843497913665854e-01 5.631942721525320383e-01 2.247190386352416469e-01
3.737950218547603232e-02 1.572243398115097390e-01 5.501254580220781287e-01 2.552706999809359889e-01
4.069621176252072314e-02 1.435343157853510854e-01 5.325915698475455207e-01 2.831779026045826986e-01
4.342956165998357321e-02 1.358376607170371231e-01 5.173929985753078498e-01 3.033397790476717870e-01
4.580580211098859988e-02 1.322892552094186713e-01 5.096939882372597541e-01 3.122109544423334881e-01
4.795275345344200690e-02 1.313615918829758589e-01 5.083138349191641536e-01 3.123718197444178002e-01
5.027241570626511669e-02 1.312249580533298432e-01 5.089950835777206084e-01 3.095075426626845427e-01
5.275202553865199900e-02 1.299999991255000875e-01 5.123943554449426063e-01 3.048536198909052586e-01
5.478102994228832567e-02 1.272789940684460885e-01 5.199361755376132876e-01 2.980038004516518124e-01
5.587578766952832482e-02 1.242613740950728463e-01 5.287466152944318987e-01 2.911162229409670066e-01
5.674771132377622734e-02 1.223260435110386235e-01 5.344809673077371981e-01 2.864452778574477776e-01
5.935632658851502930e-02 1.233622368548990683e-01 5.325281235208495501e-01 2.847533130357359776e-01
6.566990075724445097e-02 1.296757226254467432e-01 5.184239392666331048e-01 2.862304373506755484e-01
7.712893711672669239e-02 1.420690047261629618e-01 4.917425590087195486e-01 2.890594991483906306e-01
9.442828088902890937e-02 1.586684953954332344e-01 4.580768406809752058e-01 2.888263830345627059e-01
1.156447606429021197e-01 1.739410431572749882e-01 4.253719519026754048e-01 2.850422442971478065e-01
1.377743037301417395e-01 1.805038796983406135e-01 3.999406484601892853e-01 2.817811681113286393e-01
1.592959784905962350e-01 1.735327088121893790e-01 3.839755188707760780e-01 2.831957938264385022e-01
1.787109929656814089e-01 1.542360429737465177e-01 3.744765781392794257e-01 2.925763859212925921e-01
1.935737496370096289e-01 1.294180720418461605e-01 3.667649385409583185e-01 3.102432397801859199e-01
2.014528363509181796e-01 1.057326021633916563e-01 3.606447080965746177e-01 3.321698533891153104e-01
2.006378481074968245e-01 8.663819062940017468e-02 3.604345095330577786e-01 3.522894517300456108e-01
1.912089520361711925e-01 7.192911365211919483e-02 3.695510944768347072e-01 3.673108398348744474e-01
1.752387187132097845e-01 5.953614916037866522e-02 3.868282693777319592e-01 3.783968627486797298e-01
1.550582278863031349e-01 4.777188353984067326e-02 4.086447582264371436e-01 3.885251303474188678e-01
1.336015869765485031e-01 3.659722533143886652e-02 4.312346129092916591e-01 3.985665747827210059e-01
1.166647486385730820e-01 2.705885425332303293e-02 4.513617018235375200e-01 4.049146952845662506e-01
1.092010336764579620e-01 1.961219583640958983e-02 4.644794935930883217e-01 4.067072768940442895e-01
1.116792207904145628e-01 1.411949105676415205e-02 4.626322954118817221e-01 4.115689927409392768e-01
1.201333852849863076e-01 1.028985948451807166e-02 4.391204541131963346e-01 4.304563011172992115e-01
1.287157223144420604e-01 7.710634930768397316e-03 3.979612771141491367e-01 4.656123656406406797e-01
1.357718525558714306e-01 6.165067032418408005e-03 3.509014881827608456e-01 5.071615922289488543e-01
1.418931236151944886e-01 5.454693736211373156e-03 3.107395076603431394e-01 5.419126749882514638e-01
1.507217560347961782e-01 5.398343624216304405e-03 2.830290162198409454e-01 5.608508841211465867e-01
1.624499764153233550e-01 5.860786421009791039e-03 2.687985659841171660e-01 5.628906711795497175e-01
1.764007509609168689e-01 6.920300127032283019e-03 2.677726909180948023e-01 5.489062579939558706e-01
1.927367463537800751e-01 8.609328477159169241e-03 2.749657087495293584e-01 5.236882164195308942e-01
2.088217144373230860e-01 1.046934074281648253e-02 2.789330935004398215e-01 5.017758513194205960e-01
2.196783871525766763e-01 1.170758642846810547e-02 2.705541669757944856e-01 4.980598594431609460e-01
2.260981348057591322e-01 1.211601463657016250e-02 2.500179547791323564e-01 5.117678957785383176e-01
2.355460502897081532e-01 1.201215375062143070e-02 2.223154100069203720e-01 5.301263859527496347e-01
2.539161614412923651e-01 1.183950323908655039e-02 1.912718737012194803e-01 5.429724616184012920e-01
2.795086280215627883e-01 1.161212947870994376e-02 1.637746670843643060e-01 5.451045754153627243e-01
3.147929027791181444e-01 1.124938537349353708e-02 1.406731960423713013e-01 5.332845158050173451e-01
3.635984264903336927e-01 1.076118951928996779e-02 1.218363489004973543e-01 5.038040350898791431e-01
4.325341166971026219e-01 1.034503649111522851e-02 1.049889009038177667e-01 4.521319459079646830e-01
5.255150542273344660e-01 9.719521808097540336e-03 8.707889717179119471e-02 3.776865267927768666e-01
6.285869128795498195e-01 9.246694415560618649e-03 6.976809175791635897e-02 2.923983009469732774e-01
7.166651822627756463e-01 8.992704360469885513e-03 5.546417119941682988e-02 2.188779421773376088e-01
7.731779029157149763e-01 9.024905617142919834e-03 4.629445028438151921e-02 1.715027411827605985e-01
7.963311154447904050e-01 9.308581597594638504e-03 4.302006756131238757e-02 1.513402353963024527e-01
7.922085966070167018e-01 9.695582433318283497e-03 4.555087555651246567e-02 1.525449454031525265e-01
7.696716211588018330e-01 1.030779350735265727e-02 5.445435121351134555e-02 1.655662341203341381e-01
7.390386772207878652e-01 1.160687708609441440e-02 7.149298450413604789e-02 1.778614611889815789e-01
7.073119384398842691e-01 1.421728571884472644e-02 9.736320784088371705e-02 1.811075680003874921e-01
6.671670558182273281e-01 1.823238940297810043e-02 1.371974505015887136e-01 1.774031042772055977e-01
6.115843674608402170e-01 2.436678022002719199e-02 1.917069698251985810e-01 1.723418824939336735e-01
5.411165207361552376e-01 3.248144716309722679e-02 2.581084923193779912e-01 1.682935397813697387e-01
4.657367674614912301e-01 4.196761658389908806e-02 3.270372262381238126e-01 1.652583897164859872e-01
3.876026325750747681e-01 5.290713225744712866e-02 3.958556701919767051e-01 1.636345649755014675e-01
3.226830070734379441e-01 6.317010067184172795e-02 4.497526861521636832e-01 1.643942061025567558e-01
2.765143818984157620e-01 7.263046802451406103e-02 4.811389978802182443e-01 1.697161521968517384e-01
2.477890959471932830e-01 8.215227201221646236e-02 4.897174770816224987e-01 1.803411549589678253e-01
2.295268846058323708e-01 9.279847942553262619e-02 4.838754959533764222e-01 1.937991400152586641e-01
2.134256097158530874e-01 1.070276107438234009e-01 4.752377207855145169e-01 2.043090587548092030e-01
1.950855923009566228e-01 1.277044451225600730e-01 4.711805941177007462e-01 2.060293684587822804e-01
1.740910355542789334e-01 1.561366461356085700e-01 4.708529194755254332e-01 1.989193988345869801e-01
1.513199918563952751e-01 1.916119045168565016e-01 4.690742133811877101e-01 1.879938902455609018e-01
1.289923830111392444e-01 2.331931174911243410e-01 4.608881362427886819e-01 1.769263632549476772e-01
1.132418430657104735e-01 2.790039955600798760e-01 4.436837576835110930e-01 1.640704036906987795e-01
1.037514278451724808e-01 3.312584676618499646e-01 4.192707744884512922e-01 1.457193300045262208e-01
9.584807032548457728e-02 3.879165518724664863e-01 3.933611159751558839e-01 1.228742618268928860e-01
