3.006945598467172243e-01 3.703307084261874688e-02 1.452319552732313501e-01 5.170404140374325053e-01
5.802203468759149496e-01 1.170768593410431296e-01 1.853181527513034499e-01 1.173846410317380545e-01
5.622978015144530772e-01 1.185523125838440911e-01 2.039947979278278756e-01 1.151550879738748312e-01
5.239639717373898442e-01 1.256844777234246702e-01 2.320299213463722643e-01 1.183216291928129715e-01
4.785143085717754596e-01 1.356277718510172647e-01 2.621750636800301848e-01 1.236828558971772851e-01
4.427483300037938219e-01 1.443535586651221170e-01 2.867041224228832341e-01 1.261939889082005772e-01
4.199625424593098066e-01 1.507734328448171179e-01 3.064721225269635418e-01 1.227919021689094364e-01
3.994391695718025881e-01 1.588951429989350905e-01 3.282792244397894077e-01 1.133864629894726778e-01
3.742943803253612201e-01 1.734060856995367772e-01 3.525098196856050192e-01 9.978971428949692801e-02
3.484238683368394152e-01 1.939672192822420038e-01 3.726411226944985611e-01 8.496778968642021423e-02
3.270444644163563175e-01 2.155864152083121488e-01 3.864016229002222858e-01 7.096749747510978923e-02
3.077792797519004475e-01 2.341948634880727520e-01 3.988704824411876682e-01 5.915537431883897967e-02
2.860091362264713943e-01 2.493661388899263975e-01 4.147406613044735124e-01 4.988406357912857081e-02
2.602827248020825879e-01 2.624687828680295487e-01 4.343832097513057877e-01 4.286528257858215896e-02
2.325924649363513841e-01 2.744676146413839724e-01 4.550383441950418550e-01 3.790157622722316322e-02
2.056095929306294701e-01 2.868841676822755926e-01 4.725975230446552433e-01 3.490871634244008259e-02
1.859948075533469081e-01 2.974326675371666284e-01 4.830870231274476123e-01 3.348550178203893446e-02
1.739113485960750161e-01 3.083670436835246331e-01 4.847415131181549985e-01 3.298009460224551187e-02
1.678346487871667236e-01 3.209917998238988046e-01 4.785710403298487625e-01 3.260251105908588271e-02
1.638709532632148802e-01 3.369925887813919885e-01 4.671500467990637451e-01 3.198641115632946258e-02
1.594117802954426177e-01 3.538957218465907939e-01 4.549636156901486483e-01 3.172888216781790532e-02
1.543649825326472158e-01 3.635202509214473521e-01 4.490737250990792240e-01 3.304104144682600691e-02
1.462586235138852719e-01 3.615857732499712096e-01 4.550748897495656142e-01 3.708071348657798055e-02
1.306940409681104920e-01 3.502371574409015587e-01 4.747377566079161726e-01 4.433104498307206820e-02
1.059232328850261973e-01 3.334657377939635459e-01 5.057801090276068390e-01 5.483092029340324441e-02
7.746766194118874516e-02 3.124431163618455742e-01 5.423333932789270451e-01 6.775582841803878820e-02
5.098918672527262552e-02 2.887310805376961942e-01 5.802497537088108226e-01 8.002997902822076015e-02
3.158236399886479168e-02 2.634242810379331945e-01 6.166533779680278826e-01 8.833997699517412427e-02
1.946642566444090061e-02 2.383614523545365127e-01 6.499119365771061085e-01 9.226018540391635325e-02
1.268281783490157050e-02 2.144863080032347880e-01 6.795483351578117670e-01 9.328253900405222843e-02
9.126276575150369177e-03 1.923730362617384337e-01 7.058820340784940361e-01 9.261865308461737778e-02
7.444565401193641019e-03 1.727962946439459413e-01 7.289143483927374989e-01 9.084479156212245388e-02
6.899091181904513578e-03 1.567490225672464876e-01 7.484650706231711359e-01 8.788681562767752808e-02
7.052291221843631601e-03 1.450996656275008456e-01 7.643777274430056945e-01 8.347031570764977537e-02
7.630991250327877513e-03 1.375203318996739976e-01 7.770029855250903950e-01 7.784569132490742893e-02
8.405475330561898092e-03 1.323825441527633207e-01 7.883052989615444428e-01 7.090668155513030202e-02
9.046870839304636466e-03 1.289083002564843095e-01 7.989335087876645591e-01 6.311132011654645158e-02
9.291014005284934166e-03 1.274955999448615651e-01 8.063166350442099173e-01 5.689675100564386273e-02
9.509210015777347022e-03 1.295876980345389007e-01 8.057066605425512451e-01 5.519643140713279689e-02
1.033305526941216343e-02 1.348976522627012842e-01 7.955592568259721720e-01 5.921003564191432839e-02
1.202817568377403598e-02 1.413050520227770168e-01 7.789209019988045934e-01 6.774587029464433641e-02
1.453332756114242806e-02 1.470353252071938122e-01 7.599558432354845960e-01 7.847550399617880812e-02
1.759432063675763630e-02 1.514928241349411953e-01 7.416577675839827188e-01 8.925508764431847042e-02
2.081784647223814885e-02 1.550115081875751699e-01 7.255961860132322805e-01 9.857445932695396706e-02
2.379089133368664927e-02 1.587060958816687295e-01 7.116321317966177729e-01 1.058708809880267165e-01
2.641070951981749904e-02 1.645845005330007771e-01 6.966568213973213242e-01 1.123479685498603720e-01
2.897418061982855522e-02 1.748169950950709262e-01 6.757980307418440802e-01 1.204107935432562754e-01
3.185697423331979722e-02 1.901038571139918587e-01 6.467572333827932285e-01 1.312819352698955111e-01
3.484767678422527604e-02 2.084391119877256060e-01 6.143323328480251311e-01 1.423808783800239453e-01
3.725471271545514190e-02 2.270844598353924937e-01 5.847645578992851645e-01 1.508962695498670681e-01
3.927563042853585151e-02 2.446532646307744419e-01 5.550455453004664585e-01 1.610255596402232203e-01
4.154172093534627686e-02 2.616008819761115878e-01 5.173281233176626470e-01 1.795292737708795716e-01
4.410337575391490988e-02 2.774128633242338160e-01 4.709772495694165562e-01 2.075065113524347249e-01
4.649962298440014213e-02 2.938029942450554599e-01 4.220889368544250564e-01 2.376084459161195706e-01
4.822078500017083769e-02 3.157067279613621769e-01 3.770511577250756918e-01 2.590213293133912242e-01
4.887360865589944481e-02 3.471203720880299270e-01 3.386233209376521835e-01 2.653826983184186528e-01
4.862346630492565824e-02 3.893066258624230946e-01 3.048209003006360773e-01 2.572490075320150726e-01
4.685325972848333742e-02 4.410055216942455614e-01 2.720543172467916881e-01 2.400869013304794131e-01
4.401675988820816926e-02 4.967196737514230631e-01 2.383756991580463780e-01 2.208878672023223133e-01
4.091572988131590011e-02 5.505994661252060496e-01 2.024435325960631804e-01 2.060412713974151544e-01
3.957690742870678680e-02 5.902579823205404974e-01 1.698970833199344721e-01 2.002680269308180772e-01
4.028227472329153763e-02 6.097161524839399549e-01 1.421102642830844309e-01 2.078913085096840141e-01
4.370909927586404120e-02 5.992369509054469301e-01 1.199758913380550296e-01 2.370780584806338187e-01
5.153064876164676483e-02 5.459716909670239149e-01 1.026274813560528604e-01 2.998701789152766750e-01
6.573832480732524908e-02 4.483732654778651572e-01 8.637118596798459835e-02 3.995172237468246901e-01
8.582874479320237726e-02 3.324179676002823602e-01 6.930810877724441488e-02 5.124451788292709864e-01
1.086106208404940682e-01 2.363783138439786435e-01 5.453372502828122970e-02 6.004773402872461974e-01
1.304131501925533121e-01 1.739758734364612869e-01 4.389142824242925345e-02 6.517195481285562586e-01
1.456047656106593535e-01 1.367758326821872095e-01 3.699154693309551073e-02 6.806278547740581830e-01
1.495738626780798164e-01 1.130612360585306481e-01 3.241549306068034625e-02 7.049494082027087938e-01
1.419933778008508063e-01 9.448327386152667595e-02 2.873913487984348231e-02 7.347842134577786677e-01
1.248297312685820865e-01 7.808193568468088652e-02 2.572830022468616112e-02 7.713600328220509006e-01
4.539027185792839786e-02 4.167931673201786397e-02 3.066920151581318255e-01 6.062383962519218850e-01
5.351193515042140109e-02 8.172522183089850900e-01 9.173570830540037080e-02 3.750013823519340178e-02
7.140076967874833813e-02 7.664693675321330169e-01 1.142038061717938480e-01 4.792605661732472072e-02
9.164941918544440569e-02 7.063257713805352056e-01 1.408769981595926479e-01 6.114781127442750486e-02
1.108216744546296623e-01 6.505372378295127822e-01 1.650853039031372482e-01 7.355578381272039057e-02
1.270846178930362114e-01 6.085477719784411210e-01 1.822890700953326559e-01 8.207854003319006719e-02
1.397228376758391788e-01 5.837394369907391578e-01 1.907729798655104780e-01 8.576474546791119924e-02
1.473306729063611209e-01 5.769712637877245642e-01 1.901890235967040876e-01 8.550903970921019948e-02
1.484357455059849284e-01 5.884154866652872018e-01 1.808268752682203606e-01 8.232189256050767567e-02
1.442255206309859261e-01 6.155051362597011577e-01 1.633785602221259625e-01 7.689078288718693976e-02
1.358105030016527881e-01 6.523252080589593271e-01 1.417320265208025509e-01 7.013226241858533383e-02
1.220540566835936758e-01 6.911891198319740637e-01 1.235428118813052950e-01 6.321401160312709044e-02
1.044397858608688834e-01 7.246448725701913895e-01 1.136894806249901524e-01 5.722586094394981060e-02
8.699186288342154738e-02 7.487866946917929312e-01 1.119586348808424558e-01 5.226280754394324601e-02
7.279644283986490272e-02 7.622740408772640253e-01 1.166306074268497056e-01 4.829890885602158151e-02
6.328515642343573999e-02 7.609994940553432841e-01 1.290268625295357963e-01 4.668848699168499233e-02
5.880265989819433853e-02 7.366595556705489711e-01 1.543692120859106454e-01 5.016857234534638499e-02
5.875355042235348713e-02 6.784458456056654541e-01 2.011205790733245347e-01 6.168002489865648946e-02
5.992477793880291587e-02 5.918396179202621843e-01 2.658922373220315438e-01 8.234336681890337684e-02
6.061767470158843651e-02 4.881790133721473635e-01 3.382454284326829042e-01 1.129578834935812820e-01
6.038894416530685844e-02 3.790023927241490398e-01 4.051126045907167406e-01 1.554960585198271183e-01
5.781140830336584796e-02 2.749607486157122915e-01 4.570666286332722983e-01 2.101612144476493749e-01
5.071030119100128353e-02 1.869216607616299708e-01 4.883238187384743578e-01 2.740442193088943323e-01
3.958043765913793477e-02 1.213974620218832567e-01 4.954386089592834330e-01 3.435834913596953477e-01
2.762851338505326743e-02 7.741867758903972496e-02 4.775277802219316525e-01 4.174250288039753620e-01
1.781984861797688072e-02 4.940485789847041953e-02 4.347801767826305896e-01 4.979951167009220026e-01
1.108312007267744578e-02 3.167353878457422611e-02 3.720873678642498961e-01 5.851559732784982204e-01
6.871635626891611608e-03 2.062696441922378179e-02 3.005782715432788188e-01 6.719231284106056412e-01
4.351625914186320852e-03 1.419304079307273994e-02 2.349432061234772440e-01 7.465121271692636284e-01
2.991345352298805434e-03 1.110666911660116232e-02 1.876062677929086209e-01 7.982957177381914127e-01
2.405413299890591435e-03 1.040212313505764659e-02 1.616706812184621200e-01 8.255217823465899052e-01
2.291798987324090812e-03 1.147864653679251876e-02 1.541278435920874490e-01 8.321017108837956977e-01
2.423935183495078832e-03 1.390184162481834275e-02 1.598854996857256572e-01 8.237887235059612179e-01
2.610097369437792015e-03 1.691929559637794442e-02 1.723551502931070789e-01 8.081154567410773204e-01
2.713501272017625979e-03 1.941682481264729240e-02 1.845755597503414558e-01 7.932941141649935135e-01
2.693761230169861281e-03 2.067210624792635218e-02 1.922384948746504452e-01 7.843956376472532854e-01
2.588404191315361001e-03 2.078914453604015222e-02 1.944563426576799703e-01 7.821661086149646058e-01
2.458342754481689443e-03 2.015041633190942441e-02 1.921081737462942141e-01 7.852830671673147744e-01
2.350216881497075010e-03 1.891086989036095886e-02 1.875738306290360979e-01 7.911650825991058955e-01
2.298580402434071031e-03 1.720434446953041097e-02 1.831234691248324331e-01 7.973736060032032835e-01
2.303266769307412472e-03 1.524159931515209516e-02 1.780399446463188096e-01 8.044151892692218420e-01
2.314011983782990767e-03 1.318978963083641646e-02 1.701350643407028851e-01 8.143611340446775815e-01
2.276824844789240073e-03 1.128459937914941605e-02 1.595364519828253724e-01 8.269021237932359103e-01
2.184809215287744459e-03 9.727124999253470086e-03 1.484866155069182458e-01 8.396014502785403844e-01
2.052869776890065435e-03 8.461829755962973348e-03 1.377551698115550838e-01 8.517301306555921103e-01
1.934009586158697306e-03 7.533602436052117511e-03 1.283020738965656160e-01 8.622303140812236366e-01
1.878757646309936122e-03 7.060330154957903358e-03 1.225662327172485910e-01 8.684946794814836224e-01
1.910856599591025540e-03 7.042359617927734794e-03 1.225976904063956624e-01 8.684490933760854459e-01
2.068200617911193206e-03 7.532635494185429756e-03 1.296085293162433649e-01 8.607906345716601626e-01
2.362278662603034714e-03 8.519255412636166439e-03 1.429993527654127017e-01 8.461191131593482906e-01
2.759382165073885444e-03 9.912057173047840106e-03 1.597919497511393894e-01 8.275366109107390455e-01
3.236358884418291150e-03 1.181702747416907284e-02 1.770960679159839790e-01 8.078505457254288036e-01
3.787014684883019660e-03 1.442220636634533766e-02 1.938591039612905242e-01 7.879316749874808457e-01
4.355362263832547598e-03 1.774747877678647598e-02 2.089410510391799258e-01 7.689561079202010818e-01
4.861263561730431483e-03 2.175156484568571344e-02 2.208782477014939738e-01 7.525089238910899203e-01
5.289798319629266700e-03 2.641414336607035909e-02 2.304931166095222084e-01 7.378029417047780036e-01
5.707792696703118535e-03 3.166168182795089936e-02 2.407244562859204573e-01 7.219060691894253479e-01
6.232247813614726593e-03 3.724820423822149118e-02 2.544459559276137095e-01 7.020735920205501968e-01
6.974375532996779196e-03 4.319357636699424491e-02 2.742143654404810005e-01 6.756176826595279294e-01
7.953310141740107392e-03 5.042505478961185894e-02 3.027678792683330400e-01 6.388537558003150041e-01
9.065588556105015627e-03 6.055538299763129489e-02 3.427877016252230402e-01 5.875913268210405382e-01
1.015470727029723491e-02 7.509061262613897503e-02 3.944107613759797459e-01 5.203439187275838984e-01
1.097074512276288542e-02 9.428165079467443199e-02 4.485849609088939927e-01 4.461626431736689935e-01
1.116301633929099243e-02 1.152354538685624180e-01 4.913161645703177927e-01 3.822853652218288767e-01
1.088018127617652875e-02 1.345902569756629585e-01 5.148186275544516244e-01 3.397109341937089022e-01
1.076301499456236085e-02 1.519229203208488643e-01 5.207062566870471754e-01 3.166078079975417348e-01
1.133422058064269267e-02 1.688506169650045574e-01 5.175850941608088895e-01 3.022300682935435967e-01
1.282398753741335190e-02 1.883195931598202755e-01 5.104372227978284382e-01 2.884191965049378026e-01
1.546812974223735898e-02 2.153806057011772301e-01 4.952079595289189395e-01 2.739433050276665615e-01
1.970451626042027393e-02 2.576331551243422058e-01 4.641192269771302059e-01 2.585431016381072311e-01
2.620374999357999793e-02 3.242629791688215746e-01 4.102925470618010162e-01 2.392407237757969707e-01
3.472610572640268817e-02 4.194729640879961696e-01 3.330915856380252116e-01 2.127093445475761457e-01
7.374045294440122467e-01 3.262517977450810069e-02 1.276993632705702118e-02 2.172003544544226228e-01
5.221616202886375513e-01 2.243615564012012287e-01 2.252875387299872745e-01 2.818928458017372352e-02
5.837607842327016128e-01 1.963907131668567452e-01 1.924318733881551502e-01 2.741662921228665492e-02
6.311400846370501805e-01 1.707602697875914288e-01 1.710295608808723167e-01 2.707008469448595606e-02
6.560645965419765746e-01 1.546209863547512164e-01 1.618235523767322659e-01 2.749086472654003327e-02
6.580108307272264367e-01 1.490291691973865962e-01 1.644605854211242668e-01 2.849941465426254761e-02
6.424024373217878114e-01 1.512413755966687812e-01 1.768474748203422431e-01 2.950871226120078614e-02
6.165510255994414157e-01 1.573386751033623021e-01 1.960801446077999055e-01 3.003015468939663687e-02
5.867582962189559215e-01 1.644818881148537304e-01 2.189253547143795720e-01 2.983446095181046046e-02
5.570001439773129004e-01 1.718275172756069669e-01 2.422530444830847118e-01 2.891929426399573316e-02
5.291615576407978638e-01 1.802869104921775711e-01 2.631638792647807978e-01 2.738765260224372555e-02
4.985257410741279482e-01 1.947830928053731203e-01 2.810240628941995111e-01 2.566710322629946889e-02
4.597758473714411154e-01 2.215021990013562869e-01 2.946312437260015238e-01 2.409070990120103922e-02
4.156520561179575246e-01 2.632516750361236779e-01 2.986065101469925764e-01 2.248975869892651594e-02
3.688329650230287582e-01 3.209913772765561890e-01 2.892770998400143734e-01 2.089855786040114780e-02
3.178448786699645257e-01 3.941281920718052723e-01 2.684338573021722851e-01 1.959307195605798288e-02
2.593732436626474680e-01 4.796494794587085608e-01 2.421788978500593326e-01 1.879837902858474963e-02
1.978699908952542830e-01 5.687501708115197951e-01 2.151089660618010768e-01 1.827087223142491099e-02
1.401176393992628055e-01 6.517328007503073728e-01 1.905907621744317437e-01 1.755879767599804672e-02
9.318149524107198489e-02 7.223159171295079339e-01 1.681040365622107347e-01 1.639855106720925632e-02
5.992817957679461016e-02 7.760504856129024631e-01 1.488571653505797177e-01 1.516416945972293151e-02
3.980470293686959316e-02 8.091030422584585269e-01 1.364848355197834096e-01 1.460741928488857276e-02
2.930689607663919741e-02 8.183176736560687781e-01 1.367167691925037232e-01 1.565866107478859973e-02
2.535163408526150061e-02 7.990584331292864828e-01 1.559709572117748411e-01 1.961897557367690489e-02
2.603925853094887083e-02 7.474577984180151846e-01 1.981696952681736013e-01 2.833324778286217677e-02
3.076841970157069561e-02 6.653672405601863682e-01 2.593240298752479966e-01 4.454030986299477995e-02
4.004892285585050921e-02 5.656424149447999428e-01 3.225495916047631528e-01 7.175907059458620785e-02
5.430013959283445241e-02 4.670076604832949507e-01 3.651662609799927739e-01 1.135259389438775385e-01
7.187550654663439620e-02 3.812055557116190152e-01 3.756483128762176937e-01 1.712706248655288810e-01
8.902051100296755337e-02 3.109212645405119435e-01 3.600929121739374072e-01 2.399653122825831097e-01
1.027913065487352645e-01 2.542222799165992364e-01 3.340892637910994334e-01 3.088971497435657465e-01
1.133622936469927678e-01 2.049366635105991652e-01 3.102432949554682073e-01 3.714577478869396376e-01
1.219338031605489564e-01 1.572861795754886827e-01 2.912953253616692439e-01 4.294846919022933807e-01
1.286462337299428826e-01 1.101194141794942932e-01 2.702922715755272098e-01 4.909420805150355172e-01
1.299301073235929471e-01 6.913466677365408264e-02 2.353314740477680245e-01 5.656037518549852372e-01
1.207574437326236205e-01 3.929401206572480376e-02 1.878740139187179137e-01 6.520745302829338286e-01
9.627896644843896012e-02 2.092026858488562138e-02 1.428831823491083231e-01 7.399175826175673487e-01
6.428668750098094631e-02 1.121028744900068493e-02 1.069845176976027129e-01 8.175185073524157131e-01
3.650743699113191687e-02 6.150875547074548949e-03 7.916854351644636578e-02 8.781731439453472898e-01
1.852678728319773552e-02 3.450669262239533866e-03 5.763974489545393293e-02 9.203827985591088723e-01
9.092302319981602002e-03 2.019098125214259520e-03 4.203935059173893873e-02 9.468492489630648823e-01
4.786301526042399494e-03 1.295433328164078508e-03 3.193190876528227695e-02 9.619863563805114426e-01
2.945061056727634862e-03 9.414516045082194648e-04 2.580570497200947860e-02 9.703077823667546342e-01
1.623974563694664548e-03 7.274406813735843870e-04 2.206691563171117240e-02 9.755816691232206406e-01
1.391482875071830628e-03 6.227033027886269122e-04 1.932611565701430889e-02 9.786596981651253246e-01
1.291043135948357788e-03 5.493581742415816743e-04 1.694829057337429376e-02 9.812113081164358652e-01
1.265703367384102707e-03 5.195528007677764713e-04 1.513937801722467502e-02 9.830753658146235141e-01
1.315633473690718891e-03 5.593977824446961632e-04 1.427073640421394271e-02 9.838542323396508582e-01
1.433990280182837005e-03 6.812946566429933836e-04 1.431966945993567997e-02 9.835650456032385414e-01
1.591664654577756161e-03 8.816329916948267668e-04 1.491412102427222726e-02 9.826125813294552813e-01
2.450251111441905695e-03 1.462192392763224684e-03 1.565678620672482368e-02 9.804307702890699971e-01
2.624061637852983554e-03 1.824754514122930039e-03 1.637502380403870264e-02 9.791761600439856661e-01
2.746334305048850344e-03 2.146317436771243321e-03 1.684796949127888993e-02 9.782593787669009444e-01
2.942600446412009865e-03 2.513494805678339813e-03 1.759113965467793556e-02 9.769527650932318119e-01
3.430393358875695985e-03 3.183731365225086259e-03 1.947346542386660731e-02 9.739124098520325346e-01
4.450241700607228228e-03 4.536872282190718662e-03 2.327386703080153163e-02 9.677390189864003567e-01
6.126128384279228012e-03 6.954768214949149686e-03 2.953664175223532501e-02 9.573824616485364647e-01
8.468115521574648072e-03 1.081737604074551641e-02 3.941332708083251229e-02 9.413011813568472608e-01
1.137026788902271643e-02 1.626205903864391331e-02 5.389047313214744006e-02 9.184771999401857290e-01
1.465406962774315827e-02 2.303925482790509030e-02 7.264224823853236701e-02 8.896644273058198493e-01
1.831784025864634582e-02 3.099306436200395878e-02 9.503361491984153864e-02 8.556554804595079000e-01
2.233453344725018497e-02 3.928265715780047962e-02 1.188610021147184920e-01 8.195218072802308296e-01
2.677666872643279586e-02 4.635153076798315813e-02 1.406937592543533178e-01 7.861780412512310301e-01
3.209730770787030257e-02 5.212476358585090008e-02 1.597003323830837040e-01 7.560775963231952668e-01
3.886358033149721336e-02 5.895111927637256000e-02 1.789524442646094615e-01 7.232328561275204182e-01
4.740542209544573726e-02 6.846421987211304128e-02 1.977344464132511082e-01 6.863959116191902243e-01
5.781874925980182156e-02 8.128513597589397122e-02 2.133251102048650538e-01 6.475710045594389452e-01
7.044144003098995466e-02 9.639065339130947763e-02 2.267182025314657401e-01 6.064497040462345501e-01
8.325015526963366885e-02 1.129682479429863634e-01 2.397999984184135402e-01 5.639815983689661083e-01
9.358230035726688989e-02 1.264783950332179496e-01 2.535545842020227592e-01 5.263847204074925124e-01
1.001988226996228248e-01 1.314488905656857332e-01 2.668765988320380700e-01 5.014756879026533998e-01
1.052166933304736485e-01 1.300935966369058117e-01 2.754004699305158677e-01 4.892892401021042281e-01
7.279887575335385053e-02 1.520340864861557256e-02 4.819464701006568874e-01 4.300512454973735021e-01
6.483302329302005340e-01 8.445532813926168170e-02 1.522055431023803806e-01 1.150088958281574175e-01
6.051226367541153728e-01 9.681479819827439048e-02 1.763772933906121165e-01 1.216852716569978565e-01
5.638497402029138961e-01 1.100741268606991730e-01 1.992706899005527443e-01 1.268054430358342144e-01
5.239565163742502252e-01 1.239043903922584650e-01 2.206601557060806351e-01 1.314789375274105221e-01
4.833589156146508303e-01 1.388982787684408526e-01 2.421218577799614802e-01 1.356209478369469479e-01
4.395806362404662271e-01 1.560661887304447271e-01 2.660135320187672070e-01 1.383396430103219776e-01
3.910697477583157111e-01 1.769541830676940597e-01 2.935642724020792738e-01 1.384117967719105669e-01
3.424045322376628175e-01 2.020461408077508236e-01 3.213974178645195856e-01 1.341519090900666067e-01
3.012558535667342330e-01 2.294426974915808048e-01 3.434099240515017804e-01 1.258915248901832651e-01
2.698584408355736985e-01 2.562905828592479396e-01 3.570480988351666940e-01 1.168028774700121258e-01
2.463683930135962818e-01 2.806720242294909462e-01 3.640865045919678966e-01 1.088730781649453194e-01
2.298190127572079244e-01 3.004793642662640929e-01 3.679256758312560160e-01 1.017759471452718417e-01
2.206853769579493196e-01 3.122629624435760420e-01 3.725948939908097501e-01 9.445676660766495758e-02
2.207864885379893782e-01 3.132437327585996245e-01 3.800475328870376313e-01 8.592224581637364356e-02
2.318114747558393807e-01 3.048395026647378603e-01 3.874575455878183083e-01 7.589147699160449234e-02
2.513729604067627688e-01 2.932504685925820809e-01 3.903049360667650292e-01 6.507163493388999631e-02
2.733015234641764102e-01 2.840682456017178947e-01 3.881927358901385849e-01 5.443749504396704075e-02
2.930674701186154474e-01 2.770723407803064586e-01 3.853569051887892338e-01 4.450328391228906832e-02
3.084214342104583118e-01 2.689240187805826410e-01 3.866286608525999480e-01 3.602588615635926583e-02
3.191412764845133476e-01 2.556636172925892403e-01 3.955285522332333548e-01 2.966655398966385956e-02
3.261801613963924429e-01 2.337438694893535784e-01 4.147266128756272319e-01 2.534935623862641721e-02
3.266898655919650563e-01 2.031111235689860850e-01 4.474256453049233473e-01 2.277336553412534145e-02
3.130248453501956463e-01 1.689682721748687055e-01 4.959620901782141322e-01 2.204479229672137372e-02
2.802323615957194591e-01 1.393325158569528877e-01 5.569164976966528569e-01 2.351862485067456390e-02
2.363099899540870019e-01 1.183094419678222126e-01 6.187775582033724353e-01 2.660300987471862430e-02
1.966385157899728231e-01 1.043520046285308506e-01 6.695051531861935246e-01 2.950432639530259360e-02
1.688653249329090389e-01 9.528645543750258184e-02 7.049607755973010814e-01 3.088744403228738805e-02
1.523645043530179877e-01 9.052367229976268637e-02 7.263749094607114820e-01 3.073691388650788905e-02
1.448791322329254228e-01 9.066424862484157021e-02 7.348100766553264940e-01 2.964654248690658939e-02
1.451925946839879578e-01 9.657337576544175461e-02 7.299428721569268808e-01 2.829115739364321258e-02
1.524755597965835319e-01 1.097365140032963010e-01 7.102190598545708999e-01 2.756886634554964188e-02
1.648740127929951282e-01 1.319583750410347756e-01 6.749438464261786619e-01 2.822376573979142392e-02
1.791607914653319533e-01 1.634184757520558973e-01 6.272510957087491512e-01 3.016963707386316820e-02
1.926021761309214264e-01 2.016071913498772850e-01 5.732724417458485711e-01 3.251819077335289798e-02
2.024124469619070221e-01 2.430410278850935746e-01 5.201247609822030604e-01 3.442176417079646084e-02
2.133823728547705745e-01 2.795094974152141365e-01 4.713382653542714240e-01 3.576986437574410788e-02
2.294610166540108909e-01 3.065280474385941867e-01 4.275141135791861724e-01 3.649682232820869454e-02
2.567672518902533452e-01 3.200684817906676582e-01 3.875583098266242588e-01 3.560595649245477945e-02
2.964017233011959629e-01 3.227484120928739708e-01 3.487556363124296732e-01 3.209422829350041390e-02
3.520316627542284249e-01 3.119285160660582590e-01 3.091528077322464041e-01 2.688701344746706468e-02
4.148191566991716872e-01 2.881870972202286163e-01 2.746975172716789038e-01 2.229622880892080314e-02
4.666063501281503267e-01 2.587817468807067089e-01 2.547873535775126430e-01 1.982454941363021028e-02
4.953012027831819042e-01 2.300774436337589823e-01 2.548880750908371629e-01 1.973327849222175981e-02
4.984112782959561061e-01 2.038762191616559083e-01 2.757023138660177342e-01 2.201018867637028614e-02
4.760135815560651573e-01 1.799609255614972869e-01 3.171295916909919188e-01 2.689590119144570635e-02
4.274266354774198806e-01 1.572018640420451419e-01 3.806711846547899403e-01 3.470031582574491930e-02
3.566652847937831772e-01 1.337130163005320616e-01 4.643454303166096309e-01 4.527626858907544960e-02
2.805543528747531101e-01 1.051898552663905750e-01 5.569151476569567105e-01 5.734064420189973615e-02
2.123136611160280907e-01 7.729887930329756851e-02 6.403599746909285351e-01 7.002748488974576413e-02
1.639397718086776368e-01 5.358129226053259808e-02 6.963984182180469329e-01 8.608051771274247144e-02
1.304840742231315465e-01 3.674855739281672473e-02 7.230855897117011155e-01 1.096817786723512239e-01
1.080575079382223302e-01 2.587393565503308401e-02 7.194103429485799728e-01 1.466582134581647101e-01
9.436689786391987134e-02 1.900634663075890726e-02 6.804658366435770711e-01 2.061609188617440080e-01
8.650963668151132047e-02 1.463549900878339909e-02 6.011035158731958816e-01 2.977513484365090224e-01
8.060168357047663157e-02 1.197765388349640754e-02 4.902652116231025481e-01 4.171554509229243868e-01
7.465084063757426724e-02 1.047445798861250735e-02 3.731848422266483278e-01 5.416898591471649427e-01
6.937697270927370430e-02 9.718428330576506582e-03 2.720871525122914303e-01 6.488174464478584369e-01
6.586345624326413184e-02 9.530946915425612259e-03 1.962460213871021486e-01 7.283595754542080414e-01
6.429313760701073355e-02 9.840762860145608679e-03 1.453185421257096321e-01 7.805475574071344402e-01
6.445324207220264057e-02 1.048001757592444128e-02 1.122008995954323907e-01 8.128658407564403054e-01
6.627183287728474759e-02 1.098422462383176479e-02 8.774966729604427584e-02 8.349942752028391979e-01
7.049978003278578598e-02 1.119603528696408445e-02 6.846723385400126094e-02 8.498369508262489935e-01
7.898939888771512596e-02 1.187559960856338255e-02 5.606891606449312254e-02 8.530660854392285719e-01
9.289787540694427470e-02 1.400190180256438710e-02 5.144464912896319631e-02 8.416555736615277672e-01
1.123069135850610634e-01 1.784309487377526773e-02 5.251069104314822628e-02 8.173393004980156196e-01
1.385109292510334489e-01 2.296447891674096436e-02 5.660681578111823736e-02 7.819177760511072384e-01
1.730210686615496762e-01 2.867564854624323270e-02 6.212864927120614195e-02 7.361746335210008763e-01
2.162426116694050049e-01 3.487531496523622182e-02 6.942863486538611295e-02 6.794534384999726395e-01
2.652585049780258886e-01 4.168306626090849398e-02 7.978920598108461826e-02 6.132692227799810825e-01
3.124744963067598857e-01 4.859850654928989100e-02 9.375924744886122986e-02 5.451677496950887436e-01
3.495660773776065877e-01 5.522412280303828219e-02 1.114980140155498595e-01 4.837117858038053608e-01
1.102028546976661499e-01 1.187503521789692595e-01 3.947689533071684076e-02 7.315698977926474722e-01
7.392478108794507674e-02 9.525580100825666030e-02 3.272924338876818939e-02 7.980901745150300597e-01
5.185744275625735200e-02 7.297272512313343618e-02 2.722969147046564592e-02 8.479401406501436700e-01
3.886971067203703195e-02 5.443468212070490947e-02 2.308183769143873354e-02 8.836137695158196026e-01
3.154901003753385336e-02 4.056571262892283425e-02 2.026592438303806767e-02 9.076193529505055535e-01
2.811820399193917797e-02 3.016971875981560441e-02 1.835264567117998388e-02 9.233594315770654593e-01
2.813248986385693401e-02 2.262149606170171454e-02 1.723441443574259130e-02 9.320115996386991730e-01
3.230040331732561554e-02 1.796309679693965100e-02 1.714357389394208925e-02 9.325929259917926650e-01
4.271319337106040115e-02 1.591202452658519242e-02 1.826424636749094527e-02 9.231105357348635687e-01
6.318748283736864979e-02 1.615196844723205613e-02 2.129042443669168852e-02 8.993701242787076611e-01
9.694227932700630324e-02 1.816755892835915029e-02 2.703108570550077569e-02 8.578590760391338055e-01
1.446990536984528730e-01 2.149556031323078542e-02 3.602198058291219973e-02 7.977834054054040447e-01
2.046997725941232527e-01 2.587936301594161506e-02 4.816268711259318047e-02 7.212581772773420941e-01
2.707440411576031991e-01 3.060621853351971899e-02 6.134861373593585021e-02 6.373011265729414676e-01
3.339714588223682834e-01 3.415175801156487834e-02 7.145204352351265664e-02 5.604247396425540151e-01
3.837676499477249981e-01 3.533309863245934906e-02 7.685125705281492525e-02 5.040479943670007623e-01
4.111238753003405577e-01 3.426947641813948148e-02 7.936146554334537473e-02 4.752451827381743432e-01
4.133251246085397068e-01 3.198543938890529431e-02 8.094519518789361490e-02 4.737442408146612105e-01
3.901505877919305698e-01 2.979356142151096815e-02 8.399119065957873220e-02 4.960646601269794731e-01
3.518183654411187189e-01 2.816982226204066062e-02 8.918924750522773393e-02 5.308225647916131607e-01
3.150401006822569627e-01 2.643111472375261548e-02 9.384038636026523217e-02 5.646883982337251862e-01
2.875636438877638978e-01 2.373952331894961174e-02 9.495624897466797831e-02 5.937405838186187168e-01
2.663303771943127396e-01 2.000791337410046111e-02 9.184657102828100439e-02 6.218151384033060447e-01
1.187794714182617006e-01 3.586403147066107300e-01 4.005033435498353556e-01 1.220768703252925746e-01
1.042960449890659030e-01 3.990855194809869722e-01 3.939299560047025972e-01 1.026884795252446386e-01
9.415922481408040001e-02 4.317423113483609409e-01 3.875707736694388728e-01 8.652769016811984182e-02
8.797407791028415136e-02 4.514269013277551479e-01 3.867207696636856817e-01 7.387825109827485248e-02
8.562760919396192327e-02 4.546791641226191616e-01 3.944712362529774752e-01 6.522199043044096811e-02
8.669546101367468782e-02 4.417057322032928446e-01 4.101381464905717866e-01 6.146066029246095158e-02
8.899284976022947546e-02 4.157506013812182211e-01 4.321458217180407235e-01 6.311072714051173260e-02
8.783657681591852673e-02 3.790718530406529396e-01 4.633359337777446796e-01 6.975563636568371528e-02
7.882224395627641933e-02 3.333555496709870725e-01 5.072602890766391148e-01 8.056191729609751828e-02
6.330684191158214569e-02 2.853519625226936807e-01 5.564618267243893746e-01 9.487936884133520155e-02
4.741041146311756466e-02 2.411452851868245151e-01 5.984709258858744718e-01 1.129733774641832195e-01
3.553208289464469122e-02 2.028528199821439670e-01 6.253486309082297856e-01 1.362664662149818129e-01
2.858017514259542438e-02 1.726939459950839750e-01 6.314965048764423772e-01 1.672293739858783379e-01
2.558936899652984945e-02 1.506919307378888073e-01 6.176835672920054643e-01 2.060351329735760628e-01
2.541172156986000116e-02 1.334693440401121256e-01 5.916420370380641724e-01 2.494768973519635724e-01
2.705072746585100024e-02 1.166783142497090503e-01 5.614395854035030275e-01 2.948313728809365819e-01
2.977332472843682853e-02 9.970732814227856178e-02 5.301053124185647336e-01 3.404140347107201259e-01
3.270707643108352464e-02 8.463137454254573977e-02 4.996251861459208854e-01 3.830363628804496767e-01
3.557716731218134310e-02 7.396008983344587451e-02 4.716709558055541818e-01 4.187917870488185312e-01
3.842112240234082932e-02 6.783157387073333877e-02 4.500888763522141733e-01 4.436584273747118945e-01
4.118412891575042034e-02 6.541791989948976538e-02 4.395615212903915547e-01 4.538364298943681208e-01
4.374147401503597488e-02 6.585930540991515036e-02 4.411055044352460985e-01 4.492937161398025125e-01
4.619829099834623504e-02 6.822163279404154512e-02 4.481288672618090607e-01 4.374512089458033048e-01
4.902072606814581596e-02 7.164370133147923703e-02 4.511188560778863765e-01 4.282167165224887162e-01
5.230028385339405977e-02 7.520892616387744867e-02 4.486979031672734264e-01 4.237928868154551276e-01
5.535357510932156083e-02 7.842056927005371103e-02 4.440434949909251583e-01 4.221823606296996045e-01
5.757876104921936383e-02 8.145295950709363630e-02 4.368672194838535972e-01 4.241010599598336595e-01
5.990751523582398680e-02 8.486405401266321202e-02 4.236641795696490798e-01 4.315642511818635341e-01
6.457894264006321106e-02 8.980321747382248587e-02 4.016787310947730338e-01 4.439391087913415745e-01
7.354031772267499711e-02 9.736642506587912804e-02 3.713417995499149193e-01 4.577514576615305808e-01
8.832170242220407919e-02 1.077511433046400291e-01 3.357307147201958331e-01 4.681964395529602529e-01
1.104715843793173252e-01 1.203701153253549372e-01 2.983650418285942463e-01 4.707932584667338660e-01
1.386625227193483967e-01 1.316894259700014114e-01 2.640627368881697801e-01 4.655853144224802453e-01
1.696086631196616623e-01 1.360904073606047926e-01 2.342698078550451979e-01 4.600311216646881252e-01
2.007177140604906040e-01 1.296353006423391352e-01 2.062774854317434847e-01 4.633694998654269148e-01
2.278628170012051701e-01 1.130999737719763226e-01 1.782296833817523796e-01 4.808075258450659750e-01
2.455837106340212905e-01 9.228297407414345899e-02 1.508966836154800040e-01 5.112366316763556906e-01
2.498833730901623418e-01 7.343196084940918633e-02 1.275832805460919428e-01 5.491013855143364042e-01
2.393625414299833942e-01 5.967948111795638028e-02 1.120237344340439256e-01 5.889342430180163346e-01
2.159792844980771842e-01 5.031116675593293175e-02 1.047727651166920348e-01 6.289367836292979463e-01
1.848973516882654877e-01 4.282774314836211571e-02 1.035106531747659181e-01 6.687642519886062287e-01
1.517302469133404996e-01 3.531006209367174714e-02 1.059946868712819679e-01 7.069650041217060421e-01
1.213095050200786451e-01 2.764714808757383346e-02 1.110825410809737762e-01 7.399608058113735787e-01
9.910094197817700956e-02 2.092343291122704396e-02 1.166472433470705783e-01 7.633283817635254653e-01
8.841557032755141543e-02 1.565697440245820624e-02 1.178069235790735747e-01 7.781205316909165504e-01
8.815141392575548407e-02 1.161353492877529453e-02 1.105751801477163204e-01 7.896598709977528108e-01
9.402673651123831522e-02 8.461862594778862129e-03 9.668912285652780936e-02 8.008222780374550931e-01
1.027057483503963781e-01 6.119895321676835538e-03 8.166441407022445587e-02 8.095099422577020087e-01
1.134403791001933198e-01 4.608115874572827654e-03 7.079728501171012045e-02 8.111542200135236635e-01
1.280024032018296509e-01 3.864762770969790498e-03 6.644938927518034832e-02 8.016834447520202467e-01
1.489268513360215707e-01 3.665487574580086460e-03 6.800856314394057578e-02 7.793990979454574752e-01
1.765118693369782110e-01 3.823997809396765743e-03 7.450216641135998241e-02 7.451619664422648448e-01
2.107227879748639066e-01 4.339068065973633419e-03 8.627552027242167687e-02 6.986626236867408135e-01
2.515540451137485700e-01 5.183670493170818017e-03 1.022437864151265752e-01 6.410184979779541825e-01
2.935161194670577456e-01 6.027524757246921668e-03 1.167322052439777602e-01 5.837241505317174450e-01
3.262579586140926802e-01 6.428502013109945422e-03 1.230389888949280225e-01 5.442745504778693233e-01
3.462762532769633195e-01 6.390986602993425567e-03 1.195485654089218225e-01 5.277841947111217014e-01
3.610292390881517099e-01 6.162128159406943598e-03 1.086510658767687043e-01 5.241575668756723871e-01
3.786112379336041833e-01 6.268417517922437662e-03 9.461772156438660875e-02 5.205026229840870045e-01
4.005853945921162840e-01 5.881826828687363243e-03 8.404344105296326917e-02 5.094893375262331547e-01
4.292202772081296080e-01 5.838212449534098923e-03 7.597670804400637190e-02 4.889648022983300590e-01
4.683024588783549214e-01 5.799308376717219465e-03 7.000921798550674424e-02 4.558890147594212294e-01
5.240654910153444979e-01 5.829672271245096848e-03 6.426578301869867449e-02 4.058390536947119598e-01
5.985322306176458218e-01 5.951104261582288411e-03 5.719205594189084169e-02 3.383246091788807974e-01
6.796615318020496899e-01 6.010029186965922844e-03 4.865705338504924121e-02 2.656713856259351192e-01
7.444545532509643238e-01 6.442795207821884126e-03 4.186557087605383837e-02 2.072370806651598618e-01
7.806393484779596825e-01 7.216727372139269958e-03 3.743733216962188276e-02 1.747065919802794631e-01
7.858772146802189829e-01 8.243592854500925854e-03 3.608646230980823433e-02 1.697927301554718327e-01
7.635401785498465710e-01 9.232401001324826856e-03 3.752642793490135187e-02 1.897009925139273301e-01
7.217799243022227085e-01 1.016969279734476414e-02 4.137835072081055138e-02 2.266720321796220905e-01
6.740987470958562655e-01 1.203748847251973411e-02 4.826641258544053098e-02 2.655973518461838268e-01
6.334600685556539545e-01 1.465625400582846842e-02 5.808441121759104486e-02 2.937992662209268357e-01
5.964915306046136845e-01 1.937246241454228246e-02 7.291691117296796032e-02 3.112190958078762115e-01
5.522651457474992975e-01 2.701479374700645197e-02 9.440374166266955747e-02 3.263163188428243044e-01
4.950045311747670040e-01 3.771374120090097148e-02 1.229775222611373259e-01 3.443042053631945598e-01
4.267167668153519777e-01 5.106241466871377921e-02 1.590792599532388218e-01 3.631415585626953102e-01
3.543697923689213547e-01 6.544083435383379888e-02 2.019187572601546798e-01 3.782706160170901666e-01
2.875134958579236288e-01 7.788011300643761514e-02 2.447036134214263803e-01 3.899027777142120565e-01
2.325346314147302140e-01 8.753500840576360076e-02 2.760512468708893885e-01 4.038791133086168661e-01
1.908497150124509878e-01 9.610202037425918942e-02 2.887518693658315816e-01 4.242963952474581024e-01
1.592318645413922651e-01 1.059290219807425271e-01 2.861318626160968548e-01 4.487072508617681588e-01
1.334746218708690313e-01 1.196431520699782342e-01 2.809467379247475027e-01 4.659354881344051069e-01
1.108518520818122244e-01 1.428230656986133329e-01 2.817356284025698265e-01 4.645894538170046162e-01
9.145965888708895708e-02 1.725447773726493661e-01 2.911039971366722878e-01 4.448915666035895833e-01
7.454732899734275997e-02 2.045073719754434971e-01 3.055295855355576462e-01 4.154157134916563465e-01
6.109942414268380861e-02 2.339327096848800303e-01 3.225873806401994837e-01 3.823804855322362473e-01
5.224497598108996527e-02 2.629982572985248290e-01 3.407523285265988133e-01 3.440044381937865658e-01
4.736745205901659456e-02 2.967174922831145589e-01 3.596035473609746069e-01 2.963115082968937330e-01
4.249016701856932199e-02 3.382747640044380666e-01 3.751250543211475663e-01 2.441100146558448925e-01
