3.381013417918057873e-01 5.157840683882800037e-02 1.203046800251040965e-01 4.900155713442621574e-01
6.501105800940634172e-01 1.345773036283899327e-01 1.188480315583666236e-01 9.646408471918012373e-02
6.265338048371936752e-01 1.452166584344995182e-01 1.292471550578399297e-01 9.900238167046736260e-02
5.874204848245945243e-01 1.616419996081313315e-01 1.442614330339704876e-01 1.066760825333037260e-01
5.438031896960976441e-01 1.800375403906995520e-01 1.597070145518238449e-01 1.164522553613791117e-01
5.086153731497334851e-01 1.964873185064172634e-01 1.718201103947173958e-01 1.230771979491316476e-01
4.834384801374151941e-01 2.124928869491962136e-01 1.811011246463753166e-01 1.229675082670131925e-01
4.585001167210395190e-01 2.361345690379110795e-01 1.900891097409871389e-01 1.152762045000621793e-01
4.275682856379898200e-01 2.726985559089135647e-01 1.987655166357598369e-01 1.009676418173366952e-01
3.940216801696037052e-01 3.166844975928589379e-01 2.057727337071706686e-01 8.352108853036671610e-02
3.634916346613640270e-01 3.586888677539750714e-01 2.112013809482022331e-01 6.661811663645865467e-02
3.344455133348235298e-01 3.955715855823320193e-01 2.173274300111721347e-01 5.265547107167231622e-02
3.026965375260938229e-01 4.293319126260761176e-01 2.259530649405293301e-01 4.201848490730050734e-02
2.674536532840283698e-01 4.615927966456681020e-01 2.368283887719323799e-01 3.412516129837141199e-02
2.316487145478220433e-01 4.912457795271902850e-01 2.485735143644047240e-01 2.853199156058310038e-02
2.027003417244331862e-01 5.131377478609320253e-01 2.592350302484883739e-01 2.492688016614620292e-02
1.802328568232212103e-01 5.298339035339546532e-01 2.670871158218057206e-01 2.284612382101849914e-02
1.650634062599314333e-01 5.434156215595908890e-01 2.700019682396520015e-01 2.151900394082597798e-02
1.543413652360615118e-01 5.583996362869125818e-01 2.670998225216458799e-01 2.015917595538002649e-02
1.440314014088957539e-01 5.780758730065903572e-01 2.594908615605193147e-01 1.840186402399477533e-02
1.327689359845350414e-01 6.003042984873614429e-01 2.502713926892150553e-01 1.665537283888851930e-02
1.213845388801587100e-01 6.209118737440182390e-01 2.421054134742064712e-01 1.559817390161658338e-02
1.083010547349132491e-01 6.393072829891550679e-01 2.367340914622975689e-01 1.565757081363404468e-02
9.132225990374401303e-02 6.558302641107510711e-01 2.360840362061027153e-01 1.676343977940207564e-02
7.065947923180541934e-02 6.689326277267690912e-01 2.417474293807189700e-01 1.866046366070644308e-02
5.023234410328543398e-02 6.735032760432776433e-01 2.551702853690845929e-01 2.109409448435234716e-02
3.398459913664344384e-02 6.649778162686005301e-01 2.774266143424088393e-01 2.361097025234714861e-02
2.300520281145534973e-02 6.432398080448200606e-01 3.080821107000774051e-01 2.567287844364714300e-02
1.620087308879878882e-02 6.104583477852528750e-01 3.462734587804868758e-01 2.706732034546161306e-02
1.245867842472428259e-02 5.701249340774233731e-01 3.892051275360761675e-01 2.821125996177592868e-02
1.071661380281182206e-02 5.254473503710579418e-01 4.341817063097073714e-01 2.965432951642294618e-02
1.052202912825784924e-02 4.815736960991162108e-01 4.761689686463900784e-01 3.173530612623535335e-02
1.166208762920074339e-02 4.428462429944051149e-01 5.111207590049413607e-01 3.437091037145283828e-02
1.394530365141596548e-02 4.113490193025677311e-01 5.376057567591081554e-01 3.709992028690813071e-02
1.697773825526864913e-02 3.881904849109903410e-01 5.555146857611283906e-01 3.931709107261269209e-02
2.007732524488695797e-02 3.749132591190139641e-01 5.650392329993643159e-01 3.997018263673469962e-02
2.259949772129817708e-02 3.690738890720621224e-01 5.696302188022511759e-01 3.869639440438882999e-02
2.292535667694221499e-02 3.715305893382295777e-01 5.685053588220995158e-01 3.703869516272849383e-02
2.274609651493912296e-02 3.805279744645950757e-01 5.592434536512825849e-01 3.748247536918305339e-02
2.317944552675222161e-02 3.926426106024537566e-01 5.427004314594149337e-01 4.147751241137937611e-02
2.620924907527336783e-02 4.019551395771082114e-01 5.231855633957848140e-01 4.865004795183386355e-02
3.036587278323557224e-02 4.054148851307265433e-01 5.070687125112377514e-01 5.715052957480001167e-02
3.541563034620228562e-02 4.052688166861315167e-01 4.939889510554846264e-01 6.532660191218216117e-02
4.058425133002740298e-02 4.035425787481062287e-01 4.839544001499795911e-01 7.191876977188650655e-02
4.514995192336460766e-02 4.023432614707471711e-01 4.761911511204984238e-01 7.631563548538981834e-02
4.897827891094204411e-02 4.030622200559991763e-01 4.686728147808882916e-01 7.928668625217030752e-02
5.260723214215699828e-02 4.052477324680927584e-01 4.595311690253787718e-01 8.261386636437130504e-02
5.662703021355963706e-02 4.062886208676192434e-01 4.497055980302061551e-01 8.737875088861477013e-02
6.074687275859184943e-02 4.062607717014933839e-01 4.411329435223368955e-01 9.185941201757806540e-02
6.397511511490967806e-02 4.081946863015536442e-01 4.339226226016821286e-01 9.390757598185454913e-02
6.676292976930686685e-02 4.109341500393247637e-01 4.256403112773426978e-01 9.666260891402571331e-02
7.036506885771540154e-02 4.126199681548256004e-01 4.118249396881961122e-01 1.051900232992628859e-01
7.491171368888344118e-02 4.123880340073818318e-01 3.919533785083239019e-01 1.207468737954106724e-01
7.924198682794758586e-02 4.132120931215227944e-01 3.689547389576108283e-01 1.385911810929187638e-01
8.249175365277905403e-02 4.195041037339590217e-01 3.467301502473167374e-01 1.512739923659451868e-01
8.479943489256085154e-02 4.329412908703434426e-01 3.276119355903256425e-01 1.546473386467701883e-01
8.629138727449364721e-02 4.524317764666156427e-01 3.112573823756326630e-01 1.500194538832579083e-01
8.683153080158585724e-02 4.741413606202897202e-01 2.963311533304444079e-01 1.426959552476796678e-01
8.664910321882950128e-02 4.931976252716023801e-01 2.814553603842407381e-01 1.386979111253271446e-01
8.654364224041571907e-02 5.055370720128723461e-01 2.654269058186422559e-01 1.424923799280698455e-01
8.681770784231830629e-02 5.092364471334528409e-01 2.475832536258431582e-01 1.563625913983861526e-01
8.873851339352994971e-02 4.981269826775762688e-01 2.305684097687853706e-01 1.825660941601086606e-01
8.953266574591144111e-02 4.698469081719885421e-01 2.130176707493735277e-01 2.276027553327264474e-01
9.315648113007304887e-02 4.104363015702308104e-01 1.944427603210401034e-01 3.019644569786562038e-01
1.007039784992209003e-01 3.236643730633672611e-01 1.709139131260588307e-01 4.047177353113530773e-01
1.108285566799653427e-01 2.353857805390927038e-01 1.440764935483437870e-01 5.097091692325981249e-01
1.211738647553461667e-01 1.697364548482295510e-01 1.224748965303183168e-01 5.866147838661061042e-01
1.304602099762353362e-01 1.285615301274698474e-01 1.092837871158489904e-01 6.316944727804457704e-01
1.348047925486330900e-01 1.028967865789151143e-01 1.030255677824599009e-01 6.592728530899920614e-01
1.308301350910563710e-01 8.483078438010355216e-02 1.006476200791568687e-01 6.836914604496830972e-01
1.195711186518775421e-01 6.959990815425302901e-02 9.844252365030894958e-02 7.123864495435606736e-01
1.037849557819993246e-01 5.612668385105584745e-02 9.518451669406748084e-02 7.449038436728773194e-01
5.873733670534415224e-02 4.461167379500417113e-02 4.342383479055713646e-01 4.624126415940802981e-01
4.163295183350970013e-02 6.809396352192720325e-01 2.469852850682651146e-01 3.044212787895322556e-02
6.119192810980555314e-02 5.797687089922241022e-01 3.157227137648938031e-01 4.331664913307657627e-02
8.498025327740571511e-02 4.811129462298620596e-01 3.755456122739126990e-01 5.836118821881932511e-02
1.087545500496053530e-01 4.051592547497193109e-01 4.140334561663131518e-01 7.205273903436218430e-02
1.317960700740622160e-01 3.552067548606113734e-01 4.308292500533811298e-01 8.216792501194504494e-02
1.524347092964910555e-01 3.287548637753414660e-01 4.304918329190981496e-01 8.831859400906945379e-02
1.683788860535047616e-01 3.236858385149712358e-01 4.167799584399325408e-01 9.115531699159137857e-02
1.766593621221170252e-01 3.392005740119205526e-01 3.935510962989860473e-01 9.058896756697658315e-02
1.771740237972793952e-01 3.754196491903693533e-01 3.613984520113735499e-01 8.600787500097785421e-02
1.708060932742107851e-01 4.297665475802526225e-01 3.218868032107671806e-01 7.754055593476948116e-02
1.542705796996508838e-01 4.929829170308380193e-01 2.861109092329267578e-01 6.663559403658408931e-02
1.325707376139889926e-01 5.454643597142728728e-01 2.659399080551393402e-01 5.602499461659919688e-02
1.119053616597457668e-01 5.736548744065270711e-01 2.672375828756818339e-01 4.720218105804541847e-02
9.552193256673062460e-02 5.725703170968855504e-01 2.914966708109595350e-01 4.041107952542419279e-02
8.374353464022853133e-02 5.370942266040157342e-01 3.430391218966010736e-01 3.612311685915477882e-02
7.522661119918130912e-02 4.604752773991528936e-01 4.291386558323367351e-01 3.515945556932916632e-02
6.683709077675156762e-02 3.508469241234335456e-01 5.447259683798797436e-01 3.759001671993524724e-02
5.662173023566039604e-02 2.408012880004754275e-01 6.602027412635527170e-01 4.237424050031154965e-02
4.656565599217001028e-02 1.581260824311330471e-01 7.458220680828556715e-01 4.948619349384109772e-02
3.900764030063572779e-02 1.060751623134355975e-01 7.942830731530833299e-01 6.063412423284530312e-02
3.357261292746573783e-02 7.538414701715098754e-02 8.143613005481501466e-01 7.668193950723324603e-02
2.834690967713950072e-02 5.603146340285750787e-02 8.202950941691115050e-01 9.532653275089147948e-02
2.255963763797456945e-02 4.220871401228517422e-02 8.223475164290192652e-01 1.128841319207206928e-01
1.689543423756101684e-02 3.206205728967392171e-02 8.225945709841014919e-01 1.284479374886634551e-01
1.220816443535172394e-02 2.489477959263038109e-02 8.182075863834310514e-01 1.446894695885872772e-01
8.538443472539411841e-03 1.924459005073806545e-02 8.076559241226647368e-01 1.645610423540575240e-01
6.492004587234435561e-03 1.657776986852405737e-02 7.871835444108127300e-01 1.897466811334287129e-01
5.029199056416960335e-03 1.455334869222289426e-02 7.585974454020044666e-01 2.218200068493555166e-01
4.251157348225068772e-03 1.390550391541360911e-02 7.212309484292327433e-01 2.606123903071282388e-01
4.017061611881399437e-03 1.462064226596637533e-02 6.813674853331607162e-01 2.999948107889917615e-01
4.124336644552579860e-03 1.650674438404271457e-02 6.504689016569744631e-01 3.289000173144299710e-01
4.342744349653114566e-03 1.909993927860998905e-02 6.342742939193094509e-01 3.422830224524271436e-01
4.497561722184384089e-03 2.159080305766417421e-02 6.247859555905477258e-01 3.491256796296035581e-01
4.525401365504618835e-03 2.319675568124397042e-02 6.090411566894839979e-01 3.632366862637675942e-01
4.443660010623328056e-03 2.365656530429319573e-02 5.812388921257153340e-01 3.906608825593683165e-01
4.302937260207804690e-03 2.315721503070198445e-02 5.425150929969112523e-01 4.300247547121787695e-01
4.154809283418196657e-03 2.189269527703213009e-02 4.983223645503371824e-01 4.756301308892125213e-01
4.023865316333895444e-03 1.987886541255295611e-02 4.572589545437211744e-01 5.188383147273919471e-01
3.948801470957760684e-03 1.731006578027102435e-02 4.241179122031741855e-01 5.546232205455968733e-01
3.355045946956536698e-03 1.454310474546486806e-02 3.949811060414799568e-01 5.871207432660983105e-01
3.238870903280347251e-03 1.190058052204137108e-02 3.641607108181770247e-01 6.206998377565007274e-01
3.081492168948142714e-03 9.645904623950700418e-03 3.329592318346022983e-01 6.543133713724990086e-01
2.892366610638546186e-03 7.921152978621084223e-03 3.058559917350625046e-01 6.833304886756776941e-01
2.691873273569431874e-03 6.601962377699351243e-03 2.832956877081734270e-01 7.074104766405575617e-01
2.533540321294692598e-03 5.655506193823927642e-03 2.624316893836393660e-01 7.293792641012417644e-01
2.459034116766318102e-03 5.132449834277671985e-03 2.427787100622761374e-01 7.496298059866801644e-01
2.478755257964682622e-03 4.994008347364208879e-03 2.275894624209039430e-01 7.649377739737668325e-01
2.638984475773090664e-03 5.250299750331195552e-03 2.200081731292004850e-01 7.721025426446954665e-01
2.967122155006838517e-03 5.905204760337124693e-03 2.190778490409196200e-01 7.720498240437361215e-01
3.448349673026915307e-03 6.944173846327076662e-03 2.197858971712720044e-01 7.698215793093742265e-01
4.096497791229020830e-03 8.505126284021512911e-03 2.187147907452741402e-01 7.686835851794753260e-01
5.449782489769735422e-03 1.078978751336310410e-02 2.175613768436556461e-01 7.661990531532114623e-01
6.319510256249992117e-03 1.388179833849181172e-02 2.179186374273222870e-01 7.618800539779359005e-01
7.208004303587750052e-03 1.788929336833663952e-02 2.190594851042801106e-01 7.558432172237955493e-01
8.046759278781158431e-03 2.300894235978716978e-02 2.219819507130395830e-01 7.469623476483923108e-01
8.861383487479248394e-03 2.945903751681403990e-02 2.289661008792203689e-01 7.327134781164863497e-01
9.742426809121802755e-03 3.722143262674761782e-02 2.419241139342608593e-01 7.111120266298697201e-01
1.078514418123959276e-02 4.628753181251281379e-02 2.629016825184187778e-01 6.800256414878289579e-01
1.252728420480695576e-02 5.734741324164369103e-02 2.956313976446306446e-01 6.344939049089189931e-01
1.386157779752617870e-02 7.163757327870678981e-02 3.455280155388838481e-01 5.689728333848834696e-01
1.491848956248143995e-02 8.957977856702908914e-02 4.131380366804157656e-01 4.823636951900736047e-01
1.491858626071991198e-02 1.100591175415534112e-01 4.848706949619239759e-01 3.901516012358026142e-01
1.471632502818395923e-02 1.279290424521953851e-01 5.424869669719408760e-01 3.148676655476798647e-01
1.402233420807253578e-02 1.404320529891311120e-01 5.793568727928557482e-01 2.661887400099406942e-01
1.378125010330344749e-02 1.480329109253897268e-01 6.001118694557170397e-01 2.380739695155901225e-01
1.383087890064664018e-02 1.491880216067881237e-01 6.179963944099859940e-01 2.189847050825791952e-01
1.476640495489451449e-02 1.485759828846403008e-01 6.334096104927749993e-01 2.032480016676901924e-01
1.641821976376090647e-02 1.494629282670020543e-01 6.422977605494363251e-01 1.918210914198005823e-01
1.917717556420969055e-02 1.569718557125950875e-01 6.373388225845035837e-01 1.865121461386915758e-01
2.390270073613173438e-02 1.773938271614592666e-01 6.112427210631512509e-01 1.874607510392579945e-01
3.151851621807163356e-02 2.173387483579644897e-01 5.575709752349489179e-01 1.935717601890147022e-01
6.712008210239733819e-01 2.863259694792581050e-02 1.842454118703082400e-02 2.817420408410699628e-01
7.748523798440978272e-01 9.356515849518891315e-02 8.654575166639373596e-02 4.503670999431947514e-02
7.987288807877849228e-01 8.300581199055004356e-02 7.714635315153818562e-02 4.111895407012686188e-02
8.142562340055301551e-01 7.614885931023565591e-02 7.164810711922108000e-02 3.794679956501304657e-02
8.160978696781437947e-01 7.592931252671425435e-02 7.178669302600274027e-02 3.618612476913904419e-02
8.036415454985452733e-01 8.272233394302833109e-02 7.791031461732166041e-02 3.572580594110506130e-02
7.798756013266080478e-01 9.511940411764797931e-02 8.909523438695300668e-02 3.590976016879116745e-02
7.499038245798020919e-01 1.105704939534613712e-01 1.034092439505403249e-01 3.611643751619616344e-02
7.201049181429616253e-01 1.255717921848521490e-01 1.184739464715509616e-01 3.584934320063530577e-02
6.897405511341148099e-01 1.416452114738984969e-01 1.333835303445040366e-01 3.523070704748234444e-02
6.592141573967631452e-01 1.587193789563454416e-01 1.478580993590449255e-01 3.420836428784652938e-02
6.217712548721245902e-01 1.808996251778278441e-01 1.640972086274794239e-01 3.323191132256851643e-02
5.707717916335660613e-01 2.136790873231022847e-01 1.830264647665570121e-01 3.252265627677448923e-02
5.079021169998719776e-01 2.601538249862465624e-01 2.004020757174671541e-01 3.154198229641443779e-02
4.369150292487213316e-01 3.213008239507006425e-01 2.117388164436208586e-01 3.004533035695710133e-02
3.594204632062203975e-01 3.958209986075126308e-01 2.164192861267033030e-01 2.833925205956352306e-02
2.819434436684786216e-01 4.753461332649346338e-01 2.159325503468521312e-01 2.677787271973483540e-02
2.055937220754657790e-01 5.547930234392310922e-01 2.140445828021064756e-01 2.556867168319639644e-02
1.427875010141262391e-01 6.183448122814901859e-01 2.144207292714937207e-01 2.444695743288997913e-02
9.601254740833478629e-02 6.620618425790765205e-01 2.185017286568508577e-01 2.342388135573764824e-02
6.441422775110380861e-02 6.843016292041163018e-01 2.282131428947763441e-01 2.307100015000358023e-02
4.563920615256394225e-02 6.811270403516648253e-01 2.488925019230846525e-01 2.434125157268659384e-02
3.604896422581441162e-02 6.442883929242094743e-01 2.910424842793938316e-01 2.862015857058267457e-02
3.253456418029706393e-02 5.631757702432041990e-01 3.666144301851822496e-01 3.767523539131679283e-02
3.255113970710139110e-02 4.419169465996202750e-01 4.730973108572115726e-01 5.243460283606723310e-02
3.463697681717779059e-02 3.136163372879052225e-01 5.793690948376650773e-01 7.237759105725187492e-02
3.891326241896183452e-02 2.145260329931030219e-01 6.489496169623896193e-01 9.761108762554565610e-02
4.527094316892989884e-02 1.511576704004665150e-01 6.735344334535529054e-01 1.300369529770506460e-01
5.223563992011009266e-02 1.111819339868720252e-01 6.667192704695998895e-01 1.698631556234179718e-01
5.782334959460591617e-02 8.339721053109551419e-02 6.465795603771880007e-01 2.121998794971107216e-01
6.124743403300030031e-02 6.291983529683502219e-02 6.252981741391545611e-01 2.505345565310098666e-01
6.353460440347442895e-02 4.707565762103874119e-02 6.058767276748376895e-01 2.835130103006494040e-01
6.617447586719200914e-02 3.416072231344807059e-02 5.829731792742940399e-01 3.166916225450657207e-01
6.981173374323097758e-02 2.361747055495017761e-02 5.468642288525474848e-01 3.597065668492713808e-01
7.344176239502321624e-02 1.535001605599614453e-02 4.883274793355159016e-01 4.228807422134646665e-01
7.282730553707222887e-02 9.516649537185980015e-03 4.091867291565630671e-01 5.084693157691783094e-01
6.363554661974966942e-02 5.875221361346606198e-03 3.240488716586511497e-01 6.064403603602526172e-01
4.764670903045903350e-02 3.724396576016946857e-03 2.485049337740554698e-01 7.001239606194690213e-01
3.141244676871193797e-02 2.421250042666893681e-03 1.886818390862230466e-01 7.774844641023980207e-01
1.929343390004141512e-02 1.608432045236911573e-03 1.446582720733551597e-01 8.344398619813666595e-01
1.175855001237134830e-02 1.111587108585767583e-03 1.148407935667932062e-01 8.722890693122498096e-01
7.603389512888359715e-03 8.334283155792118411e-04 9.604474687402869693e-02 8.955184352975037454e-01
5.472197531643463453e-03 6.889901707794335653e-04 8.327981372123408055e-02 9.105589985763427041e-01
4.426852895867144574e-03 6.167119028451859128e-04 7.216780107357168017e-02 9.227886341277156124e-01
3.924399133732922595e-03 5.745856692669022757e-04 6.089840218113302256e-02 9.346026130158671119e-01
3.682145314575498846e-03 5.464991277246059433e-04 5.035866229702985752e-02 9.454126932606700118e-01
3.663383641146387374e-03 5.636799594268207406e-04 4.280886016318001530e-02 9.529640762362463491e-01
3.930415712588728079e-03 6.708447924757957904e-04 3.911244189402849486e-02 9.562862976009067761e-01
4.466396229695543049e-03 8.988367340341648021e-04 3.827056101276491568e-02 9.563642060235052478e-01
5.153131320765099409e-03 1.258404716022051622e-03 3.899768387928865404e-02 9.545907800839243951e-01
5.867053299064430016e-03 1.741830459108269832e-03 4.116355607489113194e-02 9.512275601669364367e-01
6.480602137749931491e-03 2.278169229964906953e-03 4.437092192889648817e-02 9.468703067033887866e-01
6.981144629218737768e-03 2.786438224954085763e-03 4.819319468873330820e-02 9.420392224570938167e-01
7.591167417662461267e-03 3.325454648717736036e-03 5.314872025058071242e-02 9.359346576830391840e-01
8.727197393815411611e-03 4.153244890703310967e-03 6.060416555899156288e-02 9.265153921564897033e-01
1.078786070358241957e-02 5.655634459944145799e-03 7.152548956515145107e-02 9.120310152713222429e-01
1.379319804813815623e-02 8.171391521106534730e-03 8.596222347153685550e-02 8.920731869592184449e-01
1.745956116677834305e-02 1.195560769497190472e-02 1.051607205234130343e-01 8.654241106148371498e-01
2.143810119776899670e-02 1.694119261749818181e-02 1.303655879556342989e-01 8.312551182290985885e-01
2.554408371119733234e-02 2.274263687343042531e-02 1.616867772418264515e-01 7.900265021735458637e-01
2.990098614099498051e-02 2.922335333072350119e-02 1.995314009585242576e-01 7.413442595697572468e-01
3.447190041116322129e-02 3.593628569319855942e-02 2.424650242614055651e-01 6.871267896342325709e-01
3.917355374047522959e-02 4.200881362313532708e-02 2.852199081011522752e-01 6.335977245352372167e-01
4.426530481684064211e-02 4.730274106256436573e-02 3.232844417581140495e-01 5.851475123624809704e-01
5.015195936526451598e-02 5.297911323458098093e-02 3.580952030099469052e-01 5.387737243902076534e-01
5.732976757340303015e-02 6.017397382992979715e-02 3.865023429358027673e-01 4.959939156608643707e-01
6.658757394409704766e-02 7.006082410310804365e-02 4.032118605290256896e-01 4.601397414237691219e-01
7.882546711828536390e-02 8.342104716719851709e-02 4.079792412224677034e-01 4.297742444920483740e-01
9.401880061411782563e-02 9.909753132043502832e-02 4.033665727335931095e-01 4.035170953318541476e-01
1.098521688951738517e-01 1.135978839810458663e-01 3.923190234491741313e-01 3.842309236746064283e-01
1.238572008770061211e-01 1.236611449854346373e-01 3.775294487622420370e-01 3.749522053753172046e-01
1.373515200682716708e-01 1.298454153130531863e-01 3.593125533197166210e-01 3.734905112989582721e-01
5.537660355248496397e-02 8.267145416223925167e-03 5.249765908106123202e-01 4.113796602206791220e-01
8.615942886457969019e-01 6.576897234645359691e-02 2.420091779719900013e-02 4.843582121055033107e-02
8.406726430880793188e-01 7.388596030921600055e-02 3.253995640366846159e-02 5.290144019903605943e-02
8.178816391267068608e-01 8.289120539638962504e-02 4.246264226239876427e-02 5.676451321450507598e-02
7.927956961764710542e-01 9.278256067984193278e-02 5.397380195091670135e-02 6.044794119277013128e-02
7.657834598157956529e-01 1.033239804092351832e-01 6.712520634263186015e-02 6.376735343233723430e-02
7.357355870280007926e-01 1.148366152073980184e-01 8.289809109987925084e-02 6.652970666472196593e-02
6.986525467945093881e-01 1.287434363135278592e-01 1.036291369250046807e-01 6.897487996695847445e-02
6.542527347678376293e-01 1.455448075823030096e-01 1.299020553816924994e-01 7.030040226816669513e-02
6.099620377972577723e-01 1.630163256992568088e-01 1.579365149424702686e-01 6.908512156101544177e-02
5.728187315213078001e-01 1.772318513638848625e-01 1.840668373850228301e-01 6.588257972978429911e-02
5.396418229066815009e-01 1.905533511450185624e-01 2.076568635274932684e-01 6.214796242080626587e-02
5.123646114789975892e-01 2.012465891506222404e-01 2.285708397424192351e-01 5.781795962796075494e-02
4.944825554813050972e-01 2.076675840987577959e-01 2.456448924814556567e-01 5.220496793848111716e-02
4.909426341877096145e-01 2.076067156432084004e-01 2.567944982630440687e-01 4.465615190603786783e-02
5.028473869789341633e-01 2.011543682049984627e-01 2.602646392995621727e-01 3.573360551650534012e-02
5.220108130280514125e-01 1.925387769524661563e-01 2.580554942813056973e-01 2.739491573817706346e-02
5.377799031892082082e-01 1.857854211820006707e-01 2.554439367803745253e-01 2.099073884841673801e-02
5.475681854829179684e-01 1.804039463909087038e-01 2.556781023331803349e-01 1.634976579299296517e-02
5.529453662390542146e-01 1.738483226774429624e-01 2.601259296227529938e-01 1.308038146074956727e-02
5.573013603250936976e-01 1.631039070794073897e-01 2.687019424375910459e-01 1.089279015790818941e-02
5.639125886203570914e-01 1.460362451013316187e-01 2.806154746801146627e-01 9.435691598196651458e-03
5.691361577446385489e-01 1.242218575337420000e-01 2.981087957107441122e-01 8.533189010875252140e-03
5.621099682392222130e-01 1.022455594082441049e-01 3.272924904966981741e-01 8.351981855835723112e-03
5.325295447865467935e-01 8.498197602013650431e-02 3.732717331051814136e-01 9.216746088135222698e-03
4.832225011612298893e-01 7.345811507890938341e-02 4.322756074288829908e-01 1.104377633097755260e-02
4.322761855692173194e-01 6.559847424133152805e-02 4.891970908329330570e-01 1.292824935651813549e-02
3.956936511946764212e-01 5.964036989545380696e-02 5.306921432885174372e-01 1.397383562135222877e-02
3.782028675435826215e-01 5.525104703966585845e-02 5.525088641562700964e-01 1.403722126048104375e-02
3.786469385050156289e-01 5.275409703368985626e-02 5.551890510659415190e-01 1.340991339535283974e-02
3.956778656742326872e-01 5.233868052093600814e-02 5.395350601550188419e-01 1.244839364981236568e-02
4.264865782043358311e-01 5.439823635641903576e-02 5.074612189759358793e-01 1.165396646330919654e-02
4.640184494739165721e-01 5.949578583017588879e-02 4.650126677770737293e-01 1.147309691883403003e-02
4.997192025750893385e-01 6.751957537839269052e-02 4.208144919983105581e-01 1.194673004820754128e-02
5.290888114531906439e-01 7.733000405870345262e-02 3.808619756557935498e-01 1.271920883231225999e-02
5.508891522070693547e-01 8.653121955985446090e-02 3.491409950353679958e-01 1.343863319770844181e-02
5.642678260676288193e-01 9.594169555978528108e-02 3.256528281400188907e-01 1.413765023256700198e-02
5.756266616997079977e-01 1.022789538718666957e-01 3.074890909683463680e-01 1.460529346007903052e-02
5.898080915642809341e-01 1.041440489980783313e-01 2.918387178105073532e-01 1.420914162713321147e-02
6.093867305510003440e-01 1.016108704422233749e-01 2.765349384552889256e-01 1.246746055148706921e-02
6.318406034149390837e-01 9.589341741383752837e-02 2.622228539967411676e-01 1.004312517448226715e-02
6.457796465470191372e-01 8.844719997802399925e-02 2.575897442054226882e-01 8.183409269533988006e-03
6.398235534068942298e-01 7.957912435882066871e-02 2.731980918414371184e-01 7.399230392847985609e-03
6.082747639062821010e-01 6.886169813122976213e-02 3.152885969697358237e-01 7.574940992752256762e-03
5.475862530386799154e-01 5.846740761877337184e-02 3.853601858968352945e-01 8.586153445711527596e-03
4.592979276787675924e-01 4.756801975119903658e-02 4.828663515412200402e-01 1.026770102881361529e-02
3.493804425809886038e-01 3.744250226797732339e-02 6.007639379681628533e-01 1.241311718287125415e-02
2.377541468306629269e-01 2.799547348639311317e-02 7.196119925514474769e-01 1.463838713149671726e-02
1.492560940760399302e-01 1.947946156536086576e-02 8.146099295119312300e-01 1.665451484666803303e-02
9.290418636162983690e-02 1.269864745640699420e-02 8.755062856619277856e-01 1.889088052003558629e-02
6.149510392912787421e-02 8.158708147232874089e-03 9.074972894030226556e-01 2.284889852061634113e-02
4.411181483589851626e-02 5.397324943519929072e-03 9.199297948030535910e-01 3.056106541752825340e-02
3.446239807573778929e-02 3.800338476956187112e-03 9.163102705597855335e-01 4.542699288752043846e-02
3.036819439542162713e-02 2.942580368538374926e-03 8.923161255744180842e-01 7.437309966162189423e-02
2.903946866517260333e-02 2.527045400103626778e-03 8.398615315492705680e-01 1.285719543854533797e-01
2.980868717904695125e-02 2.396758873313106428e-03 7.502833827056191174e-01 2.175111712420206567e-01
3.041796347825527491e-02 2.386315279541368316e-03 6.311124338587313920e-01 3.360832873834722068e-01
3.007812763564543176e-02 2.378671018049707733e-03 5.015542793621171613e-01 4.659889219841877317e-01
2.888188739070751340e-02 2.323264455219456112e-03 3.820018584986442645e-01 5.867929896554285873e-01
2.715506910544814023e-02 2.211377271962957844e-03 2.865372362017217789e-01 6.840963174208669617e-01
2.530951738734158601e-02 2.063524801431191984e-03 2.147895269762119252e-01 7.578374308350153132e-01
2.362891589918775237e-02 1.863236863307401146e-03 1.579888597170185094e-01 8.165189875204863501e-01
2.253885104985184698e-02 1.655854957092842920e-03 1.137346572101627928e-01 8.620706367828926409e-01
2.294054672411227278e-02 1.605025601345851961e-03 8.516681795116382014e-02 8.902876097233779484e-01
2.561048051958859581e-02 1.859613149443984075e-03 7.202312514369101082e-02 9.005067811872767836e-01
3.095083647829120418e-02 2.496443585675311733e-03 6.998723892497991927e-02 8.965654810110532669e-01
3.973245263837013597e-02 3.578202197070096298e-03 7.479680959324461198e-02 8.818925355713150838e-01
5.301814560442118240e-02 5.173456832478738610e-03 8.323164637177257741e-02 8.585767511913277028e-01
7.206478071370939209e-02 7.442644590345104394e-03 9.393595444399729932e-02 8.265566202519483152e-01
9.714883581751052044e-02 1.054971256012967457e-02 1.067622966325250805e-01 7.855391549898347314e-01
1.255112861616388131e-01 1.436320779265415348e-02 1.210034989815552547e-01 7.391220070641518758e-01
1.526618841922283698e-01 1.866641408092448856e-02 1.357857663431291384e-01 6.928859353837178991e-01
1.014725599751018642e-01 1.148687683524265285e-01 1.357767833167075056e-01 6.478818883557638797e-01
7.211949350660100400e-02 9.107711085445120702e-02 1.235907185312125484e-01 7.132126771077350602e-01
5.342428039294565278e-02 6.923887472143587518e-02 1.057443224264916631e-01 7.715925224591265730e-01
4.187348699512128541e-02 5.197226662131555763e-02 8.744658988049226755e-02 8.187076565030708686e-01
3.526313270046519538e-02 3.964679155637361452e-02 7.279185430767562415e-02 8.522982214354856145e-01
3.250399351123147568e-02 3.061910263969368218e-02 6.203672180974113826e-02 8.748401820393337802e-01
3.360681665890229153e-02 2.397305286450948300e-02 5.445371011126677596e-02 8.879664203653212518e-01
3.957093316146059747e-02 1.983792976643444436e-02 4.965505280117489539e-02 8.909360842709300732e-01
5.287593875361513290e-02 1.831384322363409020e-02 4.781050825971107365e-02 8.809997097630397622e-01
7.795848487849206532e-02 1.928375846219346559e-02 5.016824039797915941e-02 8.525895162613353895e-01
1.179197813701710063e-01 2.202184366355570619e-02 5.696499365923658048e-02 8.030933813070370020e-01
1.722654810437790618e-01 2.566066455645175590e-02 6.738938650642062322e-02 7.346844678933487360e-01
2.385798489523933974e-01 2.975832660731628568e-02 8.001992723227883963e-02 6.516418972080114669e-01
3.111712933915661838e-01 3.386329535310399208e-02 9.142722489205558356e-02 5.635381863632744626e-01
3.817671681125086591e-01 3.721474485113216574e-02 9.695755619448105656e-02 4.840605308418777231e-01
4.389121078390191277e-01 3.940125759364968699e-02 9.575503507509409984e-02 4.259315994922369120e-01
4.714143286245903175e-01 4.072391525666554241e-02 9.074959716092755035e-02 3.971121589578164301e-01
4.751024952579991911e-01 4.159172973355298314e-02 8.435910235931899648e-02 3.989466726491287529e-01
4.518841525071363163e-01 4.184917967926794075e-02 7.882630667933220037e-02 4.274403611342633136e-01
4.149537631206300370e-01 4.096167264799287222e-02 7.488257451798419062e-02 4.692019897133927753e-01
3.794936069791247091e-01 3.879765385192016774e-02 7.062234558425661834e-02 5.110863935846985395e-01
3.514490766914532549e-01 3.526641869754544578e-02 6.414407673361773032e-02 5.491404278773834857e-01
3.287396293011678461e-01 3.052159240308006949e-02 5.562428282968169546e-02 5.851144954660705277e-01
1.251273935345562915e-01 3.290450338642464390e-01 4.035164271093771293e-01 1.423111454918203067e-01
1.085359678556288704e-01 3.479973537949762052e-01 4.248801633710808101e-01 1.185865149783140032e-01
9.671186385023390619e-02 3.583758971817032624e-01 4.474849294500743979e-01 9.742730951798851680e-02
8.879058376777743122e-02 3.557722270958810218e-01 4.763267710768173124e-01 7.911041805952409578e-02
8.420138885398885387e-02 3.384191558992514781e-01 5.131552580751312931e-01 6.422419717162804187e-02
8.190505839621267659e-02 3.109525186701140309e-01 5.533225689472899278e-01 5.381985398638332307e-02
7.924790763187866682e-02 2.814930349144635913e-01 5.911512035204894433e-01 4.810785393316828473e-02
7.239494128742865464e-02 2.529529181693252471e-01 6.286632393665200214e-01 4.598890117672614630e-02
5.982212651264431913e-02 2.231000205859016705e-01 6.707384160702938303e-01 4.633943683116042295e-02
4.477816695665483293e-02 1.926137738050054393e-01 7.138450223871196654e-01 4.876303685121997911e-02
3.166126933069071669e-02 1.624898107505756695e-01 7.526520210121405707e-01 5.319689890659311943e-02
2.248693304122554790e-02 1.329136044732282251e-01 7.849142102462596249e-01 5.968525223928655699e-02
1.728717240975822383e-02 1.079690261126376588e-01 8.055000777498910747e-01 6.924372372771316064e-02
1.508283621803981935e-02 9.159203955959184518e-02 8.103794757804552162e-01 8.294564844191344710e-02
1.479366708582875375e-02 8.275320296819577148e-02 8.015320205149747412e-01 1.009211094310008688e-01
1.571178978838354279e-02 7.794986156930731880e-02 7.832792742856994339e-01 1.230590743566093576e-01
1.725434248292921982e-02 7.425702526960216432e-02 7.597435861415636760e-01 1.487450461059053597e-01
1.897271645837981038e-02 7.125288336330720673e-02 7.338381876069364207e-01 1.759362125713766212e-01
2.080615993467262864e-02 6.992486957227364575e-02 7.074416374568560650e-01 2.018273330361972928e-01
2.279446613772483435e-02 7.043523739434626174e-02 6.842057266155745499e-01 2.225645698523542604e-01
2.476153752597885435e-02 7.212195952821683076e-02 6.698315519947746211e-01 2.332849509510295793e-01
2.653033306676574193e-02 7.447371547869685582e-02 6.668784595283189232e-01 2.321174919262186387e-01
2.834312354466364883e-02 7.776960994130095728e-02 6.694497424044659750e-01 2.244375241095695472e-01
3.084432989805803438e-02 8.275783165039633793e-02 6.681203538484760118e-01 2.182774846030695048e-01
3.426530504992154891e-02 8.905197517530696882e-02 6.616819030430146631e-01 2.150008167317568608e-01
3.816352873394264489e-02 9.587424621611265185e-02 6.540486623575200165e-01 2.119135626924246452e-01
4.190480508426617373e-02 1.032180842916899516e-01 6.476718252717520441e-01 2.072052853522919347e-01
4.562420016881583995e-02 1.115111919886285219e-01 6.428307870319771578e-01 2.000338208105780780e-01
5.068105844489610018e-02 1.218045386764910892e-01 6.353832667025272052e-01 1.921311361760854874e-01
5.880206118186670494e-02 1.355139667961848260e-01 6.168925309060425688e-01 1.887914411159059280e-01
7.150321306103403496e-02 1.530208997290224970e-01 5.815529235461023294e-01 1.939229636638411525e-01
8.974240062487029435e-02 1.726951086754036357e-01 5.322538618450202152e-01 2.053086288547057436e-01
1.121535247846611877e-01 1.884936392873838573e-01 4.791529572981311769e-01 2.201998786298238198e-01
1.365196778619451046e-01 1.933566334867681535e-01 4.313282933407585062e-01 2.387953953105280136e-01
1.619200486937525663e-01 1.843113243177431915e-01 3.909761816719557470e-01 2.627924453165486063e-01
1.870194121844276358e-01 1.630622456131217146e-01 3.546084010301475131e-01 2.953099411723031920e-01
2.085426698149857594e-01 1.359531982920542947e-01 3.186502779347841208e-01 3.368538539581758529e-01
2.221526335483882952e-01 1.102024691526840294e-01 2.852629654864915487e-01 3.823819318124362931e-01
2.241767599042636117e-01 8.987084146876730961e-02 2.606382712905576104e-01 4.253141273364114405e-01
2.139042652585737558e-01 7.452545312232572439e-02 2.477679890585071654e-01 4.638022925605936320e-01
1.946249595726398940e-01 6.163094331561477096e-02 2.438527799722284839e-01 4.998913171395168997e-01
1.710467064858209318e-01 4.940915877363902253e-02 2.444266123584090677e-01 5.351175223821309501e-01
1.465877181457642953e-01 3.775235428764290441e-02 2.475641184157407471e-01 5.680958091508522267e-01
1.299761911161569916e-01 2.853386048510232059e-02 2.484557728024064938e-01 5.930341755963342010e-01
1.258607957681653899e-01 2.163606384688346665e-02 2.444447836104116922e-01 6.080583567745395657e-01
1.352203823067461563e-01 1.644136398397126955e-02 2.309411128702642257e-01 6.173971408390184212e-01
1.539603237323564355e-01 1.243058416557966950e-02 2.068095151730424963e-01 6.267995769290212182e-01
1.789197795079177089e-01 9.581955597139002814e-03 1.764939361694338738e-01 6.350043287255093816e-01
2.059538188354020638e-01 7.647221415614423139e-03 1.521509555223270194e-01 6.342480042266566143e-01
2.389498303948125180e-01 6.713852358464037287e-03 1.368688587949038749e-01 6.174674584518198284e-01
2.808082577790925738e-01 6.527511360289546191e-03 1.292822860795073414e-01 5.833819447811109393e-01
3.289983565149450784e-01 6.845630486625235885e-03 1.272830195013651133e-01 5.368729934970645212e-01
3.784957679728679913e-01 7.635907135805354747e-03 1.306217881519522173e-01 4.832465367393743438e-01
4.264208307556173194e-01 8.791658658884263927e-03 1.375479393638742442e-01 4.272395712216242591e-01
4.679001307304118673e-01 9.820734057781718013e-03 1.426839055950119006e-01 3.795952296167947604e-01
4.957847791779443902e-01 1.018894080581584163e-02 1.418065319990191586e-01 3.522197480172207795e-01
5.099426052102249418e-01 9.929766971352629867e-03 1.352561854227427585e-01 3.448714423956795727e-01
5.190481932115361685e-01 9.294396052518484261e-03 1.244301723099938278e-01 3.472272384259513789e-01
5.270814421730607435e-01 8.623690404090719047e-03 1.123797061462882690e-01 3.519151612765601955e-01
5.352549264112211880e-01 7.899289889491194552e-03 9.966364436247808489e-02 3.571821393368093123e-01
5.453485225544801862e-01 7.248621029244317268e-03 8.868169653070105685e-02 3.587211598855747363e-01
5.638504477412833449e-01 6.726884554111349501e-03 7.895389636486693785e-02 3.504687713397384163e-01
5.974350927208765816e-01 6.424618610960516549e-03 6.902664432929350724e-02 3.271136443388695247e-01
6.478656640322185689e-01 6.366292009289262893e-03 5.787604664075952227e-02 2.878919973177326286e-01
7.047212043846092788e-01 6.596653987002951657e-03 4.676750518348204988e-02 2.419146364449054898e-01
7.511426695766608708e-01 7.179015746751955807e-03 3.787123687584381670e-02 2.038070778007436967e-01
7.760841564243997626e-01 8.127031123256330328e-03 3.229662044696986201e-02 1.834921920053738664e-01
7.757182552064172398e-01 9.285396212460725676e-03 3.008497357022366439e-02 1.849113750108982157e-01
7.526162072616093823e-01 1.029256893077620631e-02 3.055712042124172564e-02 2.065341033863727638e-01
7.173395419851005261e-01 1.107858590834005091e-02 3.319455474822166630e-02 2.383873173583379024e-01
6.865755347678278442e-01 1.207948279123558476e-02 3.810766376568191366e-02 2.632373186752546834e-01
6.683224692963340985e-01 1.438804283294332562e-02 4.633590720526302442e-02 2.709535806654597700e-01
6.565533826816757346e-01 1.797619393755363684e-02 5.788809644701675694e-02 2.675823269337538335e-01
6.375802107278691899e-01 2.375700114149710551e-02 7.409164276233896895e-02 2.645711453682947356e-01
6.047444056813835456e-01 3.164448111684972642e-02 9.499638591013540023e-02 2.686147272916313833e-01
5.563390423118331762e-01 4.147542865632607156e-02 1.211677890241345118e-01 2.810177400077062959e-01
4.951029498404439511e-01 5.285975136514814432e-02 1.518336675561172966e-01 3.002036312382906358e-01
4.313627582625767509e-01 6.434874958478185858e-02 1.809095001256959823e-01 3.233789920269454221e-01
3.747316253062569213e-01 7.497410141162556829e-02 2.007752644048077240e-01 3.495190088773099113e-01
3.287710452516060533e-01 8.481217993653845932e-02 2.088252814009746161e-01 3.775914934108808296e-01
2.908900473981434476e-01 9.495381312204102808e-02 2.094095418922530261e-01 4.047465975875619848e-01
2.557084092196333369e-01 1.085834590209404094e-01 2.118495354920180707e-01 4.238585962674083496e-01
2.216855889109859423e-01 1.292383614531285307e-01 2.220181856440248680e-01 4.270578639918602981e-01
1.896049038876745918e-01 1.577349752359682722e-01 2.373142417328667209e-01 4.153458791434904707e-01
1.598207331158552069e-01 1.905378017861504292e-01 2.516429006449136807e-01 3.979985644530806832e-01
1.347484433445499952e-01 2.215913158167053254e-01 2.620199781157291352e-01 3.816402627230156552e-01
1.179812464312194331e-01 2.484619615922391000e-01 2.691077318829244169e-01 3.644490600936171054e-01
1.091592386589361474e-01 2.750638550213882483e-01 2.748852130082716227e-01 3.408916933114038428e-01
1.028768218337718504e-01 3.026530977120091559e-01 2.847945673232318287e-01 3.096755131309868458e-01
