2.727570368000491463e-01 4.336767062094251668e-02 2.515910662790367680e-01 4.322842262999718188e-01
7.088322344070557834e-01 1.016699608581110581e-01 1.131760289891562549e-01 7.632177574567695910e-02
7.098443099707306692e-01 1.033566701236814239e-01 1.145497296225993361e-01 7.224929028298864020e-02
6.943737333097934616e-01 1.115949558875527908e-01 1.206445300729338255e-01 7.338678072972026900e-02
6.658913836316097123e-01 1.261589850604541707e-01 1.299823087979851688e-01 7.796732250995114244e-02
6.381905616249278212e-01 1.414371322593647173e-01 1.389593799365632931e-01 8.141292617914405727e-02
6.142898194081487517e-01 1.564700417359473905e-01 1.484499420227217981e-01 8.079019683318197642e-02
5.825086739063668473e-01 1.784953764065235204e-01 1.624612566514256617e-01 7.653469303568401216e-02
5.319064212018052018e-01 2.172648731462698268e-01 1.806137233878185866e-01 7.021498226410669008e-02
4.692636977381604568e-01 2.708971123979346807e-01 1.970777066504445785e-01 6.276148321346025627e-02
4.028931118861193150e-01 3.358310560021575686e-01 2.066975011507276860e-01 5.457833096099543729e-02
3.353935754900014832e-01 4.085346556799240858e-01 2.095958798612361229e-01 4.647588896883795423e-02
2.648759009303175982e-01 4.886427088495586268e-01 2.073388768670122728e-01 3.914251335311141888e-02
2.009448155105606759e-01 5.639690875385365842e-01 2.022384835452570861e-01 3.284761340564546633e-02
1.490568898804842390e-01 6.266710699760947856e-01 1.962778956856639501e-01 2.799414445775689347e-02
1.124028247101407779e-01 6.709606621309835983e-01 1.917922810900660191e-01 2.484423206880955609e-02
9.004667833354014495e-02 6.964821960814420176e-01 1.902725143701247401e-01 2.319861121489320138e-02
7.750164232551412513e-02 7.091950017236053894e-01 1.909544267827660846e-01 2.234892916811442864e-02
7.034466385361462515e-02 7.162344066929540176e-01 1.919972942216991718e-01 2.142363523173226869e-02
6.498212478172690765e-02 7.232680452918813785e-01 1.917570867986563288e-01 1.999274312773531223e-02
6.046136788084217895e-02 7.306596061574652801e-01 1.902650051530778430e-01 1.861402080861448982e-02
5.697290409131509914e-02 7.370816792257012251e-01 1.877328682406239901e-01 1.821254844235993195e-02
5.339330694570675745e-02 7.429817348186882331e-01 1.841597880729989867e-01 1.946517016260629687e-02
4.809481468498850304e-02 7.492168730574225721e-01 1.801582204208097282e-01 2.253009183677895377e-02
4.020520869452098855e-02 7.561547810488401522e-01 1.763975655206593829e-01 2.724244473597968799e-02
3.102001868362913584e-02 7.620818737647346852e-01 1.737113176469489428e-01 3.318678990468718060e-02
2.254663387459410195e-02 7.657727534017849669e-01 1.724998232098127748e-01 3.918078951380815633e-02
1.594347926555552547e-02 7.680594521450718748e-01 1.721556954328118949e-01 4.384137315656067707e-02
1.149464096253485258e-02 7.690589999866563886e-01 1.724670103968009016e-01 4.697934865400808097e-02
8.570841843418013431e-03 7.680125307733673967e-01 1.738507308046309541e-01 4.956589657858365139e-02
7.580177590253006636e-03 7.619464161365713251e-01 1.777061534044353797e-01 5.276725286874022619e-02
7.730565829178085574e-03 7.507177367862915007e-01 1.841504266313243598e-01 5.740127075320595323e-02
9.016537044625579089e-03 7.335476782764835946e-01 1.936386370085852182e-01 6.379714767030569833e-02
1.149144185487832939e-02 7.095723104695450534e-01 2.074467481326003337e-01 7.148949954297613429e-02
1.563922443946396193e-02 6.784584386015913848e-01 2.267547227958174316e-01 7.914761416312741937e-02
1.969292198465022806e-02 6.486888667611306891e-01 2.478270478888874861e-01 8.379116336533136422e-02
2.273178148961487940e-02 6.254114879963975637e-01 2.683688508501708703e-01 8.348787966381665537e-02
2.376988645106525855e-02 6.098842669943387307e-01 2.855520745875859134e-01 8.079377196701019448e-02
2.401428096301043424e-02 5.998864205229238467e-01 2.951024842117705993e-01 8.099681430229531409e-02
2.551900071093474165e-02 5.891479569103946767e-01 2.979033515538578869e-01 8.742969082481269472e-02
2.920209211773986194e-02 5.739036473167822283e-01 2.980648990065767334e-01 9.882936155890170715e-02
3.499818396214447735e-02 5.558986059246034950e-01 2.976594240414549009e-01 1.114437860717969186e-01
4.227717766516753822e-02 5.380752912688642198e-01 2.977343567588952022e-01 1.219131743070730883e-01
5.016462215639067718e-02 5.220105526135654372e-01 2.993912063684420755e-01 1.284336188616019836e-01
5.772409371598757888e-02 5.079855418131050682e-01 3.035015277336383654e-01 1.307888367372689042e-01
6.445765975456592412e-02 4.945819095590214265e-01 3.103918627441685230e-01 1.305685679422440015e-01
7.048197392012151008e-02 4.791063992221389345e-01 3.203097724053350359e-01 1.301018544524047138e-01
7.598436170293260128e-02 4.596485382484034599e-01 3.339663872533685796e-01 1.304007127952956646e-01
8.050587206253462247e-02 4.404771936938856047e-01 3.492986279887653756e-01 1.297183062548142030e-01
8.328717543468326656e-02 4.277307254512246470e-01 3.621539870211728518e-01 1.268281120929193040e-01
8.523197672335111608e-02 4.192502762548710460e-01 3.692979175003757164e-01 1.262198295214022326e-01
8.793933134167750132e-02 4.114950508511957539e-01 3.668578353596754771e-01 1.337077824474514898e-01
9.148298948783130380e-02 4.042739231923271337e-01 3.540012451702256868e-01 1.502418421496160283e-01
9.406725398229907886e-02 4.025873312618079569e-01 3.334735912142598457e-01 1.698718235416332434e-01
9.415736177191465217e-02 4.122570735740870296e-01 3.101807934766771524e-01 1.834047711773211242e-01
9.179510822365399836e-02 4.343116039621084390e-01 2.883459218151129266e-01 1.855473659991244695e-01
8.722863253599241751e-02 4.656285322482449085e-01 2.694619564967482006e-01 1.776808787190145567e-01
8.020561443227726406e-02 5.000324952578495408e-01 2.537960277901820105e-01 1.659658625196913651e-01
7.287003371620949521e-02 5.265289249785348735e-01 2.430762316780968324e-01 1.575248096271590903e-01
6.622481527124887690e-02 5.404911164065255846e-01 2.359633341331730250e-01 1.573207341890525413e-01
6.100972722727111830e-02 5.434381948004093354e-01 2.279165569839679550e-01 1.676355209883516328e-01
5.768685024665839989e-02 5.361792213564151588e-01 2.186511949466348192e-01 1.874827334502915666e-01
5.513469151131913937e-02 5.187540987964542882e-01 2.019506994444409953e-01 2.241605102477853828e-01
5.658991801306241520e-02 4.713328831422174403e-01 1.840832102649623270e-01 2.879939885797578869e-01
6.393286231818758047e-02 3.896603113053153100e-01 1.650309224139109021e-01 3.813759039625856384e-01
7.670332870831930716e-02 2.969057849283956441e-01 1.454734861177612026e-01 4.809174002455237629e-01
9.215655543397126281e-02 2.239996640360239211e-01 1.301832004929429354e-01 5.536605800370618669e-01
1.070572486535779910e-01 1.783158140430020910e-01 1.214896373193383033e-01 5.931372999840817117e-01
1.161727704404419553e-01 1.512206308432134938e-01 1.188389992136294482e-01 6.137675995027149778e-01
1.159202009150759050e-01 1.328525633727840605e-01 1.201699337024850212e-01 6.310573020096550412e-01
1.082279481720438558e-01 1.160021106626404480e-01 1.221758931895130657e-01 6.535940479758024502e-01
9.637914202607385239e-02 9.712815396013763092e-02 1.235326690750221251e-01 6.829600349387663361e-01
1.267894541016106880e-01 2.054748057495011174e-02 3.154859590608552478e-01 5.371771062625837478e-01
2.162562519915238110e-02 8.292528709691101563e-01 1.135083607123747312e-01 3.561314311936280425e-02
3.466554015421537821e-02 7.736657150364636415e-01 1.427802313243103083e-01 4.888851348501080385e-02
5.389371598616035652e-02 7.050162689447579956e-01 1.757048421984069853e-01 6.538517287067438510e-02
7.672879998442558303e-02 6.398216123962898738e-01 2.027601563605581081e-01 8.068943125872678201e-02
9.893214984998978390e-02 5.910163066534468435e-01 2.187550953805302567e-01 9.129644811603308818e-02
1.166534696592168990e-01 5.634325441587337835e-01 2.233411687427939163e-01 9.657281743925519302e-02
1.255961916417322466e-01 5.574944714056723205e-01 2.193633466089007222e-01 9.754599034369493271e-02
1.259852057453449137e-01 5.726380393351917508e-01 2.065596727220912754e-01 9.481708219737201848e-02
1.195628429221555072e-01 6.050266602465359522e-01 1.870413979849382957e-01 8.836909884637027257e-02
1.085856352334985397e-01 6.484377932788164545e-01 1.640962931474621855e-01 7.888027834022275087e-02
9.357691026328771033e-02 6.932179610035331674e-01 1.450347656237799265e-01 6.817036310939927901e-02
7.697417734559128255e-02 7.292373898818941269e-01 1.353129997205836099e-01 5.847543305193087654e-02
6.198827118409808157e-02 7.508440826214636266e-01 1.365007240110471531e-01 5.066692218339106241e-02
4.947111514247951730e-02 7.574833162513316953e-01 1.482546911959503888e-01 4.479087741023814184e-02
4.098848426811107365e-02 7.414218981536625508e-01 1.755473563274554949e-01 4.204226125077079046e-02
3.431435500876131584e-02 6.971682512303259971e-01 2.243626817595624767e-01 4.415471200134987728e-02
2.868414355859076267e-02 6.157416112712223999e-01 3.026858321234652260e-01 5.288841304672112220e-02
2.233304341881035132e-02 5.061256155546978164e-01 4.035539900683201564e-01 6.798735095817194651e-02
1.730520121542350118e-02 3.864834319606159641e-01 5.075270232014833516e-01 8.868434362247765157e-02
1.301387902631678806e-02 2.794539612916522864e-01 5.918056797074140452e-01 1.157264799746166167e-01
9.955421813837064468e-03 1.930488416222240211e-01 6.480567618319110768e-01 1.489389747320276625e-01
7.507180196661918103e-03 1.289264500684405568e-01 6.783553846909946561e-01 1.852109850439027927e-01
5.465709683043240910e-03 8.460413524436818933e-02 6.886109958119119856e-01 2.213191592606766622e-01
3.864092158984680416e-03 5.582934508395733658e-02 6.814222031216650155e-01 2.588843596353931353e-01
2.687208607326109933e-03 3.768834717811842677e-02 6.545170534151267816e-01 3.051073907994289458e-01
1.875375386285960989e-03 2.605034860752535736e-02 6.053136689530530523e-01 3.667606070531355122e-01
1.360952176918690543e-03 1.848727678944667510e-02 5.353781983750146578e-01 4.447735726586198868e-01
1.061265781867015180e-03 1.383430404322919666e-02 4.545118700839990700e-01 5.305925600909044970e-01
8.953542092397859860e-04 1.159342048791202860e-02 3.794253497028508559e-01 6.080858755999973830e-01
8.163859456275407737e-04 1.134886908838812075e-02 3.244516792996138266e-01 6.633830656663702863e-01
8.071822170029315045e-04 1.283375927527327306e-02 2.958661589322758023e-01 6.904928995754479049e-01
8.457420191792511992e-04 1.580088443629236103e-02 2.906515147977183355e-01 6.927018587468100064e-01
9.033278199402308304e-04 1.959145121521498403e-02 2.974049600256145065e-01 6.821002609392301519e-01
9.592807512741422524e-04 2.312135892437912343e-02 3.030893268384026729e-01 6.728300334859441678e-01
1.003951268902497380e-03 2.556570579944883806e-02 3.017706518963702567e-01 6.716596910352780059e-01
1.041911180811703032e-03 2.677431931433984363e-02 2.946551726149117534e-01 6.775285968899364963e-01
1.083076657622836052e-03 2.689409216845567788e-02 2.853462750179381335e-01 6.866765561559834419e-01
1.130374565794637666e-03 2.598983704679552753e-02 2.778365190461485890e-01 6.950432693412608165e-01
1.196896171214325080e-03 2.424157531209972238e-02 2.738785923125802713e-01 7.006829362041057108e-01
1.300638139375713456e-03 2.198065237723774087e-02 2.704832742497164655e-01 7.062354352336701613e-01
1.434235174855744968e-03 1.947880626714160873e-02 2.633949634009984941e-01 7.156919951570043237e-01
1.566221546073683036e-03 1.709512645338611553e-02 2.518850135936374635e-01 7.294536384069026935e-01
1.672236544250622989e-03 1.511402934404165906e-02 2.384730825300803714e-01 7.447406515816274997e-01
1.745135848059463672e-03 1.341782544241655085e-02 2.247395364897527559e-01 7.600975022197712372e-01
1.821316029541468137e-03 1.203613212892750903e-02 2.117950257625038357e-01 7.743475260790271264e-01
1.945297204612362338e-03 1.118242020750766577e-02 2.030081919459189033e-01 7.838640906419612753e-01
2.143187449269057243e-03 1.090643567714089622e-02 2.022345508421662386e-01 7.847158260314237577e-01
2.459384973848271344e-03 1.128913537264974488e-02 2.111925135733738745e-01 7.750589660801280312e-01
2.924629902083478866e-03 1.232669103036935533e-02 2.283596537726167164e-01 7.563890252949301285e-01
3.541129470890963873e-03 1.394244618340965275e-02 2.493794156719510158e-01 7.331370086737483138e-01
4.322116423700687361e-03 1.628853334915225312e-02 2.700496415375767678e-01 7.093397086895704140e-01
5.271973959854318534e-03 1.956224768310088277e-02 2.895832546013127895e-01 6.855825237557318097e-01
6.314900209580074676e-03 2.381157030264043420e-02 3.077755366984032959e-01 6.620979927893763106e-01
7.327174772248338727e-03 2.909233113180639818e-02 3.236289254859311404e-01 6.399515686100140099e-01
8.229718051867482981e-03 3.547941266947032823e-02 3.380930715664123842e-01 6.181977977122499190e-01
9.032687174619571588e-03 4.287726044122602137e-02 3.551192783590667590e-01 5.929707740250874659e-01
9.805224282965738919e-03 5.079494106803029985e-02 3.790182032091555242e-01 5.603816314398484266e-01
1.058497751482796560e-02 5.907642158094957019e-02 4.123937501182824983e-01 5.179448507859397699e-01
1.129408698995333984e-02 6.906736095409823917e-02 4.566470392936544109e-01 4.629915127622939441e-01
1.176657544855538168e-02 8.324824950243207844e-02 5.105176653760078453e-01 3.944675096730047570e-01
1.193116669438498700e-02 1.040033340258509215e-01 5.645993355654477242e-01 3.194661637143166311e-01
1.183649853932883418e-02 1.332643259780027511e-01 6.013733339047964144e-01 2.535258415778721686e-01
1.133023425715138678e-02 1.694989483293660448e-01 6.120581921841273809e-01 2.071126252293550574e-01
1.050673647154562983e-02 2.073579272350593306e-01 6.024969547376033407e-01 1.796383815557915653e-01
9.740263918768471765e-03 2.407906621916814094e-01 5.848351338175271641e-01 1.646339400720230606e-01
9.245358384971256657e-03 2.663610971864980859e-01 5.692089906253768872e-01 1.551845538031539629e-01
9.106590326695654380e-03 2.869134892878357768e-01 5.556657424655030431e-01 1.483141779199657617e-01
9.413665412973153818e-03 3.092059676765000487e-01 5.374614418496064250e-01 1.439189250609205495e-01
1.026627275002600821e-02 3.406151866990663191e-01 5.071643313126040775e-01 1.419542092383032084e-01
1.185421831255054938e-02 3.886664071210589877e-01 4.576311323079629290e-01 1.418482422584275982e-01
1.441301340062624628e-02 4.565949779687527577e-01 3.866292041258482803e-01 1.423628045047724000e-01
4.837484208678353714e-01 4.647050926031708745e-02 3.599414085697334037e-02 4.337869290148743118e-01
6.877294472526247482e-01 7.316639030728211424e-02 2.037039596633943572e-01 3.540020277669861382e-02
7.210686327522108918e-01 6.438699073718119614e-02 1.804625722730323067e-01 3.408180423757575100e-02
7.387296588045071388e-01 5.935111954950472724e-02 1.691498035929620281e-01 3.276941805302624466e-02
7.359432734276214472e-01 6.007782104260624839e-02 1.718620877767081390e-01 3.211681775306442915e-02
7.125636434548859866e-01 6.657616613708940145e-02 1.887603354455822391e-01 3.209985496244247699e-02
6.725623590602358703e-01 7.749985258871211480e-02 2.177591810639723513e-01 3.217860728707988560e-02
6.223478678545262266e-01 9.063406400735808666e-02 2.552106904962892497e-01 3.180737764182646476e-02
5.684116944322820109e-01 1.039443629633630961e-01 2.970275075442398438e-01 3.061643506011496943e-02
5.161189663906793346e-01 1.166765886217684955e-01 3.386939550627732776e-01 2.851048992477893049e-02
4.703865434900671993e-01 1.296992189867238743e-01 3.742344689919472889e-01 2.567976853126161668e-02
4.316485930203673438e-01 1.459729722923083783e-01 3.996790990542067323e-01 2.269933563311796187e-02
3.933821555103287904e-01 1.733711013619458619e-01 4.131149756279149377e-01 2.013176749981039626e-02
3.549431058585183485e-01 2.179179816528556413e-01 4.092673082895422754e-01 1.787160419908392917e-02
3.142838369014125388e-01 2.853405727533048775e-01 3.845077566216799636e-01 1.586783372360247787e-02
2.674752970171027644e-01 3.774790069813215299e-01 3.408507266324606322e-01 1.419496936911498856e-02
2.125247098653120226e-01 4.870390153347302076e-01 2.875159806199712453e-01 1.292029417998676738e-02
1.543855693335361989e-01 5.972870482659765612e-01 2.364495076691711661e-01 1.187787473131617783e-02
1.024025179980216499e-01 6.925695929296689091e-01 1.943194204322420127e-01 1.070846864006702419e-02
6.266562050964677444e-02 7.665725198068420454e-01 1.614446213986316103e-01 9.317238284879757193e-03
3.694615718085956374e-02 8.171995328689172222e-01 1.378392842149407105e-01 8.015025735282486213e-03
2.257374425923993830e-02 8.443763531613855955e-01 1.258332147123052969e-01 7.216687867069337611e-03
1.551340892500880850e-02 8.467052224448932130e-01 1.304160352407028878e-01 7.365333389395544404e-03
1.277596113885497674e-02 8.180716958670539718e-01 1.600469536071826848e-01 9.105389386908229604e-03
1.255376303987649177e-02 7.496827402656879302e-01 2.242977238633211690e-01 1.346577283111428588e-02
1.415890944436172874e-02 6.405463269332971610e-01 3.231703797141207701e-01 2.212438390822038525e-02
1.605848928300570091e-02 5.151283548172594928e-01 4.318356275958182278e-01 3.697752830391626278e-02
1.882358711571186644e-02 4.036917827238204470e-01 5.175593002342400162e-01 5.992532992622770505e-02
2.158565017905075822e-02 3.201432117349951589e-01 5.670879431087260114e-01 9.118319497722800204e-02
2.342477960735915923e-02 2.590760975117296638e-01 5.904561757992616844e-01 1.270429470816496209e-01
2.375164040675952284e-02 2.112422880457605345e-01 6.041049495877234277e-01 1.609011219597566433e-01
2.315605417511925473e-02 1.689543717765308040e-01 6.174813725470117420e-01 1.904082015013376927e-01
2.289189021896940318e-02 1.290380426496456623e-01 6.272479110543651704e-01 2.208221560770192993e-01
2.390761023289897022e-02 9.326645444710991717e-02 6.187503874443849305e-01 2.640755478756062202e-01
2.631642948136486693e-02 6.358149947215535613e-02 5.727128970958048626e-01 3.373891739506750254e-01
2.841368242103063310e-02 4.078243376164297773e-02 4.800207643286365511e-01 4.507831194886898762e-01
2.679998196412155392e-02 2.469884891127956117e-02 3.580494077433383215e-01 5.904517613812606536e-01
2.042219066931892993e-02 1.433829789213272865e-02 2.432115571043982905e-01 7.220279543341499018e-01
1.281050966457004774e-02 8.135467243133829435e-03 1.573299343854630550e-01 8.217240887068330002e-01
7.145973729500685462e-03 4.603061670883366527e-03 1.009110942879302836e-01 8.873398703116854858e-01
3.896192566460660641e-03 2.683193236887144832e-03 6.682628970527372536e-02 9.265943244913783516e-01
2.410539428224673774e-03 2.134073415374142420e-03 4.737658191896952642e-02 9.480788052374315988e-01
1.611884340156287529e-03 1.451076252066840419e-03 3.651682377819731595e-02 9.604202156295794657e-01
1.242079274102923401e-03 1.102171741428628875e-03 2.960910139573663322e-02 9.680466475887314903e-01
1.064321562854863863e-03 8.981309298428396832e-04 2.425273488887952356e-02 9.737848126184227571e-01
9.693925191910615809e-04 7.629039108480730694e-04 1.957165888111217847e-02 9.786960446888487430e-01
9.303956695683926860e-04 7.094264948253387786e-04 1.603020453203497092e-02 9.823299733035711911e-01
9.508723769618488472e-04 7.706703802693974517e-04 1.415333244107603965e-02 9.841251248016927855e-01
1.019744987858789724e-03 9.633614710760885456e-04 1.376479627498869082e-02 9.842520972660765421e-01
1.102247774555293811e-03 1.285330675789397425e-03 1.422780020808672719e-02 9.833846213415684545e-01
1.157819748569624291e-03 1.725056121104413592e-03 1.518338280230879626e-02 9.819337413280171400e-01
1.154142461692564750e-03 2.233364246530269558e-03 1.630005088840413147e-02 9.803124424033731188e-01
1.104636115430028152e-03 2.801646328289407895e-03 1.751388388340350058e-02 9.785798336728767088e-01
1.408149416379108959e-03 4.336118847996387436e-03 1.919904619864263098e-02 9.750566855369817709e-01
1.502492442428203902e-03 6.265180044958333465e-03 2.282716765981280052e-02 9.694051598528009572e-01
1.813091972818879237e-03 1.048423555756799672e-02 2.928706783891689772e-02 9.584156046306965271e-01
2.369569992521281063e-03 1.898551251283379926e-02 3.921510105344492431e-02 9.394298164412000496e-01
3.171016853920301248e-03 3.405139231325025190e-02 5.370569857582670886e-02 9.090718922570025784e-01
4.196824166888352137e-03 5.653893060187960284e-02 7.352192871031305865e-02 8.657423165209187088e-01
5.423734826089795895e-03 8.459648396978590446e-02 9.808290235452093997e-02 8.118968788496032651e-01
6.909112852042276383e-03 1.148072475316386093e-01 1.270215131321521806e-01 7.512621264841670143e-01
8.633606417758390647e-03 1.421232313553473792e-01 1.588155103968828807e-01 6.904276518300114240e-01
1.055611096051611332e-02 1.613971178364359826e-01 1.894582425938117209e-01 6.385885286092365387e-01
1.279536423558873086e-02 1.729444929133658604e-01 2.165342054373893543e-01 5.977259374136557613e-01
1.547672723817759312e-02 1.840037186720840934e-01 2.428732086393984579e-01 5.576463454503398642e-01
1.864571687875698699e-02 1.995790624294059012e-01 2.657927961357525737e-01 5.159824245560844513e-01
2.239924032239930946e-02 2.218387301965671909e-01 2.796665005765511802e-01 4.760955289044827010e-01
2.699790704704903982e-02 2.501506193521206289e-01 2.845231782119789221e-01 4.383282953888515410e-01
3.277065560724225224e-02 2.774486967933192938e-01 2.853264729639169994e-01 4.044541746355210798e-01
3.955314379619565002e-02 2.932294648494328526e-01 2.871237861827950488e-01 3.800936051715765873e-01
4.650349995820146631e-02 2.938233719759816287e-01 2.901253177432113750e-01 3.695478103226059186e-01
5.338878408031005190e-02 2.854602450406584224e-01 2.900222661743205310e-01 3.711287047047111542e-01
1.486682325102276214e-01 6.050068959581729640e-03 5.239885555232888237e-01 3.212931430069020933e-01
7.075873490532841315e-01 1.075063311440362379e-01 8.324168015565501511e-02 1.016646396470246433e-01
6.601000266233040259e-01 1.268387606678158808e-01 1.004496663872829626e-01 1.126115463215971585e-01
6.161246639138050485e-01 1.463582400498839586e-01 1.167034990532663102e-01 1.208135969830446549e-01
5.721962244670932840e-01 1.669789479321857339e-01 1.336439270808482682e-01 1.271809005198723530e-01
5.281789495520543554e-01 1.878568239655397931e-01 1.525563649072248229e-01 1.314078615751811396e-01
4.838737576486258907e-01 2.079888497149573467e-01 1.753371590289280746e-01 1.328002336074889100e-01
4.386431365057247289e-01 2.269596602477813863e-01 2.033816750898553016e-01 1.310155281566386942e-01
3.955992246647695443e-01 2.445268131468739670e-01 2.346095889944561641e-01 1.252643731939004079e-01
3.624869036098932185e-01 2.577164578155487495e-01 2.644065819052892619e-01 1.153900566692686730e-01
3.379050942127357349e-01 2.689481506284030488e-01 2.894167269171624701e-01 1.037300282416989544e-01
3.205184677249723335e-01 2.760005775414422491e-01 3.112795771357139696e-01 9.220137759787155884e-02
3.095356282823604754e-01 2.779745317510104452e-01 3.314557071141254752e-01 8.103413285250359033e-02
3.072483086094169313e-01 2.738698398250380972e-01 3.490033421641219880e-01 6.987850940142306677e-02
3.182065745881265117e-01 2.624065940140215547e-01 3.611682588208922073e-01 5.821857257695958049e-02
3.464760081256897939e-01 2.434467814471387714e-01 3.638105126476533502e-01 4.626669777951791795e-02
3.900641600972867273e-01 2.204461940382135554e-01 3.540730389567162129e-01 3.541660690778315052e-02
4.401485113193794318e-01 1.978892857419180251e-01 3.352331025014732568e-01 2.672910043722942844e-02
4.889559165391418882e-01 1.769145171598744126e-01 3.139919427624545678e-01 2.013762353852893358e-02
5.322091419345394980e-01 1.565449847129462002e-01 2.957869412375613294e-01 1.545893211495319268e-02
5.694105149669728139e-01 1.350731941459198671e-01 2.830788117560001371e-01 1.243747913110719756e-02
6.013166521028433520e-01 1.122875688915618703e-01 2.758061812995105666e-01 1.058959770608432563e-02
6.276099131848933421e-01 8.727476713862873658e-02 2.756491409855505448e-01 9.466178690927489273e-03
6.351413742446265775e-01 6.630379028209006098e-02 2.893808497416222036e-01 9.173985731661201196e-03
6.114926895804826401e-01 5.343488596018772935e-02 3.250213254710458965e-01 1.005109898828375481e-02
5.599250411252383319e-01 4.597064808512481282e-02 3.822668621245008391e-01 1.183744866513579581e-02
4.986295442710669823e-01 4.114553412380729525e-02 4.467743436055575668e-01 1.345057799956814529e-02
4.455388921656080470e-01 3.696900176475770988e-02 5.036004611657326491e-01 1.389164490390129049e-02
4.065416454122613987e-01 3.325241920942319934e-02 5.470525536652260934e-01 1.315338171308916108e-02
3.808488095664598894e-01 3.039553196595346299e-02 5.770033748935757822e-01 1.175228357401103367e-02
3.677592901590303609e-01 2.862424308734336578e-02 5.934336460778406597e-01 1.018282067578539334e-02
3.665045219071955129e-01 2.831409994740398395e-02 5.962561600286475638e-01 8.925218116752769298e-03
3.741156257395334972e-01 3.004189939196250450e-02 5.875502298326928940e-01 8.292245035810764248e-03
3.862668571777766457e-01 3.408474255174613610e-02 5.714299465345857865e-01 8.218453735891683223e-03
3.993996980842080546e-01 4.017495185488380305e-02 5.520659689154986394e-01 8.359381145409447433e-03
4.099158964331047206e-01 4.782621493848600996e-02 5.338142508321656043e-01 8.443637796243694607e-03
4.171352861746502882e-01 5.653582172301611225e-02 5.178549058421066942e-01 8.473986260226799502e-03
4.254192226464584836e-01 6.520287936025241649e-02 5.009198031118330396e-01 8.458094881455964845e-03
4.386091971480369778e-01 7.212703288395687362e-02 4.811572843277530098e-01 8.106485640253234190e-03
4.573556917318664650e-01 7.642584748444777865e-02 4.590726527852201921e-01 7.145807998465458430e-03
4.772116902611846512e-01 7.902131674765246194e-02 4.378348922352867656e-01 5.932100755876120422e-03
4.858997451174612014e-01 8.184019132173495081e-02 4.271192334841268923e-01 5.140830076676782857e-03
4.727063018499584324e-01 8.532034701617582928e-02 4.369271501664091506e-01 5.046200967456615505e-03
4.366634686309204816e-01 8.737593686011342620e-02 4.703501824536511222e-01 5.610412055314867655e-03
3.832704935363788756e-01 8.573891505736792873e-02 5.241952829993786755e-01 6.795308406874497539e-03
3.176775162232332028e-01 7.966902683416712816e-02 5.940614860526973739e-01 8.591970889902310685e-03
2.436888685793628662e-01 6.958955573751837709e-02 6.758166920027933733e-01 1.090488368032549102e-02
1.704257732395278169e-01 5.611950627824902060e-02 7.599544159339636229e-01 1.350030454825969055e-02
1.105435871903134304e-01 4.297987197764691764e-02 8.301865519716210562e-01 1.628998886041825578e-02
6.976750722170785290e-02 3.048941524881875267e-02 8.802400538195603863e-01 1.950302370991303241e-02
4.582364429991026694e-02 2.126861276965884631e-02 9.082192903196728562e-01 2.468845261075797159e-02
3.200063212857132133e-02 1.539353592714998165e-02 9.185826547507202067e-01 3.402317719355878872e-02
2.300553668119915962e-02 1.118126848607620474e-02 9.154659301959476858e-01 5.034726463677699493e-02
1.820945575735077870e-02 8.444919538485999230e-03 8.941079206445776695e-01 7.923770405958580065e-02
1.687975258091094916e-02 7.074589787313384677e-03 8.483647093069390799e-01 1.276809483248367016e-01
1.729179671247537201e-02 6.746661477465687798e-03 7.787583737034616815e-01 1.972031681065971875e-01
1.784994628449205686e-02 6.667648736731013846e-03 6.974205419116756843e-01 2.780618630671011227e-01
1.870519954082225378e-02 6.875245114039582779e-03 6.156103760779915168e-01 3.588091792671468938e-01
1.971987827057666495e-02 7.306172101694680988e-03 5.383895770773153844e-01 4.345843725504136001e-01
1.983715157325264059e-02 7.841610073478012463e-03 4.690553205066289033e-01 5.032659178466399874e-01
2.020306638853125447e-02 8.522257966739934729e-03 4.048060844920443602e-01 5.664685911526846640e-01
2.048062896973625382e-02 8.981276567180399711e-03 3.382923380535006186e-01 6.322457564095826932e-01
2.154013744556918658e-02 9.114508762216469093e-03 2.697824860222274856e-01 6.995628677699868847e-01
2.275347182457049255e-02 9.325359994575725675e-03 2.122941913474658826e-01 7.556269768333880865e-01
2.533676806386463837e-02 1.034152315723901351e-02 1.758718690398683171e-01 7.884498397390280466e-01
2.945185265493681023e-02 1.217533893927226843e-02 1.588550118098584485e-01 7.995177965959323618e-01
3.553207129035501621e-02 1.437535938435566436e-02 1.529925620415424625e-01 7.971000072837468586e-01
4.431350824958336931e-02 1.647054442283888559e-02 1.511258946247444612e-01 7.880900527028331659e-01
5.649486616574739967e-02 1.838713223886695100e-02 1.512490624372390124e-01 7.738689391581468069e-01
7.182705506740368062e-02 2.015599700414164377e-02 1.545847156701774250e-01 7.534322322582774900e-01
8.813304672942046114e-02 2.152071267469189350e-02 1.616374111062426622e-01 7.287088294896452156e-01
1.016152789771712084e-01 2.226453881364888823e-02 1.728759045184468934e-01 7.032442776907330551e-01
3.874483484873939704e-02 1.446508292207538959e-01 2.169445714939800818e-01 5.996597644365267987e-01
2.147763244270878974e-02 1.170389100413578992e-01 1.852775950464317090e-01 6.762058624695012066e-01
1.259473967117300496e-02 9.104942124620411803e-02 1.474833503014575942e-01 7.488724887811653019e-01
8.241947263846392119e-03 6.923995950516785569e-02 1.143923542445708513e-01 8.081257389864148211e-01
5.971844768304221049e-03 5.399368332266064885e-02 8.951806962371219867e-02 8.505164022853228811e-01
4.862523552895663820e-03 4.264022675622793079e-02 7.135643390313889389e-02 8.811408157877376190e-01
4.575986211679847031e-03 3.365537896858838279e-02 5.827764100347945092e-02 9.034909938162521970e-01
5.113339068064365507e-03 2.757671690111433704e-02 4.977208874013581974e-02 9.175378552906856555e-01
6.700428085057882205e-03 2.490727313126128023e-02 4.553675952930533871e-02 9.228555392543754676e-01
9.865528427972093672e-03 2.575427567076598104e-02 4.610283924343317602e-02 9.182773566578289470e-01
1.526341959248275759e-02 2.955209107814726552e-02 5.174404359577956108e-02 9.034404457335901695e-01
2.351780362580654926e-02 3.572205738780049461e-02 6.246813717927496290e-02 8.782920018071178614e-01
3.553492557103402061e-02 4.409686548976951559e-02 7.790301120758325037e-02 8.424651977316129914e-01
5.272460628946225997e-02 5.370956972764021065e-02 9.516321868444620191e-02 7.984026052984516397e-01
7.701245707514012273e-02 6.200280663627172340e-02 1.082254801839043767e-01 7.527592561046837494e-01
1.089225714302997361e-01 6.628899461900958356e-02 1.124087476887788428e-01 7.123796862619118375e-01
1.441294341327579720e-01 6.563635601953464460e-02 1.068875958901108203e-01 6.833466139575963272e-01
1.745922644783457767e-01 6.108839959118472079e-02 9.406196071037685458e-02 6.702573752200925439e-01
1.936683130908336270e-01 5.446009321908040074e-02 8.006042402748567155e-02 6.718111696626003493e-01
2.018449012575660173e-01 4.768020169568485539e-02 6.950572708576320535e-02 6.809691699609857762e-01
2.047649475556161391e-01 4.154371897914079653e-02 6.151261600060427270e-02 6.921787174646386598e-01
2.066336980446611682e-01 3.563711826664459070e-02 5.386504697804426339e-02 7.038641367106499569e-01
2.076755052107859822e-01 2.964356959258378568e-02 4.608209278631004296e-02 7.165988324103199636e-01
1.435070766983617407e-01 2.437924632243605727e-01 4.297462667912906875e-01 1.829541932859868325e-01
1.212888152496862382e-01 2.833495137403797548e-01 4.403424757938741441e-01 1.550191952160596687e-01
1.042087675693021270e-01 3.124881137985686119e-01 4.526615101138463104e-01 1.306416085182830478e-01
9.117969739745769575e-02 3.246154856003095057e-01 4.739512141772403431e-01 1.102536028249921501e-01
8.104680461741084474e-02 3.181479902190948450e-01 5.063650345596033553e-01 9.444017060389076068e-02
7.247309709615329387e-02 2.991637066955217250e-01 5.440116001268374690e-01 8.435159608148763699e-02
6.338333908956722551e-02 2.782100799271491343e-01 5.780678536730433636e-01 8.033872731024034597e-02
5.180811198121017952e-02 2.603545916516283865e-01 6.066762078708780592e-01 8.116108849628324295e-02
3.855791051743181347e-02 2.424027472158743202e-01 6.333802986421378511e-01 8.565904362455606380e-02
2.691467236552457301e-02 2.207991017080556673e-01 6.583189664437245625e-01 9.396725948269520068e-02
1.876556971055782369e-02 1.933395956563365159e-01 6.814003155424328551e-01 1.064945190906724515e-01
1.387134112637369160e-02 1.608962704526387955e-01 7.019385159636736260e-01 1.232938724573137690e-01
1.133092393920817099e-02 1.313862722466390964e-01 7.119575327604659165e-01 1.453252710536868386e-01
1.023299311709759823e-02 1.110103773920713827e-01 7.059153449429227400e-01 1.728412845479083415e-01
1.000585077242567913e-02 9.820968859086674774e-02 6.875634745633539824e-01 2.042209860733535109e-01
1.041867782134595251e-02 8.935643515576707774e-02 6.616012679463049162e-01 2.386236190765823328e-01
1.122353458143633687e-02 8.206702080061155369e-02 6.310700415085896964e-01 2.756394031093628572e-01
1.215309713423379755e-02 7.635035927617231377e-02 5.989897711672590441e-01 3.125067724223344334e-01
1.313671205948865016e-02 7.327959027615370269e-02 5.685011189993807168e-01 3.450825786649771021e-01
1.419659867458990081e-02 7.303661051143209293e-02 5.441156533515485449e-01 3.686511374624298343e-01
1.526124753391875678e-02 7.523595828531538798e-02 5.311164706795714618e-01 3.783863235011944992e-01
1.621075477982180865e-02 7.944837550051982167e-02 5.308389448741506200e-01 3.735019248455077601e-01
1.706260264944513272e-02 8.512333589057137495e-02 5.363367566781199747e-01 3.614773047818632956e-01
1.800734585709259927e-02 9.144209867943910164e-02 5.373948328469420055e-01 3.531557226165263352e-01
1.900492012056196472e-02 9.672159105449572303e-02 5.325692708227984795e-01 3.517042180021437425e-01
1.969931141001166758e-02 9.976170504901038516e-02 5.258087028356490666e-01 3.547302807053288043e-01
1.971883892090061513e-02 1.010122996809597051e-01 5.187770130084649045e-01 3.604918483896748516e-01
1.912337496657557853e-02 1.017416961990043889e-01 5.110715538332591956e-01 3.680633750011610972e-01
1.852888377946999496e-02 1.037751441205049807e-01 5.008333849198119969e-01 3.768625871802132599e-01
1.861100272552134935e-02 1.090820283162393517e-01 4.849534972253141119e-01 3.873534717329250587e-01
1.984997241352920092e-02 1.188673313996004149e-01 4.621630167285689650e-01 3.991196794583014018e-01
2.254645226978740230e-02 1.332208266942983832e-01 4.355407333423599869e-01 4.086919876935543039e-01
2.639899457284731674e-02 1.486992559740080988e-01 4.091323407263741663e-01 4.157694087267705396e-01
3.068533117264461707e-02 1.583854480514284846e-01 3.841488939273725034e-01 4.267803268485544366e-01
3.476472709916565013e-02 1.556654086554320471e-01 3.595066590602206125e-01 4.500632051851817805e-01
3.816520726457844903e-02 1.388826273419135338e-01 3.316071031613949671e-01 4.913450622321131611e-01
4.023017976620116287e-02 1.135332748345292964e-01 2.980454721254984229e-01 5.481910732737712566e-01
3.999481421162321554e-02 8.773017171506161671e-02 2.637680057410021761e-01 6.085070083323129708e-01
3.709077089932166782e-02 6.711306334078402658e-02 2.379800241204184930e-01 6.578161416394758820e-01
3.221149927813588693e-02 5.215116304556095123e-02 2.250901525068086106e-01 6.905471851694946483e-01
2.661373791602011235e-02 4.060389648111124850e-02 2.224557783720775839e-01 7.103265872307908957e-01
2.140875058711571785e-02 3.081533027989265608e-02 2.254901875250754362e-01 7.222857316079163148e-01
1.742594290736050253e-02 2.264993907195097037e-02 2.318363370448588701e-01 7.280877809758299346e-01
1.536273566228261826e-02 1.649671336709397987e-02 2.407372186812556381e-01 7.274033322893678211e-01
1.556257701069803552e-02 1.215778719878276432e-02 2.482991183528567847e-01 7.239805174376626740e-01
1.809875565761220537e-02 9.191537886433459245e-03 2.478399607559328421e-01 7.248697457000213840e-01
2.288967054732753137e-02 7.230104628316927351e-03 2.347320376334864345e-01 7.351481871908692733e-01
3.005474335840966835e-02 5.971165940028474832e-03 2.115708016234139066e-01 7.524032890781477967e-01
3.987764199896269568e-02 5.265836430992598682e-03 1.875424600726416369e-01 7.673140614974027773e-01
5.269715537897342456e-02 5.120351562237040327e-03 1.688220505760320844e-01 7.733604424827572599e-01
6.849188226717296823e-02 5.489890612471312256e-03 1.560893790678687110e-01 7.699288480524868472e-01
8.626418195478452455e-02 6.308467545555031600e-03 1.489254901901312378e-01 7.585018603095291523e-01
1.040325170278619954e-01 7.590602434781119207e-03 1.487410436247765533e-01 7.396358369125803911e-01
1.248305785131996470e-01 9.655896038990054858e-03 1.507686443230888962e-01 7.147448811247212319e-01
1.446256762686354280e-01 1.174512386891318066e-02 1.506603964605454649e-01 6.929688034019055864e-01
1.611715527872146780e-01 1.297678010687301417e-02 1.416288086751425201e-01 6.842228584307699091e-01
1.737971805607227693e-01 1.300820383112393473e-02 1.257464417016729008e-01 6.874481739064806085e-01
1.867732336342357302e-01 1.222058284068107230e-02 1.086839857882333366e-01 6.923221977368497759e-01
2.042915749350038002e-01 1.120473984341396542e-02 9.468750397343264624e-02 6.898161812481493627e-01
2.274347219924602592e-01 1.037261271341754880e-02 8.607611692646421897e-02 6.761165483676581101e-01
2.594214377159425600e-01 9.553529158649626263e-03 8.032338034834085594e-02 6.507016527770665970e-01
3.033156365194499271e-01 8.959677218683655478e-03 7.886153724243057106e-02 6.088631490194359452e-01
3.657390126230961602e-01 8.416296563235127134e-03 7.815961217235191383e-02 5.476850786413167693e-01
4.494482890070278236e-01 7.942450529780207755e-03 7.628991936377227390e-02 4.663193410994195820e-01
5.447084196338120021e-01 7.484723381661800672e-03 7.152494666452695327e-02 3.762819103199994131e-01
6.276747476743843590e-01 7.296670364045132473e-03 6.709141393593161251e-02 2.979371680256389654e-01
6.815718305199096605e-01 7.486348761999951293e-03 6.422705623012828213e-02 2.467147644879620350e-01
7.023768578961622211e-01 7.983437216811320111e-03 6.527215414032425111e-02 2.243675507467023655e-01
6.973579927130211242e-01 8.518976635785513798e-03 7.114517595705747988e-02 2.229778546941359740e-01
6.789850670557459056e-01 9.093017278898078357e-03 8.240543947679408732e-02 2.295164761885620797e-01
6.603154958441117550e-01 1.028032222788619401e-02 9.888250204759024831e-02 2.305216798804117229e-01
6.442885398029015720e-01 1.205637524245898977e-02 1.231278345793000023e-01 2.205272503753396007e-01
6.242189619985557547e-01 1.515581491558751909e-02 1.564248004238113499e-01 2.042004226620454110e-01
5.918012986381382401e-01 1.987363123389535718e-02 1.999044932623511572e-01 1.884205768656153079e-01
5.440638220134081937e-01 2.605340546179513161e-02 2.538542645335406522e-01 1.760285079912563277e-01
4.867444821764569940e-01 3.306133541080512328e-02 3.133042526912603876e-01 1.668899297214776756e-01
4.181359289569618332e-01 4.119593236556969018e-02 3.803228552610243285e-01 1.603452834164441621e-01
3.542141747860844680e-01 4.926289933251445236e-02 4.406151103154468673e-01 1.559078155659540665e-01
3.037819554873190664e-01 5.778393714301909706e-02 4.832611041235063687e-01 1.551730032461558217e-01
2.679856036225400917e-01 6.790098444475264894e-02 5.062902973049638877e-01 1.578231146277430941e-01
2.407942490084689080e-01 8.093988379464131522e-02 5.182763656423096110e-01 1.599895015545801102e-01
2.131189574986474544e-01 9.927991759406074035e-02 5.318012045612614536e-01 1.557999203460300741e-01
1.819944844029886821e-01 1.255147195905113311e-01 5.503024186831525499e-01 1.421883773233472981e-01
1.510869627914262769e-01 1.605599620216808521e-01 5.651885665559139849e-01 1.231645086309788861e-01
1.222739921739447733e-01 2.024454879515939221e-01 5.704938665104014595e-01 1.047866533640601505e-01
1.001734746800638093e-01 2.431871351383522728e-01 5.672489232747575105e-01 8.939046690682614371e-02
8.514307319070563151e-02 2.807783102138053377e-01 5.584442657186786674e-01 7.563435087681023850e-02
7.616999887808315051e-02 3.206795595228796314e-01 5.407664285187877562e-01 6.238401308024953823e-02
6.728974465248314940e-02 3.656062703644737955e-01 5.168079698642633613e-01 5.029601511878010328e-02
