9.255795359224802676e-02 9.065993216759050677e-01 4.195857994367944478e-05 8.007661519032806003e-04
5.683253664033674490e-03 6.612054805624158118e-04 9.916116487838397831e-01 2.043892071564054006e-03
9.012439217276143819e-03 8.807941285950815881e-04 9.874279280293669636e-01 2.678838624761783332e-03
1.655314697185531966e-02 1.397012836449665384e-03 9.779021662884889166e-01 4.147673903206235656e-03
3.429997049968599998e-02 2.604163740341220671e-03 9.555943245415090548e-01 7.501541218463762296e-03
7.499657470619486288e-02 5.345385877531247561e-03 9.046815344877489062e-01 1.497650492852495296e-02
1.574069447436166336e-01 1.169551510677798931e-02 8.009573955745074025e-01 2.994014457509768315e-02
2.871791680491929122e-01 2.176562102752658406e-02 6.376859538531235438e-01 5.336925707015698767e-02
4.358662007102460101e-01 3.376977861948165377e-02 4.520355316480005881e-01 7.832848902227168564e-02
5.693344708956906697e-01 4.322483119509288457e-02 2.945501919024309800e-01 9.289050600678566694e-02
6.662493402616463944e-01 4.817314452879872810e-02 1.897138947394064468e-01 9.586362047014848620e-02
7.221191124574011244e-01 5.021944657084456004e-02 1.297015700365364288e-01 9.795987093521794919e-02
7.416453707271194462e-01 5.309188213717531274e-02 9.827191151014577630e-02 1.069908356255596382e-01
7.374035166001883246e-01 5.764000907383561023e-02 8.166282562682694590e-02 1.232936486991489944e-01
7.194500974829168838e-01 6.307059589793660714e-02 7.273915764925943661e-02 1.447401489698872112e-01
6.909987678814425438e-01 6.865553041757593844e-02 7.002539644220626136e-02 1.703203052587748123e-01
6.505790029239969519e-01 7.442418917333906703e-02 7.376636950343609667e-02 2.012304383992278012e-01
6.010302765367135924e-01 7.900227273710477838e-02 8.452696413201971071e-02 2.354404865941618907e-01
5.525947096386433222e-01 7.938221384894125765e-02 1.035565708566543591e-01 2.644665056557610749e-01
5.147349279883863815e-01 7.468496584593557752e-02 1.311339644140991079e-01 2.794461417515786139e-01
4.862251299014882511e-01 6.678893743939169625e-02 1.688254417629287130e-01 2.781604908961914924e-01
4.628655903835202645e-01 5.750002105051579132e-02 2.165273096617045256e-01 2.631070789042591618e-01
4.370883797965572359e-01 4.773929143050445467e-02 2.772477452419047639e-01 2.379245835310336288e-01
4.029929212088848578e-01 3.786945130465931009e-02 3.534290374222872066e-01 2.057085900641682785e-01
3.643178865990546189e-01 2.856532888463716308e-02 4.373063280812289899e-01 1.698104564350793599e-01
3.259862901345729203e-01 2.093223393446962469e-02 5.172854122278180977e-01 1.357960637031392914e-01
2.892638376665877531e-01 1.534749150260392506e-02 5.866710920777998828e-01 1.087175787530086646e-01
2.487054540055386176e-01 1.156135868036799359e-02 6.492959038341353795e-01 9.043728347995790007e-02
2.009115906334987267e-01 9.035232145298629711e-03 7.101145098456845828e-01 7.993866737551828805e-02
1.530754486263169456e-01 7.345874813340627120e-03 7.637533100028833788e-01 7.582536655745913956e-02
1.165942165649589551e-01 6.448952161850942354e-03 7.976223043113958022e-01 7.933452696179453534e-02
9.552288176415982268e-02 6.589062371573555475e-03 8.017064967546897458e-01 9.618155910957686128e-02
8.890777293864243758e-02 8.196234365281029541e-03 7.657261844531610961e-01 1.371698082429154697e-01
8.658478100607470973e-02 1.128042770927417497e-02 6.918968356429945343e-01 2.102379556416565931e-01
8.188191115440016099e-02 1.550351839487413078e-02 5.884656830195348354e-01 3.141488874311910151e-01
6.941273234741834885e-02 1.975056182430470764e-02 4.733845919512217892e-01 4.374521138770549600e-01
5.262502848419504248e-02 2.187094827749257175e-02 3.683033060076499332e-01 5.572007172306625566e-01
3.836741979238998679e-02 2.112918391930018042e-02 2.876439625323161664e-01 6.528594337559936456e-01
2.853261449702611252e-02 1.919267221897010683e-02 2.271300075702465393e-01 7.251447057137572205e-01
2.089136718429938575e-02 1.750835987225425605e-02 1.771758639451614936e-01 7.844244089982848056e-01
1.414649422735885474e-02 1.690716370196757024e-02 1.319429996713274988e-01 8.370033423993460397e-01
8.825028704700775550e-03 1.815708452874304976e-02 9.131082362358375337e-02 8.817070631429723138e-01
5.455166089912942551e-03 2.197299491152444537e-02 6.011571986713888649e-02 9.124561191314237707e-01
3.634927443754403919e-03 2.907016903019438853e-02 4.064602735172790499e-02 9.266488761743232327e-01
2.721222586074198424e-03 3.988979888733973356e-02 3.057144178390303058e-02 9.268175367426830791e-01
2.494986214067935072e-03 5.244976124264495720e-02 2.651911719454476055e-02 9.185361353487422331e-01
2.130954245574660007e-03 6.437349001326991838e-02 2.310105882515936515e-02 9.103944969159960543e-01
2.185171647796445467e-03 7.045675202155508854e-02 2.153433743368237882e-02 9.058237388969661019e-01
2.432653631108373793e-03 7.145483493249052409e-02 2.058070368744029446e-02 9.055318077489609152e-01
3.198947319633366811e-03 6.881791327782660339e-02 2.024633618760030354e-02 9.077368032149395471e-01
3.588279927645068607e-03 6.425913599338033133e-02 2.011761131196439234e-02 9.120349727670101769e-01
4.298851943001429782e-03 6.063044976948340353e-02 2.005720147723037694e-02 9.150134968102846544e-01
6.210986784451310271e-03 6.041321767516533853e-02 1.960202440924634429e-02 9.137737711311368916e-01
7.548506345109916305e-03 6.349244332276540725e-02 1.883320896862416410e-02 9.101258413635003874e-01
8.579588502898922997e-03 6.917049989646981145e-02 1.720287612419809514e-02 9.050470354764333925e-01
9.442843150731690394e-03 7.599675704071461035e-02 1.493069460805714760e-02 8.996297052004967876e-01
1.071971671782612559e-02 8.044000944207542469e-02 1.262675022170371697e-02 8.962135236183947917e-01
1.336827437991490973e-02 8.028247361769204338e-02 1.065433577836167982e-02 8.956949162240313012e-01
1.906683785167198261e-02 7.631138352078135900e-02 9.161377142883930444e-03 8.954604014846628823e-01
3.166038450725443959e-02 7.101082782862279397e-02 8.186413034685171425e-03 8.891423746294376818e-01
6.171489598663053994e-02 6.663834115850718331e-02 7.687029826672082088e-03 8.639597330281901799e-01
1.329136877896758551e-01 6.164519479652338929e-02 7.389913528592617284e-03 7.980512038852080048e-01
2.778306978553680140e-01 4.844521954548623721e-02 6.709195499723510231e-03 6.670148870994222490e-01
4.812866195058582708e-01 3.357352410471695775e-02 5.686999919245752308e-03 4.794528564701789897e-01
6.643741556152555905e-01 2.164711382054324354e-02 4.540058133290626394e-03 3.094386724309105552e-01
7.793852077469864970e-01 1.503822980930618995e-02 3.804907203870025196e-03 2.017716552398373109e-01
8.406895480050606828e-01 1.111693579803297270e-02 3.435111067663728594e-03 1.447584051292428453e-01
8.724391256710543052e-01 9.092327199681162972e-03 3.525837720859092018e-03 1.149427094084052858e-01
8.936611452565061953e-01 7.784207808138275501e-03 3.928967763852913436e-03 9.462567917150258023e-02
9.176425862916954834e-01 6.147866346393963954e-03 4.458501486470632137e-03 7.175104587543988666e-02
9.437747524142358069e-01 4.210195224445242683e-03 5.045454854733530912e-03 4.696959750658544902e-02
9.627919861651820232e-01 2.818888818808220741e-03 5.909982143993279362e-03 2.847914287201644412e-02
1.337265293181044423e-01 8.073227471236349428e-01 1.902191450888808533e-02 3.992880904937256420e-02
8.777744006471984717e-01 4.424338799157766927e-02 5.234735660941442631e-02 2.563485475180930784e-02
8.830430440012333460e-01 5.912376742393142537e-02 3.458846848881296648e-02 2.324472008602244261e-02
8.719339029747670278e-01 8.284870003963994145e-02 2.381026809274924133e-02 2.140712889284385190e-02
8.470954527913047150e-01 1.167488729559571087e-01 1.642564780846873448e-02 1.973002644426927188e-02
8.153836389556994302e-01 1.555255947565369889e-01 1.101593125704423970e-02 1.807483503071950770e-02
7.895170017939040497e-01 1.869219763483351560e-01 7.174167231735869600e-03 1.638685462602501586e-02
7.739800467970233688e-01 2.067950906029982494e-01 4.541296630744851535e-03 1.468356596923361783e-02
7.609180740374532625e-01 2.232992483857742794e-01 2.772451855467005823e-03 1.301022572130543058e-02
7.432061979733698420e-01 2.437099651837996428e-01 1.649656892652122137e-03 1.143417995017854266e-02
7.210855033544408821e-01 2.679174438440580786e-01 9.874576690800010003e-04 1.000959513242078054e-02
7.029726227899525393e-01 2.877249641624199383e-01 6.097837441755286263e-04 8.692629303451963538e-03
6.988217657787517689e-01 2.931731461109027270e-01 4.007758499261423481e-04 7.604312260419413688e-03
7.147826439381917973e-01 2.779776044996645212e-01 2.926284987707913421e-04 6.947123063372780474e-03
7.505436137856120737e-01 2.424307817466050952e-01 2.460798629890631451e-04 6.779524604793942671e-03
8.009901069697542564e-01 1.917317727372754022e-01 2.421444235867045486e-04 7.035975869383545057e-03
8.571698660878988019e-01 1.350456417188856673e-01 2.684930730258137141e-04 7.515999120189784978e-03
9.058545880749500068e-01 8.577233254851161781e-02 3.181709768483240164e-04 8.054908399689557005e-03
9.380644205297393734e-01 5.276952337278247723e-02 3.991494958949146597e-04 8.766906601583383460e-03
9.550319735471382021e-01 3.452447257090236754e-02 4.690620048895484720e-04 9.974491877070092161e-03
9.640084405560247482e-01 2.369995042415525346e-02 6.452558517153435041e-04 1.164635316810487889e-02
9.649945509536066446e-01 1.987187958078264274e-02 1.138061782640939577e-03 1.399550768296981863e-02
9.626431206471377511e-01 1.849533193507516340e-02 1.690623112892844417e-03 1.717092430489417648e-02
9.577087180301990799e-01 1.888644262394821929e-02 2.473484324801447209e-03 2.093135502105123932e-02
9.507674831780640323e-01 2.050722527218058408e-02 3.584499543278796187e-03 2.514079200647628340e-02
9.413000298679524702e-01 2.345764075948673227e-02 5.226920309266921451e-03 3.001540906329398448e-02
9.274519419843264556e-01 2.819008016486017690e-02 7.875166442490103003e-03 3.648281140832330266e-02
9.073950155217053171e-01 3.484935304001451906e-02 1.230701310444708152e-02 4.544861833383297828e-02
8.791348413277396689e-01 4.386418356031430293e-02 1.943237968039088909e-02 5.756859543155484760e-02
8.414957875949957700e-01 5.594700117809638801e-02 2.959268927042553801e-02 7.296452195648184258e-02
7.966553483462056606e-01 7.080851997506516782e-02 4.200718075509829452e-02 9.052895092363087703e-02
7.448337392770952858e-01 8.775215684444362396e-02 5.712853549252969870e-02 1.102855683859313707e-01
6.829083374500708459e-01 1.055243753266274787e-01 7.799455984114982143e-02 1.335727273821519789e-01
6.160168180187940434e-01 1.187299913556810610e-01 1.076630434672999903e-01 1.575901471582251134e-01
5.556749978336246176e-01 1.222477863911035911e-01 1.464626794511133534e-01 1.756145363241583823e-01
5.112001734602892311e-01 1.183345625696988757e-01 1.896497469869783681e-01 1.808155169830336639e-01
4.875704600800312427e-01 1.110065895185399082e-01 2.317895318613903688e-01 1.696334185400387162e-01
4.802195881982298520e-01 9.814661146857199536e-02 2.773244286099955103e-01 1.443093717232027673e-01
4.689076570528288856e-01 7.636795315609709589e-02 3.436141412432067721e-01 1.111102485478673296e-01
4.356318026007048316e-01 5.208265645616193956e-02 4.358138464206620655e-01 7.647169452247140620e-02
3.805505410046399750e-01 3.188531844816928223e-02 5.407917179219295933e-01 4.677242262526111471e-02
3.111049406027420194e-01 1.832489253225986700e-02 6.440883527003289366e-01 2.648181416466918389e-02
2.358841059701250742e-01 1.044220276846266962e-02 7.389341061314022019e-01 1.473958513000999705e-02
1.683355043544730589e-01 6.158697821428221753e-03 8.171542735076304798e-01 8.351524316468465076e-03
1.169444170479525397e-01 3.967271571242409790e-03 8.741390361899881167e-01 4.949275190816918198e-03
8.689320756755342101e-02 2.883809494675731132e-03 9.069683013869650479e-01 3.254681550805639534e-03
7.432000966537562203e-02 2.615242861812878700e-03 9.204425506430010673e-01 2.622196829810439361e-03
7.637644807147640769e-02 3.014564272777662830e-03 9.178681426167938362e-01 2.740845038952034306e-03
9.254986730108909210e-02 4.248196877622575397e-03 8.995285939727800661e-01 3.673341848508312763e-03
1.237691999766206280e-01 6.824688005281638603e-03 8.635404991203791125e-01 5.865612897718626081e-03
1.679469190722132077e-01 1.170527164968325831e-02 8.103771561316276406e-01 9.970653146475967968e-03
2.094979762491069875e-01 1.856746711917296386e-02 7.555777250258771671e-01 1.635683160584289544e-02
2.363747696046751834e-01 2.820866572187881796e-02 7.098473406420058307e-01 2.556922403144005693e-02
2.473349318986647338e-01 4.340379630944600498e-02 6.703303378701168658e-01 3.893093392177236073e-02
2.444074497462947748e-01 6.862256598038805888e-02 6.290047311282562781e-01 5.796525314506086740e-02
2.232050754802706316e-01 1.074398386775451547e-01 5.859168095939570886e-01 8.343827624822693079e-02
1.858163033758443716e-01 1.582219672780625086e-01 5.419850950718900773e-01 1.139766342742027788e-01
1.434625135007709384e-01 2.124399052458776638e-01 4.993150366667031270e-01 1.447825445866479932e-01
1.105151545321687301e-01 2.574966810986216714e-01 4.611553596660480370e-01 1.708328047031613117e-01
8.966057802318017078e-02 2.890643168638196703e-01 4.317124766711267214e-01 1.895626284418732155e-01
7.657010367919746263e-02 3.085920990669244746e-01 4.139828196019604278e-01 2.008549776519177044e-01
6.763408669025852693e-02 3.198117565423956310e-01 4.074902018546904814e-01 2.050639549126554995e-01
5.979590691810326986e-02 3.274432986178461014e-01 4.099533480526855733e-01 2.028074464113648057e-01
5.186042688757924735e-02 3.300586408340078770e-01 4.223194184823665376e-01 1.957615137960462826e-01
4.360474668479769056e-02 3.215920239088955745e-01 4.481866338503283642e-01 1.866165955559780931e-01
3.556528803185159820e-02 3.008369454833145773e-01 4.848491454102403231e-01 1.787486210745937443e-01
2.905068319430681098e-02 2.742765104083332295e-01 5.219343532397693330e-01 1.747384531575907340e-01
2.486018666813687161e-02 2.470522446046085896e-01 5.531803587043635506e-01 1.749072100228909465e-01
2.268227310589835191e-02 2.176457766632496627e-01 5.826157123115113246e-01 1.770562379193409142e-01
2.213821819409307612e-02 1.834534654529104691e-01 6.150785004095122854e-01 1.793298159434842109e-01
2.327819499701078154e-02 1.467240579739262085e-01 6.469159801022902334e-01 1.830817669267726933e-01
2.664087063320959639e-02 1.138777235980091146e-01 6.673290321958056381e-01 1.921523735729757376e-01
2.602278479320203064e-01 3.165672873950386036e-03 7.290018758831646739e-01 7.604603310864554294e-03
1.361910722371956761e-01 7.790456261295509825e-03 7.074870122761718616e-02 7.852697702738917762e-01
2.373026859943086486e-01 1.092509473015343402e-02 7.119017787221645910e-02 6.805820414033214583e-01
3.840725999618321840e-01 1.493771713151777203e-02 6.111763564785133163e-02 5.398720472587985597e-01
5.627246645236060330e-01 1.918269065977490362e-02 4.223724478027254814e-02 3.758554000363465986e-01
7.315756444563508154e-01 2.272433752347461158e-02 2.424508459108298819e-02 2.214549334290916993e-01
8.528386908618555973e-01 2.323379152535142572e-02 1.208299626368052743e-02 1.118445213491123663e-01
9.250165850533036416e-01 1.963380080361594449e-02 5.480531743451266119e-03 4.986908239962922068e-02
9.630283733924126510e-01 1.415748312476263447e-02 2.271412361006686347e-03 2.054273112181819252e-02
9.804951080509114458e-01 1.010979026003408325e-02 8.983100557569728608e-04 8.496791633297411106e-03
9.879632402650999623e-01 7.861022860593633310e-03 3.286957106942738267e-04 3.847041163612159240e-03
9.900103930939845309e-01 7.794053000886339184e-03 1.552749323954218347e-04 2.040278972733641869e-03
9.904542647401104460e-01 8.192985510031905450e-03 8.437222133985876565e-05 1.268377528517816970e-03
9.904561085589200786e-01 8.592322695685142633e-03 5.284941548097408311e-05 8.987193299136937751e-04
9.907503297709099321e-01 8.529130698281079878e-03 3.687372704362195237e-05 6.836658037654631164e-04
9.918710664627508056e-01 7.583617715887169819e-03 2.701203770122682967e-05 5.183037836609257713e-04
9.939674361048616014e-01 5.644180117219217349e-03 2.000277295438259047e-05 3.683810049647431709e-04
9.963760444646312386e-01 3.372860157927707030e-03 1.476472389995947810e-05 2.363306535409735992e-04
9.981426376440402093e-01 1.706267541894825697e-03 1.103536608958814364e-05 1.400594479753550486e-04
9.990681448140225074e-01 8.387092227467283796e-04 8.745673865436362078e-06 8.440028936518282113e-05
9.994779750305647914e-01 4.578074782142942437e-04 7.496231009487707647e-06 5.672126021138140111e-05
9.996449064203150048e-01 3.034952644718474511e-04 6.842487051713810611e-06 4.475582816124884825e-05
9.996917719083027176e-01 2.583343693525722734e-04 6.669862585821043850e-06 4.322385975901441214e-05
9.996484622851192769e-01 2.906909917550477927e-04 7.349602146575569751e-06 5.349712097914396573e-05
9.994703750329607672e-01 4.321236123719504802e-04 1.013252070824292071e-05 8.736883395910901261e-05
9.990751486031366202e-01 7.424294166794065441e-04 1.683421687445590587e-05 1.655877633096891090e-04
9.985207310628513300e-01 1.165420933862029934e-03 2.780556265054580267e-05 2.860424406359830742e-04
9.980522343478004377e-01 1.495006994603409727e-03 4.214916499940966937e-05 4.106094925969379426e-04
9.977317306531289232e-01 1.675336191066328917e-03 6.232719175857294339e-05 5.306059640464719576e-04
9.973508153544430321e-01 1.860132918809953052e-03 9.724425880156030715e-05 6.918074679454461846e-04
9.966631362252429405e-01 2.204330677372242937e-03 1.659768496815720883e-04 9.665562477030869171e-04
9.953763552383706470e-01 2.863816773065497832e-03 3.048528862254681611e-04 1.454975102338573441e-03
9.929303713999032555e-01 4.155138694606460951e-03 5.829820082733318991e-04 2.331507897217037235e-03
9.881125872735112559e-01 6.822965801952022430e-03 1.132924608402507190e-03 3.931522316134025002e-03
9.785274710592936076e-01 1.254452130753162288e-02 2.159165855551551261e-03 6.768841777623295884e-03
9.586054804783153971e-01 2.537497075906724672e-02 4.700728749901816363e-03 1.131882001271552855e-02
9.273077922849553012e-01 4.791414040333544233e-02 7.453232440532703805e-03 1.732483487117674609e-02
8.826096394318505567e-01 8.281714238501217129e-02 1.071277784021529463e-02 2.386044034292198260e-02
8.301633113855779733e-01 1.257940537669417214e-01 1.429588851915756902e-02 2.974674632832313356e-02
7.826138642091002851e-01 1.655596995715163389e-01 1.817684085058128909e-02 3.364959536880225699e-02
7.448256420814753920e-01 1.975799003834133871e-01 2.270869125493635288e-02 3.488576628017486109e-02
7.008109674648732579e-01 2.355449659170974208e-01 2.897210473069385811e-02 3.467196188733549789e-02
6.289916572342080237e-01 2.993043059407718420e-01 3.756869464093674088e-02 3.413534218408368487e-02
5.259736207577273559e-01 3.948205699965290361e-01 4.674981606333888234e-02 3.245599318240470488e-02
4.096807191230945056e-01 5.086349363143110036e-01 5.306878970716764898e-02 2.861555485542683491e-02
2.994779903695371504e-01 6.231672458545838289e-01 5.413374018276618377e-02 2.322102359311293759e-02
2.063807693524190023e-01 7.261878448834203637e-01 4.980875394902786052e-02 1.762263181513264512e-02
1.379154504296848105e-01 8.069415425987870316e-01 4.230788727735459304e-02 1.283511969417317974e-02
9.341117984692258458e-02 8.627501105882658949e-01 3.466624839289711435e-02 9.172461171914529296e-03
7.061790155569773464e-02 8.945407104208413784e-01 2.821234093672213630e-02 6.629047086738840827e-03
6.316323430712365850e-02 9.087777878781200247e-01 2.311507785118852021e-02 4.943899963567826086e-03
6.559781011334778200e-02 9.108547753722293638e-01 1.962539115339438298e-02 3.922023361028344549e-03
7.695456857241568527e-02 9.023113436341685389e-01 1.732479992047915654e-02 3.409287872936478305e-03
8.953151023835063949e-02 8.922299731188434446e-01 1.514441461179813486e-02 3.094102031007671307e-03
9.539599096271794698e-02 8.891175555066469505e-01 1.267515034279040678e-02 2.811303187844619439e-03
9.495862299762759806e-02 8.922088019413151327e-01 1.027180603701410323e-02 2.560769024043294331e-03
9.303058924617164938e-02 8.963528665361635284e-01 8.256514300418462196e-03 2.360029917246101155e-03
9.110521556749515137e-02 9.001891927386865833e-01 6.548177224247884662e-03 2.157414469570123963e-03
8.540371452906554695e-02 9.078412752025554200e-01 4.880137909907444199e-03 1.874872358471549403e-03
7.424574104995033952e-02 9.208908296714616304e-01 3.322810708400974859e-03 1.540618570186829935e-03
6.263502205759058361e-02 9.339480421735664173e-01 2.155016600201124528e-03 1.261919168641755743e-03
5.624332023837684547e-02 9.412161423796900905e-01 1.441633004934326058e-03 1.098904376998953046e-03
5.620993866208454093e-02 9.417173461589215533e-01 1.035926887998280107e-03 1.036788290995413822e-03
6.129601328426830670e-02 9.368473405602495419e-01 8.037505801967519646e-04 1.052895575285267430e-03
7.042633991570930452e-02 9.277416570208960600e-01 6.794120065072307415e-04 1.152591056887379258e-03
8.061136565362604645e-02 9.174249717129503434e-01 6.155788019002326117e-04 1.348083831523430110e-03
8.625992935487138136e-02 9.115174871828843894e-01 5.684460956080727946e-04 1.654137366636248239e-03
8.668743343602682005e-02 9.106013085618570591e-01 5.414585194667993068e-04 2.169799482649329824e-03
8.752015836605028798e-02 9.086918831398850260e-01 5.805438830991983563e-04 3.207414610965466598e-03
9.114007094246347196e-02 9.028573251520261023e-01 7.145322501652091136e-04 5.288071655345242573e-03
9.385849235420243297e-02 8.961614983452655947e-01 9.475885077370048599e-04 9.032420792794574119e-03
9.085603293442391648e-02 8.930704467727218487e-01 1.265554934766654604e-03 1.480796535808757974e-02
5.827807549682714749e-02 1.011570538384186368e-02 8.397921171884117353e-01 9.181410193091919802e-02
4.708247114193662292e-02 7.162408622607177935e-03 7.589535634047790413e-01 1.868015568306773122e-01
4.887950281566075250e-02 7.855738137303780455e-03 7.354124080492531190e-01 2.078523509977819872e-01
4.864043568667825168e-02 8.776448968086417515e-03 7.018137607151085922e-01 2.407693546301267473e-01
4.665512081675727424e-02 9.951581718403740284e-03 6.567150318617387406e-01 2.866782656031003351e-01
4.369275764105545745e-02 1.084657020634030231e-02 6.040111408715460595e-01 3.414495312810580940e-01
4.096022438568391877e-02 1.164567613576880309e-02 5.498196762025238105e-01 3.975744232760231034e-01
3.899574107515042798e-02 1.226083440314252974e-02 4.985638221013745652e-01 4.501796024203325586e-01
3.768822792772199420e-02 1.284118654364817605e-02 4.511041866281610968e-01 4.983663989004682993e-01
3.663513397530692578e-02 1.349016601311121312e-02 4.085233459378337928e-01 5.413513540737482366e-01
3.538418879308309617e-02 1.417628068518041358e-02 3.731949064441065222e-01 5.772446240776303306e-01
3.325510611319168475e-02 1.470359900338566277e-02 3.455308738305588601e-01 6.065104210528639017e-01
2.953209999966768459e-02 1.470171395768903218e-02 3.230261870208265829e-01 6.327399990218165460e-01
2.428850762891585080e-02 1.391463865356739465e-02 3.016885806551120042e-01 6.601082730624047157e-01
1.859372802157433988e-02 1.256619050928007089e-02 2.761225250763141847e-01 6.927175563928310575e-01
1.360121820008112353e-02 1.112611036162176881e-02 2.421941653220911206e-01 7.330785061162060634e-01
9.776582321668678480e-03 9.874660890645137884e-03 2.020121373796710251e-01 7.783366194080149070e-01
7.126118808345445130e-03 8.895036428839807677e-03 1.638833720330277743e-01 8.200954727297866675e-01
5.530103499157747009e-03 8.248973693466171361e-03 1.350690060229536305e-01 8.511519167844222578e-01
4.782077633493433087e-03 7.976960450955288690e-03 1.170125786944987700e-01 8.702283832210526704e-01
4.667187994673280965e-03 8.124503064386955770e-03 1.071107031783919555e-01 8.800976057625476967e-01
4.997640693839012528e-03 8.686049708228608945e-03 1.024425352981702675e-01 8.838737742997621050e-01
5.555502338556077627e-03 9.382663652426225312e-03 1.019204653959512041e-01 8.831413686130669127e-01
6.178722296736282454e-03 9.916319287000815302e-03 1.064789897129253676e-01 8.774259687033377775e-01
6.770156387930935035e-03 1.047748973486814679e-02 1.165346807529117484e-01 8.662176731242887673e-01
7.261802833873697884e-03 1.114862143793950849e-02 1.309643983673306755e-01 8.506251773608560773e-01
7.796428105990477891e-03 1.173664784954631460e-02 1.476476794322845454e-01 8.328192446121788217e-01
8.579956361596474679e-03 1.207656369343100555e-02 1.630634150376751024e-01 8.162800649072974313e-01
9.590931731292121065e-03 1.220460279147369577e-02 1.727117429782405733e-01 8.054927224989936185e-01
1.060739597823086994e-02 1.214998218290595094e-02 1.745206003365470104e-01 8.027220215023161964e-01
1.147041507684773594e-02 1.183980707402339759e-02 1.708093007160849663e-01 8.058804771330438932e-01
1.248630242310304513e-02 1.125457888064547267e-02 1.636809663396308345e-01 8.125781523566206754e-01
1.234336561392179211e-02 1.037564013627086806e-02 1.558838484570056471e-01 8.213971457928017639e-01
1.276362881461974227e-02 9.244044890335393824e-03 1.436443173770978188e-01 8.343480089179469150e-01
1.236125619645758039e-02 8.405125027455178158e-03 1.226281160846462576e-01 8.566055026914407566e-01
1.122507249673410090e-02 7.720949220897820389e-03 9.542512177991877009e-02 8.856288565024491577e-01
9.479410845525558169e-03 7.088200226114532709e-03 6.734258625056295522e-02 9.160898026777968273e-01
7.572595398525787565e-03 6.572625741457881546e-03 4.402021364935266440e-02 9.418345652106638877e-01
6.068657370701071273e-03 6.341094378307322345e-03 2.808228260805209833e-02 9.595079656429394976e-01
5.275484016865370634e-03 6.367129935910016171e-03 1.835217729082726928e-02 9.700052087563973968e-01
5.267430471147235838e-03 6.713080254396759476e-03 1.238108995951645204e-02 9.756383993149395639e-01
6.068856033061581327e-03 7.637134840415376463e-03 8.648623828329286486e-03 9.776453852981933368e-01
7.746840475814791710e-03 9.618618017065200601e-03 6.486018303216218271e-03 9.761485232039042170e-01
1.031098903088823425e-02 1.330045492295791644e-02 5.428820385119038222e-03 9.709597356610349950e-01
1.343985474416392080e-02 1.931609645873950606e-02 5.132452695135103146e-03 9.621115961019618412e-01
1.599972715069857693e-02 2.800709149594403369e-02 5.429989279387878801e-03 9.505631920739698870e-01
1.664133320751808726e-02 3.871052068779391037e-02 6.426154536624349885e-03 9.382219915680636291e-01
1.554492196385090161e-02 4.860229137314099612e-02 8.709632851612985130e-03 9.271431538113950044e-01
1.404840616720581629e-02 5.315996363628044258e-02 1.406899241208671263e-02 9.187226377844269765e-01
1.283092946979284832e-02 5.007824122780334120e-02 2.788608185553002189e-02 9.092047474468737400e-01
1.119890805685432034e-02 4.360154231496847499e-02 6.705923846244137010e-02 8.781403111657358762e-01
8.684107927519901099e-03 3.643372070044745975e-02 1.704520641832975025e-01 7.844301071887348487e-01
5.907705533906649868e-03 2.653558295696982830e-02 3.714478755110960373e-01 5.961088359980275531e-01
3.126498774013905177e-03 1.570659708585087425e-02 6.283677872293841338e-01 3.527991169107510538e-01
1.320721735959682697e-03 7.573244863612179842e-03 8.300473366136065234e-01 1.610586967868218589e-01
5.135224931019481426e-04 3.227558509575258455e-03 9.326826619053806278e-01 6.357625709194200669e-02
1.920441936847584372e-04 1.632128783230075899e-03 9.726276512028317889e-01 2.554817582025326050e-02
1.029502154946968434e-04 1.014683711527908155e-03 9.870140288775186566e-01 1.186833719545892819e-02
7.490107013278997665e-05 7.728648261997256644e-04 9.925420493826120349e-01 6.610184721055510290e-03
1.367708438674689650e-05 1.432575456185899553e-05 9.957825756331983857e-01 4.189421527853179165e-03
6.671844090578051566e-06 7.014790899815040799e-06 9.971292642909238557e-01 2.857049074085650335e-03
3.774535881844352150e-06 3.960177926896935446e-06 9.978977444455812140e-01 2.094520840610053242e-03
2.561394001897391488e-06 2.672893886584118489e-06 9.983094222343267266e-01 1.685343477784753121e-03
2.082406602560778777e-06 2.159673493714718917e-06 9.985043467704390885e-01 1.491411149464665900e-03
1.899548435234158050e-06 1.958652715390453477e-06 9.985915038817829714e-01 1.404637917066572450e-03
1.751167861443760190e-06 1.797021537884549728e-06 9.986628910592934005e-01 1.333560751307221641e-03
1.511616287309459844e-06 1.547786782691059603e-06 9.987707097378318855e-01 1.226230859098116025e-03
1.226466331569469967e-06 1.260283134450977116e-06 9.989032958132704199e-01 1.094217437263375224e-03
1.013530919584571049e-06 1.053562115542438061e-06 9.990122613492155024e-01 9.856715577494341244e-04
9.284078047323648178e-07 9.831356858794505048e-07 9.990661370754025938e-01 9.319513811066877478e-04
9.757879817385934199e-07 1.055879221754716132e-06 9.990544739171111077e-01 9.434944156854170941e-04
1.116442005293659577e-06 1.230630152740872215e-06 9.989871068458667791e-01 1.010546081975154933e-03
5.152659578052076229e-03 9.912258041411194931e-01 7.811695671643324951e-04 2.840366713664160738e-03
6.547021270111204327e-03 9.899339560047234476e-01 7.254640025502278157e-04 2.793558722614887004e-03
7.496372490434076441e-03 9.890408404757765615e-01 6.587323881227487646e-04 2.804054645666648020e-03
8.413487717337247637e-03 9.879436712783259411e-01 6.337086604225102698e-04 3.009132343914340015e-03
1.039401158057001381e-02 9.853308242280730544e-01 6.906325206718302466e-04 3.584531670684908827e-03
1.419446608908708600e-02 9.804899194850507094e-01 8.165689538414402319e-04 4.499045472020722115e-03
2.052162454770622979e-02 9.729244790503877027e-01 9.751574256497923645e-04 5.578738976256069661e-03
3.067604169989900445e-02 9.616772211841426721e-01 1.116653657433591944e-03 6.530083458524806560e-03
4.745566258941911336e-02 9.441246358454771226e-01 1.221854564343694254e-03 7.197847000760046812e-03
8.042417388684740265e-02 9.102400853331844566e-01 1.382944536102769699e-03 7.952796243865436349e-03
1.559765678570340375e-01 8.329735460059770613e-01 1.732024957631418368e-03 9.317861179357157797e-03
3.032081612885390576e-01 6.831645260348978566e-01 2.317198173765456799e-03 1.131011450279759308e-02
4.893089247650329043e-01 4.934562210941065841e-01 3.333459662523982278e-03 1.390139447833644085e-02
6.298638273083432271e-01 3.470568124159554291e-01 4.662887999908896242e-03 1.841647227579215271e-02
6.778336630282185693e-01 2.863613439127659088e-01 7.382473607360972787e-03 2.842251945165478674e-02
6.414371604385498138e-01 2.950355132193358543e-01 1.278513967680402173e-02 5.074218666531041255e-02
5.477302404946937653e-01 3.357853466980028623e-01 2.288302725550336175e-02 9.360138555180043396e-02
4.565641150651662539e-01 3.465794897440861999e-01 3.858680299471827641e-02 1.582695921960290686e-01
4.027620175889471965e-01 3.003964310972642160e-01 6.161419452411159847e-02 2.352273567896770168e-01
3.735381530981655152e-01 2.260616748033240087e-01 9.439271577415930814e-02 3.060074563243512791e-01
3.448898045214579544e-01 1.627357676016748800e-01 1.416442390392417539e-01 3.507301888376252452e-01
3.038902034713336642e-01 1.205516813802859494e-01 2.142559456846121757e-01 3.613021694637682524e-01
2.518116189452623832e-01 8.876967020848006151e-02 3.210975388577791412e-01 3.383211719884782198e-01
9.701752685785693942e-01 2.289880155329946862e-02 2.342234435549480926e-03 4.583695432581505816e-03
9.548292070919892627e-01 3.946761838398313987e-02 1.708459731898120514e-03 3.994714792129390631e-03
9.284461374060388739e-01 6.645178332491839812e-02 1.394284345935744652e-03 3.707794923106694316e-03
8.857435153996873201e-01 1.097130649079820081e-01 1.075910753505709234e-03 3.467508938824726949e-03
8.328830253118144622e-01 1.631543292805295309e-01 8.400485938599537572e-04 3.122596813796035386e-03
7.787927585113149087e-01 2.178383782740660191e-01 6.685294081632721245e-04 2.700333806455996240e-03
7.325366458602232678e-01 2.646438342953592593e-01 5.469404931789197859e-04 2.272579351238911919e-03
7.027279898304046313e-01 2.948808911123700360e-01 4.655244533848675557e-04 1.925594603840530186e-03
6.967087880775540976e-01 3.011884867194354332e-01 4.077364951560082237e-04 1.694988707854406737e-03
7.183700516501574374e-01 2.796922590739242542e-01 3.617841806269234432e-04 1.575905095291498708e-03
7.610081885861276207e-01 2.370847950099694290e-01 3.375087667460883144e-04 1.569507637157127123e-03
8.055586373290375413e-01 1.923849791868207926e-01 3.520216014578298261e-04 1.704361882683882523e-03
8.385088529732265261e-01 1.590626219583167467e-01 4.071227522267441604e-04 2.021402316229711088e-03
8.600007133805325221e-01 1.369534551811755485e-01 4.945365049199782880e-04 2.551294933371764384e-03
8.761574927996483853e-01 1.199768137500597937e-01 5.941340748596046946e-04 3.271559375432267144e-03
8.911981404317078637e-01 1.040228585085249680e-01 6.756433251211784287e-04 4.103357734646036030e-03
9.023015366389399716e-01 9.181524725597377257e-02 7.379309605515645349e-04 5.145285144534690082e-03
9.011976301886249763e-01 9.089904112712002271e-02 8.408155528231243741e-04 7.062513131432051304e-03
8.738015366790891081e-01 1.134311869144776636e-01 1.098043837279489166e-03 1.166923256915402239e-02
7.942113647758902717e-01 1.809325237307448098e-01 1.686482477597417342e-03 2.316962901576756495e-02
6.473112420772479947e-01 3.027824141486977205e-01 2.784225630602394936e-03 4.712211814345181743e-02
4.696751818970301140e-01 4.421594113886595512e-01 4.460267133473440164e-03 8.370513958083676542e-02
3.122232850690026540e-01 5.563845946737054904e-01 6.579610658052276358e-03 1.248125095992398542e-01
2.093782324970276387e-01 6.190207678601846730e-01 9.532032631719125973e-03 1.620689670110682934e-01
1.556701016984557429e-01 6.431986152218142072e-01 1.359847614843994260e-02 1.875328069312899859e-01
1.352527013284182678e-01 6.470710620567255988e-01 1.921027746824266122e-02 1.984659591466131912e-01
1.352074242465788889e-01 6.384215803105502962e-01 2.700786123098155786e-02 1.993631342118890593e-01
1.453325079530185526e-01 6.229548426299528208e-01 3.706890831334057335e-02 1.946437411036881782e-01
1.570821996315984181e-01 6.081708929718787626e-01 4.826420213332800052e-02 1.864827052631947701e-01
1.617692956938023285e-01 6.024709113412559658e-01 5.861806974293221756e-02 1.771417232220099114e-01
1.531138616761626714e-01 6.108939846856323852e-01 6.655101060234333565e-02 1.694411430358614967e-01
1.337846207663530018e-01 6.286769706313751760e-01 7.216193956611481608e-02 1.653764690361568535e-01
1.141999006237762460e-01 6.429051451862796140e-01 7.756347050309644886e-02 1.653314836868476079e-01
1.022882493211219462e-01 6.434639170720574119e-01 8.579851002958445438e-02 1.684493235772363262e-01
9.848383726325081466e-02 6.303168200982066649e-01 9.858599470386610053e-02 1.726133479346761979e-01
9.862060730785698892e-02 6.115646955163721588e-01 1.142778542466948155e-01 1.755368429290759258e-01
9.850826253405681188e-02 5.952180502417810937e-01 1.283801784230713394e-01 1.778935088010905885e-01
9.600030223042453625e-02 5.873345675676334698e-01 1.352417375502230623e-01 1.814233926517187789e-01
9.071370892721006274e-02 5.913764700011066022e-01 1.323627623111447715e-01 1.855470587605390076e-01
8.240838081058643461e-02 6.108691895924419635e-01 1.216534201441418633e-01 1.850690094528298912e-01
7.056165574438472143e-02 6.501144945299107691e-01 1.060058670672671538e-01 1.733179826584372307e-01
5.696293378648096400e-02 7.050636285804164904e-01 8.759065010876689039e-02 1.503827875243358148e-01
4.432888776328337138e-02 7.638815380866602611e-01 6.897427596946396899e-02 1.228152981805923916e-01
3.346654701827051631e-02 8.202035178435973517e-01 5.006719612021470062e-02 9.626273901791730647e-02
2.532104901221115048e-02 8.662465451544656414e-01 3.433088116946587942e-02 7.410152466385762360e-02
2.023113698040964956e-02 8.998886747622433235e-01 2.294992734024672507e-02 5.693026091710030878e-02
1.795106413221559186e-02 9.232296082765734102e-01 1.534424566038365516e-02 4.347508193082696287e-02
1.805346363745048005e-02 9.391154110711191771e-01 1.029657383319646131e-02 3.253455145823370975e-02
1.989932253978570972e-02 9.499597266027413056e-01 6.720479556479658050e-03 2.342047130099314881e-02
2.162332917160071991e-02 9.589781252235702880e-01 3.963018379839962878e-03 1.543552722498909430e-02
2.125295742658422568e-02 9.679058056786392639e-01 2.005725341769298928e-03 8.835511553006852870e-03
2.064132427021284077e-02 9.738903320640025507e-01 9.151465901023822513e-04 4.553197075682252279e-03
2.385905267253746534e-02 9.733783983931593164e-01 4.136051204712260887e-04 2.348943813832309740e-03
3.610201394500701932e-02 9.623532892275887818e-01 2.001795063051678306e-04 1.344517321099292055e-03
6.652476753689010036e-02 9.324355678478346565e-01 1.150172240627964472e-04 9.246473912122501072e-04
1.229155440854206860e-01 8.762511637100043327e-01 6.891032305626496935e-05 7.643818815190795866e-04
1.859723846879038911e-01 8.132872066289321689e-01 4.939686372333809689e-05 6.910118194407429641e-04
2.289721580832559944e-01 7.703382995936145505e-01 3.908077528449748107e-05 6.504615478447420837e-04
2.536224669441299318e-01 7.457044712526715857e-01 3.430251743535172497e-05 6.387592857629539097e-04
2.741951694345066692e-01 7.251142899926327212e-01 3.330983901968885818e-05 6.572307338410229632e-04
2.978747767356703657e-01 7.013907781378870832e-01 3.450884837638515688e-05 6.999362780661630467e-04
3.164589056403821488e-01 6.827502477294636885e-01 3.591036641470058311e-05 7.549362637393225873e-04
3.118773867235894448e-01 6.872723873699824182e-01 3.597343983930108502e-05 8.142524665887158073e-04
2.843686208934597115e-01 7.147061714940563526e-01 3.501613926026977719e-05 8.901914732233705664e-04
2.650258393250494726e-01 7.338864745946530599e-01 3.580444241330713181e-05 1.051881637884213719e-03
2.898545341038068490e-01 7.086577203692844273e-01 4.210760326240084396e-05 1.445637923646316166e-03
3.631248778059966709e-01 6.345451262013758198e-01 5.687565674938640760e-05 2.273120335878087064e-03
4.429925416282601280e-01 5.530902748085528842e-01 8.439714172677176935e-05 3.832786421460342673e-03
4.863875036778154692e-01 5.066441874958941272e-01 2.256951262486705753e-04 6.742613700041726575e-03
5.040126163462909092e-01 4.836411715749693863e-01 2.999090445450797605e-04 1.204630303419447837e-02
5.085209459909352248e-01 4.693756730610641470e-01 5.165525456303971842e-04 2.158682840237053854e-02
4.914194706038774174e-01 4.692330512096266615e-01 1.087591748361479722e-03 3.825988643813436202e-02
4.259247388006519031e-01 5.043675169568959671e-01 2.479445967675509427e-03 6.722829827477672104e-02
2.965021305378177652e-01 5.876468068069972128e-01 4.567620527946546390e-03 1.112834421272384799e-01
1.578773015518141476e-01 6.614081148031860646e-01 6.167107093673400431e-03 1.745474765513266580e-01
7.772957302032203197e-02 6.308401398557873518e-01 8.332805045832952437e-03 2.830974820780576273e-01
4.285871710969359205e-02 5.295952343310497135e-01 1.244117414074777384e-02 4.151048744185088513e-01
2.907653617958841363e-02 4.174358314148813309e-01 1.824507434721189814e-02 5.352425580583183296e-01
2.445997433254261735e-02 3.222282565837480961e-01 2.499036045523859995e-02 6.283214086284704125e-01
2.200679186396835296e-02 2.508828420138177751e-01 3.196147368093756047e-02 6.951488924412762005e-01
1.871658539889085177e-02 2.110178547009021188e-01 3.860523465506601748e-02 7.316603252451412409e-01
1.527050374369750066e-02 1.983083084108193950e-01 4.461571546913090797e-02 7.418054723763523040e-01
1.078773662060427720e-02 2.021978141903763848e-01 5.214190886375982131e-02 7.348725403252596156e-01
7.866543850274241786e-03 2.091836368968608695e-01 6.218801725081637283e-02 7.207618020020484240e-01
5.975900889039166206e-03 2.104736669400940341e-01 7.758010066188325560e-02 7.059703315089836950e-01
4.706481265203840865e-03 2.043341219842265133e-01 9.947904681701669194e-02 6.914803499335527848e-01
3.949930885691160971e-03 1.983420800464159306e-01 1.263380055206982100e-01 6.713699835471946820e-01
3.836177056824140088e-03 2.056340819587041957e-01 1.516144502069695643e-01 6.389152907775021983e-01
4.484095570766857830e-03 2.319005992279449535e-01 1.694849093070573132e-01 5.941303958942308894e-01
