1.326800676673152712e-01 8.669911524788648238e-01 2.383498257214217909e-05 3.049448712480865064e-04
1.373182843067252169e-02 1.518657232777293397e-03 9.796458222169434071e-01 5.103692119606563320e-03
2.312992260659478896e-02 2.098310202242339127e-03 9.675333316680438944e-01 7.238435523118941055e-03
4.488558325530849630e-02 3.406055799160278164e-03 9.397572275343489823e-01 1.195113341118230095e-02
9.571808429029210474e-02 6.272693909386568845e-03 8.757159703746356660e-01 2.229325142568574364e-02
2.023859886996741964e-01 1.302231990798978847e-02 7.417663118610061668e-01 4.282537953132968533e-02
3.730655381358758405e-01 2.255660228708726914e-02 5.316174725379321231e-01 7.276038703910471528e-02
5.603606330782680001e-01 3.002348130702299847e-02 3.134517044188078194e-01 9.616418119590124103e-02
7.050683049714091544e-01 3.087945026839330684e-02 1.636812070348214465e-01 1.003710377253761721e-01
7.878854646285710084e-01 2.709616092996155329e-02 8.502414424958157357e-02 9.999423019188587169e-02
8.160677903536203148e-01 2.521579350514277854e-02 4.907752758359467532e-02 1.096388885576425887e-01
8.113145346452793616e-01 2.662217896060904698e-02 3.279874171726238768e-02 1.292645446768491690e-01
7.886026503300828105e-01 3.037872835204974073e-02 2.515522578141697954e-02 1.558633955364503443e-01
7.568858850107693659e-01 3.563413640488060502e-02 2.142351449474546796e-02 1.860564640896047728e-01
7.201371265846501224e-01 4.197315832784385276e-02 1.982818146248640015e-02 2.180615336250196212e-01
6.756234342062740206e-01 4.898938245497432703e-02 2.013518520019954780e-02 2.552519981385522052e-01
6.182860714742350883e-01 5.620066470173844947e-02 2.256199310861764507e-02 3.029512707154087270e-01
5.508935515299365759e-01 6.187626669124757228e-02 2.746904359808141627e-02 3.597611381807345743e-01
4.846974538308051472e-01 6.441298280388051134e-02 3.581868601964745269e-02 4.150708773456668332e-01
4.329010521743544282e-01 6.196249395713830654e-02 4.837820253614634469e-02 4.567582513323608095e-01
3.981881945833977143e-01 5.720821708702100716e-02 6.594838951344920985e-02 4.786551988161321103e-01
3.765554599276424996e-01 5.197277216734536021e-02 8.910110254900746596e-02 4.823706653560042579e-01
3.597761449857482252e-01 4.664811926088696659e-02 1.199109653557185878e-01 4.736647703976463730e-01
3.395707459627979596e-01 4.100094001090665019e-02 1.622792252677119074e-01 4.571490887585839547e-01
3.142768499527132664e-01 3.506792363185194661e-02 2.183642931597067627e-01 4.322909332557281492e-01
2.865962995691820892e-01 2.928914785881434751e-02 2.859841105211450851e-01 3.981304420508585684e-01
2.561911918122783405e-01 2.413122665944466769e-02 3.610624908967666746e-01 3.586150906315106468e-01
2.188522051620700182e-01 1.977838736743420603e-02 4.414186016544458524e-01 3.199508058160498991e-01
1.734315983373569681e-01 1.609753448111172353e-02 5.250975062587073250e-01 2.853733609228237822e-01
1.279180992985841925e-01 1.300901776754841317e-02 6.026742166999453643e-01 2.563986662339221567e-01
9.228702353749253240e-02 1.083188456910574859e-02 6.585793852607411125e-01 2.383017066326605926e-01
6.864172708590085548e-02 9.958120092166941606e-03 6.830118176411912323e-01 2.383883351807412621e-01
5.393902209390724622e-02 1.064241651246471479e-02 6.737497643647140100e-01 2.616687970289138798e-01
4.511185869955902650e-02 1.315165343164279542e-02 6.362840146770684102e-01 3.054524731917298008e-01
3.729524095749696400e-02 1.589088245374060265e-02 5.825865488223883615e-01 3.642273277663743980e-01
3.112232819718083188e-02 1.958082190455208427e-02 5.172904968465369402e-01 4.320063530517300188e-01
2.565117926883692806e-02 2.296811653950991960e-02 4.519224238899041679e-01 4.994582803017489914e-01
2.163918853109459209e-02 2.521613203883431992e-02 3.959401093413985051e-01 5.572045700886726349e-01
1.909374925912631082e-02 2.670801380773290407e-02 3.476375156258784682e-01 6.065607213072624626e-01
1.699189639009838701e-02 2.870750630744773463e-02 3.012194039888119734e-01 6.530811933136422276e-01
1.464369003929579492e-02 3.285909020582511442e-02 2.520042478686181919e-01 7.004929718862608068e-01
1.231714852532926445e-02 4.168408655223940912e-02 1.984521226014910600e-01 7.475466423209402578e-01
1.058804860125228675e-02 5.891750012669172420e-02 1.478488979961829763e-01 7.826455532758730405e-01
9.618284722662665334e-03 8.945962190991044172e-02 1.100936011157332278e-01 7.908284922516938265e-01
9.224676948420497749e-03 1.372983230340913130e-01 8.696509745661692992e-02 7.665119025608713166e-01
9.189790172937563340e-03 1.978923047096476928e-01 7.240561049996833975e-02 7.205122946174464804e-01
9.544608411715975113e-03 2.552865607441218709e-01 6.323343376958882878e-02 6.719353970745736149e-01
1.053840156135187577e-02 2.972760881067013639e-01 5.915074731407201497e-02 6.330347630178746465e-01
1.247206897765506736e-02 3.237269155531605214e-01 5.894014093139912647e-02 6.048608745377851426e-01
1.583253911072650053e-02 3.361241508058833705e-01 6.135052997621487370e-02 5.866927801071751825e-01
2.146903631460245557e-02 3.374921551050809598e-01 6.539924968395822991e-02 5.756395588963582055e-01
3.055395972071084029e-02 3.397959342747866041e-01 6.924666202957426020e-02 5.604034439749285834e-01
4.344501570528414708e-02 3.562803356093635632e-01 7.081573740177729559e-02 5.294589112835749178e-01
5.874315864109807411e-02 3.901092281621627023e-01 6.892154121569731007e-02 4.822260719810418927e-01
7.459320448367057210e-02 4.395948536092058601e-01 6.268368318996402067e-02 4.231282587171595333e-01
9.059526357940769770e-02 4.951438225806727433e-01 5.341388065528322043e-02 3.608470331846365675e-01
1.107056172046804593e-01 5.364447844502474583e-01 4.472108751288675355e-02 3.081285108321850097e-01
1.437802998298502444e-01 5.484758836143646121e-01 3.821775944456619334e-02 2.695260571112188530e-01
2.027126900283892086e-01 5.223572154274179757e-01 3.319322534501593924e-02 2.417368691991769458e-01
3.043054550957582927e-01 4.508243353629538541e-01 2.807758926577626907e-02 2.167926202755115217e-01
4.628977591320413976e-01 3.332428317833671660e-01 2.159077665225720213e-02 1.822686324323342932e-01
6.551563564783344784e-01 1.977688214853105531e-01 1.430309133616764102e-02 1.327717307001873293e-01
8.089371869777098878e-01 9.886517706860747934e-02 8.455019963695487376e-03 8.374261598998701539e-02
8.956776496896731166e-01 4.854604517914234280e-02 4.943643605624027659e-03 5.083266152556059625e-02
9.367847385220425815e-01 2.701994540626586130e-02 3.171490660441904190e-03 3.302382541124948556e-02
9.550042036073306262e-01 1.819076855728240030e-02 2.363945603557066413e-03 2.444108223182975617e-02
9.622550538137684129e-01 1.468672806425698300e-02 2.094629619637972638e-03 2.096358850233680238e-02
9.643615848596663875e-01 1.349588559590649342e-02 2.153358590570362326e-03 1.998917095385653250e-02
9.652145697094871579e-01 1.296962527324009053e-02 2.412794143489993114e-03 1.940301087378282566e-02
9.684025339628621332e-01 1.144439466205806125e-02 2.756681994869241217e-03 1.739638938021070141e-02
9.742259759968370236e-01 8.749332884578464586e-03 3.147649501317437842e-03 1.387704161726716415e-02
9.795006105375759775e-01 6.410839697562000124e-03 3.713949159388103653e-03 1.037460060547413035e-02
1.636814305752945509e-01 7.668403212647139089e-01 2.010928379860215873e-02 4.936896436138919070e-02
7.140393553649738712e-01 6.804822420847335407e-02 9.112819218894883944e-02 1.267842282376040464e-01
7.528721487701459658e-01 7.758849164064425541e-02 5.728057714814686202e-02 1.122587824410632290e-01
7.756297587817666539e-01 9.186323635736179383e-02 3.660165924448451763e-02 9.590534561638709710e-02
7.890755679570444769e-01 1.088138248631176086e-01 2.331137115338324101e-02 7.879923602645461100e-02
7.977820283448597838e-01 1.246783899098175136e-01 1.503477492492177360e-02 6.250480682040071567e-02
8.105409087233070853e-01 1.321418772657500240e-01 9.709604312309211629e-03 4.760760969863358366e-02
8.297405195301831293e-01 1.298785049540803760e-01 6.041335006374209428e-03 3.433964050936220286e-02
8.505651595248743257e-01 1.226913426560755083e-01 3.464063343820629384e-03 2.327943447522924300e-02
8.692780442751458780e-01 1.138918145778512053e-01 1.827675725605701568e-03 1.500246542139701406e-02
8.861849041308518249e-01 1.034947092769386429e-01 9.252420512180899387e-04 9.395144540991358720e-03
9.041081603764887786e-01 8.965352764482359404e-02 4.706608823717849284e-04 5.767651096315851503e-03
9.237057571062338157e-01 7.249283849890109099e-02 2.542877019713015211e-04 3.547116692893716259e-03
9.425901267161224117e-01 5.494767923197055315e-02 1.576408580490497964e-04 2.304553193858074542e-03
9.581897900817306635e-01 4.002189796134047323e-02 1.196556473537127682e-04 1.668656309574936998e-03
9.693320491959003249e-01 2.917841920298611114e-02 1.069357062824639697e-04 1.382595894831061814e-03
9.789266754564838191e-01 1.969477285929690374e-02 1.146146967456131876e-04 1.263936987473464986e-03
9.858528080410924321e-01 1.276474443780640025e-02 1.362213659578521117e-04 1.246226155143414409e-03
9.899983886184271498e-01 8.479068579896843413e-03 1.766371716939838421e-04 1.345905629982086568e-03
9.918901629819278920e-01 6.222499332653550798e-03 2.517962232432737878e-04 1.635541462175439968e-03
9.921003235659424657e-01 5.258144811709576476e-03 3.936775879791540723e-04 2.247854034368785246e-03
9.907881626271560771e-01 5.154065135185432502e-03 6.511434156458204654e-04 3.406628822012465994e-03
9.878347460435927818e-01 5.670853064210440789e-03 1.084969494161240871e-03 5.409431398035597673e-03
9.806881261012002637e-01 8.296424133349831337e-03 2.256119420168742253e-03 8.759330345281382546e-03
9.718179999854172912e-01 1.085995011077502993e-02 3.756952916384382907e-03 1.356509698742305002e-02
9.592033224669617164e-01 1.436817646758160698e-02 6.260463698984667855e-03 2.016803736647184916e-02
9.409280964380206669e-01 1.919480696020577429e-02 1.059214466065622889e-02 2.928495194111734382e-02
9.142235021625390035e-01 2.566791711084897773e-02 1.814956932502963249e-02 4.195901140158255632e-02
8.757596878568122412e-01 3.430058007599095377e-02 3.071102367430600388e-02 5.922870839289072487e-02
8.243277425283305204e-01 4.538429886724279494e-02 4.907111349238495873e-02 8.121684511204153856e-02
7.648214282496996752e-01 5.790912858189209422e-02 7.117797681332178883e-02 1.060914663550864695e-01
6.956633946372303701e-01 7.140897055957373674e-02 9.934736273126497375e-02 1.335802720719311554e-01
6.143917709922644965e-01 8.412544331377880269e-02 1.380152876452357957e-01 1.634674980487203499e-01
5.287583362490372307e-01 9.089243712531003272e-02 1.915169699616625087e-01 1.888322566639904776e-01
4.548330784892135603e-01 8.845763545022183871e-02 2.589772673902397959e-01 1.977320186703245830e-01
4.114037846223155825e-01 8.041844802034898987e-02 3.248654291806201688e-01 1.833123381767152726e-01
3.960827259153941182e-01 7.197377921977474169e-02 3.815113682010969898e-01 1.504321266637344556e-01
4.015935385073075015e-01 6.216271438826213858e-02 4.263362472240088685e-01 1.099074998804218939e-01
4.022659705935651697e-01 4.810168510132085962e-02 4.767692907289206583e-01 7.286305357619329848e-02
3.727960622869382346e-01 3.293954999979907539e-02 5.485240870800904833e-01 4.574030063317222755e-02
3.167892948522745278e-01 2.052620471747028039e-02 6.347503379106760324e-01 2.793416251957937801e-02
2.499411929459501303e-01 1.197076039628035792e-02 7.213280668443416976e-01 1.675997981342751755e-02
1.823099127683573684e-01 6.828991502863726755e-03 8.008232299834355805e-01 1.003786574534324023e-02
1.227651074951152527e-01 4.066683859585262968e-03 8.670997359619890821e-01 6.068472683310612188e-03
8.087567560373212783e-02 2.481768820218400225e-03 9.128566338723169693e-01 3.785921703732477491e-03
5.503721159791639256e-02 1.734389960902157132e-03 9.406207611355450471e-01 2.607637305636289170e-03
4.261021549306847483e-02 1.537941622953543919e-03 9.536500605668146724e-01 2.201782317163326636e-03
4.015694465502533256e-02 1.790040491435117330e-03 9.556197952328387979e-01 2.433219620700787997e-03
4.632667254655460642e-02 2.654463625998935549e-03 9.475472605254126046e-01 3.471603302033466568e-03
6.175005369722741388e-02 4.671090838794528764e-03 9.276811002520739535e-01 5.897755211903956372e-03
8.588645187992849372e-02 8.654014481777728626e-03 8.948526591924168549e-01 1.060687444587701464e-02
1.132550962298758956e-01 1.610291402975497221e-02 8.520711359398530638e-01 1.857085380051616205e-02
1.352861964920966942e-01 2.682079125804823216e-02 8.072975885872183399e-01 3.059542366263669558e-02
1.477664842080154417e-01 4.356132250587126109e-02 7.602227741779163939e-01 4.844941910819670905e-02
1.494719577548662970e-01 6.939856661082434430e-02 7.067800664020253976e-01 7.434940923228389176e-02
1.376381467238088352e-01 1.046058732763208987e-01 6.480449392000109388e-01 1.097110407998593690e-01
1.153529656060337805e-01 1.449379672164065325e-01 5.865425362379395047e-01 1.531665309396203212e-01
9.152934969692094747e-02 1.832315118466981418e-01 5.267269770472795543e-01 1.985121614091013287e-01
7.244439481979479678e-02 2.136188392107383482e-01 4.758400150541075568e-01 2.380967509153592010e-01
5.906292410182529401e-02 2.351317000772084331e-01 4.382853959839262958e-01 2.675199798370396786e-01
5.179873131253548424e-02 2.433022291859029129e-01 4.189188517424166092e-01 2.859801877591449659e-01
4.603520275908496578e-02 2.437580106118174827e-01 4.156666076569185408e-01 2.945401789721791563e-01
4.107099610467021544e-02 2.373781243086473258e-01 4.272328933315888699e-01 2.943179862550936443e-01
3.563839203795041849e-02 2.234850686941199371e-01 4.537819282481977967e-01 2.870946110197317158e-01
2.946243195267722256e-02 1.998831393666788692e-01 4.954615992117142320e-01 2.751928294689295895e-01
2.320468784382557700e-02 1.698029082929636835e-01 5.451696616508014959e-01 2.618227422124094206e-01
1.813682984135950305e-02 1.414784638958435647e-01 5.902893653751870584e-01 2.500953408876098183e-01
1.480220092846796544e-02 1.193934745866070124e-01 6.255770144126664434e-01 2.402273100722585319e-01
1.274385332135084987e-02 1.014651070974939284e-01 6.579258589690777370e-01 2.278651806120773060e-01
1.148486289514620562e-02 8.439110281200531971e-02 6.960017984675063163e-01 2.081222358253421445e-01
1.094626442974257555e-02 6.772428190167460726e-02 7.393619848952013296e-01 1.819674687733815466e-01
1.138047695914087658e-02 5.348252629609509534e-02 7.789608597019506142e-01 1.561761370428137730e-01
1.702926170141732254e-01 7.134997467108467051e-03 8.153391915248068278e-01 7.233193993911481504e-03
1.098407707684891793e-01 4.215069712034905103e-03 7.018826293609643774e-02 8.157558965833795472e-01
2.014928024098436854e-01 5.926241930738407847e-03 7.132127775108576540e-02 7.212596779083320087e-01
3.396046339664321456e-01 8.076575800944682873e-03 6.113959348467404298e-02 5.911791967479491650e-01
5.129898847592905264e-01 1.016669049286993663e-02 4.148996879028617885e-02 4.353534559575534812e-01
6.874889679923897878e-01 1.174725103037798854e-02 2.322424222241861042e-02 2.775395387548137416e-01
8.231156542814467292e-01 1.167749650127152157e-02 1.094980749900176763e-02 1.542570417182800857e-01
9.078378315712407609e-01 1.003375811932028482e-02 4.643695512432652502e-03 7.748471479700656805e-02
9.540606700393845507e-01 7.503015188522269008e-03 1.830872565515810494e-03 3.660544220657741682e-02
9.776160154136915859e-01 5.014336366873047880e-03 6.822122213517872345e-04 1.668743599808355030e-02
9.889535782471453595e-01 3.208594554538889143e-03 2.571456964053257322e-04 7.580681501910418313e-03
9.946257093392500970e-01 1.618146867970951617e-03 9.786982625742452109e-05 3.658273966521563385e-03
9.962292691672804956e-01 1.613188276177195254e-03 5.334933817792479821e-05 2.104193218364348601e-03
9.969330660060707894e-01 1.627277044869810231e-03 3.533365410369707787e-05 1.404323294955628571e-03
9.973477428168546766e-01 1.594926332410252952e-03 2.712217245849646714e-05 1.030208678276504962e-03
9.977664694969549108e-01 1.443465706047124958e-03 2.243034944737192507e-05 7.676344475504587187e-04
9.982995529427360903e-01 1.134306889715324057e-03 1.904089159938949689e-05 5.470992759492420820e-04
9.988805536652444195e-01 7.428681541849879548e-04 1.614134671126091799e-05 3.604368338594789189e-04
9.993427219496029412e-01 4.213761438882990609e-04 1.358269372754756805e-05 2.223192127812770107e-04
9.996192717244927195e-01 2.312121391440460113e-04 1.161302009421416876e-05 1.379031162686780460e-04
9.997627187684563488e-01 1.350151110780378749e-04 1.017634360123512148e-05 9.208977686446832237e-05
9.998347848649528080e-01 8.793439949956343739e-05 8.989981768038515691e-06 6.829075377939914000e-05
9.998689653203735039e-01 6.547083975069950058e-05 8.009352638589662261e-06 5.755448723718117556e-05
9.998779027818976983e-01 5.718808708998312211e-05 7.584693302194333119e-06 5.732443771014924231e-05
9.998587880256702976e-01 6.104044261005846586e-05 8.549229210163313144e-06 7.162230250955751033e-05
9.998075226334827148e-01 7.454474397340199151e-05 1.157496302329548866e-05 1.063576595206518075e-04
9.997394611278239696e-01 8.680566829489176313e-05 1.635846575899979009e-05 1.573747381222491686e-04
9.996706902893949254e-01 9.005643179789482318e-05 2.272706137877421599e-05 2.165262174284291363e-04
9.995821789717177497e-01 9.092251661212668852e-05 3.262867231684534375e-05 2.942698393532913498e-04
9.994252273578766443e-01 1.000307163118070865e-04 5.098626002531277389e-05 4.237556657862277419e-04
9.991259403078202039e-01 1.257856770330391448e-04 8.760668097226646486e-05 6.606673341745785072e-04
9.985716193855262990e-01 1.803996158427261583e-04 1.606290655625569803e-04 1.087351933068430102e-03
9.975804051553068819e-01 2.945660008664714572e-04 3.039885285869438456e-04 1.821040315239785563e-03
9.958279889493247827e-01 5.528487791482822322e-04 5.815815740893321307e-04 3.037580697437505112e-03
9.927681572197334381e-01 1.187067172361904030e-03 1.090987298602004094e-03 4.953788309302905105e-03
9.851518041437521411e-01 4.417022887219779897e-03 2.447257396238936185e-03 7.983915572788793241e-03
9.745932499705183272e-01 9.267080745693758934e-03 4.165808518645116448e-03 1.197386076514278010e-02
9.561695225844876189e-01 1.962906249817668661e-02 6.897771742353937460e-03 1.730364317498168936e-02
9.254451416095744731e-01 3.909238474342884712e-02 1.143930986104936889e-02 2.402316378594749474e-02
8.815535351638693617e-01 6.821776063686652014e-02 1.920831307577548080e-02 3.102039112348863731e-02
8.254101579192907323e-01 1.059823602309964835e-01 3.229909346357069666e-02 3.630838838614187936e-02
7.483047777292849423e-01 1.598435114979618876e-01 5.278672726039190105e-02 3.906498351236123434e-02
6.393166697400742837e-01 2.430776255581361955e-01 7.869286346358742024e-02 3.891284123820213520e-02
5.081464615801722928e-01 3.557885491611533779e-01 1.010382106577216860e-01 3.502677860095296247e-02
3.806546289678394701e-01 4.799305442964093005e-01 1.112661593136809179e-01 2.814866742207020392e-02
2.783777025730651000e-01 5.932835339346573811e-01 1.076494528674050016e-01 2.068931062487277400e-02
2.007088719304297997e-01 6.913648746364076114e-01 9.358561224955061486e-02 1.434064118361189424e-02
1.458910083064448859e-01 7.699496728231810527e-01 7.451585193670537399e-02 9.643466933668654387e-03
1.125577034658755970e-01 8.246078773332277123e-01 5.636878544834107718e-02 6.465633752555430443e-03
9.727568209624189166e-02 8.565401636795568763e-01 4.178564469303746448e-02 4.398509531163953198e-03
9.983995604310001715e-02 8.659093492171117123e-01 3.113389360004676851e-02 3.116801139741590902e-03
1.200146705150018644e-01 8.537045994423811957e-01 2.389581685859096943e-02 2.384913184025937508e-03
1.645420004294734506e-01 8.145021742443503410e-01 1.894042677120447854e-02 2.015398554971709055e-03
2.201563375463336802e-01 7.628707515495913860e-01 1.518277580217417162e-02 1.790135101900507987e-03
2.684637786043859164e-01 7.179294361508512523e-01 1.200659493819968178e-02 1.600190306562871909e-03
3.040191434719158869e-01 6.850937884255541288e-01 9.440952609817587771e-03 1.446115492712242087e-03
3.316315435457074523e-01 6.596388102275519971e-01 7.407777282133692215e-03 1.321868944607036819e-03
3.519439317369897346e-01 6.411737992153374588e-01 5.693419841675132279e-03 1.188849205997799183e-03
3.555322118651221830e-01 6.393282294755713302e-01 4.123565278658571955e-03 1.015993380647926998e-03
3.360977002876489594e-01 6.602926293796623769e-01 2.782409661464885480e-03 8.272606712239003726e-04
3.043294468334674652e-01 6.931781726238126495e-01 1.822683628694560676e-03 6.696969140250849011e-04
2.805330205621517359e-01 7.176669179500611007e-01 1.235525605622025090e-03 5.645358821652063505e-04
2.749836482888556866e-01 7.236166703705891878e-01 8.963063688874042725e-04 5.033749716676349248e-04
2.857812691534257210e-01 7.130433463017071816e-01 7.012957988729890280e-04 4.740887459942965602e-04
3.073742672280047050e-01 6.915562389166778345e-01 5.977704828461446497e-04 4.717233724713778067e-04
3.270795202729741002e-01 6.718734445822993617e-01 5.572921019672146502e-04 4.897430427591712614e-04
3.283949735723559193e-01 6.705229655158660984e-01 5.640520718073072787e-04 5.180088399706601161e-04
3.116059821272309516e-01 6.872059533748871019e-01 6.255325881626752887e-04 5.625319097191425850e-04
2.927384427663841104e-01 7.058129655218950971e-01 7.837539778635275534e-04 6.648377338575333804e-04
2.787865382086947563e-01 7.192478972020663885e-01 1.095159508109033860e-03 8.704050811299793473e-04
2.618126522111190457e-01 7.353719433313515852e-01 1.611080150574578391e-03 1.204324306954265714e-03
2.328327268896613345e-01 7.631561801266205647e-01 2.352162920205213333e-03 1.658930063512797102e-03
5.870586008084856255e-02 1.728412053850736027e-02 5.748007297213715283e-01 3.492092896592723927e-01
3.810066142283126400e-02 9.151241155595398608e-03 4.524340336442406740e-01 5.003140637773328958e-01
4.055506674977482628e-02 9.820237612262455035e-03 4.151038208282788466e-01 5.345208748096840212e-01
4.073114428613001242e-02 1.052948895760184161e-02 3.747021941575748860e-01 5.740371725986932461e-01
3.868846720118042370e-02 1.112690478923842978e-02 3.331213917646669853e-01 6.170632362449141040e-01
3.552021611622397518e-02 1.150650697896397553e-02 2.946172842657223678e-01 6.583559926390898376e-01
3.253442710653279418e-02 1.168341618365863546e-02 2.623809207789773446e-01 6.934012359308311391e-01
3.030684182511830457e-02 1.176577854927213229e-02 2.360586488881068479e-01 7.218687307375026840e-01
2.874002280050850719e-02 1.186293410896316694e-02 2.134001193588077328e-01 7.459969237317204405e-01
2.754535413758182547e-02 1.201052033116026783e-02 1.932729768790799052e-01 7.671711486521779477e-01
2.639217856433145187e-02 1.211396252662327346e-02 1.759250943820908908e-01 7.855687645269541219e-01
2.465575721607771859e-02 1.188542313796570743e-02 1.607987206754777632e-01 8.026600989704787414e-01
2.164347465248359428e-02 1.092587591033387755e-02 1.461751969647074045e-01 8.212554524724755556e-01
1.742292168789284432e-02 9.164664288133110570e-03 1.305233192694301436e-01 8.428890947545439882e-01
1.295165195942648249e-02 7.093147810397513152e-03 1.127253181487298805e-01 8.672298820814461351e-01
8.666439855900702482e-03 5.217723380787398640e-03 9.250301290402933307e-02 8.936128238592828676e-01
6.512497028735676069e-03 3.990458410420568737e-03 7.276582805498661710e-02 9.167312165058572049e-01
4.735727482051877053e-03 3.129270064699071156e-03 5.583393825743807048e-02 9.363010641958110503e-01
3.640912442174845404e-03 2.584942938532617304e-03 4.360999809406643224e-02 9.501641465252259611e-01
3.027968163630930659e-03 2.247177168614354625e-03 3.561024218517871986e-02 9.591146124825759012e-01
2.740640578851300142e-03 2.052734604600104425e-03 3.042845217622199699e-02 9.647781726403265035e-01
2.644183757703141152e-03 1.959278939516618211e-03 2.691982487077712594e-02 9.684767124320030618e-01
2.600383566733685103e-03 1.884002289846376139e-03 2.457737435494156478e-02 9.709382397884783744e-01
2.548368584681103086e-03 1.780541754335411477e-03 2.344862483276045906e-02 9.722224648282230541e-01
2.503865827405697426e-03 1.701828316490292372e-03 2.343547452243623444e-02 9.723588313336679612e-01
2.483745594906813792e-03 1.670340724010098811e-03 2.416850132194656511e-02 9.716774123591366275e-01
2.539804438335714187e-03 1.672264987939729285e-03 2.529401059106977517e-02 9.704939199826545515e-01
2.713635499062649111e-03 1.691333368025486764e-03 2.633636638966937310e-02 9.692586647432428482e-01
2.973479650477768230e-03 1.716099125154992066e-03 2.660556158596048826e-02 9.687048596384070231e-01
3.230083951626040468e-03 1.721644626755427761e-03 2.565460675946696842e-02 9.693936646621515996e-01
3.425696867953145330e-03 1.686891966100199447e-03 2.375932073755418136e-02 9.711280904283926541e-01
3.556240213519773485e-03 1.603173232549370874e-03 2.146942351865889151e-02 9.733711630352718247e-01
3.651600202757004400e-03 1.487472580930590841e-03 1.904673194473908635e-02 9.758141952715734257e-01
3.742709519718596164e-03 1.384718117516800604e-03 1.650278553341100879e-02 9.783697868293533828e-01
3.802334732998040399e-03 1.330901172673572925e-03 1.375956358859497901e-02 9.811072005057337453e-01
3.746677607477575094e-03 1.322275794238645915e-03 1.079388461160965887e-02 9.841371619866738918e-01
3.528021914582155777e-03 1.339487204293302210e-03 7.874607344160377762e-03 9.872578835369640871e-01
2.485186117520008387e-03 8.678995850831230019e-04 5.662711807154057961e-03 9.909842024902426605e-01
2.467315591750938487e-03 1.098808806683666426e-03 3.996750860838647196e-03 9.924371247407268726e-01
2.578290467754700867e-03 1.473128656203170992e-03 2.934903837041392353e-03 9.930136770390006751e-01
2.976126401086168129e-03 2.051561298033845789e-03 2.240233429400506366e-03 9.927320788714796285e-01
3.818654661631102655e-03 2.980024704643387864e-03 1.789543894265340591e-03 9.914117767394604597e-01
5.277879000663740841e-03 4.552623537831307701e-03 1.554350409428235588e-03 9.886151470520766482e-01
7.536968922354178070e-03 7.212284779189446701e-03 1.507205486416395837e-03 9.837435408120401847e-01
1.066354023986862062e-02 1.148058284070116279e-02 1.626022507981730435e-03 9.762298544114486054e-01
1.502028302424620980e-02 1.685151615597980587e-02 1.847917925338795090e-03 9.662802828944354605e-01
1.753561184338018122e-02 2.362748983405948272e-02 2.326773206868815776e-03 9.565101251156913342e-01
1.780987599719704301e-02 2.918550892830088297e-02 3.186607000333720619e-03 9.498180080741684961e-01
1.629153139646401932e-02 3.047342742475056890e-02 4.929261811158873463e-03 9.483057793676262781e-01
1.386329515817772383e-02 2.619502689127843620e-02 9.068538593614262899e-03 9.508731393569297419e-01
1.122690679937736642e-02 1.955555634028974948e-02 2.114074965979932663e-02 9.480767872005335661e-01
8.552441839110306449e-03 1.467305658057961072e-02 5.969175919366339483e-02 9.170827423866466654e-01
6.182127427095748459e-03 1.121739213829827178e-02 1.656492917539940934e-01 8.169511886806117840e-01
3.739099453976270273e-03 7.948828364435001070e-03 3.925009464035671969e-01 5.958111257780213110e-01
1.935303972917116208e-03 4.440119598304538909e-03 6.876373532402518807e-01 3.059872231885261695e-01
1.154817324837704301e-03 1.983763036048481841e-03 8.835073795283171494e-01 1.133540401107966528e-01
2.828155989042256463e-04 9.280099761801756863e-04 9.603878973819887088e-01 3.840127704292678468e-02
1.680685684592887329e-04 1.627323690292223411e-04 9.845585005905391762e-01 1.511069847197234021e-02
4.008353195068292717e-05 3.922550694528707728e-05 9.926324923549179058e-01 7.288198606186008580e-03
1.390945892422986616e-05 1.369894831181218755e-05 9.957272436358833856e-01 4.245147956880644495e-03
6.171655227535660281e-06 6.090642145886195160e-06 9.971984042520192215e-01 2.789333450607335476e-03
3.386028961386763062e-06 3.337620034646082496e-06 9.979575862140612763e-01 2.035690136942867792e-03
2.362418605869884278e-06 2.324214425263258094e-06 9.983169622941792110e-01 1.678351072789713294e-03
2.082375222907400848e-06 2.047151362637662948e-06 9.984342056941640786e-01 1.561664779250429959e-03
2.132280712662856030e-06 2.097278747237668026e-06 9.984225748907610276e-01 1.573195549779003461e-03
2.216429866350638386e-06 2.182288238939407134e-06 9.983935900118215967e-01 1.602011270073089516e-03
2.111540943352400434e-06 2.082079680719666215e-06 9.984310175607531423e-01 1.564788818622788813e-03
1.830619107655551045e-06 1.810539461629875685e-06 9.985361936995345022e-01 1.460165141896282515e-03
1.545947489717376019e-06 1.536977719544801666e-06 9.986517774233514277e-01 1.345139651439323462e-03
1.359424342516059754e-06 1.360101765455577153e-06 9.987352859380109749e-01 1.261994535881018386e-03
1.297304411238303260e-06 1.305059765443115184e-06 9.987656771734969574e-01 1.231720462326424924e-03
1.311420842305312454e-06 1.322558726432341541e-06 9.987560081789382815e-01 1.241357841492958004e-03
3.698709395159181096e-02 9.457837794861508884e-01 6.247862480223138459e-04 1.660434031423487986e-02
3.715340152322920558e-02 9.469452185119874299e-01 5.185912425439215745e-04 1.538278872223909979e-02
3.419253757905387631e-02 9.505997832245077772e-01 4.371868693217302679e-04 1.477049232711684194e-02
3.117870759537631764e-02 9.530343646383252487e-01 4.093960603875048060e-04 1.537753170591101178e-02
2.962742918850720664e-02 9.524362613498978947e-01 4.501611917785090637e-04 1.748614826981643652e-02
3.203289878967651577e-02 9.463495747143543246e-01 5.518237951911803777e-04 2.106570270077802107e-02
3.657734883141462029e-02 9.379104166523978270e-01 6.946534398558557770e-04 2.481758107633178639e-02
4.338243064174149288e-02 9.287773507608657608e-01 8.451177871918589450e-04 2.699510081020093863e-02
5.399927232811936595e-02 9.182554871857063761e-01 9.764003857068436236e-04 2.676884010046713322e-02
7.542333546553831036e-02 8.978179793540298492e-01 1.129743215256257807e-03 2.562894196517576453e-02
1.154274807633252492e-01 8.580997984167211268e-01 1.445675365391719917e-03 2.502704545456171242e-02
1.903642183844842517e-01 7.812357119323332100e-01 2.113727761019249494e-03 2.628634192216310755e-02
2.901015063684829753e-01 6.765354125621660941e-01 3.453143462644618460e-03 2.990993760670644999e-02
3.762932196949957953e-01 5.810260985294086744e-01 6.119042624032964943e-03 3.656163915156263045e-02
4.077831526766530490e-01 5.342442853514531853e-01 1.101043602764374164e-02 4.696212594424989395e-02
3.790006297725821982e-01 5.395708786396267165e-01 1.952418129853376871e-02 6.190431028925719864e-02
3.179589490890459835e-01 5.654877766925444638e-01 3.472599995009605783e-02 8.182727426831364059e-02
2.738187967622206509e-01 5.573704326330608527e-01 6.120952419582441351e-02 1.076012464088941800e-01
2.617229047999387048e-01 4.900612752846263409e-01 1.105094945245831267e-01 1.377063253908518692e-01
2.649692131695429720e-01 3.805191813261193934e-01 1.943542434715598288e-01 1.601573620327777503e-01
2.549220805157732528e-01 2.719651524769043927e-01 3.138120589703256025e-01 1.593007080369965023e-01
2.160197080352629917e-01 1.861405722932328310e-01 4.611467819427143566e-01 1.366929377287898761e-01
1.557074547134409126e-01 1.181853205522509220e-01 6.227136534331688678e-01 1.033935713011393809e-01
8.055126508067521618e-01 1.719383200869326611e-01 6.073870270687367796e-03 1.647515883562779976e-02
7.456583717619745810e-01 2.378243668513485287e-01 3.997484061761200254e-03 1.251977732491553301e-02
6.565633388423645078e-01 3.308282343605129516e-01 2.835991585268966483e-03 9.772435211853806522e-03
5.558842734015931875e-01 4.345204858589461483e-01 2.130759178361405371e-03 7.464481561099470946e-03
4.689660797541229664e-01 5.241827480782658144e-01 1.356756345659003134e-03 5.494415821952270892e-03
4.004482191829228377e-01 5.946051194622962166e-01 9.681981388450450286e-04 3.978463215936049215e-03
3.520695378711247159e-01 6.443597479569149744e-01 7.087226489441983543e-04 2.861991523015938645e-03
3.228759088098684948e-01 6.744290395772430946e-01 5.535778854739778617e-04 2.141473727414183650e-03
3.134332856287596614e-01 6.843256962816522959e-01 4.811638806438424637e-04 1.759854208944049495e-03
3.266624384843514473e-01 6.712194498440449131e-01 4.755252242852184069e-04 1.642586447318260690e-03
3.620233175984824414e-01 6.356846357319038132e-01 5.374268474262720863e-04 1.754619822187649357e-03
4.076638659226817230e-01 5.895573934090294621e-01 6.810225311724325218e-04 2.097718137116254700e-03
4.486341247925899611e-01 5.477502261932366556e-01 9.273480998929656835e-04 2.688300914280265450e-03
4.813525416889617992e-01 5.138019557070444554e-01 1.302879866784640000e-03 3.542622737209346132e-03
5.123555933110619520e-01 4.807763892079762735e-01 2.162875051227121370e-03 4.705142429734411949e-03
5.587712916681241149e-01 4.325583978493860449e-01 2.732125912231742147e-03 5.938184570258121103e-03
6.137228659075711912e-01 3.756001249068396386e-01 3.343888499491189450e-03 7.333120686098098737e-03
6.553170700494156398e-01 3.313714923267064849e-01 4.091117926260449435e-03 9.220319697617346960e-03
6.575536379723370128e-01 3.249279161330786980e-01 5.183716876790213889e-03 1.233472901779389050e-02
6.059370604935965243e-01 3.694764287828146698e-01 6.866791584811385643e-03 1.771971913877719643e-02
5.180612289980583984e-01 4.462538680188448681e-01 9.425185115324394985e-03 2.625971786777247380e-02
4.267045193832283423e-01 5.214554989387132355e-01 1.334385628195970674e-02 3.849612539609897216e-02
3.487947753143992857e-01 5.768255350800488568e-01 1.954850585269867283e-02 5.483118375285310486e-02
2.916911875257814368e-01 6.055913672660262481e-01 2.940519124904638140e-02 7.331225395914585385e-02
2.631713020098956912e-01 6.066744092986873227e-01 4.064416371870458594e-02 8.951012497271244872e-02
2.654388190441557827e-01 5.824786351761794823e-01 5.184292330525541725e-02 1.002396224744090125e-01
2.898033486711432127e-01 5.419522148047232202e-01 6.242921308579265499e-02 1.058152234383404749e-01
3.205156782097201007e-01 4.995182025637655010e-01 7.254063141199973419e-02 1.074254878145145392e-01
3.440098606421291838e-01 4.676955815914284331e-01 8.184549918564616722e-02 1.064490585807962852e-01
3.496022141099722758e-01 4.551279124898809925e-01 9.004476381522152906e-02 1.052251095849251611e-01
3.306526661725901484e-01 4.655273079660854352e-01 9.747975112035757450e-02 1.063402747409668142e-01
2.911445978337560136e-01 4.930684582146504513e-01 1.050120067070518803e-01 1.107749372445417241e-01
2.469105931763412587e-01 5.219320613463613867e-01 1.140901414867133007e-01 1.170672039905841649e-01
2.128416314044154489e-01 5.374049012290025296e-01 1.272327334421903544e-01 1.225207339243916810e-01
1.920301734224873214e-01 5.364795746127395404e-01 1.465964319073097821e-01 1.248938200574633006e-01
1.788037191137616944e-01 5.267725857263506617e-01 1.704961214652219725e-01 1.239275736946655049e-01
1.679304295039719397e-01 5.171548979707911720e-01 1.925708539364751060e-01 1.223438185887618102e-01
1.582069567549321265e-01 5.148400060516168386e-01 2.042613521541123134e-01 1.226916850393387354e-01
1.494364763017097808e-01 5.239151684243118501e-01 2.021028993946677454e-01 1.245454558793104155e-01
1.391583784923753897e-01 5.465176483549243347e-01 1.910473525732966360e-01 1.232766205794037229e-01
1.237502106235605498e-01 5.851321306339148931e-01 1.779484638817395992e-01 1.131691948607848330e-01
1.038166222935438116e-01 6.382141846644523442e-01 1.639232005503445389e-01 9.404599249165924990e-02
8.301446687878219488e-02 6.998001298920635271e-01 1.459492177208183139e-01 7.123618550833603347e-02
6.398872085892337580e-02 7.634075438350400589e-01 1.224749608852295085e-01 5.012877442080715396e-02
4.847704173540736544e-02 8.214141386003237510e-01 9.653220036359365375e-02 3.357661930067527833e-02
3.843451947972043037e-02 8.667107488449493635e-01 7.285767805975180977e-02 2.199705361557830266e-02
3.152005929691478747e-02 9.003485432579405590e-01 5.389069648865796314e-02 1.424070095648639032e-02
2.843778328094262453e-02 9.233606577102322355e-01 3.897300479608507146e-02 9.228554212740103235e-03
2.804427733215739821e-02 9.394116957945535251e-01 2.656575328192568516e-02 5.978273591363470439e-03
2.810681052288079365e-02 9.521343520314333730e-01 1.607362203028572453e-02 3.685215415399551928e-03
2.688772451686984380e-02 9.627723103070374711e-01 8.310451807477406069e-03 2.029513368615580918e-03
2.601617380375101027e-02 9.691277157479016857e-01 3.859643941026573780e-03 9.964665073206220320e-04
2.880023952115609923e-02 9.689239290751701095e-01 1.812269292866443803e-03 4.635621108075242800e-04
3.931827479551342625e-02 9.594749595194088654e-01 9.769871686466551422e-04 2.297785164312140442e-04
6.400834972749387675e-02 9.351418573728724759e-01 7.032552351469543864e-04 1.465376644865392752e-04
1.064401060960284556e-01 8.926789306883228248e-01 7.381154118417184058e-04 1.428478038068678100e-04
1.559341770734621047e-01 8.436942286505797473e-01 2.947383008911690864e-04 7.685597506704447618e-05
1.895386731582814899e-01 8.101466569959524522e-01 2.427686837261111596e-04 7.190116204005914731e-05
2.092023943060472568e-01 7.905077349324508562e-01 2.160431549015565794e-04 7.382760660027755959e-05
2.248743361042340738e-01 7.748341199768656873e-01 2.088816933418522555e-04 8.266222555837134014e-05
2.423724222825721641e-01 7.573173149698123607e-01 2.125575828978779871e-04 9.770516471775611827e-05
2.573302087581583186e-01 7.423398813283100806e-01 2.138058870641841960e-04 1.161040264675242427e-04
2.575789748040474558e-01 7.420833219633035105e-01 2.027616816671882777e-04 1.349415509818442367e-04
2.421261505973420491e-01 7.575311456187308057e-01 1.846658924457546746e-04 1.580378914812414798e-04
2.319311541899554130e-01 7.676852250736926342e-01 1.781827265427564410e-04 2.054380098092784511e-04
2.531064355386147824e-01 7.463659894788552407e-01 2.031833637851959056e-04 3.243916187445941264e-04
3.093852300154932289e-01 6.897288758716809687e-01 2.749693883295939749e-04 6.109247244960986332e-04
3.715685896011651224e-01 6.267696011453663951e-01 4.108608046781210446e-04 1.250948448790364887e-03
4.106325342286747948e-01 5.861582631274699917e-01 6.396720920811983357e-04 2.569530551774144595e-03
4.327994335303785856e-01 5.610730761827832369e-01 1.004405288378131152e-03 5.123084998460063731e-03
4.536574573183553283e-01 5.349351870026227695e-01 1.562361919752478564e-03 9.844993759269194192e-03
4.624387494415422295e-01 5.167423494946885576e-01 2.533851374045593702e-03 1.828504968972391800e-02
4.355666698003147208e-01 5.256737504357225088e-01 4.202189256094630149e-03 3.455739050786827554e-02
3.477156520179550125e-01 5.767771300096129483e-01 8.124307343162844378e-03 6.738291062926916875e-02
2.158689260629644835e-01 6.444276835224038713e-01 1.523006293560963051e-02 1.244733274790217337e-01
1.165458710587393976e-01 6.319163819097328716e-01 2.397161581930212088e-02 2.275661312122255198e-01
6.793962082893471865e-02 5.185105403488898812e-01 3.216386040396559953e-02 3.813859784182099255e-01
4.567037325594015124e-02 3.785816113925561943e-01 3.805564924417650929e-02 5.376923661073274019e-01
3.465599249938747933e-02 2.624582822425244877e-01 4.122836251100309851e-02 6.616573627470848651e-01
2.796188329215844315e-02 1.834198950012408125e-01 4.177289567214959032e-02 7.468453260344510847e-01
2.264608226319482845e-02 1.387491523184727626e-01 4.090843097323421107e-02 7.976963344450981319e-01
1.777990625456146376e-02 1.185463569635709369e-01 4.045407191175186962e-02 8.232196648701156638e-01
1.358518352908280602e-02 1.105140885097743442e-01 4.179816813188298036e-02 8.341025598292598486e-01
9.918765888874662637e-03 1.045283408274279707e-01 4.645682876986260978e-02 8.390960645138345608e-01
7.881991277962486012e-03 9.526327374691051508e-02 5.290922347891686278e-02 8.439455114962098881e-01
6.026493182006649289e-03 8.244153165225277802e-02 6.298179628488288773e-02 8.485501788808575974e-01
4.913982309753892573e-03 7.196471152014462247e-02 7.582175673500143875e-02 8.472995494351003298e-01
4.762807902686731765e-03 7.070108451546799899e-02 8.945740417355965701e-02 8.350787034082854943e-01
5.707201240813019119e-03 8.148072482661773697e-02 1.020750856279351443e-01 8.107369883046340320e-01
