4.198341936049401757e-02 9.575735735182316910e-01 2.459385030068543244e-05 4.184132709733059344e-04
7.145601847842650810e-03 4.237741377903888251e-04 9.905942176768715024e-01 1.836406337495700286e-03
1.056353826965334211e-02 5.479402438102495658e-04 9.863641627158831193e-01 2.524358770653188817e-03
1.817317366708832982e-02 8.529975931568629065e-04 9.768681688313490818e-01 4.105659908405614837e-03
3.567971750106403717e-02 1.587808031539408686e-03 9.549150671836507120e-01 7.817407283746091035e-03
7.513100466915867415e-02 3.340093936336830695e-03 9.050640364369725299e-01 1.646486495753207366e-02
1.537789613886762774e-01 7.742218095485347423e-03 8.038568733787788689e-01 3.462194713705950277e-02
2.781807643606304392e-01 1.544823521072596385e-02 6.419147563490370523e-01 6.445624407960635904e-02
4.205059898860420975e-01 2.574488612823769978e-02 4.557794706556135278e-01 9.796965333010641819e-02
5.445580035776643735e-01 3.524931321911840137e-02 2.982272681515205082e-01 1.219654150516965296e-01
6.245114100543829316e-01 4.238955182758106371e-02 1.959680522106476697e-01 1.371309859073882587e-01
6.610957951266339672e-01 4.794381552381846157e-02 1.363401854935084034e-01 1.546202038560388625e-01
6.598740140486167860e-01 5.388146876960293874e-02 1.048791218324510999e-01 1.813653953493293280e-01
6.364072840378245388e-01 5.981588484558419266e-02 8.817279907350257517e-02 2.156040320430887280e-01
6.043023772220083023e-01 6.486764817556839313e-02 7.789041310546901409e-02 2.529395614969542350e-01
5.645194039596858060e-01 6.804212801816046652e-02 7.412069610488232485e-02 2.933177719172714859e-01
5.142935091885461052e-01 6.938244650227023969e-02 7.721456914950437789e-02 3.391094751596795409e-01
4.586715208202405414e-01 6.665866603822863390e-02 8.828730859851698087e-02 3.863825045430138716e-01
4.087462957351318260e-01 5.942012908984133784e-02 1.085429928100266617e-01 4.232905823650002231e-01
3.732078543097078205e-01 4.921136902972633037e-02 1.390932725708270423e-01 4.384875040897386889e-01
3.532967089329182575e-01 3.872863621195145323e-02 1.787497226444668408e-01 4.292249322106634346e-01
3.437839769461736861e-01 2.954088576475958836e-02 2.255585036822363443e-01 4.011166336068303639e-01
3.353686004183354386e-01 2.192362483015438540e-02 2.813087309796341584e-01 3.613990437718765381e-01
3.195653596860047463e-01 1.578069590129458841e-02 3.499864148137243891e-01 3.146675295989762033e-01
2.956318983436853620e-01 1.109434402991914259e-02 4.284850369290387206e-01 2.647887206973565943e-01
2.680478093614846458e-01 7.763760416799898173e-03 5.067650733816504438e-01 2.174233568400648908e-01
2.380173179350227319e-01 5.511878990250921630e-03 5.789205086925535149e-01 1.775502943821730129e-01
2.013013280805715788e-01 3.991812190123971218e-03 6.479889556993048139e-01 1.467179040299995407e-01
1.565597714833281140e-01 2.911394202234402276e-03 7.170603282194444317e-01 1.234685060949928248e-01
1.126843550301806635e-01 2.134064958810380670e-03 7.783265248601267672e-01 1.068550551508824498e-01
7.977495282359163553e-02 1.655385150026969466e-03 8.193464693609373573e-01 9.922319266544393779e-02
5.912038225927215840e-02 1.482109657793008331e-03 8.342876260906196828e-01 1.051098819923151906e-01
4.649026547550985655e-02 1.662160037488890013e-03 8.212454117381489116e-01 1.306021627488524184e-01
4.032241589725302916e-02 2.139890984214957992e-03 7.765600329769992705e-01 1.809776601415330755e-01
3.544231780106890661e-02 3.034514007003531310e-03 7.020308808855705296e-01 2.594922873063568169e-01
3.096229568239626528e-02 4.336906701822042937e-03 5.999433301435220800e-01 3.647574674722595667e-01
2.622948085073825014e-02 5.741507613669131864e-03 4.876306995018873658e-01 4.803983120337051438e-01
2.103943333028581580e-02 6.576576208982113508e-03 3.879683073341440025e-01 5.844156831265883145e-01
1.713877713885999382e-02 6.938137475826684948e-03 3.053505284853801349e-01 6.705725568999330033e-01
1.367588474220630262e-02 7.230286138798255706e-03 2.354625977187769226e-01 7.436312314002181401e-01
1.071083865427553510e-02 7.921022097892959149e-03 1.738030092586249353e-01 8.075651299892063761e-01
7.522369770122373095e-03 9.505991843253657966e-03 1.197832852404730475e-01 8.631883531461509440e-01
5.397678717885988874e-03 1.306453727747001851e-02 7.780183003653841356e-02 9.037359539681057985e-01
4.338156949801751268e-03 2.006390474045549946e-02 5.059212039224927210e-02 9.250058179174935891e-01
4.016000830309901168e-03 3.234208716499242103e-02 3.613818426517900056e-02 9.275037277395188351e-01
4.162377940971222039e-03 5.064468621485876398e-02 3.024804505115006453e-02 9.149448907930194386e-01
4.397839087076490724e-03 7.070741049806560097e-02 2.845158873909554159e-02 8.964431616757624344e-01
5.318713523093741152e-03 8.609435487446223667e-02 2.662545492511115761e-02 8.819614766773329340e-01
6.275004057613527489e-03 9.421225823497954288e-02 2.528231178309871610e-02 8.742304259243085518e-01
7.441686328940436829e-03 9.677903821099539949e-02 2.441577411576194290e-02 8.713635013443022936e-01
1.003436625827045132e-02 9.566501004631475236e-02 2.411592519987924496e-02 8.701846984955357023e-01
1.388509415429896483e-02 9.576797260169427062e-02 2.392124810615544814e-02 8.664256851378511204e-01
1.981969660093273883e-02 1.016161968697752715e-01 2.382226721400794792e-02 8.547418393152840244e-01
2.771125671761021786e-02 1.139499557912857369e-01 2.338141009933935796e-02 8.349573773917646768e-01
3.729312700831650257e-02 1.330678695360146269e-01 2.205758248118446993e-02 8.075814209744844874e-01
4.870808631399491800e-02 1.565859035543976374e-01 1.983638545733095587e-02 7.748696246742763361e-01
6.293909151192803031e-02 1.741432693180485214e-01 1.726905907282465236e-02 7.456485800971985878e-01
8.264310892418773313e-02 1.765536921915967505e-01 1.479019573279756299e-02 7.260130031514179239e-01
1.120136194574231220e-01 1.635563279044001117e-01 1.255377852840098771e-02 7.118762741097758306e-01
1.572642171492223684e-01 1.407392350382191959e-01 1.050695110396008235e-02 6.914895967085985529e-01
2.319375784186870071e-01 1.133082365957447935e-01 8.512901229239453610e-03 6.462412837563284995e-01
3.550982983356034683e-01 8.229660740391689377e-02 6.828759607348265648e-03 5.557763346531318094e-01
5.221811276092349630e-01 5.439979654024099109e-02 5.028197945817104199e-03 4.183908779047070259e-01
6.840201433887247440e-01 3.341338525032041401e-02 3.420554962935292397e-03 2.791459163980196667e-01
7.969614635705724037e-01 2.052861249603075630e-02 2.371213332816546511e-03 1.801387106005803984e-01
8.597815667417596508e-01 1.373642444944463310e-02 1.835181770435707384e-03 1.246468270383597615e-01
8.896796043769387152e-01 1.036775957322710016e-02 1.662344312760901440e-03 9.829029173707294620e-02
9.023711007073875745e-01 8.720578476421188621e-03 1.738087751189649902e-03 8.717023306500175373e-02
9.098509392863354250e-01 7.745309853921222495e-03 1.974560954751064003e-03 8.042918990499202392e-02
9.217440290700620320e-01 6.518968315669565125e-03 2.281775003338927868e-03 6.945522761092944031e-02
9.392799541899314875e-01 4.954623302983398800e-03 2.626524906394569515e-03 5.313889760069005069e-02
9.554371969583920210e-01 3.742754188781027315e-03 3.097474044926223132e-03 3.772257480790054684e-02
1.183232557804327206e-01 7.743245277307716501e-01 1.601264365160696285e-02 9.133957283718846520e-02
8.245915806501791234e-01 5.880854989483010054e-02 3.475115594891915044e-02 8.184871350607166030e-02
8.247140653055232695e-01 7.553860981272876585e-02 2.246990024742796799e-02 7.727742463432021869e-02
8.140360635878270967e-01 9.841937844846762595e-02 1.479383343946952777e-02 7.275072452423581026e-02
7.941782249614447453e-01 1.270502427746854901e-01 9.810618528683387116e-03 6.896091373518625778e-02
7.718111289671166775e-01 1.557274689701208803e-01 6.545490009768189024e-03 6.591591205299433820e-02
7.580284690890101151e-01 1.750114533824808083e-01 4.373763332944351906e-03 6.258631419556477671e-02
7.554272653191170805e-01 1.837235816202221483e-01 2.877977426220475025e-03 5.797117563444011135e-02
7.576038183067277387e-01 1.886781533111002995e-01 1.828240102936284353e-03 5.188978827923578646e-02
7.599568971865352518e-01 1.940495482035494712e-01 1.124535245239497404e-03 4.486901936467575097e-02
7.633164575147316500e-01 1.984285268923137446e-01 6.859566780681409593e-04 3.756905891488652310e-02
7.728634419960946911e-01 1.964012798903988777e-01 4.230706464127123654e-04 3.031220746709356595e-02
7.922269941693381723e-01 1.836746845124596628e-01 2.733926240783980232e-04 2.382492869412357675e-02
8.197837394562681457e-01 1.610489143616358754e-01 1.983159170367039396e-04 1.896903026505926404e-02
8.500078603845936387e-01 1.338464979724980630e-01 1.717963117296400868e-04 1.597384533117862312e-02
8.791043720821181129e-01 1.062770148783507840e-01 1.791497139685151705e-04 1.443946332556286100e-02
9.064282688247695674e-01 7.976401109852195026e-02 2.106726145519003811e-04 1.359704746215653973e-02
9.285281455787874894e-01 5.791908279433546913e-02 3.078292383842414067e-04 1.324494238849272670e-02
9.467347299614496947e-01 3.984916198462205156e-02 3.726825669251712984e-04 1.304342548700306373e-02
9.541165643779456751e-01 3.121141599368088687e-02 4.932617526024236790e-04 1.417875787577077724e-02
9.550680561088834564e-01 2.697537554723308112e-02 7.835085962975657211e-04 1.717305974758596976e-02
9.494441441760180789e-01 2.657879693353407818e-02 1.335560048210352770e-03 2.264149884223731757e-02
9.366495547881259487e-01 2.954993257709828333e-02 2.334598627561135231e-03 3.146591400721433091e-02
9.152403163628879401e-01 3.582579912979667186e-02 4.106449646872498138e-03 4.482743486044286213e-02
8.832373879230445146e-01 4.550970442766901630e-02 7.235618530669080811e-03 6.401728911861739868e-02
8.381983244050135173e-01 5.873209987656041742e-02 1.269546587454272943e-02 9.037410984388337398e-02
7.781893636960828253e-01 7.463535551103478438e-02 2.199454729140686016e-02 1.251807335014756828e-01
7.048981041446745754e-01 9.025631698415499671e-02 3.692409135519061220e-02 1.679214875159797671e-01
6.207515735488929876e-01 1.036126688944138119e-01 5.875277843809893763e-02 2.168829791185943601e-01
5.318670917908006057e-01 1.142074006464433439e-01 8.498351177481132390e-02 2.689419957879445322e-01
4.450952980391038039e-01 1.220375028596534100e-01 1.132168375529017806e-01 3.196503615483409777e-01
3.655781115394821645e-01 1.238340903954017053e-01 1.422156334599202765e-01 3.683721646051956733e-01
2.931299319538867021e-01 1.167261034599537950e-01 1.756251025957648038e-01 4.145188619903949490e-01
2.343894401136437933e-01 1.009634516176298319e-01 2.178739896984590307e-01 4.467731185702670249e-01
1.963659669667497387e-01 8.251182663310976939e-02 2.717795701308631795e-01 4.493426362692773401e-01
1.791212185530700329e-01 6.798330927271778457e-02 3.317379868725068848e-01 4.211574853017049369e-01
1.797151417089746517e-01 5.890086015140965497e-02 3.886725753056844423e-01 3.727114228339312718e-01
1.950251693508925632e-01 5.186947158579582884e-02 4.467683853155920981e-01 3.063369737477194543e-01
2.144829132902827951e-01 4.193870117325362856e-02 5.199151218091483395e-01 2.236632637273148760e-01
2.192823052342384171e-01 2.931321027226281919e-02 6.080333974949353459e-01 1.433710869985632130e-01
2.040567030767552748e-01 1.809424450424066549e-02 6.942120820640883538e-01 8.363697035491574061e-02
1.735570940847216137e-01 1.026985344021374286e-02 7.696491709171290330e-01 4.652388155793565211e-02
1.345872452683957443e-01 5.312391607999478529e-03 8.344164322387870314e-01 2.568393088481774056e-02
9.653178633593380298e-02 2.992875777739722760e-03 8.860251346047388621e-01 1.445020328158753281e-02
6.667310258732513095e-02 1.840239835834514039e-03 9.229602527270096557e-01 8.526404849830384464e-03
4.718519373059163607e-02 1.345373102130723985e-03 9.458842118725317993e-01 5.585221294746061348e-03
3.769877333141215259e-02 1.281717235102721071e-03 9.565781042487100372e-01 4.441405184775083087e-03
3.662680905085804323e-02 1.618470063584810702e-03 9.572162099657477441e-01 4.538510919809338878e-03
4.376582569379062343e-02 2.575943945382555035e-03 9.477472821500019240e-01 5.910948210824715394e-03
6.062848923301899368e-02 4.733106746043129996e-03 9.254999353245476623e-01 9.138468696390218346e-03
8.729138328718200057e-02 8.871690550879178863e-03 8.888943726137892298e-01 1.494255354814955777e-02
1.175014303175326569e-01 1.640683086277339858e-02 8.424123972203256816e-01 2.367934159936822477e-02
1.425654687622621708e-01 2.653969050890493328e-02 7.955676172268308921e-01 3.532722350200222933e-02
1.587480344754134409e-01 4.186777668430188837e-02 7.485774000652881677e-01 5.080678877499682222e-02
1.668101586786621682e-01 6.611013239111220019e-02 6.958899804274377709e-01 7.118972850278823539e-02
1.636129624628374357e-01 1.017943653992239988e-01 6.379811723809655222e-01 9.661149975697273795e-02
1.481712682871323961e-01 1.468899162082135390e-01 5.793206318045023284e-01 1.256181837001519030e-01
1.252856733968210345e-01 1.946477203055513583e-01 5.252810183165682600e-01 1.547855879810592639e-01
1.050368013292040797e-01 2.355367966037335281e-01 4.788971908258706778e-01 1.805292112411916172e-01
9.051725271516351812e-02 2.658829097607857128e-01 4.431129302101246004e-01 2.004869073139265157e-01
7.980711350169975016e-02 2.856179885366553206e-01 4.203005197584241959e-01 2.142743782032205113e-01
7.113075986259585759e-02 2.954799555602204975e-01 4.105409390571839179e-01 2.228483455199995189e-01
6.254467271181429755e-02 2.980639361548205191e-01 4.117388708549112319e-01 2.276525202784540347e-01
5.341943685524008084e-02 2.923404109794865424e-01 4.237937879051472123e-01 2.304463642601257134e-01
4.383303735659369732e-02 2.744529784708361064e-01 4.484078684985361996e-01 2.333061156740340036e-01
3.465711539171632133e-02 2.455863455627851910e-01 4.811928853928108540e-01 2.385636536526876961e-01
2.729617485369580099e-02 2.137287751251986390e-01 5.107052881163270941e-01 2.482697619047783688e-01
2.226587215501533643e-02 1.847225021607443174e-01 5.299221057860874495e-01 2.630895198981526573e-01
1.891403944291536118e-02 1.573656274514953768e-01 5.426278462324369833e-01 2.810924868731522475e-01
1.665131889812201949e-02 1.291449303332057041e-01 5.542427413114326962e-01 2.999610094572399133e-01
1.538808217760039357e-02 1.012492029504723640e-01 5.629735610392405665e-01 3.203891538326869015e-01
1.529207952268636650e-02 7.738786443232838208e-02 5.613336140924939377e-01 3.459864419524912860e-01
4.697264477758830714e-01 4.841608943845665536e-03 5.092091913536412884e-01 1.622275192662982896e-02
5.824677103968826930e-02 2.651364094415767109e-03 7.830770114118279501e-02 8.607941637247130684e-01
9.696937475788404426e-02 3.843224104469405034e-03 7.056477205254264862e-02 8.286226290851040899e-01
1.625993251622561697e-01 5.416526895574439761e-03 6.281783941755703093e-02 7.691663085246124298e-01
2.651246861049141867e-01 8.503667736568113270e-03 4.989690343316943721e-02 6.764747427253485768e-01
4.056737485427496792e-01 1.183141278650004687e-02 3.393440537171727583e-02 5.485604332990329235e-01
5.684429250393491229e-01 1.514292607111172168e-02 1.940585435711188883e-02 3.970082945324270862e-01
7.207382887744366862e-01 1.715370889476884944e-02 9.755869482720534031e-03 2.523521328480741732e-01
8.349994405865138747e-01 1.729788764718694083e-02 4.498209166679592412e-03 1.432044625996193310e-01
9.076968478665133899e-01 1.530609590857740995e-02 1.877643476289151802e-03 7.511941274861985707e-02
9.488831703749683877e-01 1.282623434514278127e-02 7.384789215201517307e-04 3.755211635836884498e-02
9.698249902934519273e-01 1.102736984790906802e-02 3.024940745581249676e-04 1.884514578408075236e-02
9.785706014717772128e-01 1.086693987276716317e-02 1.443558470837736046e-04 1.041810280837192002e-02
9.818686214299667814e-01 1.137634821691020127e-02 9.434742923729594474e-05 6.660682923885863881e-03
9.815380182934195785e-01 1.358609390827594104e-02 6.228474915808477187e-05 4.813603049146300376e-03
9.812940325097514460e-01 1.504608446694201754e-02 4.480954776845965748e-05 3.615073475537927510e-03
9.827552746479357726e-01 1.458115231893832540e-02 3.308795573216711681e-05 2.630485077393620707e-03
9.863422528270627820e-01 1.185293447397905639e-02 2.430742010899439897e-05 1.780505278849274118e-03
9.904844380991226771e-01 8.358722935971675885e-03 1.794208577533492645e-05 1.138896879130132326e-03
9.935946851088591769e-01 5.648288532990772617e-03 1.403542922799400221e-05 7.429909289220854246e-04
9.954737233362983551e-01 3.984621744293555430e-03 1.197149401502358358e-05 5.296834253927749101e-04
9.965046958897340046e-01 3.060143853538513717e-03 1.094507793538996437e-05 4.242151787920261366e-04
9.970018501649842158e-01 2.601282557192571929e-03 1.054665676226623667e-05 3.863206210607802245e-04
9.971341292806450429e-01 2.449077444759389932e-03 1.097474386014811854e-05 4.058185307355280185e-04
9.969423846464320338e-01 2.539212238044613861e-03 1.340497676609166864e-05 5.049981387570714715e-04
9.965234134865763593e-01 2.745798459053535451e-03 1.912487368815232776e-05 7.116631806817917596e-04
9.961925638211425182e-01 2.781886314825626413e-03 2.778183814712599712e-05 9.977680258846099992e-04
9.961141238272147591e-01 2.528759293619276677e-03 3.898506115783412766e-05 1.318131818008137736e-03
9.960416212979694706e-01 2.185926307683659295e-03 5.592097529092918026e-05 1.716531419056146644e-03
9.956265095759598838e-01 1.956075962682604901e-03 8.678715118888322513e-05 2.330627310168480355e-03
9.946177154328796899e-01 1.892133793814911209e-03 1.476381025886192521e-04 3.342512670717022894e-03
9.928052143282295461e-01 2.005384861120953002e-03 2.675029169628694871e-04 4.921897893686719844e-03
9.880052987482993432e-01 3.833399411463394527e-03 7.147729595953520925e-04 7.446528880641771313e-03
9.828707519062385156e-01 5.118455035115412367e-03 1.382646827937156946e-03 1.062814623070854406e-02
9.755658400189850532e-01 7.297384357013792303e-03 2.557193844538129240e-03 1.457958177946321217e-02
9.657099362243708462e-01 1.100559960827999367e-02 4.365018815621654440e-03 1.891944535172751518e-02
9.530115475641666167e-01 1.704200152441024893e-02 6.839987019803226397e-03 2.310646389161965381e-02
9.373100236403376639e-01 2.589517565853530559e-02 1.004207169338352384e-02 2.675272900774379112e-02
9.186352535242858774e-01 3.696338953502095043e-02 1.440205281615362931e-02 2.999930412453950812e-02
8.980984214652145692e-01 4.825208256347358199e-02 2.092189544366822654e-02 3.272760052764371597e-02
8.748301225065283626e-01 5.974144565835470821e-02 3.116264452927063056e-02 3.426578730584634025e-02
8.406844096816297185e-01 7.701119328095011596e-02 4.750832079146109777e-02 3.479607624595915105e-02
7.849509789460844544e-01 1.085906532841693778e-01 7.159937925701885530e-02 3.485898851272723614e-02
7.061004379404260956e-01 1.597346629846028154e-01 1.002143376693962334e-01 3.395056140557481394e-02
6.138263311266065614e-01 2.292625129036676701e-01 1.255422810917601051e-01 3.136887487796553853e-02
5.180381205400904632e-01 3.138077505358866093e-01 1.406768764558298246e-01 2.747725246819304398e-02
4.241063477033932827e-01 4.109775834324356780e-01 1.418256266407978694e-01 2.309044222337303109e-02
3.397382234047065519e-01 5.123519244932377426e-01 1.292563829016271093e-01 1.865346920042878012e-02
2.730858882718020242e-01 6.042879125342989211e-01 1.082276715431008396e-01 1.439852765079801741e-02
2.359889696048027563e-01 6.668811534738964264e-01 8.629638672191290716e-02 1.083349019938800901e-02
2.217302746370805877e-01 7.040576563840627022e-01 6.621961879094651060e-02 7.992450187910235884e-03
2.348213831652152528e-01 7.090259957110339739e-01 5.015480955384238326e-02 5.997811569908220904e-03
2.669250099372680873e-01 6.894612740943539819e-01 3.883952446628515659e-02 4.774191502092904257e-03
3.002875895187478994e-01 6.653554854485238534e-01 3.038507607414230385e-02 3.971848958586127187e-03
3.213073786137611298e-01 6.513512912571277624e-01 2.391834396793704812e-02 3.422986161173877887e-03
3.329546718539277417e-01 6.449877882881688285e-01 1.899864472542006633e-02 3.058895132483247306e-03
3.446808795868371300e-01 6.371870607826064514e-01 1.530333849767733130e-02 2.828721132879112414e-03
3.580303058727287713e-01 6.269720584960726262e-01 1.234957112928690426e-02 2.648064501911880867e-03
3.621891348656096632e-01 6.258384008012897182e-01 9.557802234991688226e-03 2.414662098108951230e-03
3.500412633862919898e-01 6.409215110876285149e-01 6.913863411910367053e-03 2.123362114169167775e-03
3.309973105146596373e-01 6.623535510929944303e-01 4.790667875686981450e-03 1.858470516658942496e-03
3.224462334611434833e-01 6.725153643993314612e-01 3.345742499407056147e-03 1.692659640117731828e-03
3.319443696931827503e-01 6.640140299980392680e-01 2.412828572748766491e-03 1.628771736029248178e-03
3.561156972870522797e-01 6.404323374150358017e-01 1.804347523814064805e-03 1.647617774098237425e-03
3.905491586217650912e-01 6.062519195424405094e-01 1.433977746170526750e-03 1.764944089624140636e-03
4.280534990086741765e-01 5.686516481169643367e-01 1.257355158357957971e-03 2.037497716003404229e-03
4.588176483203023626e-01 5.373762118979117375e-01 1.236422622436911733e-03 2.569717159348481033e-03
4.830421261113982401e-01 5.119852518080603154e-01 1.371973709591445137e-03 3.600648370950352162e-03
5.063077014066499348e-01 4.859163521798222085e-01 2.037953433354105972e-03 5.737992980173896827e-03
5.332376739919852948e-01 4.544156845526827748e-01 2.576785280987996165e-03 9.769856174344233868e-03
5.478293961893857533e-01 4.315733604324855643e-01 3.510914538153508697e-03 1.708632883997503529e-02
5.381226575585451588e-01 4.281231244100526245e-01 4.867641963361880528e-03 2.888657606804008807e-02
8.129226569186673301e-02 3.916295375937280110e-02 5.476213961797508079e-01 3.319233843690093666e-01
5.853331888399348343e-02 1.712418912665198203e-02 6.131246584759544316e-01 3.112178335134003770e-01
5.870383925868982028e-02 1.815602216197252303e-02 6.026421770422887292e-01 3.204979615370489032e-01
5.640455979465337083e-02 1.959556950537203954e-02 5.871048721057037234e-01 3.368949985942708558e-01
5.277103815439864593e-02 2.134584815117571838e-02 5.642737586039643372e-01 3.616093550904613818e-01
4.907446529402732793e-02 2.315997733853910126e-02 5.356350317498640434e-01 3.921305256175699472e-01
4.622822364159278469e-02 2.486558201250135478e-02 5.044903051961920903e-01 4.244158891497137875e-01
4.446582526654166423e-02 2.655434407522662410e-02 4.730757193700405594e-01 4.559041112881910274e-01
4.351901283288979461e-02 2.845385333773350206e-02 4.422154863136897318e-01 4.858116475156872283e-01
4.290178882272210892e-02 3.060772207706311671e-02 4.133703805579341251e-01 5.131201085422802954e-01
4.197802059987549433e-02 3.266915947623862115e-02 3.888984304659073299e-01 5.364543894579785199e-01
3.975378423393712696e-02 3.387125297557620068e-02 3.694941839478356194e-01 5.568807788426509697e-01
3.520515371136742622e-02 3.316014422511937704e-02 3.530521820387605425e-01 5.785825200247526334e-01
2.845901527549990137e-02 2.999572305877911196e-02 3.353974325917298271e-01 6.061478290739911179e-01
2.117985493721864093e-02 2.522695294003308997e-02 3.105311626938568326e-01 6.430620294288912353e-01
1.509729062774629177e-02 2.041145081838208197e-02 2.736749670263322054e-01 6.908162915275390947e-01
1.072718240193498707e-02 1.648344735721643181e-02 2.268303263705893913e-01 7.459590438702589088e-01
7.757934317699345314e-03 1.357441095285889451e-02 1.791752500001212167e-01 7.994924047293208158e-01
5.783114146615271796e-03 1.152173787281553230e-02 1.393141302652255720e-01 8.433810177153435728e-01
4.488151627360340012e-03 1.011395944959668329e-02 1.097014540435503754e-01 8.756964348794923358e-01
3.644919257165373135e-03 9.225880261742471986e-03 8.842501041521401428e-02 8.987041900658779836e-01
3.079167274120384219e-03 8.733383533343701613e-03 7.305406857290591693e-02 9.151333806196300102e-01
2.631724066569882635e-03 8.256695165732234887e-03 6.201835720684435727e-02 9.270932235608536631e-01
2.258855368547071051e-03 7.554793129504380929e-03 5.488135931370202725e-02 9.353049921882462536e-01
2.006961595320820666e-03 6.950834940723952214e-03 5.130468423332321115e-02 9.397375192306319791e-01
1.886936843338690847e-03 6.580879043441813930e-03 5.051472339131939104e-02 9.410174607219006226e-01
1.900331826777215379e-03 6.325561801118403764e-03 5.140730641999467082e-02 9.403667999521100329e-01
2.051941215613980497e-03 6.092439207195253850e-03 5.253929523390982875e-02 9.393163243432810505e-01
2.329568230789736457e-03 5.892641764916205574e-03 5.252990599188778198e-02 9.392478840124063311e-01
2.670438794482682572e-03 5.682145437436563959e-03 5.065202780499625246e-02 9.409953879630844620e-01
2.995777399253903191e-03 5.356469096145992197e-03 4.730347179085381965e-02 9.443442817137461809e-01
3.244427182949446205e-03 4.834506687855539588e-03 4.320714814231906703e-02 9.487139179868759875e-01
3.402083988770353978e-03 4.174716211786581518e-03 3.861280989446846945e-02 9.538103899049744649e-01
3.506196056606749288e-03 3.564275363284700061e-03 3.349866947434548131e-02 9.594308591057632007e-01
3.583901881891937962e-03 3.151149555774023382e-03 2.781271660702158352e-02 9.654522319553123788e-01
3.612474716421240541e-03 2.945274579957636498e-03 2.163508461375617670e-02 9.718071660898650599e-01
3.576106079157045838e-03 2.898156625139112607e-03 1.560209642488944413e-02 9.779236408708144035e-01
3.541812211781252776e-03 3.031849343898960179e-03 1.071864556602979482e-02 9.827076928782897403e-01
3.587684219474122308e-03 3.381073553292568944e-03 7.372983938345916213e-03 9.856582582888873123e-01
3.110424133691200559e-03 3.123496186982438125e-03 5.500507789517958789e-03 9.882655718898084585e-01
3.719064994045579147e-03 4.164190944782194224e-03 3.999103707316264099e-03 9.881176403538561859e-01
4.577561227503780528e-03 5.592287985117829797e-03 2.954066141843441490e-03 9.868760846455351121e-01
5.741917194571890745e-03 7.840274820140800266e-03 2.338894013971660416e-03 9.840789139713156386e-01
7.219801158472705094e-03 1.160121765545620715e-02 2.068893759104269928e-03 9.791100874269668131e-01
9.953363905260555547e-03 1.725976277397266861e-02 2.054305382329726232e-03 9.707325679384369854e-01
1.189552973184145046e-02 2.689777837014765971e-02 2.347010627625247415e-03 9.588596812703854555e-01
1.296588586712572357e-02 4.042379264653430532e-02 3.011194442696644123e-03 9.435991270436433487e-01
1.293890100416222357e-02 5.531633161555553346e-02 4.400687561389410134e-03 9.273440798188931078e-01
1.229670790138553613e-02 6.568704561623338323e-02 7.558202363631002021e-03 9.144580441187498687e-01
1.141094938827698704e-02 6.583480890224747972e-02 1.568927573081580623e-02 9.070649659786600427e-01
1.027149487502376606e-02 5.719076393430624211e-02 3.972124982681338873e-02 8.928164913638568789e-01
8.608293315161535258e-03 4.970029858303610243e-02 1.169958396439425563e-01 8.246955684578604062e-01
6.579688420480128350e-03 3.986781603114751549e-02 3.051026017029459525e-01 6.484498938454262840e-01
3.881697248965578113e-03 2.442462591543659994e-02 5.829148409685226406e-01 3.887788358670751787e-01
1.663919953144717048e-03 1.132748683518281820e-02 8.153350592266892516e-01 1.716735339849830289e-01
5.654576888592777835e-04 4.471667225054046929e-03 9.318511568119083321e-01 6.311171827417841329e-02
2.024093680713436060e-04 2.106152653599408994e-03 9.742510505136590115e-01 2.344038746467028839e-02
1.084183548794593872e-04 1.249575470134102169e-03 9.883721062680335123e-01 1.026989990695298220e-02
8.085468826616294354e-05 9.342401214984221358e-04 9.933997436538766213e-01 5.585161536358612851e-03
7.193961990329380749e-05 7.778191231754530335e-04 9.955723325442297211e-01 3.577908712691446527e-03
5.940251257896430437e-06 6.040160290510408445e-06 9.974822789882793472e-01 2.505740600172428906e-03
3.769463451238049879e-06 3.793977421365642688e-06 9.980551215572108781e-01 1.937315001916682959e-03
2.919341311024308766e-06 2.897679787565552741e-06 9.983263072931207738e-01 1.667875685780756921e-03
2.743382109652614818e-06 2.685681911152081479e-06 9.984002183293946286e-01 1.594352606584649315e-03
2.919776512834046142e-06 2.823107207225448101e-06 9.983613404412137182e-01 1.632916675066316530e-03
3.170529434239092639e-06 3.032292843945962312e-06 9.982951769756085447e-01 1.698620202113147910e-03
3.254615684482518112e-06 3.086637854624993538e-06 9.982671801621653129e-01 1.726478584295458195e-03
3.141363562367712107e-06 2.968879513186936545e-06 9.982845198749187299e-01 1.709369882005794651e-03
3.030069513370068967e-06 2.869867903948896255e-06 9.982971075410094208e-01 1.696992521573360054e-03
3.130636713781602003e-06 2.979050421860075166e-06 9.982485177733488868e-01 1.745372539515621007e-03
3.571601140427547225e-06 3.406266943235691519e-06 9.981033160964406514e-01 1.889706035475758510e-03
4.313165889820131060e-06 4.096018842394767111e-06 9.978772592824181054e-01 2.114331532849641690e-03
1.721238232003248145e-02 9.723090634353634965e-01 6.507240352472710163e-04 9.827830209356526112e-03
1.536896892147224421e-02 9.757565156759189229e-01 5.041642788181795697e-04 8.370351123790696277e-03
1.259140196361633983e-02 9.795598912083539611e-01 3.941768789740546079e-04 7.454529949055874356e-03
1.024871417994491218e-02 9.820893763644235053e-01 3.370865261856986414e-04 7.324822929446093804e-03
9.057830344947630577e-03 9.824238686325335035e-01 3.332554828249286046e-04 8.185045539694115954e-03
8.653290450786730106e-03 9.810725067321591775e-01 3.627314547185456748e-04 9.911471362335619664e-03
8.652673465428925917e-03 9.787895718437890080e-01 4.052366710291374825e-04 1.215251801975288960e-02
8.952594620576067447e-03 9.764332959513853938e-01 4.403403449763721236e-04 1.417376908306219874e-02
9.749146722864265174e-03 9.743614183531188466e-01 4.617906863966075295e-04 1.542764423762018992e-02
1.203468505622029214e-02 9.708530021807474375e-01 5.043341686573535451e-04 1.660797859437528057e-02
1.788878759748514791e-02 9.621709442013545166e-01 6.322175047853429960e-04 1.930805069637536384e-02
2.920684439073006206e-02 9.440730243451485038e-01 9.574700884498049680e-04 2.576266117567143493e-02
5.268125277349249708e-02 9.046598298945018879e-01 1.741455183686167665e-03 4.091746214831928907e-02
8.730328897387017173e-02 8.374248801619086358e-01 3.477029742263597345e-03 7.179480112195787966e-02
1.199080408982096668e-01 7.495099144090161536e-01 6.592788604697175613e-03 1.239892560880769962e-01
1.331009729634116678e-01 6.588405492859451540e-01 1.109061139502812501e-02 1.969678663556148346e-01
1.295331235097711420e-01 5.663449552165444878e-01 1.735725679182267486e-02 2.867646644818618307e-01
1.253714239824099408e-01 4.572885437649436002e-01 2.691191822713041859e-02 3.904281140255162486e-01
1.275988213318123288e-01 3.317389292192248762e-01 4.114014433622073530e-02 4.995221051127421985e-01
1.321206857202423812e-01 2.155351540511336317e-01 6.009270801003089441e-02 5.922514522185932107e-01
1.324901173310593649e-01 1.350919217496493463e-01 8.945585121298203768e-02 6.429621097063094037e-01
1.276746489670384510e-01 8.883977284589687773e-02 1.476103924722617089e-01 6.358751857148026154e-01
1.164441939737755199e-01 5.906903326978318880e-02 2.583346458117863342e-01 5.661521269446548876e-01
7.687243125188572002e-01 1.863032567155066266e-01 7.020497301124389855e-03 3.795193346451186667e-02
6.500957304921818336e-01 3.093953331718860000e-01 5.388763693955199267e-03 3.512017264197698357e-02
4.912349644635414236e-01 4.730961089401621300e-01 4.071675595495947118e-03 3.159725100080030408e-02
3.407736128600248882e-01 6.299064214907978965e-01 2.806192648034542582e-03 2.651377300114282284e-02
2.276971891337898901e-01 7.493067555799409751e-01 1.885950772563589660e-03 2.111010451370581853e-02
1.558483169784066757e-01 8.267276070883061712e-01 1.250195793403427545e-03 1.617388013988350914e-02
1.122797285404511097e-01 8.747943498234929116e-01 8.463835664213579819e-04 1.207953806963464605e-02
8.978117420039365137e-02 9.003585272797723915e-01 5.978568956300062652e-04 9.262441624204051024e-03
7.955610727313060238e-02 9.122053889965427986e-01 4.776416405512993427e-04 7.760862089775131221e-03
7.890073259649718618e-02 9.132438354407005354e-01 4.463354665755332154e-04 7.409096496226871657e-03
8.755434614453695696e-02 9.037717762111853181e-01 4.946558093021529486e-04 8.179221834975715713e-03
1.044259931277396053e-01 8.847163091822668468e-01 6.346260410649367210e-04 1.022307164892886228e-02
1.280751788597705443e-01 8.573005033139229347e-01 8.696418379206888793e-04 1.375467598838597122e-02
1.538896623169553612e-01 8.259735150045410812e-01 1.245801263241565204e-03 1.889102141526242951e-02
1.846193893073112269e-01 7.881253845542586234e-01 1.761015225009877156e-03 2.549421091341999221e-02
2.234466005217635165e-01 7.411847212987334732e-01 2.377476873822757537e-03 3.299120130568022197e-02
2.676267105976036231e-01 6.883261066341951340e-01 3.027223530391351392e-03 4.101995923780980824e-02
3.037578507213439249e-01 6.423057464495106617e-01 3.683251583432702123e-03 5.025315124571246017e-02
3.098388092847725872e-01 6.238367080713563828e-01 4.371256276394098160e-03 6.195322636747718076e-02
2.812680490107904441e-01 6.365876532123115883e-01 4.984992473483796163e-03 7.715930530341393034e-02
2.343759007007722162e-01 6.627643298328461663e-01 5.744289929996936744e-03 9.711547953638485775e-02
1.945183768124294221e-01 6.754367813663672004e-01 7.152782718953814775e-03 1.228920591022495401e-01
1.645337071765610726e-01 6.732569952473151931e-01 9.782146976947824965e-03 1.524271505991757480e-01
1.463089115282491526e-01 6.622886204190890913e-01 1.404619756842455207e-02 1.773562704842371884e-01
1.433227846479248335e-01 6.477585906400632476e-01 1.965078719484790459e-02 1.892678375171638339e-01
1.597203070851332396e-01 6.265125628334562435e-01 2.597981241749658388e-02 1.877873176639139330e-01
1.957999109624262712e-01 5.936746601480988872e-01 3.296710178426029425e-02 1.775583271052144363e-01
2.437507631376037154e-01 5.536125633656256984e-01 4.048872789237037417e-02 1.621479456044003786e-01
2.909458624177873598e-01 5.169671850749529840e-01 4.779421059555448437e-02 1.442927419117053522e-01
3.237373679164717299e-01 4.944464367593673915e-01 5.417315470654381071e-02 1.276430406176168042e-01
3.320987472483767911e-01 4.926290193478088941e-01 5.965146427251785677e-02 1.156207691312964858e-01
3.164213918709409823e-01 5.091320691228744533e-01 6.498337097194513412e-02 1.094631680342392915e-01
2.886585149915385506e-01 5.319090990247595796e-01 7.138005556080199987e-02 1.080523304228997866e-01
2.625443680420180836e-01 5.475510438297871429e-01 8.047245732051241940e-02 1.094321308076825622e-01
2.436335424544985584e-01 5.509869566874189273e-01 9.349317866288116285e-02 1.118863221952014902e-01
2.295471662505966237e-01 5.469996477038492344e-01 1.092094496880964688e-01 1.142437363574578119e-01
2.171941177137342582e-01 5.423453477745500129e-01 1.234809007192769065e-01 1.169796337924389751e-01
2.055282134394814664e-01 5.427642727092680808e-01 1.307019700688636377e-01 1.210055437823863156e-01
1.932257489940407136e-01 5.520886310126187357e-01 1.287371005631248733e-01 1.259485194302158162e-01
1.766433361172319305e-01 5.737859353924303907e-01 1.205099634705520950e-01 1.290607650197857781e-01
1.519292006380325299e-01 6.115498625961909296e-01 1.098794448965486059e-01 1.266414918692280733e-01
1.222542521743406746e-01 6.618095631946855351e-01 9.835458111422569483e-02 1.175816035167479429e-01
9.422228477990551854e-02 7.165134189000287313e-01 8.554086537413138625e-02 1.037234309459340309e-01
7.120129662097460232e-02 7.700147691406310502e-01 7.117235728480274248e-02 8.761157695359168829e-02
5.427450824816271863e-02 8.175567056721048109e-01 5.677334487562379212e-02 7.139544120410856731e-02
4.318470467209011010e-02 8.562292743069088718e-01 4.423930492668380621e-02 5.634671609431732980e-02
3.694948986047361800e-02 8.860193101810759364e-01 3.416773111182241224e-02 4.286346884662838724e-02
3.490410968505089362e-02 9.077709280444300477e-01 2.596587675574803591e-02 3.135908551477104012e-02
3.633856413700439075e-02 9.231498717916005736e-01 1.860643815602525467e-02 2.190512591536979484e-02
4.003637980733017881e-02 9.344326658971888744e-01 1.158554423482577311e-02 1.394541006065543910e-02
4.008331134799393569e-02 9.462968886344160779e-01 6.044344506166060560e-03 7.575455511423726321e-03
4.078676751416093760e-02 9.528057114879546763e-01 2.794054278715642822e-03 3.613466719168526020e-03
4.750628482670717773e-02 9.495447860253415362e-01 1.295662545372661253e-03 1.653266602578680987e-03
6.747863017933516949e-02 9.310459429512117913e-01 6.762358975691881019e-04 7.991909718839702989e-04
1.109226963923599513e-01 8.881621144283798897e-01 4.510045186363603872e-04 4.641846606238503011e-04
1.844699074201687217e-01 8.149779310783864528e-01 2.390816019079743462e-04 3.130798995369453810e-04
2.606590379956650882e-01 7.389087911694235400e-01 1.721965445363153201e-04 2.599742903751648868e-04
3.147482774468821631e-01 6.848755842971289143e-01 1.342128854970763615e-04 2.419253704919419338e-04
3.516533508429385835e-01 6.479870536803336023e-01 1.141652906468600430e-04 2.454301860814389808e-04
3.868973541336945265e-01 6.127304184509844154e-01 1.054241052805959128e-04 2.668033100400108359e-04
4.277909635800550281e-01 5.718042938703403744e-01 1.018977804888181236e-04 3.028447691159094992e-04
4.665920344913345730e-01 5.329598568547320170e-01 9.799031867373140744e-05 3.501183352598721756e-04
4.879619241879654679e-01 5.115347830160709153e-01 9.175355571861401659e-05 4.115392402453050863e-04
4.935990501084004944e-01 5.058108465839187273e-01 8.598699850267305415e-05 5.041163091779879901e-04
5.099811801060106786e-01 4.890384582132424884e-01 2.315213352099320179e-04 7.488403455367266927e-04
5.756092170757365345e-01 4.231467855142279633e-01 1.888248161174100139e-04 1.055172593917741214e-03
6.753520774373389379e-01 3.227961796077500334e-01 1.611573459920712451e-04 1.690585608918888927e-03
7.595032140285177258e-01 2.373034349648470154e-01 2.013391534324073006e-04 2.992011853202812804e-03
8.083722285614131087e-01 1.856611417263900887e-01 3.202340045394202420e-04 5.646395707657474519e-03
8.339144229785694362e-01 1.546331613486900403e-01 5.587672754967382138e-04 1.089364839724391715e-02
8.447102242507024128e-01 1.336303933519593368e-01 1.017145842328515863e-03 2.064223655500952229e-02
8.349334457495051209e-01 1.245534610347052012e-01 1.963532537630033412e-03 3.854956067815947657e-02
7.833289941817672686e-01 1.372850826662594670e-01 4.361449967538959423e-03 7.502447318443450364e-02
6.492419775429925100e-01 1.892056970441334807e-01 1.084209050778644698e-02 1.507102349050875312e-01
4.330887702745586099e-01 2.826364779330147736e-01 2.222842007159047187e-02 2.620463317208361897e-01
2.470131937657245036e-01 3.673907015934685383e-01 3.163090249885500832e-02 3.539652021419519845e-01
1.428524620751131791e-01 3.961261570052100889e-01 3.967239635318761670e-02 4.213489845664887268e-01
9.149440058533084286e-02 3.692684537486439766e-01 4.883759706833441100e-02 4.903995485976906377e-01
6.588598741045248453e-02 3.157906577430895645e-01 5.786483766945746399e-02 5.604585171770006813e-01
5.113064052423731826e-02 2.648748377356698325e-01 6.475838352750183657e-02 6.192361382125909364e-01
4.033518769846729246e-02 2.373129050132037621e-01 6.902649801770924243e-02 6.533254092706193283e-01
3.091882940245476927e-02 2.389631251626797570e-01 7.232122134103564914e-02 6.577968240938302236e-01
2.299023029796757808e-02 2.584259477582078746e-01 7.646686048796030866e-02 6.421169614558646099e-01
1.731158230338823364e-02 2.754965331070383661e-01 8.262661894367755167e-02 6.245652656458962060e-01
1.355674905743363932e-02 2.763094230084845448e-01 9.161626387421914486e-02 6.185175640598623570e-01
1.105038697128330610e-02 2.599410908955767652e-01 1.035898513407792487e-01 6.254186707923603539e-01
9.582918675461880170e-03 2.405802588062997682e-01 1.178726525142135828e-01 6.319641700040247168e-01
9.521145437108262735e-03 2.399267061997739925e-01 1.328818985749069537e-01 6.176702497882108345e-01
1.123734514523067225e-02 2.663745474509813249e-01 1.472378113503658159e-01 5.751502960534226050e-01
