7.311227421817251271e-02 9.262847838021741609e-01 3.513854667889495051e-05 5.678034329745648093e-04
3.860843188095367928e-03 8.486568442171582441e-04 9.927600872527404530e-01 2.530412714946893467e-03
6.236237340768576928e-03 1.068866687435441601e-03 9.892401566773718624e-01 3.454739294424277567e-03
1.178784572902905926e-02 1.563449211741178803e-03 9.811304626985624111e-01 5.518242360667378367e-03
2.546784490058970341e-02 2.627309032371787090e-03 9.616903448050039271e-01 1.021450126203459104e-02
5.864511891729902449e-02 4.781045652041140091e-03 9.158437375219370402e-01 2.073009790872287414e-02
1.272525010262148260e-01 9.151561375939958748e-03 8.218941624740683238e-01 4.170177512377658963e-02
2.423695317742752542e-01 1.529781291728382446e-02 6.672861378018600798e-01 7.504651750658099252e-02
3.784791201339087197e-01 2.174340816772266788e-02 4.871051610437766022e-01 1.126723106545918784e-01
5.001257193631832854e-01 2.623567416809542349e-02 3.315267944422094493e-01 1.421118120265117968e-01
5.802723762823984721e-01 2.806675175157576779e-02 2.282248269527420992e-01 1.634360450132836540e-01
6.180610503099689401e-01 2.848603311999431398e-02 1.657015527598768023e-01 1.877513638101602766e-01
6.145437573665858411e-01 2.878947894761569801e-02 1.320817363338361028e-01 2.245850273519623130e-01
5.851373912688099255e-01 2.915994457240915841e-02 1.123915990132005049e-01 2.733110651455803453e-01
5.430225305457592189e-01 2.944535672278454294e-02 9.935049913202259608e-02 3.281816135994335415e-01
4.913373674710839745e-01 2.959945012977096418e-02 9.227193659981533513e-02 3.867912457993299413e-01
4.290859144106540235e-01 2.937308629686607650e-02 9.136284903072022789e-02 4.501781502617596131e-01
3.622215928042780142e-01 2.822899608663760260e-02 9.669652157377904567e-02 5.128528895353056116e-01
3.028460722641577174e-01 2.581395614545636472e-02 1.095485558481626709e-01 5.617914157422232435e-01
2.598441676573871595e-01 2.250301303478958320e-02 1.315126822413352214e-01 5.861401370664879318e-01
2.344666926293204612e-01 1.905792802968439559e-02 1.626253893975447007e-01 5.838499899434502760e-01
2.226082644155175094e-01 1.591823782747736962e-02 2.017403939053025730e-01 5.597331038517027180e-01
2.162589544334769798e-01 1.292681450143162540e-02 2.516576322808606880e-01 5.191565987842305940e-01
2.114714935547673813e-01 1.046793227225813194e-02 3.128019590354971236e-01 4.652586151374774603e-01
2.047246293450414034e-01 8.353905906320933245e-03 3.839698735804354945e-01 4.029515911682025053e-01
1.973257660567444560e-01 6.662671116353206802e-03 4.551472884523577456e-01 3.408642743745448622e-01
1.858002294577086599e-01 5.276653137281065060e-03 5.216024799135485779e-01 2.873206374914619166e-01
1.665695847281577768e-01 4.177808595317093233e-03 5.832176368698823721e-01 2.460349698066429669e-01
1.371106053953055903e-01 3.267810320710990649e-03 6.435882737422258248e-01 2.160333105417573951e-01
1.042883514695432806e-01 2.535335898029001094e-03 6.974874982208564278e-01 1.956888144115713490e-01
7.801033872528563562e-02 2.051336112225572543e-03 7.317835574840491075e-01 1.881547676784395273e-01
6.112193746963051622e-02 1.869517841028997323e-03 7.358834695078916299e-01 2.011250751814487869e-01
5.153049466381034310e-02 2.031163041154191058e-03 7.031299481386538153e-01 2.433083941563815578e-01
4.600960227658192070e-02 2.526960018780206960e-03 6.352121444588958443e-01 3.162512932457422488e-01
4.188917522185600650e-02 3.321621740577567015e-03 5.406630928710236539e-01 4.141261101665428268e-01
3.746882895216689657e-02 4.344631432732777403e-03 4.335944537127829346e-01 5.245920859023172067e-01
3.219912278431558833e-02 5.274022822640967237e-03 3.348213635329440052e-01 6.277054908600996352e-01
2.718085466395901012e-02 5.674292734062055983e-03 2.576863487791921092e-01 7.094585038227871898e-01
2.327491605817639739e-02 5.669478288494658215e-03 1.987785018176551621e-01 7.722771038356739393e-01
1.984668623396988393e-02 5.740476668743827240e-03 1.509727517189985435e-01 8.234400853782880558e-01
1.613969800238895108e-02 6.260620865556520281e-03 1.098677092932408977e-01 8.677319718388136760e-01
1.219936438414590679e-02 7.442404856017265438e-03 7.443486571369056781e-02 9.059233650461462339e-01
8.870545837303844827e-03 9.654086401121197980e-03 4.740593855384928751e-02 9.340694292077255101e-01
6.844374971076911882e-03 1.386233202469223588e-02 3.003739237187004821e-02 9.492559006323608717e-01
5.915581076519276643e-03 2.121596938601121723e-02 2.054354563083672300e-02 9.523249039066331578e-01
5.643390718703344099e-03 3.221697462570129178e-02 1.602922669555496143e-02 9.461104079600407557e-01
5.838235084822188115e-03 4.505516014348352749e-02 1.392419035302420484e-02 9.351824144186698939e-01
6.472969652800600326e-03 5.601019086583970685e-02 1.284438959090108447e-02 9.246724498904587142e-01
7.640323505055248571e-03 6.278612265504482370e-02 1.210746378731083171e-02 9.174660900525892782e-01
9.640430108474812645e-03 6.498853303660576120e-02 1.152505062795681698e-02 9.138459862269625589e-01
1.307823744140793748e-02 6.346795224018927928e-02 1.104667148068921509e-02 9.124071388377139602e-01
1.903277857061842077e-02 6.147148864946826163e-02 1.061189405710587057e-02 9.088838387228069804e-01
2.834536638774819151e-02 6.196292873088772579e-02 1.012222425940296350e-02 8.995694806219608486e-01
4.062805525087854336e-02 6.479065166073169624e-02 9.374827429987679650e-03 8.852064656584021085e-01
5.546184636206252794e-02 6.925441214807259716e-02 8.274012393009639449e-03 8.670097290968551418e-01
7.333029858162634640e-02 7.366112941478515641e-02 6.990294821246601301e-03 8.460182771823420156e-01
9.573170044024544023e-02 7.351320083173357167e-02 5.774021224473982646e-03 8.249810775035467669e-01
1.255859493346396238e-01 6.565327364155078282e-02 4.700410477063461136e-03 8.040603665467461747e-01
1.667204644883592823e-01 5.086474953992661113e-02 3.786921632924570343e-03 7.786278643387894993e-01
2.255983005880335956e-01 3.651837977544335895e-02 2.983073356699330811e-03 7.349002462798239765e-01
3.182867615397650951e-01 2.386345840314802944e-02 2.309667278956003319e-03 6.555401127781306236e-01
4.622998147264624769e-01 1.455425094987026526e-02 1.729128155637916098e-03 5.214168061680293231e-01
6.351301804084779068e-01 8.333675540526021969e-03 1.249717365645302680e-03 3.552864266853505981e-01
7.764506459583666587e-01 5.261016990565268135e-03 1.006633955655440033e-03 2.172817030954125872e-01
8.626984160803147228e-01 3.128132225594310641e-03 7.172755050545414485e-04 1.334561761890364351e-01
9.060153999468713026e-01 2.171752897989774871e-03 6.024649034057766566e-04 9.121038225173304370e-02
9.246558680640238892e-01 1.797481344401844145e-03 6.011558378007514358e-04 7.294549475377350156e-02
9.309811062033324092e-01 1.711218128040887382e-03 6.959968057349607889e-04 6.661167886289184881e-02
9.339088480410677739e-01 1.734718150821179658e-03 8.793668880920649722e-04 6.347706692001917061e-02
9.411665523284770130e-01 1.660498401401264059e-03 1.136204889743317901e-03 5.603674438037836714e-02
9.540005200295837984e-01 1.423649193432845834e-03 1.468929838037988725e-03 4.310690093894503638e-02
9.661191558285862069e-01 8.073568289083241003e-04 1.915788127574155533e-03 3.115769921493121569e-02
2.478649956299850132e-01 4.568742237489549218e-01 2.976603811990565993e-02 2.654947425011544571e-01
7.482773291101099122e-01 5.179700396004614099e-02 6.949677195024515919e-02 1.304288949795990027e-01
7.719058656909199012e-01 6.428329742697677651e-02 4.349452499976896175e-02 1.203163118823344369e-01
7.757343045806976978e-01 8.426843777559184234e-02 2.904686725545055012e-02 1.109503903882601838e-01
7.645804365456559948e-01 1.121741888069291010e-01 1.999778576845673631e-02 1.032475888789579632e-01
7.450480432879116321e-01 1.445710051715838884e-01 1.413751079448150906e-02 9.624344074602256272e-02
7.297785516083183932e-01 1.728033163082647317e-01 1.001464950585840598e-02 8.740348257755839456e-02
7.248318081603134511e-01 1.927297382784800561e-01 6.865836864703862494e-03 7.557261669650254532e-02
7.257872390724325884e-01 2.079932217865373689e-01 4.405034016935802099e-03 6.181450512409425446e-02
7.273602888593707627e-01 2.219000059657954826e-01 2.653162078635280721e-03 4.808654309619826706e-02
7.302891423031392382e-01 2.323146392188821518e-01 1.551968224850666005e-03 3.584425025312800578e-02
7.417274795399350085e-01 2.318061781216914086e-01 9.080460323687642712e-04 2.555829630600493438e-02
7.668597258636455916e-01 2.148821787238601733e-01 5.527890735032297978e-04 1.770530633899105796e-02
8.034199477878622986e-01 1.837353303652044523e-01 3.746004912988739775e-04 1.247012135563425016e-02
8.440181201063502447e-01 1.463543564710312050e-01 3.007683927441863795e-04 9.326755029874286146e-03
8.833510532719274222e-01 1.088501513254589437e-01 2.909129150562715280e-04 7.507882487557255430e-03
9.192441309609163946e-01 7.407674025874100288e-02 3.222050275011778173e-04 6.356923752841537809e-03
9.480674234753940777e-01 4.598703878982701027e-02 3.845903593028287843e-04 5.560947375476361053e-03
9.665238346482244447e-01 2.787403223059048765e-02 4.503831272806070075e-04 5.151749993904517454e-03
9.773584464279473361e-01 1.693611100795181998e-02 5.900196002438628639e-04 5.115422963856897619e-03
9.823633525263338884e-01 1.123582046232465478e-02 8.270560804221725607e-04 5.573770930919196356e-03
9.839251957920515101e-01 8.326631756123728870e-03 1.201215888329440875e-03 6.546956563495300377e-03
9.811343922198471068e-01 8.528113800557395041e-03 2.106552607974792289e-03 8.230941371620901018e-03
9.780526916978981022e-01 8.421248659491424246e-03 3.099750094073884608e-03 1.042630954853651648e-02
9.728234701819992170e-01 9.007705071907524605e-03 4.635745250507904494e-03 1.353307949558528456e-02
9.642023255119980263e-01 1.041493293680594186e-02 7.206334147035405556e-03 1.817640740416082840e-02
9.496069509358020522e-01 1.295904606080877305e-02 1.185710376161552837e-02 2.557689924177368804e-02
9.251267443357783504e-01 1.699695206118797403e-02 2.051032366014274647e-02 3.736597994289100888e-02
8.858193548047618160e-01 2.298530317465770009e-02 3.587188365522474970e-02 5.532345836535568911e-02
8.291956314383499560e-01 3.098914336476500317e-02 5.962382152134872160e-02 8.019140367553628801e-02
7.587266896010211870e-01 4.024149577731211957e-02 9.068542595268745676e-02 1.103463886689794310e-01
6.767770486833982746e-01 5.000623586745411159e-02 1.288372907852299576e-01 1.443794246639177326e-01
5.779506017577059618e-01 5.908924980114229480e-02 1.820760563780544627e-01 1.808840920630973848e-01
4.740539737122855812e-01 6.386473542258314096e-02 2.525543040456839639e-01 2.095269868194474527e-01
3.879460006667207472e-01 6.202315669749389887e-02 3.336921955741425361e-01 2.163386470616429080e-01
3.400549420425387215e-01 5.688895935221731370e-02 4.032881410306994874e-01 1.997679575745446023e-01
3.255413317703177989e-01 5.225444856608309208e-02 4.528607242384720122e-01 1.693434954251269997e-01
3.387584098494830220e-01 4.681080691858995058e-02 4.827302054719420088e-01 1.317005777599852545e-01
3.527268472306668845e-01 3.786311079113929140e-02 5.172638831441068730e-01 9.214615883408673602e-02
3.401458248905115944e-01 2.713256076932504465e-02 5.737837344851718369e-01 5.893787985499190224e-02
2.997789650316181609e-01 1.775941925190378801e-02 6.469061647750111721e-01 3.555545094146686513e-02
2.439660531975376134e-01 1.094158525592141967e-02 7.243716064807773636e-01 2.072075506576327719e-02
1.835170112369724216e-01 6.615510583846457085e-03 7.978436011252161286e-01 1.202387705396511415e-02
1.293093477694003957e-01 4.103992720693279243e-03 8.594625632059185172e-01 7.124096303987703833e-03
9.134343686571261278e-02 2.739217794011520116e-03 9.014318158989640395e-01 4.485529441311799856e-03
6.878059114197587753e-02 2.128497581623003693e-03 9.258846666630941025e-01 3.206244613307330290e-03
6.028292525890876358e-02 2.096231249433723291e-03 9.347678523380299476e-01 2.852991153627378648e-03
6.390333762218605718e-02 2.634949005978368553e-03 9.301784482720515390e-01 3.283265099784191381e-03
8.030296372944285832e-02 4.014302577399779873e-03 9.109679525239836595e-01 4.714781169173643330e-03
1.120840643071130543e-01 6.844975563700602360e-03 8.733290932735668921e-01 7.741866855619403479e-03
1.579995627528698876e-01 1.231566976834770795e-02 8.166230187708923838e-01 1.306174870788986107e-02
2.021721348015340369e-01 1.989410481416713922e-02 7.571349872386339275e-01 2.079877314566504556e-02
2.300168778843713902e-01 3.035858211397018946e-02 7.083518175427465646e-01 3.127272245891194596e-02
2.409288935355840822e-01 4.615676425736228022e-02 6.674513203555998420e-01 4.546302185145384422e-02
2.394614203559851662e-01 7.088973926584254959e-02 6.253537126912565025e-01 6.429512768691565683e-02
2.217241100495583039e-01 1.066009691379995739e-01 5.832618822900270672e-01 8.841303852241468031e-02
1.881399845081873634e-01 1.502138449094604367e-01 5.441652079168212142e-01 1.174809626655307498e-01
1.497176610792372575e-01 1.929375324411578274e-01 5.086946061135131369e-01 1.486502003660915283e-01
1.177921230860295432e-01 2.275406162178589542e-01 4.768442202994488399e-01 1.778230403966629403e-01
9.598499104726371245e-02 2.525031278398650603e-01 4.499616003252658314e-01 2.015502807876054514e-01
8.215138849016931366e-02 2.686968726901572402e-01 4.310690280767386917e-01 2.180827107429348655e-01
7.259280151321594043e-02 2.780578943366461275e-01 4.224927954056300061e-01 2.268565087445075790e-01
6.463356174214926475e-02 2.827157592061485536e-01 4.242019177307143063e-01 2.284487613209879031e-01
5.684628616252662692e-02 2.809271178161698579e-01 4.372388492228717061e-01 2.249877467984319757e-01
4.860671035979445553e-02 2.682329926260978437e-01 4.636587483672712784e-01 2.195015486468362143e-01
4.052932305478976899e-02 2.453697683516981864e-01 4.990318940317001739e-01 2.150690145618121274e-01
3.428555612024040272e-02 2.195164465466816484e-01 5.318400603794622983e-01 2.143579369536154633e-01
3.079783769101986091e-02 1.956350624619205003e-01 5.551974565335999756e-01 2.183696433134600656e-01
2.961139033216965422e-02 1.718842334157036356e-01 5.737091074044793348e-01 2.247952688476472505e-01
3.025520548314454550e-02 1.450228560813101308e-01 5.943538989271938133e-01 2.303680395083518573e-01
3.286545804979826985e-02 1.159160579557789866e-01 6.159216010047502410e-01 2.352968829896723291e-01
3.816993173833604230e-02 8.947020753453459319e-02 6.283164843204012140e-01 2.440433764067285460e-01
2.412175238094793062e-01 5.874844719963916335e-03 7.429349014177195620e-01 9.972730052837396747e-03
2.578409492614662860e-02 1.554280058069787375e-03 3.921470047028285250e-02 9.334469245455007114e-01
5.419392719397823216e-02 2.666779479768583566e-03 4.210317533464282697e-02 9.010361179916107632e-01
1.201165341740606102e-01 4.586487640161393715e-03 5.056541599402609305e-02 8.247315621917519213e-01
2.542735286657919480e-01 8.117150965746467231e-03 5.346188174226803452e-02 6.841474386261932050e-01
4.624426640999767524e-01 1.121589322208695928e-02 4.108736736627011110e-02 4.852540753116661998e-01
6.872425479352014532e-01 1.264464158278804165e-02 2.261817147199169167e-02 2.774946390100187510e-01
8.482074104804112613e-01 1.119207651119957271e-02 9.617545261225372843e-03 1.309829677471636422e-01
9.331318436550301021e-01 8.349495318199237973e-03 3.542940472127408414e-03 5.497572055464346186e-02
9.716950983327125035e-01 5.492784958870797554e-03 1.188294356866681284e-03 2.162382235154992199e-02
9.879501544672748548e-01 3.391468561708427948e-03 3.866082505367369549e-04 8.271768720480032061e-03
9.948888297710372086e-01 1.688075658379222053e-03 1.259540364641227985e-04 3.297140534119519066e-03
9.966057197165347770e-01 1.733585614689352097e-03 5.816808160463243739e-05 1.602526587171127642e-03
9.971899120297519348e-01 1.837424569821836679e-03 3.330262022194934081e-05 9.393607802041789101e-04
9.973933149075939752e-01 1.950641110830707379e-03 2.276207059191060942e-05 6.332819109833920986e-04
9.975793174703436739e-01 1.956227580856088975e-03 1.720995341508458351e-05 4.472449953851784319e-04
9.979659615408067452e-01 1.715439999495405521e-03 1.357844380538626806e-05 3.050200158924803963e-04
9.985461306908350876e-01 1.250986801119688104e-03 1.077836910723871153e-05 1.921041389381050691e-04
9.990891005941716640e-01 7.887871965096936036e-04 8.534337745380279452e-06 1.135778715732157671e-04
9.994424131561564506e-01 4.819589400411444227e-04 6.949057133116477537e-06 6.867884666927391124e-05
9.996348062222844000e-01 3.132449235433935192e-04 5.915954946341792644e-06 4.603289922581146372e-05
9.997347553609412518e-01 2.247097655610386005e-04 5.184001845574429437e-06 3.535087165216899396e-05
9.997846346772644166e-01 1.791172357556135850e-04 4.650376309347246146e-06 3.159771067057805916e-05
9.998018283713162591e-01 1.598392253045302939e-04 4.475466917804526213e-06 3.385693646134626221e-05
9.997833892177702131e-01 1.657771535310839325e-04 5.151876973988589911e-06 4.568175172480401221e-05
9.997301543306132965e-01 1.906072799314903140e-04 7.027297698855475696e-06 7.221109175639497978e-05
9.996728673826202893e-01 2.070313789083031884e-04 9.635942003732308626e-06 1.104652964678361004e-04
9.996346214970223132e-01 1.999900443782359641e-04 1.251129492827145393e-05 1.528771636710732969e-04
9.995930789433400410e-01 1.857648630907692293e-04 1.648111220100124022e-05 2.046750813679796297e-04
9.995072419542238018e-01 1.830224934987218107e-04 2.362907782572090803e-05 2.861064744517492113e-04
9.993300709842186658e-01 2.004640091516680814e-04 3.772289047414378562e-05 4.317421161557335649e-04
9.989973340963727022e-01 2.450057195969747434e-04 6.529012851788477696e-05 6.923700555125201312e-04
9.984062223132914582e-01 3.349212844980895974e-04 1.182263256928037433e-04 1.140630076517661030e-03
9.973669440511129247e-01 5.233327666845427259e-04 2.200783309016183511e-04 1.889644851301066535e-03
9.955611351597298819e-01 9.496461773992147378e-04 4.109913331922692217e-04 3.078227329678457930e-03
9.924744457819688614e-01 1.967526668589579791e-03 7.471461368353977950e-04 4.810881412606048645e-03
9.848536865230108628e-01 5.901468303885900810e-03 1.881257589795624343e-03 7.363587583307597099e-03
9.747766541497755455e-01 1.172516011308590705e-02 3.154275753663083118e-03 1.034390998347520935e-02
9.589066489649040737e-01 2.188269644602846772e-02 5.215062731932238252e-03 1.399559185713526721e-02
9.373012156630112779e-01 3.590959224185346493e-02 8.634937848526341719e-03 1.815425424660897097e-02
9.093927295374008013e-01 5.375979064952663561e-02 1.439558508542934483e-02 2.245189472764335184e-02
8.656489221830582226e-01 8.321622320444824195e-02 2.406709077797293539e-02 2.706776383452057580e-02
7.896174671640956433e-01 1.404204893644598606e-01 3.817292668325942412e-02 3.178911678818492625e-02
6.741002156909056131e-01 2.384128593605163160e-01 5.288233762543092381e-02 3.460458732314716790e-02
5.358523021143211107e-01 3.693474100482050937e-01 6.146843997469897403e-02 3.333184786277492567e-02
4.027044390871695745e-01 5.084575466758026741e-01 6.042903398602279819e-02 2.840898025100508859e-02
2.926332383546593752e-01 6.340286244515230818e-01 5.135373555068890178e-02 2.198440164312849901e-02
2.158674738972860552e-01 7.293165517067684567e-01 3.884572098183130401e-02 1.597025341411400720e-02
1.696830487550321509e-01 7.913164291539845907e-01 2.770804266120978354e-02 1.129247942977344883e-02
1.516857671163700239e-01 8.209480879421693356e-01 1.933423971501571637e-02 8.031905226444764623e-03
1.596976591452858862e-01 8.209348563853248182e-01 1.347050795512691294e-02 5.896976514262530084e-03
1.968510460367866866e-01 7.888899927706305437e-01 9.619738376952522221e-03 4.639222815630287405e-03
2.607599266921681314e-01 7.282652888649414624e-01 7.049992055309843228e-03 3.924792387580727793e-03
3.300175034926101092e-01 6.614316642152675563e-01 5.141491716881882619e-03 3.409340575240772404e-03
3.814903969420150309e-01 6.118013562866024824e-01 3.717609322175022095e-03 2.990637449207595583e-03
4.154385193066174042e-01 5.791424427738494085e-01 2.726275629817362118e-03 2.692762289715505512e-03
4.446300880360373742e-01 5.508108254682202443e-01 2.056309865082127548e-03 2.502776630660264422e-03
4.741289832315882524e-01 5.219704829387170619e-01 1.564162606023414412e-03 2.336371223671352120e-03
4.937593893282580249e-01 5.029942550786544730e-01 1.146076227715065766e-03 2.100279365372874352e-03
4.939444152377601149e-01 5.034481363965155332e-01 7.970750429534303712e-04 1.810373322770322726e-03
4.805569479008045541e-01 5.173517347309791736e-01 5.432554349976412896e-04 1.548061933218767118e-03
4.712676537643521457e-01 5.269977850080252990e-01 3.779545274844374838e-04 1.356606700138370892e-03
4.778213177189782890e-01 5.206809675838826035e-01 2.715883186903615513e-04 1.226126378448776999e-03
4.998606678563007333e-01 4.987898028991700761e-01 2.030026836025133603e-04 1.146526560926638830e-03
5.302421361281689505e-01 4.680488975410275754e-01 5.022691108535709634e-04 1.206697219949875869e-03
5.632376768678964973e-01 4.351228467300712888e-01 3.906621903435618295e-04 1.248814211688757886e-03
5.829302515284522368e-01 4.153100262528082176e-01 3.357950001041016836e-04 1.423927218635647309e-03
5.895763781560861005e-01 4.082725191474461668e-01 3.272506159944591213e-04 1.823852080473149567e-03
5.937992855594675934e-01 4.031544905078177088e-01 3.602143061578338707e-04 2.686009626556768327e-03
5.987551920070394162e-01 3.963447238279360074e-01 4.517745949167385950e-04 4.448309570107862078e-03
5.949368125877603219e-01 3.966437942801505079e-01 6.389732366443789339e-04 7.780419895444951918e-03
5.710826020500429090e-01 4.145456907674423541e-01 9.558387792312337703e-04 1.341586840328333648e-02
6.215653576744655656e-02 3.176503928483608713e-02 7.210818567029773085e-01 1.849965682447398951e-01
2.058584926191091291e-02 1.261941721524711436e-02 5.490179164060611239e-01 4.177768171167808853e-01
2.097447280802043970e-02 1.374008664774133137e-02 4.990578664003845200e-01 4.662275741438536292e-01
2.038799230320199884e-02 1.496052390185965628e-02 4.476335600505917389e-01 5.170179237443465192e-01
1.903734175073914028e-02 1.609348437063077425e-02 3.948512001568439955e-01 5.700179737217858644e-01
1.740522703424004364e-02 1.697529756773981727e-02 3.439670489523982133e-01 6.216524264456221305e-01
1.595796284603551163e-02 1.757559535829126066e-02 2.984422068955356888e-01 6.680242349001372926e-01
1.487118405717972880e-02 1.799759720536073596e-02 2.594513086038608973e-01 7.076799101335983222e-01
1.408491048131182456e-02 1.838682772404800006e-02 2.267967921482924032e-01 7.407314696463477288e-01
1.345186849763159269e-02 1.880510974621295989e-02 2.006429498316546212e-01 7.671000719245009147e-01
1.275158240625359589e-02 1.911385480666694808e-02 1.810235225115226776e-01 7.871110402755568947e-01
1.159713597907358062e-02 1.885797882796981517e-02 1.660077569697434030e-01 8.035371282232136592e-01
9.639344348964082668e-03 1.737788101109451200e-02 1.520503085547365296e-01 8.209324660852049815e-01
7.084419468266840887e-03 1.450976751165452064e-02 1.362139138129747906e-01 8.421918992071040222e-01
4.665963854541418064e-03 1.102695258571770483e-02 1.171148598348435294e-01 8.671922237248975707e-01
2.921353563189055518e-03 7.929384381872671764e-03 9.537653264738862879e-02 8.937727294075497042e-01
1.865262999284393640e-03 5.664878608137142134e-03 7.400555571805687849e-02 9.184643026745216154e-01
1.275623177717627758e-03 4.185734938605984584e-03 5.667936666881009944e-02 9.378592752148660061e-01
9.506076886812987433e-04 3.275252714505902992e-03 4.481120180131958897e-02 9.509629377954931240e-01
7.650236544637924966e-04 2.712041427039000186e-03 3.732072080765055228e-02 9.592022141108464961e-01
6.562929909728696786e-04 2.360244683218211664e-03 3.251013216119370830e-02 9.644733301646151169e-01
5.903268189048308402e-04 2.147447367533529463e-03 2.927751789360252474e-02 9.679847079199592752e-01
5.316092555974271739e-04 1.974758852102393922e-03 2.710244495887968036e-02 9.703911869334203022e-01
4.668129332904287607e-04 1.796653190983600297e-03 2.606220763915471569e-02 9.716743262365714617e-01
4.132018776758855584e-04 1.692030064153903076e-03 2.635562798949653285e-02 9.715391400686738121e-01
3.793376678526791824e-04 1.681805041899777243e-03 2.769966428005786810e-02 9.702391930101896822e-01
3.665988598692540763e-04 1.718400887667848867e-03 2.941519594103880406e-02 9.684998043114244615e-01
3.759219347249801238e-04 1.757358956210378119e-03 3.070304632696043909e-02 9.671636727821042445e-01
4.060578860038946869e-04 1.788476036707377153e-03 3.095257528747062323e-02 9.668528907898181757e-01
4.469156207521269870e-04 1.796599690623941568e-03 2.995028731119389609e-02 9.678061973774300109e-01
4.855078600782054181e-04 1.758425004781548947e-03 2.807915525865228509e-02 9.696769118764879680e-01
5.102040984260820594e-04 1.654110586464610467e-03 2.578571393698169539e-02 9.720499713781274309e-01
5.169490703320740949e-04 1.496633242053822116e-03 2.309618778265485478e-02 9.748902299049595488e-01
4.370964602274652862e-04 7.146572330347937714e-04 1.994319782601873536e-02 9.789050484807190200e-01
4.070783516777083384e-04 6.620060068254285997e-04 1.643741004790310462e-02 9.824935055935936079e-01
3.962753894926369512e-04 6.705292949123574505e-04 1.280282525804103851e-02 9.861303700575538844e-01
4.175794498112267938e-04 7.622647482485474506e-04 9.440933438787482354e-03 9.893792223631527882e-01
4.982474106968718579e-04 9.993771404073839310e-04 6.848262625714776793e-03 9.916541128231808333e-01
6.806885144608055931e-04 1.511561706154588821e-03 5.166653979529639042e-03 9.926410957998549334e-01
1.009631811939960778e-03 2.399325559580722800e-03 4.107398327207661091e-03 9.924836443012717835e-01
1.545864667845787662e-03 3.685873252260355067e-03 3.303912776326304018e-03 9.914643493035674160e-01
2.405612722213746387e-03 5.531354442185483153e-03 2.686680897056686196e-03 9.893763519385440075e-01
3.777453529424660856e-03 8.540654712725017847e-03 2.327368267169221006e-03 9.853545234906809780e-01
6.535291592833391248e-03 1.345765600058356284e-02 2.216170493723878133e-03 9.777908819128591222e-01
9.645423983925545397e-03 2.215142729673397204e-02 2.351122608967805196e-03 9.658520261103726856e-01
1.294134309857342471e-02 3.549425587560789408e-02 2.725500272294729357e-03 9.488389007535238395e-01
1.508237509412529466e-02 5.233543374109366625e-02 3.442764717232634896e-03 9.291394264475487663e-01
1.541219176518026160e-02 6.776797810587525950e-02 4.853194741952170620e-03 9.119666353869922970e-01
1.452019984373617914e-02 7.491516641018347578e-02 7.990882269513195982e-03 9.025737514765670433e-01
1.300889276477617575e-02 6.985215699918907728e-02 1.594855907395714006e-02 9.011903911620775531e-01
1.107753851590456348e-02 5.628080477804983661e-02 3.970118380647189721e-02 8.929404728995734564e-01
8.832427334281215889e-03 4.456192195639829823e-02 1.210967775626231174e-01 8.255088731466971863e-01
6.450737008500187324e-03 3.276909385766137162e-02 3.316060751571328624e-01 6.291740939767056506e-01
3.511938861057623679e-03 1.838767093272271336e-02 6.367240352075617116e-01 3.413763549986577606e-01
1.667393358593219008e-03 7.107243990443630824e-03 8.594289599035730420e-01 1.317964027473903232e-01
4.624987984572890990e-04 2.811133192451372061e-03 9.530436716000838526e-01 4.368269640900758477e-02
1.854106452407997842e-04 1.265440602765788292e-03 9.832433785740699594e-01 1.530577017792349170e-02
1.093153092216938703e-04 7.529004290739556510e-04 9.926188328188660925e-01 6.518951442838189989e-03
1.024352321700335689e-05 1.011039566680174290e-05 9.964886820927486566e-01 3.490963988367416695e-03
4.447304589197308056e-06 4.431122959502037040e-06 9.977912431912895341e-01 2.199878381161889974e-03
2.409787902271871471e-06 2.419480751347742211e-06 9.984635831079397006e-01 1.531587623406551911e-03
1.559893703707364215e-06 1.572618540556032350e-06 9.988327586016443327e-01 1.164108886111500218e-03
1.227343321297109731e-06 1.239184507492836538e-06 9.990132100429506279e-01 9.843234292204331229e-04
1.163297808713029831e-06 1.174269300493774622e-06 9.990704352553329004e-01 9.272271775579556206e-04
1.238506943519050321e-06 1.247454653695747841e-06 9.990581294285751923e-01 9.393846098275446125e-04
1.331923905370735636e-06 1.335292176266312816e-06 9.990317982459048229e-01 9.655345380136635567e-04
1.338785500868997909e-06 1.333753903228041610e-06 9.990340681258200739e-01 9.632593347757309552e-04
1.250960290283043808e-06 1.239469088341234470e-06 9.990683075396166180e-01 9.292020310047859359e-04
1.159634889406133996e-06 1.145482683879829695e-06 9.991025669097456374e-01 8.951279726810125676e-04
1.148291382806237886e-06 1.132145196846709143e-06 9.991056616238593868e-01 8.920579395609068603e-04
1.238333559825807299e-06 1.215937071653393364e-06 9.990629176964761493e-01 9.346280328924590035e-04
1.345119787303350383e-06 1.307718241024933459e-06 9.989948799969874393e-01 1.002467164984116805e-03
1.379050955101994783e-02 9.810430130005651783e-01 2.958638432740255827e-04 4.870613605140913273e-03
1.249997098773850124e-02 9.826505829069211995e-01 2.553567162292607272e-04 4.594089389110833817e-03
1.043304864968894012e-02 9.849237132656664118e-01 2.228942161554655537e-04 4.420343868489142770e-03
8.722313892626662457e-03 9.864307597333479283e-01 2.134717315924282021e-04 4.633454642432949244e-03
8.056642022504934691e-03 9.862066747907800579e-01 2.372215066888337643e-04 5.499461680025683093e-03
8.292120969616142631e-03 9.843897855182740519e-01 2.904316050237116436e-04 7.027661907086161543e-03
9.290080464962758439e-03 9.813127946613307007e-01 3.635594917823189759e-04 9.033565381924157575e-03
1.129190637302346714e-02 9.772104199725848428e-01 4.406620310865569704e-04 1.105701162330481081e-02
1.513618476334318598e-02 9.715934888831769811e-01 5.141893506444308827e-04 1.275613700283518073e-02
2.342905343791111192e-02 9.612012142542133430e-01 6.216398315692201696e-04 1.474809247630629733e-02
4.250726405688790704e-02 9.381772033815676259e-01 8.494730714188622554e-04 1.846605949012578365e-02
8.302042392769193313e-02 8.896258197705622095e-01 1.355908479866420541e-03 2.599784782187947868e-02
1.495364942991996848e-01 8.075590707900948129e-01 2.475765649692404907e-03 4.042866926101335023e-02
2.257829200969332650e-01 7.031123141893427242e-01 4.807182030379074378e-03 6.629758368334476293e-02
2.738128703930139962e-01 6.097653638125182241e-01 9.018815047258512546e-03 1.074029507472091527e-01
2.779850730762189470e-01 5.400109653235060092e-01 1.549733589006758658e-02 1.665066257102074121e-01
2.561700826924742658e-01 4.760651116951357675e-01 2.471877898754512581e-02 2.430460266248451184e-01
2.367275159607302726e-01 3.937757529094039199e-01 3.868601872116433915e-02 3.308107124087016349e-01
2.341563236666957259e-01 2.894997205206615298e-01 6.141933118546098053e-02 4.149246246271813265e-01
2.394309966522049360e-01 1.927525564844962958e-01 9.949136643456804596e-02 4.683250804287307778e-01
2.435782656596570672e-01 1.263653994611262099e-01 1.648109065948001606e-01 4.652454282844165623e-01
2.360022751600489577e-01 8.642610230461306164e-02 2.703551930680956339e-01 4.072164294672422358e-01
2.047311061503048757e-01 5.823778451853817151e-02 4.221156590085454186e-01 3.149154503226116453e-01
6.935260711352349006e-01 2.122355615922681960e-01 2.114783726439376649e-02 7.309053000810329659e-02
6.340246496767173445e-01 3.005824975670928767e-01 1.328911320768548336e-02 5.210373954850469613e-02
5.388834679385946513e-01 4.146711486511650557e-01 8.606747996374413193e-03 3.783863541386566637e-02
4.415559338961568825e-01 5.259485727672936761e-01 5.570330299572438110e-03 2.692516303697720451e-02
3.653586957593067397e-01 6.122336249397172248e-01 3.622049700224254463e-03 1.878562960075183877e-02
3.167030284571176191e-01 6.679513057508529306e-01 2.406962486469490462e-03 1.293870330556022401e-02
2.917849457287176040e-01 6.976361958637720129e-01 1.654712603211931600e-03 8.924145804298093052e-03
2.880356708958204393e-01 7.042435653299586873e-01 1.232216419032348487e-03 6.488547355188603247e-03
3.069524895085715688e-01 6.867124256349093070e-01 1.044210613735566768e-03 5.290874242783733319e-03
3.530863863566469640e-01 6.408784813405139502e-01 1.028376112159328599e-03 5.006756190679454224e-03
4.254790454271078493e-01 5.678554194383811371e-01 1.175103609298047387e-03 5.490431525213155563e-03
5.049464710071762674e-01 4.865810218762795514e-01 1.671365203603902578e-03 6.801141912940181049e-03
5.765374672728535987e-01 4.121924733102171334e-01 2.219053302669637961e-03 9.051006114259478944e-03
6.302129881439109127e-01 3.540593112696548972e-01 3.152242568681844215e-03 1.257545801775240141e-02
6.726556039199154124e-01 3.052896257732572449e-01 4.538665375325009674e-03 1.751610493150232775e-02
7.109226327146879187e-01 2.589678106883582798e-01 6.323226493750086323e-03 2.378633010320369348e-02
7.414770691180090356e-01 2.181985048517812165e-01 8.435032236343164083e-03 3.188939379386650230e-02
7.492463960521088540e-01 1.951483395790143127e-01 1.115710972520007373e-02 4.444815464367656010e-02
7.141957892297516874e-01 2.040478458130291495e-01 1.505812980840233808e-02 6.669823514881674520e-02
6.212169142411506639e-01 2.548597242196194435e-01 2.028879384954629383e-02 1.036345676896833351e-01
4.841445889324966223e-01 3.376784160308823890e-01 2.648568279593115082e-02 1.516913122406896020e-01
3.522690705771163722e-01 4.146166585379381653e-01 3.231635354637795582e-02 2.007979173385675553e-01
2.527535251032093644e-01 4.641588272416926619e-01 3.837850918861521188e-02 2.447091384664826785e-01
1.933431458922295343e-01 4.847092955888839816e-01 4.484269826029992079e-02 2.771048602585862719e-01
1.662995627153252554e-01 4.921701008349818052e-01 5.063787166059198486e-02 2.908924647891007464e-01
1.661311488702123529e-01 4.928185788576432969e-01 5.458492407857962192e-02 2.864653481935646173e-01
1.854968805019692191e-01 4.872463693201827262e-01 5.702520081868431290e-02 2.702315493591636586e-01
2.112266625048088708e-01 4.818151476932159283e-01 5.881470976618238811e-02 2.481434800357927850e-01
2.329817813397046244e-01 4.827106195279936562e-01 5.967646155532717323e-02 2.246311375769745045e-01
2.404328486108754936e-01 4.963489156590377149e-01 5.943721253753424943e-02 2.037810231925524240e-01
2.267796408930142782e-01 5.257935247907883358e-01 5.853386648731535163e-02 1.888929678288820135e-01
1.958582089136416404e-01 5.650975422058943654e-01 5.799214122145647521e-02 1.810521076590075051e-01
1.615884531951538861e-01 5.995360615475866517e-01 5.920748031007838641e-02 1.796680049471806595e-01
1.357490863964467553e-01 6.162449019023278352e-01 6.379095258465315721e-02 1.842150591165723772e-01
1.204281786160986550e-01 6.129175128591137778e-01 7.283977342340483552e-02 1.938145351013825513e-01
1.117238574597927969e-01 5.967379383118859293e-01 8.551350824992937083e-02 2.060246959783920973e-01
1.056304428801451423e-01 5.772032332730611115e-01 9.870630438971558784e-02 2.184600194570777421e-01
1.000569877564900928e-01 5.632893987709457484e-01 1.073865049719938958e-01 2.292671085005704990e-01
9.416929895388966021e-02 5.604902417457514607e-01 1.084103416805436010e-01 2.369301176198154724e-01
8.665646934190089634e-02 5.710200714096341779e-01 1.032457681921027243e-01 2.390776910563621738e-01
7.578267224713497452e-02 5.953184216562573683e-01 9.521226794806297855e-02 2.336866381485443178e-01
6.277027411478616759e-02 6.298205120546326308e-01 8.606354046279504622e-02 2.213456733677859056e-01
5.039037281749291636e-02 6.697865843015220477e-01 7.563429704875813953e-02 2.041887458322266813e-01
4.000757429210623217e-02 7.124639891378906631e-01 6.362226986199653878e-02 1.839061667080065521e-01
3.218216814520522689e-02 7.545301406075967110e-01 5.136287115489106964e-02 1.619248200923069925e-01
2.704080341174910224e-02 7.928086833804030009e-01 4.065037124715910333e-02 1.395001419606888837e-01
2.419766041410142954e-02 8.266290749815222716e-01 3.203694248759192398e-02 1.171363221167846802e-01
2.218756782548001946e-02 8.584792692322020802e-01 2.484447321929424829e-02 9.448868972302337799e-02
2.055141802429327064e-02 8.911852172447359832e-01 1.766707169883710224e-02 7.059629303213371676e-02
1.684138596319688375e-02 9.269538897529429056e-01 1.063947354232072998e-02 4.556525074153931071e-02
1.196009163992015414e-02 9.589141741214397552e-01 5.220158428620142767e-03 2.390557581002020551e-02
8.648926520102328749e-03 9.785219910799677345e-01 2.279088549072829165e-03 1.054999385085695317e-02
8.094431973859082807e-03 9.863781508398539177e-01 1.037683354776276681e-03 4.489733831510749236e-03
1.055444102220594142e-02 9.867517286213468575e-01 5.527712453883461144e-04 2.141059111058526802e-03
1.751765048297675501e-02 9.808517888913352856e-01 3.610728146972859670e-04 1.269487810990718073e-03
2.996008598777749957e-02 9.688214229004492584e-01 2.808191956998358084e-04 9.376719160733923289e-04
4.376045836495654623e-02 9.552202946902129677e-01 2.386595359189458106e-04 7.805874089114430217e-04
5.341119292476060459e-02 9.457013028395868659e-01 2.108165209132249176e-04 6.766877147390209330e-04
5.975684091643346935e-02 9.394361970572272513e-01 1.971526135934767541e-04 6.098094127458405459e-04
6.637943782474525767e-02 9.328395680910910315e-01 1.999583030945682955e-04 5.810357810688867967e-04
7.538181373696407894e-02 9.238218961983287736e-01 2.157649229231495421e-04 5.805251417840087171e-04
8.542204446890835912e-02 9.137557789415573506e-01 2.316400265067044357e-04 5.905365630275659881e-04
9.200958558532361387e-02 9.071617945684947726e-01 2.309307330864298713e-04 5.976891130954151837e-04
9.420058930960804877e-02 9.049686680721680254e-01 2.171871962156435927e-04 6.135554220081558541e-04
1.006474130910130771e-01 8.984324527612050915e-01 2.216324826709618011e-04 6.985016651109860614e-04
1.267929651722642936e-01 8.720200369015579378e-01 2.298827222841905930e-04 9.571152038930755192e-04
1.767834548882216417e-01 8.212616683507114601e-01 3.501448263472276652e-04 1.604731934719911364e-03
2.350946605136841616e-01 7.613521243172807207e-01 5.849011135697100355e-04 2.968314055465267904e-03
2.765598151234175406e-01 7.168710906687588702e-01 9.799873440953159147e-04 5.589106863728177457e-03
2.998929704936830198e-01 6.881253327047140989e-01 1.601462439962655828e-03 1.038023436164038464e-02
3.157215236260375035e-01 6.629842244450238065e-01 2.534693397571393964e-03 1.875955853136729648e-02
3.184993696658178775e-01 6.449539013312410862e-01 3.922737738634742705e-03 3.262399126430635260e-02
2.862423070856625618e-01 6.518616340787376506e-01 6.265071291693503214e-03 5.563098754390653766e-02
2.146560843141573360e-01 6.811094162409357944e-01 1.034290023338950773e-02 9.389159921151735144e-02
1.327508772040371654e-01 6.955066556902981256e-01 1.635459350986914404e-02 1.553878735957953394e-01
7.953781888414199197e-02 6.530258725564828115e-01 2.302330706273346753e-02 2.444130014966416076e-01
5.289721980111055516e-02 5.693634835695091656e-01 2.911913305377854602e-02 3.486201635756017159e-01
4.043036152216290119e-02 4.703447628599707886e-01 3.457869586770811327e-02 4.546461797501581970e-01
3.388582761463980464e-02 3.745765015365333794e-01 3.897127017452594461e-02 5.525664006743008505e-01
2.966052947294780737e-02 2.986005667179448264e-01 4.167933577110445598e-02 6.300595680380026709e-01
2.477635749828085293e-02 2.542399592789932883e-01 4.279394864579835756e-02 6.781897345769275498e-01
2.015096038673678744e-02 2.400198829102734299e-01 4.209510002344415275e-02 6.977340566795457999e-01
1.597258364164480179e-02 2.439804317763127894e-01 4.208525948991588550e-02 6.979617250921267280e-01
1.277672510377655946e-02 2.494647839449823656e-01 4.444898941342388665e-02 6.933095015378175630e-01
1.043390965668766768e-02 2.454815677897685400e-01 4.978649561703979431e-02 6.942980269365041091e-01
8.746795718359158534e-03 2.314910127209591773e-01 5.814711708436258453e-02 7.016150744763188785e-01
7.882606561958936317e-03 2.185081014570557645e-01 6.884638535986403740e-02 7.047629066211210658e-01
8.324671868763235463e-03 2.225276404016599263e-01 8.001800113506210566e-02 6.891296865945146788e-01
1.048208428686653142e-02 2.492370385071814021e-01 8.975529191569535381e-02 6.505255852902567248e-01
