1.323791864892198411e-01 8.671897875494493091e-01 2.269150222965995287e-05 4.083344591009802657e-04
4.563072883664067575e-02 3.629830314134844128e-03 9.380571583684982340e-01 1.268228248072635934e-02
7.532106207394657915e-02 5.098178143171925789e-03 9.005612340857422904e-01 1.901952569713917518e-02
1.317305394668552843e-01 8.516433164188751473e-03 8.287323466134347560e-01 3.102068075552149792e-02
2.330625821272594711e-01 1.422460322167900561e-02 7.005670951831675097e-01 5.214571946789397366e-02
3.776381802414899846e-01 2.280079021424478297e-02 5.181371114334200056e-01 8.142391811084520592e-02
5.331789219481424258e-01 3.133874553361465365e-02 3.284599116327941437e-01 1.070224208854487630e-01
6.551051183463664218e-01 3.732527718779425630e-02 1.905158733647011604e-01 1.170537311011379950e-01
7.329308483224642456e-01 3.899704253085650024e-02 1.100237586767729703e-01 1.180483504699059577e-01
7.678489077837789001e-01 4.027992321650752244e-02 6.878306715651877346e-02 1.230881018431947416e-01
7.722164017961609117e-01 4.354460679258481681e-02 4.839036626706558902e-02 1.358486251441886894e-01
7.566508881451061708e-01 4.899940229810587772e-02 3.834478797494250690e-02 1.560049215818458956e-01
7.273274795887157973e-01 5.597987581454064859e-02 3.364605032501884196e-02 1.830465942717247052e-01
6.889544562882239376e-01 6.361929357753765002e-02 3.172431518459046390e-02 2.157019349496480110e-01
6.449165367462467158e-01 7.103713267766670336e-02 3.147966241616621808e-02 2.525666681599200158e-01
5.944804686656582904e-01 7.745558586774675680e-02 3.311777795179522005e-02 2.949461675147995732e-01
5.348128628035182519e-01 8.208662001748573411e-02 3.715113128057889735e-02 3.459493858984174497e-01
4.696652195919655548e-01 8.278253909524986576e-02 4.388198911644130423e-02 4.036702521963432266e-01
4.085139177583182457e-01 7.835855865887506044e-02 5.398851900735344989e-02 4.591390045754531468e-01
3.612556408715515421e-01 6.872710193322138783e-02 6.756021421077221256e-02 5.024570429844547048e-01
3.289284347837586608e-01 5.777276308525903376e-02 8.505066158771117102e-02 5.282481405432710719e-01
3.076226717599145899e-01 4.791316077249851285e-02 1.077415676545769169e-01 5.367225998130100706e-01
2.904497679104014463e-01 3.951937951059169424e-02 1.396607503689292484e-01 5.303701022100775209e-01
2.713949759083185143e-01 3.216291370939937388e-02 1.873598965427480667e-01 5.090822138395343366e-01
2.500703285942627585e-01 2.559427959387615414e-02 2.544831461961620800e-01 4.698522456156987714e-01
2.289726271223088139e-01 1.999067146661840516e-02 3.354919869717754577e-01 4.155447144392978021e-01
2.083126325132797496e-01 1.558287816446727106e-02 4.189175890289439375e-01 3.571869002933088511e-01
1.849314454608222413e-01 1.229085251421991459e-02 4.979450605837287269e-01 3.048326414412289576e-01
1.564840395192767797e-01 9.784316510227894156e-03 5.720340633129397112e-01 2.616975806575556618e-01
1.266591632360605513e-01 7.820626253227410188e-03 6.374546659896658252e-01 2.280655445210461874e-01
1.022160914251822872e-01 6.480071765736891871e-03 6.836957449719425206e-01 2.076080918371380757e-01
8.588068687194906625e-02 5.972560064031376577e-03 7.015876693499382144e-01 2.065590837140812430e-01
7.640110543111279517e-02 6.497569081335805193e-03 6.864993312994103203e-01 2.306019941881413127e-01
7.066465240098113165e-02 8.073282478225543568e-03 6.412308626238216736e-01 2.800312024969714986e-01
6.575116739037450975e-02 1.059773912774311308e-02 5.709840063411546485e-01 3.526670871407277530e-01
5.960375474436124810e-02 1.364430751259510660e-02 4.830332213621987836e-01 4.437187163808450352e-01
5.136093591912153228e-02 1.584826156123574428e-02 3.938984274256655538e-01 5.388923750939771384e-01
4.283104954333390862e-02 1.608211333891728170e-02 3.180761356261879169e-01 6.230107014915610142e-01
3.560403709342972733e-02 1.507304248610030241e-02 2.549014574278369305e-01 6.944214629926329652e-01
2.889965982550591478e-02 1.393692645974642028e-02 1.994632067535081488e-01 7.577002069612397417e-01
2.212650058887084825e-02 1.337186307021640506e-02 1.488105735725556433e-01 8.156910627683570114e-01
1.610713385776203418e-02 1.408219259231479129e-02 1.031878432513567839e-01 8.666228302985663490e-01
1.183817247905289381e-02 1.690142689186769492e-02 6.742471447714007415e-02 9.038356861519392105e-01
9.347125619886553077e-03 2.257555323594087615e-02 4.408584296691376442e-02 9.239914781772586849e-01
8.094507700955117652e-03 3.153985041804441281e-02 3.087786855479057388e-02 9.294877733262101316e-01
7.642031668775741034e-03 4.342523769533042366e-02 2.405813662922796567e-02 9.248745940066658289e-01
7.867436306144951624e-03 5.609197754870629687e-02 2.078105677063283793e-02 9.152595293745159344e-01
8.776351594932773129e-03 6.631045793495592144e-02 1.936475666526022918e-02 9.055484338048510606e-01
9.939697885591064833e-03 7.287487345200278910e-02 1.872877368449709506e-02 8.984566549779090527e-01
1.332288599939180328e-02 7.541481072636686822e-02 1.864329793089991930e-02 8.926190053433415983e-01
1.808363677447789170e-02 7.543415705426413653e-02 1.891724772262581150e-02 8.875649584486320354e-01
2.602274798675783055e-02 7.623050730595307134e-02 1.937365391882442389e-02 8.783730907884648165e-01
3.816198850183102204e-02 8.195250165876594162e-02 1.982244468907893784e-02 8.600630651503240465e-01
5.419092217784317322e-02 9.381678926254866102e-02 1.999682706481591479e-02 8.319954614947923099e-01
7.369249717203553429e-02 1.123377590625218581e-01 1.953828704836851893e-02 7.944314567170741581e-01
9.748029792371029623e-02 1.366579205872423264e-01 1.854895797211679465e-02 7.473128235169307354e-01
1.285054534619946565e-01 1.605149715029091928e-01 1.753436469702205486e-02 6.934452103380738253e-01
1.728435835763100226e-01 1.761803725511545404e-01 1.664106562039489173e-02 6.343349782521403579e-01
2.381298611454522041e-01 1.780546512081923327e-01 1.544766037429545248e-02 5.683678272720599223e-01
3.311876449490219754e-01 1.622818691744062902e-01 1.323148255972102227e-02 4.932990033168506150e-01
4.578167229495310186e-01 1.287745508825599017e-01 9.905617711157443939e-03 4.035031084567518023e-01
6.086198004176022192e-01 8.683062966114267478e-02 6.693898141295914414e-03 2.978556717799591413e-01
7.474348679679407859e-01 5.168445924725116603e-02 4.320734101537728432e-03 1.965599386832702078e-01
8.428757025450195339e-01 3.091972742170952596e-02 3.020234457280827033e-03 1.231843355759902614e-01
8.972223058903112669e-01 2.057847068557696821e-02 2.383106850496208035e-03 7.981611657361550871e-02
9.241414156560048276e-01 1.613257732270104161e-02 2.176822858300680227e-03 5.754918416299317080e-02
9.345558441497004987e-01 1.495069031671189715e-02 2.335409233700651808e-03 4.815805629988714059e-02
9.353981533120270253e-01 1.574760407637480070e-02 2.873639102438757444e-03 4.598060350915905009e-02
9.319968235622794195e-01 1.750099836679115325e-02 3.820946221883499833e-03 4.668123184904593437e-02
9.307585795453550137e-01 1.823209444762154824e-02 5.158662715860243969e-03 4.585066329116309347e-02
9.348196918014267665e-01 1.688296682894841264e-02 6.915347153087674122e-03 4.138199421653717541e-02
9.401114363112786920e-01 1.515352715149709435e-02 9.318105845739218379e-03 3.541693069148487555e-02
3.548646406395249420e-01 5.626164513750664398e-01 1.858309209039113799e-02 6.393581589501784457e-02
8.865635381868621767e-01 2.410015212339363180e-02 2.089580358283218628e-02 6.844050610691200520e-02
9.024931921743128971e-01 2.581268879372288980e-02 1.291964161907871098e-02 5.877447741288516214e-02
9.142837708615160208e-01 2.809380806781044959e-02 8.005844850901604193e-03 4.961657621977191845e-02
9.228963151100681994e-01 3.070372505678838765e-02 4.997509592933511123e-03 4.140245024020997033e-02
9.294614022165015310e-01 3.295549046498980061e-02 3.163246262894612530e-03 3.441986105561409270e-02
9.360950005254531359e-01 3.368416900326410418e-02 2.017990966856655390e-03 2.820283950442641074e-02
9.435412771908530116e-01 3.290506931549209285e-02 1.261479990285778756e-03 2.229217350336894221e-02
9.516560468320851562e-01 3.065094234948219712e-02 7.588053109473547617e-04 1.693420550748504089e-02
9.562618697650179245e-01 3.110319502607098580e-02 4.404294132556564145e-04 1.219450579565543522e-02
9.594090290658160436e-01 3.181113083806695607e-02 2.518261925353628946e-04 8.528013903581738164e-03
9.625190544144777149e-01 3.151564511733007806e-02 1.459059950906521240e-04 5.819394473101435934e-03
9.667391837764554019e-01 2.921970381372841416e-02 8.957167897464710874e-05 3.951540730841583346e-03
9.719421929786448144e-01 2.519211979896318621e-02 6.281698772202881718e-05 2.802870234669893601e-03
9.773084915273543283e-01 2.045918888584029663e-02 5.355100649510598985e-05 2.178768580310212408e-03
9.823092032384115324e-01 1.574063001372695558e-02 5.613413885020290275e-05 1.894032609011221582e-03
9.868283479150842252e-01 1.129950281393689998e-02 6.835434725378042125e-05 1.803794923725046163e-03
9.904530435292325796e-01 7.619673699187425389e-03 9.055701445900694283e-05 1.836725757120958149e-03
9.927287337620919194e-01 5.131774815789434674e-03 1.278417445215958618e-04 2.011649677597065599e-03
9.937220995719054928e-01 3.682952724818844455e-03 1.924123050128547223e-04 2.402535398262645866e-03
9.936565367953485994e-01 2.918558317953942171e-03 3.076954885651645897e-04 3.117209398132402172e-03
9.926014778713916353e-01 2.600384043785993349e-03 5.095044503382199818e-04 4.288633634484263768e-03
9.888554716215952611e-01 3.853947807298360902e-03 1.110565963752268084e-03 6.180014607354097737e-03
9.848998162980298066e-01 4.645815050011955702e-03 1.866980684266012847e-03 8.587387967691970103e-03
9.795363773286136500e-01 5.807180553334585944e-03 3.067015047052487533e-03 1.158942707099945395e-02
9.722336328512867221e-01 7.493913620660528664e-03 4.988589021611177995e-03 1.528386450644171612e-02
9.615005206460439657e-01 1.007347286022779176e-02 8.246339942015479610e-03 2.017966655171274035e-02
9.447633745515239267e-01 1.406612952192006633e-02 1.404681505876485305e-02 2.712368086779111745e-02
9.178447714887620901e-01 2.038674943364591347e-02 2.442108919574124612e-02 3.734738988185089259e-02
8.755093421791033670e-01 3.037989491065899370e-02 4.185206507301608703e-02 5.225869783722168066e-02
8.138601757708938678e-01 4.517004383911872589e-02 6.840833953209669860e-02 7.256144085789083265e-02
7.283899816347314538e-01 6.533934609289382411e-02 1.077929154393178768e-01 9.847775683305667882e-02
6.166418697715295716e-01 8.895623676987923778e-02 1.663765665999855925e-01 1.280253268586055426e-01
4.923756652158302605e-01 1.074100143657041040e-01 2.480674711201522331e-01 1.521468492983136522e-01
3.802434570317697604e-01 1.110505275709550849e-01 3.498564095640836480e-01 1.588496058331912153e-01
2.965157103709346598e-01 1.046584378709339846e-01 4.535526285485144693e-01 1.452732232096171916e-01
2.428149901263219612e-01 9.503801413633612694e-02 5.428179114054451082e-01 1.193290843318964567e-01
2.080121539088482796e-01 8.248121531714289190e-02 6.203470596239387680e-01 8.915957115007022704e-02
1.752354323846166684e-01 6.361292083306031853e-02 7.013688906092697684e-01 5.978275617305310596e-02
1.356005466955921834e-01 4.237981585288659592e-02 7.858562812825427013e-01 3.616335616897864425e-02
9.665821891955471423e-02 2.529020891791989786e-02 8.575306712941361820e-01 2.052090086838926491e-02
6.566253959855337941e-02 1.373683589511327276e-02 9.092847255037380672e-01 1.131589900259503088e-02
4.248084311200412549e-02 7.685383857737248907e-03 9.435683213562674476e-01 6.265451673991443392e-03
2.743181070410577113e-02 4.504050625078474986e-03 9.644883358031340892e-01 3.575802867681701549e-03
1.865694824370394203e-02 2.875842148027761471e-03 9.763039662360838422e-01 2.163243372184209257e-03
1.445142175541803617e-02 2.134355543975970278e-03 9.819320719584936352e-01 1.482150742112311060e-03
1.389278887714370629e-02 1.998106136847901861e-03 9.828331145782371880e-01 1.275990407771197517e-03
1.688491961531542879e-02 2.410225148130521085e-03 9.792449305542991755e-01 1.459924682254963709e-03
2.458737874903728707e-02 3.613270462330632135e-03 9.696379249169623238e-01 2.161425871669546243e-03
3.937971177843454379e-02 6.265824168290645875e-03 9.505634444858990229e-01 3.791019567375798326e-03
6.295297622469318843e-02 1.121706961009309202e-02 9.188662966514420383e-01 6.963657513771748936e-03
9.249713335368381362e-02 1.966753541152119547e-02 8.756377404202575487e-01 1.219759081453779433e-02
1.217486433893959080e-01 3.115331525280828212e-02 8.275185715278211562e-01 1.957946982997465710e-02
1.457725142116204631e-01 4.787812048700976209e-02 7.770002951559487059e-01 2.934907014542090936e-02
1.625941435045434036e-01 7.289664240937154815e-02 7.227031453816502582e-01 4.180606870443496353e-02
1.680245447879961385e-01 1.086966471936758050e-01 6.662499947020389390e-01 5.702881331628935346e-02
1.597289164062834776e-01 1.548459107423546810e-01 6.107409105514233216e-01 7.468426229993850585e-02
1.395256960162567783e-01 2.062752810141878224e-01 5.608656035039697452e-01 9.333341946558559865e-02
1.185753100833782520e-01 2.527485253174215907e-01 5.172708939850149124e-01 1.114052706141850091e-01
1.016784204705034195e-01 2.902730509043707219e-01 4.803446445163278566e-01 1.277038841087978216e-01
8.931127279642384065e-02 3.166459162335817368e-01 4.528333770720960882e-01 1.412094338978984731e-01
7.943580489811385981e-02 3.314358245990779994e-01 4.387306143366916933e-01 1.503977561661165585e-01
6.857162994707848014e-02 3.374391657912091946e-01 4.395792572228672812e-01 1.544099470388452799e-01
5.702244736912191747e-02 3.326494321375340069e-01 4.563699672878633873e-01 1.539581532054808410e-01
4.523007337530022404e-02 3.134410164871975213e-01 4.907576804944367432e-01 1.505712296430660457e-01
3.452885104191501936e-02 2.820719687167518863e-01 5.370500628296018819e-01 1.463491174117315385e-01
2.654498591467951280e-02 2.478953494714355998e-01 5.823644203340894165e-01 1.431952442797956859e-01
2.157356558738363073e-02 2.170646083892149025e-01 6.202464058275147796e-01 1.411154201958869370e-01
1.862052585436636820e-02 1.870109589261485794e-01 6.571944311505621972e-01 1.371740840689228413e-01
1.690858847907932005e-02 1.534963292585070083e-01 7.011407765055978070e-01 1.284543057568159619e-01
1.636459281000693378e-02 1.180925511729855326e-01 7.495712630588882153e-01 1.159715929581193322e-01
1.745726044863045098e-02 8.729675565523613290e-02 7.909238429932378134e-01 1.043221409028957936e-01
2.968391840051967656e-01 7.454907025689516686e-03 6.732047016033516629e-01 2.250120736576205829e-02
8.586297942757033230e-02 4.177606601775053774e-03 4.123126845986653521e-02 8.687281455107883632e-01
1.444624013819092445e-01 6.172275812531389898e-03 3.698005828642476900e-02 8.123852645191347310e-01
2.393677027044191497e-01 9.644048976897110631e-03 3.234415334864101238e-02 7.186440949700425573e-01
3.760325444205738776e-01 1.515417070860398431e-02 2.610754222531539576e-02 5.827057426455065636e-01
5.433460041649686989e-01 2.118961799803656398e-02 1.985064149826563928e-02 4.156137363387292227e-01
7.007352956894543627e-01 2.641132820439336809e-02 1.337581754550213123e-02 2.594775585606502455e-01
8.232304203142550847e-01 2.562456466287205137e-02 7.926859600462498809e-03 1.432181554224104258e-01
9.056999332723658647e-01 1.903711437390554623e-02 3.996213653689162891e-03 7.126673870003920330e-02
9.539117406268200483e-01 1.133492016301288104e-02 1.728737108467497076e-03 3.302460210169952393e-02
9.776417918435181820e-01 6.377990347536371257e-03 7.140395137440173510e-04 1.526617829520171034e-02
9.886359094955692317e-01 3.372559772012544838e-03 3.136739527666653035e-04 7.677856779651709776e-03
9.923712891290437099e-01 3.047695474658873409e-03 1.640649122388843464e-04 4.416950484058441984e-03
9.941033556419002215e-01 2.887786526562528214e-03 1.019278352830698179e-04 2.906929996254145523e-03
9.951078983399207489e-01 2.725736821558336423e-03 7.236867574265587791e-05 2.093996162778083425e-03
9.960002708694668527e-01 2.408268961489538895e-03 5.512990439002593584e-05 1.536330264653600064e-03
9.970087467966493033e-01 1.865417906083056965e-03 4.341014776295939261e-05 1.082425149504591573e-03
9.980342026424814383e-01 1.222170763138823038e-03 3.477373090686674905e-05 7.088528634729413100e-04
9.988260837777379608e-01 7.069884339033222090e-04 2.843429595737043320e-05 4.384934924014865869e-04
9.992954495744527099e-01 4.044279142592463352e-04 2.446950992381494372e-05 2.756530013642249748e-04
9.995372398650801404e-01 2.521880318614071539e-04 2.241269034110627230e-05 1.881594127173722938e-04
9.996554863840948491e-01 1.795950572767100988e-04 2.137028066151873507e-05 1.435482779670052501e-04
9.997034677314976525e-01 1.499478631999864441e-04 2.102142572347833502e-05 1.255629795789259923e-04
9.996968000142784083e-01 1.500928287480580796e-04 2.211656305407919097e-05 1.309905939194261901e-04
9.996188149188506289e-01 1.835569054992150810e-04 2.712136718476793916e-05 1.705068084653366524e-04
9.994497623434150935e-01 2.522709971245486421e-04 3.895527015640615919e-05 2.590113893039428330e-04
9.992279414254729986e-01 3.266688495245603004e-04 5.844831389158204507e-05 3.869414111107930530e-04
9.990075342366587785e-01 3.730017886741465814e-04 8.767813275331042965e-05 5.317858419139931707e-04
9.987457970613801139e-01 4.052745932672098365e-04 1.382208037833365080e-04 7.107075415693708213e-04
9.983052577341999800e-01 4.654170769279703749e-04 2.398216470783419516e-04 9.895035417935803528e-04
9.974728160215181605e-01 5.951150742236856932e-04 4.594665436920665827e-04 1.472602360566150010e-03
9.959148465958407304e-01 8.510305424211174778e-04 9.387406753972527473e-04 2.295382186340938664e-03
9.930525671104154517e-01 1.357490321929164575e-03 1.970644658818960018e-03 3.619297908836279290e-03
9.877708119649140084e-01 2.429502100734387028e-03 4.139696834092990857e-03 5.659989100258589444e-03
9.758739311724847765e-01 6.449473682728456940e-03 8.916710014075970858e-03 8.759885130710791390e-03
9.582539497002184881e-01 1.273366883568329173e-02 1.624986780974985862e-02 1.276251365434834598e-02
9.313320633495806300e-01 2.491583142448244165e-02 2.627846844354030445e-02 1.747363678239699167e-02
8.917963798534799258e-01 4.716246694790277028e-02 3.848528222542074717e-02 2.255587097319663656e-02
8.354535118184264197e-01 8.278440908380217678e-02 5.371470329911111341e-02 2.804737579866016170e-02
7.554025854509482940e-01 1.339912111412206452e-01 7.735975359237488858e-02 3.324644981545626932e-02
6.568673926815999931e-01 1.931050539783208120e-01 1.130763660316252278e-01 3.695118730845414062e-02
5.425273154468771564e-01 2.607560335988463596e-01 1.590427460129595350e-01 3.767390494131696299e-02
4.258269795366211863e-01 3.387480644053629808e-01 2.000570827863147327e-01 3.536787327170107242e-02
3.251384777783016267e-01 4.224364551099560328e-01 2.211691894455591612e-01 3.125587766618314473e-02
2.492578198773912901e-01 5.035804915633682599e-01 2.206328603100023156e-01 2.652882824923817953e-02
1.945499433360660946e-01 5.809671619008942578e-01 2.026183693147787790e-01 2.186452544826072986e-02
1.510126996522093978e-01 6.606298982547804677e-01 1.708786221566337138e-01 1.747877993637622293e-02
1.190698142886063571e-01 7.348282051025849526e-01 1.325068340166292713e-01 1.359514659217947452e-02
9.814040126723781732e-02 7.949333826153095472e-01 9.662397424334763507e-02 1.030224187410492750e-02
8.861402310751971545e-02 8.354812815891360378e-01 6.821524115609528538e-02 7.689454147249116626e-03
9.240294515560862343e-02 8.539352899797346685e-01 4.786060093375642255e-02 5.801163930900219562e-03
1.154569363603989707e-01 8.448683595834809434e-01 3.496955165885062833e-02 4.705152397269482707e-03
1.555357788810533548e-01 8.134423170003840520e-01 2.686598717975068051e-02 4.155916938811745308e-03
2.088706838496112994e-01 7.667444763706737776e-01 2.058261927932659996e-02 3.802220500388429295e-03
2.528026672003642616e-01 7.278305737479590087e-01 1.586008013087781415e-02 3.506678920799003070e-03
2.838179221827882293e-01 7.007579066678168989e-01 1.219425435500159915e-02 3.229916794393292677e-03
3.055822080176382460e-01 6.819518432459819035e-01 9.478437195400306325e-03 2.987511540979368493e-03
3.175959097481708682e-01 6.723066010920133451e-01 7.374582526992729155e-03 2.722906632822956995e-03
3.127317968758504541e-01 6.794322615469371440e-01 5.484385485056096458e-03 2.351556092156408678e-03
2.887251439968780975e-01 7.055836020024911504e-01 3.786706380667356504e-03 1.904547619963471109e-03
2.572669204091508344e-01 7.387256442639996701e-01 2.502431866409294842e-03 1.505003460440293081e-03
2.354247692848954465e-01 7.616511248736224093e-01 1.694053681849519389e-03 1.230052159632676577e-03
2.310370468148864875e-01 7.666720116114312811e-01 1.221591926994604078e-03 1.069349646687803605e-03
2.429669365981803331e-01 7.550943822008560069e-01 9.452462613612239595e-04 9.934349396023590961e-04
2.666899420731742021e-01 7.315242595223410138e-01 7.946722708219365562e-04 9.911261336625445170e-04
2.896441035958992605e-01 7.085761373081791437e-01 7.279951801285970952e-04 1.051763915793108494e-03
2.962121535521691773e-01 7.019099457522983698e-01 7.141716600586073705e-04 1.163729035473836607e-03
2.867504148585283685e-01 7.111350766014088443e-01 7.573358583239372466e-04 1.357172681738730595e-03
2.757394608314574502e-01 7.216034296978102169e-01 9.100321861719260375e-04 1.747077284560581787e-03
2.701245485874634866e-01 7.261614947393671970e-01 1.237606490865574352e-03 2.476350182303706411e-03
2.638246128299511772e-01 7.307419007395137278e-01 1.791246341292702026e-03 3.642240089242787787e-03
2.496249106150345010e-01 7.425800143317287105e-01 2.576163334033488607e-03 5.218911719203508069e-03
9.328038960705688221e-02 4.690075045256381081e-02 4.959047345377676774e-01 3.639141254026121430e-01
3.211585949825620373e-02 1.495757397784924260e-02 5.358586593639810269e-01 4.170679071599133203e-01
3.519584309525623095e-02 1.643112147337640744e-02 4.608469431405093353e-01 4.875260922908578043e-01
3.587141844952682068e-02 1.770136771459389358e-02 3.874751604493499313e-01 5.589520533865296459e-01
3.402383729697167764e-02 1.853848356624374430e-02 3.206847603979248174e-01 6.267529187388599654e-01
3.078337375336093890e-02 1.883758360188335021e-02 2.653014643849081478e-01 6.850775782598473862e-01
2.756825306990032254e-02 1.873358896009929414e-02 2.226056384252719234e-01 7.310925195447286473e-01
2.465232599325751020e-02 1.797803161494457985e-02 1.891385987698186721e-01 7.682310436219791372e-01
2.331913392656763742e-02 1.843001931003438940e-02 1.653130928839968150e-01 7.929377538794010194e-01
2.219301994043099829e-02 1.865185948955104187e-02 1.468352549457240253e-01 8.123198656242938132e-01
2.145679607076665316e-02 1.911122660880273591e-02 1.343665979812328770e-01 8.250653793391974355e-01
2.051299721193489481e-02 1.940656471920640044e-02 1.265428734441129965e-01 8.335375646247457082e-01
1.854348639434484289e-02 1.883713839322072661e-02 1.211008093251925710e-01 8.415185658872419427e-01
1.536820786363090469e-02 1.703322861951479111e-02 1.158334248002881872e-01 8.517651387165660060e-01
1.175314714526369195e-02 1.447783343675660903e-02 1.084050189305214573e-01 8.653640004874580960e-01
8.604474603181328646e-03 1.199353961118046485e-02 9.664521183465833720e-02 8.827567739509797340e-01
6.281238707637525585e-03 1.002382354858083295e-02 8.068159573897655534e-02 9.030133420048055415e-01
4.711396645610058977e-03 8.603676010007254779e-03 6.384930410136555046e-02 9.228356232430170447e-01
3.709262607884147162e-03 7.635634338079057455e-03 4.950201595396400839e-02 9.391530871000728364e-01
3.096990120059316207e-03 7.009476353903928460e-03 3.859450168217521543e-02 9.512990318438612203e-01
2.736922317730407662e-03 6.684461538829670167e-03 3.065972298167656679e-02 9.599188931617632647e-01
2.519855717200699102e-03 6.640178909594349546e-03 2.516932325467545473e-02 9.656706421185293765e-01
2.337412751428736158e-03 6.685807007307951327e-03 2.176994412066366597e-02 9.692068361205993243e-01
2.158110983890303407e-03 6.639528868815108842e-03 2.022577033979053307e-02 9.709765898075040091e-01
2.024183779617858697e-03 6.613000052501062480e-03 2.008653875129470801e-02 9.712762774165862867e-01
1.959000679789028258e-03 6.653713592052410038e-03 2.087845351174841615e-02 9.705088322164101555e-01
1.986518912484038467e-03 6.672604288144723741e-03 2.214146045581247627e-02 9.691994163435588838e-01
2.124903181376969034e-03 6.587486343283296790e-03 2.326415414493472958e-02 9.680234563304048745e-01
2.358463664119227372e-03 6.396184910265286828e-03 2.358528822739560174e-02 9.676600631982197331e-01
2.633721375688726114e-03 6.090325459890079743e-03 2.280752069609164392e-02 9.684684324683296985e-01
2.912963419888062438e-03 5.658550567230889033e-03 2.132408654671170273e-02 9.701043994661688874e-01
3.186104005859667718e-03 5.104057344443085550e-03 1.962334163856237559e-02 9.720864970111350312e-01
3.449700521640537178e-03 4.485522818628210825e-03 1.771922471518206504e-02 9.743455519445489710e-01
3.693656411701977654e-03 3.929576052324994760e-03 1.543106071541154589e-02 9.769457068205615879e-01
3.868227603344593160e-03 3.535517391435401193e-03 1.275662532162972866e-02 9.798396296835907293e-01
3.885546379312915417e-03 3.291817598137600914e-03 9.889774853446085118e-03 9.829328611691035000e-01
3.714582168393240017e-03 3.143568824995942451e-03 7.191123063048493295e-03 9.859507259435622561e-01
2.861737666566259702e-03 2.258547946740951332e-03 5.278863251678762858e-03 9.896008511350140591e-01
2.926811077277961890e-03 2.737651165915726704e-03 3.889939027914483035e-03 9.904455987288917074e-01
3.128074152231112917e-03 3.382851839706131538e-03 2.994728006603063469e-03 9.904943460014596912e-01
3.660270789808910737e-03 4.277117423766047845e-03 2.370548884886509219e-03 9.896920629015385495e-01
4.755658273439916824e-03 5.706866557137994268e-03 1.940012701315673794e-03 9.875974624681064240e-01
6.679843252493379915e-03 8.232520523042425459e-03 1.707340780169258523e-03 9.833802954442949495e-01
9.691353894042666062e-03 1.280886922788723910e-02 1.673284093627847371e-03 9.758264927844421122e-01
1.382197741020752511e-02 2.092583767603917871e-02 1.852914272717292969e-03 9.633992706410360318e-01
1.906289444335248703e-02 3.338812971561365417e-02 2.292106273702416118e-03 9.452568695673317922e-01
2.184402818408298988e-02 5.223291446955843909e-02 3.135376787910416647e-03 9.227876805584479536e-01
2.177918721047108000e-02 7.393144858759946592e-02 4.780123756292153740e-03 8.995092404456374036e-01
1.976347606984135002e-02 9.062387966662888150e-02 8.568966741551050509e-03 8.810436775219788741e-01
1.711210577981615508e-02 9.396256794577879934e-02 1.896190072914968883e-02 8.699634255452555198e-01
1.466134369281315089e-02 8.520364276578565321e-02 5.169171143015840325e-02 8.484433021112431916e-01
1.194152050852639868e-02 7.929212963096994582e-02 1.588157420788217089e-01 7.499506077816818772e-01
7.805693533080069503e-03 6.197918825019445299e-02 4.043059802223078480e-01 5.259091379944175193e-01
3.473340352541042907e-03 3.153404165164077483e-02 7.018357518163281794e-01 2.631568661794900787e-01
1.212127837900382017e-03 1.179936556370536106e-02 8.911213622319930083e-01 9.586714436640128567e-02
3.172841475694440031e-04 4.035611295679820618e-03 9.650338479331409536e-01 3.061325662360978028e-02
1.220241786066746526e-04 1.660950380720518926e-03 9.876183559363254094e-01 1.059866950434727208e-02
6.809749727596912277e-05 9.049630456723667697e-04 9.944045471253876167e-01 4.622392331664036853e-03
5.612907097529572506e-06 6.161620113929507718e-06 9.974140185529307701e-01 2.574206919857617050e-03
2.671672102894738686e-06 2.961392062890950268e-06 9.982833078032816720e-01 1.711059132552501761e-03
1.518188816680918362e-06 1.685661998460268614e-06 9.987487430979706815e-01 1.248053051214085976e-03
9.956256440719606403e-07 1.098716533934551466e-06 9.990113029335601080e-01 9.866027242620568471e-04
7.815513483868987893e-07 8.539364923700221233e-07 9.991372890156268172e-01 8.610754965323176406e-04
7.359383254431220270e-07 7.959258012643214709e-07 9.991696335331162748e-01 8.288346027570884633e-04
7.777956989458022316e-07 8.336196087729662988e-07 9.991498055951795187e-01 8.485829895127070845e-04
8.294401839208725381e-07 8.822623661856498955e-07 9.991244561571769323e-01 8.738321402729214843e-04
8.233144593843753529e-07 8.711796688638803893e-07 9.991304005843667513e-01 8.679049215050395555e-04
7.520467946344786894e-07 7.951818151901942837e-07 9.991722643797407155e-01 8.261883916495330613e-04
6.757182875470541097e-07 7.181075540884356765e-07 9.992207363932671393e-01 7.778697808911341337e-04
6.527478205489027063e-07 7.001942204152080138e-07 9.992437972059043938e-01 7.548498520544943795e-04
7.003436213840138639e-07 7.584338090875018344e-07 9.992298607537133392e-01 7.686804688562086244e-04
7.710801921294457471e-07 8.390270391506782364e-07 9.992006425234991607e-01 7.977473692694605134e-04
2.021920066515268954e-02 9.711650915139882212e-01 4.794983269410620281e-04 8.136209493917996929e-03
2.053626486473447352e-02 9.717850390197324550e-01 3.885375928633853890e-04 7.290158522669571393e-03
1.929997944653947389e-02 9.735904740235657995e-01 3.155714191630455321e-04 6.793975110731812449e-03
1.815545061583556316e-02 9.746852207525807943e-01 2.786192626455618986e-04 6.880709368938179964e-03
1.866183685021722063e-02 9.733280633101205614e-01 2.841993828203550135e-04 7.725900456841777036e-03
2.078950677679681364e-02 9.697433740656157264e-01 3.196788204174638346e-04 9.147440337169807437e-03
2.415339562736694076e-02 9.646955585235421626e-01 3.693551984541134704e-04 1.078169065063685171e-02
2.900767875410109609e-02 9.585128214603779728e-01 4.157939771073891080e-04 1.206370580841361999e-02
3.657911752361325125e-02 9.502890130943951741e-01 4.526369828224677456e-04 1.267923239916897253e-02
5.109076456467456784e-02 9.351501698646257354e-01 5.130533139997986783e-04 1.324601225670019033e-02
8.126119923217753338e-02 9.032843019097945847e-01 6.606739046224557963e-04 1.479382495340516961e-02
1.362672421077346097e-01 8.443658582648955191e-01 9.973667568892864536e-04 1.836953287048077865e-02
2.139189253711991368e-01 7.589744479501991936e-01 1.690014505284066207e-03 2.541661217331771944e-02
2.819497203124689544e-01 6.771400324595832076e-01 3.112394288586953044e-03 3.779785293936089446e-02
3.066141704011378644e-01 6.301579240312906727e-01 5.745641915242723739e-03 5.748226365232880775e-02
2.826788414897314361e-01 6.221457236040731642e-01 1.032900910353559513e-02 8.484642580266006651e-02
2.379578007141536500e-01 6.244841004134535911e-01 1.811316221942629173e-02 1.194449366529669737e-01
2.093076047925620797e-01 5.957963860400776746e-01 3.292806904022565345e-02 1.619679401271344465e-01
2.050383733906606110e-01 5.195524024612570013e-01 6.356077775322736823e-02 2.118484463948547281e-01
2.140582320003618089e-01 4.071577304187882773e-01 1.227456977045359166e-01 2.560383398763141360e-01
2.188430798191803306e-01 2.947260893599119025e-01 2.191747764548238608e-01 2.672560543660839061e-01
2.013196981516487960e-01 2.081501859456397208e-01 3.545577051345458197e-01 2.359724107681658301e-01
1.621230965343245789e-01 1.372100192696518450e-01 5.205876605076267261e-01 1.800792236883969888e-01
8.503291713273228858e-01 1.240919225032517947e-01 5.513848826082494957e-03 2.006505734334288957e-02
8.063733873443837963e-01 1.727132909733533062e-01 3.853340815961575454e-03 1.705998086630119981e-02
7.371246044713997136e-01 2.449142655526147239e-01 2.864061717813308570e-03 1.509706825817192823e-02
6.486420457740373902e-01 3.359387858623190670e-01 2.193344606929470940e-03 1.322582375671403111e-02
5.530127150451550344e-01 4.340600769998715358e-01 1.723945351520942077e-03 1.120326260345256772e-02
4.666014943474952603e-01 5.230995227300029304e-01 1.231782842627709420e-03 9.067200079874071852e-03
3.952822029245554036e-01 5.967175019125681157e-01 9.140314352280594747e-04 7.086263727648562695e-03
3.447890099020800014e-01 6.488875360059187525e-01 7.066070356884966925e-04 5.616847056312998868e-03
3.163208936784108749e-01 6.782654239625358628e-01 6.009744855233951390e-04 4.812707873529812989e-03
3.123842565291158890e-01 6.823610142423728320e-01 5.794274930278239507e-04 4.675301735483560102e-03
3.318987845295759409e-01 6.622355214921379352e-01 6.402443458791394482e-04 5.225449632406814482e-03
3.632863623925173813e-01 6.293816535261255174e-01 7.959680204944371814e-04 6.536016060862822989e-03
3.922661335451534392e-01 5.979626356630650674e-01 1.063316233974651416e-03 8.707914557806310449e-03
4.142369308061402133e-01 5.724800937192416894e-01 1.461496057440104168e-03 1.182147941717791306e-02
4.349096358060682843e-01 5.472960426889305063e-01 2.000209902249469769e-03 1.579411160275151840e-02
4.618718410688877340e-01 5.151399391300405251e-01 2.654803098865310754e-03 2.033341670220635902e-02
4.905432915079634415e-01 4.806733821045064414e-01 3.427346834056560747e-03 2.535597955347338936e-02
5.094465472727128796e-01 4.547974252037625398e-01 4.210498706899390604e-03 3.154552881662498615e-02
4.966206015510839511e-01 4.582470039685794805e-01 5.092721061452612670e-03 4.003967341888403642e-02
4.455678332426566413e-01 4.965404376637875816e-01 6.004333108528389987e-03 5.188739598502712519e-02
3.798666195580273075e-01 5.454554758673755277e-01 7.018855887655854262e-03 6.765904868694119778e-02
3.223889013237137280e-01 5.823865154694721769e-01 8.437831591625916464e-03 8.678675161518810410e-02
2.803543561796194017e-01 6.011702545608849091e-01 1.046558802690551217e-02 1.080098012325898804e-01
2.563019782581589801e-01 6.042467200904289015e-01 1.315121076015079472e-02 1.263000908912612630e-01
2.535335349625640888e-01 5.945326821998507816e-01 1.604677249875801140e-02 1.358870103388266359e-01
2.744688992207261480e-01 5.707541873837922441e-01 1.882022214685073400e-02 1.359566912486311341e-01
3.145045313156277222e-01 5.337929490841766267e-01 2.168634666843938588e-02 1.300161729317562964e-01
3.601093200358279622e-01 4.940993439658487585e-01 2.478921342396642191e-02 1.210021225743568574e-01
3.978100050138376198e-01 4.633357364744374873e-01 2.786189486566432311e-02 1.109923636460604934e-01
4.162428528158943486e-01 4.508489610753417809e-01 3.062725068796508937e-02 1.022809354207987464e-01
4.070726323979908523e-01 4.627935989981989406e-01 3.320242161397712194e-02 9.693134698983317532e-02
3.719896689745011975e-01 4.964801433015897381e-01 3.607109448223608239e-02 9.545909324167307919e-02
3.271995009471108107e-01 5.362548189054766601e-01 3.987617001238989017e-02 9.666951013502264600e-02
2.923895959264355415e-01 5.629305307364397271e-01 4.549713765758574974e-02 9.918273567953901637e-02
2.751929903698753788e-01 5.689981788711321320e-01 5.377858921787462276e-02 1.020302415411180330e-01
2.698976316988064839e-01 5.609637228690922406e-01 6.451663003098961902e-02 1.046220154011114761e-01
2.674541617276269823e-01 5.487555518557259981e-01 7.606017820773733340e-02 1.077301082089102691e-01
2.629844477611670839e-01 5.396200186933031162e-01 8.521303571035807045e-02 1.121824978351721042e-01
2.550500027747205634e-01 5.382039984869330107e-01 8.947768593679497617e-02 1.172683128015514220e-01
2.412318890731437460e-01 5.500026098821958476e-01 8.928899296208878122e-02 1.194765080825718889e-01
2.168916897713630554e-01 5.821946989920663285e-01 8.660228766395340616e-02 1.143113235726174876e-01
1.824448501292661728e-01 6.340916584830895708e-01 8.195441497242962614e-02 1.015090764152147829e-01
1.440432208999661012e-01 6.966118108489537386e-01 7.428940529412715599e-02 8.505556295695300417e-02
1.077826970602147327e-01 7.603481548960270286e-01 6.322281323099250561e-02 6.864633481276587179e-02
7.855681804693523396e-02 8.166096246486037602e-01 5.071979277934236113e-02 5.411376452511853369e-02
5.864768374603312323e-02 8.600251322644346663e-01 3.944514147778459962e-02 4.188204251174778431e-02
4.742161400116765013e-02 8.904306342575085687e-01 3.051649987246103646e-02 3.163125186886307783e-02
4.281694894758521219e-02 9.106285124804059938e-01 2.336019682082585841e-02 2.319434175118282454e-02
4.147364627998357395e-02 9.253883116840115886e-01 1.684501356244677561e-02 1.629302847355821801e-02
3.993291527233469584e-02 9.391132310044875142e-01 1.056642980478623116e-02 1.038742391839126387e-02
3.461884007830883653e-02 9.541189780657479691e-01 5.615445783682188746e-03 5.646736072261099304e-03
3.036609438591649987e-02 9.642928566676127744e-01 2.672578661684443455e-03 2.668470284786602330e-03
3.068069607425217074e-02 9.668455137793160459e-01 1.290323234405953319e-03 1.183466912025756771e-03
3.811651742548464311e-02 9.606321838528280033e-01 7.069479297852289314e-04 5.443507919021247981e-04
5.607059572080114185e-02 9.431525180543807174e-01 4.789861083518510217e-04 2.979001164663842567e-04
8.564656447863647215e-02 9.137255111926483320e-01 4.115193628795878709e-04 2.164049658354616132e-04
1.189247681408409085e-01 8.806231531556247827e-01 2.738557401667037383e-04 1.782229633674975531e-04
1.422935542805460474e-01 8.572921040167105211e-01 2.411484334762806973e-04 1.731932692669600814e-04
1.582588595184660496e-01 8.413319611139701282e-01 2.261161753300706674e-04 1.830631922338572153e-04
1.741830103690612530e-01 8.253819686366626884e-01 2.271930257999742360e-04 2.078279684762481731e-04
1.937207554665309472e-01 8.057933619430450722e-01 2.382078844867687025e-04 2.476747059373757493e-04
2.125088597745103114e-01 7.869443097191934910e-01 2.466029952376247425e-04 3.002275110587087768e-04
2.200238286233217322e-01 7.793715607080394792e-01 2.417150118866754401e-04 3.628956567520792752e-04
2.148960490582922100e-01 7.844296679791477045e-01 2.294987989695097645e-04 4.447841635904024437e-04
2.145301268028529662e-01 7.846404851704361638e-01 2.338297633116316349e-04 5.955582633989913582e-04
2.407540563441101511e-01 7.580197930443277610e-01 2.867289725679654359e-04 9.394216389940879654e-04
2.944546188645968954e-01 7.033999265861079486e-01 4.271011553279610400e-04 1.718353393967310102e-03
3.472951307200218274e-01 6.486207272501789411e-01 7.099781997368567179e-04 3.374163830062453569e-03
3.735548752045682042e-01 6.185584291022055980e-01 1.215898190418985029e-03 6.670797502807307086e-03
3.787386029464204773e-01 6.062501150741088640e-01 2.082556927900101103e-03 1.292872505157042877e-02
3.763610296408197442e-01 5.957597082189851623e-01 3.554735366817232244e-03 2.432452677337779839e-02
3.561723426880310517e-01 5.940847246063380993e-01 6.082287793656756224e-03 4.366064491197405029e-02
2.988125742759274450e-01 6.162336099054189775e-01 1.062486544786849126e-02 7.432895037078522671e-02
1.966124825304547685e-01 6.684730431450484067e-01 1.769139216569047893e-02 1.172230821588060856e-01
1.060645468264563712e-01 6.771754486179669685e-01 2.597873920622851412e-02 1.907812653493480282e-01
5.636880052655222212e-02 5.994868085525058010e-01 3.353620440493322585e-02 3.106081865160084110e-01
3.349907835967851771e-02 4.824988828520410111e-01 3.844238798490266090e-02 4.455596508033780045e-01
2.374683985308309250e-02 3.701040107849908889e-01 4.158030141644621092e-02 5.645688479454799014e-01
1.866686756650201909e-02 2.823952364435874940e-01 4.595892899465003206e-02 6.529789669952605902e-01
1.607953535653382574e-02 2.228167220186772768e-01 5.006119081332052745e-02 7.110425518114682486e-01
1.426139933794230361e-02 1.923248803995516731e-01 5.230292868567599368e-02 7.411107915768297971e-01
1.159585504627088509e-02 1.874321844189973385e-01 5.429972493624631025e-02 7.466722355984853898e-01
9.332583758592178855e-03 1.997326618826588407e-01 5.605071344097558445e-02 7.348840409177734845e-01
7.545487699678016073e-03 2.161430092045185103e-01 6.109835916418552421e-02 7.152131439316180561e-01
6.183567294716853409e-03 2.251702497779456691e-01 7.086704072895583240e-02 6.977791421983811082e-01
5.154264903626092770e-03 2.233509376693556536e-01 8.568024024842485487e-02 6.858145571785935202e-01
4.558175004054035133e-03 2.197236017194598712e-01 1.041855939982446189e-01 6.715326292782417550e-01
4.639087406082376998e-03 2.306895246558435530e-01 1.218938793149866862e-01 6.427775086230874679e-01
5.568675449166478678e-03 2.641201623824213085e-01 1.349084937238280157e-01 5.954026684445836715e-01
