4.797780342874387316e-02 9.514241016087180425e-01 1.189613507087128421e-05 5.861988274671264083e-04
5.282131732450102111e-03 8.616751557995349546e-04 9.916784946533737655e-01 2.177698458376680409e-03
7.945928598285566594e-03 1.092765445519400551e-03 9.879192873225034477e-01 3.042018633691365073e-03
1.408572217977092055e-02 1.615146013329903617e-03 9.792677450591407151e-01 5.031386747758352304e-03
2.882832319520738790e-02 2.745170340085540360e-03 9.586906420267431450e-01 9.735864437963924131e-03
6.376921414834155200e-02 5.029717199737790065e-03 9.103963110209838394e-01 2.080475763093688965e-02
1.353143996607048816e-01 9.579953271782981963e-03 8.108803923534413371e-01 4.422525471407043329e-02
2.549542197583778980e-01 1.561616916038387551e-02 6.457746193307004612e-01 8.365499175053790759e-02
3.968455190985757941e-01 2.108459705289966735e-02 4.518152440750108356e-01 1.302546397735136197e-01
5.196777274655217660e-01 2.347798920106103360e-02 2.879015274388316836e-01 1.689427558945858776e-01
5.965945346804604199e-01 2.279072667359821613e-02 1.797386551797241216e-01 2.008760834662172978e-01
6.216310726618156091e-01 2.095884776782497641e-02 1.186230638657865266e-01 2.387870157045728914e-01
6.096675589710341958e-01 1.929308156360470816e-02 8.518387958090462009e-02 2.858554798844566425e-01
5.782205497391740279e-01 1.810849891039004525e-02 6.606985147826198446e-02 3.376010998721736822e-01
5.379748904276976385e-01 1.700774608725577272e-02 5.428860600600556724e-02 3.907287574790410667e-01
4.890419038467663237e-01 1.657233955698106040e-02 4.958366072066058144e-02 4.448020958755923848e-01
4.327828149095216403e-01 1.570496675838018233e-02 4.935628127507011437e-02 5.021559370570282121e-01
3.753252760956798939e-01 1.454922188357284270e-02 5.403489226067884760e-02 5.560906097600684106e-01
3.273130441835452320e-01 1.302341911390416870e-02 6.478117083199520787e-02 5.948823658705552075e-01
2.941096391148673717e-01 1.124991521928788568e-02 8.315880908636624769e-02 6.114816365794785158e-01
2.738941071041171016e-01 9.462590335448460566e-03 1.100785409803712034e-01 6.065647615800633385e-01
2.614824312178382071e-01 7.799455222851007022e-03 1.462350088085122568e-01 5.844831047507985655e-01
2.502573355206988426e-01 6.264313790679810340e-03 1.944126127329467990e-01 5.490657379556745932e-01
2.325980186260379612e-01 4.767937086520431314e-03 2.611641464068051310e-01 5.014698978806364504e-01
2.098509436504216175e-01 3.641872487054221164e-03 3.435756013211876958e-01 4.429315825413367991e-01
1.846338311551145861e-01 2.794981645326212807e-03 4.335093677341665397e-01 3.790618194653926909e-01
1.562738426256196356e-01 2.101498964420623478e-03 5.230403388372255602e-01 3.185843195727344757e-01
1.264355517613452995e-01 1.548200535521681697e-03 6.037448418585502630e-01 2.682714058445828664e-01
9.602441841196246441e-02 1.104680299075991865e-03 6.722945953141593600e-01 2.305763059748021093e-01
6.928716063782763834e-02 7.905056189333204428e-04 7.241055431214639126e-01 2.058167906217750753e-01
5.017014607440594548e-02 6.164299014929473927e-04 7.521860589388906781e-01 1.970273650852104874e-01
3.854773880040576750e-02 5.678881492911274287e-04 7.505156342767909106e-01 2.103687387735122538e-01
3.233298100883193193e-02 6.465654065392035469e-04 7.137739840561040383e-01 2.532464695285249201e-01
2.913836847968978225e-02 8.607067939259911747e-04 6.425477980987044369e-01 3.274531266276798913e-01
2.713496177651124677e-02 1.228438708522258975e-03 5.433774248045097899e-01 4.282591747104564917e-01
2.520127986687777794e-02 1.767165517076855954e-03 4.297070269840449486e-01 5.433245276320003425e-01
2.276905098958341075e-02 2.359551333553717729e-03 3.236469485040847083e-01 6.512244491727782192e-01
2.018534820094130405e-02 2.747916006200422107e-03 2.406640629851164448e-01 7.364026728077419648e-01
1.790415502291910904e-02 2.893076502565425975e-03 1.785617011134915111e-01 8.006410673610236950e-01
1.563076964283278622e-02 2.996085177687562041e-03 1.303953322682465665e-01 8.509778129112327560e-01
1.306268792507959443e-02 3.298126421441204166e-03 9.168862875781498556e-02 8.919505568956640484e-01
1.042330241920419107e-02 4.039337884804850530e-03 6.067401812049195986e-02 9.248633415754989873e-01
8.172270162400362831e-03 5.464033329767582249e-03 3.816182752509951481e-02 9.482018689827322877e-01
6.633641189182016423e-03 7.897222055133113969e-03 2.391710798896890325e-02 9.615520287667157495e-01
5.889489031330088185e-03 1.178824256174996164e-02 1.601216159259717317e-02 9.663101068143229444e-01
5.809566066577007311e-03 1.731331982468973033e-02 1.229117183553080257e-02 9.645859422732023791e-01
6.272057993307079971e-03 2.329764973109198570e-02 1.073781773245258836e-02 9.596924745431488768e-01
7.200669587733687059e-03 2.717446168974647913e-02 1.004581475365166031e-02 9.555790539688683305e-01
8.684007796230958434e-03 2.782682756866019722e-02 9.671579907725536690e-03 9.538175847273829833e-01
1.106037425124355156e-02 2.595069273654827119e-02 9.538150549493001895e-03 9.534507824627153072e-01
1.481833401668029675e-02 2.271414978966777506e-02 9.674020331265810110e-03 9.527934958623862638e-01
2.056149815467483988e-02 1.977934181279407053e-02 1.004397771730593421e-02 9.496151823152252369e-01
2.853934735936110648e-02 1.824511832120657290e-02 1.045625965751510386e-02 9.427592746619173347e-01
3.749277048418699770e-02 1.771235631732316629e-02 1.087263749865998580e-02 9.339222356998297947e-01
4.734008273309749104e-02 1.801125680737324097e-02 1.004760387285655136e-02 9.246010565866729092e-01
5.655545394407650306e-02 1.881002570813707434e-02 8.784580504610136828e-03 9.158499398431763083e-01
6.537987134250473897e-02 1.852782607145646646e-02 7.465737438663472801e-03 9.086265651473752758e-01
7.503448271669835301e-02 1.629467039867494096e-02 6.282716862774468877e-03 9.023881300218522528e-01
8.814654315756441372e-02 1.299518772761295779e-02 5.331329496367948582e-03 8.935269396184546409e-01
1.096111086750605618e-01 9.944049291812820379e-03 4.636602644131162555e-03 8.758082393889956574e-01
1.501801888716083055e-01 7.972548763154166038e-03 4.221318092295906974e-03 8.376259442729414584e-01
2.308000955211465532e-01 6.116501609358607726e-03 3.886212836625593456e-03 7.591971900328693401e-01
3.593486645693643178e-01 5.063058024279887617e-03 3.635692948992868927e-03 6.319525844573629092e-01
5.097193346773054579e-01 4.285687997773521621e-03 3.379478319894283801e-03 4.826154990050264271e-01
6.341600808220694274e-01 3.764272483404183800e-03 3.134581057867444343e-03 3.589410656366588959e-01
7.115913941104553553e-01 3.640801820437395905e-03 3.043574820827099278e-03 2.817242292482803889e-01
7.488798021304503560e-01 3.912807154969149409e-03 3.228861326555488784e-03 2.439785293880248895e-01
7.625812365107521584e-01 4.521926994256894594e-03 3.725715880651576939e-03 2.291711206143394741e-01
7.720512915641650764e-01 5.318171907744452531e-03 4.510394661635746226e-03 2.181201418664546476e-01
7.963799908449791243e-01 5.779473769931321205e-03 5.614266021038124069e-03 1.922262693640515718e-01
8.385193494536071768e-01 5.871907909933810586e-03 7.162302653256174580e-03 1.484464399832025605e-01
8.827011136581645045e-01 4.992152462042281739e-03 9.231051133442006243e-03 1.030756827463514824e-01
4.778238894567284345e-01 4.465176034667905358e-01 2.567664909588302652e-02 4.998185798059785745e-02
8.798536784976365155e-01 9.456943863737273318e-03 3.713025084462236169e-02 7.355912679400389287e-02
8.977280005038157373e-01 1.051876661960521493e-02 2.247195535006876743e-02 6.928127752651040694e-02
9.078909074250052225e-01 1.258925729937196945e-02 1.402689739870261951e-02 6.549293787692013480e-02
9.130834105148741831e-01 1.563010037230115265e-02 9.187012278059394563e-03 6.209947683476538249e-02
9.161163999581413142e-01 1.898023550875348880e-02 6.307210232365395748e-03 5.859615430073985415e-02
9.199387187523277998e-01 2.153812552117389395e-02 4.434493144036872996e-03 5.408866258246120690e-02
9.259864674946246543e-01 2.282061139547284651e-02 3.041691387969126456e-03 4.815122972193312811e-02
9.338495181676855772e-01 2.306749336611533391e-02 1.940865082233551083e-03 4.114212338396539687e-02
9.424933958682490953e-01 2.247355791664998326e-02 1.152457566955878690e-03 3.388058864814501303e-02
9.511593768742900856e-01 2.105389557094342404e-02 6.662093846459205470e-04 2.712051817012063257e-02
9.597475623565229208e-01 1.876595300301741459e-02 3.910763076506619117e-04 2.109540833280889455e-02
9.676635437493052994e-01 1.592283959355281220e-02 2.425814933310743292e-04 1.617103516381072914e-02
9.740839092212811856e-01 1.301099583510027628e-02 1.692131163256528940e-04 1.273588182729281162e-02
9.786950549135419175e-01 1.037898641791652581e-02 1.418320826403514237e-04 1.078412658590111040e-02
9.816655958268115656e-01 8.159703130681175004e-03 1.473137063921218972e-04 1.002738733611522812e-02
9.834880110390333829e-01 6.326302686672244900e-03 1.821497039092409749e-04 1.000353657038521166e-02
9.845095810635940969e-01 4.879874264933751343e-03 2.507322423305088878e-04 1.035981242914171298e-02
9.846368651818847573e-01 3.870199719848081265e-03 3.709874068695941454e-04 1.112194769139756428e-02
9.836466702044174282e-01 3.191800151077214820e-03 5.847737804084838413e-04 1.257675586409684118e-02
9.813493866989828618e-01 2.679274358558041916e-03 9.718959736396215812e-04 1.499944296881956969e-02
9.773405172500723159e-01 2.296513281237500762e-03 1.647910049410841564e-03 1.871505941927932570e-02
9.709380005731182983e-01 2.093036047094443738e-03 2.746158095417422507e-03 2.422280528436973612e-02
9.613398032113694702e-01 2.087666421975352404e-03 4.465625000026898599e-03 3.210690536662801770e-02
9.475912490332911720e-01 2.292222981344720772e-03 7.186872969996237377e-03 4.292965501536778056e-02
9.281582305052477055e-01 2.753870249686247215e-03 1.161748043436259918e-02 5.747041881070313885e-02
9.003037139429632685e-01 3.552816703933803916e-03 1.904048510468304284e-02 7.710298424841975640e-02
8.612450381381845377e-01 4.747447784059564795e-03 3.133284912321694649e-02 1.026746649545387802e-01
8.086372182070618031e-01 6.397453054487958410e-03 5.036256345763485270e-02 1.346027652808155228e-01
7.432993696353648039e-01 9.004253865006021929e-03 7.522401957031311925e-02 1.724723569293161174e-01
6.711459201948754005e-01 1.150512810519950350e-02 1.036391224676970063e-01 2.137098292322281434e-01
5.950017879505163920e-01 1.403612733178602988e-02 1.349624222744955082e-01 2.559996624432019918e-01
5.135644463644322144e-01 1.624512605126749235e-02 1.733536742265426867e-01 2.968367533577573325e-01
4.338971282437984467e-01 1.742579526826311745e-02 2.229204334930410814e-01 3.257566429948974274e-01
3.700863284654434260e-01 1.723757267631648854e-02 2.835093030310905093e-01 3.291667958271496386e-01
3.321840649642767707e-01 1.642617661942831486e-02 3.460305630144307476e-01 3.053591954018646248e-01
3.212152488236318937e-01 1.582885975589868113e-02 3.996427831704311706e-01 2.633131082500381748e-01
3.291815165573180879e-01 1.537682510092248933e-02 4.471813953471380221e-01 2.082602629946213868e-01
3.303615770777117433e-01 1.309989228780373584e-02 5.106527764782123890e-01 1.458857541562723348e-01
3.068454439820932911e-01 9.802844017183688294e-03 5.930667663066787609e-01 9.028494569404399428e-02
2.599877994506623602e-01 6.174281804048103485e-03 6.828673252350048184e-01 5.097059351028455920e-02
2.016944027161453323e-01 3.874876140435925664e-03 7.671813776619084146e-01 2.724934348151007366e-02
1.462717534854681145e-01 2.374657751856405329e-03 8.368406285112471865e-01 1.451296025142840077e-02
1.015765391779257232e-01 1.488541992705223055e-03 8.889354859881434257e-01 7.999432841225685362e-03
7.102233176234176715e-02 1.018668148578695705e-03 9.232097948662445486e-01 4.749205222834876686e-03
5.410763519450372677e-02 8.341892173351984950e-04 9.417854177146883776e-01 3.272757873472576656e-03
4.891900313819173146e-02 8.940875770960773124e-04 9.473098111629146834e-01 2.877098121797261321e-03
5.388982567655390549e-02 1.256772844184059646e-03 9.415181384719382152e-01 3.335263007323575977e-03
6.977472363149755941e-02 2.175742905104285831e-03 9.231690465193611583e-01 4.880486944036930078e-03
9.863397829662180760e-02 4.235848520955740742e-03 8.889183879116338005e-01 8.211785270788553998e-03
1.384678717757200361e-01 8.213629296193090956e-03 8.392082041694370886e-01 1.411029475864987448e-02
1.803226132212247812e-01 1.581742555773015327e-02 7.807864138431976908e-01 2.307354737784709717e-02
2.102240412449553619e-01 2.670459711883138229e-02 7.276675961253039615e-01 3.540376551090945040e-02
2.276555776271961817e-01 4.463818510546610496e-02 6.749542016326164351e-01 5.275203563472138230e-02
2.352886301239263955e-01 7.548704668849036403e-02 6.125955564739529180e-01 7.662876671363011427e-02
2.292410034200512703e-01 1.253379359630000800e-01 5.385580259545837967e-01 1.068630346623650751e-01
2.051049316517352394e-01 1.942594445595253461e-01 4.602551869430369647e-01 1.403804368457026719e-01
1.687811699993836956e-01 2.688518403625392850e-01 3.905518379513877592e-01 1.718151516866892881e-01
1.352205309256452048e-01 3.322062575066557777e-01 3.353892869869319338e-01 1.971839245807668617e-01
1.122276290968562684e-01 3.774043574115905075e-01 2.952563019362272057e-01 2.151117115553256853e-01
9.826619098637436045e-02 4.056009258776592796e-01 2.696090617826494285e-01 2.265238213533168621e-01
8.977660514861293684e-02 4.211800124295251302e-01 2.560577835907451028e-01 2.329855988311168302e-01
8.218284851602156160e-02 4.307524184564379133e-01 2.512689586609936909e-01 2.357957743665468342e-01
7.417495118951154820e-02 4.329227103007993738e-01 2.555747156919738194e-01 2.373276228177154112e-01
6.561699075577416551e-02 4.213997971478560256e-01 2.717442782356604969e-01 2.412389338607094091e-01
5.720294258161039147e-02 3.940585253016013478e-01 2.985630501507350321e-01 2.501754819660529927e-01
5.048466580474061244e-02 3.569584061208760928e-01 3.288893834559342144e-01 2.636675446184489346e-01
4.647820585610612509e-02 3.165563715813845547e-01 3.577637110213628402e-01 2.792017115411466466e-01
4.417939314736456929e-02 2.732448175791725165e-01 3.888397183429918580e-01 2.937360709304711048e-01
4.473375335850843237e-02 2.218941920135293067e-01 4.295963425642487787e-01 3.037757120637134545e-01
4.648328057863267138e-02 1.695645149154359765e-01 4.750849016238453681e-01 3.088673028820861366e-01
5.120234957879677556e-02 1.212410910288145433e-01 5.146403851645494631e-01 3.129161742278385727e-01
2.492579157687177527e-01 4.058418428024432138e-03 7.356582881235169680e-01 1.102537767974048552e-02
5.666454196004849786e-02 3.649143801741734291e-03 1.473934750361196311e-01 7.922928392020901489e-01
1.064341475863583852e-01 6.364623669412859154e-03 1.568268908578830390e-01 7.303743378863457592e-01
1.963176702049428124e-01 1.087620089323480463e-02 1.574298978988820097e-01 6.353762310029404947e-01
3.403011595846375248e-01 1.681710375178296912e-02 1.374307586363809619e-01 5.054509780271986275e-01
5.277374135449826031e-01 2.244208007331267851e-02 9.530110812837587486e-02 3.545193982533285659e-01
7.123553410476072267e-01 2.473486981166856877e-02 5.186681835576251870e-02 2.110429707849615921e-01
8.493085598983433071e-01 2.130092862750651572e-02 2.339750270232331814e-02 1.059930087718269770e-01
9.293760421348530310e-01 1.494011452132929137e-02 9.076439900588116616e-03 4.660740344322932688e-02
9.686234472186565636e-01 9.223176539768257465e-03 3.110573653873198799e-03 1.904280258770223513e-02
9.853574252572238068e-01 5.806908436759278432e-03 1.021112849491865107e-03 7.814553456525140732e-03
9.923817955171274630e-01 3.832009480348832695e-03 2.747931721166634337e-04 3.511401830407062490e-03
9.946051536101744306e-01 3.426619930118140599e-03 1.196346570090651404e-04 1.848591802698288820e-03
9.957062134703675849e-01 3.108638742936885128e-03 6.275648913607465495e-05 1.122391297559350134e-03
9.964524657549177489e-01 2.757557451294159485e-03 3.875500337005950501e-05 7.512217904179736361e-04
9.971651240402750194e-01 2.289103653201408125e-03 2.658201684717669658e-05 5.191902896764468865e-04
9.979486354808442261e-01 1.681564531619512276e-03 1.941567530814989443e-05 3.503843122280204275e-04
9.987126938353624306e-01 1.050147753165615134e-03 1.472591815864565417e-05 2.224324933133230804e-04
9.992731777565679874e-01 5.798759755190268728e-04 1.157554910012044659e-05 1.353707188128708521e-04
9.995873664245208401e-01 3.170718095351739629e-04 9.691307632625656245e-06 8.587045831143406776e-05
9.997411463522097863e-01 1.893296919476100660e-04 8.679262798492188826e-06 6.084469304411808162e-05
9.998132252545537391e-01 1.295566333408844210e-04 8.081787679615926942e-06 4.913632442578421609e-05
9.998419865700022280e-01 1.045451661302448649e-04 7.747716205624135142e-06 4.572054766167588612e-05
9.998394570677767712e-01 1.023112097163734753e-04 8.003377750883614044e-06 5.022834475584812445e-05
9.997986505683018610e-01 1.238763857249332268e-04 9.893395120523598593e-06 6.757965085267967817e-05
9.997139496297007266e-01 1.671551749257618041e-04 1.459327341719279415e-05 1.043019219560892887e-04
9.996150791429018190e-01 2.059823631447758408e-04 2.215450985671123450e-05 1.567839840967076538e-04
9.995346582628020782e-01 2.161816130391907230e-04 3.266447326540093996e-05 2.164956508933892966e-04
9.994463565934368354e-01 2.109361518316631016e-04 4.945068986718467486e-05 2.932565648645566988e-04
9.992819195912098218e-01 2.153099926701315680e-04 8.137296972222543112e-05 4.213974463976924152e-04
9.989471715721751632e-01 2.441885513214592436e-04 1.479054232919807456e-04 6.607344532113001469e-04
9.982892167037066278e-01 3.124822323930890873e-04 2.897716478293717183e-04 1.108529416070882416e-03
9.970234595041461700e-01 4.565267568560116870e-04 5.925443462121087563e-04 1.927469392785830351e-03
9.945981567060044881e-01 7.718354422082537511e-04 1.229365581628000378e-03 3.400642270159213738e-03
9.878999546426904255e-01 2.788992814651951053e-03 3.191357082892630828e-03 6.119695459764856911e-03
9.786545713582956996e-01 5.381549258615658630e-03 5.796437657302146509e-03 1.016744172578669218e-02
9.646350426056116145e-01 1.029306533757659570e-02 9.452785428889191530e-03 1.561910662792228947e-02
9.443942565976644055e-01 1.950252818835406660e-02 1.422597539397549814e-02 2.187723982000602807e-02
9.154099921864086165e-01 3.600014378526870257e-02 2.074327061337686434e-02 2.784659341494565357e-02
8.753898414146409346e-01 6.234508966444314570e-02 3.042173498366903747e-02 3.184333393724703143e-02
8.204858421765126586e-01 1.018223012987813231e-01 4.510343768700531691e-02 3.258841883770045855e-02
7.393776067736574920e-01 1.640987313179119444e-01 6.577894872715694952e-02 3.074471318127347530e-02
6.215832480826595230e-01 2.622725530652147419e-01 8.866042082552402781e-02 2.748377802660201263e-02
4.795065058925900292e-01 3.931030770162250998e-01 1.042989624130273574e-01 2.309145467815762465e-02
3.452720419079463587e-01 5.308076394372455153e-01 1.059220892011049214e-01 1.799822945370332938e-02
2.355911137766774077e-01 6.570730464962603046e-01 9.436580521692196355e-02 1.297003451014037620e-02
1.565052909790701219e-01 7.596204609667187579e-01 7.510125679531173826e-02 8.772991258899368039e-03
1.043965170534728454e-01 8.353449206410002992e-01 5.459075319184412273e-02 5.667809113682766541e-03
7.489307988416693540e-02 8.832682279616376197e-01 3.820634506792697921e-02 3.632347086268097446e-03
6.150215796562633758e-02 9.090942740369930553e-01 2.701565929953556044e-02 2.387908697845375020e-03
6.139562167340547466e-02 9.169046561475044932e-01 2.002922338694857959e-02 1.670498792141495489e-03
7.290619914730853135e-02 9.097908757749698649e-01 1.601700754096324272e-02 1.285917536758174502e-03
9.743804362941087260e-02 8.877090826026886594e-01 1.374516542178824685e-02 1.107708346112351886e-03
1.281700526245615479e-01 8.591257845213521316e-01 1.171942432639501604e-02 9.847385276911424946e-04
1.507403157841575858e-01 8.385555309323536877e-01 9.825360611129114324e-03 8.787926723597604085e-04
1.647318660756945385e-01 8.263800489627084467e-01 8.101972024164854833e-03 7.861129374320555358e-04
1.764666096965154807e-01 8.161332664558113015e-01 6.685299044650483413e-03 7.148248030230499369e-04
1.885343021340037950e-01 8.053569284911131776e-01 5.458020532595615239e-03 6.507488422875435698e-04
1.948555388518594389e-01 8.003851767718190846e-01 4.187809915138666905e-03 5.714744611827133128e-04
1.903340326408896610e-01 8.062349741809672343e-01 2.947432548669856340e-03 4.835606294729509892e-04
1.808757941304555694e-01 8.167209661544193589e-01 1.989699395905301753e-03 4.135403192197619534e-04
1.781827898501977259e-01 8.200537064313756508e-01 1.386599099483469717e-03 3.769046189432036101e-04
1.879105712403538186e-01 8.106893030109073583e-01 1.028663987216289592e-03 3.714617615224880399e-04
2.090205863469249137e-01 7.897753610459948836e-01 8.096025037493804035e-04 3.944501033304237186e-04
2.385401202111374630e-01 7.603235434641394397e-01 6.805758169720942455e-04 4.557605077510872558e-04
2.678742929638428527e-01 7.309328135192535436e-01 6.153202863047622711e-04 5.775732305991040016e-04
2.841258381280354905e-01 7.144776279172223576e-01 5.972610012721320033e-04 7.992729534699455352e-04
2.874064933049371162e-01 7.107245523380921748e-01 6.399375366196917523e-04 1.229016820350819052e-03
2.921354239416819598e-01 7.048834640676769903e-01 7.960727808797441038e-04 2.185039209760908895e-03
3.049257498628084595e-01 6.895482323007883219e-01 1.133440081135496423e-03 4.392577755267652179e-03
3.168551891321566560e-01 6.722392943680581823e-01 1.715716922924573513e-03 9.189799576860779862e-03
3.146579268573057586e-01 6.644901854478240111e-01 2.552321077559435193e-03 1.829956661731093823e-02
7.263760468326770081e-02 3.281560997596637969e-02 6.353628335258896254e-01 2.591839518148763566e-01
6.019482397415760327e-02 1.081428949187231148e-02 5.051002296327670171e-01 4.238906569012030334e-01
6.171053826191127967e-02 1.201156140465338591e-02 4.753149353751700557e-01 4.509629649582651556e-01
5.984248711531124643e-02 1.330484944506096258e-02 4.396339094205987119e-01 4.872187540190285882e-01
5.522608500113299068e-02 1.449257915084229721e-02 3.979098333227554796e-01 5.323715025252695465e-01
4.948216028301961888e-02 1.532978128351463951e-02 3.543816292532069867e-01 5.808064291802585988e-01
4.425180705022097039e-02 1.573137772331266795e-02 3.139600291289720291e-01 6.260567860974945997e-01
4.025221144194497669e-02 1.586332522693776129e-02 2.786127836304456151e-01 6.652716797006716920e-01
3.745227919728010002e-02 1.600809509145471876e-02 2.485096158043843817e-01 6.980300099068806885e-01
3.559810654607740293e-02 1.635933118224605284e-02 2.245915660975211781e-01 7.234509961741556472e-01
3.428299213509998500e-02 1.687982971749101002e-02 2.079483029120871851e-01 7.408888752353219864e-01
3.256678303652795620e-02 1.718421433022165878e-02 1.972038771469645790e-01 7.530451254862859933e-01
2.923988985046863456e-02 1.658361574146313341e-02 1.889298901870432590e-01 7.652466042210247510e-01
2.417832463152344916e-02 1.448786343655049207e-02 1.788675067141804187e-01 7.824663052177455169e-01
1.848496968929895512e-02 1.221191223475431333e-02 1.685453609883564019e-01 8.007577570875903383e-01
1.374838379161728331e-02 9.884499960110057146e-03 1.521934738958070632e-01 8.241736423524654853e-01
1.036887854521546110e-02 8.191876827584411436e-03 1.319364915395632998e-01 8.495027530876367861e-01
8.128582238773494548e-03 7.124838769567214299e-03 1.117036955988493924e-01 8.730428833928096655e-01
6.706476268300345760e-03 6.533396564367025677e-03 9.518484228892826193e-02 8.915752848784043172e-01
5.852154297698945393e-03 6.259483783252889344e-03 8.325641492314315995e-02 9.046319469959049897e-01
5.386404519834421187e-03 6.233667601492341205e-03 7.465618834346307575e-02 9.137237395352103553e-01
5.148380454616007310e-03 6.432437148350051911e-03 6.812853949885491756e-02 9.202906428981789677e-01
4.936227855589959621e-03 6.650902116888296987e-03 6.354803966836863882e-02 9.248648303591530118e-01
4.678351035539744622e-03 6.703060346305669305e-03 6.146322477681938345e-02 9.271553638413351228e-01
4.463925322287347515e-03 6.789645914898851525e-03 6.141210250975026597e-02 9.273343262530634457e-01
4.348570394414040009e-03 6.988661084237645683e-03 6.230076853524176006e-02 9.263619999861065768e-01
4.393846980585021898e-03 7.145138544800388493e-03 6.320431000706051849e-02 9.252567044675541474e-01
4.644098135012922866e-03 7.129425881392730500e-03 6.310065848960520751e-02 9.251258174939889223e-01
5.065358031814662723e-03 6.973239368149107553e-03 6.083325369818209233e-02 9.271281489018539101e-01
5.550973587374947137e-03 6.706672730522622757e-03 5.621504611153083780e-02 9.315273075705714501e-01
6.027216944152878446e-03 6.301520043015580372e-03 5.050740136426799809e-02 9.371638616485631346e-01
6.474498841937566945e-03 5.714527358929590538e-03 4.494477453699673164e-02 9.428661992621362176e-01
6.907370439685692719e-03 4.997899271670348635e-03 3.962296117071244239e-02 9.484717691179310739e-01
7.347575696838861206e-03 4.330186187248247914e-03 3.400707503834896062e-02 9.543151630775643657e-01
7.743925232134711220e-03 3.875953883688790236e-03 2.770127280168928341e-02 9.606788480824872689e-01
7.965115091669710060e-03 3.663579428683600044e-03 2.088833786380145732e-02 9.674829676158458458e-01
7.923724108896770119e-03 3.649321390814658922e-03 1.448371334461039280e-02 9.739432411556779856e-01
7.705910823311035510e-03 3.863110546861589761e-03 9.546213486739868470e-03 9.788847651430874208e-01
6.767629948042142886e-03 3.638566531057607807e-03 6.813043033385050330e-03 9.827807604875149483e-01
7.228697197797054851e-03 4.573731001568140733e-03 4.755135335028110900e-03 9.834424364656064732e-01
8.288833975536504667e-03 5.634334515342388078e-03 3.470938764913341669e-03 9.826058927442079538e-01
1.038120562527715743e-02 7.020769410539340859e-03 2.649341354587505561e-03 9.799486836095959719e-01
1.373037361461129820e-02 9.063471040014217661e-03 2.144687682664602520e-03 9.750614676627096244e-01
1.832902616616326544e-02 1.210474959720859826e-02 1.879756480967319145e-03 9.676864677556608063e-01
2.373693377662978651e-02 1.648032030372293538e-02 1.818141248445097726e-03 9.579646046712020357e-01
2.930779656841510719e-02 2.116801576420038536e-02 1.877494992015031920e-03 9.476466926753692732e-01
3.103416533974051247e-02 2.722604609840037493e-02 2.230811290646990928e-03 9.395089772712124088e-01
2.932037131644470856e-02 3.219609371804346698e-02 3.027276653192763518e-03 9.354562583123189334e-01
2.588235607426558893e-02 3.362033282449548854e-02 4.908794222164243777e-03 9.355885168790744055e-01
2.201085852685357586e-02 3.021890911713972366e-02 9.861512583169812149e-03 9.379087197728368519e-01
1.791939676714142046e-02 2.436302515909116381e-02 2.495015593412546959e-02 9.327674221396418108e-01
1.378034127467780631e-02 1.934476222977465909e-02 7.517429521478483090e-02 8.917006012807627835e-01
1.039938307025272540e-02 1.459394846925050372e-02 2.130791673644694406e-01 7.619275010960273598e-01
6.120849499905321386e-03 9.320685014793788151e-03 4.711140261937904472e-01 5.134444392915105126e-01
2.940163123533416547e-03 4.554284724889147429e-03 7.410331356035358974e-01 2.514724165480415885e-01
1.612954063203306081e-03 1.913323662037915134e-03 8.969590951267123469e-01 9.951462714804662490e-02
5.165416823752745851e-04 9.058366464005601724e-04 9.594515606640920957e-01 3.912606100713209717e-02
2.774369559661507946e-04 2.277476373843095436e-04 9.813300931020116913e-01 1.816472230463791332e-02
8.616758070750134887e-05 7.218902064746458272e-05 9.898350013985623974e-01 1.000664200008263491e-02
3.572915459324599020e-05 3.038306048140651462e-05 9.935540881600575247e-01 6.379799624867863415e-03
1.747878049804923171e-05 1.493981343416835787e-05 9.955608522779881842e-01 4.406729128079496516e-03
9.835861534514117385e-06 8.384166530536044429e-06 9.967234741320026847e-01 3.258305839932228339e-03
6.624804148155854792e-06 5.618196119937321424e-06 9.973511680068259944e-01 2.636588992905937196e-03
5.381102099440500458e-06 4.546764917904384629e-06 9.976423562427876313e-01 2.347715890194920600e-03
4.939002360681061652e-06 4.167316415835201421e-06 9.977629093683407779e-01 2.227984312882661314e-03
4.597319502774339550e-06 3.881228774843058437e-06 9.978568017114747279e-01 2.134719740247535344e-03
4.017361246746183606e-06 3.403670936001975855e-06 9.980054914399252297e-01 1.987087527892034133e-03
3.322512526404496212e-06 2.840879324944562592e-06 9.981888381840041680e-01 1.804998424144496584e-03
2.807241352728681762e-06 2.438231188796428510e-06 9.983337257847898494e-01 1.661028742668742200e-03
2.598549327910785814e-06 2.299923590146378745e-06 9.983948511857207997e-01 1.600250341361124590e-03
2.702015210052639749e-06 2.429277174084972411e-06 9.983605686331737950e-01 1.634300074441912692e-03
2.982811409077458028e-06 2.698216405110566982e-06 9.982685919007121544e-01 1.725727071473749695e-03
4.283521238109797707e-02 9.320311909585989874e-01 1.746354612612084850e-03 2.338724204769102033e-02
3.910094522046414500e-02 9.406039827608895232e-01 1.304961691468018142e-03 1.899011032717850406e-02
3.135646672927949047e-02 9.525572015527601355e-01 9.392661851837793511e-04 1.514706553277654633e-02
2.501301998815199171e-02 9.614908847038160511e-01 7.030045305550387249e-04 1.279309077747698906e-02
2.215863536743594917e-02 9.650852136432499506e-01 5.971968033009217997e-04 1.215895418601324086e-02
2.181581650381292370e-02 9.650279320775209113e-01 5.547662724981843301e-04 1.260148514616813223e-02
2.266529638021047913e-02 9.636044635649587686e-01 5.177678777727004770e-04 1.321247217705799268e-02
2.415799911961931043e-02 9.622718076867186054e-01 4.552139304039794936e-04 1.311497926325809471e-02
2.672872740379374917e-02 9.607279076955900221e-01 3.763417521914852936e-04 1.216702314842498314e-02
3.304796987276006209e-02 9.552617355189413351e-01 3.245170309548958969e-04 1.136577757734378961e-02
4.821624820852363907e-02 9.397015268281164735e-01 3.294164675792067088e-04 1.175280849578068734e-02
7.756469048159339574e-02 9.079592767550801469e-01 4.119319326090075816e-04 1.406410083071768860e-02
1.190539926450910335e-01 8.609701875873106980e-01 6.261005773408685662e-04 1.934971919025712736e-02
1.565029038773805004e-01 8.132061852413968728e-01 1.074222545082742942e-03 2.921668833613966579e-02
1.669852841264185261e-01 7.864641066848141460e-01 1.851461351865063987e-03 4.469914783690244475e-02
1.428659146408426950e-01 7.893963842257535335e-01 3.019491472149511777e-03 6.471820966125423069e-02
1.115048857264479137e-01 7.931886315136266186e-01 4.846392836959608971e-03 9.046008992296614148e-02
9.564740757574068108e-02 7.677476631579036592e-01 8.503436639894824262e-03 1.281014926264607556e-01
9.704117442728169007e-02 7.019574446376055654e-01 1.694193483671908168e-02 1.840594460983937808e-01
1.104061721666470125e-01 6.005463768839078842e-01 3.608228394513483123e-02 2.529651670043104317e-01
1.261455294090535750e-01 4.874209652694489470e-01 7.425758371580007400e-02 3.121759216056973485e-01
1.368124381679638457e-01 3.829002314794823225e-01 1.417837269917384124e-01 3.385036033608155304e-01
1.377069146010800327e-01 2.841559112378359009e-01 2.570434910092186387e-01 3.210936831518655943e-01
9.411281744732883370e-01 3.879608741231857505e-02 1.962735357987874761e-03 1.811300275640546215e-02
9.265084835130482643e-01 5.720223969622480892e-02 1.588168296169864069e-03 1.470110849455704034e-02
9.011994621968886232e-01 8.466981789410214787e-02 1.149170805453114067e-03 1.298154910355613957e-02
8.658402313540306539e-01 1.214792771536293003e-01 8.761410330239305811e-04 1.180435045931603998e-02
8.250873927163451249e-01 1.634768703580408433e-01 6.903166210454323749e-04 1.074542030456837084e-02
7.825162815522379578e-01 2.073399025165266196e-01 5.557591851270549240e-04 9.588056746108351500e-03
7.413596765049873527e-01 2.498699331544334268e-01 4.574907346247305802e-04 8.312899605954236770e-03
7.078709888762505509e-01 2.845029999677295418e-01 3.992492032817921820e-04 7.226761952738062003e-03
6.903248041039704574e-01 3.026801188441096691e-01 3.794674761035876837e-04 6.615609575816253779e-03
6.949308355075841659e-01 2.981163102508181950e-01 3.929268819137360889e-04 6.559927359683990176e-03
7.192058403668006861e-01 2.732499337644818671e-01 4.500331855959485141e-04 7.094192683121414503e-03
7.493677568415200163e-01 2.417211858840462024e-01 5.797951029148537506e-04 8.331262171518994189e-03
7.730297836019001112e-01 2.157192237701884840e-01 8.189539799725598914e-04 1.043203864793894320e-02
7.883363862196377525e-01 1.969724475748816372e-01 1.208243593139886937e-03 1.348292261234096401e-02
8.006627782891511114e-01 1.802637938686283414e-01 1.771716822203667566e-03 1.730171102001681199e-02
8.151781699166814610e-01 1.608176619765131488e-01 2.476583106228287968e-03 2.152758500057728314e-02
8.292079161185323954e-01 1.410341613174212749e-01 3.276419675503919760e-03 2.648150288854244153e-02
8.319088487865877735e-01 1.298146233427436569e-01 4.267281288001460726e-03 3.400924658266714362e-02
8.079093309535095857e-01 1.387065302543085965e-01 5.690373704449163371e-03 4.769376508773248702e-02
7.415508746213667068e-01 1.785346403981694086e-01 7.772222086091217126e-03 7.214226289437254691e-02
6.362626040078626088e-01 2.441732944088452206e-01 1.063148972127931670e-02 1.089326118620127376e-01
5.174236985277628209e-01 3.133321774643925139e-01 1.471505632262625277e-02 1.545290676852181799e-01
4.165996157836429070e-01 3.593196094164481380e-01 1.983499794842764202e-02 2.042457768514810978e-01
3.483006065555483421e-01 3.763207857926160194e-01 2.608895610773020665e-02 2.492896515441053173e-01
3.186203460450028335e-01 3.709488024668976536e-01 3.244871481988637757e-02 2.779821366682128092e-01
3.290797174714620299e-01 3.490190408548250467e-01 3.768340935778408118e-02 2.842178323159288422e-01
3.670859918230439667e-01 3.196476630104533312e-01 4.269212628347503202e-02 2.705742188830274064e-01
4.160457360465328325e-01 2.910992175434765628e-01 4.778268528421371342e-02 2.450723611257767942e-01
4.583294285368728072e-01 2.726783462273438263e-01 5.272929578033639514e-02 2.162629294554471726e-01
4.779219305358567982e-01 2.729707491594784985e-01 5.759126195294986955e-02 1.915160583517147019e-01
4.681666391954766859e-01 2.946170368679184026e-01 6.208182966962910720e-02 1.751344942669758875e-01
4.284974829111923289e-01 3.375494078620714933e-01 6.703594745871310767e-02 1.669171617680231534e-01
3.750664389068603666e-01 3.883985141858065093e-01 7.311271817817431573e-02 1.634223287291588778e-01
3.293053914830053053e-01 4.269958663882225114e-01 8.179908620519106555e-02 1.618996559235810206e-01
3.011930671129650072e-01 4.424829937269432190e-01 9.475835423230023757e-02 1.615655849277913558e-01
2.867190854198473082e-01 4.401752016436062398e-01 1.110996774700988010e-01 1.620060354664474844e-01
2.776278091846701712e-01 4.321349294086220816e-01 1.264421768665422441e-01 1.637950845401656419e-01
2.682042596042418237e-01 4.297553603105855879e-01 1.343751398925370211e-01 1.676652401926356784e-01
2.555961104588895805e-01 4.393983589235086473e-01 1.319349481403139512e-01 1.730705824772874879e-01
2.374145421953746116e-01 4.626038324384343925e-01 1.223448121129371846e-01 1.776368132532536726e-01
2.112334767458754481e-01 4.992650725259234479e-01 1.105559433261484731e-01 1.789455074020528114e-01
1.791782045978693449e-01 5.467655369194570625e-01 9.816978669367618093e-02 1.758864717889973006e-01
1.461385279516904112e-01 6.015426277615851802e-01 8.417865923449698029e-02 1.681401850522274977e-01
1.155344711564999377e-01 6.605113155800643732e-01 6.822250985578116877e-02 1.557317034076547146e-01
9.039264407176406113e-02 7.180462804711165159e-01 5.241637818427589968e-02 1.391446972728433706e-01
7.248058957669570312e-02 7.688882426675227588e-01 3.928393187915171086e-02 1.193472358766297509e-01
6.135728727127864879e-02 8.117504008118153758e-01 2.953410236746650125e-02 9.735820954943927297e-02
5.516274651101515242e-02 8.480302159711137211e-01 2.216222130433678078e-02 7.464481621353427632e-02
5.086489089277281689e-02 8.806556188564423904e-01 1.568716941602257831e-02 5.279232083476216586e-02
4.446687615926720599e-02 9.130850930228515683e-01 9.588617603294043862e-03 3.285941321458725473e-02
3.593447543372633307e-02 9.421638026999088478e-01 4.769228169800803115e-03 1.713249369656398222e-02
2.686793966945732678e-02 9.633913548185720765e-01 2.131076411231825046e-03 7.609629100738883947e-03
2.292063337766498884e-02 9.728779307995526482e-01 9.950853737146396830e-04 3.206350449068181251e-03
2.469457487644632215e-02 9.733192311113481043e-01 5.487596802191130330e-04 1.437434331986460045e-03
3.235398537214268649e-02 9.665071654268857504e-01 3.765444160057553752e-04 7.623047849655872118e-04
4.411055849481267110e-02 9.550714965082180985e-01 3.118635742843636673e-04 5.060814226848776810e-04
5.337306652943072521e-02 9.459417797661997529e-01 2.819947627752171591e-04 4.031589415942703593e-04
5.636948788180067005e-02 9.430053191407157254e-01 2.613729432868627410e-04 3.638200341966929454e-04
5.718864643371575351e-02 9.421867451986003505e-01 2.552231507781237163e-04 3.693852169057771544e-04
6.044360303794003159e-02 9.388621985846793416e-01 2.716228534805362541e-04 4.225755238999500730e-04
6.773487280733996030e-02 9.314275770975535274e-01 3.089198415171447057e-04 5.286302535892405206e-04
7.677313716076447636e-02 9.221972158798309449e-01 3.473204191406036013e-04 6.823265402641669804e-04
8.219028843498209225e-02 9.165895714493854651e-01 3.553175375370215810e-04 8.648225780955056102e-04
8.318457432373857485e-02 9.153899850071959277e-01 3.357174043295520693e-04 1.089723264735747337e-03
8.892062925046902155e-02 9.092427515873113819e-01 3.397580507527884824e-04 1.496861111466737037e-03
1.142016424814149417e-01 8.828885714440967147e-01 4.349588947508811797e-04 2.474827179737599560e-03
1.720093445728309300e-01 8.225489619033774513e-01 5.898271803809542217e-04 4.851866343410947066e-03
2.451278228978709672e-01 7.438542437018013098e-01 9.960523323274380128e-04 1.002188106800036387e-02
3.026922826698502100e-01 6.756657718922213229e-01 1.661859629896078779e-03 1.998008580803231973e-02
3.371071897280101815e-01 6.225268930761981290e-01 2.694647769409684937e-03 3.767126942638186760e-02
3.559501969869205418e-01 5.728888914220495732e-01 4.212128620071676176e-03 6.694878297095820108e-02
3.528103431658456968e-01 5.294298428763353215e-01 6.410030557717674715e-03 1.113497834001013764e-01
3.109260090188598613e-01 4.986403750787369860e-01 9.427451218533316329e-03 1.810061646838699578e-01
2.307566883463126051e-01 4.648780521181903880e-01 1.317460142069899059e-02 2.911906581147979400e-01
1.434071941853389265e-01 4.001669032596403830e-01 1.633476918263786909e-02 4.400911333723827590e-01
8.031355689728283953e-02 3.144825194514531130e-01 1.848766241965046561e-02 5.867162612316135784e-01
4.712598893009260076e-02 2.362896070274365379e-01 1.966548991066879859e-02 6.969189141318022918e-01
3.186619416930946969e-02 1.738547929904890876e-01 2.099833932566031250e-02 7.732806735145411059e-01
2.445654759473006937e-02 1.271574259967127030e-01 2.294393349886022018e-02 8.254420929096971671e-01
1.996342265853925935e-02 9.683219162651429679e-02 2.516453705627688317e-02 8.580398486586694462e-01
1.602602328105566520e-02 8.295152891044253740e-02 2.690530987891079709e-02 8.741171379295908928e-01
1.212479260511005810e-02 8.425701020732627444e-02 2.796687064235653039e-02 8.756513265452073869e-01
8.974554947650287273e-03 9.742283026813491897e-02 2.952831083345947363e-02 8.640743039507554624e-01
6.867042785809307666e-03 1.150115817909705823e-01 3.303545387941760753e-02 8.450859215438021321e-01
5.470878138042779663e-03 1.285870573212139767e-01 3.932088458415135268e-02 8.266211799565920115e-01
4.546292985913180477e-03 1.350227034489001054e-01 4.881529758066036062e-02 8.116157059845264810e-01
4.117441164866244251e-03 1.403578237075422952e-01 6.123471797331198757e-02 7.942900171542793819e-01
4.395365829213278806e-03 1.571543884016262937e-01 7.470753799764266734e-02 7.637427077715175372e-01
5.588296446717805517e-03 1.927607652370808000e-01 8.716971028392202225e-02 7.144812280322798692e-01
