4.083090479269456397e-02 7.141388321885244750e-02 4.656968934792908299e-01 4.220583185091623113e-01
4.721796538328522710e-03 2.633446915583791403e-01 4.162132054869143727e-01 3.157203064163777162e-01
4.721459934759990665e-03 2.865161457092038066e-01 3.581181526634356072e-01 3.506442416926002226e-01
4.982355326523072413e-03 2.948968979314386396e-01 2.934714890432173484e-01 4.066492576988207652e-01
5.279297235713142217e-03 2.892765301508954945e-01 2.282483710155721879e-01 4.771958015978195466e-01
5.387471758044869510e-03 2.716500700912493627e-01 1.727339765598917554e-01 5.502284815908138338e-01
5.292675198687070426e-03 2.457130599132670568e-01 1.296340062126422887e-01 6.193602586754034522e-01
5.172744724789193893e-03 2.159699377725638192e-01 9.626618023800198598e-02 6.825911372646448205e-01
5.194893465302281854e-03 1.821287664613659707e-01 6.947443650557318107e-02 7.432019035677585039e-01
5.480914158959468777e-03 1.437305603501561335e-01 4.802511859122381155e-02 8.027634068996608585e-01
6.107788324564314940e-03 1.052890404720297074e-01 3.199213853535624180e-02 8.566110326680499432e-01
7.066737538003713646e-03 7.148600134879515289e-02 2.044259054854570545e-02 9.010046705646553855e-01
8.349210742064580928e-03 4.641295208962896435e-02 1.283216312511683416e-02 9.324056740431896362e-01
9.907323080828235595e-03 3.090716226449916754e-02 8.483537332414085169e-03 9.507019773222583625e-01
1.178332020842180403e-02 2.224326230338574684e-02 6.316306850307465762e-03 9.596571106378850580e-01
1.479036778235890033e-02 1.799483089497571145e-02 5.596251907294172954e-03 9.616185494153713931e-01
2.056330791369592390e-02 1.676260130128911716e-02 6.009320781230747047e-03 9.566647700037841373e-01
2.974051772392940357e-02 1.755897527134199845e-02 7.540592684055863644e-03 9.451599143206727005e-01
4.484434483835711416e-02 1.855431732149152857e-02 9.353741524503505350e-03 9.272475963156477929e-01
6.556539944271828901e-02 2.072034857548652950e-02 1.169673934423505826e-02 9.020175126375599151e-01
9.550458118967108945e-02 2.624738215580208270e-02 1.533799613491693310e-02 8.629100405196097334e-01
1.438556400327045404e-01 3.615325451990401145e-02 2.182077527307816137e-02 7.981703301743134915e-01
2.206448989241539260e-01 5.485516054258867541e-02 3.282640440296926559e-02 6.916735361302883689e-01
3.222234565815156881e-01 8.628207953699562616e-02 4.864574544541382106e-02 5.428487184360748508e-01
4.144036357688248851e-01 1.316306045907439937e-01 6.658020933791909679e-02 3.873855503025119273e-01
4.607405594718042563e-01 1.905293660458881322e-01 8.188736629803511358e-02 2.668427081842724147e-01
4.601656669982539527e-01 2.602149797142366272e-01 9.398479474708718029e-02 1.856345585404220455e-01
4.263937952999584113e-01 3.402820562691523110e-01 1.031872246409740318e-01 1.301369237899154818e-01
3.775802904569369178e-01 4.229734423413776256e-01 1.092852183460991111e-01 9.016104885558651194e-02
3.167115410321747482e-01 5.073982174976827686e-01 1.144273353629397388e-01 6.146290610720264724e-02
2.487265797494090380e-01 5.877524733135225388e-01 1.213869971815112331e-01 4.213394975555716931e-02
1.853124785210110148e-01 6.534100146278895016e-01 1.311704490824792124e-01 3.010705776861988953e-02
1.391149133330660814e-01 6.954433455857048640e-01 1.428153701493330985e-01 2.262637093189593177e-02
1.133047458203211011e-01 7.102069269059928525e-01 1.586715641482700501e-01 1.781676312541617679e-02
1.035930283935642543e-01 6.961074309893507950e-01 1.854760379241813806e-01 1.482350269290367076e-02
1.047595495519688807e-01 6.539401980357569810e-01 2.281329660466559772e-01 1.316728636561813499e-02
1.110273336112458237e-01 5.937626550581458496e-01 2.828514410077374586e-01 1.235857032287060626e-02
1.173102394697525808e-01 5.348974576811258430e-01 3.359752640917925137e-01 1.181703875732896536e-02
1.213546641725154612e-01 4.937648719120646956e-01 3.735920176608049648e-01 1.128844625461506400e-02
1.243183759390923404e-01 4.710100680341137158e-01 3.935023830472351714e-01 1.116917297955868742e-02
1.258435888226832056e-01 4.568099692495202757e-01 4.054203173473884259e-01 1.192612458040833746e-02
1.231874801614534082e-01 4.463107045321929589e-01 4.164535924034032388e-01 1.404822290295037850e-02
1.148226819978575841e-01 4.409775343418141924e-01 4.257893529862934456e-01 1.841043067403476743e-02
1.017677438992494604e-01 4.416095349209739895e-01 4.303915264937120955e-01 2.623119468606455867e-02
8.753439227018044999e-02 4.463425226383511690e-01 4.268798843458243564e-01 3.924320074564378175e-02
7.571042120875742798e-02 4.491045693984925258e-01 4.162375345817243000e-01 5.894747481102586423e-02
6.555264478536346195e-02 4.398766942276146619e-01 4.131222145462298823e-01 8.144844644079198004e-02
5.573494264696684380e-02 4.172128778103200153e-01 4.287831763983775968e-01 9.826900314433566208e-02
4.766285541775667350e-02 3.913514854231816553e-01 4.541758461122796797e-01 1.068098130467818041e-01
4.278566727391189262e-02 3.749773768519827910e-01 4.697235813372018232e-01 1.125133745369033406e-01
4.129189929553683802e-02 3.737672077518915947e-01 4.631106407321353702e-01 1.218302522204360028e-01
4.210403675244552002e-02 3.823085137374434561e-01 4.367471047375843796e-01 1.388403447725266027e-01
4.329296958446369331e-02 3.894081184942100315e-01 4.026859225809671372e-01 1.646129893403593669e-01
4.317096911763725064e-02 3.882463972132673691e-01 3.739458698256934444e-01 1.946367638434017555e-01
4.111596714587206769e-02 3.814761660422684164e-01 3.552570454229299624e-01 2.221508213889296091e-01
3.970806560046555300e-02 3.704634941246668922e-01 3.438183171502207092e-01 2.460101231246469844e-01
3.725629883610732246e-02 3.642160374799159883e-01 3.311285552312356328e-01 2.673991084527412854e-01
3.480208720343832413e-02 3.644998621662371985e-01 3.140038967371263645e-01 2.866941538931980227e-01
3.217059893204024523e-02 3.688694082741855729e-01 2.923729791252414056e-01 3.065870136685324709e-01
2.996330669022657586e-02 3.701271421635558556e-01 2.676043821209477258e-01 3.323051690252696311e-01
2.845952720763179206e-02 3.590926750411203017e-01 2.408863627790047701e-01 3.715614349722431986e-01
2.765420746217334136e-02 3.304371795089872665e-01 2.098663538334293310e-01 4.320422591954096170e-01
2.679405811883875735e-02 2.874025118543832580e-01 1.720743401719583843e-01 5.137290898548197982e-01
2.489474310672957005e-02 2.373551631521663430e-01 1.322574026092126764e-01 6.054926911318913030e-01
2.205919483380345755e-02 1.867251369152878315e-01 9.710923023145516531e-02 6.941064380194537087e-01
1.884558474073722706e-02 1.384588251808128445e-01 6.842239569390161369e-02 7.742731943845484466e-01
1.593073637955788602e-02 9.591105574118605204e-02 4.576998362265718989e-02 8.423882242565988721e-01
1.394960767188863256e-02 6.322039682737455590e-02 2.917241532800222276e-02 8.936575801727348889e-01
1.350819268093145058e-02 4.194534957497702415e-02 1.846791601347827494e-02 9.260785417306134359e-01
1.530401183481176937e-02 3.017665642680080959e-02 1.251826463537824945e-02 9.420010671030091265e-01
2.024143574579980245e-02 2.443127115362372578e-02 9.614841281051550795e-03 9.457124518195247909e-01
3.025466906180366775e-02 2.243562116032807308e-02 8.594454564336351590e-03 9.387152552135319405e-01
4.482550439876484966e-02 2.287002746673943987e-02 3.205958096917060907e-01 6.117086584427895435e-01
1.152120085004596090e-01 6.950756321919938641e-01 1.792265618661570692e-01 1.048579744138934157e-02
1.106115851604338590e-01 6.257150414974729236e-01 2.476908765489045372e-01 1.598249679318860736e-02
1.034528770316481550e-01 5.478090501486477804e-01 3.236723650651390782e-01 2.506570775456484421e-02
9.636299498359882088e-02 4.723036332146113847e-01 3.921726106025474889e-01 3.916076119924261079e-02
9.067897688458666228e-02 4.132145458280949701e-01 4.363311710214561323e-01 5.977530626586258222e-02
8.458041563209654778e-02 3.813539096111615012e-01 4.461316945004411560e-01 8.793398025630098924e-02
7.798063073801801692e-02 3.801773819251817454e-01 4.174123590386808469e-01 1.244296282981190299e-01
7.029895617868028856e-02 4.049290118798826721e-01 3.559286777734823048e-01 1.688433541679546512e-01
6.086235508274409622e-02 4.399389462108492799e-01 2.800787326383523124e-01 2.191199660680542283e-01
5.339691452494387675e-02 4.591853600963535786e-01 2.183906639902017943e-01 2.690270613885008544e-01
4.849324754538669735e-02 4.544638406961857280e-01 1.865089533330426541e-01 3.105339584253852259e-01
4.713193115360367336e-02 4.340600988505325386e-01 1.775590062474496911e-01 3.412489637484142357e-01
4.943096747342638070e-02 3.999176851892542461e-01 1.832827099837065210e-01 3.673686373536124705e-01
5.524859203261606178e-02 3.493011859907920180e-01 1.967184383848183116e-01 3.987317835917735809e-01
6.390802382912677548e-02 2.830923566904852695e-01 2.113364049136678413e-01 4.416632145667204190e-01
7.420114121305795840e-02 2.131525692231354963e-01 2.212991277368086540e-01 4.913471618269982244e-01
8.666804468738077694e-02 1.560819956889727134e-01 2.257973822168803657e-01 5.314525774067663244e-01
1.035196876301072988e-01 1.181064494489449390e-01 2.305328213153400863e-01 5.478410416056072041e-01
1.250965627458995866e-01 9.892958180414565539e-02 2.429960886782705498e-01 5.329777667716841805e-01
1.534836250399869428e-01 9.191967104752138407e-02 2.693195023644506803e-01 4.852772015480412149e-01
1.878027018298475959e-01 8.792711051026123881e-02 3.040550664241684076e-01 4.202151212357226884e-01
2.249299009379354952e-01 8.065425135231008014e-02 3.300555428234039912e-01 3.643603048863505167e-01
2.626227071580443106e-01 6.836348873948365490e-02 3.413560189784745624e-01 3.276577851239975692e-01
2.991016693182786401e-01 5.494562821368231126e-02 3.439606722568529507e-01 3.019920302111860355e-01
3.329564001538280471e-01 4.610610009129183923e-02 3.401701537874411985e-01 2.807673459674390193e-01
3.652496878259097746e-01 4.393861413612009520e-02 3.275171403668623027e-01 2.632945576711082647e-01
3.972741050222353132e-01 4.720734588515022867e-02 3.075445308469647032e-01 2.479740182456496023e-01
4.277226125221821329e-01 5.499754413440001433e-02 2.833694416380647119e-01 2.339104017053532103e-01
4.535881101595686804e-01 6.646495027820463475e-02 2.561970304490182038e-01 2.237499091132084672e-01
4.718642921374353594e-01 8.069566079794338043e-02 2.245249435166575547e-01 2.229151035479638998e-01
4.791171135836466144e-01 9.676084161749558266e-02 1.881802010818700299e-01 2.359418437169876759e-01
4.687406091672692288e-01 1.145194354775407458e-01 1.517080007460651081e-01 2.650319546091244316e-01
4.356053181279198050e-01 1.347875981626103781e-01 1.203330520207626514e-01 3.092740316887072627e-01
3.830671596023463854e-01 1.567186428690774680e-01 9.608615825527597187e-02 3.641280392732998972e-01
3.231685253124407242e-01 1.751689906817139875e-01 7.861579568176943478e-02 4.230466883240758258e-01
2.695983711794119331e-01 1.861022680054681133e-01 6.738935705887191818e-02 4.769100037562479244e-01
2.295137817116199297e-01 1.937226527208209537e-01 6.210157877691329514e-02 5.146619867906458978e-01
2.035536157326032769e-01 2.014799312877422754e-01 6.150677786384143447e-02 5.334596751158129369e-01
1.880775203339103419e-01 2.074543645412066373e-01 6.363861616061528004e-02 5.408294989642677963e-01
1.784709107976888420e-01 2.077525817558899535e-01 6.667078609924514954e-02 5.471057213471762770e-01
1.703381031043490201e-01 1.996160983172382553e-01 6.909421161451373417e-02 5.609515869638992402e-01
1.603255306771017019e-01 1.829074789044085880e-01 6.977488506873537333e-02 5.869921053497542118e-01
1.460973721785366330e-01 1.596720073566319786e-01 6.782586991091123230e-02 6.264047505539199756e-01
1.269978690233716234e-01 1.334443072186344004e-01 6.306025428121583842e-02 6.764975694767780823e-01
1.054905613680934828e-01 1.089251622857381752e-01 5.688419940869578889e-02 7.287000769374724074e-01
8.674086549204437779e-02 9.101117045920874282e-02 5.221050560645878330e-02 7.700374584422881030e-01
7.505349664938708310e-02 8.235189771307625806e-02 5.188806183126785238e-02 7.907065438062683693e-01
7.059957701676360109e-02 8.120684747107698165e-02 5.688262589284144577e-02 7.913109496193178050e-01
7.031102334719362135e-02 8.282208828299174319e-02 6.603586742695945200e-02 7.808310209428551696e-01
7.107289531544917771e-02 8.351066827884805199e-02 7.757028873755866805e-02 7.678461476681440745e-01
7.093810200545017097e-02 8.204217348995059000e-02 9.015180393786627333e-02 7.568679205667329102e-01
6.825211313167901805e-02 7.730388983159242056e-02 1.015534853514900165e-01 7.528905116852386836e-01
6.251045465147257729e-02 6.946654627465846665e-02 1.091737873679296256e-01 7.588492117059392195e-01
5.542039423040186902e-02 6.075927490850711182e-02 1.128934105234832702e-01 7.709269203376075685e-01
4.968552465002141344e-02 5.355288631228773133e-02 1.151554377992484446e-01 7.816061512384424592e-01
4.746104069876955212e-02 4.914992434156240791e-02 1.194951084612137365e-01 7.838939264984542410e-01
4.999357418602230069e-02 4.795810057547011951e-02 1.304896351511378449e-01 7.715586900873699916e-01
5.821314815409968368e-02 4.958629230880211292e-02 1.540720522561095374e-01 7.381285072809886660e-01
7.262718268862126958e-02 5.234126737879809393e-02 1.970649630442444511e-01 6.779665868883362201e-01
9.232456083452028617e-02 5.314379378894895645e-02 2.652103721438615613e-01 5.893212732326693626e-01
1.133659884979909827e-01 4.898169113775437122e-02 3.522581789378151362e-01 4.853941414264395515e-01
1.317514768748159204e-01 4.074715260224660851e-02 4.288534727659557011e-01 3.986478977569817284e-01
1.511299832883399863e-01 3.306574894768102291e-02 4.651086247378571903e-01 3.506956430261217172e-01
1.810122237051454697e-01 2.865407921917325143e-02 4.569080044160656051e-01 3.334256926596154136e-01
2.288765328755723305e-01 2.742893702770767689e-02 4.157010626735498926e-01 3.279934674231700931e-01
2.969948343503176491e-01 2.835559374303112112e-02 3.536425988957187516e-01 3.210069730109325059e-01
3.828381430247083106e-01 3.071505077546090451e-02 2.843524714327855807e-01 3.020943347670452250e-01
4.776531631646968590e-01 3.444446639627885692e-02 2.212827952642886509e-01 2.666195751747360565e-01
5.691013036587002638e-01 3.909008070840075399e-02 1.692760379328825115e-01 2.225325777000168037e-01
6.477541134544155810e-01 4.390068768805414218e-02 1.266391065983326902e-01 1.817060922591975936e-01
7.075409397186561700e-01 4.862455427772968686e-02 9.222019189869133660e-02 1.516143141049226539e-01
1.750302573987306820e-01 1.653395797308619408e-01 6.448438491390736660e-01 1.478631373133386211e-02
1.387842317921980650e-01 8.191386343998318109e-01 3.376591021274248650e-02 8.311223595227441516e-03
1.407526510673166864e-01 8.205515507434528732e-01 3.081670397519109192e-02 7.879094214039346691e-03
1.435245358493551782e-01 8.200653598093458063e-01 2.902042971867256280e-02 7.389674622626189043e-03
1.479983249073100471e-01 8.164763334489338886e-01 2.841280661255000256e-02 7.112535031205916014e-03
1.559055064732164098e-01 8.077665829970333000e-01 2.901409795048297616e-02 7.313812579267492744e-03
1.712497429918998504e-01 7.895904387189425222e-01 3.089636246474653306e-02 8.263455824411007622e-03
2.003073468924066736e-01 7.558186192099562994e-01 3.372606200442896524e-02 1.014797189320811553e-02
2.428837144005422666e-01 7.068127954546292724e-01 3.735544949883543714e-02 1.294804064599297186e-02
3.002344036404751004e-01 6.428028274980142065e-01 4.076304811955654833e-02 1.619972074195445005e-02
3.704068092354934616e-01 5.671006345638411883e-01 4.307646068159996788e-02 1.941609551906555223e-02
4.455816965482530811e-01 4.868026770546701743e-01 4.467251324462345047e-02 2.294311315245337393e-02
5.194425146301009377e-01 4.083395674309265866e-01 4.533198015209368575e-02 2.688593778687885238e-02
5.806913839705514224e-01 3.434928638771892473e-01 4.562678950770739789e-02 3.018896264455191505e-02
6.295543435916275410e-01 2.927119097224854527e-01 4.592846811322885692e-02 3.180527857265830205e-02
6.711620549542344216e-01 2.506876888644720136e-01 4.655748193894638370e-02 3.159277424234722270e-02
7.104780895353980386e-01 2.127047173187896767e-01 4.697851081637414300e-02 2.983868232943821808e-02
7.483664131255627350e-01 1.776275283793410376e-01 4.661831963313199656e-02 2.738773886196430724e-02
7.833641882859337935e-01 1.457626606889965981e-01 4.569810063794384203e-02 2.517505038712573862e-02
8.151621756716956879e-01 1.164073462178596835e-01 4.489180522213691293e-02 2.353867288830774340e-02
8.431663894846930241e-01 8.952540893392185728e-02 4.511314400602213504e-02 2.219505757536298363e-02
8.641370070851985830e-01 6.706821518667312187e-02 4.787317790987683647e-02 2.092159981825142054e-02
8.743512197242436779e-01 5.011818683129744961e-02 5.565427422113129741e-02 1.987631922332731838e-02
8.703907678267994719e-01 3.778830824159056662e-02 7.231914739040727624e-02 1.950177654120279630e-02
8.495357703213428646e-01 2.861418232017055863e-02 1.018018753476609972e-01 2.004817201082561770e-02
8.154361400768793677e-01 2.124112502711951109e-02 1.424287605142401103e-01 2.089397438176086516e-02
7.833160578595829149e-01 1.520903714814941625e-02 1.804894325034786806e-01 2.098547248878890673e-02
7.730193542993006872e-01 1.075290967446022178e-02 1.961430962062476191e-01 2.008463981999144762e-02
7.918710295919156872e-01 7.833956781700830360e-03 1.815042127820429008e-01 1.879080084434038567e-02
8.303419349353029499e-01 5.965405915797819536e-03 1.465588846184298633e-01 1.713377453046941931e-02
8.719059075394235414e-01 4.761392956449404627e-03 1.083030128282192334e-01 1.502968667590761850e-02
9.046851541817584330e-01 4.067592405762390784e-03 7.832403181764546751e-02 1.292322159483357859e-02
9.267184461948932972e-01 3.738930036746480542e-03 5.838205002614960809e-02 1.116057374221051876e-02
9.414046943656591004e-01 3.615765646140515609e-03 4.527909840667389274e-02 9.700441581526100462e-03
9.523436417892511274e-01 3.578910216205985657e-03 3.566834559724907372e-02 8.409102397293949371e-03
9.618861475767838121e-01 3.516279883332044855e-03 2.734227819517274366e-02 7.255294344711307915e-03
9.706312178128486678e-01 3.327574756145463761e-03 1.973929654113818627e-02 6.301910889867714215e-03
9.779034975172644639e-01 2.999324997997022523e-03 1.345507130543777304e-02 5.642106179300215331e-03
9.829999601235970275e-01 2.634745038107301138e-03 9.019336833752999993e-03 5.345958004542403393e-03
9.858384833622461096e-01 2.361595518470536222e-03 6.339455154356958555e-03 5.460465964926335299e-03
9.867642824225550946e-01 2.250285720374500375e-03 4.941733894930310650e-03 6.043697962140095678e-03
9.860822814745884290e-01 2.322105634996505553e-03 4.369564081852631704e-03 7.226048808562616707e-03
9.836464742159456431e-01 2.605144508002905576e-03 4.393095967301277778e-03 9.355285308749967943e-03
9.785420297555913471e-01 3.190138364170141440e-03 5.001182056416727910e-03 1.326664982382184249e-02
9.690690105467453241e-01 4.213120430669573674e-03 6.243477355479946575e-03 2.047439166710507408e-02
9.525431085502105155e-01 5.846411346413185606e-03 8.103280552488600907e-03 3.350719955088782287e-02
9.251591432926905556e-01 8.271358892892823403e-03 1.039588004170927289e-02 5.617361777270705320e-02
8.823889904733923650e-01 1.168499455998842258e-02 1.288799552414055145e-02 9.303801944247901134e-02
8.209121713272337084e-01 1.626436341828951110e-02 1.550324168524744133e-02 1.473202235692294693e-01
7.422993349394796381e-01 2.190036265397555734e-02 1.816917847651938409e-02 2.176311239300252887e-01
6.539236807010974095e-01 2.822924750583454684e-02 2.077237846424800916e-02 2.970746933288200275e-01
5.669670383240086320e-01 3.495958743118665613e-02 2.325181351133195212e-02 3.748215607334726140e-01
4.917936303848937096e-01 4.220923397481648326e-02 2.616160264859379928e-02 4.398355329916957546e-01
4.312949190456134008e-01 4.953768542653486789e-02 2.826248329740704140e-02 4.909049122304447454e-01
3.813889664755732989e-01 5.612064135504721968e-02 2.969436966790524324e-02 5.327960225014740647e-01
3.381718232150511261e-01 6.115264807955048815e-02 3.023231692617874694e-02 5.704432117792194168e-01
3.012082122203070256e-01 6.450161185204526804e-02 3.001318489570126494e-02 6.042769910319467641e-01
2.726846436144050867e-01 6.715009236538492521e-02 2.964601402382964143e-02 6.305192499963802044e-01
2.551818536929636450e-01 7.069096093628672584e-02 2.998012042069675420e-02 6.441470649500528056e-01
2.501022756443251338e-01 7.653134723244883753e-02 3.188130771219913756e-02 6.414850694110270091e-01
2.566122287279865022e-01 8.497998345367933914e-02 3.594699666863663406e-02 6.224607911496977675e-01
2.696509249812986120e-01 9.424517285092448571e-02 4.218359145457744458e-02 5.939203107131997283e-01
2.822995091893284458e-01 1.013640606350671852e-01 5.049650017905198823e-02 5.658399299965524154e-01
2.928711200345345267e-01 1.050271561436145890e-01 6.180307438287555022e-02 5.402986494389753203e-01
3.027104078335743353e-01 1.052182214516781122e-01 7.729542091883284671e-02 5.147759497959145669e-01
3.123348647339656559e-01 1.025270176065694178e-01 9.727940689432286459e-02 4.878587107651421451e-01
3.220748818649318279e-01 9.835724774093992928e-02 1.218090169354506674e-01 4.577588534586778390e-01
3.320487962948048266e-01 9.391461273758908157e-02 1.511348736814697169e-01 4.229017172861360696e-01
3.421782486651260835e-01 8.990548677332432792e-02 1.844866412460867411e-01 3.834296233154629308e-01
3.531686569231914374e-01 8.730605394840222633e-02 2.196225853117108884e-01 3.399027038166954062e-01
3.652083606759811696e-01 8.737304855637482992e-02 2.537219458597835264e-01 2.936966449078601826e-01
3.760953461105991935e-01 9.102890508139238612e-02 2.849767007556785470e-01 2.478990480523301232e-01
6.443325429186250730e-01 2.743422245731036990e-01 4.159502889266493419e-02 3.973020361560634928e-02
2.579416914884145179e-02 5.976629302772138441e-01 3.623888815444225586e-01 1.415401902952239353e-02
2.960906696877771069e-02 5.598573899703451762e-01 3.966881506684185044e-01 1.384539239245867297e-02
3.951114392762792443e-02 5.065631229380398448e-01 4.376139384174792535e-01 1.631179471685335197e-02
6.141650138206536380e-02 4.394240741670534245e-01 4.758992671725972290e-01 2.326015727828410762e-02
1.065245033885189596e-01 3.644806135184983642e-01 4.915552768601032518e-01 3.743960623287960476e-02
1.872190952988573853e-01 2.901293665392509213e-01 4.624529184862610776e-01 6.019861967563060884e-02
3.093156348056139149e-01 2.158593378374804583e-01 3.867791692517122959e-01 8.804585810519353906e-02
4.449773461372154015e-01 1.505210406908502885e-01 2.874528469147627496e-01 1.170487662571713799e-01
5.555991406733956639e-01 1.031325540887705200e-01 1.942763624034268277e-01 1.469919428344075296e-01
6.230584438491186816e-01 7.466330226815322268e-02 1.267169166443141981e-01 1.755613372384139670e-01
6.611674964572118451e-01 5.979288411015958732e-02 8.374590223358831242e-02 1.952937171990401510e-01
6.899951245062433403e-01 5.409827688732483236e-02 5.689663499438975952e-02 1.990099636120418458e-01
7.215090228405306449e-01 5.484922404416500002e-02 4.002620803769276620e-02 1.836155450776115750e-01
7.547784028457804606e-01 6.307045568748277653e-02 2.865020591799981656e-02 1.535009355487372551e-01
7.824382935005661510e-01 7.618903812284220922e-02 2.104953790186856952e-02 1.203231304747228725e-01
7.950755139864180698e-01 9.318980697499057442e-02 1.605644573210071938e-02 9.567823330649075086e-02
7.871129166342776262e-01 1.150500418378077871e-01 1.299835827601169419e-02 8.483868325190289938e-02
7.614869641430977998e-01 1.411439235703379758e-01 1.140914713213039312e-02 8.595996515443389552e-02
7.317568262681833913e-01 1.649516328572837864e-01 1.070338695915381590e-02 9.258815391537900119e-02
7.102072733879357669e-01 1.798394049852820586e-01 1.043915199014074091e-02 9.951416963664128090e-02
6.973206691594716622e-01 1.861110238565558961e-01 1.051900835631476745e-02 1.060492986276580646e-01
6.857687286618149303e-01 1.905951255808058797e-01 1.097027791160472276e-02 1.126658678457745921e-01
6.706488976256222978e-01 1.996085918720262031e-01 1.185379219857023853e-02 1.178887183037813646e-01
6.566861048176626525e-01 2.124990026455165215e-01 1.329095571860680440e-02 1.175239368182143390e-01
6.522960448000919564e-01 2.234320280547750226e-01 1.556929734444559982e-02 1.087026298006873726e-01
6.591847432784759819e-01 2.270968720290161835e-01 1.908659700681258203e-02 9.463178768569532884e-02
6.724751632320087325e-01 2.222676292647745300e-01 2.411686851728779210e-02 8.114033898592933058e-02
6.836941632251831713e-01 2.133055816755375367e-01 3.082884625159338851e-02 7.217140884768599718e-02
6.863266167457027223e-01 2.059577222860315415e-01 3.915612330350450032e-02 6.855953766476111100e-02
6.810655683851704056e-01 2.004825257330998811e-01 4.812007108801552580e-02 7.033183479371403479e-02
6.745737262183252314e-01 1.917944919560342354e-01 5.562601874195621798e-02 7.800576308368438461e-02
6.742698361899188697e-01 1.761223346124107525e-01 5.977415923961260785e-02 8.983366995805766586e-02
6.824506337433408065e-01 1.555851243525079031e-01 6.002114103328451411e-02 1.019431008708667763e-01
6.969876309855947971e-01 1.341344504141973315e-01 5.619766619946330033e-02 1.126802524007447098e-01
7.141531779227183740e-01 1.133847931510398588e-01 5.061581356650436680e-02 1.218462153597376363e-01
7.348294800527402915e-01 9.423154892500250346e-02 4.453278810795816695e-02 1.264061829142989757e-01
7.604891467317813625e-01 7.764454657432098839e-02 3.944899773761412209e-02 1.224173089562835132e-01
7.907263459488289570e-01 6.382881421427491486e-02 3.614913371702380834e-02 1.092957061198724794e-01
8.238500847021076323e-01 5.197340790899902807e-02 3.296919052571645886e-02 9.120731686317698483e-02
8.497690181605274118e-01 4.411390317523558591e-02 3.092081426582337506e-02 7.519626439841400889e-02
8.644316426066447345e-01 4.059818861620902858e-02 3.076252736665766041e-02 6.420764141048830587e-02
8.702917404485293051e-01 4.035173133508225540e-02 3.297940892733387808e-02 5.637711928905447117e-02
8.700969272870143767e-01 4.240864127926587818e-02 3.801851006410679468e-02 4.947592136961296433e-02
8.629989012982471897e-01 4.688405538528198774e-02 4.683793242127529816e-02 4.327911089519576038e-02
8.458107475099774231e-01 5.477087640702416743e-02 6.075797747263191051e-02 3.866039861036661002e-02
8.165986445571911112e-01 6.700032379038727004e-02 8.024515041223823086e-02 3.615588124018329075e-02
7.766567137499543749e-01 8.360387812275557606e-02 1.037972303191425083e-01 3.594217780814753377e-02
7.324224049921970181e-01 1.013613065136796110e-01 1.280084672969916404e-01 3.820782119713167502e-02
6.843359554800464428e-01 1.211859988006609851e-01 1.511429077214405670e-01 4.333513799785202597e-02
6.323299467992261613e-01 1.430903140040117871e-01 1.735236490581425484e-01 5.105609013861913542e-02
5.721952535861308808e-01 1.718479213693717977e-01 1.944992741943609160e-01 6.145755085013630131e-02
5.062313757827234806e-01 2.116986817452025660e-01 2.069719603677200037e-01 7.509798210435375543e-02
4.442248123409571203e-01 2.624998604666602398e-01 2.028401116260845904e-01 9.043521556629831315e-02
3.969118924843870189e-01 3.142242138762000869e-01 1.847697011482817286e-01 1.040941924911311101e-01
3.551820728403626837e-01 3.666787513345424743e-01 1.644678837256729476e-01 1.136712920994219500e-01
3.183782346024476295e-01 4.171253867677012228e-01 1.486091573367442908e-01 1.158872212931067180e-01
2.752995770960521282e-01 4.759647391029322994e-01 1.402923234216949255e-01 1.084433603793205081e-01
2.200834440612892962e-01 5.494417073056945267e-01 1.372682349921136580e-01 9.320661364090239431e-02
1.625704241455220023e-01 6.264380667400047953e-01 1.348338440208424194e-01 7.615766509363101899e-02
1.162868132147642786e-01 6.921644915394230546e-01 1.299698924472801054e-01 6.157880279853230471e-02
8.386840274679542573e-02 7.431176133925548877e-01 1.231545643662589201e-01 4.985941949439055831e-02
6.066222848145055163e-02 7.842051808485080988e-01 1.148614973346572671e-01 4.027109333538388819e-02
4.387093379850908609e-02 8.186474845004134693e-01 1.046771420295081745e-01 3.280443967156920770e-02
3.408177789954393300e-02 8.428018242713769537e-01 9.562660775922855738e-02 2.748979006985050738e-02
2.978505165331614413e-02 8.542584270842189520e-01 9.174538533090423331e-02 2.421113593156078853e-02
3.089494358148713732e-02 8.529121675145612258e-01 9.340956694031060659e-02 2.278332196364077009e-02
3.693241713279868388e-02 8.403249662025189526e-01 1.003466371552531183e-01 2.239597950942944990e-02
4.697989211845286783e-02 8.217373788566603166e-01 1.089862134025745416e-01 2.229651562231231912e-02
5.884761570957572352e-02 8.039601213899699728e-01 1.148544701433255183e-01 2.233779275712865012e-02
7.364240883554250272e-02 7.878311030983988772e-01 1.160981441213423254e-01 2.242834394471627385e-02
9.120752997369592496e-02 7.718876880519308648e-01 1.144675551762771859e-01 2.243722679809564274e-02
9.776192564029861920e-02 1.088443264455736248e-01 1.240457310848256667e-01 6.693480168293022281e-01
1.084068441230611884e-01 1.045087144038726323e-01 1.204437010362479771e-01 6.666407404368180911e-01
1.138965813369636620e-01 9.815636268259229913e-02 1.125162630412834541e-01 6.754307929391603071e-01
1.143896399475163583e-01 9.227661240913499763e-02 1.034826966607208243e-01 6.898510509826278891e-01
1.124459995268985990e-01 9.012907493406813186e-02 9.789434916186033619e-02 6.995305763771729746e-01
1.106030904040865154e-01 9.340954117603511575e-02 9.711439778606842377e-02 6.988729706338100423e-01
1.105615584809864632e-01 1.020459404504489020e-01 9.823079604124665409e-02 6.891617050273178835e-01
1.135943577913687691e-01 1.149955736089007807e-01 9.744133140664838766e-02 6.739687371930817017e-01
1.203743086114443667e-01 1.323102705016068747e-01 9.351157134612146649e-02 6.538038495408273754e-01
1.295200491516514951e-01 1.563936356127719751e-01 8.824014918615875891e-02 6.258461660494171186e-01
1.404046501313553075e-01 1.899521831034674535e-01 8.389175993933366271e-02 5.857514068258434792e-01
1.537460844999650189e-01 2.306747181363534571e-01 8.069745839129964515e-02 5.348817389723818927e-01
1.687364807038981007e-01 2.679697357322075590e-01 7.616414212461207478e-02 4.871296414392824459e-01
1.841315205363566743e-01 2.870911704626956662e-01 6.790555406091372537e-02 4.608717549400341285e-01
2.002352545247186033e-01 2.812050245094180334e-01 5.657856159416954633e-02 4.619811593716938170e-01
2.217112223306867969e-01 2.586127341359338305e-01 4.501242958374643277e-02 4.746636139496328011e-01
2.626773094595080682e-01 2.376899693741926500e-01 3.624451219345655589e-02 4.633882089728427744e-01
3.417549645858274920e-01 2.289123191547269009e-01 3.041193956310693502e-02 3.989207766963385748e-01
4.661417653018506413e-01 2.218889174581721024e-01 2.480549407516101021e-02 2.871638231648163120e-01
6.107259281827002173e-01 2.016686090016449329e-01 1.820439979671673383e-02 1.694010630189382027e-01
7.330952555272902682e-01 1.684664870479302967e-01 1.190916446995879570e-02 8.652909295482058560e-02
8.107549406268982350e-01 1.388567519140835038e-01 7.827138849035819926e-03 4.256116860998234580e-02
8.514057624942538149e-01 1.209994946528944876e-01 5.616498752407887013e-03 2.197824410044394924e-02
6.505320677728421153e-01 1.219777648292606209e-01 2.179520617497585355e-01 9.538105648138697074e-03
6.091397955159458810e-01 1.541590474786528608e-01 2.282655932191600956e-01 8.435563786240990805e-03
5.659076451644310390e-01 1.872266644118948664e-01 2.394595600002507874e-01 7.406130423423503209e-03
5.193208598845368007e-01 2.176739172620947849e-01 2.565868397748642948e-01 6.418383078504208070e-03
4.650219128079915443e-01 2.459415309767855606e-01 2.834081540749480710e-01 5.628402140274797218e-03
4.009345868230913545e-01 2.735518249452330575e-01 3.204382325813606158e-01 5.075355650314685059e-03
3.281907786829231788e-01 3.033303525599485573e-01 3.638104888108695811e-01 4.668379946258376621e-03
2.537499606802003371e-01 3.389762766133198602e-01 4.029052703140802438e-01 4.368492392399677716e-03
1.908533899430242264e-01 3.777999141473126210e-01 4.272183891803703060e-01 4.128306729293040010e-03
1.391202475553403595e-01 4.229220986455214937e-01 4.340779639070151963e-01 3.879689892122794876e-03
9.626266076436966468e-02 4.793322814413466526e-01 4.207644964619396410e-01 3.640561332344287998e-03
6.052038668992066467e-02 5.518551605995113407e-01 3.843040473536614154e-01 3.320405356906639023e-03
3.501025381589634167e-02 6.330941191000012402e-01 3.290017139986394223e-01 2.893913085463051694e-03
1.954274942434507806e-02 7.077694249779665769e-01 2.701779507357430776e-01 2.509874861945350644e-03
1.143960065893795224e-02 7.612662824014831964e-01 2.250044234112212049e-01 2.289693528357364134e-03
7.219285380781325506e-03 7.879909024376041682e-01 2.025641535980701735e-01 2.225658583544227846e-03
5.949247677171495483e-03 7.894751845940027879e-01 2.022032459872656618e-01 2.372321741559892203e-03
5.779777446880024136e-03 7.758275375881293900e-01 2.156298094582442260e-01 2.762875506746293071e-03
6.151554056376743601e-03 7.597415110384401205e-01 2.306427199204361955e-01 3.464214984746842845e-03
6.834476304282029180e-03 7.484451097379077877e-01 2.402233930316354238e-01 4.497020926174602300e-03
7.824334523552510870e-03 7.388836246100132232e-01 2.476258593936155605e-01 5.666181472818646384e-03
9.432598156742596704e-03 7.225831688916748430e-01 2.612227151511846701e-01 6.761517800397926631e-03
1.216571009476311201e-02 6.945126681199553786e-01 2.855837773397700285e-01 7.737844445511534580e-03
1.706308048183685644e-02 6.575736325424467177e-01 3.167761926103486725e-01 8.587094365368058702e-03
2.409658395761079056e-02 6.177803943353951110e-01 3.490472085832200255e-01 9.075813123774064198e-03
3.409173078449984767e-02 5.769298261254213189e-01 3.799422847107964407e-01 9.036158379282300743e-03
4.895540751836870846e-02 5.295297689219049531e-01 4.126882373044037378e-01 8.826586255322328364e-03
7.246461335943304993e-02 4.650257996738005883e-01 4.535261422610941673e-01 8.983444705672381791e-03
1.074528231722505778e-01 3.801092161888652288e-01 5.028952019832495512e-01 9.542758655634807005e-03
1.476270935514776284e-01 2.934467250779783098e-01 5.488712512045459402e-01 1.005493016599764804e-02
1.818989709889206885e-01 2.272171106438459764e-01 5.806221113310869875e-01 1.026180703614614116e-02
1.961561192887950611e-01 1.865609616336479926e-01 6.071007049720310578e-01 1.018221410552578102e-02
1.879574886959554103e-01 1.617523762597367909e-01 6.403978936561984803e-01 9.892241388109287298e-03
1.679707582049576320e-01 1.418842280635228825e-01 6.806885651584707597e-01 9.456448573048619952e-03
1.438948693859860573e-01 1.271564368862142524e-01 7.199034980482434953e-01 9.045195679556534973e-03
1.218838924658984663e-01 1.228495281465737110e-01 7.461700631689534013e-01 9.096516218574617410e-03
1.046603695774094150e-01 1.334667080147337592e-01 7.517600536923259025e-01 1.011286871553078968e-02
9.258817454250298229e-02 1.628765620570405415e-01 7.318424826022862373e-01 1.269278079817043325e-02
8.686321994887129250e-02 2.115738040937897302e-01 6.836495962119802927e-01 1.791337974535889971e-02
8.856721464038345981e-02 2.685173946561238978e-01 6.152477704232857114e-01 2.766762028020732303e-02
9.628648299839918934e-02 3.156017625422134487e-01 5.439354277644727897e-01 4.417632669491428077e-02
1.080229608641976868e-01 3.475779830683903282e-01 4.767614689989624899e-01 6.763758706844916202e-02
1.192328766168729570e-01 3.741479004392108121e-01 4.112093210693920087e-01 9.540990187452404181e-02
1.282102647674687179e-01 3.991359360064901662e-01 3.441659099596361959e-01 1.284878892664042815e-01
1.352415098352018341e-01 4.131968285948594555e-01 2.760006052193753612e-01 1.755610563505632660e-01
1.399689385915635909e-01 4.016905200636948226e-01 2.117146118168891644e-01 2.466259295278522834e-01
1.435337779488568277e-01 3.588572347787967187e-01 1.563991072895846990e-01 3.412098799827619211e-01
1.463822553280800520e-01 2.974031466371118704e-01 1.131497520356708891e-01 4.430648459991368693e-01
1.492363860657324459e-01 2.360974430531079804e-01 8.181840467150749974e-02 5.328477662096519074e-01
1.525193307275979349e-01 1.859766859583902310e-01 5.993381287932329077e-02 6.015701704346886336e-01
1.566125201004815448e-01 1.488904845280210609e-01 4.491349797686245565e-02 6.495834973946349455e-01
1.613584793623429881e-01 1.219720625045668666e-01 3.454530856368176472e-02 6.821241495694084778e-01
1.647345241507072455e-01 1.018507236517628839e-01 2.698389970572179219e-02 7.064308524918080368e-01
1.635095689556779197e-01 8.631037434486729665e-02 2.103770322613805407e-02 7.291423534733164624e-01
1.550115684566756857e-01 7.516228075615452586e-02 1.624584325432501183e-02 7.535803075328447731e-01
1.396154742343674870e-01 6.591522125968590773e-02 1.253680616357832033e-02 7.819324983423682207e-01
1.188213877382351263e-01 5.702901072382900866e-02 9.548080491179370202e-03 8.146015210467566492e-01
9.565611421943623349e-02 4.907147728266662151e-02 7.057394119055837058e-03 8.482150143788409480e-01
7.666066927256209862e-02 4.243845630135856251e-02 5.343082357515007048e-03 8.755577920685643223e-01
6.515305787803787885e-02 3.789620129429323303e-02 4.457006983085971472e-03 8.924937338445828594e-01
5.920722144168379802e-02 3.442050273703518154e-02 4.119406876835207676e-03 9.022528689444461181e-01
5.655312597680980935e-02 3.131399090032577215e-02 4.172353252706277951e-03 9.079605298701578509e-01
5.598884039342062052e-02 2.872446501491440762e-02 4.597504661120935428e-03 9.106891899305434857e-01
5.642528844948889455e-02 2.792092773007097753e-02 5.550574958066844568e-03 9.101032088623732808e-01
5.868191254482892083e-02 2.818991705922738525e-02 7.006836250071704457e-03 9.061213341458721482e-01
6.134661129667230012e-02 3.173273547418554302e-02 9.535751227562668658e-03 8.973849020015796096e-01
6.361176147753801191e-02 3.817540420740803825e-02 1.311731008820405525e-02 8.850955242268496725e-01
6.301818597766439822e-02 4.812456926244419730e-02 1.838677753028169007e-02 8.704704672296096346e-01
6.147557095770019714e-02 6.125204431970510816e-02 2.566963398900526730e-02 8.516027507335895974e-01
6.053773812701457313e-02 7.858118581532930191e-02 3.646676665077915741e-02 8.244143094068769884e-01
5.994946586881119699e-02 9.893288236921136958e-02 5.207949241958075015e-02 7.890381593423966278e-01
5.874483409518773541e-02 1.203052286345041577e-01 7.253996390200448396e-02 7.484099733683036160e-01
5.642789532737672170e-02 1.417375437422375151e-01 9.715256289271174961e-02 7.046819980376738402e-01
5.331425487706931837e-02 1.625972099509963298e-01 1.268555343532078161e-01 6.572330008187267092e-01
4.981905083301706172e-02 1.825243046370650657e-01 1.630782348828041795e-01 6.045784096471138458e-01
4.675101168287486286e-02 2.016431585354273859e-01 2.026964509496811395e-01 5.489093788320162925e-01
4.462725944435132902e-02 2.213504807774282213e-01 2.382155441237430726e-01 4.958067156544774812e-01
4.337411160311024916e-02 2.439575068237284650e-01 2.635413016836753441e-01 4.491270798894861360e-01
4.291852293306967769e-02 2.685050060229941526e-01 2.753370503971291350e-01 4.132394206468071873e-01
4.324819398131050235e-02 2.871230437623734644e-01 2.722069484953381080e-01 3.974218137609776269e-01
4.492961229333031908e-02 2.909731218197132430e-01 2.582615609981442906e-01 4.058357048888122653e-01
4.862577315869433259e-02 2.768827209586173788e-01 2.397664451864000845e-01 4.347250606962881903e-01
5.504039962423649263e-02 2.475382070560636916e-01 2.191314847740536698e-01 4.782899085456461252e-01
6.427207233145605658e-02 2.106964984319650014e-01 1.963502963989260941e-01 5.286811328376527230e-01
7.573711761011076016e-02 1.743809313373268499e-01 1.723681480313521697e-01 5.775138030212100260e-01
8.881166489297731559e-02 1.455868216398140680e-01 1.516751611519394638e-01 6.139263523152688196e-01
1.036772106629302442e-01 1.266128198094137181e-01 1.389945220048039998e-01 6.307154475228520241e-01
1.201025268649797834e-01 1.152181783480697996e-01 1.337063575434262463e-01 6.309729372435237682e-01
1.355925818002838568e-01 1.086477550388883634e-01 1.311661048996168311e-01 6.245935582612109904e-01
