1.450751454675584806e-01 9.141656464727727915e-02 3.293788509777867968e-01 4.341294389073773186e-01
6.717001925258777803e-03 6.534473484141845034e-01 1.925569526340533688e-01 1.472786970265032580e-01
6.288052743388536196e-03 6.901572571897583996e-01 1.400484870936939130e-01 1.635062029731589595e-01
6.037842259764238627e-03 6.904369537412580193e-01 1.045905374982580432e-01 1.989346665007198367e-01
5.484547126974607251e-03 6.652277768793927182e-01 8.050613693291619466e-02 2.487815390607168442e-01
4.598887614233036249e-03 6.330959278120613654e-01 6.201994793825248153e-02 3.002852366354528124e-01
3.695982310750696442e-03 6.021899353693243029e-01 4.744931295494973778e-02 3.466647693649755890e-01
2.995427291336264300e-03 5.711701235283650480e-01 3.635405982842193628e-02 3.894803893518765658e-01
2.573141760774104447e-03 5.295645799608167392e-01 2.805741550566367287e-02 4.398048627727453308e-01
2.423397710149250914e-03 4.648746983110261799e-01 2.160480360722962997e-02 5.110971003715950589e-01
2.483155455098741589e-03 3.781103605026751580e-01 1.612407622731440796e-02 6.032824078149113811e-01
2.654883799594348007e-03 2.810834089281377124e-01 1.128906356694466505e-02 7.049726437053233097e-01
2.872830439676594440e-03 1.944114337061154663e-01 7.515990008021781327e-03 7.951997458461861346e-01
3.155848319427704933e-03 1.340820939663112110e-01 5.140142508303951335e-03 8.576219152059572082e-01
3.591141410718774480e-03 9.863276490311026490e-02 3.919482313868140853e-03 8.938566113723026563e-01
4.449195978198405496e-03 8.057292168079369099e-02 3.520416395683416758e-03 9.114574659453246186e-01
6.359079325900260024e-03 7.385298738381144978e-02 3.662831954151497468e-03 9.161251013361365603e-01
9.644436570751743765e-03 7.456623893040552342e-02 4.649548652766429327e-03 9.111397758460761942e-01
1.537614708564839436e-02 7.962279030047535178e-02 6.069115170858498283e-03 8.989319474430176315e-01
2.488992439844866025e-02 8.966589753280745922e-02 8.169437348190694906e-03 8.772747407205531145e-01
4.162298259233613434e-02 1.076433739359882735e-01 1.156227053970433974e-02 8.391713729319710824e-01
7.266584195448613781e-02 1.396370628310596440e-01 1.776018369068034855e-02 7.699369115237739702e-01
1.273411846378849077e-01 1.916992365175291813e-01 2.894296810929223099e-02 6.520166107352938223e-01
2.052005636452388093e-01 2.599901511597542680e-01 4.585361209907187763e-02 4.889556730959349062e-01
2.819841021752327870e-01 3.256156343795864050e-01 6.542672358449372338e-02 3.269735398606871679e-01
3.335836978726136604e-01 3.717030251629487858e-01 8.455938414489340416e-02 2.101538928195440803e-01
3.572373147526062276e-01 3.994691564097371805e-01 1.041487726253648716e-01 1.391447562122916926e-01
3.592464032178741551e-01 4.174070277532914708e-01 1.265472131634871045e-01 9.679935586534745007e-02
3.443864688441001798e-01 4.322415940023642822e-01 1.533950981292004356e-01 6.997683902433504688e-02
3.170040071084315736e-01 4.437628947652681455e-01 1.873371614310415656e-01 5.189593669525877084e-02
2.724828202447656667e-01 4.551225285586977254e-01 2.327937395183111158e-01 3.960091167822554770e-02
2.256263098694236136e-01 4.552549730383892990e-01 2.880593499755115805e-01 3.105936711667567005e-02
1.793511418766078058e-01 4.487736806193801109e-01 3.473980567963503852e-01 2.447712070766179179e-02
1.406278542060015735e-01 4.314625892560178255e-01 4.090437718730062233e-01 1.886578466497440890e-02
1.099050295804465116e-01 3.969972378985719419e-01 4.789359951050441988e-01 1.416173741593751596e-02
8.583981834068227235e-02 3.477867946856342263e-01 5.558240208533070659e-01 1.054936612037611111e-02
6.762244804765028816e-02 2.972684180875631021e-01 6.271058828410115416e-01 8.003251023774809667e-03
5.415641676587846370e-02 2.578560328214246633e-01 6.817949535600539290e-01 6.192596852642961308e-03
4.440067481051988146e-02 2.330840826909466867e-01 7.176582014502508322e-01 4.857041048282966476e-03
3.792019853104140054e-02 2.210205458991995331e-01 7.370440070995195603e-01 4.015248470239473136e-03
3.380571560882360271e-02 2.176143131690679577e-01 7.449225150409943819e-01 3.657456181114128804e-03
3.122940813957005013e-02 2.216056805259864759e-01 7.433687460122411217e-01 3.796165322202314958e-03
2.996145687218559547e-02 2.345934704986566144e-01 7.308463001307056173e-01 4.598772498452550171e-03
2.975864790921356820e-02 2.558948807106596335e-01 7.080218609881347991e-01 6.324610391991721675e-03
3.069111382528945733e-02 2.836732212443531798e-01 6.762571987834563592e-01 9.378466146901262221e-03
3.289903754599250024e-02 3.145326059346379433e-01 6.384272312150769402e-01 1.414112530429272908e-02
3.472901629453892941e-02 3.362078418627327814e-01 6.095208444942600279e-01 1.954229734846822317e-02
3.516195914705387560e-02 3.417435227228959316e-01 5.993111649330906676e-01 2.378335319695953215e-02
3.580488766120548672e-02 3.414549228194488362e-01 5.959811368321632497e-01 2.675905268718272584e-02
3.880160212136965492e-02 3.518041624565689252e-01 5.795218565449122838e-01 2.987237887714920895e-02
4.553976756252445246e-02 3.817188505303534263e-01 5.376564534040917387e-01 3.508492850303052829e-02
5.579736754191128023e-02 4.275915985872220659e-01 4.722935388280267710e-01 4.431749504283984120e-02
6.674406633038740266e-02 4.760549173398126999e-01 3.981176211005868493e-01 5.908339522921308984e-02
7.387114084366588895e-02 5.127835271627021463e-01 3.349548877770354149e-01 7.839044421659656370e-02
7.521521267126196619e-02 5.345554132541125991e-01 2.919959753533604152e-01 9.823339872126497785e-02
7.277602064964082407e-02 5.481933921866469772e-01 2.626797661801936190e-01 1.163508209835186352e-01
6.836147214157890784e-02 5.597459656654649729e-01 2.396181908162799135e-01 1.322743713766759699e-01
6.235106889738779856e-02 5.718587109040751404e-01 2.195597542611288644e-01 1.462304659374081550e-01
5.593095921029211937e-02 5.812368690918267022e-01 2.017645543005593678e-01 1.610676173973220882e-01
4.987733654745632461e-02 5.842901631931533002e-01 1.832545651152150123e-01 1.825779351441753906e-01
4.662917868686962397e-02 5.698396250047187417e-01 1.653780499031461404e-01 2.181531464052655633e-01
4.610106003198330415e-02 5.344369991117330354e-01 1.454033248946809964e-01 2.740586159616024697e-01
4.709409836478594541e-02 4.816612439204791540e-01 1.219374051686816091e-01 3.493072525460534372e-01
4.760375918541049495e-02 4.218376696508906454e-01 9.820921370743994350e-02 4.323493574562587427e-01
4.722924881746275866e-02 3.628209702650621038e-01 7.800013344854073161e-02 5.119496474689344545e-01
4.673423848425160149e-02 3.061577633172487545e-01 6.173816390396209136e-02 5.853698342945375943e-01
4.745201309331457257e-02 2.526457300473508583e-01 4.827604831016885090e-02 6.516262085491655309e-01
5.126682353859376290e-02 2.059198217747451043e-01 3.713786074392432662e-02 7.056754939427369866e-01
6.120857919142001086e-02 1.701627416886704602e-01 2.877307344393740390e-02 7.398556056759721944e-01
8.211029463519982363e-02 1.468207499319038600e-01 2.367328332372372821e-02 7.473956721091724598e-01
1.208764157749154800e-01 1.328150292592731874e-01 2.148000090260161060e-02 7.248285540632100066e-01
1.874694516006483458e-01 1.236042474005420583e-01 2.136410192072489903e-02 6.675621990780846726e-01
1.566019201056130516e-01 4.519569208271272814e-02 2.618148679512261046e-01 5.363875198604481920e-01
1.139829175456631011e-01 7.531814158458445263e-01 1.235190612916461095e-01 9.316605316846164261e-03
1.244488341478830612e-01 7.029562174033682220e-01 1.582489147649277783e-01 1.434603368382088989e-02
1.359718657088542781e-01 6.429676772241463834e-01 1.986168535159476833e-01 2.244360355105174537e-02
1.473027685793618646e-01 5.792925676123817924e-01 2.391718399702940367e-01 3.423282383796243805e-02
1.549645403936257271e-01 5.266600553435137888e-01 2.689350977637302575e-01 4.944030649913033759e-02
1.587983335657942030e-01 4.966579354752059805e-01 2.773972025413873332e-01 6.714652841761224733e-02
1.601471807084240695e-01 4.935780418706872674e-01 2.595225528053932140e-01 8.675222461549539354e-02
1.605309328980566719e-01 5.116992181225092917e-01 2.201477974790753134e-01 1.076220515003587785e-01
1.602720574446111212e-01 5.371237677507733066e-01 1.740145936803432769e-01 1.285895811242721287e-01
1.604860124420944278e-01 5.524341644849739552e-01 1.397565445872319956e-01 1.473232784857004540e-01
1.649959054962822635e-01 5.500762585002579863e-01 1.244332335348745516e-01 1.604946024685855732e-01
1.788408609516300152e-01 5.292126187513566116e-01 1.249431585578548304e-01 1.670033617391589176e-01
2.076879893351752104e-01 4.839136155339557877e-01 1.384322492279612959e-01 1.699661459029075394e-01
2.546476726894948972e-01 4.101512620903243200e-01 1.618495854205123374e-01 1.733514797996687784e-01
3.154329944522701323e-01 3.174781866276381037e-01 1.894977694381565492e-01 1.775910494819351038e-01
3.775985405846464804e-01 2.303645666958402949e-01 2.128030479697009814e-01 1.792338447498119380e-01
4.339286163876624469e-01 1.660467529766835315e-01 2.251802523667874867e-01 1.748443782688665349e-01
4.842493653493532557e-01 1.246709608086154636e-01 2.274720559342756909e-01 1.636076179077553816e-01
5.250394958507104137e-01 9.981451272047622836e-02 2.296465079145006416e-01 1.454994835143126886e-01
5.546682010150214559e-01 8.430832984233486982e-02 2.388704803420846068e-01 1.221529888005590120e-01
5.758881592810463079e-01 7.222545193302902511e-02 2.522619479238770168e-01 9.962444086204812199e-02
5.943305434477219595e-01 5.964058876833067818e-02 2.629509993478415519e-01 8.307786843610584504e-02
6.139434288085633407e-01 4.615778834632928984e-02 2.676744987109340168e-01 7.222428413417344983e-02
6.345315959044771636e-01 3.422390245188654950e-02 2.672600152902555037e-01 6.398448635338081780e-02
6.555624589889306186e-01 2.659362603602194453e-02 2.608296318919587908e-01 5.701428308308886111e-02
6.773931463062469183e-01 2.351068633894150620e-02 2.472033998060460813e-01 5.189276754876537279e-02
6.975039287908372243e-01 2.351004509613176946e-02 2.301625347671522326e-01 4.882349134587876671e-02
7.119030789809938087e-01 2.567036677397164721e-02 2.144276231812611844e-01 4.799893106377351587e-02
7.196228094053174207e-01 2.952092444344874694e-02 2.009163809919371768e-01 4.993988515929698169e-02
7.234498534060744834e-01 3.506974204799714889e-02 1.858168505108760971e-01 5.566355403505227756e-02
7.257290662178894625e-01 4.278885874040325860e-02 1.650531175968046882e-01 6.642895744490279197e-02
7.217977119991685342e-01 5.409315183286684398e-02 1.400736987790404675e-01 8.403543738892424453e-02
7.029113955202263009e-01 7.164592372527303632e-02 1.141577396464372590e-01 1.112849411080631679e-01
6.554185817826900795e-01 1.008830612224890788e-01 9.225252097235220328e-02 1.514458360224688882e-01
5.793281428184359205e-01 1.415804729884485302e-01 7.543367414020946127e-02 2.036577100529059492e-01
4.885983988661157240e-01 1.878397674361986236e-01 6.329542538236494764e-02 2.602664083153207186e-01
4.003271503311370827e-01 2.351766409335582231e-01 5.499773193436613417e-02 3.094984768009382270e-01
3.272426930003087264e-01 2.797240178908944053e-01 4.959223901057205341e-02 3.434410500982248982e-01
2.726257870951321882e-01 3.159881277253335230e-01 4.627279306224309913e-02 3.651132921172911550e-01
2.329809214450255239e-01 3.389081978462579747e-01 4.438620743288752835e-02 3.837246732758289869e-01
2.029187889504270315e-01 3.458589785537049544e-01 4.318258738897743504e-02 4.080396451068905583e-01
1.780469127040866517e-01 3.367657740023136670e-01 4.178930577810413549e-02 4.433980075154955736e-01
1.552750472749496458e-01 3.138940136340490628e-01 3.936394069871618911e-02 4.914669983922848595e-01
1.317084684292119112e-01 2.820474387381032844e-01 3.567351918626653767e-02 5.505705736464185929e-01
1.102934348267201881e-01 2.450122946602935614e-01 3.144710996476143827e-02 6.132471605482250343e-01
9.402842473521175193e-02 2.112357609726628616e-01 2.854315253668628788e-02 6.661926617554393415e-01
8.437043677605438052e-02 1.892263096067706152e-01 2.898896586717862253e-02 6.974142877499963644e-01
8.267847553406489081e-02 1.777541037376163813e-01 3.424270608632177387e-02 7.053247146419970859e-01
8.639395256866148898e-02 1.698871371448218148e-01 4.525522717808460466e-02 6.984636831084319875e-01
9.228619758002430673e-02 1.608625182501320361e-01 6.272981324594821551e-02 6.841214709238955249e-01
9.758072064725009653e-02 1.502195314054582120e-01 8.747039102025269686e-02 6.647293569270389391e-01
9.965584057962287301e-02 1.377879365845023629e-01 1.198428093147243939e-01 6.427134135211504118e-01
9.700498415706103328e-02 1.244120317230652112e-01 1.597481515422628506e-01 6.188348325776108494e-01
9.079850094409995520e-02 1.121409360888070000e-01 2.075983306873750434e-01 5.894622322797180569e-01
8.404696911755381306e-02 1.022707175296221627e-01 2.624447866254498996e-01 5.512375267273742496e-01
7.955750825796945036e-02 9.473778470453678158e-02 3.206492618381443505e-01 5.050554451993493066e-01
7.832651112363814283e-02 8.851300109993300025e-02 3.809734415749688186e-01 4.521870462014602743e-01
7.935240192037798512e-02 8.161146854081523239e-02 4.475329779613789194e-01 3.915031515774279325e-01
7.996257655463814840e-02 7.180253251338646059e-02 5.250378006970493061e-01 3.231970902349260988e-01
7.755692123774675373e-02 5.864378609364887668e-02 6.107755864165955728e-01 2.530237062520093172e-01
7.250353388349445316e-02 4.476394953837104645e-02 6.886018617418121490e-01 1.941306548363224138e-01
6.820857275669321707e-02 3.392532292870516913e-02 7.382293224568631240e-01 1.596367818577384412e-01
7.273049768202100029e-02 2.829984992226497811e-02 7.462630426341032575e-01 1.527066097616106011e-01
8.939669143863401835e-02 2.712653196538922923e-02 7.151855038724276303e-01 1.682912727235488237e-01
1.236770557895385259e-01 2.931794229394359477e-02 6.492280289098001367e-01 1.977769730067179543e-01
1.808694521243915387e-01 3.351975645353614391e-02 5.553963367860138556e-01 2.302144546360586630e-01
2.640921867068258821e-01 3.832082240318143013e-02 4.466065845752020813e-01 2.509804063147907938e-01
3.706907353361740820e-01 4.281631913307733933e-02 3.388134501245675390e-01 2.476794954061811438e-01
4.789078248536552396e-01 4.701519524731128524e-02 2.501054510138563391e-01 2.239715288851769626e-01
5.736754989670632687e-01 5.091965149391144280e-02 1.817764734126494086e-01 1.936283761263757064e-01
6.491478252051445796e-01 5.471734956375205045e-02 1.296991481995958262e-01 1.664356770315078005e-01
1.631656713990133900e-01 1.300611957501811300e-01 6.921283187339566378e-01 1.464481411684869124e-02
2.425352010812498182e-01 7.075865846461385500e-01 4.229535989618592867e-02 7.582854376425576456e-03
2.082728277598995259e-01 7.477896143072005897e-01 3.694772350117826731e-02 6.989834431721647472e-03
1.796483603044956023e-01 7.812534136079528624e-01 3.265165897912920140e-02 6.446567108422328676e-03
1.605810627156454284e-01 8.041857940901366852e-01 2.910929268188557767e-02 6.123850512332260076e-03
1.500601615005228151e-01 8.170879581756171905e-01 2.660757223220110504e-02 6.244308091658749664e-03
1.499483545956378783e-01 8.179564261230578559e-01 2.507394950977916495e-02 7.021269771525446950e-03
1.638761128349426610e-01 8.034255246837727071e-01 2.408207568382269431e-02 8.616286797461750191e-03
1.904003264180828547e-01 7.747536840705864236e-01 2.377172645780856880e-02 1.107426305352218060e-02
2.306873524821687338e-01 7.316237159684593205e-01 2.361100339812818513e-02 1.407792815124386115e-02
2.842865953998469086e-01 6.752596516504173474e-01 2.320779400110407897e-02 1.724595894863157827e-02
3.490488571949011409e-01 6.075338317003694533e-01 2.265059246735832629e-02 2.076671863737113155e-02
4.174974493187804114e-01 5.353710986963657881e-01 2.234927556862614101e-02 2.478217641622736458e-02
4.779710483887918970e-01 4.709103722232477751e-01 2.279139694450020570e-02 2.832718244346017419e-02
5.344091462936553238e-01 4.122152798050092160e-01 2.326999208695055069e-02 3.010558181438483319e-02
5.877723458137334989e-01 3.578298975089538314e-01 2.436830057774014985e-02 3.002945609957269682e-02
6.425519706985645119e-01 3.033399042639570165e-01 2.575347827890310179e-02 2.835464675857523112e-02
6.970642395783864798e-01 2.498847556435836725e-01 2.710002994038969437e-02 2.595097483764033028e-02
7.466725032187830902e-01 2.009941983784604980e-01 2.849086223631497328e-02 2.384243616644142125e-02
7.888942422136209220e-01 1.582216485403996342e-01 3.030493156854364642e-02 2.257917767743580773e-02
8.224114596790225162e-01 1.221748770496529635e-01 3.327924713751620467e-02 2.213441613380821502e-02
8.433007353222570224e-01 9.553830083252751182e-02 3.855331688721377881e-02 2.260764695800148924e-02
8.491969338758377228e-01 7.536783077018846533e-02 5.145026052908976966e-02 2.398497482488434751e-02
8.303957596170034039e-01 6.452587318273905748e-02 7.737169398937010500e-02 2.770667321088768342e-02
7.799514373530432865e-01 5.934162300590153233e-02 1.263409148113376623e-01 3.436602482971752581e-02
7.056886698613746844e-01 5.429723857647437285e-02 1.979112276876674459e-01 4.210286387448346213e-02
6.380909803967960148e-01 4.586899658405153846e-02 2.683794201211506247e-01 4.766060289800182898e-02
6.054206433248061625e-01 3.730002492840174544e-02 3.065673909839345956e-01 5.071194076285713559e-02
6.218274043408902330e-01 2.916228048142981144e-02 2.969039768453083927e-01 5.210633833237165308e-02
6.768878291513278356e-01 2.327048132886563175e-02 2.487220170785613416e-01 5.111967244124507315e-02
7.515330653030797281e-01 1.825421823268627564e-02 1.842314476145469060e-01 4.598126884968724987e-02
8.205040900152293926e-01 1.433539045202717604e-02 1.268508540647452498e-01 3.830966546799834810e-02
8.702406473556220101e-01 1.172769245925209432e-02 8.675095707093333219e-02 3.128070311419247490e-02
9.025148625843303352e-01 1.017126553335923923e-02 6.119378976008827548e-02 2.612008212222232534e-02
9.240655339921902689e-01 9.256421425147719900e-03 4.419298117422488376e-02 2.248506340843714479e-02
9.399777637587247714e-01 8.617008327415333346e-03 3.144652106336833647e-02 1.995870685049183288e-02
9.518388453020668605e-01 8.098554199703764805e-03 2.141882087329054218e-02 1.864377962493865906e-02
9.589971567556728749e-01 7.837927584655575430e-03 1.409992905154904864e-02 1.906498660812238136e-02
9.606612556052489538e-01 8.127486469042701986e-03 9.414542784414225984e-03 2.179671514129385979e-02
9.568572321599225772e-01 9.174593264039972162e-03 6.771740184133510573e-03 2.719643439190408407e-02
9.476826775513295109e-01 1.111566684493487354e-02 5.446824577587477262e-03 3.575483102614837594e-02
9.321302988831079439e-01 1.421295375397990321e-02 4.904946289889129500e-03 4.875180107302304333e-02
9.070193072304628679e-01 1.900139386270072867e-02 4.902513573050838389e-03 6.907678533378526498e-02
8.662941253763952743e-01 2.628641684716977178e-02 5.402303220496871422e-03 1.020171545559382525e-01
8.032587516901226188e-01 3.652419390870637050e-02 6.358011255890199005e-03 1.538590431452806495e-01
7.147406233693391897e-01 4.908534860298827823e-02 7.589349756708232107e-03 2.285846782709643754e-01
6.062027341944280501e-01 6.183308134504170162e-02 8.757515154901958018e-03 3.232066693056283579e-01
4.942816642984151909e-01 7.215057568320808190e-02 9.550578482983277176e-03 4.240171815353933615e-01
3.977825538290907792e-01 8.039777341457624016e-02 9.943229178311597735e-03 5.118764435780213118e-01
3.253742430974357891e-01 8.589492733768210042e-02 1.021824097527002095e-02 5.785125885896121867e-01
2.746324989339506417e-01 8.999318722800841996e-02 1.045343069980948086e-02 6.249208831382313534e-01
2.397543887536174312e-01 9.655694430030202502e-02 1.098168888499958390e-02 6.527069780610809113e-01
2.169241013480616431e-01 1.047379780780732933e-01 1.179353800933370319e-02 6.665443825645315234e-01
2.035892933793506665e-01 1.113729304271055681e-01 1.274915701692603057e-02 6.722886191766176411e-01
1.939004592308589403e-01 1.174034791910409103e-01 1.357217773401259847e-02 6.751238838440876133e-01
1.864902211361280926e-01 1.205570574980268511e-01 1.413737419179693540e-02 6.788153471740484557e-01
1.813824672664380577e-01 1.212023417261237773e-01 1.445976854142026063e-02 6.829554224660178141e-01
1.805886749453042284e-01 1.214733017455576491e-01 1.477159835581577478e-02 6.831664249533228039e-01
1.871889554336631234e-01 1.239913424773289863e-01 1.541069435644120723e-02 6.734090077325668444e-01
2.041685465196252103e-01 1.306838423594181564e-01 1.673348044542027901e-02 6.484141306755363265e-01
2.328433508100221927e-01 1.417406546961818004e-01 1.897739801249783906e-02 6.064385964812980534e-01
2.707421631087537084e-01 1.545216440525467583e-01 2.210931798289939021e-02 5.526268748558000876e-01
3.132213849539463024e-01 1.648917875958998691e-01 2.608477625261189717e-02 4.958020511975419486e-01
3.583853871271050484e-01 1.704707405274024645e-01 3.132597104651757558e-02 4.398179012989749115e-01
4.050937914841333809e-01 1.703890557748056478e-01 3.836901594707933794e-02 3.861481367939820775e-01
4.502945454469226005e-01 1.652566637125860993e-01 4.743863629756387562e-02 3.370101545429273759e-01
4.902695705965595119e-01 1.574326417651116250e-01 5.876163482302147051e-02 2.935361528153073163e-01
5.219076143972128934e-01 1.493853839539951989e-01 7.276494611333017559e-02 2.559420555354618432e-01
5.432450846306724479e-01 1.430293918178826562e-01 8.963177541019584638e-02 2.240937481412486609e-01
5.541972185671045770e-01 1.402181050733609380e-01 1.089053605634237032e-01 1.966793157961108096e-01
5.554781535596814424e-01 1.428197860538507058e-01 1.294508669460313066e-01 1.722511934404363509e-01
5.474102302384735719e-01 1.523426344535294408e-01 1.501036385696110642e-01 1.501434967383861174e-01
6.015179468646422167e-01 3.480198826886894414e-01 2.993757450420395788e-02 2.052459594246435967e-02
2.690185875798950868e-02 8.504529465614005801e-01 1.066134415882535325e-01 1.603175309235612897e-02
2.504537997420950082e-02 8.487036100928673221e-01 1.077455475425532772e-01 1.850546239036990684e-02
3.016715637742983444e-02 8.295664958069319805e-01 1.144622077602255455e-01 2.580414005541258743e-02
4.729567551320267016e-02 7.854187209213598919e-01 1.243286007787148817e-01 4.295700278672262562e-02
8.326279302815689509e-02 7.064728973334765127e-01 1.324187871992233423e-01 7.784552243914327763e-02
1.498187075321402439e-01 5.826009150941238168e-01 1.327208271966563158e-01 1.348595501770794847e-01
2.397971052725943464e-01 4.323217117319129166e-01 1.214820416265825070e-01 2.063991413689107435e-01
3.226644018677231052e-01 2.933184730650737482e-01 9.904949051946934646e-02 2.849676345477337724e-01
3.609573218118801163e-01 1.935575767247590395e-01 7.225684074476969310e-02 3.732282607185912204e-01
3.529263990642744764e-01 1.322413932152213534e-01 4.956865496588399450e-02 4.652635527546202798e-01
3.293181467368080928e-01 9.800295716109698463e-02 3.359340637719471223e-02 5.390854897249000022e-01
3.178280047929034624e-01 8.298337016628033747e-02 2.387224064772572318e-02 5.753163843930906296e-01
3.342296978708620414e-01 8.272476281785565155e-02 1.847711039539594660e-02 5.645684289158865443e-01
3.808462319933329510e-01 9.575300105313408472e-02 1.553608910646614785e-02 5.078646778470671252e-01
4.441671795625666275e-01 1.209450491824942409e-01 1.362801760692608673e-02 4.212597536480129357e-01
4.999664998900970048e-01 1.537505675278837691e-01 1.182378262992911204e-02 3.344591499520903621e-01
5.291069322184281942e-01 1.888567970734774115e-01 9.957347564067013657e-03 2.720789231440269851e-01
5.327920561763664908e-01 2.204154889952358587e-01 8.377247652511436368e-03 2.384152071758858515e-01
5.249373527353832225e-01 2.449226859424149805e-01 7.522514369705813816e-03 2.226174469524959953e-01
5.232771415911647850e-01 2.563120533947287338e-01 7.105544844359623982e-03 2.133052601697469908e-01
5.305992144213150796e-01 2.563067458786525976e-01 7.192029259926611441e-03 2.059020104401052265e-01
5.445489673365800920e-01 2.499619506777918665e-01 7.644598569511683317e-03 1.978444834161165733e-01
5.620671275198058092e-01 2.443627168220403600e-01 8.382583637587960601e-03 1.851875720205660991e-01
5.839661375294252776e-01 2.428107947777451703e-01 9.501480803766041219e-03 1.637215868890632697e-01
6.107371746668784906e-01 2.439286365551245339e-01 1.127925097629484813e-02 1.340549378017021898e-01
6.375846038960630846e-01 2.445670580066226507e-01 1.401212301042217660e-02 1.038362150868921557e-01
6.602794547174019035e-01 2.419957208422503225e-01 1.793073400287448216e-02 7.979409043747306973e-02
6.764167174580971720e-01 2.365683477674163093e-01 2.335162769002610203e-02 6.366330708446026054e-02
6.846258139704149981e-01 2.307335369909804812e-01 3.055115914871964905e-02 5.408948988988458717e-02
6.880114190193924451e-01 2.234460810911061135e-01 3.884000469694084967e-02 4.970249519256050158e-02
6.937435529065846262e-01 2.105022276895702482e-01 4.597645379421524264e-02 4.977776560962972330e-02
7.073676894330629406e-01 1.904040618602004797e-01 4.978738333375742897e-02 5.244086537297896339e-02
7.294107869138587441e-01 1.659770101519996155e-01 4.942157042591846516e-02 5.519063250822316830e-02
7.550472188187921097e-01 1.419877329620359563e-01 4.495826739029554903e-02 5.800678082887631565e-02
7.769009773945275699e-01 1.219261539680934620e-01 3.803711325306496221e-02 6.313575538431369372e-02
7.899574085470116858e-01 1.069395830576873735e-01 3.127951692926214666e-02 7.182349146603884960e-02
7.950164802737116343e-01 9.636927475774234586e-02 2.614957002700071809e-02 8.246467494154528788e-02
7.984929742747814974e-01 8.813207079317940396e-02 2.243797934168649880e-02 9.093697559035268663e-02
8.047145283641485847e-01 8.121206692041413322e-02 1.965103433336136754e-02 9.442237038207594579e-02
8.114383847768308344e-01 7.663818813586109613e-02 1.775801810096974340e-02 9.416540898633837808e-02
8.162928357431983306e-01 7.489983523574129942e-02 1.696180969722054996e-02 9.184551932383976103e-02
8.201754814135345795e-01 7.531788068126316071e-02 1.741686256645469041e-02 8.708977533874746879e-02
8.235919050862888779e-01 7.736361897997717785e-02 1.928664840321958618e-02 7.975782753051439966e-02
8.236620490913855175e-01 8.182325904567749886e-02 2.287055950248413627e-02 7.164413236045297229e-02
8.153913918935239424e-01 9.096638012510331606e-02 2.844240100818175646e-02 6.519982697319084974e-02
7.950931287800832026e-01 1.074199859098042553e-01 3.573417871697665005e-02 6.175270659313588512e-02
7.615658207510850319e-01 1.328749279134354144e-01 4.388316784798115128e-02 6.167608348749853420e-02
7.164254044396368704e-01 1.664714426145083026e-01 5.193314036219813523e-02 6.517001258365685834e-02
6.623456151277722359e-01 2.060829271655658934e-01 5.972593327892142950e-02 7.184552442774018444e-02
5.972268993947081883e-01 2.541757399695365183e-01 6.833383795182981779e-02 8.026352268392528133e-02
5.222959840533265563e-01 3.129653735502402334e-01 7.606252573447278009e-02 8.867611666196031917e-02
4.388976519238460550e-01 3.853040679518601741e-01 7.977999739535351909e-02 9.601828272894026572e-02
3.620124284549304239e-01 4.616022976338954864e-01 7.680683770459126314e-02 9.957843620658250738e-02
3.026830482463465644e-01 5.297374448744255337e-01 6.981328714191398221e-02 9.776621973731394744e-02
2.606121879712832157e-01 5.842190310502414219e-01 6.329550620489329815e-02 9.187327477358203653e-02
2.286104163353171181e-01 6.299190504015346193e-01 5.932616966462180008e-02 8.214436359852651803e-02
1.958885759431192308e-01 6.786247139750478663e-01 5.731291446483590540e-02 6.817379561699697665e-02
1.560821803144908648e-01 7.360842857431734165e-01 5.565755709193737771e-02 5.217597685039803562e-02
1.150068053690384978e-01 7.937507731650276233e-01 5.300141157299819578e-02 3.824100989293568315e-02
8.091374198443058996e-02 8.421227413372637249e-01 4.892827794979063422e-02 2.803523872851492252e-02
5.569574881989035331e-02 8.795937528707385988e-01 4.394054031397223725e-02 2.076995799539871346e-02
3.731594814647172520e-02 9.087650507948649148e-01 3.848496657080980460e-02 1.543403448785366124e-02
2.440829683801572919e-02 9.308699926539449887e-01 3.303618033345714911e-02 1.168553017458190228e-02
1.651050868299522648e-02 9.451234875613184760e-01 2.907930719317169954e-02 9.286696562514240583e-03
1.299017762056456013e-02 9.517135253729730460e-01 2.728546325736006320e-02 8.010833749102325499e-03
1.113787214450603739e-02 9.539530135480510653e-01 2.743058545142117513e-02 7.478528856021599003e-03
1.078998470480893590e-02 9.525884577755281413e-01 2.925578233080699045e-02 7.365775188855862125e-03
1.101444136509291231e-02 9.493942696783306268e-01 3.219858869770188953e-02 7.392700258874795177e-03
1.143352985364393289e-02 9.451486965634163795e-01 3.579372740369406170e-02 7.624046179245735216e-03
1.203154520917355461e-02 9.397996862761155423e-01 4.007361799588804452e-02 8.095150518823117022e-03
1.303697132926246761e-02 9.327317195368095559e-01 4.542317952760788896e-02 8.808129606319957394e-03
2.324317802202029715e-01 1.724105867947436921e-01 7.092709053756922344e-02 5.242305424474843489e-01
2.406117540034403146e-01 1.605248861480333133e-01 6.881753473560327239e-02 5.300458251129229748e-01
2.436136568564537808e-01 1.488004503122610511e-01 6.503577499722622279e-02 5.425501178340588204e-01
2.404080316766245562e-01 1.382437552579474371e-01 6.075421789053323668e-02 5.605939951748944994e-01
2.336257116508497489e-01 1.317745623899598262e-01 5.828420618592255326e-02 5.763155197732677815e-01
2.289798194014598109e-01 1.320277255579698772e-01 5.860610578094151840e-02 5.803863492596285090e-01
2.315953752699403956e-01 1.401497991790549569e-01 6.020576825996393211e-02 5.680490572910407154e-01
2.434797732235941814e-01 1.556431795842774801e-01 6.089021254625288926e-02 5.399868346458752688e-01
2.628760874141617965e-01 1.779196995215236721e-01 5.992098301794992338e-02 4.992832300463646011e-01
2.837386799442693230e-01 2.068891533666537830e-01 5.866813559424009783e-02 4.507040310948369211e-01
3.014993119406169098e-01 2.407139774148513989e-01 5.880131293313382856e-02 3.989853977113978489e-01
3.161219799632717931e-01 2.731493122789112049e-01 6.034146722351661080e-02 3.503872405343004259e-01
3.293041949587663386e-01 2.963017354168797080e-01 6.111249900816211750e-02 3.132815706161917735e-01
3.454196927570220566e-01 3.024421481020063140e-01 5.845824780757426231e-02 2.936799113333975475e-01
3.655671083267617028e-01 2.905972715988361377e-01 5.281834344698052575e-02 2.910172766274214395e-01
3.942762828771358974e-01 2.641704526163342059e-01 4.614210611484706459e-02 2.954111583916830264e-01
4.401759745435709914e-01 2.317643800209057969e-01 4.019408627367867387e-02 2.878655591618445864e-01
5.144314462341791350e-01 1.981013473763231503e-01 3.492514238804225041e-02 2.525420640014555129e-01
6.118844300185659613e-01 1.662919120124986827e-01 2.983186921268794062e-02 1.919917887562475056e-01
7.201136165873301964e-01 1.304506228972270865e-01 2.339356694540988338e-02 1.260421935700330176e-01
8.114983941403313139e-01 9.661710657951233516e-02 1.733571160331989422e-02 7.454878767683655039e-02
8.743323904020355863e-01 7.038096107154821757e-02 1.302048192729122165e-02 4.226616659912518087e-02
9.114735346048498110e-01 5.382111947673746954e-02 1.048059959692524030e-02 2.422474632148756066e-02
3.444814337044297958e-01 1.113605454003450401e-01 5.140356894012619859e-01 3.012233149396343138e-02
3.233145330463637057e-01 1.333572158547032260e-01 5.204314402253399363e-01 2.289681087359320480e-02
3.065951753432125670e-01 1.556370393747449621e-01 5.203241639743376723e-01 1.744362130770435448e-02
2.848112231075445866e-01 1.765447431325179450e-01 5.254964112384525876e-01 1.314762252148486341e-02
2.540524712379391703e-01 1.976655527508891785e-01 5.382589300595159720e-01 1.002304595165568434e-02
2.154715919103394883e-01 2.205431704961374195e-01 5.561233540970919043e-01 7.861883496431021356e-03
1.693909147219937184e-01 2.486002934612245585e-01 5.757475252122432607e-01 6.261266604539105982e-03
1.262111817489996735e-01 2.842972419448932531e-01 5.844275671406202743e-01 5.064009165486363720e-03
9.277153991164685531e-02 3.327332212670700562e-01 5.702979749217679251e-01 4.197263899514831233e-03
6.666491916023116471e-02 3.975606375420186467e-01 5.322465858365914571e-01 3.527857461159239830e-03
4.620958207217708280e-02 4.822655058854376509e-01 4.685055433565690208e-01 3.019368685816500950e-03
2.964719993147004601e-02 5.862244249226269410e-01 3.815776315919942596e-01 2.550743553908626279e-03
1.733596358980310156e-02 6.952381475119735477e-01 2.853552511239110800e-01 2.070637774312394323e-03
9.705130013093655680e-03 7.881948958397261285e-01 2.004145081948908169e-01 1.685465952289369029e-03
5.314542540097676009e-03 8.515706367340972749e-01 1.416533596182272814e-01 1.461461107577634788e-03
3.655737301002819507e-03 8.838805198633591376e-01 1.110399032391165552e-01 1.423839596521257614e-03
3.104162132367246224e-03 8.918452049900823519e-01 1.034683082945901667e-01 1.582324582960314540e-03
3.208074602300065720e-03 8.821989232811189297e-01 1.125900337805477575e-01 2.002968336033607993e-03
3.777869587933726115e-03 8.592755379296761475e-01 1.341590293583200533e-01 2.787563124069955111e-03
4.804922481016514479e-03 8.251476011444944803e-01 1.660266573103372501e-01 4.020819064151591286e-03
6.324296764292917233e-03 7.799380877767869702e-01 2.081601875226749554e-01 5.577427936245046153e-03
8.549971684989611867e-03 7.216645773661181096e-01 2.624927796996366358e-01 7.292671249255717331e-03
1.186529006567449245e-02 6.491090147763247664e-01 3.298516241533173132e-01 9.174071004683471281e-03
1.553047472922414532e-02 5.701429301267914029e-01 4.032275776946954160e-01 1.109901744928917973e-02
2.132935713961580868e-02 4.924827938621993417e-01 4.733038484898740572e-01 1.288400050831094330e-02
2.873149500276825710e-02 4.283066874552143855e-01 5.289916105685127379e-01 1.397020697350485202e-02
4.037728424199052424e-02 3.703681158808517782e-01 5.743626743634193677e-01 1.489192551373835945e-02
5.880134800058243322e-02 3.104445718935192611e-01 6.143681797252059651e-01 1.638590038069240307e-02
8.402682469959468770e-02 2.415489190656381902e-01 6.560626062438281725e-01 1.836164999093919947e-02
1.079399075657787310e-01 1.749458412608639046e-01 6.973446783516850100e-01 1.976957282167216695e-02
1.274935066830511221e-01 1.268561625100700363e-01 7.254610639772702818e-01 2.018926682960847652e-02
1.373565227781184672e-01 1.024583676693346379e-01 7.400100896590433575e-01 2.017501989350369701e-02
1.394532255141816834e-01 9.212892449076287571e-02 7.482508189894075956e-01 2.016703100564795972e-02
1.389289531767617103e-01 9.062358424084823727e-02 7.499259157644997398e-01 2.052154681788996224e-02
1.402800946136990301e-01 9.917114216266649518e-02 7.388898877894167772e-01 2.165887543421773920e-02
1.462584165892227839e-01 1.228545738036483370e-01 7.066592900270066702e-01 2.422771958012235813e-02
1.562838060315862310e-01 1.688557349272877817e-01 6.458304702206826287e-01 2.902998882044360504e-02
1.640355461517878088e-01 2.455182863556935047e-01 5.535144635889136522e-01 3.693170390360521471e-02
1.696203155773701454e-01 3.444603426726490225e-01 4.372935944943439623e-01 4.862574725563685585e-02
1.763053658041413563e-01 4.350021701409219066e-01 3.239602658030560356e-01 6.473219825188050724e-02
1.858588214988146636e-01 4.925481573475671282e-01 2.360963358278835300e-01 8.549668532573484470e-02
1.988878483315500711e-01 5.147330045866452819e-01 1.768480727518332019e-01 1.095310743299710288e-01
2.059179383009260011e-01 5.248467984018011512e-01 1.344397890802851159e-01 1.347954742169876485e-01
2.068308483902811801e-01 5.255795055152210349e-01 1.026935886044470086e-01 1.648960574900511511e-01
2.046235901783082789e-01 5.082733969157500198e-01 7.765886970790002175e-02 2.094441431980413604e-01
2.014687527516140775e-01 4.637601736585731382e-01 5.780139904984798321e-02 2.769696745399647941e-01
1.985216648096677361e-01 3.963149622910285275e-01 4.218968110381948744e-02 3.629736917954842212e-01
1.976110015590570868e-01 3.219213573114999005e-01 3.044181802170278436e-02 4.500258231077406412e-01
2.005476804594455431e-01 2.550868102500895573e-01 2.213602735312802591e-02 5.222294819373368702e-01
2.075419359346504788e-01 2.020455506011042124e-01 1.643228039882606642e-02 5.739802330654191209e-01
2.175116399538483403e-01 1.623261377438039443e-01 1.253741799839586980e-02 6.076248043039518265e-01
2.290344682462912562e-01 1.324504047621964109e-01 9.821447317169258381e-03 6.286936796743429756e-01
2.387390534212965043e-01 1.100001262527029039e-01 7.922454568503030023e-03 6.433383657574976988e-01
2.445373306177013317e-01 9.053401301195150574e-02 6.334584722982667532e-03 6.585940716473644985e-01
2.408771131133769505e-01 7.718011098815644178e-02 5.026168301332515492e-03 6.769166075971341234e-01
2.265188353091663054e-01 6.723150507303980727e-02 4.083019769324258176e-03 7.021666398484694982e-01
2.034375713130574526e-01 5.947424504795561367e-02 3.315955780765359687e-03 7.337722278582214930e-01
1.758290595880164231e-01 5.276062938728667134e-02 2.666392511155429249e-03 7.687439185135414021e-01
1.494982863809138363e-01 4.703953430060720670e-02 2.214178383988173529e-03 8.012480009344908893e-01
1.293731365428015256e-01 4.419924695550557503e-02 1.993751539641190878e-03 8.244338649620515103e-01
1.149860312928187578e-01 4.210650980792727399e-02 1.950340174389703692e-03 8.409571187248643387e-01
1.042542244777325267e-01 3.993868725456770075e-02 2.045234657219802393e-03 8.537618536104799594e-01
9.577630968770380060e-02 3.787379328248635657e-02 2.290401578970293218e-03 8.640594954508394876e-01
8.892915479148912061e-02 3.670092958272012235e-02 2.720392145578972350e-03 8.716495234802118519e-01
8.376924920509504213e-02 3.763217898630791952e-02 3.441569144785102535e-03 8.751570026638120225e-01
8.118871848953539139e-02 4.098955514689540947e-02 4.613968817479300807e-03 8.732077575460894803e-01
7.956615161339049280e-02 4.957352289139952545e-02 6.495395944309186563e-03 8.643649295509011621e-01
7.852959446370327834e-02 6.309426100225092038e-02 9.176238043644044731e-03 8.491999064904018901e-01
7.904158177084338877e-02 8.376411305864400747e-02 1.314754634251537151e-02 8.240467588279970501e-01
8.180956130048440411e-02 1.147503516894280845e-01 1.951905728096599638e-02 7.839210297291213658e-01
8.569307570042300481e-02 1.561891760054839873e-01 2.956340794044106171e-02 7.285543403536522966e-01
8.914202850202233852e-02 2.059427488143993068e-01 4.401629551402053836e-02 6.608989271695581147e-01
9.133330034681912124e-02 2.611890997571906792e-01 6.275333395596627284e-02 5.847242659400240239e-01
9.235261767087146745e-02 3.174678601920875032e-01 8.568958110468495593e-02 5.044899410323557820e-01
9.228346978354604047e-02 3.703180312972428334e-01 1.119090638339770016e-01 4.254894350852340135e-01
9.169921923688002796e-02 4.173544029325816362e-01 1.367872444587530933e-01 3.541591333717850065e-01
9.123377413190135454e-02 4.596240415412412017e-01 1.542755975238231936e-01 2.948665868030342363e-01
9.084792283370374255e-02 4.992457471461920204e-01 1.623158335649209083e-01 2.475904964551830789e-01
9.122113564396719387e-02 5.332977308565193253e-01 1.629978233536640286e-01 2.124833101458496187e-01
9.499106354553421561e-02 5.521170836998881004e-01 1.607171237003306996e-01 1.921747290542469011e-01
1.060672931367622751e-01 5.479782714133747401e-01 1.593942333229255992e-01 1.865602021269374966e-01
1.276099076911420271e-01 5.196225565857539586e-01 1.603261803515926287e-01 1.924413553715111913e-01
1.622723694627601077e-01 4.689369172337001235e-01 1.612289642806305490e-01 2.075617490229094420e-01
2.102913556567979070e-01 4.035065007607575582e-01 1.576782732313290747e-01 2.285238703511155156e-01
2.672621659819642836e-01 3.348342596456846954e-01 1.471477146765899913e-01 2.507558596957610297e-01
3.239248923320126594e-01 2.747126778908846045e-01 1.319566158998068672e-01 2.694058138772959521e-01
3.689983409141198711e-01 2.314180083004868382e-01 1.179282619006835342e-01 2.816553888847097564e-01
4.044578813184062649e-01 2.006853663383089403e-01 1.065340672986704734e-01 2.883226850446143352e-01
4.264501604304982152e-01 1.810897094050733513e-01 9.803461019348938543e-02 2.944255199709392423e-01
