1.658841705293008228e-01 1.394638617975264283e-01 2.117391117659454813e-01 4.829128559072272120e-01
1.512493257299988257e-02 3.734499372836260211e-01 4.375531673693263679e-01 1.738719627740477336e-01
1.414037270897081609e-02 4.354456769495319013e-01 4.093991873598123998e-01 1.410147629816850545e-01
1.338863176556427323e-02 4.917785889038945868e-01 3.702659932506383589e-01 1.245667860799029164e-01
1.285150638923013289e-02 5.431830574153392321e-01 3.223075829610924092e-01 1.216578532343382119e-01
1.287520318619376873e-02 5.831180997329148408e-01 2.727756586169335917e-01 1.312310384639577832e-01
1.224939287301276929e-02 6.003752367429776582e-01 2.312624317088369241e-01 1.561129386751731185e-01
1.235997603643712930e-02 5.914419464067843801e-01 1.948810035292637133e-01 2.013170740275145865e-01
1.298011668245571508e-02 5.497906388011513101e-01 1.636029404143376220e-01 2.736263041020555731e-01
1.409013014020936601e-02 4.794990663502576300e-01 1.348608580699370840e-01 3.715499454395961298e-01
1.549870799650129513e-02 3.948664490402905014e-01 1.069213061412056659e-01 4.827135368220026312e-01
1.702564244300569518e-02 3.065094739918987066e-01 7.973470855268512125e-02 5.967301750124107684e-01
1.854646439845553454e-02 2.253411420119909581e-01 5.623370449005397897e-02 6.998786890994994625e-01
1.998852313978183304e-02 1.629620286988757716e-01 3.987188822351174500e-02 7.771775599378309973e-01
2.162238866067786591e-02 1.223017364056990380e-01 3.067052646891373080e-02 8.254053484647092542e-01
2.463461300464342418e-02 1.001297607983067106e-01 2.687761266934902277e-02 8.483580135277006828e-01
3.087247556641050869e-02 9.167020881865173276e-02 2.702577070428853132e-02 8.504315449106493174e-01
4.184565365271708526e-02 9.200977134194662788e-02 2.984726749626734690e-02 8.362973075090690545e-01
5.894363555988302306e-02 9.819972637951121519e-02 3.447956149410669191e-02 8.083770765664992641e-01
8.528195475860457508e-02 1.097023129855702883e-01 4.099466723462372175e-02 7.640210650212015953e-01
1.276125375152539765e-01 1.281670284896769818e-01 5.091532975298763974e-02 6.933051042420814714e-01
1.951291208137450328e-01 1.568161376006800278e-01 6.597097668177641372e-02 5.820837649037983175e-01
2.869114303096857443e-01 1.953998057534603872e-01 8.393563473470043446e-02 4.337531292021535312e-01
3.760990960159822372e-01 2.377948478462650894e-01 9.762192513294555563e-02 2.884841310048072427e-01
4.333471123124630342e-01 2.788359473185965665e-01 1.020807196221381608e-01 1.857362207468022386e-01
4.554657027034182404e-01 3.173268827707589890e-01 1.021990698928297719e-01 1.250083446329927628e-01
4.536414285564517868e-01 3.540666843607563341e-01 1.026903814043936686e-01 8.960150567839814117e-02
4.367523129602009502e-01 3.891329218917058408e-01 1.064919577295345143e-01 6.762280741855851429e-02
4.097106912370712672e-01 4.226008830041894648e-01 1.149140917926406991e-01 5.277433396609862437e-02
3.729954041987431634e-01 4.548900312490410935e-01 1.300929761314700839e-01 4.202158842074588813e-02
3.270664571561657241e-01 4.836889463521884536e-01 1.549557089433019064e-01 3.428888754834404085e-02
2.808719031118759313e-01 4.997868655407785576e-01 1.902087884097128923e-01 2.913244293763250781e-02
2.391651221313472742e-01 5.044471135062177369e-01 2.308089441129620167e-01 2.557882024947306238e-02
2.145414556744419388e-01 4.889724052500941109e-01 2.739361361257846572e-01 2.255000294967927574e-02
1.989248611051221693e-01 4.569095714500053251e-01 3.244086426805056766e-01 1.975692476436670397e-02
1.873790869431009032e-01 4.102216219458247881e-01 3.850245056577784597e-01 1.737478545329600166e-02
1.748340450716882877e-01 3.586275878331663391e-01 4.508852196469358420e-01 1.565314744820949996e-02
1.638333259037161038e-01 3.095925942282848342e-01 5.120998166628021320e-01 1.447426320519681724e-02
1.560924160011960271e-01 2.701610102210397213e-01 5.601189325152718945e-01 1.362764126249245075e-02
1.553067211738128617e-01 2.416157283927014010e-01 5.897181455633584424e-01 1.335940487012721688e-02
1.606584760338408135e-01 2.209520660846790441e-01 6.044643035172688750e-01 1.392515436421158138e-02
1.683372942215612955e-01 2.069423148584579319e-01 6.091393704007340704e-01 1.558102051924702310e-02
1.755293745066902611e-01 2.008168436677627289e-01 6.047469936358718101e-01 1.890678818967500910e-02
1.806049521446126960e-01 2.016924795908275059e-01 5.931906930402813805e-01 2.451187522427805340e-02
1.840548173211630500e-01 2.076743010902807329e-01 5.750333538566548830e-01 3.323752773190121607e-02
1.866800346131116950e-01 2.154900570382989045e-01 5.517103669970457869e-01 4.611954135154381490e-02
1.833028523444593105e-01 2.178319634032140073e-01 5.376139287408306933e-01 6.125125551149614156e-02
1.718661987814978365e-01 2.132021519136581555e-01 5.400980958739204363e-01 7.483355343092325251e-02
1.608889757397360953e-01 2.085695401147915629e-01 5.432742734790889649e-01 8.726721066638326585e-02
1.590025227572496314e-01 2.120932561751434908e-01 5.254280351847404607e-01 1.034761858828663061e-01
1.662513947290260863e-01 2.275476272517895915e-01 4.774682883435706349e-01 1.287326896756135486e-01
1.760190426680156850e-01 2.514830349099940188e-01 4.068073288999963233e-01 1.656905935219935844e-01
1.757262229863477132e-01 2.793060231998982235e-01 3.325485129972242104e-01 2.124192408165296309e-01
1.630834274469671330e-01 3.033514948192755911e-01 2.733296572443436045e-01 2.602354204894135048e-01
1.454500160186723567e-01 3.186482400548809601e-01 2.358105021230341991e-01 3.000912418034122897e-01
1.271896332023283449e-01 3.311387153463227206e-01 2.090454051829077620e-01 3.326262462684412280e-01
1.112166915364926623e-01 3.389365737398858380e-01 1.887087151948673158e-01 3.611380195287536843e-01
9.646053530496186135e-02 3.432993016586802226e-01 1.717786023131032402e-01 3.884615607232544954e-01
8.276170425332467218e-02 3.399033396233043236e-01 1.573090488871943804e-01 4.200259072361766099e-01
7.090992264493116426e-02 3.209742704290011739e-01 1.440053586587817513e-01 4.641104482672857023e-01
6.062499079628384108e-02 2.821111342525464694e-01 1.293949091294056275e-01 5.278689658217643466e-01
5.114230734681325663e-02 2.291791151237280999e-01 1.098114310867813748e-01 6.098671464426770328e-01
4.199634677792507542e-02 1.757207227851574904e-01 8.558080507245663382e-02 6.967021253644607448e-01
3.352010332287067018e-02 1.314197982036607593e-01 6.274767442240218596e-02 7.723124240510663707e-01
2.658549151657420631e-02 9.780144152153115444e-02 4.524500449222674386e-02 8.303680624696675450e-01
2.121751707965706737e-02 7.163403142737545526e-02 3.240138491920496744e-02 8.747470665737624440e-01
1.729886381204845738e-02 5.092236685095100773e-02 2.271314815236429724e-02 9.090656211846365187e-01
1.491304948020816777e-02 3.547180390820111467e-02 1.559871638405673985e-02 9.340164302275338892e-01
1.437698167968294582e-02 2.516664354179406690e-02 1.096059101201962184e-02 9.494957837665032319e-01
1.634811593347254219e-02 1.918328359112307993e-02 8.569893460643924349e-03 9.558987070147600962e-01
2.202451347413203822e-02 1.609662105652475209e-02 7.918317459794271471e-03 9.539605480095487700e-01
3.383057492818089540e-02 1.462342554240389329e-02 8.968390881029353334e-03 9.425776086483858007e-01
1.402904259261955611e-01 3.283414152275090231e-02 1.522027777979071406e-01 6.746726547531463059e-01
1.815764757764201376e-01 6.299522111086361953e-01 1.799254799912509417e-01 8.545833123692767042e-03
1.694905780320107025e-01 5.696717808250963966e-01 2.476466319105313230e-01 1.319100923236160572e-02
1.633622326207332942e-01 4.865993029569775641e-01 3.290919999939271312e-01 2.094646442836206601e-02
1.586568245490974638e-01 3.966810500903180658e-01 4.123044873264959387e-01 3.235763803408832351e-02
1.565540800750535588e-01 3.156333957724026806e-01 4.806831804586969015e-01 4.712934369384717131e-02
1.549068500333241893e-01 2.576277791406305639e-01 5.228286760484086582e-01 6.463669477763690774e-02
1.552412880298152387e-01 2.272531392486197288e-01 5.309351220643031555e-01 8.657045065726196031e-02
1.610938783769125249e-01 2.226879245534950091e-01 4.998617113474871365e-01 1.163564857221054405e-01
1.737146861992046321e-01 2.357530218231968511e-01 4.351147445757317933e-01 1.554175474018671399e-01
1.903177352089290564e-01 2.470900176749904198e-01 3.656062495368319065e-01 1.969859975792484785e-01
2.079274490667132880e-01 2.437749020822281287e-01 3.184387961945858714e-01 2.298588526564726287e-01
2.294517389569833976e-01 2.243120431550190974e-01 2.942053901172969055e-01 2.520308277707004607e-01
2.578479222319620678e-01 1.852624118533332531e-01 2.845604822881004914e-01 2.723291836266039101e-01
2.882723754646709935e-01 1.345987603815219646e-01 2.764604622409998491e-01 3.006684019128071372e-01
3.110845964048268852e-01 8.503050685971247358e-02 2.630899727362561169e-01 3.407949239992048018e-01
3.236018036505448614e-01 4.938019423476708997e-02 2.410779290741411895e-01 3.859400730405471158e-01
3.325102381984050282e-01 2.936193010764614683e-02 2.179456160011289390e-01 4.201822156928201046e-01
3.451633560592667349e-01 1.942902353266399637e-02 2.040504948384348205e-01 4.313571255696344586e-01
3.627199329394509286e-01 1.475707339204019967e-02 2.073148835894269293e-01 4.152081100790820378e-01
3.823194829867445077e-01 1.276101656007989048e-02 2.298843114282919931e-01 3.750351890248836417e-01
3.974196164914621243e-01 1.190211928676191896e-02 2.626596165643210745e-01 3.280186476574547538e-01
4.041054975504041469e-01 1.099746421899885744e-02 2.901659112298398124e-01 2.947311270007569317e-01
4.042161458356513526e-01 9.640704038998061665e-03 3.069601489971685582e-01 2.791830011281818957e-01
4.008183238659170922e-01 8.223224894672817933e-03 3.194501880444280406e-01 2.715082631949818359e-01
3.990652353229399152e-01 7.498064519653474362e-03 3.301568325330748177e-01 2.632798676243314207e-01
4.057001747648186218e-01 7.850115268069805460e-03 3.338158144563184715e-01 2.526338955107931272e-01
4.230438016679588520e-01 9.310223069511675345e-03 3.283691262311820291e-01 2.392768490313474383e-01
4.475294346775059440e-01 1.207049198343880698e-02 3.159074916998044769e-01 2.244925816392504270e-01
4.730695932133383574e-01 1.633256867057485476e-02 2.979185009639189752e-01 2.126793371521680798e-01
4.963540587438963203e-01 2.223221362119099515e-02 2.720605286250500354e-01 2.093531990098625728e-01
5.166067007903656361e-01 2.992559605222998992e-02 2.364842916962609232e-01 2.169834114611430276e-01
5.295216118477202860e-01 3.991264058496848954e-02 1.961631831764852341e-01 2.344025643908261014e-01
5.294574320281311142e-01 5.407185559472491021e-02 1.582663461562491825e-01 2.582043662208948209e-01
5.144377416309974249e-01 7.525820643418620892e-02 1.267911473784253396e-01 2.835129045563910544e-01
4.871112310674272083e-01 1.037977933605958442e-01 1.024429056031462004e-01 3.066480699688308720e-01
4.547140455048092056e-01 1.367425526537132396e-01 8.442900740972865414e-02 3.241143944317489423e-01
4.225299795360273891e-01 1.737275308813684971e-01 7.162086979955557819e-02 3.321216197830484385e-01
3.930893196722938798e-01 2.127326999370295069e-01 6.263656290661864801e-02 3.315414174840581318e-01
3.675446614221970498e-01 2.479630031614732388e-01 5.627474034073326470e-02 3.282175950755963356e-01
3.437061871422379400e-01 2.756164322452713256e-01 5.207219543406970547e-02 3.286051851784207445e-01
3.216861320551268055e-01 2.905163298565318630e-01 4.931850506867700712e-02 3.384790330196644770e-01
2.985765446826508795e-01 2.921528784954239288e-01 4.750670717789721303e-02 3.617638696440281243e-01
2.685875943273487998e-01 2.852801668308372340e-01 4.611480096153892233e-02 4.000174378802751063e-01
2.332995330354558916e-01 2.700686086760754612e-01 4.433312518319825618e-02 4.522987331052703563e-01
1.957828935190498165e-01 2.489302607739818374e-01 4.234318118121643132e-02 5.129436645257520189e-01
1.625852017228647250e-01 2.265600796558357721e-01 4.142895503890833137e-02 5.694257635823912755e-01
1.400954788212139535e-01 2.081419900355032382e-01 4.344956644267902041e-02 6.083129647006035867e-01
1.296272743813872974e-01 1.926605369800946377e-01 4.962595658798733128e-02 6.280862320505307128e-01
1.276091042479540749e-01 1.745843829661003765e-01 5.988223483996327895e-02 6.379242779459824986e-01
1.294575558789168301e-01 1.531059653181337799e-01 7.358385242380482971e-02 6.438526263791445325e-01
1.314713467246046152e-01 1.312797737463273773e-01 9.072494355696765489e-02 6.465239359721003387e-01
1.300397265366745325e-01 1.094423681135983095e-01 1.113987868283007193e-01 6.491191185214265635e-01
1.229020438227675788e-01 8.809500291813411599e-02 1.353224203386428071e-01 6.536805329204554704e-01
1.118625145474075600e-01 6.987948605500023114e-02 1.637312173280132122e-01 6.545267820695789274e-01
1.017073154289925563e-01 5.674768187308477929e-02 1.992219290720898539e-01 6.423230736258327411e-01
9.654496478759473643e-02 4.861239236414641868e-02 2.436472286753866845e-01 6.111954141728722645e-01
9.767202315211465091e-02 4.420492198621632507e-02 3.002165187126584200e-01 5.579065361490105346e-01
1.038920723134150875e-01 4.148171630746756017e-02 3.745605423530712907e-01 4.800656690260458048e-01
1.114114493342037993e-01 3.794740120412612439e-02 4.692299558787917380e-01 3.814111935828783939e-01
1.147408023411043976e-01 3.210519063737458934e-02 5.760672339020173061e-01 2.770867731195036376e-01
1.113298931115134505e-01 2.474953427230984146e-02 6.727067409482719862e-01 1.912138316679045102e-01
1.078999612913825318e-01 1.890852459606724711e-02 7.327572538902324961e-01 1.404342602223176140e-01
1.132421661198104029e-01 1.564617874210887452e-02 7.486292423781849559e-01 1.224824127598958395e-01
1.350243690069184432e-01 1.505761577339370834e-02 7.228305045601733925e-01 1.270875106595145410e-01
1.782073113845931145e-01 1.661630873902888994e-02 6.607148854449559350e-01 1.444614944314219496e-01
2.445970679191459274e-01 1.972548470983343308e-02 5.694072750888619083e-01 1.662701722821586792e-01
3.312443181959128791e-01 2.404639991478537547e-02 4.604574371971220104e-01 1.842518446921798392e-01
4.278759125355030557e-01 2.997834920958548921e-02 3.506637275220065297e-01 1.914820107329047727e-01
5.169290805192918725e-01 3.806780982909750699e-02 2.573878773372290096e-01 1.876152323143817913e-01
5.958684398911714419e-01 4.725027480331384089e-02 1.803906653429336870e-01 1.764906199625811689e-01
6.564881327610273543e-01 5.622727127587460322e-02 1.240088437955862710e-01 1.632757521675116397e-01
4.186331508106583277e-01 1.774822623415731049e-01 3.818483424698239093e-01 2.203624437794482818e-02
4.602504960054228378e-01 4.820002528656786023e-01 3.776647139199113684e-02 1.998277973690746473e-02
4.064634210780364576e-01 5.429172231108292390e-01 3.227193764074876708e-02 1.834741817038540793e-02
3.430207784628335199e-01 6.136181510906018044e-01 2.732636749617420313e-02 1.603470295039036153e-02
2.800425853606223758e-01 6.832018094786603823e-01 2.299758885478177250e-02 1.375801630593543982e-02
2.279813893741518827e-01 7.402908386028528298e-01 1.955668091937686967e-02 1.217109110361836583e-02
1.953590071402798722e-01 7.757164398392631943e-01 1.723557667848964539e-02 1.168897634196748234e-02
1.843906667578687764e-01 7.870194014829047235e-01 1.611306872911185198e-02 1.247686303011469496e-02
1.931836184794274436e-01 7.762427297753693445e-01 1.607608654224891923e-02 1.449756520295428751e-02
2.193838263576908254e-01 7.462722218612830583e-01 1.686835643674603272e-02 1.747559534428012179e-02
2.612642816320884798e-01 6.994650668739050836e-01 1.813255533563159008e-02 2.113809615837462103e-02
3.173040799223612596e-01 6.370348296306076463e-01 1.973619961803391165e-02 2.592489082899742184e-02
3.809466808518486292e-01 5.653148406582247931e-01 2.166853342344958813e-02 3.206994506647674326e-02
4.391755889291209525e-01 4.990829556892877328e-01 2.377077110469169932e-02 3.797068427689996584e-02
4.910652239710971423e-01 4.407992386890971503e-01 2.622391152225759733e-02 4.191162581754800942e-02
5.376529158413310139e-01 3.890319972625738698e-01 2.969387286495086056e-02 4.362121403114430779e-02
5.842972356886303453e-01 3.383191561549541704e-01 3.410307812820101425e-02 4.328053002821404677e-02
6.323358162984341613e-01 2.871742772042051306e-01 3.884877113238074248e-02 4.164113536497991014e-02
6.803242143149837995e-01 2.363483610872250673e-01 4.360502953590269376e-02 3.972239506188850883e-02
7.262162371707474584e-01 1.868638491766551890e-01 4.875819471083734508e-02 3.816171894176022955e-02
7.656221191885504984e-01 1.417189990919743847e-01 5.562380951138545110e-02 3.703507220808969352e-02
7.911519569411735731e-01 1.055288406830614673e-01 6.685194009433505224e-02 3.646726228142985193e-02
7.965680152965296523e-01 7.949707456817044215e-02 8.708063309726671308e-02 3.685427703803310917e-02
7.766649805056946576e-01 6.094923861377549851e-02 1.235502192598533916e-01 3.883556162067663964e-02
7.284502604949003590e-01 4.676973215444074627e-02 1.820891713022637359e-01 4.269083604839508245e-02
6.613061674580410498e-01 3.531601396459151804e-02 2.560852486060072319e-01 4.729256997135991569e-02
5.995982395765800943e-01 2.741626383384310195e-02 3.220072823056863154e-01 5.097821428389064102e-02
5.726427290361172373e-01 2.154359975244716022e-02 3.527241210400893223e-01 5.308955017134664445e-02
5.913551494995393787e-01 1.720010178325212871e-02 3.370017659863538406e-01 5.444298273085464851e-02
6.477359650374401312e-01 1.439478711756930589e-02 2.839329266329062573e-01 5.393632121208402630e-02
7.225311285102320458e-01 1.199700867664674556e-02 2.158825959175359743e-01 4.958926689558507128e-02
7.924048016832865304e-01 1.003905119910568182e-02 1.552453578760185637e-01 4.231078924158936799e-02
8.447160045698035580e-01 8.656950558747043487e-03 1.118213068216532685e-01 3.480573804979623931e-02
8.806391864045317597e-01 7.777014103057902118e-03 8.312808125519600966e-02 2.845571823721462779e-02
9.066532738090938848e-01 7.187299928385431323e-03 6.293092251382516322e-02 2.322850374869560308e-02
9.282909843952528162e-01 6.588038874595845452e-03 4.630402879955409362e-02 1.881694793059749890e-02
9.473089162005308150e-01 5.746137607259910879e-03 3.175332294595807625e-02 1.519162324625098794e-02
9.624191445376287790e-01 4.723641662883150925e-03 2.021718937176288783e-02 1.264002442772521780e-02
9.721753311110382656e-01 3.836178399261182259e-03 1.248723237706685779e-02 1.150125811263359374e-02
9.767267506671111210e-01 3.321236002231870051e-03 8.084593020034253064e-03 1.186742031062289204e-02
9.772164460193573099e-01 3.224659914579047423e-03 5.860581842882591104e-03 1.369831222318125541e-02
9.742052561781069375e-01 3.565806877394134700e-03 4.884153662963660984e-03 1.734478328153527676e-02
9.668793184744376434e-01 4.471245918435048927e-03 4.688188497973733680e-03 2.396124710915381248e-02
9.525547607589559540e-01 6.257877341541520991e-03 5.130507581708340648e-03 3.605685431779368649e-02
9.264981848584701307e-01 9.437475309644198160e-03 6.141999581442331331e-03 5.792234025044330076e-02
8.820655022389845001e-01 1.461857358352332097e-02 7.523853659506993773e-03 9.579207051798531436e-02
8.127763733440318550e-01 2.203203612325648278e-02 8.865736202177561948e-03 1.563258543305341419e-01
7.175217304278213026e-01 3.105104910194139700e-02 9.805498953290260264e-03 2.416217215169469967e-01
6.057963703056510330e-01 4.040996748403875849e-02 1.032378615510455740e-02 3.434698760552057917e-01
4.949145481925075751e-01 4.871324124806283851e-02 1.056213105998286134e-02 4.458100794994468985e-01
3.990312679600104273e-01 5.660640373142097892e-02 1.072332551368712986e-02 5.336390027948814119e-01
3.243066004664422186e-01 6.309957948168373743e-02 1.098615029159764889e-02 6.016076697602766865e-01
2.714868297992459323e-01 6.949297386846703395e-02 1.142945559497625906e-02 6.475907407373111546e-01
2.351932706451977939e-01 7.552632296500071118e-02 1.196953814224919858e-02 6.773108682475525999e-01
2.081849971613622396e-01 7.950295645953996126e-02 1.218693775157271390e-02 7.001251086275250834e-01
1.853938973866073314e-01 8.204479782259800624e-02 1.242876395932539409e-02 7.201325408314693810e-01
1.666202418075493352e-01 8.178088004721194293e-02 1.241262530312470073e-02 7.391862528421138112e-01
1.539087957913279625e-01 7.893959063854850966e-02 1.240000463913716773e-02 7.547516089309864729e-01
1.469401440726706143e-01 7.795326313202922963e-02 1.254927510450193698e-02 7.625573176907982642e-01
1.477421594614708178e-01 7.930480883322450769e-02 1.331736890910454295e-02 7.596356627962000951e-01
1.565202401179895952e-01 8.304468925492229647e-02 1.496228003858403842e-02 7.454727905885036865e-01
1.696227533861346948e-01 8.719864720792466772e-02 1.752174530333455021e-02 7.256568541026057195e-01
1.806136333292981955e-01 8.956101463190709044e-02 2.086151102805717736e-02 7.089638410107375055e-01
1.895144938044697747e-01 8.709463962708656470e-02 2.569436922067135781e-02 6.976964973477723930e-01
1.967345209737177969e-01 8.176043006354222209e-02 3.274800535500863030e-02 6.887570436077314895e-01
2.015358345958477848e-01 7.636561975769155797e-02 4.314607529418165027e-02 6.789524703522787918e-01
2.064054428431418287e-01 7.041387745285915267e-02 5.750761000263527462e-02 6.656730697013638620e-01
2.114886306464905108e-01 6.562961213215896816e-02 7.804258498616960249e-02 6.448391722351812794e-01
2.167266610755160805e-01 6.218608711056868715e-02 1.063974208374241087e-01 6.146898309764914359e-01
2.223143981809818648e-01 6.028027440681892751e-02 1.427557085511419188e-01 5.746496188610568101e-01
2.283297168511927988e-01 6.051898795187270891e-02 1.852645891595122718e-01 5.258867060374218250e-01
2.340290392122439667e-01 6.339983819279995658e-02 2.308003806891479881e-01 4.717707419058083107e-01
5.539231552946449755e-01 3.559145136589485503e-01 5.050589431806927487e-02 3.965643672833700506e-02
4.475930023982517547e-02 8.522715134606532184e-01 9.206626352608771047e-02 1.090292277343371877e-02
4.225703449381509186e-02 8.256292755576120079e-01 1.216873678998967312e-01 1.042632204867641188e-02
4.951934859892622581e-02 7.744030976417353163e-01 1.637184126890832425e-01 1.235914107025508704e-02
6.950927056289867012e-02 6.975779107072096474e-01 2.149485456183874987e-01 1.796427311150457576e-02
1.099427510337013802e-01 5.973775360989010963e-01 2.637288014285752435e-01 2.895091143882215154e-02
1.774055048787092081e-01 4.830214992435424293e-01 2.939073104663028069e-01 4.566568541144567367e-02
2.680108626626860890e-01 3.680819732367328068e-01 2.972596157060685695e-01 6.664754839451263180e-02
3.630279783898461843e-01 2.688350355921214629e-01 2.753993738498194954e-01 9.273761216821264919e-02
4.404116848082863522e-01 1.966492670826547606e-01 2.358037927773591058e-01 1.271352553316996981e-01
4.870488700838874752e-01 1.523400805499549870e-01 1.916807091926797380e-01 1.689303401734775778e-01
5.133859258917448098e-01 1.274067284537440115e-01 1.493904369375561314e-01 2.098169087169547142e-01
5.267173620492144881e-01 1.192840425145505756e-01 1.154364943516158204e-01 2.385621010846189494e-01
5.446416309830067748e-01 1.246334073585188829e-01 8.785025437349856803e-02 2.428747072849761213e-01
5.736844861378622706e-01 1.413372482000486430e-01 6.508331632528197019e-02 2.198949493368073660e-01
6.047669169214306972e-01 1.661503358992308110e-01 4.698555022882791588e-02 1.820971969505104093e-01
6.196644543774998404e-01 1.973894593140090303e-01 3.399766191789807546e-02 1.489484243905924987e-01
6.091284150604449055e-01 2.346500389343247062e-01 2.434540940270548542e-02 1.318761366025251180e-01
5.716202590470180755e-01 2.799256083619803825e-01 1.840827041187282145e-02 1.300458621791287517e-01
5.283936546360544773e-01 3.211348932307367954e-01 1.452203020913382832e-02 1.359494219240748036e-01
4.927438285052546108e-01 3.506520475699170247e-01 1.223735112329223280e-02 1.443667728015360918e-01
4.682391593916009342e-01 3.668794575770437105e-01 1.096729335296653396e-02 1.539140896783888768e-01
4.511615603308620215e-01 3.769841991954169802e-01 1.029154327829290110e-02 1.615626971954282620e-01
4.407906679702215946e-01 3.874962910571954078e-01 9.964314658519912368e-03 1.617487263140630349e-01
4.454893437331028938e-01 3.942683085560432787e-01 1.000619947028605176e-02 1.502361482405678295e-01
4.731177216706997091e-01 3.881334654406749518e-01 1.067345993471279821e-02 1.280753529539122859e-01
5.196252483559523627e-01 3.656796647560466851e-01 1.224242869806524241e-02 1.024526581899354027e-01
5.729110041020587518e-01 3.315279916955922168e-01 1.484499972382559430e-02 8.071600447852343707e-02
6.214997133182106337e-01 2.942301628705916161e-01 1.856210705465327626e-02 6.570801675654452945e-02
6.590133995401882272e-01 2.611182190065166608e-01 2.331801115660979765e-02 5.655037029668539411e-02
6.879800169248307951e-01 2.318537883466068594e-01 2.796869346233976650e-02 5.219750126622271086e-02
7.125224843844840672e-01 2.023787535548889627e-01 3.261426006317561660e-02 5.248450199745133271e-02
7.404597762694328233e-01 1.681225640911307440e-01 3.574075330174652371e-02 5.567690633768974939e-02
7.714461588353920263e-01 1.323491045855249015e-01 3.695329674994035640e-02 5.925143982914294477e-02
7.994739938338009111e-01 1.014934704019519740e-01 3.615846851826124558e-02 6.287406724598623708e-02
8.214184208958048572e-01 7.802933872862291564e-02 3.357605709220749801e-02 6.697618328336457649e-02
8.385247295284377067e-01 6.093182462839141778e-02 2.995255366938178593e-02 7.059089217378919368e-02
8.524086326198704322e-01 4.873987054964733917e-02 2.619940081485757841e-02 7.265209601562448716e-02
8.653001719262384261e-01 3.983507751975520761e-02 2.256272814766276461e-02 7.230202240634379940e-02
8.784129032688738903e-01 3.339504584826078620e-02 1.915549975325366722e-02 6.903655112961168405e-02
8.886410406636345849e-01 2.979438240881145117e-02 1.656365325236326680e-02 6.500092367519069714e-02
8.930789706952608764e-01 2.906103525894862191e-02 1.535869658032843962e-02 6.250129746546181919e-02
8.926365612504200131e-01 3.062495549343524984e-02 1.577476609568924729e-02 6.096371716045542039e-02
8.886016581052231800e-01 3.416563946968777937e-02 1.807389329956432186e-02 5.915880912552475696e-02
8.795144971233608278e-01 4.025062623321101068e-02 2.289580959112304942e-02 5.733906705230525785e-02
8.619397947777169833e-01 5.034435209000781564e-02 3.116176487192970357e-02 5.655408826034567793e-02
8.331567042090410879e-01 6.635399923322926607e-02 4.321209421124142663e-02 5.727720234648811526e-02
7.926460263802682649e-01 8.982557695229793915e-02 5.799545929263492938e-02 5.953293737479872089e-02
7.428680891383642182e-01 1.200168480739276233e-01 7.342582215245646582e-02 6.368924063525163715e-02
6.867312389205643131e-01 1.545806304157983646e-01 8.849204062391401171e-02 7.019609003972319961e-02
6.244201315561639376e-01 1.932213408000280352e-01 1.038002860884646716e-01 7.855824155534354980e-02
5.543224633517528366e-01 2.392156007028384268e-01 1.187048724092004681e-01 8.775706353620822686e-02
4.786682513856728716e-01 2.957639348710478511e-01 1.285617742132798280e-01 9.700603952999953261e-02
4.127359848308440604e-01 3.563783954650491803e-01 1.266960897039766942e-01 1.041895300001299124e-01
3.597345445742360370e-01 4.172858134483223291e-01 1.154693537538324516e-01 1.075102882236093071e-01
3.183333668867536215e-01 4.735765189249083185e-01 1.020870498441683594e-01 1.060030643441695619e-01
2.831149873643928339e-01 5.278454591083913128e-01 9.136466586941430212e-02 9.767488765780200921e-02
2.433219434947969106e-01 5.918345922099064182e-01 8.314715039686110254e-02 8.169631389843604041e-02
1.929446953391606434e-01 6.699811976076812670e-01 7.552094577104394302e-02 6.155316128211438947e-02
1.416176669970984070e-01 7.474695107590549892e-01 6.744020625336942520e-02 4.347261599047750474e-02
1.010801932181254748e-01 8.090339976421113688e-01 5.950511809136820734e-02 3.038069104839460216e-02
7.294752506872911879e-02 8.525792869504112970e-01 5.303106327499609862e-02 2.144212470586338848e-02
5.300752988460064735e-02 8.833236329613195492e-01 4.847041299559836508e-02 1.519842415848113651e-02
3.869938864990932204e-02 9.050604670021220599e-01 4.530466632132947036e-02 1.093547802663925005e-02
3.002241261421028165e-02 9.178192495373255211e-01 4.382896381517904782e-02 8.329374033285093931e-03
2.625829983326974371e-02 9.223529138867023747e-01 4.431561742423538452e-02 7.073168855792484090e-03
2.651701147034553341e-02 9.199510374442445571e-01 4.667710980544220734e-02 6.854841279967445467e-03
3.014523547886095375e-02 9.114059406246005635e-01 5.121021196546444304e-02 7.238611931073961683e-03
3.662814379140491572e-02 8.974555656789654501e-01 5.812978834699259606e-02 7.786502182636869870e-03
4.621153977113281325e-02 8.785761099323289303e-01 6.687822284791561378e-02 8.334127448622689546e-03
5.962077235064033864e-02 8.556338308400310844e-01 7.588132165299357745e-02 8.864075156334548511e-03
7.881673338196137912e-02 8.274695271216075954e-01 8.419140541338428207e-02 9.522334083046491912e-03
2.650001314178739298e-01 1.734152754236197302e-01 5.378141965965506366e-02 5.078031734988514012e-01
2.664946342233114884e-01 1.554371821549342947e-01 5.294451062394520818e-02 5.251236729978091544e-01
2.611291781769265463e-01 1.402946541381980272e-01 4.982512074236122163e-02 5.487510469425143089e-01
2.489253176489883701e-01 1.294344396466275138e-01 4.602460641628613319e-02 5.756156362880977539e-01
2.341772297005262349e-01 1.242114346195378749e-01 4.366726786985735548e-02 5.979440678100786943e-01
2.220788795216594169e-01 1.258348988228819298e-01 4.362114470159111912e-02 6.084650769538675341e-01
2.151813093997476112e-01 1.351085713359764795e-01 4.499362380303623815e-02 6.047164954612396226e-01
2.130877671912002613e-01 1.510530297294493118e-01 4.641335302600716611e-02 5.894458500533430456e-01
2.132416472652877981e-01 1.728937956492822559e-01 4.750745830840953643e-02 5.663570987770204512e-01
2.116922192350277898e-01 2.025607625103792164e-01 4.943865163358682896e-02 5.363083666210062272e-01
2.068430227312102465e-01 2.412448125388324260e-01 5.328217522868182454e-02 4.986299895012755723e-01
1.992135779571336807e-01 2.839584355288775064e-01 5.851887679462022124e-02 4.583091097193686680e-01
1.891076686271094265e-01 3.200275571601802760e-01 6.251538120652784525e-02 4.283493930061824106e-01
1.779808058525301773e-01 3.371361819199127363e-01 6.185850782022125210e-02 4.230245044073356331e-01
1.684664501228205769e-01 3.280033921078354675e-01 5.586076034284840480e-02 4.476693974264953635e-01
1.643025304195097902e-01 2.974952489860483440e-01 4.732094731125208176e-02 4.908812732831896453e-01
1.729587133681426137e-01 2.640535896431502327e-01 4.028116901537964062e-02 5.227065279733276171e-01
2.062810215770617683e-01 2.437819735980312208e-01 3.666143194929635113e-02 5.132755728756105418e-01
2.790190106544374604e-01 2.346007508094541116e-01 3.493979946508871115e-02 4.514404390710198833e-01
3.965779653956863493e-01 2.230778728274001588e-01 3.248460359894895372e-02 3.478595581779645451e-01
5.366780192988203080e-01 2.014503690674895597e-01 2.859234477286876075e-02 2.332792668608215103e-01
6.580005575422670505e-01 1.773489570433969820e-01 2.493393175598608569e-02 1.397165536583498680e-01
7.378157654787199649e-01 1.609675370984850473e-01 2.204580476013449225e-02 7.917089266266071068e-02
2.775280244226366322e-01 8.603511224537740976e-02 6.209552451535081952e-01 1.548161817847779412e-02
2.499248180375092110e-01 1.111561846824135613e-01 6.263287541048735418e-01 1.259024317520343259e-02
2.349293615500450405e-01 1.403092681234255901e-01 6.143980807209340478e-01 1.036328960559564777e-02
2.250643107875309190e-01 1.701713181618634274e-01 5.962684496045392857e-01 8.495921446065909932e-03
2.143256805723526559e-01 2.012746323824097239e-01 5.773598579842439404e-01 7.039829060993474212e-03
1.964870338084753199e-01 2.358564958977155124e-01 5.616486819364860938e-01 6.007788357323337602e-03
1.714166306652030458e-01 2.718513713916272390e-01 5.515310055304467607e-01 5.200992412722650962e-03
1.409986735274740555e-01 3.138343850942658109e-01 5.405923248589185048e-01 4.574616519341463163e-03
1.113394378390915457e-01 3.642138250786535192e-01 5.203705411109381673e-01 4.076195971316774747e-03
8.461684309228059697e-02 4.233070826843832180e-01 4.884574730078124483e-01 3.618601215523822683e-03
5.895909912917692702e-02 4.956477052147137408e-01 4.422209938148131680e-01 3.172201841296318128e-03
3.692445933065487823e-02 5.817081170563149772e-01 3.787220589204532417e-01 2.645364692577101880e-03
2.094929102552526082e-02 6.727836986586289703e-01 3.042052726718693645e-01 2.061737643975792081e-03
1.154427157787179387e-02 7.523694992802778536e-01 2.344885190299093591e-01 1.597710111940981023e-03
6.514651570484528316e-03 8.072079201413339122e-01 1.849389832763305153e-01 1.338445011851191425e-03
4.689497593046659460e-03 8.326340278369508408e-01 1.613956307996427253e-01 1.280843770359798130e-03
4.267333906513295742e-03 8.322710122289820323e-01 1.620478514174448215e-01 1.413802447059776595e-03
4.718293914718349816e-03 8.134288835632343950e-01 1.801069528009462128e-01 1.745869721100947770e-03
5.800978035223957469e-03 7.837768516218317494e-01 2.081338503913371385e-01 2.288319951607116921e-03
7.418455165058642983e-03 7.486238327831001849e-01 2.409073216021635488e-01 3.050390449677324069e-03
9.417086806072946098e-03 7.098517878423337146e-01 2.768013894459834257e-01 3.929735905609921427e-03
1.180992067848049727e-02 6.668913923133444888e-01 3.164701567320967190e-01 4.828530276078084153e-03
1.485053275290178221e-02 6.193047754174071384e-01 3.600791470626810153e-01 5.765544767010195859e-03
1.851631282268879908e-02 5.703602202959803247e-01 4.044064153937659833e-01 6.717051487564961419e-03
2.317884910068929161e-02 5.263339342723353242e-01 4.430042105840492073e-01 7.483006042926135248e-03
2.801026989920891649e-02 4.878907086200838239e-01 4.761849399493809365e-01 7.914081531326538216e-03
3.436577553154865350e-02 4.505950350281316963e-01 5.067418918509789538e-01 8.297297589340665164e-03
4.494186088381329353e-02 4.038090838381580006e-01 5.420820414116681585e-01 9.167013866360278554e-03
6.183480202705476936e-02 3.424241772543657469e-01 5.851041001269094988e-01 1.063692059166989820e-02
8.361309260710611535e-02 2.789206729011675101e-01 6.252161789844192796e-01 1.225005550730714869e-02
1.038705287046068348e-01 2.345272586624425615e-01 6.480923530483521100e-01 1.350985958459902797e-02
1.186173602968371432e-01 2.142242910698959613e-01 6.528774326014612495e-01 1.428091603180523146e-02
1.258349505366768151e-01 2.082935990905863954e-01 6.512004935054943600e-01 1.467095686724238096e-02
1.296046632572840640e-01 2.100335245995217093e-01 6.453082847006447187e-01 1.505352744254989314e-02
1.328348487573506875e-01 2.234334985917927896e-01 6.278919794849160407e-01 1.583967316594024274e-02
1.361032172676052698e-01 2.571004795195431791e-01 5.891895054824981548e-01 1.760679773035345175e-02
1.370862390561062294e-01 3.167928174810933362e-01 5.252919508067538379e-01 2.082899265604675615e-02
1.329429262939348932e-01 4.012736727090924216e-01 4.400363037598377658e-01 2.574709723713514836e-02
1.259243493307641293e-01 4.939439791408820057e-01 3.471623552131024582e-01 3.296931631525125417e-02
1.231283005269465936e-01 5.640197609696288028e-01 2.684730501113700707e-01 4.437888839205442193e-02
1.264504502498300098e-01 5.982742333936492685e-01 2.128889843014151184e-01 6.238633205510565188e-02
1.350563587929279608e-01 6.024828555831241994e-01 1.756850620612989133e-01 8.677572356264878772e-02
1.406171682759015384e-01 6.003880342808020076e-01 1.448530384472126176e-01 1.141417589960836559e-01
1.421935515745050838e-01 5.932981961109818903e-01 1.181269043920476075e-01 1.463813479224654601e-01
1.415642463755468761e-01 5.712703481628383928e-01 9.518345399300857934e-02 1.919819514686062212e-01
1.413894703995755286e-01 5.236522479903118477e-01 7.640252285071225113e-02 2.585557587594003448e-01
1.406151940682985324e-01 4.550766559117149779e-01 5.985909345540164211e-02 3.444490565645849101e-01
1.410110301224192231e-01 3.749566570052510484e-01 4.614977759793970069e-02 4.378825352743901389e-01
1.428926600981324235e-01 2.981213792964508280e-01 3.522811349935501407e-02 5.237578471060618801e-01
1.460242948717903333e-01 2.358872737208680403e-01 2.715181087760170850e-02 5.909366205297397201e-01
1.550422914067743907e-01 1.890566266313081223e-01 2.150624533060261148e-02 6.343948366313150178e-01
1.669630488034750393e-01 1.572920791159043430e-01 1.771028697216235279e-02 6.580345851084581366e-01
1.801923708343677599e-01 1.343467526094673237e-01 1.496177678336142909e-02 6.704990997728035307e-01
1.898587328800641627e-01 1.168182915475258488e-01 1.274303657830890522e-02 6.805799389941009636e-01
1.919359147976578694e-01 1.040731610747166469e-01 1.089806092428260639e-02 6.930928632033429571e-01
1.844490155610383209e-01 9.560049099577851150e-02 9.367532315859600223e-03 7.105829611273233315e-01
1.682252531536658768e-01 8.904847533829247930e-02 7.968841177718113608e-03 7.347574303303237020e-01
1.467956467906868512e-01 8.244290827905287333e-02 6.608770824620383184e-03 7.641526741056399175e-01
1.269774318684367964e-01 7.651748356303929299e-02 5.527064689694382270e-03 7.909780198788294303e-01
1.139022076160196711e-01 7.210275596611034898e-02 4.929519745129796668e-03 8.090655166727402925e-01
1.065775619181511397e-01 6.784275920858798270e-02 4.765211199807866532e-03 8.208144676734530076e-01
1.027305735199862402e-01 6.326640727238062867e-02 5.040042362217007042e-03 8.289629768454160885e-01
1.007783124146732212e-01 5.941805100086440528e-02 5.843231426131157216e-03 8.339604051583312527e-01
9.966234271199780892e-02 5.765207867002230396e-02 7.284133726897397236e-03 8.354014448910824786e-01
9.908984889641719862e-02 5.964003016487461062e-02 9.623312117913892377e-03 8.316468088207943365e-01
9.900876554081813885e-02 6.706061083832155767e-02 1.333733139138871572e-02 8.205932922294713050e-01
9.890992652478965141e-02 7.978053344666005686e-02 1.868435114926806154e-02 8.026251888792820255e-01
9.905742088396288225e-02 9.594848784203360847e-02 2.551757178985302951e-02 7.794765194841506428e-01
1.014535879328956613e-01 1.165782476766386577e-01 3.441309898043983656e-02 7.475550654100260317e-01
1.071354625139914613e-01 1.438812511243510173e-01 4.707806602314044964e-02 7.019052203385169886e-01
1.147842477458344002e-01 1.758840788887213735e-01 6.511210613412031500e-02 6.442195672313240085e-01
1.231284552341436606e-01 2.098767672030357467e-01 8.935889397426771685e-02 5.776358835885531118e-01
1.318165906221905326e-01 2.444902774594693018e-01 1.205906263626022185e-01 5.031025055557375447e-01
1.401292941114501700e-01 2.767426277618400543e-01 1.605185815819359929e-01 4.226094965447736995e-01
1.459901444290808425e-01 3.038274730635856513e-01 2.083974371158405781e-01 3.417849453914930669e-01
1.484064135472717705e-01 3.270083779754145992e-01 2.538991560758572241e-01 2.706860524014564340e-01
1.469904811982027937e-01 3.566942383669797212e-01 2.808143876466706046e-01 2.155008927881466307e-01
1.452153258931082880e-01 3.932332125223316210e-01 2.866815447356203528e-01 1.748699168489397937e-01
1.417468180725610649e-01 4.382063815680711238e-01 2.724017011638981689e-01 1.476450991954696146e-01
1.440721885745428477e-01 4.686979771003672579e-01 2.501242927808334793e-01 1.371055415442562764e-01
1.530622333578856298e-01 4.722477902636487146e-01 2.284468781738524523e-01 1.462430982046132866e-01
1.728051857784288770e-01 4.436657374632005379e-01 2.080195140881514471e-01 1.755095626702191935e-01
2.011776542326183248e-01 3.884090396559343183e-01 1.878488234314960037e-01 2.225644826799513809e-01
2.328018445370177714e-01 3.196533261894234923e-01 1.668162681508640888e-01 2.807285611226943978e-01
2.608255478249035808e-01 2.535321288645946969e-01 1.459367378165843943e-01 3.397055854939171615e-01
2.809628827080716817e-01 2.038330865137744918e-01 1.280806654206418371e-01 3.871233653575126277e-01
2.939327065806705552e-01 1.725954643246800091e-01 1.161492102960104272e-01 4.173226187986390223e-01
3.005304840517833420e-01 1.544790689604433609e-01 1.094464247801340412e-01 4.355440222076392143e-01
2.986185532730331604e-01 1.451711602767064291e-01 1.047116088197544287e-01 4.514986776305059402e-01
