1.864311367380075135e-01 2.379726424625121795e-01 1.083735034869601210e-01 4.672227173125199085e-01
7.103733091516869699e-03 7.139739397360089779e-01 1.253858135241571192e-01 1.535365136483166915e-01
6.311928197576969178e-03 7.247796551739896787e-01 1.087273033824469465e-01 1.601811132459866061e-01
6.010083128946987034e-03 7.138701217182427117e-01 9.429737373713678594e-02 1.858224214156734277e-01
6.245271548114894773e-03 6.840495939404552805e-01 8.178228718305181888e-02 2.279228473283781420e-01
6.049961204796135313e-03 6.413790917553158222e-01 6.961667605395106817e-02 2.829542709859371730e-01
6.050687187324686918e-03 5.816009542907325525e-01 6.051157146028228462e-02 3.518367870616607163e-01
6.012722304209922736e-03 5.057954564630325889e-01 5.228188950579745059e-02 4.359099317269594653e-01
5.989518056739660812e-03 4.136969676367953652e-01 4.361869028481996785e-02 5.366948240216449229e-01
5.965218968434988014e-03 3.098149980940902437e-01 3.445146895088435635e-02 6.497683139865899626e-01
5.890694651271064994e-03 2.117381472512126495e-01 2.581156381243527448e-02 7.565595942850809053e-01
5.782885533401611704e-03 1.344113533294766794e-01 1.830518739734299932e-02 8.415005737397787122e-01
6.136905781639964350e-03 8.275904743703511868e-02 1.221575984925075270e-02 8.988882869320738989e-01
5.359990064016679351e-03 5.380631332529250271e-02 8.786762809060606749e-03 9.320469338016301730e-01
6.308943420566135753e-03 3.874960106775286045e-02 7.098945147543060837e-03 9.478425103641381355e-01
7.612671050930110497e-03 3.273396561950143308e-02 6.660887088945309335e-03 9.529924762406232208e-01
1.085074990779984726e-02 3.298963773760898999e-02 7.540953820792816072e-03 9.486186585337984534e-01
1.748676052109046641e-02 3.777017345007330912e-02 9.598772620547070533e-03 9.351442934082894176e-01
2.906210861520460223e-02 4.598940363141264254e-02 1.252404227333179555e-02 9.124244454800506388e-01
4.696529245393545049e-02 5.785030160785042258e-02 1.611659991040095136e-02 8.790678060278130923e-01
7.325595584178828945e-02 7.569849271865539131e-02 2.101561634613630797e-02 8.300299350934199349e-01
1.124391250261344982e-01 1.057213598321035397e-01 2.900716012655020146e-02 7.528323550152118404e-01
1.678817927496490670e-01 1.563798715714916632e-01 4.181298776740726558e-02 6.339253479114520529e-01
2.299253389192401076e-01 2.310631132937654431e-01 5.822923766313868599e-02 4.807823101238558605e-01
2.740644499580351390e-01 3.202795007254788384e-01 7.293149956600984696e-02 3.327245497504764393e-01
2.893766365453615541e-01 4.062546896624129600e-01 8.181456697546329870e-02 2.225541068167622150e-01
2.843154213392744545e-01 4.789472406953729222e-01 8.613347609298524499e-02 1.506038618723675726e-01
2.671719654256894949e-01 5.400213747651182450e-01 8.865783692255570225e-02 1.041488228866366966e-01
2.406486209014134237e-01 5.955173493678731500e-01 9.115050858976744830e-02 7.268352114094564498e-02
2.064906019669543180e-01 6.475038911501672656e-01 9.542852324895569061e-02 5.057698363392308660e-02
1.688861070425374533e-01 6.919703249989999083e-01 1.035717474205973404e-01 3.557182053786555470e-02
1.354747721269330130e-01 7.219098751588247653e-01 1.163942230573416781e-01 2.622112965690059222e-02
1.125443162430748989e-01 7.336560014714056388e-01 1.333336972747916627e-01 2.046598501072785167e-02
1.014823425755163044e-01 7.259906999344245548e-01 1.559097852723008715e-01 1.661717221775813741e-02
9.992696808940179642e-02 6.980437364377188869e-01 1.881271934496031306e-01 1.390210202327648789e-02
1.059737771922524968e-01 6.513459021759858691e-01 2.306442047818106078e-01 1.203611584995109389e-02
1.139013294054193048e-01 5.978060825612765417e-01 2.775513524723791647e-01 1.074123556092504428e-02
1.206977800014792518e-01 5.522295168639497209e-01 3.174002540119909566e-01 9.672449122579996131e-03
1.258299452180138556e-01 5.271700635564935400e-01 3.383261099730370813e-01 8.673881252455687904e-03
1.314980551722380042e-01 5.242290874714625737e-01 3.362841406575873826e-01 7.988716698711874689e-03
1.386853509672364149e-01 5.359350997849119391e-01 3.174934827119243463e-01 7.886066535927155688e-03
1.461139461311155852e-01 5.565727311328089177e-01 2.886653503966338796e-01 8.647972339441771863e-03
1.524523605736590459e-01 5.835034378364312158e-01 2.532361230664299523e-01 1.080807852347993175e-02
1.567252064525408717e-01 6.133298577333693435e-01 2.148639671813915297e-01 1.508096863269819086e-02
1.601663013867929974e-01 6.417688041016342826e-01 1.757850067354528867e-01 2.227988777611979512e-02
1.642992701427449243e-01 6.624842925350423739e-01 1.404731970114408701e-01 3.274324031077199132e-02
1.680783823251683629e-01 6.722459715134145863e-01 1.156724152554027413e-01 4.400323090601411524e-02
1.697292049915582746e-01 6.753398369197125550e-01 1.025467494080123665e-01 5.238420868071709535e-02
1.723517470763968051e-01 6.744550244454476928e-01 9.603354177905709665e-02 5.715968669909833599e-02
1.805655169212095068e-01 6.685864507094940734e-01 9.052379181879170733e-02 6.032424055050490674e-02
1.960638854112356499e-01 6.548888769973583157e-01 8.425286563346316704e-02 6.479437195794283955e-02
2.158044118843330528e-01 6.328036143226206667e-01 7.803548397741721931e-02 7.335648981562904736e-02
2.318824264402380153e-01 6.066503962499558700e-01 7.305870387099935859e-02 8.840847343880670062e-02
2.367590780816115348e-01 5.828947695449676614e-01 7.027344503730785508e-02 1.100727073361129904e-01
2.306390397065520015e-01 5.645156368839461258e-01 6.957801922365816627e-02 1.352673041858438452e-01
2.184524775216089010e-01 5.499497308462695244e-01 6.967339039033913772e-02 1.619244012417825063e-01
2.020036853843502345e-01 5.394470969058489107e-01 6.920544872995344765e-02 1.893437689798469215e-01
1.802229057630425069e-01 5.348493909066655005e-01 6.737172141065064790e-02 2.175559819196412892e-01
1.552424132177205318e-01 5.318366395719821282e-01 6.424988292559799530e-02 2.486710642846996500e-01
1.287366050973590970e-01 5.241880069854737423e-01 5.975276123203631523e-02 2.873226266851309219e-01
1.075782013014976168e-01 4.972523240703058400e-01 5.482868514523746295e-02 3.403407894829589830e-01
9.179417667708875128e-02 4.461710026052111977e-01 4.894715210456026394e-02 4.130876686131398356e-01
7.884982970905822508e-02 3.774795292677408654e-01 4.158357272427748441e-02 5.020870682989233558e-01
6.631737200652410014e-02 3.055427754376167648e-01 3.360363346036817495e-02 5.945362190954910364e-01
5.453099738567453864e-02 2.391343646391654032e-01 2.627894966913067384e-02 6.800556883060294711e-01
4.443922917116026328e-02 1.796038757860588253e-01 2.002006717653565665e-02 7.559368278662450535e-01
3.680585475665262146e-02 1.282880210338680493e-01 1.484565466725932224e-02 8.200604695422198942e-01
3.214475809439112930e-02 8.837894215779436291e-02 1.083260036499685344e-02 8.686436993828173803e-01
3.090700209273909704e-02 6.130678112804392038e-02 8.090721586159518863e-03 8.996954951930575817e-01
3.360503696605748186e-02 4.524747545248221370e-02 6.596017754750050678e-03 9.145514698267100950e-01
4.074613809719153379e-02 3.637359662903901641e-02 6.110610715813491640e-03 9.167696545579560041e-01
5.370407744855219129e-02 3.167515369536301473e-02 6.445127103610411197e-03 9.081756417524742275e-01
1.205902725114949003e-01 3.433054961375105879e-02 2.910694913333081724e-01 5.540096865414456673e-01
2.410813708089758756e-01 6.478375760021819474e-01 1.086432782177498974e-01 2.437774971092370770e-03
2.393914068167420639e-01 6.035402450365462412e-01 1.531795032956360936e-01 3.888844851075992474e-03
2.357513078128363471e-01 5.520226068839129141e-01 2.061733787182823963e-01 6.052706584968230684e-03
2.303528019460335252e-01 4.988824933559861674e-01 2.617867369495787688e-01 8.977967748401488243e-03
2.226667158537265212e-01 4.582578738147618513e-01 3.064083417207427162e-01 1.266706861076893377e-02
2.113177689691831951e-01 4.437421528077324928e-01 3.277391012173915819e-01 1.720097700569262616e-02
1.969801277984730148e-01 4.615012653601417991e-01 3.185799882532224236e-01 2.293861858816271387e-02
1.825235659613516359e-01 5.089441564703724996e-01 2.782441502429937596e-01 3.028812732528190360e-02
1.695748543574549516e-01 5.714740929521403556e-01 2.198235208742981561e-01 3.912753181610627989e-02
1.612338137177236064e-01 6.197120573770694696e-01 1.706683929249766252e-01 4.838573598022988947e-02
1.587230710554222435e-01 6.402850952628661441e-01 1.443316415163240773e-01 5.666019216538793757e-02
1.669983749503176906e-01 6.310270456518127791e-01 1.378539580060796077e-01 6.412062139179001974e-02
1.924319741012735230e-01 5.874323988749291514e-01 1.470975935015826352e-01 7.303803352221428791e-02
2.404603717006242591e-01 5.043315392787068863e-01 1.686316928242306279e-01 8.657639619643849038e-02
3.082375974446905365e-01 3.876926436402347020e-01 1.979797457021699458e-01 1.060900132129049822e-01
3.764260853329606249e-01 2.686482538471096637e-01 2.262270880188683164e-01 1.286985728010614505e-01
4.292906542194818154e-01 1.765842893130985802e-01 2.462438047895911808e-01 1.478812516778281461e-01
4.623607342805335363e-01 1.221854681744745791e-01 2.575780833886928689e-01 1.578757141562986688e-01
4.814654219637741761e-01 9.385700847557942872e-02 2.694214602938137526e-01 1.552561092668327258e-01
4.949706519127350934e-01 7.835821572873616359e-02 2.862893279257883727e-01 1.403818044327402037e-01
5.081335331310992132e-01 6.775739366017941023e-02 3.025739992307011073e-01 1.215350739780200889e-01
5.225091071414333932e-01 5.643219170412654140e-02 3.132145628534797610e-01 1.078441383009603183e-01
5.423658639564157280e-01 4.289628765509155561e-02 3.135347649009626592e-01 1.012030834875302099e-01
5.647687689353777518e-01 3.011853459333863059e-02 3.062456866918091269e-01 9.886700977947418534e-02
5.851805214337699734e-01 2.295752158668120518e-02 2.921798382824279394e-01 9.968211869712086115e-02
6.088860809000157248e-01 2.094533786775034170e-02 2.657894951977232134e-01 1.043790860345106264e-01
6.332404011400040167e-01 2.264314502886207933e-02 2.320149955547871345e-01 1.121014582763466966e-01
6.520480626243452260e-01 2.747984381061326781e-02 1.984863620811983531e-01 1.219857314838433265e-01
6.608160027692543403e-01 3.527089415219320651e-02 1.690505178144955933e-01 1.348625852640569223e-01
6.593735838100085456e-01 4.607914177445211756e-02 1.409085879021498011e-01 1.536386865133893276e-01
6.421794719614799529e-01 6.019354186054910738e-02 1.157570993007551730e-01 1.818698868772158916e-01
6.083841577741552209e-01 7.850266314284355673e-02 9.255639659761454030e-02 2.205567824853865155e-01
5.572168359259013215e-01 1.040256802955310950e-01 7.236601348701540704e-02 2.663914702915520238e-01
4.919473857291957741e-01 1.397019949246562920e-01 5.633215542030411277e-02 3.120184639258440362e-01
4.216477455430270305e-01 1.818432692743035539e-01 4.487599571002909293e-02 3.516329894726404892e-01
3.585334875844863878e-01 2.222939398133665090e-01 3.742834784151000127e-02 3.817442247606371297e-01
3.080350757776971760e-01 2.604569932431883283e-01 3.296107937184394182e-02 3.985468516072704914e-01
2.704667509369247935e-01 2.961261168195103433e-01 3.043145769324749617e-02 4.029756745503175752e-01
2.438237267873322178e-01 3.241602880260963104e-01 2.906909744389391329e-02 4.029468877426776730e-01
2.244312356897801286e-01 3.389707439504002218e-01 2.839955378458918281e-02 4.081984665752302899e-01
2.076009246529086361e-01 3.377881029291225357e-01 2.803372984515822147e-02 4.265772425728106554e-01
1.895271199574440069e-01 3.210456594284520904e-01 2.758088584480711952e-02 4.618463347692968179e-01
1.667401549119299498e-01 2.929442530567196168e-01 2.669101570405491702e-02 5.136245763272955234e-01
1.413856884842157324e-01 2.564116672015727127e-01 2.498168621541735357e-02 5.772209580987943678e-01
1.151367594107064740e-01 2.184582225472807004e-01 2.295390073526049068e-02 6.434511173067521961e-01
9.413429574899058461e-02 1.862076706805093351e-01 2.168461328088562221e-02 6.979734202896145101e-01
8.052520978505503524e-02 1.669079549732578327e-01 2.263266079661618510e-02 7.299341744450709157e-01
7.555405894517480681e-02 1.577743046707626995e-01 2.670978776939641336e-02 7.399618486146660734e-01
7.638042482044543613e-02 1.515068210949272742e-01 3.427166978418856591e-02 7.378410843004388209e-01
8.009952563748103105e-02 1.443801249954801968e-01 4.539192640916923233e-02 7.301284229578692830e-01
8.428312812338319138e-02 1.368434538748075358e-01 6.026558400196237175e-02 7.186078339998471787e-01
8.599390605483578365e-02 1.277519794140663523e-01 7.873706661265504614e-02 7.075170479184427208e-01
8.311506217476515024e-02 1.163326845699647893e-01 9.998091059053185181e-02 7.005713426647384168e-01
7.676588030679504238e-02 1.044098228246300442e-01 1.236107493911846184e-01 6.952135474773902812e-01
7.039433969015732040e-02 9.444628711472811966e-02 1.504945264413138084e-01 6.846648467538009042e-01
6.706263870014589346e-02 8.744825737980607694e-02 1.829349973351881153e-01 6.625541065848600253e-01
6.808049493455299583e-02 8.275775617702894882e-02 2.256042372095421467e-01 6.235575116788756311e-01
7.326518611761413668e-02 7.835218336656116223e-02 2.849579144230821037e-01 5.634247160927425835e-01
8.097667183003187663e-02 7.157772064159018122e-02 3.655844529149127053e-01 4.818611546134651258e-01
8.869583979227332882e-02 6.105297687890558211e-02 4.639405320589858328e-01 3.863106512698352146e-01
9.477887599219027293e-02 4.827016189795490381e-02 5.604332881755484941e-01 2.965176739343062806e-01
1.015663061810632151e-01 3.709576826713267134e-02 6.263060193947125320e-01 2.350319061570916579e-01
1.152533297438586291e-01 3.010540641092295314e-02 6.484318340533185010e-01 2.062094297919000452e-01
1.488606052838692406e-01 2.780684390924442750e-02 6.252033968461850888e-01 1.981291539607014374e-01
2.076484512540988370e-01 2.861702748405525049e-02 5.683494053888950015e-01 1.953851158729508208e-01
3.016744630481328349e-01 3.091493462586484761e-02 4.806996464737924857e-01 1.867109558522100365e-01
4.279837589149303456e-01 3.324479431360587850e-02 3.734423501622216035e-01 1.653290966092421377e-01
5.580836163562113983e-01 3.631196984872385458e-02 2.717069857368785146e-01 1.338974280581863019e-01
6.669186382065622754e-01 4.005677000735285986e-02 1.898591895046982669e-01 1.031654022813864591e-01
7.461859534999818466e-01 4.385914829882014282e-02 1.301361099490050133e-01 7.981878825219300422e-02
8.026715177479006869e-01 4.658892723299386945e-02 8.693666386170965932e-02 6.380289115739556927e-02
3.269921804134687804e-01 3.114527372316889253e-01 3.466517185604607865e-01 1.490336379438134996e-02
2.070128507852228295e-01 7.663416038514367923e-01 1.865481805318918926e-02 7.990727310150807366e-03
1.878850350710002670e-01 7.869726710206152998e-01 1.699310112537693804e-02 8.149192783007594074e-03
1.721475251815023089e-01 8.035066394613636920e-01 1.618632780844127955e-02 8.159507548692844503e-03
1.590564702502317851e-01 8.164897102160896258e-01 1.621301121627130928e-02 8.240808317407323155e-03
1.503811240785137282e-01 8.237724456171185983e-01 1.711927096233350001e-02 8.727159342034145756e-03
1.507162732868402577e-01 8.200871670479247255e-01 1.911969763935699590e-02 1.007686202587811282e-02
1.645204520985631691e-01 8.002413635067745501e-01 2.246822899483715344e-02 1.276995539982486889e-02
1.939239358361915244e-01 7.617281972220176778e-01 2.726125932496569274e-02 1.708660761682526119e-02
2.387324004180263470e-01 7.051171514609361202e-01 3.332644027670340903e-02 2.282400784433413418e-02
2.969611687445201098e-01 6.334469536120959088e-01 4.007346084434171979e-02 2.951841679904250795e-02
3.625883026724315283e-01 5.532624207754348600e-01 4.686131845853835909e-02 3.728795809359517627e-02
4.289356436917090565e-01 4.727961481667128929e-01 5.282242444188038621e-02 4.544578369969763665e-02
4.824599806287421799e-01 4.080491838668843241e-01 5.807743773513267954e-02 5.141339776924111482e-02
5.213351195069534372e-01 3.614065631253207678e-01 6.367698273661560882e-02 5.358133463110991562e-02
5.507319420647434072e-01 3.258510881446358698e-01 7.094779492008476685e-02 5.246917487053611578e-02
5.757806708001921292e-01 2.949061857817337207e-01 8.011778682839321153e-02 4.919535658968098024e-02
5.989616304021004867e-01 2.658902768146383933e-01 8.995033512516707741e-02 4.519775765809415369e-02
6.221261729083196190e-01 2.369930164895412694e-01 9.903519926194426226e-02 4.184561134019497419e-02
6.466884836181728824e-01 2.060628910798762425e-01 1.074898023924558410e-01 3.975882290949492304e-02
6.704801955167573047e-01 1.730193847167892651e-01 1.179293715170014883e-01 3.857104824945198351e-02
6.870224734787441223e-01 1.400562056184583848e-01 1.354067428759228864e-01 3.751457802687459264e-02
6.827000705838675021e-01 1.125733288841900548e-01 1.681620787541087125e-01 3.656452177783367508e-02
6.476492426856721440e-01 9.031908492190422744e-02 2.260646654706577330e-01 3.596700692176595798e-02
5.839676934726079072e-01 6.825608740938333974e-02 3.123771261554954548e-01 3.539909296251318727e-02
5.064909217009094800e-01 4.994507804626684144e-02 4.088248993774908358e-01 3.473910087533280122e-02
4.477707076705934042e-01 3.507624921341086915e-02 4.833523909736683333e-01 3.380065214232769871e-02
4.276435996502495618e-01 2.535676700752791113e-02 5.133879821627365114e-01 3.361165117948602260e-02
4.529925073152162307e-01 1.960375381039154014e-02 4.923984323045319522e-01 3.500530656986038103e-02
5.184137665058847766e-01 1.599470317944022210e-02 4.286512798350786690e-01 3.694025047959615532e-02
6.077549793231470376e-01 1.305034858046401521e-02 3.420146330454440498e-01 3.718003905094498934e-02
6.979423106862773230e-01 1.129851677646743872e-02 2.559748086810680334e-01 3.478436385618730031e-02
7.708747514901459486e-01 1.017687404961008062e-02 1.882854888604546251e-01 3.066288559978956260e-02
8.228237770657901295e-01 9.530871880433037027e-03 1.415006689299636022e-01 2.614468212381325374e-02
8.599983900286387595e-01 9.190876252549093350e-03 1.088559999879258333e-01 2.195473373088623406e-02
8.900969463126531256e-01 8.893833223454673462e-03 8.266849563503220200e-02 1.834072482885986191e-02
9.165194676995487288e-01 8.355030029212543244e-03 5.970105543049106928e-02 1.542444684074784945e-02
9.387765625031551098e-01 7.444145733944739288e-03 4.049614005057734084e-02 1.328315171232287775e-02
9.554858478422797452e-01 6.317370033160764169e-03 2.627339437469164776e-02 1.192338774986789231e-02
9.661134336032158876e-01 5.302357792102449334e-03 1.718467054424196658e-02 1.139953806043960370e-02
9.714357315437714968e-01 4.630031229113201231e-03 1.208008696268806498e-02 1.185415026442714938e-02
9.727355498882692686e-01 4.344467229168402431e-03 9.449919223054815270e-03 1.347006365950741656e-02
9.704063578874249085e-01 4.472232500554854974e-03 8.337994669468351897e-03 1.678341494255179353e-02
9.633513696078094268e-01 5.135048725580672498e-03 8.334669016345394935e-03 2.317891265026451181e-02
9.491995468630390898e-01 6.488360758269849128e-03 9.192255394047596506e-03 3.511983698464357651e-02
9.243236600275883674e-01 8.650917774404543251e-03 1.058256442212067786e-02 5.644285777588649300e-02
8.841791419090712090e-01 1.155952278791932269e-02 1.202807673828220660e-02 9.223325856472720796e-02
8.246991456503511841e-01 1.493083252119768549e-02 1.316103845613599346e-02 1.472089833723153329e-01
7.455896928737743012e-01 1.839184083217694152e-02 1.396593640355658569e-02 2.220525298904918177e-01
6.539673455462836626e-01 2.148642858854647036e-02 1.458923778567948297e-02 3.099569880794902921e-01
5.630322672863758982e-01 2.303449416438362041e-02 1.543555060433875366e-02 3.984976879449018128e-01
4.832136254310662182e-01 2.469767391469899001e-02 1.620157535843261623e-02 4.758871252958020159e-01
4.211760532225139464e-01 2.632941693672561506e-02 1.718706765633759223e-02 5.353074621844229330e-01
3.744036897886225401e-01 2.799918414142784154e-02 1.830374608717567214e-02 5.792933799827740815e-01
3.352979380281176924e-01 2.938347477811614761e-02 1.929750911709614963e-02 6.160210780766701699e-01
2.984730679033067990e-01 3.012046488714567941e-02 1.991173747174813241e-02 6.514947297377995383e-01
2.634692529821529572e-01 3.024772301351216081e-02 2.010238689340166501e-02 6.861806371109331337e-01
2.332248530977539258e-01 3.035363034991431577e-02 2.016897392991972432e-02 7.162525426224120029e-01
2.113157230133467512e-01 3.124161515450455881e-02 2.065286228505469959e-02 7.367897995470941153e-01
2.003575486338949885e-01 3.369574150002710433e-02 2.216034734797706768e-02 7.437863625181009297e-01
2.006843984552781901e-01 3.809832819772684953e-02 2.519954804317491026e-02 7.360177253038199252e-01
2.085101872626964892e-01 4.364656912930162808e-02 3.001034945474881019e-02 7.178328941532532426e-01
2.182146710114787058e-01 4.866966649760084973e-02 3.684182347896863136e-02 6.962738390119517229e-01
2.285471430824405625e-01 5.274710144683063262e-02 4.670937930857652770e-02 6.719963761621523535e-01
2.401545761696256276e-01 5.645565462038057425e-02 6.109115349364286490e-02 6.422986157163508292e-01
2.521579946235699698e-01 6.040612174713225896e-02 8.123659173980868342e-02 6.061992918894890670e-01
2.638367497112998339e-01 6.530818086161954694e-02 1.084618953377100570e-01 5.623931740893708398e-01
2.744548618219347369e-01 7.141483979601513654e-02 1.441882281554046075e-01 5.099420702266456162e-01
2.823091694416522413e-01 7.839370285508003022e-02 1.885277174812480527e-01 4.507694102220202725e-01
2.863247657441927996e-01 8.628684241476683447e-02 2.389122796204025678e-01 3.884761122206377149e-01
2.869587583997196267e-01 9.602008977295309333e-02 2.895781475681077355e-01 3.274430042592194612e-01
2.841138772808567414e-01 1.082443929702573554e-01 3.356010906980353425e-01 2.720406390508506855e-01
6.378468377551914648e-01 2.708550931874723067e-01 6.164330736263462507e-02 2.965476169470164514e-02
4.734503692272647168e-02 7.834688360893888870e-01 1.483771869190740333e-01 2.080894006881080921e-02
4.126592527727833415e-02 7.492661643180600350e-01 1.856883653957601965e-01 2.377954500890158696e-02
4.326965221958745111e-02 6.908516866847709270e-01 2.335903177384766882e-01 3.228834335716504467e-02
5.445244280850769503e-02 6.106735532345226591e-01 2.834087776427426930e-01 5.146522631422721650e-02
7.664866622233462712e-02 5.145477824623861940e-01 3.210327431620284555e-01 8.777080815325100094e-02
1.098261970813479010e-01 4.148068344585597589e-01 3.326676456132366400e-01 1.426993228468559638e-01
1.505268098441101265e-01 3.244208816285107932e-01 3.124420977532703092e-01 2.126102107741082159e-01
1.911399861353993423e-01 2.462043631224139495e-01 2.644774549336662561e-01 2.981781958085206186e-01
2.184878467057345675e-01 1.842141820947344744e-01 2.001146119089515785e-01 3.971833592905798516e-01
2.247971721841193482e-01 1.386024392805601246e-01 1.433142179443255282e-01 4.932861705909949990e-01
2.186114422153895287e-01 1.108554208988949269e-01 1.044529566057788156e-01 5.660801802799368954e-01
2.165704876052916561e-01 9.983758545629793646e-02 8.125138145634580589e-02 6.023405454820649485e-01
2.330889411500051411e-01 1.053788523424322443e-01 6.847403466956207552e-02 5.930581718380006917e-01
2.752823533967786451e-01 1.280683678313609408e-01 6.080781233933239827e-02 5.358414664325282795e-01
3.372978934924970029e-01 1.654513198947260011e-01 5.389568933698936359e-02 4.433550972757878683e-01
3.986546406552459176e-01 2.078716490113231286e-01 4.593345217726101798e-02 3.475402581561700122e-01
4.389113027372154030e-01 2.440623498493271482e-01 3.781676168449491643e-02 2.792095857289625949e-01
4.530903727113969048e-01 2.701740991561945027e-01 3.156381482472390976e-02 2.451717133076846133e-01
4.549123321658602448e-01 2.842302989203316366e-01 2.801185818765511773e-02 2.328455107261531987e-01
4.568379694307989070e-01 2.867097636631790181e-01 2.719199211500765087e-02 2.292602747910143512e-01
4.608605682933183956e-01 2.799779683447984335e-01 2.859869978176806174e-02 2.305627635801152375e-01
4.600021465264206300e-01 2.732198987311307836e-01 3.192926056422450837e-02 2.348486941782237380e-01
4.520485291227202551e-01 2.744943521952825094e-01 3.683681635355365996e-02 2.366203023284436380e-01
4.443193159601757092e-01 2.838302309039459903e-01 4.327760918398478041e-02 2.285728439518935340e-01
4.410066623617270865e-01 2.989089324669437775e-01 5.283433610162563410e-02 2.072500690697031134e-01
4.441405527654526120e-01 3.109163111500927723e-01 6.590106215929759925e-02 1.790420739251570581e-01
4.479683558011363087e-01 3.153642675800873429e-01 8.283318037042942950e-02 1.538341962483468217e-01
4.472522569087574174e-01 3.129224947125776590e-01 1.028424600464656197e-01 1.369827883321993733e-01
4.397414415184162650e-01 3.076931486137124416e-01 1.242134658357187671e-01 1.283519440321525817e-01
4.306801903671713116e-01 2.985505378007821120e-01 1.431970959277828748e-01 1.275721759042639236e-01
4.309797230453721317e-01 2.788478121524066156e-01 1.541417056771710314e-01 1.360307591250504711e-01
4.421658336209444151e-01 2.502953570885619317e-01 1.560749357431423234e-01 1.514638735473513853e-01
4.664146753890913710e-01 2.165243416097518969e-01 1.492797083644276102e-01 1.677812746367293162e-01
4.997538479855174742e-01 1.835652573410444521e-01 1.345014806627040094e-01 1.821794140107337034e-01
5.329910003346354230e-01 1.550633792951955914e-01 1.166823343315597367e-01 1.952632860386095681e-01
5.628877204408551105e-01 1.328883584782383775e-01 1.002072836923258020e-01 2.040166373885811124e-01
5.935636669697694767e-01 1.163916084135207946e-01 8.775391306951904613e-02 2.022908115471905299e-01
6.299730920215759200e-01 1.031860634849604136e-01 7.923609636223256925e-02 1.876047481312312359e-01
6.695111442252607015e-01 9.243393461435302216e-02 7.372053588658242229e-02 1.643343852738038402e-01
7.044590759964357574e-01 8.526963035421156190e-02 7.050157506119406059e-02 1.397697185881584259e-01
7.302818416098538767e-01 8.214575729025305750e-02 7.003112703440789177e-02 1.175412740654850352e-01
7.466225742579831737e-01 8.253433251835655404e-02 7.394469907197119551e-02 9.689839415168917391e-02
7.514520243081184159e-01 8.629522204959674814e-02 8.474814110087004748e-02 7.750461254141495504e-02
7.461186676483739788e-01 9.181838005672619818e-02 1.014450526489303894e-01 6.061789964596928093e-02
7.277485585980795202e-01 9.891962189105342473e-02 1.254632222102976813e-01 4.786859730056908235e-02
6.938867430389034086e-01 1.110714755367965267e-01 1.557278804061015265e-01 3.931390101819851046e-02
6.523096538224490981e-01 1.271924660772994764e-01 1.864685897770392842e-01 3.402929032321213437e-02
6.117951921653813629e-01 1.454401071949794622e-01 2.112930968375282548e-01 3.147160380211081604e-02
5.758794013204040496e-01 1.644376594301586170e-01 2.285123979114985771e-01 3.117054133793895065e-02
5.401739966043339614e-01 1.860246254289758816e-01 2.413162546108064965e-01 3.248512335588363276e-02
4.965360832615425823e-01 2.167248039886193189e-01 2.514820265430227630e-01 3.525708620681542588e-02
4.431665268773479216e-01 2.632217269564454121e-01 2.537384213525094578e-01 3.987332481369774972e-02
3.888742356867786465e-01 3.225232288640199063e-01 2.433504041456730771e-01 4.525213130352817581e-02
3.418394463375155623e-01 3.839564866682727007e-01 2.249319188421433080e-01 4.927214815206841514e-02
3.088261428480852944e-01 4.319345442264125312e-01 2.083382013053476922e-01 5.090111162015402424e-02
2.799613402450270017e-01 4.687208822335235392e-01 2.015467512761065783e-01 4.977102624534284619e-02
2.457651635043077432e-01 5.037366946401300449e-01 2.046229964045261085e-01 4.587514545103624219e-02
2.010510143974068853e-01 5.452565161440147135e-01 2.135170230807834912e-01 4.017544637779502104e-02
1.536624720146602119e-01 5.899955836785092389e-01 2.220165862453085392e-01 3.432535806152230140e-02
1.162866786989370099e-01 6.311196795842760610e-01 2.233253706863500276e-01 2.926827103043710618e-02
8.648767918624881978e-02 6.748058089694802808e-01 2.140098237685792437e-01 2.469668807569183264e-02
6.329627314796761051e-02 7.183621358931889800e-01 1.977749236353802675e-01 2.056666732346302054e-02
4.596491668948494980e-02 7.563401482728919767e-01 1.803355711241566295e-01 1.735936391346638505e-02
3.503125606961904337e-02 7.806586486665620939e-01 1.690742881713326595e-01 1.523580709248641661e-02
2.961572723934409804e-02 7.912078355721414713e-01 1.650615416636534438e-01 1.411489552486099031e-02
2.849616150242813631e-02 7.927150091272795462e-01 1.649175150572735615e-01 1.387131431301897797e-02
3.032011390983605642e-02 7.887989809113368223e-01 1.668772708815635664e-01 1.400363429726358966e-02
3.328666094831502636e-02 7.858239437885661260e-01 1.668938121710223654e-01 1.399558309209662441e-02
3.613072622221184804e-02 7.899420350774161159e-01 1.601511892159563077e-01 1.377604948441529288e-02
3.777872414860881933e-02 8.020850711673651601e-01 1.468160058015301750e-01 1.332019888249597744e-02
4.081802227258340965e-02 8.148040436506042150e-01 1.315199534642363388e-01 1.285798061257598275e-02
1.789418767521132325e-01 6.209795773878381414e-02 3.166315420757209731e-02 7.272970113015311266e-01
1.890630599808830747e-01 5.753927771435120297e-02 3.203535478836457007e-02 7.213623075164010690e-01
1.930115870441879711e-01 5.326130230960863382e-02 3.085513930305415833e-02 7.228719713431490668e-01
1.902411362643421089e-01 5.061337273531160003e-02 2.900791961626944179e-02 7.301375713840770887e-01
1.846280595595029550e-01 5.119083277368886159e-02 2.791754576707957541e-02 7.362635618997286358e-01
1.828092037285345417e-01 5.629495678369340200e-02 2.827401830017142390e-02 7.326218211876008857e-01
1.904620450640383267e-01 6.700875972435064998e-02 2.961782265014902341e-02 7.129113725614619756e-01
2.101867634751004854e-01 8.369558802842819167e-02 3.103738616517007567e-02 6.750802623313009176e-01
2.409601860959714459e-01 1.063807068372128184e-01 3.162622808059056129e-02 6.210328789862251675e-01
2.737820341723889994e-01 1.368038721257957002e-01 3.260301788106039628e-02 5.568110758207548416e-01
3.043620936292540935e-01 1.746577734248641045e-01 3.367822184468965974e-02 4.873019111011921423e-01
3.303456691120443267e-01 2.152243854163120862e-01 3.493181218302912616e-02 4.194981332886141834e-01
3.490001262996985099e-01 2.501161430674534447e-01 3.501329519005017682e-02 3.658704354427979588e-01
3.602975655717975401e-01 2.708808884789152271e-01 3.294329758632361799e-02 3.358782483629638715e-01
3.692908982167074639e-01 2.725887443935028909e-01 2.907520072653110854e-02 3.290451566632586755e-01
3.863796966786883225e-01 2.571672101717920600e-01 2.448708648423485526e-02 3.319660066652850294e-01
4.293154962645919226e-01 2.325449577938098755e-01 2.010067074940737747e-02 3.180388751921908175e-01
5.135672823489944028e-01 2.053172778518961572e-01 1.594634239097390827e-02 2.651690974081355456e-01
6.311643275675579146e-01 1.763583381135528094e-01 1.171546147549261223e-02 1.807618728433965094e-01
7.472977988281424011e-01 1.440146966993973432e-01 7.855266840758009725e-03 1.008322376317021263e-01
8.284025818391530516e-01 1.161078799905608111e-01 5.441928377106276284e-03 5.004760979317988273e-02
8.753899606025034030e-01 9.619625933514812377e-02 4.176455955381627901e-03 2.423732410696659290e-02
8.983947679359144400e-01 8.606040659326180675e-02 3.538536018049109194e-03 1.200628945277474810e-02
1.935046539823613299e-01 3.032448690715571771e-01 4.940485643432074858e-01 9.201912602874173785e-03
1.500783486765645547e-01 3.407546637188124117e-01 5.019860492973522437e-01 7.180938307271362425e-03
1.219820806186455581e-01 3.632683546309278810e-01 5.090839042285042471e-01 5.665660521922214962e-03
1.032414552692282744e-01 3.673781807677850009e-01 5.249005842544445244e-01 4.479779708541908878e-03
9.018489456372441593e-02 3.560142056596464766e-01 5.501899378952056496e-01 3.610961881423609219e-03
7.911175738462256080e-02 3.360798536127769798e-01 5.817978784421755645e-01 3.010510560424593980e-03
6.839298265815497990e-02 3.159212613935756253e-01 6.131219174563666829e-01 2.563838491902823303e-03
5.712802339178683214e-02 3.058648190098918196e-01 6.347858909599277677e-01 2.221266638393474754e-03
4.637150436427766448e-02 3.092362826225645844e-01 6.424335146263927543e-01 1.958698386765335506e-03
3.598043827473162981e-02 3.235464207480073240e-01 6.387362347288481068e-01 1.736906248412752041e-03
2.589185213567216787e-02 3.495595740996452760e-01 6.229865846352734549e-01 1.561989129409060897e-03
1.700158488310652208e-02 3.899728809902973659e-01 5.916298060471151254e-01 1.395728079481192837e-03
1.030841136975789440e-02 4.425789762358813828e-01 5.458906273633046258e-01 1.221985031055928964e-03
6.084661958231094188e-03 4.986259201425685683e-01 4.941888606950871066e-01 1.100557204113240036e-03
3.767519741382021302e-03 5.441517322285012170e-01 4.510043952873502016e-01 1.076352742766271487e-03
2.624734670958756965e-03 5.653504656758018276e-01 4.308727149488004726e-01 1.152084704438908081e-03
2.164075745151042979e-03 5.584238922974600339e-01 4.380680978534167713e-01 1.343934103972369530e-03
2.097903475191119447e-03 5.356868880982472714e-01 4.605120848409317569e-01 1.703123585630042904e-03
2.289619003915901573e-03 5.129637867068171930e-01 4.824456944300297145e-01 2.300899859237180017e-03
2.686075208744593667e-03 4.956843271673913032e-01 4.984752015195789698e-01 3.154396104285129860e-03
3.190408522973731641e-03 4.766134964573623400e-01 5.161545432854423021e-01 4.041551734221783196e-03
3.764419806282155376e-03 4.470092993429216621e-01 5.445081914631073605e-01 4.718089387688692744e-03
4.498712765433006237e-03 4.054376297801867701e-01 5.848915189823751248e-01 5.172138472005456157e-03
5.446273222960050335e-03 3.570818890518092092e-01 6.320224129928321277e-01 5.449424732398375042e-03
6.507931975306734465e-03 3.070129436142047807e-01 6.810594544771372272e-01 5.419669933351143991e-03
7.564932369723097530e-03 2.563688286953215156e-01 7.310783051891600604e-01 4.987933745795599706e-03
8.655711600625070473e-03 2.046258559101329366e-01 7.822889338119214386e-01 4.429498677320684377e-03
9.849242214713877994e-03 1.531179232573193494e-01 8.329836503337694209e-01 4.049184194197560753e-03
1.046082162695823048e-02 1.064896913177061505e-01 8.792248487836464843e-01 3.824638271689306899e-03
1.186694883401196755e-02 7.271851039612892142e-02 9.116935808324024837e-01 3.720959937456892741e-03
1.204216308861280789e-02 5.174521233884525617e-02 9.325884511662596577e-01 3.624173406282365020e-03
1.147311327640092131e-02 4.051393153248891016e-02 9.443969048748933615e-01 3.616050316216721204e-03
1.044414757402306257e-02 3.386521772270809777e-02 9.519479747636523381e-01 3.742659939616838072e-03
9.537650563985399996e-03 2.933185186732639033e-02 9.570316354440524531e-01 4.098862124635871927e-03
9.082986850184155206e-03 2.688501194745996151e-02 9.592045646544899995e-01 4.827436547865662612e-03
9.306114992220330950e-03 2.730724810209238587e-02 9.571139093164097167e-01 6.272727589277528326e-03
1.033197175018282267e-02 3.122046728818274330e-02 9.492540113774163846e-01 9.193549584217947102e-03
1.236721932011955981e-02 3.972882400272522568e-02 9.325806672831518096e-01 1.532328939400353848e-02
1.617244848655351175e-02 5.481022962785635916e-02 9.002229500747206403e-01 2.879437181086966571e-02
2.298239120560071486e-02 7.785910157011792510e-02 8.408481876209753514e-01 5.831031960330617520e-02
3.319889420357954174e-02 1.067152074944816703e-01 7.441578557885888401e-01 1.159280425133498854e-01
4.396114779028858360e-02 1.339817789144126525e-01 6.191582165483513478e-01 2.028988567469470761e-01
5.178895670766316128e-02 1.538302894077241134e-01 4.918772996937018083e-01 3.025034541909110142e-01
5.575083665635752195e-02 1.632087626165198146e-01 3.745927767689381516e-01 4.064476239581845673e-01
5.574199144965714253e-02 1.567845625424973410e-01 2.668336835674348650e-01 5.206397624404107694e-01
5.327112942751683483e-02 1.350221820792588123e-01 1.757439372270509503e-01 6.359627512661734094e-01
5.132187798233035780e-02 1.079760442201442988e-01 1.107213311277614048e-01 7.299807466697640912e-01
5.230332513258367788e-02 8.456770227530110984e-02 7.032459050953182578e-02 7.928043820825830812e-01
5.652931389218792541e-02 6.696019008343037648e-02 4.661108894162415556e-02 8.298994070827577785e-01
6.313431093418038487e-02 5.441170612683433189e-02 3.249495459687887916e-02 8.499590283421063486e-01
7.130610046877884634e-02 4.582177159358621216e-02 2.376306245868777672e-02 8.591090654789470538e-01
8.000348057179454409e-02 4.013690315305596529e-02 1.850206599827795145e-02 8.613575502768715531e-01
8.954611255174603490e-02 3.508900446351544827e-02 1.413869015682169342e-02 8.612261928279167922e-01
9.695713740952159598e-02 3.070340345574266647e-02 1.083582663272877715e-02 8.615036325020068997e-01
1.011744641934852335e-01 2.706952266996386428e-02 8.274036459682622066e-03 8.634819766768683236e-01
1.013153269275030716e-01 2.425772368961680997e-02 6.305224737220586559e-03 8.681217246456593983e-01
9.672138399685592525e-02 2.179155124625077253e-02 4.736432322777067716e-03 8.767506324341164392e-01
8.809753089953158145e-02 1.943105283701874325e-02 3.488646867786306983e-03 8.889827693956633414e-01
7.941806033587182900e-02 1.785248471586889374e-02 2.670376958976216925e-03 9.000590779892831961e-01
7.443169428761349515e-02 1.744541669493407388e-02 2.287234116359082928e-03 9.058356549010935233e-01
7.260061210260082554e-02 1.751932842807482280e-02 2.196849051238228354e-03 9.076832104180860838e-01
7.204744969973471413e-02 1.753726975545399219e-02 2.334396292352315400e-03 9.080808842524591418e-01
7.137795392756118851e-02 1.760948138714758804e-02 2.720981756896050097e-03 9.082915829283949583e-01
7.033100978680391357e-02 1.828792036455272399e-02 3.443774586177427918e-03 9.079372952624656934e-01
6.945744586019461653e-02 2.057404695195078070e-02 4.750040376953352725e-03 9.052184668109012344e-01
6.906187453767997919e-02 2.596247421671218567e-02 7.133646384581070546e-03 8.978420048610266102e-01
6.816017552976480487e-02 3.556802546850553609e-02 1.104408927610839135e-02 8.852277097256214811e-01
6.775175584610812485e-02 4.748455166996590898e-02 1.581002536241221321e-02 8.689536671215137842e-01
6.772157987188513750e-02 6.372788789506329821e-02 2.253604919808737186e-02 8.460144830349642930e-01
6.962507761931251149e-02 8.474552539460430967e-02 3.267560643123035985e-02 8.129537905548527288e-01
7.267820769213430288e-02 1.088497300643131438e-01 4.842358929420628039e-02 7.700484729493464187e-01
7.550781961153081590e-02 1.339732853930211409e-01 7.173248692908348878e-02 7.187864080663645128e-01
7.695882802156467362e-02 1.591609156484618814e-01 1.040521956923688568e-01 6.598280606376050184e-01
7.638167266900229568e-02 1.826129289350545692e-01 1.470240474802159414e-01 5.939813509157271243e-01
7.330488364462908746e-02 2.030864447099659797e-01 1.996497322381064199e-01 5.239589394072982076e-01
6.856786657340693814e-02 2.220121573263960091e-01 2.526911300931683479e-01 4.567288460070283440e-01
6.363400673938621188e-02 2.430463043976495707e-01 2.937254242626258227e-01 3.995942646003384224e-01
5.921103417292172821e-02 2.694487214731742242e-01 3.172729015974208866e-01 3.540673427564831610e-01
5.580430810821501719e-02 3.009362088026745208e-01 3.230364205523192367e-01 3.202230625367912809e-01
5.431761645903930569e-02 3.306249641188764299e-01 3.125398452586171660e-01 3.025175741634669735e-01
5.581131944549963531e-02 3.487925131453327721e-01 2.924520573697697579e-01 3.029441100393976960e-01
6.072790928734098093e-02 3.478904241359910832e-01 2.728745901341080304e-01 3.185070764425598777e-01
6.913278475283300695e-02 3.258994657574816323e-01 2.581285339626980257e-01 3.468392155269870991e-01
7.991378096254737884e-02 2.894289576020268040e-01 2.455716458915815636e-01 3.850856155438441841e-01
9.090434478804167162e-02 2.488605638548647692e-01 2.309309592986316662e-01 4.293041320584617404e-01
1.000796901503196445e-01 2.143083073025960072e-01 2.143596454425507336e-01 4.712523571045336701e-01
1.075289725108437011e-01 1.890572501145939555e-01 2.014010843127387596e-01 5.020126930618233896e-01
1.142369962242900105e-01 1.711660027795864625e-01 1.945547427136161689e-01 5.200422582825071638e-01
1.197011017373450920e-01 1.594749088999751763e-01 1.896388708676737811e-01 5.311851184950059368e-01
