2.270657820168557883e-01 1.477253111999763113e-01 2.664314535313792032e-01 3.587774532517882808e-01
4.060150417683263194e-03 4.830545245299396329e-01 2.807404187793819950e-01 2.321449062729952217e-01
3.817171361944684139e-03 4.996416751374897491e-01 2.360934413562427447e-01 2.604477121443226073e-01
3.537440894895920590e-03 4.911606668882032567e-01 1.910352444420400364e-01 3.142666477748608522e-01
3.091898442051993143e-03 4.630049447327246881e-01 1.452642697649737524e-01 3.886388870602497381e-01
2.606225236453070006e-03 4.219199329856542224e-01 1.046023980467516018e-01 4.708714437311409262e-01
2.243500514958640668e-03 3.719931695916889880e-01 7.276851209774036489e-02 5.529948177956119926e-01
2.056037818428496124e-03 3.179770197066688620e-01 4.940758822603187606e-02 6.305593542488708847e-01
2.047854636155648118e-03 2.608172633606497537e-01 3.278369401591544469e-02 7.043511879872791370e-01
2.214956079309264147e-03 2.013947357876482436e-01 2.133285412647972779e-02 7.750574540065628959e-01
2.553277782318738934e-03 1.461862803372873665e-01 1.371047648966599621e-02 8.375499653907276798e-01
3.075452519036387007e-03 9.982385840858412629e-02 8.638981696008411065e-03 8.884617073763710904e-01
3.933343856589155245e-03 6.541987541372459858e-02 5.324319551661263646e-03 9.253224611780250797e-01
4.903079810266705585e-03 4.404798725198436071e-02 3.793069246289465860e-03 9.472558636914591990e-01
6.406934626391686330e-03 3.221983085492879234e-02 3.014979699221013651e-03 9.583582548194586881e-01
9.028337812807592927e-03 2.711675976356996490e-02 2.886990884463870935e-03 9.609679115391583926e-01
1.440902161934035607e-02 2.703169672222770215e-02 3.403657011706646973e-03 9.551556246467248767e-01
2.489723871185559045e-02 3.056532136330387950e-02 4.602890053036362734e-03 9.399345498718040259e-01
4.300337063745340166e-02 3.664252831769516938e-02 6.439586846900449690e-03 9.139145141979510001e-01
7.175501829788813457e-02 4.509769871138483155e-02 8.886516996765051260e-03 8.742607659939619635e-01
1.159742388425504811e-01 5.836603850811969418e-02 1.237528099223266821e-02 8.132844416570969015e-01
1.858948800093485065e-01 7.740339139511971667e-02 1.770554502802970664e-02 7.189961835675021673e-01
2.827297847952496279e-01 1.091360951614963881e-01 2.631571299239095912e-02 5.818184070508628514e-01
3.852477696645040806e-01 1.532952891679622842e-01 3.789211658486700551e-02 4.235648245826665326e-01
4.551645652573966250e-01 2.057243621866958749e-01 5.033462612908998907e-02 2.887764464268173792e-01
4.797774006793499302e-01 2.597291295001254996e-01 6.304750100968786741e-02 1.974459688108365918e-01
4.729871457650973166e-01 3.102809123811507419e-01 7.737607801640768168e-02 1.393558638373445235e-01
4.516780778379917427e-01 3.524974461264424597e-01 9.505448124141764599e-02 1.007699947941480823e-01
4.183952795910713673e-01 3.891292811922710260e-01 1.188701229608472576e-01 7.360531625581037685e-02
3.722830171075975358e-01 4.209611882696202567e-01 1.530804252554570088e-01 5.367536936732488634e-02
3.163416864161553432e-01 4.410726462135088344e-01 2.033920987020277349e-01 3.919356866830807362e-02
2.545257095826052307e-01 4.459686152601468612e-01 2.702713590366176422e-01 2.923431612063032495e-02
2.017052986420495853e-01 4.279084386509521276e-01 3.480008996533458521e-01 2.238536305365245935e-02
1.596469760862169462e-01 3.901080455811894998e-01 4.328146534402543266e-01 1.743032489233941121e-02
1.286651572908957819e-01 3.306529766420226446e-01 5.270492767920644805e-01 1.363258927501705652e-02
1.045046815771020904e-01 2.609773891905000642e-01 6.238618039050524144e-01 1.065612532734549339e-02
8.390502854079949502e-02 2.000559627459886081e-01 7.076054702051621792e-01 8.433538508049563329e-03
6.746529366382429671e-02 1.571665564113288449e-01 7.685055777869712612e-01 6.862572137875776711e-03
5.491474288510007212e-02 1.327136103782085852e-01 8.065319459935100799e-01 5.839700743181032092e-03
4.644619302275976996e-02 1.233928341452252553e-01 8.247238392966127485e-01 5.437133535401978204e-03
4.112236175514067532e-02 1.249712109379141484e-01 8.282415451976006260e-01 5.664882109344029047e-03
3.800451221857372580e-02 1.358820853373754467e-01 8.194762960473220836e-01 6.637106396728563451e-03
3.683718700380303468e-02 1.569714494310183173e-01 7.974016456948316289e-01 8.789717870346911571e-03
3.711750125184642979e-02 1.872674606546600451e-01 7.628306911662711132e-01 1.278434692722217603e-02
3.863132203457530361e-02 2.237527931073501064e-01 7.179438736256732456e-01 1.967201123240120905e-02
4.133519323170949805e-02 2.601209455565942075e-01 6.679431204375094744e-01 3.060074077418698663e-02
4.299412876515797816e-02 2.819325413725998208e-01 6.314930645580139057e-01 4.358026530422838551e-02
4.232200754517417146e-02 2.815816917425335020e-01 6.217458150114782978e-01 5.435048570081403574e-02
4.170735237379927934e-02 2.698230811795605533e-01 6.258661194892665147e-01 6.260344695737379839e-02
4.413209591039694846e-02 2.631433266943064564e-01 6.203147591029565255e-01 7.240981829234031941e-02
5.107847078337049429e-02 2.691287492076815946e-01 5.908575922228221922e-01 8.893518778612576059e-02
6.108021061185170408e-02 2.836752807061736492e-01 5.384132607874648757e-01 1.168312478945096877e-01
7.221023319784673766e-02 2.941139692730944111e-01 4.751624594050722905e-01 1.585133381239862138e-01
8.006364536801383047e-02 2.911370510109140275e-01 4.202496403285072568e-01 2.085496632925648297e-01
8.169484225762546625e-02 2.781949243276833905e-01 3.842037013448006411e-01 2.559065320698905577e-01
7.946025276238045942e-02 2.625465224871911252e-01 3.610652658479792110e-01 2.969279589024491073e-01
7.426202373446448568e-02 2.498052299958928579e-01 3.426183064973674086e-01 3.333144397722754837e-01
6.610832794975715632e-02 2.417028480140451241e-01 3.242984097341396477e-01 3.678904143020583772e-01
5.624604548081866412e-02 2.363317717453428113e-01 3.024023411130906114e-01 4.050198416607478924e-01
4.699540441960523701e-02 2.293177595916193467e-01 2.735738968216762101e-01 4.501129391670992130e-01
3.965142224069224952e-02 2.160504217514252201e-01 2.360567566715830179e-01 5.082413993362994153e-01
3.455392034803613649e-02 1.948679946744405200e-01 1.902114172881775866e-01 5.803666676893456389e-01
3.072302885879267531e-02 1.680550729995032577e-01 1.413745283998487923e-01 6.598473697418553163e-01
2.685046018507645377e-02 1.403332721216601631e-01 9.933795739295997462e-02 7.334783103003031934e-01
2.303076977626199173e-02 1.153049748665899848e-01 6.863539672605056818e-02 7.930288586310973997e-01
1.963717855158790201e-02 9.291774788302734067e-02 4.713546913091476442e-02 8.403096044344701143e-01
1.707045665379032170e-02 7.304954088163795323e-02 3.190279765426178721e-02 8.779772048103098303e-01
1.581493097543837725e-02 5.701004835909165291e-02 2.135920998270342611e-02 9.058158106827663980e-01
1.662646197317441815e-02 4.623763633110365701e-02 1.472507118009171341e-02 9.224108305156301091e-01
2.092682287647146255e-02 4.113245274717705624e-02 1.126925247777698681e-02 9.266714718985746835e-01
3.139174030008732436e-02 4.062521212955566563e-02 1.003911383316159582e-02 9.179439337371954055e-01
5.390345934859558374e-02 4.365820543256096475e-02 1.036961917138271363e-02 8.920687160474607413e-01
8.532352693690563317e-02 2.360083348746340112e-02 2.648854835307054567e-01 6.261901560449254500e-01
5.110029312136613738e-02 8.827171698420650525e-01 6.378384107081640220e-02 2.398695965752248305e-03
5.291431360713406973e-02 8.554978962011446919e-01 8.760223188752966350e-02 3.985558304191652058e-03
5.722084195985319838e-02 8.183154953017931499e-01 1.174015602652752899e-01 7.062102473078194463e-03
6.339542312451484918e-02 7.726404197893566028e-01 1.512240896248495114e-01 1.274006746127936789e-02
7.031972706191251532e-02 7.258737882813709463e-01 1.814467657457043970e-01 2.235971891101235301e-02
7.547461105837320605e-02 6.896659423574565961e-01 1.982210205038911488e-01 3.663842608027896575e-02
7.735362048859942274e-02 6.721873748168166740e-01 1.950101202448434878e-01 5.544888444974048480e-02
7.681673744469035003e-02 6.722136572438351942e-01 1.727298746119901030e-01 7.823973069948415848e-02
7.592415290299893427e-02 6.783219551125752034e-01 1.410623029488818347e-01 1.046915890355438472e-01
7.686150940095498596e-02 6.756015786634916864e-01 1.144607575331925975e-01 1.330761544023604526e-01
8.090922102032842289e-02 6.615057807321145233e-01 9.904690215331277137e-02 1.585380960942446293e-01
8.937464391551692977e-02 6.393913400605543140e-01 9.292084012248158498e-02 1.783131759014471296e-01
1.053792788948568065e-01 6.048526025751651547e-01 9.361272552220552268e-02 1.961553930077722385e-01
1.333953941633377327e-01 5.489518514278316497e-01 9.893082858768137422e-02 2.187219258211494932e-01
1.769312425473584804e-01 4.674066186588309302e-01 1.062553418631268370e-01 2.494067969306835719e-01
2.340815281522907465e-01 3.706451510415656458e-01 1.123113463279999946e-01 2.829619744781436963e-01
2.965675103052953232e-01 2.809735761768885620e-01 1.162922691114119250e-01 3.061666444064041204e-01
3.559264009518817162e-01 2.164657016311640481e-01 1.197193486875378632e-01 3.078885487294161227e-01
4.085579509456686020e-01 1.790943881177591013e-01 1.294918439222095541e-01 2.828558170143628536e-01
4.526648115931202199e-01 1.617454361661725681e-01 1.495797486985896985e-01 2.360100035421172360e-01
4.850975641633752944e-01 1.510380569777577675e-01 1.766963061261998258e-01 1.871680727326670290e-01
5.114134775455381199e-01 1.342028469553076531e-01 2.009268981972090751e-01 1.534567773019450965e-01
5.388762695856165186e-01 1.089383681773336138e-01 2.171875708288245332e-01 1.349977914082251540e-01
5.646072161740046669e-01 8.383541276965096600e-02 2.272002940446133656e-01 1.243570770117309598e-01
5.867190583251792324e-01 6.582786005318937150e-02 2.308125381137717536e-01 1.166405435078597674e-01
6.050192876731224079e-01 5.784576943083539341e-02 2.266495402430533934e-01 1.104854026529891176e-01
6.202544886699464799e-01 5.701311935398556408e-02 2.177767517516917273e-01 1.049556402243759096e-01
6.293631979849104718e-01 6.162610534128994122e-02 2.088029504427545702e-01 1.002077462310450723e-01
6.307860098477188204e-01 7.101016820094864512e-02 2.005203960909644201e-01 9.768342586036843356e-02
6.279012320838701644e-01 8.403122890055127192e-02 1.886537393250229400e-01 9.941379969055565147e-02
6.219185993662528222e-01 1.021670130813119165e-01 1.689070992206850308e-01 1.070072883317503276e-01
6.059887811822584069e-01 1.277322060068502851e-01 1.448751456238675794e-01 1.214038671870241587e-01
5.783524272466336047e-01 1.606260358918765452e-01 1.188441014495747183e-01 1.421774354119151595e-01
5.293120595659454031e-01 2.038205443738477229e-01 9.723353800484424436e-02 1.696338580553624631e-01
4.723524240172548572e-01 2.461700390988864617e-01 7.855394747134186728e-02 2.029235894125165918e-01
4.173666609147195783e-01 2.776105267379396224e-01 6.464615698317290049e-02 2.403766553641681070e-01
3.679941244319364646e-01 2.995658011078928262e-01 5.553128672338902838e-02 2.769087877367815143e-01
3.262602328322033451e-01 3.160956675340600430e-01 5.034069958904920788e-02 3.073034000446873137e-01
2.935049231821011406e-01 3.271463190936741983e-01 4.788730704474126326e-02 3.314614506794833493e-01
2.704756002438005735e-01 3.285715043796644808e-01 4.702864130461371917e-02 3.539242540719215180e-01
2.497743590934128066e-01 3.222307094722579035e-01 4.715438242141223313e-02 3.808405490129171955e-01
2.288924774224678493e-01 3.067670741407445001e-01 4.738070388582636683e-02 4.169597445509615752e-01
2.053228701193666184e-01 2.835794986659731509e-01 4.677718792427033173e-02 4.643204432903898504e-01
1.783769860630154969e-01 2.553257116811963323e-01 4.483473498656033451e-02 5.214625672692280167e-01
1.494799083081998492e-01 2.267540999182583450e-01 4.236148639200059546e-02 5.814045053815408703e-01
1.264284269454084286e-01 2.021412258223139746e-01 4.109556147289879224e-02 6.303347857593787351e-01
1.139506756095984980e-01 1.873109778183497109e-01 4.357998905148385144e-02 6.551583575205682797e-01
1.101209563817333315e-01 1.820387503266697182e-01 5.172311399667019194e-02 6.561171792949269665e-01
1.120618036037997617e-01 1.775115118329499142e-01 6.562619121808345446e-02 6.448004933451668697e-01
1.155936505501988648e-01 1.686087894045202318e-01 8.473039087281429571e-02 6.310671691724665244e-01
1.177908982564769003e-01 1.557449364908401745e-01 1.086845393911645280e-01 6.177796258615185776e-01
1.158331667221539352e-01 1.399168472647248362e-01 1.364076282653288175e-01 6.078423577477923834e-01
1.082126902469656565e-01 1.227769538100245694e-01 1.655498061952573874e-01 6.034605497477524283e-01
9.690712284318657443e-02 1.059848391777542254e-01 1.944669702080074336e-01 6.026410677710518637e-01
8.547319721148860516e-02 9.317398404265790635e-02 2.195882534435379396e-01 6.017645653023153685e-01
7.638797612508659018e-02 8.451684282350892252e-02 2.410650672549832507e-01 5.980301137964213476e-01
7.094905601439424614e-02 7.766912667264000425e-02 2.642116773370218330e-01 5.871701399759440276e-01
6.837275616755962571e-02 7.190030406483782777e-02 2.980392808324743847e-01 5.616876589351281757e-01
6.743521658540023445e-02 6.503173322265846934e-02 3.533877797770051954e-01 5.141452704149361841e-01
6.666426527752752906e-02 5.536479774136272153e-02 4.359294561979396576e-01 4.420414807831702375e-01
6.533504886460628214e-02 4.340160227724309400e-02 5.319598485095358154e-01 3.593035003486147461e-01
6.556185376194205439e-02 3.257582269008643672e-02 6.054134216071411778e-01 2.964489019408302894e-01
7.239359916997938071e-02 2.608003799012790364e-02 6.303850608735814820e-01 2.711413019663112545e-01
9.184732229941219850e-02 2.426176899423940908e-02 6.071460953906885338e-01 2.767448133156601431e-01
1.304485073107881643e-01 2.620510352673196749e-02 5.476400155667242586e-01 2.957063735957551898e-01
1.952415003124169934e-01 3.093637198972205501e-02 4.636398392279972858e-01 3.101822884698636762e-01
2.913661106028811454e-01 3.769901893993130026e-02 3.674192589195880987e-01 3.035156115375994834e-01
4.121714207965828658e-01 4.602298634234570918e-02 2.730046558676939017e-01 2.688009369933774262e-01
5.355625853955833238e-01 5.469862784260715732e-02 1.921032315550356695e-01 2.176355552067740506e-01
6.413458249945167555e-01 6.182970197119205119e-02 1.297755066863863493e-01 1.670489663479048370e-01
7.217407538196524142e-01 6.632094459630137606e-02 8.486506326940479461e-02 1.270732383146411792e-01
1.047100565457605159e-01 1.717652945581935042e-01 7.142498588672677728e-01 9.274790028778109874e-03
2.640669645139534505e-01 7.072501035410528880e-01 2.344447740508891903e-02 5.238454539904741601e-03
2.689810571269146133e-01 7.018892190400007891e-01 2.386012335220961261e-02 5.269600480875431640e-03
2.801981185574898836e-01 6.891066232974966121e-01 2.536833060955314550e-02 5.326927535459935470e-03
2.986624723743200871e-01 6.678164546835103632e-01 2.801015648780121048e-02 5.510916454368259415e-03
3.255418968905290922e-01 6.369041441345556498e-01 3.160283575162096265e-02 5.951123223294128850e-03
3.637476963404466801e-01 5.938311723974389889e-01 3.562629967886362520e-02 6.794831583250652077e-03
4.147511926574312113e-01 5.378823570447707203e-01 3.925754822325672189e-02 8.108902074541365565e-03
4.724056777175448252e-01 4.756064401032273903e-01 4.220866167200892916e-02 9.779220507218995898e-03
5.328439907491133720e-01 4.126780755824641100e-01 4.321938724812811328e-02 1.125854642029414446e-02
5.858999505467842317e-01 3.589988457622125817e-01 4.275446477794778849e-02 1.234673891305532872e-02
6.275167530818109851e-01 3.175655207209048814e-01 4.147438682942403837e-02 1.344333936786009688e-02
6.562161518978838481e-01 2.883509821614332336e-01 4.047240830897701896e-02 1.496045763170602075e-02
6.736764781479853692e-01 2.693820734195513378e-01 4.047589774339570984e-02 1.646555068906746522e-02
6.842022743253566297e-01 2.565258464206296440e-01 4.189559282123057893e-02 1.737628643278326876e-02
6.932619284786496472e-01 2.445505690085275075e-01 4.477386703551121394e-02 1.741363547731144754e-02
7.059484210640720736e-01 2.292338861220837853e-01 4.822059351621785228e-02 1.659709929762643102e-02
7.231899041553445651e-01 2.104967889848859686e-01 5.087148928322373503e-02 1.544181757654568971e-02
7.427957429751299578e-01 1.905308426127581001e-01 5.209098711969605694e-02 1.458242729241601872e-02
7.636680449263908432e-01 1.697247478810316734e-01 5.225535222002456598e-02 1.435185497255330074e-02
7.849193971071539710e-01 1.478903445752284829e-01 5.250349139107762797e-02 1.468676692653961800e-02
8.036225995160329871e-01 1.265057088829242837e-01 5.452541610718085463e-02 1.534627549386181899e-02
8.169168256399937933e-01 1.067227127859701197e-01 6.024200558234223124e-02 1.611845599169375864e-02
8.234130251520519472e-01 8.806314685799968012e-02 7.147543593331032175e-02 1.704839205663823826e-02
8.237585236560072133e-01 6.963587170108415103e-02 8.831677855674445465e-02 1.828882608616436145e-02
8.224142546919303021e-01 5.172738640299991836e-02 1.062987334965479341e-01 1.955962540852208484e-02
8.272482787668152815e-01 3.628029771424725464e-02 1.162712780072714391e-01 2.020014551166588249e-02
8.451586783843351158e-01 2.461595657622563105e-02 1.104195608366797254e-01 1.980580420275955197e-02
8.745301621881389487e-01 1.664790914080900228e-02 9.023667290794401552e-02 1.858525576310771782e-02
9.064606310693366087e-01 1.143981174436710033e-02 6.549029415694164469e-02 1.660926302935468099e-02
9.324748851461217569e-01 8.209051951045438777e-03 4.513512853439307498e-02 1.418093436843978136e-02
9.494836602750096333e-01 6.461150941021030769e-03 3.207545395817242712e-02 1.197973482579676487e-02
9.592716490252828354e-01 5.670770980268824771e-03 2.477890708783407961e-02 1.027867290661405204e-02
9.648283788597725730e-01 5.395926636676953887e-03 2.085497397336556410e-02 8.920720530185052149e-03
9.684346349498585971e-01 5.366102847543202485e-03 1.846777702520224773e-02 7.731485177395732399e-03
9.716105579334338715e-01 5.390947056000909739e-03 1.632678768246050363e-02 6.671707328104622275e-03
9.751324255730426938e-01 5.311299084106263849e-03 1.377359422833961816e-02 5.782681114511333161e-03
9.789041104994723463e-01 5.061582900166840607e-03 1.089014920025339374e-02 5.144157400107649165e-03
9.822069366631471787e-01 4.732171299753299733e-03 8.233110232561277608e-03 4.827781804538307242e-03
9.843836145374398328e-01 4.476588222642840023e-03 6.275981065508372952e-03 4.863816174408570892e-03
9.851688728457447253e-01 4.414679072380335578e-03 5.118645515790984368e-03 5.297802566083963452e-03
9.844969604603668323e-01 4.620812749411699547e-03 4.612195500295011505e-03 6.270031289926558150e-03
9.819965343909146105e-01 5.178817823830450529e-03 4.668479588305289585e-03 8.156168196949422147e-03
9.764974606434178028e-01 6.259048861841600385e-03 5.375820512355959646e-03 1.186766998238482189e-02
9.657230056346094438e-01 8.104863724110275558e-03 6.893978077060994129e-03 1.927815256421892831e-02
9.455404247707736021e-01 1.104850884956716170e-02 9.319564994858982321e-03 3.409150138480047942e-02
9.093005412349624006e-01 1.543894128268540229e-02 1.250121775947539947e-02 6.275929972287670744e-02
8.489868514679250744e-01 2.141218593939130110e-02 1.598482010841460396e-02 1.136161424842688922e-01
7.603865043797956025e-01 2.852678386643381359e-02 1.915788845774863552e-02 1.919288232960217333e-01
6.501163760010418846e-01 3.559579916446107412e-02 2.147986389601517707e-02 2.928079609384817705e-01
5.343857187352096805e-01 4.169831731231642136e-02 2.339908930450641106e-02 4.005168746479673691e-01
4.318624964067272476e-01 4.624747621293291006e-02 2.417937763326282602e-02 4.977106497470771829e-01
3.525743782644747415e-01 4.990457175042439103e-02 2.457773250948932023e-02 5.729433174756114466e-01
2.950856169808789287e-01 5.278207621136784405e-02 2.473642999598142309e-02 6.273958768117717799e-01
2.514597974332582475e-01 5.433142745249169847e-02 2.446454020098858331e-02 6.697442349132616268e-01
2.158025264805492616e-01 5.401784473374240947e-02 2.356328710985345840e-02 7.066163416758547422e-01
1.865789178099191981e-01 5.215905684000706616e-02 2.216988330426854920e-02 7.390921420458055335e-01
1.648725608241876084e-01 5.003407177785109544e-02 2.079331210713786585e-02 7.643000552908234546e-01
1.523431559877130581e-01 4.915128759219113824e-02 2.005911708450644135e-02 7.784464393355892131e-01
1.506137383621439507e-01 5.072405939404144720e-02 2.056268288813255934e-02 7.780995193556818901e-01
1.598210963668559026e-01 5.520659338379917819e-02 2.271298416497256889e-02 7.622593260843725238e-01
1.756086081971849067e-01 6.140896103876667539e-02 2.646456501535969508e-02 7.365178657486886049e-01
1.908265130638615581e-01 6.700780713794296517e-02 3.163646713483195955e-02 7.105292126633635519e-01
2.032803930510030943e-01 7.110887610745481036e-02 3.888785281924118931e-02 6.867228780223008089e-01
2.141016264135971181e-01 7.389859529975245644e-02 4.931475145995070641e-02 6.626850268266996080e-01
2.237196484731732160e-01 7.563972827109913255e-02 6.362184865558243030e-02 6.370187746001453322e-01
2.327165456594683102e-01 7.715686391452536430e-02 8.263873341333295708e-02 6.074878570126733823e-01
2.413697031246096469e-01 7.924489857572594720e-02 1.076655209324713230e-01 5.717198773671929857e-01
2.488788754625619326e-01 8.211417941017165600e-02 1.393380357808819692e-01 5.296689093463844422e-01
2.546319898424685979e-01 8.607717260214405031e-02 1.767463653004692214e-01 4.825444722549179777e-01
2.584847770234836029e-01 9.183927894209693854e-02 2.175070957983224473e-01 4.321688482360967476e-01
2.601533166266900565e-01 1.000623166480978238e-01 2.589487814273854771e-01 3.808355852978270173e-01
7.291839842544166617e-01 2.315180953045315182e-01 2.202751893412243159e-02 1.727040150692898957e-02
5.940228155176373315e-02 7.491341266979116842e-01 1.688017257122261250e-01 2.266186603809823216e-02
5.770792414842393359e-02 7.167135201121451749e-01 2.018745720497218954e-01 2.370398368970916964e-02
6.900803836684817061e-02 6.575686191078834453e-01 2.439508922622775910e-01 2.947245026299046000e-02
1.012268116339032908e-01 5.701689951234446552e-01 2.856850891360492306e-01 4.291910410660285113e-02
1.658041948924363629e-01 4.576488085457683930e-01 3.103507934348639363e-01 6.619620312693130781e-02
2.692514940094637432e-01 3.348858571864052891e-01 3.007548245486401650e-01 9.510782425549070551e-02
4.013668790986675838e-01 2.248963065607440803e-01 2.536261755006508078e-01 1.201106388399374864e-01
5.335952667433749852e-01 1.421137968698215626e-01 1.859074265193776943e-01 1.383835098674256192e-01
6.331851044969457609e-01 8.885739444757270733e-02 1.226348346533668310e-01 1.553226664021145342e-01
6.883322667526302618e-01 5.852597796241116451e-02 7.886279023966882851e-02 1.742789650452900019e-01
7.150289730133626565e-01 4.237433604972619394e-02 5.297340414506415684e-02 1.896232867918468956e-01
7.355016805115162093e-01 3.463199745517507588e-02 3.826410183994495562e-02 1.916022201933642866e-01
7.647339206590791916e-01 3.171444032252052764e-02 2.962428040938320725e-02 1.739273586090170076e-01
8.023639869972025718e-01 3.312102375846924518e-02 2.396776230868497351e-02 1.405472269356429771e-01
8.397783573276199620e-01 3.671179438194139416e-02 1.951121475579105716e-02 1.039986335346472224e-01
8.672541214026641132e-01 4.131203788138401722e-02 1.576458531462135437e-02 7.566925540133048744e-02
8.792515036589340083e-01 4.744286801724825059e-02 1.287286374742162808e-02 6.043276457639619459e-02
8.747029048255281491e-01 5.714821656205618799e-02 1.117184889775173391e-02 5.697702971466383354e-02
8.592382057500669301e-01 6.993051256385657277e-02 1.055868745304493379e-02 6.027259423303175240e-02
8.413949648002487791e-01 8.228646526475862089e-02 1.062297735931988681e-02 6.569559257567265942e-02
8.260128825404454700e-01 9.183036547598361077e-02 1.115374590777795140e-02 7.100300607579318468e-02
8.143158504793105434e-01 9.980979349285676316e-02 1.203257603988818619e-02 7.384177998794459741e-02
8.076125536260366777e-01 1.085520667808437950e-01 1.299448523074714715e-02 7.084089436237210602e-02
8.086162952108008062e-01 1.171862123254382160e-01 1.373686896105700238e-02 6.046062350270407088e-02
8.166518454461979548e-01 1.230370932104464382e-01 1.447014092438680434e-02 4.584092041896876968e-02
8.252738840548107246e-01 1.258306068041023518e-01 1.606251992578469623e-02 3.283298921530226899e-02
8.292368557112814731e-01 1.269839791001681206e-01 1.942841741592478758e-02 2.435074777262554585e-02
8.259113414249120710e-01 1.288979764310375364e-01 2.524891778480592430e-02 1.994176435924445434e-02
8.141790505896127073e-01 1.335936244072276902e-01 3.402233460356636485e-02 1.820499039959337650e-02
7.965358921017344773e-01 1.398151784583061830e-01 4.526757559940947778e-02 1.838135384054980295e-02
7.807987577315158578e-01 1.426255482433700650e-01 5.618718115528495427e-02 2.038851286982889394e-02
7.753175320788218139e-01 1.378292495882516566e-01 6.325812360296002856e-02 2.359509472996686175e-02
7.821474849461531598e-01 1.263056893059893437e-01 6.504303137929683121e-02 2.650379436856107815e-02
7.966238366073099542e-01 1.121408045725319630e-01 6.271107467474706931e-02 2.852428414541124252e-02
8.170101355084976591e-01 9.759553493452668982e-02 5.589292802385512765e-02 2.950140153312045752e-02
8.367550769624437779e-01 8.451509642253382526e-02 4.885335554182562018e-02 2.987647107319691547e-02
8.558009086197364557e-01 7.309938099272175749e-02 4.203439755837571484e-02 2.906531282916624895e-02
8.749045667514380176e-01 6.281362267915491238e-02 3.546942008021566894e-02 2.681239048919143927e-02
8.928545180728871822e-01 5.395770011855881287e-02 2.955938922331959040e-02 2.362839258523454292e-02
9.064494215166160052e-01 4.782759368407772660e-02 2.501322965879020782e-02 2.070975514051635186e-02
9.142944054324182446e-01 4.485522482073415335e-02 2.223920198981826912e-02 1.861116775702925316e-02
9.170942405258341035e-01 4.449657018585817525e-02 2.139519159203305543e-02 1.701399769627478728e-02
9.152649064119263711e-01 4.629869416468879867e-02 2.273873136697926456e-02 1.569766805640558302e-02
9.074960809824764718e-01 5.066639575436376886e-02 2.692612378125911962e-02 1.491139948190091380e-02
8.912678296753276941e-01 5.887271669083318781e-02 3.485240803573323026e-02 1.500704559810565365e-02
8.645077394717934904e-01 7.246764267859810704e-02 4.687819169801039215e-02 1.614642615159795486e-02
8.262959219664340882e-01 9.286879883860810203e-02 6.236142159636625520e-02 1.847385759859164131e-02
7.779597653860964579e-01 1.203497285307728870e-01 7.944004273799748495e-02 2.225046334513338525e-02
7.213473868735279515e-01 1.548712703590837403e-01 9.613068397488175321e-02 2.765065879250662786e-02
6.555325736087079802e-01 1.990630272188803618e-01 1.111048273710083661e-01 3.429957180140323636e-02
5.760120424267383132e-01 2.600630810443521068e-01 1.222805837887439989e-01 4.164429274016562960e-02
4.839262726032817485e-01 3.419833892817015220e-01 1.246689217567020225e-01 4.942141635831454050e-02
3.890476553623008482e-01 4.389290452799188280e-01 1.155574378202179064e-01 5.646586153756209814e-02
3.093865063746956134e-01 5.311151461167686882e-01 9.839955631224550636e-02 6.109879119629017113e-02
2.453065809954010357e-01 6.105563052273053071e-01 8.142455994457331592e-02 6.271255383272064665e-02
1.925776218088573188e-01 6.784635757064039208e-01 6.884093456971067393e-02 6.011786791502809341e-02
1.449747888546906727e-01 7.426913486597931380e-01 5.997039453372613599e-02 5.236346795178985908e-02
1.015799667226184588e-01 8.043590198972109251e-01 5.284542338609003742e-02 4.121558999408043988e-02
6.794981966173689603e-02 8.548599431408103744e-01 4.641562985683269499e-02 3.077460734061982645e-02
4.616487109410194467e-02 8.900430241154405619e-01 4.067144685677868965e-02 2.312065793367882108e-02
3.298483084775704482e-02 9.130889886682753698e-01 3.616333494520301145e-02 1.776284553876462946e-02
2.439356655568803919e-02 9.285795056051842078e-01 3.315388406522699200e-02 1.387304377390071244e-02
1.945041403663711269e-02 9.375961307009426093e-01 3.161945427361096544e-02 1.133400098880929692e-02
1.557471593141544590e-02 9.431138534805620921e-01 3.151335763748342594e-02 9.798072950539072484e-03
1.396664406455315130e-02 9.439645794527227185e-01 3.286498833266564279e-02 9.203788150058348633e-03
1.436000378682013821e-02 9.406738991733731847e-01 3.552177019655472501e-02 9.444326843251957260e-03
1.642257646471524321e-02 9.341087077522797211e-01 3.932706463459326868e-02 1.014165114841171327e-02
1.962248473637761420e-02 9.254024139739517318e-01 4.404965903763168045e-02 1.092544225203899433e-02
2.374397457868906297e-02 9.147754417200941734e-01 4.970787402667903310e-02 1.177270967453791783e-02
2.768675911291289260e-02 9.040632494316551693e-01 5.573133866136036757e-02 1.251865279407151157e-02
3.379490475575152447e-02 8.913976205023285138e-01 6.168804842485409862e-02 1.311942631706591866e-02
1.509317413194239399e-01 4.893838563449679629e-02 4.014975355544755237e-02 7.599801194906317114e-01
1.557265815944047227e-01 4.623517862299671155e-02 3.784553306917010779e-02 7.601927067134287563e-01
1.526579815567671861e-01 4.303095239361977992e-02 3.390949925237105728e-02 7.704015667972419212e-01
1.432114390163762296e-01 4.013507532384697624e-02 2.949743839363594758e-02 7.871560472661405239e-01
1.332470409119949073e-01 3.872981234038772730e-02 2.626278851787848881e-02 8.017603582297389009e-01
1.279951125716413396e-01 3.968545527046883625e-02 2.469835389621424099e-02 8.076210782616758399e-01
1.294394994812963773e-01 4.352106424341446039e-02 2.408324149476439441e-02 8.029561947805247124e-01
1.374945506413642604e-01 5.039861495670391878e-02 2.356144016151714635e-02 7.885453942404146987e-01
1.512038501147989489e-01 6.074615983257315721e-02 2.289843937717783023e-02 7.651515506754498208e-01
1.687151286775262771e-01 7.512880332635676894e-02 2.218723160084544802e-02 7.339688363952712180e-01
1.866788870325379324e-01 9.713716623936688443e-02 2.286372733204669605e-02 6.933202193960482651e-01
2.082068683000717901e-01 1.227327975428323253e-01 2.470207781414440404e-02 6.443582563429517407e-01
2.287580193561741804e-01 1.477306142436440317e-01 2.597934747461972185e-02 5.975320189255618475e-01
2.425411262228856502e-01 1.620781715277561652e-01 2.497997806754609709e-02 5.704007241818122020e-01
2.477816497322408718e-01 1.599346669392895381e-01 2.139900901092724878e-02 5.708846743175421956e-01
2.523737507854308393e-01 1.452104845129253419e-01 1.687679234729892036e-02 5.855389723543447111e-01
2.744171026925873447e-01 1.300745314748051329e-01 1.344514070656350514e-02 5.820632251260439149e-01
3.334062314578570274e-01 1.225437768652399423e-01 1.175920173170792553e-02 5.322907899451949643e-01
4.420203642610405215e-01 1.186781508676770791e-01 1.069516416463805845e-02 4.286063207066444503e-01
5.912533387439282695e-01 1.068953023325231177e-01 8.936331803097824836e-03 2.929150271204508105e-01
7.383332381409494216e-01 8.449540292880371173e-02 6.759883027866996422e-03 1.704114759023799552e-01
8.449171872198661948e-01 6.160958964468645632e-02 4.947920119843107409e-03 8.852530301560430914e-02
9.085015305450460099e-01 4.430177475158425526e-02 3.682554347665259204e-03 4.351414035570454197e-02
6.656595568839014376e-01 1.360443476337591939e-01 1.870180416974858428e-01 1.127805378485329489e-02
5.973664861451474239e-01 1.867212200650076037e-01 2.064894406381003744e-01 9.422853151744878947e-03
5.261010569869796205e-01 2.395881221634566793e-01 2.263583978738160640e-01 7.952422975747405406e-03
4.544002502106631591e-01 2.842340031994604610e-01 2.545450138474730783e-01 6.820732742403225191e-03
3.823259625067776390e-01 3.145357219786066305e-01 2.970649173172434931e-01 6.073398197372227754e-03
3.120810600278474123e-01 3.271234263943199605e-01 3.552153873034443743e-01 5.580126274388129762e-03
2.437947654002415032e-01 3.271470482786405509e-01 4.239608730496820521e-01 5.097313271435768844e-03
1.854361310337931668e-01 3.225420097018695254e-01 4.874438712465364310e-01 4.577988017801208273e-03
1.411238709359715904e-01 3.251726930763291223e-01 5.295863366366926339e-01 4.117099351006426981e-03
1.078593532178159509e-01 3.419230532532893108e-01 5.464890911847920529e-01 3.728502344102681103e-03
8.099073028744396829e-02 3.767808122789518821e-01 5.388155690551857946e-01 3.412888378418338104e-03
5.683972014819085178e-02 4.304548060922771535e-01 5.096321907208664070e-01 3.073283038665607612e-03
3.754410494923388075e-02 4.957136198202244937e-01 4.640528566666967669e-01 2.689418563844852162e-03
2.439966785996765947e-02 5.616588068380228282e-01 4.115505566299238471e-01 2.390968672085764038e-03
1.672762426623126270e-02 6.146778006877142708e-01 3.663261323293806604e-01 2.268442716673788311e-03
1.250625357686211726e-02 6.426212548586345275e-01 3.425469919437548749e-01 2.325499620748378016e-03
1.166310298100325070e-02 6.410090525487918134e-01 3.447533877647740441e-01 2.574456705430785107e-03
1.240037039011240502e-02 6.174284542169364842e-01 3.671222410420846294e-01 3.048934350866368617e-03
1.407374861256925798e-02 5.856902148853930790e-01 3.964659521454077518e-01 3.770084356629932552e-03
1.562496013503475445e-02 5.566449340413253122e-01 4.230744499805571546e-01 4.655655843082754514e-03
1.900450682758195523e-02 5.246263368581058906e-01 4.507652539388007917e-01 5.603902375511534209e-03
2.226280521884259692e-02 4.901234278128145383e-01 4.813263535592087194e-01 6.287413409134160087e-03
2.651851953064243012e-02 4.540233662382209823e-01 5.126655367822410270e-01 6.792577448895499928e-03
3.434673356238068104e-02 4.231728120357120537e-01 5.352931137970873277e-01 7.187340604819878603e-03
4.354586062267220420e-02 3.971904126622305964e-01 5.519405428526206192e-01 7.323183862476345153e-03
5.442855426320086093e-02 3.752657440072701966e-01 5.632463309127914153e-01 7.059370816737553164e-03
6.837920934037251819e-02 3.508961490732033783e-01 5.739944095915847644e-01 6.730231994839523842e-03
8.856863642312003126e-02 3.164509214342394738e-01 5.882205903167115890e-01 6.759851825928909347e-03
1.153451323111118476e-01 2.722255508641837074e-01 6.051997567887771323e-01 7.229560035927516497e-03
1.450485492868708870e-01 2.281292686437235151e-01 6.188410563001111031e-01 7.981125769294427144e-03
1.655822267376589052e-01 1.946847806782735779e-01 6.309242756241044692e-01 8.808716959963259346e-03
1.619399458785763524e-01 1.732656998135950199e-01 6.552928392559911330e-01 9.501515051837411407e-03
1.374689601010065099e-01 1.542491561294071500e-01 6.983803137429421826e-01 9.901570026644043038e-03
1.058115396586308404e-01 1.352596733773704929e-01 7.487820441627028867e-01 1.014674280129555101e-02
7.815536503311672212e-02 1.228278555415960593e-01 7.883449126310126953e-01 1.067186679427449027e-02
5.937420442158576617e-02 1.251817101450482250e-01 8.032424274289732269e-01 1.220165800439284957e-02
4.795399987010754567e-02 1.467846529899201058e-01 7.897078528839592826e-01 1.555349425601272595e-02
4.125772522753810845e-02 1.900082381337710458e-01 7.468797910552866792e-01 2.185424558340419779e-02
3.897489725519832915e-02 2.541759066116996424e-01 6.734832323852864011e-01 3.336596374781598123e-02
4.153321966807080323e-02 3.256035078080367073e-01 5.788355405579456159e-01 5.402773196594718580e-02
4.850337424622505611e-02 3.812284967543727587e-01 4.821093484050651967e-01 8.815878059433715497e-02
5.712403206007328482e-02 4.141206982753294352e-01 3.941852642376558191e-01 1.345700054269412804e-01
6.441613770344688239e-02 4.339910518152113039e-01 3.163909667917751412e-01 1.852018436895662701e-01
7.019849130543411031e-02 4.413898183390801422e-01 2.483420279531649844e-01 2.400696624023204995e-01
7.473780760832485215e-02 4.274162640203339469e-01 1.860403082096442895e-01 3.118056201616968282e-01
8.051109103488224283e-02 3.770848439915321371e-01 1.347021171447736476e-01 4.077019478288122500e-01
8.713669080602459704e-02 3.046832108237786385e-01 9.361425022889631464e-02 5.145658481413004637e-01
9.438907942491582548e-02 2.339740445686104842e-01 6.326369452205674038e-02 6.083731814844165475e-01
1.023778295480221173e-01 1.786089062589890919e-01 4.287598831956086071e-02 6.761372758734279786e-01
1.110358657254516407e-01 1.398079255965948564e-01 2.985073362608550371e-02 7.193054750518680374e-01
1.205947715727966191e-01 1.137881230699895191e-01 2.169178326990226294e-02 7.439253220873116579e-01
1.312028847929309905e-01 9.595074785235568893e-02 1.650559296899909920e-02 7.563407743857138987e-01
1.413854504001445800e-01 8.266387451709115985e-02 1.296082222591706315e-02 7.629898528568472837e-01
1.484437861955727467e-01 7.198334943112863482e-02 1.030373185945286305e-02 7.692691325138459879e-01
1.505062081555618714e-01 6.391370065703656789e-02 8.200368683356636448e-03 7.773797225040453007e-01
1.472681050720633100e-01 5.717463523908813960e-02 6.665150273629186044e-03 7.888921094152193669e-01
1.381081257317736677e-01 5.141666297912935585e-02 5.384665925341418358e-03 8.050905453637559051e-01
1.244506531610077432e-01 4.588644179114366450e-02 4.239673255211870960e-03 8.254232317926367690e-01
1.110113761958196055e-01 4.145107283735042364e-02 3.415927992999794830e-03 8.441216229738301990e-01
1.023093879036038184e-01 3.876404539004314753e-02 3.024324036705489886e-03 8.559022426696476504e-01
9.822283694318531544e-02 3.702898889506019142e-02 2.966638289436212585e-03 8.617815358723184271e-01
9.759140091186839505e-02 3.574200250719221372e-02 3.217888424691681473e-03 8.634487081562477462e-01
9.980817444812296879e-02 3.528295075416159471e-02 3.856335865412682286e-03 8.610525389323026024e-01
1.050683010528133676e-01 3.670435442380790003e-02 5.044756384115479941e-03 8.531825881392633981e-01
1.144122909673507271e-01 4.176327610057316980e-02 7.160946256418259520e-03 8.366634866756578193e-01
1.284580084930443122e-01 5.285114441494030008e-02 1.094376447384872234e-02 8.077470826181665231e-01
1.444388822171202291e-01 7.125084516415537694e-02 1.708572109860203442e-02 7.672245515201223665e-01
1.589511716172171685e-01 9.370418872764425811e-02 2.542865480104368817e-02 7.219159848540949165e-01
1.701871447741420407e-01 1.214739243411294134e-01 3.639983189960312171e-02 6.719390989851250495e-01
1.803366584962216301e-01 1.543757123285878219e-01 5.229313769113931587e-02 6.129944914840512737e-01
1.892707696582495991e-01 1.897104443045396494e-01 7.570409248627642251e-02 5.453146935509340931e-01
1.954239943659343282e-01 2.242062358681667367e-01 1.076620771565365703e-01 4.727076926093623510e-01
1.974485828513382613e-01 2.563846341042149146e-01 1.474191846763973912e-01 3.987475983680491831e-01
1.949351660606933601e-01 2.828224205743624098e-01 1.954397098878239425e-01 3.268027034771204820e-01
1.861627917626531570e-01 3.048130195759579664e-01 2.463994301606578230e-01 2.626247585007308594e-01
1.723255198800529853e-01 3.209326900063524390e-01 2.928060597512450181e-01 2.139357303623498352e-01
1.615574016294463733e-01 3.319475642640868362e-01 3.238611922954954259e-01 1.826338418109715589e-01
1.524110066717236645e-01 3.496273404093730997e-01 3.333584107129615171e-01 1.646032422059417466e-01
1.477296505565571794e-01 3.722843994440145354e-01 3.238081396855105876e-01 1.561778103139179474e-01
1.505648220884162058e-01 3.906416245297114620e-01 3.009070233841106834e-01 1.578865299977615100e-01
1.640701718991279257e-01 3.934640280187710060e-01 2.723860464164024053e-01 1.700797536656984132e-01
1.918776104943206162e-01 3.695072580504561999e-01 2.482116010041146847e-01 1.904035304511085269e-01
2.310554640177261698e-01 3.227693971254138594e-01 2.295790322950237716e-01 2.165961065618361436e-01
2.769176920047146107e-01 2.637643598932944977e-01 2.137110801633870516e-01 2.456068679386037290e-01
3.211423962974410684e-01 2.067749006206187623e-01 1.975074740727308376e-01 2.745752290092093317e-01
3.577841116016149403e-01 1.639457638111666837e-01 1.796292841084844716e-01 2.986408404787340709e-01
3.841621184925708699e-01 1.349884773652260950e-01 1.671632581076186175e-01 3.136861460345843344e-01
4.016379280512872296e-01 1.164875916743740858e-01 1.596582164887977995e-01 3.222162637855411349e-01
4.092408140667472272e-01 1.052904705803273111e-01 1.532657502219876011e-01 3.322029651309376108e-01
