2.239501686464088481e-01 1.284023540041666633e-01 3.081191570965090554e-01 3.395283202529153499e-01
4.130833427149324145e-03 3.357605451396180607e-01 4.530682555890798713e-01 2.070403658441524741e-01
4.340150612794795894e-03 3.587806503007413550e-01 3.892297769269950081e-01 2.476494221594688627e-01
4.746052426748430600e-03 3.604586864490616493e-01 3.153663747253289129e-01 3.194288863988608562e-01
4.986640878927446965e-03 3.389818279308732252e-01 2.401899962258851051e-01 4.158415349643142522e-01
4.755339767531052524e-03 3.019967877338318729e-01 1.763345761933462208e-01 5.169132963052908147e-01
4.166029814541943356e-03 2.583628421114586016e-01 1.276204219193066147e-01 6.098507061546928343e-01
3.482985458199919920e-03 2.131157065633552949e-01 9.056880874192139996e-02 6.928324992365232360e-01
2.871238221169541364e-03 1.661801213791766763e-01 6.125251753037438268e-02 7.696961228692794643e-01
2.431726641111196189e-03 1.186884089657576635e-01 3.850341367493321371e-02 8.403764507181983312e-01
2.206985984535193238e-03 7.699993522526046852e-02 2.263651274712741995e-02 8.981565660430770315e-01
2.011956509348337020e-03 4.596756692959319546e-02 1.247680263338932574e-02 9.395436739276691318e-01
2.286513488850511720e-03 2.652079814716862272e-02 6.827903039762294769e-03 9.643647853242185430e-01
2.562407459604993439e-03 1.614928957330150419e-02 4.032750504165497421e-03 9.772555524629281676e-01
2.982002938732631215e-03 1.098481957090528122e-02 2.790180140367290885e-03 9.832429973499948739e-01
3.723417910803324387e-03 8.653044514380361582e-03 2.362037131377074575e-03 9.852615004434394086e-01
5.223019302775508410e-03 8.061350780023762708e-03 2.474351256428258903e-03 9.842412786607727115e-01
7.943798661719739945e-03 8.610738339022329033e-03 3.010047899159778387e-03 9.804354151000980178e-01
1.222561302849302194e-02 1.007867080914714129e-02 3.901296056839178173e-03 9.737944201055205307e-01
1.864965781584535659e-02 1.276326239973297506e-02 5.201413875092496079e-03 9.633856659093292807e-01
2.903269605546726986e-02 1.776239165896789651e-02 7.342130438650214773e-03 9.458627818469143023e-01
4.819868249533913046e-02 2.794791803256865825e-02 1.147670786619164711e-02 9.123766916059006249e-01
8.555914821850955920e-02 4.944814068866837387e-02 1.961013140516558451e-02 8.453825796876562881e-01
1.510710227127214367e-01 9.153785324597051021e-02 3.363554267138806064e-02 7.237555813699195761e-01
2.337516598353462371e-01 1.586560761787437490e-01 5.208590535631880264e-02 5.555063586295913014e-01
2.935901599073914015e-01 2.425865639959515208e-01 6.984617897037988243e-02 3.939770971262772092e-01
3.083969300273221581e-01 3.314512240296888512e-01 8.434685761876460630e-02 2.758049883242242872e-01
2.891209715739155306e-01 4.179914774531973132e-01 9.654187299593561256e-02 1.963456779769517935e-01
2.521264875629153912e-01 4.992124238861744279e-01 1.078490076637301370e-01 1.408120808871800023e-01
2.071111915540851389e-01 5.717722166853516086e-01 1.207163653058734715e-01 1.004002264546892398e-01
1.609069586017678466e-01 6.285312717427389284e-01 1.386647207044998664e-01 7.189704895099301163e-02
1.205674593148300944e-01 6.640449198026076028e-01 1.623140201762781898e-01 5.307360070628389798e-02
9.027102888187341079e-02 6.826198554514036898e-01 1.868459693380362385e-01 4.026314632868662619e-02
7.025798212684077060e-02 6.859641499749774551e-01 2.129981738446274087e-01 3.077969405355435867e-02
5.821315077111351849e-02 6.694077430327661782e-01 2.486708684607487896e-01 2.370823773537142701e-02
5.154385803105486497e-02 6.267421738479519444e-01 3.029277814025353455e-01 1.878618671845775495e-02
4.790385442239344926e-02 5.623841250918228951e-01 3.741518212532541909e-01 1.556019923252958265e-02
4.547986951493798030e-02 4.925134399779064753e-01 4.486766390380251268e-01 1.333005146913055113e-02
4.391597224614021688e-02 4.347011023725997902e-01 5.096609885348366564e-01 1.172193684642314389e-02
4.422205339271850777e-02 3.966912799642652865e-01 5.480893033851065299e-01 1.099736325790990656e-02
4.675054126366093299e-02 3.762128080914457495e-01 5.656429416385629905e-01 1.139370900633009109e-02
5.107925884466362615e-02 3.717500698877642673e-01 5.639218509443340022e-01 1.324882032323809918e-02
5.678017255607323982e-02 3.834812451937495981e-01 5.422907318289804657e-01 1.744785042119642235e-02
6.303572163748481783e-02 4.083623157289404948e-01 5.033303777861858341e-01 2.527158484738914815e-02
6.953546513826319719e-02 4.420612094297282080e-01 4.500340335571754724e-01 3.836929187483312936e-02
7.640860552122279159e-02 4.770008038593467337e-01 3.887478758869070683e-01 5.784271473252346890e-02
8.126695246459296473e-02 4.998364075305547494e-01 3.389161763614926826e-01 7.998046364335961722e-02
8.242624036864511228e-02 5.072588436080250895e-01 3.115984890961166487e-01 9.871642692721326051e-02
8.185236948265331436e-02 5.108948593572389951e-01 2.947198167514926692e-01 1.125329544086148825e-01
8.259428778916164116e-02 5.247415549887782804e-01 2.682803627396248558e-01 1.243837944824353475e-01
8.610947826616183187e-02 5.513996027508274445e-01 2.238019415455969607e-01 1.386889774374137074e-01
9.103686310034267426e-02 5.774136811938439529e-01 1.717049752086274583e-01 1.598444804971863031e-01
9.632466337324932515e-02 5.879445216016088160e-01 1.244976689375596052e-01 1.912331460875822120e-01
9.987631817540450208e-02 5.781887483322417642e-01 9.138085795904865583e-02 2.305540755333053415e-01
1.005957115739305185e-01 5.593411632271056977e-01 7.104246365740636560e-02 2.690206615415573488e-01
9.900570362924741852e-02 5.405077512639879789e-01 5.864013012946523579e-02 3.018464149772997485e-01
9.467791927821836429e-02 5.255692360223760407e-01 5.121238541989605458e-02 3.285404592795096446e-01
8.664373344443558611e-02 5.148518904636595339e-01 4.716615770721886702e-02 3.513382183846856521e-01
7.590308739407478078e-02 5.021128483577476098e-01 4.536078346652112903e-02 3.766232807816565220e-01
6.528033686781721523e-02 4.759710038934505394e-01 4.490747457875962634e-02 4.138411846599726052e-01
5.657840132335173466e-02 4.280944834162676571e-01 4.440479600330298621e-02 4.709223192570778926e-01
5.020071605048372076e-02 3.609514421380643490e-01 4.179814347459177154e-02 5.470496983368603461e-01
4.503827336279870447e-02 2.895642400600785260e-01 3.583935697671384452e-02 6.295581296004089111e-01
4.018579677605802619e-02 2.281832080205866697e-01 2.813121928248185633e-02 7.034997759208734269e-01
3.590928557989767761e-02 1.794770116203257548e-01 2.115614828465410546e-02 7.634575545151223164e-01
3.255408271094067246e-02 1.396015387009620357e-01 1.560989737721341607e-02 8.122344812108840406e-01
3.059872524216775830e-02 1.061050950842873375e-01 1.134112943587602812e-02 8.519550502376692647e-01
3.069979088399440309e-02 7.906732469067136171e-02 8.217603589073349535e-03 8.820152808362609065e-01
3.389340835184630890e-02 5.895626027856672169e-02 6.192014630770348305e-03 9.009583167388166558e-01
4.183247048828959980e-02 4.542380499317857229e-02 5.183036346197293295e-03 9.075606881723344843e-01
5.696506544777749786e-02 3.710347066787298559e-02 4.996478427610217578e-03 9.009349854567393345e-01
8.289893819867805158e-02 3.288183491134669817e-02 5.432584798072661626e-03 8.787866420919024923e-01
1.883263880943190360e-01 3.452297518616494892e-02 3.401911329665949224e-01 4.369595037529213633e-01
9.632632445602877860e-03 8.730858358699095101e-01 1.156093960933528980e-01 1.672135591134495461e-03
1.197841645632484291e-02 8.225144340560773815e-01 1.622481875950825270e-01 3.258961892515148916e-03
1.492286929865145953e-02 7.610454831938402442e-01 2.174859821731535414e-01 6.545665334354625574e-03
1.850243352490687707e-02 6.934420678013616390e-01 2.751791606483401931e-01 1.287633802539159614e-02
2.241312860848453450e-02 6.329323513259083045e-01 3.207320603453321373e-01 2.392245972027531170e-02
2.585560719846534405e-02 5.946468562971400917e-01 3.383887788059755652e-01 4.110875769841887406e-02
2.851867418192168338e-02 5.867386285524274214e-01 3.189847236022010368e-01 6.575797366344984796e-02
3.094824101463144669e-02 6.041063937960867714e-01 2.657572207267593911e-01 9.918814446252229022e-02
3.401301572187937633e-02 6.239317334251740510e-01 1.999721816080782533e-01 1.420830692448682708e-01
3.797105019821141875e-02 6.224485329231261854e-01 1.490768008925343890e-01 1.905036159861282219e-01
4.302570036040717638e-02 6.000373865380141947e-01 1.224686609665383702e-01 2.344682521350403559e-01
4.935618018867046763e-02 5.707330702290749347e-01 1.123096169141244299e-01 2.676011326681302926e-01
5.773836843219360554e-02 5.371321731506714103e-01 1.129536264774805149e-01 2.921758319396546844e-01
6.912788181512251329e-02 4.951283632084398922e-01 1.207575105114280928e-01 3.149862444650090576e-01
8.461234923796777385e-02 4.409759188778142325e-01 1.331014195792374066e-01 3.413103123049804344e-01
1.042455403841589523e-01 3.779296177355574438e-01 1.478189019675402727e-01 3.700059399127432203e-01
1.265736622603768069e-01 3.171497970456840787e-01 1.637537689553711096e-01 3.925227717385676995e-01
1.477279511909714849e-01 2.697059511678132626e-01 1.824078981621808371e-01 4.001581994790342489e-01
1.625538142513728301e-01 2.415294386419637729e-01 2.090868518006625820e-01 3.868298953060009260e-01
1.701020864903623475e-01 2.293955081543055108e-01 2.487607235296101227e-01 3.517416818257219080e-01
1.747549716711131185e-01 2.202019547155847634e-01 2.970109066697933509e-01 3.080321669435087117e-01
1.842194982045397833e-01 2.051722879230124530e-01 3.354299439542076655e-01 2.751782699182403480e-01
1.996076739888669738e-01 1.778767820070069616e-01 3.625942876960606132e-01 2.599212563080657290e-01
2.147256267649897687e-01 1.471564226535765907e-01 3.822529802035434798e-01 2.558649703778902440e-01
2.275798362368468553e-01 1.248589951049377950e-01 3.916908634355398822e-01 2.558703052226753427e-01
2.400307677578935595e-01 1.176964131212402120e-01 3.862865419478064277e-01 2.559862771730596620e-01
2.570419856988091500e-01 1.221484796221190827e-01 3.679741785217399697e-01 2.528353561573314923e-01
2.786115704992384590e-01 1.341975803646167920e-01 3.408885838387744616e-01 2.463022652973701765e-01
3.007562336339642539e-01 1.505801108139858957e-01 3.071317830589439524e-01 2.415318724931058980e-01
3.199649428981350407e-01 1.695340637295289221e-01 2.646779698989589202e-01 2.458230234733767838e-01
3.331155574969251187e-01 1.909556583299973076e-01 2.127192730332106707e-01 2.632095111398672360e-01
3.332698307676597027e-01 2.167601546147663039e-01 1.571827555859502124e-01 2.927872590316236701e-01
3.136458631833268229e-01 2.478822434911245598e-01 1.099349549979879714e-01 3.285369383275604793e-01
2.796597807347915854e-01 2.849736649747502959e-01 7.481439361167840918e-02 3.605521606787798206e-01
2.434528960974055023e-01 3.214071483482725533e-01 5.197223628335116002e-02 3.831677192709705415e-01
2.147487409059032626e-01 3.497094413411571123e-01 3.877713070419468167e-02 3.967646870487451793e-01
1.949913911731891991e-01 3.710881443089757425e-01 3.206430343534445726e-02 4.018561610824906150e-01
1.828603503444517497e-01 3.869304736957920321e-01 2.929079706126411567e-02 4.009183788984921892e-01
1.766450143284555296e-01 3.950372760674244477e-01 2.869795352861724547e-02 3.996197560755025413e-01
1.736099936245694142e-01 3.926499502557331267e-01 2.917875811113309834e-02 4.045612980085642185e-01
1.701918978567957264e-01 3.780392528635481142e-01 2.997879027399086987e-02 4.217900590056657961e-01
1.635379412326136150e-01 3.511471063971065010e-01 3.046809706828430483e-02 4.548468553019954785e-01
1.508966237451110637e-01 3.156479287977809745e-01 2.996807374764722323e-02 5.034873737094610613e-01
1.341904175881126482e-01 2.745838388262333840e-01 2.804616405002433727e-02 5.631795795356293599e-01
1.144811331724070874e-01 2.346224566440951176e-01 2.533977140677792436e-02 6.255566387767200753e-01
9.717887351855565570e-02 2.018848548128471532e-01 2.334182599853960177e-02 6.775944456700574436e-01
8.479244157780198299e-02 1.824421916773297792e-01 2.369070103411138883e-02 7.090746657107568351e-01
7.906358389333507930e-02 1.729267124384063492e-01 2.733934516270246015e-02 7.206703585055566075e-01
7.722937158376495803e-02 1.658170563276730736e-01 3.451088645254714316e-02 7.224426856360146587e-01
7.594198219480423340e-02 1.567193132428599811e-01 4.509091066530303976e-02 7.222477938970328637e-01
7.247902163985098234e-02 1.454157963670063558e-01 5.899291533178808306e-02 7.231122666613549743e-01
6.462396841535522629e-02 1.315198308244287517e-01 7.529507488637983414e-02 7.285611258738361462e-01
5.254371575322047683e-02 1.156353381362254101e-01 9.197568401227838863e-02 7.398452620982758354e-01
3.961647386493992451e-02 1.003015390198888496e-01 1.078961106767482997e-01 7.521858764384227181e-01
2.941543424273039553e-02 8.825863891455543175e-02 1.233468388772648305e-01 7.589790879654491063e-01
2.301745886765935861e-02 8.066097310832755218e-02 1.388759033738375670e-01 7.574456646501753765e-01
1.964183068273299415e-02 7.696525237887241744e-02 1.570308592392505864e-01 7.463620576991440991e-01
1.833115060366409185e-02 7.538114083107175234e-02 1.840989816639004573e-01 7.221887269013635979e-01
1.842900079641183325e-02 7.306703616341829466e-02 2.290140560974670003e-01 6.794899069427029481e-01
1.953851941753636384e-02 6.706328073588634087e-02 3.004873104601888389e-01 6.129108893863886021e-01
2.121016206172934848e-02 5.606450812838151276e-02 3.937932443636780189e-01 5.289320854462112864e-01
2.313033129204449673e-02 4.285142905117150791e-02 4.763343282465768436e-01 4.576839114102073669e-01
2.630023871657676329e-02 3.237880330481812674e-02 5.140528148733797265e-01 4.272681431052253731e-01
3.309631912958271166e-02 2.650655974763046693e-02 5.033361757121631586e-01 4.370609454106238467e-01
4.666262485939357690e-02 2.431641535992463271e-02 4.603435026357728388e-01 4.686774571449090487e-01
7.172194590992946039e-02 2.441412081529049233e-02 4.016537558987267054e-01 5.022101773760536680e-01
1.166306974091318310e-01 2.621366487318289515e-02 3.429047812581679788e-01 5.142508564595171805e-01
1.923356838240628808e-01 2.958666427468328516e-02 2.953251954066137830e-01 4.827524564946399921e-01
3.047835993688301492e-01 3.309897085067908806e-02 2.514530798743012108e-01 4.106643499061894409e-01
4.427549570829399928e-01 3.491266533598170324e-02 1.974557327862648537e-01 3.248766447948134850e-01
5.759060256717645210e-01 3.463683646808556754e-02 1.393510669659611123e-01 2.501060708941889588e-01
1.746698522533927933e-01 5.840222963437351200e-02 7.583487123368085614e-01 8.579205775424909516e-03
1.682289287799447752e-01 8.055890688125150190e-01 2.165056195215024279e-02 4.531440455390288273e-03
1.596222095376602090e-01 8.170451679691722591e-01 1.895492413312563351e-02 4.377698360042054510e-03
1.515647517296646041e-01 8.271087507460639365e-01 1.708166533232875067e-02 4.244832191942935103e-03
1.440189932153844443e-01 8.355014952284913754e-01 1.621726688738369532e-02 4.262244668740580375e-03
1.422713002322344156e-01 8.372990413981987734e-01 1.587164461727142567e-02 4.558013752295529339e-03
1.513792837234784472e-01 8.274259994409629559e-01 1.587488389599494079e-02 5.319832939563290050e-03
1.733043954956958732e-01 8.034694027850732834e-01 1.647055361651736383e-02 6.755648102713388524e-03
2.110144227316166354e-01 7.628441031047434873e-01 1.726708817190582973e-02 8.874385991734113494e-03
2.627754598562586641e-01 7.077893496980630639e-01 1.807071492042562968e-02 1.136447552525268224e-02
3.248267302074814844e-01 6.427111710253607946e-01 1.863625383725803913e-02 1.382584492989983975e-02
3.913924248141572582e-01 5.729298403983973387e-01 1.915915417704831467e-02 1.651858061039695666e-02
4.525457612251271855e-01 5.074475924460534193e-01 2.015088961958909353e-02 1.985575670923057576e-02
4.979038303319954784e-01 4.567215457799865819e-01 2.214900182780846910e-02 2.322562206020971007e-02
5.337822053055076843e-01 4.158951309111979522e-01 2.466936197623548210e-02 2.565330180705885019e-02
5.648505600264412951e-01 3.796513062259150306e-01 2.854701639888262976e-02 2.695111734876109305e-02
5.983312617312508408e-01 3.413018137490138049e-01 3.339635192604085284e-02 2.697057259369438353e-02
6.353922933166996634e-01 3.002051581244488121e-01 3.829191968667373241e-02 2.611062887217783374e-02
6.731382130006896558e-01 2.591089678652853667e-01 4.256675186367812197e-02 2.518606727034697693e-02
7.100035059683734717e-01 2.189041831464661192e-01 4.635767203275967946e-02 2.473463885240052146e-02
7.441644566253682314e-01 1.802471372739624655e-01 5.084800927000772408e-02 2.474039683066155473e-02
7.694505548345829116e-01 1.466834737098377250e-01 5.869106005875791149e-02 2.517491139682157333e-02
7.783737502825136545e-01 1.206541592676918517e-01 7.465528917160176026e-02 2.631680127819279597e-02
7.662275953758278524e-01 9.925058172183071070e-02 1.060405060429197438e-01 2.848131685942157168e-02
7.266899466184557621e-01 8.170563076122593082e-02 1.596824293298577391e-01 3.192199329046063738e-02
6.750484790850782568e-01 6.221397736521804694e-02 2.278804981222124215e-01 3.485704542749092777e-02
6.385298770679362912e-01 4.435565417584040604e-02 2.812239464319681859e-01 3.589052232425516548e-02
6.424113029317246593e-01 3.102260441349833156e-02 2.913539114332766022e-01 3.521218122150029939e-02
6.871558622643234582e-01 2.218319510953621621e-02 2.567865543667927630e-01 3.387438825934739606e-02
7.539798057995333869e-01 1.629134212946427990e-02 1.980955348201282329e-01 3.163331725087380197e-02
8.194580096820706094e-01 1.231328117472771030e-02 1.400497791168339445e-01 2.817893002636789879e-02
8.676435544318176207e-01 9.922319005975862791e-03 9.780140341254271730e-02 2.463272314966405072e-02
8.966885775400141867e-01 8.790694433883935663e-03 7.242156090378629174e-02 2.209916712231504987e-02
9.126570348186663351e-01 8.509006593934463625e-03 5.821468878942622632e-02 2.061926979797289866e-02
9.220782180211755108e-01 8.737449226797913346e-03 4.949978708846193565e-02 1.968454566356453092e-02
9.301520159782312724e-01 9.101817980619974005e-03 4.198033110067351387e-02 1.876583494047535244e-02
9.394335203532084844e-01 9.225444327528996291e-03 3.367191526270960772e-02 1.766912005655290469e-02
9.491237148756872521e-01 8.991942653744717379e-03 2.516329507965074999e-02 1.672104739091712783e-02
9.567491782643080533e-01 8.670374524748853534e-03 1.804765840181376396e-02 1.653278880912948182e-02
9.605062052509976134e-01 8.656247483932165768e-03 1.321736481003940242e-02 1.762018245503070221e-02
9.599496557676011621e-01 9.230217315175899898e-03 1.045611029171438638e-02 2.036401662550852559e-02
9.549226366304908176e-01 1.059702762213654559e-02 9.120582358582077567e-03 2.535975338879064428e-02
9.443713657898251679e-01 1.299530377005391445e-02 8.770102105727727027e-03 3.386322833439313340e-02
9.257468749038058053e-01 1.674219088856561052e-02 9.219751751120797492e-03 4.829118245650798613e-02
8.962549067212906007e-01 2.192613017840387701e-02 1.018904111974426596e-02 7.162992198056117310e-02
8.547457447640955941e-01 2.813417153730184833e-02 1.114484913073736719e-02 1.059752345678653535e-01
8.026415826122310637e-01 3.453221425677922840e-02 1.155382797281813943e-02 1.512723751581714626e-01
7.425417744650365526e-01 4.054574729187296334e-02 1.137453275827635113e-02 2.055379454848141607e-01
6.767359176906518892e-01 4.628000329507201555e-02 1.100549287613056954e-02 2.659785861381454009e-01
6.085073603949457954e-01 5.188547830584138570e-02 1.073449807702348685e-02 3.288726632221890545e-01
5.418516942908077061e-01 5.748990555719273726e-02 1.063247453492800060e-02 3.900259256170715005e-01
4.813000066886540251e-01 6.350143381038450552e-02 1.069577265879069830e-02 4.445027868421705941e-01
4.311273599091311470e-01 7.019550034103745617e-02 1.087605588471376485e-02 4.878010838651178904e-01
3.911131977091288348e-01 7.811813897567682075e-02 1.109153120516278256e-02 5.196771321100316365e-01
3.572896868656025293e-01 8.419756393172307674e-02 1.112231995213514187e-02 5.473904292505391567e-01
3.264905359115456984e-01 8.801887732914639995e-02 1.086085917396886237e-02 5.746297275853390341e-01
2.985756920940130787e-01 8.942979809399473345e-02 1.037183384658893828e-02 6.016226759654031975e-01
2.754873339976443569e-01 8.962589682953418790e-02 9.869120075495192018e-03 6.250176490973264887e-01
2.600738275812944922e-01 8.956533564611955656e-02 9.527075305126185903e-03 6.408337614674595173e-01
2.544103401346563542e-01 9.233704284696914177e-02 9.773048630162581296e-03 6.434795683882117423e-01
2.597486710032987922e-01 9.733090717516811041e-02 1.070182100540160823e-02 6.322186008161315707e-01
2.730425383103802783e-01 1.032957696290868616e-01 1.225629394156349181e-02 6.114053981189693232e-01
2.890488934082359740e-01 1.079789357545961476e-01 1.431713012422055828e-02 5.886550407129474971e-01
3.065450126876730907e-01 1.103279251591461757e-01 1.719151042694150658e-02 5.659355517262395496e-01
3.263292013217986010e-01 1.103207601218819528e-01 2.150676353570871169e-02 5.418432750206106929e-01
3.474225123415394800e-01 1.084678737603852750e-01 2.798839068231308985e-02 5.161212232157622593e-01
3.678924087820421573e-01 1.061608485150074693e-01 3.779717249029073550e-02 4.881495702126595893e-01
3.852068686057618652e-01 1.047314942871129251e-01 5.274209460326158283e-02 4.573195425038634743e-01
3.959515415579674680e-01 1.059009444725227678e-01 7.426835918488690347e-02 4.238791547846228469e-01
4.009423819017554069e-01 1.084490798575228065e-01 1.027644574396782973e-01 3.878440808010434337e-01
4.004931071298925005e-01 1.135502791893650831e-01 1.367837412559742283e-01 3.491728724247681881e-01
3.959756979672212074e-01 1.215840676305488810e-01 1.725220927175321883e-01 3.099181416846977233e-01
4.895356268985152637e-01 4.138241379877513615e-01 4.900196451506017709e-02 4.763827059867340591e-02
1.488983653589264211e-01 5.469349201229709578e-01 2.897754601225885907e-01 1.439125439551382744e-02
1.381551198133106617e-01 4.961081239609586024e-01 3.502846949401466903e-01 1.545206128558405251e-02
1.440077748855669304e-01 4.345942641833299702e-01 4.026720296517828923e-01 1.872593127932010645e-02
1.742217861426584857e-01 3.684382675478439229e-01 4.313374203825107167e-01 2.600252592698686430e-02
2.363876319657858549e-01 3.023615029515979158e-01 4.223422805849962325e-01 3.890858449761995519e-02
3.270897193119591262e-01 2.400063371272608825e-01 3.759364043720446746e-01 5.696753918873592726e-02
4.308982912488816819e-01 1.823672767364107328e-01 3.090892077230320556e-01 7.764522429167533546e-02
5.247381033193029287e-01 1.354592361061259242e-01 2.386444890454794132e-01 1.011581715290920669e-01
5.881074589611923198e-01 1.039572532260061993e-01 1.766337643465517027e-01 1.313015234662497366e-01
6.191031436203665583e-01 8.425895430726726421e-02 1.275739120435552265e-01 1.690639900288109787e-01
6.212235193328131677e-01 7.516077593911626997e-02 9.528698711859992510e-02 2.083287176094704707e-01
6.157850870911205643e-01 7.451847273483269696e-02 7.433885962586737894e-02 2.353575805481792627e-01
6.184867399958833278e-01 8.320270218331898837e-02 6.033783130155363772e-02 2.379727265192441432e-01
6.320221923393088970e-01 1.028731759348298219e-01 4.982434783416352791e-02 2.152802838916974548e-01
6.441617686694167677e-01 1.346342085006091149e-01 4.125334896259427037e-02 1.799506738673795347e-01
6.378801631109004555e-01 1.786644517542946564e-01 3.482001716664469282e-02 1.486353679681602369e-01
6.123275388247982898e-01 2.295603503791840416e-01 2.874378134429749279e-02 1.293683294517199989e-01
5.702072009569163491e-01 2.834006436692398934e-01 2.445867753545372461e-02 1.219334778383903001e-01
5.310553547907634897e-01 3.271883421018451643e-01 2.147662162292310328e-02 1.202796814844680762e-01
5.053819214697203854e-01 3.545611504011766946e-01 1.998593818477784403e-02 1.200709899443253292e-01
4.926891881864481904e-01 3.661616150306030715e-01 1.979008219607149982e-02 1.213591145868775645e-01
4.851465771811505623e-01 3.700819157630699241e-01 2.072348742061240479e-02 1.240480196351671227e-01
4.776987566621608283e-01 3.742675152807079519e-01 2.264524623607981971e-02 1.253884818210512786e-01
4.747159122612322202e-01 3.786783664737259358e-01 2.550913570031785801e-02 1.210965855647237466e-01
4.837955986722327628e-01 3.771350606941531458e-01 2.974210484222375092e-02 1.093272357913905174e-01
5.036875895793058167e-01 3.655549713528538636e-01 3.624322794597285846e-02 9.451421112186757234e-02
5.254270426469099808e-01 3.461799280625301733e-01 4.582881234538497411e-02 8.256421694517458720e-02
5.388193130784673102e-01 3.255680205026567631e-01 5.920760939060046996e-02 7.640505702827514456e-02
5.381461926559947262e-01 3.089844212685670111e-01 7.665834236975585525e-02 7.621104370568226871e-02
5.274344307171191515e-01 2.945231114994558697e-01 9.619205525693134973e-02 8.185040252649340708e-02
5.188449837932572750e-01 2.746913364280361147e-01 1.126552915578065833e-01 9.380838822089981877e-02
5.240614361791948728e-01 2.446010892733317954e-01 1.213864602584976554e-01 1.099510142889757042e-01
5.395460498885318312e-01 2.109000496245026224e-01 1.234121306062313933e-01 1.261417698807342225e-01
5.633137286941745092e-01 1.766812337932429089e-01 1.189786953153358501e-01 1.410263421972468012e-01
5.921913771145420613e-01 1.443603594622141495e-01 1.079893952211891939e-01 1.554588682020547896e-01
6.188654965840946209e-01 1.171998739850930171e-01 9.646685859967438215e-02 1.674677708311380908e-01
6.431057448634613927e-01 9.697403646478620909e-02 8.767366920744600056e-02 1.722465494643066197e-01
6.692325078973965224e-01 8.246751808538219097e-02 8.225273955229824019e-02 1.660472344649232268e-01
6.967524274840474208e-01 7.240232554310163660e-02 7.935575675852303557e-02 1.514894902143280597e-01
7.159551011696296818e-01 6.736387521066859729e-02 7.929807470725074026e-02 1.373829489124510084e-01
7.209935141567862527e-01 6.698225196789310554e-02 8.352930602949931727e-02 1.284949278458212274e-01
7.140269089097445177e-01 6.927850490639622660e-02 9.394570426509081529e-02 1.227488819187686209e-01
6.971347941483231336e-01 7.247023209858650949e-02 1.130814981213577042e-01 1.173134756317327082e-01
6.654927003570223487e-01 7.708467779362115913e-02 1.450944197664818525e-01 1.123282020828744593e-01
6.221044831722345458e-01 8.160869430968373250e-02 1.882782792863203214e-01 1.080085432317613309e-01
5.653164361834667195e-01 8.862676651260671667e-02 2.409356106342557813e-01 1.051211866696708658e-01
5.100278574460501702e-01 9.755946033395491990e-02 2.885467200707905189e-01 1.038659621492044327e-01
4.679784389091632413e-01 1.058864386132610247e-01 3.203719970414799501e-01 1.057631254360960199e-01
4.403981518991940680e-01 1.127552574185230749e-01 3.350137356878566397e-01 1.118328549944260092e-01
4.208887326828992803e-01 1.207792002727030439e-01 3.366679027663487256e-01 1.216641642780488114e-01
4.005844009332875655e-01 1.324961828560084209e-01 3.314234992219651788e-01 1.354959169887390569e-01
3.822539327833854306e-01 1.515041679416479492e-01 3.122851487646014501e-01 1.539567505103653089e-01
3.724377636093929578e-01 1.786427365709781778e-01 2.756852611640636663e-01 1.732342386555652258e-01
3.680401538588759514e-01 2.128669385653195745e-01 2.311388170164214440e-01 1.879540905593829192e-01
3.639800595857273779e-01 2.493210801772659524e-01 1.906801313176788859e-01 1.960187289193275895e-01
3.474249226027324999e-01 2.939705103558767907e-01 1.617669630804256797e-01 1.968376039609650852e-01
3.104969160018949403e-01 3.568817404435551399e-01 1.427477517643893079e-01 1.898735917901606118e-01
2.501739266929325356e-01 4.469757566664056547e-01 1.283843946839852423e-01 1.744659219566767061e-01
1.834857534846321414e-01 5.513338806566051575e-01 1.134485809569161507e-01 1.517317849018465503e-01
1.284724041476600909e-01 6.469987133890362507e-01 9.778251129039836065e-02 1.267463711729052978e-01
8.856077168093577645e-02 7.237052688429805869e-01 8.419149699411626608e-02 1.035424624819673983e-01
6.001276936752442115e-02 7.820422312445374224e-01 7.365299638867534027e-02 8.429200299926274675e-02
4.055005781127087039e-02 8.230287204552321212e-01 6.566159476925997884e-02 7.075962696423669651e-02
2.894321559769342037e-02 8.478941031289165542e-01 6.117187259648861758e-02 6.199080867690153623e-02
2.360722900752401307e-02 8.590109432399010148e-01 6.074451579674038787e-02 5.663731195583469186e-02
2.138903963416313725e-02 8.628221540060891925e-01 6.215610318892873104e-02 5.363270317081914734e-02
2.151341414959544868e-02 8.620964257130333541e-01 6.493105974076275599e-02 5.145910039660839957e-02
2.259193010211505218e-02 8.601140635201209861e-01 6.812159535130821175e-02 4.917241102645582285e-02
2.427049895241265715e-02 8.570874481555171842e-01 7.136004022861358598e-02 4.728201266345648940e-02
2.671165276162443952e-02 8.523467192842850704e-01 7.522238622932223007e-02 4.571924172476819065e-02
3.045140298445339275e-02 8.442388380552742211e-01 8.083774774360272253e-02 4.447201121666974344e-02
1.348189991490480466e-01 1.061625111726127307e-01 4.053286778523478018e-02 7.184856218931046090e-01
1.399516446034947126e-01 9.946854478976546732e-02 4.083685903102103609e-02 7.197429515757186591e-01
1.414349971540512230e-01 9.355666137641319158e-02 3.902802242404747324e-02 7.259803190454879873e-01
1.377397893687489772e-01 8.993457986228026169e-02 3.666101251829823743e-02 7.356646182506725307e-01
1.307125920780171091e-01 9.109832199415249243e-02 3.582496245298266713e-02 7.423641234748478146e-01
1.252965885195326812e-01 9.966782059038628572e-02 3.745328366874360604e-02 7.375823072213373299e-01
1.259575907244731008e-01 1.179031750238594828e-01 4.082420487333499048e-02 7.153150293783322455e-01
1.339762987017543983e-01 1.463158102941384542e-01 4.439982430755377157e-02 6.753080666965534107e-01
1.468316488676619791e-01 1.839246099701040693e-01 4.712398608939977196e-02 6.221197550728343462e-01
1.578453535275358699e-01 2.308761225572943665e-01 4.927972808913538144e-02 5.619987958260342920e-01
1.621057148827467764e-01 2.865248749381947846e-01 5.148687474169230671e-02 4.998825354373658825e-01
1.600052525888279731e-01 3.443976889468342573e-01 5.306986955586865534e-02 4.425271889084687604e-01
1.552510873173807981e-01 3.936513282304370254e-01 5.169119935659734905e-02 3.994063850955850148e-01
1.531376104898481416e-01 4.220573177769258444e-01 4.587512657170279146e-02 3.789299451615231740e-01
1.570988194690000894e-01 4.223970560106169447e-01 3.743562528205130607e-02 3.830684992383314724e-01
1.693879890905076457e-01 4.000906054996159478e-01 2.950584457554904921e-02 4.010155608343277112e-01
1.961277776602534662e-01 3.722705618904851299e-01 2.416908056431152710e-02 4.074325798849499081e-01
2.481073490120192238e-01 3.536648757469779691e-01 2.128800654998106584e-02 3.769397686910215262e-01
3.378946522406144903e-01 3.382633099047528957e-01 1.915585946678718607e-02 3.046861783878452856e-01
4.626258692174435305e-01 3.087510641629755415e-01 1.568649110414565076e-02 2.129365755154352391e-01
5.905020611334655944e-01 2.658767840395349635e-01 1.173141042007819039e-02 1.318897444069214997e-01
6.841036231334733930e-01 2.303549876511535588e-01 9.001962504044613844e-03 7.653942671132850373e-02
7.372990829695722503e-01 2.116889767670802336e-01 7.376441439973251482e-03 4.363549882337425939e-02
3.052725123157281062e-01 1.470003763613413894e-01 5.319511575148837546e-01 1.577595380804666658e-02
2.698339099580974176e-01 1.683149662966910154e-01 5.492457351246314845e-01 1.260538862057994716e-02
2.429577823266820813e-01 1.883579458889106106e-01 5.586209598563319778e-01 1.006331192807564771e-02
2.197846784786643692e-01 2.023683304600267796e-01 5.699818412333848006e-01 7.865149827923988146e-03
1.955404703739742067e-01 2.091143196858637754e-01 5.891993379596311975e-01 6.145871980530674683e-03
1.672129497422172317e-01 2.100728546089404847e-01 6.177813161452958557e-01 4.932879503546797398e-03
1.371082655585248167e-01 2.050251251234134209e-01 6.538491381372629752e-01 4.017471180798850607e-03
1.090398262261881579e-01 2.003877233037152927e-01 6.872629222797880244e-01 3.309528190308332410e-03
8.561704568587694131e-02 2.032581731641874279e-01 7.083433838830631712e-01 2.781397266872394098e-03
6.701641681913506066e-02 2.160926691657887866e-01 7.144886477082478260e-01 2.402266306828508037e-03
5.089257776750268775e-02 2.447739169705185902e-01 7.021447615329793335e-01 2.188743728999331759e-03
3.676395332969954050e-02 2.945829862513390518e-01 6.665730119331539916e-01 2.080048485807721014e-03
2.531367917295075307e-02 3.640899549315364525e-01 6.085886144809691256e-01 2.007751414543730833e-03
1.725556216431333237e-02 4.412182871430647135e-01 5.395235960737281289e-01 2.002554618894141370e-03
1.233802447781558870e-02 5.055447335401662690e-01 4.800024942319516263e-01 2.114747750066536813e-03
9.803921810337288753e-03 5.406027756188385158e-01 4.472398648128292908e-01 2.353437757995037287e-03
9.109892209614674219e-03 5.448256974150862408e-01 4.433012946726792025e-01 2.763115702619946181e-03
9.902577957637470271e-03 5.283469829607633228e-01 4.582786093550075823e-01 3.471829726591577330e-03
1.206714329739698444e-02 5.015690155527107175e-01 4.816977857746951308e-01 4.666055375197317341e-03
1.581203612321322935e-02 4.672088365001474952e-01 5.105266383048829848e-01 6.452489071756067722e-03
2.128412841801789052e-02 4.203334113933614447e-01 5.499014158202346625e-01 8.481044368386054383e-03
2.875770452679353786e-02 3.587694505578565285e-01 6.022331523572650447e-01 1.023969255808490283e-02
3.889642339567774693e-02 2.901784650977656255e-01 6.594139811227019976e-01 1.151113038385465255e-02
5.220658856532364722e-02 2.269738269642158912e-01 7.085691806117407898e-01 1.225040385871955032e-02
6.862131457877659879e-02 1.768691321088504409e-01 7.422337455967689124e-01 1.227580771560396987e-02
8.850308081573415864e-02 1.408260887313118881e-01 7.590776937821065440e-01 1.159313667084722888e-02
1.142084719712104790e-01 1.151588442699344184e-01 7.598623299659211794e-01 1.077035379293381050e-02
1.496818046078356446e-01 9.418924699215679153e-02 7.458321721907461566e-01 1.029677620926109163e-02
1.952290866468978647e-01 7.486238747251156012e-02 7.198138954198178840e-01 1.009463046077275876e-02
2.436743909676671038e-01 6.137139117066338356e-02 6.850020785784252109e-01 9.952139283244320830e-03
2.783074374875179058e-01 5.461537221649535867e-02 6.572779731877204101e-01 9.799217108266511031e-03
2.853023484623475325e-01 5.481013271841039119e-02 6.500638238956951698e-01 9.823694923547026184e-03
2.662944505222838987e-01 5.842658025044413644e-02 6.652043481600796726e-01 1.007462106719214309e-02
2.360832544873038841e-01 6.275080974958317792e-02 6.905406676940336608e-01 1.062526806907927897e-02
2.078325563412899701e-01 6.909209517701964121e-02 7.113536392763890603e-01 1.172170920530093106e-02
1.884123414945838015e-01 8.244990292238159324e-02 7.151355241715700028e-01 1.400223141146456768e-02
1.798621179203710729e-01 1.089653606253058182e-01 6.925264857841351152e-01 1.864603567018828512e-02
1.758245247813652323e-01 1.568087044823382736e-01 6.394214760808453191e-01 2.794529465545096680e-02
1.767049686620525140e-01 2.291756680286706482e-01 5.485526930605896245e-01 4.556667024868683163e-02
1.880470477822688002e-01 3.057293720511465862e-01 4.307698960241255759e-01 7.545368414245892663e-02
2.095507176116199466e-01 3.567349407963786856e-01 3.156275621592148362e-01 1.180867794327864623e-01
2.293543542189356577e-01 3.759184059913485698e-01 2.265354446161907398e-01 1.681917951735249217e-01
2.386386197728679603e-01 3.749264524480585559e-01 1.649277726715026593e-01 2.215071551075706024e-01
2.343790991746992070e-01 3.616937606582906750e-01 1.214766582862901595e-01 2.824504818807204165e-01
2.184926659933208726e-01 3.313588316488603747e-01 8.861372107046028290e-02 3.615347812873581645e-01
1.961524471264813607e-01 2.809309069017898453e-01 6.351309204840668854e-02 4.594035539233218834e-01
1.747970220357902005e-01 2.221019223831759148e-01 4.502546636857186063e-02 5.580755892124615869e-01
1.602384115122045538e-01 1.701324474572438461e-01 3.223061919951201310e-02 6.373985218310392886e-01
1.537527121298820909e-01 1.312447421011344317e-01 2.375764036878263985e-02 6.912449054002008930e-01
1.536346211462154276e-01 1.044508112025818031e-01 1.809683840553434966e-02 7.238177292456684508e-01
1.576765535550989084e-01 8.664688503618683812e-02 1.421216807427037182e-02 7.414643933344438054e-01
1.639131414636468553e-01 7.530498067959956465e-02 1.141496747561399766e-02 7.493669103811396726e-01
1.718579180184268140e-01 6.616039292014194717e-02 9.342387865274196651e-03 7.526393011961571844e-01
1.782200391745602797e-01 5.971512180179255197e-02 7.725936139972721869e-03 7.543389028836744448e-01
1.812331355655292797e-01 5.563407360503182242e-02 6.483674433233564509e-03 7.566491163962051347e-01
1.790188509211974033e-01 5.350977035991821146e-02 5.531086017253724653e-03 7.619402927016306615e-01
1.710026305461716523e-01 5.225669093420227951e-02 4.682656948926933876e-03 7.720580215706990268e-01
1.591573049758885083e-01 5.107829209681348515e-02 3.849266391946118849e-03 7.859151365353520546e-01
1.489486087728588981e-01 5.047759227277810734e-02 3.203657707323998363e-03 7.973701412470388661e-01
1.453199691483383071e-01 5.086695004791381286e-02 2.884262926211219550e-03 8.009288178775366696e-01
1.472086295481668805e-01 5.111714653789867224e-02 2.831133958286477514e-03 7.988430899556482334e-01
1.507717723879155314e-01 5.027871069969623574e-02 3.009443173169328804e-03 7.959400737392188230e-01
1.533128321341255818e-01 4.872287633962010117e-02 3.453088478698089405e-03 7.945112030475561804e-01
1.546431997275233838e-01 4.788361184543157845e-02 4.255602606253172486e-03 7.932175858207920482e-01
1.552893909720975407e-01 4.951415445695290379e-02 5.669041203988392681e-03 7.895274133669610839e-01
1.543678592038210950e-01 5.500973989182363771e-02 8.198237555552195105e-03 7.824241633488030478e-01
1.501724777185107773e-01 6.457486052604696769e-02 1.234642312979823686e-02 7.729062386256438932e-01
1.440910092990758673e-01 7.650474621509845141e-02 1.827014276746828647e-02 7.611341017183573809e-01
1.391701342597063129e-01 9.312058123298333490e-02 2.632912964103505116e-02 7.413801548662752872e-01
1.374232197780956288e-01 1.161237710185008681e-01 3.847889538992255165e-02 7.079741138134807432e-01
1.374580594118021415e-01 1.449828372202233706e-01 5.701645507455827683e-02 6.605426482934159127e-01
1.368338314090735142e-01 1.785048303378850565e-01 8.365751034146103049e-02 6.010038279115802462e-01
1.335405884109287511e-01 2.159259049781560580e-01 1.194371903420030911e-01 5.310963162689119610e-01
1.263404584511287343e-01 2.546111457610806261e-01 1.656905012241234043e-01 4.533578945636667634e-01
1.149674150669222628e-01 2.906053433514403928e-01 2.204499475428242372e-01 3.739772940388129685e-01
1.019414774976105248e-01 3.218604664095703338e-01 2.733404030139744423e-01 3.028576530788447685e-01
9.110210993696485349e-02 3.571011067336846145e-01 3.052793320505764463e-01 2.465174512787739747e-01
8.324082471207107370e-02 3.975881433832361700e-01 3.145577278600166227e-01 2.046133040446763418e-01
7.926533327489189429e-02 4.434309195505236056e-01 3.023487465272209351e-01 1.749550006473636343e-01
8.052992989099336252e-02 4.865238385284919587e-01 2.755247692148052319e-01 1.574214623657099188e-01
8.989854194724916647e-02 5.156512396608108340e-01 2.433367638333151506e-01 1.511134545586249323e-01
1.130586288346479562e-01 5.160461427860810746e-01 2.160514056169897668e-01 1.548438227622807584e-01
1.567094123402466288e-01 4.804593754376933479e-01 1.933436975183325524e-01 1.694875147037272489e-01
2.253163371582609098e-01 4.100899026970388217e-01 1.712026379304204537e-01 1.933911222142793429e-01
3.104417250426961261e-01 3.232799018142418213e-01 1.453594576446270437e-01 2.209189154984350090e-01
3.894566548984637611e-01 2.455943506368811202e-01 1.186443757396868776e-01 2.463046187249684216e-01
4.445807502193259153e-01 1.911190609927858608e-01 9.646462161450068684e-02 2.678355671733875787e-01
4.753413826925196317e-01 1.562963085742456182e-01 8.100727631363094372e-02 2.873550324196038064e-01
4.851599889697165713e-01 1.359308441407584556e-01 6.939153111687131059e-02 3.095176357726539540e-01
