5.729367643891841722e-01 1.359079101025582534e-02 4.068165166272705302e-01 6.655927973289491387e-03
1.546106187127006537e-01 7.954255032515223922e-01 3.987563782707660015e-02 1.008824020870041464e-02
1.101144887447106369e-01 8.450584574622800327e-01 3.764514456987923252e-02 7.181909223130228045e-03
7.707803413748595678e-02 8.815616288700179881e-01 3.639640491009236978e-02 4.963932082403258589e-03
5.379008051417478314e-02 9.062824529091794146e-01 3.649611984273042065e-02 3.431346733915543405e-03
3.785197496930759603e-02 9.220914527936656668e-01 3.759863340700014822e-02 2.457938830026555523e-03
2.653524474024028523e-02 9.334130854274471645e-01 3.822423286767149403e-02 1.827436964640905123e-03
1.908941021795911366e-02 9.424454623740395887e-01 3.710172022628044353e-02 1.363407181720952379e-03
1.309952664975390368e-02 9.516341791311943021e-01 3.429937382511615701e-02 9.669203939355734169e-04
9.720488128648705622e-03 9.578011611262386982e-01 3.181620652310458014e-02 6.621442220079528556e-04
8.296242346264465564e-03 9.602345843808003378e-01 3.100632947543860776e-02 4.628437974964008401e-04
8.218845586824310295e-03 9.593623825834846075e-01 3.206997790175932644e-02 3.487939279319678836e-04
9.112156036833168188e-03 9.563830307763299121e-01 3.421891445165372442e-02 2.858987351831900211e-04
1.084148395597066446e-02 9.527715436101265034e-01 3.613276710052721469e-02 2.542053333755230657e-04
1.368605046689314909e-02 9.492833598412659946e-01 3.677554739565388336e-02 2.550422961869044046e-04
1.820448923653164575e-02 9.446221261764968791e-01 3.687562504893492077e-02 2.977595380366144812e-04
2.293135900274562503e-02 9.383712141687077235e-01 3.831364762356221504e-02 3.837792049841935726e-04
2.907564506028893422e-02 9.281108786098366537e-01 4.228885022653354475e-02 5.246261033408172823e-04
3.638478931975437647e-02 9.150410686219003775e-01 4.785286452986653449e-02 7.212775284787942406e-04
4.469957711627148278e-02 9.009931561439655789e-01 5.335420932097397623e-02 9.530574187890091063e-04
5.279004274520555928e-02 8.874435707096709480e-01 5.857970311492480958e-02 1.186683430198516359e-03
6.132037334350338292e-02 8.701200290287326444e-01 6.709829687578150459e-02 1.461300751982711572e-03
7.266231915257660712e-02 8.404879932243640717e-01 8.492020336392608337e-02 1.929484259133274924e-03
8.465748401158348924e-02 7.948709914918037356e-01 1.176903817753248288e-01 2.781142721287691803e-03
8.921684557706671681e-02 7.368886182951768227e-01 1.697805284019321681e-01 4.114007725824237773e-03
8.284969225766045109e-02 6.707800287170919695e-01 2.405413546068803643e-01 5.828924418367298355e-03
6.812183841163001186e-02 6.057463037693328056e-01 3.185549306252588586e-01 7.576927193778289216e-03
5.213337314394816263e-02 5.530238523845908416e-01 3.857584095948766167e-01 9.084364876584096263e-03
3.991703599160270621e-02 5.189074037264327366e-01 4.308255285176503802e-01 1.035003176431418745e-02
3.215940104136107147e-02 4.978795263577438512e-01 4.585726261969771955e-01 1.138844640391801881e-02
2.712106663812846596e-02 4.845726162132923398e-01 4.763981579776538910e-01 1.190815917092513145e-02
2.333637688600021659e-02 4.660727555415347112e-01 4.984396444387632630e-01 1.215122313370169474e-02
2.008721679357798606e-02 4.414772147053939166e-01 5.261872817035820882e-01 1.224828679744616004e-02
1.744890888720393787e-02 4.126888036396301751e-01 5.574716158616604966e-01 1.239067161150565234e-02
1.544130628204672291e-02 3.808847083237966724e-01 5.910692974193819671e-01 1.260468797477482666e-02
1.381560278995926788e-02 3.477165804850506636e-01 6.257343593037482110e-01 1.273345742124184186e-02
1.244497361824738538e-02 3.191431417736568243e-01 6.556880531551858571e-01 1.272383145290988116e-02
1.135284588085226642e-02 3.028728682244161141e-01 6.730834751466214794e-01 1.269081074811033438e-02
1.077468501524820980e-02 3.078839041434969781e-01 6.683242398370775605e-01 1.301717100417740594e-02
1.111719700119672555e-02 3.403160417977367236e-01 6.343256744911270895e-01 1.424108670993946314e-02
1.254499462919283007e-02 3.905244989568937286e-01 5.805713796303507701e-01 1.635912678356276836e-02
1.486300635979394789e-02 4.319528559170287552e-01 5.348173206393147527e-01 1.836681708386237247e-02
1.767248466651196587e-02 4.415386548235314401e-01 5.217710340491987786e-01 1.901782646075768357e-02
2.055483993628349701e-02 4.138258895161503470e-01 5.475223994732467681e-01 1.809687107431916936e-02
2.313438916048056807e-02 3.582217292914847695e-01 6.022304066418100454e-01 1.641347490622456148e-02
2.571443576873117323e-02 2.908547967686679336e-01 6.682970792054409026e-01 1.513368825715990205e-02
2.955351217667064045e-02 2.299053554624563567e-01 7.254136255022293200e-01 1.512750685864356313e-02
3.601531076818356020e-02 1.882337658267448366e-01 7.588376769490770002e-01 1.691324645599474527e-02
4.484758636001823923e-02 1.657919798330581285e-01 7.686322183023647225e-01 2.072821550455894446e-02
5.362442833267995479e-02 1.536717857068685411e-01 7.662681621483190542e-01 2.643562381213252280e-02
6.012149481484981711e-02 1.426784144608211347e-01 7.634949023896014930e-01 3.370518833472727765e-02
6.457062778095487565e-02 1.289208025862742524e-01 7.640260115711202671e-01 4.248255806165057713e-02
6.952127199465027441e-02 1.142890499510902380e-01 7.627874764319088063e-01 5.340220162235076451e-02
7.697595069174280324e-02 1.010984220101839165e-01 7.567592151664045419e-01 6.516641213166862734e-02
8.557958302468728073e-02 8.859742680255379421e-02 7.547877041564459155e-01 7.103528601631313444e-02
9.200141316271295833e-02 7.547937017108555247e-02 7.677178961155789461e-01 6.480132055062259866e-02
9.433977016227047818e-02 6.270422331232949897e-02 7.922826174710926317e-01 5.067338905430755075e-02
9.193061468601246289e-02 5.259243916439380190e-02 8.183602473984342707e-01 3.711669875115938128e-02
8.430846851069959125e-02 4.573780841516517787e-02 8.421898983252804616e-01 2.776382474885474849e-02
7.254048762210990597e-02 4.004799990189223530e-02 8.653840714613668661e-01 2.202744101463068385e-02
5.865441445399980497e-02 3.291968551586766517e-02 8.902075855522627590e-01 1.821831447786932331e-02
4.452142018470919838e-02 2.438754141474915385e-02 9.158524292501543096e-01 1.523860915038755502e-02
3.187470807164330400e-02 1.743345650678986003e-02 9.377061902731680387e-01 1.298564514839849193e-02
2.209046025823255266e-02 1.152000085772414591e-02 9.549819229078395644e-01 1.140761597620365553e-02
1.505567298057930263e-02 7.797173135720906860e-03 9.664687432096652486e-01 1.067841067403465377e-02
1.041068631390246538e-02 5.698624468228249799e-03 9.729344761558369470e-01 1.095621306203233870e-02
7.700107785622142299e-03 4.686766662654801019e-03 9.751296307531384100e-01 1.248349479858488521e-02
6.306679644488899679e-03 4.271692921784592777e-03 9.742448067525618649e-01 1.517682068116443274e-02
5.632334022691110401e-03 4.143816327424379962e-03 9.715453740650626946e-01 1.867847558482196163e-02
5.341495052640841262e-03 4.247673708592744797e-03 9.676100617122340708e-01 2.280076952653247238e-02
5.349337849974620217e-03 4.642527457666660237e-03 9.623323548393364346e-01 2.767577985302233437e-02
5.607518888411725834e-03 5.287630126339220964e-03 9.553966768506004792e-01 3.370817413464871626e-02
5.431369607256799625e-01 4.160375447893800982e-01 1.184502672606159608e-02 2.898046775887843166e-02
1.681854393586511565e-01 4.814644692424503020e-02 3.563011472971951837e-02 7.480379989873844337e-01
1.358488405285937228e-01 3.576335028432833796e-02 2.874874836761179969e-02 7.996390608194664518e-01
1.069957082960639738e-01 2.764575749903605897e-02 2.316659787017745151e-02 8.421919363347223353e-01
8.079074791517631970e-02 2.288958066730972102e-02 1.858892246961089262e-02 8.777307489479030389e-01
5.904719561013072743e-02 2.116094534792419685e-02 1.524412633755071675e-02 9.045477327043943694e-01
4.249687865438377815e-02 2.243533640919982697e-02 1.317327174811862983e-02 9.218945131882979593e-01
3.062850116703434711e-02 2.756857742776561843e-02 1.214625429644150718e-02 9.296566671087590494e-01
2.274042075563096135e-02 3.944182303198043305e-02 1.190602307809078379e-02 9.259117331342980872e-01
1.836228998742017379e-02 6.330515624959189014e-02 1.219241202281992446e-02 9.061401417401679925e-01
1.689793747828267564e-02 1.020997136307659064e-01 1.275919071716634032e-02 8.682431581737850568e-01
1.759354411977469626e-02 1.466417885007894606e-01 1.330084961765930739e-02 8.224638177617766832e-01
2.043620070215072110e-02 1.759972833649518509e-01 1.368433459675858291e-02 7.898821813361386335e-01
2.549718256955183296e-02 1.760182111582102304e-01 1.387327033705446772e-02 7.846113359351836181e-01
3.173380854300293652e-02 1.513372713857292773e-01 1.357745284372191379e-02 8.033514672275459123e-01
3.671767561444780337e-02 1.174577743917279288e-01 1.244687530285337219e-02 8.333776746909705713e-01
3.842946611966549519e-02 8.846159962246694097e-02 1.071605945110818206e-02 8.623928748067593020e-01
3.769800709924455567e-02 6.959776817769508517e-02 9.162481839731190930e-03 8.835417428833293174e-01
3.680999974312437056e-02 5.928562829666083472e-02 8.281328111276053602e-03 8.956230438489386492e-01
3.679380972198428162e-02 5.447355503380803265e-02 8.064738737125411172e-03 9.006678965070823439e-01
3.735176033750517433e-02 5.252324953773998550e-02 8.305388768577845818e-03 9.018196013561771140e-01
3.827705919401871992e-02 5.183237830674999880e-02 8.901163816213425103e-03 9.009893986830177504e-01
3.982127100645662526e-02 5.199761090716682049e-02 9.958108015627352080e-03 8.982230100707488951e-01
4.192861206805479496e-02 5.317722741721429836e-02 1.169871525211953721e-02 8.931954452626110763e-01
4.384645655889126553e-02 5.576994718553270058e-02 1.438867621530646491e-02 8.859949200402693625e-01
4.527562587575761910e-02 6.134121859206943111e-02 1.860310957286155989e-02 8.747800459593116917e-01
4.649350038111393218e-02 7.228753811051620570e-02 2.544307393388398411e-02 8.557758875744858607e-01
4.694389154739402048e-02 9.011622104146198298e-02 3.642906539941369315e-02 8.265108220117303173e-01
4.585639934934816753e-02 1.157756145801538683e-01 5.363531583309480433e-02 7.847326702374031182e-01
4.296240900028616694e-02 1.510025779598038465e-01 8.001114645622257882e-02 7.260238665836875604e-01
3.875017437494572559e-02 1.980303821984238655e-01 1.203616516765952937e-01 6.428577917500355454e-01
3.384461925918019753e-02 2.532919803938767367e-01 1.815963527846048975e-01 5.312670475623382238e-01
2.885854061158000042e-02 3.027088757861108870e-01 2.678552663810139789e-01 4.005773172212952482e-01
2.434370235266452784e-02 3.311676947875566435e-01 3.688707003382638017e-01 2.756179025215147460e-01
2.060402022352580964e-02 3.376310485175331166e-01 4.616441383073743299e-01 1.801207929515667439e-01
1.771568698714070036e-02 3.283618851592209897e-01 5.355963522251656617e-01 1.183260756284730403e-01
1.555689401579838337e-02 3.065927244346026148e-01 5.969086547094318851e-01 8.094172684016726071e-02
1.393804550001355100e-02 2.761825115186160029e-01 6.517899139626707194e-01 5.808952901869986890e-02
1.263238212948904378e-02 2.385651688080371036e-01 7.055073752982924384e-01 4.329507376418105513e-02
1.130680513685655003e-02 1.924070510663046241e-01 7.633515017421451665e-01 3.293464205469380512e-02
9.912775432818612953e-03 1.422954479800923600e-01 8.222868680762178695e-01 2.550490851087149763e-02
9.388177659116363205e-03 1.012544812710582248e-01 8.685769167061594409e-01 2.078042436366587045e-02
8.114929399738115764e-03 7.529376461295177181e-02 8.980969889094845282e-01 1.849431707782549922e-02
8.958782930141809264e-03 5.845835094866636689e-02 9.136881164697302493e-01 1.889474965146161617e-02
1.081024172272787055e-02 4.911983116814846312e-02 9.168959328417782828e-01 2.317399426734519791e-02
1.527464763363899081e-02 4.666826797560999496e-02 9.022062970221140787e-01 3.585078736863708815e-02
2.456156091609211153e-02 5.592368178281249824e-02 8.503319980216742513e-01 6.918275927942107995e-02
3.862474419725023256e-02 8.128152333312843592e-02 7.387775828797008559e-01 1.413161495899205866e-01
5.038388843373439036e-02 1.189066823733651301e-01 5.817625804540325074e-01 2.489468487388677709e-01
5.455578274604017813e-02 1.620764569058613658e-01 4.271879073175116059e-01 3.561798530305869126e-01
5.407492424055935359e-02 2.083385914199981648e-01 3.069894231083627467e-01 4.305970612310799361e-01
5.372874222094647934e-02 2.521431468032047096e-01 2.275975469659256845e-01 4.665305640099232654e-01
5.633534927825472466e-02 2.844432342750156106e-01 1.807971024072352606e-01 4.784243140394943694e-01
6.195258503726661786e-02 3.005722277486504446e-01 1.524445265563649787e-01 4.850306606577182156e-01
6.931249947260594013e-02 3.004599526731051573e-01 1.304532089581000032e-01 4.997743388961889965e-01
7.742347549631435621e-02 2.868686525372409757e-01 1.098557046649231705e-01 5.258521673015212894e-01
8.589162007086660611e-02 2.635559075560287567e-01 8.974610238938661444e-02 5.608063699837182448e-01
9.464522966514239688e-02 2.367395374391581264e-01 7.053815157645362821e-02 5.980770813192460844e-01
1.038347466341144193e-01 2.161548303469870147e-01 5.362360842804022448e-02 6.263868145908585428e-01
1.117599805837537208e-01 2.066677580566874395e-01 3.992987881410500761e-02 6.416423825454539154e-01
1.186392490896520518e-01 2.031084834105769121e-01 2.906314280927056043e-02 6.491891246905004964e-01
1.224856985346765154e-01 1.996990952561031873e-01 2.081477675072749764e-02 6.570004294584930182e-01
1.232923745608862781e-01 1.929329886603044497e-01 1.492316738218121656e-02 6.688514693966278735e-01
1.228268748196601895e-01 1.866824123016038728e-01 1.125071446480590924e-02 6.792399984139296798e-01
1.243343959086526673e-01 1.887752819176421737e-01 9.580548497431423671e-03 6.773097736762733190e-01
1.304789179807161748e-01 2.044123967660791130e-01 9.632355645632294586e-03 6.554763296075724055e-01
1.426805634743511797e-01 2.364048839147256664e-01 1.138969829266159826e-02 6.095248543182613110e-01
1.588392882606133594e-01 2.846631326354637226e-01 1.490028942033943399e-02 5.415972896835832273e-01
1.736240662915423671e-01 3.446573354040715631e-01 1.958397587909696883e-02 4.621346224252892432e-01
1.800318063831198023e-01 4.100115403099480749e-01 2.422560198486875885e-02 3.857310513220633119e-01
1.821243432010715702e-01 4.657556325218057403e-01 2.768215857517598855e-02 3.244378657019465484e-01
1.860605367712148406e-01 4.997321834032452670e-01 2.986008238083412425e-02 2.843471974447056017e-01
4.309573478515913575e-02 2.360292436335708829e-02 9.304733516509130498e-01 2.827989200570932629e-03
5.368945933473837639e-01 3.743507751953814577e-01 4.387723058854644392e-02 4.487740086868798745e-02
6.115953164105513151e-01 3.048624108444689118e-01 4.370516242237833249e-02 3.983711032260171120e-02
6.901126821821357282e-01 2.313175929759317406e-01 4.187403063191406233e-02 3.669569421001855902e-02
7.599223641483451308e-01 1.676489619332244829e-01 3.757837252739793660e-02 3.485030139103279662e-02
8.092733326868294386e-01 1.240413578360704261e-01 3.195342165948253377e-02 3.473188781761762933e-02
8.334592585530914421e-01 1.018448040657645992e-01 2.696604070329075217e-02 3.772989667785322382e-02
8.369501855250640610e-01 9.488109985087724019e-02 2.354904137218261084e-02 4.461967325187611577e-02
8.291446507081807749e-01 9.469201815633071506e-02 2.149157831778677682e-02 5.467175281770150774e-02
8.189000703761686317e-01 9.440258405477790216e-02 2.040301322612591423e-02 6.629433234292761434e-02
8.106292764972150566e-01 9.108429909199862451e-02 2.010941775305048404e-02 7.817700665773578972e-02
8.048641138718621857e-01 8.547138822061771390e-02 2.049174735959863325e-02 8.917275054792196676e-02
7.988002915488282563e-01 8.058828383766236669e-02 2.149279902058104721e-02 9.911862559292827779e-02
7.827403296866813909e-01 8.284764278281714356e-02 2.422627703723170822e-02 1.101857504932698406e-01
7.564015942537114512e-01 9.208495694093540851e-02 2.872932628095282645e-02 1.227841225244005879e-01
7.254673577278140106e-01 1.057323885195426971e-01 3.486621362550412773e-02 1.339340401271390812e-01
6.969610379140788181e-01 1.207313777249406916e-01 4.267079779161626896e-02 1.396367865693647070e-01
6.718941836048462068e-01 1.364055402147529572e-01 5.317805469281989411e-02 1.385222214875807545e-01
6.424633535722492628e-01 1.548778236948363807e-01 6.914883376819824790e-02 1.335099889647161642e-01
6.070486031229924695e-01 1.732897266406054904e-01 9.202768949266651455e-02 1.276339807437359142e-01
5.658156657446449245e-01 1.879250179387896569e-01 1.248414258412467726e-01 1.214178904753184934e-01
5.265992358676914176e-01 1.921263993524160441e-01 1.682768021719822926e-01 1.129975626079104817e-01
4.999386052310429984e-01 1.811135696499326375e-01 2.180291972808192646e-01 1.009186278382050717e-01
4.870967274387221768e-01 1.631474441484406235e-01 2.638228758639608040e-01 8.593295254887640955e-02
4.878303035120821751e-01 1.471966066333897094e-01 2.946116836493551938e-01 7.036140620517311595e-02
4.980183158747821803e-01 1.388354675448191244e-01 3.061389380584793596e-01 5.700727852191932871e-02
5.189307170010358794e-01 1.355643114017630324e-01 2.984007995587208417e-01 4.710417203848017015e-02
5.598739701770345523e-01 1.319345253331677681e-01 2.679847573745955946e-01 4.020674711520200867e-02
6.233417281552123823e-01 1.267384806877972780e-01 2.148205254810481579e-01 3.509926567594225805e-02
6.922201066503607114e-01 1.220258344818664908e-01 1.547162317550696831e-01 3.103782711270310427e-02
7.465487497869263134e-01 1.199447061587763652e-01 1.050209768938691890e-01 2.848556716042810119e-02
7.871176496742420259e-01 1.154304038779040559e-01 6.992842028905260632e-02 2.752352615880131192e-02
8.167077717131102643e-01 1.084264129256301279e-01 4.648447623861640121e-02 2.838133912264316841e-02
8.388383930582621328e-01 9.739999172187341347e-02 3.280686386755817668e-02 3.095475135230633251e-02
8.547823029622710900e-01 8.551984210627265603e-02 2.393317549296800073e-02 3.576467943848802428e-02
8.629960932428548670e-01 7.498029935040002869e-02 1.835714568443630804e-02 4.366646172230875811e-02
8.622307502844189786e-01 6.687764000433531197e-02 1.462615181434787776e-02 5.626545789689760269e-02
8.511943005884402558e-01 6.133790970185368924e-02 1.198080868371823905e-02 7.548698102598766502e-02
8.303845719399689518e-01 5.777226768559283465e-02 1.004748541539622966e-02 1.017956749590420290e-01
8.062015880126920386e-01 5.399145748251702598e-02 8.465773924865253180e-03 1.313411805799253596e-01
7.878510021573307265e-01 4.806531259029897529e-02 7.019674664416663233e-03 1.570640105879537451e-01
7.789744599193073604e-01 4.078954940945099528e-02 5.786186974038177826e-03 1.744498036972033372e-01
7.772798322756553357e-01 3.436758572094637809e-02 4.924577840854219880e-03 1.834280041625442614e-01
7.791791973109846170e-01 3.017821350732182231e-02 4.541664776168332675e-03 1.861009244055252532e-01
7.811047728234583598e-01 2.854709730802078987e-02 4.722630644780623221e-03 1.856254992237403867e-01
7.811361098407244574e-01 2.925565421785591633e-02 5.559464758033307204e-03 1.840487711833863615e-01
7.809136116323404098e-01 3.168639370469640559e-02 7.094298451173862777e-03 1.803056962117893236e-01
7.838906545660037084e-01 3.505920807286526386e-02 9.239619354092452538e-03 1.718105180070389204e-01
7.936852016725646219e-01 3.831516843301262937e-02 1.168915321829932207e-02 1.563104766761235220e-01
8.129308675793052164e-01 4.012017230668631779e-02 1.398209889090958925e-02 1.329668612230989755e-01
8.408315538926295352e-01 3.956597527756820776e-02 1.572542970132540657e-02 1.038770411284769823e-01
8.705920880159095931e-01 3.737276704231286273e-02 1.691075102386275023e-02 7.512439391791475574e-02
8.941996488291849010e-01 3.567480216259481807e-02 1.801256528359468020e-02 5.211298372462576378e-02
9.075961338886597840e-01 3.649940592262534977e-02 1.979600858281511250e-02 3.610845160589951086e-02
9.081459802774927148e-01 4.192238295000084991e-02 2.328670779800807999e-02 2.664492897449833794e-02
8.946999442604143260e-01 5.391248809654448915e-02 2.927712562168179045e-02 2.211044202135944992e-02
8.715182219512407347e-01 7.123110690732648020e-02 3.698114957725514435e-02 2.026952156417774140e-02
8.478533480547023604e-01 8.828852198507182447e-02 4.413115704180979593e-02 1.972697291841609205e-02
8.267012663891157853e-01 1.016302876974694708e-01 5.162030269825463452e-02 2.004814321515984224e-02
8.054188708622651571e-01 1.128672378064735082e-01 6.148846387850732259e-02 2.022542745275403980e-02
7.839652673910654235e-01 1.191712761552661815e-01 7.766323988592943595e-02 1.920021656773892096e-02
7.635918835987929310e-01 1.193645640371223116e-01 1.003582728181487971e-01 1.668527954593575918e-02
7.376746796093203162e-01 1.183915441326191809e-01 1.301680861557911462e-01 1.376569010226957358e-02
7.015505326564611677e-01 1.194162658406532490e-01 1.674808294332378600e-01 1.155237206964777018e-02
6.510605919696402788e-01 1.258784262532487985e-01 2.124150377653591937e-01 1.064594401175173073e-02
5.847185473779961118e-01 1.402433101648647429e-01 2.640446996957793724e-01 1.099344276135995509e-02
5.055381048783051945e-01 1.622088029008745824e-01 3.201258810771253627e-01 1.212721114369487430e-02
4.326417411855338346e-01 1.856521392794895087e-01 3.683926344571325506e-01 1.331348507784403321e-02
3.962924835417522829e-01 2.001531467305345258e-01 3.896421455114542631e-01 1.391222421625894386e-02
4.091789286680028170e-01 1.986116431665113646e-01 3.787900210945800428e-01 1.341940707090568535e-02
4.635884280211125530e-01 1.812518032196253903e-01 3.434651446943992048e-01 1.169462406486262117e-02
5.415122695876044556e-01 1.542980610107891337e-01 2.949110386884185586e-01 9.278630713187923165e-03
8.626987086028466978e-01 2.913685346306758503e-02 3.734688420438387474e-02 7.081755372970180429e-02
6.389951000202324094e-01 1.678226585615733291e-01 2.527257808801019329e-02 1.679096633301841723e-01
6.423353550549889546e-01 1.612357802514689797e-01 2.370595473512332810e-02 1.727229099584189909e-01
6.361013838208346982e-01 1.568278124783093197e-01 2.227321073213334862e-02 1.847975929687225571e-01
6.189129938813949794e-01 1.558849165491002497e-01 2.113787426120098886e-02 2.040642153083040977e-01
5.944562560317446787e-01 1.581598663627067358e-01 2.041301452701968847e-02 2.269708630785291781e-01
5.685391668810756416e-01 1.632720066573097317e-01 2.018066506274905983e-02 2.480081613988653066e-01
5.416130161014500732e-01 1.723451327985904558e-01 2.050514839316585139e-02 2.655367027067936925e-01
5.054137228042693275e-01 1.884246457823964271e-01 2.151371386362033872e-02 2.846479175497143577e-01
4.526635681898945607e-01 2.133423288293185560e-01 2.323059941349864960e-02 3.107635035672881019e-01
3.848073815273692633e-01 2.425054247090120685e-01 2.519436715522539727e-02 3.474928266083933126e-01
3.107003178891997730e-01 2.635897489227601587e-01 2.658284906854928298e-02 3.991270841194905494e-01
2.436308794479369044e-01 2.617612850486742415e-01 2.663133418135163119e-02 4.679765013220371084e-01
1.907165792130157134e-01 2.321996022453673980e-01 2.496022441021560762e-02 5.521235941314012186e-01
1.515848953188286830e-01 1.871026192425937484e-01 2.195387364267819413e-02 6.393586117958993675e-01
1.252269338022799494e-01 1.449947804752157732e-01 1.882078359456047095e-02 7.109575021279436191e-01
1.100039493129613966e-01 1.151976681029493466e-01 1.666162159280883820e-02 7.581367609912806893e-01
1.035092105893018338e-01 9.724985626069988787e-02 1.593483641955780947e-02 7.833060967304404931e-01
1.037452857110059412e-01 8.785327080525842658e-02 1.675204627356815384e-02 7.916493972101679155e-01
1.088942610688037466e-01 8.424061345366477827e-02 1.911388544893160776e-02 7.877512400285997529e-01
1.162705510028763933e-01 8.436893221086369521e-02 2.282974395782462820e-02 7.765307728284353006e-01
1.233343588243295957e-01 8.750532011505084140e-02 2.752149609728934271e-02 7.616388249633300189e-01
1.288594336475836488e-01 9.434123415180151184e-02 3.277043239394960422e-02 7.440288998066654225e-01
1.341564313825929222e-01 1.060508402810386719e-01 3.816605092839225194e-02 7.216266774079761470e-01
1.435641197462581842e-01 1.220078532566996748e-01 4.303540042617234884e-02 6.913926265708699725e-01
1.637012613729772470e-01 1.408025525364827446e-01 4.707687141267182657e-02 6.484193146778681749e-01
1.999292358097503608e-01 1.631467605742219495e-01 5.062612439244530693e-02 5.862978792235824521e-01
2.519038901195699287e-01 1.910402904878649999e-01 5.371883729241724165e-02 5.033369821001476563e-01
3.109454886539922414e-01 2.272082119155190982e-01 5.592345362473809950e-02 4.059228458057506095e-01
3.584384383576659783e-01 2.757418969335483361e-01 5.715491451375199344e-02 3.086647501950336436e-01
3.799532639566663428e-01 3.384806084036540152e-01 5.715983005679695084e-02 2.244062975828824968e-01
3.719656998423935268e-01 4.139933252072309222e-01 5.651530832774890462e-02 1.575256666226268476e-01
3.472599187908460561e-01 4.873399644566079325e-01 5.568331363083488250e-02 1.097168031217109485e-01
3.214238736348583036e-01 5.409266332559042878e-01 5.632148655393613701e-02 8.132800655530132705e-02
3.041184659309070226e-01 5.671428600725656466e-01 5.970917054467546337e-02 6.902950345185222825e-02
2.963731021208697580e-01 5.688631201237560608e-01 6.620261704386277979e-02 6.856116071151134583e-02
2.948549575312138238e-01 5.508135404448148975e-01 7.599132207417758078e-02 7.834017994979367017e-02
2.979343039014183403e-01 5.133704172190225457e-01 8.906376784666698854e-02 9.963151103289245858e-02
3.037647974576541676e-01 4.582533925813014331e-01 1.041961177441369096e-01 1.337856922169075591e-01
3.035917398012896173e-01 3.977608568574590442e-01 1.175789951799890709e-01 1.810684081612621843e-01
2.866784087154825023e-01 3.477933953454211413e-01 1.242807583505741026e-01 2.412474375885228506e-01
2.529038895519218344e-01 3.129352103687843556e-01 1.229726468743180118e-01 3.111882532049755068e-01
2.113807474585027713e-01 2.890703098031374152e-01 1.164656025681809343e-01 3.830833401701786434e-01
1.707824248003381729e-01 2.706459000601339482e-01 1.089755719386746591e-01 4.495961032008529701e-01
1.353447128878180472e-01 2.519421762564099665e-01 1.028226832353532905e-01 5.098904276204188069e-01
1.057202944862370431e-01 2.295375235805549030e-01 9.798521182249225747e-02 5.667569701107155744e-01
8.071612214547466135e-02 2.035045467554220944e-01 9.304078301701375342e-02 6.227385480820891717e-01
5.958100726847871675e-02 1.758295216702601138e-01 8.662602503575318746e-02 6.779634460255078432e-01
4.261576312219456097e-02 1.486236905846924361e-01 7.869920410067607341e-02 7.300613421924366797e-01
3.018886152774483481e-02 1.239895649187700427e-01 7.016233786518950855e-02 7.756592356882957562e-01
2.197580504306229088e-02 1.045619272364078783e-01 6.251019326801521281e-02 8.109520744525144931e-01
1.693176308681399941e-02 9.168642414701098919e-02 5.734509488684923911e-02 8.340367178793258729e-01
1.379474526452935564e-02 8.361261215828792726e-02 5.453253498563229856e-02 8.480601075915503717e-01
1.146184597932040083e-02 7.684386130979040108e-02 5.221656468916154731e-02 8.594777280217276161e-01
9.323510063005035348e-03 6.933020654193909615e-02 4.875653552518453143e-02 8.725897478698715348e-01
7.361624455517474207e-03 6.142986467081253815e-02 4.402465216175060342e-02 8.871838587119194042e-01
5.771852744727082145e-03 5.410891992598128308e-02 3.901800405999918120e-02 9.011012232692925394e-01
4.552668268168098137e-03 4.721331395279128318e-02 3.451408905867015681e-02 9.137199287203703335e-01
3.630308993681584558e-03 4.042971731347196063e-02 3.072510711170394967e-02 9.252148665811426032e-01
2.991096772598601794e-03 3.420673616056179450e-02 2.745618198633759457e-02 9.353459850805020404e-01
2.645802174175509568e-03 2.881865274936898022e-02 2.430617421386088023e-02 9.442293708625945081e-01
2.565778458720227063e-03 2.401329706293018479e-02 2.105849004018083004e-02 9.523624344381690365e-01
2.698596094684761922e-03 1.950840927306120298e-02 1.777977866665252094e-02 9.600132159656015185e-01
2.956574793731557051e-03 1.521579114265583788e-02 1.450701638293491053e-02 9.673206176806780077e-01
3.144036550667187856e-03 1.114791007742498702e-02 1.118018410237331742e-02 9.745278692695340528e-01
3.111004236072164534e-03 7.693201690018091482e-03 8.030992337802954698e-03 9.811648017361064289e-01
2.949310661707618946e-03 5.294962308322363580e-03 5.498578528062877772e-03 9.862571485019073769e-01
2.775975436456096929e-03 3.840793781221118943e-03 3.708842163877350013e-03 9.896743886184453665e-01
2.056728782674219127e-03 2.784409507940522385e-03 2.728599692779492148e-03 9.924302620166057798e-01
2.042026726524922859e-03 2.522509240029635526e-03 1.996801260079175515e-03 9.934386627733661213e-01
1.955580129901311661e-03 2.502619998442094391e-03 1.589107641991670088e-03 9.939526922296647582e-01
1.810854753427320295e-03 2.598330964013813912e-03 1.359457879157388712e-03 9.942313564034013229e-01
3.849281808039366204e-02 7.089760248955592759e-02 2.511712626134841031e-01 6.394383168165663767e-01
4.397300446811634039e-02 8.433013743260914241e-02 2.498258301134470838e-01 6.218710279858270518e-01
4.960540189940730593e-02 9.641693734988800168e-02 2.636258532639520480e-01 5.903518074867526444e-01
5.323390652562243891e-02 1.040647252548456414e-01 2.855330814818883289e-01 5.571682867376435144e-01
5.369755896730211281e-02 1.059769080535190450e-01 3.106893985837232419e-01 5.296361343954556489e-01
5.175501836774321074e-02 1.023676240270007115e-01 3.336389545947924806e-01 5.122384030104633057e-01
4.862480276193115181e-02 9.495850458125561222e-02 3.487712072747443659e-01 5.076454853820694391e-01
4.485622313644891529e-02 8.681503924406228090e-02 3.545560033796844035e-01 5.137727342398046293e-01
4.030665601656496094e-02 8.048093147499973954e-02 3.529896922944170123e-01 5.262227202140180582e-01
3.512902546029522677e-02 7.749015002741448110e-02 3.474093014901754040e-01 5.399715230221149298e-01
2.990019641568090331e-02 7.763591832558941475e-02 3.471666812234311394e-01 5.452972040352984662e-01
2.554205910902452789e-02 7.785035941432578988e-02 3.699058413824650726e-01 5.267017400941843563e-01
2.283578448548906001e-02 7.535530092599773688e-02 4.268125932245933063e-01 4.749963213639202264e-01
2.105103804335319365e-02 7.136839710231313028e-02 5.064223029594502323e-01 4.011582618948833501e-01
2.087249712482575417e-02 6.919794943918072816e-02 5.804498598686446131e-01 3.294796935673489635e-01
2.181957284297797103e-02 7.160802783855536868e-02 6.276092916546773814e-01 2.789631076637890672e-01
2.376623098028761427e-02 7.845631130124094965e-02 6.460609473417044946e-01 2.517165103767669554e-01
2.639524364103877294e-02 8.904354053032721705e-02 6.421156272364272333e-01 2.424455885922066067e-01
2.918918888484768950e-02 1.034475393406799476e-01 6.203266408896972450e-01 2.470366308847755099e-01
3.078813394125739719e-02 1.203272404743915558e-01 5.876458464085575484e-01 2.612387791757934119e-01
3.050046498772589210e-02 1.372713320478458898e-01 5.502218651170671659e-01 2.820063378473608995e-01
2.919225865823959348e-02 1.511550711481810805e-01 5.116558541361723167e-01 3.079968160574069747e-01
2.812438182567240930e-02 1.571890766028532782e-01 4.773942535557398337e-01 3.372922880157345760e-01
9.683319466768025574e-01 1.015213536077111227e-02 1.010583657932666649e-02 1.141008138309948169e-02
9.763891610283507161e-01 7.197884486657236090e-03 8.930085678390138268e-03 7.482868806602086496e-03
9.810207226762466259e-01 5.385589322842229167e-03 8.418526548477226271e-03 5.175161452433948116e-03
9.831732863207277573e-01 4.362997900892656017e-03 8.552045370646382816e-03 3.911670407733055556e-03
9.832054742463275376e-01 3.934323592774338282e-03 9.511763079923910708e-03 3.348439080974207737e-03
9.812003579035918355e-01 3.949199997692685003e-03 1.157724367309410224e-02 3.273198425621323508e-03
9.769227511777739403e-01 4.314857052771917979e-03 1.514727567329811168e-02 3.615116096155955409e-03
9.700343927164909452e-01 4.921255565394287192e-03 2.065784906294471784e-02 4.386502655170129543e-03
9.604906057408783004e-01 5.613172289486929693e-03 2.818944125465452227e-02 5.706780714980240650e-03
9.489976932962830292e-01 6.288993387300801340e-03 3.677790432189449732e-02 7.935408994521395490e-03
9.370614399418873974e-01 7.188119707875934711e-03 4.391378015152130193e-02 1.183666019871532603e-02
9.246165759317765964e-01 9.092564256803516848e-03 4.737252114910184969e-02 1.891833866231848807e-02
9.064685775531898804e-01 1.308126058212457851e-02 4.740357485567494450e-02 3.304658700901077356e-02
8.667552702656258212e-01 2.099250668762338984e-02 4.569095761232008779e-02 6.656126543443081911e-02
7.754263083548250668e-01 3.529367834407534654e-02 4.238001105824881765e-02 1.469000022428506302e-01
6.069623056753270518e-01 5.470046445936694451e-02 3.606549301483148035e-02 3.022717368504743707e-01
3.995159783931782616e-01 6.861383839624657366e-02 2.737004927604884744e-02 5.045001339345266400e-01
2.398022980018536532e-01 6.898237399074491627e-02 1.899945762336542263e-02 6.722158703840359628e-01
1.510721746482437122e-01 6.156886701447144422e-02 1.337698204353027220e-02 7.739819762937544256e-01
1.048358146344018638e-01 5.231601545068279013e-02 1.019688008744232613e-02 8.326512898274730512e-01
7.592584941953695044e-02 4.266583854113982499e-02 7.807982237991411938e-03 8.736003298013317320e-01
5.532718748918374896e-02 3.369001350507168369e-02 5.965781974026998676e-03 9.050170170317178853e-01
4.205158567205628806e-02 2.721113810715824338e-02 4.841841403071962466e-03 9.258954348177136362e-01
3.486274239825747079e-02 2.374581168109584500e-02 4.466110607690033409e-03 9.369253353129562978e-01
3.118660046267733923e-02 2.223406450430018277e-02 4.622143058784305113e-03 9.419571919742381061e-01
2.942811742614908146e-02 2.213676379979056044e-02 5.214803392611084762e-03 9.432203153814491259e-01
2.934182145913413406e-02 2.393317483892681494e-02 6.413767517324137427e-03 9.403112361846150957e-01
3.132504277653840735e-02 2.860709267190651023e-02 8.640466992489631570e-03 9.314273975590653398e-01
3.564030093069593674e-02 3.679778943294450405e-02 1.249613197201063751e-02 9.150657776643487118e-01
4.246438863543892939e-02 4.827336380442021069e-02 1.886135574984750332e-02 8.904008918102934711e-01
5.302783833096526289e-02 6.289528437081867707e-02 2.928153559570373377e-02 8.547953417025121459e-01
6.858539813435914068e-02 8.019813432689903987e-02 4.559092341926019448e-02 8.056255441194813960e-01
8.769594016355272692e-02 9.905484849911308509e-02 6.883368873929285314e-02 7.444155225980413348e-01
1.068387287587073547e-01 1.183536942771436784e-01 9.876889722557256890e-02 6.760386797385766755e-01
1.235860971262819352e-01 1.375170550556940874e-01 1.345711283094500610e-01 6.043257195085738331e-01
1.378668034906125606e-01 1.563029388762759708e-01 1.755347391054908612e-01 5.302955185276206906e-01
1.491769337921551863e-01 1.745150327987772254e-01 2.213699589201644502e-01 4.549380744889029993e-01
1.553622024264307844e-01 1.934165356276252301e-01 2.713006219190010060e-01 3.799206400269430906e-01
1.551413549467832997e-01 2.150833997278770171e-01 3.208175185306444965e-01 3.089577267946950756e-01
1.496443605413332045e-01 2.394744716568808218e-01 3.624646468720125192e-01 2.484165209297733712e-01
1.414573485851813306e-01 2.642243314227842310e-01 3.920358731054027768e-01 2.022824468866314951e-01
1.311470657016994279e-01 2.866664074176766830e-01 4.138997549839079082e-01 1.682867718967162862e-01
1.196763565594357454e-01 3.045088332633278383e-01 4.342198552978345227e-01 1.415949548794017687e-01
1.048951028205268032e-01 3.219672613280378237e-01 4.549768877905266962e-01 1.181607480609087185e-01
8.677173379688649102e-02 3.481770155151051593e-01 4.688742869305304595e-01 9.617696375747783466e-02
6.713044530180281577e-02 3.919271041026098912e-01 4.655443879251099371e-01 7.539806267047764743e-02
4.758521679082382966e-02 4.530205259563995224e-01 4.422935995122562747e-01 5.710065774051986676e-02
3.251530039568900632e-02 5.192084950145356981e-01 4.050038268639281069e-01 4.327237772584731357e-02
2.281569233306500466e-02 5.772664438934187459e-01 3.653197298229922674e-01 3.459813395052347557e-02
1.742501162934368200e-02 6.204361025037622435e-01 3.313219093166183127e-01 3.081697655027593880e-02
1.491443087380266326e-02 6.497900525850218711e-01 3.038347954086475511e-01 3.146072113252790237e-02
1.425759964854337973e-02 6.684077846655536170e-01 2.810143308399712381e-01 3.632028484593179812e-02
1.477743787915598503e-02 6.756904053393431031e-01 2.641269585810392395e-01 4.540519820046148847e-02
1.580279920761136839e-02 6.698898273694380290e-01 2.555613192549739399e-01 5.874605416797652052e-02
1.663240956698549752e-02 6.496086226308003253e-01 2.572913437193417030e-01 7.646762408287283153e-02
1.701276693624179451e-02 6.121443465927906002e-01 2.718230067026354280e-01 9.901987976833254157e-02
1.683716000129202583e-02 5.562800064090682728e-01 2.996031290785942658e-01 1.272797045110452829e-01
1.766915037260837276e-02 4.789310395029033884e-01 3.408914542844979634e-01 1.625083558399902095e-01
1.820491823330643022e-02 3.898868648453232555e-01 3.855051710761327466e-01 2.064030458452375538e-01
1.976501288453143962e-02 3.096173957071338689e-01 4.124588245585355528e-01 2.581587668497994925e-01
2.236880271473446619e-02 2.470628937628412125e-01 4.155596602983144816e-01 3.150086432241095968e-01
2.654393111100390723e-02 2.048543081359877893e-01 3.975577282598761197e-01 3.710440324931322253e-01
3.293249028651066418e-02 1.819775013384550277e-01 3.691410200474586900e-01 4.159489883275751532e-01
4.189506765206611749e-02 1.767650448540962760e-01 3.428403075749486550e-01 4.384995799188888821e-01
5.340430437215298864e-02 1.871517712220284735e-01 3.265596970897482465e-01 4.328842273160700138e-01
6.689114090575229432e-02 2.093095184101796957e-01 3.219817691284554972e-01 4.018175715556125960e-01
8.135372413741130682e-02 2.372046252894891571e-01 3.266607388468701911e-01 3.547809117262290535e-01
9.677240886932406139e-02 2.634021857062299188e-01 3.376994884780076256e-01 3.021259169464381444e-01
1.156233182144981303e-01 2.800845755794043046e-01 3.547469901652385293e-01 2.495451160408587998e-01
1.424736420890173882e-01 2.822906700627327292e-01 3.764202666590717450e-01 1.988154211891779155e-01
1.797859447403281907e-01 2.713249193705681850e-01 3.966816161834686438e-01 1.522075197056348417e-01
2.259744684080032262e-01 2.546306945510715125e-01 4.063766951487120527e-01 1.130181418922135417e-01
2.777233411396739515e-01 2.385782894952572231e-01 4.011988324438185982e-01 8.249953692124978311e-02
3.278876968280691195e-01 2.265235991809242955e-01 3.859501571237436979e-01 5.963854686726277610e-02
3.642654524032022945e-01 2.244413471379086422e-01 3.676477489882485905e-01 4.364545147064054914e-02
3.787626841511989584e-01 2.363999771159293606e-01 3.516074002792621278e-01 3.322993845360969201e-02
3.732614620791571136e-01 2.620161293220856780e-01 3.379611809087808560e-01 2.676122768997638707e-02
3.554066286486126658e-01 3.008503305333385947e-01 3.207888569167307580e-01 2.295418390131795730e-02
3.299133144436951492e-01 3.575848695978190994e-01 2.915297000716061127e-01 2.097211588687992664e-02
2.955547497752779584e-01 4.359176621124536410e-01 2.483888404665099969e-01 2.013874764575818155e-02
2.560991981153750707e-01 5.217808452884299397e-01 2.022070154430123667e-01 1.991294115318250485e-02
2.239502708631430361e-01 5.925508448911824821e-01 1.633885929630461142e-01 2.011029128262871446e-02
2.068232131230846316e-01 6.346443594627705354e-01 1.373542279414746992e-01 2.117819947267028657e-02
2.047914482111235224e-01 6.489289956518881075e-01 1.229789903571171378e-01 2.330056577987130173e-02
2.134039152409470952e-01 6.401470991855643389e-01 1.194194506003474210e-01 2.702953497314143638e-02
2.256482566164486891e-01 6.150774443948312520e-01 1.259805239517295394e-01 3.329377503699033902e-02
2.330257354363747813e-01 5.836443940295350519e-01 1.405591581575059978e-01 4.277071237658444658e-02
2.294196873505456036e-01 5.561435314659686213e-01 1.584195423477801901e-01 5.601723883570561974e-02
2.133026478119998681e-01 5.395927798725765889e-01 1.731145724770895289e-01 7.398999983833370875e-02
