6.672359216987387986e-01 4.447632858382871701e-02 2.809448434798315630e-01 7.342906237600499778e-03
1.651904540291039558e-01 7.720261186289830713e-01 5.559407420625928770e-02 7.189353135653478791e-03
1.120296998362939334e-01 8.256843858336184727e-01 5.712467290824765204e-02 5.161241421840240262e-03
7.547203174044861407e-02 8.615047935442693428e-01 5.939703364913190287e-02 3.626141066149886610e-03
5.273474245745948114e-02 8.811258316876884322e-01 6.354379317524304349e-02 2.595632679608906972e-03
3.893196117847962101e-02 8.894653065633673084e-01 6.963483687739889516e-02 1.967895380754139476e-03
2.987522055211434824e-02 8.926913287585221957e-01 7.585672334467960520e-02 1.576727344683920935e-03
2.163405820309551725e-02 8.978369568053503613e-01 7.925558144273021910e-02 1.273403548823965649e-03
1.540196609764356121e-02 9.040037876636135561e-01 7.958616172682170253e-02 1.008084511921410013e-03
1.149853373013526997e-02 9.084561655324671081e-01 7.925818269468044852e-02 7.871180427169304243e-04
9.628403187190702830e-03 9.086287187932070575e-01 8.111173919712978686e-02 6.311388224726269518e-04
9.183391882423846617e-03 9.039251666151233433e-01 8.635153699842663955e-02 5.399045040260818436e-04
9.662598656908641739e-03 8.960056709146172471e-01 9.383905794126529143e-02 4.926724872090015384e-04
1.089630386724287081e-02 8.874564959676188858e-01 1.011680901628931595e-01 4.791100022452218429e-04
1.336720507126104053e-02 8.788737619073044849e-01 1.072396873164920134e-01 5.193457049426910763e-04
1.828169272337643037e-02 8.664890588219350542e-01 1.145818571927987167e-01 6.473912618898619922e-04
2.799959226889130529e-02 8.436110080345408102e-01 1.274957419920567658e-01 8.936577045108864362e-04
4.268508087454887800e-02 8.101292509858579738e-01 1.459366696159903332e-01 1.248998523602792279e-03
6.501780928890260602e-02 7.689556500096592639e-01 1.643532018870139944e-01 1.673338814424159748e-03
9.547910209083565469e-02 7.275527211716354969e-01 1.748946882341835263e-01 2.073488503345027184e-03
1.312409221165631024e-01 6.898953184974637720e-01 1.764999585156700745e-01 2.363800870303113099e-03
1.710186598949663128e-01 6.478555585559815366e-01 1.785182067826934504e-01 2.607574766358774707e-03
2.177965707682049390e-01 5.884835532494262500e-01 1.907137961236517743e-01 3.006079858716754431e-03
2.641518591353758660e-01 5.145179889434432496e-01 2.174465619342742240e-01 3.883589986906782650e-03
2.844016485654627946e-01 4.500366337256830329e-01 2.602453667632418366e-01 5.316350945612667231e-03
2.713977435164195984e-01 4.003419321416715748e-01 3.206789093582724792e-01 7.581414983636299010e-03
2.316350816039538796e-01 3.652900362271808143e-01 3.926695146370670075e-01 1.040536753179806956e-02
1.831242810394906884e-01 3.420310502459401603e-01 4.615476916324363632e-01 1.329697708213267195e-02
1.420421099948961652e-01 3.330926698288104726e-01 5.089131477183853614e-01 1.595207245790786557e-02
1.135156771422324018e-01 3.394047524672996197e-01 5.289357834156259708e-01 1.814378697484172326e-02
9.370643304988117428e-02 3.538492261476571810e-01 5.330305666013753774e-01 1.941377420108637841e-02
7.790876401995389111e-02 3.674011032043616454e-01 5.351516382101842995e-01 1.953849456550034447e-02
6.470152758179704977e-02 3.751032544633181032e-01 5.414024132927935939e-01 1.879280466209137454e-02
5.481943216314003053e-02 3.761014994886281437e-01 5.513431304164754243e-01 1.773593793175659919e-02
4.806164706059015690e-02 3.689743925257463197e-01 5.662974622226660815e-01 1.666649819099766394e-02
4.311028793954318344e-02 3.531751496546186586e-01 5.881484043392907202e-01 1.556615806654730073e-02
3.898088541569845467e-02 3.339773788046210279e-01 6.125509401055588832e-01 1.449079567412148162e-02
3.540579018509801279e-02 3.205058509242367237e-01 6.304855573737980778e-01 1.360280151686737819e-02
3.301569931192736840e-02 3.228924930579759600e-01 6.308247354136188312e-01 1.326707221647771204e-02
3.308036054920651670e-02 3.475770443156926959e-01 6.053478080135500372e-01 1.399478712155077971e-02
3.646205450919155766e-02 3.879327659867793932e-01 5.597164867457612436e-01 1.588869275826765293e-02
4.324233136905175634e-02 4.232361953251994602e-01 5.152695633360393490e-01 1.825190996970934079e-02
5.424082722094354658e-02 4.428293149445478027e-01 4.828890546040090492e-01 2.004080323049957715e-02
6.900545369961058606e-02 4.386596527132639589e-01 4.713946052092746197e-01 2.094028837785101224e-02
8.720261858397809762e-02 4.169927093718254207e-01 4.744252140051043454e-01 2.137945803909195933e-02
1.086189168616117640e-01 3.843206921802160836e-01 4.847652506050849075e-01 2.229514035308744271e-02
1.347030128526047754e-01 3.505902897849871303e-01 4.901125279408196644e-01 2.459416942158878724e-02
1.657046269317413723e-01 3.274068764764881956e-01 4.781089646034012430e-01 2.877953198836868606e-02
1.959747774660584030e-01 3.176945535819526989e-01 4.515777548742371805e-01 3.475291407775175229e-02
2.188206401633008280e-01 3.148459643770571970e-01 4.241801530453030988e-01 4.215324241433890395e-02
2.345782866496363417e-01 3.103799435495409598e-01 4.041439993097384331e-01 5.089777049108417523e-02
2.491720868593409466e-01 3.000337642074181743e-01 3.894989568167671612e-01 6.129519211647360688e-02
2.690872444171607536e-01 2.841725279224615042e-01 3.729117308530097152e-01 7.382849680736822129e-02
2.973630561246028425e-01 2.649759103761378798e-01 3.512380920913653060e-01 8.642294140789398560e-02
3.321022941808550177e-01 2.451434910662248223e-01 3.305045632161330293e-01 9.224965153678704732e-02
3.686951351964632417e-01 2.273517419997515554e-01 3.180754553925631556e-01 8.587766741122218606e-02
3.985656897689210387e-01 2.118408140093534786e-01 3.181455765044467476e-01 7.144791971727855462e-02
4.075351479753058781e-01 1.999996962234562026e-01 3.350388738533242039e-01 5.742628194791384033e-02
3.881229144700891198e-01 1.931461546474558810e-01 3.707231603549477339e-01 4.800777052750703627e-02
3.496779126389467640e-01 1.854015329443065574e-01 4.223437854187246376e-01 4.257676899802220055e-02
3.060351960783072589e-01 1.685200283841487845e-01 4.864980612172097874e-01 3.894671432033414843e-02
2.624526528101859268e-01 1.416839336403922789e-01 5.603345085522939417e-01 3.552890499712810929e-02
2.185677445886898551e-01 1.114373818151955658e-01 6.379959613242133232e-01 3.199891227190150567e-02
1.754424158564452108e-01 8.431190768127430624e-02 7.114450061143146042e-01 2.880067034796596898e-02
1.357260542329892794e-01 6.345226643928809918e-02 7.741961308024865041e-01 2.662554852523585022e-02
1.015333290028187369e-01 4.893754032155979428e-02 8.232788146882928926e-01 2.625031598732846180e-02
7.387712182780754866e-02 3.959961891802302181e-02 8.582825815353771759e-01 2.824067771879274630e-02
5.344279858299289671e-02 3.400523562779041858e-02 8.798925221414530817e-01 3.265944364776370012e-02
4.058621209480081649e-02 3.141682897983703870e-02 8.884258831608946583e-01 3.957107576446741021e-02
3.439526036049244534e-02 3.180545894912249760e-02 8.845892003674616921e-01 4.921008032292328860e-02
3.264414672393052552e-02 3.498891976501965206e-02 8.709361087903753074e-01 6.143082472067463301e-02
3.326102684815014643e-02 3.997650032751349364e-02 8.506881454290741162e-01 7.607432739526212573e-02
6.663257835838091170e-01 3.211171942601635521e-01 3.247965008453756151e-03 9.309057147573712721e-03
3.521082163754682970e-01 3.642561394488524895e-02 5.843461302655625356e-02 5.530315566530901172e-01
2.776155483118099010e-01 2.716607609055685102e-02 4.531413139969520110e-02 6.499042441979382412e-01
2.052030458331564888e-01 2.075047580853250223e-02 3.536427969038997976e-02 7.386821986679208418e-01
1.414131249878332053e-01 1.681964360575006340e-02 2.822426827223659118e-02 8.135429631341801748e-01
9.369223931853977450e-02 1.522091122670723648e-02 2.391109276357531593e-02 8.671757566911777459e-01
6.268823510646759356e-02 1.601678475754100828e-02 2.231203603953680822e-02 8.989829440964544061e-01
4.447413944529428342e-02 1.995916385113967462e-02 2.311573944551438900e-02 9.124509572580518091e-01
3.494549563758998778e-02 2.912000534293857773e-02 2.602047013513620818e-02 9.099140288843351465e-01
3.156029617336189586e-02 4.739646692858048155e-02 3.076661880039289684e-02 8.902766180976645627e-01
3.251828601682053149e-02 7.726122860452512564e-02 3.632167585805395893e-02 8.538988095206005990e-01
3.674512650934925323e-02 1.123752797987771085e-01 4.102411419663905962e-02 8.098554794952341762e-01
4.455612524161705473e-02 1.374375608409152960e-01 4.389831230210011759e-02 7.741080016153675247e-01
5.582381380368799800e-02 1.411389872173128002e-01 4.489784033082064307e-02 7.581393586481787183e-01
6.748747938977513183e-02 1.261280969544383290e-01 4.397654314763396050e-02 7.624078805081527799e-01
7.428205205202220718e-02 1.038177176240817207e-01 4.103277400995705010e-02 7.808674563139390568e-01
7.364831174079425335e-02 8.448459032717636763e-02 3.700471330556709404e-02 8.048623846264622017e-01
6.870127150662277971e-02 7.182489570336444973e-02 3.360453777162994426e-02 8.258692950183831316e-01
6.402176366582885969e-02 6.486834431938920398e-02 3.193944537978762876e-02 8.391704466349942937e-01
6.121665995888862094e-02 6.165141554987946249e-02 3.215438676976054011e-02 8.449775377214714389e-01
5.967016584599308532e-02 6.034889505648558666e-02 3.390803734885689674e-02 8.460729017486642300e-01
5.898495012725978037e-02 5.984012139897106064e-02 3.711535230044381295e-02 8.440595761733252766e-01
5.934272146600171743e-02 5.997006818623135810e-02 4.235818315128316719e-02 8.383290271964838336e-01
6.044554068177879214e-02 6.087096740730206512e-02 5.066387328770836224e-02 8.280196186232104960e-01
6.094436024778366462e-02 6.253879450848309762e-02 6.312946952407855195e-02 8.133873757196548038e-01
6.000337878069759989e-02 6.576340306516215151e-02 8.130529046772236312e-02 7.929279276864180659e-01
5.783458922399464103e-02 7.173515313281744743e-02 1.074200931958824712e-01 7.630101644473054057e-01
5.463546852175642232e-02 7.921027738192554235e-02 1.449782102173577947e-01 7.211760438789603933e-01
4.926956804908651233e-02 8.837375154778968900e-02 1.972184186633234027e-01 6.651382617398005070e-01
4.218476066199127600e-02 9.695726003626624345e-02 2.682678098029235292e-01 5.925901694988185975e-01
3.428140932645163536e-02 1.039863064633111400e-01 3.588678412093746495e-01 5.028644430008623045e-01
2.626821367202165219e-02 1.081124594888021595e-01 4.639771033311999027e-01 4.016422235079764036e-01
2.030176145251138056e-02 1.069021907175589509e-01 5.717424249482377929e-01 3.010536228816920179e-01
1.603855771600603761e-02 1.024117057111789547e-01 6.657036490155812114e-01 2.158460875572335569e-01
1.422587378952982519e-02 9.845031654273594945e-02 7.337284830765271604e-01 1.535953265912070598e-01
1.337184796536644397e-02 9.533428649901726226e-02 7.788991166081633555e-01 1.123947489274527561e-01
1.322521608483692018e-02 9.347200299779419297e-02 8.060488991141072646e-01 8.725388180326162924e-02
1.346843141691262020e-02 9.349061458558508009e-02 8.197279995192754409e-01 7.331295447822698541e-02
1.377008031590330923e-02 9.345698946953172326e-02 8.274308815059657762e-01 6.534204870859919301e-02
1.376389312995478058e-02 8.976680061390390764e-02 8.368680486664737961e-01 5.960125758966709070e-02
1.347922634130540274e-02 8.166019145087952125e-02 8.495230813198020314e-01 5.533750088801327877e-02
1.325347190245169948e-02 7.250469549922662627e-02 8.612277771020880879e-01 5.301405549623340596e-02
1.351684990139859731e-02 6.589254310245060142e-02 8.670031255798557046e-01 5.358748141629499084e-02
1.487258544764070295e-02 6.277658093956331453e-02 8.628585372266056597e-01 5.949229638619053101e-02
1.858711785276059847e-02 6.406131377393341209e-02 8.409073050060765775e-01 7.644426336722918991e-02
2.697509226765243059e-02 7.252162109611232088e-02 7.835396229339752772e-01 1.169636637022601761e-01
4.226406710513459092e-02 9.130756211028080715e-02 6.658178753852681542e-01 2.006104953993165518e-01
6.078747523612172687e-02 1.167674681253754315e-01 4.953010910703199432e-01 3.271439655681826486e-01
7.345923643733677511e-02 1.420068655241470412e-01 3.333398298100861967e-01 4.511940682284301674e-01
7.924510569320973585e-02 1.676851403905246229e-01 2.191356851355119872e-01 5.339340687807533348e-01
8.319618947404645859e-02 1.946616688468956469e-01 1.470876249045383888e-01 5.750545167745194641e-01
8.899580918913406469e-02 2.185852299970608981e-01 1.033817991932022978e-01 5.890371616206029337e-01
9.857693249770002608e-02 2.344333687317993464e-01 7.865433099035326614e-02 5.883353677801473891e-01
1.103544322173384412e-01 2.376292999903859560e-01 6.412540667506176628e-02 5.878908611172138921e-01
1.190539077703018783e-01 2.274137182402775348e-01 5.377115826963410616e-02 5.997612157197866889e-01
1.243526330673397490e-01 2.057738631292645448e-01 4.497556975965936316e-02 6.248979340437361696e-01
1.272481138596864847e-01 1.769724441811687254e-01 3.667711266727435859e-02 6.591023292918704035e-01
1.276829045497108461e-01 1.483228092146675059e-01 2.902776453555969485e-02 6.949665217000619011e-01
1.295632365896447757e-01 1.259814389110238131e-01 2.260068890823403731e-02 7.218546355910975265e-01
1.338193145281660890e-01 1.113774469482895768e-01 1.747130577952091257e-02 7.373319327440233106e-01
1.390836934285659132e-01 1.010390677273077242e-01 1.323296654379466260e-02 7.466442723003317017e-01
1.448384965553987103e-01 9.176018654824309728e-02 9.739690755593815447e-03 7.536616261407645956e-01
1.528675638725003894e-01 8.257023276624275709e-02 7.043326531526798197e-03 7.575188768297300701e-01
1.683861179819552134e-01 7.581110262178990256e-02 5.225049073023082212e-03 7.505777303232319397e-01
2.002553794539181087e-01 7.295004481350415848e-02 4.370356519700233089e-03 7.224242192128775830e-01
2.531425783041541533e-01 7.893173005105511009e-02 4.243774563520178941e-03 6.636819170812708890e-01
3.297246095928285659e-01 9.113200438806497161e-02 4.742616461131816605e-03 5.744007695579751438e-01
4.181358205820028817e-01 1.080745617550643994e-01 5.944536969480013026e-03 4.678450806934528750e-01
4.922636471505599798e-01 1.303630271056090695e-01 7.214085338641741674e-03 3.701592404051892160e-01
5.400434712862823838e-01 1.529069056274165450e-01 8.359998928452128109e-03 2.986896241578487765e-01
5.622723667113916912e-01 1.764174809610524197e-01 9.507084919703050543e-03 2.518030674078527431e-01
5.707811561378521859e-01 1.943703067287038677e-01 1.037393988878766715e-02 2.244745972446561266e-01
3.027752389828144292e-02 3.280518298514661368e-01 6.352353704367912357e-01 6.435275813461015411e-03
2.289541172568454186e-01 2.971604074706858944e-01 2.769542918078424787e-01 1.969311834646263470e-01
2.430058472589336771e-01 2.502078744937059063e-01 3.090077406246081737e-01 1.977785376227520764e-01
2.580159629445608060e-01 2.014690936813998412e-01 3.398242580969031978e-01 2.006906852771358496e-01
2.724532662898225266e-01 1.572806047759132408e-01 3.609993672412097343e-01 2.092667616930545260e-01
2.823472622936235576e-01 1.249133493320941646e-01 3.657445793512369425e-01 2.269948090230452242e-01
2.841707077869505271e-01 1.039982926818755898e-01 3.546854692650723839e-01 2.571455302661014852e-01
2.769904254537980393e-01 9.454698371289711745e-02 3.304337460527975723e-01 2.980288447805073404e-01
2.616438814167708071e-01 8.899169570401600782e-02 3.053881171996887800e-01 3.439763056795246410e-01
2.462750711934639236e-01 8.404969150428988345e-02 2.822015209858164120e-01 3.874737163164297393e-01
2.370790006469199740e-01 7.891677935280286271e-02 2.621419028576558174e-01 4.218623171426212903e-01
2.344957559797134217e-01 7.368856915118320028e-02 2.462395322142462428e-01 4.455761426548572879e-01
2.341449350539254182e-01 6.894701300447211856e-02 2.345266502089178307e-01 4.623814017326845494e-01
2.331002751765844649e-01 6.527747025649353885e-02 2.247073733799117290e-01 4.769148811870103644e-01
2.326935395406423412e-01 6.232139137305444526e-02 2.147847652287667164e-01 4.902003038575364346e-01
2.340001901573146303e-01 5.933377632999425194e-02 2.062877719222117323e-01 5.003782615904793785e-01
2.355999782844605261e-01 5.663856068155009860e-02 2.029784435036170176e-01 5.047830175303723577e-01
2.349824697561901099e-01 5.532017557393860419e-02 2.085592305014067616e-01 5.011381241684645937e-01
2.285558967286204501e-01 5.602489831243662177e-02 2.257561099311752861e-01 4.896630950277675587e-01
2.152567374495185371e-01 5.819689323335269088e-02 2.568829810897138577e-01 4.696633882274147131e-01
1.994841888524289675e-01 6.021623233554841692e-02 3.053238197773541218e-01 4.349757590346682856e-01
1.865857371490495242e-01 6.012452822937358610e-02 3.731278991735006989e-01 3.801618354480759687e-01
1.788199312828236687e-01 5.681886058396581202e-02 4.541664877193663519e-01 3.101947204138443270e-01
1.762161730189320541e-01 5.111256030142925094e-02 5.345329159793407170e-01 2.381383507002981514e-01
1.785193589064442421e-01 4.630539840843058558e-02 5.989309752862120861e-01 1.762442673989132735e-01
1.847241237650006918e-01 4.315179746705635755e-02 6.412751994835770297e-01 1.308488792843657267e-01
1.967491328091959257e-01 4.185667988768625863e-02 6.602114632455262644e-01 1.011827240575915582e-01
2.239108776498762721e-01 4.240622952384912048e-02 6.504649941934093071e-01 8.321789863286566113e-02
2.830588273856171067e-01 4.607999669064250653e-02 5.977078618183979675e-01 7.315331410534245404e-02
3.817200784520298762e-01 5.337676806792329698e-02 4.977094730047810223e-01 6.719368047526623478e-02
5.024328384813884218e-01 6.213307018280807281e-02 3.730368264898897279e-01 6.239726484591370109e-02
6.164606610653753371e-01 6.802850391312058320e-02 2.578871193006075924e-01 5.762371572089664690e-02
7.054614581423039876e-01 6.840117879915701138e-02 1.731426945596599154e-01 5.299466849887920356e-02
7.737941007805585469e-01 6.170067928664622198e-02 1.160143933422762980e-01 4.849082659051908578e-02
8.251260116697368696e-01 5.135394495624006489e-02 7.882394877185401605e-02 4.469609460216893843e-02
8.613393025131778069e-01 4.145789348754802539e-02 5.477497106056899989e-02 4.242783293870536904e-02
8.850833963618761624e-01 3.392351641777777843e-02 3.876244790869703277e-02 4.223063931164931090e-02
8.983507607999214883e-01 2.911022485576504268e-02 2.791879667401073878e-02 4.462021767030282388e-02
9.030632567578128489e-01 2.651914526745590556e-02 2.065617395732884803e-02 4.976142401740257099e-02
9.036983305346838469e-01 2.462247165969286625e-02 1.554144528471233973e-02 5.613775252091087603e-02
9.051949588496851495e-01 2.208145838891142215e-02 1.165237515889197550e-02 6.107120760251134178e-02
9.089288092500305005e-01 1.902304375727326483e-02 8.777359923614795958e-03 6.327078706908136063e-02
9.137176051287820844e-01 1.622775737146558289e-02 6.860791178055521480e-03 6.319384632169648686e-02
9.188578126026196724e-01 1.403544610033036558e-02 5.705783237526561649e-03 6.140095805952350272e-02
9.233886889471447645e-01 1.257464956317451248e-02 5.165319510014771548e-03 5.887134197966573806e-02
9.255994400982339165e-01 1.203819972259937039e-02 5.213665561761028459e-03 5.714869461740566814e-02
9.251035669362276392e-01 1.242036235500845742e-02 5.776973735426574157e-03 5.669909697333717913e-02
9.228067459662750993e-01 1.361575252082460920e-02 6.698983241937952679e-03 5.687851827096226248e-02
9.208114160790399350e-01 1.538088244842091695e-02 7.690902591677219700e-03 5.611679888086162221e-02
9.217466589729625959e-01 1.734409700295986775e-02 8.389549010311131774e-03 5.251969501376654165e-02
9.267078794114752549e-01 1.934981490640357363e-02 8.583378652952951271e-03 4.535892702916856367e-02
9.335636160256288729e-01 2.186972421358569785e-02 8.372044270503005772e-03 3.619461549028248071e-02
9.393402230981393597e-01 2.564238501883198823e-02 7.914217749339768487e-03 2.710317413368890094e-02
9.417860747028219404e-01 3.151349094840852350e-02 7.345993330525901234e-03 1.935444101824370863e-02
9.380887385248393162e-01 4.114985017251844568e-02 6.975336295977559685e-03 1.378607500666473654e-02
9.273998584557194835e-01 5.548456546535684986e-02 6.949272340920686908e-03 1.016630373800278715e-02
9.141664493234905597e-01 7.092758876671942381e-02 7.129642677545324804e-03 7.776319232244697718e-03
9.046504820921777990e-01 8.163407079662005073e-02 7.444507762790788380e-03 6.270939348411165917e-03
8.966935313668400465e-01 8.945914045129971237e-02 8.346244538950100753e-03 5.501083642909987761e-03
8.845298660066398533e-01 9.998348526638954625e-02 1.041731318925413936e-02 5.069335537716636308e-03
8.677089792267416168e-01 1.139491953035332295e-01 1.382438910300590358e-02 4.517436366719310842e-03
8.455762566579525519e-01 1.318927234948160387e-01 1.873216856407340647e-02 3.798851283157985998e-03
8.144645588401576708e-01 1.567924603849563114e-01 2.561521557349945646e-02 3.127765201386596000e-03
7.700298075148175325e-01 1.918603870769551301e-01 3.540029900554324260e-02 2.709506402683957340e-03
7.114556862938097304e-01 2.374998385083303964e-01 4.840723996492177217e-02 2.637235232937824771e-03
6.426377355506717182e-01 2.916354283972219519e-01 6.281653205830421693e-02 2.910303993802056208e-03
5.654988812581490665e-01 3.546523385135817441e-01 7.637010598999972866e-02 3.478674238269731812e-03
4.840104281497293326e-01 4.244034959706597943e-01 8.734389593756178294e-02 4.242179942049340013e-03
4.195918347650486324e-01 4.825314904958910023e-01 9.295842054086705941e-02 4.918254198193346659e-03
3.936034508928218378e-01 5.101550572464416122e-01 9.115383513409659744e-02 5.087656726640051377e-03
4.088987891078742498e-01 5.042386953517512538e-01 8.230440639435439298e-02 4.558109146020169339e-03
4.587656900160371753e-01 4.691289068156291875e-01 6.858262967434929080e-02 3.522773493984350263e-03
8.480558594086975432e-01 6.043036861952955086e-02 3.628455750526200091e-02 5.522921446651086336e-02
8.730774293052192547e-01 4.389176911745668042e-02 2.331467012474252101e-02 5.971613145258149180e-02
8.835005582717839756e-01 3.689194141294216411e-02 1.982533384729692413e-02 5.978216646797710615e-02
8.871835662787999066e-01 3.185320243897252906e-02 1.715495232412741697e-02 6.380827895809997041e-02
8.829301489976169037e-01 2.912621448056952958e-02 1.543858762124789355e-02 7.250504890056577723e-02
8.711455353467906226e-01 2.864848015716409124e-02 1.469105526282533762e-02 8.551492923322012718e-02
8.533597537916266518e-01 3.042823957963534248e-02 1.490706431350724212e-02 1.013049423152304340e-01
8.301595804131756129e-01 3.493164237752022228e-02 1.611486484598323443e-02 1.187939123633210692e-01
7.976019685335166143e-01 4.356338292049657945e-02 1.862704187131057620e-02 1.402076066746762162e-01
7.488792961739932919e-01 5.830583045358114780e-02 2.295958941132039341e-02 1.698552839611051912e-01
6.781940833980018013e-01 8.001966502734600417e-02 2.922906896312334191e-02 2.125571826115287832e-01
5.829177555623202833e-01 1.064975537836033437e-01 3.677699223222669761e-02 2.738076984218496546e-01
4.723061781959623229e-01 1.302445347303763656e-01 4.372832357131767322e-02 3.537209635023438881e-01
3.650446752447025767e-01 1.424113418496752437e-01 4.763326487228748685e-02 4.449107180333348177e-01
2.773111640883691997e-01 1.404867453465200033e-01 4.746785659412264963e-02 5.347342339709881820e-01
2.138035871668144128e-01 1.331950084854982008e-01 4.520529220278805133e-02 6.077961121448991477e-01
1.732450376926034374e-01 1.264469389841903213e-01 4.331064115897628047e-02 6.569973821642299816e-01
1.490046854457591774e-01 1.232493391839575431e-01 4.345593853108704885e-02 6.842900368391963140e-01
1.349210576334985423e-01 1.242384971853278813e-01 4.628928462639833596e-02 6.945511605547755041e-01
1.264979204274895852e-01 1.293917962453578208e-01 5.181181704008155225e-02 6.922984662870711459e-01
1.203177182209918539e-01 1.382568026791154425e-01 5.929284161929276181e-02 6.821326374805999349e-01
1.148517430142241141e-01 1.509528102219887813e-01 6.695175483157730922e-02 6.672436919322096704e-01
1.096849468683365053e-01 1.690950159160690691e-01 7.222164619549711895e-02 6.489983910200972650e-01
1.054080403025895313e-01 1.946274027710484522e-01 7.339205090967708400e-02 6.265725060166850158e-01
1.042090297280807293e-01 2.266967875963620815e-01 7.104089250669916311e-02 5.980532901688576652e-01
1.091545074609677479e-01 2.637279399755960152e-01 6.761034195908997846e-02 5.595072106043462723e-01
1.213901179407509134e-01 3.071499866597317552e-01 6.480829656600141375e-02 5.066515988335160703e-01
1.375327280935733920e-01 3.604923357113323235e-01 6.244178537080507380e-02 4.395331508242893981e-01
1.508497955950099667e-01 4.273701800502497927e-01 5.950591889487547026e-02 3.622741054598649924e-01
1.536712692554307036e-01 5.089869786373283356e-01 5.503968702108461009e-02 2.823020650861564618e-01
1.420921347682778668e-01 6.016829761409676625e-01 4.865202222128930248e-02 2.075728668694651613e-01
1.197848748106224298e-01 6.939100616265098109e-01 4.115926624054750543e-02 1.451457973223203024e-01
9.505404043880717746e-02 7.694879533833447471e-01 3.445861850992319730e-02 1.009993876679249197e-01
7.531028830144340103e-02 8.176998428403081665e-01 3.029073077328610364e-02 7.669913808496239827e-02
6.341171457262646804e-02 8.385821082885172029e-01 2.908772893694935857e-02 6.891844820190694276e-02
5.885590020615472095e-02 8.368488614659796987e-01 3.027770941948566483e-02 7.401752890837995369e-02
6.016995110671501112e-02 8.150928922337186133e-01 3.340334151596528051e-02 9.133381514360081055e-02
6.604114541353645063e-02 7.730254774650722194e-01 3.862296568660467111e-02 1.223104114347866311e-01
7.395756035924418159e-02 7.142847555839976215e-01 4.595922818134846183e-02 1.657984558754100335e-01
8.013899047872612147e-02 6.495215314534039663e-01 5.286109297468942481e-02 2.174783850931807094e-01
8.070942533809910557e-02 5.885980222916569193e-01 5.731354733237667420e-02 2.733790050378674397e-01
7.562689460590579782e-02 5.373381353012547379e-01 5.767791262964135079e-02 3.293570574631980441e-01
6.779603460847680174e-02 4.958995956625568691e-01 5.557572562704166108e-02 3.807286441019244738e-01
5.912320395301068343e-02 4.618135212126231459e-01 5.326327968361040804e-02 4.257999951507557834e-01
5.008972703414896199e-02 4.295955774189377241e-01 5.180860243558770700e-02 4.685060931113255722e-01
4.078282759498892684e-02 3.947413735610332819e-01 5.126607482085655809e-02 5.132097240231212609e-01
3.131292328283393628e-02 3.564230293415764361e-01 5.085281422622685982e-02 5.614112331493628094e-01
2.243105510319739343e-02 3.153751510552999515e-01 4.952519218673557405e-02 6.126686016547671088e-01
1.521827242342573862e-02 2.735212850617015357e-01 4.696440333246670179e-02 6.642960391824059840e-01
1.023507746345342709e-02 2.347691412872709715e-01 4.393413483610560111e-02 7.110616464131699344e-01
7.230416970578909704e-03 2.041587460312811186e-01 4.169276104853004289e-02 7.469180759496097943e-01
5.545874229912406070e-03 1.847405864748979110e-01 4.132902708427001887e-02 7.683845122109197456e-01
4.580736563046999832e-03 1.745285471182455306e-01 4.292763073717351802e-02 7.779630855815339308e-01
3.905059113313694586e-03 1.679738247778542193e-01 4.519775508439424078e-02 7.829233610244380470e-01
3.314229246725715079e-03 1.609444284702801209e-01 4.655461502648471778e-02 7.891867272565092906e-01
2.806276415036316856e-03 1.529265992074238245e-01 4.656956795116098946e-02 7.976975564263786289e-01
2.430369332657225483e-03 1.445524997928387123e-01 4.591987735179000468e-02 8.070972535227139977e-01
2.165884815244607797e-03 1.348531762877414608e-01 4.516514045340169758e-02 8.178157984436124073e-01
1.989097639403278588e-03 1.225695112394455666e-01 4.437339679998719699e-02 8.310679943211640719e-01
1.926415466416372220e-03 1.081338153655830858e-01 4.315877229695894157e-02 8.467809968710416912e-01
2.042489747109346807e-03 9.198873804663156017e-02 4.068691325534934400e-02 8.652818589509100322e-01
2.403706307343706286e-03 7.412136665639701416e-02 3.620982641457277940e-02 8.872651006216869529e-01
3.056275142796601590e-03 5.566538045140655144e-02 3.003570145548855805e-02 9.112426429503086567e-01
3.951020202659047929e-03 3.866769507708895520e-02 2.330334815691041325e-02 9.340779365633419262e-01
4.754392900251625496e-03 2.458288462074553066e-02 1.695064585649077790e-02 9.537120766225121171e-01
5.072307138865429429e-03 1.438100265337729014e-02 1.165146115345639527e-02 9.688952290543006995e-01
4.983848908474072803e-03 8.185143628335594251e-03 7.834858863852409844e-03 9.789961485993373680e-01
4.755376910224205431e-03 4.818536197019444162e-03 5.325304963368211048e-03 9.851007819293881029e-01
3.951858763400848545e-03 2.744236058136392126e-03 4.027959398234834225e-03 9.892759457802278167e-01
4.072065789516602849e-03 1.904494054065301997e-03 2.958328285718939479e-03 9.910651118706991225e-01
4.113808437815295350e-03 1.457402412966944715e-03 2.307162592044536848e-03 9.921216265571733972e-01
4.104555115561973368e-03 1.178000474900186244e-03 1.887744906153865278e-03 9.928296995033839556e-01
4.719645210842599720e-02 2.370009745029959605e-02 2.067532560711820566e-01 7.223501943700922912e-01
5.168196930557547586e-02 2.712413507459855364e-02 2.026679938505710488e-01 7.185259017692550154e-01
5.789537641123679995e-02 3.145747638811997177e-02 2.135735607481412390e-01 6.970735864525018366e-01
6.442805981159036022e-02 3.551201458690875223e-02 2.346947436928761843e-01 6.653651819086249253e-01
6.892606948634645569e-02 3.802890554565792336e-02 2.607025615393828710e-01 6.323424634286126667e-01
6.941081363428755480e-02 3.830604901282456259e-02 2.835795760369383411e-01 6.087035613159497149e-01
6.555071872595320814e-02 3.661940198207629810e-02 2.949322735560897524e-01 6.028976057358806928e-01
5.854640924537925922e-02 3.426134982859493916e-02 2.930734108642613078e-01 6.141188300617642648e-01
4.990633554511673259e-02 3.251646322875377526e-02 2.812810806902683591e-01 6.362961205358611538e-01
4.125355598095510612e-02 3.223444119497963917e-02 2.634258140680485472e-01 6.630861887560166590e-01
3.396295008201861976e-02 3.327101435451611244e-02 2.455105850482257601e-01 6.872554505152395077e-01
2.934561838696941871e-02 3.437400815678923888e-02 2.398233803052238211e-01 6.964569931510177225e-01
2.828464987944511594e-02 3.507935880268848311e-02 2.576608069368958587e-01 6.789751843809707088e-01
3.007628087097281855e-02 3.620842810800890821e-02 2.978228305284719712e-01 6.358924604925462187e-01
3.351182129391164916e-02 3.894075787061823668e-02 3.478111270935796973e-01 5.797362937418900630e-01
3.743752844909855465e-02 4.398923402895252299e-02 3.892124222826668922e-01 5.293608152392821342e-01
4.079486458775555269e-02 5.128175609172033050e-02 4.096072436234792224e-01 4.983161356970448042e-01
4.327353291839963062e-02 6.059385472080438401e-02 4.086572605991819485e-01 4.874753517616142728e-01
4.569108307167767113e-02 7.143736099650954685e-02 3.917416663640913010e-01 4.911298895677216891e-01
4.580275985172784642e-02 8.250840168290850263e-02 3.662208804599001999e-01 5.054679580054638466e-01
4.413525659111899174e-02 9.154435153702188133e-02 3.372934251628476598e-01 5.270269667090111687e-01
4.222733973719131756e-02 9.695007400524120744e-02 3.096708538962855140e-01 5.511517323612820096e-01
4.190135534711630916e-02 9.759021344049993718e-02 2.878293345154663285e-01 5.726790966969175223e-01
9.581766305118981641e-01 1.765913266756327302e-02 1.469835458879395658e-02 9.465882231744918510e-03
9.622182354202037935e-01 1.539099956943920135e-02 1.460096771262870546e-02 7.789797297728458421e-03
9.636523031273594997e-01 1.401479047248531049e-02 1.563936955214147856e-02 6.693536848013699123e-03
9.622815876440689031e-01 1.342999590469355978e-02 1.816454380550209385e-02 6.123872645735713854e-03
9.566046043032476742e-01 1.379633392037448759e-02 2.339605992592196093e-02 6.203001850455666481e-03
9.438121700596930896e-01 1.532150234416724925e-02 3.368535767669971620e-02 7.180969919440044653e-03
9.191960783846394589e-01 1.824705680872792599e-02 5.293753876827054367e-02 9.619326038361991627e-03
8.785415024766639602e-01 2.222972716211766772e-02 8.481310823868547233e-02 1.441566212253280431e-02
8.224181581715570566e-01 2.615718440192067035e-02 1.283189697290009201e-01 2.310568769752139456e-02
7.542569498771370951e-01 2.926590933248517795e-02 1.771869090550647619e-01 3.929023173531317331e-02
6.771064139887326139e-01 3.215896406301985838e-02 2.194604281390827027e-01 7.127419380916506786e-02
5.877955564701832225e-01 3.667440921999300107e-02 2.398386710424045276e-01 1.356913632674189851e-01
4.762026709948283809e-01 4.179674068820411065e-02 2.246712204353348563e-01 2.573293678816327978e-01
3.303919426209813159e-01 4.381889378509933736e-02 1.760171962947646163e-01 4.497719672991544182e-01
1.854756471626934633e-01 3.959458565183031353e-02 1.130662106558815022e-01 6.618635565295949430e-01
8.915461029728052877e-02 3.222519995923173175e-02 6.358139646570351577e-02 8.150387932777846123e-01
4.260586838744245819e-02 2.602132440587410014e-02 3.565599484279840387e-02 8.957168123638850066e-01
2.410389201564042128e-02 2.261088353799054970e-02 2.231754755979792684e-02 9.309676768865711161e-01
1.772043152762316914e-02 2.158552488195854963e-02 1.627095943270338851e-02 9.444230841577148095e-01
1.610410819702034341e-02 2.146514079170478914e-02 1.313615131765564180e-02 9.492945996936192898e-01
1.617430295037127971e-02 2.080424032593712266e-02 1.081145154684432820e-02 9.522100051768471740e-01
1.704322401760106215e-02 1.944333351815599048e-02 8.834262472180455170e-03 9.546791799920625321e-01
1.912303805936830040e-02 1.871339808856152531e-02 7.583207209871390894e-03 9.545803566421984243e-01
2.257352084410214552e-02 1.963607011655022286e-02 7.195855033082971391e-03 9.505945540062650245e-01
2.654495389413671566e-02 2.197355474428761696e-02 7.336895732416523659e-03 9.441445956291590891e-01
3.038438454566013899e-02 2.562939499040904623e-02 7.800631640661997122e-03 9.361855888232688550e-01
3.441793212439690081e-02 3.151259034409435722e-02 8.706883059937676680e-03 9.253625944715710983e-01
3.954457179044792992e-02 4.140821697785345562e-02 1.036255355436960061e-02 9.086846576773289774e-01
4.625586144803806726e-02 5.716186808389953078e-02 1.307306062070614019e-02 8.835092098473567024e-01
5.477046821212729760e-02 8.005133401924577341e-02 1.727296635473154693e-02 8.479052314138950663e-01
6.689130232350033733e-02 1.113829410348675386e-01 2.399016174523307260e-02 7.977355948963992249e-01
8.447987228544788507e-02 1.511138997793660121e-01 3.449324845533184580e-02 7.299129794798543402e-01
1.052069917508027669e-01 1.972944271831777452e-01 4.938916550831015662e-02 6.481094155577090676e-01
1.237478027086477556e-01 2.470698253879362871e-01 6.854858637636113139e-02 5.606337855270550063e-01
1.364242331944989506e-01 2.977289456216379859e-01 9.209189802534401004e-02 4.737549231585187481e-01
1.431108220953014321e-01 3.458778050575326835e-01 1.209285864766370122e-01 3.900827863705289555e-01
1.444587316070945482e-01 3.871565073197189011e-01 1.563301080714297464e-01 3.120546530017566655e-01
1.404724825248797604e-01 4.172263474080740719e-01 1.993146356192007917e-01 2.429865344478455425e-01
1.333687587483881887e-01 4.311352270698962097e-01 2.489937445905014979e-01 1.865022695912142148e-01
1.251130286261259716e-01 4.233503448367150757e-01 3.072110834357015263e-01 1.443255431014574819e-01
1.173067095952898264e-01 3.962005649757135428e-01 3.719643085012524497e-01 1.145284169277439867e-01
1.100381371728065549e-01 3.542162273819023377e-01 4.428667858677884928e-01 9.287884957750194848e-02
1.007671375157131455e-01 3.050987700423405391e-01 5.188414775679146551e-01 7.529261487403167419e-02
8.814756653453768853e-02 2.577633289558127205e-01 5.942554667539963198e-01 5.983363775565277154e-02
7.328610600250169693e-02 2.240013232568653923e-01 6.561009982928989182e-01 4.661157244773381225e-02
5.638994733879097027e-02 2.122551985578901568e-01 6.956499292849931404e-01 3.570492481832546888e-02
4.090493557570103883e-02 2.215416229229775491e-01 7.102331348511813358e-01 2.732030665014001727e-02
2.942257299226236009e-02 2.454433673550012185e-01 7.035565127460897683e-01 2.157754690664676414e-02
2.224110423494376002e-02 2.762602088889701268e-01 6.832928276964385095e-01 1.820585917964739203e-02
1.836246239219118878e-02 3.079145638111803751e-01 6.567880820021203547e-01 1.693489179450773097e-02
1.667436080186228062e-02 3.379126353508317138e-01 6.277759418176458439e-01 1.763706202966038375e-02
1.631296047043138617e-02 3.655949258060863238e-01 5.978384464870855064e-01 2.025366723639692237e-02
1.650564966144449364e-02 3.884082890433939728e-01 5.704615372396305562e-01 2.462452405553096704e-02
1.643853341958785227e-02 4.047287037032726853e-01 5.482590115221984695e-01 3.057375135494104848e-02
1.558392720346923714e-02 4.138705794021865780e-01 5.322936433867081485e-01 3.825185000763609011e-02
1.415619367384395380e-02 4.127597027902908389e-01 5.248655384507411314e-01 4.821856508512398914e-02
1.275066184734035060e-02 3.983628584541075712e-01 5.269796228733828469e-01 6.190685682516949145e-02
1.170308072313298170e-02 3.715192630456681244e-01 5.342291998558300614e-01 8.254845637536886716e-02
1.129493806632465673e-02 3.386957302104705025e-01 5.347024336030425928e-01 1.153068981201622045e-01
1.151525154124735835e-02 3.068603420699125284e-01 5.176042039386333782e-01 1.640202024502069589e-01
1.207339034373118049e-02 2.792805499682364245e-01 4.796464206129013030e-01 2.289996390751312672e-01
1.270688987019343366e-02 2.563612300947917810e-01 4.266165313604872722e-01 3.043153486745274749e-01
1.328920729766065040e-02 2.395437961883478128e-01 3.711949092285746210e-01 3.759720872854167006e-01
1.386780600228962844e-02 2.329415138315127642e-01 3.255112522545545728e-01 4.276794279116430952e-01
1.462680884520738307e-02 2.395775359102143010e-01 2.948202372518910486e-01 4.509754179926872553e-01
1.567168909396812054e-02 2.581077714854580485e-01 2.774448329532196444e-01 4.487757064673539298e-01
1.703938494207777113e-02 2.839482334573612543e-01 2.693018744614504856e-01 4.297105071391102427e-01
1.903909951704374839e-02 3.114160889597166193e-01 2.687567858707698987e-01 4.007880256524697926e-01
2.255092138118910614e-02 3.355872300196070523e-01 2.768299162993111961e-01 3.650319322998930582e-01
2.923282855262112484e-02 3.548260893064530963e-01 2.924988620787499216e-01 3.234422200621758225e-01
4.140369397111199473e-02 3.704669124380013945e-01 3.115814539178798359e-01 2.765479396730065598e-01
6.184259383729680953e-02 3.847569711111842317e-01 3.280771927887035644e-01 2.253232422628156650e-01
9.348677806170636873e-02 3.984341569439139863e-01 3.352022910161517877e-01 1.728767739782280655e-01
1.365759109173892150e-01 4.130194172433266364e-01 3.267960602726880937e-01 1.236086115665959856e-01
1.837473870050913005e-01 4.348039782747671333e-01 2.982402186109864850e-01 8.320841610915521991e-02
2.229890861892420695e-01 4.695922064481231062e-01 2.530954701055742606e-01 5.432323725706102169e-02
2.475469766777811664e-01 5.166397337238360921e-01 2.005383788660608513e-01 3.527491073232191104e-02
2.540106229139048044e-01 5.759006984357226688e-01 1.470983386999960285e-01 2.299033995037650865e-02
2.455699054898706490e-01 6.391063879942820991e-01 9.998619199362458743e-02 1.533751452222261065e-02
2.230300514250499189e-01 7.010900516028559792e-01 6.486998539658629659e-02 1.100991157550788684e-02
1.916956536539456413e-01 7.570606397268977439e-01 4.240051452558386835e-02 8.843192093572604245e-03
1.665938165742884836e-01 7.958121525041458311e-01 2.964145579532461924e-02 7.952575126241562264e-03
1.489170507176613423e-01 8.200042247959263841e-01 2.323478596486718006e-02 7.843938521544940867e-03
1.401472965908582002e-01 8.314910418956513727e-01 2.015035136102120289e-02 8.211310152469154799e-03
1.380253867856375549e-01 8.330298100421547058e-01 1.974506433742407446e-02 9.199738834783857330e-03
1.437558829265563332e-01 8.232906366413121901e-01 2.171047525739811662e-02 1.124300517473351274e-02
1.517148163690086871e-01 8.069782725241673171e-01 2.647672568159086318e-02 1.483018542523300599e-02
1.571011165975158830e-01 7.880406411400880939e-01 3.422151949120721265e-02 2.063672277118892492e-02
1.535672350067172343e-01 7.711055630803751448e-01 4.538766846263452698e-02 2.993953345027331250e-02
