3.303400747181155506e-01 5.914580304166868613e-02 5.852544854228631799e-01 2.525963681735257649e-02
4.750146593304201414e-01 4.509609706984036293e-01 6.744033354668346747e-02 6.584036424492556265e-03
3.609085902562454429e-01 5.607048599454781401e-01 7.314965698788625237e-02 5.236892810390234021e-03
2.540556948752123456e-01 6.686615033098733951e-01 7.337577161873770626e-02 3.907030196176580761e-03
1.658489331867484262e-01 7.634494542081244894e-01 6.791072766690813001e-02 2.790884938219089645e-03
1.035869095361322545e-01 8.356153334288810575e-01 5.876873873381895097e-02 2.029018301168190267e-03
6.218852793129662354e-02 8.885930744891628041e-01 4.770293901362884781e-02 1.515458565911533689e-03
3.621014593888412236e-02 9.257386235512192751e-01 3.690304644489778019e-02 1.148184064998647100e-03
2.131460271470091844e-02 9.494555889164488782e-01 2.835794645402493763e-02 8.718619148252310103e-04
1.435022820884501206e-02 9.618901737845081401e-01 2.307644218568839084e-02 6.831558209584475587e-04
1.042085482796850301e-02 9.684728045520754058e-01 2.053498881046249974e-02 5.713518094935293896e-04
8.721985857431691427e-03 9.704189754526135747e-01 2.032603258072371993e-02 5.330061092309477857e-04
8.079991361580397477e-03 9.698008840329130908e-01 2.156992363380884001e-02 5.492009716976099755e-04
7.977705531039953196e-03 9.680382673100953461e-01 2.337042187245198105e-02 6.136052864129285618e-04
8.433881475726217811e-03 9.653932428494982343e-01 2.541165631309880157e-02 7.612193616769975324e-04
9.720015341032181913e-03 9.606108232594764429e-01 2.860472414192203119e-02 1.064437257569500342e-03
1.182089429778066317e-02 9.518627719425164502e-01 3.471472883176079938e-02 1.601604927942185510e-03
1.465796546449908526e-02 9.377615437326284331e-01 4.513831680483552933e-02 2.442173998037101487e-03
1.886408496429501855e-02 9.172816880523643190e-01 6.020314451289492802e-02 3.651082470445888781e-03
2.480620242991638316e-02 8.923260557496508483e-01 7.773776461018168382e-02 5.129977210251221789e-03
3.202871255552324631e-02 8.658539799920735858e-01 9.548383005843227855e-02 6.633477393970701151e-03
4.044697378262380322e-02 8.338915958837941345e-01 1.174879860030155626e-01 8.173444330566322774e-03
5.191606414475930659e-02 7.849880617893850721e-01 1.528427885363318195e-01 1.025308552952405861e-02
6.223600057331486746e-02 7.179231758295874233e-01 2.066627199097428591e-01 1.317810368735504965e-02
6.543507108172730291e-02 6.402065788191916296e-01 2.776697294550499739e-01 1.668862064403094786e-02
5.851766915607831826e-02 5.636322137358767970e-01 3.578888641980567664e-01 1.996125290998803162e-02
4.538140008190426344e-02 4.980203900681351437e-01 4.343393842431295671e-01 2.225882560683100156e-02
3.248769268221688572e-02 4.466743794067662976e-01 4.972685408184993605e-01 2.356938709251746311e-02
2.323612678506755541e-02 4.166828686288096550e-01 5.358688330006793343e-01 2.421217158544370154e-02
1.765713946836517181e-02 3.972529217295286963e-01 5.607228457401891575e-01 2.436709306191698482e-02
1.417995949731642481e-02 3.811740806755374300e-01 5.809576084874221724e-01 2.368835133972396756e-02
1.167972567040512916e-02 3.619927835262143900e-01 6.039929901731605488e-01 2.233450063022004647e-02
9.667840508210462022e-03 3.369239175678174769e-01 6.326271578927556982e-01 2.078108403121669764e-02
8.089829231135364090e-03 3.063768789627116518e-01 6.660973317264200499e-01 1.943596007973269132e-02
6.918693416744007424e-03 2.718625589104262663e-01 7.028490802940016158e-01 1.836966737882779824e-02
6.018911038657555508e-03 2.364913274258632070e-01 7.400451100083156319e-01 1.744465152716357867e-02
5.314193672235772298e-03 2.062639889289904216e-01 7.717342385579821773e-01 1.668757884079163922e-02
4.783671636114972085e-03 1.867595795636703693e-01 7.922330414132412457e-01 1.622370738697319001e-02
4.505006601850022711e-03 1.832472526601551799e-01 7.958163134670004357e-01 1.643142727099410408e-02
4.663740843193534512e-03 2.001120002447541735e-01 7.773268093079686025e-01 1.789744960408359495e-02
5.352845821833892778e-03 2.338209111981951471e-01 7.402796673291415219e-01 2.054657565082963419e-02
6.456322549527306921e-03 2.683050631696197730e-01 7.022965012818372932e-01 2.294211299901565554e-02
7.681844342698338629e-03 2.868550390600619893e-01 6.820448096864811793e-01 2.341830691075873563e-02
8.726217877112314725e-03 2.856597172537753138e-01 6.837439304363686077e-01 2.187013443274374302e-02
9.457395301427445888e-03 2.702109221873884026e-01 7.008922398491500561e-01 1.943944266203418217e-02
1.015085204611040903e-02 2.470111898544575801e-01 7.252945165757731516e-01 1.754344152365854698e-02
1.136399513634926001e-02 2.238597461744279982e-01 7.476229096784317019e-01 1.715334901079126201e-02
1.356331223853825957e-02 2.100568139318277627e-01 7.576382094570826009e-01 1.874166437255119638e-02
1.674156580176842588e-02 2.079781330079022716e-01 7.529029390689906398e-01 2.237736212133871125e-02
2.029885665866288866e-02 2.104139703812165918e-01 7.415119673587008409e-01 2.777520560141998399e-02
2.376341324512202396e-02 2.074493179476046278e-01 7.341171216084559914e-01 3.467014719881744700e-02
2.690871807481851063e-02 2.002713700380204243e-01 7.294950269612904270e-01 4.332488492587033974e-02
3.098867388310647120e-02 1.902039907704547173e-01 7.240269737149211959e-01 5.478036163151768501e-02
3.691885986371180178e-02 1.832885889525979750e-01 7.115269169085157719e-01 6.826563427517419458e-02
4.497444615320418670e-02 1.804981395698241342e-01 6.968294223012776456e-01 7.769799197569417226e-02
5.550409222085694178e-02 1.809835718528494397e-01 6.870184303974438134e-01 7.649390552884978434e-02
6.926789079038607466e-02 1.826649112338301073e-01 6.818264926273670534e-01 6.624070534841716706e-02
8.446469145636431586e-02 1.825206775309963225e-01 6.798050254299081718e-01 5.320960558273098856e-02
9.630534484140616802e-02 1.776192462730308841e-01 6.841449299186559418e-01 4.193047896690663828e-02
1.024926611140777183e-01 1.633439804356843772e-01 7.004699260214571899e-01 3.369343242878082567e-02
1.035009762049175774e-01 1.364016042248961114e-01 7.325543610532269101e-01 2.754305851695948437e-02
9.925047894837139839e-02 1.019782236008862086e-01 7.764225221038650870e-01 2.234877534687720185e-02
9.009932847260110345e-02 7.025451425636275449e-02 8.216926063432248295e-01 1.795355092781118767e-02
7.772294470643045794e-02 4.670833551951653756e-02 8.609264418809163821e-01 1.464227789313675594e-02
6.379932816837803611e-02 3.219983477028291741e-02 8.913724203845391214e-01 1.262841667679993549e-02
5.086450224927680647e-02 2.218165606530349623e-02 9.150861947141384345e-01 1.186764697128101127e-02
3.949968747969616334e-02 1.623517821846204995e-02 9.319092324075981537e-01 1.235590189424372494e-02
3.053802579537018280e-02 1.272660385753971064e-02 9.429721192776698846e-01 1.376325106942030349e-02
2.471921091698621106e-02 1.083560985538873332e-02 9.486183878263720892e-01 1.582679140125310344e-02
2.237735824010234076e-02 1.027682500682005305e-02 9.487390938175428445e-01 1.860672293553485360e-02
2.287796061829571945e-02 1.081524343878243269e-02 9.441352082218690267e-01 2.217158772105283851e-02
2.502148878954107980e-02 1.201888371835913537e-02 9.363466532641774309e-01 2.661297422792244238e-02
6.072559638837796703e-01 3.867562183206106341e-01 1.820457177151151755e-03 4.167360618458788683e-03
5.741420716512180000e-01 4.277571363549204086e-02 4.063648027129524581e-02 3.424457344419946647e-01
5.307780117618449145e-01 3.408111089907485403e-02 3.730731031357113758e-02 3.978335670255090939e-01
4.683010893899898774e-01 2.804825853626226675e-02 3.453216795086352237e-02 4.691184841228844271e-01
3.858468231885807120e-01 2.456616875102322212e-02 3.261338330106789557e-02 5.569736247593279899e-01
2.972639484172784896e-01 2.357748986464614990e-02 3.211079693576601723e-02 6.470477647823096312e-01
2.213129914078122429e-01 2.539969991759447737e-02 3.393296441616760334e-02 7.193543442584253711e-01
1.678541226211197890e-01 3.115552024208634654e-02 3.912270469843413812e-02 7.618676524383597437e-01
1.368609270128090527e-01 4.263370724876586193e-02 4.823505937188463794e-02 7.722703063665405931e-01
1.243058502248181318e-01 6.078583506754034471e-02 5.992302503758328153e-02 7.549852896700581795e-01
1.242013257223481687e-01 8.152674486267048881e-02 7.010704130108195986e-02 7.241648881138992300e-01
1.311405927915332004e-01 9.444949093265324336e-02 7.444879331697475122e-02 6.999611229588389438e-01
1.429552386567445876e-01 9.156572931573957186e-02 7.112519850919257758e-02 6.943538335183235821e-01
1.572651675613807309e-01 7.564929205071883878e-02 6.173767615613970361e-02 7.053478642317603242e-01
1.686063472051718137e-01 5.606167729340427036e-02 4.980067723585574618e-02 7.255312982655682807e-01
1.700886466351392845e-01 3.993318183427737450e-02 3.831286696227854949e-02 7.516653045683048262e-01
1.593994248183474571e-01 2.956612039234620543e-02 2.916582935068397567e-02 7.818686254386225665e-01
1.431698657930226548e-01 2.389573899780638930e-02 2.302078352559832827e-02 8.099136116835727872e-01
1.299950658056504282e-01 2.112686305274781920e-02 1.952589171582679722e-02 8.293521794257752155e-01
1.229703827617940892e-01 2.001405207500265779e-02 1.799028345385808927e-02 8.390252817093450943e-01
1.209133729770998505e-01 1.981751936227834146e-02 1.779545710431206310e-02 8.414736505563095159e-01
1.226230291814679602e-01 2.019635416519170376e-02 1.865741725879400612e-02 8.385231993945462259e-01
1.280283978683421087e-01 2.111946022745476992e-02 2.074255110324083398e-02 8.301095908009622493e-01
1.366764038210965260e-01 2.264912113577122882e-02 2.457809430654519026e-02 8.160963807365871903e-01
1.466022739746125070e-01 2.487202993021757694e-02 3.101654191699322258e-02 7.975091541781765825e-01
1.563129645824434255e-01 2.834102703105167639e-02 4.168275657775855070e-02 7.736632518087462884e-01
1.654189162894816600e-01 3.396643964940725124e-02 5.946491864446659670e-02 7.411497254166445892e-01
1.719013059122385945e-01 4.224488050007692286e-02 8.918236106527389906e-02 6.966714525224100285e-01
1.718440142909928026e-01 5.317136246913758274e-02 1.383048901913966344e-01 6.366797330484731399e-01
1.601565491360170679e-01 6.554018150498551465e-02 2.169789081930964814e-01 5.573243611659011165e-01
1.371657288006661035e-01 7.966248675111574362e-02 3.279856176943225510e-01 4.551861667538956713e-01
1.073432718504509914e-01 8.854660106883517623e-02 4.657009827004295333e-01 3.384091443802842991e-01
7.834104886170094317e-02 8.793552142268283578e-02 6.059887266849647292e-01 2.277347030306516862e-01
5.554080577202780145e-02 7.889561939910270938e-02 7.217689717450448406e-01 1.437946030838249678e-01
4.025510331826722549e-02 6.705101541397383291e-02 8.017983436276358011e-01 9.089553764012349435e-02
3.082460749590790888e-02 5.586807372711420638e-02 8.526932306105704518e-01 6.061408816640698194e-02
2.528716584844678539e-02 4.678104941237611752e-02 8.839455825278753620e-01 4.398620221130168650e-02
2.232006451687801665e-02 4.050939119387746840e-02 9.019419833230044592e-01 3.522856096624005229e-02
2.072493656125584324e-02 3.590660344357400613e-02 9.129081654886256336e-01 3.046029450654441292e-02
1.945571150942783031e-02 3.108429371044345649e-02 9.221647840415299058e-01 2.729521073859859578e-02
1.846000436323279315e-02 2.585293899704467838e-02 9.305568739638566678e-01 2.513018267586584684e-02
1.848069207825101673e-02 2.165358464655029250e-02 9.353166787556241868e-01 2.454904451957443459e-02
2.028989810802928756e-02 1.932803127777101004e-02 9.338475062269183669e-01 2.653456438728168942e-02
2.456916892306555689e-02 1.844758420220162995e-02 9.243329417781616097e-01 3.265030509657109586e-02
3.314170766594790735e-02 1.949459211453465068e-02 9.001518342080030433e-01 4.721186601151407952e-02
5.051474970442869361e-02 2.111808210359995483e-02 8.470954199528651918e-01 8.127174823910607304e-02
7.825407720126888178e-02 2.461820244054552589e-02 7.381982022324640180e-01 1.589295181257213141e-01
1.093097530565045328e-01 3.008572576699847581e-02 5.597436036744600774e-01 3.008609175020366955e-01
1.239471492636200767e-01 3.440447998074151748e-02 3.689271893582826700e-01 4.727211813973554722e-01
1.219599395949305248e-01 3.777016682921308099e-02 2.274137696219728499e-01 6.128561239538837802e-01
1.162790358604405688e-01 4.208285451833863877e-02 1.424691664710561190e-01 6.991689431501644236e-01
1.154702896650384170e-01 4.793252476886655095e-02 9.597848497923264222e-02 7.406187005868622997e-01
1.227397706801811178e-01 5.380668226368583162e-02 7.065494476491696041e-02 7.527986022912160902e-01
1.362829033965027026e-01 5.753978762562138305e-02 5.546979996425966536e-02 7.507075090136162698e-01
1.515377675914134636e-01 5.797043623129369966e-02 4.474510936123566457e-02 7.457466868160571583e-01
1.653473903555328361e-01 5.556850455766910307e-02 3.628496224774994255e-02 7.427991428390480211e-01
1.771716132487319573e-01 5.134489164231260255e-02 2.905930483336473941e-02 7.424241902755908118e-01
1.885936752078955503e-01 4.683751771782039552e-02 2.279179831576928425e-02 7.417770087585148220e-01
2.017093071359929712e-01 4.399544131524533302e-02 1.772085107890994729e-02 7.365744004698516756e-01
2.155732651678935186e-01 4.309705489762067493e-02 1.368288563097923467e-02 7.276467943035066499e-01
2.276442080493405740e-01 4.289914996561976224e-02 1.031079124299686192e-02 7.191458507420426249e-01
2.377459635496267376e-01 4.219766873602697616e-02 7.510626526123522634e-03 7.125457411882227809e-01
2.478825616392857645e-01 4.076641592824367666e-02 5.362143195503313829e-03 7.059888792369674038e-01
2.627739501303409386e-01 3.996964505474367296e-02 3.962701464769576888e-03 6.932937033501458401e-01
2.890506298660507345e-01 4.179258149865147653e-02 3.270868371309190118e-03 6.658859202639884067e-01
3.322452840438404609e-01 4.777249159711873666e-02 3.150058073126980884e-03 6.168321662859133081e-01
3.943520578845112201e-01 5.924580744035689434e-02 3.521487251329199434e-03 5.428806474238029312e-01
4.666556326692203882e-01 7.717489876650969471e-02 4.318402368855657654e-03 4.518510661954140972e-01
5.295012774844977121e-01 1.030343229028364282e-01 5.525848418627784218e-03 3.619385511940380606e-01
5.680835928726122308e-01 1.379898672878109578e-01 6.550151641659503893e-03 2.873763881979173318e-01
5.805401048464930991e-01 1.800293312538741308e-01 7.542209871998556067e-03 2.318883540276343302e-01
5.719788650439551203e-01 2.246744064865502100e-01 8.380710846590132615e-03 1.949660176229047193e-01
3.993976532193993512e-02 2.166214921771193180e-01 7.365128880506959241e-01 6.925854450244952817e-03
5.761519678337916339e-01 3.207120069393147310e-01 3.002957504142354794e-02 7.310645018546992058e-02
6.099395426441209800e-01 2.846707174997668566e-01 3.349056778732398265e-02 7.189917206878818079e-02
6.484852316073201894e-01 2.418181243022148874e-01 3.854807972848320330e-02 7.114856436198178924e-02
6.864638899596066102e-01 1.986571195504099885e-01 4.365546153933715090e-02 7.122352895064620881e-02
7.123295043226067769e-01 1.650752113368579577e-01 4.857553437330829754e-02 7.401974996722705813e-02
7.156170152246260630e-01 1.475983156085218240e-01 5.410014847979949942e-02 8.268452068705246794e-02
6.957895784542854623e-01 1.445991437778034738e-01 6.075178910297207580e-02 9.885948866493897425e-02
6.628075574725711405e-01 1.481746264923615164e-01 6.798211687736460673e-02 1.210356991577027502e-01
6.284872445745699476e-01 1.507271056065591641e-01 7.490714611980379967e-02 1.458785036990671302e-01
6.012017199791261923e-01 1.485332870866777899e-01 8.036873234285688006e-02 1.698962605913392210e-01
5.768864939859793539e-01 1.459233177457789077e-01 8.591694898644547385e-02 1.912732392817963201e-01
5.516258298367537893e-01 1.463723496573360039e-01 9.163250669053750463e-02 2.103693138153725217e-01
5.199495522905891454e-01 1.527074098956259507e-01 9.684611741182706790e-02 2.304969204019576279e-01
4.822879210136483685e-01 1.636229766675355579e-01 1.004987646689352310e-01 2.535903376498812589e-01
4.439772169761938003e-01 1.757204454899985446e-01 1.031740334460599096e-01 2.771283040877479675e-01
4.085427951505870570e-01 1.885148909005215645e-01 1.069695872597492547e-01 2.959727266891418740e-01
3.726581480181168082e-01 2.062936500613496149e-01 1.149769680134136579e-01 3.060712339071201549e-01
3.355855114468309086e-01 2.306388174547997216e-01 1.271225973288646338e-01 3.066530737695045694e-01
2.956807101921612446e-01 2.622783477150724685e-01 1.446574144449481181e-01 2.973835276478179468e-01
2.593464648784633564e-01 2.960676369416613274e-01 1.686091106274119067e-01 2.759767875524632985e-01
2.368178978342861396e-01 3.195274881051845539e-01 2.004340564646102385e-01 2.432205575959189847e-01
2.315318020619269168e-01 3.258593944321563352e-01 2.372277202841236721e-01 2.053810832217930205e-01
2.397143550689954661e-01 3.189560183144919403e-01 2.734848709642329623e-01 1.678447556522797701e-01
2.604015662624470928e-01 3.112169177592411518e-01 2.950020605560516596e-01 1.333794554222599293e-01
2.888427794802171933e-01 3.136599170119345747e-01 2.929501397864398560e-01 1.045471637214083760e-01
3.257906895990300700e-01 3.257149515806108120e-01 2.660380347761254205e-01 8.245632404423382245e-02
3.780585168929970763e-01 3.379798044754002695e-01 2.177106417176873365e-01 6.625103691391534544e-02
4.577497597178091793e-01 3.333598714144767605e-01 1.554630576350144178e-01 5.342731123269978122e-02
5.489898590057356031e-01 3.113953972234695944e-01 9.710100542311120297e-02 4.251373834768351623e-02
6.334310400721621104e-01 2.763940915952281530e-01 5.629096178423138863e-02 3.388390654837844518e-02
7.037975579026458650e-01 2.353391943993424218e-01 3.290564601893583574e-02 2.795760167907591909e-02
7.625923143980827268e-01 1.925112870495685469e-01 2.069441508374465430e-02 2.420198346860406857e-02
8.135933968675250760e-01 1.501969823793957159e-01 1.433565685050029737e-02 2.187396390257867473e-02
8.552746714163054209e-01 1.131395262439551103e-01 1.090788935464098372e-02 2.067791298509847817e-02
8.852938080449566094e-01 8.525174336748776727e-02 8.889285236431941975e-03 2.056516335112382535e-02
9.048754055557847176e-01 6.611003345761480576e-02 7.466335246992667797e-03 2.154822573960794505e-02
9.165654627115548125e-01 5.339414920277600618e-02 6.314297654817341808e-03 2.372609043085142227e-02
9.227857080413655044e-01 4.481733906689220476e-02 5.359776908476421818e-03 2.703717598326622895e-02
9.272724304100138371e-01 3.776976757759147041e-02 4.509626952846022656e-03 3.044817505954851289e-02
9.334012254587179536e-01 3.060905144412760445e-02 3.703140428034460471e-03 3.228658266911978159e-02
9.412876825002230996e-01 2.382650061544463668e-02 2.999720833300183187e-03 3.188609605103225053e-02
9.492336201646469629e-01 1.850555125530088663e-02 2.478587513897239844e-03 2.978224106615501646e-02
9.561130745593698910e-01 1.488586660357292708e-02 2.163491127395539889e-03 2.683756770966158958e-02
9.611420336364441264e-01 1.275059401299545418e-02 2.072956333409643141e-03 2.403441601715083226e-02
9.638956695765903415e-01 1.182516726739905356e-02 2.238553372686730766e-03 2.204060978332384249e-02
9.648489853651714965e-01 1.172072733869406087e-02 2.653386872332379708e-03 2.077690042380213320e-02
9.648468616167530376e-01 1.208446663030372445e-02 3.251312370322499354e-03 1.981735938262034827e-02
9.650877504821410158e-01 1.254689842761779611e-02 3.872381507386508503e-03 1.849296958285483530e-02
9.667913408173107737e-01 1.270888976348174410e-02 4.307852994465836104e-03 1.619191642474178752e-02
9.701036656793143864e-01 1.243778353397677512e-02 4.455989496476318867e-03 1.300256129023258551e-02
9.736447399363703514e-01 1.214884095250171048e-02 4.429002706322095889e-03 9.777416404805618425e-03
9.761778304853265809e-01 1.237468852320743051e-02 4.370006893936972253e-03 7.077474097529121329e-03
9.771859299385676767e-01 1.348882891164020041e-02 4.353595214674275786e-03 4.971645935117886134e-03
9.772369673442349303e-01 1.530808673774795674e-02 4.035239908270867731e-03 3.419706009746240928e-03
9.721648565031907330e-01 2.051214114387783435e-02 4.669096320338081765e-03 2.653906032593392542e-03
9.646969283383795002e-01 2.751300997386162822e-02 5.534571330391458398e-03 2.255490357367490387e-03
9.563609884099171232e-01 3.498465062700777811e-02 6.556755151572580056e-03 2.097605811502554606e-03
9.468369657574998710e-01 4.304576216589090648e-02 8.004064290155430902e-03 2.113207786453843648e-03
9.350637920729021335e-01 5.243392345853385011e-02 1.035059725308250418e-02 2.151687215481525636e-03
9.229429801264342759e-01 6.148713737011284042e-02 1.356456119101249677e-02 2.005321312440696158e-03
9.045015881348875686e-01 7.471735189129651011e-02 1.897354557374071257e-02 1.807514400075311287e-03
8.740698351798111831e-01 9.619277474154107332e-02 2.804841836273351194e-02 1.688971715913921293e-03
8.213998700778721851e-01 1.330480796753736594e-01 4.373846010233456427e-02 1.813590144419791354e-03
7.367231614153169073e-01 1.916067496711298113e-01 6.931772956394853524e-02 2.352359349604745808e-03
6.168014280572905461e-01 2.738982918342503514e-01 1.058231031700039154e-01 3.477176938455344042e-03
4.699638211404564281e-01 3.743721998529636052e-01 1.504991588097154831e-01 5.164820196864406375e-03
3.305007924707168421e-01 4.705314794109036747e-01 1.922387895352831999e-01 6.728938583096339722e-03
2.379369387267065150e-01 5.390137344077553516e-01 2.156497508222744164e-01 7.399576043263847956e-03
1.938084535003441189e-01 5.815610928453200934e-01 2.171801709401434688e-01 7.450282714192154980e-03
1.822198315705144400e-01 6.074281032366448674e-01 2.031367136051945854e-01 7.215351587646161823e-03
1.910288516240837842e-01 6.211186017349533683e-01 1.811842474211018128e-01 6.668299219861111016e-03
8.583778781450912554e-01 1.858283664634661006e-02 6.025138903257031692e-02 6.278789617599175865e-02
9.058352988914916137e-01 4.036347538980057659e-02 1.047970647653784053e-02 4.332151924217021027e-02
9.140026281094324467e-01 3.563844666820280976e-02 8.934691651259886111e-03 4.142423357110514015e-02
9.168874451090662792e-01 3.259306532723757477e-02 7.843377629367051865e-03 4.267611193432910288e-02
9.132660853938351364e-01 3.165633001776217703e-02 7.256086634903227348e-03 4.782149795349916604e-02
9.026108373132561979e-01 3.285264773599223115e-02 7.171234017807353971e-03 5.736528093294431668e-02
8.848661018117968124e-01 3.610512447075885784e-02 7.592255537993833521e-03 7.143651817945055604e-02
8.597794818888974122e-01 4.144752767738471566e-02 8.538263325766863934e-03 9.023472710795107932e-02
8.246147908110893487e-01 4.934762008711494896e-02 1.017226380710695502e-02 1.158653252946889312e-01
7.747755630307433528e-01 5.989507698383765566e-02 1.275829295203963556e-02 1.525710670333792207e-01
7.064649986448789942e-01 7.078888551728802769e-02 1.625949839957964785e-02 2.064866174382533059e-01
6.159621976936803245e-01 7.716942668646092907e-02 2.013296188426689712e-02 2.867354137355915267e-01
5.050369057706967091e-01 7.411401816762924755e-02 2.325300843574855045e-02 3.975960676259254201e-01
3.856141353358202850e-01 6.304232604462815803e-02 2.509008573685381910e-02 5.262534528826979807e-01
2.792769349232942511e-01 4.800795949458596529e-02 2.447230662481709659e-02 6.482427989573029681e-01
2.010323274613962652e-01 3.580056382227069650e-02 2.302582879989868714e-02 7.401412799164343026e-01
1.519613553662016170e-01 2.822467766479701962e-02 2.233139857852973684e-02 7.974825683904716023e-01
1.243516910354101335e-01 2.436643576164281358e-02 2.329644968197549376e-02 8.279854235209717084e-01
1.106056581223216068e-01 2.308453560040120076e-02 2.632520686887307448e-02 8.399845994084041978e-01
1.056713423628542065e-01 2.371111871686897715e-02 3.160803681851635100e-02 8.390095021017606181e-01
1.061943727124044501e-01 2.590197263552995038e-02 3.901147891361702452e-02 8.288921757384486444e-01
1.100650698810449052e-01 2.952995616152507413e-02 4.764449777250779477e-02 8.127604761849220871e-01
1.159835325909897158e-01 3.480446059083906751e-02 5.592187774257374039e-02 7.932901290755977053e-01
1.249082145607991884e-01 4.261018819454003709e-02 6.231824895021586402e-02 7.701633482944451048e-01
1.407138389382174559e-01 5.386972686471332844e-02 6.586248422329633867e-02 7.395539499737727729e-01
1.700866849945880666e-01 6.949734269260234021e-02 6.685467153359714310e-02 6.935613007792122975e-01
2.201234188557445459e-01 9.119720382829986371e-02 6.595629655855794748e-02 6.227230807573975735e-01
2.921761702507941760e-01 1.201099322832844124e-01 6.344681148754231781e-02 5.242670859783792325e-01
3.734574135214677737e-01 1.610401514700996739e-01 5.826124144100790908e-02 4.072411935674245531e-01
4.440044156963562361e-01 2.120994731833240887e-01 5.055749893329121447e-02 2.933386121870283914e-01
4.785469883374971478e-01 2.785635867673780242e-01 4.257871098309904540e-02 2.003107139120255953e-01
4.708089662330675607e-01 3.603048952133689475e-01 3.562585044359020681e-02 1.332602881099734515e-01
4.419036634872794411e-01 4.391399039441280516e-01 2.908519703958517555e-02 8.987123552900744272e-02
4.099075177896932543e-01 4.995343993992716891e-01 2.430145283609240481e-02 6.625662997494242978e-02
3.861920067460369310e-01 5.353469301829432148e-01 2.112503523568944747e-02 5.733602783533030267e-02
3.728084622142089910e-01 5.477241904042073894e-01 2.023916374323461026e-02 5.922818363834888439e-02
3.655408118744894463e-01 5.418775810601399456e-01 2.138449101930123275e-02 7.119711604606906996e-02
3.617103126921241696e-01 5.198728645795712699e-01 2.328643612400806487e-02 9.513038660429624926e-02
3.582788804723458509e-01 4.827200947162661460e-01 2.607977189621544373e-02 1.329212529151723166e-01
3.436249194961500386e-01 4.408722757865767838e-01 2.906293198680160589e-02 1.864398727304715786e-01
3.060228298022245053e-01 4.045304523517725959e-01 3.135964422891931308e-02 2.580870736170839952e-01
2.504246337597359484e-01 3.730551339114119291e-01 3.222571467683076757e-02 3.442945176520212369e-01
1.933195017435397345e-01 3.421149417631768608e-01 3.182036742321432687e-02 4.327451890700691473e-01
1.461264503543939497e-01 3.101566662209457315e-01 3.094953211230894174e-02 5.127673513123519600e-01
1.108150088965053071e-01 2.748490293501306692e-01 3.010337117562153150e-02 5.842325905777419059e-01
8.466499553429954195e-02 2.350274181006928309e-01 2.930794076310306445e-02 6.509996456019050415e-01
6.415566953745122092e-02 1.928932936716433455e-01 2.823711199333709190e-02 7.147139247975684562e-01
4.730550561331775539e-02 1.514574032433231299e-01 2.647145169687446786e-02 7.747656394464850216e-01
3.385670004865607569e-02 1.134305316645194683e-01 2.388662635039227183e-02 8.288261419364322258e-01
2.409644406387776924e-02 8.173857732175560109e-02 2.091085422641175348e-02 8.732541243879546888e-01
1.787011003706643134e-02 5.879104990385670970e-02 1.840970024570534949e-02 9.049291398133714193e-01
1.435535343249921131e-02 4.424176974708677462e-02 1.713689481853383767e-02 9.242659820018802597e-01
1.244273678755813441e-02 3.524884696105108628e-02 1.715988768241339876e-02 9.351485285689772331e-01
1.105596014605717339e-02 2.881266410220018059e-02 1.787629849312416530e-02 9.422550772586187895e-01
9.537282733657970538e-03 2.334803051017219147e-02 1.857610907863823518e-02 9.485385776775314692e-01
7.889407020234851312e-03 1.868166242155784931e-02 1.908608290889314205e-02 9.543428476493140966e-01
6.410735766343313331e-03 1.497413962175013491e-02 1.975125921065287379e-02 9.588638654012534568e-01
5.211273060128823569e-03 1.203773416802172459e-02 2.085232855137188548e-02 9.618986642204777615e-01
4.314020316736670753e-03 9.676057909467905560e-03 2.231978225466064655e-02 9.636901395191345143e-01
3.770697875888482341e-03 7.826090288533158260e-03 2.351579132181308776e-02 9.648874205137650817e-01
3.632699301078041922e-03 6.385431406336854361e-03 2.348131122872248316e-02 9.665005580638625915e-01
3.924199521664989594e-03 5.185083025630146496e-03 2.159438547708037240e-02 9.692963319756245921e-01
4.675912670582199962e-03 4.127918086271535440e-03 1.811643815612318936e-02 9.730797310870229477e-01
5.841164643880996515e-03 3.197439632736347962e-03 1.391736686007588944e-02 9.770440288633067683e-01
7.016550510855256405e-03 2.363068399195520676e-03 9.794667515611348713e-03 9.808257135743374544e-01
7.017097626720428076e-03 1.216088212126255732e-03 6.849762193066545948e-03 9.849170519680869873e-01
7.789147757928236403e-03 9.174374152918741369e-04 4.342674756316705804e-03 9.869507400704634614e-01
8.125240732668997240e-03 7.554922524743254864e-04 2.810810942214310437e-03 9.883084560726423939e-01
8.378105631195405245e-03 7.022039165350507477e-04 1.941831284444334822e-03 9.889778591678252129e-01
8.708656152736722958e-03 7.419555250564155349e-04 1.477975548819960910e-03 9.890714127733870598e-01
9.046981618974200834e-03 8.530149553249849470e-04 1.246244941032445845e-03 9.888537584846683881e-01
9.223248649314027756e-03 9.893721887814831487e-04 1.124253054448053459e-03 9.886631261074566579e-01
2.337627373842953923e-02 4.353965523840149648e-02 4.795266641571514776e-02 8.851314046074542086e-01
2.611605677985245899e-02 5.189931726070196732e-02 5.539280797136631601e-02 8.665918179880792716e-01
2.854956229514846178e-02 5.956120840046209147e-02 7.044664467055919421e-02 8.414425846338302595e-01
2.962014410153095481e-02 6.414176129121443304e-02 9.257349470577301565e-02 8.136645999014818775e-01
2.965256839928802346e-02 6.353281035378441355e-02 1.203489080399135075e-01 7.864657132070141943e-01
2.791716069753774968e-02 5.919698749106067776e-02 1.486384084045402343e-01 7.642474434068615707e-01
2.552664707234034852e-02 5.182289705465709800e-02 1.713830178843731566e-01 7.512674379886290499e-01
2.226802571040116877e-02 4.381270791139062204e-02 1.863800537296909088e-01 7.475392126485176369e-01
1.954629551994124109e-02 3.670466673277698183e-02 1.962560720383847712e-01 7.474929657088967838e-01
1.702952981255350523e-02 3.185195912836480403e-02 2.061767027795105012e-01 7.449418082795712381e-01
1.516190883989306654e-02 2.899810165245177845e-02 2.223338498246735517e-01 7.335061396829815061e-01
1.447513314219799063e-02 2.661831341327309391e-02 2.559525260528479063e-01 7.029540273916811133e-01
1.556770612727215869e-02 2.396341552893719792e-02 3.190359060102161415e-01 6.414329723335744360e-01
1.825499851179926761e-02 2.159887572898153141e-02 4.083916140210396284e-01 5.517545117381796871e-01
2.227472217396011742e-02 2.040589685085272484e-02 5.002182859792262404e-01 4.571010949959607994e-01
2.805503228071251978e-02 2.092128452412410702e-02 5.662009616722015748e-01 3.848227215229619302e-01
3.593556507814921891e-02 2.303146829707434021e-02 5.965662763265315860e-01 3.444666902982450041e-01
4.566142063779420751e-02 2.643479027118387018e-02 5.963572765346584204e-01 3.315465125563631377e-01
5.606061142643808948e-02 3.101720525925701424e-02 5.730443651477643563e-01 3.398778181665406684e-01
6.412823219296649724e-02 3.626978968543443510e-02 5.361007177201223550e-01 3.635012604014771220e-01
6.780703432482096393e-02 4.133861809364828416e-02 4.930399242003498106e-01 3.978144233811811148e-01
6.812485887058619682e-02 4.538364048708659615e-02 4.483917719677965041e-01 4.380997286745307306e-01
6.745146766290027740e-02 4.707352071355792866e-02 4.071964737580397453e-01 4.782785378655016184e-01
9.876718148074411507e-01 6.575464729096491996e-03 2.680836812239854178e-03 3.071883651222527805e-03
9.902893830444686740e-01 4.989250987866361391e-03 2.489469102686054768e-03 2.231896864979132297e-03
9.916615904890172528e-01 4.027802223133458356e-03 2.558406192225321212e-03 1.752201095623845970e-03
9.918757974697793856e-01 3.576182054970555250e-03 2.998707171661201074e-03 1.549313303588873737e-03
9.887661810708190391e-01 4.793857784477302021e-03 4.585605061771671521e-03 1.854356082931946179e-03
9.841376677525123240e-01 6.042264482162437028e-03 7.400570465461582884e-03 2.419497299863405428e-03
9.745599620608584868e-01 8.582126652692647142e-03 1.314604170594573136e-02 3.711869580502839827e-03
9.584456427163476899e-01 1.250517899755232420e-02 2.291939622157216846e-02 6.129782064527733269e-03
9.378105485563560384e-01 1.696318742542580332e-02 3.521602140139926812e-02 1.001024261681904802e-02
9.184375700633178319e-01 2.047606058533477449e-02 4.543973831111750017e-02 1.564663104022996631e-02
9.042903993072556323e-01 2.271869943462158717e-02 4.903349728263226709e-02 2.395740397549026013e-02
8.877456433237451705e-01 2.579110613631945340e-02 4.678522310682697860e-02 3.967802743310865077e-02
8.484860546152207528e-01 3.194944966891774540e-02 4.294591874796480080e-02 7.661857696789640959e-02
7.596701932003149249e-01 4.155767257163061473e-02 3.823479027600339142e-02 1.605373439520511036e-01
6.007709745652636268e-01 5.208800515875876280e-02 3.120177817727652972e-02 3.159392420987008343e-01
4.044681574817658443e-01 5.719986242767572532e-02 2.220382108096859153e-02 5.161281590095897487e-01
2.475185446931682798e-01 5.592074723903453504e-02 1.434693130192226350e-02 6.822137767658750240e-01
1.581110465257939135e-01 5.041311576761790120e-02 8.989848075812790010e-03 7.824859896307754248e-01
1.165139024764977604e-01 4.636579889762722922e-02 6.214652327100203023e-03 8.309056462987749470e-01
9.743891071919888458e-02 4.162317039743054781e-02 4.526356284357075689e-03 8.564115625990138536e-01
8.423061528702800727e-02 3.520783049886856697e-02 3.268211426382771137e-03 8.772933427877204204e-01
7.070174757517662389e-02 2.787131779036007562e-02 2.326585512647952238e-03 8.991003491218151344e-01
5.859379308094735117e-02 2.178666051498490824e-02 1.775648298443376245e-03 9.178438981056245005e-01
5.009414020669657880e-02 1.799754006551642846e-02 1.569750114988152211e-03 9.303385696127990379e-01
4.452032785687044109e-02 1.581200589348473809e-02 1.567383150231826646e-03 9.381002830994130681e-01
4.110852759966368564e-02 1.467882657716892275e-02 1.695054904892109903e-03 9.425175909182752498e-01
4.014055072026666976e-02 1.464676182282618859e-02 1.974166253055111876e-03 9.432385212038520983e-01
4.235252415032237511e-02 1.596311791362274926e-02 2.487178483900226358e-03 9.391971794521545291e-01
4.820483306800285583e-02 1.862392513879730302e-02 3.336616899503654001e-03 9.298346248936960601e-01
5.813193889035780243e-02 2.226210514714890842e-02 4.682625675282688429e-03 9.149233302872102902e-01
7.434425006225318933e-02 2.660363221472952094e-02 6.881458043263686056e-03 8.921706596797532862e-01
9.994949523773605238e-02 3.154136624787167581e-02 1.052917448500840375e-02 8.579799640293837015e-01
1.345910274577165888e-01 3.871374224896850791e-02 1.700053479207270027e-02 8.096946955012422897e-01
1.766118858765706179e-01 4.665921863979734241e-02 2.689935855586077576e-02 7.498295369277712119e-01
2.240462297927598712e-01 5.621488146870090574e-02 4.181703800471209959e-02 6.779218507338267141e-01
2.769958884411859446e-01 6.727401313539982386e-02 6.324483004460489111e-02 5.924852683788094376e-01
3.328980894495948140e-01 7.922150763886316727e-02 9.242523801451138499e-02 4.954551648970305644e-01
3.838860632743654744e-01 9.177448126333596912e-02 1.306636610621184080e-01 3.936757944001804121e-01
4.199464658307707210e-01 1.041098000606502233e-01 1.785449812478542286e-01 2.973987528607250908e-01
4.344759125620278328e-01 1.133230512900672005e-01 2.351241819053997151e-01 2.170768542425054459e-01
4.282011626678471905e-01 1.167461470884436497e-01 2.980033965162437459e-01 1.570492937274653722e-01
4.078292192165207108e-01 1.147985913434298594e-01 3.633240326758231387e-01 1.140481567642262911e-01
3.718241433604946300e-01 1.077424946457656157e-01 4.379703149989522815e-01 8.246304699478791689e-02
3.235189932074014618e-01 9.960995151694193583e-02 5.179101351429066247e-01 5.896092013274990828e-02
2.630893556556694324e-01 9.330579359178632626e-02 6.018695066841482921e-01 4.173534406839610189e-02
1.964504459344328380e-01 9.201071105092631375e-02 6.821080327483268757e-01 2.943081026631394481e-02
1.345244693209886322e-01 9.361858963247669807e-02 7.510370659686614880e-01 2.081987507787318864e-02
8.837291726272045178e-02 9.892687482305770330e-02 7.971672831093448153e-01 1.553292480487713026e-02
5.936847599466274494e-02 1.050662140733042704e-01 8.227132944801835990e-01 1.285201545184921045e-02
4.307281046792704043e-02 1.093648285800148667e-01 8.353424787474713620e-01 1.221988220458682974e-02
3.489080149016746818e-02 1.117343960044877432e-01 8.398986090151490114e-01 1.347619349019575988e-02
3.157046258190868149e-02 1.137342441422184991e-01 8.378821099788449356e-01 1.681318329702752995e-02
3.079616643158166606e-02 1.153722462151404587e-01 8.313839167994429014e-01 2.244767055383512649e-02
3.060013036204271494e-02 1.157711776970368200e-01 8.232181066293832172e-01 3.041058531153736921e-02
2.964209260199510143e-02 1.144144422317108084e-01 8.150901809932729059e-01 4.085328417302121901e-02
2.794596657621763527e-02 1.111025067621181778e-01 8.063739256221230667e-01 5.457760103954105435e-02
2.643715519782848661e-02 1.065396595033933913e-01 7.931610513183541267e-01 7.386213398042376643e-02
2.572246517163043894e-02 1.016843203291728504e-01 7.694499576098392524e-01 1.031432568893575763e-01
2.626568946909168742e-02 9.772189530399864876e-02 7.262381535543825928e-01 1.497742616725272757e-01
2.786067138940500482e-02 9.376363875217536004e-02 6.587922879905546703e-01 2.195834018678650412e-01
3.003153270229995744e-02 8.871030993255635266e-02 5.696060546867185437e-01 3.116521026784254689e-01
3.266634686166840218e-02 8.345379715666736975e-02 4.693193234711591777e-01 4.145605325105053418e-01
3.670739375354386408e-02 8.013355701060011216e-02 3.749912043974032994e-01 5.081678448384522317e-01
4.140341137278538003e-02 8.149127092554445118e-02 3.011085046301234525e-01 5.759968130715464874e-01
4.783855058645995750e-02 8.841189593152867787e-02 2.508987580067831846e-01 6.128507954752280273e-01
5.651793352685176991e-02 1.004968921252458736e-01 2.204586551605717537e-01 6.225265191873307069e-01
6.811835282805078773e-02 1.164733647197828265e-01 2.050873054750350644e-01 6.103209769771312798e-01
8.442170567847429030e-02 1.345688786271748150e-01 2.023524554843083578e-01 5.786569602100423149e-01
1.091279291885235841e-01 1.526699714445445277e-01 2.101165927621304330e-01 5.280855066048015800e-01
1.494611193529436222e-01 1.646577880460122212e-01 2.254896779488786140e-01 4.603914146521656536e-01
2.100225336784936891e-01 1.685311294711723251e-01 2.409480017946710739e-01 3.804983350556628841e-01
2.884967276269524428e-01 1.647198966101382500e-01 2.495289956564283873e-01 2.972543801064812530e-01
3.742132631302415025e-01 1.552249071532870173e-01 2.490502438301420152e-01 2.215115858863292431e-01
4.599029633774351922e-01 1.417150005992704187e-01 2.386613658658308657e-01 1.597206701574635790e-01
5.282675168108029728e-01 1.310068826757852523e-01 2.262891332212941253e-01 1.144364672921173165e-01
5.768796329532182021e-01 1.259202751085223004e-01 2.133169465229041162e-01 8.388314541535570046e-02
6.115674501829558851e-01 1.255972415156773325e-01 1.988914919972235018e-01 6.394381630414310014e-02
6.389161906692446546e-01 1.290465753020789696e-01 1.808841142238000466e-01 5.115311980487636384e-02
6.581479591283765362e-01 1.387450582994454729e-01 1.592323825531390402e-01 4.387460001903891599e-02
6.603548252499555904e-01 1.594934164796203424e-01 1.384245887899524519e-01 4.172716948047174024e-02
6.406942497794074765e-01 1.916049817569738245e-01 1.237403918913986683e-01 4.396037657222035683e-02
6.125675364772377174e-01 2.232431869467576824e-01 1.153904089198013877e-01 4.879886765620315009e-02
5.879605030414726263e-01 2.446327988921331298e-01 1.121926281029334005e-01 5.521406996346091972e-02
5.733680385831060322e-01 2.501922495117244183e-01 1.138570901273587427e-01 6.258262177781087621e-02
5.660637370823603520e-01 2.413957692954876444e-01 1.212975865998315445e-01 7.124290702232037586e-02
5.563663307667061630e-01 2.256032403038545353e-01 1.353643326375293665e-01 8.266609629190989350e-02
5.357798230025598851e-01 2.109123604700864074e-01 1.548754901163327258e-01 9.843232641102127312e-02
5.029798303440283780e-01 2.016180668132050158e-01 1.751120789923368559e-01 1.202900238504299446e-01
4.602650563835458675e-01 1.991663939625624435e-01 1.895289395253552112e-01 1.510396101285365611e-01
