5.743035285942544865e-01 2.982570310401117669e-02 3.736705370827653194e-01 2.220023121896887164e-02
5.041888714089932666e-01 4.262760104011725226e-01 6.480558843086350884e-02 4.729529758970817295e-03
4.154908391026321812e-01 5.102187029033800059e-01 7.075939622516622118e-02 3.531061768821737445e-03
3.351477436470234883e-01 5.880126453178226020e-01 7.429385462296227149e-02 2.545756412191429573e-03
2.646362291514384735e-01 6.576199780364374581e-01 7.588189133973577416e-02 1.861901472388365194e-03
2.008964166078085478e-01 7.223877118020979315e-01 7.528478475527565494e-02 1.431086834818170138e-03
1.455111146803466926e-01 7.807779672504494561e-01 7.248666668872753849e-02 1.224251380476448943e-03
1.001753905180498144e-01 8.318894441749409285e-01 6.685756981696276691e-02 1.077595490046626093e-03
6.916016237997936467e-02 8.694710454227743135e-01 6.044001729453996746e-02 9.287749027062482338e-04
5.237470809943883809e-02 8.906258284564746441e-01 5.620285330549762426e-02 7.966101385887397728e-04
4.653918584079585336e-02 8.969017731053788856e-01 5.583651553976131526e-02 7.225255140636536360e-04
4.857999981089144298e-02 8.911838044782199875e-01 5.950984954726046272e-02 7.263461636282310830e-04
5.640252486425662015e-02 8.769989793528281119e-01 6.579390818919919615e-02 8.045875937159670688e-04
6.838177827235020212e-02 8.586446344396143626e-01 7.200832321745548326e-02 9.652640705799683763e-04
8.390583714330393517e-02 8.389724757351704199e-01 7.584535758833500785e-02 1.276329533191020290e-03
1.031036666074454378e-01 8.168256829465694313e-01 7.819746081854637987e-02 1.873189627438666058e-03
1.227776648326525527e-01 7.914240540094803489e-01 8.290069534886096436e-02 2.897585809005943664e-03
1.404308917261628264e-01 7.632051157064586588e-01 9.197704378218540811e-02 4.386948785192698076e-03
1.602211493749615412e-01 7.302850290128017896e-01 1.033511531358706492e-01 6.142668476365653954e-03
1.824029784517084973e-01 6.977302532793856482e-01 1.122686250767185034e-01 7.598143192187318921e-03
2.021829184875852670e-01 6.723264611156152259e-01 1.171853842146693414e-01 8.305236182130261088e-03
2.175726651244335452e-01 6.501105232890308505e-01 1.238007613629921039e-01 8.516050223543394568e-03
2.291537682089023475e-01 6.215648714153144683e-01 1.403897602470959849e-01 8.891600128687462967e-03
2.295127630931382001e-01 5.873850988615284541e-01 1.732217063434046689e-01 9.880431701928848662e-03
2.078778215258126894e-01 5.528458934987549034e-01 2.277607441002669209e-01 1.151554087516547427e-02
1.680659868632405629e-01 5.157554351683996119e-01 3.027801001868596908e-01 1.339847778150016211e-02
1.213057317826556486e-01 4.774892636713649607e-01 3.862054664707172957e-01 1.499953807526219381e-02
8.317490828569565342e-02 4.439586403033327078e-01 4.568675606530326894e-01 1.599889075793881413e-02
5.708608014265585673e-02 4.265536759441108106e-01 4.999755302242872568e-01 1.638471368894570471e-02
4.194767465058803213e-02 4.250961785427360695e-01 5.166406613577383400e-01 1.631548544893720101e-02
3.252294785981491715e-02 4.289755753463779242e-01 5.227125030355502799e-01 1.578897375825667748e-02
2.653162852223105855e-02 4.345103313722941674e-01 5.240057389836376700e-01 1.495230112183708673e-02
2.179321907229940861e-02 4.301559595161483229e-01 5.339127952261284449e-01 1.413802618542390512e-02
1.849049585569308152e-02 4.169891748936170317e-01 5.509855388343460891e-01 1.353479041634352530e-02
1.628301092287299731e-02 3.928306647175175415e-01 5.777961406468405947e-01 1.309018371276887346e-02
1.454002464472202091e-02 3.572807281706483207e-01 6.156463992689367171e-01 1.253284791569297084e-02
1.291846486365589089e-02 3.177894472832197836e-01 6.575506814010975143e-01 1.174140645202675047e-02
1.149558389087006541e-02 2.867530594602877292e-01 6.909094707475360586e-01 1.084188590130632547e-02
1.073297000169073402e-02 2.775895150612296414e-01 7.014684398477543104e-01 1.020907508932527089e-02
1.125562561837567706e-02 2.991283594329897655e-01 6.793581677499327398e-01 1.025784719870198938e-02
1.339129934927651457e-02 3.450148135017150341e-01 6.306922028364747579e-01 1.090168431253342798e-02
1.707903928813964828e-02 3.904912476867717919e-01 5.810279274947089956e-01 1.140178553037936131e-02
2.206652896529031141e-02 4.094639411838415510e-01 5.573972531470331448e-01 1.107227670383472903e-02
2.799224218374867304e-02 3.929133225732668322e-01 5.691488264046581369e-01 9.945608838326394294e-03
3.403928926397038063e-02 3.501294990862799938e-01 6.073318028857570550e-01 8.499408763992440455e-03
3.978019027449147815e-02 2.977156569725524227e-01 6.552340004196876011e-01 7.270152333268734002e-03
4.612556254127145317e-02 2.505508136817943821e-01 6.967295916305958903e-01 6.594032146338284044e-03
5.395356065083131009e-02 2.171773801954274830e-01 7.223056142478090358e-01 6.563444905932258773e-03
6.204253598571810718e-02 1.966710890873029083e-01 7.341867834701424345e-01 7.099591456836576095e-03
6.844240298136555767e-02 1.818578497402919825e-01 7.416575739434732029e-01 8.042173334869506807e-03
7.325437245835260403e-02 1.662330956964321871e-01 7.512226661903090852e-01 9.289865654906160133e-03
7.865126349659656846e-02 1.485957153462926228e-01 7.618747801639712547e-01 1.087824099313931120e-02
8.763827398133054725e-02 1.324578935165389160e-01 7.668947968620244415e-01 1.300903564010601199e-02
1.012859103781574566e-01 1.205981109306954874e-01 7.626965737209037144e-01 1.541940497024347004e-02
1.158318148157907873e-01 1.112752184781443943e-01 7.562516730526938069e-01 1.664129365337095254e-02
1.252938974815184514e-01 1.007199585530120511e-01 7.585825741916131237e-01 1.540356977385607187e-02
1.262167620597088313e-01 8.793281753609476226e-02 7.732912279970095559e-01 1.255919240718675681e-02
1.173664262194556579e-01 7.557118411230741295e-02 7.973653307864659867e-01 9.697058881770980604e-03
1.006526189220158102e-01 6.565109282696290904e-02 8.261397273120194562e-01 7.556560939002067434e-03
8.097171828946060634e-02 5.654027919169472144e-02 8.564101611620813514e-01 6.077841356763483832e-03
6.163636938221490197e-02 4.556264816932695944e-02 8.878842444108847598e-01 4.916738037573345835e-03
4.411114288406898370e-02 3.314487760065641664e-02 9.188711845469680339e-01 3.872794968306518884e-03
2.962016745101700432e-02 2.212413770130371160e-02 9.452617284797402153e-01 2.993966367938919165e-03
1.884260447777252184e-02 1.413036579053624994e-02 9.646669627215069820e-01 2.360067010184129128e-03
1.101767244131745226e-02 9.624425299992493341e-03 9.773705126870589899e-01 1.987389571631287006e-03
6.863357706411991020e-03 6.444629140787961480e-03 9.848603622788777434e-01 1.831650873922032385e-03
4.487409988622084733e-03 4.677924852650448481e-03 9.889363371874783093e-01 1.898327971248925253e-03
3.163390457917563976e-03 3.708993940411842855e-03 9.909548626249475856e-01 2.172752976723077000e-03
2.534723745385035823e-03 3.269575870460241472e-03 9.915037088578557700e-01 2.691991526298881995e-03
2.459505805864597994e-03 3.344898944494308080e-03 9.906159095397050196e-01 3.579685709936201391e-03
2.852646068174890127e-03 3.970296482449156041e-03 9.882091096745797554e-01 4.967947774795917863e-03
3.632356628551907784e-03 5.064987849716998114e-03 9.843380645357663328e-01 6.964590985964995082e-03
6.513072520878514515e-01 3.396974777955496516e-01 4.066797492495330575e-03 4.928472624103662561e-03
3.636217208396820832e-01 5.411399836074002462e-02 5.413692838666506885e-02 5.281273524129126429e-01
3.082478227669054327e-01 4.224834398980722300e-02 4.755527748473280247e-02 6.019485557585544377e-01
2.494800664612526198e-01 3.371541439396922440e-02 4.187981018650776405e-02 6.749247089582705028e-01
1.901186679877332197e-01 2.842341328825815847e-02 3.729848034579617833e-02 7.441594383782123012e-01
1.382722212824114838e-01 2.652948193156733428e-02 3.482503447355271564e-02 8.003732623124685253e-01
9.913672185304056583e-02 2.840074618040291238e-02 3.550757126801234315e-02 8.369549606985443591e-01
7.268350977186263662e-02 3.514109648833309979e-02 3.974869104901791739e-02 8.524267026907862421e-01
5.652486992214091760e-02 4.905839752823989292e-02 4.687645694880239466e-02 8.475402756008166838e-01
4.852254450152181098e-02 7.338695400575362404e-02 5.462512939698563330e-02 8.234653720957390011e-01
4.675714066458203783e-02 1.080182071119029225e-01 5.979755857047151096e-02 7.854270936530438618e-01
4.936230467874296035e-02 1.428122734616844303e-01 6.067631746161672446e-02 7.471491043979561208e-01
5.593554557002797245e-02 1.604739669100052613e-01 5.778415142270760391e-02 7.258063360972595301e-01
6.545172025344918321e-02 1.516038764619615231e-01 5.256423204535591587e-02 7.303801712392333778e-01
7.418338942901257782e-02 1.233311607545828498e-01 4.562991710570914877e-02 7.568555327106952779e-01
7.794695705862490775e-02 9.123286473211396352e-02 3.733742145452732114e-02 7.934827567547341198e-01
7.635987324874338178e-02 6.689371545820799181e-02 2.937337555507131895e-02 8.273730357379771583e-01
7.266817431596503396e-02 5.248279971701277913e-02 2.354977309433826591e-02 8.512992528726837094e-01
6.995936146451250948e-02 4.522943785961657664e-02 2.025370561110308512e-02 8.645574950647680890e-01
6.916049194819520740e-02 4.232681090910092592e-02 1.899943236058250842e-02 8.695132647821215421e-01
6.955492464554519083e-02 4.168949049250744027e-02 1.919117868966856502e-02 8.695644061722790363e-01
7.063841538191911740e-02 4.188821697883707978e-02 2.053569838873332137e-02 8.669376692505106341e-01
7.257451908564314935e-02 4.230531229078965394e-02 2.316956138335903720e-02 8.619506072402081109e-01
7.517705709768032762e-02 4.295144482512312789e-02 2.756118097309713522e-02 8.543103171040997701e-01
7.732243486783826891e-02 4.426223310639615383e-02 3.440551899767919919e-02 8.440098130280864197e-01
7.844724353400246708e-02 4.752256707778516193e-02 4.486370708313971306e-02 8.291664823050727273e-01
7.851107745009749950e-02 5.426956870316403808e-02 6.049055034907306616e-02 8.067288034976649591e-01
7.606942945461443728e-02 6.483635706305278246e-02 8.336831586316191534e-02 7.757258976191708788e-01
6.996957890963183269e-02 7.759944841143062710e-02 1.173023251237748088e-01 7.351286475551629396e-01
6.016257744479532044e-02 9.352680073331744171e-02 1.661129675081242374e-01 6.801976543137627784e-01
4.857779890705749698e-02 1.117139823261757703e-01 2.363749067263705983e-01 6.033333120403964189e-01
3.715730506937760941e-02 1.293634614783892856e-01 3.319275995312055416e-01 5.015516339210273067e-01
2.708326464184081933e-02 1.419349693038863824e-01 4.491148692840013501e-01 3.818668967702715800e-01
2.031739702513169279e-02 1.448760017410801459e-01 5.711775339732736434e-01 2.636290672605144936e-01
1.593912565825752331e-02 1.405889920998683040e-01 6.740377946704825263e-01 1.694340875713916117e-01
1.326292334460434617e-02 1.319888440739375723e-01 7.480868378270901786e-01 1.066613947543680052e-01
1.166894269098666705e-02 1.221665234715236109e-01 7.970909810019600750e-01 6.907355283552962799e-02
1.072373003494937575e-02 1.137634904758227788e-01 8.282473211027570059e-01 4.726545838647105979e-02
9.984294242872854969e-03 1.055087090596265459e-01 8.507714488384152673e-01 3.373554785908500914e-02
8.714536314282055399e-03 9.494809333192776035e-02 8.717992351893913971e-01 2.453813516439863618e-02
8.190828847415811825e-03 7.899395188963120873e-02 8.945743337749832991e-01 1.824088548796924669e-02
7.647861660363473695e-03 6.529238445917186218e-02 9.126070607113176969e-01 1.445269316914676687e-02
7.769919061770992098e-03 5.633847642164548780e-02 9.232434552574522169e-01 1.264814925913129023e-02
8.810786519447255313e-03 5.163371524374082977e-02 9.268620948958106176e-01 1.269340334100125395e-02
1.152392054060451428e-02 5.014421907758572633e-02 9.228636570015318341e-01 1.546820338027788191e-02
1.795516293985465264e-02 5.332322792826268282e-02 9.045505787107309681e-01 2.417103042115177972e-02
3.245373672635461920e-02 6.697352282157907621e-02 8.529015753575239778e-01 4.767116509454241702e-02
5.976410031777147636e-02 9.918754286912971618e-02 7.388861539800237743e-01 1.021622028330752274e-01
9.484940144470629941e-02 1.498139902749587027e-01 5.626852961459103408e-01 1.926513121344245738e-01
1.239356160278721475e-01 2.064582992176930420e-01 3.771058688319575136e-01 2.925002159224769915e-01
1.428971114542082754e-01 2.538214373703349125e-01 2.315681670046778051e-01 3.717132841707788127e-01
1.576572139485062640e-01 2.797915359100077715e-01 1.394008177351737654e-01 4.231504324063121714e-01
1.753939788617514817e-01 2.833863503867377065e-01 8.874815643535338694e-02 4.524715143161575082e-01
1.971744710790418187e-01 2.694251971533433987e-01 6.076342038211358237e-02 4.726369113855013460e-01
2.185361742928461637e-01 2.432130801704039946e-01 4.350046500358247664e-02 4.947502805331674969e-01
2.357889787140044213e-01 2.111934234874975613e-01 3.217396741919235220e-02 5.208436303793054778e-01
2.482137389647968151e-01 1.778593037479219430e-01 2.437905101079919715e-02 5.495479062764822009e-01
2.572371541970231990e-01 1.471845888999206431e-01 1.863970541744521675e-02 5.769385514856110175e-01
2.661056467031882034e-01 1.240550996970835457e-01 1.436937232851393485e-02 5.954698812712145850e-01
2.762328292547748254e-01 1.090393474392442191e-01 1.104409970052788043e-02 6.036837236054531930e-01
2.858867888406205204e-01 9.967501260120116557e-02 8.592083419055457361e-03 6.058461151391228983e-01
2.959904043816984909e-01 9.177033940046344651e-02 6.471643150066531264e-03 6.057676130677714932e-01
3.084749270577941682e-01 8.398666790213130118e-02 4.776199822784386699e-03 6.027622052172899592e-01
3.276347768241997804e-01 7.772578204198667129e-02 3.614763890665533951e-03 5.910246772431481110e-01
3.589980304111640708e-01 7.530006600262416361e-02 3.012320234388110238e-03 5.626895833518233969e-01
4.056118145197543656e-01 7.784950581964107663e-02 2.884373002029411766e-03 5.136543066585751438e-01
4.662143271769636499e-01 8.603479060748445151e-02 3.191322515437054492e-03 4.445595597001147925e-01
5.314110577679930225e-01 1.004601050179787791e-01 4.081667605043202800e-03 3.640471696089849218e-01
5.840270378642264948e-01 1.239455997615513949e-01 5.080450733535826942e-03 2.869469116406864750e-01
6.083552546567772001e-01 1.601935591252840463e-01 6.578742082637954909e-03 2.248724441353006087e-01
5.991971319166914389e-01 2.109311411776720324e-01 8.444054358934484014e-03 1.814276725467022511e-01
5.703374477104585782e-01 2.643172526467242323e-01 1.011025268973405646e-02 1.552350469530831834e-01
2.173142250684136426e-02 5.553832088991778049e-02 9.198548353594026006e-01 2.875421243838251640e-03
4.995721426438842205e-01 3.347065587658034636e-01 6.874862897245956339e-02 9.697266961785243333e-02
5.400781271083676671e-01 2.936870504455894038e-01 7.370122742569393259e-02 9.253359502034899653e-02
5.905057451309256855e-01 2.421178872696296558e-01 7.742868994033333396e-02 8.994767765911122759e-02
6.442355546639318975e-01 1.896500503106103019e-01 7.724761097504037610e-02 8.886678405041741058e-02
6.873093090665877147e-01 1.493938160252440972e-01 7.348756431576894399e-02 8.980931059239959102e-02
7.118007448216957522e-01 1.257700999202285286e-01 6.812133420511888582e-02 9.430782105295679174e-02
7.171231624762827161e-01 1.165715804839166925e-01 6.352001528804566977e-02 1.027852417517548800e-01
7.141557246557637129e-01 1.137213447224629942e-01 5.923720947979715934e-02 1.128857211419759532e-01
7.079962572732544368e-01 1.131206505250023225e-01 5.609267758691496158e-02 1.227904146148284109e-01
7.030549413936810765e-01 1.123273195382314960e-01 5.314424362697472981e-02 1.314734954411131140e-01
6.979579823490306145e-01 1.121371472548516185e-01 5.093960315249747989e-02 1.389652672436202108e-01
6.878461792027708022e-01 1.149589184191980029e-01 5.059138322336626664e-02 1.466035191546647964e-01
6.673045956746882501e-01 1.228198918353499841e-01 5.266187486039875659e-02 1.572136376295632243e-01
6.362763343913397929e-01 1.352486431204765749e-01 5.679492355978975338e-02 1.716800989283940593e-01
6.003388222419590026e-01 1.500030170694558185e-01 6.273732370818382864e-02 1.869208369804014058e-01
5.633837052224370812e-01 1.665259825357385537e-01 7.170300919055282163e-02 1.983873030512714741e-01
5.237430614381296534e-01 1.869191444299730942e-01 8.671403835413041272e-02 2.026237557777665343e-01
4.746907213574784734e-01 2.136859617121607824e-01 1.125159844470783321e-01 1.991073324832824121e-01
4.165719230845568721e-01 2.437009993188340995e-01 1.518491274777382938e-01 1.878779501188709566e-01
3.525687360953125848e-01 2.682093493703329723e-01 2.113956960822200581e-01 1.678262184521346068e-01
2.942641066656663251e-01 2.697078264831450634e-01 2.968323535283873826e-01 1.391957133228011456e-01
2.476717271572184964e-01 2.436506736571251164e-01 4.016928576188854572e-01 1.069847415667709023e-01
2.129743219670310050e-01 2.041335224842587559e-01 5.049599196814803514e-01 7.793223586722944352e-02
1.888413609905674750e-01 1.708567861799591692e-01 5.842206391848042690e-01 5.608121364466896186e-02
1.730299396779968468e-01 1.511638839735343631e-01 6.341110705006119952e-01 4.169510584785679486e-02
1.661701950991384125e-01 1.421587017582739143e-01 6.584218579973891705e-01 3.324924514519844027e-02
1.763150367662551510e-01 1.417268387980567534e-01 6.527493196476183979e-01 2.920880478806976710e-02
2.155339246878293924e-01 1.531477265657385789e-01 6.030035142103936652e-01 2.831483453603856823e-02
2.884150540424719744e-01 1.772790017088248238e-01 5.051676606662789393e-01 2.913828358242406477e-02
3.821945064700214556e-01 2.057404403183256680e-01 3.816512195379213601e-01 3.041383367373159258e-02
4.746099381750763513e-01 2.253024379012311118e-01 2.683280326487186285e-01 3.175959127497401252e-02
5.534617849784816412e-01 2.278385997401139729e-01 1.851469123117592819e-01 3.355270296964503463e-02
6.198989403289785205e-01 2.137056839039969403e-01 1.300341694780200730e-01 3.636120628900455648e-02
6.775614074875395687e-01 1.877871105420972631e-01 9.401970342282152393e-02 4.063177854754162349e-02
7.218540488281405265e-01 1.611510648809754143e-01 6.978892374950620980e-02 4.720596254137789105e-02
7.525468449036761820e-01 1.384597899156520817e-01 5.206510130856332325e-02 5.692826387210837141e-02
7.711951467598119336e-01 1.200892751520989954e-01 3.847780095585572047e-02 7.023777713223311459e-02
7.805869303699356498e-01 1.049629626276197825e-01 2.831124431817808040e-02 8.613886268426633464e-02
7.879090054960181666e-01 9.034759822403319596e-02 2.072774614795223208e-02 1.010156501319963568e-01
8.002649971089103031e-01 7.450621813625535328e-02 1.496780126882514377e-02 1.102609834860092536e-01
8.179569853375890931e-01 5.936616537233777718e-02 1.077362004579121048e-02 1.119032292442821847e-01
8.375662282470810460e-01 4.748133524889351642e-02 7.986529284898952544e-03 1.069659072191263827e-01
8.570076297936983778e-01 3.911346618220273158e-02 6.294552518371408431e-03 9.758435150572739025e-02
8.744397954620029001e-01 3.354163396131873420e-02 5.422427216509626696e-03 8.659614336016879799e-02
8.883515199366328607e-01 3.021086993970203277e-02 5.185803050230945385e-03 7.625180707343418018e-02
8.992187254819583586e-01 2.839069169581533852e-02 5.369248351899443689e-03 6.702133447032676550e-02
9.083371621634548365e-01 2.740534243965948857e-02 5.731083280779727257e-03 5.852641211610608296e-02
9.173799316037059004e-01 2.666206505272035801e-02 6.009662757384941906e-03 4.994834058618891071e-02
9.278832499494351627e-01 2.562375708924212112e-02 5.983897053485286686e-03 4.050909590783773745e-02
9.397932033711512423e-01 2.413904013690371109e-02 5.596144790558447643e-03 3.047161170138662847e-02
9.508493914473747921e-01 2.281320257298561846e-02 5.008933631853663276e-03 2.132847234778588105e-02
9.588597423297408051e-01 2.256457079025260548e-02 4.428576179590998363e-03 1.414711070041570554e-02
9.626931217043169786e-01 2.425646718599673915e-02 4.023007434632927190e-03 9.027403675053309942e-03
9.617818127689133911e-01 2.888877054346037504e-02 3.525697265969236598e-03 5.803719421657011109e-03
9.529757931410824945e-01 3.865653951676397554e-02 4.217150134769455383e-03 4.150517207384252401e-03
9.413659772747083876e-01 4.993153880140592527e-02 5.400921461203665036e-03 3.301562462682271042e-03
9.276293137109496989e-01 6.284343073393919288e-02 6.567671215160085681e-03 2.959584339950729372e-03
9.135287739225259607e-01 7.559424223584849944e-02 7.979321337909713388e-03 2.897662503715612257e-03
8.987953468080736030e-01 8.829136173937190968e-02 1.000295500258418201e-02 2.910336449970119237e-03
8.835589190771360180e-01 1.005834694802365120e-01 1.302756852041941395e-02 2.830042922208058677e-03
8.657269955787858517e-01 1.139462643370483669e-01 1.766166850379025793e-02 2.665071580375697347e-03
8.408425586523232687e-01 1.317670532932741778e-01 2.488841667038085848e-02 2.501971384021733653e-03
8.037728385874121084e-01 1.575227944475399711e-01 3.624697332352902479e-02 2.457393641518588676e-03
7.495567750838403320e-01 1.943717519031868124e-01 5.341477329297283916e-02 2.656699719999804782e-03
6.735662966693771736e-01 2.455781670628465474e-01 7.766462658190430302e-02 3.190909685872334207e-03
5.718695466496517277e-01 3.129973546771707138e-01 1.110270109058867083e-01 4.106087767290958652e-03
4.598401842674509910e-01 3.837355870774889488e-01 1.511279597627346871e-01 5.296268892325367919e-03
3.792917375283732517e-01 4.288272898523885490e-01 1.855355552125787233e-01 6.345417406659233095e-03
3.538010319143866100e-01 4.361388841796702831e-01 2.032502962228404930e-01 6.809787683102640730e-03
3.809940717343553995e-01 4.103162447573713290e-01 2.021667383453454869e-01 6.522945162927665762e-03
4.511412142282667515e-01 3.567508477629199870e-01 1.865441534815517610e-01 5.563784527261658383e-03
8.783297386035212595e-01 5.105792289602469752e-02 3.758151129957382902e-02 3.303082720088010987e-02
9.002064122666837420e-01 3.467527909001646980e-02 1.195001242832222088e-02 5.316829621497766445e-02
9.049081089947236256e-01 3.140588064959254355e-02 1.003735293949363332e-02 5.364865741619003620e-02
9.028346015856701934e-01 3.014468375848492615e-02 8.658875681583733802e-03 5.836183897426096973e-02
8.923119840679996084e-01 3.147674369756364027e-02 7.864854665892068164e-03 6.834641756854469008e-02
8.723739128895562356e-01 3.590905937023104733e-02 7.655723537178416027e-03 8.406130420303416229e-02
8.428339341596774448e-01 4.402268832836953721e-02 8.025803925823294521e-03 1.051175735861297755e-01
8.031198090006956836e-01 5.649557105205371688e-02 8.974291383523092316e-03 1.314103285637274465e-01
7.498741901778660512e-01 7.454775493236724671e-02 1.063102711521221946e-02 1.649470277745546665e-01
6.806707133058284009e-01 9.809974274028994412e-02 1.303886971481833454e-02 2.081906742390633447e-01
5.914031940304174118e-01 1.274803297988773010e-01 1.662684847519841150e-02 2.644896276955070458e-01
4.856969779974202317e-01 1.538912097867337070e-01 2.088177291720022533e-02 3.395300392986460025e-01
3.753665786538916693e-01 1.637472612664763738e-01 2.475980396885392454e-02 4.361263561107777131e-01
2.756125082543818272e-01 1.489529614159574022e-01 2.673884925611537053e-02 5.486956810735454937e-01
1.968571436289944243e-01 1.184719818768008720e-01 2.626813884895019477e-02 6.584027356452544222e-01
1.436292200693424503e-01 8.900279028064372877e-02 2.466209328669594775e-02 7.427058963633176303e-01
1.122583607281206902e-01 6.848546679647800339e-02 2.372135921916814633e-02 7.955348132562333197e-01
9.556070831500117213e-02 5.623327954666731965e-02 2.448840214053395886e-02 8.237176099977975285e-01
8.793681378972488527e-02 4.965113445794497316e-02 2.746295323323549864e-02 8.349490985190943793e-01
8.604581800328572894e-02 4.692605868083189746e-02 3.298966115130552712e-02 8.340384621645768881e-01
8.768967199625411768e-02 4.702993044712316245e-02 4.109213029752431523e-02 8.241882672590984393e-01
9.162755623553282824e-02 4.978074896061791821e-02 5.107945719247356658e-02 8.075122376113755829e-01
9.735470206406275639e-02 5.582889324221015220e-02 6.149374384629130441e-02 7.853226608474356274e-01
1.057533375649687551e-01 6.643839439409780778e-02 7.055831760148317811e-02 7.572499504394499814e-01
1.189949308895954377e-01 8.203687380456890776e-02 7.649193049223727836e-02 7.224762648135983900e-01
1.409475287494615647e-01 1.025212472875307590e-01 7.908242839188188433e-02 6.774487955711258058e-01
1.762399754805424046e-01 1.293815043490941508e-01 7.949383412792049297e-02 6.148846860424431737e-01
2.258689785411982232e-01 1.652464396811104685e-01 7.817803480501345215e-02 5.307065469726780504e-01
2.831187291666800721e-01 2.130064903153230105e-01 7.472307512266393448e-02 4.291517053953330385e-01
3.298397562134681715e-01 2.756215812379245733e-01 6.935063644835612329e-02 3.251880261002511041e-01
3.504906401811505590e-01 3.524324261621218923e-01 6.204196730069554133e-02 2.350349663560319935e-01
3.431190206228953432e-01 4.369157476725484268e-01 5.424386508575676502e-02 1.657213666187994650e-01
3.252924160242126050e-01 5.090706184717526117e-01 4.702629877644067674e-02 1.186106667275936416e-01
3.146039757475112553e-01 5.508840136867458881e-01 4.201076854787400006e-02 9.250124201786884270e-02
3.173417906799050892e-01 5.598413499840302343e-01 3.958740717410424298e-02 8.322945216196037110e-02
3.286200692902062070e-01 5.455980497608293733e-01 3.911937843443200752e-02 8.666250251453236353e-02
3.399605318696150569e-01 5.177219572126933178e-01 4.020655948021397558e-02 1.021109514374774208e-01
3.463146065078733793e-01 4.787554229483855783e-01 4.283656952209507346e-02 1.320934010216459342e-01
3.442771899326697582e-01 4.300513314588147451e-01 4.651291393810786517e-02 1.791585646704078327e-01
3.270868552893940184e-01 3.789275322391940648e-01 4.981664946596722071e-02 2.441689630054448279e-01
2.896905100243822306e-01 3.343797702064800204e-01 5.091516780106704332e-02 3.250145519680704975e-01
2.391108174691854715e-01 2.973510073662506414e-01 4.958274656577604800e-02 4.139554285987875892e-01
1.884153661592599949e-01 2.652041974671286995e-01 4.694429637976250264e-02 4.994361399938489487e-01
1.460155765388453653e-01 2.346923021150905675e-01 4.466225278645058472e-02 5.746298685596131772e-01
1.130590495055619205e-01 2.024755267986776130e-01 4.320137640820295721e-02 6.412640472875575925e-01
8.739211405480543093e-02 1.681995839465336429e-01 4.218868449150407762e-02 7.022196175071570012e-01
6.647211726507584739e-02 1.351117373647523212e-01 4.087202679634891617e-02 7.575441185738227556e-01
4.921521186807860382e-02 1.066183209179067254e-01 3.875521463548377982e-02 8.054112525785307453e-01
3.577310716000952490e-02 8.389296635256801582e-02 3.616259125396453777e-02 8.441713352334579978e-01
2.634517611636525564e-02 6.678512197596968292e-02 3.398301135719463545e-02 8.728866905504705231e-01
2.052183355812868884e-02 5.541521304943441278e-02 3.315752244370295115e-02 8.909054309487336454e-01
1.733994722293968199e-02 4.928739950192086855e-02 3.443689924408564751e-02 8.989357540310536354e-01
1.567217421423793694e-02 4.661986540842540105e-02 3.787148319506742494e-02 8.998364771822687791e-01
1.442777569416652667e-02 4.499082666029406014e-02 4.232916915439688399e-02 8.982522284911426125e-01
1.296647523830817515e-02 4.275948559877155997e-02 4.616781670902440904e-02 8.981062224538959304e-01
1.135333560082536081e-02 3.991295049066798106e-02 4.847857665410815198e-02 9.002551372543985408e-01
9.920714147050922402e-03 3.713298307434951401e-02 4.937380648451902138e-02 9.035724962940804295e-01
8.721507274980305757e-03 3.437193801579999791e-02 4.900103403984554934e-02 9.079055206693743552e-01
7.722286150154475740e-03 3.124475642620542712e-02 4.716781384713488595e-02 9.138651435765051678e-01
7.037075591716159852e-03 2.790417309106611385e-02 4.357105183170567608e-02 9.214876994855119019e-01
6.896046146883363405e-03 2.479338868440016802e-02 3.798364816112932696e-02 9.303269170075871841e-01
7.490712877898454518e-03 2.205829073928277512e-02 3.091323893172335385e-02 9.395377574510952456e-01
8.938697112981565732e-03 1.948142466751561289e-02 2.353366894307297799e-02 9.480462092764302406e-01
1.107452456766569449e-02 1.665077759774147292e-02 1.681459129820198420e-02 9.554601065363907964e-01
1.286746028678228439e-02 1.316154647098975554e-02 1.113730509537597460e-02 9.628336881468521069e-01
1.314710756741762146e-02 9.449479384633278564e-03 6.834823976313395000e-03 9.705685890716359010e-01
1.182002058595765272e-02 6.338636129849850413e-03 4.307769163257618716e-03 9.775335741209350005e-01
1.064782838218675254e-02 4.429126332287277798e-03 2.573174250826197173e-03 9.823498710346997287e-01
9.419415442295160992e-03 3.298975228088343349e-03 1.633109734470729888e-03 9.856484995951456662e-01
8.433337158108771686e-03 2.717400245343790880e-03 1.143222824005880834e-03 9.877060397725414553e-01
7.673010773454955538e-03 2.459989349086514569e-03 8.950875813071357051e-04 9.889719122961513342e-01
7.020431508788076494e-03 2.339344923069520705e-03 7.645301602756713428e-04 9.898756934078666303e-01
2.203805493244824151e-02 2.165268118885713827e-02 4.010676102421496803e-02 9.162025028544796834e-01
2.725026961796731331e-02 2.899850332307557510e-02 4.588070263872937038e-02 8.978705244202274116e-01
3.426578136962897536e-02 3.814348885541599121e-02 5.723281317394918882e-02 8.703579166010060320e-01
4.114746464992279085e-02 4.696761669761633645e-02 7.371663885869027266e-02 8.381682797937705098e-01
4.539586472968223929e-02 5.313270428057963873e-02 9.436184643755225754e-02 8.071095845521858436e-01
4.548224736459909046e-02 5.523452747245666955e-02 1.161872036785891599e-01 7.830960214843550871e-01
4.177828108776112520e-02 5.364336297052444552e-02 1.341792321247788078e-01 7.703991238169355382e-01
3.617120495361748206e-02 5.060171657263335537e-02 1.454342967468189030e-01 7.677927817269303290e-01
3.030449633932799994e-02 4.860641511115547375e-02 1.503466349421433146e-01 7.707424536073731458e-01
2.589870123836475121e-02 4.918080601637912774e-02 1.512232475937384801e-01 7.736972451515177207e-01
2.210492638026958015e-02 5.324857929776628113e-02 1.527852374553636261e-01 7.718612568666005647e-01
1.993027428122396555e-02 5.835075149972153430e-02 1.640588250492415467e-01 7.576601491698127244e-01
1.983986387123997178e-02 6.234556323837067704e-02 1.953174215726346252e-01 7.224971513177547155e-01
2.157144693665277724e-02 6.574592175275015271e-02 2.489703369925895249e-01 6.637122943180074897e-01
2.467215030647700383e-02 7.067625992446466276e-02 3.156958662909005731e-01 5.889557234781579442e-01
2.880642043291489068e-02 7.910518893412486763e-02 3.755370251094486411e-01 5.165513655235119961e-01
3.355375830818647237e-02 9.235124844174069647e-02 4.115529681005962725e-01 4.625420251494767876e-01
3.857467951436835407e-02 1.114238902333247322e-01 4.208928488011779434e-01 4.291085814511290120e-01
4.324981010131452586e-02 1.361350069447077593e-01 4.097859933011548939e-01 4.108291896528225018e-01
4.578885611070399736e-02 1.631593368064055971e-01 3.879653757563027439e-01 4.030864313265878351e-01
4.479730479320011977e-02 1.872110012477739560e-01 3.637109545598743998e-01 4.042807393991517118e-01
4.278705843959117183e-02 1.997142995203939342e-01 3.429480175982621004e-01 4.145506244417530017e-01
4.099134896970939995e-02 1.952969847771590939e-01 3.296240687227341981e-01 4.340875975303975509e-01
9.824557050804365588e-01 8.213481323865165495e-03 5.748662008157149304e-03 3.582151587541308139e-03
9.856566929045439407e-01 6.839968201446210497e-03 4.827917119607578328e-03 2.675421774402376735e-03
9.890185853435430330e-01 5.036548462386001082e-03 4.030012360506925011e-03 1.914853833564184255e-03
9.889628680265223348e-01 5.071463640458562065e-03 4.315182320446702899e-03 1.650486012572362042e-03
9.850294172932477776e-01 7.181983461797466876e-03 5.965871558217135037e-03 1.822727686737770714e-03
9.795536617468717511e-01 9.301891011587152744e-03 9.040168671849192067e-03 2.104278569691655186e-03
9.687788164935036139e-01 1.284502236526664266e-02 1.560118240200805695e-02 2.774978739221732865e-03
9.503728230340160454e-01 1.766370741543465267e-02 2.792728710153315544e-02 4.036182449016133440e-03
9.237525119627915116e-01 2.271326247220371852e-02 4.720649446842675734e-02 6.327731096578017786e-03
8.924557014025779056e-01 2.629869656562375951e-02 7.057671674410692653e-02 1.066888528769136327e-02
8.616784821639159597e-01 2.816940898532949503e-02 9.062443588110714876e-02 1.952767296964753527e-02
8.294087179942702948e-01 3.070233599890198617e-02 1.010911763448149869e-01 3.879776966201270438e-02
7.814580745866827050e-01 3.543504909012735321e-02 1.012770538177360791e-01 8.182982250545370317e-02
6.897791145691875014e-01 4.160868074356378898e-02 9.080961961777485325e-02 1.778025850694742171e-01
5.279924965825028016e-01 4.613983857306454273e-02 7.250658525946891697e-02 3.533610795849637110e-01
3.415152494439099295e-01 4.442459831415836863e-02 4.887870093203756233e-02 5.651814513098941672e-01
2.035869169012876623e-01 3.814370909588733066e-02 2.929367527493466697e-02 7.289756987278901423e-01
1.307423480490731149e-01 3.168694949097537045e-02 1.770442405289199272e-02 8.198662784070596121e-01
9.955417531179508450e-02 2.682261516540287993e-02 1.182200480121315019e-02 8.618012047215887206e-01
8.723623282010141422e-02 2.225787325717276666e-02 8.488101051399420810e-03 8.820177928713264226e-01
7.946888383550476664e-02 1.846094323513299690e-02 6.393169402255561955e-03 8.956770035271067742e-01
7.167318980247255888e-02 1.489659496026831363e-02 4.913978596512032747e-03 9.085162366407475432e-01
6.582957454147640719e-02 1.248488433088257472e-02 4.124417273759665992e-03 9.175611238538815551e-01
6.423751081158417253e-02 1.153117759784566716e-02 4.006911004054198103e-03 9.202244005865161114e-01
6.642242205118585596e-02 1.161940502908910544e-02 4.382717410798179711e-03 9.175754555089269404e-01
7.215228825121750011e-02 1.263502921204736826e-02 5.209253605338068360e-03 9.100034289313970737e-01
8.297222387373265340e-02 1.510079257580136843e-02 6.700297101652483329e-03 8.952266864488135356e-01
1.012830520363863229e-01 2.089192851951970908e-02 9.597750853981724256e-03 8.682272685901117892e-01
1.285770453299989458e-01 2.978250623260975463e-02 1.409147153869255882e-02 8.275489768986987738e-01
1.639166478980043917e-01 4.262057289867972332e-02 2.118999467309791093e-02 7.722727845302178595e-01
2.059338550792910449e-01 5.869660416106804030e-02 3.258104876127976279e-02 7.027884919983612422e-01
2.506162604534866722e-01 7.667287189333116260e-02 5.084380655741013721e-02 6.218670610957719447e-01
2.880283474081916095e-01 9.589465177360963211e-02 7.863202796616364232e-02 5.374449728520349634e-01
3.095388418380608520e-01 1.162640211781059280e-01 1.179905661368633313e-01 4.562065708469703051e-01
3.139404223440314667e-01 1.372346930581587188e-01 1.694398099784584777e-01 3.793850746193511148e-01
3.054729767466950463e-01 1.573733236164433502e-01 2.304506389325370608e-01 3.067030607043248480e-01
2.866647533038852447e-01 1.756497802346558557e-01 2.972421004179376935e-01 2.404433660435210951e-01
2.609700728417509996e-01 1.907112288661920729e-01 3.648671198135405858e-01 1.834515784785162584e-01
2.273280039357894189e-01 2.042553028770350554e-01 4.306540712225219170e-01 1.377626219646535255e-01
1.924833299766075256e-01 2.131296270975037987e-01 4.903172100492524943e-01 1.040698328766364589e-01
1.612102235555824825e-01 2.156436437377761417e-01 5.420092541309214917e-01 8.113687857572021711e-02
1.368873279946724864e-01 2.083363533928812572e-01 5.889003354661600520e-01 6.587598314628562157e-02
1.156900842028956711e-01 1.917847651717738688e-01 6.376431105652424769e-01 5.488204006008810115e-02
9.571097926272419121e-02 1.687800813267973932e-01 6.896856343325157290e-01 4.582330507796296415e-02
7.543129967404649250e-02 1.494321791731770266e-01 7.372878556038553466e-01 3.784866554892112739e-02
5.747115278612782013e-02 1.401375752381265050e-01 7.714239158613497294e-01 3.096735611439576166e-02
4.309971297033309695e-02 1.416126764694062845e-01 7.899625552976989873e-01 2.532505526256177003e-02
3.305245711040490086e-02 1.507086685043282914e-01 7.950606648110335462e-01 2.117820957423296319e-02
2.693773017457991650e-02 1.634031708950032802e-01 7.910106549096562745e-01 1.864844402076041435e-02
2.400702431517947114e-02 1.770039694620442194e-01 7.810839700282635745e-01 1.790503619451288414e-02
2.367617045162653117e-02 1.917283670626351022e-01 7.654104822297016497e-01 1.918498025603670998e-02
2.547283781121616186e-02 2.087101896997980710e-01 7.431232157043717867e-01 2.269375678461412263e-02
2.852814019003274693e-02 2.258635024879470099e-01 7.172475848323572878e-01 2.836077248966312539e-02
3.130625038728879900e-02 2.391897867163210456e-01 6.936521623137898995e-01 3.585180058259990199e-02
3.224338000684776745e-02 2.441884666990834230e-01 6.787170350142642805e-01 4.485111827980425847e-02
3.113984008135780440e-02 2.371325322181180029e-01 6.763993224454819542e-01 5.532830525504231489e-02
2.917825261136099829e-02 2.185536215562728646e-01 6.840773199797888227e-01 6.819080585257726590e-02
2.752883389661618316e-02 1.929113880449784268e-01 6.935983653880207767e-01 8.596141267038474865e-02
2.722678607088502636e-02 1.669954239360086912e-01 6.927699253144060654e-01 1.130078646787000402e-01
2.851054685968922725e-02 1.451350629567085548e-01 6.740077021045995931e-01 1.523466880790028399e-01
3.126718814977740013e-02 1.284942803049311522e-01 6.358131209834905206e-01 2.044254105618008854e-01
3.558579476969834371e-02 1.172802100809460513e-01 5.811204051474508914e-01 2.660135900019048316e-01
4.148911108976386514e-02 1.124317144429268778e-01 5.183934724035510477e-01 3.276857020637582996e-01
4.863443051138077039e-02 1.154176566035218371e-01 4.606069518729689061e-01 3.753409610121284379e-01
5.665785317058390919e-02 1.272878009699080770e-01 4.181116628140850722e-01 3.979426830454229624e-01
6.536338254913857948e-02 1.476684950887274528e-01 3.935364267356420420e-01 3.934316956264917731e-01
7.486633588804104955e-02 1.744049972169545715e-01 3.831087714871643790e-01 3.676198954078400694e-01
8.652951219659257842e-02 2.036535622583132421e-01 3.810000151103193899e-01 3.288169104347749006e-01
1.037269963230190162e-01 2.307055042765321085e-01 3.821892110100818529e-01 2.833782883903671612e-01
1.318508759347530590e-01 2.528437133670199954e-01 3.800229682249568475e-01 2.352824424732699593e-01
1.744722075830950625e-01 2.698142199127538388e-01 3.687290787224702382e-01 1.869844937816809438e-01
2.296186647811253867e-01 2.824747397570302465e-01 3.463829698925628975e-01 1.415236255692817191e-01
2.916312605610218989e-01 2.902873171709898226e-01 3.154656168300935537e-01 1.026158054378946416e-01
3.516365620250971324e-01 2.939214363720332179e-01 2.820877202606748013e-01 7.235428134219507035e-02
3.967087916661036218e-01 2.999366008496338054e-01 2.520136332032025250e-01 5.134097428106017269e-02
4.181725755197019945e-01 3.152993515644960665e-01 2.285036072819938424e-01 3.802446563380808275e-02
4.168516575740655039e-01 3.432648853541266920e-01 2.099879418330320990e-01 2.989551523877558362e-02
3.987741529332661794e-01 3.858690767139645872e-01 1.906101032321046995e-01 2.474666712066465185e-02
3.671453132265246055e-01 4.474772999163382781e-01 1.643560511876268060e-01 2.102133566951045959e-02
3.283679459576048787e-01 5.246482769469513752e-01 1.293374123083046445e-01 1.764636478713943121e-02
2.852281028181580802e-01 6.042207519615008238e-01 9.570255891401979742e-02 1.484858630632125871e-02
2.488809989155829627e-01 6.664419893597244293e-01 7.159535275512854402e-02 1.308165896956401363e-02
2.267323356349806307e-01 7.033318035101252530e-01 5.753064748260219852e-02 1.240521337229180676e-02
2.235955160840698008e-01 7.130720470702668345e-01 5.067487171225915771e-02 1.265756513340424334e-02
2.382399131709845852e-01 6.968454447589301770e-01 5.064621421741073715e-02 1.426842785267445381e-02
2.709347502380703987e-01 6.548333722169408233e-01 5.626095468801195487e-02 1.797092285697677802e-02
3.099618326612665897e-01 5.991815599852606811e-01 6.617818541531268750e-02 2.467842193815980925e-02
3.429095053366266188e-01 5.447959765860989068e-01 7.675088709922524288e-02 3.554363097804899563e-02
3.515057221831967005e-01 5.093047915644101087e-01 8.629507681317090395e-02 5.289440943922214811e-02
