6.021794433168209393e-01 1.665443972566968064e-02 3.782940684479582649e-01 2.872048509550831092e-03
6.558180643706251756e-01 3.081142176239031194e-01 3.056558687132094124e-02 5.502131134150810635e-03
5.799743191018947863e-01 3.817852918313744404e-01 3.393996685489110432e-02 4.300422211839702823e-03
4.968936918628707455e-01 4.626015086500170348e-01 3.727206625247533878e-02 3.232733234637001456e-03
4.112006854045175963e-01 5.459819633637572611e-01 4.045727283297702315e-02 2.360078398747989317e-03
3.227109116737058025e-01 6.316537775461611437e-01 4.381563898169577032e-02 1.819671798437176970e-03
2.380691680070874394e-01 7.137669312131913468e-01 4.665612812227099004e-02 1.507772657450225009e-03
1.659076606820936994e-01 7.840774608734863982e-01 4.869398494705413222e-02 1.320893497366005002e-03
1.125417754197221010e-01 8.357654107529737253e-01 5.056867637180547520e-02 1.124137455498573634e-03
8.230384558485998037e-02 8.610786766044377094e-01 5.562590828333270621e-02 9.915695273692041664e-04
6.992787631661376291e-02 8.622402756572747906e-01 6.688612923959401380e-02 9.457187865173726209e-04
6.933235788824379520e-02 8.432382502891537790e-01 8.643821761213348054e-02 9.911742104688682931e-04
7.538676412716975583e-02 8.104669486359916686e-01 1.130595407727791324e-01 1.086746464059080422e-03
8.403850202863460961e-02 7.733812945340360345e-01 1.413872875638468585e-01 1.192915873482592584e-03
9.398247037476326060e-02 7.390650999054833026e-01 1.656142065271457853e-01 1.338223192607644607e-03
1.030450842661920635e-01 7.082035469074351441e-01 1.871658405725408203e-01 1.585528253832226399e-03
1.135104155192847158e-01 6.690680595263467367e-01 2.154429572519395986e-01 1.978567702428935850e-03
1.225420399209979083e-01 6.219218233512556759e-01 2.530476365835220287e-01 2.488500144224685840e-03
1.308171637092168937e-01 5.755957651376665263e-01 2.905806202852260212e-01 3.006450867890271723e-03
1.379948249934684346e-01 5.426467782067020407e-01 3.159642563842596785e-01 3.394140415570073496e-03
1.424922418207450747e-01 5.268296183301394153e-01 3.271050115738801667e-01 3.573128275235090429e-03
1.448250902520343553e-01 5.162462938344348773e-01 3.353018828313596433e-01 3.626733082170830944e-03
1.470184149514663918e-01 4.962234637129106507e-01 3.529889427831343629e-01 3.769178552488552502e-03
1.464801157454962144e-01 4.650339299471231147e-01 3.843175053656656681e-01 4.168448941715149382e-03
1.374003893037326063e-01 4.281765766421647412e-01 4.296058740163714584e-01 4.817160037730941653e-03
1.193369911947785578e-01 3.903777824375450067e-01 4.846776242320393058e-01 5.607602135637067275e-03
9.675009811258845904e-02 3.578482745254118469e-01 5.389439577713316387e-01 6.457669590668268719e-03
7.535476423402495683e-02 3.372119759343489287e-01 5.800250400697662956e-01 7.408219761859643690e-03
5.949338568995297949e-02 3.315193315658730988e-01 6.004018475236190255e-01 8.585435220554896163e-03
4.959162495161940909e-02 3.354072937483477124e-01 6.050992504855263743e-01 9.901830814506309975e-03
4.322620586084748029e-02 3.401731045147487476e-01 6.056278197827692500e-01 1.097286984163443543e-02
3.812620802138755316e-02 3.421032649857195240e-01 6.082898027231756766e-01 1.148072426971718379e-02
3.354012952116862400e-02 3.400508908283303433e-01 6.150111396145968579e-01 1.139784003590424769e-02
2.999108482679891177e-02 3.335831176953891197e-01 6.254206663776108455e-01 1.100513110020113344e-02
2.774743150517595611e-02 3.221283540297658066e-01 6.395906915415822125e-01 1.053352292347601790e-02
2.634059217818290541e-02 3.058272006168226698e-01 6.578117494764286199e-01 1.002045772856582917e-02
2.536319502864538278e-02 2.884834758933705334e-01 6.766109734550593835e-01 9.542355622924731523e-03
2.478379998420099373e-02 2.765549952817050738e-01 6.894843808707892263e-01 9.176823863304558668e-03
2.521801285562880537e-02 2.796114734695147597e-01 6.861018066646895619e-01 9.068707010167150612e-03
2.797431397661004349e-02 3.064860897247851934e-01 6.560374237490653737e-01 9.502172549539330410e-03
3.412229172985585535e-02 3.520332010027617531e-01 6.033158406167169474e-01 1.052866665066583100e-02
4.386830021595558571e-02 3.937321703723689614e-01 5.506979448052400361e-01 1.170158460643554860e-02
5.687860713814101021e-02 4.080619576529238013e-01 5.227107375177968418e-01 1.234869769113860517e-02
7.276728884700760236e-02 3.874249315703374719e-01 5.277348192778041902e-01 1.207296030485049271e-02
9.002190359316245005e-02 3.427069951603907705e-01 5.562697914961393097e-01 1.100130975030759115e-02
1.073515849203285216e-01 2.916836771746391110e-01 5.911259897139287123e-01 9.838748191103681082e-03
1.244240703150608918e-01 2.496044145746268150e-01 6.166827679039929011e-01 9.288747206319563840e-03
1.437672413675477046e-01 2.228015605022908852e-01 6.237434908434413838e-01 9.687707286720038599e-03
1.608720951335416149e-01 2.124248784544971458e-01 6.157086638743595186e-01 1.099436253760174842e-02
1.714070044831646211e-01 2.115769781847192943e-01 6.039864443910875069e-01 1.302957294102852735e-02
1.773328175243032434e-01 2.096507817756330661e-01 5.973473310853749663e-01 1.566906961468890816e-02
1.816512917964599183e-01 2.030251728887793317e-01 5.964017470979466884e-01 1.892178821681411716e-02
1.917809310027018821e-01 1.903330923865431124e-01 5.948622171752445675e-01 2.302375943551002169e-02
2.100993276834518808e-01 1.736360139841553185e-01 5.888520894116211490e-01 2.741256892077145388e-02
2.327989317329061947e-01 1.534748901139228461e-01 5.841998663750895826e-01 2.952631177808121010e-02
2.540063864851547781e-01 1.310451520173433471e-01 5.878268806442399352e-01 2.712158085326211998e-02
2.676410452712728039e-01 1.103244081677337840e-01 6.003125711227399464e-01 2.172197543825363925e-02
2.682804436581123775e-01 9.565583122628680546e-02 6.195741590812160471e-01 1.648956603438478732e-02
2.512639226243339463e-01 8.950068318614567975e-02 6.462411791618226653e-01 1.299421502769751956e-02
2.203062606050842365e-01 8.631357728190701406e-02 6.824591919433404819e-01 1.092097016966824333e-02
1.810753311845476610e-01 7.881196102506474177e-02 7.306954209796610034e-01 9.417286810726465535e-03
1.392675857118830240e-01 6.395437465411833722e-02 7.888897761203028658e-01 7.888263513695792026e-03
9.851010993938319471e-02 4.741981560878878038e-02 8.476763179116698632e-01 6.393756540158221542e-03
6.483250537378032474e-02 3.310514774582807435e-02 8.969667935404622705e-01 5.095553339929420611e-03
4.046317436691361513e-02 2.249470755130201713e-02 9.329308992629743447e-01 4.111218818810121953e-03
2.380489306716476738e-02 1.618038621279120973e-02 9.564825395164272548e-01 3.532181203616830117e-03
1.427430303868309873e-02 1.149272384324036451e-02 9.709675396406204362e-01 3.265433477456072386e-03
8.823228713840596676e-03 8.601545669442923342e-03 9.793297111365906193e-01 3.245514480125796450e-03
5.963297595279802230e-03 6.930645246007527752e-03 9.836963093016259929e-01 3.409747857086913025e-03
4.774191511782590810e-03 6.334779913000701534e-03 9.850704178307007064e-01 3.820610744516094066e-03
4.585464497921755075e-03 6.690622390433757609e-03 9.841913851655808010e-01 4.532527946063836383e-03
4.901881478141198803e-03 7.646341241732538575e-03 9.819722058259833242e-01 5.479571454143013047e-03
4.193697279339417827e-01 5.693935518407096108e-01 5.412408810640118896e-03 5.824311414708345340e-03
3.745665381995108567e-01 3.255965472270822697e-02 1.989296172039886970e-02 5.729808453573821403e-01
3.218578591973080827e-01 2.304455642698931273e-02 1.738884033855005520e-02 6.377087440371528304e-01
2.619112349631865788e-01 1.702738959322348464e-02 1.547924360023141856e-02 7.055821318433583844e-01
1.989849729903507558e-01 1.365240289135387884e-02 1.411749333441219764e-02 7.732451307838830168e-01
1.448641395607323523e-01 1.258412087136605295e-02 1.363684657842657161e-02 8.289148929894749607e-01
1.063283747693396508e-01 1.399768848409011467e-02 1.461892988281791525e-02 8.650550068637522516e-01
8.258548367564660930e-02 1.915709845131170069e-02 1.776284433959349207e-02 8.804945735334482881e-01
7.054623394318046414e-02 3.137266247780268885e-02 2.368190931462121895e-02 8.743991942643958293e-01
6.817969196660225717e-02 5.665004954313359459e-02 3.203692666764726416e-02 8.431333318226170714e-01
7.141066698320443218e-02 9.781304288999988217e-02 4.003201902735706308e-02 7.907442710994385671e-01
7.543746202691455072e-02 1.403647540370465407e-01 4.360662354392258466e-02 7.405911603921165876e-01
7.951551080531522875e-02 1.590489392779306788e-01 4.170050404897693297e-02 7.197350458677771456e-01
8.322868810621163183e-02 1.461533656501565470e-01 3.633562252713948282e-02 7.342823237164923800e-01
8.365447501412399955e-02 1.155422818345759051e-01 2.977023141106230342e-02 7.710330117402376393e-01
7.810805424849312506e-02 8.424970882471848055e-02 2.332971989032187402e-02 8.143125170364664545e-01
6.782421380902940722e-02 6.148630434380963905e-02 1.792107930726422396e-02 8.527684025398966083e-01
5.725048506790988284e-02 4.798381831823619881e-02 1.412699057866273651e-02 8.806387060351912321e-01
4.956962862343043674e-02 4.088309619065124551e-02 1.192694407123365101e-02 8.976203311146843111e-01
4.502466417587004666e-02 3.749674823563588222e-02 1.094268952858028741e-02 9.065358980599139693e-01
4.246410528591478689e-02 3.590906177054875581e-02 1.076669352280054670e-02 9.108601394207357371e-01
4.113902671266764233e-02 3.501421352581912672e-02 1.117602926656209410e-02 9.126707304949509547e-01
4.101176703059217915e-02 3.458966330629172775e-02 1.221342766046893194e-02 9.121851420026469981e-01
4.198059927064058672e-02 3.481897222752257381e-02 1.410035533177066668e-02 9.091000731700662474e-01
4.335623324305435539e-02 3.579426148549588738e-02 1.710936089772164756e-02 9.037401443737280715e-01
4.489399532493839468e-02 3.825118401200288537e-02 2.176893350490524681e-02 8.950858871581537368e-01
4.691607954949549714e-02 4.363474563702542802e-02 2.913072376087752144e-02 8.803184510526016471e-01
4.882161076237242353e-02 5.303219655645054209e-02 4.094566293379273830e-02 8.572005297473845875e-01
4.965812882609126760e-02 6.767374633857457800e-02 6.023242648728158177e-02 8.224356983480520800e-01
4.886910379387644082e-02 8.985488064512965611e-02 9.197470857525973098e-02 7.693013069857341790e-01
4.706085140308532977e-02 1.209760527165285870e-01 1.438705591350515622e-01 6.880925367453343267e-01
4.337653761616535458e-02 1.604431225627680202e-01 2.217202304219094977e-01 5.744601093991571483e-01
3.795111925700641459e-02 1.977119727273744798e-01 3.267489306756531375e-01 4.375879773399657391e-01
3.315031312720349149e-02 2.169272763536683746e-01 4.481412113399992903e-01 3.017811991791287118e-01
2.900853108775321154e-02 2.159995760706395762e-01 5.609945766252798505e-01 1.939973162163272369e-01
2.569952361933602186e-02 2.007289869455593789e-01 6.499417885032470199e-01 1.236297009318572393e-01
2.338068960453990736e-02 1.793387682822119022e-01 7.140912797048259986e-01 8.318926240842217101e-02
2.207550896079311237e-02 1.587740509269652822e-01 7.580678545340345797e-01 6.108258557820725465e-02
2.108928460580764344e-02 1.392115026835979430e-01 7.915870979263084362e-01 4.811211478428611271e-02
1.958274540815870685e-02 1.176638396922518592e-01 8.235200990273036092e-01 3.923331587228578304e-02
1.786713608788891711e-02 9.583987636966902202e-02 8.531072253203442202e-01 3.318576222209803500e-02
1.690800777527499965e-02 7.920816262891734738e-02 8.738643915752416502e-01 3.001943802056595764e-02
1.728856275583860042e-02 6.965338871521586928e-02 8.830542100499126912e-01 3.000383847903276627e-02
1.915662259812488111e-02 6.402612188654953351e-02 8.824079954968189199e-01 3.440926001850645732e-02
2.344060348185255521e-02 6.057017895921359973e-02 8.680309208664434006e-01 4.795829669249009747e-02
3.287135477216000801e-02 6.199754673398391591e-02 8.218429984798203414e-01 8.328810001403560981e-02
5.073498878930059880e-02 7.179805767449741472e-02 7.148901545916999112e-01 1.625767989445024153e-01
7.297159934583205554e-02 8.631074840801748749e-02 5.512036788599111725e-01 2.895139733862392428e-01
8.905081963309657844e-02 1.007950751345988438e-01 3.902903014948323479e-01 4.198638037374725629e-01
9.795370066156880440e-02 1.176585548423463579e-01 2.704627203749636610e-01 5.139250241211213988e-01
1.050256730000614230e-01 1.392971246907155070e-01 1.877659199878823071e-01 5.679112823213406935e-01
1.140994958926267316e-01 1.612909564934411899e-01 1.303648182842616077e-01 5.942447293296705402e-01
1.267479936847862032e-01 1.750251082207894271e-01 9.109117009236805673e-02 6.071357280020565073e-01
1.407421339338796318e-01 1.766010921048216109e-01 6.462092940634928118e-02 6.180358445549496427e-01
1.513665533564828025e-01 1.682707308049789519e-01 4.624374480730067405e-02 6.341189710312375993e-01
1.564743980339689811e-01 1.548592078807277672e-01 3.341984647792004687e-02 6.552465476073831008e-01
1.570358309007884035e-01 1.395362476656290263e-01 2.435357353415528933e-02 6.790743478994273330e-01
1.554407048797209479e-01 1.251357321609571083e-01 1.779254223918817768e-02 7.016310207201340576e-01
1.551819937127491278e-01 1.156223495029168186e-01 1.315819875650616443e-02 7.160374580278279222e-01
1.578926959094423543e-01 1.113342332112496891e-01 9.896321016154575531e-03 7.208767498631535320e-01
1.629831279476598449e-01 1.089247647867793989e-01 7.481700259522204056e-03 7.206104070060387334e-01
1.700742695336310006e-01 1.052423565134228828e-01 5.641610978465166557e-03 7.190417629744809691e-01
1.796858080317756123e-01 9.926096346937847426e-02 4.267506358442374644e-03 7.167857221404034807e-01
1.947646267212923832e-01 9.468610562464487013e-02 3.463403732811581696e-03 7.070858639212512786e-01
2.245477699032059071e-01 9.342915809813931438e-02 3.099522816090973833e-03 6.789235491825639235e-01
2.752381197522681400e-01 1.008091634744477522e-01 3.263332530426774417e-03 6.206893842428574670e-01
3.502294241087528515e-01 1.179491214753689149e-01 3.920865464081877902e-03 5.279005889517961458e-01
4.393727956248878463e-01 1.417931588879494387e-01 4.932722967943617247e-03 4.139013225192190726e-01
5.224824672658504587e-01 1.643681265196094976e-01 5.902170088967430631e-03 3.072472361255723650e-01
5.803994670344322371e-01 1.851626703839656662e-01 7.117884763796917744e-03 2.273199778178049413e-01
6.171650428866879423e-01 1.986903448721209497e-01 8.219075339142593514e-03 1.759255369020485682e-01
6.425343149322403358e-01 2.011250392203159931e-01 9.354461452811265593e-03 1.469861843946324020e-01
1.116670893184609770e-01 1.053282452662473723e-01 7.738493190152464507e-01 9.155346400044773320e-03
6.318244755766500020e-01 1.107639367521333351e-01 8.112649102057040151e-02 1.762850966506461226e-01
6.543140101905370321e-01 9.498147548186221256e-02 9.284578006186279542e-02 1.578587342657380710e-01
6.738558961449866436e-01 7.665015615516942993e-02 1.066497431781701644e-01 1.428442045216739009e-01
6.878582852397291392e-01 5.884986287410386846e-02 1.202075972507899854e-01 1.330842546353769584e-01
6.946902424255041453e-01 4.564230152558453740e-02 1.301648027464548663e-01 1.295026533024568327e-01
6.934628445696638943e-01 3.877799326172700484e-02 1.347646832568135111e-01 1.329944789117954440e-01
6.849769159212859559e-01 3.691449510905521481e-02 1.358145395421952728e-01 1.422940494274637646e-01
6.717457275550722251e-01 3.751982316351067798e-02 1.362800839122474406e-01 1.544543653691695384e-01
6.572776575808800814e-01 3.870239383396938820e-02 1.375695683959370919e-01 1.664503801892134871e-01
6.451268444711404371e-01 3.989674738593384368e-02 1.395897742594660318e-01 1.753866338834598471e-01
6.368148577552904532e-01 4.094682010400640254e-02 1.432539563901069068e-01 1.789843657505963415e-01
6.294418600436503253e-01 4.232872988993827829e-02 1.504942821215502491e-01 1.777351279448612376e-01
6.178026589552687575e-01 4.505863592781601118e-02 1.612106777533592050e-01 1.759280273635557001e-01
5.999037846672788943e-01 4.929515266566406040e-02 1.738108721166353732e-01 1.769901905504221162e-01
5.775366174670610864e-01 5.392148363039937081e-02 1.889347803178687557e-01 1.796071185846708773e-01
5.523859149321668216e-01 5.792524314314786982e-02 2.099548219602083710e-01 1.797340199644768544e-01
5.215592949309304505e-01 6.138865844286459095e-02 2.430004742607861368e-01 1.740515723654189051e-01
4.842032056693364450e-01 6.412866124839494697e-02 2.901353340716124052e-01 1.615327990106567302e-01
4.318656193302364832e-01 6.603112023601245828e-02 3.587928061595084261e-01 1.433104542742426046e-01
3.712880615284896435e-01 6.497213866069918853e-02 4.435938789040048680e-01 1.201459209068063139e-01
3.122638617349391965e-01 5.901881241967431996e-02 5.342144823764336525e-01 9.450284346895307386e-02
2.639593698864197702e-01 4.947548026737844107e-02 6.161280334028246264e-01 7.043711644337719013e-02
2.314151209332391823e-01 4.038438164149910081e-02 6.769897194426085507e-01 5.121077798265290942e-02
2.147677153266279726e-01 3.486812693287032194e-02 7.127043215036835688e-01 3.765983623681826153e-02
2.105973099841337848e-01 3.347899650071325256e-02 7.270084567789951713e-01 2.891523673615737852e-02
2.170020327950324401e-01 3.565655545206852794e-02 7.235712472824086250e-01 2.377016447049054571e-02
2.411412676970735858e-01 4.196304700957959738e-02 6.953692814636036612e-01 2.152640382974299604e-02
2.984032811349917047e-01 5.512864815532253493e-02 6.245527020434142873e-01 2.191536866627143143e-02
3.931301044752337770e-01 7.771791623640199320e-02 5.049898040350814243e-01 2.416217525328291302e-02
5.000099740117767144e-01 1.083051812459661228e-01 3.645477401415099794e-01 2.713710460074704109e-02
5.838021359399441224e-01 1.409463149828741879e-01 2.447926199190468555e-01 3.045892915813487242e-02
6.372994669397382683e-01 1.652399229439325545e-01 1.628218721954370896e-01 3.463873792089212228e-02
6.746654940626746200e-01 1.736810405918907119e-01 1.110275604909726072e-01 4.062590485446180427e-02
7.081531114135296567e-01 1.646262377621137973e-01 7.807377953972458040e-02 4.914687128463197940e-02
7.338772615541619970e-01 1.483752986640376748e-01 5.653625313586738838e-02 6.121118664593295372e-02
7.486364978110138235e-01 1.317678201437917085e-01 4.156349691756611869e-02 7.803218512762818970e-02
7.515042366075493918e-01 1.171254979618406716e-01 3.050750680269956328e-02 1.008627586279104288e-01
7.472551550907806650e-01 1.024127358909790453e-01 2.180193560641332032e-02 1.285301734118272643e-01
7.402501432674684079e-01 8.778508936056821088e-02 1.594025900720593206e-02 1.560245083647577857e-01
7.393858145387678382e-01 7.255026741116149536e-02 1.189557757465186522e-02 1.761683404754188775e-01
7.478594245888149361e-01 5.734876174360341999e-02 8.980603529813828423e-03 1.858112101377679404e-01
7.616562545405139995e-01 4.592624312216579685e-02 7.152254902982674127e-03 1.852652474343374767e-01
7.800632008489637448e-01 3.827095576635209523e-02 6.095608799645272496e-03 1.755702345850388146e-01
8.009120470367294686e-01 3.353468486704285628e-02 5.629643063006800445e-03 1.599236250332210507e-01
8.205377101191638767e-01 3.117290713199529287e-02 5.693280507101662093e-03 1.425961022417394086e-01
8.373981142650376297e-01 3.056385257325277410e-02 6.190924807313138642e-03 1.258471083543962754e-01
8.520798349374443248e-01 3.111952125321737830e-02 6.959407664029507515e-03 1.098412361453085379e-01
8.669424877748158620e-01 3.212671445075220011e-02 7.758671456082201490e-03 9.317212631834963232e-02
8.845833928266988444e-01 3.269270833749060579e-02 8.338771132726787924e-03 7.438512770308391975e-02
9.048533412567694167e-01 3.230946282188525837e-02 8.577757691230097556e-03 5.425943823011507294e-02
9.237129049350389920e-01 3.150325439297030350e-02 8.571344990488042118e-03 3.621249568150273351e-02
9.377577655769477882e-01 3.118323704252327563e-02 8.483126878282773453e-03 2.257587050224592676e-02
9.456802940785021816e-01 3.232780392340075387e-02 8.560475789053546142e-03 1.343142620904370574e-02
9.460489941995962049e-01 3.653477011726395662e-02 9.262445308913999642e-03 8.153790374225549156e-03
9.387458672497114298e-01 4.523308667011081974e-02 1.058320413783360447e-02 5.437841942344187607e-03
9.253243994513628001e-01 5.695918324059424942e-02 1.357917036013389298e-02 4.137246947909162427e-03
9.135764546469347103e-01 6.591549223328194151e-02 1.704953404464264188e-02 3.458519075141054579e-03
8.989264978242285098e-01 7.551197777163581870e-02 2.230848784843961555e-02 3.253036555695705979e-03
8.799747372277546553e-01 8.569797020504434093e-02 3.116660778186225791e-02 3.160684785338878974e-03
8.551377997993029334e-01 9.563498131492494114e-02 4.632792433490561662e-02 2.899294550866685777e-03
8.204004957952811816e-01 1.054325595493289247e-01 7.170539564434109947e-02 2.461549011048805042e-03
7.722788531632958087e-01 1.145264647707137790e-01 1.111776116484396171e-01 2.017070417550847778e-03
7.053687289025108997e-01 1.258145352661023397e-01 1.670524974855842337e-01 1.764238345802782463e-03
6.252768966074963020e-01 1.370724549473755494e-01 2.358821945797212605e-01 1.768453865406710611e-03
5.409331479406054299e-01 1.456511129308030172e-01 3.114101263770375216e-01 2.005612751553992584e-03
4.574167457734041320e-01 1.503982301831747193e-01 3.897874171862757420e-01 2.397606857145483106e-03
3.836080282884569703e-01 1.540109299374330387e-01 4.594917337000398172e-01 2.889308074070540654e-03
3.365784766182929877e-01 1.599040553655433072e-01 5.000616839438662975e-01 3.455784072297416690e-03
3.261703258370645675e-01 1.681755062149041802e-01 5.016601416131961644e-01 3.994026334835263162e-03
3.537700450381905948e-01 1.770097266145382597e-01 4.648745775859179363e-01 4.345650761353309771e-03
4.170677812434411824e-01 1.817545765055532392e-01 3.968971946678458984e-01 4.280447583159679992e-03
7.162482080572712961e-01 1.368697195174870540e-01 6.559320004221649847e-02 8.128887238302513751e-02
8.597149023573223969e-01 4.210501707509763103e-02 1.216069962254578800e-02 8.601938094503426557e-02
8.655355504670501077e-01 3.556908469193003491e-02 1.122620664576794158e-02 8.766915819525183950e-02
8.628313904459733452e-01 3.103548779589663034e-02 1.054524684648306711e-02 9.558787491164730254e-02
8.500304566852255883e-01 2.871217799533655121e-02 1.019314326069370794e-02 1.110642220587438889e-01
8.267399041444634111e-01 2.857047812417954150e-02 1.022258083365085689e-02 1.344670368977061714e-01
7.934796551315317359e-01 3.071461814274544996e-02 1.066974080358978894e-02 1.651359859221330217e-01
7.498580319041865394e-01 3.559288178697615768e-02 1.155161290268666083e-02 2.029974734061507913e-01
6.920925307419646400e-01 4.418310247685831166e-02 1.301475966835602925e-02 2.507096071128213088e-01
6.166201516344405054e-01 5.741349632943159448e-02 1.526844582544325743e-02 3.106979062106846601e-01
5.224298595273545454e-01 7.430327058856722733e-02 1.816509017187407232e-02 3.851017797122041064e-01
4.114069722865125178e-01 9.150360446910305035e-02 2.129531456791117910e-02 4.757941086764733707e-01
3.004657483941984841e-01 9.941431321421075051e-02 2.254388422799550110e-02 5.775760541635950318e-01
2.064561634730906481e-01 9.677412124189706255e-02 2.238519744229635136e-02 6.743845178427159137e-01
1.418290171283123069e-01 8.403449323773176660e-02 2.096024711901842488e-02 7.531762425149375328e-01
1.031983612373338771e-01 7.219846701447851789e-02 1.946416955504787563e-02 8.051390021931398300e-01
8.312210618924333050e-02 6.508525958593154581e-02 1.923255709435633606e-02 8.325600771304688674e-01
7.422167909752114268e-02 6.295217006353746869e-02 2.081628975377495736e-02 8.420098610851665111e-01
7.178487702652557034e-02 6.521125385322974755e-02 2.463670076274212736e-02 8.383671683575025790e-01
7.298026758710192408e-02 7.154620862012596449e-02 3.119010821304393430e-02 8.242834155797279516e-01
7.581752975920452720e-02 8.158553856606633181e-02 4.076083029544835118e-02 8.018361013792808523e-01
7.943264786287046464e-02 9.524231393214875607e-02 5.263437592480310623e-02 7.726906622801776869e-01
8.399346248140239501e-02 1.133376573384375363e-01 6.480785585370489599e-02 7.378610243264549506e-01
9.065695555237926473e-02 1.376052220940073012e-01 7.466861999287915941e-02 6.970692023607343302e-01
1.008761521842065911e-01 1.681349312874262925e-01 8.026253115232438728e-02 6.507263853760427708e-01
1.168451724565676281e-01 2.038706475533887674e-01 8.203667544791715116e-02 5.972475045421263840e-01
1.412052147983926531e-01 2.444767770910613591e-01 8.116553887277115631e-02 5.331524692377749286e-01
1.743946102557683009e-01 2.897685597124409762e-01 7.796416766328315151e-02 4.578726623685077102e-01
2.130515626022784215e-01 3.408788956034126683e-01 7.212142436294374792e-02 3.739481174313651346e-01
2.483414016876412389e-01 4.008219986741144991e-01 6.375499290805156094e-02 2.870816067301927843e-01
2.688789996436554142e-01 4.720350925930344443e-01 5.384849268748083395e-02 2.052374150758295990e-01
2.691719594356916656e-01 5.499381506222799088e-01 4.386485254105357973e-02 1.370250374009751304e-01
2.539279914055217469e-01 6.214702208345875833e-01 3.545820764203563152e-02 8.914358011785518399e-02
2.348442852599839092e-01 6.731488044170754748e-01 2.981466099529254607e-02 6.219224932764839259e-02
2.206644870366694378e-01 7.016410775781534159e-01 2.689809755534910626e-02 5.079633782982796719e-02
2.125357189531635049e-01 7.120973098938987444e-01 2.604406965072750268e-02 4.932290150221040753e-02
2.089772221296680721e-01 7.088026721231482918e-01 2.687530277917329555e-02 5.534480296801028154e-02
2.095666967235723932e-01 6.918254259848204413e-01 2.935369826685596539e-02 6.925417902475122789e-02
2.116965006757772494e-01 6.632781269721753636e-01 3.324612904691362503e-02 9.177924330513394235e-02
2.080574183997946913e-01 6.311517223826327294e-01 3.755826287544163783e-02 1.232325963421311843e-01
1.923947143516054614e-01 6.026992885200264105e-01 4.061847092135194986e-02 1.642875262070160325e-01
1.668243782359845884e-01 5.781281454797563280e-01 4.153170816747459720e-02 2.135157681167846322e-01
1.386449632122848941e-01 5.546198124177478261e-01 4.098143183681723922e-02 2.657537925331499018e-01
1.132597305191684611e-01 5.301291372914359590e-01 4.030852411380085598e-02 3.163026080755947933e-01
9.222282629740546911e-02 5.009345994693354953e-01 4.037382484799522525e-02 3.664687493852636369e-01
7.469893576463108864e-02 4.643613240317192026e-01 4.129601533297538873e-02 4.196437248706741396e-01
5.935414018748026710e-02 4.213950290142743360e-01 4.260730432066735934e-02 4.766435264775779057e-01
4.588331616965563020e-02 3.744707333745994626e-01 4.381059359137672721e-02 5.358353568643683396e-01
3.489359811116864163e-02 3.270265881849594436e-01 4.497920624537581069e-02 5.931006074584963539e-01
2.685799267101838389e-02 2.840383225493711694e-01 4.664261642622359594e-02 6.424610683533868993e-01
2.153739709602579822e-02 2.502068271339682459e-01 4.934051460576992232e-02 6.789152611642361723e-01
1.825564036586648994e-02 2.271855070046917835e-01 5.380662042847453308e-02 7.007522322009671623e-01
1.619907183761136113e-02 2.121834729107487105e-01 6.047906976134975049e-02 7.111383854902902923e-01
1.441628520220018285e-02 1.993775934901954039e-01 6.776419200035142809e-02 7.184419293072531465e-01
1.266846831101135946e-02 1.829404120977399795e-01 7.604615954534015010e-02 7.283449600459086515e-01
1.038017739475543579e-02 1.638756551860704180e-01 8.023948189910548590e-02 7.455046855200688771e-01
8.474303775943891476e-03 1.424756233642926750e-01 8.026700917418945480e-02 7.687830636855740307e-01
6.849408632223883027e-03 1.194600794492597928e-01 7.558386406419372039e-02 7.981066478543227261e-01
5.501565674942405712e-03 9.573270364768880769e-02 6.696530115169981034e-02 8.318004295256692382e-01
4.509241420070651644e-03 7.369331190387766461e-02 5.592776834755736060e-02 8.658696783284943743e-01
3.915671247525369034e-03 5.475786198849282027e-02 4.385596098929547826e-02 8.974705057746862336e-01
3.655044855970792164e-03 3.902067435572435794e-02 3.208685981924430664e-02 9.252374209690604756e-01
3.631616994896996221e-03 2.659009748577500706e-02 2.206165455038993153e-02 9.477166309689379897e-01
3.717887523837002002e-03 1.739185609336897642e-02 1.452507189975761268e-02 9.643651844830364306e-01
3.683028299317879159e-03 1.086223212120202876e-02 9.287331066571504617e-03 9.761674085129083966e-01
3.419442184051311485e-03 6.599119996095264944e-03 5.878684737766743003e-03 9.841027530820867231e-01
3.095980700897813225e-03 4.174217491753823457e-03 3.804789840766486641e-03 9.889250119665816685e-01
2.321676550754388658e-03 2.653378518584899922e-03 2.738477981216398075e-03 9.922864669494443346e-01
2.321955818613696473e-03 2.033047107804170604e-03 1.872572288593140569e-03 9.937724247849889503e-01
2.325143049150634085e-03 1.707954061358095714e-03 1.312015033513711697e-03 9.946548878559774431e-01
2.326478324659592926e-03 1.540454158676036632e-03 9.666015041341628929e-04 9.951664660125300044e-01
2.301832165195544927e-03 1.425576272983280525e-03 7.503063245584899559e-04 9.955222852372624942e-01
3.649759983060695684e-02 2.925989591479662838e-02 9.849952654568869259e-02 8.357429777089074863e-01
4.009683605970670167e-02 3.144017221699596520e-02 1.033461899805270257e-01 8.251168017427702450e-01
4.363261842680680319e-02 3.244067486712185616e-02 1.151521489817822069e-01 8.087745577242896333e-01
4.491986956694547090e-02 3.119463915431443246e-02 1.291245335370056202e-01 7.947609577417344973e-01
4.289703891672554809e-02 2.814484357294740752e-02 1.415901910323849877e-01 7.873679264779421816e-01
3.809920025768655238e-02 2.464344456272257386e-02 1.497520386923780200e-01 7.875053164872124478e-01
3.194701024405727924e-02 2.167013640559535548e-02 1.519747117737778042e-01 7.944081415765694709e-01
2.595336334003708542e-02 1.969886219951456213e-02 1.503591846233513218e-01 8.039885898370967565e-01
2.083096252944271337e-02 1.889623262831586353e-02 1.488830512036198039e-01 8.113897536386217579e-01
1.679972432078255182e-02 1.941526372076097032e-02 1.501638561220341173e-01 8.136211558364222496e-01
1.389557952743519613e-02 2.116267998964575098e-02 1.572045587915961717e-01 8.077371816913226921e-01
1.234206144706828830e-02 2.377546805329383214e-02 1.792460531732079088e-01 7.846364173264299691e-01
1.247728885570188045e-02 2.732523660842063606e-02 2.294034750664577238e-01 7.307939994694194752e-01
1.403871486190170007e-02 3.209074375452983935e-02 3.118536607411871997e-01 6.420168806423814933e-01
1.659837400655312517e-02 3.881173435499039176e-02 4.121236127394753979e-01 5.324662788989809048e-01
1.984854174498677445e-02 4.838072248272416720e-02 5.002787944309924351e-01 4.314919413412970361e-01
2.333339427510716310e-02 6.119209340300342526e-02 5.562449270982854355e-01 3.592295852236037090e-01
2.653262098720695836e-02 7.784021653447847910e-02 5.803660528857916834e-01 3.152611095925229034e-01
2.910879489458855288e-02 9.906332700199765862e-02 5.805559260017560952e-01 2.912719521016574609e-01
3.034562285212407187e-02 1.228394453703484934e-01 5.662001879899903889e-01 2.806147437875368134e-01
3.017230883569767957e-02 1.447915468772191239e-01 5.443800258609053921e-01 2.806561184261777142e-01
2.971529302531998595e-02 1.607861786139355431e-01 5.188004508274471904e-01 2.906980775332971834e-01
3.018778364540231421e-02 1.665671968675578873e-01 4.943674420202112674e-01 3.088775774668284235e-01
9.801126130639022938e-01 8.895884578797636291e-03 5.297492873257743026e-03 5.694009484042138712e-03
9.850469824816368014e-01 6.398418496053767841e-03 4.683587802807990565e-03 3.871011219501642713e-03
9.877940263980424795e-01 4.846058285857221884e-03 4.577198907290022829e-03 2.782716408810047195e-03
9.886887033614513154e-01 4.009479017761809205e-03 5.098633668458853359e-03 2.203183952327845540e-03
9.874943273802377908e-01 3.791847119342503861e-03 6.693018118185792113e-03 2.020807382233856878e-03
9.834249206156385759e-01 4.113082671918022633e-03 1.028672377699109582e-02 2.175272935452414545e-03
9.750038915768952652e-01 4.876644374688638046e-03 1.744001327560005740e-02 2.679450772816124784e-03
9.610617207200815582e-01 5.781531858913374795e-03 2.956450995895334999e-02 3.592237462051766934e-03
9.429234411676636896e-01 6.336877636613524357e-03 4.566747527706640358e-02 5.072205918656049438e-03
9.241534666255695196e-01 6.373706521905929748e-03 6.186019014952923167e-02 7.612636702995578299e-03
9.077236980929880295e-01 6.371705956392824388e-03 7.359038986318860998e-02 1.231420608743025343e-02
8.930798081534906396e-01 7.097779644152809458e-03 7.855757638424737399e-02 2.126483581810923937e-02
8.741684096619334321e-01 8.988017461229786190e-03 7.797080476249430847e-02 3.887276811434256518e-02
8.344330532069855755e-01 1.244605150449892839e-02 7.458659448047981477e-02 7.853430080803566748e-02
7.446019031084658568e-01 1.781595297615939238e-02 6.826287353801741009e-02 1.693192703773572227e-01
5.823171420392059261e-01 2.555282699801012664e-02 5.705531376562496260e-02 3.350747171971588112e-01
3.891073561968202421e-01 3.111832812492917877e-02 4.191565307847044952e-02 5.378586625997805459e-01
2.416922711033935300e-01 3.325763078770585524e-02 2.821067880777844428e-02 6.968394193011223647e-01
1.589440205848030863e-01 3.333785447794293533e-02 1.920316089804500331e-02 7.885149640392088433e-01
1.150170100713764632e-01 3.199088024656818185e-02 1.365124556298549438e-02 8.393408641190697184e-01
8.728750148464388403e-02 2.859932418253982242e-02 9.795279741797991574e-03 8.743178945910180522e-01
6.646171170935986916e-02 2.535827212508987363e-02 7.335194326774575023e-03 9.008448218387756778e-01
5.258310603233793540e-02 2.299479186249575244e-02 5.946559563240076673e-03 9.184755425419263153e-01
4.495148753808270170e-02 2.244873818931415396e-02 5.506962634267549735e-03 9.270928116383354567e-01
4.087199833963549300e-02 2.308992170899372073e-02 5.692447032492428671e-03 9.303456329188782847e-01
3.963942673463033417e-02 2.361238266691427154e-02 6.091174758888430810e-03 9.306570158395670589e-01
3.957837987864947643e-02 2.605298216256343377e-02 7.205491513407061288e-03 9.271631464453803373e-01
4.194237965717524663e-02 3.052246175369355621e-02 9.121112960935916572e-03 9.184140456281952858e-01
4.692242612231546650e-02 3.748771924617606832e-02 1.224372647118527474e-02 9.033461281603233362e-01
5.449025682585626612e-02 4.697092884583394662e-02 1.732622585157839526e-02 8.812125884767312289e-01
6.592783907075853989e-02 5.974294372653972396e-02 2.593892823416160329e-02 8.483902889685399629e-01
8.230436367827534405e-02 7.687193976962390651e-02 4.030190251316907030e-02 8.005217940389318665e-01
1.013638534923812368e-01 9.898951413033803270e-02 6.234136717776336128e-02 7.373052651995172235e-01
1.186779589184600303e-01 1.261186717617781838e-01 9.270312442740359649e-02 6.625002448923582588e-01
1.313198245534359931e-01 1.577650856905042087e-01 1.306238746460457734e-01 5.802912151100140248e-01
1.393375928012101639e-01 1.926398968005293977e-01 1.745952489266801855e-01 4.934272614715804472e-01
1.431728137980853022e-01 2.292093557352249400e-01 2.235245317745995219e-01 4.040932986920902636e-01
1.414533962162142500e-01 2.661881426166614051e-01 2.771256180653888790e-01 3.152328431017352162e-01
1.350132876369952439e-01 3.050428630050248668e-01 3.266830920665274030e-01 2.332607572914522087e-01
1.240929999588772925e-01 3.370474329037544958e-01 3.723726558583475010e-01 1.664869112790211270e-01
1.113971918755398277e-01 3.578498831579605688e-01 4.127405061289372012e-01 1.180124188375624300e-01
1.007861430831874239e-01 3.631999820382081356e-01 4.520659412328506543e-01 8.394793364575404981e-02
9.124720598043319086e-02 3.555612018164909793e-01 4.941668612592976517e-01 5.902473094377841401e-02
7.929031587891043065e-02 3.422822626339492857e-01 5.381081508118635837e-01 4.031927067527706771e-02
6.528044812820020526e-02 3.343479117148853708e-01 5.734362413329591179e-01 2.693539882395521584e-02
5.016322688302712884e-02 3.407944083227965604e-01 5.913007712710541819e-01 1.774159352312205257e-02
3.627059736269420270e-02 3.612381010879116006e-01 5.907544583175973196e-01 1.173684323179671404e-02
2.594649966226640625e-02 3.883503444224160606e-01 5.774885742669549904e-01 8.214581648362492480e-03
1.962775200784692281e-02 4.146642192067036548e-01 5.592320492862110637e-01 6.475979499238231248e-03
1.658844292397227901e-02 4.368819881169778707e-01 5.404774113437500471e-01 6.052157615299959270e-03
1.595627581131607575e-02 4.562616668313146939e-01 5.209922846728356483e-01 6.789772684533438088e-03
1.705567157301891845e-02 4.740762601647437458e-01 5.000683990753844732e-01 8.799669186852753303e-03
1.917572745720460062e-02 4.870861810374100265e-01 4.815205568221245791e-01 1.221753468326067411e-02
2.158541772782678406e-02 4.896398311066236242e-01 4.717722299241747796e-01 1.700252124137507231e-02
2.274637032020251914e-02 4.837961244351513534e-01 4.706257233202191803e-01 2.283178192442668342e-02
2.326582080855330373e-02 4.622788800743052318e-01 4.843056909918128095e-01 3.014960812532882159e-02
2.357486685095606591e-02 4.265293477621001084e-01 5.096893240510086409e-01 4.020646133593507726e-02
2.436505598921150789e-02 3.773030717760450514e-01 5.424493761673363501e-01 5.588249606740700037e-02
2.640147327240572814e-02 3.197422047896229524e-01 5.719128041080642211e-01 8.194351782990735855e-02
2.977858181630206949e-02 2.609574232824488083e-01 5.861729956807473219e-01 1.230909992205018455e-01
3.402435200569481344e-02 2.088647341061979079e-01 5.749748114424960699e-01 1.821361024456110977e-01
3.909660720713236531e-02 1.696858840010210812e-01 5.358467315283197419e-01 2.553707772635270823e-01
4.549770679001453877e-02 1.449768658862140847e-01 4.819072658821955679e-01 3.276181614415757393e-01
5.366975527132041013e-02 1.342673524164546550e-01 4.321079807709240495e-01 3.799549115413010103e-01
6.406621235629646194e-02 1.362571495165049440e-01 3.986547660901696433e-01 4.010218720370288259e-01
7.714068659737703670e-02 1.484961277040238725e-01 3.839264118776855028e-01 3.904367738209132965e-01
9.305266987085460129e-02 1.670922877644692162e-01 3.836927871120700551e-01 3.561622552526060859e-01
1.121533365381928021e-01 1.869939128983135745e-01 3.908931824993190363e-01 3.099595680641746842e-01
1.362222058788221390e-01 2.030575870201199729e-01 3.981547844944505199e-01 2.625654226066074237e-01
1.689606995010002333e-01 2.132746872664264270e-01 3.983312685063300496e-01 2.194333447262433179e-01
2.119235121533953325e-01 2.195695789377352380e-01 3.879490384583582641e-01 1.805578704505107768e-01
2.617651379426842451e-01 2.262638878836806533e-01 3.674753089218590896e-01 1.444956652517758178e-01
3.116937709999644812e-01 2.359831914072561265e-01 3.401993440692860915e-01 1.121236935234934534e-01
3.522849256390691575e-01 2.497323815589792551e-01 3.127438192613755663e-01 8.523887354057602117e-02
3.738355527825083513e-01 2.718647529655356943e-01 2.892161485735162962e-01 6.508354567843956107e-02
3.721151674175472990e-01 3.061709826233532938e-01 2.704906496733924248e-01 5.122320028570688522e-02
3.506798962212574478e-01 3.525641517723470675e-01 2.544947528574979523e-01 4.226119914889740758e-02
3.173713090089814171e-01 4.103252694835665682e-01 2.356167312294843996e-01 3.668669027796716414e-02
2.780818501065829285e-01 4.816312546625175495e-01 2.070159560342824945e-01 3.327093919661724269e-02
2.404253381176582882e-01 5.620470675455067067e-01 1.664066004696758139e-01 3.112099386715910451e-02
2.083101031023452399e-01 6.337220066324968926e-01 1.275557457071463952e-01 3.041214455801154182e-02
1.884359659537222231e-01 6.798574299287090117e-01 1.003741001587515197e-01 3.133250395881688466e-02
1.812590755339329174e-01 6.997074540892260774e-01 8.519207528825675779e-02 3.384139508858436535e-02
1.844206313568981792e-01 6.988681046729583457e-01 7.892205655454340163e-02 3.778920741559992080e-02
1.966756436326818069e-01 6.800930697870357644e-01 7.941096444754279504e-02 4.382032213273927973e-02
2.157154545462998119e-01 6.458619600382626835e-01 8.512158684266188380e-02 5.330099857277550285e-02
2.351399938982522975e-01 6.035989591934655119e-01 9.380785568517026329e-02 6.745319122311159432e-02
2.479053350518216625e-01 5.623132867445570504e-01 1.019431500945032765e-01 8.783822810911830203e-02
2.496772930554357617e-01 5.271073984647858257e-01 1.057257638873647376e-01 1.174895445924132864e-01
