6.459876588148542043e-01 1.716972058660460113e-02 3.330217663646679038e-01 3.820854233873484211e-03
3.093948067369977628e-01 6.577670042503876990e-01 2.773749065992045168e-02 5.100698352694189690e-03
2.149129835248954068e-01 7.546160345442473050e-01 2.689746396407078841e-02 3.573517966786548400e-03
1.413184748739797769e-01 8.313946825581250977e-01 2.489565867613478117e-02 2.391183891760303905e-03
9.217343166080332884e-02 8.840069032143210714e-01 2.223410292738916064e-02 1.585562197486634897e-03
5.978004027506581691e-02 9.198074731277987581e-01 1.930444777957605884e-02 1.108038817559463913e-03
3.842670470490480022e-02 9.445841861066841538e-01 1.615942827873151355e-02 8.296809096797866422e-04
2.434143181344399290e-02 9.619889784790044418e-01 1.302551444954473149e-02 6.440752580068797792e-04
1.564839367483905272e-02 9.734286420492057612e-01 1.042243016932492376e-02 5.005341066301299260e-04
1.095391212253048023e-02 9.799583176558669395e-01 8.693492919174268529e-03 3.942773024280644229e-04
8.907194278909841625e-03 9.829346589881925444e-01 7.828349057871532291e-03 3.297976750260685707e-04
8.479530637742439467e-03 9.835656498638879475e-01 7.651653967148914354e-03 3.031655312206968681e-04
9.081775932082449682e-03 9.826426152616524190e-01 7.972138332274850137e-03 3.034704739903186402e-04
1.053602707919744016e-02 9.804623447846884110e-01 8.674197773380850490e-03 3.274303627330616600e-04
1.327753956495644067e-02 9.765009404434383811e-01 9.827442684597112108e-03 3.940773070082410423e-04
1.838055883830375450e-02 9.692845071584617056e-01 1.179521195484865663e-02 5.397220483858438007e-04
2.666871265333460930e-02 9.573155028126340005e-01 1.521510032558462226e-02 8.006842084468337615e-04
3.708522351075672213e-02 9.412674101659174175e-01 2.045202739293513344e-02 1.195338930390398621e-03
5.380144097436490025e-02 9.163564869732625517e-01 2.805922743413791220e-02 1.782844618234536924e-03
7.658523556803251142e-02 8.843383379358190632e-01 3.656865141222363086e-02 2.507775083924687794e-03
1.022940252378903014e-01 8.501783744467111825e-01 4.428337835254568533e-02 3.244221962852955610e-03
1.278857616469394332e-01 8.156233151433959216e-01 5.247446404533345071e-02 4.016459164331082597e-03
1.536647708804539381e-01 7.761783030885107681e-01 6.504255242912834745e-02 5.114373601906994915e-03
1.743764396038161857e-01 7.337865186599332734e-01 8.496755884042583862e-02 6.869482895825043157e-03
1.785140123058039929e-01 6.979220626019498885e-01 1.141372381062360497e-01 9.426686986010105254e-03
1.631259936218878714e-01 6.714728807477444716e-01 1.526946083877930016e-01 1.270651724257458592e-02
1.357749557487759051e-01 6.519915782810632443e-01 1.958571724402289882e-01 1.637629352993170279e-02
1.057521484955230989e-01 6.409202983893250716e-01 2.334876254009585206e-01 1.983992771419304177e-02
8.053950660996998800e-02 6.426831243565488405e-01 2.542518091668332092e-01 2.252555986664808024e-02
6.227026673843980009e-02 6.574984822268994389e-01 2.562527312446046257e-01 2.397851979005576409e-02
4.959734683655801085e-02 6.775829312627995593e-01 2.486605251376907411e-01 2.415919676295161939e-02
4.045965332556245714e-02 6.947608014681421196e-01 2.411250500402511154e-01 2.365449516604428704e-02
3.362780243995268370e-02 7.053734398027472485e-01 2.378796958264971784e-01 2.311906193080279226e-02
2.878686594986885547e-02 7.088435279673978018e-01 2.394455138558398699e-01 2.292409222689332712e-02
2.565337090250144336e-02 7.026714236080560116e-01 2.484945795412979719e-01 2.318062594814470495e-02
2.354859467266357670e-02 6.841222848889144670e-01 2.685645075158716311e-01 2.376461292255050220e-02
2.165459626560161874e-02 6.567291042483043295e-01 2.972173326335110777e-01 2.439896685258315795e-02
2.059682247086314436e-02 6.329335255971774155e-01 3.216745392102316470e-01 2.479511272172736300e-02
1.875242207972348946e-02 6.322535134948918945e-01 3.242171906976252793e-01 2.477687372775914595e-02
1.844369976257454607e-02 6.590122645833813575e-01 2.973687273098416517e-01 2.517530834420245167e-02
1.819265212685892280e-02 7.017692559459250967e-01 2.540725005460562902e-01 2.596559138115961396e-02
1.975121345508236079e-02 7.353034641579556663e-01 2.180804346564926000e-01 2.686488773046957421e-02
2.176182162581036250e-02 7.513665039706258764e-01 1.998911191589078096e-01 2.698055524465596544e-02
2.427003578273932705e-02 7.519621187661478245e-01 1.977302855335148213e-01 2.603755991759802366e-02
2.726410507651695278e-02 7.412090462541517377e-01 2.070818930960113824e-01 2.444495557331987159e-02
3.151662009741074133e-02 7.203473982707657708e-01 2.248334633158730334e-01 2.330251831595041290e-02
3.822450911882801367e-02 6.922786187180873796e-01 2.459569420492899450e-01 2.353993011379475545e-02
4.751695757771334794e-02 6.659095185404251271e-01 2.612338702116296374e-01 2.533965367023166895e-02
5.717976374052133326e-02 6.490983849286637852e-01 2.653701791509681107e-01 2.835167217984685059e-02
6.424054044792545937e-02 6.413384223287911245e-01 2.622237596678947957e-01 3.219727755538889791e-02
6.820894024844775805e-02 6.353021954607241950e-01 2.596591208643917459e-01 3.682974342643616228e-02
7.087032031010130628e-02 6.244004913276505198e-01 2.623719419982551426e-01 4.235724636399297582e-02
7.451566431094062970e-02 6.069083644519200904e-01 2.699205244594097830e-01 4.865544677772917770e-02
8.060434989520680327e-02 5.841255933604897477e-01 2.816523533515052913e-01 5.361770339279837289e-02
8.918306149127086524e-02 5.579115239393036552e-01 3.003005289921931165e-01 5.260488557723228681e-02
9.968268249514622426e-02 5.284015830419903637e-01 3.281502226273755318e-01 4.376551183548755414e-02
1.110589455532465936e-01 4.937995244700497666e-01 3.632538311216215732e-01 3.188769885508226792e-02
1.200308480941713052e-01 4.571169809235258730e-01 4.006393566469413914e-01 2.221281433536167332e-02
1.222401841380929277e-01 4.226407059998423810e-01 4.390339103329604087e-01 1.608519952910410222e-02
1.165882124840730144e-01 3.831723435923333754e-01 4.876597407708795906e-01 1.257970315271396758e-02
1.040215634579143705e-01 3.253355191458217610e-01 5.602308216919409389e-01 1.041209570432299718e-02
8.497965594286285840e-02 2.483707998189937649e-01 6.579501475284095235e-01 8.699396709734078664e-03
6.215770368339254559e-02 1.688142830037415998e-01 7.618662226144995442e-01 7.161790698366481307e-03
4.075870595921006478e-02 1.040863413534413306e-01 8.492955127230350509e-01 5.859439964313442606e-03
2.468757269373742999e-02 6.069256077312892850e-02 9.097112265442348633e-01 4.908639988898884018e-03
1.455882525125578100e-02 3.527468911835322102e-02 9.457640286762345472e-01 4.402456954156569631e-03
8.877703199820122931e-03 2.146429894630932922e-02 9.652899865212098973e-01 4.368011332661042578e-03
5.833978485283122795e-03 1.400720960055248931e-02 9.754347634960308655e-01 4.724048418133733156e-03
4.331485909205246183e-03 1.010789242338673739e-02 9.801046595513245308e-01 5.455962116083358168e-03
3.825488155960311224e-03 8.513408044280303469e-03 9.809567592558749993e-01 6.704344543884355190e-03
3.966190485430291963e-03 8.470795268394365474e-03 9.789488980032031717e-01 8.614116242972362503e-03
4.471899343208187230e-03 9.316744352459577216e-03 9.749306007883704606e-01 1.128075551596183571e-02
5.912044562545314408e-01 3.963734066183783877e-01 3.558077536396647787e-03 8.864059590693326371e-03
1.689721743580021862e-01 3.096452182021389513e-02 4.630783784976755246e-02 7.537554659720164807e-01
1.306175918345404696e-01 2.501248747779098031e-02 3.975781903592928712e-02 8.046121016517394642e-01
9.715325723968189220e-02 2.080084670924420634e-02 3.507586955986811972e-02 8.469700264912060073e-01
6.916839190867184184e-02 1.839952440698142816e-02 3.219480186590539111e-02 8.802372818184414083e-01
4.843069105122594503e-02 1.819143313391538910e-02 3.187539240572099392e-02 9.015024834091374117e-01
3.450296060278507798e-02 2.067508633019262548e-02 3.507601619464911086e-02 9.097459368723733730e-01
2.539627636758182844e-02 2.671382387285379731e-02 4.227140342100287052e-02 9.056184963385618403e-01
1.973557915659046244e-02 3.779340550602600102e-02 5.275432463110100306e-02 8.897166907062830088e-01
1.722837887444128233e-02 5.620884060900707691e-02 6.440324634075852983e-02 8.621595341757933850e-01
1.744748385187136486e-02 8.244937004297409056e-02 7.330241684424342041e-02 8.268007292609110825e-01
1.994713801428628364e-02 1.109310964926026044e-01 7.603878196230602626e-02 7.930829835308049747e-01
2.490984351719669615e-02 1.304111992837868328e-01 7.237948836181405665e-02 7.722994688372023520e-01
3.236414111873525679e-02 1.319579036313614229e-01 6.512520732176808880e-02 7.705527479281352177e-01
4.060470361651483812e-02 1.168425029135196913e-01 5.662215684455034620e-02 7.859306366254152909e-01
4.645821384611675819e-02 9.461322828514885652e-02 4.740129521706043514e-02 8.115272626516737420e-01
4.857011509133580401e-02 7.541144875053641672e-02 3.841471715567989359e-02 8.376037190024480106e-01
4.879607021723154914e-02 6.339848922956890787e-02 3.153168497443745166e-02 8.562737555787619526e-01
4.943453697224041432e-02 5.765025656834210643e-02 2.757521063876619896e-02 8.653399958206507980e-01
5.109408832241903176e-02 5.604006716564589180e-02 2.611126462983598059e-02 8.667545798820989189e-01
5.310191162969166156e-02 5.657920631900325431e-02 2.636793556891953508e-02 8.639509464823855733e-01
5.496568518470566767e-02 5.789241895669765270e-02 2.787567957535268259e-02 8.592662162832437334e-01
5.668817823820275492e-02 5.950825125794529519e-02 3.068625678312367211e-02 8.531173137207282986e-01
5.796357808287345287e-02 6.151206292914631474e-02 3.520256344036510471e-02 8.453217955476151069e-01
5.787773833166917625e-02 6.432482429390377898e-02 4.187026053999799019e-02 8.359271768344290754e-01
5.624258577336322534e-02 6.927805924472196786e-02 5.141931328049983291e-02 8.230600417014148906e-01
5.339095941720151117e-02 7.795481914895995013e-02 6.525610498428756345e-02 8.033981164495507254e-01
4.863268795582557924e-02 9.062001814156445123e-02 8.561892286846993494e-02 7.751283710341404509e-01
4.173174924662914620e-02 1.066328602178426566e-01 1.155832164269978285e-01 7.360521741085302994e-01
3.443515176235408676e-02 1.249838303982607618e-01 1.596876840388679331e-01 6.808933338005168645e-01
2.720405034089204768e-02 1.486192680587050674e-01 2.215940912098048610e-01 6.025825903905978054e-01
2.077250744312155242e-02 1.756961105093358122e-01 3.055559364788002497e-01 4.979754455687424031e-01
1.611582833011717883e-02 1.978380214910875345e-01 4.108198083066124107e-01 3.752263418721827337e-01
1.276816229485646693e-02 2.128699629049839170e-01 5.166032064724561668e-01 2.577586683277032220e-01
1.063353332413589404e-02 2.226080417174042259e-01 5.976085646746340796e-01 1.691498602838258369e-01
9.403280384734079636e-03 2.284844224552671221e-01 6.485110363179796833e-01 1.136012608420191861e-01
8.855183054471213108e-03 2.311330263487605674e-01 6.777842355538863384e-01 8.222755504288219164e-02
8.832296039699292362e-03 2.341244135601722731e-01 6.916256942641961780e-01 6.541759613593212119e-02
8.997643961536794244e-03 2.357027714161646359e-01 6.992426401893687693e-01 5.605694443293015444e-02
8.946784232595187195e-03 2.282649942614261851e-01 7.128650816829910086e-01 4.992313982298760694e-02
8.703476199544993297e-03 2.099468950789674937e-01 7.357180402501579675e-01 4.563158847132944840e-02
8.664497486473160537e-03 1.902836471453626388e-01 7.578831943498349766e-01 4.316866101832914776e-02
9.206275233766762767e-03 1.784918362575615147e-01 7.693036704419026206e-01 4.299821806676887986e-02
1.050652647673225651e-02 1.729497680964810769e-01 7.701155823064680384e-01 4.642812312031881217e-02
1.291527887509454249e-02 1.693545242242371351e-01 7.609589007538772876e-01 5.677129614679121694e-02
1.739506610309201826e-02 1.713684361605547768e-01 7.300421258737638253e-01 8.119437186258970929e-02
2.541311403872903441e-02 1.926922019745560266e-01 6.500846448779220577e-01 1.318100391087932421e-01
3.616202253424567054e-02 2.408219647955961995e-01 5.105964270490018775e-01 2.124195856211561761e-01
4.462807808636175266e-02 3.034733260877789940e-01 3.532763230391615661e-01 2.986222727866974513e-01
4.887603474644239970e-02 3.614397227885152164e-01 2.253438732411019996e-01 3.643403692239404190e-01
5.248576461201878013e-02 4.012757970806924424e-01 1.396250199434712902e-01 4.066134183638174249e-01
5.897015919784972388e-02 4.212851858003229810e-01 9.061733220040082970e-02 4.291273228014263474e-01
7.029347372697947183e-02 4.256093595173324196e-01 6.570653996605457792e-02 4.383906267896338083e-01
8.632170125508750735e-02 4.145865631611846402e-01 5.250556457551378009e-02 4.465861710082139613e-01
1.046338553829104234e-01 3.885797296515980381e-01 4.384294287929664524e-02 4.629434720861947405e-01
1.220338390186610361e-01 3.529456696680249306e-01 3.703149717830640092e-02 4.879889941350074034e-01
1.359983302447583531e-01 3.153410600116454687e-01 3.120388951850332215e-02 5.174567202250930364e-01
1.496360538996658052e-01 2.802216889995380322e-01 2.599201337052934463e-02 5.441502437302667694e-01
1.636696003035075231e-01 2.539781341136417292e-01 2.136411823148833683e-02 5.609881473513624872e-01
1.769977599292104908e-01 2.369791495591145880e-01 1.718174269109276620e-02 5.688413478205822660e-01
1.874814474452980162e-01 2.235430468942670168e-01 1.334356115324060107e-02 5.756319445071943486e-01
1.902111103170094908e-01 2.104294187693441787e-01 1.013856457368985525e-02 5.892209063399566071e-01
1.873465629613505490e-01 1.939907723340186518e-01 7.643029853595445164e-03 6.110196348510353870e-01
1.851565722082414434e-01 1.774139470880993774e-01 5.961593260773433503e-03 6.314678874428857336e-01
1.910431638944378174e-01 1.674159221270690168e-01 5.128912208127831170e-03 6.364120017703654986e-01
2.088146548527215207e-01 1.684422258396609806e-01 5.086659235840652014e-03 6.176564600717765474e-01
2.403528381129035607e-01 1.819716372199845500e-01 5.837473970887512888e-03 5.718380506962245091e-01
2.849211322672596802e-01 2.065053448320588181e-01 7.361363947434490344e-03 5.012121589532472221e-01
3.375364355169694908e-01 2.382789861083592919e-01 9.307099064020220650e-03 4.148774793106508318e-01
3.886402520941331096e-01 2.718236688711161975e-01 1.100508412894021619e-02 3.285309949058104473e-01
4.291335457334288228e-01 3.000099338984337782e-01 1.219026128577240659e-02 2.586662590823647356e-01
4.559626164734273956e-01 3.189118825650741895e-01 1.302825332427249259e-02 2.120972476372259552e-01
5.691846359161815277e-02 1.761864906832369959e-01 7.623676706201163444e-01 4.527375105028237125e-03
6.729692740655662808e-01 1.700136469016131080e-01 4.773821757100741442e-02 1.092788614618131343e-01
7.060572927314020530e-01 1.423738626000234375e-01 5.487427268313352369e-02 9.669457198544097187e-02
7.394596867377600802e-01 1.085133914244774955e-01 6.462160798820959506e-02 8.740531384955307903e-02
7.651537133882514441e-01 7.759415836290116386e-02 7.535490580710152431e-02 8.189722244174572896e-02
7.778579633276375693e-01 5.651797914467632244e-02 8.348928512558732862e-02 8.213477240209887675e-02
7.744434187881865661e-01 4.645258564314997535e-02 8.843400531238479467e-02 9.066999025627849040e-02
7.584212888622759996e-01 4.359470209813291058e-02 8.997160027436000573e-02 1.080124087652309245e-01
7.312298325945859601e-01 4.420238360652464782e-02 9.054590652314949140e-02 1.340218772757396370e-01
6.942995024696608786e-01 4.545163941917141487e-02 9.199359307736947045e-02 1.682552650337984512e-01
6.491515232479496689e-01 4.606484349873172374e-02 9.535614051717597461e-02 2.094274927361429173e-01
5.969331369165892243e-01 4.581920579415175998e-02 1.016557019564959807e-01 2.555919553327630211e-01
5.372783394840990878e-01 4.559388050242399459e-02 1.114294087037370901e-01 3.056983713097398137e-01
4.714914015250980528e-01 4.663233065512032566e-02 1.229027884659407432e-01 3.589734793538408297e-01
4.059215849809383880e-01 4.931676602911991281e-02 1.329788030223701123e-01 4.117828459675713648e-01
3.480592967129396698e-01 5.293918818559507911e-02 1.412405470722249423e-01 4.577609680292398786e-01
3.019483007628049887e-01 5.725461691229040417e-02 1.507487273422134233e-01 4.900483549826913920e-01
2.680216270088098818e-01 6.336782840294800934e-02 1.660206477613787313e-01 5.025898968268635025e-01
2.427755032705450899e-01 7.261588011405950560e-02 1.911490755405506337e-01 4.934595410748447430e-01
2.217664628821091333e-01 8.478746261205341583e-02 2.289598243611694617e-01 4.644862501446681002e-01
2.041281562014035378e-01 9.768550621852017946e-02 2.811280373815296385e-01 4.170583001985468385e-01
1.914141710390659390e-01 1.079390098810027315e-01 3.461641891028936491e-01 3.544826299770375000e-01
1.846198951130772758e-01 1.131409426321032807e-01 4.156850424138226474e-01 2.865541198409971568e-01
1.848572314382057047e-01 1.153900577740716860e-01 4.755345880264042480e-01 2.242181227613182781e-01
1.936033044459062602e-01 1.202392472439642035e-01 5.123388770557232297e-01 1.738185712544064454e-01
2.113759477596054703e-01 1.311825070228654355e-01 5.203360191101739085e-01 1.371055261073553799e-01
2.398966015520205275e-01 1.460877049982714504e-01 5.010093684146942339e-01 1.130063250350139964e-01
2.878415765792333159e-01 1.611810411191889336e-01 4.517280315644826016e-01 9.924935073709512112e-02
3.646139359565669924e-01 1.761491452083081277e-01 3.670864021997820581e-01 9.215051663534275239e-02
4.598155490130948486e-01 1.888446025434294406e-01 2.644754859800836355e-01 8.686436246339215850e-02
5.482654838263159025e-01 1.942446269079325938e-01 1.758668679845418470e-01 8.162302128120961509e-02
6.185961364209130453e-01 1.887721284834565916e-01 1.152220654206389666e-01 7.740966967499136875e-02
6.758546428704370612e-01 1.712339704652664774e-01 7.819464434828250765e-02 7.471674231601418970e-02
7.263284100930804676e-01 1.445740079260781630e-01 5.572474166824878394e-02 7.337284031259266870e-02
7.708898191820156010e-01 1.143490867016922485e-01 4.119401996161670826e-02 7.356707415467537980e-02
8.046837669886410804e-01 8.727783284224968630e-02 3.119527147065222217e-02 7.684312869845690008e-02
8.247583271938225824e-01 6.639810440659019153e-02 2.383411698857550165e-02 8.500945141101207136e-02
8.314587628790608420e-01 5.182689828134846854e-02 1.809179400959116252e-02 9.862254482999956162e-02
8.280693060658159688e-01 4.220176490827735882e-02 1.370219165563421257e-02 1.160267373702724009e-01
8.215830185531047825e-01 3.489507879043699662e-02 1.042895641332223892e-02 1.330929462431358623e-01
8.186172920819105858e-01 2.809012629559940605e-02 7.986213267425986556e-03 1.453063683550641916e-01
8.218088032580506130e-01 2.200868682397908588e-02 6.220290161088862582e-03 1.499622197568812876e-01
8.315947013073252680e-01 1.736139420402205841e-02 5.030407627072836993e-03 1.460134968615799111e-01
8.479454168920548263e-01 1.417155104618928775e-02 4.308981038177121976e-03 1.335740510235785550e-01
8.677614297395297438e-01 1.223977127155741716e-02 3.996513742302376833e-03 1.160022852466104509e-01
8.861124299144205185e-01 1.144053826025396084e-02 4.081505292095052168e-03 9.836552653323070439e-02
9.007926626092359612e-01 1.150014457333157700e-02 4.513627643859942883e-03 8.319356517357251457e-02
9.121049851820310916e-01 1.213177019882301540e-02 5.195369426628965691e-03 7.056787519251687957e-02
9.217952881535768084e-01 1.302477223854618150e-02 5.964496914867110575e-03 5.921544269301019792e-02
9.316491083303737319e-01 1.384483363502631882e-02 6.645860600753672465e-03 4.786019743384645198e-02
9.417566651024551483e-01 1.449335923546491746e-02 7.180696052405057157e-03 3.656927960967500807e-02
9.502252501415867636e-01 1.538890041657779532e-02 7.685400138421863599e-03 2.670044930341352110e-02
9.556606235878953859e-01 1.717818857475182995e-02 8.250645602939499570e-03 1.891054223441323429e-02
9.572761022665682296e-01 2.069436933278091806e-02 8.906196517300497481e-03 1.312333188335032715e-02
9.533477510351430206e-01 2.747638194374221396e-02 9.816698731323979243e-03 9.359168289790708098e-03
9.446976204574633051e-01 3.803349513391383885e-02 1.036437890818817445e-02 6.904505500434645997e-03
9.282199356416104274e-01 5.405462075109435799e-02 1.218226988578839827e-02 5.543173721506884817e-03
9.143120852255690600e-01 6.721722260692429562e-02 1.387030454318097412e-02 4.600387624325514083e-03
8.983630805564765121e-01 8.121913173178302303e-02 1.621007725595873319e-02 4.207710455781995401e-03
8.775031860877711143e-01 9.823273380269451072e-02 2.029953446506794351e-02 3.964545644466231124e-03
8.490352839054793321e-01 1.205981880531009354e-01 2.685693061844586851e-02 3.509597422973801100e-03
8.087690743252442527e-01 1.518884859222519312e-01 3.648632203510381034e-02 2.856117717399953709e-03
7.511874629599054609e-01 1.970981720237659218e-01 4.946438015066204064e-02 2.249984865666925741e-03
6.735842822710007560e-01 2.590084338455639346e-01 6.552740107605464770e-02 1.879882807380580398e-03
5.793506629391715901e-01 3.349614609742663229e-01 8.387773079680507782e-02 1.810145289756994423e-03
4.754684791503506203e-01 4.192136479092532508e-01 1.033110578150645970e-01 2.006815125331508961e-03
3.676913485491813405e-01 5.085285100699296068e-01 1.214988300362241369e-01 2.281311344664826903e-03
2.764229460983421705e-01 5.864734679338453605e-01 1.345304986419580962e-01 2.573087325854198602e-03
2.211934332627183697e-01 6.353949966803652538e-01 1.406154086268064374e-01 2.796161430110035827e-03
2.041754158550272424e-01 6.508560599709370953e-01 1.419979826151456237e-01 2.970541558890158265e-03
2.186310523449270515e-01 6.384958006752915471e-01 1.398133066085588960e-01 3.059840371222195213e-03
2.614725592986797409e-01 6.020203317728478609e-01 1.335629793050101544e-01 2.944129623462129770e-03
7.420863047422070480e-01 6.874498495252200081e-02 7.194285850047303643e-02 1.172258518047982478e-01
7.978972208556215362e-01 6.672893569388485546e-02 2.245252657827776985e-02 1.129213168722158350e-01
8.026867655641959365e-01 6.195493860730075936e-02 2.167171967760774323e-02 1.136865761508957656e-01
7.984368404736382763e-01 5.957372148087400343e-02 2.145704722201783807e-02 1.205323908234698788e-01
7.836267612880215561e-01 6.048499615945725910e-02 2.201959188870560025e-02 1.338686506638157303e-01
7.594220687160133654e-01 6.498634387881439822e-02 2.352785576918518112e-02 1.520637316359869928e-01
7.286046634558557278e-01 7.327623908371935779e-02 2.609280815500364739e-02 1.720262893054211595e-01
6.924262995901071527e-01 8.596720017768687272e-02 2.967657164194667171e-02 1.919299285902593133e-01
6.478863741242157914e-01 1.038999771343997874e-01 3.398971090635039688e-02 2.142239378350340173e-01
5.850133046481710286e-01 1.305196179949877355e-01 4.071947941968505347e-02 2.437475979371564183e-01
5.014049827028018713e-01 1.629413946663359480e-01 4.989928302855743680e-02 2.857543396023048965e-01
4.012539966082240839e-01 1.915599377374189172e-01 6.054081722338627153e-02 3.466452484309705540e-01
2.996051162003727231e-01 2.010935312843006306e-01 6.963028182009044220e-02 4.296710706952360792e-01
2.122641672654475287e-01 1.832040073840039418e-01 7.330602401635694099e-02 5.312258013341913943e-01
1.466778337880484118e-01 1.472846177067854700e-01 7.005788873518388471e-02 6.359796597699820531e-01
1.039178658236047381e-01 1.113645330123330945e-01 6.307647680226781406e-02 7.216411243617947280e-01
7.939473904899131684e-02 8.539708449118761646e-02 5.732927009468626045e-02 7.778789063651352365e-01
6.646145626847910215e-02 6.946451377041104602e-02 5.573948158740888587e-02 8.083345483737013337e-01
5.991667848011945907e-02 6.060557237883942849e-02 5.923966185723743283e-02 8.202380872838037629e-01
5.650446671327181286e-02 5.638276735225027786e-02 6.777572338692837428e-02 8.193370425475494656e-01
5.435028780412957256e-02 5.518957625152813573e-02 8.012256961606739614e-02 8.103375663282750274e-01
5.283515450029450250e-02 5.636513985586711489e-02 9.391102127088161999e-02 7.968886843729565683e-01
5.256460699767302736e-02 5.925439338442285708e-02 1.066910549383646573e-01 7.814899446795396942e-01
5.326395536367749262e-02 6.597126654029697446e-02 1.156432697932759657e-01 7.651215083027491648e-01
5.640463816615776810e-02 7.552502780642755820e-02 1.194614311227459591e-01 7.486089029046688603e-01
6.311646130416852241e-02 8.712572879010213600e-02 1.195876484489225983e-01 7.301701614568070209e-01
7.499837554556661179e-02 1.023886125078781184e-01 1.180096348126344064e-01 7.046033771339205165e-01
9.505089008057034106e-02 1.219175377210355293e-01 1.165210673598366387e-01 6.665105048385571163e-01
1.251172290214476179e-01 1.507394693019101506e-01 1.141606547921631548e-01 6.099826468844788963e-01
1.656373589385892187e-01 1.937102322068390003e-01 1.095723378168558665e-01 5.310800710377158174e-01
2.115017363154123031e-01 2.537810106395517740e-01 1.015067303207906613e-01 4.332105227242455392e-01
2.516130639011743830e-01 3.277694178102296685e-01 8.998316280676750545e-02 3.306343554818283459e-01
2.768891060768723378e-01 4.034595650581102033e-01 7.587122174067388591e-02 2.437801071243436701e-01
2.864861431940943781e-01 4.631254004016504000e-01 6.360331528321278016e-02 1.867851411210424972e-01
2.896605063338406616e-01 4.953018565715485155e-01 5.513448622983043584e-02 1.599031508647801858e-01
2.912798258640066362e-01 5.008848298746286787e-01 5.087093627954877156e-02 1.569644079818159066e-01
2.896581307032579100e-01 4.856398896018425670e-01 5.027122041167134819e-02 1.744307592832282650e-01
2.817942006859745496e-01 4.538931742472027131e-01 5.261807333094524475e-02 2.116945517358775342e-01
2.649436629494807405e-01 4.114045682823803118e-01 5.699224582928111293e-02 2.666595229388579180e-01
2.360067180523998664e-01 3.680631171077470842e-01 6.143505141265353381e-02 3.344951134271993975e-01
1.984621472403625964e-01 3.297654407200280580e-01 6.270596614830022120e-02 4.090664458913089163e-01
1.573902310581597741e-01 2.982795667757340285e-01 6.047965045104711918e-02 4.838505517150590296e-01
1.207041953402802764e-01 2.705840873377263200e-01 5.670947909905269674e-02 5.520022382229408109e-01
9.107428508069644046e-02 2.443741172477297274e-01 5.338175606723754435e-02 6.111698416043364057e-01
6.756428484881078778e-02 2.159307398453964577e-01 5.096662683348220091e-02 6.655383484723105258e-01
4.885628550237335749e-02 1.839267237572060898e-01 4.892538069222569092e-02 7.182916100481948618e-01
3.407184731827917618e-02 1.508062293800318809e-01 4.632386904622087104e-02 7.687980542554680996e-01
2.281817296879536106e-02 1.196592789040732269e-01 4.258895858522066674e-02 8.149335895419111964e-01
1.481499904731496155e-02 9.259555731428036063e-02 3.806666877207116884e-02 8.545227748663332124e-01
9.625838461984007749e-03 7.113045630609701742e-02 3.368583115447703474e-02 8.855578740774420199e-01
6.608584497696664943e-03 5.626384375540011834e-02 3.045626554179517095e-02 9.066713062051079408e-01
5.003669755992146140e-03 4.734698977219490429e-02 2.910427111490699464e-02 9.185450693569062741e-01
4.153696288787415980e-03 4.211605264655227804e-02 2.949337698220294568e-02 9.242368740824571383e-01
3.573420287736455651e-03 3.789642321698389466e-02 3.050479070016362884e-02 9.280253657951164081e-01
3.020816143537596258e-03 3.333599747527031532e-02 3.091738661746857436e-02 9.327257997637234954e-01
2.504245510326638582e-03 2.887445444124525293e-02 3.033692216407110620e-02 9.382843778843568128e-01
2.098100408221002453e-03 2.524939763435149823e-02 2.908554059421828222e-02 9.435669613632091668e-01
1.792655897136294276e-03 2.231611113389212614e-02 2.743899713567690690e-02 9.484522358332948544e-01
1.569713845958125740e-03 1.975891405387908764e-02 2.550191792934401736e-02 9.531694541708186641e-01
1.453020917436707729e-03 1.768136261158711336e-02 2.323733889134159056e-02 9.576282775796348679e-01
1.487943695042739977e-03 1.608138286732347863e-02 2.058755162682118084e-02 9.618431218108126624e-01
1.716370850215930693e-03 1.457712161728286736e-02 1.764401154447573644e-02 9.660624959880255158e-01
2.186719850298071699e-03 1.279311690575948499e-02 1.462855521751460497e-02 9.703916080264277655e-01
2.914648213081774599e-03 1.060734390302596301e-02 1.169883640285371458e-02 9.747791714810386532e-01
3.716884434661435477e-03 8.086318322521473395e-03 8.875069475932074320e-03 9.793217277668849752e-01
4.282112688366709365e-03 5.674569633684082605e-03 6.337431502607058544e-03 9.837058861753422701e-01
3.813507300449993712e-03 3.474741883802104359e-03 4.700411937652479791e-03 9.880113388780954464e-01
4.251987194123728851e-03 2.527912866914954967e-03 3.183205725041091984e-03 9.900368942139199380e-01
4.520409221039078940e-03 1.973626055241876637e-03 2.142994667723843727e-03 9.913629700559950519e-01
4.726424304009961205e-03 1.712576680094658700e-03 1.494635591212206596e-03 9.920663634246830176e-01
4.886201758359205900e-03 1.629139465675134889e-03 1.114270494238474903e-03 9.923703882817270783e-01
4.909015270189777749e-03 1.598214982801221193e-03 8.822625246960152370e-04 9.926105072223130321e-01
4.298934353372896311e-02 4.387394716625995367e-02 5.703002955849371947e-02 8.561066797415173291e-01
5.472176161752662082e-02 5.650128319212193578e-02 6.087421655298197454e-02 8.279027386373692954e-01
6.947461444985082724e-02 7.153468797571654880e-02 6.860764725028269118e-02 7.903830503241503491e-01
8.448916568696188123e-02 8.617205053344578758e-02 7.916652525819117825e-02 7.501722585214014583e-01
9.605156629347412489e-02 9.783409470665503649e-02 9.216865899938289641e-02 7.139456800004876369e-01
1.007741873890254797e-01 1.041660086440725358e-01 1.065147388424666497e-01 6.885450651244351405e-01
9.721155569949266328e-02 1.038704944271865716e-01 1.190567381094670418e-01 6.798612117638536123e-01
8.685772955847692600e-02 9.867821006290469765e-02 1.265531855104925218e-01 6.879108748681255214e-01
7.245123095548935965e-02 9.200373940745189272e-02 1.278663776914988892e-01 7.076786519455596780e-01
5.790099823974993037e-02 8.643662059216160320e-02 1.250537885541211092e-01 7.306085926139678222e-01
4.522469204996032444e-02 8.587702619282194805e-02 1.214869287711919932e-01 7.474113529860256788e-01
3.743228479824080301e-02 8.452331765503245942e-02 1.284703268473290083e-01 7.495740706993978542e-01
3.341618667431356382e-02 8.288415239635575638e-02 1.536085330132689608e-01 7.300911279160613443e-01
3.232476136502767522e-02 8.151790748791741537e-02 1.990794969554676441e-01 6.870778341915875220e-01
3.288300675750926994e-02 8.262782865206799721e-02 2.561146963512201391e-01 6.283744682392026215e-01
3.434002426935083702e-02 8.714440063397335678e-02 3.068791719603690127e-01 5.716364031363067033e-01
3.590800868613041458e-02 9.426201833578574940e-02 3.385021699739779732e-01 5.313278030041062028e-01
3.696372054920429862e-02 1.029544479018106168e-01 3.512534540263392846e-01 5.088283775226460914e-01
3.724911688862846820e-02 1.129539644444750995e-01 3.511067600593757998e-01 4.986901586075204729e-01
3.631169307113534667e-02 1.239153407167379872e-01 3.436605473453625548e-01 4.961124188667637158e-01
3.443431783771799121e-02 1.352746267329029695e-01 3.324141384740822991e-01 4.978769169552966778e-01
3.271833818677864769e-02 1.457646593652314471e-01 3.201728789976092115e-01 5.013441234503810406e-01
3.206613367178964141e-02 1.522426693997994684e-01 3.113694535224281745e-01 5.043217434059825699e-01
9.669065239279366342e-01 9.471033223267968579e-03 1.537171224146416902e-02 8.250730607331262928e-03
9.709117700862889278e-01 7.955733571206248522e-03 1.498658551569895768e-02 6.145910826805791455e-03
9.723259649563384954e-01 7.105294173284737967e-03 1.580481580602198163e-02 4.763925064354953241e-03
9.711648349526771362e-01 6.817973537557470501e-03 1.811333025164134705e-02 3.903861258124158122e-03
9.666615383603115452e-01 7.162838268717274491e-03 2.267641629463025554e-02 3.499207076340854917e-03
9.577375857987232566e-01 8.233914500065614081e-03 3.049090497346015893e-02 3.537594727751174235e-03
9.440047495111687503e-01 1.004479761670232056e-02 4.188941274065506593e-02 4.061040131473748691e-03
9.272664603871765276e-01 1.226440040264189374e-02 5.533074259722174648e-02 5.138396612959991727e-03
9.109971977416765343e-01 1.420912850738925877e-02 6.779561753599101792e-02 6.998056214943246256e-03
8.972622689970641829e-01 1.533649383300096820e-02 7.706172531857903574e-02 1.033951185135569342e-02
8.846482690101680202e-01 1.609990405955449844e-02 8.236176091793943888e-02 1.689006601233820556e-02
8.682981042918941350e-01 1.790420745566194405e-02 8.343348421429022665e-02 3.036420403815376021e-02
8.393553668583298988e-01 2.142329627715905752e-02 8.047313920088219885e-02 5.874819766362907730e-02
7.771800520790013156e-01 2.670069196659234298e-02 7.328639944234484338e-02 1.228328565120617583e-01
6.501610221658897792e-01 3.256878420954446157e-02 6.267005027370625703e-02 2.546001433508597867e-01
4.698394641906971647e-01 3.531801259336473514e-02 4.691803213591443783e-02 4.479244910800236346e-01
3.035932159461226520e-01 3.350590668648349008e-02 3.081434310604211010e-02 6.320865342613519733e-01
1.966713561316862924e-01 2.960346027362336860e-02 1.957534413789606062e-02 7.541498394567942576e-01
1.406689131161373563e-01 2.588381885055849110e-02 1.324379558118021771e-02 8.202034724521241049e-01
1.116377137287823673e-01 2.265521961438120638e-02 9.672499730918075397e-03 8.560345669259183943e-01
9.246818372779315454e-02 1.891938274203477585e-02 7.115567596204275778e-03 8.814968659339675883e-01
7.569558567690091999e-02 1.640606237931253181e-02 5.532812365523609444e-03 9.023655395782627098e-01
6.174911172433380363e-02 1.487493821775590259e-02 4.618797165056739117e-03 9.187571528928537568e-01
5.216595669865882468e-02 1.472223366421575481e-02 4.339951464196535255e-03 9.287718581729288436e-01
4.624364539646689393e-02 1.563110830732597836e-02 4.516924701658143332e-03 9.336083215945487623e-01
4.342960658469119384e-02 1.761663628645190188e-02 5.100495295718490522e-03 9.338532618331383262e-01
4.416002136950709228e-02 2.153227517267807672e-02 6.266822615130943595e-03 9.280408808426838796e-01
4.916405107297035226e-02 2.885278553333529492e-02 8.393878749393717670e-03 9.135892846443004478e-01
6.006736352347929325e-02 3.943198659732615602e-02 1.166616793299080600e-02 8.888344819462039581e-01
7.346968173649724709e-02 5.513739807036437818e-02 1.744812969603755023e-02 8.539447904971010361e-01
8.965506406552639640e-02 7.505598243547424719e-02 2.731707715400358283e-02 8.079718763449954544e-01
1.074023877245848663e-01 9.885264279432252887e-02 4.405435588601231550e-02 7.496906135950802685e-01
1.226896911712057753e-01 1.260030603443259012e-01 7.037117049814900493e-02 6.809360779863190549e-01
1.313961632540459612e-01 1.555123386100777660e-01 1.076091481251210957e-01 6.054823500107547884e-01
1.331102216964760721e-01 1.848308213753707407e-01 1.553985034722621672e-01 5.266604534558909645e-01
1.312507514557935406e-01 2.095431503118294347e-01 2.123420793597729783e-01 4.468640188726039075e-01
1.286711651199867745e-01 2.257567577296976657e-01 2.774076011461183988e-01 3.681644760041972164e-01
1.258089566271823612e-01 2.328063426665787361e-01 3.485491493476224334e-01 2.928355513586163306e-01
1.227094007592992725e-01 2.322068789907653918e-01 4.190713314215422369e-01 2.260123888283930571e-01
1.188532308155257483e-01 2.261135121278646243e-01 4.814650379694582205e-01 1.735682190871514208e-01
1.162282379395124104e-01 2.142928580698133800e-01 5.330749263772955882e-01 1.364039776133786352e-01
1.131393004104547795e-01 1.977690744363101716e-01 5.790801619804091249e-01 1.100114631728259934e-01
1.069941699290807985e-01 1.786104170565967209e-01 6.249585771593150207e-01 8.943683585500752931e-02
9.630630548114356426e-02 1.614675260391258138e-01 6.702423824811519770e-01 7.198378599857865878e-02
8.253784915781028908e-02 1.536452248595892578e-01 7.063831867564543954e-01 5.743373922614588428e-02
6.836628824370080681e-02 1.597813505612387108e-01 7.261020710809483747e-01 4.575029011411205215e-02
5.382595810448467105e-02 1.813880467864133483e-01 7.282889533827761053e-01 3.649704172632574350e-02
4.208732014076110861e-02 2.148415556503000257e-01 7.132936662493594149e-01 2.977745795957959310e-02
3.406722455819882756e-02 2.536670026314236104e-01 6.866656673651136966e-01 2.560010544526358789e-02
2.951217916692447027e-02 2.907119107137390857e-01 6.557016188366129317e-01 2.407429128272331464e-02
2.779009398300928690e-02 3.224408999407449850e-01 6.243452867263575845e-01 2.542371934988800486e-02
2.817217995482809711e-02 3.478149900556531948e-01 5.940483052193473723e-01 2.996452477017116575e-02
2.953005002013333116e-02 3.621769444481615086e-01 5.703459898273822715e-01 3.794701570432320453e-02
3.031914603499055727e-02 3.600312307535617484e-01 5.601703827880355480e-01 4.947924042341197287e-02
2.941305235304902260e-02 3.398941514089284799e-01 5.660054245653668437e-01 6.468737167265579957e-02
2.697905649020322302e-02 3.036896030751817244e-01 5.850921749896152990e-01 8.423916544499969461e-02
2.411524734082624855e-02 2.577516537582543177e-01 6.074841956022219991e-01 1.106489032986973237e-01
2.174080863452197351e-02 2.112038591009095800e-01 6.172547920772190055e-01 1.498005401873496456e-01
2.047368691216826936e-02 1.730789098947675964e-01 5.960492032465601886e-01 2.103981999465040498e-01
2.009731645688576582e-02 1.438063044426889925e-01 5.410330064899567803e-01 2.950633726104688881e-01
2.018110499506121230e-02 1.198565909691638454e-01 4.642397422337313784e-01 3.957225618020436264e-01
2.072784952689988788e-02 1.006839754096424677e-01 3.827160701601323156e-01 4.958721049033257278e-01
2.202054223381462450e-02 8.767755469680231506e-02 3.131398345336499633e-01 5.771620685357332636e-01
2.426246520345193627e-02 8.195730285601815490e-02 2.654671704368113394e-01 6.283130615037183508e-01
2.747434230238234368e-02 8.341076902448282815e-02 2.413493318182008684e-01 6.477655568549337550e-01
3.152439730070515783e-02 9.099770599681118732e-02 2.375902284220326732e-01 6.398876682804510718e-01
3.628288373853119642e-02 1.035795844534423416e-01 2.497228953804776497e-01 6.104146364275488956e-01
4.214274085330969172e-02 1.203903347538956975e-01 2.740693947361920180e-01 5.633975296566023916e-01
5.051110750149551826e-02 1.406002244930329437e-01 3.082737486494555590e-01 5.006149193560158750e-01
6.381142170466025387e-02 1.630464048318643056e-01 3.491937924943958604e-01 4.239483809690798854e-01
8.393665897504122564e-02 1.875440056584982695e-01 3.911064449511510444e-01 3.374128904153096964e-01
1.106907336507643447e-01 2.155219783348664708e-01 4.245418138243982065e-01 2.492454741899709780e-01
1.413976268873198827e-01 2.465683987049193393e-01 4.399445444781585057e-01 1.720894299296023000e-01
1.705381474710419010e-01 2.792460300843277454e-01 4.363632182446187668e-01 1.138526042000117117e-01
1.959139113425848178e-01 3.128872384351618630e-01 4.167501809664363455e-01 7.444866925581682116e-02
2.134091309054040597e-01 3.492892434777804533e-01 3.880063214318364984e-01 4.929530418497913430e-02
2.191331351887901568e-01 3.910765625254333244e-01 3.561702627766081264e-01 3.362003950916845479e-02
2.177131949706781477e-01 4.382490918549340475e-01 3.200501789410423181e-01 2.398753423334561499e-02
2.125842296441270152e-01 4.961768150068885386e-01 2.729552567244893369e-01 1.828369862449513369e-02
2.038286613279100545e-01 5.661120216477018019e-01 2.149213489856028059e-01 1.513796803878518331e-02
1.893955100510848200e-01 6.377805841204351456e-01 1.594168905326022179e-01 1.340701529587823466e-02
1.749534037764660377e-01 6.925958993257964602e-01 1.198690919866427923e-01 1.258160491109482429e-02
1.650667832836446858e-01 7.271739370752900999e-01 9.543462477472174077e-02 1.232465486634371638e-02
1.630278524161587195e-01 7.425484500666830190e-01 8.196549929696742010e-02 1.245819822019075471e-02
1.714936004248062140e-01 7.382385986464955474e-01 7.700936549287339117e-02 1.325843543582454556e-02
1.904106413944098575e-01 7.147402807411944448e-01 7.948669047201654958e-02 1.536238739237910308e-02
2.140197362738975317e-01 6.785347105687589142e-01 8.805360949396122405e-02 1.939194366338241673e-02
2.342166248659952321e-01 6.396500996033473996e-01 9.997607095554644774e-02 2.615720457511075403e-02
2.452177483997787233e-01 6.062306769751546476e-01 1.114310234482589756e-01 3.712055117680742450e-02
