7.408249392694455943e-04 3.226994292364584321e-02 9.585794518807970732e-01 8.409780256287566202e-03
6.157836810629190721e-02 4.018414872698963802e-01 5.627509082465878554e-02 4.803050537991528923e-01
6.266257708150414774e-02 3.853105415532733780e-01 5.658326937008857638e-02 4.954436119951340922e-01
6.322950753436953897e-02 3.661883111356082354e-01 5.596834375873611933e-02 5.146138375712858704e-01
6.476841339889888305e-02 3.545252823518464935e-01 5.559892158904786164e-02 5.251073826602068451e-01
6.951913956077493406e-02 3.563129204350649060e-01 5.777220026354253080e-02 5.163957397406175875e-01
7.902657549484991273e-02 3.704633094943446947e-01 6.392992658809364126e-02 4.865801884227119456e-01
9.229849333535453115e-02 3.918889037830626254e-01 7.303017111697004959e-02 4.427824317646126828e-01
1.067363440568823291e-01 4.194813895135449111e-01 8.255738102308890491e-02 3.912248854064841463e-01
1.209198883748298370e-01 4.564270416683693377e-01 9.042832146860750597e-02 3.322247484881933333e-01
1.358540792857116375e-01 5.005212768827181913e-01 9.609664659465605441e-02 2.675279972369141168e-01
1.537278568412203117e-01 5.450325241660236575e-01 9.749753035189467898e-02 2.037420886408611020e-01
1.797889903267158029e-01 5.748379414515496499e-01 9.768612462026167453e-02 1.476869436014725256e-01
2.189170650343670588e-01 5.824400692120745848e-01 9.622242219421517362e-02 1.024204435593431550e-01
2.753349110129404975e-01 5.647807635409137772e-01 9.204107193851690516e-02 6.784325350762883400e-02
3.520637621807166107e-01 5.218392472157077355e-01 8.354377884583059910e-02 4.255321175774484654e-02
4.512061952231987139e-01 4.538511486865365874e-01 7.003511092565820051e-02 2.490754516460651560e-02
5.700025833466828562e-01 3.634845773975503014e-01 5.324005834088818556e-02 1.327278091487864645e-02
7.000784988110346774e-01 2.569643493496386877e-01 3.663751068364412555e-02 6.319641155682247449e-03
8.153545498085257304e-01 1.580606002635119023e-01 2.373244259207793819e-02 2.852407335884398799e-03
8.950834492434309730e-01 8.835053585410133914e-02 1.523342424491930594e-02 1.332590657548383180e-03
9.415679031449778469e-01 4.790558634280734501e-02 9.872539016301145817e-03 6.539714959136711751e-04
9.666957298854145231e-01 2.645146357268932449e-02 6.522207391136567063e-03 3.305991507595189066e-04
9.804901348889086821e-01 1.499058082518256799e-02 4.350933794603085991e-03 1.683504913056391020e-04
9.875630838258824262e-01 9.289619813116814159e-03 3.058345244048559647e-03 8.895111695214781827e-05
9.910165585960188928e-01 6.574991617547945588e-03 2.357435684975340943e-03 5.101410145777870504e-05
9.926203184553107350e-01 5.312508798172746287e-03 2.035104547818386393e-03 3.206819869818405773e-05
9.933251898629427146e-01 4.693884772427997162e-03 1.959396100697603435e-03 2.152926393170721532e-05
9.933137741850029956e-01 4.513360539051648919e-03 2.156599870847156035e-03 1.626540509796305223e-05
9.925466852701669840e-01 4.677763288234003218e-03 2.760924059992959055e-03 1.462738160628542416e-05
9.909755150928355460e-01 5.011087080772345416e-03 3.997673276470549777e-03 1.572454992155790683e-05
9.871672527807109354e-01 6.393792569756921902e-03 6.418321852937171682e-03 2.063279659492884635e-05
9.827334031409329373e-01 6.857355553469503609e-03 1.037913216365913584e-02 3.010914193820228983e-05
9.748618074758440555e-01 7.426921323438963503e-03 1.766334213603841866e-02 4.792906467854457178e-05
9.603256590686573002e-01 8.178338911571386358e-03 3.141961188427691565e-02 7.639013549429956933e-05
9.331446007359611716e-01 9.001672256512041267e-03 5.774020397337759763e-02 1.135230341493394067e-04
8.833256991218974008e-01 9.811356183166501307e-03 1.067091110943512028e-01 1.538336005849146482e-04
8.045027933441016854e-01 1.048635055484609113e-02 1.848185813376144460e-01 1.922747634376909497e-04
7.119366695244312426e-01 1.085285840662608171e-02 2.769814112863044908e-01 2.290607826380759889e-04
6.401745715214514076e-01 1.078633595218263241e-02 3.487709572938386127e-01 2.681352325275584807e-04
6.100066722380184103e-01 1.028513979161299954e-02 3.794016019544206864e-01 3.065860159478208855e-04
6.112387526132193605e-01 9.725802789621948094e-03 3.786726861785023046e-01 3.627584186563624787e-04
6.231728412966599517e-01 9.663004297954570082e-03 3.666775547204615959e-01 4.865996849237853254e-04
6.383165506644129517e-01 1.021675975238462396e-02 3.507511220218463288e-01 7.155675613558650731e-04
6.576640001320157580e-01 1.132489792364898933e-02 3.299435439838463435e-01 1.067557960489032070e-03
6.799521580981632285e-01 1.304801766554290754e-02 3.054325565841076173e-01 1.567267652186058640e-03
7.006888366837079607e-01 1.544253032773294440e-02 2.816383529882797165e-01 2.230280000279328927e-03
7.159384841806136768e-01 1.846822279926757862e-02 2.625524855943429658e-01 3.040807425775634339e-03
7.245383330843749858e-01 2.205687333271060674e-02 2.494060342078783798e-01 3.998759375036037983e-03
7.283704933443581053e-01 2.612255653433422781e-02 2.403638359963025661e-01 5.143114125004986242e-03
7.299287827650389193e-01 3.068809990975744986e-02 2.328138468414815421e-01 6.569270483721984660e-03
7.294751108288822783e-01 3.559980315282265662e-02 2.266175685743168078e-01 8.307517443978458538e-03
7.264483526545554293e-01 4.045667002606010559e-02 2.228835637825876681e-01 1.021141353679658886e-02
7.215125288808879045e-01 4.474666284434550279e-02 2.217772246045788820e-01 1.196358367018768472e-02
7.158769530852012730e-01 4.809346576342366647e-02 2.228636242528418687e-01 1.316595689853314148e-02
7.106902103232194401e-01 5.086230167169010496e-02 2.249428192573610652e-01 1.350466874772936719e-02
7.066934225691636762e-01 5.394935953770729764e-02 2.264748937656347882e-01 1.288232412749416682e-02
7.013775714968899511e-01 5.786311969823171308e-02 2.292583698357971989e-01 1.150093896908126537e-02
6.882275697459189212e-01 6.314010839268612008e-02 2.387056866359342222e-01 9.926635225460776410e-03
6.609804036965868379e-01 7.045214918786954494e-02 2.600105407146312553e-01 8.556906400912308100e-03
6.159635076889782290e-01 7.956839132875417886e-02 2.971164969679719325e-01 7.351604014295767126e-03
5.516321212070541824e-01 8.842557948577169091e-02 3.537677257792160024e-01 6.174573527958204973e-03
4.693601056433395202e-01 9.417560366692949436e-02 4.314659544995725904e-01 4.998336190158258856e-03
3.788472936525458801e-01 9.228547081331132940e-02 5.249240089066532500e-01 3.943226627489593468e-03
2.928918145231787507e-01 8.424373687763292429e-02 6.197925485939446144e-01 3.071900005243852899e-03
2.185376819839491835e-01 7.302064726532511707e-02 7.060126096560696007e-01 2.429061094656087810e-03
1.579691065358889701e-01 6.354470194540672023e-02 7.765959387411003334e-01 1.890252777603983409e-03
1.113514993172889933e-01 5.454813300895156730e-02 8.326437316785298970e-01 1.456635995229688335e-03
7.882462819770311158e-02 4.539396002888623771e-02 8.746679892611610718e-01 1.113422512249437292e-03
5.626964473082920332e-02 3.929536938489326670e-02 9.035503617323236147e-01 8.846241519538130095e-04
4.060152112846258238e-02 3.513442042657120151e-02 9.235240619458697786e-01 7.399964990965067794e-04
2.925776747614186601e-02 3.168671372332493297e-02 9.384005520521324639e-01 6.549667484005944167e-04
3.780939649126440188e-03 3.943409592586022937e-03 9.914038012417059065e-01 8.718495165818636100e-04
3.025730364385710927e-02 5.866193109081692114e-01 9.285475295106145749e-03 3.738379101528674919e-01
2.690258246114163657e-02 5.612455201633828050e-01 9.212847604419351077e-03 4.026390497710563565e-01
2.357974740854484885e-02 5.312019034098640624e-01 9.445860944857751434e-03 4.357724882367330355e-01
2.089363437781794133e-02 4.924275154101873664e-01 9.884146803055098018e-03 4.767947034089392022e-01
1.914778478524432892e-02 4.407796507467672820e-01 1.048283586715745806e-02 5.295897286008306448e-01
1.826161674371467800e-02 3.847712930966487588e-01 1.133915801790278538e-02 5.856279321417338091e-01
1.787272061469937293e-02 3.392211418966535330e-01 1.262338929872507468e-02 6.302827481899219153e-01
1.759424393990772009e-02 3.107441833699561284e-01 1.438293603287116827e-02 6.572786366572651584e-01
1.742492055864660119e-02 2.979934173204846215e-01 1.649580052692032131e-02 6.680858615939482270e-01
1.772094242754528037e-02 2.992988141125497159e-01 1.874574274693385084e-02 6.642345007129711876e-01
1.865578057815753601e-02 3.114615650642221789e-01 2.079162820067484777e-02 6.490910261569452500e-01
2.009011828579999187e-02 3.305706337720141774e-01 2.238300978425868115e-02 6.269562381579271149e-01
2.165024756937858341e-02 3.606402494527624070e-01 2.369402355147742778e-02 5.940154794263815541e-01
2.315427780959859044e-02 4.103048957042702005e-01 2.511726998407762951e-02 5.414235565020535379e-01
2.519808348287655084e-02 4.794741289018335517e-01 2.692969069218513131e-02 4.683980969231050229e-01
2.824658469347546622e-02 5.574962445205529082e-01 2.883816366951008625e-02 3.854190071164612652e-01
3.192641119751367385e-02 6.330464782461244777e-01 3.026794694550791545e-02 3.047591636108538116e-01
3.578166142201056471e-02 6.988323234327865618e-01 3.149694768900494768e-02 2.338890674561981964e-01
3.991524101237522992e-02 7.515025649612877556e-01 3.350197540966469434e-02 1.750802186166721952e-01
4.490802455365541790e-02 7.895473627875649880e-01 3.732467635208025492e-02 1.282199363066992837e-01
5.155380425423201907e-02 8.104892832136860736e-01 4.423945952988880825e-02 9.371745300219321007e-02
6.149886185424805612e-02 8.109918441874414130e-01 5.609570806122780862e-02 7.141358589708303450e-02
7.686588576413175278e-02 7.898320826775032666e-01 7.505823246060909504e-02 5.824379909775582315e-02
9.857481734419459851e-02 7.479061234416674031e-01 1.037513868686530810e-01 4.976767234548494512e-02
1.249075081065016274e-01 6.875569365915414899e-01 1.441904052758558874e-01 4.334515002610096757e-02
1.508351268322379313e-01 6.170133818292737882e-01 1.942296368543581508e-01 3.792185448413024074e-02
1.716948390692848159e-01 5.472344675719342799e-01 2.482077241708811055e-01 3.286296918789958360e-02
1.872384437233917953e-01 4.851856278539540823e-01 2.993280733477335920e-01 2.824785507492074896e-02
1.991439717916888008e-01 4.350767751746690837e-01 3.413108826934320716e-01 2.446837034021010979e-02
2.064153342366813193e-01 4.000433581740135969e-01 3.720708845280442656e-01 2.147042306126085986e-02
2.141304169996629259e-01 3.758868848148810837e-01 3.907175402732506186e-01 1.926515791220533361e-02
2.262142499572891985e-01 3.607326522771449606e-01 3.950388085081997236e-01 1.801428925736629424e-02
2.466200331323636363e-01 3.524039213637521484e-01 3.829789142533492896e-01 1.799713125053482160e-02
2.727335855214055860e-01 3.468285408904815403e-01 3.610258657304665775e-01 1.941200785764648010e-02
2.915686486711218661e-01 3.400027233787021319e-01 3.466268204744011872e-01 2.180180747577498482e-02
2.984708319797254594e-01 3.236452310717862213e-01 3.537725064599617220e-01 2.411143048852654527e-02
2.920828189682296294e-01 2.984079509383378848e-01 3.837377423185002190e-01 2.577148777493229112e-02
2.732578795827091400e-01 2.700676901007078579e-01 4.297666031852376278e-01 2.690782713134542981e-02
2.439211275854414884e-01 2.446501935734095856e-01 4.835884265792666503e-01 2.784025226188224789e-02
2.052478557705291196e-01 2.269727108321096531e-01 5.391628684194544885e-01 2.861656497790659309e-02
1.635558514285045950e-01 2.173294998426111568e-01 5.896560193248852055e-01 2.945862940399942773e-02
1.234527908118287776e-01 2.243052487342645784e-01 6.206757621817343695e-01 3.156619827217224672e-02
9.264688315476755920e-02 2.625482592778973223e-01 6.064913617483771446e-01 3.831349581895798773e-02
7.412921483165521574e-02 3.444230507186741841e-01 5.266613087408394955e-01 5.478642570883100749e-02
6.202443824992066174e-02 4.534638855606959451e-01 4.013510985752581917e-01 8.316057761412530558e-02
5.230977314419937851e-02 5.492757737939089058e-01 2.777406805276379509e-01 1.206737725342536538e-01
4.408861122405173527e-02 6.068158333347575262e-01 1.861894481188784423e-01 1.629061073223123934e-01
3.542688701630077736e-02 6.381034388837384386e-01 1.253620237309358565e-01 2.011076503690252537e-01
2.700061463862079431e-02 6.626426866944575833e-01 8.763274291945381822e-02 2.227239557474675891e-01
1.858902076594207836e-02 6.967605755723236260e-01 6.264999001856978722e-02 2.220004136431643627e-01
1.166139535114054521e-02 7.383871258406303761e-01 4.701278340927523419e-02 2.029386953989537890e-01
6.651550295069357834e-03 7.843703954386214150e-01 3.949466873214405732e-02 1.694833855341651985e-01
4.033607153674713397e-03 8.295134259507488395e-01 3.970654691093125632e-02 1.267464199846451978e-01
2.802865724799798609e-03 8.598643582471955371e-01 4.976538017852406154e-02 8.756739584948076971e-02
2.379392250884763624e-03 8.606905729820104600e-01 7.612642957399892718e-02 6.080360519310597928e-02
2.389127520511563109e-03 8.231473113772763694e-01 1.290274736490934215e-01 4.543608745311851493e-02
3.059789595354096576e-03 7.484976032180825634e-01 2.130718675993702182e-01 3.537073958719332695e-02
3.155423843946372937e-03 6.535812724124259177e-01 3.170196490148750601e-01 2.624365472875243160e-02
3.378821036971017995e-03 5.550625647237444893e-01 4.235481294195306834e-01 1.801048481975351875e-02
3.268050125431032956e-03 4.654025460170226891e-01 5.195191617498891024e-01 1.181024210765692535e-02
2.879732059296333767e-03 3.907708776744434065e-01 5.985324082543312940e-01 7.816982011929088023e-03
2.471254937103049224e-03 3.343546680912392044e-01 6.574720756739282912e-01 5.702001297729557966e-03
2.267628224827022716e-03 3.017630770860871836e-01 6.909098110876902288e-01 5.059483601395645992e-03
2.337399883423480190e-03 2.970706449222588197e-01 6.949623941525487902e-01 5.629561041768564242e-03
2.683470566929660201e-03 3.192479997989917662e-01 6.706254229075413464e-01 7.443106726537201609e-03
3.337763685447425049e-03 3.654699640184488896e-01 6.202696381024497274e-01 1.092263419365408113e-02
4.268216446812763028e-03 4.314800574610074824e-01 5.473807627921841723e-01 1.687096329999558664e-02
5.308505827231167068e-03 5.144140892331081627e-01 4.535695021715347997e-01 2.670790276812577690e-02
6.020345316898886336e-03 6.144707612139804764e-01 3.383324120833979820e-01 4.117648138572246874e-02
5.940303110053626011e-03 7.229318551824186478e-01 2.148166781025483141e-01 5.631116360497934875e-02
4.621671391595080954e-03 8.112971446238244067e-01 1.171162817682060153e-01 6.696490221637454998e-02
8.789266422978720961e-01 4.774404074249106317e-02 6.160492958461204205e-02 1.172438737502444310e-02
1.337763308739107759e-01 5.617180932792567027e-01 3.871667947338368332e-02 2.657888963734484911e-01
1.121064709917975188e-01 5.899283267425300403e-01 3.280872808231349164e-02 2.651564741833587480e-01
9.262142288226926645e-02 6.157923673996572589e-01 2.800516610504708362e-02 2.635810436130263112e-01
7.626322265809018508e-02 6.375795069705362250e-01 2.439922832476284012e-02 2.617580420466109614e-01
6.291304685019555309e-02 6.553488348020810594e-01 2.177992153543995696e-02 2.599581968122834374e-01
5.233239848995854815e-02 6.706426971681084259e-01 1.993587986807902196e-02 2.570890244738542330e-01
4.494450579378948124e-02 6.834849420771668127e-01 1.894176324281188206e-02 2.526287888862318032e-01
4.099912212338824302e-02 6.938056116597419720e-01 1.888881213212191545e-02 2.463064540847475226e-01
3.949140124386203710e-02 7.052089192589222622e-01 1.946487614279331091e-02 2.358348033544222788e-01
3.914835770842791524e-02 7.201134064656440348e-01 2.033758631698127234e-02 2.204006495089465556e-01
3.989187991654745413e-02 7.339167134420292449e-01 2.177018894165969748e-02 2.044212176997633745e-01
4.142280775141690685e-02 7.423217636328529601e-01 2.399454554031018108e-02 1.922608830754199138e-01
4.237796523477492527e-02 7.475376475747983473e-01 2.658571232968121728e-02 1.834986748607456974e-01
4.263413152176245835e-02 7.519081654156288819e-01 2.932368297942313656e-02 1.761340200831854885e-01
4.345347606603369023e-02 7.563713167917970326e-01 3.256733909063974641e-02 1.676078680515299124e-01
4.644728495120428735e-02 7.597825533831457090e-01 3.705168687918120041e-02 1.567184747864688588e-01
5.321074896319428343e-02 7.578248390928974398e-01 4.380101347954894198e-02 1.451633984643589115e-01
6.353793183334413563e-02 7.503838147862310626e-01 5.294591449493326468e-02 1.331323388854918910e-01
7.591081571624677671e-02 7.411877964886530723e-01 6.379869251468504865e-02 1.191026952804148664e-01
8.914060495255790584e-02 7.326264636594439494e-01 7.557613810402714905e-02 1.026567932839710928e-01
1.033425120029939498e-01 7.237811623398781036e-01 8.740864604824305495e-02 8.546767960888478066e-02
1.192953658351728202e-01 7.136991873299408651e-01 9.788419274388623914e-02 6.912125409100003393e-02
1.380903169239398043e-01 7.014601772524181600e-01 1.056818738931979140e-01 5.476763193044438538e-02
1.608096358850383822e-01 6.851779213031641280e-01 1.109645492109046644e-01 4.304789360089258943e-02
1.882023956500361583e-01 6.631013366634456174e-01 1.146801272765570617e-01 3.401614040996141231e-02
2.205399800313042058e-01 6.358450372643363879e-01 1.164553508571686269e-01 2.715963184719035958e-02
2.591866980988237201e-01 6.038454421671067829e-01 1.153080977598786167e-01 2.165976197419078320e-02
3.091899005488702445e-01 5.631131214520814776e-01 1.105735541296238578e-01 1.712342386942445824e-02
3.771698942602339510e-01 5.068358437970140740e-01 1.025786981530889957e-01 1.341556378966296884e-02
4.522327638623030444e-01 4.438765143315394068e-01 9.344393853808009853e-02 1.044678326807736875e-02
5.189931708908975816e-01 3.840929934635231024e-01 8.871619677984643459e-02 8.197638865732884833e-03
5.700786393861297929e-01 3.331068417361344736e-01 9.053199185585110442e-02 6.282527021884694134e-03
6.083969342152513171e-01 2.881984305849257799e-01 9.872187763908246705e-02 4.682757560740267652e-03
6.359413740737641652e-01 2.478149592021097747e-01 1.127619743156450943e-01 3.481692408480879970e-03
6.540933983997775369e-01 2.115590801779233254e-01 1.316976889077214607e-01 2.649832514577350751e-03
6.666023160271155046e-01 1.770049989081355635e-01 1.542711238715750721e-01 2.121561193173712809e-03
6.683676899482077216e-01 1.488686359956490624e-01 1.809293015059673104e-01 1.834372550175603338e-03
6.611041531305396068e-01 1.267503112565900869e-01 2.104483305164928653e-01 1.697205096377203551e-03
6.464984064646753792e-01 1.121187231523960159e-01 2.396842566733561053e-01 1.698613709572824402e-03
6.240091694376859177e-01 1.078821744438704100e-01 2.661752240544291714e-01 1.933432064014740676e-03
5.949732301896419884e-01 1.133665295410794804e-01 2.891649195936313310e-01 2.495320675647267391e-03
5.642091718829740365e-01 1.254413976392650398e-01 3.069768807476817019e-01 3.372549730079162783e-03
5.453449374450047848e-01 1.359746409486246033e-01 3.144161826200398413e-01 4.264238986330497368e-03
5.415284416438107540e-01 1.442917595568660449e-01 3.091946473525996608e-01 4.985151446723747569e-03
5.441322989384180797e-01 1.530167006801048946e-01 2.972663365055915885e-01 5.584663875885714779e-03
5.392486419669332287e-01 1.659739662409622507e-01 2.884785471691286851e-01 6.298844622975450364e-03
5.195873469019611779e-01 1.856893837257127255e-01 2.874326631993791015e-01 7.290606172946946517e-03
4.874852212536471274e-01 2.135376197469275594e-01 2.903443972410710838e-01 8.632761758354347281e-03
4.498440145363428733e-01 2.485605274533592146e-01 2.911017225002195397e-01 1.049373551007846961e-02
4.137179401268997192e-01 2.860418350846140045e-01 2.868231869870997430e-01 1.341703780138657140e-02
3.827844207234596952e-01 3.196189266389625194e-01 2.792154114165191769e-01 1.838124122105897970e-02
3.558566081266077430e-01 3.458726689770049711e-01 2.719204529990081332e-01 2.635026989737909026e-02
3.312039496169505992e-01 3.650310151501344746e-01 2.667123456468325493e-01 3.705268958608198132e-02
3.098827649325459621e-01 3.812816893651018724e-01 2.606443568502691543e-01 4.819118885208309444e-02
2.937546287107537513e-01 4.007190202100745502e-01 2.496621689808888045e-01 5.586418209828280385e-02
2.832652141470632934e-01 4.264821046545844152e-01 2.339243439146936332e-01 5.632833728365863740e-02
2.840363467648641116e-01 4.484018943802986490e-01 2.177199789095601301e-01 4.984177994527703298e-02
2.895184824196436746e-01 4.630755160154364503e-01 2.068878058722686819e-01 4.051819569265119325e-02
2.931764932048823713e-01 4.699269360149876951e-01 2.046971096202564733e-01 3.219946115987354363e-02
2.933425493622525138e-01 4.708508198342237772e-01 2.096416054931153905e-01 2.616502531040798898e-02
2.884558534835364174e-01 4.710280693321559076e-01 2.182267128922243671e-01 2.228936429208326978e-02
2.838243078006422726e-01 4.702344526509150691e-01 2.260157127783161968e-01 1.992552677012634707e-02
2.836150579449973619e-01 4.671199985382446518e-01 2.309588501348137368e-01 1.830609338194439870e-02
2.916274009355760422e-01 4.590087345654979001e-01 2.323538929888256943e-01 1.700997151010041203e-02
3.108142995325221536e-01 4.433020364352274756e-01 2.299806920532843635e-01 1.590297197896595530e-02
3.408888723246600860e-01 4.209212714949036038e-01 2.233816945572363599e-01 1.480816162319971430e-02
3.770492799367247683e-01 3.982707157841160472e-01 2.111634023643436664e-01 1.351660191481565514e-02
4.129351954483017062e-01 3.816888344455260929e-01 1.934081698425494378e-01 1.196780026362313440e-02
4.457361448327013531e-01 3.709270494178436017e-01 1.730143494505002322e-01 1.032245629895467767e-02
4.808671620503794375e-01 3.590876677554524221e-01 1.513532642640966486e-01 8.691905930071762432e-03
5.227746558418978617e-01 3.406628084457526406e-01 1.294400193134423727e-01 7.122516398907363482e-03
2.286632352049521311e-01 7.440301831443705272e-01 5.011379362954144004e-03 2.229520228772299134e-02
6.866628751061622238e-02 5.239818305454083669e-01 5.406202065378280797e-02 3.532898612901927970e-01
6.915165530471995003e-02 6.023980496133930496e-01 6.857539055920612581e-02 2.598749045226808607e-01
6.469785695756261057e-02 6.564281531145511606e-01 9.193296968974487560e-02 1.869410202381414643e-01
5.793605205770558514e-02 6.758087575362539123e-01 1.302011896681480041e-01 1.360540007378924221e-01
5.190322765179244957e-02 6.554540828689722209e-01 1.879737282993496628e-01 1.046689611798854169e-01
4.700292679392835404e-02 6.034341450621265590e-01 2.644245854144189334e-01 8.513834272952618132e-02
4.162440214787164333e-02 5.390458332350552828e-01 3.498414560276614238e-01 6.948830858941196231e-02
3.569012139930427541e-02 4.771691535722357713e-01 4.328862271251271432e-01 5.425449790333256722e-02
2.996890874489864520e-02 4.300969219186810966e-01 5.001766758472450114e-01 3.975749348917519826e-02
2.558337519149329886e-02 4.055939945572796801e-01 5.408939444844264033e-01 2.792868576680031939e-02
2.327961101253036083e-02 4.016080350899651763e-01 5.553170832362483988e-01 1.979527066125606055e-02
2.349350797642684244e-02 4.098274444658746574e-01 5.516277570322547508e-01 1.505129052544354647e-02
2.665527891476147937e-02 4.232341336790430564e-01 5.373070414538096973e-01 1.280354595238572708e-02
3.346587711821153582e-02 4.370875138600899268e-01 5.172683035532803508e-01 1.217830546841834616e-02
4.843432916579994141e-02 4.592638368103305613e-01 4.799157923295371830e-01 1.238604169433241663e-02
7.394499133593124274e-02 4.832476315510307319e-01 4.295862250078137379e-01 1.322115210522434477e-02
1.116734058103914656e-01 5.045212695725272978e-01 3.692234489415006093e-01 1.458187567558059949e-02
1.558337105161854697e-01 5.175537142237542909e-01 3.101270199628851088e-01 1.648555529717537355e-02
1.959166659450076731e-01 5.280402302139398651e-01 2.567933163281267972e-01 1.924978751292598725e-02
2.239691532323199452e-01 5.440059622810359263e-01 2.086027685870625592e-01 2.342211589958132292e-02
2.343231824117013584e-01 5.695948701012439885e-01 1.668142503807537869e-01 2.926769710630088006e-02
2.372342376523772500e-01 5.897001260595103878e-01 1.356231014776465849e-01 3.744253481046559001e-02
2.411482301452582688e-01 5.966794928603306181e-01 1.126512307038788352e-01 4.952104629053245832e-02
2.489127698101417374e-01 5.899614802383137402e-01 9.324036493077189625e-02 6.788538502077255676e-02
2.582566839575172746e-01 5.720299483484871939e-01 7.595677609351184079e-02 9.375659160048371854e-02
2.651203557251617382e-01 5.462119698520135902e-01 6.234778012359874777e-02 1.263198942992260210e-01
2.617973771001801953e-01 5.216156380168759377e-01 5.301363381199973579e-02 1.635733510709438399e-01
2.462706042965297770e-01 5.037748995394856211e-01 4.723804318396037510e-02 2.027164529800243309e-01
2.227449192261133082e-01 4.908476730421083567e-01 4.417171603235234278e-02 2.422356916994260201e-01
1.945472973162568064e-01 4.785222073617030336e-01 4.308358290994786233e-02 2.838469124120922005e-01
1.625929986326244969e-01 4.627602525133995837e-01 4.320513462479724787e-02 3.314416142291786160e-01
1.303660159583915623e-01 4.378116282954394589e-01 4.316106136783037783e-02 3.886612943783385177e-01
1.015191033209527777e-01 4.031999202897330603e-01 4.137453550313284489e-02 4.539064408861812061e-01
7.978178067816316110e-02 3.640368028308157977e-01 3.782749333791891877e-02 5.183539231531020253e-01
6.669855965137672094e-02 3.270433747571296346e-01 3.446019058961094506e-02 5.717978750018828382e-01
6.054142433618760893e-02 2.969501138303551335e-01 3.243452622790494316e-02 6.100739356055523421e-01
5.857956392976315652e-02 2.756154778735053767e-01 3.129453748788605522e-02 6.345104207088453352e-01
5.886703961656869488e-02 2.634043193210310330e-01 3.009001077349054629e-02 6.476386302889100000e-01
6.022246706921463577e-02 2.565826453257519790e-01 2.803403606523224498e-02 6.551608515398011923e-01
6.162804738032653246e-02 2.487550233176086534e-01 2.522555064218462428e-02 6.643913786598799609e-01
6.191952557213712544e-02 2.370843424716022607e-01 2.249337813749922171e-02 6.785027538187616836e-01
6.030080301373982876e-02 2.219294783342290189e-01 2.020284322068305674e-02 6.975668754313480990e-01
5.655286801503150995e-02 2.047017845355962873e-01 1.831417005481456375e-02 7.204311773945577535e-01
5.081125346998978387e-02 1.879066449431872898e-01 1.670770250977999388e-02 7.445743990770430365e-01
4.421373288719486483e-02 1.766306680030808318e-01 1.532754579191501244e-02 7.638280533178092302e-01
3.869074456896903769e-02 1.777454927975867793e-01 1.424436614161188851e-02 7.693193964918323413e-01
3.528128831799375725e-02 1.971579769092398349e-01 1.340230653745259730e-02 7.541584282353140933e-01
3.438198501465558610e-02 2.379571724424250634e-01 1.267398097669079383e-02 7.149868615662285931e-01
3.570561948258636764e-02 2.966933418045490378e-01 1.161424338808337599e-02 6.559867953247811023e-01
3.745798445126811288e-02 3.704864248446226305e-01 1.097175534553553045e-02 5.810838353585735527e-01
3.755338490021264963e-02 4.511682498929245333e-01 1.021895035212368880e-02 5.010594148547392601e-01
3.738027798501734195e-02 5.305887462533847021e-01 9.670971914396999519e-03 4.223600038472008489e-01
3.675433754486087667e-02 6.014861143971704793e-01 9.666886526990332851e-03 3.520926615309781793e-01
3.629666714093929270e-02 6.605860152575516731e-01 1.015436348705700542e-02 2.929629541144519456e-01
3.507155764458305680e-02 7.075598652004454481e-01 1.096944579587469382e-02 2.463991313590968291e-01
3.192911279378635864e-02 7.415254576991098245e-01 1.192532659746318655e-02 2.146201029096407864e-01
2.707089579658485470e-02 7.600857548209687398e-01 1.288666813891430410e-02 1.999566812435320251e-01
2.196733780937273547e-02 7.596148435401705035e-01 1.374162682737234582e-02 2.046761918230844135e-01
1.816832225761746966e-02 7.349413685349956982e-01 1.441524920337140282e-02 2.324750600040154935e-01
1.631431251838706686e-02 6.868484983943016209e-01 1.482435755658797344e-02 2.820128315307232625e-01
1.531463774864247861e-02 6.285299769196721620e-01 1.549285905882358781e-02 3.406625262728616987e-01
1.575036658683655333e-02 5.759357348072128291e-01 1.662523551771496674e-02 3.916886630882357445e-01
1.792559889703336171e-02 5.425662046887682610e-01 1.889940442077084684e-02 4.206087919934276553e-01
2.217785179650749727e-02 5.339674725435806790e-01 2.272166861710326821e-02 4.211330070428083161e-01
2.887707017000024426e-02 5.397534291759410463e-01 2.798328668265663913e-02 4.033862139714022299e-01
3.841883436512450595e-02 5.426425326632311474e-01 3.401644859181993108e-02 3.849221843798243392e-01
5.068708809395988668e-02 5.310985315633993675e-01 3.981464509671864965e-02 3.783997352459219088e-01
6.471669869915795681e-02 5.057417905730271501e-01 4.449660106023236444e-02 3.850449096675823690e-01
7.922866053756950910e-02 4.740829740894730859e-01 4.788566743490508398e-02 3.988026979380527304e-01
9.359868004365665128e-02 4.425897262626445894e-01 4.989210802646817239e-02 4.139194856672306355e-01
1.080847152964875407e-01 4.126493885689063168e-01 4.978793131444061992e-02 4.294779648201657030e-01
1.588940779474616366e-04 1.442871161608597465e-03 9.982830302027345670e-01 1.152045577095439963e-04
2.508545796921911211e-04 2.337264163061707287e-03 9.972018406868329299e-01 2.100405704131083910e-04
3.933935821454341455e-04 4.003567064943380945e-03 9.951912502500036561e-01 4.117891029078737616e-04
5.727242354671215367e-04 6.785705795863703448e-03 9.918539870200063779e-01 7.875829486627171708e-04
7.912942600583939851e-04 1.146581463251723602e-02 9.862857253684029768e-01 1.457165739021525248e-03
1.136638250026089604e-03 2.003762657179319201e-02 9.760818829532986740e-01 2.743852224881936606e-03
1.838420122925729172e-03 3.613793982730329618e-02 9.563482519220872780e-01 5.675388127683571142e-03
2.816244991060866051e-03 6.451125782802735742e-02 9.189227722586942315e-01 1.374972492221753634e-02
4.580399575263305496e-03 1.099232049212668511e-01 8.476250200117341205e-01 3.787137549173568568e-02
7.361219416667552466e-03 1.695402015470235668e-01 7.205882305280850719e-01 1.025103485082239640e-01
1.095308790361038814e-02 2.168334967721313733e-01 5.411335037659243952e-01 2.310799115583339891e-01
1.443465134091441796e-02 2.180880500495401830e-01 3.561321185936943690e-01 4.113451800158510752e-01
1.569017370199741329e-02 1.747919752403566118e-01 2.057170593289671945e-01 6.038007917286785098e-01
1.406034389465107663e-02 1.166712417059701107e-01 1.045394043995474254e-01 7.647290099998312884e-01
1.133849348213577385e-02 7.049110353197898804e-02 4.844579922963093005e-02 8.697246037562541554e-01
9.290522559200528607e-03 4.274905614951318017e-02 2.258274225236690108e-02 9.253776790389193208e-01
8.304494809837326477e-03 2.765020208772664759e-02 1.171859458575772762e-02 9.523267085166782220e-01
7.942452498574921818e-03 1.856604788606768669e-02 6.839756499863235660e-03 9.666517431154938444e-01
7.764533412798407981e-03 1.250463383015068194e-02 4.319242581295056407e-03 9.754115901757558493e-01
7.513695567985896953e-03 8.513489809787468804e-03 2.875821163244635884e-03 9.810969934589820474e-01
6.550731091045085275e-03 6.288620109790915048e-03 2.127826060518897382e-03 9.850328227386451196e-01
6.562242449619876301e-03 4.677987861155247576e-03 1.551610368107127604e-03 9.872081593211179396e-01
6.701636855472182207e-03 3.750478165381460928e-03 1.167860209739860627e-03 9.883800247694064511e-01
3.280855106872557769e-01 5.060761776757533026e-01 1.595675764706414035e-01 6.270735166349899505e-03
3.381856249177541685e-01 4.914210165164924482e-01 1.644004737910518543e-01 5.992884774701471781e-03
3.664585593836269806e-01 4.585649900787676092e-01 1.690797028688698078e-01 5.896747668735675268e-03
4.179328829966663106e-01 4.050122055696041556e-01 1.710718469204658421e-01 5.983064513263570278e-03
4.862540663427248333e-01 3.419611177017986559e-01 1.656820313537211153e-01 6.102784601755271467e-03
5.674513501317954844e-01 2.751777873492813886e-01 1.511065471511872094e-01 6.264315367736056350e-03
6.480314072733130981e-01 2.155390015759921229e-01 1.300248821787731990e-01 6.404708971921364846e-03
7.132301773890623586e-01 1.713658848193027884e-01 1.087942537172730678e-01 6.609684074361854567e-03
7.566423223914904295e-01 1.442041821619405861e-01 9.202832526562713944e-02 7.125170180941612502e-03
7.829888679071648205e-01 1.288621217611774228e-01 8.007033263100819809e-02 8.078677700649619306e-03
7.996026353824173816e-01 1.189532547759031278e-01 7.190300968168125695e-02 9.541100159998245830e-03
8.084111229495792861e-01 1.123330813824416907e-01 6.756143620428280150e-02 1.169435946369672130e-02
8.100793762144973265e-01 1.087666396242172179e-01 6.659134802946525822e-02 1.456263613182032582e-02
8.069841080257630361e-01 1.072737539747227742e-01 6.788364451843183212e-02 1.785849348108280860e-02
7.989095175961798967e-01 1.081752383842517762e-01 7.150675681919806126e-02 2.140848720037035954e-02
7.831810182431321321e-01 1.125637326903878577e-01 7.886868861371815198e-02 2.538656045276191375e-02
7.554312447216628978e-01 1.220201685772513422e-01 9.232582886728432636e-02 3.022275783380123926e-02
7.089179089835656589e-01 1.396001098431667309e-01 1.148656162841707878e-01 3.661636488909671139e-02
6.401977637056782688e-01 1.672716400048670227e-01 1.477271285685483604e-01 4.480346772090623014e-02
5.505164599633204370e-01 2.089836663185002386e-01 1.869334944188328074e-01 5.356637929934664200e-02
4.582492367726156979e-01 2.591629086465552234e-01 2.223760498029405952e-01 6.021180477788813656e-02
3.822407242810345052e-01 3.093813184027481844e-01 2.455095441721069360e-01 6.286841314411011072e-02
3.307087072196912003e-01 3.533472373230296948e-01 2.527947308125169656e-01 6.314932464476201435e-02
2.968121641382583942e-01 3.947550784618359399e-01 2.437775471639234970e-01 6.465521023598226613e-02
2.688926604115269292e-01 4.374967863986252703e-01 2.257496732198754075e-01 6.786087996997240690e-02
2.266141754673161035e-01 4.946908312170276156e-01 2.098611234027162320e-01 6.883386991293997947e-02
1.781615312359179359e-01 5.568602223905023685e-01 2.005338182554082527e-01 6.444442811817133188e-02
1.364661223280310143e-01 6.056578520048252479e-01 2.008210437535703774e-01 5.705498191357381149e-02
1.077644790158830412e-01 6.273373454886209677e-01 2.138078344694805399e-01 5.109034102601539562e-02
8.995524159099721473e-02 6.201950043220390008e-01 2.410559470330418674e-01 4.879380705392156320e-02
7.825235129032832859e-02 5.915342562347527533e-01 2.791936827458210701e-01 5.101970972909770918e-02
6.877953384094225020e-02 5.527849338287607051e-01 3.201109916079967199e-01 5.832454072230021380e-02
5.976578525622243399e-02 5.133367357624002425e-01 3.563915269104435124e-01 7.050595207093393602e-02
5.092490401755604690e-02 4.768200353729071805e-01 3.856809581611762017e-01 8.657410244836058477e-02
4.268962250334271818e-02 4.441598977277174676e-01 4.072029607419772046e-01 1.059475190269626860e-01
3.567136689774909331e-02 4.214980274673311156e-01 4.127916122641463459e-01 1.300389933707730150e-01
3.045579137707631404e-02 4.204250354475136953e-01 3.876453471359323499e-01 1.614738260394777414e-01
2.515744699871731715e-02 4.356871054804262733e-01 3.417933487781902313e-01 1.973620987426659978e-01
2.010338093658315881e-02 4.631794528757676166e-01 2.873758473552440740e-01 2.293413188324052721e-01
1.580556927877417930e-02 4.940611563707181797e-01 2.351452868573740418e-01 2.549879874931338386e-01
1.287575775590279158e-02 5.178271146798555380e-01 1.914035786722662058e-01 2.778935488919754837e-01
1.128892287271249933e-02 5.261979226518918029e-01 1.612545220452761274e-01 3.012586324301198548e-01
1.075110602805080286e-02 5.168420414140126873e-01 1.442196109953456651e-01 3.281872415625912698e-01
1.084595227934435219e-02 4.920964415427843131e-01 1.358576729564965335e-01 3.611999332213749470e-01
1.083299225212640965e-02 4.596326513653447576e-01 1.302055608084013993e-01 3.993287955741274819e-01
1.031139774316341788e-02 4.260948429003215132e-01 1.220727370452470290e-01 4.415210223112680521e-01
9.533351750144513151e-03 3.924099672055136878e-01 1.101876099977930762e-01 4.878690710465486413e-01
8.678519415549774269e-03 3.541211274142924137e-01 9.791684374524120549e-02 5.392835094249166517e-01
7.823231797176347438e-03 3.088255851387915474e-01 8.890825903885461734e-02 5.944429240251772883e-01
7.186057297332531894e-03 2.630668526821839937e-01 8.549638973270584641e-02 6.442507002877776445e-01
7.039075662653976502e-03 2.287942014516035072e-01 9.119761158585668048e-02 6.729691112998857916e-01
7.568866616883975808e-03 2.111743706555246625e-01 1.099517885082214319e-01 6.713049742193696323e-01
9.058006822841399575e-03 2.054149008342447957e-01 1.408631808971551880e-01 6.446639114457585196e-01
1.198526147592977528e-02 2.070467691112705955e-01 1.770235886262418734e-01 6.039443807865575442e-01
1.655719342351651482e-02 2.137050581969553442e-01 2.076575142867627399e-01 5.620802340927653074e-01
2.207292179745439301e-02 2.203636148774109627e-01 2.209438929080652647e-01 5.366195704170693137e-01
2.676542942619984655e-02 2.195622573960203383e-01 2.125851786014694988e-01 5.410871345763101914e-01
2.883692313686614037e-02 2.080331055426559439e-01 1.923878506805131727e-01 5.707421206399648783e-01
2.871251054381590215e-02 1.898931640713288072e-01 1.736331783208800716e-01 6.077611470639748825e-01
2.944994907353455302e-02 1.727095383154854946e-01 1.630090106881584011e-01 6.348315019228213396e-01
3.419774189961304750e-02 1.609252409724767907e-01 1.615836789704873655e-01 6.432933381574227338e-01
4.456723732303326246e-02 1.543749093928056815e-01 1.667155292221886576e-01 6.343423240619723291e-01
5.888660758670652418e-02 1.506812968974815536e-01 1.715509175294941124e-01 6.188811779863176987e-01
6.887991119485879776e-02 1.514110341634805068e-01 1.632488266471822658e-01 6.164602279944780827e-01
7.073306419273224510e-02 1.485187051266410596e-01 1.402900175844828123e-01 6.404582130961440356e-01
6.396185258578811206e-02 1.399936105667495267e-01 1.101774238201759515e-01 6.858671130272863126e-01
5.254129469856808760e-02 1.283918713737320638e-01 8.357286924343698686e-02 7.354939646842627576e-01
4.182792010664259513e-02 1.196306534765362722e-01 6.595562468105074794e-02 7.725858017357701835e-01
3.524966834727367299e-02 1.172093757532099850e-01 5.874534033522188503e-02 7.887956155642944500e-01
3.351149876781208542e-02 1.211221863208966215e-01 6.172256168337163229e-02 7.836437532279195706e-01
3.587690874980184463e-02 1.295579469008631412e-01 7.464945533287271895e-02 7.599156890164621148e-01
4.056933516062639911e-02 1.386619774237648761e-01 9.662193089158492565e-02 7.241467565240238269e-01
4.512786732817741786e-02 1.449907928595139672e-01 1.229703994359272606e-01 6.869109403763816735e-01
4.702406615991819999e-02 1.464050593182051052e-01 1.439559062037626957e-01 6.626149683181137284e-01
4.560785221163012743e-02 1.408532731155751616e-01 1.515381599236976240e-01 6.620007147490969412e-01
4.076482559828025626e-02 1.309151747800573196e-01 1.429257283357211750e-01 6.853942712859414366e-01
3.507109264797785703e-02 1.182886161833690275e-01 1.233117656817942220e-01 7.233285254868588865e-01
3.145537507349875639e-02 1.037029771579272980e-01 1.020565631103127202e-01 7.627850846582611144e-01
2.951057135051131028e-02 9.125791426756516000e-02 8.453125635262652426e-02 7.947002580292972240e-01
2.864574688089909296e-02 8.251390421932255914e-02 7.136681108617309865e-02 8.174735378136052111e-01
2.855341759828746231e-02 7.716666135002435423e-02 6.086919213498553916e-02 8.334107289167024257e-01
2.903205460884373049e-02 7.372369377319880346e-02 5.220543162867104237e-02 8.450388199892864272e-01
2.926811517086448308e-02 6.944361396873947878e-02 4.448360493262953214e-02 8.568046659277662735e-01
2.836308308395769570e-02 6.298122271974408715e-02 3.722089479941288054e-02 8.714347993968852846e-01
2.606664016155079214e-02 5.512945875469558998e-02 3.082961933990933934e-02 8.879742817438441849e-01
2.330455488531025729e-02 4.793620457986334099e-02 2.602201395026812816e-02 9.027372265845580168e-01
2.118078373462459890e-02 4.311177775547006541e-02 2.310917714188522043e-02 9.125982613680201361e-01
1.982528217917753355e-02 4.048004309777540610e-02 2.166168144631125045e-02 9.180329932767361534e-01
1.895800423083808528e-02 3.905529445334256222e-02 2.098917378736109632e-02 9.209975275284582041e-01
