4.902083914552613332e-04 3.528049743893509060e-02 9.600422264156093233e-01 4.187067754000234690e-03
7.112802687677347024e-02 4.054240567863444666e-01 7.185393752388137545e-02 4.515939788130010069e-01
7.019743595376706780e-02 3.908621851607217423e-01 7.310173113224101293e-02 4.658386477532699965e-01
6.926563416543118912e-02 3.752781323512632827e-01 7.286044639930906730e-02 4.825957870839963082e-01
6.960326952337632378e-02 3.672632363326377991e-01 7.258096242882770832e-02 4.905525317151580023e-01
7.320663279943469270e-02 3.717073509077265525e-01 7.477379990171401092e-02 4.803122163911244802e-01
8.180899883775846759e-02 3.858788003519393328e-01 8.078368221118564785e-02 4.515285185991165795e-01
9.489297529481800775e-02 4.037269971247761102e-01 8.927501726967725093e-02 4.121050103107286589e-01
1.101927680070262650e-01 4.241610910395665623e-01 9.777815988529620084e-02 3.678679810681109719e-01
1.265650049000892063e-01 4.499995114899477122e-01 1.047860863340702442e-01 3.186493972758924764e-01
1.452292823167027624e-01 4.796465798026924854e-01 1.099212219864111467e-01 2.652029158941935916e-01
1.695000683216977555e-01 5.042462686725003307e-01 1.140333025124383309e-01 2.122203604933636523e-01
2.041832313706810342e-01 5.131173710003625876e-01 1.182790629851371983e-01 1.644203346438190272e-01
2.542787180309423745e-01 5.000172386422661042e-01 1.223228162346767789e-01 1.233812270921145759e-01
3.236592385651012038e-01 4.640536173489516192e-01 1.236096719627323981e-01 8.867747212321483441e-02
4.136845898981812986e-01 4.078763945651875389e-01 1.184459849181427743e-01 5.999303061848838825e-02
5.233805999175233925e-01 3.347522318309678058e-01 1.043272597064289764e-01 3.753990854507995023e-02
6.403197129352623529e-01 2.541181044540488654e-01 8.423659950510789529e-02 2.132558310558103215e-02
7.529751956030489302e-01 1.727825803019837070e-01 6.329231400589467593e-02 1.094991008907265050e-02
8.428202607104997579e-01 1.052634649489249813e-01 4.649136706207517705e-02 5.424907278500173957e-03
9.026372494543405400e-01 5.974949247604441349e-02 3.479897497723959815e-02 2.814283092375570190e-03
9.388251622174345057e-01 3.310232455689632314e-02 2.652932840724216146e-02 1.543184818426807624e-03
9.602544462423869831e-01 1.851424021768620712e-02 2.035736523944010196e-02 8.739483004864798165e-04
9.730232196307969650e-01 1.071089160824317474e-02 1.576282747443481097e-02 5.030612865251382106e-04
9.804847406048310399e-01 6.624731881107223663e-03 1.259294376856476619e-02 2.975837454972519026e-04
9.845449527337485351e-01 4.534324237677638154e-03 1.073468722951726947e-02 1.860357990567485333e-04
9.865146417233708886e-01 3.417848787116464261e-03 9.943908100252253981e-03 1.236013892605469300e-04
9.877405502502351053e-01 2.154223064414153080e-03 1.002383783370072549e-02 8.138885164990439442e-05
9.869034367746848391e-01 1.905631724308468099e-03 1.112781423189447734e-02 6.311726911208837964e-05
9.842847568240565836e-01 1.854016449112346268e-03 1.380522052063040336e-02 5.600620620051451374e-05
9.788922581219128283e-01 1.996987593347970998e-03 1.905459813427483329e-02 5.615615046419214029e-05
9.688170316511227620e-01 2.405097204394587330e-03 2.871459313818577885e-02 6.327800629679035925e-05
9.528473704831592617e-01 2.871515646903506289e-03 4.420403222763172324e-02 7.708164230567981037e-05
9.242454686236551975e-01 3.554515579282526740e-03 7.209444736867014203e-02 1.055684283922151236e-04
8.761409399522702701e-01 4.466777367575649506e-03 1.192432606283731905e-01 1.490220517809644012e-04
7.968411776021031567e-01 5.468678862698234285e-03 1.974922745443451755e-01 1.978689908533613794e-04
6.779646211087768659e-01 6.475152379753093199e-03 3.153187286400349620e-01 2.414978714350706651e-04
5.404815433905553190e-01 6.469282687693360401e-03 4.528052050463994838e-01 2.439688753519314893e-04
4.274068938891018021e-01 6.482269654064480233e-03 5.658646672964340318e-01 2.461691603996282794e-04
3.661872585011849424e-01 6.350625465575726776e-03 6.272067270634097413e-01 2.553889698294381136e-04
3.537470183315533090e-01 6.136402116625388169e-03 6.398370002365282305e-01 2.795793152932628668e-04
3.716721342061665712e-01 5.893353743229786355e-03 6.221027586156375744e-01 3.317534349663091796e-04
4.001715310499398548e-01 5.819234008081129034e-03 5.935654250122228692e-01 4.438099297564084521e-04
4.290613977461117390e-01 5.998937250484351336e-03 5.642987014003392199e-01 6.409636030645574209e-04
4.569518655919447836e-01 6.518762255487921611e-03 5.355862807703213324e-01 9.430913822463199512e-04
4.837552666220801267e-01 7.542969879705437031e-03 5.073153957504292766e-01 1.386367747784771716e-03
5.076909992186534604e-01 9.191032052134531088e-03 4.811224293180846878e-01 1.995539411127447791e-03
5.272901561662014513e-01 1.150296655641494699e-02 4.584570517186969396e-01 2.749825558686457786e-03
5.418748432798451420e-01 1.495835889419463993e-02 4.394873258950431349e-01 3.679471930916920937e-03
5.573490928859445859e-01 1.822477410424078528e-02 4.197640706719470982e-01 4.662062337867602622e-03
5.736123287546874838e-01 2.184311247865525218e-02 3.987269329541465734e-01 5.817625812510724380e-03
5.889792329123008097e-01 2.522402983091483891e-02 3.786784088311462293e-01 7.118328425637913959e-03
6.000531216285425185e-01 2.774033379539222674e-02 3.638159847626997734e-01 8.390559813365444999e-03
6.051150682550896498e-01 2.913435498156243322e-02 3.563501089102966146e-01 9.400467853051366549e-03
6.035713132976481266e-01 2.957129687576800364e-02 3.568811148347327267e-01 9.976274991851417223e-03
5.965082461017271465e-01 2.965297716607484882e-02 3.637733475791679050e-01 1.006542915303032179e-02
5.863346373171339776e-01 3.003902611098811792e-02 3.739614712423189324e-01 9.664865329558977244e-03
5.707101282167280631e-01 3.095934987613595604e-02 3.895191598596312588e-01 8.811362047504534695e-03
5.412366280095919358e-01 3.248345048392450862e-02 4.185374414348660421e-01 7.742480071617529117e-03
4.911623409901700321e-01 3.532874651218160383e-02 4.668590335384827927e-01 6.649878959165507995e-03
4.177685992602584997e-01 3.735093437183734100e-02 5.394188802123303095e-01 5.461586155573699801e-03
3.268975005894789732e-01 3.785582318208746688e-02 6.311123060110018779e-01 4.134370217431676021e-03
2.320258010358123013e-01 3.550562459771879065e-02 7.296650040292638195e-01 2.803570337205060770e-03
1.530198777725793324e-01 3.081823734053657990e-02 8.144237704805469269e-01 1.738114406337243605e-03
9.974410947396636362e-02 2.564592869353298984e-02 8.735574184470490389e-01 1.052543385451710231e-03
6.686093081787752856e-02 2.208569390734091767e-02 9.103996020555205071e-01 6.537732192609983176e-04
4.578371853736435543e-02 1.949323669494859926e-02 9.342907721056691317e-01 4.322726620179365479e-04
3.182996902071743434e-02 1.763406394692500906e-02 9.502235161661282126e-01 3.124508662294041023e-04
2.268833261813593336e-02 1.645033867835542923e-02 9.606102509601658346e-01 2.510777433429264871e-04
1.767183936188762919e-02 1.532437170717024059e-02 9.667770998892264434e-01 2.266890417159469649e-04
1.372315307530417618e-02 1.559091411293914153e-02 9.704647228274716486e-01 2.212099842851652706e-04
1.068057562601630248e-02 1.577994324541014473e-02 9.733138441016789821e-01 2.256370268947376252e-04
9.451295730440557180e-03 4.006853884633553367e-03 9.843183779990590798e-01 2.223472385866547690e-03
1.183855046907836550e-01 3.330732476918780716e-01 1.408927518987910035e-02 5.344519724274594541e-01
9.601161043241338011e-02 3.115511042487958404e-01 1.229424405186003467e-02 5.801430412669308367e-01
7.481840309368889552e-02 2.872623626976160138e-01 1.094509730732543158e-02 6.269741369013697163e-01
5.807582704610950164e-02 2.547755110170150661e-01 9.839546912643123630e-03 6.773091150242321890e-01
4.622714175901412176e-02 2.147715004817791207e-01 8.881616351836240861e-03 7.301197414073703484e-01
3.849756166517870337e-02 1.767757479230916973e-01 8.236194736096585228e-03 7.764904956756328858e-01
3.361313598521691731e-02 1.501902441806678146e-01 8.062647005063238934e-03 8.081339728290518609e-01
3.036899782380783272e-02 1.368887035582328493e-01 8.323496895549389527e-03 8.244188017224102216e-01
2.832390325769491152e-02 1.345657319333576074e-01 8.905441352124850163e-03 8.282049234568228391e-01
2.761466139693383171e-02 1.405656212670550187e-01 9.713464271887167073e-03 8.221062530641241040e-01
2.811387193385418357e-02 1.517501873696250614e-01 1.060114841597942746e-02 8.095347922805413710e-01
2.942352254933537983e-02 1.663513405286485003e-01 1.147230718638536824e-02 7.927528297356306597e-01
3.114543264240289544e-02 1.874278965640034378e-01 1.242882127118993991e-02 7.689978495224033539e-01
3.335792654438494986e-02 2.200720008420322393e-01 1.373666017082985670e-02 7.328334124427530183e-01
3.731127955657752293e-02 2.652805847970276520e-01 1.575307896561373849e-02 6.816550566807807465e-01
4.430649342075700103e-02 3.182177694964972714e-01 1.847690757953811963e-02 6.189988295032072818e-01
5.453729500097766886e-02 3.732044331281318406e-01 2.141279341275818815e-02 5.508454784581324759e-01
6.742704052339296150e-02 4.277666637835523811e-01 2.436232818506153808e-02 4.804439675079930083e-01
8.255981745282041373e-02 4.789248741668419851e-01 2.770102503064416147e-02 4.108142833496937207e-01
1.007241204560192505e-01 5.207916643641026244e-01 3.206033822958055668e-02 3.464238769502974713e-01
1.232961120916570563e-01 5.470260079635508310e-01 3.808204133541644165e-02 2.915958386093753241e-01
1.522868680009082099e-01 5.506072975323588192e-01 4.639821956644727546e-02 2.507076149002857579e-01
1.906389058878900089e-01 5.282458685437578794e-01 5.729513985129971315e-02 2.238200857170528357e-01
2.421476804098771363e-01 4.814197746330272643e-01 7.155106942721881080e-02 2.048814755298767054e-01
3.047256624609633313e-01 4.200797755524637855e-01 8.857921487299465213e-02 1.866153471135783282e-01
3.693868122411041455e-01 3.602556837244374477e-01 1.061552759756066305e-01 1.642022280588520122e-01
4.293851611397011547e-01 3.113814302190036076e-01 1.221442594892614142e-01 1.370891491520342398e-01
4.846126851038548011e-01 2.704462396936133661e-01 1.353018562519012757e-01 1.096392189506305154e-01
5.287343562337823988e-01 2.368985934237445301e-01 1.476056948324143137e-01 8.676135551005913216e-02
5.653809259529998243e-01 2.067487119320923772e-01 1.582640671003274213e-01 6.960629501458041879e-02
6.011394725123081484e-01 1.762048136887294225e-01 1.655048379677800663e-01 5.715087583118257097e-02
6.386810630280439494e-01 1.469591674491672884e-01 1.658819335632788772e-01 4.847783595951000307e-02
6.796941773678859544e-01 1.194812918956088960e-01 1.578726591961066850e-01 4.295187154039862426e-02
7.139462755425907137e-01 9.821713318701924544e-02 1.470299547361708370e-01 4.080663653421923859e-02
7.292434402697818285e-01 8.507873160976441029e-02 1.434870437855296221e-01 4.219078433492443048e-02
7.205550545140078089e-01 7.894574027655951176e-02 1.540685105712426284e-01 4.643069463818980114e-02
6.893047116273983699e-01 7.585097192852754966e-02 1.819233431271287393e-01 5.292097331694503581e-02
6.346090470451906107e-01 7.599233377316581828e-02 2.277067784694178088e-01 6.169184071222571369e-02
5.580176868088904119e-01 7.899388486385881814e-02 2.902741947897519159e-01 7.271423353749879859e-02
4.617476665081709508e-01 8.541309784765555024e-02 3.677815176540894515e-01 8.505771799008415845e-02
3.597697755810227993e-01 9.523203789090356475e-02 4.478778098371244409e-01 9.712037669094890358e-02
2.658455634981566340e-01 1.130105312690735386e-01 5.111190853270565215e-01 1.100248199057132087e-01
1.961017556293896125e-01 1.511918290146879729e-01 5.215688010126861007e-01 1.311376143432363139e-01
1.499093677049791185e-01 2.263643989594994188e-01 4.530521432611994137e-01 1.706740900743223266e-01
1.151177382343960692e-01 3.242057813769317898e-01 3.304690541373516144e-01 2.302074262513204295e-01
8.383114886703593727e-02 3.945871363212567484e-01 2.143428418796367585e-01 3.072388729320705836e-01
6.013210097423411782e-02 4.097583144643525133e-01 1.353151013991659435e-01 3.947944831622473005e-01
4.291644074402484188e-02 3.989794594687027796e-01 8.868083765605597191e-02 4.694232621312161569e-01
3.020801709156946402e-02 3.976028424456756194e-01 6.156977882102621091e-02 5.106193616417286085e-01
2.077858488844954929e-02 4.189914787129593865e-01 4.489284095254517104e-02 5.153370954460458897e-01
1.381676639438650205e-02 4.578877085020233162e-01 3.442901528485371038e-02 4.938665098187365876e-01
8.861351470908690464e-03 5.059085065907764633e-01 2.892338516336886989e-02 4.563067567749460318e-01
5.757143104293995471e-03 5.615391140932228797e-01 2.848989151685522164e-02 4.042138512856277011e-01
4.133158494297445480e-03 6.171456839912407011e-01 3.417023248458271600e-02 3.445509250298792181e-01
3.486362380858312564e-03 6.632920244456188552e-01 4.910014613004855949e-02 2.841214670434742962e-01
3.830818078132386135e-03 6.915294160257198230e-01 8.087240863469519203e-02 2.237673572614526096e-01
3.927553276388435002e-03 6.901238184729611147e-01 1.381485383618807350e-01 1.678000898887698489e-01
4.981800943407031085e-03 6.417738483750998757e-01 2.323032557563481371e-01 1.209410949251447931e-01
6.072958428406024026e-03 5.596513718882465405e-01 3.513157300328182409e-01 8.295993965052923802e-02
6.383829560400184309e-03 4.710864774460003512e-01 4.685683583904743932e-01 5.396133460312516061e-02
5.825470688221480800e-03 3.951938807496217509e-01 5.645399432162595543e-01 3.444070534589714627e-02
4.982855693703934150e-03 3.383438192364049413e-01 6.332201433977121541e-01 2.345318167217901734e-02
4.410356218154842106e-03 3.047064866707820951e-01 6.720700371270559303e-01 1.881311998400702484e-02
4.271994085826151186e-03 2.978396522425354465e-01 6.794442174010254520e-01 1.844413627061295552e-02
4.548198326472741027e-03 3.167102470307868178e-01 6.575485435299075476e-01 2.119301111283262637e-02
5.224002772828950300e-03 3.568958822786197915e-01 6.109694497403028723e-01 2.691066520824834940e-02
6.156434726640939818e-03 4.133400430038377538e-01 5.444258741114605948e-01 3.607764815806068642e-02
7.036697518699291595e-03 4.860636174425792544e-01 4.567528270240683863e-01 5.014685801465298964e-02
7.297771119855617390e-03 5.800030017066892807e-01 3.437877687709605667e-01 6.891145840249454646e-02
6.646251216810339368e-03 6.883971180553778435e-01 2.191020386866460723e-01 8.585459204116577259e-02
4.773153593827893573e-03 7.782836482093947739e-01 1.205376929086970084e-01 9.640550528808014552e-02
5.541420136884128711e-01 4.002906990161279183e-02 3.925062884925842877e-01 1.332262791738994881e-02
2.426251750608579283e-01 4.848306892965827952e-01 4.545263518927980528e-02 2.270915004532794712e-01
2.109320075166596087e-01 5.167094123588650278e-01 3.754717321849373318e-02 2.348114069059815956e-01
1.808625472433249282e-01 5.457866734635560269e-01 3.104107053653984080e-02 2.423097087565797558e-01
1.541152679572060091e-01 5.705323377654601957e-01 2.604633524784017579e-02 2.493060590294937096e-01
1.317977882717106808e-01 5.906616087027871664e-01 2.243443458732801224e-02 2.551061684381737971e-01
1.142824097920971671e-01 6.075343297731555792e-01 1.985437104291909449e-02 2.583288893918277984e-01
1.030149393860773782e-01 6.198156845219432443e-01 1.838038505039954126e-02 2.587889910415798189e-01
9.905772373136818854e-02 6.258247498327376146e-01 1.805497448204309782e-02 2.570625519538508597e-01
1.011084511872952507e-01 6.282831139432559775e-01 1.856350646346732747e-02 2.520449284059811390e-01
1.066186611765607278e-01 6.304782669061467226e-01 1.960783543863531611e-02 2.432952364786567512e-01
1.141201253986972447e-01 6.305202078782443653e-01 2.141067151007977273e-02 2.339489952129782946e-01
1.211050671211324481e-01 6.276786332766152166e-01 2.408333776162580042e-02 2.271329618406266460e-01
1.235429346400283568e-01 6.267497107618874574e-01 2.712954886058642143e-02 2.225778057374976637e-01
1.241790952284708011e-01 6.266469939404191170e-01 3.036411096609262228e-02 2.188097998650174736e-01
1.267368704251675970e-01 6.254766073835048568e-01 3.417277175597622368e-02 2.136137504353514127e-01
1.340222758290151028e-01 6.207672252472145047e-01 3.936055176429870128e-02 2.058499471594717745e-01
1.511267676482288547e-01 6.050682974409828940e-01 4.696294883054138308e-02 1.968419860802468058e-01
1.767780562909703201e-01 5.799174354102559770e-01 5.693692269000721895e-02 1.863675856087661509e-01
2.082172404253226639e-01 5.507097429965526203e-01 6.835517552939125718e-02 1.727178410487328342e-01
2.439515221931427003e-01 5.208946612643744478e-01 8.003922334923482818e-02 1.551145931932481625e-01
2.843803375974979786e-01 4.907123085560323172e-01 9.027187796150329402e-02 1.346354758849666045e-01
3.299444202298412732e-01 4.606074028364424144e-01 9.676447485005883198e-02 1.126837020836575637e-01
3.802062638617191848e-01 4.309204901557078249e-01 9.800447231186464048e-02 9.086877367070869682e-02
4.344627874672443713e-01 3.999926132452562566e-01 9.473172602043615498e-02 7.081287326706309226e-02
4.953153257281651678e-01 3.630439602771525220e-01 8.793835052099528704e-02 5.370236347368691210e-02
5.594679970312169681e-01 3.203987700573329711e-01 8.033004058150905458e-02 3.980319232994115192e-02
6.338768045593777822e-01 2.672216326187200064e-01 7.046694634680025771e-02 2.843461647510186693e-02
7.182821658453426572e-01 2.042719700234130464e-01 5.823308394010574124e-02 1.921278019113873206e-02
8.017562442105923282e-01 1.414529980091771555e-01 4.458059747204631829e-02 1.221016030818408878e-02
8.669934182623105778e-01 9.239051065912953775e-02 3.300193886152180678e-02 7.614132217038086306e-03
9.085958539224641139e-01 6.011445745168288168e-02 2.632759761175166788e-02 4.962091014101336489e-03
9.314291780924096598e-01 4.234643469700340862e-02 2.286362389422836455e-02 3.360763316358539310e-03
9.451627776629433209e-01 3.042053945978666005e-02 2.207707189409610637e-02 2.339610983173889304e-03
9.519078641124232298e-01 2.310892344430288958e-02 2.326688447968286444e-02 1.716327963590737280e-03
9.536145301811521646e-01 1.871533444632072010e-02 2.632898498159438536e-02 1.341150390932768300e-03
9.515066850076612237e-01 1.597625834114880031e-02 3.140350107213318170e-02 1.113555579056520412e-03
9.464575039048314098e-01 1.401877424574748954e-02 3.856065143188378702e-02 9.630704175370187470e-04
9.400926605299070316e-01 1.222097870418869213e-02 4.685544288997293971e-02 8.309178759314965251e-04
9.345292640006104268e-01 1.046123250933839177e-02 5.430057958129856643e-02 7.089239087527044640e-04
9.305606018282582825e-01 9.146335533023715672e-03 5.965859095561007464e-02 6.344716831076639176e-04
9.278186559996640659e-01 8.585767510540607411e-03 6.296794635303944176e-02 6.276301367558345277e-04
9.267005309146253422e-01 8.590972925604066154e-03 6.404291004180426294e-02 6.655861179663594661e-04
9.287622315182972876e-01 8.703079775214592889e-03 6.183727006140726790e-02 6.974186450809176071e-04
9.335288522504043840e-01 8.941948257103626493e-03 5.681425481538830702e-02 7.149446771034491735e-04
9.379365374137179634e-01 9.870234415186956295e-03 5.142481737949005510e-02 7.684107916049574436e-04
9.393963243945039343e-01 1.194762213419558149e-02 4.775720519911365314e-02 8.988482721868885309e-04
9.366069341712452978e-01 1.547226063963524564e-02 4.678076701132460186e-02 1.140038177794903485e-03
9.292597803621485131e-01 2.083757967951479703e-02 4.832819531449494138e-02 1.574444643841962097e-03
9.177147908922353992e-01 2.834087405602667142e-02 5.157984674020595767e-02 2.364488311531880681e-03
9.030879992656424271e-01 3.762006639353202703e-02 5.553700004502484799e-02 3.754934295800720426e-03
8.867815829336688216e-01 4.778106521143203611e-02 5.939802237005140095e-02 6.039329484847671091e-03
8.688328021802096401e-01 5.854150731791313983e-02 6.308784214860492512e-02 9.537848353272478791e-03
8.490069906102710728e-01 7.005428491900948795e-02 6.668940860573495388e-02 1.424931586498428583e-02
8.283600644951734093e-01 8.266819289519514169e-02 6.956595608230860261e-02 1.940578652732291576e-02
8.103879493126925349e-01 9.615393380467132656e-02 7.028173918231414574e-02 2.317637770032163896e-02
8.004691218954717025e-01 1.083449319427288449e-01 6.777539539877956709e-02 2.341055076302008334e-02
7.986726869143604413e-01 1.177540279285899938e-01 6.330906733311840451e-02 2.026421782393127841e-02
7.972054104220398507e-01 1.266810521636250741e-01 5.996272366752975619e-02 1.615081374680510731e-02
7.889951034508915217e-01 1.384871997911097385e-01 5.973217714849546334e-02 1.278551960950292943e-02
7.724798118483298115e-01 1.544328647699400592e-01 6.262546653782914696e-02 1.046185684390068572e-02
7.497661909728035035e-01 1.736162828120746959e-01 6.758360743835914453e-02 9.033918776762590169e-03
7.260246255511348945e-01 1.927648739752025886e-01 7.295759496081223594e-02 8.252905512850277486e-03
7.092221572985365485e-01 2.063353467235027883e-01 7.675918923373409308e-02 7.683306744226522413e-03
7.055070093148168020e-01 2.097830600954770919e-01 7.770819407715308380e-02 7.001736512552752568e-03
7.157434714961838917e-01 2.022708154773174560e-01 7.582531939913639274e-02 6.160393627362486732e-03
7.353155407393933141e-01 1.875959442277455314e-01 7.186917975513437695e-02 5.219335277726671815e-03
7.565713373718776502e-01 1.725890389532609426e-01 6.657678839732433795e-02 4.262835277536921805e-03
7.724189527001311673e-01 1.631113607487156836e-01 6.103575664739085277e-02 3.433929903762337598e-03
7.814967373239523063e-01 1.597649040761636163e-01 5.597001861539543238e-02 2.768339984488677082e-03
7.908031716329989580e-01 1.564565467411123956e-01 5.054932313362382051e-02 2.190958492264891404e-03
8.070481768987136650e-01 1.469867441094278859e-01 4.427455482432687134e-02 1.690524167531492258e-03
3.744629949066350938e-01 5.981826830187606525e-01 3.687036223073547787e-03 2.366728585153054024e-02
1.276641258944352653e-02 6.106225246839470933e-02 1.599234974046897031e-02 9.101789852016928251e-01
1.649963447276518377e-02 7.608042277375197393e-02 2.211893119093060953e-02 8.853010115625522536e-01
2.090095393804903071e-02 1.026212495795993662e-01 3.403306367555352513e-02 8.424447328067981022e-01
2.538180063798844283e-02 1.432137379723211201e-01 5.559377242231718086e-02 7.758106889673730411e-01
2.956740597125718378e-02 1.924722507824648821e-01 8.986652576881982990e-02 6.880938174774580141e-01
3.338629189703427869e-02 2.392308692371547529e-01 1.374153913280251604e-01 5.899674475377857386e-01
3.712192719663926638e-02 2.786212045605155341e-01 1.988489035174694219e-01 4.854079647253757845e-01
4.101494538602732526e-02 3.099328525066077922e-01 2.757122792400686917e-01 3.733399228672962811e-01
4.441584463464785804e-02 3.287605190040975289e-01 3.639511817623699019e-01 2.628724545988846972e-01
4.609030134167132337e-02 3.341673937222309765e-01 4.472967782543961768e-01 1.724455266817012666e-01
4.623152101177539774e-02 3.340150941886494418e-01 5.071546079459268164e-01 1.125987768536484274e-01
4.774833553975300210e-02 3.337933750225101637e-01 5.385891421968677095e-01 7.986914724086927042e-02
5.356462921944137728e-02 3.340690532685650083e-01 5.479512449839266663e-01 6.441507252806677464e-02
6.583712254168699873e-02 3.332723326113576356e-01 5.428486501290230581e-01 5.804189471793216870e-02
8.800993333853830702e-02 3.303822143352946883e-01 5.256672799568483656e-01 5.594057236931886112e-02
1.225130906142637560e-01 3.250214791082717825e-01 4.962268626844810737e-01 5.623856759298331842e-02
1.711743841268135724e-01 3.132235808465616000e-01 4.569854659206387115e-01 5.861656910598594949e-02
2.275608216120843241e-01 2.959078224786488853e-01 4.134652369564040253e-01 6.306611895286259872e-02
2.851782931809423438e-01 2.791974138401809302e-01 3.652109346740260443e-01 7.041335830485069558e-02
3.356440290220560341e-01 2.714899521566110918e-01 3.110654688296722314e-01 8.180054999166078145e-02
3.760876458159885249e-01 2.699998681852125437e-01 2.563965387854512112e-01 9.751594721334767846e-02
4.035519932669448528e-01 2.682005806057531361e-01 2.094571912021689630e-01 1.187902349251331591e-01
4.229203118739574552e-01 2.568012542538348209e-01 1.703854827035189146e-01 1.498929511686888649e-01
4.302865613419435964e-01 2.384343664820114395e-01 1.354030591069381173e-01 1.958760130691068191e-01
4.229208712655717628e-01 2.162284383033266921e-01 1.045016488747617933e-01 2.563490415563401403e-01
4.040017081201665583e-01 1.924590726723851564e-01 7.934800274991303526e-02 3.241912164575351252e-01
3.692025916827235688e-01 1.778504861228948353e-01 6.275766734565800531e-02 3.901892548487235768e-01
3.260534408605625933e-01 1.728850872120104298e-01 5.280553693626408029e-02 4.482559349911631741e-01
2.799576892913181458e-01 1.746809825637524460e-01 4.744438273980468301e-02 4.979169454051248223e-01
2.335354355030070106e-01 1.804111202027528227e-01 4.492633485286637307e-02 5.411271094413735439e-01
1.889570214786275570e-01 1.884354749074227953e-01 4.368149737179195802e-02 5.789260062421577313e-01
1.484020602183575843e-01 1.972588312038630887e-01 4.215508191433947616e-02 6.121840266634394068e-01
1.139085414242108352e-01 2.037002032330268164e-01 3.924140238098643846e-02 6.431498529617758475e-01
8.802142679969995887e-02 2.058335772931002561e-01 3.548371316855535723e-02 6.706612827386442266e-01
7.176382015377544277e-02 2.043139816379832552e-01 3.260253827875271571e-02 6.913196599294884059e-01
6.264144211221399361e-02 1.992960404752684433e-01 3.124943139760058206e-02 7.068130860149166583e-01
5.744322709588410569e-02 1.918074408360410377e-01 3.062241644843211388e-02 7.201269156196425936e-01
5.419163568184907909e-02 1.840553404516616920e-01 2.949965822287031053e-02 7.322533656436188698e-01
5.189631104996679511e-02 1.759428133379257464e-01 2.700436068946556259e-02 7.451565149226422324e-01
4.959282325813856029e-02 1.650802836175018495e-01 2.338408646233159499e-02 7.619428066620280715e-01
4.608866761573045256e-02 1.510996027665195973e-01 1.968250076762620079e-02 7.831292288501238152e-01
4.084525983020165230e-02 1.348904687185156215e-01 1.642504031639295189e-02 8.078392311348898680e-01
3.441522637341752622e-02 1.181263329007012780e-01 1.372275992809524926e-02 8.337356807977859274e-01
2.777066874877781588e-02 1.034391458087110804e-01 1.159517087941660043e-02 8.571950145630944373e-01
2.189583336649491771e-02 9.398358727626399123e-02 1.003619465378182730e-02 8.740843847034595049e-01
1.755076299333408613e-02 9.258916605163282354e-02 9.022883390179153515e-03 8.808371875648541849e-01
1.496635935244948132e-02 1.013610704334481222e-01 8.396788751896240230e-03 8.752757814622064148e-01
1.444007515576129115e-02 1.211472691583613398e-01 7.581927210311369472e-03 8.568307284755659614e-01
1.537505510524722271e-02 1.518694632704987169e-01 7.673556660795794598e-03 8.250819249634581132e-01
1.717961442644977410e-02 1.858678294719649793e-01 7.251354173111902203e-03 7.897012019284733730e-01
1.859229914798794098e-02 2.172025186144790621e-01 6.821453353032929171e-03 7.573837288845003402e-01
1.927304113679668626e-02 2.432576125609554607e-01 6.590862637374537113e-03 7.308784836648735128e-01
1.965879975853865660e-02 2.652090093658259207e-01 6.705699679125327016e-03 7.084264911965100220e-01
2.006068816551300968e-02 2.866207720574495132e-01 7.177265312545266958e-03 6.861412744644923567e-01
1.997511893736579267e-02 3.110492965557250522e-01 7.860209505695516657e-03 6.611153750012132013e-01
1.851323223763430559e-02 3.362986593991776907e-01 8.493341075350806929e-03 6.366947672878371378e-01
1.563897827310712155e-02 3.545509950697416923e-01 8.830357236562133214e-03 6.209796694205889089e-01
1.238651234096690111e-02 3.572689661548406614e-01 8.773237007842629026e-03 6.215712844963500183e-01
9.837752308187277736e-03 3.377721807928776299e-01 8.409363269550761480e-03 6.439807036293844211e-01
8.310556493241274406e-03 3.014668080519805615e-01 7.989826202186089271e-03 6.822328092525922205e-01
7.613607371865289963e-03 2.675177221804048711e-01 7.848079076085019354e-03 7.170205913716447554e-01
7.780616587553651313e-03 2.509896162521146334e-01 8.343149529434839076e-03 7.328866176308972413e-01
9.111785518677098517e-03 2.608570178467147782e-01 9.849509961110015574e-03 7.201816866734980227e-01
1.190042480595973270e-02 3.045448895184443283e-01 1.271913672816042673e-02 6.708355489474354671e-01
1.625361019239215249e-02 3.748358608966272376e-01 1.688403856940456221e-02 5.920264903415762836e-01
2.211362178154492944e-02 4.456171237169148092e-01 2.172255858443654375e-02 5.105466959171036656e-01
2.943799729648530900e-02 4.910205190057003177e-01 2.655345487635756702e-02 4.529880288214568340e-01
3.808815913600754194e-02 5.063268275701475751e-01 3.096707688332994007e-02 4.246179364105149290e-01
4.789768281316364451e-02 5.012410245136937892e-01 3.485279835950638727e-02 4.160084943136361235e-01
5.917081756394577952e-02 4.851625702743078694e-01 3.795353584926999813e-02 4.177130763124763946e-01
7.303157326967799068e-02 4.607919861489019331e-01 3.948550307928054559e-02 4.266909375021389894e-01
2.718318812512385619e-07 4.403395205875384120e-07 9.998779253286602664e-01 1.213624999377451948e-04
7.666764036723862498e-07 1.345107610858079016e-06 9.997663972584356351e-01 2.314909575498543708e-04
9.415291488859874730e-05 1.928126084709912754e-03 9.973354018324503967e-01 6.423191679510994534e-04
1.147629661205035276e-04 3.611158971767052840e-03 9.950332984641490075e-01 1.240779597963421197e-03
1.425746257221418190e-04 6.630842396956927037e-03 9.909411279295480268e-01 2.285455047772864262e-03
2.054443977674007163e-04 1.241483744040238271e-02 9.831915752370501416e-01 4.188142924780128076e-03
3.861191785982691837e-04 2.370672521297605834e-02 9.676551808660006637e-01 8.251974742425087148e-03
8.858331698303301789e-04 4.402116259461139047e-02 9.364257362983627875e-01 1.866726793719555508e-02
8.438164008578909886e-04 7.197719954872226766e-02 8.815410728352536252e-01 4.563791121516643651e-02
1.501154438279356153e-03 1.074529854668049428e-01 7.815565863340585562e-01 1.094892737608574723e-01
2.665432489687529806e-03 1.387088531616022247e-01 6.304062393689715549e-01 2.282194749797385458e-01
4.057586012637947291e-03 1.494249572281377558e-01 4.559274745570218723e-01 3.905899822022024792e-01
4.794707484513718691e-03 1.330858631027988792e-01 2.988533691409656079e-01 5.632660602717219911e-01
4.407647141846588942e-03 1.027131841503438892e-01 1.774180545226321237e-01 7.154611141851774381e-01
3.547401956250738255e-03 6.988617728229401527e-02 9.792492662850797724e-02 8.286414941329471873e-01
2.910512236502241050e-03 4.581772041356422381e-02 5.380429831949509051e-02 8.974674690304383917e-01
2.651788329121396344e-03 3.106257811787169892e-02 3.243612255395313115e-02 9.338495109990538889e-01
2.583684427009306974e-03 2.162391726538711798e-02 2.181814545183225276e-02 9.539742528557713097e-01
2.523255488140337035e-03 1.497907649944476248e-02 1.563589042704336546e-02 9.668617775853715068e-01
2.386791322692030301e-03 1.030557582959802654e-02 1.146056886710580119e-02 9.758470639806041680e-01
2.176588838444181839e-03 7.164985193290626143e-03 8.457128516405674687e-03 9.822012974518596895e-01
1.961148346931649439e-03 5.141363686556399762e-03 6.275651732724126311e-03 9.866218362337874082e-01
1.798544078872572113e-03 3.878996262440492521e-03 4.647816712393496551e-03 9.896746429462935923e-01
6.532397573123926993e-01 2.401494237065869564e-01 8.850382456609084958e-02 1.810699441492941153e-02
6.440761264245677964e-01 2.406028192708375701e-01 9.616822118396278762e-02 1.915283312063216156e-02
6.482887611171952447e-01 2.277941958817353563e-01 1.036945456644928348e-01 2.022249733657623116e-02
6.665946234811332971e-01 2.025552703041081926e-01 1.097247399521464745e-01 2.112536626261205322e-02
6.965329302038880677e-01 1.698252264895104280e-01 1.118886937782336000e-01 2.175314952836782459e-02
7.337793048125510476e-01 1.358596650807121220e-01 1.082795052768868171e-01 2.208152482985034637e-02
7.717418613694070340e-01 1.062826395628401061e-01 9.986416847496908111e-02 2.211133059278392807e-02
8.033310249348071252e-01 8.462682252541953165e-02 8.989774448348122893e-02 2.214440805629202050e-02
8.247902067649105495e-01 7.146212489419037639e-02 8.090609137657986394e-02 2.284157696431925871e-02
8.377750108671294660e-01 6.449402323780915880e-02 7.305919219930896713e-02 2.467177369575250870e-02
8.443678683374328253e-01 6.111060680256036326e-02 6.625964943062083445e-02 2.826187542938597697e-02
8.428866402537594782e-01 6.044634750633712944e-02 6.183102787778630566e-02 3.483598436211726712e-02
8.316894149509737044e-01 6.223677711668726409e-02 6.061341717537684776e-02 4.546039075696201720e-02
8.111069517044234845e-01 6.616639740095764388e-02 6.242465884896680056e-02 6.030199204565216131e-02
7.825723693457354857e-01 7.201193084134291378e-02 6.641223961111772378e-02 7.900346020180400164e-02
7.409067020515133217e-01 8.129482551426246706e-02 7.516996461320851752e-02 1.026285078210158047e-01
6.855893422589881547e-01 9.346509164517088908e-02 8.896147031822460027e-02 1.319840957776163559e-01
6.139487644343644135e-01 1.101356020403270464e-01 1.087284367586651007e-01 1.671871967666437031e-01
5.265145649205654754e-01 1.344387628964517911e-01 1.340030257816353376e-01 2.050436464013471738e-01
4.312894468653080682e-01 1.687775781686068621e-01 1.616023585606463919e-01 2.383306164054389553e-01
3.418890967898692845e-01 2.113134222998759026e-01 1.874711915451367783e-01 2.593262893651179235e-01
2.723749204692362258e-01 2.574885886877210650e-01 2.055964796379031734e-01 2.645400112051397024e-01
2.248513838113473384e-01 2.990033179743293856e-01 2.153241401000511590e-01 2.608211581142721447e-01
1.936486889499107744e-01 3.295483000176774868e-01 2.150985946578357899e-01 2.617044163745761987e-01
1.722052440043596588e-01 3.493704783865716479e-01 2.096937663832097731e-01 2.687305112258589479e-01
1.512349049921241639e-01 3.697974092568941940e-01 2.099376488296458010e-01 2.690300369213357579e-01
1.297233630765739498e-01 3.949960672925436067e-01 2.229324645108394232e-01 2.523481051200427983e-01
1.112445979801952312e-01 4.144912044090676706e-01 2.498650097967118899e-01 2.243991878140252638e-01
9.672241534287583098e-02 4.154366198485542339e-01 2.885576700548994622e-01 1.992832947536705701e-01
8.577366050379131579e-02 3.951292430205230466e-01 3.343020069790402782e-01 1.847950894966452762e-01
7.596023880865451772e-02 3.669074810259719266e-01 3.752232434330224908e-01 1.819090367323508706e-01
6.580372292057964922e-02 3.461143401560805022e-01 3.985839663005681377e-01 1.894979706227716554e-01
5.514836651518762595e-02 3.388350811277918151e-01 4.017812875535541339e-01 2.042352648034664597e-01
4.448149681568601410e-02 3.433402199400167332e-01 3.902127801025895848e-01 2.219655031417078206e-01
3.488015151886526138e-02 3.492880246535491895e-01 3.744896357757375727e-01 2.413421880518480667e-01
2.667755367048394929e-02 3.610364522932268949e-01 3.476404633428678559e-01 2.646455306934212270e-01
2.020189659938579144e-02 3.807674045830076182e-01 3.046668558444189934e-01 2.943638429731871287e-01
1.501739857890071507e-02 4.105506271694963627e-01 2.523999019775935992e-01 3.220320722740091512e-01
1.098505201151895108e-02 4.539326895067886114e-01 2.008538369255577216e-01 3.342284215561346916e-01
8.293925796747135884e-03 5.059212347953271349e-01 1.546992641823871639e-01 3.310855752255387752e-01
6.884883200843547151e-03 5.493657688203481548e-01 1.189192300509556294e-01 3.248301179278527129e-01
6.316408904235869259e-03 5.727449736978249550e-01 9.635094341546246444e-02 3.245876739824767876e-01
6.182348659876446724e-03 5.725960651837366244e-01 8.482500434406103906e-02 3.363965818123256235e-01
6.228132646775115175e-03 5.499918704810518033e-01 8.018604570721246660e-02 3.635939511649604605e-01
6.086713899963029119e-03 5.127761646512710714e-01 7.771693437003952820e-02 4.034201870787262334e-01
5.657879974106534357e-03 4.695199485523414706e-01 7.381011268666864966e-02 4.510120587868837183e-01
5.190400952900866248e-03 4.240706581839018829e-01 6.778531973575310787e-02 5.029536211274443502e-01
4.738004167865351481e-03 3.736624476456116284e-01 6.166016150938139623e-02 5.599393866771416040e-01
4.250965784743955360e-03 3.166452468644058160e-01 5.763359762551704957e-02 6.214701897253332996e-01
3.838044078330886573e-03 2.627013942570352034e-01 5.751776931997654857e-02 6.759427923446570396e-01
3.704749296967194561e-03 2.280802377434938411e-01 6.471747267557391436e-02 7.034975402839647174e-01
4.025583747963922682e-03 2.199294885252575660e-01 8.424558453341775277e-02 6.917993431933608939e-01
5.009248908376070543e-03 2.315668202033171752e-01 1.189645158703829947e-01 6.444594150179232539e-01
6.939636739119092214e-03 2.552194837220684853e-01 1.663135948686566279e-01 5.715272846701558995e-01
9.816518694262924699e-03 2.853893598536422216e-01 2.162919475812030146e-01 4.885021738708918426e-01
1.304438952964265958e-02 3.147971261080766414e-01 2.536756356626353459e-01 4.184828486996453600e-01
1.564212099575500170e-02 3.357412032345808428e-01 2.706311049304290783e-01 3.779855708392352298e-01
1.674081561935688786e-02 3.436280680102171692e-01 2.760523950542432270e-01 3.635787213161826292e-01
1.658358887623470959e-02 3.368138577868032280e-01 2.840284391833063360e-01 3.625741141536558687e-01
1.691312020062311211e-02 3.196329890212997182e-01 2.992779263184316418e-01 3.641759644596457290e-01
1.944705533318320106e-02 3.029811455623044880e-01 3.186921206265597717e-01 3.588796784779528237e-01
2.493344719833335416e-02 2.960435091421511067e-01 3.390244284459771884e-01 3.399986152135384687e-01
3.259743234986007404e-02 3.037303501911263748e-01 3.516429393911843504e-01 3.120292780678293743e-01
4.036695473956986024e-02 3.267260579690549616e-01 3.411744106742004012e-01 2.917325766171746104e-01
4.711555311198072776e-02 3.562545739317017901e-01 3.027943496767705467e-01 2.938355232795468730e-01
5.193092661691370987e-02 3.782216856222676005e-01 2.489816897864299827e-01 3.208656979743890747e-01
5.293307188887304976e-02 3.856225830922052067e-01 1.969774742127974043e-01 3.644668708061240547e-01
4.982211822687336589e-02 3.843511351990734348e-01 1.572204367598108998e-01 4.086063098142421190e-01
4.556707571184872435e-02 3.842100909561088629e-01 1.346532395321649034e-01 4.355695937998774192e-01
4.372168855158376638e-02 3.885719500075339727e-01 1.295081257376292094e-01 4.381982357032531694e-01
4.545167224632479935e-02 3.930182255337810737e-01 1.389523839588412413e-01 4.225777182610531701e-01
4.961672687746012528e-02 3.906282365157014436e-01 1.587055666401032961e-01 4.010494699667351282e-01
5.410583283581469477e-02 3.804807878506952235e-01 1.802894489909490083e-01 3.851239303225408861e-01
5.642449980190646780e-02 3.677395742981510174e-01 1.915966984792341621e-01 3.842392274207080405e-01
5.490682078409254985e-02 3.556997808307565956e-01 1.847321025625620061e-01 4.046612958225890844e-01
5.005214554854881676e-02 3.404584341381561297e-01 1.611274299594611104e-01 4.483619903538339502e-01
4.421567888654405476e-02 3.145062414512236337e-01 1.294454583510354362e-01 5.118326213111971112e-01
3.949661762837521073e-02 2.768003503328823056e-01 9.993589920295382900e-02 5.837671328357884049e-01
3.631346964518558651e-02 2.379753640081499200e-01 7.829525076692903096e-02 6.474159155797355458e-01
3.421053030925573502e-02 2.079916880080827923e-01 6.381102334695980260e-02 6.939867583357014480e-01
3.305798931514173505e-02 1.872364880918372942e-01 5.357588598136672070e-02 7.261296366116544165e-01
3.263995203160803549e-02 1.716088288621103464e-01 4.582899167380374145e-02 7.499222274324777171e-01
3.205168298274184424e-02 1.554439787732229683e-01 3.920741627203182950e-02 7.732969219720033927e-01
3.010365621672880451e-02 1.359812233417791449e-01 3.286156945695351689e-02 8.010535509845384539e-01
2.620903679945323084e-02 1.149662066770264224e-01 2.694994142613678714e-02 8.318748150973832578e-01
2.149998515954186507e-02 9.625106614774216196e-02 2.216653214797393093e-02 8.600824165447417124e-01
1.749322650672930843e-02 8.250569142128584554e-02 1.886678183069107062e-02 8.811343002412937997e-01
1.448905102457548333e-02 7.304601882401159929e-02 1.668838161076291807e-02 8.957765485406498085e-01
1.228003661113617577e-02 6.601565070671636115e-02 1.508119221573217539e-02 9.066231204664148002e-01
