3.372024043739255540e-04 5.283376438266624425e-02 9.419154095476753863e-01 4.913623665284485263e-03
1.054446377692196402e-01 2.994938647848292557e-01 6.837640424948614182e-02 5.266850931964651705e-01
1.036958504912970369e-01 2.957970802796210941e-01 6.795738914042068202e-02 5.325496800886611037e-01
1.016376614214713064e-01 2.910193696415822040e-01 6.635643894349285699e-02 5.409865299934536464e-01
1.017089497858481295e-01 2.908979233754681037e-01 6.519602093462872894e-02 5.421971059040548990e-01
1.069241756634296686e-01 2.974332917666074327e-01 6.686189444219552136e-02 5.287806381277674328e-01
1.194663516203437054e-01 3.067846901318053709e-01 7.247187741718021103e-02 5.012770808306703518e-01
1.383555825501409375e-01 3.151144930484440776e-01 8.073346525604067903e-02 4.657964591453741532e-01
1.606395824718851173e-01 3.247577307207801800e-01 8.934705120430629088e-02 4.252556356030284812e-01
1.852095611986512569e-01 3.403171429450916885e-01 9.680865584338436969e-02 3.776646400128727543e-01
2.142394402408751009e-01 3.603952770437813813e-01 1.028111660402529770e-01 3.225541166750904298e-01
2.515846069850481426e-01 3.788995198871158987e-01 1.059527639652764752e-01 2.635631091625594280e-01
3.032084008441798817e-01 3.840426003838026681e-01 1.073910414646212369e-01 2.053579573073958109e-01
3.731677923463330715e-01 3.698231859794481324e-01 1.056883832894787156e-01 1.513206383847401637e-01
4.620549107156938784e-01 3.348147332188784464e-01 9.895592752609613796e-02 1.041744285393314123e-01
5.650887706440854696e-01 2.827411896875211550e-01 8.583678937568672840e-02 6.633325029270646656e-02
6.739674413751249871e-01 2.203679304089423419e-01 6.698759532537566785e-02 3.867703289055671872e-02
7.735225188611410951e-01 1.585914806839381075e-01 4.751047528868687642e-02 2.037552516623397647e-02
8.556135765916135227e-01 1.035114678197204263e-01 3.123678191714343577e-02 9.638173671522524966e-03
9.121682192807514244e-01 6.276640275529137003e-02 2.061312241855327645e-02 4.452255545403942076e-03
9.490905915512328761e-01 3.486090273731111411e-02 1.388731514716219292e-02 2.161190564293805159e-03
9.680241390155409631e-01 2.079004661652255129e-02 1.001361289665056789e-02 1.172201471285832077e-03
9.794662605709866243e-01 1.239039635838975854e-02 7.473496994237159227e-03 6.698460763865507137e-04
9.873242569842436422e-01 6.668688377688427281e-03 5.629561556024336756e-03 3.774930820433388778e-04
9.906804061198044575e-01 4.456905779750425407e-03 4.628409801976337765e-03 2.342782984687605664e-04
9.922333941042830174e-01 3.410930980994886837e-03 4.197353669261849086e-03 1.583212454601384388e-04
9.926945927517757395e-01 2.939941479036037569e-03 4.249524285359890415e-03 1.159414838284824256e-04
9.924752419406450699e-01 2.696218282844837187e-03 4.739650239585303619e-03 8.888953692480317068e-05
9.903282104625760196e-01 3.553232987292035804e-03 6.036746218515168586e-03 8.181033161675000146e-05
9.878638901066718603e-01 3.678714661470486487e-03 8.382443529342588698e-03 7.495170251512668657e-05
9.827982340899288349e-01 3.967651911763617721e-03 1.315933229466648320e-02 7.478170364113514588e-05
9.725977748920178190e-01 4.429120730544588297e-03 2.289273907341218481e-02 8.036530402545955941e-05
9.525490105314047273e-01 5.136452071312924868e-03 4.221998573389903336e-02 9.455166338339904524e-05
9.148969611536388324e-01 6.220051824931147576e-03 7.876129111095206414e-02 1.216959104782028474e-04
8.475754144172390481e-01 7.635645774580000766e-03 1.446299364217483729e-01 1.590033864325124087e-04
7.337013704398432923e-01 9.064785007972033307e-03 2.570414496220577161e-01 1.923949301266830866e-04
5.686432915637620322e-01 1.011814571585629464e-02 4.210161905361929913e-01 2.223721841888819518e-04
3.995545532834535174e-01 9.583239003647426452e-03 5.906904858880145381e-01 1.717218248844519274e-04
2.793487915779582220e-01 8.955580214755657145e-03 7.115482478904674446e-01 1.473803168185995821e-04
2.200356630082427878e-01 8.511123861926830902e-03 7.713164702422778962e-01 1.367428875525645649e-04
2.048461730002993086e-01 8.413724052124276279e-03 7.865976248762412970e-01 1.424780713351491053e-04
2.163701950110098748e-01 8.675942411078968464e-03 7.747812947588622601e-01 1.725678190489045890e-04
2.416080831186167011e-01 9.447149668805193690e-03 7.486931971887401671e-01 2.515700238380687856e-04
2.715467043959963189e-01 1.074975243653693811e-02 7.172964402290318287e-01 4.071029384351066479e-04
3.014022197378780077e-01 1.259535058296855532e-02 6.853383198518410158e-01 6.641098273123672343e-04
3.292087745323200032e-01 1.518233734438762493e-02 6.545516805328200904e-01 1.057207590472225914e-03
3.530436347824488230e-01 1.871990778421170690e-02 6.266220701234829216e-01 1.614387309856666697e-03
3.709335780080455502e-01 2.326694198030104452e-02 6.034678327906143336e-01 2.331647221038763308e-03
3.825411220963338410e-01 2.870417214296832817e-02 5.855423745939292157e-01 3.212331166768697070e-03
3.904768829829802779e-01 3.466683968002912813e-02 5.705633412736362819e-01 4.292936063354309446e-03
3.988543259809637642e-01 4.075382195316006734e-02 5.547280654397448441e-01 5.663786626131341734e-03
4.062148559465061370e-01 4.644943299734452524e-02 5.399909236687473468e-01 7.344787387401858179e-03
4.074470090708401937e-01 5.131292219876139316e-02 5.320712006410307504e-01 9.168868089367331400e-03
4.003068545302641001e-01 5.511706036578577217e-02 5.337720384284104780e-01 1.080404667553968960e-02
3.861418697643319575e-01 5.789142122164554760e-02 5.441084165081839785e-01 1.185829250583834461e-02
3.685171047564070324e-01 6.037419592126150314e-02 5.590388757542908982e-01 1.206982356804057674e-02
3.504818580679492923e-01 6.349764798074664096e-02 5.746225193597849223e-01 1.139797459151970123e-02
3.294178291117496604e-01 6.715245562391686240e-02 5.934601910987558071e-01 9.969524165577546906e-03
2.990045698364524052e-01 7.067867008388131755e-02 6.221176636485714617e-01 8.199096431094487700e-03
2.560371617701734936e-01 7.341935135922723898e-02 6.640910605594892990e-01 6.452426311109924102e-03
2.032270004426934285e-01 7.413384637647957298e-02 7.178383534672391209e-01 4.800799713587947104e-03
1.476452672886243989e-01 7.088758986631595038e-02 7.781948499907777039e-01 3.272292854281993232e-03
9.803038196098362578e-02 6.257109290014496727e-02 8.373976436854396743e-01 2.000881453431696631e-03
6.153936339328208022e-02 5.142534402733175969e-02 8.859038408423207667e-01 1.131451737065727143e-03
3.860924625859730314e-02 4.116665467213902890e-02 9.195908658163789440e-01 6.332332528850299468e-04
2.480236788478259666e-02 3.358069721011455733e-02 9.412482120997179846e-01 3.687228053846717526e-04
1.643500243322663923e-02 2.876394340598198776e-02 9.545674989701620206e-01 2.335551906297593289e-04
1.136846069894561530e-02 2.593488335196126801e-02 9.625299210782249926e-01 1.667348708681783316e-04
8.307379840870368279e-03 2.450517895860500686e-02 9.670495073233792427e-01 1.379338771458300317e-04
6.401076090810690032e-03 2.426052476142454353e-02 9.692054152727564986e-01 1.329838750084581160e-04
4.461058455828895847e-03 2.490353097268345819e-02 9.704964573704291109e-01 1.389532010585557730e-04
3.592144414733888964e-03 2.494173803749744067e-02 9.713064593907951849e-01 1.596581569732704231e-04
4.301379320138704748e-03 2.830944571475106988e-03 9.919959529477719862e-01 8.717231606142074015e-04
9.795541791962995848e-02 4.873969544902986284e-01 2.597833840015979431e-02 3.886692891899116709e-01
7.644080420928237030e-02 4.240561618373202002e-01 2.416508680132249676e-02 4.753379471520750577e-01
5.731354503108925663e-02 3.571076925278274805e-01 2.294106600691905515e-02 5.626376964341640585e-01
4.302059996855655405e-02 2.870526078834388928e-01 2.192442077473632719e-02 6.480023713732682156e-01
3.339440356314950231e-02 2.159620486053227539e-01 2.084585014746105289e-02 7.297976976840667707e-01
2.739820535038143406e-02 1.560812091266908785e-01 2.005753075292850129e-02 7.964630547699992347e-01
2.389587882646061409e-02 1.158445127699694321e-01 2.016160022966557303e-02 8.400980081739043426e-01
2.197006202705224440e-02 9.263893501226025395e-02 2.135864041091180970e-02 8.640323625497754456e-01
2.125592289355533737e-02 8.054868830642686328e-02 2.342800316877809846e-02 8.747673856312395690e-01
2.175873254684122099e-02 7.548336896953361519e-02 2.598894876445841454e-02 8.767689497191668568e-01
2.323784117274132685e-02 7.392610966541275641e-02 2.835027117499970897e-02 8.744857779868460135e-01
2.523876889460131834e-02 7.317293981989111962e-02 2.986287486520933232e-02 8.717254164202982158e-01
2.746787394251198888e-02 7.412656204917057734e-02 3.099179577997258211e-02 8.674137682283448170e-01
3.023250823850090474e-02 7.990504805989499804e-02 3.299941690614275475e-02 8.568630267954614466e-01
3.490074030807259475e-02 9.299018130085436040e-02 3.690115936668680874e-02 8.352079190243858475e-01
4.280936703313367037e-02 1.146208208056040678e-01 4.270052543402402118e-02 7.998692867272381157e-01
5.409771795370315467e-02 1.446907988889391539e-01 4.942726717102758488e-02 7.517842159863302731e-01
6.798564834003702206e-02 1.816403163642810736e-01 5.663162046424956991e-02 6.937424148314319527e-01
8.358733933362615109e-02 2.232512499942277129e-01 6.527983051963066885e-02 6.278815801525153839e-01
1.003819493688752756e-01 2.676718046531191275e-01 7.689871916889742809e-02 5.550475268091084047e-01
1.175327364020157667e-01 3.113788483416565223e-01 9.234414578218502756e-02 4.787442694741427807e-01
1.345358595381387912e-01 3.464945602000725211e-01 1.114199062375825777e-01 4.075496740242059435e-01
1.527438654647265692e-01 3.659312521202599533e-01 1.340519000816090267e-01 3.472729823334044230e-01
1.742205410227047335e-01 3.680105507475140425e-01 1.618692904442881608e-01 2.958996177854930631e-01
1.986842664771452382e-01 3.548339814065600839e-01 1.957880765901468811e-01 2.506936755261477412e-01
2.235688710897057452e-01 3.335021334985081021e-01 2.331728809101398237e-01 2.097561145016463013e-01
2.479077837695252973e-01 3.111188658372592841e-01 2.702245497788657302e-01 1.707488006143491888e-01
2.730255894206774503e-01 2.886000172758856896e-01 3.028349959297605420e-01 1.355393973736763735e-01
2.999709034486210402e-01 2.652497941856200581e-01 3.272706814238309225e-01 1.075086209419280486e-01
3.289943196648857926e-01 2.417613477837178837e-01 3.426471250214292441e-01 8.659720752996688531e-02
3.627890369457321129e-01 2.184812345391480559e-01 3.476225035321632295e-01 7.110722498295689309e-02
4.066181865679153185e-01 1.951081850102411308e-01 3.384999274161544225e-01 5.977370100568923927e-02
4.615124219519789461e-01 1.725484379947573588e-01 3.137805483047586552e-01 5.215859174850491498e-02
5.152573180525019669e-01 1.534035836350689519e-01 2.827240084097367712e-01 4.861508990269255287e-02
5.490628960495071986e-01 1.392335951042580067e-01 2.628677160062339868e-01 4.883579284000104381e-02
5.538672287068661104e-01 1.293397062133863074e-01 2.656284961359321461e-01 5.116456894381559567e-02
5.291307902191773049e-01 1.232958544417729341e-01 2.931449868483423371e-01 5.442836849070744470e-02
4.781569335253573749e-01 1.213089323322959767e-01 3.424166821295571150e-01 5.811745201278969292e-02
4.070352475009906823e-01 1.202529328145403864e-01 4.112465486045750462e-01 6.146527107989394750e-02
3.224939088794754327e-01 1.208883306881121805e-01 4.936719856552312380e-01 6.294577477718087122e-02
2.347400231769327661e-01 1.212309524959241519e-01 5.828546540737221671e-01 6.117437025342088719e-02
1.613073705354420018e-01 1.250735015194795741e-01 6.554525527460773882e-01 5.816657519900116091e-02
1.113862181385948252e-01 1.413936470004054924e-01 6.875271343586765171e-01 5.969300050232310972e-02
8.658143758034438087e-02 1.800713760779868722e-01 6.608948584905917079e-01 7.245232785107746931e-02
7.555097952029535269e-02 2.450686109328749640e-01 5.808124739176844242e-01 9.856793562914492601e-02
6.881700365891650628e-02 3.258937498036834635e-01 4.714600708200836210e-01 1.338291757173169505e-01
6.195135743842430931e-02 4.077786704644622562e-01 3.621402656034241607e-01 1.681297064936893570e-01
5.207163439051998299e-02 4.854849617988285515e-01 2.731301276462465566e-01 1.893132761644049367e-01
4.129622360120181052e-02 5.623460467773537808e-01 2.056664925049651316e-01 1.906912371164791453e-01
3.012411460447197639e-02 6.365455417545885508e-01 1.546097663625485563e-01 1.787205772783911351e-01
2.107070493581794657e-02 6.923137891699319146e-01 1.197974455827674894e-01 1.668180603114824134e-01
1.450338620572782372e-02 7.249460128473590448e-01 1.029082837617693869e-01 1.576423171851442095e-01
1.009973296860903862e-02 7.412415177160981417e-01 1.040243283139065111e-01 1.446344210013861264e-01
7.569654163688988024e-03 7.395667435055833794e-01 1.258973926498090368e-01 1.269662096809186791e-01
6.704398893416610092e-03 7.087281260336738553e-01 1.764813499428654620e-01 1.080861251300443276e-01
6.758142824455508173e-03 6.449223119176085151e-01 2.600402825782342497e-01 8.827926267970173657e-02
6.917470363413735085e-03 5.532811471526368763e-01 3.727894020761816085e-01 6.701198040776774889e-02
7.475604957347337966e-03 4.598047550053780408e-01 4.872423880358676129e-01 4.547725200140684959e-02
7.525714205426758258e-03 3.792973330900006879e-01 5.854877844056550762e-01 2.768916829891757830e-02
6.813694480295806946e-03 3.158975985568862610e-01 6.613330845548825998e-01 1.595562240793527500e-02
5.677830110066680626e-03 2.697929746574076471e-01 7.151033822713439569e-01 9.425812961181482055e-03
4.768300113993989217e-03 2.394738991705937792e-01 7.493632924526459904e-01 6.394508262766638446e-03
4.428792500051485434e-03 2.246654159068964263e-01 7.653697377258326107e-01 5.536053867219512328e-03
4.643124509472114879e-03 2.260562658639107547e-01 7.631536206141916745e-01 6.146989012425475851e-03
5.335675258957514079e-03 2.441492488072048161e-01 7.424848082100250490e-01 8.030267723812439459e-03
6.531056700412492255e-03 2.806832232615614764e-01 7.013413710795488587e-01 1.144434895847734959e-02
8.128694121736834699e-03 3.368438105998169951e-01 6.379370613739269169e-01 1.709043390451923938e-02
9.941789074941378979e-03 4.124647349088271797e-01 5.509390744359569103e-01 2.665440158027442344e-02
1.163283154731650434e-02 5.082223919029352777e-01 4.377124256893801801e-01 4.243235086036791642e-02
1.225239610593777118e-02 6.180126857259621298e-01 3.060027073360228611e-01 6.373221083207732118e-02
1.115210382743866621e-02 7.168981091371764425e-01 1.863524449507090730e-01 8.559734208467581484e-02
5.308406889430350439e-01 2.751606114083444618e-02 4.307275755072104695e-01 1.091567440892024336e-02
2.807643983490955009e-01 2.959127669814145545e-01 4.651080076543513686e-02 3.768120339040548772e-01
2.484475182599711895e-01 3.181958453499548756e-01 3.977339741904838133e-02 3.935832389710255952e-01
2.175845692963304934e-01 3.394433130884715877e-01 3.420293645219863593e-02 4.087691811629994287e-01
1.902484230361797257e-01 3.578484041948972738e-01 2.992246787090540455e-02 4.219807048980179220e-01
1.669536926591667081e-01 3.736043500742383672e-01 2.676041546631813955e-02 4.326815418002766811e-01
1.480825926337931142e-01 3.884158856851292474e-01 2.454755225831286095e-02 4.389539694227648225e-01
1.354351346714365578e-01 4.018000400289589713e-01 2.337604117670753767e-02 4.393887841228968916e-01
1.308768254466632086e-01 4.125944665265217637e-01 2.332585325227498965e-02 4.332028547745399583e-01
1.334824679858829799e-01 4.237578485580863474e-01 2.407136578840623695e-02 4.186883176676242657e-01
1.403857086558765732e-01 4.378674417615942005e-01 2.527542233148050155e-02 3.964714272510487247e-01
1.496138944905412715e-01 4.503915612187306960e-01 2.719488351757202993e-02 3.727996607731561829e-01
1.581840086452299399e-01 4.574783458568387196e-01 3.007942980513329118e-02 3.542582156927979731e-01
1.618921933745112174e-01 4.634363069412494873e-01 3.354741161082790135e-02 3.411240880734112690e-01
1.613418358316258405e-01 4.723600181499127415e-01 3.731646808375655572e-02 3.289816779347048969e-01
1.615797796202668446e-01 4.854263177255729311e-01 4.158336616672553970e-02 3.114105364874344972e-01
1.668513508970808634e-01 5.011958395597625460e-01 4.690228926315441471e-02 2.850505202800019400e-01
1.818903036279467256e-01 5.111851522374845080e-01 5.382705244737311795e-02 2.530974916871958080e-01
2.018064735354079542e-01 5.164851385541553430e-01 6.243572969806965300e-02 2.192726582123671331e-01
2.228280285550351403e-01 5.206129396430025924e-01 7.187164300895250435e-02 1.846873887930097491e-01
2.424556145815516817e-01 5.264096806676394902e-01 8.115639043605150926e-02 1.499783143147571107e-01
2.614182169094689812e-01 5.322073541367819960e-01 8.907722040605528524e-02 1.172972085476939458e-01
2.818015085674996922e-01 5.353470034179816928e-01 9.419962468875474337e-02 8.865186332576362183e-02
3.059794930578119132e-01 5.330090942131772147e-01 9.575742100932869982e-02 6.525399171968195022e-02
3.361817192294621059e-01 5.219768278095507918e-01 9.455273780075523771e-02 4.728871516023197552e-02
3.745920546494284631e-01 4.995232186340216596e-01 9.170331695991078280e-02 3.418140975663891412e-02
4.247053602259845406e-01 4.635434811171194602e-01 8.696688162543084188e-02 2.478427703146515032e-02
4.864713850006954776e-01 4.167969817101869201e-01 7.898187997089844981e-02 1.774975331821923227e-02
5.653540271124721794e-01 3.549826368109456065e-01 6.735107573899579148e-02 1.231226033758617971e-02
6.572930021610419171e-01 2.816267319159987959e-01 5.296786250142423991e-02 8.112403421534922221e-03
7.438840852559085448e-01 2.111553384488257523e-01 3.977704739773847004e-02 5.183528897527274470e-03
8.078421968996747360e-01 1.574223735677781344e-01 3.134842001487012780e-02 3.387009517676830509e-03
8.506011347933789546e-01 1.200937108683888394e-01 2.708421624841132053e-02 2.220938089820918490e-03
8.785626348809958408e-01 9.429544423814519016e-02 2.568270612889831522e-02 1.459214751960689373e-03
8.947056297654869539e-01 7.758466672551134202e-02 2.671339692493369944e-02 9.963065840678723799e-04
9.000734231179653433e-01 6.809273463834118745e-02 3.108793999417754084e-02 7.459022495160005277e-04
8.971311220899045313e-01 6.497358435448696845e-02 3.731992709548172943e-02 5.753664601267319701e-04
8.860186980725094363e-01 6.512595524345130005e-02 4.837150789172171839e-02 4.838387923173622708e-04
8.704593140619237834e-01 6.647585371456125880e-02 6.265588579282474480e-02 4.089464306903611802e-04
8.551604013920788283e-01 6.774876004671682994e-02 7.674719175345309785e-02 3.436468077512731725e-04
8.432042798876780987e-01 6.920633831494549248e-02 8.727325324169342424e-02 3.161285556827961025e-04
8.297377094695358446e-01 7.544410142951780973e-02 9.445957123669075639e-02 3.586178642557323409e-04
8.149395281881475217e-01 8.516529782778460567e-02 9.941428304929907089e-02 4.808909347691621254e-04
8.025858061903791141e-01 9.534422691181169973e-02 1.013997735002168804e-01 6.701933975924100843e-04
7.941507577848665456e-01 1.050896368725874191e-01 9.985212908584518987e-02 9.074762567010956522e-04
7.826989017231122947e-01 1.187991487605372931e-01 9.729955034112322543e-02 1.202399175227178083e-03
7.643115181205535347e-01 1.376444915078225972e-01 9.647911322607041762e-02 1.564877145553081631e-03
7.345178879160956242e-01 1.644012432869083884e-01 9.908264589018406232e-02 1.998222906811813592e-03
6.964219937346514122e-01 1.975870387499706060e-01 1.035075938937890794e-01 2.483373621588881152e-03
6.588170499249110801e-01 2.315077429494956096e-01 1.066442403969051489e-01 3.030966728688304964e-03
6.310985610526447243e-01 2.585093673671724490e-01 1.065819923447258316e-01 3.810079235457120884e-03
6.156878503111721246e-01 2.753628816660033118e-01 1.037686399894735129e-01 5.180628033350951830e-03
6.064896343813762636e-01 2.856730543369444542e-01 1.002752721693643823e-01 7.562039112314651937e-03
5.952536804243239166e-01 2.957270592717574087e-01 9.795861428964719453e-02 1.106064601427162244e-02
5.782965545184945988e-01 3.101999957308795297e-01 9.642058248604408466e-02 1.508286726458189092e-02
5.561428522576732369e-01 3.318727060554249597e-01 9.385435450879905939e-02 1.813008717810274395e-02
5.323677989797604981e-01 3.600684110063697707e-01 8.920958990342747752e-02 1.835420011044240976e-02
5.108622913009528421e-01 3.899952928524513807e-01 8.343272057921849449e-02 1.570969526737739028e-02
4.910034122273723711e-01 4.178114196290055871e-01 7.903532287765976938e-02 1.214984526596245111e-02
4.688227313570231813e-01 4.442357129725834075e-01 7.772493699396655631e-02 9.216618676427033516e-03
4.416090311265993829e-01 4.718932614503605349e-01 7.925457078462561089e-02 7.243136638414407989e-03
4.112984313896734245e-01 5.004630288706948260e-01 8.215690771972654349e-02 6.081632019905296171e-03
3.838917165153132860e-01 5.258163786463854183e-01 8.482697408171148423e-02 5.464930756589633613e-03
3.641531371585752241e-01 5.445573052964814975e-01 8.621602585734355895e-02 5.073531687600008229e-03
3.545485158773160617e-01 5.545134699179753435e-01 8.621116725887427445e-02 4.726846945834510365e-03
3.572079802219056410e-01 5.528643928697205556e-01 8.552088504480730158e-02 4.406741863566731622e-03
3.719451042475873104e-01 5.395873962398667345e-01 8.438519596526095068e-02 4.082303547285003574e-03
3.946975411788584687e-01 5.202788432053454537e-01 8.139610318034012915e-02 3.627512435455882995e-03
4.205654320026739890e-01 5.009240885242907115e-01 7.549806421509756837e-02 3.012415257937560258e-03
4.444564018200162225e-01 4.852263934462721640e-01 6.793616026355368820e-02 2.381044470157988625e-03
4.676172524954602117e-01 4.705060998704728159e-01 6.002785640498649322e-02 1.848791229080308561e-03
4.956149883350560725e-01 4.504768491297447275e-01 5.246274924375179255e-02 1.445413291447313108e-03
2.337411649607382402e-01 7.513720778361708819e-01 3.312458196042030161e-03 1.157429900704868078e-02
1.382708771417149804e-02 2.175599289250634491e-02 2.221155250491130620e-02 9.422053668884109445e-01
1.612540886808103840e-02 2.727464198663617431e-02 2.774606054050641341e-02 9.288538886047762455e-01
1.832308861437941319e-02 3.710511607524673294e-02 3.932397707494383887e-02 9.052478182354303238e-01
2.003583628426763505e-02 5.250614045559762882e-02 6.106410414373218687e-02 8.663939191164021780e-01
2.125471195950233427e-02 7.285574654744902956e-02 9.695446696588491675e-02 8.089350745271641774e-01
2.216854952714825480e-02 9.550783921148428557e-02 1.485898722884518852e-01 7.337337389729156056e-01
2.345021939705498396e-02 1.184615379693183396e-01 2.177131619207321456e-01 6.403750807128945066e-01
2.511982308413141310e-02 1.454852013700488889e-01 3.036046588146653069e-01 5.257903167311541726e-01
2.758452575277306473e-02 1.759614236775921270e-01 4.001376694075955975e-01 3.963163811620391552e-01
3.117232644359488672e-02 2.031973803256682531e-01 4.910831632404815128e-01 2.745471299902552675e-01
3.560818032017860207e-02 2.246554780861155509e-01 5.554682066875149538e-01 1.842681349061910390e-01
4.175777400971023012e-02 2.435564090477827792e-01 5.841886635683390949e-01 1.304971533741679235e-01
5.194239271973253441e-02 2.624672994346754495e-01 5.829481376011421689e-01 1.026421702444495765e-01
7.008870749071693940e-02 2.797425831269852448e-01 5.609046990382647868e-01 8.926401034403312618e-02
1.010633676993040880e-01 2.942884826469674975e-01 5.219656772607413897e-01 8.268247239298696927e-02
1.521848351820346557e-01 3.014928964015126667e-01 4.666530450368754357e-01 7.966922337957693667e-02
2.241182205828309293e-01 2.947531358109749533e-01 4.020633609810290165e-01 7.906528262516525352e-02
3.047169202533624444e-01 2.769929412304250049e-01 3.381974229987782521e-01 8.009271551743438189e-02
3.838252937499720963e-01 2.544857306592165913e-01 2.780677950828293610e-01 8.362118050798196534e-02
4.524206137868981292e-01 2.344798741042131984e-01 2.219783392635613917e-01 9.112117284532753048e-02
5.052004142991451952e-01 2.188641104728722975e-01 1.732066980581257742e-01 1.027287771698567054e-01
5.437306622690917246e-01 2.021945068230292519e-01 1.356324167656893509e-01 1.184424141421896448e-01
5.689028198915291323e-01 1.831702513450095826e-01 1.068671739390375935e-01 1.410597548244239552e-01
5.820909218037022548e-01 1.613988352275004812e-01 8.239128908252066341e-02 1.741189538862766839e-01
5.771840573607228686e-01 1.420309577134436507e-01 6.299017414065230525e-02 2.177948107851813142e-01
5.560135666645513730e-01 1.280727272068691303e-01 4.892479549126916433e-02 2.669889106373107279e-01
5.197210428790193237e-01 1.219726454152010447e-01 4.028973536298729313e-02 3.180165763427924563e-01
4.713467893864464187e-01 1.241334831802757277e-01 3.591247874711859384e-02 3.686072486861591835e-01
4.169889978961510146e-01 1.305464255398509910e-01 3.432324002269385860e-02 4.181413365413042538e-01
3.578529581880638410e-01 1.402268348596223402e-01 3.483952479635236271e-02 4.670806821559612132e-01
2.973886735812036330e-01 1.502095931169271648e-01 3.666317438046560323e-02 5.157385589214039667e-01
2.368266786915171895e-01 1.606659578680268707e-01 3.866612458391635587e-02 5.638412388565395839e-01
1.818924549098554222e-01 1.677475726112021281e-01 3.934246465107077428e-02 6.110175078278716754e-01
1.388913499203657531e-01 1.716748561630462855e-01 3.869504250346401247e-02 6.507387514131240946e-01
1.111070012358498366e-01 1.762982803451194069e-01 3.859318155208552731e-02 6.740015368669456386e-01
9.580240590761664177e-02 1.836210560475304565e-01 4.014737157420240204e-02 6.804291664706506593e-01
8.793322927478247619e-02 1.914861463515251383e-01 4.248948806489981356e-02 6.780911363087922528e-01
8.372559981498926829e-02 1.980163635786133525e-01 4.392722517259974035e-02 6.743308114337974724e-01
8.115230163194178670e-02 2.017742292582813679e-01 4.311518626873340337e-02 6.739582828410435322e-01
7.858353531791983926e-02 1.996072298076666529e-01 4.008775247526044638e-02 6.817214823991535333e-01
7.418703996537569234e-02 1.902160608807247077e-01 3.615037538223633828e-02 6.994465237716634975e-01
6.737034844671245526e-02 1.752435817257337325e-01 3.224009310739771317e-02 7.251459767201560158e-01
5.888087625865774666e-02 1.567632426098470866e-01 2.866692592288864333e-02 7.556889552086061279e-01
4.974030929526937483e-02 1.371189669952272427e-01 2.548896633200069956e-02 7.876517573775028147e-01
4.112130003684943969e-02 1.203225141109998259e-01 2.276243786657535309e-02 8.157937479855753571e-01
3.427397643519861092e-02 1.104867359528855925e-01 2.062002574690606840e-02 8.346192618650096762e-01
2.980518185914073429e-02 1.087766875026641433e-01 1.894335709693582490e-02 8.424747735412595473e-01
2.822622124178388384e-02 1.130521322482140600e-01 1.750714821491237624e-02 8.412144982950895411e-01
2.954039798430433197e-02 1.192850794143863746e-01 1.615046543597611559e-02 8.350240571653332333e-01
3.231293643058566478e-02 1.244800209480635550e-01 1.484409173911994603e-02 8.283629508822308862e-01
3.496775740788162640e-02 1.273401593043433921e-01 1.378429811541035006e-02 8.239077851723644041e-01
3.700556345544037812e-02 1.293054492972919856e-01 1.325953621128444192e-02 8.204294510359830817e-01
3.891614160975728764e-02 1.329682850459410481e-01 1.346097157903093471e-02 8.146546017652707139e-01
4.094457336701885081e-02 1.411059014582423110e-01 1.441609462921280248e-02 8.035334305455258397e-01
4.196617949525264374e-02 1.553465360717986854e-01 1.594440201295962284e-02 7.867428824199892423e-01
4.003360115089443089e-02 1.730708511846796027e-01 1.760783185046353033e-02 7.692877158139623806e-01
3.471907035135221586e-02 1.871150138310675726e-01 1.883170510471808903e-02 7.593342107128622231e-01
2.786964464977777223e-02 1.890679892256218741e-01 1.911482527462493933e-02 7.639475408499756259e-01
2.189536332400867508e-02 1.747869918335114570e-01 1.823263972478678455e-02 7.850850051176930799e-01
1.798930502792420519e-02 1.519059919793609159e-01 1.665365111533619047e-02 8.134510518773788723e-01
1.611739899614852284e-02 1.343767528274847911e-01 1.540848039730018972e-02 8.340973677790661789e-01
1.637634418263803071e-02 1.306938174871767055e-01 1.536276718231386479e-02 8.375670711478714336e-01
1.941493042286809509e-02 1.458836843132002570e-01 1.713346857044960661e-02 8.175679166934819442e-01
2.613972976833201997e-02 1.863089681195993497e-01 2.122521829572668328e-02 7.663260838163418187e-01
3.727197437962458809e-02 2.505208505618636283e-01 2.724792506960903998e-02 6.849592499889027852e-01
5.290657163443168720e-02 3.195101093784110113e-01 3.370965613881237583e-02 5.938736628483448632e-01
7.258120673325844929e-02 3.674977198419120406e-01 3.925255453725561700e-02 5.206685188875741499e-01
9.548739035033995681e-02 3.861404463748162597e-01 4.357340148062822938e-02 4.747987617942156513e-01
1.204731997256880821e-01 3.836069388161747473e-01 4.702608136012607215e-02 4.488937800980109527e-01
1.469253508752010329e-01 3.692362789689424551e-01 4.954006003570458894e-02 4.342983101201517981e-01
1.755741286645943755e-01 3.453880043560265678e-01 5.010692543033292562e-02 4.289309415490460964e-01
1.897405116058506838e-04 1.454291454182361559e-03 9.982083024532466542e-01 1.476655809649494912e-04
2.903545541657507147e-04 2.417977890803990008e-03 9.970280839080948310e-01 2.635836469353757265e-04
4.504887923398607965e-04 4.189281532898610216e-03 9.948568162675709425e-01 5.034134071906533467e-04
6.493270277673335701e-04 7.238073837260311678e-03 9.911815805934925949e-01 9.310185414797402057e-04
8.804595665288556146e-04 1.266383471761266602e-02 9.848143310676014117e-01 1.641374648257010703e-03
1.240506976253158769e-03 2.317459125822817281e-02 9.726900748468171320e-01 2.894826918701426215e-03
2.010662709085002820e-03 4.365404324925337143e-02 9.487863809302303775e-01 5.548913111431408307e-03
2.599619463062384072e-03 8.024032568101878427e-02 9.047009812439685827e-01 1.245907361195011491e-02
4.076947119988624975e-03 1.363408167452431208e-01 8.271449683453800938e-01 3.243726778938824107e-02
6.573563890898963258e-03 2.066277972135986407e-01 7.004965216636540593e-01 8.630211723184832984e-02
1.001876495263350798e-02 2.605215230071999954e-01 5.303487088638801916e-01 1.991110031762862442e-01
1.355605878913876752e-02 2.596380076067174580e-01 3.598426445869339907e-01 3.669632890172096484e-01
1.545078051646418121e-02 2.083135359215536053e-01 2.197340560685401845e-01 5.565016274934421192e-01
1.445611576555160156e-02 1.405465938364134082e-01 1.196186786072026137e-01 7.253786117908326281e-01
1.178191170528667016e-02 8.476861884091199673e-02 5.924753053479648451e-02 8.442019389190049683e-01
9.372848562976363040e-03 4.991793102291089412e-02 2.905778636782710769e-02 9.116514340462854582e-01
7.930598697398425975e-03 3.102754991262671874e-02 1.564493235201423055e-02 9.453969190379609699e-01
7.147238597321848436e-03 2.029705407990142416e-02 9.459273029984914538e-03 9.630964342927919031e-01
6.607894520499618674e-03 1.345692358482065455e-02 6.198199925005314255e-03 9.737369819696747308e-01
6.053853581814535451e-03 8.954282736583600577e-03 4.267089868282386914e-03 9.807247738133194614e-01
5.454298246696872784e-03 6.073188639922075596e-03 3.053934392539872037e-03 9.854185787208412650e-01
4.346335103554714065e-03 4.386232566009053320e-03 2.432423506923078998e-03 9.888350088235131619e-01
4.311839458175984602e-03 3.320745608947628814e-03 1.866898943894366829e-03 9.905005159889822552e-01
5.884803810602791119e-01 2.477449958085620740e-01 1.368339818956625931e-01 2.694064123549591225e-02
5.887949187898847692e-01 2.365155640370253942e-01 1.479051433604491039e-01 2.678437381264098596e-02
6.085761865355059363e-01 2.097382750250318395e-01 1.553517912555571201e-01 2.633374718390524283e-02
6.437782758084577006e-01 1.740422737386815299e-01 1.565839652619649969e-01 2.559548519089567889e-02
6.910258024100134344e-01 1.352498439970389876e-01 1.491521204584914939e-01 2.457223313445650384e-02
7.429560226665954392e-01 1.001865435040083102e-01 1.334568176085290381e-01 2.340061622086716045e-02
7.911428385035051969e-01 7.285191991444504855e-02 1.138882030349980812e-01 2.211703854705162828e-02
8.283087055106557184e-01 5.479743514930981996e-02 9.580594673025399910e-02 2.108791260978076440e-02
8.543456380418678053e-01 4.325309960064164377e-02 8.163097901388392807e-02 2.077028334360634526e-02
8.709379582669461994e-01 3.682013572519921007e-02 7.066774034933280546e-02 2.157416565852191340e-02
8.806685015898021440e-01 3.337665685967505791e-02 6.209915259425596162e-02 2.385568895626682256e-02
8.827113917472597659e-01 3.209358208995329031e-02 5.675465180200772730e-02 2.844037436077938297e-02
8.762148991530325226e-01 3.271285904527414939e-02 5.518436568160609706e-02 3.588787612008732114e-02
8.619941110001073659e-01 3.510922529742199760e-02 5.705102335233268318e-02 4.584564035013773825e-02
8.402600534675845889e-01 3.952322731137915268e-02 6.239636801938950456e-02 5.782035120164703834e-02
8.097344649758122515e-01 4.608279128975535655e-02 7.196423712407369611e-02 7.221850661035857100e-02
7.694006259072645459e-01 5.457084953021199697e-02 8.607796740995504736e-02 8.995055715256819462e-02
7.120066240767437549e-01 6.683922730382355071e-02 1.089488540638430814e-01 1.122052945555892522e-01
6.379204694396023445e-01 8.469160862725894079e-02 1.405040611790289717e-01 1.368838607541096875e-01
5.532157471042158381e-01 1.099712078349462385e-01 1.784919851648200662e-01 1.583210598960183291e-01
4.700563398889264777e-01 1.425159520635241595e-01 2.175276974810239627e-01 1.699000105665253724e-01
4.000948638204552266e-01 1.802436801989550363e-01 2.513497694759775358e-01 1.683116865046119237e-01
3.489651142290168262e-01 2.193989696305380932e-01 2.729080403526585874e-01 1.587278757877867430e-01
3.138160223969703733e-01 2.559259263658899552e-01 2.781543170400078702e-01 1.521037341971321066e-01
2.833504980958169717e-01 2.912744848160179756e-01 2.751474523469380484e-01 1.502275647412266990e-01
2.462025984785106147e-01 3.317035840468052776e-01 2.774730238069156307e-01 1.446207936677681716e-01
2.024244033882250104e-01 3.765941814646063257e-01 2.919459039762477559e-01 1.290355111709204639e-01
1.610987935586199182e-01 4.123560230941025195e-01 3.186115500911705922e-01 1.079336332561071643e-01
1.277600657882727031e-01 4.257071050854693839e-01 3.569080415269065276e-01 8.962478759935132988e-02
1.051910380780000515e-01 4.130411150950609733e-01 4.041149733843787950e-01 7.765287344256044388e-02
8.772844187903428015e-02 3.868861499311571084e-01 4.535251985966683441e-01 7.186020959314017020e-02
7.387623940253251753e-02 3.596332141840529184e-01 4.951596704316325037e-01 7.133087598178196320e-02
6.218440721137162563e-02 3.381476163220659692e-01 5.253624894672571655e-01 7.430548699930519807e-02
5.168384041881181334e-02 3.218477109076549048e-01 5.478437230304227246e-01 7.862472564311029366e-02
4.212846809497382272e-02 3.087909773234531752e-01 5.657796914796713317e-01 8.330086310190185084e-02
3.414534019633295309e-02 3.027715881117827301e-01 5.728746914105555810e-01 9.020838028132832642e-02
2.856015363838245932e-02 3.127090229715855374e-01 5.555867706466890432e-01 1.031440527433429150e-01
2.441569709883768813e-02 3.416576655129400786e-01 5.143113450981623425e-01 1.196152922900597659e-01
2.087990297375108203e-02 3.881763390203639141e-01 4.585507175884205866e-01 1.323930404174645525e-01
1.812581358482246233e-02 4.486145395214362064e-01 3.939435019877626787e-01 1.393161449059786561e-01
1.627988464932420692e-02 5.103017331793041622e-01 3.295845984878951196e-01 1.438337836834763517e-01
1.520393005003118497e-02 5.558686567546390345e-01 2.791092761396159472e-01 1.498181370557134240e-01
1.491749463873086497e-02 5.753962086920486607e-01 2.480156384499543620e-01 1.616706582192663777e-01
1.529513532109083411e-02 5.691349055362956433e-01 2.320297922277534397e-01 1.835401669148599424e-01
1.553921461160583453e-02 5.466088621195922537e-01 2.225198698712243239e-01 2.153320533975776885e-01
1.515057372106922047e-02 5.171341902365039767e-01 2.114372944984675984e-01 2.562779415439589981e-01
1.442139831492470457e-02 4.814068715627354278e-01 1.957855231774869031e-01 3.083862069448530807e-01
1.346412847178368732e-02 4.352072480421325662e-01 1.796932690597927429e-01 3.716353544262909758e-01
1.225323152235269740e-02 3.792323785243144618e-01 1.682519314824513224e-01 4.402624584708816902e-01
1.108734173501426876e-02 3.235620571461574335e-01 1.650890464268937874e-01 5.002615546919347844e-01
1.046767149942930825e-02 2.840607597393358663e-01 1.774055804235614153e-01 5.280659883376735975e-01
1.073092532755198780e-02 2.674449673486571366e-01 2.137292503741950456e-01 5.080948569495957745e-01
1.201836816033054200e-02 2.641487263764891180e-01 2.707841919944242726e-01 4.530487134687562478e-01
1.457199453987764216e-02 2.659737097008344486e-01 3.331799547929132355e-01 3.862743409663746963e-01
1.849368792536241687e-02 2.724176933114881849e-01 3.840184355479388523e-01 3.250701832152104731e-01
2.331546819897136955e-02 2.834091513303594323e-01 4.098483538769540635e-01 2.834270265937149369e-01
2.801419410971478507e-02 2.960422783202593666e-01 4.068334871118274854e-01 2.691100404581984740e-01
3.115195825176360692e-02 3.044905674038380639e-01 3.875218218552189953e-01 2.768356524891792958e-01
3.270964345890740171e-02 3.035397518425296814e-01 3.692241210446706168e-01 2.945264836538927233e-01
3.551232018370809040e-02 2.942717728104143338e-01 3.586820026187902410e-01 3.115339043870873903e-01
4.278480419142757091e-02 2.849989238969360406e-01 3.552282357940095281e-01 3.169880361176266037e-01
5.562020064726465318e-02 2.843112728724462857e-01 3.561786454414538339e-01 3.038898810388355742e-01
7.122935481336899188e-02 2.939480740131273917e-01 3.519414641262905152e-01 2.828811070472130318e-01
8.616416380695056387e-02 3.118565924093115727e-01 3.248543298001491109e-01 2.771249139835888498e-01
1.010731794500763919e-01 3.217401286807364813e-01 2.759209889836173879e-01 3.012657028855698083e-01
1.118695022367953013e-01 3.137733674181020227e-01 2.170969349830581541e-01 3.572601953620445636e-01
1.131251782473838147e-01 2.851884104556980937e-01 1.651906020857392132e-01 4.364958092111789201e-01
1.036493797533381139e-01 2.523338198627635975e-01 1.258248820016410474e-01 5.181919183822573105e-01
9.184013402153592964e-02 2.294145785311306474e-01 1.020687742776519302e-01 5.766765131696813818e-01
8.638989191416290847e-02 2.201971666358550073e-01 9.291288495504580747e-02 6.005000564949364295e-01
8.997116680387858001e-02 2.204250163978965782e-01 9.520451473826679889e-02 5.943993020599579458e-01
1.005798744578789983e-01 2.229093089586314802e-01 1.054230769852433358e-01 5.710877395982461024e-01
1.133385249676786694e-01 2.214425567889067858e-01 1.176440845687323489e-01 5.475748336746822931e-01
1.220136518300719564e-01 2.138913110809446128e-01 1.236388066883190862e-01 5.404562304006642615e-01
1.220508045838337163e-01 2.007711755675275489e-01 1.181142249643319098e-01 5.590637948843067973e-01
1.135299815534935586e-01 1.816088661470982857e-01 1.023061258185871264e-01 6.025550264808212653e-01
1.009854753785473375e-01 1.559801414651634521e-01 8.200316939984783615e-02 6.610312137564416934e-01
8.935618735610210972e-02 1.277506679970718262e-01 6.338892681048863276e-02 7.195042178363375562e-01
8.093132926866167254e-02 1.045848696363011754e-01 4.972669960919407633e-02 7.647571014858431937e-01
7.559966683706333124e-02 8.987522385098364874e-02 4.050247984982962429e-02 7.940226294621232084e-01
7.262220726629232959e-02 8.154841170543893070e-02 3.397404767957337701e-02 8.118553333486953072e-01
7.123240935189405210e-02 7.679363755029784688e-02 2.929372634259555866e-02 8.226802267552126846e-01
6.997165865804862162e-02 7.272516146470253684e-02 2.573524390715427324e-02 8.315679359700947071e-01
6.702644150981597326e-02 6.759755950603987817e-02 2.260806959189616896e-02 8.427679293922478720e-01
6.150829378854874574e-02 6.163508157999991049e-02 1.975447737998471329e-02 8.571021472514668282e-01
5.464383345740822517e-02 5.612212295787752381e-02 1.747118994528116739e-02 8.717628536394331773e-01
4.823282744712770881e-02 5.204889239161215875e-02 1.599686877305453794e-02 8.837214113882055910e-01
4.274115692121010363e-02 4.916266739184306511e-02 1.518228780675406203e-02 8.929138878801927692e-01
3.802467650624040407e-02 4.667110042625037536e-02 1.470564120425466373e-02 9.005985818632540330e-01
