3.667789966958766605e-04 1.919805981664993860e-02 9.751845300926490490e-01 5.250631094004996891e-03
8.944206415087024853e-02 6.012054767562395874e-01 8.921305200198549612e-02 2.201394070909047096e-01
8.968442511942845141e-02 6.012881567818637585e-01 9.029105833728313935e-02 2.187363597614244148e-01
9.042020425543224882e-02 5.978773811752450262e-01 9.093376168749538191e-02 2.207686528818273153e-01
9.176633425047324433e-02 5.997105027151170553e-01 9.142791921423744361e-02 2.170952438201724233e-01
9.474748498447826961e-02 6.091444408686705891e-01 9.308609414271869220e-02 2.030219800041324629e-01
1.009830714552471115e-01 6.185489554020535685e-01 9.700285725793460212e-02 1.834651158847648567e-01
1.100340687229244691e-01 6.228168840050749555e-01 1.023173640172095195e-01 1.648316832547907507e-01
1.194163533434434293e-01 6.259883733065211286e-01 1.069729886865472823e-01 1.476222846634881181e-01
1.274699205910820032e-01 6.333852805294276633e-01 1.096858426162246741e-01 1.294589562632655066e-01
1.349755274702136021e-01 6.449099202743250325e-01 1.104229602489467388e-01 1.096915920065148764e-01
1.447086530973240859e-01 6.555263109385677245e-01 1.102041645382702273e-01 8.956087142583812888e-02
1.601519161250527790e-01 6.587122113696589620e-01 1.105026127728546831e-01 7.063325973243357592e-02
1.849214073025840788e-01 6.488360607722987172e-01 1.122877910621313674e-01 5.395474086298576027e-02
2.236600841852209032e-01 6.209469323834813093e-01 1.152842742516668600e-01 4.010870917963102467e-02
2.821653852674319563e-01 5.714382780291213937e-01 1.173534096923844611e-01 2.904292701106220287e-02
3.655924983891548075e-01 4.995481990592978150e-01 1.146435151737724284e-01 2.021578737777497345e-02
4.758128180488168102e-01 4.063450978128637647e-01 1.047191924497778009e-01 1.312289168854159638e-02
5.994661375911853884e-01 3.042977917486575090e-01 8.851550513392829334e-02 7.720565526228678234e-03
7.185099508226472365e-01 2.055027628524114525e-01 7.165319155502303250e-02 4.334094769918164086e-03
8.129811703416476298e-01 1.270128780762521670e-01 5.750748857213809628e-02 2.498463009962045324e-03
8.774186325684341092e-01 7.489560888988616716e-02 4.618874583817227791e-02 1.497012703507034784e-03
9.181493671880651686e-01 4.388674088445897875e-02 3.704522998077626472e-02 9.186619466998167168e-04
9.432015131004581887e-01 2.636231632331973232e-02 2.986307082851828373e-02 5.730997477037704088e-04
9.578637270361761713e-01 1.691032667094319666e-02 2.485291229590270989e-02 3.730339969778042860e-04
9.652967563868363188e-01 1.217567288427263451e-02 2.226112402307670740e-02 2.664467058142068749e-04
9.680792558124551306e-01 9.890559127956494515e-03 2.182019862494900819e-02 2.099864346393523734e-04
9.680283634648660929e-01 8.686156566410507471e-03 2.310994795112225608e-02 1.755320176010047187e-04
9.648195582088083810e-01 8.193599589842703521e-03 2.682712089648827541e-02 1.597213048607119899e-04
9.565636566794414319e-01 8.322431776774708717e-03 3.495236534432995951e-02 1.615461994538647619e-04
9.396749999641820228e-01 8.952573394642334564e-03 5.119572206256097630e-02 1.767045786146161210e-04
9.075121302206733409e-01 1.001389367237915176e-02 8.227008606978063188e-02 2.038900371669813806e-04
8.497235911770864014e-01 1.155763853705664770e-02 1.384688607770451496e-01 2.499095088117224460e-04
7.546869223281525985e-01 1.362055543125055730e-02 2.313693136137673634e-01 3.232086268294414471e-04
6.170414866367923690e-01 1.560856652154440569e-02 3.669370297366680855e-01 4.129171049951544476e-04
4.526240809496919204e-01 1.584521752491177202e-02 5.311110022250810081e-01 4.196993003150777048e-04
2.982580131856951700e-01 1.434988880164488750e-02 6.870292757375970893e-01 3.628222750631474470e-04
1.914360191551686408e-01 1.232278252290825576e-02 7.959598300927415160e-01 2.813682291815622306e-04
1.339383572800554034e-01 1.058341579607529996e-02 8.552427966503177714e-01 2.354302735514890920e-04
1.133673489109895266e-01 1.016568364815951045e-02 8.762581871800917410e-01 2.087802607590737473e-04
1.151712202792570944e-01 1.032993597681470740e-02 8.742869998909552631e-01 2.118438529729317317e-04
1.312945153614035743e-01 1.081147806635317059e-02 8.576479810563669703e-01 2.460255158764375729e-04
1.569588045383682462e-01 1.223944814994617700e-02 8.304832217121214111e-01 3.185255995640784562e-04
1.846999817513667597e-01 1.384389953740983344e-02 8.009886444008209594e-01 4.674743104025670974e-04
2.133430081721968130e-01 1.624316393648434637e-02 7.697166231413450355e-01 6.972047499738305305e-04
2.423091104639298610e-01 1.977582887878374246e-02 7.368838561852695257e-01 1.031204472016709114e-03
2.704187608503912932e-01 2.461846898596020336e-02 7.034792245611078965e-01 1.483545602540753362e-03
2.951129784371434028e-01 3.063900560954169877e-02 6.722095491742193785e-01 2.038466779095961419e-03
3.135316630390607706e-01 3.754884875720475995e-02 6.462233079658887824e-01 2.696180237845309264e-03
3.258288056386142162e-01 4.499462147881094082e-02 6.256633561188095216e-01 3.513216763765514370e-03
3.345328624833128206e-01 5.274028757596021383e-02 6.081228449043857287e-01 4.604005036341383451e-03
3.377845319812540770e-01 6.018845491743762821e-02 5.960224676379775044e-01 6.004545463330740983e-03
3.315340420313221403e-01 6.655201870023411126e-02 5.943336238074723443e-01 7.580315460971646935e-03
3.156732568907380521e-01 7.141125500819732463e-02 6.038674174637631564e-01 9.048070637301688923e-03
2.946751061801469729e-01 7.499794040946210216e-02 6.202829367457195486e-01 1.004401666467165388e-02
2.749387102606428712e-01 7.859769113470767288e-02 6.361543268755128766e-01 1.030927172913662961e-02
2.593152324925611096e-01 8.369181200226308293e-02 6.471812188381725894e-01 9.811736667003164228e-03
2.427850893558823053e-01 9.019898831577158327e-02 6.583435890516921019e-01 8.672333276653910669e-03
2.170591488413496917e-01 9.708090393942640783e-02 6.786034585694300514e-01 7.256488649793796201e-03
1.824509120900414394e-01 1.024853450438507063e-01 7.092377441399235760e-01 5.825998726184149906e-03
1.404682802161925370e-01 1.040602333742605412e-01 7.510125988809636111e-01 4.458887528583245670e-03
9.869246797833441942e-02 9.871004074179720589e-02 7.994457283242232259e-01 3.151762955645212062e-03
6.372155295513751150e-02 8.573999022557024507e-02 8.485244790535332315e-01 2.013977765758978491e-03
3.955358885278790343e-02 6.924628896284466817e-02 8.900078985210287952e-01 1.192223663338654472e-03
2.514631326087383295e-02 5.436501046755091299e-02 9.197963580020622754e-01 6.923182695131128170e-04
1.677134366246952474e-02 4.309184730968359384e-02 9.397262325288703311e-01 4.105764989770573797e-04
1.182963284820514119e-02 3.539910537409370755e-02 9.525119103205031967e-01 2.593514571981129233e-04
8.954013814564372800e-03 3.035148346447450948e-02 9.605122270895615211e-01 1.822756313999656221e-04
7.280818916359337901e-03 2.702011111841660929e-02 9.655512616771551038e-01 1.478082880688323566e-04
6.192747018175522901e-03 2.472947452458299292e-02 9.689383377325163638e-01 1.394407247248735443e-04
4.747116370830110552e-03 2.302494626700458610e-02 9.720850910654399435e-01 1.428462967252437893e-04
3.960735284591878659e-03 2.081988441243647070e-02 9.750567347799068418e-01 1.626455230649419444e-04
2.830210878177388551e-03 3.822653100614620443e-03 9.928678143798806977e-01 4.793216413272270563e-04
7.709308961182018138e-02 4.397451102255932609e-01 1.082281671313312967e-02 4.723389834494535200e-01
5.821702451058399785e-02 4.188889297559315050e-01 1.057667255223888013e-02 5.123173731812457055e-01
4.341171770899208276e-02 3.930183160757627636e-01 1.060142701154490573e-02 5.529685392037001490e-01
3.355415688606507713e-02 3.562965113112334659e-01 1.061069602311027170e-02 5.995386357795913224e-01
2.690804675274117985e-02 3.110509361683529428e-01 1.088597739118122437e-02 6.511550396877244795e-01
2.319896112692231699e-02 2.633903796911601369e-01 1.114881764550292552e-02 7.022618415364147992e-01
2.101677473293975598e-02 2.276868561034947613e-01 1.170389544869190716e-02 7.395924737148739103e-01
1.959586136971349507e-02 2.081848871525695810e-01 1.256337362220849747e-02 7.596558778555083657e-01
1.874394071829447658e-02 2.027607185009210333e-01 1.359162757061776333e-02 7.649037132101668135e-01
1.859354171535565481e-02 2.087712975722362529e-01 1.463334386000070958e-02 7.580018168524076394e-01
1.908155574956181891e-02 2.227339745517138425e-01 1.545864752479735385e-02 7.427258221739270194e-01
1.997444457731028383e-02 2.416355826881123603e-01 1.592013119770530408e-02 7.224698415368722149e-01
2.097404725133404299e-02 2.686777735141945289e-01 1.620521043354434046e-02 6.941429688009270738e-01
2.204144384445727578e-02 3.105481450792720310e-01 1.668966971707086175e-02 6.507207413591997724e-01
2.391168826974226017e-02 3.682477254890058616e-01 1.774209276612921660e-02 5.900984934751225541e-01
2.762098430099890062e-02 4.350275143973480474e-01 1.890190061258568630e-02 5.184496006890674247e-01
3.166391538272599754e-02 5.060206914067023609e-01 2.071085424972344755e-02 4.416045389608483362e-01
3.690740477502774120e-02 5.731152506923048451e-01 2.194459922438800337e-02 3.680327453082796185e-01
4.299344964495532828e-02 6.317600137126951898e-01 2.353053743541779277e-02 3.017159992069318175e-01
5.042046449349681797e-02 6.785499693409040578e-01 2.622299368533686365e-02 2.448065724802624132e-01
5.968234521874848236e-02 7.109687460104587853e-01 3.072351098070053022e-02 1.986253977900919454e-01
7.174034233753556755e-02 7.249397615650153837e-01 3.783314652081135737e-02 1.654867495766373653e-01
8.843568829451944890e-02 7.179433819161515906e-01 4.869373208853945006e-02 1.449271977007894618e-01
1.116881860656361164e-01 6.908183000963902254e-01 6.494941571170488592e-02 1.325440981262686613e-01
1.412321234857378816e-01 6.474029730197539134e-01 8.774067484857479837e-02 1.236242286459334067e-01
1.729766548187465502e-01 5.973533160351959248e-01 1.157085593978882943e-01 1.139614697481692446e-01
2.030933306447134101e-01 5.499269679166831626e-01 1.459465942813524819e-01 1.010331071572510425e-01
2.314139008096567363e-01 5.060232752486156782e-01 1.760421292751941091e-01 8.652069466653351804e-02
2.586755805491047777e-01 4.635939390378408520e-01 2.041211601534418663e-01 7.360932025961273995e-02
2.852894362673595863e-01 4.234346735663878092e-01 2.279503402528340050e-01 6.332554991341893258e-02
3.151638708299207003e-01 3.838006239006385156e-01 2.456052060771098111e-01 5.543029919233093128e-02
3.552967894605609245e-01 3.446422006880993094e-01 2.504657233384183224e-01 4.959528651292155477e-02
4.096028021446717626e-01 3.057067120031251584e-01 2.389586599870582861e-01 4.573182586514502879e-02
4.692308819767979089e-01 2.707613750965129906e-01 2.158495915918123842e-01 4.415815133487649424e-02
5.168753637192730066e-01 2.431008566466462129e-01 1.950814170365652855e-01 4.494236259751581419e-02
5.430858272383285446e-01 2.226462252346782522e-01 1.868318341839766972e-01 4.743611334301669341e-02
5.461101753579683526e-01 2.100798123656611172e-01 1.923686659110635244e-01 5.144134636530681148e-02
5.263546096188349566e-01 2.069844693054889162e-01 2.092966586035515386e-01 5.736426247212477597e-02
4.839603551070896237e-01 2.153466842093197942e-01 2.349139046790726937e-01 6.577905600451773582e-02
4.201911556084489408e-01 2.371663437195750401e-01 2.662746859575478853e-01 7.636781471442824487e-02
3.393677107154453587e-01 2.754320984998778199e-01 2.974152231547499414e-01 8.778496762992700486e-02
2.509781920205115258e-01 3.361258091736264442e-01 3.135533440803879857e-01 9.934265472547428033e-02
1.700136149043617873e-01 4.242420743036290909e-01 2.920513718863451125e-01 1.136929389056638429e-01
1.087669733226138136e-01 5.252932877022796765e-01 2.288958980013489908e-01 1.370438409737575192e-01
6.946727725216958471e-02 5.979567877498319639e-01 1.562238456198586645e-01 1.763520893781395371e-01
4.732506060996920227e-02 6.126479135936720999e-01 1.031954423607483323e-01 2.368315834356102545e-01
3.456769771323991297e-02 5.859238329309124360e-01 7.082278801782655731e-02 3.086856813380210451e-01
2.623228844004894117e-02 5.543650341321150199e-01 5.155725039367743678e-02 3.678454270341585675e-01
2.003312228416482751e-02 5.441226256427210695e-01 4.012675313172840708e-02 3.957174989413855259e-01
1.502524254625439530e-02 5.608156259771340801e-01 3.299839997758324123e-02 3.911607314990281359e-01
1.093587499243344266e-02 5.949463136259937057e-01 2.825960155337056690e-02 3.658582098282023298e-01
7.718549680920240227e-03 6.391409404275560924e-01 2.560865389105444409e-02 3.275318560004693014e-01
5.488247168636353930e-03 6.931165063297298756e-01 2.563191952250398059e-02 2.757633269791298081e-01
4.329266186702969942e-03 7.486415228847702608e-01 2.885821469314818477e-02 2.181709962353785559e-01
3.575601651443367432e-03 7.947743563745992557e-01 3.725604587319554517e-02 1.643939961007615524e-01
3.672063333484861837e-03 8.251381417118677231e-01 5.285781257052060700e-02 1.183319823841267882e-01
4.483739870454912617e-03 8.340125089285953530e-01 7.921420792253393295e-02 8.228954327841586647e-02
5.531896169439096990e-03 8.210921320378017363e-01 1.176037656763287836e-01 5.577220611643048109e-02
6.506235511955394714e-03 7.929392531384481524e-01 1.637355038471412783e-01 3.681900750245514775e-02
7.269158238362297304e-03 7.619439246574832847e-01 2.067504437219507829e-01 2.403647338220344515e-02
7.626463531389516583e-03 7.352875009779916704e-01 2.408769831246511117e-01 1.620905236596760154e-02
7.048498657065797868e-03 7.136935781317000904e-01 2.671603308746977601e-01 1.209759233653616602e-02
7.000314336764815355e-03 6.969719145298002294e-01 2.851985307021850380e-01 1.082924043125005342e-02
7.360739902158780663e-03 6.916986732906658109e-01 2.893757135862649044e-01 1.156487322091040784e-02
8.050180368901645872e-03 7.018745133477974907e-01 2.762951979427861193e-01 1.378010834051471810e-02
9.254567727376204408e-03 7.250685234064104812e-01 2.482776889032191348e-01 1.739921996299429938e-02
9.712908525732016213e-03 7.576014147015273092e-01 2.101844816170693464e-01 2.250119515567138365e-02
9.916343843591675020e-03 7.934707312027426962e-01 1.666936983725058607e-01 2.991922658115986344e-02
9.465111503267025286e-03 8.296867166144178407e-01 1.208964991924035143e-01 3.995167268991137860e-02
8.150855274977351905e-03 8.611414264126120433e-01 7.875240214788292725e-02 5.195531616452792739e-02
6.319309907774884293e-03 8.786441807891424149e-01 4.806722775907605605e-02 6.696928154400667854e-02
6.648082798376192537e-01 4.400938491392548946e-02 2.792447912385110365e-01 1.193754400994444936e-02
1.688352627584290000e-01 5.910733502009267726e-01 3.913611118375739939e-02 2.009552758568869391e-01
1.415754615553231621e-01 6.193059130831120029e-01 3.342854237835984205e-02 2.056900829832047639e-01
1.176626995546418836e-01 6.453652197094955634e-01 2.855385489677724278e-02 2.084182258390855080e-01
9.707766392254421617e-02 6.695419869129481949e-01 2.472896897729529725e-02 2.086513801872122709e-01
8.106496348245129102e-02 6.905977752818999171e-01 2.182312216657503190e-02 2.065141390690737877e-01
6.887019741983510523e-02 7.098412406158979282e-01 1.968877008108003979e-02 2.015997918831869962e-01
6.109002514527404892e-02 7.260425481765525602e-01 1.843076174677029180e-02 1.944366649314028805e-01
5.822662796516947514e-02 7.381314154090322655e-01 1.815162761254652396e-02 1.854903290132519367e-01
5.903729044342479609e-02 7.495018648287127272e-01 1.852384976354258181e-02 1.729369949643203286e-01
6.161626586269855488e-02 7.627019065693680933e-01 1.915404775939571688e-02 1.565277798085373817e-01
6.557879886046281970e-02 7.733336713593503831e-01 2.023339283224607696e-02 1.408541369479408001e-01
6.992789654884475070e-02 7.786257628791050101e-01 2.180219259193358697e-02 1.296441479801170027e-01
7.247142073404605478e-02 7.820367405131306571e-01 2.352043478080602379e-02 1.219714039720170701e-01
7.319489121346980931e-02 7.859912188845045167e-01 2.526433164680989482e-02 1.155495582552158590e-01
7.472786447523348252e-02 7.901079911686479385e-01 2.740558123919262581e-02 1.077585631169259844e-01
7.996373109241547428e-02 7.917289502914173216e-01 3.048814384024369634e-02 9.781917477592350085e-02
9.111449116295758377e-02 7.852826369775792736e-01 3.526851264270765979e-02 8.833435921675530933e-02
1.072770172665635235e-01 7.706933232576186343e-01 4.167996953593645221e-02 8.034968993988132746e-02
1.255868346691068893e-01 7.526856230342888754e-01 4.889016454274999063e-02 7.283737775385425162e-02
1.441684042246358655e-01 7.350039910414177813e-01 5.594076871029363129e-02 6.488683602365280523e-02
1.636418459706048267e-01 7.176251528019315096e-01 6.195726496534814665e-02 5.677573626211562113e-02
1.857390655669538537e-01 6.991778973462935420e-01 6.608969636378664303e-02 4.899334072296585019e-02
2.125333813839437869e-01 6.774490002909663300e-01 6.801789330911356402e-02 4.199972501597649954e-02
2.463481641260164834e-01 6.492131827571558933e-01 6.834160054607028856e-02 3.609705257075741802e-02
2.916071087785605531e-01 6.094418791233022770e-01 6.757560597626768861e-02 3.137540612186939804e-02
3.499831360399587865e-01 5.564771753268468180e-01 6.611828187847404448e-02 2.742140675472046554e-02
4.284309241613111774e-01 4.852408117168081625e-01 6.282072734498155009e-02 2.350753677689880819e-02
5.284178812374537015e-01 3.957267007548664894e-01 5.670925982516524660e-02 1.914615818251484344e-02
6.420117413372188331e-01 2.963915166576371885e-01 4.715995277283994286e-02 1.443678923230409285e-02
7.456594944111749612e-01 2.072409598301487299e-01 3.682013864757936045e-02 1.027940711109703864e-02
8.184851522964440296e-01 1.446592861627072901e-01 2.950865012513189528e-02 7.346911415716846604e-03
8.642193658121622990e-01 1.050171561300187600e-01 2.548861310466236929e-02 5.274864953156363501e-03
8.919145480357182354e-01 8.028593819130086517e-02 2.398010322267336153e-02 3.819410550307646320e-03
9.048772273014542566e-01 6.689426498051377623e-02 2.533893351379684633e-02 2.889574204235200588e-03
9.108307630038249281e-01 5.808352969891756451e-02 2.880784436969067649e-02 2.277862927566836997e-03
9.053532099978802705e-01 5.734532813716571725e-02 3.539217291504118124e-02 1.909288949912651663e-03
8.906578180172974868e-01 5.964036062374047931e-02 4.802204241513969435e-02 1.679778943822371647e-03
8.677699558935459967e-01 6.367069656045454273e-02 6.707766881008349336e-02 1.481678735915862482e-03
8.414249260213582104e-01 6.636323349237360780e-02 9.091778419410193046e-02 1.294056292166403293e-03
8.112924476398277740e-01 7.044493455763692347e-02 1.170562413295624521e-01 1.206376472972543398e-03
7.790085855489489175e-01 7.677516192792170624e-02 1.429432864520014113e-01 1.272966071127981267e-03
7.469564590105034485e-01 8.496649487086085917e-02 1.666029156625390972e-01 1.474130456096793725e-03
7.220978398652160291e-01 9.206251115855260125e-02 1.841209880610031879e-01 1.718660915227904857e-03
7.072144234677150143e-01 9.839272481293945272e-02 1.924179662500529187e-01 1.974885469292583969e-03
6.954119210299767317e-01 1.087048352357452008e-01 1.935352871207108583e-01 2.347956613567131132e-03
6.768115203144037251e-01 1.272214892058456948e-01 1.930113266108460512e-01 2.955663868904382340e-03
6.460446355440924160e-01 1.557950197012012705e-01 1.942835812088054559e-01 3.876763545900810317e-03
6.056234472071863051e-01 1.940161213755924041e-01 1.951805028438124701e-01 5.179928573408495475e-03
5.627605113739321263e-01 2.382971528092613644e-01 1.919813075215522913e-01 6.961028295254488574e-03
5.255279103817483977e-01 2.814889663555155686e-01 1.834837252120797568e-01 9.499398050656021955e-03
4.978728786213865165e-01 3.171179624442105327e-01 1.716339930686076043e-01 1.337516586579540374e-02
4.757539637596353010e-01 3.447602002880990613e-01 1.602025040075094053e-01 1.928333194475625317e-02
4.562347413755473702e-01 3.654543395365826286e-01 1.512710343282146486e-01 2.703988475965545327e-02
4.338269945410419548e-01 3.861819464743636576e-01 1.449560051306512942e-01 3.503505385394308641e-02
4.081721332168758987e-01 4.119954988413789265e-01 1.395392017780886784e-01 4.029316616365643394e-02
3.814301879012693686e-01 4.442028089474341357e-01 1.342819791371717419e-01 4.008502401412479543e-02
3.574618415473962973e-01 4.777526663084454839e-01 1.298579621004371243e-01 3.492753004372133041e-02
3.384750605364862386e-01 5.051012346300167710e-01 1.281794587218126891e-01 2.824424611168414867e-02
3.237515134840059927e-01 5.227443998647617329e-01 1.308284095807686065e-01 2.267567707046386910e-02
3.114447324277700435e-01 5.321133808997607906e-01 1.375821084725207255e-01 1.885977819994849591e-02
3.015376229957888454e-01 5.353073675283733790e-01 1.465619397448801042e-01 1.659306973095773033e-02
2.964438496154568337e-01 5.328577860870113980e-01 1.552714075621327849e-01 1.542695673539880297e-02
2.997456586604935191e-01 5.237446496393644013e-01 1.617678775591080975e-01 1.474181414103410519e-02
3.160428871571446252e-01 5.049981511769749964e-01 1.648712362795216879e-01 1.408772538635843369e-02
3.500561892193607139e-01 4.728962850435753373e-01 1.638156460039642548e-01 1.323187973309969748e-02
4.030186979491979793e-01 4.277371336315725636e-01 1.573622207511090332e-01 1.188194766812055402e-02
4.703149796687746131e-01 3.762340786858989761e-01 1.436685753051557268e-01 9.782366340170949373e-03
5.439163409631497803e-01 3.252355861352035360e-01 1.236431574824781859e-01 7.204915419168305205e-03
6.159876841894941224e-01 2.773994113879207912e-01 1.017919519386493721e-01 4.820952483935809704e-03
6.856135572084377516e-01 2.306463991597591523e-01 8.072724212762222296e-02 3.012801504180762958e-03
7.529083394716675759e-01 1.838101575146598721e-01 6.145628624075603896e-02 1.825216772916568586e-03
2.723977691974057702e-01 6.925043923266753776e-01 4.702332327991293887e-03 3.039550614792742647e-02
1.102383147827590282e-02 6.784139462384207453e-02 1.898723143483546302e-02 9.021475424630467366e-01
1.416978133193326668e-02 8.962575589066602844e-02 2.717479427186615670e-02 8.690296685055347581e-01
1.806265257528252843e-02 1.251532496986023646e-01 4.288069637661200140e-02 8.139034013495034525e-01
2.199533030628982380e-02 1.758745979820233729e-01 7.123244472311569819e-02 7.308976269885708588e-01
2.526661842875286765e-02 2.319402110828078789e-01 1.164011366940490150e-01 6.263920337943903460e-01
2.760537904578755017e-02 2.760563673894310677e-01 1.795508915103642411e-01 5.167873620544169988e-01
2.937243254931207193e-02 3.000834929654093708e-01 2.609237155730917412e-01 4.096203589121866218e-01
3.080834651617046435e-02 3.053572186225982921e-01 3.586997196620481110e-01 3.051347151991830042e-01
3.155119717619368075e-02 2.971490017445493903e-01 4.613224985260531708e-01 2.099773025532037929e-01
3.146225536780013904e-02 2.874772534360395260e-01 5.444918093604455001e-01 1.365686818357147170e-01
3.162875998006995509e-02 2.879004288832494041e-01 5.904312699879337156e-01 9.003954114874677950e-02
3.406656310027062623e-02 3.010883812201377019e-01 5.995561805468153649e-01 6.528887513277638333e-02
4.085457541476601728e-02 3.244647192653326573e-01 5.804609503441267027e-01 5.421975497577477543e-02
5.442188096138662196e-02 3.526256955901533319e-01 5.423125172037284170e-01 5.063990624473149044e-02
7.851684925479640587e-02 3.793742617102415227e-01 4.913654731744207527e-01 5.074341586054108288e-02
1.154702986162003814e-01 3.994410411367810276e-01 4.319971134386956790e-01 5.309154680832300216e-02
1.658635534848400539e-01 4.073908761166636361e-01 3.691325334690207516e-01 5.761303692947565558e-02
2.227576886783353138e-01 4.036074194517653146e-01 3.093537697203782022e-01 6.428112214952139136e-02
2.742757174062741554e-01 3.979925390172764366e-01 2.537061886844746983e-01 7.402555489197472360e-02
3.153331982468225436e-01 3.959771039313428886e-01 2.003066355429944934e-01 8.838306227884025479e-02
3.371467474305958056e-01 3.993284303114043587e-01 1.546923065225903893e-01 1.088325157354095296e-01
3.450201233547334212e-01 3.977880923820009129e-01 1.191597684747774943e-01 1.380320157884881160e-01
3.415422994404509471e-01 3.836300677695461125e-01 9.222759885002895786e-02 1.826000339399738992e-01
3.263052653856182705e-01 3.544345056135523864e-01 7.004014409085271287e-02 2.492200849099767135e-01
3.003111027191992521e-01 3.132571171365779450e-01 5.146653262846664911e-02 3.349652475157564036e-01
2.685376026151808926e-01 2.682633992214235041e-01 3.731925965030840481e-02 4.258797385130871915e-01
2.342904938826956551e-01 2.313396102257274656e-01 2.788933197204309170e-02 5.064805639195336662e-01
2.005490843263194600e-01 2.068256298516091551e-01 2.220662266356995124e-02 5.704186631585012046e-01
1.688008420895104333e-01 1.917432251068277582e-01 1.900772235181137290e-02 6.204482104518502794e-01
1.388153849306618115e-01 1.822536645120680920e-01 1.733074542834677975e-02 6.616002051289234798e-01
1.106312741475181521e-01 1.758522331475975142e-01 1.646040750244635864e-02 6.970560852024383358e-01
8.509404944673835958e-02 1.708938360532748502e-01 1.580006624798406881e-02 7.282120482520025861e-01
6.344207049114809760e-02 1.657764490035757710e-01 1.485677264356596167e-02 7.559247078617100657e-01
4.758816684876824438e-02 1.605587973223455422e-01 1.374736371131379462e-02 7.781056721175724222e-01
3.824160083046964503e-02 1.563019571482961445e-01 1.308687171769217471e-02 7.923695703035420479e-01
3.367022137896313883e-02 1.525951122063178289e-01 1.304218847756167567e-02 8.006924779371573653e-01
3.187691217257659915e-02 1.489969394499801036e-01 1.329291998821751503e-02 8.058332283892259973e-01
3.153395026414550217e-02 1.454861162315772838e-01 1.338809957829356807e-02 8.095918339259835506e-01
3.184644137576361084e-02 1.405662784883862648e-01 1.292895911339307820e-02 8.146583210224569438e-01
3.213975580163167672e-02 1.319557946948044791e-01 1.189722100008449614e-02 8.240072285034792943e-01
3.163006235052354814e-02 1.201929548433981199e-01 1.065498015177474694e-02 8.375220026543036544e-01
2.977722806904953973e-02 1.068785751315320526e-01 9.393694135296610029e-03 8.539505026641219798e-01
2.671167949044462794e-02 9.363464168511093089e-02 8.173845616795873820e-03 8.714798332076483245e-01
2.298881219283085281e-02 8.228178572129761503e-02 7.064263875024607772e-03 8.876651382108469157e-01
1.935621920893837791e-02 7.481675510757815339e-02 6.144405081417302940e-03 8.996826206020659411e-01
1.655991815551231469e-02 7.296104559007313139e-02 5.490205810649797027e-03 9.049888304437649911e-01
1.497639282338014514e-02 7.759671383305864756e-02 5.099299251443123980e-03 9.023275940921182681e-01
1.488091679227039263e-02 8.904824336915810601e-02 4.928119774273148103e-03 8.911427200642982882e-01
1.578977460483401915e-02 1.058853509209340266e-01 4.607495337545216250e-03 8.737173791366864561e-01
1.789935525368196653e-02 1.250592421090962469e-01 4.492839466584595820e-03 8.525485631706372081e-01
1.866356398263913779e-02 1.447754811737454461e-01 4.483771650352723175e-03 8.320771831932627371e-01
1.864734159920402798e-02 1.623633829248543603e-01 4.308399078834112064e-03 8.146808763971076228e-01
1.830012361810640781e-02 1.796162525408835642e-01 4.309605736010795919e-03 7.977740181049991497e-01
1.796437386481461451e-02 1.990352848693821841e-01 4.520169017592550777e-03 7.784801722482105335e-01
1.723999840342138254e-02 2.228510864807906611e-01 4.865370848277057909e-03 7.550435442675110798e-01
1.543247050926712174e-02 2.490356178564027689e-01 5.184836636677797247e-03 7.303470749976525012e-01
1.257581677986464343e-02 2.702590024051951256e-01 5.320159407117117448e-03 7.118450214078230198e-01
9.553128634606809083e-03 2.774184795645227020e-01 5.209697339973185133e-03 7.078186944608972908e-01
7.235528399248097875e-03 2.640388493035565887e-01 4.903775992934130724e-03 7.238218463042610518e-01
5.876317668739162829e-03 2.358251924065901950e-01 4.566388344951243135e-03 7.537321015797194823e-01
5.328393630745626580e-03 2.094091214921749988e-01 4.428534901337875460e-03 7.808339499757412927e-01
5.582685545980381990e-03 1.971908356552432018e-01 4.726483351591893693e-03 7.924999954471844132e-01
6.903443760758506964e-03 2.065648782065935829e-01 5.728393529517632893e-03 7.808032845031300795e-01
9.712038765413833971e-03 2.441568864568575969e-01 7.772266596358107758e-03 7.383588081813704518e-01
1.443728809917995543e-02 3.069328761162752328e-01 1.105545339674827120e-02 6.675743823877963168e-01
2.132829081974572591e-02 3.767247896773250893e-01 1.532320270834584483e-02 5.866237167945832498e-01
3.039829656319496115e-02 4.310568250271445967e-01 1.988105925529505547e-02 5.186638191543654353e-01
4.145785866504375639e-02 4.623085778009946578e-01 2.410116517276953904e-02 4.721323983611921959e-01
5.418380694038012896e-02 4.765181470290190680e-01 2.781582980710044228e-02 4.414822162235002012e-01
6.850213179054717716e-02 4.808741801657841486e-01 3.087976981365964449e-02 4.197439182300087279e-01
8.544411500129142634e-02 4.765520213093708546e-01 3.275015077735420749e-02 4.052537129119838655e-01
7.392059075237038371e-08 1.093447054229334562e-07 9.999692103938260246e-01 3.060634087795608874e-05
1.951603548067485853e-07 2.898707597502911319e-07 9.999449029087372764e-01 5.461206014824630616e-05
5.667627611387147054e-07 8.515429788139103229e-07 9.998896403420581835e-01 1.089413522019112032e-04
1.548928216952101429e-06 2.378719923255471218e-06 9.997782787670580484e-01 2.177935848016155599e-04
7.326237665350406915e-04 1.856441935666189617e-03 9.968500222240826991e-01 5.609120737161164350e-04
9.869701943852255722e-04 3.279642966075253362e-03 9.946966708763633758e-01 1.036715963176234418e-03
1.402907091414226778e-03 6.011450838118742590e-03 9.904873589229209463e-01 2.098283147545954453e-03
2.197495464607666840e-03 1.168948879227927826e-02 9.810308889185135328e-01 5.082126824599648290e-03
3.779089440546844030e-03 2.395225832009640135e-02 9.576396642945356197e-01 1.462898794482109764e-02
6.868485664598606745e-03 4.612067271235958943e-02 9.028248762139439165e-01 4.418596540909772857e-02
1.146575622289091288e-02 8.216136232706780507e-02 7.878599694965915390e-01 1.185129119534497899e-01
1.633152911231250046e-02 1.160194568187990771e-01 6.194326399233669456e-01 2.482163741455210570e-01
1.952483000856243545e-02 1.295388592962407881e-01 4.354640203430155121e-01 4.154722903521810840e-01
2.010626334559854553e-02 1.164731501174290085e-01 2.729220954199347293e-01 5.904984911170376716e-01
1.753608284502089845e-02 8.968131102509435681e-02 1.515826205484341604e-01 7.411999855814509486e-01
1.473478332313581628e-02 6.183777517838392329e-02 7.904645462599910188e-02 8.443809868724814205e-01
1.286366190728440231e-02 4.252148077494401213e-02 4.287761438624320548e-02 9.017372429315285709e-01
1.186986047917884361e-02 3.013987076321099010e-02 2.557367409427251451e-02 9.324165946633374835e-01
1.120056880981446477e-02 2.164170375922174622e-02 1.661476430776172991e-02 9.505429631232024112e-01
1.039033448271682245e-02 1.551774696943985371e-02 1.142694844104586924e-02 9.626649701067975240e-01
9.335686654598270712e-03 1.116315178169417603e-02 8.122699153951791137e-03 9.713784624097562270e-01
8.301784713485315520e-03 8.233109081441414984e-03 5.877248186765065066e-03 9.775878580183083866e-01
7.423332466340711207e-03 6.355178467093534379e-03 4.260106674335813366e-03 9.819613823922301865e-01
6.390402747428040042e-01 2.745308882102475145e-01 7.239722311588017711e-02 1.403161393106838045e-02
6.361190003854290120e-01 2.736565069665007344e-01 7.572895961311275348e-02 1.449553303495742899e-02
6.532418569528236629e-01 2.543975124182221714e-01 7.749824163649855768e-02 1.486238899245575541e-02
6.897604776865503551e-01 2.184208316973298425e-01 7.688571582065589771e-02 1.493297479546398625e-02
7.395695866466593937e-01 1.731414684297117867e-01 7.270980599741559691e-02 1.457913892621353139e-02
7.930781820976872121e-01 1.283543926027005677e-01 6.474659306128349723e-02 1.382083223832896064e-02
8.398842372670587419e-01 9.216636853730195145e-02 5.510991712742852044e-02 1.283947706821088504e-02
8.735869135088795145e-01 6.777458942282901799e-02 4.659821909873904100e-02 1.204027796955240218e-02
8.941694539149196430e-01 5.364013851794695309e-02 4.032730996703119686e-02 1.186309760010213765e-02
9.060987118292932463e-01 4.584133430719099928e-02 3.563783552893577677e-02 1.242211833458012511e-02
9.129540258493079596e-01 4.120220789523486304e-02 3.200445068646974589e-02 1.383931556898747306e-02
9.145984636217229236e-01 3.881604918422389139e-02 3.001666436384129583e-02 1.656882283021189270e-02
9.103275502241772177e-01 3.858437762907771656e-02 3.011481529586243142e-02 2.097325685088302638e-02
9.005003673498674921e-01 4.030817381939863497e-02 3.219504246500924649e-02 2.699641636572491094e-02
8.847079669047280825e-01 4.423454423880313763e-02 3.640016623688697300e-02 3.465732261958174437e-02
8.614920006403409269e-01 5.060199932708060039e-02 4.332589959145841801e-02 4.458010044112007547e-02
8.281731763049159367e-01 5.983654550857565868e-02 5.401756203181557608e-02 5.797271615469284933e-02
7.820448090106444372e-01 7.309303016299600886e-02 6.877051671013229006e-02 7.609164411622715285e-02
7.153785926096732917e-01 9.492213545801757302e-02 8.984266658436411424e-02 9.985660534794446597e-02
6.312142264747191422e-01 1.279259858862674126e-01 1.143874063254984308e-01 1.264723813135151254e-01
5.390586847898802825e-01 1.724753191179766720e-01 1.381854423563005640e-01 1.502805537358425370e-01
4.587025684749604371e-01 2.226750344613555865e-01 1.531034616034603058e-01 1.655189354602238094e-01
3.972469864549849627e-01 2.719206992432391390e-01 1.565551027154929720e-01 1.742772115862830096e-01
3.506690884516702189e-01 3.146312816711926974e-01 1.490622854015317966e-01 1.856373444756052316e-01
3.129085373545362203e-01 3.488035076846641713e-01 1.358476054170085490e-01 2.024403495437914202e-01
2.715947432002225881e-01 3.871932875922479700e-01 1.249037663301391515e-01 2.163082028773906651e-01
2.272475137379449117e-01 4.373039957415474355e-01 1.189464578818983931e-01 2.165020326386092597e-01
1.874589884962387654e-01 4.916679814461910047e-01 1.175030325101489026e-01 2.033699975474211885e-01
1.574727916930739047e-01 5.341170076950295664e-01 1.202720912431163025e-01 1.881381093687800876e-01
1.370674466901862787e-01 5.554486677787132676e-01 1.270808784417549464e-01 1.804030070893457016e-01
1.223522893944537088e-01 5.577790505271823518e-01 1.360187855735744689e-01 1.838498745047894567e-01
1.090227276808792278e-01 5.489407041279940058e-01 1.435431869400598248e-01 1.984933812510669415e-01
9.474863735712481250e-02 5.372533766282762135e-01 1.472246561280714516e-01 2.207733298865277860e-01
7.932900935941773757e-02 5.276346728423368937e-01 1.471232412098986142e-01 2.459130765883467407e-01
6.374415482958122048e-02 5.202731056580761626e-01 1.438932116275191686e-01 2.720895278848236010e-01
4.911574686945902740e-02 5.127259868498109663e-01 1.359699653366041316e-01 3.021883009441256873e-01
3.662081537721572494e-02 5.020216733623035221e-01 1.216201773727745850e-01 3.397373338877058280e-01
2.609005356694197447e-02 4.924553637534235806e-01 1.047747216343383608e-01 3.766798610452962159e-01
1.949772296567134008e-02 4.924998867688655246e-01 8.794568854244469436e-02 4.000567017230183819e-01
1.485285971711120152e-02 4.998167437141532998e-01 7.444745541588874971e-02 4.108829411528466258e-01
1.278129793140589041e-02 5.038136632750257471e-01 6.356846697006195146e-02 4.198365718235064215e-01
1.207180046054493784e-02 4.976804530191096254e-01 5.595138926731654111e-02 4.342963572530287308e-01
1.208210017807538443e-02 4.758667863922963481e-01 5.157495478771781383e-02 4.604761586419105490e-01
1.229503080025597973e-02 4.367020108076990481e-01 4.951866849887389538e-02 5.014842898931710646e-01
1.187501240562418257e-02 3.871482386921757390e-01 4.796929082242727682e-02 5.530074580797729178e-01
1.058213289265372455e-02 3.342223680873132596e-01 4.554590790201051842e-02 6.096495911180221938e-01
8.967183369504472257e-03 2.805986560311086175e-01 4.205429103357134768e-02 6.683798695658157429e-01
7.364608804262068320e-03 2.262596213242651921e-01 3.808327428495387329e-02 7.282924955865189842e-01
5.910809931406243306e-03 1.738320928479688277e-01 3.460330185377272216e-02 7.856537953668518703e-01
4.817108575862455444e-03 1.312930863909362311e-01 3.297575722020573696e-02 8.309140478129953822e-01
4.266382884229638281e-03 1.057020760031751050e-01 3.532352552086259756e-02 8.547080155917329281e-01
4.325063726105332629e-03 9.680982058294791692e-02 4.410808865418315572e-02 8.547570270367633727e-01
5.094494806001217783e-03 9.945027174541248849e-02 6.087750259867613645e-02 8.345777308499103819e-01
6.817461000608765996e-03 1.097795477769572120e-01 8.557257690115616100e-02 7.978304143212778810e-01
9.564248348394508575e-03 1.243327321591451151e-01 1.143952771029911053e-01 7.517077423894692467e-01
1.278656953917006039e-02 1.367806197925438561e-01 1.379041638047137364e-01 7.125286468635724235e-01
1.534435304224986488e-02 1.405094285602168092e-01 1.476902888733137298e-01 6.964559295242194192e-01
1.624840871670640841e-02 1.348306546849892262e-01 1.466198184719045283e-01 7.023011181263997260e-01
1.589389733720784556e-02 1.241002207469312918e-01 1.439229475398478009e-01 7.160829343760127808e-01
1.618479539446320697e-02 1.141367831582198733e-01 1.455917031958471053e-01 7.240867182514700851e-01
1.909768622761758017e-02 1.092336752655736765e-01 1.531085374635234586e-01 7.185601010432852709e-01
2.620731224702973344e-02 1.099214067203996142e-01 1.655646489785062292e-01 6.983066320540648464e-01
3.690281063249879062e-02 1.189305983679522921e-01 1.749703792911255773e-01 6.691962117084236938e-01
4.750450471198965768e-02 1.331366207453072714e-01 1.716142711670626264e-01 6.477446033756405486e-01
5.345559049218658737e-02 1.456911382730755877e-01 1.505863463762787402e-01 6.502669248584593831e-01
5.315845318781008827e-02 1.474407553510843349e-01 1.206144819128572715e-01 6.787863095482488118e-01
4.685327331812437490e-02 1.410616957031579077e-01 9.194055906266047906e-02 7.201444719160571273e-01
3.840349672224131067e-02 1.346184168107245060e-01 7.132961434859082239e-02 7.556484721184435482e-01
3.238703371489268235e-02 1.352123268438597814e-01 6.114124485666425773e-02 7.712593945845830357e-01
3.105530743576653124e-02 1.453268001532413700e-01 6.119465046554071336e-02 7.624232419454513021e-01
3.473704184425570329e-02 1.633354129362039886e-01 7.068224867268399492e-02 7.312452965468562160e-01
4.259791178297237663e-02 1.836580702794968212e-01 8.786609157421196303e-02 6.858779263633186796e-01
5.227997151529865938e-02 1.997016610910917200e-01 1.074839257262924092e-01 6.405344416673174335e-01
5.980052044237472303e-02 2.072584540881850235e-01 1.206095746308024907e-01 6.123314508386374921e-01
6.192408711610608574e-02 2.056402043699670501e-01 1.205448866451203221e-01 6.118908218688066114e-01
5.886405537152812617e-02 1.952682500161063706e-01 1.077482535729297614e-01 6.381194410394358529e-01
5.390233267739819034e-02 1.772976936356736033e-01 8.856457063257029694e-02 6.802354030543578123e-01
5.024307938848249222e-02 1.558303432599874305e-01 7.043308342777873654e-02 7.234934939237510632e-01
4.886051082005608143e-02 1.374774638993364329e-01 5.730999051904635960e-02 7.563520347615612094e-01
4.907276689233669442e-02 1.255496979979323080e-01 4.859316598843877594e-02 7.767843691212922286e-01
5.008183037487695666e-02 1.181949910159297151e-01 4.212533384150395771e-02 7.895978447676895717e-01
5.121906303889438988e-02 1.122706491975687254e-01 3.671102505394870791e-02 7.997992627095883433e-01
5.149074104446363376e-02 1.044845272377950690e-01 3.166537478217172630e-02 8.123593569355697097e-01
4.970350133408853871e-02 9.361140538648528298e-02 2.670872611584764952e-02 8.299763671635784767e-01
4.536338846096749089e-02 8.121046252355183792e-02 2.212437786117446570e-02 8.513017711543060528e-01
3.982181300947310737e-02 6.988490191088050918e-02 1.843952878673857723e-02 8.718537562929077334e-01
3.477169828859784373e-02 6.137689609975903460e-02 1.591178069543264240e-02 8.879396249162103683e-01
3.051034873443759024e-02 5.525060593237234030e-02 1.425162282634145558e-02 8.999874225068487110e-01
2.679524874876812457e-02 5.030134950764952179e-02 1.300797345744759796e-02 9.098954282861347886e-01
