2.075469062789862861e-04 1.051714656278314591e-01 8.864514885349875639e-01 8.169498930902035008e-03
6.891258370663999600e-02 3.952993504771543098e-01 8.887863975936229066e-02 4.469094260568435284e-01
6.682739678433789743e-02 3.869393207652966349e-01 8.895757118856395529e-02 4.572757112618016095e-01
6.411355052305001134e-02 3.744611830570829247e-01 8.854387269802030391e-02 4.728813937218470653e-01
6.235094330393295414e-02 3.668851837384786152e-01 8.877673607325650695e-02 4.819871368843321457e-01
6.408124292531847122e-02 3.697118339896485750e-01 9.257360011322700311e-02 4.736333229718063254e-01
7.127231259240983385e-02 3.808115562752572014e-01 1.021770254814303586e-01 4.457391056509025229e-01
8.345011154234199813e-02 3.941740442621558538e-01 1.164471680802035558e-01 4.059286761152985923e-01
9.821011534392046216e-02 4.085519030087831904e-01 1.320484715997707337e-01 3.611895100475254194e-01
1.138639010428866560e-01 4.277610725537727698e-01 1.460894399609520278e-01 3.122855864423888517e-01
1.309888575607643102e-01 4.528866523586952963e-01 1.567256927463049343e-01 2.593987973342355424e-01
1.524505563943260589e-01 4.785390454546046279e-01 1.636209549321380463e-01 2.053894432189313224e-01
1.822426577042869922e-01 4.960686550953077867e-01 1.672525034879188410e-01 1.544361837124862413e-01
2.241230037230507177e-01 4.984958754285654381e-01 1.672870307325425299e-01 1.100940901158413282e-01
2.812929968187199425e-01 4.822991832874095053e-01 1.619828951716037468e-01 7.442492472226686084e-02
3.569399589286875729e-01 4.463792635881623228e-01 1.489451743570751330e-01 4.773560312607472850e-02
4.548421635409468089e-01 3.895524527820937721e-01 1.267643220493115674e-01 2.884106162764773357e-02
5.777869030764737346e-01 3.086713244405295264e-01 9.759307373576357747e-02 1.594869874723315803e-02
7.107989671131902387e-01 2.136827158259589077e-01 6.768674387004165738e-02 7.831573190809180615e-03
8.250400594440909785e-01 1.269632779310307102e-01 4.437972019725417577e-02 3.616942427624278162e-03
8.995651331260544614e-01 6.844796465270115704e-02 3.022223248196513959e-02 1.764669739279056552e-03
9.428398994909381603e-01 3.588429377949511195e-02 2.036059078434463224e-02 9.152159452220862959e-04
9.658649750404132428e-01 1.916574049662328819e-02 1.445947998648130714e-02 5.098044764823228764e-04
9.784179147251080844e-01 1.072973488241889782e-02 1.055600556023204677e-02 2.963448322409615102e-04
9.852291084658517661e-01 6.512806124545506177e-03 8.076290410752787544e-03 1.817949988498195209e-04
9.887723790826469239e-01 4.445170320636406339e-03 6.660545852293812269e-03 1.219047444229469818e-04
9.905649942751513226e-01 3.395141800773943640e-03 5.950505944169554202e-03 8.935797990532751297e-05
9.914907532944555735e-01 2.774540431916666747e-03 5.665638783177747231e-03 6.906749044990092819e-05
9.916466334538600602e-01 2.419922476994893802e-03 5.875425309256000241e-03 5.801875988899916285e-05
9.907465852411710960e-01 2.285174609950946581e-03 6.913529610367927063e-03 5.471053850992885860e-05
9.881348783727484930e-01 2.346525065644303708e-03 9.460963373174893082e-03 5.763318843240938739e-05
9.822997926223971943e-01 2.635271246479534493e-03 1.499734583164256431e-02 6.759029948062117801e-05
9.701679338250422946e-01 3.253297857878466228e-03 2.648966851977089046e-02 8.909979730831826697e-05
9.463672896456127859e-01 4.330587468379793609e-03 4.917314997449530323e-02 1.289729115122368219e-04
9.027232981969783854e-01 5.821581914166186478e-03 9.126823721012899959e-02 1.868826787263726079e-04
8.273624138965597341e-01 7.378459348012553209e-03 1.650145129540380728e-01 2.446138013897578012e-04
7.097691210808646511e-01 8.650814280525763802e-03 2.813027233597722998e-01 2.773412788371938534e-04
5.634291050404731660e-01 9.527408152769060654e-03 4.267496740395951837e-01 2.938127671624005664e-04
4.359778064461476421e-01 9.316877031776754289e-03 5.544667004166969893e-01 2.386161053782511626e-04
3.550047622613683451e-01 9.294133812279288531e-03 6.354816649441906717e-01 2.194389821614869279e-04
3.202316940391638500e-01 9.381405649219265799e-03 6.701724000417441651e-01 2.145002698728582825e-04
3.136352046048617725e-01 9.700151775614172453e-03 6.764300278788552001e-01 2.346157406684330825e-04
3.181985670887474971e-01 1.050456686374153306e-02 6.709943595939429350e-01 3.025064535679219567e-04
3.266380602256843124e-01 1.186976383234515826e-02 6.610592227882697847e-01 4.329531537009398607e-04
3.385474024056636111e-01 1.384564498005555998e-02 6.469740874610723225e-01 6.328651532084765378e-04
3.536766997495741638e-01 1.666061993674581090e-02 6.287480923244308517e-01 9.145879892491752148e-04
3.702672144994403336e-01 2.050913097879912550e-02 6.079432354154638007e-01 1.280419106296486892e-03
3.859250187177716285e-01 2.539209688663390113e-02 5.869709538454737086e-01 1.711930550120804992e-03
3.981217981837275599e-01 3.112392788135680613e-02 5.685466984139504465e-01 2.207575520965026142e-03
4.064940624273413183e-01 3.729293320434939885e-02 5.534171219630581451e-01 2.795882405251080925e-03
4.130738115988222270e-01 4.348075066582197251e-02 5.399077386235944243e-01 3.537699111761645997e-03
4.170527685551468355e-01 4.914873057683184082e-02 5.293473600971169146e-01 4.451140770904371720e-03
4.156976296217817501e-01 5.382469592625242771e-02 5.250253092825578616e-01 5.452365169407863421e-03
4.081419111222502893e-01 5.729261374128502560e-02 5.282120159325898179e-01 6.353459203874860239e-03
3.957078921595938992e-01 5.967579848648725538e-02 5.377152426264015794e-01 6.901066727517523626e-03
3.818265404473332736e-01 6.192612864176153670e-02 5.493355503644816729e-01 6.911780546423530736e-03
3.692753134533681703e-01 6.541188707659355284e-02 5.589223982140341107e-01 6.390401256004411661e-03
3.541917655979225921e-01 7.061171442069746895e-02 5.697034592047383050e-01 5.493060776641681651e-03
3.278340101092480641e-01 7.749240477250687875e-02 5.901701644359239607e-01 4.503420682321149400e-03
2.852500793324315720e-01 8.588636272773390867e-02 6.252612897394114189e-01 3.602268200422972539e-03
2.293010292763731639e-01 9.380298344887179340e-02 6.740869967539022678e-01 2.808990520852730228e-03
1.702460251745927799e-01 1.008426524962091064e-01 7.269250378042803051e-01 1.986284524917834946e-03
1.163578278231157670e-01 1.010731800463307850e-01 7.812870710837683808e-01 1.281921046785222066e-03
7.559898593143725420e-02 9.495077957676902047e-02 8.286889322560232474e-01 7.613022357704385965e-04
4.883264975708485195e-02 8.583594892039932145e-02 8.648858860616575051e-01 4.455152608583089180e-04
3.197959514074125154e-02 7.755995903769079269e-02 8.901865407600466629e-01 2.739050615211348805e-04
2.131093902521290218e-02 7.217538767968281754e-02 9.063281940117718927e-01 1.854792833322940998e-04
1.459527169045584175e-02 6.894082959505823394e-02 9.163226652767382241e-01 1.412334377475894733e-04
1.046149955216548431e-02 6.694977034492863299e-02 9.224654443882074339e-01 1.232857146984522444e-04
7.926248461020439159e-03 6.640849086231313814e-02 9.255402281419076171e-01 1.250325347586588140e-04
6.130801053376076955e-03 6.667675528414013231e-02 9.270486568517030124e-01 1.437868107808176689e-04
5.234544409421784499e-03 6.590690973209861747e-02 9.286779730774775699e-01 1.805727810023206414e-04
1.360128147989207031e-02 1.061041824753997283e-02 9.746661188557670386e-01 1.122181416800888381e-03
4.391484778742524991e-02 4.815888006779660002e-01 3.510602075382146525e-02 4.393903307807878189e-01
3.882848028982309463e-02 4.777622108166610371e-01 3.407206931947567158e-02 4.493372395740402592e-01
3.385654001648846084e-02 4.676667581902073656e-01 3.442187873747450805e-02 4.640548230558298459e-01
2.992319060914301609e-02 4.456012812396340506e-01 3.555841931988060894e-02 4.889171088313423175e-01
2.751222875340080670e-02 4.107086289182022565e-01 3.719017784740941829e-02 5.245889644809875740e-01
2.649229200067213658e-02 3.709118854917036745e-01 3.984296476973966245e-02 5.627528577378844155e-01
2.627072733944922286e-02 3.374395198336251900e-01 4.422252205801763258e-02 5.920672307689081038e-01
2.617733989989682458e-02 3.159509322146420440e-01 5.027911694337772186e-02 6.075926109420833887e-01
2.601931907932846996e-02 3.061102763024945994e-01 5.703113906524931442e-02 6.108392655529276682e-01
2.602325379430190516e-02 3.060053806431414225e-01 6.324168772597307808e-02 6.047296778365832681e-01
2.634817197712376741e-02 3.129993243398661584e-01 6.780651489662485598e-02 5.928459887863853917e-01
2.709676235998592642e-02 3.258058874451095766e-01 7.023137668098214381e-02 5.768659735139224365e-01
2.801254503961571676e-02 3.476176677202320597e-01 7.139084823308307348e-02 5.529789390070694033e-01
2.874952133882777150e-02 3.815377615745917939e-01 7.285502782880182160e-02 5.168576892577783077e-01
2.987508579201280864e-02 4.241082152507588687e-01 7.580726590537925635e-02 4.702094330518490350e-01
3.195135369579030216e-02 4.685723677045491864e-01 7.993733414463090325e-02 4.195389444550297608e-01
3.476733818390113223e-02 5.118125907062807123e-01 8.389937707019361202e-02 3.695206940396247308e-01
3.828306493524907123e-02 5.521182802043512750e-01 8.797891817225772515e-02 3.216197366881416997e-01
4.280746387809192255e-02 5.847430946200502522e-01 9.468506223724333648e-02 2.777643792646140031e-01
4.861430776531691644e-02 6.038352745292728807e-01 1.069596051751526278e-01 2.405908125302575751e-01
5.590275584553591054e-02 6.054016818283223245e-01 1.270335556739124461e-01 2.116620066522291732e-01
6.539425443159453677e-02 5.863181555062205730e-01 1.561178740658336339e-01 1.921697159963514645e-01
7.819647198941753752e-02 5.467870751965578924e-01 1.943616376236884935e-01 1.806548151903359101e-01
9.485598274639833738e-02 4.913271014761166344e-01 2.416303413345294027e-01 1.721865744429557366e-01
1.134242986116066193e-01 4.283413862430527352e-01 2.961679221459370126e-01 1.620663929994038133e-01
1.319002868029535425e-01 3.720518451373628355e-01 3.486597868483560236e-01 1.473880812113276817e-01
1.477645065401472224e-01 3.311595149898569623e-01 3.935198758652423412e-01 1.275561026047533908e-01
1.642481463365235150e-01 3.030160134709708464e-01 4.266936940148175483e-01 1.060421461776879931e-01
1.828498030793804796e-01 2.834720842154011544e-01 4.464578664969593991e-01 8.722024620825886976e-02
2.048722628526171152e-01 2.685708445184419868e-01 4.542427939547157290e-01 7.231409867422523841e-02
2.332704945240458017e-01 2.552178758877506892e-01 4.507170823982917796e-01 6.079454718991175732e-02
2.679568825251699704e-01 2.452430430984950671e-01 4.346970654356026031e-01 5.210300894073254668e-02
3.108314055085383276e-01 2.374726797734277306e-01 4.053877868157865216e-01 4.630812790224707320e-02
3.533780208047756499e-01 2.313793893187101880e-01 3.714472419924671476e-01 4.379534788404699369e-02
3.801796893641985475e-01 2.247752467543251975e-01 3.506575838185482796e-01 4.438748006292790593e-02
3.816878271538808320e-01 2.154780539299008257e-01 3.558445047500746194e-01 4.698961416614384767e-02
3.569720211930399456e-01 2.044779498135971540e-01 3.878168649507021115e-01 5.073316404266060148e-02
3.106647088462108353e-01 1.939692560472027760e-01 4.402627679938971861e-01 5.510326711268886263e-02
2.504232392816940767e-01 1.854101081623340808e-01 5.046291302362874154e-01 5.953752231968437170e-02
1.852718529941559111e-01 1.792242206359468959e-01 5.725512491724745745e-01 6.295267719742268786e-02
1.234252455211449911e-01 1.778395928983491081e-01 6.340852568962279667e-01 6.464990468427753156e-02
7.662735401576023508e-02 1.870802914327538702e-01 6.696539294757468674e-01 6.663842507573905505e-02
4.865420876820503865e-02 2.262822101723428458e-01 6.510771428991676268e-01 7.398643816028452336e-02
3.396861918183638474e-02 3.146162425773597060e-01 5.604557416370076206e-01 9.095939660379630254e-02
2.531677537789892365e-02 4.402313159248021912e-01 4.188303267439364985e-01 1.156215819533624040e-01
1.924484842822801051e-02 5.543843430878141465e-01 2.817062920613311316e-01 1.446645164226268987e-01
1.434855587280752139e-02 6.216186238268411879e-01 1.860444401408069548e-01 1.779883801595441295e-01
1.129502095698228098e-02 6.521564494527899436e-01 1.279775610612240433e-01 2.085709685290036974e-01
8.847483815089028994e-03 6.741498513353585409e-01 9.305871609709542858e-02 2.239439487524574890e-01
6.896506602570092945e-03 7.011044410410331995e-01 7.087787944790811812e-02 2.211211729084888167e-01
5.214126961871533295e-03 7.299736009264126135e-01 5.637742677863490093e-02 2.084348453330809592e-01
3.964685268615473525e-03 7.536779800936307394e-01 4.997061366120052195e-02 1.923867209765531550e-01
3.096968506816808429e-03 7.713598145073968793e-01 5.205164919806819224e-02 1.734915677877183759e-01
2.615397394501093459e-03 7.777297583919691171e-01 6.563523446952237994e-02 1.540196097440074408e-01
2.258047361052897654e-03 7.662977404034725382e-01 9.672656412580094010e-02 1.347176481096735712e-01
2.638467602932111598e-03 7.216411565261393601e-01 1.616420607407834942e-01 1.140783151301453663e-01
2.678992919001335800e-03 6.421075637865654162e-01 2.643940594779771724e-01 9.081938381645575376e-02
3.037797949111159957e-03 5.411418014640562157e-01 3.901035787548037259e-01 6.571682183202889882e-02
3.079260453553828505e-03 4.453632311421474310e-01 5.083590404830686804e-01 4.319846792122997159e-02
2.831953977866117408e-03 3.684258331311839885e-01 6.016313041484576685e-01 2.711090874249241084e-02
2.465494667047918569e-03 3.109259721496491768e-01 6.693351383863997972e-01 1.727339479690320062e-02
2.168244517366301870e-03 2.704674072320673583e-01 7.152815479014420497e-01 1.208280034912403815e-02
2.065634265195126929e-03 2.491366693352851658e-01 7.387559870266910966e-01 1.004170937282844803e-02
2.186355486802123854e-03 2.508239963720965693e-01 7.369111162766163181e-01 1.007853186448500610e-02
2.514817237800255970e-03 2.763722954934214049e-01 7.095352560130225861e-01 1.157763125575590225e-02
3.041720161130279185e-03 3.236670217520042914e-01 6.588619467933322094e-01 1.442931129353334542e-02
3.712324924904776384e-03 3.887768695588843526e-01 5.885238866925386336e-01 1.898691882367215672e-02
4.437429285751041431e-03 4.700693855417276690e-01 4.992339577014338059e-01 2.625922747108705435e-02
5.023799427210271298e-03 5.700505382171400237e-01 3.877694381945045454e-01 3.715622416114578580e-02
5.064406293766783931e-03 6.829027079017383484e-01 2.618773003026355073e-01 5.015558550185932746e-02
4.460856692685053436e-03 7.816613915054297923e-01 1.520072590596665274e-01 6.187049274221877171e-02
3.989054040837611281e-01 6.426821956761243071e-02 5.282742517970059337e-01 8.552124551620557749e-03
2.852805453975904015e-01 3.839022085176492238e-01 6.225773121582353631e-02 2.685595148689367551e-01
2.580131203347073576e-01 4.107847783372911010e-01 5.422784288084051690e-02 2.769742584471609481e-01
2.323635428325150354e-01 4.343695377596076823e-01 4.795612599877296239e-02 2.853107934091044240e-01
2.106514224110676847e-01 4.520981690192597546e-01 4.354441730945361050e-02 2.937059912602193457e-01
1.913277009456835487e-01 4.661333031013588646e-01 4.085227382781031480e-02 3.016867221251472997e-01
1.787496038846182744e-01 4.747643444221940068e-01 3.944156466139480538e-02 3.070444870317926567e-01
1.708559992399674432e-01 4.821389906136571146e-01 3.959860922444712744e-02 3.074064009219284466e-01
1.704292422812372088e-01 4.868458967867047016e-01 4.145210777753502440e-02 3.012727531545231208e-01
1.753486664049801469e-01 4.923675769724725204e-01 4.439798880044924095e-02 2.878857678220982930e-01
1.861329357799664797e-01 4.980911500452634422e-01 4.752160536526411905e-02 2.682543088095056261e-01
1.947706729417446048e-01 5.075173347939441193e-01 5.115776204645525876e-02 2.465542302178564404e-01
2.020593563298540563e-01 5.146559752178694325e-01 5.547260363873348504e-02 2.278120648135425474e-01
2.033134135814415322e-01 5.230094686203822230e-01 5.981999444641296348e-02 2.138571233517634618e-01
2.000664010099839629e-01 5.329717775630241627e-01 6.381482751956436827e-02 2.031469939074274089e-01
1.980959750244780659e-01 5.421119926226098951e-01 6.792175751845405673e-02 1.918702748344584263e-01
2.023933590551443007e-01 5.472957600574424042e-01 7.302838807035556823e-02 1.772824928170576853e-01
2.141807296926631632e-01 5.455785011254121741e-01 8.002156660237833008e-02 1.602192025795463048e-01
2.292456329050941433e-01 5.404417547171728176e-01 8.841362321358194054e-02 1.418989891641509737e-01
2.422151057050542788e-01 5.384741870234746042e-01 9.694542366915351317e-02 1.223652836023175067e-01
2.504282511945318812e-01 5.433276939423918872e-01 1.045084483862452895e-01 1.017356064768309282e-01
2.544252755290569712e-01 5.542478843796572185e-01 1.100428044084517665e-01 8.128403568283427971e-02
2.560818733889601573e-01 5.691673860440681354e-01 1.122407752536500741e-01 6.250996531332163320e-02
2.578818865101519253e-01 5.850706741273431488e-01 1.104250488344553915e-01 4.662239052804961759e-02
2.627208913968093751e-01 5.972509819188104307e-01 1.058976132560141836e-01 3.413051342836605218e-02
2.736161346917184711e-01 6.006071510306449923e-01 1.008229829492810203e-01 2.495373132835551275e-02
2.934320316607627044e-01 5.922352514692936776e-01 9.585068738577418035e-02 1.848202948416948974e-02
3.271330827048279932e-01 5.680555089706325056e-01 9.098015558945149461e-02 1.383125273508789728e-02
3.762922965652971685e-01 5.290235379268024563e-01 8.440682112757817712e-02 1.027734438032240454e-02
4.473513623651143578e-01 4.693034441044389715e-01 7.587229410029897037e-02 7.472899430147574538e-03
5.320923878149660391e-01 3.957087654160321710e-01 6.683586365130875229e-02 5.362983117693067084e-03
6.111422140017952476e-01 3.242963174173751906e-01 6.061941491640937540e-02 3.942053664420465744e-03
6.751201967354402145e-01 2.639314247646605827e-01 5.800975011194777625e-02 2.938628387951521589e-03
7.237823175463211633e-01 2.151988187889248838e-01 5.878216589255683827e-02 2.236697772197048222e-03
7.564188272727732087e-01 1.784227094024662119e-01 6.337279603709737585e-02 1.785667287663231023e-03
7.720882533947083237e-01 1.534068147913345836e-01 7.299378289562784283e-02 1.511148918329087605e-03
7.710325134634966604e-01 1.380194293484631740e-01 8.960156118943475578e-02 1.346495998605507817e-03
7.568481325605194154e-01 1.273298236423054675e-01 1.145981112475665115e-01 1.223932549608558809e-03
7.325866081934945262e-01 1.204606752439620343e-01 1.458672867356084479e-01 1.085429826934766924e-03
7.070114199979237180e-01 1.164224807105044696e-01 1.756316996841721656e-01 9.343996073995063795e-04
6.856107702856943931e-01 1.180214312306773899e-01 1.955315290513344462e-01 8.362694322941606993e-04
6.683380467505776190e-01 1.280774254189827321e-01 2.027525912940376374e-01 8.319365364020454194e-04
6.519314245084776305e-01 1.453450998927013904e-01 2.018171524510954107e-01 9.063231477254391974e-04
6.375230141308033671e-01 1.644814973678097036e-01 1.969852819197008276e-01 1.010206581686222014e-03
6.276221724553404657e-01 1.829633808258437910e-01 1.882816167420781617e-01 1.132829976737605203e-03
6.188223954983274044e-01 2.038415926817559454e-01 1.760323422880967492e-01 1.303669531820093310e-03
6.059816979517135271e-01 2.300510642651068804e-01 1.624481994423425946e-01 1.519038340837054009e-03
5.862236774463681632e-01 2.626490013027844572e-01 1.493517539088352053e-01 1.775567342012398684e-03
5.660149637970884884e-01 2.957398113860921218e-01 1.361678468905770933e-01 2.077377926242234864e-03
5.482964794023339472e-01 3.260491435128348714e-01 1.231151990476069963e-01 2.539178037224294835e-03
5.383116908753535768e-01 3.471472620910464602e-01 1.111922462284476998e-01 3.348800805152045597e-03
5.370162626863627109e-01 3.568095855039550846e-01 1.014673797169270836e-01 4.706772092755039452e-03
5.387515215906726329e-01 3.598081128158905351e-01 9.471572476594131151e-02 6.724640827495798057e-03
5.355688048650428801e-01 3.642414480090401252e-01 9.094550655340200018e-02 9.244240572514944229e-03
5.232173867145445412e-01 3.766422794779774041e-01 8.834807697274212057e-02 1.179225683473600697e-02
5.018349738403212745e-01 4.006418113119473712e-01 8.396722443806903247e-02 1.355599040966245367e-02
4.761090469823743843e-01 4.339966497995265682e-01 7.631208841170822321e-02 1.358221480639099782e-02
4.519204918221651490e-01 4.686406820922403571e-01 6.754208347232799892e-02 1.189674261326671527e-02
4.306133459200428559e-01 4.984177976456668491e-01 6.132507464225051691e-02 9.643781792039961970e-03
4.092305864744119615e-01 5.238305000313214776e-01 5.920384101156951628e-02 7.735072482696961349e-03
3.843397008032909401e-01 5.487674501239964142e-01 6.052734860374417436e-02 6.365500468968440968e-03
3.557184404023466806e-01 5.747715792533858448e-01 6.403071926209968900e-02 5.479261082167939147e-03
3.271367224541544827e-01 5.994024311635005597e-01 6.849466451443411708e-02 4.966181867910957580e-03
3.023126610943197012e-01 6.202098379256968386e-01 7.286264676016550312e-02 4.614854219817911968e-03
2.835924061254868067e-01 6.352104002412258810e-01 7.690395597598542743e-02 4.293237657301862339e-03
2.727677020916572381e-01 6.418726024276553144e-01 8.133150253665651086e-02 4.028192944031200318e-03
2.694710852196695594e-01 6.405455228136838208e-01 8.615685372882420090e-02 3.826538237822257535e-03
2.713093766235662452e-01 6.360630352280804978e-01 8.905850182376114088e-02 3.569086324591925780e-03
2.764064535135607459e-01 6.323099523667435884e-01 8.810056194861851098e-02 3.183032171077110947e-03
2.824706621616042135e-01 6.303077229068414500e-01 8.448667324271383339e-02 2.734941688840550420e-03
2.915652430029458952e-01 6.258468943211459301e-01 8.024928513987902856e-02 2.338577536029272288e-03
3.091522175511717818e-01 6.121036988503513188e-01 7.667822144770855552e-02 2.065862150768303131e-03
1.719941300926643435e-01 8.064510828107269713e-01 4.923783535769088969e-03 1.663100356083940454e-02
1.549250722098757978e-02 9.941966504964588891e-02 3.957454834018084983e-02 8.455132793891857457e-01
1.883932473891827136e-02 1.203506705703773633e-01 5.144270248053128131e-02 8.093673022101730563e-01
2.227572649889508413e-02 1.509979492713036664e-01 7.205764733547465051e-02 7.546686768943267065e-01
2.513765368970275957e-02 1.903087869037859425e-01 1.049595873296227527e-01 6.795939720768887637e-01
2.733304503532434093e-02 2.311436172054991411e-01 1.515117420788819336e-01 5.900115956802945982e-01
2.917069899103825331e-02 2.647934792993301700e-01 2.104725422166625892e-01 4.955632794929689666e-01
3.099665038732068653e-02 2.887258087360219938e-01 2.805465273435683859e-01 3.997310135330889302e-01
3.299684507917791804e-02 3.036809058031632591e-01 3.596007379893517153e-01 3.037215111283071978e-01
3.506400968142702607e-02 3.110633416758681324e-01 4.390703035703133472e-01 2.148023450723914873e-01
3.712207890855787756e-02 3.162153262894319417e-01 5.023811020052806331e-01 1.442814927967294714e-01
3.981647317747957771e-02 3.237314349134844393e-01 5.388584551570552161e-01 9.759363675198073906e-02
4.481188579722755055e-02 3.323315863942258308e-01 5.516353664382934729e-01 7.122116137025323590e-02
5.420561067571590813e-02 3.386900359791732429e-01 5.489796144293609403e-01 5.812473891574999885e-02
7.048999890963644765e-02 3.404349233657251728e-01 5.367259277561230446e-01 5.234914996851591784e-02
9.721763187579306187e-02 3.390983880735191081e-01 5.136666007257877364e-01 5.001737932489969812e-02
1.363448362001281888e-01 3.384530470557877702e-01 4.757000686746488127e-01 4.950204806943516583e-02
1.887624472321929592e-01 3.363607945922795217e-01 4.244391588442442131e-01 5.043759933128323658e-02
2.478364697352918589e-01 3.305961703213501912e-01 3.688241087586856537e-01 5.274325118467248358e-02
2.999604867606615044e-01 3.286681254380876549e-01 3.137904057836018445e-01 5.758098201764920432e-02
3.371986158806323242e-01 3.361264723193234105e-01 2.598777887518686214e-01 6.679712304817567170e-02
3.547993361190462380e-01 3.529830200288963105e-01 2.102957413625196059e-01 8.192190248953767906e-02
3.548679454448189219e-01 3.687941755862616522e-01 1.708298220750904539e-01 1.055080568938292079e-01
3.422119448590754121e-01 3.761289487142733812e-01 1.384234028575532238e-01 1.432357035690978164e-01
3.188451478977372688e-01 3.698182367733776066e-01 1.093774224753333579e-01 2.019591928535519054e-01
2.859230801410490574e-01 3.486490254148482681e-01 8.360081050562399863e-02 2.818270839384786064e-01
2.468015678938601520e-01 3.170264969613915684e-01 6.357205173284792565e-02 3.725998834119004788e-01
2.049828072339157925e-01 2.847794785860594535e-01 5.001663168349619604e-02 4.602210824965285996e-01
1.651482854290673985e-01 2.569260667119797614e-01 4.160450404320542583e-02 5.363211438157475808e-01
1.304693755028982771e-01 2.330566208161329034e-01 3.678101648085961572e-02 5.996929872001092177e-01
1.015140113889706347e-01 2.128644857692065517e-01 3.440788335430158135e-02 6.512136194875212114e-01
7.783393425594158088e-02 1.975558746118433462e-01 3.359630328882349387e-02 6.910138878433919052e-01
5.887923570569179171e-02 1.879824970305549459e-01 3.346116235080674739e-02 7.196771049129462305e-01
4.376476995096770933e-02 1.822206212644592038e-01 3.286222940722991620e-02 7.411523793773430180e-01
3.228494369997869651e-02 1.783165274706317860e-01 3.165776785003561467e-02 7.577407609793538334e-01
2.461390330550786501e-02 1.757886600843687752e-01 3.111404854680960286e-02 7.684833880633139547e-01
1.984798804538492889e-02 1.733981824239477776e-01 3.182852375209652834e-02 7.749253057785709942e-01
1.687383532301960781e-02 1.707386111947204743e-01 3.312501418828500688e-02 7.792625392939750428e-01
1.484324753697499437e-02 1.678281891344048649e-01 3.374921496669064380e-02 7.835793483619294397e-01
1.327610110670324715e-02 1.632693997646037787e-01 3.271724682472650775e-02 7.907372523039662982e-01
1.196337400597229442e-02 1.543778262965699588e-01 3.019031889242068667e-02 8.034684808050369664e-01
1.072849080309335248e-02 1.406279709315192694e-01 2.717880605591873819e-02 8.214647322094685844e-01
9.403394213420767853e-03 1.237872857554078027e-01 2.421741521975993502e-02 8.425919048114114407e-01
8.036564791948298120e-03 1.065563589704795339e-01 2.148045231881203984e-02 8.639266239187600727e-01
6.784339329677105401e-03 9.174676112227475588e-02 1.907639721856779075e-02 8.823925023294805214e-01
5.790978169007744876e-03 8.199965875764091139e-02 1.649542122692638363e-02 8.957139418464251657e-01
5.108182697562323182e-03 7.877836511184339863e-02 1.502420188126071116e-02 9.010892503093335115e-01
4.894936047662153643e-03 8.351537782407603139e-02 1.384313534444626959e-02 8.977465507838152670e-01
4.292338544184213893e-03 9.835162431837782271e-02 1.357566694469195846e-02 8.837803701927459121e-01
4.672748203163274404e-03 1.239926748693941233e-01 1.301128292771478942e-02 8.583232939997276212e-01
5.364701777539640677e-03 1.578779014086009735e-01 1.248607213696172058e-02 8.242713246768978985e-01
6.169627103962464082e-03 1.952544464670398217e-01 1.209018982807321535e-02 7.864857366009245787e-01
7.012961384036797870e-03 2.323062292402703899e-01 1.213822036111541873e-02 7.485425890145774863e-01
7.964030365540606879e-03 2.666103050177263678e-01 1.286475634971516457e-02 7.125609082670180117e-01
9.060772445318483401e-03 2.970974476529466557e-01 1.426101047953293004e-02 6.795807694222016915e-01
1.007995412513413777e-02 3.235253019454481516e-01 1.602553137028764688e-02 6.503692125591302720e-01
1.057755805413003458e-02 3.427402926068309208e-01 1.763240853512838130e-02 6.290497408039108507e-01
1.032770224151389506e-02 3.490885223513626179e-01 1.855295795957265931e-02 6.220308174475507323e-01
9.620072424532792946e-03 3.382627176809995806e-01 1.848043652373223752e-02 6.336367733707354288e-01
9.026064524743327225e-03 3.090684068288475084e-01 1.747766663857248937e-02 6.644278620078367670e-01
8.922150291098497957e-03 2.693240761647889281e-01 1.610754379547602380e-02 7.056462297486366664e-01
9.414782851589474297e-03 2.337523643334599721e-01 1.516471700869080792e-02 7.416681358062596763e-01
1.083668027557836699e-02 2.119911914041174572e-01 1.534113872571984775e-02 7.618309895945842847e-01
1.389141970758919070e-02 2.086536283102081446e-01 1.725413704686384192e-02 7.602008149353389754e-01
1.939778964771947736e-02 2.261190479262341624e-01 2.148718703261815952e-02 7.329959753934278677e-01
2.805738509065417927e-02 2.577429095295306061e-01 2.807922684855649470e-02 6.861204785312589038e-01
4.023130384732147985e-02 2.882101244434365217e-01 3.618525841170430052e-02 6.353733132975371012e-01
5.570593353414015486e-02 3.035076526415210751e-01 4.437367206005521370e-02 5.964127417642833828e-01
7.358660060517147050e-02 3.011109838745072986e-01 5.151055430515643491e-02 5.737918612151647890e-01
9.286293245115477546e-02 2.875035025471418537e-01 5.746418172663499135e-02 5.621693832750683795e-01
1.130783061550813817e-01 2.691959746710518853e-01 6.205673181280245421e-02 5.556689873610640706e-01
1.343739083323227668e-01 2.480703904692805051e-01 6.398899486615522436e-02 5.535667063322418091e-01
1.494385297582676638e-04 2.866707663733482261e-03 9.967987348119107249e-01 1.851189945972363422e-04
2.226271526686431437e-04 4.785566808645032658e-03 9.946650252379952706e-01 3.267808006909914131e-04
3.515898135983941929e-04 8.496114674075809850e-03 9.905542430609750593e-01 5.980524513505961794e-04
5.611728717791610943e-04 1.510788659084602754e-02 9.832985730622059162e-01 1.032367475168889659e-03
9.485803976560161629e-04 2.728271506553905934e-02 9.700845157878459357e-01 1.684188748959153251e-03
1.311431436673669718e-03 5.142437406191982530e-02 9.445580828730218981e-01 2.706111628384582843e-03
1.967591978323017521e-03 9.663678156641886119e-02 8.967180854166615367e-01 4.677541038596608886e-03
3.026836438160014978e-03 1.662479706081437802e-01 8.214974468890694492e-01 9.227746064626970654e-03
4.580385073972877488e-03 2.517064021087911940e-01 7.230953615301595194e-01 2.061785128707641079e-02
6.842899995944297029e-03 3.412640678794165994e-01 6.031193364983278293e-01 4.877369562631117539e-02
9.985073499360980209e-03 4.114916719488225239e-01 4.690212917808279092e-01 1.095019627709885451e-01
1.351954173996814008e-02 4.259602243363274088e-01 3.450752838475318884e-01 2.154449500761728420e-01
1.619414146226469051e-02 3.718507846386585602e-01 2.423144803640261136e-01 3.696405935350505767e-01
1.596923506677695725e-02 2.750522527149762975e-01 1.553993041261790553e-01 5.535792080920676206e-01
1.310538643699779050e-02 1.766317477484331544e-01 8.885408564333900638e-02 7.214087801712298909e-01
1.021801082485926382e-02 1.065667537685044269e-01 4.676935992681081899e-02 8.364458754798256290e-01
8.364270605285653234e-03 6.461923011647710546e-02 2.605711983891832381e-02 9.009593794393184751e-01
7.211168038675679418e-03 4.006145972559923413e-02 1.573595974362112029e-02 9.369914124921039367e-01
6.313868569461202410e-03 2.483867892880907077e-02 1.001843206431719292e-02 9.588290204374125825e-01
5.483348517443245237e-03 1.538704002983586235e-02 6.614529281003314436e-03 9.725150821717174487e-01
4.728768563078242400e-03 9.761479803236544975e-03 4.543185722813636133e-03 9.809665659108717239e-01
4.176958261584251368e-03 6.565073552724810628e-03 3.257928247642427610e-03 9.860000399380486336e-01
3.138290892296506391e-03 4.863120432239838829e-03 2.548051884699773471e-03 9.894505367907638904e-01
6.503178807847106446e-01 2.329000361021955900e-01 1.065965586947163618e-01 1.018552441837782506e-02
6.514495720337886153e-01 2.227430166123933186e-01 1.154504991817507237e-01 1.035691217206743259e-02
6.647287648333521926e-01 2.002753940753391471e-01 1.243192205295605146e-01 1.067662056174788904e-02
6.902787244402207589e-01 1.683026281562535198e-01 1.303695258912604404e-01 1.104912151226522705e-02
7.275649088608857618e-01 1.311778826102706630e-01 1.299115849049710392e-01 1.134562362387243548e-02
7.678739758290110684e-01 9.878255070900765489e-02 1.217340857365133006e-01 1.160938772546786339e-02
8.065786088935675835e-01 7.340659119315631753e-02 1.082347091860824950e-01 1.178009072719382946e-02
8.366333780796113562e-01 5.691039814317910839e-02 9.441932326346250126e-02 1.203690051374694224e-02
8.577359366061600987e-01 4.640774569849453329e-02 8.322534084429543400e-02 1.263097685105016126e-02
8.704930299668095506e-01 4.079023696551396100e-02 7.482924958822619044e-02 1.388748347945033441e-02
8.766866085496433092e-01 3.810779827436676370e-02 6.901081531150810022e-02 1.619477786448166381e-02
8.749517592733622173e-01 3.779988256717489725e-02 6.692214850598261766e-02 2.032620965348011857e-02
8.643468213299092540e-01 3.964124227187602878e-02 6.908800792094210719e-02 2.692392847727252334e-02
8.456149049338664847e-01 4.328780682419282322e-02 7.507135485154597943e-02 3.602593339039453918e-02
8.181388973449413848e-01 4.901963716690979633e-02 8.516932525707250623e-02 4.767214023107664567e-02
7.792177586339529283e-01 5.725854208114500299e-02 1.008520389830492858e-01 6.267166030185247760e-02
7.245748439099112259e-01 6.839349656271430378e-02 1.247119776314112027e-01 8.231968189596322594e-02
6.511681364490596868e-01 8.273200290998806994e-02 1.590563455459908515e-01 1.070435150949614472e-01
5.547400243692169886e-01 1.044191315027396816e-01 2.059639262500897738e-01 1.348769178779538613e-01
4.475285516549935005e-01 1.343751829208377768e-01 2.588435470429347185e-01 1.592527183812343095e-01
3.483078321038109992e-01 1.713940994241140436e-01 3.072091397582467631e-01 1.730889287138280275e-01
2.708454504848400446e-01 2.116823245157486988e-01 3.437448261548211592e-01 1.737273988445900696e-01
2.168929668029370428e-01 2.514113299777220867e-01 3.648507777848929989e-01 1.668449254344477328e-01
1.798103023276798884e-01 2.886542311909303105e-01 3.691416310105082865e-01 1.623938354708815701e-01
1.505352246570935415e-01 3.226239985587780468e-01 3.656773545737976305e-01 1.611634222103308089e-01
1.232343450811225760e-01 3.513823536485913834e-01 3.702728161404511553e-01 1.551104851298351350e-01
9.839519710859637169e-02 3.690708282631872672e-01 3.931783260383737155e-01 1.393556485898427011e-01
7.859156937567006451e-02 3.663888196241724682e-01 4.358765456810895778e-01 1.191430653190678896e-01
6.417390141571550910e-02 3.386342446231766501e-01 4.945598034754131178e-01 1.026320504856946536e-01
5.361379994945973670e-02 2.930519084904371629e-01 5.602538330798217947e-01 9.308045848028129177e-02
4.541660371412039460e-02 2.456910782356579170e-01 6.181455617118266632e-01 9.074675633839514310e-02
3.882646672130597026e-02 2.092549305786297609e-01 6.564737726156806286e-01 9.544483008438371663e-02
3.333404721949969479e-02 1.859151409936123378e-01 6.752273605204869300e-01 1.055234512664013358e-01
2.840174016732820161e-02 1.713132344921464156e-01 6.823249250624622286e-01 1.179601002780631402e-01
2.384306429966578586e-02 1.615040764795386830e-01 6.837433436198580017e-01 1.309095156009374705e-01
1.991405788024752307e-02 1.579098474331261381e-01 6.757798834498766061e-01 1.463962112367496460e-01
1.707755208729123605e-02 1.662968226999162469e-01 6.478155170681796360e-01 1.688101081446126694e-01
1.507867171488817652e-02 1.879764915111787338e-01 6.026008862476522898e-01 1.943439505262808675e-01
1.359285710943555422e-02 2.238031608922205484e-01 5.502188653367341420e-01 2.123851166616095854e-01
1.249516205106981394e-02 2.778100777134711041e-01 4.904044915702387430e-01 2.192902686652205280e-01
1.158578467476786139e-02 3.467658547199252150e-01 4.222733480672065665e-01 2.193750125381001281e-01
1.088960825267141531e-02 4.131455499144731092e-01 3.582627829115302975e-01 2.177020589213248813e-01
1.078334956672100803e-02 4.575677538203590800e-01 3.112395023570460606e-01 2.204093942558738306e-01
1.136784824038543536e-02 4.741959258856652815e-01 2.813444919895752849e-01 2.330917338843737363e-01
1.202698441110541978e-02 4.709163748261309679e-01 2.591270552120563120e-01 2.579295855507074409e-01
1.216902071344523606e-02 4.580780252461608693e-01 2.340808450650761485e-01 2.956721089753179266e-01
1.183409968115282582e-02 4.384295957647599273e-01 2.027514925004178792e-01 3.469848120536695446e-01
1.111822294843546957e-02 4.050976219765030084e-01 1.714438887837458625e-01 4.123402662913158156e-01
1.004815051237797734e-02 3.535676007058183301e-01 1.460338315071901816e-01 4.903504172746133705e-01
8.891789752104186859e-03 2.922849555751200756e-01 1.285002029599554285e-01 5.703230517128202726e-01
8.131900584193099343e-03 2.393361948500784264e-01 1.223699055119146367e-01 6.301619990538142035e-01
8.180413225255580775e-03 2.052940214093385285e-01 1.310647819769393818e-01 6.554607833884663615e-01
9.385783924954850532e-03 1.865987365548495980e-01 1.525790661322300457e-01 6.514364133879655405e-01
1.222835711648645116e-02 1.791211423964429450e-01 1.824314175010350592e-01 6.262190829860354579e-01
1.697264460482565337e-02 1.804211889094326504e-01 2.144035933029399543e-01 5.882025731828020021e-01
2.310175613928646884e-02 1.855727080686428443e-01 2.376450398731175806e-01 5.536804959189530750e-01
2.896213943595938103e-02 1.876104848483539367e-01 2.427276092893624337e-01 5.406997664263242243e-01
3.209707271668545830e-02 1.809780743322147167e-01 2.333085134835348462e-01 5.536163394675650551e-01
3.238806420665958641e-02 1.639031659127160312e-01 2.230774800653980150e-01 5.806312898152264923e-01
3.230598598670413740e-02 1.457753783991238838e-01 2.200815300778339589e-01 6.018371055363380684e-01
3.594804701112084416e-02 1.334402622645155800e-01 2.289494519445242626e-01 6.016622387798392646e-01
4.511007820599940987e-02 1.298089046174307482e-01 2.481238860783626932e-01 5.769571310982070100e-01
5.822224961212550676e-02 1.350230274109986417e-01 2.681978346896057297e-01 5.385568882872703300e-01
7.033914564451909657e-02 1.470456886076073055e-01 2.738108497206724889e-01 5.088043160272012200e-01
7.802086269055466539e-02 1.589053993599610637e-01 2.564095562786090077e-01 5.066641816708751245e-01
7.982024952763835945e-02 1.630051883392311940e-01 2.218011028293362663e-01 5.353734593037943190e-01
7.440513169583980180e-02 1.588074930281816177e-01 1.828496105468928323e-01 5.839377647290853179e-01
6.561850462586799049e-02 1.497457747013520302e-01 1.518856923114353386e-01 6.327500283613445298e-01
5.806150696073154871e-02 1.433028200683305609e-01 1.360927390746726751e-01 6.625429338962652848e-01
5.551028800925978529e-02 1.416942203649345922e-01 1.376945395670774452e-01 6.651009520587283230e-01
5.895524794405866686e-02 1.428146739909884333e-01 1.553991501277280085e-01 6.428309279372248497e-01
6.707623873508015977e-02 1.426957286759768517e-01 1.853487057550653461e-01 6.048793268338776841e-01
7.684980499237790974e-02 1.398381423022307113e-01 2.178844917374878620e-01 5.654275609679035863e-01
8.440919794992296499e-02 1.349980249696163814e-01 2.377034946821230954e-01 5.428892823983374472e-01
8.699361723596515938e-02 1.290096837631420634e-01 2.340196317174848273e-01 5.499770672834081164e-01
8.461895027631725907e-02 1.218720517872114578e-01 2.084261272203132564e-01 5.850828707161578324e-01
7.999572158952340806e-02 1.135859743456740234e-01 1.720347735339418926e-01 6.343835305308603845e-01
7.599226397814638767e-02 1.049998726831966739e-01 1.374627203027506406e-01 6.815451430359064089e-01
7.353007279944168140e-02 9.797319391401600186e-02 1.115548028289115451e-01 7.169419304576308827e-01
7.205039697436900481e-02 9.417305052288843514e-02 9.357968505589243924e-02 7.401968674468499820e-01
7.121925923684993553e-02 9.366783461574038072e-02 8.024483609928972916e-02 7.548680700481197325e-01
7.080228630514426302e-02 9.514933573497541541e-02 6.997667126039255892e-02 7.640717066994873186e-01
6.958876917478543089e-02 9.585099417954970336e-02 6.152546197872781064e-02 7.730347746669370412e-01
6.601811681020669509e-02 9.353236694534687590e-02 5.369163958369641693e-02 7.867578766607500329e-01
5.943411342808506415e-02 8.809695728004392212e-02 4.630824361381671167e-02 8.061606856780539898e-01
5.132913427490904540e-02 8.168608248080784506e-02 4.008347389360188834e-02 8.269013093506809575e-01
4.388466972654086334e-02 7.667138348757589206e-02 3.559009673668152990e-02 8.438538500492016592e-01
3.786413801621364705e-02 7.323633111585307887e-02 3.255217680220744841e-02 8.563473540657259298e-01
3.319956022985007943e-02 7.037467576809665337e-02 3.028284062178492400e-02 8.661429233802685479e-01
