6.205891252765600172e-04 3.317485324969320776e-02 9.554063053995500709e-01 1.079825222548025897e-02
8.155087687075826541e-02 2.691821722278238127e-01 7.705425863306095136e-02 5.722126922683570260e-01
8.079039632466326892e-02 2.600018023233064968e-01 7.697939643347487260e-02 5.822284049185558752e-01
7.948251037213517611e-02 2.507401108433764403e-01 7.614527642011231778e-02 5.936321023643759132e-01
7.978311026901764580e-02 2.485435407907577721e-01 7.577865978297773641e-02 5.958946891572470816e-01
8.430640763167036866e-02 2.585120018517426677e-01 7.829302105992885785e-02 5.788885694566581197e-01
9.465117767247546721e-02 2.800163637103742498e-01 8.522945244733952375e-02 5.401030061698109952e-01
1.095461071383919266e-01 3.079277903805094918e-01 9.509786935022200571e-02 4.874282331308767424e-01
1.261831326485058080e-01 3.397752519333169241e-01 1.047898322624100653e-01 4.292517831557675634e-01
1.432867846825250091e-01 3.773237363253619803e-01 1.121068117345711268e-01 3.672826672575419948e-01
1.621244841165486728e-01 4.187631139003177849e-01 1.167630617105414881e-01 3.023493402725921375e-01
1.850602123436121682e-01 4.597973639043369531e-01 1.166285520031788148e-01 2.385138717488718973e-01
2.175735850100281865e-01 4.868707919038895993e-01 1.150004094202938393e-01 1.805552136657884998e-01
2.648616451453131848e-01 4.921461028111029368e-01 1.118107011794930578e-01 1.311815508640907790e-01
3.317619879404634653e-01 4.704240746467260870e-01 1.066433665552469212e-01 9.117057085756372081e-02
4.209989780711024809e-01 4.207826325733547979e-01 9.803311521873032952e-02 6.018527413681239169e-02
5.328709799725629415e-01 3.457589974453417203e-01 8.421705803823793801e-02 3.715296454385760838e-02
6.543008933088084733e-01 2.582425142169222365e-01 6.659212495572384982e-02 2.086446751854524606e-02
7.704358824814585560e-01 1.705057900279374483e-01 4.859361155920333825e-02 1.046471593140081355e-02
8.600338955847420808e-01 1.003659926606957353e-01 3.459359427565203426e-02 5.006517478910053366e-03
9.167606976236833960e-01 5.481437743275972829e-02 2.590074282016929449e-02 2.524182123387629356e-03
9.492374206823349647e-01 3.005016177442020042e-02 1.934970832381144659e-02 1.362709219433122423e-03
9.672541091099480237e-01 1.688282733932107427e-02 1.508202935592162924e-02 7.810341948093058430e-04
9.772812477374236417e-01 1.016795135074266727e-02 1.208213427380385764e-02 4.686666380300287277e-04
9.826854686134914862e-01 6.806776166077592276e-03 1.020880919065601453e-02 2.989460297746092854e-04
9.851687458994874413e-01 5.205582516074152427e-03 9.416673332556751638e-03 2.089982518815742261e-04
9.858184068466054883e-01 4.477935717306823910e-03 9.544167630091103527e-03 1.594898059965982025e-04
9.853170867184899429e-01 4.130292572612972481e-03 1.042394684114012447e-02 1.286738677567663379e-04
9.833486860605350488e-01 4.070224541887967548e-03 1.246741679631922783e-02 1.136726012578138603e-04
9.787468416214438749e-01 4.332455212657886773e-03 1.680733662350893456e-02 1.133665423891483636e-04
9.691954623395503399e-01 4.957988284197614205e-03 2.572094347141429607e-02 1.256059048376178514e-04
9.500180396699179353e-01 6.019528835368175360e-03 4.381076604298158456e-02 1.516654517325159962e-04
9.128287110119177594e-01 7.625021663475419625e-03 7.934654732940966959e-02 1.997199951973866610e-04
8.453850097508339712e-01 9.868380747229340416e-03 1.444650596918101160e-01 2.815498101263145267e-04
7.353811910336726099e-01 1.244507430899498626e-02 2.517827858004768604e-01 3.909488568556262317e-04
5.792333976993830902e-01 1.453712282273566560e-02 4.057327544526912466e-01 4.967250251900241645e-04
4.036967727228167879e-01 1.471939356971882495e-02 5.811041794307268971e-01 4.796542767372735986e-04
2.564776301321564644e-01 1.393081115026579241e-02 7.291662386298245480e-01 4.253200877531430500e-04
1.674901376306492939e-01 1.298557856944409367e-02 8.191531768872055697e-01 3.711069127010703820e-04
1.258228453726405183e-01 1.226459141989801396e-02 8.615537700100084351e-01 3.587931974530126993e-04
1.157055776671413183e-01 1.254408615692331405e-02 8.713733234785970838e-01 3.770126973386086523e-04
1.233061915772304673e-01 1.330742187634623847e-02 8.629312351718109175e-01 4.551513746123342558e-04
1.408672151143970930e-01 1.455648862898683595e-02 8.439374967697234053e-01 6.387994868927020535e-04
1.648767851259855255e-01 1.668475837349941288e-02 8.174775649697086921e-01 9.608915308061695935e-04
1.899856557133615675e-01 1.899710098038671219e-02 7.895493797760375632e-01 1.467863530214490609e-03
2.159203106834500230e-01 2.218775065485693171e-02 7.597009320357110962e-01 2.191006625981535387e-03
2.403548848562710172e-01 2.654373377708148934e-02 7.299508573000326184e-01 3.150524066614287903e-03
2.609434195045439164e-01 3.212683389194984085e-02 7.026201117565636922e-01 4.309634846942845404e-03
2.765810649640255692e-01 3.883221743071546550e-02 6.789467367784629559e-01 5.639980826795895803e-03
2.877128626103421793e-01 4.633625443900465934e-02 6.587840851251408614e-01 7.166797825512122126e-03
2.968811391884800255e-01 5.405802648962388518e-02 6.400670767961874619e-01 8.993757525709003900e-03
3.042523883912298110e-01 6.080270886851228684e-02 6.238352009091234773e-01 1.110970183113433804e-02
3.071823210607350640e-01 6.541667439999054867e-02 6.141382238593728893e-01 1.326278067990121004e-02
3.045876792762641783e-01 6.772113717053236670e-02 6.126299609960185188e-01 1.506122255718517905e-02
2.982639534170329343e-01 6.861711012152081623e-02 6.170017811228124538e-01 1.611715533863366384e-02
2.912819041470018910e-01 7.000437652342382522e-02 6.225081049091802932e-01 1.620561442039363323e-02
2.841759753360589835e-01 7.379314150432657315e-02 6.266886427771043433e-01 1.534224038250958135e-02
2.714825007801039414e-01 8.036385706459793499e-02 6.344469271172422653e-01 1.370671503805593293e-02
2.459806531904673299e-01 8.883469487045826674e-02 6.534595189387097935e-01 1.172513300036442593e-02
2.046901889793856510e-01 9.826074467338548335e-02 6.873244689565239929e-01 9.724597390704784253e-03
1.562857282861097319e-01 1.038301554059771759e-01 7.322474525569021564e-01 7.636663751011011324e-03
1.066249670059676857e-01 1.041729619702433940e-01 7.836607421464703016e-01 5.541328877318171114e-03
6.576787461222731446e-02 9.696265037342380322e-02 8.336144187278360373e-01 3.655056286512803777e-03
3.853713625897179501e-02 8.496609491758029542e-02 8.742384839629016025e-01 2.258284860546281962e-03
2.325524525187863331e-02 7.312024742184228265e-02 9.022352812160495672e-01 1.389226110229679900e-03
1.505441843020157745e-02 6.424846299529224369e-02 9.198072279965057163e-01 8.898905780003475144e-04
1.056318490721126074e-02 5.905619995461132421e-02 9.297631332838921514e-01 6.174818542854155394e-04
8.105847217094973300e-03 5.679369437305952645e-02 9.346201457327008022e-01 4.803126771446660143e-04
6.510581316129727958e-03 5.610741341812622990e-02 9.369570281271542012e-01 4.249771385897926847e-04
5.998711738943695616e-03 5.572829006988068434e-02 9.378359960842608256e-01 4.370021069147757265e-04
5.578298197407631671e-03 5.440532620722516449e-02 9.395231170031893564e-01 4.932585921779332081e-04
5.119360911678646521e-03 5.126815699992857966e-02 9.430264518377623473e-01 5.860302506303377438e-04
4.651145675077186618e-03 5.259176283094017801e-03 9.889472790584621364e-01 1.142398983366800513e-03
7.271402779119484627e-02 3.704904599025144463e-01 2.823528613774558410e-02 5.285602261685451442e-01
5.784403778849037808e-02 3.435740616966854732e-01 2.723706022870972521e-02 5.713448402861142084e-01
4.511398363344656243e-02 3.136103579820946896e-01 2.684566512636711935e-02 6.144299932580918888e-01
3.575630817864202532e-02 2.747076571707770531e-01 2.671663360870256410e-02 6.628194010418781978e-01
2.950726186932990658e-02 2.269070925896786717e-01 2.662290579284952094e-02 7.169627397481421749e-01
2.558303013880182386e-02 1.815263406482038322e-01 2.696647528061997187e-02 7.659241539323745629e-01
2.317921038687081534e-02 1.496261619454246627e-01 2.848931351616454735e-02 7.987053141515400023e-01
2.165641745282072261e-02 1.327847746827598430e-01 3.150404334625258457e-02 8.140547645181669401e-01
2.081863201975026750e-02 1.277175895900627411e-01 3.571582399787989748e-02 8.157479543923071841e-01
2.083800566822420139e-02 1.313592641222631197e-01 4.059330175712729666e-02 8.072094284523853025e-01
2.169001577100415634e-02 1.401406181631717207e-01 4.527939041099704465e-02 7.928899756548274391e-01
2.315397496798733343e-02 1.512839635425634044e-01 4.899924972053716632e-02 7.765628117689119536e-01
2.505355616711553782e-02 1.673964049342094584e-01 5.237137261854268866e-02 7.551786662801321937e-01
2.757575256037092873e-02 1.944984447747396816e-01 5.698702288285806966e-02 7.209387797820311361e-01
3.175687530589919871e-02 2.352952837305671285e-01 6.393045973200763010e-02 6.690173812315259871e-01
3.864286577087144153e-02 2.858735687497746536e-01 7.253212994049405837e-02 6.029514355388599922e-01
4.844454105180669851e-02 3.386750016596538071e-01 8.100408699676191204e-02 5.318763702917777003e-01
6.099763000033903843e-02 3.866287213541332313e-01 8.935222864837166767e-02 4.630214199971561806e-01
7.636102170325156924e-02 4.238730464165574863e-01 9.989688568351863529e-02 3.998690461966725174e-01
9.527246644409190224e-02 4.450496922567911406e-01 1.155792217376376135e-01 3.440986195614795795e-01
1.187167948105120469e-01 4.443892279819623981e-01 1.387096850308977003e-01 2.981842921766276744e-01
1.477318410761325473e-01 4.166966547812739896e-01 1.700137696229476469e-01 2.655577345196458716e-01
1.832751180605497188e-01 3.635880554885079774e-01 2.084231759053405408e-01 2.447136505456021793e-01
2.251041033647561695e-01 2.954676333209874106e-01 2.515354488658300136e-01 2.278928144484264340e-01
2.685027849942493994e-01 2.264960736591433987e-01 2.964500067059721578e-01 2.085511346406350441e-01
3.080897384343821988e-01 1.711406922736859459e-01 3.359717000030732481e-01 1.847978692888588292e-01
3.425640269273871885e-01 1.323707936485648828e-01 3.676328899347735546e-01 1.574322894892744573e-01
3.751525966290313874e-01 1.061005378171244046e-01 3.885311254952338311e-01 1.302157400586103631e-01
4.086205605495012438e-01 8.782716539553407642e-02 3.962467993783185816e-01 1.073054746766459733e-01
4.441687137979615785e-01 7.463224791964277738e-02 3.916377916695898964e-01 8.956124661280562282e-02
4.850669072306153518e-01 6.488785246866465850e-02 3.740195066498879783e-01 7.602573365083183099e-02
5.359056434979937444e-01 5.788459084854925135e-02 3.403844896867480041e-01 6.582527596670875725e-02
5.949412853808924151e-01 5.365199307080711216e-02 2.925016751755383781e-01 5.890504637276192806e-02
6.484035334212745472e-01 5.219995709648334037e-02 2.431566399554743740e-01 5.623986952676753026e-02
6.771405831677415055e-01 5.477123391357154036e-02 2.095208838303768140e-01 5.856729908830999448e-02
6.806521267975574885e-01 5.974219819927230335e-02 1.948269827437182078e-01 6.477869225945200038e-02
6.608292556610416701e-01 6.738578319347481027e-02 1.973126070658810793e-01 7.447235407960246800e-02
6.191707349104942359e-01 7.852830340892501260e-02 2.140716895561342314e-01 8.822927212444643674e-02
5.574197621701285632e-01 9.319916160042714115e-02 2.426459792114519232e-01 1.067350970179919839e-01
4.792765960957922622e-01 1.136645418453411382e-01 2.778766245988548156e-01 1.291822374600121170e-01
3.908615470879269749e-01 1.412505490906497685e-01 3.145775572562209410e-01 1.533103465652026764e-01
3.003102372914853158e-01 1.799139602394496107e-01 3.406572455495703866e-01 1.791185569194944927e-01
2.179076565148606315e-01 2.342016976746467138e-01 3.347723545914273457e-01 2.131182912190649759e-01
1.508843119806858035e-01 2.993494453741608052e-01 2.841231158140360424e-01 2.656431268311175153e-01
1.024749280469744173e-01 3.485681661161892930e-01 2.077190475203634645e-01 3.412378583164731305e-01
6.923561787555507219e-02 3.562885386720141545e-01 1.389736734385877692e-01 4.355021700138429486e-01
4.777593500464410309e-02 3.328775842090223591e-01 9.161433054601397785e-02 5.277321502403197195e-01
3.409938188303541368e-02 3.096246804596404778e-01 6.359331033061491056e-02 5.926826273267092882e-01
2.516129054696225262e-02 3.056649854289412716e-01 4.864583438541510152e-02 6.205278896386815513e-01
1.882451109636173320e-02 3.225049477372383122e-01 4.142831517989932488e-02 6.172422259865006922e-01
1.396072967311063825e-02 3.504329133698537158e-01 3.901493442600224154e-02 5.965914225310333663e-01
1.019926772879678478e-02 3.834236615681613225e-01 4.087814794094857263e-02 5.654989227620932368e-01
7.685624897332030137e-03 4.245790832755416133e-01 4.928003387914405703e-02 5.184552579479825285e-01
6.389008071291401442e-03 4.690274961399252263e-01 6.909528682050410098e-02 4.554882089682793511e-01
5.993611488794379355e-03 5.045569477501848921e-01 1.090117721436008325e-01 3.804376686174200106e-01
6.094216691587062314e-03 5.156456768939886581e-01 1.819021597653585620e-01 2.963579466490657288e-01
6.754131230039603709e-03 4.825112209910780714e-01 2.965637021512496085e-01 2.141709456276328083e-01
8.020639910826176180e-03 4.136132462491082240e-01 4.348639892681905872e-01 1.435021245718749727e-01
8.983498337798292294e-03 3.426721171159264334e-01 5.585016568770073686e-01 8.984272766926804099e-02
9.029258497095708422e-03 2.926381823292589224e-01 6.432496549315913636e-01 5.508290424205421199e-02
8.350111340907266297e-03 2.695015318630111234e-01 6.869256094409944557e-01 3.522274735508728466e-02
7.653902075173796629e-03 2.717468959167600451e-01 6.950548293949568857e-01 2.554437261310923621e-02
7.506906003347398569e-03 2.988794140303579483e-01 6.708557024338177577e-01 2.275797753247708194e-02
7.959846417643528724e-03 3.518458793816473529e-01 6.152674027460997008e-01 2.492687145460904460e-02
8.829543463388191127e-03 4.288343039456939398e-01 5.312538384352146759e-01 3.108231415570330766e-02
9.941207904151228361e-03 5.190065141928147385e-01 4.301295851236642820e-01 4.092269277936970429e-02
1.085569267369402777e-02 6.032848685718787962e-01 3.313988693722496603e-01 5.446056938217772037e-02
1.108752298971931761e-02 6.702241400440563934e-01 2.457721334847198236e-01 7.291620348150425202e-02
1.021028242945688606e-02 7.180695016195466351e-01 1.744047088606740792e-01 9.731550709032234237e-02
8.277746806762338247e-03 7.494011269644165196e-01 1.152787399074025471e-01 1.270423863214185378e-01
6.597780053120936607e-03 7.545289654464562012e-01 7.492545405885615850e-02 1.639478004415668710e-01
5.161233099752776665e-01 6.494329257992219329e-02 4.102005642065615909e-01 8.732833238238651638e-03
2.143418950248020816e-01 4.270162236702093050e-01 6.338577682615810505e-02 2.952561044788305500e-01
1.928457282365558800e-01 4.430604139641044492e-01 5.516991078133092613e-02 3.089239470180089042e-01
1.745347392020430155e-01 4.543020481319456905e-01 4.820855157098290211e-02 3.229546610950282948e-01
1.575192942786790840e-01 4.627354062530014134e-01 4.297956065008273069e-02 3.367657388182367928e-01
1.427101084917029861e-01 4.688607748647184437e-01 3.922030287835141793e-02 3.492088137652269997e-01
1.304147075018979030e-01 4.756469535054279607e-01 3.667730103687449200e-02 3.572610379557998317e-01
1.222195042987159891e-01 4.845800793906093196e-01 3.542039027420060965e-02 3.577800260364741303e-01
1.199583428808857211e-01 4.956761387736585145e-01 3.548750813245237640e-02 3.488780102130034644e-01
1.232605001302911341e-01 5.103972847450621853e-01 3.629297722183472130e-02 3.300492379028117651e-01
1.299916029333858802e-01 5.285452229522824563e-01 3.725584198774380823e-02 3.042073321265879038e-01
1.384238251523099983e-01 5.442336341029888613e-01 3.877435404637021715e-02 2.785681866983312771e-01
1.450104050212771278e-01 5.540383532755058793e-01 4.139140706851445611e-02 2.595598346347022800e-01
1.485635475779117920e-01 5.590576585735091975e-01 4.471599432830011822e-02 2.476627995202787813e-01
1.480022298810435566e-01 5.637671502300887205e-01 4.868425363650986243e-02 2.395463662523580339e-01
1.471325431222341995e-01 5.694331993619817789e-01 5.332641889436454813e-02 2.301078386214193139e-01
1.534438137142945524e-01 5.710639104618624451e-01 5.916177210165342315e-02 2.163305037221894822e-01
1.679634142965238386e-01 5.653386116359424562e-01 6.711787595812024332e-02 1.995800981094136006e-01
1.881997057119819960e-01 5.532195757259764646e-01 7.732244106492940083e-02 1.812582774971120414e-01
2.100533204533080178e-01 5.398923769527890215e-01 8.898883290998675644e-02 1.610654696839163291e-01
2.314221073044142041e-01 5.287085360794436806e-01 1.010090678065497932e-01 1.388602888095922527e-01
2.530904570572281020e-01 5.190924409762651681e-01 1.117709355404804122e-01 1.160461664260268588e-01
2.766633669567121756e-01 5.103271430896136884e-01 1.189295523577648256e-01 9.407993759590931038e-02
3.034211332441635323e-01 5.015308031579700510e-01 1.208878547541111237e-01 7.416020884375519595e-02
3.347283228189488757e-01 4.898074735946020275e-01 1.183578551692497371e-01 5.710634841719948451e-02
3.726689540005110879e-01 4.708623467704527998e-01 1.131290292499482764e-01 4.333966997908775959e-02
4.221854058539940002e-01 4.395856728804947711e-01 1.056210306633539320e-01 3.260789060215730367e-02
4.826762340774172766e-01 3.979277026261064387e-01 9.536959738986564017e-02 2.402646590661056125e-02
5.607315064559050821e-01 3.409042014662266307e-01 8.132526798837144688e-02 1.703902408949692360e-02
6.507431948483165529e-01 2.735931129622878877e-01 6.420415664047920967e-02 1.145953554891591779e-02
7.335329352232408118e-01 2.104240319886161448e-01 4.853471109689146828e-02 7.508321691251691396e-03
7.926166330841256658e-01 1.637585571995122946e-01 3.853723887192830183e-02 5.087570844433551322e-03
8.311671285371137197e-01 1.317621463649560065e-01 3.354111055164920446e-02 3.529614546281001700e-03
8.559129889066403596e-01 1.094058453191869562e-01 3.218047539561634529e-02 2.500690378556436489e-03
8.691278925449897885e-01 9.494557586166080254e-02 3.406955592634799274e-02 1.856975667001593356e-03
8.714292762288057270e-01 8.760179076299597078e-02 3.949942708072187031e-02 1.469505927476344931e-03
8.636268471695185411e-01 8.559190401783645097e-02 4.953653748573070420e-02 1.244711326914152557e-03
8.472708947170625171e-01 8.609621565718862668e-02 6.551947876968254592e-02 1.113410856066159374e-03
8.273173416759701526e-01 8.487115233112747792e-02 8.679915380771209554e-02 1.012352185190219713e-03
8.044867631781343897e-01 8.372552367436963960e-02 1.108434950792739904e-01 9.442180682216306338e-04
7.803872632469288639e-01 8.406993722361828791e-02 1.345873116571144334e-01 9.554878723381965595e-04
7.545910072658764678e-01 8.790243891406457344e-02 1.564208471782236598e-01 1.085706641834918414e-03
7.309834432883166588e-01 9.393477133631125686e-02 1.737578601567520697e-01 1.323925218620194098e-03
7.179455215734016349e-01 9.909312845338759390e-02 1.813652614057308099e-01 1.596088567480012481e-03
7.154665699981470617e-01 1.044005350317898650e-01 1.782628460128509451e-01 1.870048957211993502e-03
7.114107585444408022e-01 1.150020238310251464e-01 1.713565748952366463e-01 2.230642729296975369e-03
6.944741551042779015e-01 1.349528185003564806e-01 1.678166966210307420e-01 2.756329774334796007e-03
6.607699046750151739e-01 1.660451057476140801e-01 1.697295177681881206e-01 3.455471809182874676e-03
6.146418418750722035e-01 2.074886734129190446e-01 1.735526375361161611e-01 4.316847175892868371e-03
5.667407431749701407e-01 2.537233295667035704e-01 1.740950518467809793e-01 5.440875411545118695e-03
5.280194162120307455e-01 2.955148681986647929e-01 1.692404922287693014e-01 7.225223360534938945e-03
5.006988957411464547e-01 3.277491871758541619e-01 1.612056384779383678e-01 1.034627860506108325e-02
4.812889812719211569e-01 3.498499597906125080e-01 1.534565965050813663e-01 1.540446243238507984e-02
4.599242753816101259e-01 3.685581730881805074e-01 1.490929581957289307e-01 2.242459333448059214e-02
4.343406629310596068e-01 3.883026181618501882e-01 1.472432750446474314e-01 3.011344386244279442e-02
4.070845591380210515e-01 4.123474187874257013e-01 1.448716526014542372e-01 3.569636947309904468e-02
3.802826963989692777e-01 4.434653416877967214e-01 1.401129964831960562e-01 3.613896543003784073e-02
3.613783245474606054e-01 4.738343670495804294e-01 1.332938786450611479e-01 3.149342975789806709e-02
3.448548269372184727e-01 5.025209287097077704e-01 1.276553750209009630e-01 2.496886933217266902e-02
3.271509178070285961e-01 5.279020545058727976e-01 1.256635329626448194e-01 1.928349472445347809e-02
3.086931670204461353e-01 5.492594468465705759e-01 1.268657838869371446e-01 1.518160224604623437e-02
2.933887859031423795e-01 5.653924325151937769e-01 1.287014394804155415e-01 1.251734210124800031e-02
2.864462257361130026e-01 5.743888319838056367e-01 1.282774013352954434e-01 1.088754094478622259e-02
2.915569583577509172e-01 5.750382888705125595e-01 1.237156594304742868e-01 9.689093341261990205e-03
3.129846068291322059e-01 5.632179980637229688e-01 1.152574974575339140e-01 8.539897649611093502e-03
3.473607252719895233e-01 5.411170593957902453e-01 1.042713300793627895e-01 7.250885252857428021e-03
3.945767474728296142e-01 5.071590968252837062e-01 9.239210787959102611e-02 5.872047822295389796e-03
4.473384872333918127e-01 4.687839256812985078e-01 7.942682063322786812e-02 4.450766452081597949e-03
4.967840520050705866e-01 4.344410472970182679e-01 6.557387254761751216e-02 3.201028150293582127e-03
5.338378606191127584e-01 4.115545418807745048e-01 5.235796492003626235e-02 2.249632580076329092e-03
5.589797666512033025e-01 3.988256802626199971e-01 4.062819700016611496e-02 1.566356086010629693e-03
5.798658218348189397e-01 3.881860776615948527e-01 3.083490768831683229e-02 1.113192815269397392e-03
1.181588382417700367e-01 8.669226027215545249e-01 3.341375922408702532e-03 1.157718311426667902e-02
2.983414349327662141e-02 6.525529830621963623e-02 1.518586334216180840e-02 8.897246948583419357e-01
3.968481121361160102e-02 7.275439001526518012e-02 2.431827596081627407e-02 8.632425228103068893e-01
5.105662742023594353e-02 8.454428527861956866e-02 4.461702697297425385e-02 8.197820603281701368e-01
6.185713568294127357e-02 9.975248752619884918e-02 8.714073614448408778e-02 7.512496406463758936e-01
7.022602607210076675e-02 1.094882588200427886e-01 1.638730780979952562e-01 6.564126370098608554e-01
7.355583310403271402e-02 1.079511397585799504e-01 2.735149819289390827e-01 5.449780452084481697e-01
7.254492112157093220e-02 9.698920677807770785e-02 4.049882243113434588e-01 4.254776477890077624e-01
6.919102338021963783e-02 8.333824243001042298e-02 5.410978166167640380e-01 3.063729175730062204e-01
6.638893192479476679e-02 7.009729460518508704e-02 6.612488294674329081e-01 2.022649440025874046e-01
6.458157817115016408e-02 5.877215158534278283e-02 7.507710869008994425e-01 1.258751833426077771e-01
6.519598710128653163e-02 4.982327029280787106e-02 8.060938161477991803e-01 7.888692645810667370e-02
7.153160976727324094e-02 4.414470001556184547e-02 8.296469648768579619e-01 5.467672534030705578e-02
8.691144771867855001e-02 4.205608721256278576e-02 8.266351951983027524e-01 4.439726987045584244e-02
1.142539739996910053e-01 4.290122560226021509e-02 8.013105515540061008e-01 4.153424884404257472e-02
1.585795895918475085e-01 4.589863673116949261e-02 7.530381084546408088e-01 4.248366522234228032e-02
2.242386560407116092e-01 5.028330785191776481e-02 6.797331081617979942e-01 4.574492794557250691e-02
3.076978831156462202e-01 5.494624282136756355e-02 5.868186673623386751e-01 5.053720670064743015e-02
3.971960603566969672e-01 5.921844493502746720e-02 4.874580340347173801e-01 5.612746067355819934e-02
4.805456802503605962e-01 6.402511147562814364e-02 3.920920680875613074e-01 6.333714018645000832e-02
5.527064410469859634e-01 7.011861935616317543e-02 3.034841239202509811e-01 7.369081567659947762e-02
6.067818179798418754e-01 7.862342804956867770e-02 2.267645860148011228e-01 8.783016795578847680e-02
6.439187429608398405e-01 8.591213291303401167e-02 1.643300077117011426e-01 1.058391164144250468e-01
6.613089901674981119e-01 9.172733522493774216e-02 1.152443609733261182e-01 1.317193136342379445e-01
6.485533240099328189e-01 9.914694812134892954e-02 7.966918408518540440e-02 1.726305437835324308e-01
6.073959572522780181e-01 1.076424345334642679e-01 5.521988085972473481e-02 2.297417273545326044e-01
5.467158956722618646e-01 1.168544639610122199e-01 3.953503434975039893e-02 2.968946060169748158e-01
4.743811054454940002e-01 1.281282895826955093e-01 3.047748829600181383e-02 3.670131166758086594e-01
3.995174075019499171e-01 1.413855081528236912e-01 2.570342037725641127e-02 4.333936639679702441e-01
3.291315744986795799e-01 1.547213298791523528e-01 2.353119677305235552e-02 4.926158988491157742e-01
2.650420455859535673e-01 1.661935016923341835e-01 2.302806690570009460e-02 5.457363858160122483e-01
2.074672992080501821e-01 1.740072173168077663e-01 2.351762815016378988e-02 5.950078553249784630e-01
1.571654735306346751e-01 1.764275217689156294e-01 2.429613492155660928e-02 6.421108697788928676e-01
1.160297798762522647e-01 1.727109831088220748e-01 2.454962226948232198e-02 6.867096147454436750e-01
8.653488988298423112e-02 1.659261362872562762e-01 2.427414793161856987e-02 7.232648258981411171e-01
6.891298478379379033e-02 1.608669754875175772e-01 2.449245270896652574e-02 7.457275870197219714e-01
5.991236946436438032e-02 1.586519887074716029e-01 2.568092330235656126e-02 7.557547185258078892e-01
5.585107861832193377e-02 1.578620075045057136e-01 2.735032402761515893e-02 7.589365898495574747e-01
5.440798421801595203e-02 1.574566598634877801e-01 2.857676690953742799e-02 7.595585890089585623e-01
5.432178122917790536e-02 1.557234003028452884e-01 2.851108499287606513e-02 7.614437334751005260e-01
5.427730150454575242e-02 1.498860040230310664e-01 2.711215040713238836e-02 7.687245440652906714e-01
5.257632064923003362e-02 1.395335425564582232e-01 2.515143633143659269e-02 7.827387004628751921e-01
4.834616212763035575e-02 1.262377613731111847e-01 2.304663228750913201e-02 8.023694442117494940e-01
4.199282864393539400e-02 1.117826503008400446e-01 2.089315928616159931e-02 8.253313617690627435e-01
3.456991463211649823e-02 9.809790262855273835e-02 1.876247775137467044e-02 8.485697049879561416e-01
2.748307374629240310e-02 8.773054057501830649e-02 1.677146480825584055e-02 8.680149208704331931e-01
2.198803984715912846e-02 8.314984305083930605e-02 1.510443894016784069e-02 8.797576781618335895e-01
1.855789453877226824e-02 8.585771150438534227e-02 1.380134909967772189e-02 8.817830448571648549e-01
1.738006540899170865e-02 9.643843305542008915e-02 1.279526067071695868e-02 8.733862408648711551e-01
1.825327608642988986e-02 1.137128581641294878e-01 1.191233999839647929e-02 8.561215257510438326e-01
2.015327033165550605e-02 1.350320482397815158e-01 1.103636905332964699e-02 8.337783123752335879e-01
2.209310019818352608e-02 1.581921060596274409e-01 1.036970842980504057e-02 8.093450853123839162e-01
2.381321552814414863e-02 1.831002932783367954e-01 1.017620790836215247e-02 7.829102832851568827e-01
2.598262879892303603e-02 2.092143143746066358e-01 1.012320236489215770e-02 7.546798544615782589e-01
2.827412561628836127e-02 2.403961033442920392e-01 1.117463928280645544e-02 7.201551317566129429e-01
3.001279662655527078e-02 2.772141783705251439e-01 1.264152941427884938e-02 6.801314955886407221e-01
2.903828179363489997e-02 3.188332840000069890e-01 1.452980594036602791e-02 6.375986282659918958e-01
2.564592644282761083e-02 3.550283748606139489e-01 1.548533692386715871e-02 6.038403617726912920e-01
2.091046309475609946e-02 3.780788692963485964e-01 1.550105838550533063e-02 5.855096092233899041e-01
1.683533125767279481e-02 3.791666031947487636e-01 1.447758223882094838e-02 5.895204833087575036e-01
1.436230027449184564e-02 3.607690742655448868e-01 1.293834104929009535e-02 6.119302844106730976e-01
1.338333973322649792e-02 3.403556495983192653e-01 1.171369006700624313e-02 6.345473206014481393e-01
1.396402598981546887e-02 3.346381354855289536e-01 1.136369494426534704e-02 6.400341435803904577e-01
1.661928701801846514e-02 3.551354303853693217e-01 1.212861149808973360e-02 6.161166710985221950e-01
2.183885700048826886e-02 4.092155344457473753e-01 1.403385342496728423e-02 5.549117551287970906e-01
2.981154506581489352e-02 4.839088483310500788e-01 1.672197446722319125e-02 4.695576321359119509e-01
4.052169792401814907e-02 5.486577575170938914e-01 1.972222120143211216e-02 3.910983233574558682e-01
5.397335924000958018e-02 5.811941627825510936e-01 2.280760861238447651e-02 3.420248693650547733e-01
6.986518497076046885e-02 5.827721138602489637e-01 2.581503076890847431e-02 3.215476704000819752e-01
8.738661450898325966e-02 5.657990621253808916e-01 2.858291931447881976e-02 3.182314040511570186e-01
1.063249666496449974e-01 5.397699676390916856e-01 3.081840137568678251e-02 3.230866643355765899e-01
1.281226680550676122e-01 5.058465156085518721e-01 3.202656609739012311e-02 3.340042502389902190e-01
2.011300640088294804e-04 2.097898454442504411e-03 9.975153031983303720e-01 1.856682832182104655e-04
3.353238159475601700e-04 3.524428560162634182e-03 9.957768621197680137e-01 3.633855041218661368e-04
5.571726714790339267e-04 6.229799843973912732e-03 9.924478281506323718e-01 7.651993339147907186e-04
8.642441100691878285e-04 1.089270499003696172e-02 9.866850228435464221e-01 1.558028056347548953e-03
1.259599110934888581e-03 1.875122584111380691e-02 9.770088832198737805e-01 2.980291828077475010e-03
1.841771228688648390e-03 3.223988496588965635e-02 9.604186009605609753e-01 5.499742844860750109e-03
2.862626366289914692e-03 5.455343737484769778e-02 9.321489264823646925e-01 1.043500977649777957e-02
3.636027087150236255e-03 8.701527203949750711e-02 8.875734880941722471e-01 2.177521277918029532e-02
5.318155085541129493e-03 1.273621112996304316e-01 8.177832442568012672e-01 4.953648935802732606e-02
7.786011266665915712e-03 1.689065394583202373e-01 7.120115533295572341e-01 1.112958959454566632e-01
1.059506328208842905e-02 1.977470627835764827e-01 5.717978828320731122e-01 2.198599911022619535e-01
1.300728604865983642e-02 1.989011316818933284e-01 4.251137648258511148e-01 3.629778174435958626e-01
1.458710255845419371e-02 1.724243825569510002e-01 2.949858146884936638e-01 5.180027001961010624e-01
1.440644240432185051e-02 1.326875121446275951e-01 1.876837126643375597e-01 6.652223327867128333e-01
1.258839977374746726e-02 9.330979976716179125e-02 1.086912905285147141e-01 7.854105099305758175e-01
1.094510261337276226e-02 6.227487309873631915e-02 6.097675226090390477e-02 8.658032720269870364e-01
1.004895441160834693e-02 4.261026164950559164e-02 3.618369232631444415e-02 9.111570916125715236e-01
9.776307482452293099e-03 2.994990907303313535e-02 2.348441346682843267e-02 9.367893699776863592e-01
9.711502264316758046e-03 2.101517777335547982e-02 1.625202327750539452e-02 9.530212966848226053e-01
9.508141505123654177e-03 1.469101778020525696e-02 1.165075718276768584e-02 9.641500835319036788e-01
9.081259596234902975e-03 1.042001428268117535e-02 8.530638524951303023e-03 9.719680875961326239e-01
8.659785798370445847e-03 7.647063828720573019e-03 6.333014680094979122e-03 9.773601356928137696e-01
7.478472457229148537e-03 5.689523194233260701e-03 5.080787573627582737e-03 9.817512167749100627e-01
8.093599640286700536e-01 5.157181473068259137e-02 1.266614862318803936e-01 1.240673500876706900e-02
8.072567882297294606e-01 4.735532726797871128e-02 1.331179136386569373e-01 1.226997086363488046e-02
8.115540375329505229e-01 4.169015101583413430e-02 1.347790872271822094e-01 1.197672422403292525e-02
8.240494371926865291e-01 3.486283102796605693e-02 1.296518346861922633e-01 1.143589709315498415e-02
8.442107434395154097e-01 2.769050006907119305e-02 1.174061289286529863e-01 1.069262756276031720e-02
8.689908268031349969e-01 2.109603643274750306e-02 1.000482021895756635e-01 9.864934574541659590e-03
8.934806178840363211e-01 1.576205638934232572e-02 8.171649040606671077e-02 9.040835320554618110e-03
9.133638079332470072e-01 1.201612359223342905e-02 6.623484814690740186e-02 8.385220327611759422e-03
9.270831034482376332e-01 9.752757899273285097e-03 5.502421967860478269e-02 8.139918973884517628e-03
9.360570485492730741e-01 8.472646811947828760e-03 4.708297729750907795e-02 8.387327341269819672e-03
9.415657596159872078e-01 7.771601293322599226e-03 4.141423537144134359e-02 9.248403719248676769e-03
9.432406555847283602e-01 7.561236300927410420e-03 3.814699897211867169e-02 1.105110914222560275e-02
9.411118689998123621e-01 7.810265730505862661e-03 3.708338938626959402e-02 1.399447588341221592e-02
9.359170366420076492e-01 8.505264753191219690e-03 3.762788572907921347e-02 1.794981287572206680e-02
9.274671850516177374e-01 9.796117317181678510e-03 3.986656755693467058e-02 2.287013007426602629e-02
9.143820084375433588e-01 1.190745061944065673e-02 4.452059184407851367e-02 2.918994909893787154e-02
8.940922482290201145e-01 1.521100890235365169e-02 5.286186942474594558e-02 3.783487344388010432e-02
8.621396480905513249e-01 2.068766565069976235e-02 6.700619321611452073e-02 5.016649304263434000e-02
8.129998832218764404e-01 3.036807818358497682e-02 8.940795432178777480e-02 6.722408427275064491e-02
7.438289088177000297e-01 4.733563261948598583e-02 1.206781613896603239e-01 8.815729717315376468e-02
6.595062140481877666e-01 7.470009189803175631e-02 1.564650929438796412e-01 1.093286011099007665e-01
5.752186147425036866e-01 1.124957729920783162e-01 1.867539247361849897e-01 1.255316875292330492e-01
4.990899066144479646e-01 1.607376238429004678e-01 2.037549366855309352e-01 1.364175328571208545e-01
4.341112036610214608e-01 2.141752230105442023e-01 2.038644134159622034e-01 1.478491599124721889e-01
3.759888141492253588e-01 2.666686901099858953e-01 1.955850617458567142e-01 1.617574339949319207e-01
3.128494259835810087e-01 3.243343721281333192e-01 1.915406748997733333e-01 1.712755269885122833e-01
2.511209051512016677e-01 3.870538522558694683e-01 1.940644644996827317e-01 1.677607780932460768e-01
1.994641827983073823e-01 4.452269471932056577e-01 2.025546725582693108e-01 1.527541974502173994e-01
1.627429893621892276e-01 4.840198879073944194e-01 2.165288256168434178e-01 1.367082971135727132e-01
1.383636494929639249e-01 4.992641067462788018e-01 2.350193673394406213e-01 1.273528764213167352e-01
1.197591318559534379e-01 5.013343128256675385e-01 2.520807267318504463e-01 1.268258285865282720e-01
1.042537665496061500e-01 4.969692397364708358e-01 2.638368787944596616e-01 1.349401149194633664e-01
8.800924653041859724e-02 4.994871092002048374e-01 2.635110816624287033e-01 1.489925626069477649e-01
7.133431848899300654e-02 5.088341443044768209e-01 2.538468278539077749e-01 1.659847093526224393e-01
5.674453174139204581e-02 5.189940407955764279e-01 2.386545797747227360e-01 1.856068476883086515e-01
4.334114913625141535e-02 5.307729655971846761e-01 2.143051296087881974e-01 2.115807556577754545e-01
3.236990115437285431e-02 5.360024754668969438e-01 1.814609850118862333e-01 2.501666383668439408e-01
2.380606615118441294e-02 5.329618234509569952e-01 1.462611273001825918e-01 2.969709830976757781e-01
1.760860550604805008e-02 5.283350481668820375e-01 1.151902483499836760e-01 3.388660979770863335e-01
1.389702204041030204e-02 5.232858109281471881e-01 9.047705611242541635e-02 3.723401109190171421e-01
1.229022361747874811e-02 5.102006457396750516e-01 7.290464000049813598e-02 4.046044906423478249e-01
1.199545781041107435e-02 4.852680694079285484e-01 6.207526523892652193e-02 4.406612075427336350e-01
1.237701245511797603e-02 4.481472212943168887e-01 5.638284161041733772e-02 4.830929246401478028e-01
1.292218790593037576e-02 4.003401151693803395e-01 5.402284060603404492e-02 5.327148563186551167e-01
1.285540601189254402e-02 3.474280135041779571e-01 5.280779624501544950e-02 5.869087842389141274e-01
1.193475059465233003e-02 2.944187334696876102e-01 5.106494580187839055e-02 6.425815701337815877e-01
1.064341857132268185e-02 2.438254130460127955e-01 4.822755213684178088e-02 6.973036162458224885e-01
9.207925839225940962e-03 1.951233583361896007e-01 4.435593002816241165e-02 7.513127857964220224e-01
7.717070719589964357e-03 1.494203330496093329e-01 4.025591826743656065e-02 8.026066779633640458e-01
6.773710690177552757e-03 1.134367551026550791e-01 3.707134471098028766e-02 8.427181894961870423e-01
5.707251569915451628e-03 9.259996670139111763e-02 3.923468446149272482e-02 8.624580972672006851e-01
6.115469192091986528e-03 8.743382607442870547e-02 4.670157555884504180e-02 8.597491291746344189e-01
7.395751488022138213e-03 9.306948075137988496e-02 6.064741147888040584e-02 8.388873562817174001e-01
1.012943881542604022e-02 1.064429844157442212e-01 7.842330272949990522e-02 8.050042740393298368e-01
1.456987246082445779e-02 1.251891719093621291e-01 9.509953850365915340e-02 7.651414171261544661e-01
2.023613959343897178e-02 1.439348219775781201e-01 1.039874880375686733e-01 7.318415503914141862e-01
2.564419306536150009e-02 1.553642928097341280e-01 1.011565289537935397e-01 7.178349851711108842e-01
2.895394244959604430e-02 1.570451961807082797e-01 8.987377353519535039e-02 7.241270878345005269e-01
3.025333249808399502e-02 1.529834577326540379e-01 7.664147517410443977e-02 7.401217345951571769e-01
3.285064134815352671e-02 1.501259653396644633e-01 6.620189328155957897e-02 7.508215000306226461e-01
4.125735408497875623e-02 1.547294772215877801e-01 6.020118406312136017e-02 7.438119846303121729e-01
5.936769363008180533e-02 1.704846634846727271e-01 5.818507310780170888e-02 7.119625697774438766e-01
8.576244052243599258e-02 1.972189439444171910e-01 5.810394123974309266e-02 6.589146742934040013e-01
1.097212208596718280e-01 2.255439517594167442e-01 5.597761136367433721e-02 6.087572160172368685e-01
1.224957097309903598e-01 2.395178307284863972e-01 4.985731972310740445e-02 5.881291398174158802e-01
1.221780279345206638e-01 2.339746821632293361e-01 4.156912622308280014e-02 6.022781636791670890e-01
1.102832837786461573e-01 2.185510162855960337e-01 3.367172292695701230e-02 6.374939770088007274e-01
9.306748720239528538e-02 2.058242528344550737e-01 2.793376202416881365e-02 6.731744979389809869e-01
7.894459947761672813e-02 2.030558865472935071e-01 2.534852823701718577e-02 6.926509857380725999e-01
7.249840875718031874e-02 2.111978897866196303e-01 2.640373348426117497e-02 6.898999679719387546e-01
7.375093045251436552e-02 2.273534819285205344e-01 3.123743677796925883e-02 6.676581508409962229e-01
7.985414739158222530e-02 2.455527538836990431e-01 3.945063833710688028e-02 6.351424603876119068e-01
8.621918838567728394e-02 2.589296341091014697e-01 4.955278252215832707e-02 6.052983949830627042e-01
8.782592903959215991e-02 2.616331122332972159e-01 5.823216588130532279e-02 5.923087928458055096e-01
8.210697227428594147e-02 2.509088994087865232e-01 6.185167596367670967e-02 6.051324523532506383e-01
7.088505470264612474e-02 2.269174133349391997e-01 5.927005631788444251e-02 6.429274756445300110e-01
5.878133616231617092e-02 1.928041162822995980e-01 5.243878228602488062e-02 6.959757652693593366e-01
4.931923095969681370e-02 1.560250986517398575e-01 4.461125240898629329e-02 7.500444179795773270e-01
4.311104304027336270e-02 1.254519577119187490e-01 3.816037928827054754e-02 7.932766199595371326e-01
3.914555044199256179e-02 1.042603569562484678e-01 3.342114476666120659e-02 8.231729478350978679e-01
3.670714960384631464e-02 9.023915422275545495e-02 2.973276164652587095e-02 8.433209345268725121e-01
3.542077407086052093e-02 8.039385856040191791e-02 2.661373122111357695e-02 8.575716361476239946e-01
3.450997660805701223e-02 7.153974401020685159e-02 2.346435948013995965e-02 8.704859199015962945e-01
3.298641080522238256e-02 6.210211534699809632e-02 1.995274354968676334e-02 8.849587302980930215e-01
3.024796598414249138e-02 5.259395060820909462e-02 1.630641623561387976e-02 9.008516671720345759e-01
2.695349331744244584e-02 4.463114013645806677e-02 1.319325862238843530e-02 9.152221079237111701e-01
2.416947129464737387e-02 3.930217469538359321e-02 1.106850411876881927e-02 9.254598498912002258e-01
2.206794311048602616e-02 3.606709355510590714e-02 9.782393769030018824e-03 9.320825695653779386e-01
2.041498637678853048e-02 3.389012342094656349e-02 9.006505397563075929e-03 9.366883848047017347e-01
