5.626945670104637615e-02 2.954547112928727071e-01 5.970254940023635992e-01 5.125033800371725512e-02
6.887551155321153251e-02 3.376870952292988504e-01 4.631378179972714393e-01 1.302995752202180668e-01
6.903768749328093035e-02 3.057835138942321951e-01 5.076497197566257613e-01 1.175290788558609884e-01
6.750944990198902429e-02 2.760087338167595550e-01 5.547230246444729840e-01 1.017587916367782008e-01
6.281149639501215631e-02 2.464800748450395873e-01 6.046069124792914362e-01 8.610151628065684792e-02
5.600391220138306592e-02 2.174453004075738716e-01 6.517386385482843991e-01 7.481214884275894095e-02
4.804697600903674176e-02 1.940700343283755791e-01 6.879131850775058732e-01 6.996980458508154921e-02
4.195731742695064242e-02 1.800035325802040731e-01 7.067649842529724058e-01 7.127416573987267745e-02
3.895231332650929412e-02 1.760675923945173027e-01 7.071580468390511465e-01 7.782204743992246487e-02
3.897848662187351071e-02 1.796402141820382936e-01 6.926754822558807145e-01 8.870581694020769625e-02
4.116031925404500802e-02 1.843319705481209492e-01 6.719801869178572140e-01 1.025275232799767178e-01
4.385997093256868012e-02 1.812039605146272825e-01 6.570091008929935805e-01 1.179269676598104083e-01
4.684786585791383268e-02 1.614263486099699052e-01 6.584617003162170912e-01 1.332640852158992473e-01
4.783078796612735134e-02 1.281589656129523136e-01 6.772109196896272110e-01 1.467993267312930616e-01
4.323044993661977892e-02 9.343033356328188377e-02 7.036553404952591295e-01 1.596838760048392702e-01
3.492541842437709571e-02 6.572735502268205188e-02 7.225438130866143061e-01 1.768034134663266921e-01
2.664039174391612599e-02 4.728281714904775113e-02 7.255397404561662045e-01 2.005370506508701023e-01
2.062130680418963052e-02 3.620761983799363620e-02 7.123279355144099823e-01 2.308431378434069869e-01
1.709167106870270597e-02 3.043153537655058846e-02 6.843381461364230756e-01 2.681386474183236612e-01
1.546202010537866579e-02 2.851424318647822337e-02 6.469135689619106566e-01 3.091101677462324004e-01
1.509233083442143228e-02 2.926709816872444594e-02 6.120817612887943238e-01 3.435588097080596870e-01
1.558622588003168163e-02 3.158920703508924510e-02 5.890732670372966773e-01 3.637513000475823821e-01
1.664265714401726853e-02 3.457080747016948868e-02 5.805262438551337389e-01 3.682602915306791291e-01
1.777462891805012268e-02 3.736626472900701074e-02 5.884473554451025157e-01 3.564117509078402746e-01
1.845419006079090582e-02 3.880557139375141740e-02 6.119429122736798066e-01 3.307973262717778806e-01
1.845762237177389978e-02 3.804204966302959789e-02 6.436243331664586176e-01 2.998759947987375551e-01
1.783266899715720694e-02 3.543614658106550991e-02 6.744156036410192678e-01 2.723155807807576823e-01
1.673568077959253914e-02 3.203807097055103720e-02 6.983530018970939279e-01 2.528732463527628704e-01
1.532124414486180260e-02 2.858589626846981882e-02 7.121711787974048802e-01 2.439216807892633787e-01
1.372222500670285290e-02 2.522513460312923381e-02 7.127212181441177075e-01 2.483314222460498155e-01
1.227004022878172389e-02 2.216985452448481247e-02 6.951955592759530012e-01 2.703645459707804122e-01
1.131433936887429360e-02 1.952762186318968141e-02 6.614704507782324105e-01 3.076875879897033594e-01
1.101662876310248278e-02 1.716515131014508672e-02 6.250732370443615737e-01 3.467449828823904734e-01
1.142942492205736849e-02 1.513163093289558205e-02 5.992778360498304258e-01 3.741611080952166324e-01
1.234160702446004607e-02 1.350231889955335121e-02 5.880706699543720717e-01 3.860854041216148502e-01
1.323390907207432424e-02 1.234456846103483725e-02 5.862756678599261306e-01 3.881458546069646576e-01
1.360788681013454585e-02 1.167452376227659516e-02 5.857588951652625830e-01 3.889586942623262655e-01
1.344344709010079388e-02 1.132364855859523817e-02 5.803072668502231579e-01 3.949256375010805620e-01
1.308442884242800100e-02 1.097295273894055741e-02 5.649398375162183461e-01 4.110027809024132117e-01
1.227238609464584122e-02 1.052756096537213817e-02 5.375869988233212826e-01 4.396130541166609618e-01
1.197684480630225104e-02 1.018006851612842170e-02 5.011937093876919214e-01 4.766493772898775516e-01
1.157830999991101700e-02 9.844002451680933241e-03 4.624161685828423463e-01 5.161615189655656133e-01
1.098654214379555898e-02 9.443559633893733318e-03 4.280494018394890854e-01 5.515204963828216345e-01
1.026829265470989225e-02 8.969555196595995275e-03 4.056828003070270250e-01 5.750793518416673633e-01
9.579130685660032160e-03 8.494239265102291464e-03 4.024835704723641605e-01 5.794430595768734760e-01
9.001754539983674794e-03 8.078186090814632944e-03 4.245939600660584845e-01 5.583260993031432529e-01
8.608377846184971441e-03 7.790827541424160015e-03 4.766843709628338366e-01 5.069164236495569131e-01
8.480595803649815592e-03 7.729005025097429073e-03 5.558470615442592244e-01 4.279433376269936584e-01
8.988992043521019590e-03 8.013579107402009002e-03 6.436450995956717325e-01 3.393523292534055824e-01
9.188367279034399121e-03 8.540827097920472913e-03 7.187444375049925060e-01 2.635263681180523565e-01
9.919915249327442008e-03 9.311117968079297980e-03 7.716003739625350022e-01 2.091685928200582301e-01
1.119805932330696606e-02 1.004984627898735348e-02 8.075631022364712086e-01 1.711889921612344545e-01
1.322951051821043451e-02 1.046085375290792437e-02 8.323963117236409248e-01 1.439133240052407336e-01
1.544299786632247554e-02 1.112835266336629700e-02 8.470833974831163404e-01 1.263452519871949009e-01
1.865524499091659669e-02 1.222982148379939647e-02 8.514991359098966761e-01 1.176157976153873880e-01
2.361770383625343833e-02 1.407493423112467397e-02 8.457002133397212296e-01 1.166071485929008611e-01
2.897464627790656902e-02 1.615672441716816191e-02 8.334107364121104977e-01 1.214578928928148616e-01
3.557007300581780523e-02 1.869693328654625786e-02 8.152787164270762776e-01 1.304542772805596940e-01
4.359303388160701287e-02 2.171887200574157753e-02 7.912447811115592700e-01 1.434433130010921709e-01
5.293495067699048595e-02 2.489163268025121681e-02 7.625397128463882179e-01 1.596337037963703742e-01
6.322112490972157939e-02 2.742690527791409594e-02 7.314716974437071029e-01 1.778802723686569998e-01
7.293168560835354419e-02 2.882515369820654039e-02 6.973330552905805391e-01 2.009101054028593070e-01
8.015042073217042151e-02 2.935154404527505131e-02 6.543766495730635180e-01 2.361213856494910890e-01
8.477909262000250801e-02 2.850996461435449658e-02 6.051518208010776556e-01 2.815591219645653398e-01
8.755757008663513086e-02 2.610439896986789174e-02 5.623776699509066557e-01 3.239603609925905126e-01
8.853961397774351427e-02 2.322464684225283849e-02 5.360598883910672185e-01 3.521758507889364287e-01
8.704876894113577901e-02 2.093650481169973335e-02 5.272897167051884271e-01 3.647250095419759530e-01
8.274564961288216614e-02 1.955879507729394243e-02 5.335032084678575925e-01 3.641923468419664411e-01
7.643954621078706546e-02 1.896804252281471953e-02 5.536893600250325509e-01 3.509030512413655600e-01
6.964991551523457003e-02 1.878517324245878445e-02 5.885138066421722325e-01 3.230511046001346420e-01
6.378860903164242091e-02 1.867759860814826450e-02 6.362581617190645744e-01 2.812756306411449692e-01
5.944595163079789690e-02 1.853425761728335827e-02 6.895430234427520899e-01 2.324767673091668874e-01
2.466110267074504148e-01 2.818946734432357243e-02 4.426708177210821327e-01 2.825286882271439981e-01
3.367702346406996061e-01 6.234720990642956817e-01 3.793327139085976574e-02 1.824394904144936019e-03
3.739217338056417539e-01 5.754587775991856224e-01 4.783858882913050170e-02 2.780899766042030895e-03
4.233320779691353009e-01 5.068189022748330608e-01 6.524644681551464154e-02 4.602572940517056684e-03
4.723685287403222577e-01 4.281448566660874810e-01 9.162023766754889831e-02 7.866376926041073261e-03
5.073388154405773509e-01 3.504096324272031326e-01 1.286279333814406289e-01 1.362361875077906445e-02
5.154629121755316401e-01 2.799093065357287080e-01 1.806762556888411586e-01 2.395152559989830940e-02
4.868387289761427206e-01 2.142733440152533031e-01 2.554318592575516300e-01 4.345606775105248509e-02
4.013331927423096079e-01 1.605056872117424094e-01 3.572423770610157479e-01 8.091874298493208217e-02
2.744612607648472258e-01 1.143653720558931580e-01 4.623029372150651017e-01 1.488704299641947504e-01
1.563911789386287499e-01 7.486765537371900536e-02 5.128517584482906733e-01 2.558894072393616548e-01
7.902417392214192149e-02 4.475203323701104630e-02 4.916696373359272232e-01 3.845541555049197813e-01
3.874462940324933241e-02 2.633070734429529547e-02 4.400182701632373017e-01 4.949063930892182439e-01
2.062167791652337948e-02 1.690265438828548322e-02 3.946651179860323766e-01 5.678105497091586740e-01
1.180146422310987889e-02 1.228500177284341972e-02 3.644032502866929590e-01 6.115102837173537198e-01
7.919497274641612572e-03 1.014314214711514901e-02 3.391450467839277616e-01 6.427923137943153398e-01
5.940084888663565467e-03 9.230370667225143086e-03 3.087810882332805984e-01 6.760484562108308726e-01
4.793624172476036727e-03 8.957048534852856889e-03 2.717294621773845842e-01 7.145198651152865343e-01
4.065949550350990600e-03 9.251241224019900178e-03 2.322866328784752021e-01 7.543961763471539461e-01
3.995225740268002097e-03 1.032989789778999100e-02 1.953440218814226359e-01 7.903308544805195401e-01
3.741549592341497730e-03 1.273413401102586190e-02 1.651950324553859706e-01 8.183292839412464881e-01
3.998196803669607294e-03 1.743330085215687511e-02 1.453356362528943346e-01 8.332328660912791118e-01
4.995729739805421753e-03 2.613169711860466315e-02 1.367990673648392108e-01 8.320735057767506548e-01
7.046273379143153104e-03 4.117065783900608622e-02 1.356260265244530472e-01 8.161570422573977135e-01
1.040557780628277584e-02 6.425381468075520852e-02 1.353745548602835469e-01 7.899660526526786075e-01
1.515615822249246659e-02 9.516392836594493587e-02 1.325008138332437468e-01 7.571790995783190814e-01
2.114711030544381629e-02 1.323472165703092618e-01 1.261765790771575413e-01 7.203290940470894466e-01
2.751552728348260340e-02 1.719054050557649316e-01 1.156187910952291287e-01 6.849602765655232739e-01
3.222725164542940279e-02 2.052207166419419970e-01 1.007721330610719945e-01 6.617798986515563975e-01
3.332099873758097297e-02 2.215766605946001833e-01 8.414063635753649129e-02 6.609617043102827827e-01
3.120363072699708362e-02 2.162660128898501455e-01 6.959267681290669250e-02 6.829376795702460923e-01
2.745746363199899967e-02 1.923229092789101591e-01 5.816630748030399145e-02 7.220533196087870476e-01
2.311632746314906672e-02 1.577330660522670014e-01 4.869810731690210615e-02 7.704524991676817702e-01
1.883924908307579860e-02 1.226682763148380512e-01 4.021161047873009903e-02 8.182808641233558777e-01
1.488477455216747312e-02 9.281721086031646806e-02 3.221800163134058703e-02 8.600800129561754215e-01
1.142734919074044585e-02 6.909787954551527278e-02 2.510137024735663996e-02 8.943734010163875148e-01
8.604317174001868684e-03 5.085089740934498059e-02 1.935627382375428376e-02 9.211885115928986068e-01
6.278505916347975994e-03 3.645651013687502273e-02 1.464613655004225537e-02 9.426188473967345161e-01
4.345072516754223783e-03 2.494447840046654097e-02 1.061460488892146566e-02 9.600958441938577392e-01
2.876145100754259193e-03 1.643703651788349859e-02 7.376002794382148162e-03 9.733108155869800715e-01
1.891719365260925712e-03 1.082202441587780915e-02 5.055593413840432995e-03 9.822306628050208044e-01
9.210909522646247441e-04 7.234877291985694972e-03 3.721082934398239461e-03 9.881229488213514323e-01
6.746453686678220490e-04 5.047148784438079162e-03 2.751829536093431273e-03 9.915263763108006501e-01
5.105254625449406718e-04 3.430272070037925381e-03 2.073011900751574928e-03 9.939861905666654840e-01
3.815882033320956062e-04 2.151203378319151583e-03 1.507254115267185959e-03 9.959599543030818181e-01
2.818718246377969572e-04 1.286903939890579910e-03 1.067191399250796372e-03 9.973640328362204377e-01
1.449930342028524507e-06 2.124285843819829353e-06 2.075024591070891985e-06 9.999943507592230496e-01
6.984425331997770380e-07 9.722530825328286667e-07 9.978008412507611209e-07 9.999973315035429744e-01
3.777968139874787801e-07 4.984587318489831153e-07 5.357068901981392360e-07 9.999985880375639180e-01
2.375314464300699025e-07 2.982711843100911820e-07 3.328956402057343863e-07 9.999991313017291272e-01
1.625246523802849338e-07 1.959123782545218158e-07 2.248230687572427261e-07 9.999994167399006706e-01
1.079859776272895531e-07 1.260752782422356717e-07 1.475615457220752839e-07 9.999996183771984182e-01
6.779369463282888279e-08 7.717826740459196463e-08 9.164899376175819982e-08 9.999997633790441709e-01
4.318380191017992600e-08 4.803703593546747821e-08 5.776851702980895642e-08 9.999998510106450356e-01
3.150088573344503332e-08 3.410385275212678796e-08 4.160127386755172558e-08 9.999998927939877102e-01
2.821587162754679996e-08 2.948004362855671719e-08 3.662182559703402741e-08 9.999999056822591603e-01
2.918645823622618756e-08 2.924116917400352116e-08 3.709704664013023353e-08 9.999999044753259403e-01
3.068390369932964894e-08 2.955983220483224432e-08 3.823407157326697160e-08 9.999999015221924248e-01
3.214275080726106289e-08 3.019683899728832392e-08 3.954137130674893758e-08 9.999998981190388880e-01
3.674854047423001634e-08 3.417953664837859799e-08 4.495958886737062648e-08 9.999998841123339810e-01
4.532751386817839115e-08 4.179436520525961883e-08 5.516925227344376537e-08 9.999998577088685670e-01
6.284277688401626892e-08 5.736788960568599897e-08 7.603378382562380380e-08 9.999998037555497543e-01
1.067209891002613640e-07 9.701736560164853643e-08 1.287613986045296761e-07 9.999996675002467139e-01
2.221078579482602965e-07 2.020218657424603977e-07 2.680431534747013636e-07 9.999993078271227631e-01
5.583516409150903905e-07 5.076661237354971946e-07 6.743384446267254569e-07 9.999982596437906324e-01
1.589728213826986812e-06 1.443133547383991833e-06 1.922493213126180870e-06 9.999950446450256436e-01
4.482103837364618702e-04 3.251913629774166891e-04 1.910295316977569848e-03 9.973163029363084631e-01
6.133480352779807285e-04 4.882392982979984024e-04 3.333217625935635219e-03 9.955651950404883488e-01
7.951469113581582579e-04 6.881978670105046072e-04 5.420702386838421004e-03 9.930959528347930165e-01
9.530576830471233036e-04 8.776775941813291316e-04 7.828959630833505143e-03 9.903403050919380446e-01
1.022155748391961969e-03 9.916750626125802898e-04 9.642217002809127732e-03 9.883439521861864252e-01
9.825747610676914545e-04 1.015281297832145053e-03 1.014287407256228568e-02 9.878592698685381146e-01
4.067203998199795366e-10 4.471883949800847672e-10 5.732213877618111832e-10 9.999999985728698082e-01
4.125364274540112008e-01 2.030352265633994513e-01 3.724035081149709714e-01 1.202483786761811800e-02
3.447342215429575196e-01 1.604999444931481667e-01 4.829079415765773486e-01 1.185789238731658687e-02
2.747223362281263070e-01 1.238953078982767547e-01 5.895944530565618846e-01 1.178790281703500503e-02
2.139454425592096642e-01 9.094724647655930139e-02 6.830869784654334254e-01 1.202033249879758126e-02
1.653999398640572660e-01 6.583572317371989835e-02 7.561181960057592466e-01 1.264614095646365149e-02
1.296033756047727248e-01 4.870263348517691465e-02 8.081061676009230199e-01 1.358782330912714983e-02
1.023190588527593120e-01 3.768894753975869649e-02 8.450222710861005071e-01 1.496972252138128665e-02
7.859747786481423304e-02 3.073134501562060222e-02 8.732027528351657963e-01 1.746842428439920880e-02
5.680449060846994025e-02 2.621942981721466295e-02 8.952565481219140198e-01 2.171953145240166153e-02
3.819299807343278647e-02 2.218566489820896631e-02 9.115562702743095214e-01 2.806506675404868770e-02
2.593578073213259963e-02 2.013991227604722267e-02 9.175540376349727856e-01 3.637026935684745804e-02
1.800941176941151661e-02 1.866837585542804878e-02 9.205969102296238660e-01 4.272530214553642292e-02
1.276476189712105573e-02 1.740581279463347675e-02 9.244705882737118685e-01 4.535883703453323645e-02
9.451395059355769887e-03 1.672644777090839807e-02 9.274771095004957777e-01 4.634504766923992075e-02
7.456202641311692435e-03 1.682971207099913033e-02 9.285463713688297815e-01 4.716771391885966891e-02
6.392614914225882086e-03 1.811753521698472591e-02 9.270231749540287502e-01 4.846667491476044226e-02
6.124804921315043539e-03 2.158311847500078359e-02 9.214910410765857485e-01 5.080103552709822057e-02
6.580682081706877400e-03 2.872438983862754883e-02 9.110161761963555538e-01 5.367875188330995667e-02
7.688428986523660261e-03 4.158128000588554724e-02 8.944336960643968215e-01 5.629659494319387558e-02
9.350087763581852243e-03 6.164304462905430271e-02 8.703772320548007757e-01 5.862963555256329312e-02
1.142621429191834764e-02 8.737564313929745141e-02 8.403748232127370432e-01 6.082331935604685935e-02
1.376107893504381618e-02 1.132562421795475088e-01 8.107145201220403719e-01 6.226815876336808109e-02
1.615668219062568398e-02 1.333701181908508726e-01 7.887151722643557239e-01 6.175802735416735523e-02
1.854535662711094893e-02 1.453193912272067734e-01 7.770498298804847659e-01 5.908542226519729323e-02
2.116514627068760007e-02 1.485446146601616113e-01 7.743815527135393673e-01 5.590868635561131034e-02
2.392172201004287221e-02 1.397056048330283795e-01 7.825836637661323092e-01 5.378900939079654664e-02
2.587837370732812975e-02 1.182310078269168951e-01 8.022731551110274806e-01 5.361746335472755004e-02
2.600943439583961250e-02 9.196969511787463081e-02 8.262257117234922399e-01 5.579515876279378395e-02
2.426955804354208324e-02 7.003221891534575083e-02 8.459954747283900955e-01 5.970274831272199406e-02
2.172486082814284111e-02 5.653044565898935475e-02 8.571129335306527652e-01 6.463175998221529217e-02
1.948452062488977010e-02 5.108575381379858865e-02 8.591786550623953245e-01 7.025107049891644861e-02
1.809024219908410974e-02 5.209282695205936370e-02 8.530436589801532188e-01 7.677327186870329390e-02
1.756352424494742395e-02 5.790509345591290935e-02 8.407721436085889843e-01 8.375923869055033888e-02
1.766389010258807499e-02 6.671609490330368541e-02 8.260442218756066657e-01 8.957579311850143167e-02
1.809281535608221053e-02 7.635287810338212133e-02 8.128948853351792847e-01 9.265942120535655691e-02
1.863289458613143212e-02 8.483312963690085862e-02 8.024911805437058288e-01 9.404279523326213031e-02
1.911406070580984676e-02 9.076543011461755961e-02 7.935609761475448387e-01 9.655953303202746696e-02
1.950569737950423599e-02 9.353081922607459076e-02 7.844920116562913437e-01 1.024714717381302181e-01
1.981957656233660978e-02 9.336108018566785516e-02 7.755046551966391366e-01 1.113146880553565893e-01
1.991259624933012368e-02 9.163857527454886964e-02 7.678667803829838379e-01 1.205820480931370231e-01
1.972328852177292896e-02 9.061927180427342687e-02 7.608098603649687819e-01 1.288475793089851051e-01
1.942017887305110338e-02 9.180793306014188582e-02 7.532740885881541448e-01 1.354977994786527584e-01
1.913973462821508265e-02 9.496314704203702439e-02 7.470503981776513980e-01 1.388467201520963978e-01
1.892302878948088490e-02 9.907154963964363847e-02 7.449104689171592852e-01 1.370949526537163232e-01
1.879520308722664249e-02 1.029875564959324141e-01 7.483435835381273549e-01 1.298736568787132728e-01
1.886593175558762617e-02 1.055164911831594360e-01 7.565381151647307956e-01 1.190794618965223262e-01
1.932071685665517208e-02 1.068875143224616853e-01 7.665949033052157358e-01 1.071968655156675110e-01
2.020595668355908148e-02 1.092883554283512748e-01 7.757297238360258973e-01 9.477596405206382968e-02
2.167021509655851080e-02 1.165587353274760291e-01 7.785792990065804053e-01 8.319175056938515889e-02
2.425233891150585519e-02 1.342647666411415364e-01 7.655726776698547065e-01 7.591021677749776320e-02
2.855032780836642275e-02 1.684058374859138674e-01 7.289585719553752785e-01 7.408526275034457709e-02
3.486284046234449513e-02 2.238065862109891724e-01 6.662936124568883400e-01 7.503696086977808266e-02
4.330955578796911315e-02 3.028851759995470072e-01 5.788752747697530898e-01 7.492999344273074125e-02
5.402941113503745285e-02 4.016903056138599881e-01 4.725612538586195788e-01 7.171902939248274433e-02
6.736347559320088330e-02 5.062154146439105107e-01 3.621400353805198091e-01 6.428107438236921323e-02
8.379235774408126669e-02 6.010428292028525687e-01 2.622756779742124178e-01 5.288913507885336512e-02
1.030931452475103566e-01 6.759563627630723603e-01 1.808970025083082855e-01 4.005348948110905999e-02
1.252264425992749008e-01 7.254389610251529286e-01 1.207605167014864922e-01 2.857407967408602187e-02
1.506931287775747919e-01 7.487937573916658707e-01 8.055677443663143700e-02 1.995633939412817456e-02
1.802069958761965685e-01 7.502655909757908193e-01 5.558015710998941150e-02 1.394725603802318172e-02
2.080689762795472353e-01 7.420284924918023606e-01 4.021412823250226920e-02 9.688402996148016977e-03
2.435373778800648537e-01 7.186391172596068300e-01 3.092542406695292928e-02 6.898080793375479039e-03
2.818897302240984670e-01 6.867576652772094947e-01 2.596183870539161762e-02 5.390765793300630535e-03
3.237643901761778076e-01 6.477964945909182592e-01 2.366371942162986963e-02 4.775395811274249155e-03
3.651174731250247940e-01 6.081981079461467044e-01 2.222764395229116438e-02 4.456774976537487311e-03
4.062783549517270942e-01 5.691304322031544016e-01 2.055841653292291710e-02 4.032796312195520254e-03
4.500479080470138893e-01 5.274847190269957853e-01 1.890277349220109704e-02 3.564599433789472551e-03
4.915421305880846581e-01 4.873184496132574872e-01 1.787429815023094254e-02 3.265121648426739121e-03
5.198722244210969290e-01 4.592112011478474143e-01 1.773125070413155563e-02 3.185323726924260690e-03
5.318127413376519952e-01 4.472102118680461591e-01 1.778201671678108012e-02 3.195030077520995878e-03
5.186135681504310257e-01 4.600864268450756689e-01 1.800116850459605733e-02 3.298836499897244128e-03
4.138008668894402331e-01 7.352301801537199089e-02 3.588781395197961355e-01 1.537979755753913769e-01
2.012778462440973082e-01 3.180379585407323573e-01 2.362083262674002926e-01 2.444758689477703750e-01
2.292786865810800823e-01 3.405525550481124930e-01 2.309275245942798982e-01 1.992412337765275543e-01
2.634526461649925322e-01 3.470215507340543848e-01 2.281029191685221558e-01 1.614228839324312603e-01
3.058874880693079334e-01 3.357108784547133129e-01 2.284777445694564924e-01 1.299238889065222335e-01
3.512991221847749368e-01 3.111288416435236681e-01 2.327693744480252569e-01 1.048026617236761798e-01
3.941291920674584448e-01 2.812704683515008242e-01 2.383274981428393502e-01 8.627284143820168616e-02
4.253605093999673903e-01 2.572085186435903448e-01 2.446704865285528330e-01 7.276048542788925155e-02
4.496557189433486590e-01 2.353550636559882114e-01 2.527953946719583844e-01 6.219382272870492556e-02
4.728493228212737876e-01 2.114905237531267412e-01 2.623971920847415484e-01 5.326296134085813094e-02
4.970684752229824199e-01 1.836214441925508867e-01 2.734676708428417924e-01 4.584240974162447774e-02
5.183937936333524732e-01 1.535757617096586702e-01 2.873245921083613652e-01 4.070585254862733177e-02
5.266257144783907940e-01 1.272754238055990583e-01 3.075147200566559214e-01 3.858414165935408063e-02
5.064423708817124004e-01 1.118363995893470048e-01 3.417175412733339246e-01 4.000368825560637887e-02
4.497803334395646946e-01 1.048633063812206834e-01 3.998138944886062696e-01 4.554246569060851207e-02
3.683635688498511085e-01 1.020755430424187121e-01 4.753823767754620788e-01 5.417851133226805199e-02
2.914821316839609766e-01 9.889139743638002134e-02 5.472320578964368076e-01 6.239441298322188911e-02
2.391472486819239962e-01 9.187854905646294923e-02 6.017349866935480796e-01 6.723921556806490563e-02
2.055892124704185586e-01 8.337411201462781307e-02 6.431435864313714834e-01 6.789308908358218653e-02
1.825615359036488472e-01 7.567270863244589252e-02 6.758892871644484046e-01 6.587646829945724425e-02
1.669730179051036323e-01 6.857352724440038405e-02 7.024802678247434873e-01 6.197318702575258659e-02
1.586079699343568850e-01 6.080681361158120357e-02 7.254199503877412081e-01 5.516526606632045360e-02
1.558006893347480271e-01 5.300748672878996537e-02 7.458574272943959693e-01 4.533439664206578151e-02
1.549330762938391781e-01 4.772098562364809893e-02 7.616558290748453031e-01 3.569010900766765582e-02
1.515361264207122638e-01 4.658584534210808564e-02 7.732338715424408315e-01 2.864415669473851372e-02
1.433286382717548768e-01 4.868206149375532699e-02 7.840405067091809066e-01 2.394879352530896247e-02
1.277253250610123070e-01 5.503103120849434093e-02 7.966253522122942465e-01 2.061829151819918188e-02
1.107809829961318854e-01 6.087198571908573191e-02 8.105867250277529745e-01 1.776030625702940818e-02
9.665889908028477140e-02 6.591881429528609337e-02 8.222000847813129010e-01 1.522220184311630885e-02
8.632117601898678383e-02 6.947861557012553757e-02 8.314736142175369604e-01 1.272659419335037123e-02
7.967387304477654975e-02 7.461684123619037601e-02 8.355901668062921672e-01 1.011911891274083417e-02
7.646090994494907089e-02 8.827663346978222025e-02 8.272569959707967158e-01 8.005460614471675632e-03
7.609399777619932359e-02 1.205973232471134887e-01 7.964246710107067972e-01 6.884007965980269879e-03
7.583242498522939357e-02 1.819924850032801633e-01 7.356177951645123114e-01 6.557294846978011134e-03
7.153486181831281154e-02 2.779624745345389281e-01 6.439554040922477185e-01 6.547259554900622565e-03
6.159987905491429855e-02 4.033621480992914954e-01 5.286032379611466103e-01 6.434734884647878503e-03
4.853647118793738557e-02 5.395275170732437564e-01 4.057547836332564550e-01 6.181228105562278953e-03
3.702087963242060853e-02 6.574270156004254906e-01 2.995060281310503170e-01 6.046076636103570046e-03
2.966959312890881870e-02 7.375073886368046505e-01 2.267895281276527397e-01 6.033490106633865660e-03
2.664096408791902584e-02 7.802336194182963869e-01 1.868915655313567736e-01 6.233850962427791090e-03
2.735830636994697820e-02 7.946168201592718194e-01 1.708531339570207586e-01 7.171739513760311095e-03
3.105188746833238700e-02 7.905750840197002249e-01 1.686929750892157132e-01 9.680053422751789399e-03
3.697612957612372159e-02 7.752434035383400923e-01 1.720896210701462758e-01 1.569084581539012188e-02
4.437653994680096359e-02 7.533053585954679887e-01 1.728528187705831443e-01 2.946528268714785140e-02
5.287546878288429397e-02 7.219569819080982054e-01 1.661999304383068310e-01 5.896761887071083619e-02
6.208479186707239333e-02 6.655215873820738981e-01 1.552497754931981000e-01 1.171438452576559763e-01
6.996699149025038811e-02 5.656433109723250086e-01 1.442412678075332411e-01 2.201484297298913484e-01
7.002189218381736635e-02 4.234006365226520852e-01 1.303776583966220759e-01 3.761998128969079591e-01
5.724339779030038905e-02 2.722686230603399982e-01 1.087940764322942316e-01 5.616939027170652077e-01
3.844575141313587296e-02 1.553794414340848307e-01 8.396750982618883530e-02 7.222072973265903917e-01
2.361892841819000777e-02 8.752340554889768975e-02 6.473260532884204943e-02 8.241250607040704335e-01
1.497527425574672437e-02 5.454088873537005916e-02 5.409556951948994025e-02 8.763882674893933578e-01
1.036070048361100414e-02 3.983835266319862151e-02 5.011677303805809475e-02 8.996841738151323264e-01
7.773243189605982817e-03 3.441357366051304989e-02 4.999706309978773494e-02 9.078161200500930450e-01
6.236060766171403098e-03 3.454937630832224937e-02 5.228968630416843538e-02 9.069248766213378055e-01
5.541253084386830313e-03 3.937720784956907916e-02 5.922760193047760940e-02 8.958539371355667136e-01
5.847681246456327975e-03 5.022081447107478586e-02 7.785939244850069441e-02 8.660721118339680391e-01
7.351655887791052821e-03 6.742266875076764754e-02 1.198134085610057242e-01 8.054122668004355390e-01
9.845754161301080096e-03 8.417093368447829682e-02 1.973912094626374125e-01 7.085921026915830145e-01
1.236394849616747130e-02 8.897463687276879751e-02 3.114432380297611491e-01 5.872181766013028215e-01
1.371847578956125573e-02 7.971154198948593450e-02 4.384920968501354599e-01 4.680778853708176812e-01
1.357631480281392897e-02 6.467849169486536431e-02 5.466642104794821044e-01 3.750809830228387654e-01
1.261832599651174433e-02 5.060805270457881949e-02 6.245144842665132368e-01 3.122591370323963278e-01
1.163647680278074963e-02 3.969196628468548566e-02 6.786466635464333264e-01 2.700248933661001938e-01
1.087908985275630111e-02 3.179875592235115872e-02 7.191255403917604649e-01 2.381966138331320648e-01
1.037156067212607544e-02 2.591605532432824863e-02 7.501488474846285115e-01 2.135635365189169077e-01
1.019247788002177954e-02 2.131218123102472314e-02 7.702302850014558500e-01 1.982650558874974045e-01
1.041119229802391077e-02 1.765849699870161715e-02 7.790196272487434070e-01 1.929106834545314120e-01
1.097217544798316687e-02 1.460863241165269617e-02 7.811161970689842748e-01 1.933029950713797407e-01
1.177450791726110391e-02 1.210659446810509465e-02 7.786096215370383877e-01 1.975092760775956358e-01
1.285454957395736064e-02 1.049696102676004987e-02 7.597569175463968483e-01 2.168915718528859060e-01
1.421914159157989903e-02 9.828003280549085785e-03 7.047066008861396780e-01 2.712462542417314326e-01
2.182116560231067703e-03 9.782022742671099558e-04 7.417992463984140160e-03 9.894216887015178097e-01
3.112586491404777198e-03 1.951884937443898850e-03 9.486815889088848555e-03 9.854487126820622445e-01
4.815049852355871712e-03 4.801870540650207513e-03 1.254598705538005274e-02 9.778370925516136625e-01
6.108351928806090778e-03 9.479298969355998833e-03 1.727623430886484138e-02 9.671361147929734559e-01
6.904790351553881551e-03 1.534534028034448792e-02 2.248765830923130787e-02 9.552622110588706583e-01
6.629774613132144619e-03 1.902560699303587968e-02 2.585946056733456552e-02 9.484851578264974492e-01
5.248638859496301302e-03 1.773644857093502336e-02 2.536129266705022811e-02 9.516536199025180665e-01
3.648646993921212008e-03 1.330459175153797004e-02 2.244987109475887407e-02 9.605968901597816689e-01
2.644313642212599638e-03 9.392830655668120074e-03 2.077068583047454731e-02 9.671921698716449134e-01
2.266880514161821823e-03 7.143577812251720657e-03 2.216327967352482720e-02 9.684262620000615440e-01
2.298485101923315992e-03 6.019042238156573944e-03 2.699218484590196893e-02 9.646902878140177773e-01
2.641342161716735137e-03 5.513501078527310167e-03 3.590494274717746098e-02 9.559402140125785596e-01
3.435083299398716122e-03 4.888773607653755342e-03 5.043159976065333949e-02 9.412445433322943478e-01
4.581505820746570139e-03 5.711302453151235851e-03 7.317864719884549507e-02 9.165285445272565168e-01
6.891367998916249869e-03 6.416398333422168587e-03 1.100360150538172155e-01 8.766562186138440183e-01
1.142128975548293776e-02 7.647736477444321522e-03 1.736213991328501571e-01 8.073095746342224821e-01
2.016914003816409201e-02 9.292662761647998287e-03 2.829076196779454766e-01 6.876305775222424366e-01
3.539356493722666669e-02 1.065859590992448112e-02 4.452980059324448958e-01 5.086498332204040240e-01
5.772038505524276775e-02 1.075796163856785302e-02 6.246384002101091903e-01 3.068832530960803329e-01
8.666473591840705148e-02 9.261688356939664149e-03 7.554007416970663913e-01 1.486728340275867977e-01
1.342408179474139374e-01 7.536616384567745158e-03 7.941767644742439014e-01 6.404580119377432934e-02
2.267464597607671828e-01 6.280639689294392584e-03 7.388121933250814122e-01 2.816070722485689362e-02
3.648755726647239239e-01 4.908379342518378284e-03 6.183989287005525748e-01 1.181711929220500938e-02
9.047753887102223669e-03 4.002916084588467593e-01 4.045397698937294173e-01 1.861208677603213291e-01
8.266522982496417662e-03 3.433544817096098600e-01 3.807552840761101454e-01 2.676237112317835787e-01
7.828850149334707839e-03 3.023645102786075567e-01 3.473892740163780357e-01 3.424173655556796980e-01
7.509528069611902737e-03 2.883083688411229861e-01 3.184916228668077109e-01 3.856904802224571105e-01
7.431839999796624810e-03 3.023046533287962467e-01 2.982148377043324361e-01 3.920486689670747427e-01
7.547508186708555382e-03 3.394499087605876708e-01 2.817175375998743347e-01 3.712850454528296429e-01
7.646051624924433444e-03 3.940303421942314421e-01 2.621382780574017524e-01 3.361853281234425950e-01
7.507091594427284763e-03 4.626148447996108470e-01 2.361265090396678923e-01 2.937515545662940375e-01
7.062282812080282815e-03 5.405795131439811163e-01 2.043161426588418206e-01 2.480420613850964628e-01
6.504059376580806004e-03 6.149708492211366506e-01 1.723974805229303020e-01 2.061276108793524131e-01
6.147142894132708382e-03 6.708990351873120872e-01 1.483610298590252730e-01 1.745927920595298222e-01
6.152923334365734132e-03 7.063366649296486388e-01 1.341554354451849618e-01 1.533549762908004432e-01
6.463753730331823696e-03 7.297980466010534073e-01 1.270485986522683908e-01 1.366896010163464181e-01
6.928084546591221221e-03 7.510070751920219223e-01 1.232298474197289356e-01 1.188349928416578133e-01
7.581968506104991810e-03 7.762520136868843457e-01 1.180634719393763021e-01 9.810254586763431095e-02
7.744405338888570196e-03 8.105841987063998610e-01 1.058004351054026987e-01 7.587096084930855522e-02
7.695076950193531842e-03 8.459551233983523266e-01 8.976647812013126282e-02 5.658332153132285269e-02
7.646973024222477808e-03 8.733939266624095588e-01 7.558982432678500174e-02 4.336927598658273791e-02
7.806379964285296152e-03 8.895711309656809673e-01 6.632446322590415666e-02 3.629802584412951394e-02
8.231582930069036852e-03 8.966091548501463615e-01 6.135666550881083148e-02 3.380259671097374935e-02
8.893416741156538394e-03 8.976680001940505749e-01 5.944206019924110768e-02 3.399652286555179120e-02
9.820256113243205909e-03 8.942699020332794957e-01 6.011583141863337254e-02 3.579401043484408546e-02
1.118714049395224883e-02 8.860177661481807299e-01 6.354233060777642050e-02 3.925276275009079857e-02
1.323169223522714308e-02 8.727023851428631351e-01 6.957729587607659749e-02 4.448862674583330123e-02
1.611747767467798867e-02 8.559008609683742552e-01 7.703293132596115977e-02 5.094873003098673164e-02
1.983502423941134463e-02 8.384986301059109692e-01 8.388021509453971736e-02 5.778613056013794796e-02
2.421927867666084921e-02 8.230992668579631966e-01 8.867517387655943217e-02 6.400628058881653593e-02
2.827259832493933533e-02 8.123625069349812433e-01 9.044512283428515764e-02 6.891977190579447188e-02
3.312735875591352880e-02 8.032686591483502170e-01 9.017767320965186517e-02 7.342630888608446538e-02
3.816031938548054142e-02 7.926485039789779030e-01 8.905074074158686459e-02 8.014043589395497547e-02
4.346124210266065491e-02 7.732387208605066009e-01 8.919609257526257828e-02 9.410394446157004100e-02
4.855712095283276630e-02 7.419673084523936701e-01 9.193423272044362604e-02 1.175413378743297294e-01
5.265872741770220161e-02 7.105520228457148368e-01 9.618619703754342776e-02 1.406030526990396656e-01
5.622992898446801946e-02 6.931106910371902519e-01 1.004832464114897295e-01 1.501761335668519437e-01
6.055659244454055651e-02 6.935738062231511236e-01 1.041086702228070371e-01 1.417609311095013869e-01
6.678608200328885192e-02 7.048108378970368015e-01 1.071386814486807171e-01 1.212643986509934629e-01
7.470758603545610277e-02 7.169661703969266719e-01 1.099882426152686693e-01 9.833800095234818128e-02
8.194339661761546045e-02 7.271442123341936847e-01 1.123760026760781544e-01 7.853638837211257551e-02
8.490156722751421303e-02 7.382028382924854526e-01 1.138573521244005821e-01 6.303824235559958578e-02
8.132663656166956578e-02 7.520357900517138372e-01 1.153300044125662449e-01 5.130756897405017170e-02
7.261788838081045805e-02 7.648518646793490694e-01 1.198135429120529838e-01 4.271670402778714876e-02
6.297059890717178476e-02 7.669607690358972718e-01 1.330455652030066993e-01 3.702306685392368901e-02
5.535105263398057418e-02 7.466580195780558871e-01 1.634523491139007467e-01 3.453857867406293775e-02
4.987685264117087958e-02 6.955674749254192601e-01 2.189541521903005938e-01 3.560152024310949542e-02
4.534338154698989987e-02 6.151833534478946541e-01 3.003010528132082357e-01 3.917221219190704373e-02
4.081082304275623213e-02 5.166056844583072349e-01 3.992773191917495246e-01 4.330617330718694591e-02
3.592959463069499843e-02 4.112476432157753936e-01 5.042837308595395918e-01 4.853903129399008559e-02
3.152574576342716262e-02 3.067767110306840461e-01 5.992001273802853856e-01 6.249741582560317671e-02
2.902672553071978731e-02 2.157747225252401868e-01 6.536654338873867376e-01 1.015331180566533542e-01
2.794598586494990988e-02 1.515485213242684648e-01 6.215575910811270699e-01 1.989479017296550412e-01
2.489858619839600828e-02 1.046489668839135079e-01 4.922901833403976468e-01 3.781622635772930452e-01
1.908231098968184158e-02 6.457617080091251904e-02 3.399424950584265526e-01 5.763990231509787954e-01
1.368094474383162694e-02 3.761112629184375916e-02 2.286767838614031101e-01 7.200311451029215437e-01
1.006235963567391443e-02 2.250575358145780538e-02 1.617284960149524831e-01 8.057033907679155282e-01
8.022313097343684862e-03 1.462719427348654032e-02 1.238744762733010735e-01 8.534760163558686719e-01
7.143703512353933097e-03 1.072577269132385033e-02 1.039289966846408120e-01 8.782015271116815347e-01
6.955995899255979116e-03 8.916255641961514863e-03 9.348488481438463338e-02 8.906428636443978197e-01
6.955229276906384379e-03 8.105105834274293347e-03 8.523830376776328488e-02 8.997013611210561423e-01
7.144886588935137235e-03 8.004172423685168916e-03 7.639221256052326769e-02 9.084587284268564877e-01
7.127620823825176789e-03 8.151325513605671078e-03 7.122580028124061990e-02 9.134952533813284203e-01
8.773161645725485042e-03 1.082043760740188272e-02 7.328864405915455627e-02 9.071177566877184351e-01
1.191479749604808409e-02 1.591384919074823392e-02 8.384224531605101449e-02 8.883291079971527004e-01
1.703681823704485121e-02 2.478617621753521211e-02 1.010664128227448944e-01 8.571105927226748689e-01
2.448976679982951474e-02 3.859786974070630178e-02 1.228118435469347236e-01 8.141005199125292968e-01
3.573416120225557380e-02 5.801615351635123347e-02 1.485066459488832702e-01 7.577430393325094160e-01
5.049265859733492040e-02 8.423480271853206469e-02 1.786077709701502092e-01 6.866647677139826600e-01
6.825067575577406509e-02 1.167089835646189511e-01 2.088468933132618388e-01 6.061934473663451728e-01
8.479034209508287678e-02 1.537393234765506156e-01 2.294661602549357415e-01 5.320041741734307106e-01
9.582470246302171590e-02 1.949056865641908831e-01 2.336457618636222089e-01 4.756238491091648868e-01
1.012130140348151408e-01 2.361689966840984090e-01 2.247946452195599409e-01 4.378233440615268424e-01
1.010394202272913294e-01 2.756163245743743495e-01 2.089023871479554206e-01 4.144418680503789143e-01
9.737362091024230615e-02 3.118365527665869497e-01 1.907792274680375211e-01 4.000105988551331260e-01
9.316156260248614762e-02 3.448433809536510797e-01 1.751021984939725995e-01 3.868928579498900344e-01
9.115952477196125059e-02 3.763601350286826519e-01 1.655831488105994620e-01 3.668971913887565939e-01
9.213822098173160557e-02 4.073096189706008063e-01 1.629130224203057531e-01 3.376391376273616962e-01
9.495998127069434080e-02 4.374093970039877877e-01 1.652482212754863289e-01 3.023824004498315565e-01
9.820939186021987455e-02 4.672896588860905309e-01 1.700379964387569165e-01 2.644629528149324282e-01
1.011375072749971377e-01 4.966325275071521994e-01 1.755595850638545785e-01 2.266703801539960983e-01
1.037994936667735041e-01 5.220472701560212592e-01 1.826581139687327993e-01 1.914951222084722571e-01
1.070284829758103851e-01 5.416002847787616536e-01 1.928816351156029396e-01 1.584895971298249107e-01
1.093005827159255761e-01 5.557214877544884857e-01 2.042845476300953200e-01 1.306933818994904517e-01
1.087402217776777258e-01 5.733993491510537277e-01 2.099871454629639034e-01 1.078732836083046986e-01
1.065818595484464421e-01 6.013820270987854100e-01 2.046521379241883487e-01 8.738397542857954947e-02
1.070635981276026744e-01 6.346913077188719443e-01 1.903049263626166443e-01 6.794016779090909786e-02
1.152920788127049928e-01 6.616176998265582698e-01 1.731139824597822396e-01 4.997623890095447691e-02
1.348240104899627312e-01 6.705335852473094382e-01 1.586797765951782624e-01 3.596262766754955431e-02
1.674958451060839237e-01 6.576085228711170405e-01 1.484969636725872177e-01 2.639866835021180413e-02
2.143779249050267455e-01 6.250757453965589683e-01 1.405582248932118472e-01 1.998810480520233496e-02
2.764550686008891422e-01 5.754537144177661601e-01 1.325109724425558855e-01 1.558024453878903599e-02
