5.146418534121699473e-02 5.516452688800538295e-01 3.511662063833411729e-01 4.572433939538802367e-02
6.601955273459311768e-02 3.155194015606120894e-01 5.474011798326284817e-01 7.105986587216636674e-02
6.347710880867858674e-02 2.625109719728641600e-01 6.102699036280682110e-01 6.374201559038890352e-02
5.813515368267729855e-02 2.143298307706973937e-01 6.733503398893972980e-01 5.418467565722801665e-02
4.995685534751398427e-02 1.702812163699377601e-01 7.352616681942322208e-01 4.450026008831618751e-02
4.052281713595545093e-02 1.325249146602106021e-01 7.895826983921215847e-01 3.736956981171217496e-02
3.212589162192406450e-02 1.034922159122554364e-01 8.303971690695803876e-01 3.398472339624031974e-02
2.622476089874593852e-02 8.281219211603416119e-02 8.569653471690222846e-01 3.399769981619722714e-02
2.317511113468626038e-02 6.843725945538707556e-02 8.715542657587418418e-01 3.683336365118509981e-02
2.268447842452487456e-02 5.830078935654350869e-02 8.767613039133376196e-01 4.225342830559391388e-02
2.409667519256614848e-02 5.057999084104897874e-02 8.753521523952166872e-01 4.997118157116812315e-02
2.661329387852644571e-02 4.379865579554328286e-02 8.700573738612903396e-01 5.953067646463978263e-02
2.910826879623448077e-02 3.696490850193771133e-02 8.642016523074207424e-01 6.972517039440689901e-02
3.012757464279307296e-02 3.005072338044580821e-02 8.610779794406057119e-01 7.874372253615533057e-02
2.869936113472370057e-02 2.384777863276336604e-02 8.605066994849498441e-01 8.694616074756320034e-02
2.539783041244847092e-02 1.925319283106671775e-02 8.573421521291068048e-01 9.800682462737796141e-02
2.170433646185794194e-02 1.632224457076874094e-02 8.473069258347516453e-01 1.146664931326213388e-01
1.875402237919230816e-02 1.474674550405413558e-02 8.279550226117623479e-01 1.385442095049915223e-01
1.694600546196865093e-02 1.409284778618689719e-02 7.973598703542906785e-01 1.716012763975540145e-01
1.640532656631683503e-02 1.561801945564460399e-02 7.561642477972564391e-01 2.118124061807821479e-01
1.658738690139692842e-02 1.803919810106494048e-02 7.156191741693288533e-01 2.497542408282091009e-01
1.743678486567927163e-02 2.158398495783495769e-02 6.837678519111212161e-01 2.772113782653644609e-01
1.885680975239338933e-02 2.621858744866805216e-02 6.624019781683679886e-01 2.925226246305706046e-01
2.049777296787708841e-02 3.165872820298955975e-02 6.524195544052718843e-01 2.954239444238616064e-01
2.202470483912141383e-02 3.700474413755706210e-02 6.522042735947862768e-01 2.887662774285353895e-01
2.340677867943716933e-02 4.127592977713626793e-02 6.548417116449538611e-01 2.804755798984726045e-01
2.454263940565495905e-02 4.401149319802517834e-02 6.545505543649551283e-01 2.768953130313647204e-01
2.505644270235847862e-02 4.511495335255527594e-02 6.501693291308426881e-01 2.796592748142435192e-01
2.456635643641558522e-02 4.467319860170265028e-02 6.406670914903133118e-01 2.900933534715686157e-01
2.299933058300197147e-02 4.278494517396361912e-02 6.208451269195537359e-01 3.133705973234807152e-01
2.086955995898148036e-02 3.976256564845073727e-02 5.828800378898933987e-01 3.564878365026744600e-01
1.897401819405747370e-02 3.584286828647634954e-02 5.283766345718519108e-01 4.168064789476143561e-01
1.794536697657358321e-02 3.140105991703005806e-02 4.721920456084449103e-01 4.784615274979515664e-01
1.807256779848281925e-02 2.720587659813877499e-02 4.288312042665631263e-01 5.258903513368150540e-01
1.908180144598652442e-02 2.376377920688705139e-02 4.021992695070120138e-01 5.549551498401142924e-01
2.015280389181088941e-02 2.131399786788521281e-02 3.869778814074961715e-01 5.715553168328075806e-01
2.049392922684389190e-02 1.988228355984578144e-02 3.766380669052190044e-01 5.829857203080914818e-01
2.016125767445655845e-02 1.908834761337729544e-02 3.670504304985823807e-01 5.936999642135839528e-01
1.979481251049702850e-02 1.829967376650557323e-02 3.526661017194604453e-01 6.092394120035368177e-01
1.919114625499077076e-02 1.733615546739743218e-02 3.304603312525050129e-01 6.330123670251066592e-01
1.988542703310677492e-02 1.643667884543230373e-02 3.031129483840659389e-01 6.605649457373953259e-01
1.966910520558344186e-02 1.550241818717399550e-02 2.760759154089075795e-01 6.887525611983349449e-01
1.898184136777903569e-02 1.452840344569457202e-02 2.519138227131941243e-01 7.145759324733320650e-01
1.805894546220147834e-02 1.353640747648319521e-02 2.342768810672066493e-01 7.341277659941087830e-01
1.729329154463111681e-02 1.266372491401324130e-02 2.283837697569592595e-01 7.416592137843961430e-01
1.634773628479087304e-02 1.205336696354063555e-02 2.397963869125144254e-01 7.318025098391539585e-01
1.669877480912058607e-02 1.203315437932656919e-02 2.733833390926183049e-01 6.978847317189346144e-01
1.820131034182293633e-02 1.276637651909209858e-02 3.332659221611711242e-01 6.357663909779135425e-01
2.079784220334393585e-02 1.429586654726221033e-02 4.145593425062025772e-01 5.503469487431910112e-01
2.475079608629144473e-02 1.648773225036619799e-02 4.995587050231442561e-01 4.592027666401978236e-01
2.892289245268482231e-02 1.897228977771337269e-02 5.702816933803713795e-01 3.818231243892304394e-01
3.492468334555953735e-02 2.154067928033762472e-02 6.206116153222851484e-01 3.229230220518175543e-01
4.412977352722548957e-02 2.388127889148781643e-02 6.524266605463778790e-01 2.795622870349087075e-01
5.544699683523306166e-02 2.725918792443848479e-02 6.674947577040866165e-01 2.497990575362422083e-01
6.933549882619094440e-02 3.137627908293653262e-02 6.669823811289291582e-01 2.323058409619435383e-01
8.369674945703435565e-02 3.655689327525176585e-02 6.540986410344536983e-01 2.256477162332603537e-01
9.785006524937570060e-02 4.241210608009231275e-02 6.335084906363158685e-01 2.262293380342161875e-01
1.121084007577027170e-01 4.829680905922859036e-02 6.097430202008090605e-01 2.298517699822598126e-01
1.259768300494980842e-01 5.373658924797463515e-02 5.848559530717903909e-01 2.354306276307366330e-01
1.387890422707291349e-01 5.780972679829453342e-02 5.613329745016791827e-01 2.420682564292971350e-01
1.502801281593645344e-01 5.911357502734046476e-02 5.414965176443292671e-01 2.491097791689655117e-01
1.573207191877609712e-01 5.747822480335166434e-02 5.245424524522757093e-01 2.606586035566119675e-01
1.570357703983671360e-01 5.441178655828022431e-02 5.045559871754038417e-01 2.839964558679487494e-01
1.543078599256241523e-01 5.009253572958109052e-02 4.803673432283915856e-01 3.152322611164029009e-01
1.543509313580051501e-01 4.459394726789617930e-02 4.600723166164674693e-01 3.409828047576314858e-01
1.572742310815867239e-01 3.917111926453986648e-02 4.516263944569564037e-01 3.519282551969167838e-01
1.598507292823609371e-01 3.493403112469530697e-02 4.566851325210892765e-01 3.485301070718542782e-01
1.586370123600500948e-01 3.222146408953403818e-02 4.736799172660481339e-01 3.354616062843676638e-01
1.525814590850538000e-01 3.088471032767329746e-02 5.010713004174154328e-01 3.154625301698578133e-01
1.441480641537832563e-01 3.045182085155594479e-02 5.370619249608556967e-01 2.883381900338053971e-01
1.371070100351512722e-01 3.052342038941706706e-02 5.785416908502593047e-01 2.538278787251724289e-01
1.332629846160740261e-01 3.086863907038358071e-02 6.204814694159118682e-01 2.153869068976303203e-01
5.198873629489819681e-01 2.477873853389815639e-02 2.250715172262314212e-01 2.302623812908885514e-01
1.351994975556988776e-01 7.863884391373767713e-01 7.744040850360101036e-02 9.716548033229771130e-04
1.497253320385325270e-01 7.483324912403799267e-01 1.004487752656992028e-01 1.493401455388384440e-03
1.781697202905911659e-01 6.736774544134249698e-01 1.455162402728402971e-01 2.636585023143730305e-03
2.137638853301813135e-01 5.617411370795395431e-01 2.195137129670319542e-01 4.981264623247144002e-03
2.388205155816855441e-01 4.292647061616857163e-01 3.227687715137828040e-01 9.146006742845873283e-03
2.375647644706829487e-01 2.957697592622682836e-01 4.503442246878853750e-01 1.632125157916356276e-02
2.039076457129517794e-01 1.820955086818566160e-01 5.855454265061637020e-01 2.845141909902793378e-02
1.469307274709170663e-01 1.051928814175473875e-01 6.979266953680896002e-01 4.994969574344606394e-02
9.481291977283579087e-02 6.233749130756780638e-02 7.499340493251109852e-01 9.291553959448548006e-02
5.974629036519667896e-02 4.050201908271024859e-02 7.235007685862493432e-01 1.762509219658434656e-01
3.520350971095730086e-02 2.570727997683723218e-02 6.388840793222839709e-01 3.002051309899215203e-01
1.971617834790585083e-02 1.611014608195595471e-02 5.236781652579579616e-01 4.404955103121802606e-01
1.042570423570880062e-02 1.052493620437787263e-02 4.147615763732166450e-01 5.642877831866972560e-01
6.050810504534443086e-03 7.555542038991698919e-03 3.263056573422359330e-01 6.600879901142379103e-01
3.883404348886524294e-03 6.072281358815941055e-03 2.535263791710712367e-01 7.365179351212263192e-01
2.723117899828616725e-03 5.337857827731982453e-03 1.904455700491445302e-01 8.014934542232948766e-01
2.322398256278166481e-03 4.998882363190688093e-03 1.379286710655683867e-01 8.547500483149628181e-01
1.689695714651598705e-03 4.930866162109542698e-03 9.801910120909308743e-02 8.953603369141458490e-01
1.328499194097721749e-03 5.308347775645042704e-03 7.040178975186681121e-02 9.229613632783902899e-01
1.189587343528644313e-03 6.400966016614311610e-03 5.342202562220726286e-02 9.389874210176497593e-01
1.265170047125822698e-03 8.784954471816021349e-03 4.529218873158896708e-02 9.446576867494688168e-01
1.629451534066225565e-03 1.368314362140664840e-02 4.467645994363306922e-02 9.400109449008939855e-01
2.444144213012217331e-03 2.323941106970150994e-02 5.020325633022397482e-02 9.241131883870622454e-01
3.918403882527470364e-03 4.012552784038616455e-02 5.984986050445229022e-02 8.961062077726340558e-01
6.240407315285894513e-03 6.636225998266766235e-02 7.116635148175261272e-02 8.562309812202938408e-01
9.492545478168249590e-03 1.023299939981790058e-01 8.139501273929151959e-02 8.067824477843611453e-01
1.338848813582419264e-02 1.447462915740643785e-01 8.715887590058264689e-02 7.547063443895289936e-01
1.694303200121200295e-02 1.843538498528028424e-01 8.590270120869358816e-02 7.128004169372919030e-01
1.894416316831745717e-02 2.086345484471494593e-01 7.863253684704092639e-02 6.937887515374926428e-01
1.926437620031663800e-02 2.103194724053117914e-01 6.945743271568781407e-02 7.009587186786836455e-01
1.842848487039262101e-02 1.913383306334212886e-01 6.077680320395284497e-02 7.294563812922335577e-01
1.681449491830288787e-02 1.603184253423098338e-01 5.272080867916298375e-02 7.701462710602244854e-01
1.478451194158794842e-02 1.280716820889309937e-01 4.514412871956981904e-02 8.119996772499111781e-01
1.253652866787625768e-02 1.005856631813759894e-01 3.789244143302148565e-02 8.489853667177263974e-01
1.028581040049820344e-02 7.849581936589684894e-02 3.129500578319631410e-02 8.799233644504088625e-01
8.240188073045795827e-03 6.071510528007201951e-02 2.564452506595497894e-02 9.054001815809271658e-01
6.362752940382561916e-03 4.564440550119478607e-02 2.046101887739865816e-02 9.275318226810240763e-01
4.628400417207792147e-03 3.268955391417810441e-02 1.545711046191992379e-02 9.472249352066940409e-01
3.187978315740355902e-03 2.254459317250801301e-02 1.107983474115768578e-02 9.631875937705938195e-01
2.150955185957373599e-03 1.552843151185531040e-02 7.769669785156929805e-03 9.745509435170303103e-01
1.029715548322798681e-03 1.073421226841080739e-02 5.790057061180511541e-03 9.824460151220857362e-01
7.427731126862123154e-04 7.630986711065968452e-03 4.233195505234810078e-03 9.873930446710130759e-01
5.512545645057843934e-04 5.216286041343195894e-03 3.106408049891490417e-03 9.911260513442595732e-01
4.061897175848376844e-04 3.285956638061022887e-03 2.192588957542399193e-03 9.941152646868117726e-01
2.987989400435569608e-04 1.979639127862386962e-03 1.514263711385173492e-03 9.962072982207087479e-01
2.229047104187820486e-04 1.209919892624151732e-03 1.071149748410137872e-03 9.974960256485471133e-01
1.363791098294140950e-06 1.990536721512668755e-06 2.000362155521834111e-06 9.999946453100246879e-01
7.170646604752159831e-07 9.935780893555739857e-07 1.046211345856546402e-06 9.999972431459042133e-01
4.321581415743435604e-07 5.711215871256161320e-07 6.247770251237795929e-07 9.999983719432462559e-01
2.790642368559665235e-07 3.555255211509794005e-07 3.995628020978113006e-07 9.999989658474399690e-01
1.727468484349957382e-07 2.148943243519811291e-07 2.455727762297746866e-07 9.999993667860509472e-01
9.980255351916816237e-08 1.226415773832995029e-07 1.414059811706332252e-07 9.999996361498879605e-01
5.756366250122871900e-08 7.030770592224393938e-08 8.147490401753108309e-08 9.999997906537275716e-01
3.713831724261210333e-08 4.498123976952565832e-08 5.242311883852287692e-08 9.999998654573242218e-01
2.882695842689660873e-08 3.429276175896865359e-08 4.036142866583834985e-08 9.999998965188511280e-01
2.586419566781914413e-08 2.996115895669861742e-08 3.573427269156880623e-08 9.999999084403726757e-01
2.409054785850099414e-08 2.724161702670550327e-08 3.286875455712072315e-08 9.999999157990805410e-01
2.305383573889213790e-08 2.587066135647206718e-08 3.135217531377476054e-08 9.999999197233275794e-01
2.467333654208874459e-08 2.793374126476124476e-08 3.377744255411065744e-08 9.999999136154795742e-01
2.825094371645536820e-08 3.221874771203905745e-08 3.893850699278678701e-08 9.999999005918015493e-01
3.520956454070630318e-08 4.018031904903945447e-08 4.868566203577685996e-08 9.999998759244542734e-01
5.231716427029574798e-08 5.966123045100399760e-08 7.242490232364000330e-08 9.999998155967029234e-01
9.407479023280841462e-08 1.068243662347386858e-07 1.299761771690144451e-07 9.999996691246663127e-01
2.032671946268895924e-07 2.276726859648962571e-07 2.787037743601044699e-07 9.999992903563450497e-01
4.991274250843806543e-07 5.464750902152925185e-07 6.759746098555238975e-07 9.999982784228749200e-01
1.271280817311270617e-06 1.356762169531979427e-06 1.699702142142847178e-06 9.999956722548710708e-01
3.015565675650060313e-04 4.600761211339489181e-04 1.585814310124810441e-03 9.976525530011760567e-01
3.993115436916420675e-04 6.002637498103778179e-04 2.482790387216295396e-03 9.965176343192816422e-01
4.908048276438330918e-04 7.139099205391039125e-04 3.497571244772084646e-03 9.952977140070450313e-01
5.392599706701699420e-04 7.602873369615934006e-04 4.237007765391151599e-03 9.944634449269769139e-01
5.272510443655314960e-04 7.453487536480092948e-04 4.426690563605194251e-03 9.943007096383811305e-01
1.695971209948411072e-10 2.017270755815082121e-10 2.454302399869290298e-10 9.999999993832455747e-01
2.940227308724787103e-01 1.921271677738050632e-01 5.053671881898303964e-01 8.482913163885885677e-03
2.405071736005318095e-01 1.458094851118927060e-01 6.055572130110874474e-01 8.126128276487957353e-03
1.972405811093610462e-01 1.106633534017679305e-01 6.839223263902289851e-01 8.173739098641693082e-03
1.667258373448951558e-01 8.428942671406287890e-02 7.400810455810860056e-01 8.903690359955820921e-03
1.462814453855864338e-01 6.561951501678706111e-02 7.776505105725450839e-01 1.044852902508157724e-02
1.333044164640485030e-01 5.184711931529612655e-02 8.020610846126802196e-01 1.278737960797534171e-02
1.222295798494310720e-01 4.322829459399271657e-02 8.184192373410119625e-01 1.612288821556408583e-02
1.083287253338049289e-01 3.861520192142883084e-02 8.315879051738936933e-01 2.146816757087255390e-02
8.938081466548232490e-02 3.644126388902153152e-02 8.441395553014099384e-01 3.003836614408612882e-02
6.723665451725996389e-02 3.425667184882995320e-02 8.558175412304720453e-01 4.268913240343800986e-02
5.078776453091278509e-02 3.330050234875077397e-02 8.562822005589328933e-01 5.962953256140325620e-02
3.939936117605705862e-02 3.265952056443141571e-02 8.524475958947663745e-01 7.549352236474564382e-02
3.134104823295723319e-02 3.240147525700804582e-02 8.493428937442702997e-01 8.691458276576428943e-02
2.576596902733469668e-02 3.332474098663890105e-02 8.451233208624525650e-01 9.578596912357426052e-02
2.220217894524587413e-02 3.556690163296380436e-02 8.388185031820523108e-01 1.034124162397380420e-01
2.037293707948508587e-02 3.925692227365925463e-02 8.306267808425764620e-01 1.097433598042790864e-01
2.015572085610075129e-02 4.507965797839859345e-02 8.205498873833717566e-01 1.142147337821292352e-01
2.140270630942693597e-02 5.370013754735181166e-02 8.100367871536948705e-01 1.148603689895268121e-01
2.380767474590558819e-02 6.499700950724436599e-02 8.005286868594947425e-01 1.106666288873551923e-01
2.695332239461887408e-02 7.651121780122098481e-02 7.932898509591107539e-01 1.032456088450493803e-01
3.036926229736194166e-02 8.398630667444842435e-02 7.910514083191031443e-01 9.459302270908656607e-02
3.342520608519236602e-02 8.424230883034310169e-02 7.974530857833763697e-01 8.487939930108864828e-02
3.506434479617211164e-02 7.690042438875335784e-02 8.152340885423101646e-01 7.280114227276453243e-02
3.435414681538895981e-02 6.446099247836666046e-02 8.427390677115741413e-01 5.844579299466996780e-02
3.154526900947279139e-02 5.074796978515715845e-02 8.730808251729155200e-01 4.462593603245455787e-02
2.787518518886366106e-02 3.792023449440219685e-02 9.002428063099308098e-01 3.396177400680357172e-02
2.412475815996731332e-02 2.716959912722015716e-02 9.214491320857007839e-01 2.725651062711203013e-02
2.046136598910629906e-02 1.949170490365126351e-02 9.360403706725651807e-01 2.400655843467706593e-02
1.707340033996812903e-02 1.490857556235723226e-02 9.448445347093767932e-01 2.317348938829771887e-02
1.438614739560051259e-02 1.304786101513175263e-02 9.483851401039123941e-01 2.418085148535530429e-02
1.274290496976668297e-02 1.366546079256831386e-02 9.465478633451925861e-01 2.704377089247269467e-02
1.222956009208540050e-02 1.703096313044473106e-02 9.384237455498539715e-01 3.231573122761591255e-02
1.269639863104723640e-02 2.377542719322522230e-02 9.232473762517671156e-01 4.028079792396056791e-02
1.387052001881969657e-02 3.427798673218970804e-02 9.018611296603318284e-01 4.999036358865881213e-02
1.542994225412622558e-02 4.792355532873578128e-02 8.772919945870821801e-01 5.935450783005597614e-02
1.719058923565886660e-02 6.353054076088208990e-02 8.515942580814760410e-01 6.768461192198334253e-02
1.906156891554183774e-02 7.995131385179084227e-02 8.244082348883641220e-01 7.657888234430310082e-02
2.094773205343217551e-02 9.535140486569661233e-02 7.957820917752732592e-01 8.791877130559817843e-02
2.261293904641472827e-02 1.069952482942350402e-01 7.693675166322243575e-01 1.010242960271255652e-01
2.369896608601645624e-02 1.141821852661469572e-01 7.490024154557519687e-01 1.131164331920844340e-01
2.407966118329663702e-02 1.193815516156120221e-01 7.339249444167011971e-01 1.226138427843898454e-01
2.397352528551134274e-02 1.249616044516992930e-01 7.222449622092744770e-01 1.288199080535150365e-01
2.361892612102928571e-02 1.308613821097555086e-01 7.154353673509979972e-01 1.300843244182172398e-01
2.316828601827809753e-02 1.358783770095624566e-01 7.159946270648449573e-01 1.249587099073143914e-01
2.281748574494165197e-02 1.393408814285727881e-01 7.238935933940850997e-01 1.139480394324005469e-01
2.289474294739124102e-02 1.413974751838202593e-01 7.358672645924485556e-01 9.984051727634016271e-02
2.364212269781446746e-02 1.431240224513111170e-01 7.480909232174277612e-01 8.514293163344714699e-02
2.486989814597398429e-02 1.463926676297845064e-01 7.586311748434646507e-01 7.010625938077717778e-02
2.638802712580244972e-02 1.540120451239240518e-01 7.637194709862925590e-01 5.588045676398095685e-02
2.865605320512256554e-02 1.706402121321403953e-01 7.553626184949990829e-01 4.534111616773786602e-02
3.253561520400567036e-02 2.014806488151128783e-01 7.267702185478227550e-01 3.921351743305879350e-02
3.877612008190932380e-02 2.497204270085194300e-01 6.758389610115046464e-01 3.566449189806647491e-02
4.818617626264289078e-02 3.161322713651632532e-01 6.029680682660081281e-01 3.271348410618595687e-02
6.201750834103574722e-02 3.976724132928675104e-01 5.106856841488187637e-01 2.962439421727784336e-02
8.198861285138669963e-02 4.831329616010412442e-01 4.090297145238931953e-01 2.584871102367892332e-02
1.095844602101999077e-01 5.591159844779122201e-01 3.101890457459323680e-01 2.111050956595555972e-02
1.430228490019416765e-01 6.174993247860502965e-01 2.235076609155199623e-01 1.597016529648837696e-02
1.829192853450080647e-01 6.504051556365819664e-01 1.553094952539259554e-01 1.136606376448391111e-02
2.223116211286721711e-01 6.627297436363186467e-01 1.071023043478418202e-01 7.856330887167093172e-03
2.608198058454062607e-01 6.579664013865659244e-01 7.572276933267826915e-02 5.491023435349686246e-03
2.955939853793509986e-01 6.449015689595419820e-01 5.559459965781101548e-02 3.909846003296227682e-03
3.359014094159989972e-01 6.181567981508508947e-01 4.306988875468059641e-02 2.871903678469360423e-03
3.761350572913946810e-01 5.855832532205007546e-01 3.593257214987036902e-02 2.349117338234374061e-03
4.166454030163072586e-01 5.490100685456434926e-01 3.218416562803739361e-02 2.160362810011991815e-03
4.535300928261287723e-01 5.146704141645733754e-01 2.973526926541615947e-02 2.064223743881583514e-03
4.879272014515718681e-01 4.827308454382319702e-01 2.741460800289220387e-02 1.927345107303738824e-03
5.314486364334946034e-01 4.417084511534276614e-01 2.513160570684313394e-02 1.711306706234512172e-03
5.762651276807974066e-01 3.983508852089867047e-01 2.381075784810471330e-02 1.573229262111376214e-03
6.124416312648733873e-01 3.624855539987358877e-01 2.355078300937164457e-02 1.522031727019062435e-03
6.332487204510702794e-01 3.410700350471456699e-01 2.415491220833897168e-02 1.526332293444927898e-03
6.361102176351456361e-01 3.369746064411154318e-01 2.534009893247183079e-02 1.575076991267154204e-03
4.997505356358898920e-01 1.050420704687130835e-01 3.538377010940084721e-01 4.136969280138829558e-02
2.251681429377074273e-01 3.604083665326830443e-01 2.754677034577069361e-01 1.389557870719027033e-01
2.529578498974890954e-01 3.739440440032958946e-01 2.627443389306614585e-01 1.103537671685535237e-01
2.845607925460080234e-01 3.727693438102535062e-01 2.555766150182916530e-01 8.709324862544688683e-02
3.223900709457924174e-01 3.542657098901898505e-01 2.550768211200158953e-01 6.826739804400208667e-02
3.620454053202044609e-01 3.245807059742685241e-01 2.596273382998538493e-01 5.374655040567326292e-02
3.909692509222779666e-01 2.971664518110695985e-01 2.686494379487673334e-01 4.321485931788515006e-02
4.035648812291989795e-01 2.772970903228541562e-01 2.834496894073291751e-01 3.568833904061738393e-02
4.045975122819612246e-01 2.601149225218900574e-01 3.053824786430903160e-01 2.990508655305833610e-02
4.008925785556056165e-01 2.391174186127076329e-01 3.350129293079751047e-01 2.497707352371189224e-02
3.958942779365596243e-01 2.105095211069710759e-01 3.728257698781407559e-01 2.077043107832848151e-02
3.893031724580560682e-01 1.748055361276921460e-01 4.182444367616858782e-01 1.764685465256555716e-02
3.741342435323906090e-01 1.401778268690271612e-01 4.698477249932060396e-01 1.584020460537610697e-02
3.422512225098540140e-01 1.128985278262037567e-01 5.293690375679931392e-01 1.548121209594943530e-02
2.866686148824204028e-01 9.613664975480112895e-02 6.004193884895383526e-01 1.677534687324049728e-02
2.235803570517623517e-01 8.426177853626748426e-02 6.726716075482969126e-01 1.948625686367341792e-02
1.740139274851844886e-01 7.439181302921191175e-02 7.291083646231757420e-01 2.248589486242768415e-02
1.425857647911340786e-01 6.596392063036472797e-02 7.671262739188747792e-01 2.432404065962639680e-02
1.238788547685637370e-01 5.742753081997922782e-02 7.941447330705521113e-01 2.454888134090499330e-02
1.126145090232603951e-01 5.239186663727591481e-02 8.110253013343354800e-01 2.396832300512799149e-02
1.070512406335567546e-01 4.971788958942548881e-02 8.204141142758377692e-01 2.281675550117978277e-02
1.086499231278665600e-01 4.873245798941568813e-02 8.217790899083520229e-01 2.083852897436562837e-02
1.171989847368450771e-01 4.682936170723152325e-02 8.181712994741019429e-01 1.780035408182163020e-02
1.303357082063303640e-01 4.718456066732679838e-02 8.076444935097402134e-01 1.483523761660259649e-02
1.422009669095973261e-01 5.166738965082332685e-02 7.933575963988056534e-01 1.277404704077378210e-02
1.459799033848179772e-01 6.004818969198116169e-02 7.825227019753915325e-01 1.144920494780950725e-02
1.391419946957919151e-01 6.915338266454550131e-02 7.812804574455758377e-01 1.042416519408674580e-02
1.248304432181523982e-01 7.598782168598353093e-02 7.898982216548821045e-01 9.283513440982150283e-03
1.101948214148998212e-01 7.787774505389505331e-02 8.039296165528572180e-01 7.997816978347860664e-03
9.882845483287147625e-02 7.574869541595224964e-02 8.188495185891807582e-01 6.573331161995685928e-03
9.142235786590315050e-02 7.431642707035274187e-02 8.292010381139180986e-01 5.060176949826137444e-03
8.741449104767406997e-02 8.055903088906080090e-02 8.281605524735556889e-01 3.865925589709245068e-03
8.597768391040042091e-02 1.028939779515312958e-01 8.078685301815827779e-01 3.259807956485892208e-03
8.516178862680864881e-02 1.509917476796303060e-01 7.607032908997973797e-01 3.143172793763689826e-03
8.076555120957829015e-02 2.335215585085037571e-01 6.824317148769620811e-01 3.281175404955877749e-03
6.988421078865365843e-02 3.506403905400640730e-01 5.760517883368918568e-01 3.423610334390311989e-03
5.468502272846494094e-02 4.879703616551569478e-01 4.538662312039167812e-01 3.478384412461323506e-03
4.054445502113753624e-02 6.159910017030175711e-01 3.399260429031450981e-01 3.538500372699729564e-03
3.112331089289602226e-02 7.076797113497201863e-01 2.575803539867639880e-01 3.616623770619695026e-03
2.679428913745778018e-02 7.587512790408826868e-01 2.106332234419373006e-01 3.821208379722244083e-03
2.635156535849358939e-02 7.789315179810676337e-01 1.901810364263377406e-01 4.535880234101035378e-03
2.825508876090463556e-02 7.799740606878222682e-01 1.853800119339537866e-01 6.390838617319432799e-03
3.116815601185301057e-02 7.698337086447413213e-01 1.880391376694504346e-01 1.095899767395506867e-02
3.394688002593404530e-02 7.541114642514408217e-01 1.898533356051572696e-01 2.208832011746796053e-02
3.616258682981265266e-02 7.318098064707793116e-01 1.840450144476998839e-01 4.798259225170828368e-02
3.780224735575778150e-02 6.872178552839353083e-01 1.715533096243603006e-01 1.034265877359464986e-01
3.813958913081724744e-02 5.966772199513438180e-01 1.561644037831996235e-01 2.090187871346394222e-01
3.493387667032715055e-02 4.506701036817662431e-01 1.355660513852652571e-01 3.788299682626412590e-01
2.668787941748253234e-02 2.833903180151539081e-01 1.056651947651928991e-01 5.842566078021708131e-01
1.711823472720035849e-02 1.529770421160195071e-01 7.380084632911898535e-02 7.561038768276612254e-01
1.027972611982086101e-02 8.013777777984884554e-02 5.050351833798008561e-02 8.590789777623499823e-01
6.471623284789405732e-03 4.642531060491579542e-02 3.734341431976520576e-02 9.097596517905296443e-01
4.474358758744320305e-03 3.179533653194689669e-02 3.076303817875996466e-02 9.329672665305488444e-01
3.357662761400865073e-03 2.602014200325527063e-02 2.747634112281143945e-02 9.431458541125323780e-01
2.697335280564531167e-03 2.492477164627283220e-02 2.596052930927078908e-02 9.464173637638919612e-01
2.420869088451985725e-03 2.731151429644271614e-02 2.710194159150583829e-02 9.431656750235996034e-01
2.654350594729479838e-03 3.425177738545184813e-02 3.443099561850412882e-02 9.286628764013145076e-01
3.636211619408186071e-03 4.704040530995629021e-02 5.487033897770101504e-02 8.944530440929349124e-01
5.537968382506448274e-03 6.226249690114193935e-02 9.937351832701375731e-02 8.328260163893379531e-01
8.092545222858123916e-03 7.118056762008598271e-02 1.788057389675236086e-01 7.419211481895323645e-01
1.044522696684937850e-02 6.896087303542533520e-02 2.902118023398193025e-01 6.303820976579060931e-01
1.165380415272332555e-02 5.918008825731378014e-02 4.106862987579567581e-01 5.184798088320059506e-01
1.158713912240293999e-02 4.755053837443849046e-02 5.179693352214972402e-01 4.228929872816610813e-01
1.096556878872836926e-02 3.759296722440520072e-02 6.038786576480328350e-01 3.475628063388336852e-01
1.032143682329233342e-02 3.025694968863906417e-02 6.695484568238192491e-01 2.898731566642494539e-01
9.949731816694127109e-03 2.501432369013112042e-02 7.155304562131082902e-01 2.495054882800663565e-01
1.015335087164964158e-02 2.132180180636465694e-02 7.393997218557621931e-01 2.291251254662234615e-01
1.119487535830369397e-02 1.878082382721584995e-02 7.422015875301103405e-01 2.278227132843702596e-01
1.319565795129566156e-02 1.680618860362051090e-02 7.315679746090026914e-01 2.384301788360810859e-01
1.612947437404207984e-02 1.514816137899368392e-02 7.124817500493595412e-01 2.562406141976045215e-01
1.986644600013114798e-02 1.415187804782524865e-02 6.729259687597591855e-01 2.930557071922845758e-01
2.387979885875513020e-02 1.382394855568310800e-02 5.927828934015388906e-01 3.695133591840230047e-01
2.273318821110370102e-03 1.671159458144734142e-03 5.491788231217301433e-03 9.905637334895276425e-01
2.908315472051602527e-03 3.134469331554061520e-03 8.047055122136015717e-03 9.859101600742583571e-01
4.169423141133219921e-03 6.939618970106717008e-03 1.164032360748401898e-02 9.772506342812760094e-01
4.885510099319535261e-03 1.275467690584082547e-02 1.687585185692365777e-02 9.654839611379156805e-01
5.151730910268745127e-03 1.904116988051161516e-02 2.208820493624718412e-02 9.537188942729726282e-01
4.665934528371508926e-03 2.155373061472719981e-02 2.461659150732936965e-02 9.491637433495716536e-01
3.508081931009874362e-03 1.812953393372087468e-02 2.265473195622419098e-02 9.557076521790450752e-01
2.323605293027286318e-03 1.204943271455336841e-02 1.822768856347928984e-02 9.673992734289399431e-01
1.618467897644002267e-03 7.435921268919565286e-03 1.504101734969357299e-02 9.759045934837428105e-01
1.351266761575689070e-03 4.990553006801736260e-03 1.441225302260755459e-02 9.792459272090149325e-01
1.348666729846183156e-03 3.819863562428321962e-03 1.612115843488940228e-02 9.787103112728361420e-01
1.376681289162043744e-03 2.672306682535644917e-03 2.034521788580311366e-02 9.756057941424993718e-01
1.840637673039148287e-03 2.658489462265439460e-03 2.739927485770510610e-02 9.681015980069903604e-01
2.735644934515257462e-03 3.056083632551430309e-03 3.885293274979509381e-02 9.553553386831379335e-01
4.582952785013985619e-03 4.096424278722749293e-03 5.825743346464483385e-02 9.330631894716183705e-01
7.406374739776300405e-03 5.027265971460906889e-03 9.503218697404738902e-02 8.925341723147156570e-01
1.482304383373175653e-02 7.037028318529326039e-03 1.650337693973831787e-01 8.131061584503558315e-01
3.140680138658752396e-02 1.000533742994674617e-02 2.872498944309410662e-01 6.713379667525244399e-01
6.388154898855188946e-02 1.326232255006297434e-02 4.545674487166223576e-01 4.682886797447629590e-01
1.128435440918854615e-01 1.492159693047082590e-02 6.140185893900966807e-01 2.582162695875470093e-01
1.878916559210191961e-01 1.371855325729576594e-02 6.828405486788089451e-01 1.155492421428761102e-01
3.359135980170548930e-01 1.135912027060023873e-02 6.044937988475838075e-01 4.823348286476069474e-02
5.441136123900753852e-01 8.735941881744067189e-03 4.292498710397605888e-01 1.790057468842001787e-02
9.989857592736709965e-03 1.887198773159542431e-01 6.752704621967425824e-01 1.260198028945666016e-01
9.440735583446581425e-03 1.413406219918810769e-01 6.505164641611209664e-01 1.987021782635513822e-01
9.333735754248973296e-03 1.156804295764550794e-01 5.894097071881894134e-01 2.855761274811063344e-01
9.342554178478743379e-03 1.031461454932281474e-01 5.293612640211959874e-01 3.581500363070970194e-01
9.788565688129694659e-03 1.023632802454145230e-01 4.834158813098758944e-01 4.044322727565800579e-01
1.085996698804613317e-02 1.129233071565569069e-01 4.477232614951391909e-01 4.284934643602578141e-01
1.243050765409763406e-02 1.351859201240446784e-01 4.158243575960461902e-01 4.365592146258112649e-01
1.409305068990444713e-02 1.711055228804074513e-01 3.855045330698802508e-01 4.292968933598074743e-01
1.540303720101107200e-02 2.238001209286278326e-01 3.550232559331398252e-01 4.057735859372216258e-01
1.619749745183041850e-02 2.916777685082007077e-01 3.210361795196366441e-01 3.710885545203323477e-01
1.680855359560618975e-02 3.643504697774406775e-01 2.845140250748379174e-01 3.343269515521153368e-01
1.755024133497399413e-02 4.347034634326835123e-01 2.496288646199061323e-01 2.981174306124363405e-01
1.838223397939130893e-02 5.043397545296723905e-01 2.187582918105590024e-01 2.585197196803771802e-01
1.934530078006935563e-02 5.757135802756893073e-01 1.918939665037511233e-01 2.130471524404898842e-01
2.045919238858816616e-02 6.493911941132739507e-01 1.657504895099985720e-01 1.643991239881391342e-01
2.183324015919997987e-02 7.198666092554515394e-01 1.394802963627098935e-01 1.188198542226385351e-01
2.294303512757616889e-02 7.815344966135066018e-01 1.129228513131688566e-01 8.259961694574856350e-02
2.432354875201086022e-02 8.246083748142587488e-01 9.228232936646689477e-02 5.878574706726323595e-02
2.526487336138297929e-02 8.502747447594142249e-01 7.923559786937525717e-02 4.522478400982780228e-02
2.682180745296866217e-02 8.624094197977927312e-01 7.234087759092552861e-02 3.842789515831288027e-02
2.849673062148220734e-02 8.669747123383153564e-01 6.924235656407715100e-02 3.528620047612524013e-02
3.087267606541082079e-02 8.659203352389821529e-01 6.884298506251039507e-02 3.436400363309646128e-02
3.510114082656621420e-02 8.579383311646510135e-01 7.136937255702846539e-02 3.559115545175435547e-02
4.246420036182699947e-02 8.415633367701157441e-01 7.698770511128256999e-02 3.898475775677489458e-02
5.382961476433050646e-02 8.173389162079823800e-01 8.482640060399969373e-02 4.400506842368730881e-02
6.921588612501647364e-02 7.878458722797703206e-01 9.319204515366516506e-02 4.974619644154815168e-02
8.828566509154947561e-02 7.556935837878273610e-01 1.009164889257809644e-01 5.510426219484203247e-02
1.104997020123704710e-01 7.229365805009877466e-01 1.072605521273733153e-01 5.930316535926870303e-02
1.335134766191867495e-01 6.925903220846775232e-01 1.114709816488110988e-01 6.242521964732489215e-02
1.530580531810918632e-01 6.662561298149790590e-01 1.145680118739636905e-01 6.611780512996570658e-02
1.633187868542891052e-01 6.449057240710144301e-01 1.186733018745252111e-01 7.310218720017143401e-02
1.635966327950425514e-01 6.269284591429304943e-01 1.250714945554847191e-01 8.440341350654245733e-02
1.628711118391955315e-01 6.100778672615603249e-01 1.319670635897515765e-01 9.508395730949201208e-02
1.678667252597490223e-01 5.960365847915608528e-01 1.369587096122301950e-01 9.913798033645979113e-02
1.814433081346875087e-01 5.857189295952860419e-01 1.383322677990745375e-01 9.450549447095196731e-02
2.059020290856689583e-01 5.751695158560837795e-01 1.352017926573748086e-01 8.372666240087248135e-02
2.388011600700059300e-01 5.619199224623544486e-01 1.281578364707803008e-01 7.112108099685957030e-02
2.695459453191866861e-01 5.525032981882042060e-01 1.186005212704590167e-01 5.935023522215000097e-02
2.843073438744933013e-01 5.577590324052609239e-01 1.086483216224487930e-01 4.928530209779702354e-02
2.744149066348207100e-01 5.837331277203146040e-01 1.008605551124208272e-01 4.099141053244419186e-02
2.439957719306058148e-01 6.239791666824797689e-01 9.753734783352362159e-02 3.448771355339059347e-02
2.107295423037099658e-01 6.570871378575472432e-01 1.019807211870261549e-01 3.020259865171674718e-02
1.889726113743118996e-01 6.619190684193437813e-01 1.202225428740142793e-01 2.888577733232978659e-02
1.789560663128072771e-01 6.302952434684324645e-01 1.597789970892043721e-01 3.096969312955604597e-02
1.755211657531542679e-01 5.628321471394920339e-01 2.259578471214071516e-01 3.568883998594655355e-02
1.722387411271082691e-01 4.669174868265162925e-01 3.196934178216379596e-01 4.115035422473741628e-02
1.624417993962134488e-01 3.565045254968550181e-01 4.339882202061918770e-01 4.706545490073971161e-02
1.414400313970713696e-01 2.494792836417786264e-01 5.499828076733146442e-01 5.909787728783514466e-02
1.118199637023056525e-01 1.671201874545470423e-01 6.307430781269112163e-01 9.031677071623568642e-02
8.465004638463137498e-02 1.174119637312653203e-01 6.275226737150541023e-01 1.704153161690489526e-01
6.192215044550886810e-02 8.711760814413747889e-02 5.209267372963936049e-01 3.300335041139600967e-01
4.285068755714041555e-02 5.912503541893097958e-02 3.705627719869680203e-01 5.274615050369605429e-01
2.914728540510810872e-02 3.715278904662251691e-02 2.455648853390720032e-01 6.881350402091974683e-01
1.998718592786314849e-02 2.365843121167954602e-02 1.625148332002557261e-01 7.938395496602014267e-01
1.553136841655617349e-02 1.576673671469431409e-02 1.142478945422219644e-01 8.544540003265276296e-01
1.307033162924082885e-02 1.185115143422768580e-02 8.649512931207220534e-02 8.885833876244592089e-01
1.209142531817415135e-02 1.007383399212258453e-02 7.070572308105586845e-02 9.071290176086472812e-01
1.156783511168224532e-02 9.472613063022359420e-03 5.992245058532545687e-02 9.190371012399702888e-01
1.114277398695024887e-02 9.634593391914129945e-03 5.177715711724966557e-02 9.274454755038858966e-01
1.142027259853831654e-02 1.092246757578567429e-02 4.804324604879740140e-02 9.296140137768786893e-01
1.340822005502172870e-02 1.440725090013459352e-02 5.122569021379350801e-02 9.209588388310502305e-01
1.779050180799038317e-02 2.140077730635088840e-02 6.209741335274557295e-02 8.987113075329131728e-01
2.470018632830519104e-02 3.320074993262159269e-02 7.986012458721870877e-02 8.622389391518543444e-01
3.423626052697759797e-02 5.117708456706179104e-02 1.037529241967769245e-01 8.108337307091838531e-01
4.757163349088318338e-02 7.548469429066670400e-02 1.346432437168213203e-01 7.423004285016286952e-01
6.519945564423121342e-02 1.062969094508093293e-01 1.723383014845376870e-01 6.561653334204221588e-01
8.623858227148105404e-02 1.402353041849870863e-01 2.140430448746379610e-01 5.594830686688941901e-01
1.044300553608862731e-01 1.760212297121677150e-01 2.519265490870722379e-01 4.676221658398738157e-01
1.158925280407024500e-01 2.125067125470204987e-01 2.810875554048927194e-01 3.905132040073844846e-01
1.197605901099482589e-01 2.507640770095221350e-01 3.000391270356845830e-01 3.294362058448451758e-01
1.182642320089371951e-01 2.885984958611684248e-01 3.121669334680244878e-01 2.809703386618701004e-01
1.131717729207535050e-01 3.259961838273097712e-01 3.192804526946591559e-01 2.415515905572771516e-01
1.062116551150936172e-01 3.633882267436147617e-01 3.208368168795879827e-01 2.095633012617033608e-01
9.942719699728434779e-02 4.011687086551771753e-01 3.159732196522664349e-01 1.834308746952717784e-01
9.408878385493819885e-02 4.379767791774719088e-01 3.065877996410501516e-01 1.613466373265396436e-01
8.996079461847233949e-02 4.725223684719278006e-01 2.962531980150193700e-01 1.412636388945802124e-01
8.575008421270573222e-02 5.058285675965483730e-01 2.861752438920481811e-01 1.222461042986978108e-01
8.046800192526777640e-02 5.374600638466828784e-01 2.771479830597890492e-01 1.049239511682606568e-01
7.459923620590876159e-02 5.625572667106492064e-01 2.726840556636569435e-01 9.015944141978537996e-02
6.951143921687118199e-02 5.788526759093897134e-01 2.743634171250601272e-01 7.727246774867899126e-02
6.449124493816331405e-02 5.920696382365844279e-01 2.766518453431763280e-01 6.678727148207588837e-02
5.830095044985600383e-02 6.135554944061684113e-01 2.705705944773774130e-01 5.757296066659892825e-02
5.166399162781543791e-02 6.481629059223813494e-01 2.519235016986270392e-01 4.824960075117626368e-02
4.676614678243819212e-02 6.907059614154223981e-01 2.238887986265291619e-01 3.863909317560988016e-02
4.575337908362723388e-02 7.322991186517856521e-01 1.925825110810575891e-01 2.936499118352945206e-02
5.069310189580347736e-02 7.624832944818982217e-01 1.645306968236605050e-01 2.229290679863787233e-02
6.387241381213021318e-02 7.752279050967191276e-01 1.429956433283579575e-01 1.790403776279265308e-02
8.883281760068709176e-02 7.685311948247908198e-01 1.272849954253661153e-01 1.535099214915563483e-02
1.308810133267331033e-01 7.400933034851996384e-01 1.151987225608726989e-01 1.382696062719450045e-02
