1.914500429190849895e-01 1.659887337134544616e-01 5.558356728681169701e-01 8.672555049934373150e-02
8.179096215086439914e-02 2.405482940350140986e-01 4.339179437897867642e-01 2.437428000243348769e-01
8.218455516637315772e-02 2.263140518717734750e-01 4.725779453310584022e-01 2.189234476307952704e-01
7.999427655211116539e-02 2.108081076474718762e-01 5.171170422484493434e-01 1.920805735519670876e-01
7.579498371008107360e-02 1.925186175328893468e-01 5.647269827637215744e-01 1.669594159933080746e-01
6.944698210891835088e-02 1.739619049122526073e-01 6.074002485051687161e-01 1.491908644736603673e-01
6.258619201119720865e-02 1.592608428624562311e-01 6.367353618954799677e-01 1.414176032308666064e-01
5.723571979778139390e-02 1.507660073457148808e-01 6.500563644066038593e-01 1.419419084498995953e-01
5.471210835682874252e-02 1.472971872564776130e-01 6.504528552834413224e-01 1.475378491032522388e-01
5.575925635944559838e-02 1.449318045033832769e-01 6.440928564921392097e-01 1.552160826450316444e-01
5.826729231417793892e-02 1.402333080936648546e-01 6.382321739961428486e-01 1.632672255960146146e-01
6.150171659544279024e-02 1.281689900283539685e-01 6.383601447804828632e-01 1.719691485957200172e-01
6.347795541489986704e-02 1.074739679677843979e-01 6.470787782790190512e-01 1.819692983382967255e-01
6.157920937225504904e-02 8.236959292169263036e-02 6.630058655017688762e-01 1.930453322042832154e-01
5.407427078569240070e-02 5.887681908297821148e-02 6.801265037556513127e-01 2.069224063756778531e-01
4.263617876655690503e-02 4.102915087582652970e-02 6.885951718246078324e-01 2.277394985330087329e-01
3.156781653532145931e-02 2.945566503936517325e-02 6.821080712425712234e-01 2.568684471827420435e-01
2.354068080425269702e-02 2.270872421411755313e-02 6.600809095225783629e-01 2.936696854590509775e-01
1.871558175309311067e-02 1.932894922596489068e-02 6.243144644284907008e-01 3.376410045924517211e-01
1.619683813185410909e-02 1.831866506410871620e-02 5.818283245085158484e-01 3.836561722955212361e-01
1.510549457712536368e-02 1.887004658627665366e-02 5.454579919332938065e-01 4.205664669033039038e-01
1.492291391450262586e-02 2.029024997904460906e-02 5.222669209072524632e-01 4.425199151992005309e-01
1.527370879339287266e-02 2.203570324546687276e-02 5.124110155012343570e-01 4.502795724599060190e-01
1.569645517418183020e-02 2.360551577004104187e-02 5.166233877903048111e-01 4.440746412654720254e-01
1.580581673958192032e-02 2.431790974704606256e-02 5.335701748331652672e-01 4.263060986802068020e-01
1.554015932539858091e-02 2.374858722355872864e-02 5.560484645204395449e-01 4.046627889306032566e-01
1.497690791529223547e-02 2.212587757544844450e-02 5.756345109650606862e-01 3.872627035441984500e-01
1.412470675968347661e-02 1.995451836303838850e-02 5.876192500052525025e-01 3.783015248720250634e-01
1.299708978851384089e-02 1.761461886880182764e-02 5.886046676791548693e-01 3.807836236635293581e-01
1.172202584228847037e-02 1.525812364654626808e-02 5.723180471556233995e-01 4.007018033555421188e-01
1.058975353563626834e-02 1.309409773175498719e-02 5.317602501503539969e-01 4.445558985822550824e-01
9.149571855833612752e-03 1.117129385512965860e-02 4.727290550822937920e-01 5.069500792067432871e-01
8.664973113982442701e-03 9.549518832902371968e-03 4.133794886438747485e-01 5.684060194092406260e-01
8.808764553294681082e-03 8.247160735819736646e-03 3.690773860434388709e-01 6.138666886674472023e-01
9.477804023307829021e-03 7.274424977134109557e-03 3.434231160776248792e-01 6.398246549219328561e-01
1.029801214718157991e-02 6.633506103737065764e-03 3.318903121805964473e-01 6.511781695684849547e-01
1.084457313200276780e-02 6.319926735361386383e-03 3.273548537402998782e-01 6.554806463923357196e-01
1.098319150277501065e-02 6.217323749889408675e-03 3.228939894104396191e-01 6.599054953368963528e-01
1.083976439050444301e-02 6.087456147203268442e-03 3.112309135606299293e-01 6.718418659016627270e-01
1.058866991999428409e-02 5.903843584659076993e-03 2.903228245603042268e-01 6.931846619350428007e-01
1.023231851193587803e-02 5.787969844519880690e-03 2.657138280156131072e-01 7.182658836279309789e-01
9.692395065341044558e-03 5.763094206619850425e-03 2.427457304832272567e-01 7.417987802448118284e-01
9.022042076002625283e-03 5.797411418280776045e-03 2.240223222406667880e-01 7.611582242650493102e-01
8.369984737601584429e-03 5.856287506149957835e-03 2.125888208838869475e-01 7.731849068723612994e-01
7.865214287042893507e-03 5.935689521027918795e-03 2.132384531035088349e-01 7.729606430884200519e-01
7.543358163205151658e-03 6.047018292244260400e-03 2.322901901551095438e-01 7.541194333894409851e-01
7.484731978469874245e-03 6.255972990569038522e-03 2.788743559990758403e-01 7.073849390318855956e-01
7.765348413551871609e-03 6.633233941319096987e-03 3.625430709046266742e-01 6.230583467405024223e-01
8.206253121950628573e-03 7.128020710667750878e-03 4.786889216089778021e-01 5.059768045584035479e-01
8.605613304219357843e-03 7.598341977236800805e-03 5.990759229026842991e-01 3.847201218158595726e-01
9.274479807180475641e-03 7.990148335856865625e-03 6.948432268472176654e-01 2.878921450097450263e-01
9.746155711550141126e-03 8.161480298063298472e-03 7.621712669562578091e-01 2.199210970341288207e-01
1.056680038260236071e-02 8.225232638136462798e-03 8.074044492033443099e-01 1.738035177759172656e-01
1.217528415318777472e-02 8.453754411860608942e-03 8.342046398126375939e-01 1.451663216223141040e-01
1.335597670975905392e-02 9.195438332173913598e-03 8.468642330423555853e-01 1.305843519157114108e-01
1.510223843871162999e-02 1.059446679909981613e-02 8.472579009663615546e-01 1.270453937958271329e-01
1.744240380208829030e-02 1.261074773764312221e-02 8.387734055492707119e-01 1.311734429109976952e-01
2.048079468282902604e-02 1.516763041339962842e-02 8.244610155540638141e-01 1.398905593497078159e-01
2.522009340778319855e-02 1.883666611183281228e-02 8.032563626389952471e-01 1.526868778413889294e-01
3.038063499841993712e-02 2.251653470856978395e-02 7.781392858004980706e-01 1.689635444925122187e-01
3.674572301063633306e-02 2.603292177122033466e-02 7.490340577789127430e-01 1.881872974392305997e-01
4.389324975647297677e-02 2.899152494876923100e-02 7.129327612561261462e-01 2.141824640386319201e-01
5.084492960496914821e-02 3.151053922132671103e-02 6.625837422642780750e-01 2.550607889094258507e-01
5.745720738381300541e-02 3.215169519058337644e-02 6.018853138816376847e-01 3.085057835439657947e-01
6.192763163506417173e-02 3.177701208648696374e-02 5.462353355173845681e-01 3.600600207610644143e-01
6.552661980914888107e-02 2.973090759027503457e-02 5.073840776095555061e-01 3.973583949910206026e-01
6.694685186021030743e-02 2.772222619619805345e-02 4.878031324088008547e-01 4.175277895347906942e-01
6.544112828490325495e-02 2.624099478543400615e-02 4.862162371570611930e-01 4.221016397726016223e-01
6.130003136800901697e-02 2.529014526128643345e-02 5.031275313224984336e-01 4.102822920482060987e-01
5.570180397194600397e-02 2.456569667726740680e-02 5.412103629891116263e-01 3.785221363616749213e-01
4.996733118237962901e-02 2.377829456590099116e-02 5.993344562929847630e-01 3.269199179587345405e-01
4.555481377275998056e-02 2.254690895197671366e-02 6.665638057841281050e-01 2.653344714911352598e-01
4.526660284866237394e-01 2.005733640839907003e-02 2.969218265234945253e-01 2.303548085814825508e-01
3.965308644168328289e-01 5.305815243769339551e-01 7.033095554901977464e-02 2.556655657213663391e-03
4.658949681006581689e-01 4.415215352689951800e-01 8.880892386377850500e-02 3.774572766568153048e-03
5.401657218905948632e-01 3.394110682982723337e-01 1.145546287031929400e-01 5.868581107939811921e-03
5.948916713984868654e-01 2.489769043584817709e-01 1.468774894265329201e-01 9.253934816498603222e-03
6.225340574892070933e-01 1.767710584164229604e-01 1.861401534546600067e-01 1.455473063971006800e-02
6.117173690348203241e-01 1.266639649420374103e-01 2.383288564787694463e-01 2.328980954437255904e-02
5.537352211556675341e-01 9.337165933525454209e-02 3.137473682818848753e-01 3.914575122719317346e-02
4.418999511512373690e-01 7.039423755862470045e-02 4.187431078513738081e-01 6.896270343876408082e-02
2.967773194013725302e-01 5.254069948224389386e-02 5.295271448202439890e-01 1.211548362961396563e-01
1.690193700250062769e-01 3.602863290224105758e-02 5.942278438493443504e-01 2.007241532234079751e-01
8.809058118447354868e-02 2.306662777084855093e-02 5.842734849963543420e-01 3.045693060483234960e-01
4.472349132989181242e-02 1.476213986883407984e-02 5.315263862871040246e-01 4.089879825141699010e-01
2.419342429007947243e-02 1.013755480673860475e-02 4.741104150205064927e-01 4.915586058826751370e-01
1.417350191228571206e-02 7.693989495237161212e-03 4.246755852024715616e-01 5.534569233900054064e-01
9.543190937865701773e-03 6.534450037249550473e-03 3.760105226857477501e-01 6.079118363391369240e-01
7.107868184998256122e-03 6.039962235871693119e-03 3.209751775340242141e-01 6.658769920451059754e-01
5.633169172881411814e-03 5.892962805678048435e-03 2.622385970372141384e-01 7.262352709842264664e-01
4.641959092677262755e-03 6.075459530677328537e-03 2.073844923596606382e-01 7.818980890169844322e-01
4.458740679299980081e-03 6.784267209246166476e-03 1.619499674761231411e-01 8.268070246353305119e-01
4.010760969071363452e-03 8.296038438546024518e-03 1.288078445897621049e-01 8.588853560026206146e-01
4.148601146407884105e-03 1.141642710396497361e-02 1.089815947974903942e-01 8.754533769521368747e-01
5.106832593414989407e-03 1.765830352639440048e-02 1.019467254753149421e-01 8.752881384048754043e-01
7.251110665282168612e-03 2.959057112808136103e-02 1.043156123935104485e-01 8.588427058131260505e-01
1.100586755955717741e-02 5.033482389174954996e-02 1.110726070195512255e-01 8.275867015291420437e-01
1.673065844666043328e-02 8.222220561768245339e-02 1.181914760264870523e-01 7.828556599091703871e-01
2.445346391837483618e-02 1.255025169347718239e-01 1.224481277248809230e-01 7.275958914219721185e-01
3.303139664324912517e-02 1.758895307890479542e-01 1.204168414917453633e-01 6.706622310759574601e-01
3.949541137145855946e-02 2.221418978292842850e-01 1.106720638527522727e-01 6.276906269465049037e-01
4.104157256666743359e-02 2.500209563533101753e-01 9.631776170031811080e-02 6.126197093797041138e-01
3.830278760850272524e-02 2.523931445686148911e-01 8.251374315742493470e-02 6.267903246654576987e-01
3.341799382156036835e-02 2.313063987358972562e-01 7.101625872343333978e-02 6.642593487191088553e-01
2.775668420608225218e-02 1.949589143033289562e-01 6.089474887674195536e-02 7.163896526138470167e-01
2.227880411510637162e-02 1.555921293951753881e-01 5.136821862665452709e-02 7.707608478630638693e-01
1.737560095965131821e-02 1.211695894942369928e-01 4.214002105509866841e-02 8.193147884910129131e-01
1.322301397914619862e-02 9.319017848753134714e-02 3.374943345607981510e-02 8.598373740772426999e-01
9.908677079228942267e-03 7.066126953201914973e-02 2.670915562015748965e-02 8.927208977685944236e-01
7.216463462588885817e-03 5.171775371393281390e-02 2.056105056013787791e-02 9.205047322633402862e-01
4.990961976587686075e-03 3.571232957390919199e-02 1.498684537394165406e-02 9.443098630755611955e-01
3.295066137174787729e-03 2.348914442213586445e-02 1.036168583809314765e-02 9.628541036025960453e-01
2.149179435766554978e-03 1.528621121065306017e-02 7.009231848747345291e-03 9.755553775048330101e-01
1.007637638808276922e-03 1.003743590511288995e-02 5.053636626194398657e-03 9.839012898298845622e-01
7.217282659042041854e-04 6.838181515836679394e-03 3.649074457403577235e-03 9.887910157608554851e-01
5.345152699351979472e-04 4.507805133030873788e-03 2.661889444009036751e-03 9.922957901530250480e-01
3.910393783887813890e-04 2.715791915068205623e-03 1.855572385336008321e-03 9.950375963212070296e-01
2.833127550646433244e-04 1.547269983133386321e-03 1.254055050447228222e-03 9.969153622113550162e-01
1.886172204056719453e-06 2.710588242930723882e-06 2.726818290597872223e-06 9.999926764212624386e-01
8.645654719412103593e-07 1.171110078056101984e-06 1.239746023208302071e-06 9.999967245784268099e-01
4.582476312227760177e-07 5.857290200091095050e-07 6.486194124461419198e-07 9.999983074039363595e-01
2.863424051396773187e-07 3.475352497252000408e-07 3.988513563166791461e-07 9.999989672709889144e-01
1.940594426767351131e-07 2.256371060992145157e-07 2.658434912548105008e-07 9.999993144599600425e-01
1.256482399257171014e-07 1.411230704313011580e-07 1.694677016303101377e-07 9.999995637609879751e-01
7.536955326889209046e-08 8.231480261181399155e-08 1.002823347074656260e-07 9.999997420333093245e-01
4.510668353092380793e-08 4.804167747377691453e-08 5.926732147419567612e-08 9.999998475843174806e-01
3.056570598410967130e-08 3.165927497603107602e-08 3.959404363409216065e-08 9.999998981809754550e-01
2.534177692720909335e-08 2.533758481961044555e-08 3.223080721424293575e-08 9.999999170898310474e-01
2.430925015831333290e-08 2.331654011898782202e-08 3.025426854696923624e-08 9.999999221199411537e-01
2.371963298872930892e-08 2.186622865659362837e-08 2.892002180298738319e-08 9.999999254941165372e-01
2.319670686110391626e-08 2.081826507240565347e-08 2.789874478220381322e-08 9.999999280862832407e-01
2.538178600223097875e-08 2.248287239325277302e-08 3.031537738994287508e-08 9.999999218199641104e-01
3.120379427523703642e-08 2.726046316063107924e-08 3.697765257703357555e-08 9.999999045580899582e-01
4.455252688056957213e-08 3.817837637393917884e-08 5.223022822196149484e-08 9.999998650388686183e-01
7.780541746214118079e-08 6.539793887783609558e-08 9.025546810761496701e-08 9.999997665411756165e-01
1.612214338974465688e-07 1.330676767866982876e-07 1.853089428158752472e-07 9.999995204019463957e-01
3.868156096874853701e-07 3.134250293583325652e-07 4.411346436915112804e-07 9.999988586247172684e-01
1.019491745188247947e-06 8.122933875243819849e-07 1.156254802499394952e-06 9.999970119600647411e-01
2.748848125165939500e-06 2.164073983128714198e-06 3.110275554069581369e-06 9.999919768023376454e-01
7.674681934913467427e-04 3.390192838226374584e-04 2.161836191216534239e-03 9.967316763314693073e-01
1.066113182950982532e-03 4.811442618092462388e-04 3.610851870094453075e-03 9.948418906851453913e-01
1.380076400981404810e-03 6.237930658843452705e-04 5.403826615339641683e-03 9.925923039177946272e-01
1.587749777482217774e-03 7.192721592502681043e-04 6.896286458000716081e-03 9.907966916052666217e-01
1.607052264326274717e-03 7.534104646724594035e-04 7.498361467988341918e-03 9.901411758030130850e-01
1.883667410446614625e-10 2.000231826672067638e-10 2.574230517873781920e-10 9.999999993541870413e-01
3.627955683114059693e-01 7.845386718139679694e-02 5.435073428791020733e-01 1.524322162809513791e-02
3.076352441579323638e-01 6.621701157899947954e-02 6.109022065936258183e-01 1.524553766944231753e-02
2.707861371250222526e-01 5.881456610105773725e-02 6.538935558540354132e-01 1.650574091988441655e-02
2.491067814111465606e-01 5.448275750888235264e-02 6.768995274880520441e-01 1.951093359191912249e-02
2.376985963381451905e-01 5.219382342236294353e-02 6.855991164812902383e-01 2.450846375820147846e-02
2.311076388355412792e-01 5.152320965737943598e-02 6.861123318519560810e-01 3.125681965512289162e-02
2.224312340629750473e-01 5.229358138142604917e-02 6.854779772520787073e-01 3.979720730352026559e-02
2.050354547026312924e-01 5.484266875112450007e-02 6.878790000975520957e-01 5.224287644869213265e-02
1.769768048998624776e-01 5.866424652142852164e-02 6.929995386204720331e-01 7.135940995823691901e-02
1.439783312889577060e-01 6.256838789279949020e-02 6.944786987614965934e-01 9.897458205674614096e-02
1.150468854877612634e-01 6.603606094002875682e-02 6.866331853150712261e-01 1.322838682571386149e-01
9.314915972066158123e-02 6.884254557397950780e-02 6.768557329439472969e-01 1.611525617614115446e-01
7.632952804794915225e-02 7.148514017125839892e-02 6.719709595525036328e-01 1.802143722282887051e-01
6.295518701693735009e-02 7.455315436008033703e-02 6.702506729199336766e-01 1.922409857030485114e-01
5.274060186070230610e-02 7.778898678954328239e-02 6.711813633343413077e-01 1.982890480154132495e-01
4.591646113470918000e-02 8.181849717575262471e-02 6.750506184991594827e-01 1.972144231903786293e-01
4.277236463835992070e-02 8.869488308076167726e-02 6.795864851533008899e-01 1.889462671275780048e-01
4.327949647066163530e-02 1.000863119653768590e-01 6.823201515395508343e-01 1.743140400244104493e-01
4.659845274491284522e-02 1.154672728038467489e-01 6.824582564401722173e-01 1.554760180110681400e-01
5.139030055947804015e-02 1.305422255737215265e-01 6.822778836665173152e-01 1.357895902002832222e-01
5.649173508560131202e-02 1.395173515607473491e-01 6.857509053910209040e-01 1.182400079626308581e-01
6.099464030528162911e-02 1.393129405450630465e-01 6.963671070985316680e-01 1.033253120511235801e-01
6.375712471117550573e-02 1.304692357467207298e-01 7.165115029838685645e-01 8.926213655823578286e-02
6.366630547591964340e-02 1.154403577784235829e-01 7.457402207447896281e-01 7.515311600086663213e-02
6.035713337286215813e-02 9.711891797319081865e-02 7.799908198003365767e-01 6.253312885361034246e-02
5.451204149878127042e-02 7.689658164829046849e-02 8.156726024765476035e-01 5.291877437638078246e-02
4.699868146031684762e-02 5.678905409056043962e-02 8.492239138411541433e-01 4.698835060796848623e-02
3.871050201293730481e-02 4.027540760057562313e-02 8.762655583536450576e-01 4.474853203284229891e-02
3.084297942363351669e-02 2.914913844574976501e-02 8.947933480123168026e-01 4.521453411829946811e-02
2.442792449281237441e-02 2.308745005822316482e-02 9.051100050990836809e-01 4.737462034988115800e-02
1.981200287945481670e-02 2.085126613459474185e-02 9.086345670163523680e-01 5.070216396959818100e-02
1.684903262465675677e-02 2.148377971728342509e-02 9.062540311645820301e-01 5.541315649347786088e-02
1.516462545190616976e-02 2.436930747230336286e-02 8.990862217869792783e-01 6.137984528881069296e-02
1.433427459739387844e-02 2.890016385956512002e-02 8.894326323835709536e-01 6.733292915947053370e-02
1.396207193248020541e-02 3.422872490519841132e-02 8.802651715266249788e-01 7.154403163569615642e-02
1.382811669338479890e-02 3.961797059373207280e-02 8.721793231200085650e-01 7.437458959287514271e-02
1.383289969107760059e-02 4.460511083470404536e-02 8.634251892840175691e-01 7.813680019020087519e-02
1.394940442732024895e-02 4.878231659527170611e-02 8.526119478424754039e-01 8.465633113493283013e-02
1.410409600621977295e-02 5.165881796100681850e-02 8.411806859208761367e-01 9.305640011189739158e-02
1.412341492785398368e-02 5.329276271044296187e-02 8.317711953357134202e-01 1.008126270259898510e-01
1.393485457701241700e-02 5.464897723803054802e-02 8.246590524985194515e-01 1.067571156864375037e-01
1.362509870473248112e-02 5.659680807594807961e-02 8.192444714985647192e-01 1.105336217207547878e-01
1.324357688469116404e-02 5.893133433840214846e-02 8.170598205841088646e-01 1.107652681927979582e-01
1.279585114225248108e-02 6.091097245912614061e-02 8.200635110805848393e-01 1.062296653180364731e-01
1.233732094968209743e-02 6.190417203459687434e-02 8.281821243142105660e-01 9.757638270151014481e-02
1.203258129850141855e-02 6.162186648160974944e-02 8.389104474643439557e-01 8.743510475554462646e-02
1.207102959170328407e-02 6.075214188495198231e-02 8.491707327812405559e-01 7.800609574210394526e-02
1.247248147972949452e-02 6.093912992864441991e-02 8.574130957173701217e-01 6.917529287425593088e-02
1.333083177850119018e-02 6.478907896153490720e-02 8.604810617565886721e-01 6.139902750337533632e-02
1.511607317279973876e-02 7.638179505263519020e-02 8.513372181488148005e-01 5.716491362575033125e-02
1.846665134793519167e-02 1.009675320647401842e-01 8.230258374069591154e-01 5.753997918036510284e-02
2.389634499943239787e-02 1.443507989121361468e-01 7.712489324350318975e-01 6.050392365339981454e-02
3.187791545821978823e-02 2.122500078291255088e-01 6.931120057210835572e-01 6.276007099157107638e-02
4.307430166903609275e-02 3.067158595875018046e-01 5.880156497918784808e-01 6.219418895158361493e-02
5.816589992733113557e-02 4.178308746142079810e-01 4.669420892013281255e-01 5.706113625713262610e-02
7.781578790607460161e-02 5.273036536734010404e-01 3.476075905793540866e-01 4.727296784117036160e-02
1.017836087247558918e-01 6.194246768348912191e-01 2.431796224828774999e-01 3.561209195747561118e-02
1.277644088725738702e-01 6.867425317131360396e-01 1.604505571097679661e-01 2.504250230452202686e-02
1.537074654419374464e-01 7.273814338269463109e-01 1.018651849542564214e-01 1.704591577685955414e-02
1.807492079936447726e-01 7.430325679059351929e-01 6.475538734897058613e-02 1.146283675144963050e-02
2.112532196328306688e-01 7.381773362801140603e-01 4.293076477513030342e-02 7.638679311924814752e-03
2.508468495115478425e-01 7.139300834318009770e-01 3.004124852269505347e-02 5.181818533956094978e-03
2.948055887585516177e-01 6.784160857162812031e-01 2.289155250657046170e-02 3.886773018596870188e-03
3.394125196176431825e-01 6.381899808738180635e-01 1.903888947202599102e-02 3.358610036512998075e-03
3.765751312788900296e-01 6.037904781351608463e-01 1.652052076339648179e-02 3.113869822552569906e-03
4.066716498051206052e-01 5.761258356353000654e-01 1.436500078842513177e-02 2.837513771154038904e-03
4.358616924656632530e-01 5.488121550964856210e-01 1.277458712499326098e-02 2.551565312858355972e-03
4.628405686761616344e-01 5.226205586734938846e-01 1.214122339823934388e-02 2.397649252105441518e-03
4.809778190875358406e-01 5.042813196778495044e-01 1.235503739949700593e-02 2.385823835117385425e-03
4.825257611439161542e-01 5.019094850158787313e-01 1.310303225620143563e-02 2.461721584003643670e-03
4.618490162016936629e-01 5.215409563629421763e-01 1.402651174398282519e-02 2.583515691381404588e-03
3.538677298975230201e-01 5.693153291030872420e-02 3.751549551019695561e-01 2.140457820901988939e-01
2.397389548279260929e-01 2.261443872078123807e-01 2.329294964316860894e-01 3.011871615325753537e-01
2.677924267982858542e-01 2.491564536068474611e-01 2.255543055270917141e-01 2.574968140677748596e-01
2.977260765032986312e-01 2.614841851589687627e-01 2.205867695217182678e-01 2.202029688160143661e-01
3.322851560460851061e-01 2.601641007000318750e-01 2.204915348005232478e-01 1.870592084533596045e-01
3.691117198778515185e-01 2.484014658115489549e-01 2.248368879465398040e-01 1.576499263640595838e-01
4.012814403479376124e-01 2.334259490550732452e-01 2.324707434187776312e-01 1.328218671782112337e-01
4.228531384755674360e-01 2.224997764044375492e-01 2.426429138616831571e-01 1.120041712583122184e-01
4.395748890828459210e-01 2.116336350901269203e-01 2.547402907268776495e-01 9.405118510014920385e-02
4.577391068116715145e-01 1.961122764647975913e-01 2.674567667597726461e-01 7.869184996375845620e-02
4.791001705858505266e-01 1.737500615187772546e-01 2.806451553398758292e-01 6.650461255549636186e-02
4.994414012118570390e-01 1.464508961798050846e-01 2.956501074950063646e-01 5.845759511333131070e-02
5.109708356013125119e-01 1.203874105577154713e-01 3.133587254156248725e-01 5.528302842534679046e-02
5.028775353244325785e-01 1.031522957187721579e-01 3.362758711699813663e-01 5.769429778681388343e-02
4.660653738820237924e-01 9.419524704466461507e-02 3.731206735828666021e-01 6.661870549044492107e-02
4.071693661837928468e-01 9.109720857133769834e-02 4.210508433439651976e-01 8.068258190090439597e-02
3.495959166642062521e-01 8.981497722125036942e-02 4.662904848354361143e-01 9.429862127910718095e-02
3.151630635717402318e-01 8.634383218591129561e-02 4.964965158906612386e-01 1.019965883516871785e-01
2.991204193252344767e-01 8.183603628133115371e-02 5.170117267321764354e-01 1.020318176612580591e-01
2.939103449246863731e-01 7.801425002609614634e-02 5.309217753577853971e-01 9.715362969143194471e-02
2.982216871625699706e-01 7.464387870436790806e-02 5.376911280068120691e-01 8.944330612624977472e-02
3.159548504727518470e-01 7.014021785338747650e-02 5.360516101139535250e-01 7.785332155990706826e-02
3.468785687212699864e-01 6.460688690874087647e-02 5.262473920239360003e-01 6.226715234605321309e-02
3.796565194916440289e-01 6.095292557740628753e-02 5.120913563454821960e-01 4.729919858546723088e-02
3.973128149166351153e-01 6.192453845779440080e-02 5.041613027255118507e-01 3.660134390005854305e-02
3.892870516017465921e-01 6.801692866938802151e-02 5.128142850075494419e-01 2.988173472131579883e-02
3.554755429811043421e-01 7.821523576196486027e-02 5.406907312359789941e-01 2.561849002095192840e-02
3.083798454193282801e-01 8.913643721535616238e-02 5.802252168716377501e-01 2.225850049367773462e-02
2.624656397472513447e-01 9.657923604951498819e-02 6.217890082142754071e-01 1.916611598895835364e-02
2.272412907688260153e-01 9.906910434040219759e-02 6.576495903740434690e-01 1.604001451672836323e-02
2.043190840269099862e-01 1.036499595867841350e-01 6.791648776711458613e-01 1.286607871515971224e-02
1.943665154191727140e-01 1.151820808278195690e-01 6.800982024208277466e-01 1.035320133217998602e-02
1.926349213143113415e-01 1.448142278905318880e-01 6.534034877505792149e-01 9.147363044577510455e-03
1.957904208034697002e-01 2.007080909215000208e-01 5.944656976518093439e-01 9.035790623221158849e-03
1.932691528965945205e-01 2.888021231286896917e-01 5.086246640109264305e-01 9.304059963789527293e-03
1.790476958617971959e-01 4.026861902746213251e-01 4.090017676908641597e-01 9.264346172716991443e-03
1.525126011122052427e-01 5.279473392190967562e-01 3.107444858485839401e-01 8.795573820114256994e-03
1.219980085209243781e-01 6.403430852817879604e-01 2.293271029304422282e-01 8.331803266845440314e-03
1.010292798717161988e-01 7.169788717440123138e-01 1.738288327766646935e-01 8.163015607606865023e-03
9.415418419490205471e-02 7.547889896989740111e-01 1.425590785846159725e-01 8.497747521508077981e-03
9.652399018361831895e-02 7.647335105855118664e-01 1.288230194437315346e-01 9.919479787137981674e-03
1.063738140322060960e-01 7.540597958613762808e-01 1.259466844087779314e-01 1.361970569764013074e-02
1.174540339112342402e-01 7.325072790795569277e-01 1.278855885039897056e-01 2.215309850521900159e-02
1.242556963158215622e-01 7.071793410394694446e-01 1.276652499957039721e-01 4.089971264900533338e-02
1.241095153797809741e-01 6.769307030821463123e-01 1.201368219033761842e-01 7.882295963469662659e-02
1.181421374094906301e-01 6.254746093125366224e-01 1.075110477337276188e-01 1.488722055442452952e-01
1.071380038959739989e-01 5.277096658211498648e-01 9.622177129846001820e-02 2.689305589844160904e-01
8.831267209307089305e-02 3.805870832084305988e-01 8.261921892181013638e-02 4.484810257766884134e-01
5.937253112622589701e-02 2.244823129098242886e-01 6.485059386509195445e-02 6.512945620988580542e-01
3.287262274648178328e-02 1.126361399361970606e-01 4.598085741913861962e-02 8.085103798981826406e-01
1.687518400009032499e-02 5.474527351250774859e-02 3.223076392530481449e-02 8.961487785620971813e-01
9.109862657654116749e-03 2.931982729667802906e-02 2.456786969372308505e-02 9.370024403519447986e-01
5.450224681861113619e-03 1.841428443351983760e-02 2.100094966222524825e-02 9.551345412223938292e-01
3.576456515674006961e-03 1.370109729154237940e-02 1.961822372298467967e-02 9.631042224697990983e-01
2.546562581841027226e-03 1.193071335820259163e-02 1.956984105546813110e-02 9.659528830044880054e-01
2.054181154444329263e-03 1.198931793705202385e-02 2.168807880368233895e-02 9.642684221048215543e-01
2.035690427385152164e-03 1.387526568900436692e-02 2.909869797498234115e-02 9.549903459086287461e-01
2.524112452764921705e-03 1.757439129560747423e-02 4.849562794546079941e-02 9.314058683061666732e-01
3.528588219704508963e-03 2.152462494691959050e-02 9.150216874996293381e-02 8.834446180834130136e-01
4.869225677036619071e-03 2.301980751476977866e-02 1.708662223089609244e-01 8.012447444992327750e-01
6.050903609441125007e-03 2.121394110812316325e-02 2.845073681067792348e-01 6.882277871756566912e-01
6.453574489586694218e-03 1.759077769363493610e-02 4.064053322606897556e-01 5.695503155560883712e-01
6.086462687084270504e-03 1.389023441456213072e-02 5.111550826306155981e-01 4.688682202677379451e-01
5.511254184859508062e-03 1.103492744975649760e-02 5.918898345954728413e-01 3.915639837699113612e-01
5.044210103576045670e-03 9.074389636325324443e-03 6.524485551031433683e-01 3.334328451569552043e-01
4.795932182949418782e-03 7.686433379569087426e-03 6.946817157099155482e-01 2.928359187275658138e-01
4.883757886674447261e-03 6.634545082369804059e-03 7.157000175777650242e-01 2.727816794531907063e-01
5.425074976022715989e-03 5.827564951782282683e-03 7.151275169671147403e-01 2.736198431050804736e-01
6.469989799655865605e-03 5.160963040945207476e-03 6.993439705000685791e-01 2.890250766593306375e-01
8.012382101163315756e-03 4.614391005230473845e-03 6.728371462447279017e-01 3.145360806488787797e-01
1.007867274913264166e-02 4.326217458284305727e-03 6.240300366653327435e-01 3.615650731272505025e-01
1.170503029237826738e-02 4.232546328034324755e-03 5.362481187628517221e-01 4.478143046167353813e-01
2.645627516904696351e-03 7.384831324363954654e-04 5.627470460410015536e-03 9.909884188902492452e-01
4.033129678449604537e-03 1.575906659501134658e-03 7.418947783330235267e-03 9.869720158787189668e-01
5.591904942425823984e-03 3.584596862816322518e-03 1.064128315437216747e-02 9.801822150403858291e-01
7.664754742248711464e-03 8.248066543024287073e-03 1.464621397109542797e-02 9.694409647436318389e-01
8.434762823341469817e-03 1.367289249117091890e-02 1.966054318225207709e-02 9.582318015032355030e-01
7.745241186054372361e-03 1.698458153467280463e-02 2.287887976068531809e-02 9.523912975185876428e-01
5.732401365030911564e-03 1.543118599007942474e-02 2.197966874584613567e-02 9.568567438990434049e-01
3.626133087844658331e-03 1.095012603351537550e-02 1.834850663833996476e-02 9.670752342403000634e-01
2.350925607520570979e-03 7.156185288906974536e-03 1.563723728552046666e-02 9.748556518180518937e-01
1.809153703075412969e-03 5.017271589136341504e-03 1.538290193251875063e-02 9.777906727752692095e-01
1.671528681745980448e-03 3.932749047251177070e-03 1.751533059559766056e-02 9.768803916754051908e-01
1.612280964917922480e-03 2.808583964882303743e-03 2.229766579686735806e-02 9.732814692733323669e-01
2.054731788363730379e-03 2.778441198797169682e-03 3.018191711324755971e-02 9.649849098995917362e-01
2.940600998452061726e-03 3.148933887515080118e-03 4.295271911837901524e-02 9.509577459956536361e-01
4.017672203839230127e-03 3.629576852195689259e-03 6.504904647739187529e-02 9.273037044665731754e-01
6.701507593941976107e-03 4.367908482876035371e-03 1.064198378948579826e-01 8.825107460283242444e-01
1.250289734267496025e-02 5.535308409298560391e-03 1.868290077060928422e-01 7.951327865419334229e-01
2.407518021526033544e-02 6.861269997937857919e-03 3.286750262458466021e-01 6.403885235409551013e-01
4.341203646011943668e-02 7.590305533032620962e-03 5.220856287144411967e-01 4.269120292924070137e-01
6.817247473338251817e-02 7.050029533544039002e-03 7.016933518109407242e-01 2.230841439221328826e-01
1.020297980754819728e-01 5.465636340960926438e-03 7.975397035805326107e-01 9.496486200302460545e-02
1.856267606566880668e-01 4.060245611078499087e-03 7.704514975766769691e-01 3.986149615555637654e-02
3.536833189414302359e-01 3.326972831929373570e-03 6.265593491073414567e-01 1.643035911929880896e-02
9.606904131014882414e-03 3.905077927406400140e-01 4.415814346609929220e-01 1.583038684673525043e-01
8.796226193487646783e-03 3.239537056279421234e-01 4.441714410962379067e-01 2.230786270823323370e-01
8.799646684453391043e-03 2.831769847319440814e-01 4.193407030220039355e-01 2.886826655615987169e-01
9.074702162299858044e-03 2.713658941254447621e-01 3.866309359635122234e-01 3.329284677487434063e-01
9.580138990708147659e-03 2.866285641801135098e-01 3.577022010710886324e-01 3.460890957580897709e-01
1.023834955254761259e-02 3.249015186976008107e-01 3.320822847616417550e-01 3.327778469882095580e-01
1.075425215124244278e-02 3.816829393595583264e-01 3.049626486524593116e-01 3.026001598367397127e-01
1.077850822078967909e-02 4.539085858649163918e-01 2.729944487952352117e-01 2.623184571190586567e-01
1.023841426460653237e-02 5.372003900557899003e-01 2.347593164956746636e-01 2.178018791839284318e-01
9.486149538219279184e-03 6.187966412643928216e-01 1.941155921444306931e-01 1.776016170529572391e-01
9.008155960248478283e-03 6.831093891810483543e-01 1.596815951745418349e-01 1.482008596841613013e-01
9.019995428949207153e-03 7.270267762132355260e-01 1.351156973616359225e-01 1.288375309961791448e-01
9.406786168688320571e-03 7.588574722528637073e-01 1.180881649186419774e-01 1.136475766598059184e-01
1.010786609285009574e-02 7.864188064871027173e-01 1.060312840066851420e-01 9.744204341336228092e-02
1.064421060400625070e-02 8.185196838592354585e-01 9.234945308561819111e-02 7.848665245114030964e-02
1.090295392972537303e-02 8.535609492659284037e-01 7.660454226591247029e-02 5.893155453843356567e-02
1.084601640660190144e-02 8.854886640705207368e-01 6.105621745703825043e-02 4.260910206583914950e-02
1.085635322171631459e-02 9.078989137253807851e-01 4.933086413071895160e-02 3.191386892218404242e-02
1.139000908788750238e-02 9.194440016991766162e-01 4.260280488364029394e-02 2.656318432929546600e-02
1.266510527783242489e-02 9.223887711158247349e-01 3.982359826698603222e-02 2.512252533935674034e-02
1.475275284763401945e-02 9.195094099047947944e-01 3.971037759071138068e-02 2.602745965685944116e-02
1.786372458491407647e-02 9.121952123394683198e-01 4.154596951293920704e-02 2.839509356267839665e-02
2.152190577832367030e-02 9.013828030772568223e-01 4.498007597987564027e-02 3.211521516454387409e-02
2.797129950833749865e-02 8.845982940174627052e-01 4.995187877915462787e-02 3.747852769504506076e-02
3.681720146667714910e-02 8.643098584647251892e-01 5.514924768852941944e-02 4.372369238006822145e-02
4.785133497682413084e-02 8.429897671332843290e-01 5.911798617446255982e-02 5.004091171542914690e-02
6.082117856460302063e-02 8.223539245841455791e-01 6.116342228043564200e-02 5.566147457081584149e-02
7.579706014066359132e-02 8.024236685866803498e-01 6.148318450283613013e-02 6.029608676981980386e-02
9.193545750005457928e-02 7.830972325577130189e-01 6.043832692116647698e-02 6.452898302106585549e-02
1.066460272054163827e-01 7.640299735040982920e-01 5.889120790447472525e-02 7.043279138601070410e-02
1.157945624051657657e-01 7.442250590940453492e-01 5.811987258668559891e-02 8.186050591410319599e-02
1.176832333852475126e-01 7.227507843472950055e-01 5.910661541760486859e-02 1.004593668498523773e-01
1.166698070159386258e-01 7.042614181654494043e-01 6.080359713597659893e-02 1.182651776826356138e-01
1.175991953432383302e-01 6.957920496921653486e-01 6.182464754174577665e-02 1.247841074228504543e-01
1.233932285689004482e-01 6.986205275541399473e-01 6.125392231179043606e-02 1.167323215651691753e-01
1.360403571867226102e-01 7.054660970830357591e-01 5.885979689343937005e-02 9.963374883680234384e-02
1.545923742458233108e-01 7.086482257682553687e-01 5.538412311460596399e-02 8.137527687131525245e-02
1.732020728948799326e-01 7.094425976513875076e-01 5.164858819397567802e-02 6.570674125975671520e-02
1.835766167649008906e-01 7.149876640119952054e-01 4.826306181596932282e-02 5.317265740713428973e-02
1.806606841735782509e-01 7.298733696164143581e-01 4.594973224882059615e-02 4.351621396118712792e-02
1.676110950079311990e-01 7.499866445615391841e-01 4.588130731359859465e-02 3.652095311693128593e-02
1.553405408784616359e-01 7.621553902761807331e-01 5.024644327755235090e-02 3.225762556780525231e-02
1.527062505111774771e-01 7.531496322450037528e-01 6.284537493510365669e-02 3.129874230871489832e-02
1.603449241403362147e-01 7.166791104734524520e-01 8.863996334288117007e-02 3.433600204333017020e-02
1.752799129571074033e-01 6.528836556786050682e-01 1.309224158588866704e-01 4.091401550540112869e-02
1.957545276397529843e-01 5.665676253571865217e-01 1.882888466295503105e-01 4.938900037351033612e-02
2.174435455729983868e-01 4.672740863691397517e-01 2.551271476847458142e-01 6.015522037311600567e-02
2.306811060570072291e-01 3.604162601416862621e-01 3.273158311148059996e-01 8.158680268650041201e-02
2.185468126136224654e-01 2.603797943215567234e-01 3.899167277522231356e-01 1.311566653125977311e-01
1.782509914883641799e-01 1.764842618006582375e-01 4.056326049198134553e-01 2.396321417911639329e-01
1.249884460179838674e-01 1.113344676545856560e-01 3.384699973459197597e-01 4.252070889815109389e-01
7.911057621105288540e-02 6.381533178363567316e-02 2.347228092684212897e-01 6.223512827368899991e-01
4.970597458364731103e-02 3.510468258064525920e-02 1.536674262073144670e-01 7.615219166283927477e-01
3.321596628920567978e-02 1.998192699745717296e-02 1.033421069101213841e-01 8.434599998032157320e-01
2.440456542643518884e-02 1.242067685737501502e-02 7.451578081831536360e-02 8.886589768978744308e-01
2.010546282580911309e-02 8.795049079562631753e-03 5.909411292559611784e-02 9.120053751690322397e-01
1.817945710460174003e-02 7.203826887523778408e-03 5.073231459078473421e-02 9.238844014170899399e-01
1.705084427249177817e-02 6.685134536145512230e-03 4.451335386124957022e-02 9.317506673301131359e-01
1.632289508278893242e-02 6.896425849969684344e-03 3.909891153743629694e-02 9.376817675298048105e-01
1.686847882902991341e-02 8.169047751836005372e-03 3.666682724691273237e-02 9.382956461722214980e-01
2.003180862754348063e-02 1.153436773442792322e-02 3.975466150731741394e-02 9.286791621307113331e-01
2.667244294256930839e-02 1.846055872293395420e-02 4.897689910502024679e-02 9.058900992294763865e-01
3.682255010354188590e-02 3.045941511163056947e-02 6.290963668202079195e-02 8.698083981028066347e-01
5.055098398048890607e-02 4.886759816897638664e-02 7.917501792792898396e-02 8.214063999226057788e-01
6.918354635902611294e-02 7.453884459224059678e-02 9.586912586700779837e-02 7.604084831817259360e-01
9.498096873949087027e-02 1.065457822981899227e-01 1.119444580514415005e-01 6.865287909108779285e-01
1.255830663186101037e-01 1.415746749875824162e-01 1.272641630550640224e-01 6.055780956387437630e-01
1.514244138873956369e-01 1.746130278075555542e-01 1.417468939001013395e-01 5.322156644049474972e-01
1.653576325915407375e-01 2.036016877343943543e-01 1.541926959079528148e-01 4.768479837661122600e-01
1.677584497204448466e-01 2.287491463205974240e-01 1.632178354242020679e-01 4.402745685347558835e-01
1.629951480226554394e-01 2.507317657288241630e-01 1.680827161624726118e-01 4.181903700860475914e-01
1.551484895578303380e-01 2.711166827197002971e-01 1.692664809075110632e-01 4.044683468149585237e-01
1.481035238306942503e-01 2.906633608838637972e-01 1.698472082094310831e-01 3.913859070760106751e-01
1.449155701788976125e-01 3.102351945671473210e-01 1.723618714216496595e-01 3.724873638323052960e-01
1.461993713566126507e-01 3.293561202275873678e-01 1.767734132934817293e-01 3.476710951223183077e-01
1.510293599563815869e-01 3.458598795400518178e-01 1.823264378013250697e-01 3.207843227022414978e-01
1.587414437294593361e-01 3.582306306757938041e-01 1.893523397722794988e-01 2.936755858224671667e-01
1.693634023405375943e-01 3.652179763751599584e-01 1.985708384524155212e-01 2.668477828318872036e-01
1.835997408393912067e-01 3.636724284047648248e-01 2.116701587320553857e-01 2.410576720237887494e-01
2.035015249382362279e-01 3.517880996636467694e-01 2.302183314621895349e-01 2.144920439359274678e-01
2.252040083874290444e-01 3.368431617938276168e-01 2.489786746543594387e-01 1.889741551643837891e-01
2.435951062865592820e-01 3.314312404829663494e-01 2.597540610641216885e-01 1.652195921663526246e-01
2.641593420481181953e-01 3.392083487993127200e-01 2.548387518814486108e-01 1.417935572711203629e-01
2.957473416842520963e-01 3.514199262828521797e-01 2.355224570569936227e-01 1.173102749759020735e-01
3.505720290203927503e-01 3.497124297256759551e-01 2.084066026431924956e-01 9.130893861073854922e-02
4.316525141628097528e-01 3.214544642191818347e-01 1.801332959816525359e-01 6.675972563635600154e-02
5.268887501872059342e-01 2.724219161315246662e-01 1.542664834473413127e-01 4.642285023392826726e-02
6.185863324845294331e-01 2.192819291475055499e-01 1.309812192534910158e-01 3.115051911447398736e-02
6.962672377870559037e-01 1.739126801288854718e-01 1.091985053659280669e-01 2.062157671813067902e-02
