1.027974745836013337e-02 5.098041729214310980e-01 4.580767103038673738e-01 2.183936931634141571e-02
4.724931070558634205e-02 3.024041695612606495e-01 5.681578970447818122e-01 8.218862268837158480e-02
4.427846139817601112e-02 2.616309510840496566e-01 6.254595939611219402e-01 6.863099355665235046e-02
3.950357133443723606e-02 2.261119027496800715e-01 6.800973271003367682e-01 5.428719881554600057e-02
3.283955670810764088e-02 1.934313438359664961e-01 7.328065314809002473e-01 4.092256797502563659e-02
2.545807556714985501e-02 1.637630315503425249e-01 7.800940262415883009e-01 3.068486664091898963e-02
1.892499786493050812e-02 1.397241766534572938e-01 8.173709762766435682e-01 2.397984920496862987e-02
1.406166459882151470e-02 1.233637079588637830e-01 8.427669223892759742e-01 1.980770505303834292e-02
1.065030413545646829e-02 1.144926152613517795e-01 8.576376496506655789e-01 1.721943095252594438e-02
9.193381297560783774e-03 1.114439929221461706e-01 8.635423779248849740e-01 1.582024785540820169e-02
8.361441099481281558e-03 1.099143467264612622e-01 8.665998190943250412e-01 1.512439307973214436e-02
7.675651460887424060e-03 1.039799948725464718e-01 8.735023377496710095e-01 1.484201591689504607e-02
6.857714720317230339e-03 8.966849807555847540e-02 8.886834382700411483e-01 1.479034893408330553e-02
6.887893902487629734e-03 6.858682844347517571e-02 9.095784117832619309e-01 1.494686587077504597e-02
6.418619128760262409e-03 4.769715730295208400e-02 9.303684612587989067e-01 1.551576230948863155e-02
5.646392328186085156e-03 3.207644711919330205e-02 9.449610907477280497e-01 1.731606980489292652e-02
4.813445164152666683e-03 2.273710451289368342e-02 9.515697331143138094e-01 2.087971720864013198e-02
4.177120476615171253e-03 1.790772196950559877e-02 9.517016065421985971e-01 2.621355101168027640e-02
3.872254095170109094e-03 1.591594601902822370e-02 9.465947377524029926e-01 3.361706213339857308e-02
3.898116469706465210e-03 1.586201980327712341e-02 9.368713510532379329e-01 4.336851267377842684e-02
4.163046871247066787e-03 1.704413044902001323e-02 9.248292043113610639e-01 5.396361836837166442e-02
4.621444399731030120e-03 1.878814996014183461e-02 9.131846874882524334e-01 6.340571815187497073e-02
5.271098127730065343e-03 2.047955629370485503e-02 9.031680444524166074e-01 7.108130112614878537e-02
5.970542148373840681e-03 2.142129139972004381e-02 8.967617097969103890e-01 7.584645665499573086e-02
6.473329299621538406e-03 2.106596394979082590e-02 8.961345006923914225e-01 7.632620605819623316e-02
6.724108604828008331e-03 1.962450257548421784e-02 8.997200365844147951e-01 7.393135223527286248e-02
6.791138274696561020e-03 1.774538716674146921e-02 9.044533104675543944e-01 7.101016409100723015e-02
6.665916142502093487e-03 1.583863631037635625e-02 9.090789640236166536e-01 6.841648352350528095e-02
6.299463621828279777e-03 1.403499917286366895e-02 9.132299540232101664e-01 6.643558318209763502e-02
5.703623991367838195e-03 1.237141858927999320e-02 9.159431438412087845e-01 6.598181357814345005e-02
5.093885608399753573e-03 1.106030963340604197e-02 9.148041832194145906e-01 6.904162153877961561e-02
4.210187781199920508e-03 9.943431625287928177e-03 9.100267900766250140e-01 7.581959051688692830e-02
4.214357084498737173e-03 9.356998304119172605e-03 9.034541400610898165e-01 8.297450455029206640e-02
4.480568183052676193e-03 8.979647089104441163e-03 8.996676187401111413e-01 8.687216598773170317e-02
4.889403689272760027e-03 8.754433774072879412e-03 8.998840305508976067e-01 8.647213198575688653e-02
5.226254518059477751e-03 8.710360412361124738e-03 9.022652590170435749e-01 8.379812605253594837e-02
5.289663343208860641e-03 8.907182502370686317e-03 9.042194799426979124e-01 8.158367421172246781e-02
5.140395088019956635e-03 9.335556466924670865e-03 9.039647989788662796e-01 8.155924946618899052e-02
5.070291908863612182e-03 9.915665534777972495e-03 8.997288044982783006e-01 8.528523805808009561e-02
5.348767588315293114e-03 1.071791403797032853e-02 8.886854195382721811e-01 9.524789883544222679e-02
6.043356106163641842e-03 1.178037577235324131e-02 8.691898569570393196e-01 1.129864111644437868e-01
7.085528356170385511e-03 1.295261444536249633e-02 8.413845371214327962e-01 1.385773200770342717e-01
8.391679550552044037e-03 1.406647313421207149e-02 8.065739125447193292e-01 1.709679347705164443e-01
8.620242844946616328e-03 1.496403653063907262e-02 7.705193427261473049e-01 2.058963778982671744e-01
9.043295116856656102e-03 1.498801653137376254e-02 7.410116966139758121e-01 2.349569917377934691e-01
9.240176510619344669e-03 1.438371034782629822e-02 7.279613552294147416e-01 2.484147579121398774e-01
9.281435199030456384e-03 1.338744720885034524e-02 7.380392712434659108e-01 2.392918463486533032e-01
9.393206342653297528e-03 1.236896896454672823e-02 7.694141385061993299e-01 2.088236861866006877e-01
9.769555237707536893e-03 1.161397434756001115e-02 8.092632054781497830e-01 1.693532649365825093e-01
1.058461935821672535e-02 1.107962956044806005e-02 8.443650927453079102e-01 1.339706583360274206e-01
1.147258920029732392e-02 1.097722591218273057e-02 8.698580480365865064e-01 1.076921368509335258e-01
1.316660297631414532e-02 1.098294223726784674e-02 8.873299074755971461e-01 8.852054731082086014e-02
1.567951366855477660e-02 1.096193337280452693e-02 8.988308599176686453e-01 7.452769304097231484e-02
1.918332043189058950e-02 1.121997144441331390e-02 9.033168596018946728e-01 6.627984852180142383e-02
2.372240490359775814e-02 1.208626333258733601e-02 9.002375076087399952e-01 6.395382415507487595e-02
2.907540226519446033e-02 1.369641121381709979e-02 8.902626524640049333e-01 6.696553405698354999e-02
3.501339581902450371e-02 1.595052508176659709e-02 8.753162536433662932e-01 7.371982545584269964e-02
4.162395459424012012e-02 1.862827250552567468e-02 8.573909349697024229e-01 8.235683793053198698e-02
4.903415359520175293e-02 2.161680389771638774e-02 8.368173042231633607e-01 9.253173828391825229e-02
5.711464139758373748e-02 2.457256798447333621e-02 8.148513472818486036e-01 1.034614433360943886e-01
6.570803305958622387e-02 2.686694017940808102e-02 7.935049013789052808e-01 1.139201253821001680e-01
7.378318519589724400e-02 2.829671053757502538e-02 7.714349291398818753e-01 1.264851751266457824e-01
8.017484060620691522e-02 2.936560937535803023e-02 7.425021459691010239e-01 1.479574040493339682e-01
8.562466073747458661e-02 2.971143864125700210e-02 7.072831454056629497e-01 1.773807552156055622e-01
9.247627694126557552e-02 2.914861708475681781e-02 6.733100076636215903e-01 2.050650983103561309e-01
9.805458461807908810e-02 2.761676344646625536e-02 6.509441485178751874e-01 2.233845034175792055e-01
1.019564434841725431e-01 2.604163097906917954e-02 6.399127180968146034e-01 2.320892074399438509e-01
1.030830909135522500e-01 2.466205478149500682e-02 6.396813766718731920e-01 2.325734776330791731e-01
1.009457344899436781e-01 2.342156442424823959e-02 6.519139049156156274e-01 2.237187961701923578e-01
9.601254950660434440e-02 2.210658225228128923e-02 6.786934181017001411e-01 2.031874501394145272e-01
8.948438981258498293e-02 2.046948437050674641e-02 7.180547728405698438e-01 1.719913529763384408e-01
8.557316406082406124e-02 1.882539292778577511e-02 7.584403678428114359e-01 1.371610751685787000e-01
5.622891261787262840e-01 1.640232781195159750e-02 2.154352327636579745e-01 2.058733132456639636e-01
1.254047417155542687e-01 8.497404415152148838e-01 2.358041387609090267e-02 1.274402893140130430e-03
1.490558585568630690e-01 8.137577685880912348e-01 3.512300141932687275e-02 2.063371435718674290e-03
1.842162647743669779e-01 7.542839387289692610e-01 5.780572174367261395e-02 3.694074752991300271e-03
2.212866955360699439e-01 6.737325251994699116e-01 9.827163008368582087e-02 6.709149180774457225e-03
2.535383275435897366e-01 5.667781824757112119e-01 1.680462858342355870e-01 1.163720414646364151e-02
2.640246373764815746e-01 4.380859870442234683e-01 2.793519141029484620e-01 1.853746147634668939e-02
2.355134736170320375e-01 3.003901192044546864e-01 4.364353057184564566e-01 2.766110146005692702e-02
1.783128730895754133e-01 1.738853102629540348e-01 6.066466795604702478e-01 4.115513708700026946e-02
1.164893166360348592e-01 8.917791238883260307e-02 7.298367210511961245e-01 6.449604992393642711e-02
7.335730844414978247e-02 4.726278856553611102e-02 7.680244645447401597e-01 1.113554384455737734e-01
4.765545603118605950e-02 2.753740330915454768e-02 7.318374895462111951e-01 1.929696511134482984e-01
3.083486816338511238e-02 1.659237976115852248e-02 6.516774569194453415e-01 3.008952951560110445e-01
2.027480064502306875e-02 1.053478104573168928e-02 5.565905840447069597e-01 4.125998342645384453e-01
1.344828269803634464e-02 7.247924163727255051e-03 4.670137503902677678e-01 5.122900427479681884e-01
9.848849282713347322e-03 5.572593002294266157e-03 3.839527581536599787e-01 6.006257995613322187e-01
7.761091111322495836e-03 4.685977585756212656e-03 3.030410446145373471e-01 6.845118866883841413e-01
6.399920818215786705e-03 4.148480386741870696e-03 2.264646174579178772e-01 7.629869813371246146e-01
5.947222721113852063e-03 3.873501202048275794e-03 1.610162405370569871e-01 8.291630355397807683e-01
5.015303695560044926e-03 3.752541443784375430e-03 1.122308067712229768e-01 8.790013480894326436e-01
4.566726185280069183e-03 4.030372248897264725e-03 8.052545707440803002e-02 9.108774444914147228e-01
5.069121276972470350e-03 4.981159747598815947e-03 6.327900873749417454e-02 9.266707102379345695e-01
5.874513392650285160e-03 7.134271661363617706e-03 5.784279404894594051e-02 9.291484208970398617e-01
8.365510277244574133e-03 1.154178292789892306e-02 6.007722352907505364e-02 9.200154832657815307e-01
1.271600797195806404e-02 1.958996539034522921e-02 6.684213981442337082e-02 9.008518868232728849e-01
1.935416693265089305e-02 3.276621977601479330e-02 7.524447600503456068e-02 8.726351372862998224e-01
2.837917822343401578e-02 5.210781088736613637e-02 8.257837237034539035e-02 8.369346385188547455e-01
3.854590268013646792e-02 7.655762298577331593e-02 8.593002397562747585e-02 7.989664503584625876e-01
4.631467629295078076e-02 1.007102768774653101e-01 8.316443997814705613e-02 7.698106068514369849e-01
4.811389261873251499e-02 1.158326613845479802e-01 7.503936163669717996e-02 7.610140843600223803e-01
4.469558156113603853e-02 1.162682810733368793e-01 6.482221207258945239e-02 7.742139252929375326e-01
3.870384726665742486e-02 1.032063433443091705e-01 5.436629050649624539e-02 8.037235188825371246e-01
3.179524916560741432e-02 8.333055256190542714e-02 4.421549457919432546e-02 8.406587036932924306e-01
2.522717659147392585e-02 6.438116392637042995e-02 3.508264866182007891e-02 8.753090108203354092e-01
1.951824379402632148e-02 4.951168287124892847e-02 2.723779370936593724e-02 9.037322796253588475e-01
1.481532418836050378e-02 3.837191241173541767e-02 2.092213023808516675e-02 9.258906331618190766e-01
1.112987129382541664e-02 2.981268909744042364e-02 1.617062514593062619e-02 9.428868144628034242e-01
8.146986448994314109e-03 2.247736134260787041e-02 1.236120397169619342e-02 9.570144482367014538e-01
5.661791200671004338e-03 1.585800519863177910e-02 9.020961173740097913e-03 9.694592424269573572e-01
3.752503513904354316e-03 1.050877445160146827e-02 6.253665885197347979e-03 9.794850561492968177e-01
2.460789994385905767e-03 6.830218791937149418e-03 4.252888348235187022e-03 9.864561028654418307e-01
1.285783005074448001e-03 4.386990221064253175e-03 3.095573613188083977e-03 9.912316531606730763e-01
9.461553415279759949e-04 2.967538212036294806e-03 2.220557327603573348e-03 9.938657491188320758e-01
7.229649726187532084e-04 1.952769470004664778e-03 1.584219676543349763e-03 9.957400458808334243e-01
5.468524547873640333e-04 1.192807546748061911e-03 1.070034554160550220e-03 9.971903054443042036e-01
2.092092587978812377e-06 2.328291952100691716e-06 2.629686851891802712e-06 9.999929499286079881e-01
9.939020349443838130e-07 1.046930770304404483e-06 1.230186632177124427e-06 9.999967289805625770e-01
5.224268304106235623e-07 5.244403216053097051e-07 6.382890058184223156e-07 9.999983148438420510e-01
3.174326651814157002e-07 3.051748814361119559e-07 3.831231672041656511e-07 9.999989942692861788e-01
2.252648581657349798e-07 2.086235277930107284e-07 2.687381684262604713e-07 9.999992973734456170e-01
1.713602480372671668e-07 1.537000481062251532e-07 2.021584562112315569e-07 9.999994727812476780e-01
1.247501940991326244e-07 1.088196694317027374e-07 1.456211194987472259e-07 9.999996208090169425e-01
8.502616350271616401e-08 7.235652867699930106e-08 9.828285965325938918e-08 9.999997443344481596e-01
5.799834755535964900e-08 4.813605987829974309e-08 6.636360140773153132e-08 9.999998275019911231e-01
4.419940399387230624e-08 3.556632660822046520e-08 4.994439489128981022e-08 9.999998702898745817e-01
4.023415728769900406e-08 3.109877396122883386e-08 4.477069473350587514e-08 9.999998838963740644e-01
4.179639469550593197e-08 3.089212424006549832e-08 4.581426829543647135e-08 9.999998814972128613e-01
4.431527671954534213e-08 3.153766987235416137e-08 4.806515833412850239e-08 9.999998760818950005e-01
4.654655732995688124e-08 3.243398052819179745e-08 5.025836453345312735e-08 9.999998707610975313e-01
5.343274901650732432e-08 3.704018584443719714e-08 5.766985133582558292e-08 9.999998518572138506e-01
6.851934645817897172e-08 4.748473996455635088e-08 7.398894255959934734e-08 9.999998100069710238e-01
1.003299356063582248e-07 6.970216550582647746e-08 1.084363300119404894e-07 9.999997215315687971e-01
1.720593134319419264e-07 1.204503023383322034e-07 1.863277825955573117e-07 9.999995211626016012e-01
3.333216039213476618e-07 2.354112133889384392e-07 3.618578931763953184e-07 9.999990694092895094e-01
7.105117506819767947e-07 5.043247274836171672e-07 7.728444877341775081e-07 9.999980123190340686e-01
1.558922053537872984e-06 1.108924472345978789e-06 1.698950362119321418e-06 9.999956332031119111e-01
7.315248718707357623e-04 1.927444796708890104e-04 1.055267172541328371e-03 9.980204634759167748e-01
9.410386428882223106e-04 2.688488119859884008e-04 1.647012699042015027e-03 9.971430998460840689e-01
1.148577589648150854e-03 3.616577866938470933e-04 2.463081558725386481e-03 9.960266830649323611e-01
1.304441356369273218e-03 4.579346567471810625e-04 3.407895230071191460e-03 9.948297287568124148e-01
1.331377837190426483e-03 5.269109519738189020e-04 4.161368059016685994e-03 9.939803431518191568e-01
1.216151504184310572e-03 5.504281275324608789e-04 4.433272749173017280e-03 9.938001476191105077e-01
2.030918434994470309e-10 1.898199902036473731e-10 2.567553635521743810e-10 9.999999993503327911e-01
2.655796262821001341e-01 3.345534488016235763e-01 3.930303772080809832e-01 6.836547708195380053e-03
1.946329659623789177e-01 2.878973984246897544e-01 5.117585658722419995e-01 5.711069740689193180e-03
1.382454939770929869e-01 2.372978521184136158e-01 6.196650557931840941e-01 4.791598111309263233e-03
9.889933515003133946e-02 1.877928715293722128e-01 7.091460799810657134e-01 4.161713339531192268e-03
7.242907628871365910e-02 1.461262090019964099e-01 7.776617747798565405e-01 3.782939929433523120e-03
5.547072357758678351e-02 1.144053397701555869e-01 8.265333328526824896e-01 3.590603799575410159e-03
4.319868154885877359e-02 9.124654096115807078e-02 8.620097028957408591e-01 3.545074594242158140e-03
3.265053888581485875e-02 7.409270198016992826e-02 8.894886201044381879e-01 3.768139029577120477e-03
2.322476745344582982e-02 6.052720615360029921e-02 9.119046743858570947e-01 4.343352007096834382e-03
1.573206430366960035e-02 4.947227979767764017e-02 9.294956048613807198e-01 5.300051037272252193e-03
1.058754802489009043e-02 4.102604763861173592e-02 9.419629958537751868e-01 6.423408482722830701e-03
7.171220250645516346e-03 3.466326690564211499e-02 9.511801040891874059e-01 6.985408754524938431e-03
4.903517159204044511e-03 2.997784209768523597e-02 9.583429940391853252e-01 6.775646703925692661e-03
2.984738203886352047e-03 2.724142706670930336e-02 9.634474849461424073e-01 6.326349783261950299e-03
2.343876529570751346e-03 2.507259381065998077e-02 9.665266980675107922e-01 6.056831592258222867e-03
2.035453573149323576e-03 2.407846180307691292e-02 9.678804503439185636e-01 6.005634279855126198e-03
2.002972594769048247e-03 2.515846807815387901e-02 9.665877455549490849e-01 6.250813772127908514e-03
2.228427555803155942e-03 2.922992866017526045e-02 9.618068434337825323e-01 6.734800350239027872e-03
2.717775679716434578e-03 3.667805414152137261e-02 9.532301395604391159e-01 7.374030618323127242e-03
3.429217274917763930e-03 4.607237645504173168e-02 9.423989943564636818e-01 8.099411913576909372e-03
4.205006006434025036e-03 5.409024403807768250e-02 9.328834722315598738e-01 8.821277723928475090e-03
4.822878092615682545e-03 5.748550873601775829e-02 9.283432999675034214e-01 9.348313203862890566e-03
5.090902458780700510e-03 5.511539414358995748e-02 9.304695321139877517e-01 9.324171283641342206e-03
5.638730928650580697e-03 4.812655824141456873e-02 9.375235976163176499e-01 8.711113213617439205e-03
5.664931311209819853e-03 3.985287849603347254e-02 9.465662478532322899e-01 7.915942339524596402e-03
5.729726706278573042e-03 3.137728056462080195e-02 9.554467118981995188e-01 7.446280830901408007e-03
5.936919569767651166e-03 2.361418466587364082e-02 9.629031616992886899e-01 7.545734065070158585e-03
6.278135025027687180e-03 1.769015256912259693e-02 9.676292961311210306e-01 8.402416274728735646e-03
6.659887229021803010e-03 1.407771475783984108e-02 9.691643385051550430e-01 1.009805950798331811e-02
7.042337269085495281e-03 1.272840950832202639e-02 9.674642096020206194e-01 1.276504362057189618e-02
7.512932258172688033e-03 1.337748078303007716e-02 9.624888533397963908e-01 1.662073361900086310e-02
8.248828974496216077e-03 1.593585736529583297e-02 9.537602989537001807e-01 2.205501470650780491e-02
9.388778169495275855e-03 2.046044705089592949e-02 9.408767675233737915e-01 2.927400725623499622e-02
1.095686502848468649e-02 2.685717038276178026e-02 9.245470199446361725e-01 3.763894464411719071e-02
1.284965038568565768e-02 3.457014337140894983e-02 9.069502153159954005e-01 4.562999092691016889e-02
1.494941109414549621e-02 4.281797056668846385e-02 8.895719622060755949e-01 5.266065613309044852e-02
1.709146093704289396e-02 5.071435172938003333e-02 8.724112126477346907e-01 5.978297468584234386e-02
1.909588429552001171e-02 5.703819220239657317e-02 8.555834841348217701e-01 6.828243936726159646e-02
2.073261814289914171e-02 6.050053779504134532e-02 8.412865399546336498e-01 7.748030410742601237e-02
2.167691241167134936e-02 6.116386928320279026e-02 8.320720535880397062e-01 8.508716471708564766e-02
2.179447536551175346e-02 6.062882586095805215e-02 8.276489264172421922e-01 8.992777235628786336e-02
2.130311891568081525e-02 6.020743521192647302e-02 8.266514039479478937e-01 9.183804192444475212e-02
2.045665728323826926e-02 5.980761253438535846e-02 8.297233164431571106e-01 9.001241373921954614e-02
1.943667551076693964e-02 5.882562412299158910e-02 8.377713880979266170e-01 8.396631226831496875e-02
1.843422967452100839e-02 5.705061181169120144e-02 8.496551001874500519e-01 7.486005832633760293e-02
1.770035271456119053e-02 5.478770256867071531e-02 8.623795529170944496e-01 6.513239179967360293e-02
1.746947692769552918e-02 5.287144409862061523e-02 8.733142873379023952e-01 5.634479163578172412e-02
1.772721671161996485e-02 5.223890237750269255e-02 8.820509265374424368e-01 4.798295437343492315e-02
1.850839802135394868e-02 5.425424587420165506e-02 8.870379376808089633e-01 4.019941842363561335e-02
2.029381628932354353e-02 6.149474434960909563e-02 8.833118492638740715e-01 3.489959009719333094e-02
2.387196135230758992e-02 7.744714681270753465e-02 8.657572767995450613e-01 3.292361503543970308e-02
3.018507747463536339e-02 1.061453757653077756e-01 8.304836824823991215e-01 3.318586427765791991e-02
4.062649860121051587e-02 1.525851940193969913e-01 7.727268488722301987e-01 3.406145850716232881e-02
5.742634072134893131e-02 2.212996408639918422e-01 6.867150312282982449e-01 3.455898718636101624e-02
8.357251767201127890e-02 3.086597969824272925e-01 5.743850375499963690e-01 3.338264779556496947e-02
1.208397573587030732e-01 4.008007499147310249e-01 4.488732527597720789e-01 2.948623996679391318e-02
1.727448041296897607e-01 4.765644184167182051e-01 3.269271818638547211e-01 2.376359558973714647e-02
2.317542953106786763e-01 5.262890736134947511e-01 2.241988003881233427e-01 1.775783068770318829e-02
2.863845289382324633e-01 5.539756642487693172e-01 1.469347051448496588e-01 1.270510166814849996e-02
3.339454245771101282e-01 5.609657384399971969e-01 9.611814600081082516e-02 8.970690982081952133e-03
3.688508128968232547e-01 5.601574714785496623e-01 6.472838277533782270e-02 6.263332849288825825e-03
4.040757859791618278e-01 5.452861708603514712e-01 4.617412570655970994e-02 4.463917453927169696e-03
4.366273855293168471e-01 5.240202688625604788e-01 3.580488607178967247e-02 3.547459536332978232e-03
4.649507553764478107e-01 5.017680072822707782e-01 3.002865884533058652e-02 3.252578495950762556e-03
4.844477985282223953e-01 4.861826797529031907e-01 2.615932705766749883e-02 3.210194661206946382e-03
4.959529083302775532e-01 4.778398374549112093e-01 2.304347516658916684e-02 3.163779048221908915e-03
5.123189344162721870e-01 4.642352022311297399e-01 2.040234385287630417e-02 3.043519499721697354e-03
5.311208617223067696e-01 4.468481161591305595e-01 1.898699438413813806e-02 3.044027734424366305e-03
5.472197183254580155e-01 4.309742283103729088e-01 1.861690495834634682e-02 3.189148405822554103e-03
5.537575456695561504e-01 4.239004543268486969e-01 1.891458454972892722e-02 3.427415453866024253e-03
5.450727284804610662e-01 4.316505555890863266e-01 1.954617536919153395e-02 3.730540561261023839e-03
3.880803741625633574e-01 4.965008018776007753e-02 5.219468501195883015e-01 4.032269553008806934e-02
1.054319571495553748e-01 3.637631255920205642e-01 3.908699598828687671e-01 1.399349573755556131e-01
1.123170037124989612e-01 3.983529905595752374e-01 3.753132201028622217e-01 1.140167856250633022e-01
1.194656996666569049e-01 4.166995854406136957e-01 3.706353209679390526e-01 9.319939392479051343e-02
1.308928806589663429e-01 4.141314480843457657e-01 3.786497677098217829e-01 7.632590354686627498e-02
1.460107862319281191e-01 3.946537415003138483e-01 3.963347167722222619e-01 6.300075549553559029e-02
1.598425132512997782e-01 3.667538029941636579e-01 4.203831086148706597e-01 5.302057513966607072e-02
1.680875403443637117e-01 3.372203741562413426e-01 4.492306498815656357e-01 4.546143561782926140e-02
1.705621289844977129e-01 3.080628845350836809e-01 4.821496711437097682e-01 3.922531533670893522e-02
1.685124581632257423e-01 2.788936833309458851e-01 5.189175504174875497e-01 3.367630808834102402e-02
1.634590735327991484e-01 2.475860363570995537e-01 5.599732918704559692e-01 2.898159823964483253e-02
1.571346031455098380e-01 2.110896926277132379e-01 6.059882632886434140e-01 2.578744093813373911e-02
1.489178865377959182e-01 1.699497592829496695e-01 6.568090924590480606e-01 2.432326172020671251e-02
1.315015168088802811e-01 1.326106580780628541e-01 7.118415809689709883e-01 2.404624414408581753e-02
1.063696581246348222e-01 1.020409174900513138e-01 7.666298555758599420e-01 2.495956880945370687e-02
8.257700495551373310e-02 8.013285365776136315e-02 8.099957760328602152e-01 2.729436535386436935e-02
6.736569840005682264e-02 6.702063093464846744e-02 8.349065031219294886e-01 3.070716754336487095e-02
6.041662272793509036e-02 5.997099896786420997e-02 8.457264838387555939e-01 3.388589446544488376e-02
5.848737480197407912e-02 5.636002650367871736e-02 8.493400993108646269e-01 3.581249938348265299e-02
5.852122696298051041e-02 5.476060410267410972e-02 8.501804661187121193e-01 3.653770281563357980e-02
5.905339468388266788e-02 5.398155185282257212e-02 8.510253279266167814e-01 3.593972553667808961e-02
6.033872429583801711e-02 5.300245913970197398e-02 8.535621324415287869e-01 3.309668412293125667e-02
6.178149057889325418e-02 5.157973276410927205e-02 8.589076173707492767e-01 2.773115928624835663e-02
6.177727488534813516e-02 5.099907388910860512e-02 8.652359983242056130e-01 2.198765290133766412e-02
5.895224824956007276e-02 5.222698565406318910e-02 8.712276021873562870e-01 1.759316390902079807e-02
5.315084100326427502e-02 5.454039251791410053e-02 8.777887088700324636e-01 1.452005760878945055e-02
4.549234507069500194e-02 5.650835843865423952e-02 8.856909357212208178e-01 1.230836076942959378e-02
3.776404209575341675e-02 5.676786033677865689e-02 8.949893747273607314e-01 1.047872284010763731e-02
3.140837723535511855e-02 5.508221425486577866e-02 9.046144484266041008e-01 8.894960083174882279e-03
2.663769367270280713e-02 5.298802562673139704e-02 9.129582586120607024e-01 7.416022088505140261e-03
2.291998038931964202e-02 5.307152087572573895e-02 9.181031676156736765e-01 5.905331119280761258e-03
1.991977498847978534e-02 5.870083627481328253e-02 9.167185300347666654e-01 4.660858701940113168e-03
1.786217928968687058e-02 7.434562470517465382e-02 9.038057537398385133e-01 3.986442265300281507e-03
1.676313986156769895e-02 1.052972801570390832e-01 8.740906516508407664e-01 3.848928330552509568e-03
1.605963243498873677e-02 1.563667952560334473e-01 8.235124970862724991e-01 4.061075222705562253e-03
1.510759103674593623e-02 2.291021502622048456e-01 7.513773530107108467e-01 4.412905690338668994e-03
1.380566043308120022e-02 3.207096220805939479e-01 6.606355008895733461e-01 4.849216596751348800e-03
1.254992816941685220e-02 4.194478343550471777e-01 5.625732143087764925e-01 5.429023166759182686e-03
1.171408014069731315e-02 5.036659010003611270e-01 4.786663612952850588e-01 5.953657563656612056e-03
1.165865258013342766e-02 5.593781321771220671e-01 4.225639997660399771e-01 6.399215476704694580e-03
1.267377532238751076e-02 5.857491672354263601e-01 3.942473985998877217e-01 7.329658842298396142e-03
1.531125328373353356e-02 5.882784217517824654e-01 3.867019185077236187e-01 9.708406456760349315e-03
1.756381777687914675e-02 5.786768626095817325e-01 3.885227478323841077e-01 1.523657178115498355e-02
2.178699664146908216e-02 5.662338167491723917e-01 3.834242043493845120e-01 2.855498225997429168e-02
2.686445580030306576e-02 5.520642862000540996e-01 3.622996454622093854e-01 5.877161253743325153e-02
3.379441857408944233e-02 5.148160329632605059e-01 3.283683517047356060e-01 1.230211967579146054e-01
4.156262898029490505e-02 4.266440682250486338e-01 2.862572447187989311e-01 2.455360580758573497e-01
4.524424818119905656e-02 2.912960491728737167e-01 2.285959448912451286e-01 4.348637577546822230e-01
3.915008568325299004e-02 1.584053409210421093e-01 1.584486006285694693e-01 6.439959727671354939e-01
2.739442727938933009e-02 7.303395209061200322e-02 9.821611298004967461e-02 8.013555076499490060e-01
1.753422102938518093e-02 3.309133522243912218e-02 6.076138903345691678e-02 8.886130547147188530e-01
1.148164985646073916e-02 1.675209487331323979e-02 4.112404443493204720e-02 9.306422108352939704e-01
8.000269386600025387e-03 9.949877388468263834e-03 3.109947221665506842e-02 9.509503810082766684e-01
5.851809212032275768e-03 6.915863893301653527e-03 2.567067396949989505e-02 9.615616529251663769e-01
4.467264072651667105e-03 5.561005999006721039e-03 2.287757107254704755e-02 9.670941588557947499e-01
3.781208374281627271e-03 5.227387561324081840e-03 2.314617951881561136e-02 9.678452245455788638e-01
3.933766032551027844e-03 6.009448016077265087e-03 2.926718893903022117e-02 9.607895970123414564e-01
5.189232338414897019e-03 8.392269246431518365e-03 4.771315427944588378e-02 9.387053441357076089e-01
8.083886594667646919e-03 1.193270036672209461e-02 8.993541892498346790e-02 8.900479941136266726e-01
1.131853636810899524e-02 1.694460929924480885e-02 1.700940696152659637e-01 8.016427847173800414e-01
1.432356911228978465e-02 1.983209922635247036e-02 2.875899782050821418e-01 6.782543534562754939e-01
1.530242909479820855e-02 2.020836373262643176e-02 4.193436696369835515e-01 5.451455375355918065e-01
1.434770534184015046e-02 1.877927558736934219e-02 5.388121332458827295e-01 4.280608858249079218e-01
1.266943848272831206e-02 1.683357762611117914e-02 6.352395354650052228e-01 3.352574484261553467e-01
1.100180591586756053e-02 1.505479076279468871e-02 7.094949733893698429e-01 2.644484299319678766e-01
9.635077563479317597e-03 1.362448874309508430e-02 7.625675295962598410e-01 2.141729040971658837e-01
8.818296549302700321e-03 1.266187370682129998e-02 7.933716828160409795e-01 1.851481469278350722e-01
8.726855520425997811e-03 1.218640137015311077e-02 8.036194365327410383e-01 1.754673065766798046e-01
9.390278856855983902e-03 1.193097139513396056e-02 7.995113513010128070e-01 1.791673984469972503e-01
1.075481433996436018e-02 1.168234133605559714e-02 7.853346404710577211e-01 1.922282038529223303e-01
1.281798275397578839e-02 1.163315452509373557e-02 7.535231813876711593e-01 2.220256813332593115e-01
1.557102194884394351e-02 1.189834567223748731e-02 6.886528196049300776e-01 2.838778127739883250e-01
4.289946021443331696e-03 7.183951868427578815e-04 8.009446071195403666e-03 9.869822127205184481e-01
6.015609176484281069e-03 1.233052488013294378e-03 9.988814689288012458e-03 9.827625236462143032e-01
7.817413334690487617e-03 2.188143089703784364e-03 1.336296994992131927e-02 9.766314736256843654e-01
9.194680796478159682e-03 3.581656562677713353e-03 1.794191866687979905e-02 9.692817439739641605e-01
1.031585071005645948e-02 5.465332553705260291e-03 2.188015803443125323e-02 9.623386587018072369e-01
9.414706915361323314e-03 6.002422209018333336e-03 2.393039891984145850e-02 9.606524719557789638e-01
6.532828438098766538e-03 4.486702528866077198e-03 2.211309890176940338e-02 9.668673701312657798e-01
4.299217748062699601e-03 3.001564108563253841e-03 1.712254853608639882e-02 9.755766696072877275e-01
2.928591300276315451e-03 1.958662697239522965e-03 1.348172703037247254e-02 9.816310189721116908e-01
2.374068587202375277e-03 1.466365064686479336e-03 1.238997562311133435e-02 9.837695907249998095e-01
2.328244407972049086e-03 1.288518168193561074e-03 1.349427727690102365e-02 9.828889601469331661e-01
2.667814612396686002e-03 1.289199759510851985e-03 1.684581447513308974e-02 9.791971711529596778e-01
3.465444675925595693e-03 1.449094467467858206e-03 2.337339836214947023e-02 9.717120624944571849e-01
5.025906521930028834e-03 1.843510126141037530e-03 3.521141009806846855e-02 9.579191732538605564e-01
7.997799890980192283e-03 2.083984594323022750e-03 5.797500208070848621e-02 9.319432134339882268e-01
1.433261154923687157e-02 2.834644067655321328e-03 1.051295187952161064e-01 8.777032255878917111e-01
2.839050438058653147e-02 4.111032641481260179e-03 2.035494267246958089e-01 7.639490362532362910e-01
5.544012774790642306e-02 5.747525747754228184e-03 3.784114432813305839e-01 5.604009032230087284e-01
9.168313644530788620e-02 6.437526261386975271e-03 5.931641038060055937e-01 3.087152334872992343e-01
1.353671326156344334e-01 4.973547172191034038e-03 7.347170110293559375e-01 1.249423091828185117e-01
2.379134937398403038e-01 3.650958018717030684e-03 7.123087848162814595e-01 4.612676342516116440e-02
4.232573370993975570e-01 2.883889221903902962e-03 5.570508620085720120e-01 1.680791167012633466e-02
6.588693029153475100e-01 1.892629349166144188e-03 3.340517744017348356e-01 5.186293333751440353e-03
3.228262107299850834e-03 2.578463895585635379e-01 6.699034300670250186e-01 6.902191826711172318e-02
3.154166345864839720e-03 2.114531076082196426e-01 6.937648854941714793e-01 9.162784055174415243e-02
3.428180830345725627e-03 1.944501085180533051e-01 6.851863433353453381e-01 1.169353673162559643e-01
3.694936507991907013e-03 2.022216094915307849e-01 6.582287146308798409e-01 1.358547393695972993e-01
3.857778501196738700e-03 2.327956752509701410e-01 6.194323740379077403e-01 1.439141722099255283e-01
3.904147090186113091e-03 2.862699863293516334e-01 5.669390401395829615e-01 1.428868264408791888e-01
3.818558005803118511e-03 3.596721772536405348e-01 5.008184772419236319e-01 1.356907874986327811e-01
3.602128646705178572e-03 4.453903053451555016e-01 4.279083043989863056e-01 1.230992616091531044e-01
3.333278685931962988e-03 5.338401500072877948e-01 3.563569449969383185e-01 1.064696263098419554e-01
3.157578979545027417e-03 6.136775044463391726e-01 2.933825290836411526e-01 8.978238749047505463e-02
3.213070499950819621e-03 6.744003965947612533e-01 2.455177424784533713e-01 7.686879042683454621e-02
3.938140870061078436e-03 7.132210430539023260e-01 2.143338889741678022e-01 6.850692710186874479e-02
4.567852821811377480e-03 7.349122561265055698e-01 1.977962606158742143e-01 6.272363043580889141e-02
5.626117999487505704e-03 7.514321991535036771e-01 1.865203237128445490e-01 5.642135913416431586e-02
6.997638570803105772e-03 7.763398754562400583e-01 1.686061628362896525e-01 4.805632313666724498e-02
8.524657787403569151e-03 8.142788355167690506e-01 1.389595224885507019e-01 3.823698420727691949e-02
1.008804228815609293e-02 8.551850878177081894e-01 1.052751205898904419e-01 2.945174930424530185e-02
1.173629267209074477e-02 8.855404419604822053e-01 7.891111010812459914e-02 2.381215525930241786e-02
1.367232134196441282e-02 9.012603458795636069e-01 6.339766356828538396e-02 2.166966921018631531e-02
1.602608913132115218e-02 9.053554278795037380e-01 5.621896772114608198e-02 2.239951526802900703e-02
1.876668437993222679e-02 9.018639116513286202e-01 5.437903093903275614e-02 2.499037302970631008e-02
2.194527337629726543e-02 8.932445706888195724e-01 5.612893807457001311e-02 2.868121786031304146e-02
2.489198030189669272e-02 8.812539574339197657e-01 6.057169837325731415e-02 3.328236389092577990e-02
2.968535033976666543e-02 8.642401147333782507e-01 6.701962585903087355e-02 3.905490906782421029e-02
3.577774003475592268e-02 8.443532276702226946e-01 7.427461431518639356e-02 4.559441797983462830e-02
4.306126385551233698e-02 8.233056852342860443e-01 8.117037313714042801e-02 5.246267777306138497e-02
5.130434723247088991e-02 8.030287290537756473e-01 8.682436026824420783e-02 5.884256344550933132e-02
6.031645075925936433e-02 7.844215957259875749e-01 9.124020313676439731e-02 6.402175037798900348e-02
6.939073192749097008e-02 7.669815042125703863e-01 9.549541133434712170e-02 6.813235252559124433e-02
7.745559521482996146e-02 7.471801985004032920e-01 1.021887939665879069e-01 7.317541231817878411e-02
8.316458183566088902e-02 7.193692569070140319e-01 1.144714307755037852e-01 8.299473048182129387e-02
8.618111457921973084e-02 6.814315402829577151e-01 1.337157360142624540e-01 9.867160912355993352e-02
8.837799568239938786e-02 6.436752427137935051e-01 1.561201508618061118e-01 1.118266107420011063e-01
9.207687067010691950e-02 6.175575236377608412e-01 1.767371679074941360e-01 1.136284377846383670e-01
9.925484242703133675e-02 6.051329621052602414e-01 1.921842347338674761e-01 1.034279607338411122e-01
1.117783557478367745e-01 6.000122160551460970e-01 2.010348036656595949e-01 8.717462453135782496e-02
1.293179637681892979e-01 5.954152916024552100e-01 2.039212757590933567e-01 7.134546887026223250e-02
1.474608115240162998e-01 5.914865166373012295e-01 2.025664766469879585e-01 5.848619519169489384e-02
1.584237316755733871e-01 5.931923467212451007e-01 2.000703969600859111e-01 4.831352464309551786e-02
1.554423146296620151e-01 6.032286081638985609e-01 2.012361599101772092e-01 4.009291729626218714e-02
1.395795883816239036e-01 6.149658173081505863e-01 2.119556599970792987e-01 3.349893431314628772e-02
1.208312962639667004e-01 6.087903523555439067e-01 2.418427413035075801e-01 2.853561007698170171e-02
1.055366044873919384e-01 5.676715135506589238e-01 3.014448620973957937e-01 2.534701986455367012e-02
9.320415269582882356e-02 4.866647720085763296e-01 3.963535354361198415e-01 2.377753985947495333e-02
8.142287946282837641e-02 3.824617406026387112e-01 5.133696816211431591e-01 2.274569831338966661e-02
7.036534056323326403e-02 2.808502358129169596e-01 6.276048863057945848e-01 2.117953731805533035e-02
6.066858705803563484e-02 1.980187125874914855e-01 7.218144662670354927e-01 1.949823408743715444e-02
5.241982177891466727e-02 1.374847905229100997e-01 7.898940088837745899e-01 2.020137881440065009e-02
4.608830340261180214e-02 9.709740513339078227e-02 8.301708502621366614e-01 2.664344120186062578e-02
4.239990373164184700e-02 7.433179192162940596e-02 8.369718836839166176e-01 4.629642066281203228e-02
4.216794205300210263e-02 6.660500116281356520e-02 7.951307750033880239e-01 9.609628178079616945e-02
4.314926807936182024e-02 6.354904250342890970e-02 7.083446597735592043e-01 1.849570296436501837e-01
4.197970015332343902e-02 5.582890817855500065e-02 6.140383854953096465e-01 2.881530061728117542e-01
3.926399422502219183e-02 4.613335807861513455e-02 5.368395845972713243e-01 3.777630630990911897e-01
3.687673959757886699e-02 3.792829214181483305e-02 4.830830046735879457e-01 4.421119635870183195e-01
3.607547954309103799e-02 3.222657942052196967e-02 4.510691477457433596e-01 4.806287932906434524e-01
3.645972188630004079e-02 2.878420991276629121e-02 4.303318010928719461e-01 5.044242671080617635e-01
3.638753399447136605e-02 2.696985053894598514e-02 4.052847225717340907e-01 5.313578928948486935e-01
3.514793068746446814e-02 2.637052211535001120e-02 3.708839119844999366e-01 5.675976352126855806e-01
3.399460022853684898e-02 2.739621249844535755e-02 3.373399140523903328e-01 6.012692732206272872e-01
3.481582682349703556e-02 3.115449919072968421e-02 3.183026495325548821e-01 6.157270244532182524e-01
3.804587381611885394e-02 3.847416896444811468e-02 3.172126723787779268e-01 6.062672848406549519e-01
4.265283395108671050e-02 4.965056732394448197e-02 3.277849502581719476e-01 5.799116484667966587e-01
4.786536257302763386e-02 6.504201272510812259e-02 3.436610550722518642e-01 5.434315696296124765e-01
5.380020833373783812e-02 8.515373561321634699e-02 3.626346023158856235e-01 4.984114537371598375e-01
6.076582092196294166e-02 1.098493782988942125e-01 3.856095429829456966e-01 4.437752577961971423e-01
6.739003736590405691e-02 1.375118949476614449e-01 4.076840755750412715e-01 3.874139921113933238e-01
7.117283726834040813e-02 1.645219938015178296e-01 4.231940351660403166e-01 3.411111337641012375e-01
7.118224816926854714e-02 1.878910546975176565e-01 4.325301305099538696e-01 3.083965666232603708e-01
6.839631092032961990e-02 2.064313380496059225e-01 4.382164556034991998e-01 2.869558954265655215e-01
6.420196374083458890e-02 2.217145939671102683e-01 4.416995583731934683e-01 2.723838839188615357e-01
5.998045048594841805e-02 2.369892176031355990e-01 4.421949004567939379e-01 2.608354314541223018e-01
5.738689859487958178e-02 2.538059239677054602e-01 4.404765745004046162e-01 2.483306029370105639e-01
5.746635803955386229e-02 2.728189128269370989e-01 4.383240739758091919e-01 2.313906551576997983e-01
5.998597608884397026e-02 2.934611003521465644e-01 4.367738987499101277e-01 2.097790248090996568e-01
6.364597022041239283e-02 3.144424815514711979e-01 4.370924921161855048e-01 1.848190561119307795e-01
6.697078965977276699e-02 3.356313982804686735e-01 4.397467085132589215e-01 1.576511035464994437e-01
6.887198869445534943e-02 3.566080477693609474e-01 4.444842282919452270e-01 1.300357352442383652e-01
6.927094250599483138e-02 3.740613419467386791e-01 4.525818264846173666e-01 1.040858890626487898e-01
6.894102455570172427e-02 3.855370330482934538e-01 4.651775200568168955e-01 8.034442233918817622e-02
6.778383306740204395e-02 3.942117779941779476e-01 4.764568593137930019e-01 6.154752962462714527e-02
6.556863465703885452e-02 4.121894045721783417e-01 4.745532358854105959e-01 4.768872488537214543e-02
6.347645089339697122e-02 4.502238535513816697e-01 4.491752638041643930e-01 3.712443175105697990e-02
6.352265479034570339e-02 5.081487709063787772e-01 3.998127898192735952e-01 2.851578448400202484e-02
6.767819097194083255e-02 5.747521468273064649e-01 3.365107223247174595e-01 2.105893987603489614e-02
7.813382149473170613e-02 6.319520772784753548e-01 2.745437427398104702e-01 1.537035848698269092e-02
9.684218719958510857e-02 6.672655932971636172e-01 2.243442939756549459e-01 1.154792552759646880e-02
1.250341743276464634e-01 6.802159288672063875e-01 1.857811882451513297e-01 8.968708559995841947e-03
1.635269652615218006e-01 6.748749992014509980e-01 1.544745001335033896e-01 7.123535403523580285e-03
