3.253995148126110487e-02 3.489724355868789596e-01 6.059532993288405667e-01 1.253431360301935672e-02
8.337363988389083491e-02 4.005969109596488331e-01 4.163931790272144551e-01 9.963627012924575199e-02
8.208304782868673655e-02 3.493297520055242411e-01 4.828246651534995881e-01 8.576253501228896237e-02
7.650043952150643867e-02 2.926608491628875375e-01 5.614146189086889338e-01 6.942409240691758965e-02
6.630076329128638257e-02 2.311783120951910742e-01 6.492088571872149938e-01 5.331206742630797968e-02
5.257209772035598833e-02 1.717179090533339780e-01 7.350790547983903078e-01 4.063093842791997562e-02
4.004210812519307106e-02 1.234481170121421861e-01 8.038064655024683702e-01 3.270330936019661544e-02
3.121145559754420415e-02 9.025005415331641134e-02 8.498014494453687284e-01 2.873704080377057976e-02
2.646562485443052642e-02 6.994546164688598966e-02 8.759210400210035719e-01 2.766787347767999186e-02
2.503373865918593830e-02 5.856603772470526936e-02 8.875030188216392890e-01 2.889720479446938883e-02
2.566052116189017004e-02 5.188979714757416262e-02 8.904442369207238306e-01 3.200544476981209002e-02
2.699685776258946290e-02 4.587916174967622551e-02 8.904445888230572148e-01 3.667939166467743678e-02
2.755261242789032797e-02 3.795976669431844891e-02 8.921159076967348778e-01 4.237171318105663331e-02
2.602414965848677542e-02 2.864983129137575746e-02 8.969901553922203785e-01 4.833586365791701922e-02
2.217922654550385717e-02 2.028956975849581165e-02 9.024058859604938698e-01 5.512531773550628789e-02
1.740372002807025198e-02 1.443759627057551037e-02 9.026505121760849404e-01 6.550817152526924869e-02
1.330482428197580884e-02 1.089574198489839420e-02 8.939055260448149909e-01 8.189390768831082690e-02
1.002216692511817379e-02 8.624310256115453113e-03 8.753787086084725555e-01 1.059748142102940605e-01
9.095935333412623336e-03 7.838182673222294713e-03 8.432444449876981274e-01 1.398214370056668487e-01
8.534197773373679644e-03 8.242376887688881645e-03 8.015121063498625853e-01 1.817113189890747493e-01
8.536361488993745791e-03 8.916716112799219496e-03 7.616569180585636145e-01 2.208900043396434532e-01
8.815917832764882597e-03 9.899099866783802465e-03 7.344695806036320995e-01 2.468154016968196474e-01
9.264346854994921776e-03 1.100690918125470617e-02 7.227625886308052250e-01 2.569661553329450343e-01
9.671504654876752691e-03 1.200845097261141192e-02 7.274441225983793169e-01 2.508759217741326486e-01
9.795060774558342342e-03 1.253030622270853538e-02 7.468250380787674336e-01 2.308495949239657563e-01
9.633618794374050956e-03 1.240842741864122897e-02 7.724804783738666858e-01 2.054774754131178105e-01
9.283263355693030516e-03 1.181452296617545653e-02 7.953518831804931022e-01 1.835503304976384142e-01
8.751382817795539878e-03 1.099228760588811735e-02 8.113368909739191448e-01 1.689194386023973316e-01
8.022640397219091973e-03 1.007934946215071140e-02 8.189091491114672827e-01 1.629888610291627127e-01
7.154037014516272976e-03 9.113403666858395716e-03 8.154095695680302347e-01 1.683229897505950645e-01
6.383441995777157027e-03 8.258161157579465075e-03 7.954286374994125053e-01 1.899297593472307477e-01
5.904606587378209183e-03 7.596372787844932195e-03 7.583743107593480248e-01 2.281247098654289318e-01
5.742007839624229011e-03 7.020646909108329593e-03 7.156648669916905181e-01 2.715724782595771436e-01
5.857765072812831306e-03 6.489614655472275735e-03 6.823542400327680113e-01 3.052983802389468426e-01
6.119812162826128096e-03 6.017176766041284174e-03 6.651627795763995765e-01 3.227002314947328698e-01
6.350031644455589493e-03 5.649341336247134734e-03 6.597903921641568026e-01 3.282102348551404480e-01
6.419331155134935622e-03 5.432983323899741833e-03 6.580998524439520825e-01 3.300478330770133528e-01
6.342567231740469172e-03 5.354885642265361755e-03 6.529732823323872726e-01 3.353292647936070847e-01
6.265062745462349030e-03 5.357517353125760412e-03 6.369380764183685262e-01 3.514393434830433427e-01
5.801343614064933922e-03 5.433429356692857579e-03 6.053820917904852994e-01 3.833831352387568892e-01
5.907045339619504919e-03 5.741834495267157494e-03 5.603138388216335475e-01 4.280372813434797363e-01
6.007607462513579397e-03 6.130178557768103421e-03 5.093754787204159973e-01 4.784867352593020762e-01
6.003593327408381433e-03 6.445520047866669551e-03 4.611795116485192247e-01 5.263713749762061189e-01
5.880994080231715868e-03 6.577725891953658914e-03 4.246960395807131694e-01 5.628452404471012693e-01
5.688834374003582696e-03 6.521733797255675584e-03 4.070839281229547968e-01 5.807055037057858859e-01
5.469105157507061360e-03 6.340985887634033487e-03 4.144129154802849713e-01 5.737769934745736711e-01
5.334988657796141918e-03 6.184833182629002023e-03 4.537584285697562891e-01 5.347217495898186623e-01
5.446856808160589584e-03 6.218671309419761782e-03 5.262963404137682710e-01 4.620381314686511920e-01
6.378676814804729554e-03 6.592661328679485198e-03 6.150782731025321581e-01 3.719503887539836184e-01
6.827931753980407380e-03 7.172391501210978286e-03 6.953722228666951999e-01 2.906274538781134509e-01
7.805694638376212309e-03 8.078842953513628439e-03 7.524431854178996737e-01 2.316722769902105628e-01
9.294413125670770298e-03 9.139185450995948243e-03 7.894378511432195156e-01 1.921285502801137746e-01
1.132172603993293961e-02 1.024078409752461616e-02 8.127238626980534120e-01 1.657136271644888414e-01
1.416783352247948276e-02 1.129619554434119731e-02 8.243045732112093127e-01 1.502313977219699725e-01
1.721417292698592186e-02 1.303314603836554925e-02 8.256676681359524927e-01 1.440850128986962408e-01
2.094876335181355617e-02 1.528628306607861947e-02 8.179945191923349013e-01 1.457704343897730792e-01
2.630653583928182354e-02 1.864181821485776103e-02 8.015016046163839780e-01 1.535500413294761668e-01
3.195850973780203774e-02 2.194887111032916421e-02 7.801166272060591211e-01 1.659759919458097255e-01
3.874371928341401039e-02 2.578195236964772596e-02 7.522709952812459688e-01 1.832033330656923920e-01
4.631453979509831537e-02 2.983027037335696935e-02 7.197008833097866543e-01 2.041543065217579778e-01
5.380030481740100123e-02 3.335993297933783491e-02 6.852310525698648291e-01 2.276087096333964943e-01
5.966743585645898490e-02 3.577246778573200253e-02 6.469011491341105646e-01 2.576589472236983647e-01
6.284977545145516153e-02 3.704438993715129802e-02 5.968465273067634635e-01 3.032593073046301324e-01
6.375762500735490668e-02 3.668051788179272493e-02 5.377633199259463925e-01 3.617985371849060106e-01
6.371232480669065945e-02 3.413873269479864025e-02 4.843819004691106711e-01 4.177670420293998488e-01
6.312626348838959456e-02 3.199837364009272545e-02 4.482692513372179000e-01 4.566061115342999188e-01
6.252838374557172230e-02 2.997635632412576703e-02 4.331789302386278018e-01 4.743163296916745875e-01
6.229271369712412881e-02 2.769258071555571674e-02 4.379536266770022168e-01 4.720610789103176774e-01
6.086787033486677073e-02 2.658236848632016328e-02 4.604296188750442997e-01 4.521201423037684575e-01
5.923865645299419835e-02 2.637443052951494310e-02 4.987597589342381288e-01 4.156271540832527367e-01
5.764350668898061275e-02 2.581367094597390027e-02 5.518083688694391808e-01 3.647344534956062367e-01
5.719225453324287833e-02 2.606601765830583034e-02 6.117809221197229030e-01 3.049608056887280205e-01
5.080166167457516035e-01 1.389599744390653847e-02 2.369469511784129678e-01 2.411404346319284409e-01
2.518404301456519945e-01 6.704752165061196312e-01 7.726228193880085859e-02 4.220714094276881959e-04
2.917632477459284335e-01 6.133667408556304768e-01 9.434891279217080817e-02 5.210986062702757399e-04
3.512596084090001680e-01 5.215893818011420047e-01 1.262959720896354165e-01 8.550377002224264890e-04
4.144146649214676681e-01 4.087675711084913233e-01 1.752222633012881503e-01 1.595500668752646706e-03
4.543802322324820286e-01 3.019019752843272175e-01 2.409378933576216686e-01 2.779899125568851929e-03
4.570431945267529050e-01 2.098348041191266666e-01 3.282350694039201655e-01 4.886931950199914151e-03
4.081514990482130734e-01 1.402321409784594297e-01 4.429386102870654929e-01 8.677749686262194867e-03
3.184522112368298186e-01 8.839523698645007643e-02 5.771818587677253198e-01 1.597069300899493435e-02
2.132970997130314850e-01 5.369520914953911095e-02 7.018627612369320312e-01 3.114492990049761920e-02
1.265555972043405641e-01 3.373069256483290229e-02 7.753397437309413887e-01 6.437396649988481878e-02
7.505193541425377035e-02 2.255122331454232146e-02 7.704115463555758492e-01 1.319852949156280209e-01
4.367735516433908505e-02 1.503289091833391253e-02 7.075856893619800747e-01 2.337040645553468410e-01
2.553659202933721353e-02 1.014634494632248723e-02 6.197398047104230034e-01 3.445772583139170564e-01
1.598693064545691003e-02 7.315028047741051892e-03 5.317854822261932624e-01 4.449125590806092267e-01
1.051657907374971453e-02 5.749885754512326468e-03 4.475445578050446516e-01 5.361889773666933534e-01
7.730071900675531370e-03 4.895743351406697287e-03 3.612146907278895314e-01 6.261594940200282400e-01
5.979622404153157531e-03 4.379696307650790023e-03 2.757927721648723018e-01 7.138479091233242979e-01
4.750233415139319161e-03 4.098312755678297503e-03 1.998750312997795986e-01 7.912764225294027787e-01
4.337806824636691004e-03 4.126312854543050940e-03 1.407131260168646703e-01 8.508227543039557084e-01
3.773911484779789681e-03 4.531164018969816021e-03 1.011777822536296390e-01 8.905171422426206851e-01
3.832794390007486854e-03 5.651942917735530009e-03 7.944677942983732755e-02 9.110684832624192930e-01
4.727163979234568804e-03 8.064549296469341114e-03 7.173471394379066224e-02 9.154735727805054513e-01
6.841714772139116142e-03 1.278841488868495517e-02 7.366232231816834120e-02 9.067075480210078364e-01
1.066943572367660617e-02 2.122187609897774677e-02 8.104535571177691466e-02 8.870633324655688989e-01
1.666243084131202937e-02 3.481300220959403918e-02 9.059372817973344871e-02 8.579308387693601601e-01
2.557730982595366603e-02 5.399159124366439272e-02 9.945754952258090142e-02 8.209735494078008733e-01
3.488279788840632778e-02 7.893562348332175405e-02 1.042640834718960852e-01 7.819174951563755416e-01
4.152776951130748850e-02 1.054807302406417374e-01 1.014338038881895665e-01 7.515576963598612492e-01
4.348310870848730997e-02 1.234335123464411904e-01 9.217385706528587186e-02 7.409095218797858706e-01
4.055024888143385353e-02 1.270404176755480508e-01 8.037522871730969076e-02 7.520341047257083078e-01
3.507821754783242013e-02 1.161784493720060540e-01 6.891251493559236163e-02 7.798308181445692266e-01
2.878805267210607366e-02 9.658349440197179503e-02 5.837368736289153676e-02 8.162547655630305599e-01
2.281887363495550824e-02 7.620880122511590471e-02 4.902176596717745111e-02 8.519505591727510874e-01
1.751937184297371747e-02 5.914671145393118196e-02 4.070478281353994560e-02 8.826291338895551064e-01
1.305811875847811589e-02 4.576696313937476945e-02 3.346433872069171783e-02 9.077105793814554957e-01
9.581743622956646542e-03 3.532693337397101174e-02 2.735405693811805705e-02 9.277372660649546576e-01
6.879228688044631938e-03 2.659722190387195720e-02 2.173809893644605001e-02 9.447854504716373114e-01
4.734690867546745979e-03 1.901494405482895278e-02 1.627979497133979700e-02 9.599705701062845042e-01
3.145163530389608400e-03 1.302394290605287351e-02 1.152084412478190066e-02 9.723100494387757475e-01
2.097177388873580454e-03 8.916262507091265999e-03 7.991624367600464948e-03 9.809949357364345923e-01
9.992417795439889269e-04 5.867215555952355610e-03 6.013366751210907739e-03 9.871201759132927078e-01
7.295270323336279592e-04 4.272928095864427130e-03 4.400515842772058546e-03 9.905970290290297964e-01
5.479452357995364580e-04 3.022107108547360341e-03 3.233207440068982218e-03 9.931967402155842395e-01
4.051530293548667380e-04 1.969341437464465147e-03 2.276495394776042926e-03 9.953490101384042665e-01
2.971457198886185672e-04 1.224569160256697240e-03 1.562955311337099968e-03 9.969153298085173809e-01
2.389735099041388696e-06 2.835461713536508684e-06 3.152980353544027150e-06 9.999916218228339648e-01
1.188932550525521348e-06 1.349260953648250265e-06 1.545325077845561932e-06 9.999959164814179458e-01
6.592498188407076811e-07 7.165884264509496416e-07 8.440317634865117012e-07 9.999977801299911873e-01
4.182454893148328004e-07 4.373730364839916150e-07 5.274179058473984067e-07 9.999986169635683986e-01
2.830881773267798917e-07 2.866472837197985202e-07 3.519786349027952178e-07 9.999990782859040639e-01
1.832458092147799414e-07 1.808747928021839786e-07 2.250950554652767655e-07 9.999994107843426239e-01
1.102446841642271392e-07 1.066900418934889731e-07 1.340937226266362518e-07 9.999996489715512471e-01
6.513729708027277135e-08 6.193523766349801153e-08 7.853375776190776291e-08 9.999997943937074529e-01
4.196036494078092274e-08 3.905047591216690709e-08 5.008663437282934004e-08 9.999998689025246801e-01
3.188752935920713109e-08 2.880474670354247956e-08 3.759001675499567689e-08 9.999999017177071403e-01
2.807470024599372557e-08 2.448012810315160542e-08 3.265654989881427926e-08 9.999999147886217132e-01
2.632807522369098220e-08 2.227457809177914700e-08 3.031030587775610218e-08 9.999999210870408328e-01
2.583734781499415742e-08 2.159575303824954717e-08 2.963786739600136046e-08 9.999999229290316149e-01
2.852852492915191868e-08 2.398553802238368487e-08 3.279461885452700591e-08 9.999999146913182146e-01
3.463046207332915245e-08 2.932560190930173318e-08 3.989692733017382308e-08 9.999998961470085712e-01
4.832240096999647798e-08 4.101276952146161362e-08 5.566756079639161801e-08 9.999998549972687334e-01
8.435617453960693188e-08 7.161553580115590065e-08 9.703011299573576047e-08 9.999997469981767306e-01
1.795919381840726186e-07 1.518806244288890393e-07 2.059464365822595569e-07 9.999994625810008086e-01
4.431743956193706861e-07 3.702219971380291874e-07 5.056833128977250197e-07 9.999986809202944249e-01
1.167069874765652987e-06 9.579067555844131487e-07 1.325165630762621750e-06 9.999965498577387812e-01
3.005212887445660342e-06 2.430472100671456437e-06 3.405872973271950068e-06 9.999911584420386745e-01
7.248616432542589246e-04 5.380690494570442147e-04 2.124610262252836067e-03 9.966124590450354814e-01
9.733242536390813299e-04 7.238200288042387440e-04 3.433077385050507628e-03 9.948697783325062272e-01
1.213289283101632188e-03 8.958415191048990167e-04 5.104774643508084783e-03 9.927860945542853477e-01
1.351692905446920607e-03 9.913018777845936970e-04 6.598724452972938928e-03 9.910582807637955405e-01
1.336733966628203367e-03 9.918456405632015364e-04 7.287522701447309362e-03 9.903838976913611480e-01
2.183961747076584859e-10 2.178400947143571934e-10 2.786782296638682693e-10 9.999999992850854280e-01
4.215090960517668406e-01 2.228104975106866836e-01 3.424212616327821368e-01 1.325914480476442919e-02
3.722661630314781367e-01 1.814585740788543511e-01 4.331914883128256122e-01 1.308377457684174044e-02
3.152405302591151925e-01 1.499775393310197047e-01 5.215486047661787028e-01 1.323332564368622129e-02
2.621504010737208401e-01 1.235156476897709688e-01 6.004179211118446657e-01 1.391603012466323744e-02
2.177964207452720846e-01 1.017148948281547532e-01 6.653745976527081218e-01 1.511408677386505243e-02
1.841054821259177632e-01 8.473272358007945260e-02 7.144903485133946575e-01 1.667144578060809207e-02
1.567909635320119954e-01 7.357217839879066912e-02 7.508490838553314450e-01 1.878777421386593205e-02
1.310925937219338255e-01 6.608975487069471133e-02 7.804801361641141577e-01 2.233751524325728460e-02
1.035714615177996539e-01 6.140602097122286468e-02 8.068458266109030941e-01 2.817669090007436997e-02
7.714034619765199052e-02 5.745677411631222586e-02 8.288215434954950833e-01 3.658133619054041580e-02
5.638905415562912166e-02 5.411542734845249669e-02 8.431855531869050235e-01 4.630996530901392016e-02
4.158023294938247016e-02 5.122349967616438016e-02 8.539255853514620132e-01 5.327068202299112265e-02
3.109160909411925328e-02 4.892466043279707771e-02 8.640239268329580336e-01 5.595980364012562852e-02
2.411302584952242090e-02 4.799953244601206509e-02 8.707747294659348158e-01 5.711271223853047613e-02
1.992530713052740460e-02 4.893824173724392601e-02 8.726005553968230188e-01 5.853589573540539381e-02
1.794776856535952939e-02 5.268974675633237431e-02 8.688746482925238102e-01 6.048783638578432431e-02
1.793149442328753965e-02 6.114595705676861837e-02 8.584619830417047348e-01 6.246056547823885391e-02
1.978730950134147126e-02 7.649433116311768477e-02 8.407113480595941324e-01 6.300701127594642015e-02
2.341706608652045427e-02 1.000797657087146991e-01 8.150330788510160573e-01 6.147008935374880662e-02
2.850742347834697016e-02 1.289302595849406152e-01 7.839807221330340470e-01 5.858159480367821498e-02
3.464668626911723837e-02 1.547512016009085500e-01 7.552050744513197911e-01 5.539703767865453155e-02
4.142279465551634149e-02 1.680966993378087693e-01 7.382312865376219335e-01 5.224921946905289327e-02
4.781426415641665262e-02 1.637170792351909654e-01 7.401204644639357566e-01 4.834819214445645191e-02
5.219479026112428671e-02 1.430074809012051307e-01 7.616027958142836951e-01 4.319493302338676260e-02
5.325017874323795947e-02 1.117551042330581362e-01 7.972068444855273661e-01 3.778787253817649655e-02
5.037678022811749312e-02 7.719967745783014312e-02 8.391679542039655049e-01 3.325558811008681726e-02
4.384376581419911767e-02 4.772653736620913190e-02 8.780187472246966385e-01 3.041094959489514318e-02
3.556386401091875260e-02 2.831795650953000676e-02 9.062048770252457697e-01 2.991330245430559934e-02
2.792163546374071617e-02 1.775289835679718514e-02 9.226174597891683149e-01 3.170800639029364848e-02
2.220260262174571578e-02 1.333407447412373638e-02 9.289080187409379796e-01 3.555530416319260811e-02
1.830428796076544185e-02 1.111144916142363208e-02 9.295626879314939917e-01 4.102157494631693269e-02
1.607571238361172467e-02 1.081031656026118504e-02 9.246272196057796489e-01 4.848675145034742062e-02
1.590321647624478793e-02 1.169856584131733455e-02 9.147251167737593391e-01 5.767310090867833194e-02
1.582035939526048318e-02 1.360557731580948858e-02 9.037756634918064913e-01 6.679839979712354214e-02
1.613714274867375856e-02 1.599044080629421702e-02 8.938918376993254533e-01 7.398057874570634906e-02
1.674217063561300040e-02 1.858275086580930130e-02 8.851389592974823195e-01 7.953611920109535105e-02
1.759515453388656864e-02 2.120292953326811947e-02 8.752010070142866027e-01 8.600090891855872999e-02
1.866343376385903169e-02 2.367148577507317136e-02 8.620512310788018828e-01 9.561384938226571983e-02
1.978648408757414587e-02 2.562338536186269111e-02 8.468866895343386547e-01 1.077034410162245603e-01
2.063511160524429677e-02 2.672664216275798255e-02 8.331147390641606698e-01 1.195235071678373007e-01
2.106797205300047285e-02 2.717926378996710080e-02 8.221540379043482671e-01 1.295987262526842321e-01
2.121235228759486835e-02 2.737845295478000610e-02 8.142344716523191028e-01 1.371747231053056792e-01
2.111480753261351512e-02 2.732891780739079082e-02 8.113793395096228211e-01 1.401769351503723560e-01
2.074577805381634318e-02 2.689867474973087896e-02 8.155728535313455652e-01 1.367826936651071745e-01
2.016663679417496705e-02 2.615730888124456061e-02 8.263015114928212723e-01 1.273745428317590855e-01
1.962161588980467636e-02 2.540802222249299164e-02 8.401983065308958887e-01 1.147720553568062213e-01
1.943105719018808908e-02 2.511575951498639866e-02 8.536912713450564016e-01 1.017619119497693014e-01
1.969196172290146526e-02 2.568308513871398260e-02 8.659808461299565163e-01 8.864410700842789703e-02
2.066810335485423644e-02 2.794509975416219552e-02 8.748369777382830614e-01 7.654981915270073212e-02
2.325522052935759948e-02 3.394635758774650763e-02 8.739036629229015585e-01 6.889475895999427890e-02
2.865686354198865998e-02 4.698592813659834000e-02 8.573114488319746318e-01 6.704575948943809760e-02
3.805058618616897342e-02 7.179268898687131417e-02 8.213392902103867632e-01 6.881743461657278960e-02
5.275130814128904666e-02 1.151413318128615970e-01 7.612734050163891819e-01 7.083395502945986910e-02
7.343110888180905127e-02 1.849001100180231449e-01 6.710583167914510039e-01 7.061046430871703583e-02
1.023019182352425255e-01 2.799331114871694282e-01 5.522589431952440453e-01 6.550602708234390392e-02
1.371465458748828137e-01 3.875603616896813319e-01 4.207452312450533638e-01 5.454786119038269182e-02
1.729278197598017597e-01 4.887249153000230995e-01 2.975316082877920709e-01 4.081565665238313240e-02
1.996518988474839940e-01 5.730298043059655067e-01 1.991670591766628584e-01 2.815123766988800527e-02
2.165935002994667791e-01 6.342488151355630821e-01 1.305785628051042702e-01 1.857912175986575765e-02
2.278848541433271813e-01 6.734117076067492880e-01 8.666870586601008175e-02 1.203473238391348198e-02
2.360289100301994070e-01 6.960091883669731194e-01 6.017207872880811492e-02 7.789822874019708236e-03
2.422393912348914657e-01 7.083942789862828215e-01 4.417493065704075628e-02 5.191399121784882713e-03
2.463944854223678871e-01 7.145999368259148277e-01 3.512297351963741820e-02 3.882604232079868347e-03
2.499430641750665094e-01 7.166923686734556487e-01 3.000623432059947721e-02 3.358332830878368609e-03
2.491580644701981706e-01 7.213329870484141981e-01 2.640129272368682209e-02 3.107655757701159593e-03
2.444916566219342557e-01 7.296075009123078603e-01 2.309143081554975926e-02 2.809411650208109949e-03
2.417003404831400692e-01 7.354171215189740929e-01 2.039339310075431733e-02 2.489144897131390002e-03
2.419802105762166033e-01 7.369144940080946116e-01 1.882299288454538505e-02 2.282302531143888362e-03
2.408908265198664023e-01 7.387735903505626700e-01 1.814860370264274186e-02 2.186979426927953846e-03
2.327207654010405302e-01 7.472659350293703318e-01 1.786607506127267653e-02 2.147224508316325758e-03
2.143127769875122768e-01 7.660125648348894423e-01 1.753902538028993471e-02 2.135632797308350574e-03
4.605180034296776914e-01 8.903334982933344688e-02 3.067035091432252503e-01 1.437451375977637502e-01
2.504700317133215504e-01 3.415728496384076163e-01 1.469038857357208017e-01 2.610532329125500595e-01
2.784708611044955373e-01 3.657253827555637105e-01 1.415008718830715329e-01 2.143028842568692749e-01
3.088893494287834884e-01 3.736745550819726702e-01 1.420867554769629781e-01 1.753493400122809742e-01
3.467954724073280537e-01 3.624591706874767949e-01 1.489587868796685421e-01 1.417865700255266370e-01
3.903960098934414202e-01 3.361783178606236322e-01 1.600359523089318337e-01 1.133897199370030862e-01
4.285190086322242520e-01 3.073219041428214560e-01 1.730702518789239419e-01 9.108883534603033627e-02
4.510367255457254920e-01 2.852203713111546857e-01 1.894744564339457538e-01 7.426844670917431834e-02
4.654215417860925741e-01 2.644031984067679586e-01 2.089221487281418543e-01 6.125311107899749502e-02
4.752983194877272166e-01 2.416904087764132347e-01 2.324091125388111079e-01 5.060215919704802445e-02
4.820398164572110566e-01 2.111120409307646328e-01 2.647980194164456513e-01 4.205012319557854816e-02
4.797818483332245698e-01 1.708051486173261246e-01 3.134258196521760853e-01 3.598718339727345616e-02
4.576006977618834459e-01 1.280759363527740613e-01 3.816822464822364758e-01 3.264111940310627374e-02
4.096361229006327265e-01 9.038885783445346767e-02 4.677845040095809370e-01 3.219051525533281333e-02
3.350512881313957858e-01 6.480809075777307915e-02 5.653252659900230848e-01 3.481535512080793232e-02
2.559455889579135279e-01 4.840715720202622835e-02 6.559705430097148016e-01 3.967671083034569196e-02
1.962222733606795444e-01 3.830492745809469662e-02 7.206981451333547284e-01 4.477465404787091957e-02
1.596063057161566379e-01 3.184296587107470627e-02 7.607715008655622224e-01 4.777922754720641957e-02
1.384442291512881784e-01 2.758861098688045535e-02 7.861308446742599765e-01 4.783631518757131690e-02
1.259638221607259356e-01 2.498627468725806225e-02 8.031357786615834771e-01 4.591412449043267424e-02
1.200671090737874258e-01 2.329961768234331890e-02 8.139167849543262889e-01 4.271648828954294208e-02
1.221926442318858885e-01 2.177739283388831909e-02 8.180914443649504042e-01 3.793851856927556859e-02
1.334825380747693691e-01 2.029804437122700173e-02 8.145707558261502390e-01 3.164866172785349430e-02
1.530367661743670671e-01 1.975676523451306774e-02 8.013240155182801416e-01 2.588245307283999763e-02
1.754411967986442833e-01 2.094775729937475850e-02 7.816540911086977683e-01 2.195695479328324540e-02
1.913519813963009408e-01 2.376971892651737195e-02 7.654572253373711499e-01 1.942107433981092937e-02
1.929851715598693285e-01 2.754792661529974901e-02 7.619522860061879177e-01 1.751461581864303604e-02
1.813901058652434839e-01 3.105925422846832901e-02 7.719617961676690232e-01 1.558884373861904940e-02
1.635727814125251811e-01 3.336520772425302650e-02 7.895209226765596000e-01 1.354108818666214381e-02
1.450192352162637255e-01 3.448661732840471728e-02 8.092200719308175749e-01 1.127407552451403436e-02
1.285405660471379552e-01 3.562310776467891155e-02 8.270817924961978429e-01 8.754533691985260865e-03
1.164206394070348427e-01 3.929019915106616440e-02 8.376560329868307786e-01 6.633128455068171801e-03
1.104483287935447977e-01 5.237240286482883894e-02 8.316682485947185510e-01 5.511019746907660534e-03
1.127620709926347720e-01 7.780407824715704357e-02 8.041334521579848182e-01 5.300398602222849281e-03
1.178169407083302228e-01 1.253585544106468053e-01 7.510924575592049512e-01 5.732047321818209765e-03
1.174537903036027425e-01 2.014756278536204426e-01 6.747086900075851545e-01 6.361891835191990814e-03
1.097414179940875978e-01 3.028134825519535056e-01 5.805747308592592582e-01 6.870368594699849223e-03
9.753387656305954889e-02 4.132813824788290624e-01 4.819246137797799645e-01 7.260127178331346985e-03
8.541346598698577874e-02 5.084409116372764492e-01 3.987307123045683022e-01 7.414910071169584366e-03
7.945868492527208282e-02 5.716907336973776621e-01 3.413990239765903878e-01 7.451557400760030342e-03
8.072128273768196249e-02 6.018242868255826439e-01 3.094261097858303500e-01 8.028320650904944775e-03
8.742551155001604402e-02 6.078628976082607327e-01 2.947450301079727608e-01 9.966560733750462475e-03
9.654740127116651083e-02 6.029459497167912740e-01 2.857879289803817446e-01 1.471872003166043406e-02
1.048701104638494336e-01 5.998935821712148009e-01 2.700376910790192597e-01 2.519861628591604785e-02
1.108777640822125599e-01 6.003394466391202000e-01 2.418519598807101489e-01 4.693082939795712588e-02
1.157422637073229621e-01 5.855638200960836537e-01 2.083405518207363805e-01 9.035336437585746172e-02
1.190255118240251819e-01 5.236621584779288519e-01 1.833742759699293901e-01 1.739380537281164651e-01
1.139748079116072454e-01 4.089340829597519211e-01 1.596130432882217065e-01 3.174780658404190992e-01
9.075115037702657927e-02 2.688271326681760387e-01 1.290698062774818800e-01 5.113519106773153355e-01
5.833397691251094447e-02 1.514306633316031825e-01 9.438341650940618166e-02 6.958519432464798093e-01
3.354157433089217932e-02 8.139731795800569936e-02 6.691194421976089102e-02 8.181491634913417021e-01
1.977184641571887169e-02 4.752148355159878379e-02 5.055931500606025697e-02 8.821473550266221153e-01
1.274920175238933306e-02 3.223202471652882733e-02 4.203352266600205583e-02 9.129852508650798670e-01
8.967611142847411315e-03 2.567548663715661303e-02 3.747699621500978628e-02 9.278799060049861547e-01
6.817770308721217767e-03 2.369013492523435599e-02 3.515238283139529574e-02 9.343397119346494861e-01
5.844249379738105689e-03 2.498050370716679500e-02 3.641923172407266623e-02 9.327560151890225137e-01
6.130992412709894944e-03 3.022518817196543500e-02 4.586977160638806145e-02 9.177740478089365661e-01
7.981078809871687899e-03 4.017372819445910737e-02 7.251587175623744330e-02 8.793293212394317493e-01
1.209238929387680510e-02 5.105736777350285832e-02 1.307033040291741832e-01 8.061469389034459088e-01
1.628753443460649597e-02 5.619979176146483457e-02 2.326932588089646592e-01 6.948194149949641352e-01
1.839118878358699666e-02 5.133426180095414237e-02 3.695700362673664530e-01 5.607045131480926647e-01
1.852233564365097715e-02 4.066149613347168346e-02 5.064715053265544942e-01 4.343446628963227862e-01
1.671385763616684006e-02 2.972478324463043858e-02 6.192214196833610851e-01 3.343399394358417265e-01
1.455099184019733281e-02 2.113506875906387764e-02 7.055905317109404384e-01 2.587234076897984014e-01
1.265551378204657178e-02 1.510440354071671161e-02 7.715376468224939277e-01 2.007024358547426779e-01
1.137474713423324707e-02 1.045269928287489471e-02 8.202277471508715445e-01 1.579448064320203293e-01
1.022638547928650908e-02 7.820356829217329012e-03 8.509913554334512797e-01 1.309619022580446601e-01
9.977630851328822895e-03 6.130110248562456454e-03 8.658937152432057971e-01 1.179985436569029322e-01
1.038292437054345700e-02 5.005043117258066790e-03 8.706397084395266495e-01 1.139723240726716880e-01
1.121735918931382470e-02 4.236164999306436807e-03 8.686143331288268543e-01 1.159321426825529883e-01
1.265042673492801015e-02 3.906023566425529097e-03 8.529981804413643287e-01 1.304453692572822010e-01
1.531371513611735208e-02 4.198099597379315560e-03 8.078802680226260247e-01 1.726079172438773068e-01
4.552253526310820475e-03 1.848878249237941897e-03 1.522767451534183698e-02 9.783711937091092992e-01
6.519983862153998395e-03 3.505546458332689519e-03 1.896273781373561049e-02 9.710117318657776053e-01
9.677385250108600651e-03 7.856014103512026781e-03 2.413839017201802398e-02 9.583282104743615637e-01
1.225220304094993412e-02 1.447870828939871492e-02 3.187585381856396921e-02 9.413932348510875014e-01
1.378570581857763329e-02 2.191064691691534810e-02 3.975972492512800521e-02 9.245439223393789874e-01
1.304192759054811218e-02 2.529816824378428031e-02 4.344134145595145158e-02 9.182185627097159131e-01
9.968203486342662456e-03 2.162913153428136157e-02 3.947675111593091507e-02 9.289259138634453628e-01
6.466691772909056307e-03 1.438137732894027333e-02 3.087489976881866577e-02 9.482770311293325927e-01
4.249862021939443402e-03 8.718115864270641405e-03 2.414696636575457134e-02 9.628850557480351791e-01
3.295666316749066693e-03 5.691468859555370331e-03 2.159719504514870034e-02 9.694156697785468735e-01
3.078248381073133127e-03 4.231149201209810987e-03 2.260009689042194805e-02 9.700905055272950328e-01
3.062268787861103982e-03 3.036887343831833931e-03 2.701061861814079562e-02 9.668902252501662131e-01
3.932368278451331758e-03 2.986440684377652133e-03 3.504652782159347474e-02 9.580346632155778419e-01
5.615470924981823785e-03 3.372961984146041411e-03 4.858884748739328296e-02 9.424227196034787868e-01
8.461050194810526559e-03 3.853251387425623078e-03 7.254540235294261452e-02 9.151402960648210572e-01
1.479981188522050579e-02 4.823264812373750585e-03 1.177636548081000267e-01 8.626132684943059736e-01
2.893749244054861364e-02 6.529262096603549899e-03 2.049785260712866930e-01 7.595547193915611617e-01
5.713125659175413013e-02 8.980081007216717676e-03 3.537351842436108340e-01 5.801534781574182453e-01
9.654413031146935609e-02 1.099194770628417715e-02 5.452758013201645104e-01 3.471881206620818228e-01
1.360603873363874228e-01 9.928240908822449223e-03 6.993624673647551582e-01 1.546489043900346749e-01
2.253813689877001980e-01 7.370246666959330215e-03 7.069811027941531600e-01 6.026728155118740715e-02
3.931975942709562410e-01 6.422717222464888187e-03 5.776312915406911497e-01 2.274839696588751292e-02
6.111097733746384542e-01 4.774408664904360687e-03 3.766564851920125023e-01 7.459332768444626449e-03
9.088099220098169381e-03 5.282668437796828736e-02 8.358988374805768062e-01 1.021863789213564022e-01
8.549698011605006559e-03 5.203893081098888429e-02 7.939276641028005788e-01 1.454837070746054783e-01
9.041300426718877625e-03 5.361939731327405867e-02 7.501748218511881117e-01 1.871644804088189451e-01
9.523013976698722211e-03 5.915422059688370260e-02 7.200930343046741955e-01 2.112297311217433693e-01
1.040741033684426664e-02 6.724826347169643448e-02 7.089079749826180388e-01 2.134363512088414128e-01
1.202825044956695386e-02 7.933715991455679573e-02 7.075565063409978706e-01 2.010780832948783348e-01
1.381016529225750043e-02 1.001900411585858047e-01 7.025471849711087957e-01 1.834526085780482652e-01
1.529468421651299093e-02 1.287757358902658078e-01 6.915188962482275992e-01 1.644106836449938103e-01
1.673416731968410329e-02 1.720329134450585551e-01 6.653872862087618634e-01 1.458456330264958634e-01
1.781582644451956340e-02 2.310583543684238683e-01 6.208048923328809421e-01 1.303209268541755117e-01
1.886490274989745600e-02 2.983080430411941264e-01 5.632322047367469553e-01 1.195948494721614658e-01
2.030297513663077355e-02 3.640864504579863214e-01 5.025671885074252110e-01 1.130433858979573852e-01
2.216043591579190328e-02 4.260892594169907732e-01 4.444362823834627219e-01 1.073140222837544594e-01
2.416967284537459293e-02 4.905385926509736039e-01 3.872988122131318933e-01 9.799292229051985437e-02
2.586063139307927250e-02 5.682389061611136105e-01 3.227033001033584036e-01 8.319716234244893538e-02
2.680262945660323234e-02 6.573950599194665623e-01 2.509666535845957447e-01 6.483565703933427682e-02
2.634358319205325552e-02 7.465943496122304790e-01 1.798047817030150042e-01 4.725728549270107742e-02
2.474012964351859911e-02 8.168529418569354661e-01 1.240190934283234708e-01 3.438783507122273458e-02
2.421001116992710714e-02 8.599411697050696191e-01 8.869164104793528236e-02 2.715717807706804349e-02
2.442861324929926706e-02 8.833794891360561286e-01 6.817660544780870802e-02 2.401529216683559106e-02
2.547213231191247998e-02 8.949955487870263626e-01 5.645155572196775690e-02 2.308076317909351499e-02
2.612333221624519100e-02 9.010204177888667676e-01 4.978787665879470109e-02 2.306837333609344440e-02
2.894062993947641230e-02 9.005318393641512653e-01 4.654423466432417583e-02 2.398329603204817778e-02
3.364772879224052493e-02 8.947594609771418739e-01 4.587001118888415357e-02 2.572279904173350659e-02
4.081250081035489585e-02 8.838275868773107780e-01 4.725865101360076509e-02 2.810126129873371029e-02
5.066582818349792822e-02 8.681553531182438777e-01 5.032319788403303434e-02 3.085562081422511121e-02
6.333817258600728251e-02 8.485344427724590410e-01 5.460966272643422853e-02 3.351772191509905935e-02
7.910163213796568560e-02 8.255686274423730264e-01 5.951725635472463610e-02 3.581248406493649228e-02
9.759914934730150315e-02 7.997271161933233730e-01 6.456164364639201125e-02 3.811209081298364693e-02
1.178364025582245289e-01 7.696460811356869991e-01 7.049014170218680098e-02 4.202737460390214286e-02
1.373323026458977414e-01 7.330662089708858131e-01 7.903750873535837773e-02 5.056397964785820653e-02
1.528003209349407532e-01 6.904158084392194583e-01 9.130575626250184151e-02 6.547811436333804413e-02
1.646682672389885582e-01 6.490664327518147481e-01 1.050722753055844533e-01 8.119302470361242086e-02
1.769320192540454473e-01 6.168379846782005016e-01 1.171263893264570671e-01 8.910360674129699787e-02
1.937149863582094400e-01 5.954103119424000168e-01 1.249257057781320845e-01 8.594899592125825050e-02
2.175378503775602934e-01 5.799377415288508031e-01 1.270038895958953418e-01 7.552051849769372827e-02
2.454869294118678658e-01 5.672357655424833389e-01 1.237539350236168539e-01 6.352337002203166383e-02
2.688766688762239676e-01 5.614473670018910179e-01 1.169770559284274841e-01 5.269890819345743327e-02
2.785456578000059524e-01 5.684457996502346733e-01 1.094580735887683842e-01 4.355046896099115661e-02
2.702465981532261585e-01 5.891212160191595659e-01 1.045846034202201902e-01 3.604758240739425884e-02
2.486301904392764217e-01 6.153186770885009649e-01 1.058517821752098381e-01 3.019935029701281692e-02
2.265648914829301308e-01 6.295668557674963806e-01 1.177268209163399859e-01 2.614143183323348538e-02
2.139480737310915648e-01 6.146818805728810897e-01 1.471358173672960568e-01 2.423422832873107016e-02
2.098183622416642247e-01 5.642208608752230514e-01 2.012712146396407609e-01 2.468956224347144263e-02
2.073804278124876388e-01 4.857005777490786547e-01 2.802363387714162934e-01 2.668265566701744779e-02
2.002262098427307069e-01 3.966859633019524378e-01 3.743606175334109887e-01 2.872720932190560642e-02
1.881196458806648764e-01 3.090311579564582467e-01 4.718425509522345407e-01 3.100664521064276993e-02
1.691776096617170488e-01 2.308562653782653129e-01 5.621359968500693194e-01 3.783012810994826336e-02
1.458717359206797570e-01 1.691062258589208223e-01 6.267906263547993184e-01 5.823141186560024801e-02
1.237842604622462206e-01 1.275718047843605041e-01 6.348392943489726825e-01 1.138046404044206900e-01
1.026735865950872129e-01 1.014471803516995979e-01 5.560330719068332650e-01 2.398461611463797438e-01
7.934477733097951291e-02 7.454658196765460987e-02 4.242445338252140430e-01 4.218641068761519453e-01
5.773555113104084785e-02 4.983420217793643747e-02 3.043541572179384591e-01 5.880760894730847621e-01
4.218608088074555368e-02 3.273108104764189258e-02 2.210201254648940794e-01 7.040627126067183772e-01
3.269188445215110567e-02 2.260999792243547843e-02 1.690408160500966872e-01 7.756573015753169820e-01
2.777469878121579389e-02 1.718367855406309486e-02 1.381922186305977462e-01 8.168494040341230944e-01
2.548920558418936444e-02 1.454410401339000652e-02 1.190961590659970759e-01 8.408705313364238654e-01
2.398739854320590739e-02 1.342210224720196722e-02 1.042802629524215291e-01 8.583102362571705113e-01
2.282479222990370024e-02 1.333824710740339620e-02 9.198909730650614569e-02 8.718478633561869140e-01
2.336784127128536601e-02 1.484243291881980585e-02 8.598521372554021602e-02 8.758045120843548359e-01
2.758618993670816297e-02 1.927856852699121742e-02 9.019900010027939730e-02 8.629362414360211009e-01
3.661883612005339267e-02 2.808713412826608496e-02 1.047868744098455346e-01 8.305071553418352792e-01
5.038226160381063801e-02 4.235118249211655694e-02 1.266605435100913446e-01 7.806060123939810858e-01
6.878943189057222518e-02 6.217386141955390938e-02 1.527034786091654162e-01 7.163332280807082064e-01
9.195561354894929429e-02 8.944539598491797749e-02 1.808738538526750150e-01 6.377251366134579769e-01
1.208184154802368349e-01 1.230219122165849971e-01 2.109286383336089199e-01 5.452310339695692898e-01
1.510257431559460239e-01 1.601666540661972060e-01 2.390678923053332905e-01 4.497397104725234795e-01
1.735618743025231503e-01 1.945860368176198230e-01 2.609796279781562700e-01 3.708724609017004514e-01
1.817347403311079246e-01 2.261416544369257153e-01 2.744863007330471394e-01 3.176373044989193595e-01
1.768941645835655496e-01 2.588705741224289203e-01 2.774650013513837443e-01 2.867702599426217303e-01
1.626083226214406485e-01 2.904120483494305183e-01 2.767823372628961942e-01 2.701972917662325835e-01
1.440281367683106661e-01 3.206797408727936616e-01 2.747103919426462371e-01 2.605817304162495462e-01
1.261766132241647631e-01 3.484224677315456709e-01 2.731806401020035469e-01 2.522202789422857139e-01
1.126786544199318563e-01 3.727676444373685949e-01 2.746096422115181790e-01 2.399440589311812311e-01
1.039849689905308211e-01 3.930356915747634794e-01 2.813059823278081240e-01 2.216733571068977560e-01
9.980856370392812704e-02 4.076920604558461614e-01 2.942667298328552339e-01 1.982326460073705887e-01
9.674954147128442261e-02 4.213166669584570978e-01 3.103969280217522275e-01 1.715368635485063908e-01
9.481348981847351198e-02 4.340904613164932591e-01 3.268053613382775890e-01 1.442906875267554179e-01
9.367676509546825347e-02 4.427622930029470605e-01 3.442250258981578437e-01 1.193359160034268424e-01
9.331820136005512800e-02 4.447576047335554672e-01 3.648171579974328060e-01 9.710703590895661264e-02
9.277101039822320538e-02 4.433020482608884261e-01 3.844409501049414479e-01 7.948599123594687899e-02
9.085236147922541583e-02 4.498658856722161925e-01 3.935943538755078408e-01 6.568739897305091169e-02
8.831654333119151601e-02 4.733864358223642821e-01 3.845511613635115289e-01 5.374585948293261056e-02
8.757226723235048138e-02 5.132077173902285239e-01 3.567005515868641452e-01 4.251946379055693281e-02
9.159609846727762017e-02 5.607637622336452132e-01 3.159078239854260506e-01 3.173231531365106745e-02
1.027594773773749665e-01 6.038815449018641868e-01 2.703763425551354849e-01 2.298263516562550068e-02
1.206446722339078736e-01 6.370454652252152128e-01 2.254334069449848432e-01 1.687645559589196625e-02
1.422969698639800495e-01 6.629137575473753596e-01 1.820268371102620741e-01 1.276243547838265199e-02
1.648700868143662956e-01 6.838251768169696376e-01 1.412827616659760588e-01 1.002197470268814498e-02
