8.176254602479725297e-02 6.716553154213767973e-01 2.181794409356840880e-01 2.840269761814212188e-02
9.763916971807015677e-02 2.165653650072226766e-01 5.259189772010731678e-01 1.598764880736335825e-01
8.934587161538318223e-02 1.830294898177685925e-01 5.971930073305825593e-01 1.304316312362657215e-01
7.587762777384136903e-02 1.496745247665124956e-01 6.756037023346617154e-01 9.884414512498426730e-02
5.859984671434172177e-02 1.167165680689115220e-01 7.543815708053570601e-01 7.030201441138941854e-02
4.221144380248767480e-02 8.719822536967816728e-02 8.209479151672889330e-01 4.964241566054520410e-02
2.921303550084574166e-02 6.522902880218572896e-02 8.682922591353643416e-01 3.726567656160401087e-02
2.117704869971253831e-02 5.046328912812406142e-02 8.976464223019472444e-01 3.071323987021617671e-02
1.717130041422764222e-02 4.118904317835198059e-02 9.138419529989150192e-01 2.779770340850541699e-02
1.602691234768904502e-02 3.552150433080090292e-02 9.210874367181569600e-01 2.736414660335317536e-02
1.670846294272130758e-02 3.156963157278361298e-02 9.230718434535817307e-01 2.865006203091299483e-02
1.832414333975473930e-02 2.761338321275740373e-02 9.229209747976981904e-01 3.114149864978960763e-02
1.985005795526141939e-02 2.268840660027571232e-02 9.231042467184995548e-01 3.435728872596376798e-02
2.008780698636336223e-02 1.718813630885234270e-02 9.248258037423570110e-01 3.789825296242738117e-02
1.796037576375723865e-02 1.264733378791978342e-02 9.270638853182968653e-01 4.232840513002639193e-02
1.494916028517143981e-02 8.897474336999949482e-03 9.262661853498144193e-01 4.988718002801408036e-02
1.211559893227614169e-02 6.775358277418064637e-03 9.185343707328441631e-01 6.257467205746167216e-02
1.026452532392695127e-02 5.745392552179444737e-03 9.027975380525555815e-01 8.119254407133799645e-02
9.578181217280224910e-03 5.509274412398361756e-03 8.778332040127836411e-01 1.070793403575377029e-01
9.957310000256515761e-03 5.956208484680303866e-03 8.444159112961593383e-01 1.396705702189038889e-01
1.034938742849633372e-02 7.001179827537198225e-03 8.106113921268482958e-01 1.720380406171180543e-01
1.132184996758800119e-02 8.131427953655810670e-03 7.838551178794589402e-01 1.966916041992971542e-01
1.255459450741671680e-02 9.401852033489794744e-03 7.665722259757817847e-01 2.114713274833117662e-01
1.364217542105986523e-02 1.066891282028551921e-02 7.608975564028448435e-01 2.147913553558098154e-01
1.413946614375949547e-02 1.157728316867620913e-02 7.675225092247641712e-01 2.067607414628000184e-01
1.444637487692406255e-02 1.141602693648574064e-02 7.809887814277803875e-01 1.931488167588099603e-01
1.364725995809690229e-02 1.116570869529503497e-02 7.946889424121070800e-01 1.804980889345011441e-01
1.271754253864373907e-02 1.064481016409405192e-02 8.047006322849183935e-01 1.719370150123436802e-01
1.172138662207965719e-02 1.000115351177383385e-02 8.090269895097512709e-01 1.692504703563953994e-01
1.082935177254278417e-02 9.342708890902575586e-03 8.042183601288809269e-01 1.756095792076735052e-01
9.371088647128980251e-03 9.074289361288066444e-03 7.853771850135881083e-01 1.961774369779946403e-01
8.838820901980553452e-03 8.536612515579963117e-03 7.526649178624977843e-01 2.299596487199419836e-01
8.841418170384114997e-03 7.936856091970626373e-03 7.192824761025512492e-01 2.639392496350941864e-01
9.356571733726606541e-03 7.256244839069516360e-03 6.997996766096418186e-01 2.835875068175621183e-01
1.016625548735404505e-02 6.604402869221057647e-03 6.985380722254888042e-01 2.846912694179360992e-01
1.081673904911197893e-02 6.147511812283159606e-03 7.088755579135126439e-01 2.741601912250922757e-01
1.092221399265944082e-02 5.995050332164107015e-03 7.213193723164161852e-01 2.617633633587603259e-01
1.056601423980579012e-02 6.073829618705025787e-03 7.299330129775581932e-01 2.534271431639310013e-01
1.015886019777053652e-02 6.200015891670518364e-03 7.308195919159614640e-01 2.528215319945976147e-01
1.006952417015901866e-02 6.395023101014982517e-03 7.205012405580890622e-01 2.630342121707364145e-01
1.031802639680956535e-02 6.749049083870616202e-03 6.993159409017690731e-01 2.836169836175507775e-01
1.069054253792917596e-02 7.201537389789458565e-03 6.706283707843263553e-01 3.114795492879547933e-01
1.098996180021801460e-02 7.611476535341250328e-03 6.395941665017290667e-01 3.418043951627115495e-01
1.110474090286201095e-02 7.820368440388964296e-03 6.140732808369986362e-01 3.670016098197502741e-01
1.100462248700698198e-02 7.732163672514944137e-03 6.025139514358802684e-01 3.787492624045978862e-01
1.064018590943901187e-02 7.328412665186265738e-03 6.113774215772849185e-01 3.706539798480895098e-01
1.008938404287369577e-02 6.734259281991819036e-03 6.434722850929652793e-01 3.397040715821693646e-01
9.631532336358297058e-03 6.189748344426001733e-03 6.934119352583285600e-01 2.907667840608871845e-01
9.535443619827988632e-03 5.911878202888917223e-03 7.463765109594562297e-01 2.381761672178269174e-01
9.982824875490707225e-03 5.976484491846477398e-03 7.895676469845764878e-01 1.944730436480867630e-01
1.111054391541586341e-02 6.304517423942964001e-03 8.194207692262781562e-01 1.631641694343626825e-01
1.321939587139683327e-02 6.599792400743818496e-03 8.401432282102584415e-01 1.400375835176008443e-01
1.526989172184643057e-02 6.761586418587937734e-03 8.563953087646248852e-01 1.215732130949408463e-01
1.822796981862697882e-02 7.052345974132546991e-03 8.665278069089825674e-01 1.081918772982578547e-01
2.191875431482222247e-02 7.608472920509985749e-03 8.705163844133998463e-01 9.995638835126781363e-02
2.606608388705142915e-02 8.420302132576388404e-03 8.694228488307168545e-01 9.609076514965517180e-02
3.067109096687610156e-02 9.388574814683426847e-03 8.647557069470844793e-01 9.518462727135605650e-02
3.610159078928623644e-02 1.041131863202208151e-02 8.572709014108640391e-01 9.621618916782773145e-02
4.278354446049566218e-02 1.147812019076677875e-02 8.459559355914050283e-01 9.978239975733256550e-02
5.076750298097690295e-02 1.237932041500331565e-02 8.313036257607741009e-01 1.055495508432459928e-01
5.953849505706355905e-02 1.272591112546364936e-02 8.155339080469327095e-01 1.122016857705398357e-01
6.715310669010608746e-02 1.251509822967975319e-02 7.995879440789916970e-01 1.207438510012225213e-01
7.183013731460273499e-02 1.222498227905527944e-02 7.804174098573054552e-01 1.355274705490364939e-01
7.425118166849628554e-02 1.167641778311609077e-02 7.593343993298059535e-01 1.547380012185818887e-01
7.590159996243957263e-02 1.062083176406857128e-02 7.425398617359867393e-01 1.709377065375049520e-01
7.858556236627389779e-02 9.416518453909174594e-03 7.311844150720449020e-01 1.808135041077718330e-01
7.975594998942764358e-02 8.568401064821477842e-03 7.241539285162520434e-01 1.875217204294987172e-01
7.967237562080957403e-02 8.329204816034338835e-03 7.173231513456785891e-01 1.946752682174776594e-01
7.785110622604556052e-02 8.670655745969587519e-03 7.126542700629098226e-01 2.008239679650750675e-01
7.489721691760077571e-02 9.431111661945733304e-03 7.153711092723017417e-01 2.003005621481515897e-01
7.240265451440908162e-02 1.049674806625255745e-02 7.275334346617452486e-01 1.895671627575930551e-01
7.163407616871839134e-02 1.184876701682900831e-02 7.454552134083871628e-01 1.710619434060653143e-01
5.436418691232265399e-01 4.654956164011215397e-02 1.694583924701714706e-01 2.403501767664901756e-01
2.174248862245549974e-01 7.549718203628051905e-01 2.713096464601920388e-02 4.723287666207001299e-04
2.632220907564257195e-01 7.013856102783385671e-01 3.473087419237499279e-02 6.614247728604909660e-04
3.378055741034887705e-01 6.123662232450228782e-01 4.879106371098852757e-02 1.037138940499926151e-03
4.291679631244362803e-01 4.989762663037698998e-01 7.008818378914317970e-02 1.767586782650456406e-03
5.204689861099062176e-01 3.794112703481203330e-01 9.720987449801696267e-02 2.909869043956256427e-03
5.867981547965310796e-01 2.770869450041889004e-01 1.312307980262552298e-01 4.884102173024597662e-03
6.144356187945059222e-01 1.986370207084214856e-01 1.782154912861702856e-01 8.711869210902044650e-03
5.902351821045286329e-01 1.445492600822718410e-01 2.481164735586962045e-01 1.709908425450338762e-02
5.089340531599008122e-01 1.083910835259729727e-01 3.459000793015822861e-01 3.677478401254403312e-02
3.781160989722807120e-01 8.338600776639359946e-02 4.566050486839258182e-01 8.189284457739993972e-02
2.368377988530438738e-01 6.380853632472649473e-02 5.312067327089798896e-01 1.681469321132499362e-01
1.337412853961759407e-01 4.672232147488524640e-02 5.250818932245429060e-01 2.944544999043959832e-01
7.360691371694161322e-02 3.376960059163337108e-02 4.606557815778099529e-01 4.319677041136149587e-01
4.260430592297124314e-02 2.538955842533100610e-02 3.826776337580340415e-01 5.493285018936633346e-01
2.708283780373840072e-02 2.071549115729460697e-02 3.088767530448355281e-01 6.433249179941316065e-01
1.872311675592880711e-02 1.818986043214488452e-02 2.406164770360795235e-01 7.224705457758469063e-01
1.359060515250053516e-02 1.678258034271862612e-02 1.791568296142079519e-01 7.904699848905729631e-01
1.009691950925455106e-02 1.620448426238420975e-02 1.272639001336959008e-01 8.464346960946651510e-01
7.814722513495988426e-03 1.662207231523671683e-02 8.775499309209928989e-02 8.878082120791682685e-01
6.655575937348295716e-03 1.858798046111873742e-02 6.124817026209342097e-02 9.135082733394397358e-01
6.643903002568548287e-03 2.320766312134694975e-02 4.615383105292339416e-02 9.239946028231610375e-01
8.024571745199569894e-03 3.247969565245181073e-02 3.974026735856511783e-02 9.197554652437838207e-01
1.127559774056173005e-02 4.948218719341816729e-02 3.904565323394237897e-02 9.001965618320773022e-01
1.690366526467112704e-02 7.763815452571047604e-02 4.137856755508663442e-02 8.640796126545318145e-01
2.525704398612399829e-02 1.192728106379869341e-01 4.473119609006271508e-02 8.107389492858264601e-01
3.619631119256545154e-02 1.741863384463419318e-01 4.754364625249739296e-02 7.420737041085950780e-01
4.786818527534060508e-02 2.357293617528743446e-01 4.839079954569081021e-02 6.680116534260946981e-01
5.604254241918536772e-02 2.885350824262146729e-01 4.664643828015918592e-02 6.087759368744410926e-01
5.742574151007404093e-02 3.159713889258308206e-01 4.324932953052983142e-02 5.833535400335653209e-01
5.366809553742916961e-02 3.121359084971464526e-01 4.001794360679893081e-02 5.941780523586258633e-01
4.769491621645413626e-02 2.815753759877081541e-01 3.772137798019174759e-02 6.330083298156460314e-01
4.094031001501563516e-02 2.352157592119472063e-01 3.601321863709407850e-02 6.878307121359429344e-01
3.440963705077710461e-02 1.882776384656806301e-01 3.436393768961393258e-02 7.429487867939282841e-01
2.857017884221034476e-02 1.500126010533862353e-01 3.242041405341563459e-02 7.889968060509878756e-01
2.360422132570866999e-02 1.207872053597719569e-01 3.038908458388600922e-02 8.252194887306332216e-01
1.946506341937384588e-02 9.740910106284395020e-02 2.840071065860540894e-02 8.547251248591768436e-01
1.563406105756523154e-02 7.622054209763058641e-02 2.568286288591295485e-02 8.824625339588910711e-01
1.183684811054182100e-02 5.616338243487450921e-02 2.160705243955683350e-02 9.103927170150267756e-01
8.421376711113591138e-03 3.912508487828035564e-02 1.675639566222161467e-02 9.356971427483842252e-01
5.772054402068989634e-03 2.655486196473409374e-02 1.221365572064867476e-02 9.554594279125486755e-01
3.968347708590977234e-03 1.808897034572644336e-02 8.697245098863796639e-03 9.692454368468191861e-01
2.805638646826674309e-03 1.236925372153575842e-02 6.250686082827952052e-03 9.785744215488094699e-01
1.995861934489790053e-03 8.115286267257184466e-03 4.479822811182435950e-03 9.854090289870709451e-01
9.532778497621619907e-04 4.693485467213923644e-03 3.262125365478775550e-03 9.910911113175450149e-01
6.515928146397345676e-04 2.610791258702344596e-03 2.188926051332406534e-03 9.945486898753252980e-01
4.489022243598648804e-04 1.474183115559224520e-03 1.492155620600325470e-03 9.965847590394806277e-01
2.465687298465030237e-06 3.278717415572725364e-06 3.185350310830531883e-06 9.999910702449750222e-01
1.251230923269060255e-06 1.580222359666870130e-06 1.611375484083743762e-06 9.999955571712328961e-01
7.292112369310483849e-07 8.779197114515307380e-07 9.301289115095430969e-07 9.999974627401400085e-01
4.520870305194950407e-07 5.226958905183613025e-07 5.691580373658651038e-07 9.999984560590415850e-01
2.673170961290265584e-07 2.994399049939404448e-07 3.321053758117019643e-07 9.999991011376231365e-01
1.466819981566154743e-07 1.605687414050460204e-07 1.802093736096265783e-07 9.999995125398868367e-01
7.981340399156172325e-08 8.574641976007134710e-08 9.714230168733939438e-08 9.999997372978746135e-01
4.849860384760994764e-08 5.092033922230668309e-08 5.842738115721594903e-08 9.999998421536758775e-01
3.568306434082304566e-08 3.617489585756829767e-08 4.240445087832674980e-08 9.999998857375890227e-01
3.067091577433392904e-08 2.970278669230673179e-08 3.585894094983390599e-08 9.999999037673565905e-01
2.775984865198258383e-08 2.575766399014597292e-08 3.200668111959271837e-08 9.999999144758061620e-01
2.610179042857534842e-08 2.372752491039964707e-08 2.993543443843517469e-08 9.999999202352501948e-01
2.823572617097237372e-08 2.575884428900594338e-08 3.244511965254695490e-08 9.999999135603098166e-01
3.537866903358052762e-08 3.245111886621771587e-08 4.063692838880733198e-08 9.999998915332837246e-01
5.314940022201915104e-08 4.872694271796976106e-08 6.068535195899616419e-08 9.999998374383051170e-01
9.992591355699363901e-08 9.153667029255492465e-08 1.131703672506400615e-07 9.999996953670490241e-01
2.234143326233833518e-07 2.041517232676058868e-07 2.511135359854554836e-07 9.999993213204081410e-01
5.687286484904053986e-07 5.150897118956620609e-07 6.355416799842290851e-07 9.999982806399595470e-01
1.539121072726351086e-06 1.377422324409017197e-06 1.718304478040409896e-06 9.999953651521248377e-01
4.094931122936159013e-06 3.641025238093504203e-06 4.602345230792293367e-06 9.999876616984081368e-01
1.008157531973762761e-03 7.600421290558924360e-04 2.341628311939243211e-03 9.958901720270308955e-01
1.395557668113752651e-03 1.102736879366351865e-03 3.960416402730666981e-03 9.935412890497892224e-01
1.820005059776118707e-03 1.473451150798337330e-03 6.245343822419755983e-03 9.904611999670055456e-01
2.130297349957419126e-03 1.764020156717006817e-03 8.669250946407349931e-03 9.874364315469180697e-01
2.190941283846947318e-03 1.909652582054311397e-03 1.031413024522658331e-02 9.855852758888723475e-01
1.623851206597310757e-10 1.846187596160570743e-10 2.261600743484331876e-10 9.999999994268360393e-01
4.076753960750006955e-01 2.348001137295602503e-01 3.474912398632393207e-01 1.003325033219957738e-02
3.475469456740489238e-01 1.924809968908876845e-01 4.502529430574881975e-01 9.719114377574909758e-03
2.832462065961591779e-01 1.537725305337587500e-01 5.533655629616717198e-01 9.615699908410626356e-03
2.265626084384409766e-01 1.190240910229170834e-01 6.444664273402175292e-01 9.946873198424757700e-03
1.834640546625959101e-01 9.081818525928410379e-02 7.148761073296991952e-01 1.084165274842086371e-02
1.527882706465381324e-01 7.156939580531526679e-02 7.633120869372665984e-01 1.233024661088004230e-02
1.311450358236911917e-01 5.864872980474997860e-02 7.955941165548330307e-01 1.461211781672563069e-02
1.109128742866993117e-01 5.169020883091265256e-02 8.189069791928639264e-01 1.848993768952405387e-02
8.813247065012863590e-02 4.700621179295862151e-02 8.403480433321327547e-01 2.451327422477982132e-02
6.505265122487068064e-02 4.416193616503540781e-02 8.575371922214792830e-01 3.324822038861433016e-02
4.647110743741322825e-02 4.162364811297668277e-02 8.684015036426243617e-01 4.350374080698524160e-02
3.296717903587466358e-02 3.875171840218886998e-02 8.775579317569071058e-01 5.072317080502927733e-02
2.337047350739978116e-02 3.575545169411264296e-02 8.882648550564523626e-01 5.260921974203521673e-02
1.710506394867421232e-02 3.370354953542255283e-02 8.973800761452511709e-01 5.181131037065225819e-02
1.339377329862257750e-02 3.304203414957566226e-02 9.029116524792064613e-01 5.065254007259540475e-02
1.150902800961690724e-02 3.436663600408643160e-02 9.040879925044349452e-01 5.003634348186171421e-02
1.106647655559715379e-02 3.910080917488543278e-02 8.996351380050912061e-01 5.019757626442610671e-02
1.179527982712916083e-02 4.890054148742176143e-02 8.891745397054355848e-01 5.012963898001343566e-02
1.340337843541087801e-02 6.509298452554147796e-02 8.727455507642424282e-01 4.875808627480525403e-02
1.550054933336141548e-02 8.638143388184163496e-02 8.522578716418439670e-01 4.586014514295309180e-02
1.762292914869531546e-02 1.072768809059394951e-01 8.333318858091165460e-01 4.176830413624869898e-02
1.930224240777839856e-02 1.205082238898365493e-01 8.233576284685955038e-01 3.683190523378972181e-02
2.002072901264758883e-02 1.216099723153135082e-01 8.272757176051142025e-01 3.109358106692465540e-02
1.949587034399243371e-02 1.112497631680746529e-01 8.442937325185063679e-01 2.496063396942667378e-02
1.806999638032600469e-02 9.343071986470899426e-02 8.689035186807740896e-01 1.959576507419099126e-02
1.639770725564673737e-02 7.190164859278688758e-02 8.959948316640130583e-01 1.570581248755323345e-02
1.488951617880397531e-02 5.115145165965836321e-02 9.205155544350811514e-01 1.344347772645641988e-02
1.364914011617913113e-02 3.534842637494726991e-02 9.382445008965165645e-01 1.275793261235711080e-02
1.260586560933042027e-02 2.548864924436417337e-02 9.485273418709935234e-01 1.337814327531215187e-02
1.185399219692600051e-02 2.077445805978890905e-02 9.521284047780859128e-01 1.524314496519891572e-02
1.161988274558932097e-02 2.011651702038645337e-02 9.496997637548466598e-01 1.856383647917755897e-02
1.204508451588790635e-02 2.288209275957486105e-02 9.413559638889673620e-01 2.371685883556991226e-02
1.305055354652919462e-02 2.871670589655409347e-02 9.275231279873367152e-01 3.070961256958004010e-02
1.439792056390115649e-02 3.699989005249273294e-02 9.099072700886978726e-01 3.869491929490819632e-02
1.580730770352832895e-02 4.644755484508750198e-02 8.915413983478384097e-01 4.620373910354579061e-02
1.718319146209432852e-02 5.584142342777343587e-02 8.739995692728941279e-01 5.297581583723807996e-02
1.851793004242814622e-02 6.448936206205654886e-02 8.565435415482178794e-01 6.044916634729737698e-02
1.980009898364085488e-02 7.168369679884717405e-02 8.382308906506996671e-01 7.028531356681175235e-02
2.087330565318712763e-02 7.647848270769513901e-02 8.204936733949470540e-01 8.215453824417080775e-02
2.139524293803507504e-02 7.905080881613379962e-02 8.057487291035557719e-01 9.380521914227521463e-02
2.123213674509412743e-02 8.104956806239191347e-02 7.939330663281822797e-01 1.037852288643314885e-01
2.062122662621095406e-02 8.369869204748402181e-02 7.842321515983189384e-01 1.114479297279861308e-01
1.979163109777799454e-02 8.655722065952119182e-02 7.784262849759798764e-01 1.152248632667208228e-01
1.884792486403238931e-02 8.851723130914407323e-02 7.789784738502643080e-01 1.136563699765593544e-01
1.789413385000220708e-02 8.881679546109270962e-02 7.864619724019527025e-01 1.068270982869525404e-01
1.715761206299932021e-02 8.738672244325640381e-02 7.986142541497098790e-01 9.684141134403419227e-02
1.690867714545951986e-02 8.525157237585528902e-02 8.116508236373985996e-01 8.618892684128678927e-02
1.721219471190941000e-02 8.415946434309702628e-02 8.232303529033661027e-01 7.539798804162752000e-02
1.827277437889506320e-02 8.672441224503613100e-02 8.293970839761251046e-01 6.560572939994395447e-02
2.087155631879563170e-02 9.702162125728673592e-02 8.222060778464311825e-01 5.990074457748633535e-02
2.609212208085219878e-02 1.197337697269565959e-01 7.946352897186544917e-01 5.953881847353628687e-02
3.496789724112049635e-02 1.589964697606063293e-01 7.435702714619751852e-01 6.246536153629798221e-02
4.865380433148962930e-02 2.176587026280964454e-01 6.683641769147303791e-01 6.532331612568380297e-02
6.887570007485468992e-02 2.944320287797423386e-01 5.707850713357335293e-01 6.590719980966956715e-02
9.707845668625877944e-02 3.785249740157932696e-01 4.622028497151041693e-01 6.219371958284391350e-02
1.375037209627690826e-01 4.532308897473223963e-01 3.556899982466442123e-01 5.357539104326446144e-02
1.913223503667657588e-01 5.056667121464073489e-01 2.609787223491885633e-01 4.203221513763830824e-02
2.530012245078913091e-01 5.328874186039738170e-01 1.837154356610968264e-01 3.039592122703782193e-02
3.158186274419839124e-01 5.376443857827533090e-01 1.257192091040166271e-01 2.081777767124578377e-02
3.732149250007405494e-01 5.274276107605686548e-01 8.559396305646058134e-02 1.376350118223038446e-02
4.172095859413082475e-01 5.150007593929742944e-01 5.893435360194628631e-02 8.855301063771246414e-03
4.506609705712409930e-01 5.013025998508238157e-01 4.227815645225056068e-02 5.758273125684561233e-03
4.765751588846991460e-01 4.866149816091142055e-01 3.270872248609883737e-02 4.101137020087530088e-03
4.999629068328308446e-01 4.689398351658441433e-01 2.775838555830866666e-02 3.338872443016445684e-03
5.217345366144909846e-01 4.502811779897638589e-01 2.507040888947216495e-02 2.913876506273170228e-03
5.454858133991000724e-01 4.288472522255529773e-01 2.316015396228214215e-02 2.506780413064785620e-03
5.749577594956915005e-01 4.010106554100184018e-01 2.189826293945439442e-02 2.133322154835613511e-03
6.042258956777926127e-01 3.722092922601178966e-01 2.166004450151821567e-02 1.904767560571154735e-03
6.234045936099111840e-01 3.524261204675029902e-01 2.235505744554129245e-02 1.814228477044564853e-03
6.245504939985420112e-01 3.499907714532671243e-01 2.364422418147840363e-02 1.814510366712734479e-03
6.029190544425728771e-01 3.701677208829094456e-01 2.503190905328983237e-02 1.881315621228040521e-03
3.795089259108991309e-01 6.638084800774887717e-02 4.176115220357432545e-01 1.364987040456088763e-01
2.144005676292005669e-01 4.255583157415201434e-01 1.567224803987825876e-01 2.033186362304967021e-01
2.388063548089231769e-01 4.512817592658258103e-01 1.499892773502637389e-01 1.599226085749872461e-01
2.692569374524909631e-01 4.569301419761397365e-01 1.489377785015839895e-01 1.248751420697852138e-01
3.101352502905465047e-01 4.372914296305227544e-01 1.555578258504298483e-01 9.701549422850101745e-02
3.586061002395026232e-01 3.968308110683947953e-01 1.688480409885283751e-01 7.571504770357419256e-02
4.007245650479691057e-01 3.525383054016672513e-01 1.864978744485071838e-01 6.023925510185675070e-02
4.277111179669514929e-01 3.147227701974572578e-01 2.086913293221668297e-01 4.887478251342479429e-02
4.431140090700220191e-01 2.834897043981649545e-01 2.337116922906256333e-01 3.968459424118726125e-02
4.546061435325853828e-01 2.525939498690196738e-01 2.610575385176154839e-01 3.174236808077923050e-02
4.662100121557716803e-01 2.166082356598313108e-01 2.919126338583825087e-01 2.526911832601417066e-02
4.754948353650251813e-01 1.743700856705151236e-01 3.292847911996338306e-01 2.085028776482593729e-02
4.719882777639904381e-01 1.334541322952734754e-01 3.760048679939193006e-01 1.855272194681695588e-02
4.434443916514978490e-01 1.027928808581987929e-01 4.355756694176607935e-01 1.818705807264265825e-02
3.854720881144160782e-01 8.581918203317569216e-02 5.089363775997483019e-01 1.977235225265954952e-02
3.167280647939904603e-01 7.469500687308726350e-02 5.857357190392045165e-01 2.284120929371785680e-02
2.607630231082528338e-01 6.599977444006799310e-02 6.472910815794631345e-01 2.594612087221631960e-02
2.258396420309161379e-01 5.740356606628748554e-02 6.892619951988301352e-01 2.749479670396646341e-02
2.063547105489886013e-01 4.917813748798209594e-02 7.172230045313787716e-01 2.724414743165051375e-02
1.949861249070027891e-01 4.265417296406356917e-02 7.361460830331236771e-01 2.621361909580981545e-02
1.906157072359917493e-01 3.754427209882478522e-02 7.470135930630470433e-01 2.482642760213662689e-02
1.978331889681756994e-01 3.276594550363950281e-02 7.468613935267806037e-01 2.253947200140405185e-02
2.193848391783392027e-01 2.837449483342870810e-02 7.329859462618857346e-01 1.925471972634606316e-02
2.522248198535070318e-01 2.586317742806149358e-02 7.056352301913043634e-01 1.627677252712724301e-02
2.858471602539635614e-01 2.624554786301430340e-02 6.734137096933012767e-01 1.449358218972067458e-02
3.064444643477431396e-01 2.936644109287417023e-02 6.505139709758479549e-01 1.367512358353465025e-02
3.054036466477358935e-01 3.450562435645041642e-02 6.467663961219366486e-01 1.332433287387720620e-02
2.876415738442130721e-01 3.998918842201462653e-02 6.595223156317000512e-01 1.284692210207246527e-02
2.653602383649569796e-01 4.374472234279738747e-02 6.788830819490311308e-01 1.201195734321464613e-02
2.472137513594891700e-01 4.500068646386304327e-02 6.971344533160097612e-01 1.065110886063800472e-02
2.362614815648806099e-01 4.555952864163811955e-02 7.094569877643133182e-01 8.722002029167945369e-03
2.318677295543605521e-01 4.991772075632377320e-02 7.112903338069168635e-01 6.924215882398642059e-03
2.322860059859510884e-01 6.423533873089289081e-02 6.975783472168636257e-01 5.900308066292164408e-03
2.329859384639197950e-01 9.555983378335429490e-02 6.658004665325807370e-01 5.653761220145290221e-03
2.274898595167195725e-01 1.553110775413963640e-01 6.113709299846717959e-01 5.828132957212342133e-03
2.050311593083662398e-01 2.521253908428255919e-01 5.367316491243391274e-01 6.111800724469185729e-03
1.702734832626169870e-01 3.814819458626365067e-01 4.418953073626420425e-01 6.349263512104341527e-03
1.356319362666565942e-01 5.148198775994093923e-01 3.429449619225887202e-01 6.603224211345515293e-03
1.100856133857412572e-01 6.163978243374427235e-01 2.667855411373862284e-01 6.731021139429617384e-03
9.968764850187492033e-02 6.701776873377771615e-01 2.232302851516585751e-01 6.904379008689482712e-03
1.022744307307168199e-01 6.839774012581283369e-01 2.060110141306701337e-01 7.737153880484496163e-03
1.127904536886822073e-01 6.730781225880578811e-01 2.041265600615586318e-01 1.000486366170137177e-02
1.255307105299230397e-01 6.520013255183386702e-01 2.071560997781722591e-01 1.531186417356616286e-02
1.354678392107761531e-01 6.329396098177497709e-01 2.046622903608264488e-01 2.693026061064738436e-02
1.413463085356156668e-01 6.162806341502894414e-01 1.916718371623609141e-01 5.070122015173396390e-02
1.443428209129287432e-01 5.854457873053268147e-01 1.731805375728507901e-01 9.703085420889318025e-02
1.460854590548287257e-01 5.125095846137104338e-01 1.571271039627160360e-01 1.842778523687447212e-01
1.380781504774242496e-01 3.889994497818344832e-01 1.407730772742323555e-01 3.321493224665087451e-01
1.085426762682947383e-01 2.477075933003337338e-01 1.160192897143215995e-01 5.277304407170496647e-01
6.884276904032293753e-02 1.364065565598762131e-01 8.609993896883222364e-02 7.086507354309686812e-01
3.912835284568774025e-02 7.279949796055520950e-02 6.219689438566650824e-02 8.258752548080905420e-01
2.277375999660005354e-02 4.260308351506972291e-02 4.812946671515066360e-02 8.864936897731794385e-01
1.438643853222702253e-02 2.903031060451818218e-02 4.097215138667791717e-02 9.156110994765768174e-01
9.751102376182369316e-03 2.324924026326777651e-02 3.714008632549371108e-02 9.298595710350560095e-01
7.010329895880653556e-03 2.161899394427845011e-02 3.494575834624829430e-02 9.364249178135922724e-01
5.631821510726409477e-03 2.305247334556430674e-02 3.573346732172780205e-02 9.355822378219812441e-01
5.524325842328192508e-03 2.822725020843516730e-02 4.369468650145395122e-02 9.225537374477826846e-01
6.701293400927939813e-03 3.783019401957916916e-02 6.625284121406795068e-02 8.892156713654248978e-01
8.939196489744796748e-03 4.886006062685770146e-02 1.144004408791289146e-01 8.278003020042685733e-01
1.137967113845952082e-02 5.458436172411065823e-02 1.977223587903678137e-01 7.363136083470619431e-01
1.281888715643963832e-02 5.189788350324096855e-02 3.108111681489823530e-01 6.244720611913369135e-01
1.260996943687640523e-02 4.389905232671117291e-02 4.306242942376367067e-01 5.128666839987755521e-01
1.123433289086654858e-02 3.475544784853537572e-02 5.389000004233457375e-01 4.151102188372522428e-01
9.660135657044618615e-03 2.684306911726474371e-02 6.326061806374529972e-01 3.308906145882375971e-01
8.275233534144995490e-03 2.070361665201976217e-02 7.137947414462550988e-01 2.572264083675803170e-01
7.143316142895150822e-03 1.598989772962404118e-02 7.805333801461025178e-01 1.963334059813783561e-01
6.532515593775082077e-03 1.200577442471405069e-02 8.290612801282287725e-01 1.524004298532819213e-01
5.904394380326629006e-03 9.663661958224977269e-03 8.597857777222571718e-01 1.246461659391913668e-01
5.790678707734532929e-03 7.997151322422933056e-03 8.788655563254001990e-01 1.073466136444423402e-01
6.020113183400553972e-03 6.791060360776588964e-03 8.902582947815996794e-01 9.693053167422299721e-02
6.692424345012768123e-03 6.220003823854523654e-03 8.890576960903173731e-01 9.802987574081538369e-02
8.213521988208823468e-03 6.512058248071389208e-03 8.644096717714422340e-01 1.208647479922776297e-01
4.571052582705964137e-03 1.347581388587740583e-03 7.822953764141063471e-03 9.862584122645651208e-01
8.278788351506461557e-03 3.175049313370389200e-03 9.424269069998937945e-03 9.791218932651242213e-01
1.170041712240411577e-02 6.447235981811161830e-03 1.204807115234978257e-02 9.698042757434346406e-01
1.423779927685676211e-02 1.166126514150237631e-02 1.477874088742570265e-02 9.593221946942148692e-01
1.476755722719288316e-02 1.699707970513856040e-02 1.672105707966921664e-02 9.515143059879992427e-01
1.265590891809737113e-02 1.886581192262242260e-02 1.660835368657119157e-02 9.518699254727092107e-01
8.725160380744877500e-03 1.562662008703648298e-02 1.391439497027904294e-02 9.617338245619395654e-01
5.144806609655458093e-03 1.026884074204019275e-02 1.030542916559980780e-02 9.742809234827051190e-01
3.141605909928975489e-03 6.313813745761578076e-03 7.949539140643233429e-03 9.825950412036663639e-01
1.803586703750649804e-03 3.600953659612471467e-03 7.663870757181837773e-03 9.869315888794549796e-01
1.670098967947802274e-03 2.635998429043445376e-03 8.201658910745862965e-03 9.874922436922629609e-01
1.828095113187142668e-03 2.201369971618266641e-03 9.945045960015953465e-03 9.860254889551787194e-01
2.285175995714538565e-03 2.088163396918998622e-03 1.317044131659658550e-02 9.824562192907697611e-01
3.915690854785250710e-03 2.906389334656704800e-03 1.832032852323381769e-02 9.748575912873245208e-01
6.174530390124353084e-03 3.434636234929958325e-03 2.790029279399312834e-02 9.624905405809520698e-01
1.141397666897864434e-02 4.546030143237840375e-03 4.683321254061486444e-02 9.372067806471684470e-01
2.474604747964190277e-02 6.639655745747944683e-03 8.701227120381986591e-02 8.816020255707901487e-01
5.918618056389855775e-02 1.007234685814904426e-02 1.686120427973053781e-01 7.621294297806469054e-01
1.365886952590459891e-01 1.387805892160448411e-02 2.980076665606809505e-01 5.515255792586688521e-01
2.783235265678395964e-01 1.572277726157969222e-02 4.000550382020807705e-01 3.058986579685001317e-01
4.870254275872123451e-01 1.471265820318041519e-02 3.654961834321472924e-01 1.327657307774596784e-01
7.094784707680122926e-01 1.053809510466117115e-02 2.340727515157951522e-01 4.591068261153138930e-02
8.675416594752161092e-01 6.254390861753841326e-03 1.137303730859330897e-01 1.247357657709672989e-02
6.606815562295368510e-03 2.275304740307899920e-01 7.474011659942251251e-01 1.846154441268960458e-02
5.694328903687123633e-03 1.842490794579521030e-01 7.851980418583197618e-01 2.485854978004134117e-02
5.514820794726540791e-03 1.590518042303778745e-01 8.041840403079093536e-01 3.124933466698629619e-02
5.583657193639761027e-03 1.502140395566922970e-01 8.090710057809453737e-01 3.513129746872252490e-02
5.849152644723824498e-03 1.552328389719691559e-01 8.023631773169409565e-01 3.655483106636641527e-02
6.439436810961271865e-03 1.727874164409488322e-01 7.831353846986051082e-01 3.763776204948533766e-02
7.382070833320046772e-03 2.027250631383152313e-01 7.499342323221893647e-01 3.995863370617531996e-02
8.460371858985448260e-03 2.450116916476428597e-01 7.032194256888475437e-01 4.330851080452435137e-02
9.414699722207837268e-03 2.986985846534618294e-01 6.448016418970498043e-01 4.708507372728057416e-02
1.017268419684044627e-02 3.557921009800009693e-01 5.829173671342861018e-01 5.111784768887252944e-02
1.094058813355194143e-02 4.010438969270332943e-01 5.324947032348179565e-01 5.552081170459666204e-02
1.202595879301594090e-02 4.285778451077689732e-01 4.987744379855618693e-01 6.062175811365302924e-02
1.349537319594736572e-02 4.438445286753144314e-01 4.774521304886852335e-01 6.520796764005268309e-02
1.540575425982696617e-02 4.554907429967925969e-01 4.618168132913905710e-01 6.728668945198984508e-02
1.795282095319852486e-02 4.755392879689974150e-01 4.402090448945991663e-01 6.629884618320498746e-02
2.171862859711268592e-02 5.129601257576652529e-01 4.026898227639578165e-01 6.263142288126431756e-02
2.514969865163462978e-02 5.663508360758745530e-01 3.507508455213229071e-01 5.774861975116816343e-02
2.960179648161882088e-02 6.223631663237862988e-01 2.941965050339247489e-01 5.383853216066987468e-02
3.429170313560915562e-02 6.682817973249292054e-01 2.450316122194829693e-01 5.239488731997877374e-02
3.879378038909157833e-02 7.014052421896437295e-01 2.060564281244891827e-01 5.374454929677526666e-02
4.301561254855585520e-02 7.239928225673085693e-01 1.762791710815624635e-01 5.671239380257298707e-02
4.715260310707896502e-02 7.383622416054194115e-01 1.542705086673420156e-01 6.021464662015964253e-02
5.307809799555409519e-02 7.404800835144776938e-01 1.415789385087350694e-01 6.486287998123278775e-02
6.134237694608903751e-02 7.328479428729695044e-01 1.349999830732543371e-01 7.080969710768710013e-02
7.278148491026416311e-02 7.170864233455520598e-01 1.325705680686558030e-01 7.756152367552786309e-02
8.691381250597435271e-02 6.972844453481695792e-01 1.314473240236530560e-01 8.435441812220294266e-02
1.034557347002089678e-01 6.758037250639482574e-01 1.304483736769927738e-01 9.029216655885011211e-02
1.223731662773944462e-01 6.537917173667925352e-01 1.289560403047013415e-01 9.487907605111148279e-02
1.420487568187192573e-01 6.327472557889493032e-01 1.263271587527470818e-01 9.887682863958423274e-02
1.594002149299326432e-01 6.122493030073573594e-01 1.233974406527608980e-01 1.049530414099492381e-01
1.701355464860045130e-01 5.904134286095616968e-01 1.216816484581280527e-01 1.177693764463059178e-01
1.727719651100084464e-01 5.656631586730413996e-01 1.227570958398682133e-01 1.388077803770816077e-01
1.734108978801758294e-01 5.415842418455888430e-01 1.268609711156587494e-01 1.581438891585770501e-01
1.784001649045346971e-01 5.248391477943920025e-01 1.332267779042402844e-01 1.635339093968329327e-01
1.917126136725260110e-01 5.161830729074124990e-01 1.406670578508564529e-01 1.514372555692046762e-01
2.160958035801014421e-01 5.072147431324380840e-01 1.479345348581173059e-01 1.287549184293434179e-01
2.495196878217584013e-01 4.916596552211416338e-01 1.538958249754145136e-01 1.049248319816853958e-01
2.827284660545407169e-01 4.750121055779792933e-01 1.578085582763310846e-01 8.445087009114930765e-02
3.034948944016746530e-01 4.675444364433194444e-01 1.608480682889232294e-01 6.811260086608246500e-02
3.040721501315957198e-01 4.736792483757906180e-01 1.666815525657167341e-01 5.556704892689660891e-02
2.869763589556592054e-01 4.862229202936775296e-01 1.805015276740845054e-01 4.629919307657856531e-02
2.669652012427801702e-01 4.835546932125164843e-01 2.094246373002234818e-01 4.005546824447987764e-02
2.519545391913021182e-01 4.476111408557620353e-01 2.636388312324191574e-01 3.679548872051668917e-02
2.436754610043883329e-01 3.727843152303213503e-01 3.472255358601464281e-01 3.631468790514386091e-02
2.322036010392942995e-01 2.814890586269531703e-01 4.496671095287774200e-01 3.664023080497502000e-02
2.163697649975909743e-01 1.972019699596034847e-01 5.505371915527005333e-01 3.589107349010514647e-02
1.995216162061824727e-01 1.318981657926562301e-01 6.335202397546053632e-01 3.505997824655589928e-02
1.810320857639382830e-01 8.903068047939591279e-02 6.902895677465400448e-01 3.964766601012539859e-02
1.593532132856933237e-01 6.570079700362058128e-02 7.154258263521560135e-01 5.952016335853031054e-02
1.351578993740315815e-01 5.676120510762220489e-02 6.895750892417273903e-01 1.185058062766187470e-01
1.106678152831074152e-01 5.248244252778402896e-02 5.836646091990496110e-01 2.531851329900592362e-01
8.336983723099349042e-02 4.260549948794655623e-02 4.318921068433372312e-01 4.421325564377230344e-01
5.913013647537449652e-02 3.056762425526224000e-02 3.040061098432307873e-01 6.062961294261325351e-01
4.230498155003970667e-02 2.138979583844623916e-02 2.212898995197374319e-01 7.150153230917767333e-01
3.210999936603513294e-02 1.570663544384037075e-02 1.725472545580728490e-01 7.796361106320516265e-01
2.662579773722599866e-02 1.262125824598297336e-02 1.454489989148453344e-01 8.153039451019453709e-01
2.383008334134392725e-02 1.121866266428776793e-02 1.301440332142237699e-01 8.348072207801446876e-01
2.198375237002922825e-02 1.079295146052358136e-02 1.179950998137525575e-01 8.492281963556945756e-01
2.073082141934862177e-02 1.106239577475939644e-02 1.062409555184119919e-01 8.619658272874801686e-01
2.119279092076595955e-02 1.250343245618873445e-02 9.899826618002616208e-02 8.673055104430188456e-01
2.499033651464267411e-02 1.627430564178014918e-02 1.015637934573399292e-01 8.571715643862373168e-01
3.310705095946171045e-02 2.361894772067269985e-02 1.154454911878417811e-01 8.278285101320240758e-01
4.542015243410273129e-02 3.535977811599032988e-02 1.387661474115104432e-01 7.804539220383966969e-01
6.174024190196585049e-02 5.186460290484889990e-02 1.698545503975826820e-01 7.165406047956025537e-01
8.307630855874779952e-02 7.262260485750085537e-02 2.099105408666755712e-01 6.343905457170757600e-01
1.105552283514782130e-01 9.407396214525343137e-02 2.618337423971991429e-01 5.335370671060695180e-01
1.394454569146866552e-01 1.105873004286784395e-01 3.206611780724961669e-01 4.293060645841386691e-01
1.600216467820272659e-01 1.201525441209217587e-01 3.732664439575821280e-01 3.465593651394686114e-01
1.684604275156321163e-01 1.265244562068002787e-01 4.110035756079939429e-01 2.940115406695735234e-01
1.665377391608026114e-01 1.334578330142455749e-01 4.344346663571603817e-01 2.655697614677914875e-01
1.613292662803995359e-01 1.406215177838223418e-01 4.465421518093326547e-01 2.515070641264455786e-01
1.530377225122752094e-01 1.493705198446543259e-01 4.529309366255099278e-01 2.446608210175604814e-01
1.457676237066731773e-01 1.595636568875413164e-01 4.554113306044099696e-01 2.392573888013757311e-01
1.417200515390009963e-01 1.702035688073014197e-01 4.564471215706419893e-01 2.316292580830552061e-01
1.405359728150875342e-01 1.784834127047541796e-01 4.592702056348660355e-01 2.217104088452921395e-01
1.404426211682671954e-01 1.815090460235129488e-01 4.683696851886497425e-01 2.096786476195699467e-01
1.404567528955282529e-01 1.798513046549790884e-01 4.856558300487935909e-01 1.940361124006990678e-01
1.406419014134593637e-01 1.758482468644184393e-01 5.096938323287880657e-01 1.738160193933343534e-01
1.409372861207622007e-01 1.694002330706704806e-01 5.398836373591137106e-01 1.497788434494538301e-01
1.412524758677402015e-01 1.593427095392905279e-01 5.765627557025024830e-01 1.228420588904668154e-01
1.402780200344382888e-01 1.505564412885244396e-01 6.101066386735302105e-01 9.905890000350739411e-02
1.392428238975069454e-01 1.484343849840006058e-01 6.313411216739036602e-01 8.098166944458876082e-02
1.426845681965790980e-01 1.535903159386764749e-01 6.364328765601774407e-01 6.729223930456704195e-02
1.563803536442683051e-01 1.616676639650014846e-01 6.260435910567893059e-01 5.590839133394116811e-02
1.874284997964215937e-01 1.642774229835402278e-01 6.031918769377998535e-01 4.510220028223831806e-02
2.417194127374083790e-01 1.570962096523114138e-01 5.657757099098402742e-01 3.540866770043974571e-02
3.195040450204029714e-01 1.427278737065193759e-01 5.104606031155911605e-01 2.730747815748671772e-02
4.150452527513552869e-01 1.257891951438665223e-01 4.384208161070064502e-01 2.074473599777187927e-02
5.193249276178513174e-01 1.082503698745862220e-01 3.568460054545671278e-01 1.557869705299539005e-02
