2.064144994007097444e-01 7.107196369316668427e-01 5.266473987485157521e-02 3.020112379277173700e-02
5.638855879904934587e-02 1.865978643247544755e-01 6.686235625687477757e-01 8.839001430744830579e-02
5.495347677684249421e-02 1.625298173661742507e-01 6.897728978376937992e-01 9.274380801928946982e-02
5.212309337179704682e-02 1.317534665376548231e-01 7.205186255349810276e-01 9.560481455556732455e-02
4.800856501519921299e-02 1.002864908399258154e-01 7.536179093678703200e-01 9.808703477700438100e-02
4.397989817607999424e-02 7.351675045866486180e-02 7.811079073068613043e-01 1.013954440583942490e-01
3.947602505653202004e-02 5.402393505960417092e-02 8.027018776536593014e-01 1.037981622302048268e-01
3.606086286452349354e-02 4.179457981789267557e-02 8.207889786541540111e-01 1.013555786634297434e-01
3.316032036427792040e-02 3.446231988135711050e-02 8.415133744925725745e-01 9.086398526179244317e-02
3.015054723337855236e-02 2.971157182148844583e-02 8.651240663303895184e-01 7.501381461474380952e-02
2.719538201300548269e-02 2.638159242927797313e-02 8.875422443922258431e-01 5.888078116549091967e-02
2.464234866236045263e-02 2.395626595827405128e-02 9.063446754667340288e-01 4.505670991263142217e-02
2.267067056040810227e-02 2.221907998299183298e-02 9.210904496444999312e-01 3.401979981210033477e-02
2.114954247339881702e-02 2.093446513925578331e-02 9.323319815207743444e-01 2.558401086657116977e-02
1.978638515910773402e-02 1.968362417126176545e-02 9.413401211686307501e-01 1.918986950099961508e-02
1.869379825080505486e-02 1.823030764496728212e-02 9.488017313260123098e-01 1.427416277821564987e-02
1.835997275282587327e-02 1.680297269322135120e-02 9.542267932482862980e-01 1.061026130566675510e-02
1.807568563597205386e-02 1.607396730028795226e-02 9.579197784885199463e-01 7.930568575220377225e-03
2.006405924640327146e-02 1.516036053717768201e-02 9.588443878641956797e-01 5.931192352223426702e-03
2.371745423095619407e-02 1.529505419210289846e-02 9.566512636555921656e-01 4.336227921348745351e-03
3.186699170786066321e-02 1.801561906649073314e-02 9.469124489079617790e-01 3.204940317686806855e-03
5.091725646271350741e-02 2.602631126462435704e-02 9.204936666343057627e-01 2.562765638356055350e-03
9.275195222538794304e-02 4.397753389601656571e-02 8.609253705212843721e-01 2.345143357311312970e-03
1.706382155647397647e-01 7.730298338448997331e-02 7.496211589585184409e-01 2.437642092251895640e-03
2.815441306509825492e-01 1.203474756231335541e-01 5.955988071507254400e-01 2.509586575158431580e-03
3.918329633996762151e-01 1.603401788394283323e-01 4.458156048405750860e-01 2.011252920320455960e-03
4.691092338879412904e-01 1.856277322887809889e-01 3.438805287387506904e-01 1.382505084527033178e-03
5.109084502680372175e-01 1.969815401968070812e-01 2.912045838783263729e-01 9.054256568293194080e-04
5.302061621282592174e-01 1.941970370097226561e-01 2.749666277375522050e-01 6.301731244654493799e-04
5.365398067312632246e-01 1.793714080021148183e-01 2.835995000578005465e-01 4.892852088212710409e-04
5.341799725998452875e-01 1.588584577970870160e-01 3.065423977200263383e-01 4.191718830411896783e-04
5.294525124003679473e-01 1.386013178352968334e-01 3.315608383102885970e-01 3.853314540469000003e-04
5.270270434005580595e-01 1.212490561297327463e-01 3.513170576908148379e-01 4.068427788941786794e-04
5.285343592763812604e-01 1.046591023355176592e-01 3.663659489786139090e-01 4.405894094868485289e-04
5.259961901688949837e-01 9.039312527165184463e-02 3.831004046285011455e-01 5.102799309522779245e-04
5.111954359921498936e-01 7.659710518881938934e-02 4.115336233722175496e-01 6.738354468130586814e-04
4.782753326775637248e-01 6.435170669263232113e-02 4.564790325293846540e-01 8.939281004193779965e-04
4.301835303744227512e-01 5.414068038550824691e-02 5.145106489082467149e-01 1.165140331822328568e-03
3.780339765417977671e-01 4.665271627027527818e-02 5.737862306311248828e-01 1.527076556801813248e-03
3.361500164111108635e-01 4.204534920995346009e-02 6.197518239432453502e-01 2.052810435690581234e-03
3.155211237276816516e-01 3.986612767705822319e-02 6.418028037626206661e-01 2.809944832639271750e-03
3.184386728077187034e-01 3.928172209831409800e-02 6.384309105202639056e-01 3.848694573703390943e-03
3.375396970853729028e-01 3.957120131706409749e-02 6.176159880127706225e-01 5.273113584792658154e-03
3.646492389410365687e-01 4.053341763375361423e-02 5.875990820419548788e-01 7.218261383254629543e-03
3.957381857997941399e-01 4.255506206450564155e-02 5.520419372395177771e-01 9.664814896182562926e-03
4.276609222771086682e-01 4.642239698598470826e-02 5.136101559227674862e-01 1.230652481413921188e-02
4.517108162096653001e-01 5.193357249213569754e-02 4.816040814218928712e-01 1.475152987630626820e-02
4.594999901934611608e-01 5.813600920537392858e-02 4.657064365100229142e-01 1.665756409114207276e-02
4.492783852517092114e-01 6.517445562302023876e-02 4.676795222088477866e-01 1.786763691642256902e-02
4.255899987887201141e-01 7.459455349351896969e-02 4.814900285748071607e-01 1.832541914295385960e-02
3.955716672087524755e-01 8.743902262989043661e-02 4.989848132432461170e-01 1.800449691811067607e-02
3.658872714407879756e-01 1.026622281050969115e-01 5.142266795402461455e-01 1.722382091386929354e-02
3.430341350626385788e-01 1.178570669496401685e-01 5.225888307678098199e-01 1.651996721991141198e-02
3.336679051378531602e-01 1.334609138870277434e-01 5.168373763416308497e-01 1.603380463348837159e-02
3.479709839962919493e-01 1.531203665061029451e-01 4.836300451150423174e-01 1.527860438256286452e-02
3.859323259039655896e-01 1.846784353781938670e-01 4.158960065452012023e-01 1.349323217263924575e-02
4.291038395624661161e-01 2.377404116475068663e-01 3.223435955624649463e-01 1.081215322756234540e-02
4.424668302600963665e-01 3.199964676413356579e-01 2.290263353215678810e-01 8.510366777000106728e-03
4.098104497226681131e-01 4.271833067389642080e-01 1.560616737158484757e-01 6.944569822519602170e-03
3.489791094507140312e-01 5.396776785333039506e-01 1.057590374818050127e-01 5.584174534176771301e-03
2.911485341299870355e-01 6.297200019013916572e-01 7.463138040218579572e-02 4.500083566435521092e-03
2.555688390849876201e-01 6.842936288425929270e-01 5.641464401883996421e-02 3.722888053579698989e-03
2.389024224805308405e-01 7.119459494332296412e-01 4.591512037217614084e-02 3.236507714063140227e-03
2.366703234040151149e-01 7.216620939442653926e-01 3.882070810147088963e-02 2.846874550248468857e-03
2.433608450598202522e-01 7.211503292865955039e-01 3.301898465511699660e-02 2.469840998467082941e-03
2.553171787307945140e-01 7.145396229711671321e-01 2.801231330667411368e-02 2.130884991363719404e-03
2.675606823590896965e-01 7.068881855859898700e-01 2.368412516997491987e-02 1.867006884945776862e-03
2.718295397847216854e-01 7.067238479275790297e-01 1.978023501926496480e-02 1.666377268434460776e-03
2.646960124616709042e-01 7.175560948533692418e-01 1.624869229543910235e-02 1.499200389520921172e-03
2.518261482037553178e-01 7.332939726478445719e-01 1.350464680252918583e-02 1.375232345870674435e-03
2.419228532889912409e-01 7.446781712142052090e-01 1.204846003716714305e-02 1.350515459636373282e-03
2.391252107684332384e-01 7.478025732710751328e-01 1.164924763628612941e-02 1.422968324205530410e-03
8.549615670836159531e-02 2.484626468469533500e-02 6.020653391821975120e-01 2.875922394247457659e-01
6.818906975184741565e-03 9.239129191642588522e-04 3.295931321406318781e-02 9.592978668915880247e-01
5.339804872804733947e-03 7.645817322008847386e-04 2.961803721594177125e-02 9.642775761790525202e-01
4.851868978787265280e-03 7.580495752769596468e-04 2.952879295236041091e-02 9.648612884935754419e-01
5.133603212061846853e-03 8.875596419171018344e-04 3.247085084534975102e-02 9.615079863006711358e-01
5.980239910966890504e-03 1.142488147294089349e-03 3.782619746751121614e-02 9.550510744742277680e-01
7.061052879368670716e-03 1.486015688564446382e-03 4.387326489044221511e-02 9.475796665416249542e-01
7.922965203144996180e-03 1.856735759875109649e-03 4.864174322050574678e-02 9.415785558164736502e-01
8.276321210954553850e-03 2.234061781929933856e-03 5.152875031511363474e-02 9.379608666920017379e-01
8.239543903649651849e-03 2.685175717367986777e-03 5.326085951026528903e-02 9.358144208687170229e-01
8.098969280423687009e-03 3.307151739178113177e-03 5.398386101980279933e-02 9.346100179605948410e-01
7.949825452883745036e-03 4.131351706089601838e-03 5.223198674553373305e-02 9.356868360954929686e-01
7.817831693381524852e-03 5.205362709359303772e-03 4.754199601410665638e-02 9.394348095831528411e-01
7.854560127693964791e-03 6.691189304550620998e-03 4.154381656654750760e-02 9.439104340012079986e-01
8.329889425414946369e-03 8.899205237025619927e-03 3.615607109934508567e-02 9.466148342382141312e-01
9.525430193421023650e-03 1.222739574493379375e-02 3.232073240338506626e-02 9.459264416582603419e-01
1.165048317724259701e-02 1.694215112534916412e-02 3.026501154160400262e-02 9.411423541558043837e-01
1.466990137693914391e-02 2.271912749169999191e-02 2.986128135883802520e-02 9.327496897725223723e-01
1.792257432319852364e-02 2.824387975196625267e-02 3.016411483930427420e-02 9.236694310855307899e-01
2.046085045901196997e-02 3.231541418379629133e-02 3.015308710453094496e-02 9.170706482526607140e-01
2.157751557952271304e-02 3.438235649896859147e-02 2.962721632843416664e-02 9.144129115930748064e-01
2.153936727085674005e-02 3.424143272360691270e-02 2.945044726515535019e-02 9.147687527403806085e-01
2.137178322068485070e-02 3.250746698194883350e-02 3.084830234035508545e-02 9.152724474570109736e-01
2.184083089241429035e-02 3.056426324461593985e-02 3.460173993337055387e-02 9.129931659295990043e-01
2.328792500675362989e-02 2.960339546537858746e-02 4.087984595099246332e-02 9.062288335768755587e-01
2.604195209382744250e-02 3.020602427236817461e-02 4.970148276995683956e-02 8.940505408638473872e-01
3.075599585074004563e-02 3.268681299239546700e-02 6.225697477613130471e-02 8.743002163807334082e-01
3.747084702806557921e-02 3.625981475997241965e-02 8.038669148940964793e-02 8.458826467225520895e-01
4.466132416994100102e-02 3.884196393268588010e-02 1.060523676158902362e-01 8.104443442814831533e-01
4.938692091877831120e-02 3.834813642177652138e-02 1.411428748694668889e-01 7.711220677899783826e-01
4.908628362749260787e-02 3.422236949750782908e-02 1.894151289326856114e-01 7.272762179423140072e-01
4.352466379865366219e-02 2.768035283320043755e-02 2.559659583962911600e-01 6.728290249718542615e-01
3.467158954468718690e-02 2.050163101243292554e-02 3.351360169186655136e-01 6.096907625242142803e-01
2.557495562299253941e-02 1.424223663195688973e-02 4.095833148639094201e-01 5.505994928811411837e-01
1.858438627518155598e-02 9.691129959788491455e-03 4.684927332307265435e-01 5.032317505343031350e-01
1.427185440284866810e-02 6.887961693237476708e-03 5.118022579809797801e-01 4.670379259229340274e-01
1.203676274130682268e-02 5.415863710118705085e-03 5.407957229609569039e-01 4.417516505876178390e-01
1.094962868920447592e-02 4.713616965115570261e-03 5.606654019078816109e-01 4.236713524377983542e-01
1.036401354038205339e-02 4.404535405960494608e-03 5.816070508612382062e-01 4.036244001924190750e-01
1.026847867459545170e-02 4.531772801698194693e-03 6.107607621412234344e-01 3.744389863824828524e-01
1.078729897037746313e-02 5.252563611810214493e-03 6.432922443210724595e-01 3.406678930967397823e-01
1.202057931243004710e-02 6.647816912470069090e-03 6.638329206660604775e-01 3.174986831090392814e-01
1.403714631334350947e-02 8.747863728964615920e-03 6.638916262269825008e-01 3.133233637307093478e-01
1.691273105127445373e-02 1.157077407354707363e-02 6.454952056557673457e-01 3.260212892194112033e-01
2.085220347340319483e-02 1.517655863424698451e-02 6.137760341243548856e-01 3.501952037679949559e-01
2.627267830314769514e-02 1.973247385542929722e-02 5.732317413852052734e-01 3.807631064562178591e-01
3.359817179841198542e-02 2.530033450635425438e-02 5.300912527295009724e-01 4.110102409657324651e-01
4.286691260227216277e-02 3.144991082388263332e-02 4.935674842846164978e-01 4.321156922892284147e-01
5.418940580521917905e-02 3.773540248202827269e-02 4.695754305974113030e-01 4.384997611153412800e-01
6.822716820756907774e-02 4.443089932761164901e-02 4.578234896806256948e-01 4.295184427841935992e-01
8.595089032322421330e-02 5.228685379340019396e-02 4.539901769183543601e-01 4.077720789650210453e-01
1.077597391366370283e-01 6.210892431606658548e-02 4.517681251482406068e-01 3.783632113990558765e-01
1.329478529458649194e-01 7.506459982382455987e-02 4.427449120579955988e-01 3.492426351723149636e-01
1.598676135869610271e-01 9.239824568647082847e-02 4.198051456179640040e-01 3.279289951086041266e-01
1.870692495614554585e-01 1.140874938959675899e-01 3.812705133952757341e-01 3.175727431473007178e-01
2.141582130232070891e-01 1.392186667650449072e-01 3.298847650936924114e-01 3.167383551180562029e-01
2.402993656556025870e-01 1.651210997451129647e-01 2.736215862067507554e-01 3.209579483925337762e-01
2.658514557652303378e-01 1.876620930746774885e-01 2.211244196069814538e-01 3.253620315531109419e-01
2.930421028118135318e-01 2.044785161844421828e-01 1.775192365750359047e-01 3.249601444287084084e-01
3.238262168987228184e-01 2.162793986079026842e-01 1.450650506890054647e-01 3.148293338043692269e-01
3.602967673381806124e-01 2.237474248759902529e-01 1.227631899002969013e-01 2.931926178855320253e-01
4.030908438490454770e-01 2.308923304379196517e-01 1.056806070952534399e-01 2.603362186177812787e-01
4.498701466132972171e-01 2.392772811147125256e-01 9.178822417046186843e-02 2.190643481015286387e-01
4.931361624788763720e-01 2.502394770366723753e-01 7.972000327565320621e-02 1.769043572087982130e-01
5.306410131752876680e-01 2.586843377786545162e-01 6.942982266452614459e-02 1.412448263815317961e-01
5.601695054935228457e-01 2.624793867998340691e-01 6.200070932755818998e-02 1.153503983790848675e-01
5.833343547307779930e-01 2.610498093514932449e-01 5.758641912010790953e-02 9.802941679762100513e-02
6.000509612172405527e-01 2.577000624725440114e-01 5.540608318185682307e-02 8.684289312835839769e-02
6.056328161068157412e-01 2.599631708827292997e-01 5.436493303647457753e-02 8.003907997398040930e-02
5.969153143754366564e-01 2.741050383067231144e-01 5.320746126123298420e-02 7.577218605660726580e-02
5.802844852366877415e-01 2.974871249149195762e-01 5.088157065556263292e-02 7.134681919283035467e-02
5.677755819497708467e-01 3.214015268102058398e-01 4.692683649325830875e-02 6.389605474676519903e-02
6.137489984596563447e-02 9.297633100925345451e-01 6.813137935870089250e-03 2.048652125629735546e-03
6.030774855919446287e-02 1.713827665402048797e-03 7.616993206075082234e-01 1.762791031678950793e-01
7.450001744460867104e-02 2.594607069608076324e-03 7.632904367203533491e-01 1.596149387654301199e-01
9.364848527536905054e-02 3.669358891221617073e-03 7.519489819498819116e-01 1.507331738835276380e-01
1.102220738688717422e-01 4.942730668221800155e-03 7.429251675425910806e-01 1.419100279203153736e-01
1.234992702706293743e-01 6.536332740515538378e-03 7.409503690987504498e-01 1.290140278901047710e-01
1.302625660104724525e-01 8.256677777224556009e-03 7.499788866992108671e-01 1.115018695130919613e-01
1.304535885260715289e-01 1.017633641093654458e-02 7.678986865979215981e-01 9.147138846507031629e-02
1.269464725513499426e-01 1.243369838474789844e-02 7.896765790807566132e-01 7.094324998314578690e-02
1.246836482071549956e-01 1.523633777368586968e-02 8.079387759301314142e-01 5.214123808902790952e-02
1.280497678282973284e-01 1.916250254730146596e-02 8.154973559239787617e-01 3.729037370042276311e-02
1.389188502975193251e-01 2.503513733038994701e-02 8.090709680452483621e-01 2.697504432684232067e-02
1.573474260824355986e-01 3.318369150441240201e-02 7.890100326157182264e-01 2.045884979743379378e-02
1.829828156186840415e-01 4.292773331056468078e-02 7.571874787596235556e-01 1.690197231112741325e-02
2.144838559259885369e-01 5.307695416967710134e-02 7.168149934219782971e-01 1.562419648235587391e-02
2.453951689232572730e-01 6.230603161256902112e-02 6.763138861539992330e-01 1.598491331017439301e-02
2.675749745346906461e-01 6.969081713009175894e-02 6.452011257885804651e-01 1.753308254663724433e-02
2.790491164736558227e-01 7.501606777644000135e-02 6.259767361028448773e-01 1.995807964705948942e-02
2.824001730344942174e-01 7.831682781529522575e-02 6.162229343127096914e-01 2.306006483750075442e-02
2.786615424954753673e-01 7.966361868102740662e-02 6.151146486189622564e-01 2.656019020453517440e-02
2.697812480849536287e-01 8.036412893164769644e-02 6.197233906693061511e-01 3.013123231409285674e-02
2.648541042261560730e-01 8.329789393408899845e-02 6.183263855736260695e-01 3.352161626612876894e-02
2.698568822811474588e-01 9.087455489342055603e-02 6.022153002743767525e-01 3.705326255105493433e-02
2.795870190357005458e-01 1.034726152227169321e-01 5.752736623159342422e-01 4.166670342564821744e-02
2.874946318505706144e-01 1.190667977935016969e-01 5.460295968264793354e-01 4.740897352944838106e-02
2.888901932564486574e-01 1.356054558920271880e-01 5.221407141937047802e-01 5.336363665781949234e-02
2.915037648428567829e-01 1.517533198439031117e-01 4.978324451497925796e-01 5.891047016344745646e-02
2.991477044085249504e-01 1.676878295622598325e-01 4.695245791342734787e-01 6.363988689494175233e-02
3.142383193832655186e-01 1.828694878401623813e-01 4.359656975515020516e-01 6.692649522507032600e-02
3.372817096621936739e-01 1.959974748764118924e-01 3.989157272252220054e-01 6.780508823617248382e-02
3.672027164638715369e-01 2.055575374183891968e-01 3.615401674828290779e-01 6.569957863491045214e-02
4.012966005553105231e-01 2.108039873127715014e-01 3.268402170818412444e-01 6.105919505007685599e-02
4.359695508876733627e-01 2.131156740018225748e-01 2.959178101677066852e-01 5.499696494279718989e-02
4.686182242010001886e-01 2.162440348800831746e-01 2.669499687413738331e-01 4.818777217754281750e-02
4.967005055027462479e-01 2.255303222754547754e-01 2.368513816282820372e-01 4.091779059351716846e-02
5.153056808348052131e-01 2.468123070433659028e-01 2.041806293578739551e-01 3.370138276395499843e-02
5.162800504456126482e-01 2.810755602790912522e-01 1.749116883470567263e-01 2.773270092823955368e-02
5.075051226565119311e-01 3.158484979917368651e-01 1.532453289938789653e-01 2.340105035787261659e-02
4.983713004953695402e-01 3.460000504058325932e-01 1.356828265764061237e-01 1.994582252239160414e-02
4.895458212998404779e-01 3.751788143674693599e-01 1.183207176243886299e-01 1.695464670830123047e-02
4.731036705904952955e-01 4.119462339487355296e-01 1.005512446540998139e-01 1.439885080666927428e-02
4.420365978261835416e-01 4.602377223748802537e-01 8.522304492583968050e-02 1.250263487309636636e-02
3.981275631095691492e-01 5.158276513565869248e-01 7.453811820945460687e-02 1.150666732438946314e-02
3.472251652115895815e-01 5.735296603447587183e-01 6.778751590060980159e-02 1.145765854304188654e-02
2.952095747515943724e-01 6.294613022774261379e-01 6.307060722435431366e-02 1.225851574662535463e-02
2.468708377594149295e-01 6.811286504522643392e-01 5.832433233854490695e-02 1.367617944977565433e-02
2.042197534292707062e-01 7.288210389251250643e-01 5.174379449469088815e-02 1.521541315091340558e-02
1.679998950588902917e-01 7.722939813029214839e-01 4.339092514781389687e-02 1.631519849037400827e-02
1.389858220765013419e-01 8.095318047542422457e-01 3.476309430549068269e-02 1.671927886376591357e-02
1.168412185807824050e-01 8.393054020996281173e-01 2.725133073477838813e-02 1.660204858481119719e-02
1.016867197800797457e-01 8.600997278704340943e-01 2.182247643879722809e-02 1.639107591068884179e-02
9.326336176231031505e-02 8.723164445998470296e-01 1.832626259451398260e-02 1.609393104332850974e-02
9.072440639867163092e-02 8.780842654556912930e-01 1.597656565415365645e-02 1.521476249148366947e-02
9.375062530059928567e-02 8.778774777755691261e-01 1.456778660178915594e-02 1.380411032204253118e-02
1.014890206501996295e-01 8.720337445049800573e-01 1.415360885873921670e-02 1.232362598608137925e-02
1.123569124475522069e-01 8.620156646310803694e-01 1.463052930624579584e-02 1.099689361512157411e-02
1.239458338942193427e-01 8.507154873121033356e-01 1.567290005687222224e-02 9.665778736805128932e-03
1.349150566609748358e-01 8.403367601150367738e-01 1.667625835621222574e-02 8.071924867776629486e-03
1.397933149386691998e-01 8.359715007373299533e-01 1.792009778303823783e-02 6.315086540962924766e-03
1.350443554903877907e-01 8.410586798465532476e-01 1.924412881514684856e-02 4.652835847912028915e-03
1.210861675149025041e-01 8.557903071096231162e-01 1.986960985490640597e-02 3.253915520567997582e-03
9.956714820829896950e-02 8.783526330733376630e-01 1.984583189080831034e-02 2.234386827555314738e-03
7.867182949780206214e-02 9.003062933271667179e-01 1.945488855368938258e-02 1.566988621341873413e-03
6.350195566996748309e-02 9.159477750397803097e-01 1.938125428517929738e-02 1.169015005072636133e-03
5.334930615903889228e-02 9.261537567215032407e-01 1.957201930801982445e-02 9.249178114379483359e-04
4.483948520096431301e-02 9.350355733098326683e-01 1.937483299005829732e-02 7.501084991446824906e-04
3.994228501214287103e-02 9.402084467572650039e-01 1.922613150545604208e-02 6.231367251363678812e-04
3.732026998463572331e-02 9.426455697160360803e-01 1.950792880791357362e-02 5.262314914149579309e-04
3.645251473124747760e-02 9.428311654793821717e-01 2.026843596569359238e-02 4.478838236767005159e-04
3.662062307189067889e-02 9.417578378759838831e-01 2.123489103479209161e-02 3.866480173337107627e-04
3.701643428959884574e-02 9.405197382862920952e-01 2.211949861325683553e-02 3.443288108521117192e-04
3.727640914224174262e-02 9.396668416696282167e-01 2.273179737690039781e-02 3.249518112299792146e-04
4.059895327939139383e-03 1.837408151192027115e-04 1.681691755957213626e-03 9.940746721009845466e-01
7.883194577691129412e-01 9.262547354762881713e-02 5.758461717624272641e-02 6.147045150701557770e-02
8.281899466834806711e-01 9.266388109523396310e-02 4.234841604717838603e-02 3.679775617410695893e-02
8.569373370681712121e-01 9.076884057220011015e-02 3.075088800957020974e-02 2.154293435005859986e-02
8.760389496950033994e-01 8.763613051626989447e-02 2.307524799588839964e-02 1.324967179283838281e-02
8.846762431070727128e-01 8.736362865592768590e-02 1.870761484854361820e-02 9.252513388455911938e-03
8.820002741916616040e-01 9.332363533561245650e-02 1.697594998828989843e-02 7.700140484436062728e-03
8.699721928265986559e-01 1.052158756433653197e-01 1.722269925405644012e-02 7.589232275979435061e-03
8.536535829769397177e-01 1.197093566100417977e-01 1.837998811723235912e-02 8.257072295786068231e-03
8.395824020932177723e-01 1.322087903415183341e-01 1.913790677915092747e-02 9.070900786113006084e-03
8.328595184824147957e-01 1.388821426294037653e-01 1.873321608151908013e-02 9.525122806662299907e-03
8.341231335708871875e-01 1.393234724888664788e-01 1.708899510987848397e-02 9.464398830367688406e-03
8.411843592865525521e-01 1.350473268856434150e-01 1.464023974611349498e-02 9.128074081690522312e-03
8.557906363185996401e-01 1.230750115131136330e-01 1.217942043752675424e-02 8.954931730760241557e-03
8.803633763265049650e-01 1.005007758182317329e-01 1.008712729423132635e-02 9.048720561032020868e-03
9.067941484256866191e-01 7.500798736739812400e-02 8.733818514826146087e-03 9.464045692089169751e-03
9.250518810716822360e-01 5.586785808568726225e-02 8.484068072584036863e-03 1.059619277004653082e-02
9.334667815251286305e-01 4.446757713558303210e-02 9.282419800386120315e-03 1.278322153890222058e-02
9.345479172394498546e-01 3.849209052541226195e-02 1.087414375095646472e-02 1.608584848418123658e-02
9.316921739654675516e-01 3.535234044442107926e-02 1.285601399444459905e-02 2.009947159566664171e-02
9.281087705491158912e-01 3.273195061810370288e-02 1.494767036572055424e-02 2.421160846705993144e-02
9.259968110551287657e-01 2.936336842904250025e-02 1.694371046172130080e-02 2.769611005410740900e-02
9.264917997381810766e-01 2.548347862253297347e-02 1.850334306759914699e-02 2.952137857168673010e-02
9.294871564465120306e-01 2.210321099789628804e-02 1.943800816657666880e-02 2.897162438901499174e-02
9.338004926257122973e-01 1.997374831171045903e-02 1.980712870760572425e-02 2.641863035497132167e-02
9.374309064822984316e-01 1.941318652461509336e-02 1.997029949035839316e-02 2.318560750272793611e-02
9.393619953286876934e-01 2.035781046122540905e-02 2.018090844108196349e-02 2.009928576900506247e-02
9.386377659880192903e-01 2.276239039746930093e-02 2.092584312915687916e-02 1.767400048535461982e-02
9.341326869021142620e-01 2.641911520530874566e-02 2.300889736621365353e-02 1.643930052636310632e-02
9.257292583783945927e-01 3.042676828458162896e-02 2.709116694820846299e-02 1.675280638881582185e-02
9.144869652728396803e-01 3.358809484086262148e-02 3.314079267504659032e-02 1.878414721125117731e-02
9.044239230357336012e-01 3.489359282208758656e-02 3.890225375484242243e-02 2.178023038733625447e-02
8.984244692869147730e-01 3.453468710695044297e-02 4.221485924982205235e-02 2.482598435631267614e-02
8.955962124816860825e-01 3.325396532662328736e-02 4.327925558888118945e-02 2.787056660280947187e-02
8.946101346162709245e-01 3.164841824749252408e-02 4.279278372621481141e-02 3.094866341002188923e-02
8.953284971107137169e-01 3.032429835225954051e-02 4.085127916722266356e-02 3.349592536980391944e-02
9.000112111113277580e-01 2.930848616132115253e-02 3.664240257584365501e-02 3.403790015150763570e-02
9.105940184672851601e-01 2.797801158428279283e-02 2.990863754599148647e-02 3.151933240244048084e-02
9.243562114950398811e-01 2.593483981101778191e-02 2.265929278429790195e-02 2.704965590964429623e-02
9.367662325640208065e-01 2.340435854284523415e-02 1.724615068764690298e-02 2.258325820548676491e-02
9.467503122553801997e-01 2.051228501449944147e-02 1.388160883245209004e-02 1.885579389766808833e-02
9.543587366636906433e-01 1.753102726798720645e-02 1.206522093170597429e-02 1.604501513661634945e-02
9.595997129724487262e-01 1.479418059960477955e-02 1.141506428199084294e-02 1.419104214595537719e-02
9.626278890702600899e-01 1.258610363492361148e-02 1.163564505218271476e-02 1.315036224263330805e-02
9.634283254706769162e-01 1.128484964142213200e-02 1.254295543830102541e-02 1.274386944959993509e-02
9.624242679456761485e-01 1.101298051788110986e-02 1.387129182445581005e-02 1.269145971198715542e-02
9.594271003712747659e-01 1.158703072081642381e-02 1.579954893107600108e-02 1.318631997683279190e-02
9.537805358365128994e-01 1.274407314407104488e-02 1.887136270245119707e-02 1.460402831696463143e-02
9.461257162867104942e-01 1.425689062672804569e-02 2.304352156960386144e-02 1.657387151695792135e-02
9.368634698417632745e-01 1.624512887546460810e-02 2.816538001850950670e-02 1.872602126426255176e-02
9.248943893419251383e-01 1.918248450808530611e-02 3.473438395177354948e-02 2.118874219821618651e-02
9.088942476569166207e-01 2.355986583852925226e-02 4.354808076547742740e-02 2.399780573907667885e-02
8.878225587678990616e-01 2.984658206287196455e-02 5.543350752698424783e-02 2.689735164224487871e-02
8.611122373295602150e-01 3.860639616467721053e-02 7.061595011292989832e-02 2.966541639283284265e-02
8.307592371869811920e-01 5.006921391588763787e-02 8.727912895040204622e-02 3.189241994672924185e-02
8.002917818397536909e-01 6.370015312678983799e-02 1.029979987259188323e-01 3.301006630753745841e-02
7.725639575139588988e-01 7.799507929325152911e-02 1.166205482731247772e-01 3.282041491966483648e-02
7.438022466130199684e-01 9.590609664377044985e-02 1.281934882301585532e-01 3.209816851305104246e-02
7.130383325989941845e-01 1.185583101660702132e-01 1.370780194731108237e-01 3.132533776182477164e-02
6.811414181713997262e-01 1.480936821646761381e-01 1.405080232539236140e-01 3.025687641000042449e-02
6.470512109963690861e-01 1.892957367708347216e-01 1.349043898104694550e-01 2.874866242232677199e-02
6.057497106782606666e-01 2.460538855468728525e-01 1.208301275710471079e-01 2.736627620381910236e-02
5.458875691773558136e-01 3.233751660113887150e-01 1.038146953089800345e-01 2.692256950227540913e-02
4.754535120758227040e-01 4.086383929911148183e-01 8.843993387098371406e-02 2.746816106207892669e-02
4.110269754505479489e-01 4.837170015074523377e-01 7.645764166008491014e-02 2.879838138191485875e-02
3.586223233958691359e-01 5.440156049977169506e-01 6.691686799368357086e-02 3.044520361273009984e-02
3.167554145657071607e-01 5.936686452023117733e-01 5.791992412048606320e-02 3.165601611149512079e-02
2.846350383628149516e-01 6.347216598767750906e-01 4.869569347405416221e-02 3.194760828635580252e-02
2.618717642853089500e-01 6.675745987066816767e-01 3.952474948267521715e-02 3.102888752533428454e-02
2.408041658599321400e-01 6.984586424024208373e-01 3.150192142279060331e-02 2.923527031485646105e-02
2.195004010191007882e-01 7.281282735149928742e-01 2.502843954940884783e-02 2.734288591649734756e-02
1.967092129513538235e-01 7.571882270960264005e-01 1.996896324248649199e-02 2.613359671013322505e-02
7.707341711359874670e-02 1.142562368319081367e-01 3.015930378382370991e-01 5.070773082162557399e-01
8.245841583799974617e-02 1.159025936262979284e-01 2.979231159076854984e-01 5.037158746280168131e-01
8.914619081758684560e-02 1.182251196954690331e-01 2.866733006259869487e-01 5.059553888609572558e-01
9.705486253871044300e-02 1.203812144790458866e-01 2.713591387637855346e-01 5.112047842184581636e-01
1.058336944861870826e-01 1.220015041097027991e-01 2.556668786970718310e-01 5.164979227070383150e-01
1.149580676649371580e-01 1.235557263644995046e-01 2.415924081838457249e-01 5.198937977867171822e-01
1.244597609018554124e-01 1.261790761785320514e-01 2.287825580486845256e-01 5.205786048709285518e-01
1.351632709803982646e-01 1.314673538903592676e-01 2.165145628071901973e-01 5.168548123220524371e-01
1.477821578311426243e-01 1.415383583137702905e-01 2.043102010557037995e-01 5.063692827993835355e-01
1.634891445665296039e-01 1.548400468378599015e-01 1.934468781119744740e-01 4.882239304836362148e-01
1.824973189187976963e-01 1.732315384908401090e-01 1.838532786253555540e-01 4.604178639650070015e-01
2.042191919423262114e-01 1.991527188363902134e-01 1.759617723816257473e-01 4.206663168396578278e-01
2.258051463956054217e-01 2.348864511853522852e-01 1.691554983421960090e-01 3.701529040768463674e-01
2.422812522768901522e-01 2.788299688452716696e-01 1.625699180254104315e-01 3.163188608524279966e-01
2.472865692415658068e-01 3.321835474754260553e-01 1.544489958626523440e-01 2.660808874203558494e-01
2.415012884562653950e-01 3.884263661193526063e-01 1.482068925465540588e-01 2.218654528778278845e-01
2.266426105128536428e-01 4.420213336419271388e-01 1.454582533033769443e-01 1.858778025418422741e-01
2.074000292587407923e-01 4.826281005129121615e-01 1.490479618183828681e-01 1.609239084099643446e-01
1.888606633438562332e-01 5.014005056056117793e-01 1.620716253850183752e-01 1.476672056655130572e-01
1.734309262058383316e-01 4.958193224370773255e-01 1.865372075312896893e-01 1.442125438257945980e-01
1.610954681322415982e-01 4.673164256757347812e-01 2.234997896797950301e-01 1.480883165122285350e-01
1.496914058674712333e-01 4.169620305301527941e-01 2.740309344924524160e-01 1.593156291099235566e-01
1.391585620453205940e-01 3.366336527827890612e-01 3.438751126679686632e-01 1.803326725039218759e-01
6.653459676006538703e-02 1.122253557245643935e-01 9.955369067223744650e-02 7.216863568431325371e-01
6.830993307080999999e-02 1.161310402219265792e-01 1.077426550039930903e-01 7.078163717032700530e-01
7.174975235582881083e-02 1.210359214819011486e-01 1.190451369925054903e-01 6.881691891697646613e-01
7.644528188530302915e-02 1.249340118898542018e-01 1.323884748241168086e-01 6.662322314007257384e-01
8.132688000877512369e-02 1.247810083188645169e-01 1.453311029571991431e-01 6.485610087151614245e-01
8.535981361139706458e-02 1.189092302466584899e-01 1.559753796642666113e-01 6.397555764776778897e-01
8.745413534166268654e-02 1.075075625765107706e-01 1.628898402005572177e-01 6.421484618812695055e-01
8.627624256041101225e-02 9.161001384447454987e-02 1.645712282350643429e-01 6.575425153600502615e-01
8.115968885537067079e-02 7.307963967083955237e-02 1.614755538564543180e-01 6.842851176173354588e-01
7.336238667829883542e-02 5.487790073116139561e-02 1.562338589031021518e-01 7.155258536874379294e-01
6.460610250079706907e-02 3.952163206319460331e-02 1.506447998843770120e-01 7.452274655516312185e-01
5.579684551887666849e-02 2.808639795769352770e-02 1.453408793755775197e-01 7.707758771478523396e-01
4.808051706882623955e-02 2.059623614204239908e-02 1.422261055551112263e-01 7.890971412340200830e-01
4.203573202936751463e-02 1.616679199511757148e-02 1.426754203195450266e-01 7.991220556559699428e-01
3.752146151037104999e-02 1.379739874428651154e-02 1.463073059343289184e-01 8.023738338110136814e-01
3.431303065104743949e-02 1.281495250226975628e-02 1.527633493186717761e-01 8.001086675280112415e-01
3.170745964150461366e-02 1.257184817966633915e-02 1.622683306217011512e-01 7.934523615571278388e-01
2.904533906670375004e-02 1.254818991365364532e-02 1.758361207874508669e-01 7.825703502321919025e-01
2.690754668686073936e-02 1.286237018674307557e-02 1.973119799976792987e-01 7.629181031287169956e-01
2.642360535069422645e-02 1.399994950052870640e-02 2.337296229066597175e-01 7.258468222421177174e-01
2.822314791247567886e-02 1.648961866872328610e-02 2.919001359322052069e-01 6.633870974865959669e-01
3.278848185495612105e-02 2.138839609100835412e-02 3.731425276544600433e-01 5.726805943995754156e-01
4.051770870118926587e-02 3.047443457241131790e-02 4.686562966236021421e-01 4.603515601027974302e-01
5.139058040644018527e-02 4.587955821650997051e-02 5.581553083249590763e-01 3.445745530520905042e-01
6.525731240635337937e-02 6.983130331704989757e-02 6.181437132095494169e-01 2.467676710670478057e-01
8.156715973765973904e-02 1.038251000404875612e-01 6.367518346382572414e-01 1.778559055835954861e-01
9.754597559849004229e-02 1.470126582383455560e-01 6.213203976981128696e-01 1.341209684650519207e-01
1.125990794252806071e-01 1.909288486578768207e-01 5.901470486351946265e-01 1.063250232816477514e-01
1.249413595282021783e-01 2.260708835056582655e-01 5.610434366917782523e-01 8.794432027436130395e-02
1.346629367969583435e-01 2.467279262856596767e-01 5.425631450223693530e-01 7.604599189501214107e-02
1.409046698785319518e-01 2.513813124294622670e-01 5.388125801116793179e-01 6.890143758032661603e-02
1.418292547686322014e-01 2.433915887162249880e-01 5.493939087259518406e-01 6.538524778919116431e-02
1.371315476022968716e-01 2.287448290315952371e-01 5.698851700978887491e-01 6.423845326821917001e-02
1.279223403114494451e-01 2.115646676831129114e-01 5.975008926005244136e-01 6.301209940491317441e-02
1.158820619988470968e-01 1.920414649809991658e-01 6.327177667033033748e-01 5.935870631685029319e-02
1.039820934548661285e-01 1.680585890391499693e-01 6.749346502919402191e-01 5.302466721404387739e-02
9.488962796352717888e-02 1.398524855622746699e-01 7.197345835124319136e-01 4.552330296176633484e-02
8.973793352543968371e-02 1.099693112990756533e-01 7.615420011374123277e-01 3.875075403807249491e-02
8.490981040792879020e-02 8.250056200514054028e-02 7.987550319105943819e-01 3.383459567633653048e-02
7.887794406172599082e-02 5.830677276665120756e-02 8.320950945911751440e-01 3.072018858044778949e-02
7.104529356516292582e-02 3.900662375970387341e-02 8.610369304734847296e-01 2.891115220164840183e-02
6.403325241947847857e-02 2.606876102457412331e-02 8.816767180147384586e-01 2.822126854120897421e-02
6.110932955324842319e-02 1.878544404315319119e-02 8.917440427480440857e-01 2.836118365555452200e-02
6.306495518264668143e-02 1.506253705721029637e-02 8.930397877324279809e-01 2.883272002771490247e-02
6.907862847002195494e-02 1.311952828510809695e-02 8.884142492628011034e-01 2.938759398206912052e-02
7.814352318452327806e-02 1.179135790611908832e-02 8.798154207055584042e-01 3.024969820379901086e-02
8.848125370377937782e-02 1.037524349218988881e-02 8.694933099269616106e-01 3.165019287706898748e-02
9.693577722441877598e-02 8.685426201746291111e-03 8.601421748729963790e-01 3.423662170083853484e-02
1.013294794640634128e-01 6.983688789096851278e-03 8.518934485320036609e-01 3.979338321483618518e-02
1.016375155400534303e-01 5.626711768148441942e-03 8.418375320754843960e-01 5.089824061631383761e-02
9.842049531552334030e-02 4.756042513149840584e-03 8.265188436121068127e-01 7.030461855921989189e-02
9.247188428622696299e-02 4.265202498686606822e-03 8.040426027992622071e-01 9.922031041582395072e-02
8.662993171942705295e-02 4.043686115973790796e-03 7.742116423679492598e-01 1.351147397966498964e-01
8.314842860479715325e-02 4.110205184723269255e-03 7.423638332032634901e-01 1.703775330072161143e-01
8.566803281031833139e-02 4.176659802126686354e-03 7.126106930378957038e-01 1.975446143496595863e-01
9.314170783468198045e-02 4.594831724443591663e-03 6.924374572496906355e-01 2.098260031911836909e-01
1.071367598629523743e-01 5.233358168767058075e-03 6.866370480153448641e-01 2.009928339529357122e-01
1.284175288363184342e-01 6.061890170000382161e-03 6.963867760823422293e-01 1.691338049113385589e-01
1.583925475777815672e-01 7.073802837327479616e-03 7.109787072180134837e-01 1.235549423668774183e-01
2.004375749524425210e-01 8.440211599423290065e-03 7.106259058819238694e-01 8.049630756621051209e-02
2.547585238561860810e-01 1.048682742198748900e-02 6.848567826820183280e-01 4.989786603980823909e-02
3.193838335473458967e-01 1.352722395921447836e-02 6.358596047295975717e-01 3.122933776384230475e-02
3.926641840105062897e-01 1.788958309803176730e-02 5.696540848101915300e-01 1.979214808126994463e-02
4.653432477733154826e-01 2.405830606041080635e-02 4.982093316564744079e-01 1.238911450979945233e-02
5.328782588275335907e-01 3.375303577572023872e-02 4.257567617331913246e-01 7.611943663554814749e-03
5.857093181904842183e-01 4.692867363324174090e-02 3.627084331488635294e-01 4.653575027410682304e-03
6.246446462017840595e-01 6.435495396373147603e-02 3.080878868184858677e-01 2.912513015998263732e-03
6.469412250941641851e-01 8.751603391067769300e-02 2.635651066999819547e-01 1.977634295176229628e-03
6.475458547747376947e-01 1.184489233066258335e-01 2.324379903641941303e-01 1.567231554442607804e-03
6.327660273920920897e-01 1.567512512526678115e-01 2.089523027401689881e-01 1.530418615071245424e-03
6.176554245603669280e-01 1.935977525531173415e-01 1.869786849612863067e-01 1.768137925229608994e-03
6.097428049794356708e-01 2.167342492571715240e-01 1.713431494762303053e-01 2.179796287162619976e-03
6.083091432250543606e-01 2.194455166016864578e-01 1.695712394577664761e-01 2.674100715492752287e-03
6.061156815126713671e-01 2.020759758952851703e-01 1.886301645231473201e-01 3.178178068896247901e-03
5.845726467299838802e-01 1.682597166330214722e-01 2.435222969976528207e-01 3.645339639341821716e-03
5.131869496316138202e-01 1.276106276173678278e-01 3.550439564724677810e-01 4.158466278550507732e-03
3.955243216076910207e-01 8.860871432133010650e-02 5.114033658500001245e-01 4.463598220978556678e-03
2.794745486068816454e-01 5.927785215881953285e-02 6.567950855056895465e-01 4.452513728608902335e-03
1.983756997769325070e-01 3.977580209100189945e-02 7.575903547320196330e-01 4.258143400045826150e-03
1.498843721058691070e-01 2.768405066715046853e-02 8.183608647372524469e-01 4.070712489728019190e-03
1.255856258721819441e-01 2.130090395792421168e-02 8.490467669033718856e-01 4.066703266521940439e-03
1.209151321455147060e-01 1.933783410920366513e-02 8.553543057589928500e-01 4.392727986288799680e-03
1.316206430222280899e-01 2.058253157928254320e-02 8.427326425713377311e-01 5.064182827151922014e-03
1.518358732891168794e-01 2.416241394388258384e-02 8.180205891429417342e-01 5.981123624058668105e-03
1.750012288032435637e-01 2.950458253981384435e-02 7.886057265159995833e-01 6.888462140942919372e-03
1.997562150869008069e-01 3.712852052065034741e-02 7.556781729434181027e-01 7.437091449030542624e-03
2.327972516300140238e-01 4.944497155638951508e-02 7.102060988115009854e-01 7.551678002095389870e-03
2.786387846682648051e-01 6.955335229938325314e-02 6.443955894531837592e-01 7.412273579168112379e-03
3.295706258897255214e-01 9.844113873257170910e-02 5.648444250892591390e-01 7.143810288443332157e-03
