3.288796225438649912e-01 3.347620581081990898e-01 2.892466475203158693e-01 4.711167182761993866e-02
1.605770449311942280e-02 1.012562297541131223e-01 7.894452377450669189e-01 9.324082800770057411e-02
1.462897928465434379e-02 8.695944760279954167e-02 8.056157358918928368e-01 9.279583722065319618e-02
1.295949941218098311e-02 7.102077718511147497e-02 8.239714452781780052e-01 9.204827812452943958e-02
1.121538539655633770e-02 5.553923120514182854e-02 8.402753622998629934e-01 9.297002109843918727e-02
9.624920818976617776e-03 4.228030897793742110e-02 8.515450608891238504e-01 9.654970931396179845e-02
8.326616424429925459e-03 3.223808429518210117e-02 8.586916392956818189e-01 1.007436599847061215e-01
7.413238070116841098e-03 2.584902491118460516e-02 8.660141904930989121e-01 1.007235465255998247e-01
6.714904409948945288e-03 2.213645817692527773e-02 8.788827296609019735e-01 9.226590775222376362e-02
6.141197144672971668e-03 2.002633380510087865e-02 8.959639804685550768e-01 7.786848858167103038e-02
5.743036998462658013e-03 1.893148571057038168e-02 9.129233474960315453e-01 6.240212979493581918e-02
5.557746631994041862e-03 1.854381261628523792e-02 9.275263694660665914e-01 4.837207128565404468e-02
5.590530428580254424e-03 1.874441228644675023e-02 9.390779568944486178e-01 3.658710039052431862e-02
5.785339173449666542e-03 1.937724650282582686e-02 9.475269898165500360e-01 2.731042450717452441e-02
6.015549260681062049e-03 2.003099370285939609e-02 9.536054094248415103e-01 2.034804761161819464e-02
6.231223837488036529e-03 2.032217695993653386e-02 9.581693260480421692e-01 1.527727315453322743e-02
6.514952772163187626e-03 2.030085770699043696e-02 9.614234011174362937e-01 1.176078840341003746e-02
6.888064187995302651e-03 2.009797649765826533e-02 9.637116078776996053e-01 9.302351436646700070e-03
7.287432669418720046e-03 1.992143435888390698e-02 9.654813987309105450e-01 7.309734240786708304e-03
7.913421954089032082e-03 2.088619900964814452e-02 9.656933701991049501e-01 5.507008837157801283e-03
9.541743553304433620e-03 2.556669889471461718e-02 9.608047678844010564e-01 4.086789667580035049e-03
1.346629813323511546e-02 3.848317023923353980e-02 9.448885939477026374e-01 3.161937679828843040e-03
2.130729347817516064e-02 6.741164906695741588e-02 9.086688903513681081e-01 2.612167103499117137e-03
3.398854988600597676e-02 1.205806115101235448e-01 8.431566108867395437e-01 2.274227717131373141e-03
4.987444522496654181e-02 1.960572415690628456e-01 7.520694945073838067e-01 1.998818698586737365e-03
6.435445005931035578e-02 2.735658417018029809e-01 6.603738039315781849e-01 1.705904307308731688e-03
7.329697423217755581e-02 3.276222573276054151e-01 5.976766006531856190e-01 1.404167787031305363e-03
7.630518101883922155e-02 3.467437533947194117e-01 5.758127892288652516e-01 1.138276357575946631e-03
7.493424534661985437e-02 3.319682875928498533e-01 5.921580035944831177e-01 9.394634660472372337e-04
7.041076704737364578e-02 2.936208786872541721e-01 6.351674312036167391e-01 8.009230617554098566e-04
6.459716768439939527e-02 2.463385909253407724e-01 6.883571376999038094e-01 7.071036903559755607e-04
6.011788250280529489e-02 2.024409006595903060e-01 7.367879630149311021e-01 6.532538226734773161e-04
5.820033285239140097e-02 1.667110053123667390e-01 7.744460511804869274e-01 6.426106547550660851e-04
5.852299558667438395e-02 1.377780822545956740e-01 8.030149501842044346e-01 6.839719745256120234e-04
5.930389772330024040e-02 1.117980106549880948e-01 8.281253903035097341e-01 7.727013182020516088e-04
5.750921547529234956e-02 8.694631063552217543e-02 8.546807415250198270e-01 8.637323641654102600e-04
5.163157288789716609e-02 6.486028612479802224e-02 8.826013463644941659e-01 9.067946228108591383e-04
4.341878078544275654e-02 4.804770513157662765e-02 9.076118956175847075e-01 9.216184653958973006e-04
3.589087205935743291e-02 3.735706413221424188e-02 9.257712461712298557e-01 9.808176371984673146e-04
3.077138011222408862e-02 3.155137741302607712e-02 9.365356217939058148e-01 1.141620680843785738e-03
2.841226718144801433e-02 2.873993245125775614e-02 9.414192483468554196e-01 1.428552020438637144e-03
2.843058922041761735e-02 2.736118037122082375e-02 9.423655881396082457e-01 1.842642268753057373e-03
3.011342417232058116e-02 2.667248492014065095e-02 9.408038322644631801e-01 2.410258643075829758e-03
3.296304189156751968e-02 2.655333350255275476e-02 9.373186349561049013e-01 3.164989649774762204e-03
3.687463625399861611e-02 2.731322549175112246e-02 9.317397449017714717e-01 4.072393352478984041e-03
4.191431513961884486e-02 2.975660093859491123e-02 9.232965934394181673e-01 5.032490482368544987e-03
4.726545801434450106e-02 3.395299468537916338e-02 9.128846236051817442e-01 5.896923695094315535e-03
5.109932338823088699e-02 3.910994871943420520e-02 9.033521402170859860e-01 6.438587675248711936e-03
5.242496419722651041e-02 4.495552580075907328e-02 8.960600719094410360e-01 6.559438092573512992e-03
5.218235800005265046e-02 5.243987885266709198e-02 8.890086873403711953e-01 6.369075806908812420e-03
5.188090843870529073e-02 6.258617245753356206e-02 8.795230655683787813e-01 6.009853535382244510e-03
5.262771385187084427e-02 7.519444945432005034e-02 8.665418163796234641e-01 5.636020314185553708e-03
5.557072911367677559e-02 8.935343677401065554e-02 8.496677259650851077e-01 5.408108147227471546e-03
6.249418844100185916e-02 1.069012901078554706e-01 8.252116415305140729e-01 5.392879920628367539e-03
7.610146191132285964e-02 1.348599763784599781e-01 7.835130984182256952e-01 5.525463291991582378e-03
9.720547502697729492e-02 1.869228709081364459e-01 7.103684915926016252e-01 5.503162472284574107e-03
1.233473293984923558e-01 2.787188773179813395e-01 5.928855925503354607e-01 5.048200733190926458e-03
1.406984063974933974e-01 4.147863114348348534e-01 4.402118348115087176e-01 4.303447356162889287e-03
1.377563445903829398e-01 5.699976359601789389e-01 2.886580372480322398e-01 3.587982201406326056e-03
1.162412103851513528e-01 7.067403137168327687e-01 1.741035389946430090e-01 2.914936903372807031e-03
9.397150266205447910e-02 7.979900260972639936e-01 1.057254165661772050e-01 2.313054674504501015e-03
7.933961630680123889e-02 8.492563479754398070e-01 6.952704929124631228e-02 1.876986426512573932e-03
7.256695742322230580e-02 8.754391575597825215e-01 5.039053357690989610e-02 1.603351440085736988e-03
7.178318413051994196e-02 8.874634115958017766e-01 3.932348722907193228e-02 1.429917044606879772e-03
7.467027229026397539e-02 8.920243700015167976e-01 3.200583571759733903e-02 1.299521990622005746e-03
8.052313578615735712e-02 8.914342055548029053e-01 2.683442831868827066e-02 1.208230340351307492e-03
8.389579751632984805e-02 8.923577684691013090e-01 2.259621517019317835e-02 1.150218844375571143e-03
8.282091135538108273e-02 8.974513175309223323e-01 1.861680953628350524e-02 1.110961577413137856e-03
7.615297028678585933e-02 9.079995370098262741e-01 1.478089463175052964e-02 1.066598071637132406e-03
6.750095475983394766e-02 9.197752477000561422e-01 1.169668777071758946e-02 1.027109769392346066e-03
6.132427054491181723e-02 9.276856218720708203e-01 9.942325202930859737e-03 1.047782380086633748e-03
5.895231595467253366e-02 9.306875633063749209e-01 9.223716514900802410e-03 1.136404224051740632e-03
4.130975397720520331e-02 1.530751162846974954e-02 4.541721440067257309e-01 4.892105903875992867e-01
1.377458981150785251e-02 1.694314138868657175e-03 4.387030787667001858e-02 9.406607881729532883e-01
1.034719893161394240e-02 1.428051055561698097e-03 3.780534434402049726e-02 9.504194056688040071e-01
8.577898457852247902e-03 1.386459578433281350e-03 3.596577278037388359e-02 9.540698691833402467e-01
7.994804817411903242e-03 1.541961731539918815e-03 3.773809742943255718e-02 9.527251360216159037e-01
8.093576828442730978e-03 1.859076913912449712e-03 4.226949290473826226e-02 9.477778533529058747e-01
8.319562974184997392e-03 2.271520690908049485e-03 4.777136773996140673e-02 9.416375485949457502e-01
8.151560046075392169e-03 2.692246456025752886e-03 5.221939994088876935e-02 9.369367935570097616e-01
7.424579791619170983e-03 3.089744144591231086e-03 5.497065603246231030e-02 9.345150200313270261e-01
6.485978983476942128e-03 3.551886488924972315e-03 5.704205124482741168e-02 9.329200832827705403e-01
5.254572510576716211e-03 4.433952174725490705e-03 5.909283862718014285e-02 9.312186366875175869e-01
4.944045702135532218e-03 5.273420363202120306e-03 6.002056496624744164e-02 9.297619689684148980e-01
4.694544973349708272e-03 6.350581195139978936e-03 5.856074386944126048e-02 9.303941299620689387e-01
5.232505275281436677e-03 8.380715366450701767e-03 5.483881254669982497e-02 9.315479668115680401e-01
5.458197157322979866e-03 1.100906580801868338e-02 5.024962054687755891e-02 9.332831164877805064e-01
5.949020255332692665e-03 1.472902716543901709e-02 4.591388863499733936e-02 9.334080639442311478e-01
6.811853094156681242e-03 1.967746592568503372e-02 4.292356506124136994e-02 9.305871159189170738e-01
8.065968092300569714e-03 2.536542255150314035e-02 4.207092368524305986e-02 9.244976856709529178e-01
9.474341152257155507e-03 3.058393931365102278e-02 4.295101368706878697e-02 9.169907058470226913e-01
1.077582706981426545e-02 3.460896259329625940e-02 4.468843823848678287e-02 9.099267720984028918e-01
1.187008537621569819e-02 3.722597039991420304e-02 4.703497213278427097e-02 9.038689720910857428e-01
1.291000694339905150e-02 3.809198289108025465e-02 5.087023699099056662e-02 8.981277731745299642e-01
1.425391119185314900e-02 3.736239236461849633e-02 5.779895007827723363e-02 8.905847463652510898e-01
1.619822474498565368e-02 3.619193751860171754e-02 6.909007010637766011e-02 8.785197676300348091e-01
1.889262698543594382e-02 3.589099464600940814e-02 8.523988515866783022e-02 8.599764932098865611e-01
2.242834678021089073e-02 3.700956240897462779e-02 1.066339246964170956e-01 8.339281661143975732e-01
2.695016731152791514e-02 3.938716215399341164e-02 1.354145039627390745e-01 7.982481665717400254e-01
3.214428481757679312e-02 4.168773404919324382e-02 1.750942659687394209e-01 7.510737151644903964e-01
3.692591379414580238e-02 4.168035512361207423e-02 2.295480411875982785e-01 6.918456898946441225e-01
3.974090542707271745e-02 3.784712269289679243e-02 3.010964353280799477e-01 6.213155365519509310e-01
3.901944885641418781e-02 3.060883983344655015e-02 3.909606742562681814e-01 5.394110370538710564e-01
3.423049937045154201e-02 2.201583868302247476e-02 4.951795203587042726e-01 4.485741415878216620e-01
2.715935354221684500e-02 1.437514143988956154e-02 5.946716528705445759e-01 3.637938521473486619e-01
2.069414762390735588e-02 8.968178218113565664e-03 6.694266874267892353e-01 3.009109867311899333e-01
1.627326800576492372e-02 5.687417803264960790e-03 7.155838412948097860e-01 2.624554728961600580e-01
1.395139246776093585e-02 3.916305657014043130e-03 7.401982841669282331e-01 2.419340177082967835e-01
1.343031308232450240e-02 3.099105205536890461e-03 7.502015924436780114e-01 2.332689892684607080e-01
1.416656520260534471e-02 2.802657160015401602e-03 7.525484459689780747e-01 2.304823316684013745e-01
1.593060446877369446e-02 3.118354271150624354e-03 7.528047818125886970e-01 2.281462594474868155e-01
1.731487027608914764e-02 3.303580969975531290e-03 7.556716877416032041e-01 2.237098610123319786e-01
1.908779113318200341e-02 3.838084362678115691e-03 7.590321582582839621e-01 2.180419662458559504e-01
2.173870549962119911e-02 4.857286955454068016e-03 7.566995535143461460e-01 2.167044540305785028e-01
2.662769464210757928e-02 6.522715142541296585e-03 7.438798401256971893e-01 2.229697500896540008e-01
3.288859684183929183e-02 8.966817878729655203e-03 7.224710277697519167e-01 2.356735575096793600e-01
4.155788146169334119e-02 1.231538865392820155e-02 6.950160569267553878e-01 2.511106729576231267e-01
5.350829971220832232e-02 1.697975102618197452e-02 6.634676620693999993e-01 2.660442871922096275e-01
6.938012798222671640e-02 2.345831153748061809e-02 6.291907384947018622e-01 2.779708219855910323e-01
8.823458813151231761e-02 3.174365698467211672e-02 5.953156583913529198e-01 2.847060964924628124e-01
1.083124140683840997e-01 4.137001965357594430e-02 5.637702048043674585e-01 2.865473614736728791e-01
1.292638780761025397e-01 5.212132316986260033e-02 5.336868529027359864e-01 2.849279458512986585e-01
1.526761516098938398e-01 6.443157137622773645e-02 5.036942049271214694e-01 2.791980720867572874e-01
1.791186572976804503e-01 7.860362432213788275e-02 4.730085868685027228e-01 2.692691315116790274e-01
2.117833986164566751e-01 9.720629676849733281e-02 4.329441388775214228e-01 2.580661657375250551e-01
2.496116774051243825e-01 1.197416404959410346e-01 3.817090011127243776e-01 2.489376809862103301e-01
2.939908214786482454e-01 1.439706746667281934e-01 3.199728256566226614e-01 2.420656781980007610e-01
3.448721772910171013e-01 1.653749267922764443e-01 2.536670380615853038e-01 2.360858578551209563e-01
3.995064869262453522e-01 1.780419668695865654e-01 1.916487550689698338e-01 2.308027911351980266e-01
4.515822582696788490e-01 1.780597603198114665e-01 1.430480596251221537e-01 2.273099217853877252e-01
4.995166883476603314e-01 1.687683951332217547e-01 1.072559944944439791e-01 2.244589220246740735e-01
5.403007016917595884e-01 1.573786211259534940e-01 8.311277751636540756e-02 2.192078996659213019e-01
5.757499559624337238e-01 1.489462156596479958e-01 6.766369995046356278e-02 2.076401284274549675e-01
6.107922599743011993e-01 1.459460888335320505e-01 5.727740946699290403e-02 1.859842417251739433e-01
6.468026981759156246e-01 1.499089038459782419e-01 4.943582959138480976e-02 1.538525683867212335e-01
6.776147799852239029e-01 1.609194239435436380e-01 4.337373041764096271e-02 1.180920656535914964e-01
6.975500691787407392e-01 1.769896888758972497e-01 3.789360350600298050e-02 8.756663843935925950e-02
7.037424757853473212e-01 1.956549707425764839e-01 3.442679669712633145e-02 6.617575677494960673e-02
7.029892793319206801e-01 2.122562912587138140e-01 3.263485671609867717e-02 5.211957269326689124e-02
7.005670055681686437e-01 2.249367879845645402e-01 3.169922949670395118e-02 4.279697695056251111e-02
6.944342339661031538e-01 2.379733532470219015e-01 3.090037256547516903e-02 3.669204022139967852e-02
6.808005438495577932e-01 2.567489797891442938e-01 2.971386365280561867e-02 3.273661270849227006e-02
6.633975635274664828e-01 2.791341973841355295e-01 2.777054321533488357e-02 2.969769587306310757e-02
6.510698915303290146e-01 2.977875300361998989e-01 2.491923444390609435e-02 2.622334398956500251e-02
2.105392392548281477e-01 7.678091928059957993e-01 1.882890412467286279e-02 2.822663814503423470e-03
7.261714363711259390e-02 9.071870166942799102e-04 8.304469073628504283e-01 9.602876198334239777e-02
1.045324955504338127e-01 1.324717480275402776e-03 8.015782629891416988e-01 9.256452398014902716e-02
1.474828895971709297e-01 1.968920599351150179e-03 7.585013463591359084e-01 9.204684344434217735e-02
1.946317824213089076e-01 2.845123311753309115e-03 7.129089620536188665e-01 8.961413221331869516e-02
2.383580656247651364e-01 3.918360265026323876e-03 6.749053102598711051e-01 8.281826385033767834e-02
2.740341075784639702e-01 5.149238994720144354e-03 6.483465023357048995e-01 7.247015109111110132e-02
2.999087577636325164e-01 6.343528518696899855e-03 6.325774075838616062e-01 6.117030613380912418e-02
3.152191274798331055e-01 8.057691773139526864e-03 6.269228781200202327e-01 4.980030262700703425e-02
3.299224949192232081e-01 1.028324863898640376e-02 6.209102508670987230e-01 3.888400557469153668e-02
3.536023585720444173e-01 1.360622630646458713e-02 6.034534609257466986e-01 2.933795419574442703e-02
3.858948064050613525e-01 1.731791210011506335e-02 5.750782409270092099e-01 2.170904056781428060e-02
4.272027758541377396e-01 2.176242180226403700e-02 5.348786708345321106e-01 1.615613150906636264e-02
4.739187958533817024e-01 2.674064983615051516e-02 4.866837115619888077e-01 1.265684274847887064e-02
5.193329489459267423e-01 3.235340898050226288e-02 4.372950169099306117e-01 1.101862516364055487e-02
5.525544821781533944e-01 3.878252820775068138e-02 3.977184244135544278e-01 1.094456520054182952e-02
5.649765214125963553e-01 4.616221660751639033e-02 3.765333567700019368e-01 1.232790520988503481e-02
5.569368841700035322e-01 5.462036759881674919e-02 3.732255272729546602e-01 1.521722095822511389e-02
5.341598511682941197e-01 6.394703685806120419e-02 3.821753647636514928e-01 1.971774720999341576e-02
5.008881438286194587e-01 7.350748501869268370e-02 3.998793222037163586e-01 2.572504894897162039e-02
4.614714340362876532e-01 8.296425403235539731e-02 4.228675014013022482e-01 3.269681053005459720e-02
4.295865920720701725e-01 9.311572757742947459e-02 4.379719190078765201e-01 3.932576134262401324e-02
4.129634921770108935e-01 1.056431999401084287e-01 4.363216250277122121e-01 4.507168285516848644e-02
4.039526468478866206e-01 1.208061881490492817e-01 4.240465423934948186e-01 5.119462260956927219e-02
3.927249383320562948e-01 1.372803984163272484e-01 4.120080142519658706e-01 5.798664899965032260e-02
3.830679201848714577e-01 1.523646018865219831e-01 4.001316884216433167e-01 6.443578950696332575e-02
3.800027552454146029e-01 1.658254517363961511e-01 3.849471811777191443e-01 6.922461184047018490e-02
3.869773113534003550e-01 1.787849393881224269e-01 3.624301433764571256e-01 7.180760588202016181e-02
4.036386137128608609e-01 1.918220631475058002e-01 3.325376950653424757e-01 7.200162807429077994e-02
4.284775256469008364e-01 2.043753320514113681e-01 2.977670132037135708e-01 6.938012909797415528e-02
4.592322171688296706e-01 2.147906500963069620e-01 2.621395120055564076e-01 6.383762072930718179e-02
4.920303623270376181e-01 2.214855721667494115e-01 2.301939214264861755e-01 5.629014407972703082e-02
5.220045095545247094e-01 2.253188191447677569e-01 2.044793064791743387e-01 4.819736482153320206e-02
5.432947208937820571e-01 2.322137074633086884e-01 1.842370978198116238e-01 4.025447382309776945e-02
5.559959417401152404e-01 2.449532763500068544e-01 1.665907870220816878e-01 3.245999488779641173e-02
5.553254079697891310e-01 2.709778841180778275e-01 1.486041333132810671e-01 2.509257459885207500e-02
5.427298015795163355e-01 3.042897849529854204e-01 1.334971430021062444e-01 1.948327046539201704e-02
5.343777188404877920e-01 3.256730621361654254e-01 1.239790375226697272e-01 1.597018150067715594e-02
5.438782544252852569e-01 3.269606938262371032e-01 1.156770381853625546e-01 1.348401356311481995e-02
5.675737462976764292e-01 3.163159322658617434e-01 1.046695796859625216e-01 1.144074175049930933e-02
5.923015727040802370e-01 3.066162546385090004e-01 9.129052631169334853e-02 9.791646345717141750e-03
6.056627462485822955e-01 3.056777433978554170e-01 7.990644681056698062e-02 8.753063542995334623e-03
6.048103963919145842e-01 3.129701328313526654e-01 7.370875072060817379e-02 8.510720056124363234e-03
5.922304923362000650e-01 3.261137203835351439e-01 7.255158236829402363e-02 9.104204911970783035e-03
5.701728418278866339e-01 3.445009011284075884e-01 7.480555732451507622e-02 1.052069971919052105e-02
5.411537381661171153e-01 3.682243134897976722e-01 7.794009919119035401e-02 1.268184915289475960e-02
5.092886636061899619e-01 3.967177200099891721e-01 7.872343656684500923e-02 1.527017981697592446e-02
4.782811345753018584e-01 4.280674951786002103e-01 7.583047369991377518e-02 1.782089654618435395e-02
4.505452635369043279e-01 4.592236972598165434e-01 7.025073400102897769e-02 1.998030520225024809e-02
4.268384130884049221e-01 4.873081840562847877e-01 6.407184710950364348e-02 2.178155574580686871e-02
4.087847048843982756e-01 5.076603466532797482e-01 5.988169418842903546e-02 2.367325427389279507e-02
3.963954169199535582e-01 5.198247307073250445e-01 5.811587239129682031e-02 2.566397998142480943e-02
3.852351099490655129e-01 5.316495356197223909e-01 5.643353858644341303e-02 2.668181584476881155e-02
3.710602870068462900e-01 5.493368584032430890e-01 5.365079102233178548e-02 2.595206356757860655e-02
3.563636713516115107e-01 5.693300004331918185e-01 5.052076197817288727e-02 2.378556623702336378e-02
3.414967978566870732e-01 5.886929335271550157e-01 4.877811634858243012e-02 2.103215226757512019e-02
3.303877800942800480e-01 6.031759363036932609e-01 4.844466388179322763e-02 1.799161972023375147e-02
3.197001118672713749e-01 6.164531140211865212e-01 4.915525216922703167e-02 1.469152194231502714e-02
3.026980936526392219e-01 6.353129821206461303e-01 5.061218183895550143e-02 1.137674238775901459e-02
2.720123697573934018e-01 6.673713135594678825e-01 5.222578640030095531e-02 8.390530282837996290e-03
2.242238720333410706e-01 7.166849158996935198e-01 5.311548660739033589e-02 5.975725459575301733e-03
1.723768421424720920e-01 7.715595781139708009e-01 5.189356638105326741e-02 4.170013362503576827e-03
1.281549548410757244e-01 8.197482423991789835e-01 4.914748273212635882e-02 2.949320027619134043e-03
1.009646367023638441e-01 8.495155641865940188e-01 4.728624268932735131e-02 2.233556421714680794e-03
8.530448759389910873e-02 8.670060619620920672e-01 4.588979508588333228e-02 1.799655358125738748e-03
7.566964096059554390e-02 8.793565901916807759e-01 4.348729740755675338e-02 1.486471440166549536e-03
6.949047736827450306e-02 8.892632904183980225e-01 4.001122132830513961e-02 1.235010885022071181e-03
6.559841624484399891e-02 8.969779019923467267e-01 3.639550122576541008e-02 1.028180537043636624e-03
6.247534134299596864e-02 9.037452737817111004e-01 3.292504241904360696e-02 8.543424562493674018e-04
5.858755311901954477e-02 9.111920416421908087e-01 2.950678850288817115e-02 7.136167359014144920e-04
5.305990112433568023e-02 9.202051981916734569e-01 2.612823146092903281e-02 6.066692230615067672e-04
4.651509465445428926e-02 9.299187780449781338e-01 2.302802698447813795e-02 5.381003160896182533e-04
3.128130450542613433e-02 7.383956362133686432e-04 6.830227413639780761e-03 9.611500724447207267e-01
7.872033284173758361e-01 5.958431538611359823e-02 9.721111539397038481e-02 5.600124080254010456e-02
8.337966057642296480e-01 6.385409052669580032e-02 6.872407741508292089e-02 3.362522629399161689e-02
8.645924507860397457e-01 6.778459426496166729e-02 4.767394724240304332e-02 1.994900770659565475e-02
8.825247076830144977e-01 7.079948958617238164e-02 3.408965954061452669e-02 1.258614319019862697e-02
8.893956586700542122e-01 7.504756764600339913e-02 2.657532659612215839e-02 8.981447087819997843e-03
8.874374241274675112e-01 8.231964152296165904e-02 2.278722770263479427e-02 7.455706646935917475e-03
8.769445565285698407e-01 9.349119397734718950e-02 2.232092496784130603e-02 7.243324526241816386e-03
8.622323524821295937e-01 1.067705863305102726e-01 2.331186071115169678e-02 7.685200476208315506e-03
8.471496978884819340e-01 1.206230239890008910e-01 2.404470296089020881e-02 8.182575161626922874e-03
8.341081495735759299e-01 1.339981074814387552e-01 2.359646059841986540e-02 8.297282346565544933e-03
8.223258305089670150e-01 1.477820131615484589e-01 2.193992194659755146e-02 7.952234382887061331e-03
8.090242578837728571e-01 1.641242704670066721e-01 1.945789646500601169e-02 7.393575184214642125e-03
7.977241189825599044e-01 1.785639344422242925e-01 1.673367358013605477e-02 6.978272995079837747e-03
7.961793421669171034e-01 1.828451487444317236e-01 1.413722277886952754e-02 6.838286309781555286e-03
7.987860710026690736e-01 1.815219224766994877e-01 1.248231965375813136e-02 7.209686866873181617e-03
7.952635405628769583e-01 1.835836009359678167e-01 1.255196247810510569e-02 8.600896023050023931e-03
7.864247484646135211e-01 1.877870116399434908e-01 1.436621043797660195e-02 1.142202945746640524e-02
7.776280166540844307e-01 1.890514445466321136e-01 1.748204546178179497e-02 1.583849333750176475e-02
7.720123770255505891e-01 1.852902187230723585e-01 2.106439588696051163e-02 2.163300836441673161e-02
7.720471193065865378e-01 1.747794236824771197e-01 2.452288794519993237e-02 2.865056906573624704e-02
7.771734634884579496e-01 1.581453384556698316e-01 2.770984992915559442e-02 3.697134812671680482e-02
7.815985757880954399e-01 1.414463896872366899e-01 3.055895408582811126e-02 4.639608043883946403e-02
7.796121550242154363e-01 1.310275044332719074e-01 3.314300110960696766e-02 5.621733943290552205e-02
7.699516150507832446e-01 1.296116647535174859e-01 3.544603113869024269e-02 6.499068905700915166e-02
7.532859076792396413e-01 1.380621218609250356e-01 3.753163385391954099e-02 7.112033660591601802e-02
7.310294955410923112e-01 1.565409376534237229e-01 3.929980715571652905e-02 7.312975964976756171e-02
7.028367534067399003e-01 1.838279089380385478e-01 4.128523402600767916e-02 7.205010362921372702e-02
6.695339089474913186e-01 2.147513842124087469e-01 4.467469897779362958e-02 7.104000786230631193e-02
6.350857813192479773e-01 2.410770759201367741e-01 5.110767102482669660e-02 7.272947173578825364e-02
6.114525602842820762e-01 2.517132438547728945e-01 5.907236011149088334e-02 7.776183574945354227e-02
6.011532188495335438e-01 2.495309906320460069e-01 6.581282739732631504e-02 8.350296312109371788e-02
6.023724061473282321e-01 2.413940924691362344e-01 6.878930060125654222e-02 8.744420078227897741e-02
6.111776230088695749e-01 2.299267802722126386e-01 6.910191059368464561e-02 8.979368612523326576e-02
6.254497995208918582e-01 2.164212071417486727e-01 6.773179990506539294e-02 9.039719343229427051e-02
6.371262886871126296e-01 2.089824848651824774e-01 6.586710258096736825e-02 8.802412386673739986e-02
6.482089685661421852e-01 2.094879993304209209e-01 6.161972209391301109e-02 8.068331000952384813e-02
6.624784230599176649e-01 2.151445249249783753e-01 5.387403431677025012e-02 6.850301769833382071e-02
6.836770317807903119e-01 2.170740032025897104e-01 4.443197634178940730e-02 5.481698867483036919e-02
7.121338162360163482e-01 2.080024010647964494e-01 3.654202068064761610e-02 4.332176201853898262e-02
7.451660951367511387e-01 1.885909651292304590e-01 3.115969074811674247e-02 3.508324898590138574e-02
7.774057936870509833e-01 1.645240465408285557e-01 2.813313420904635029e-02 2.993702556307420784e-02
8.047700279671937684e-01 1.404618709537084065e-01 2.726351847635289163e-02 2.750458260274501326e-02
8.248537822090091787e-01 1.192926328064098790e-01 2.842164757477540910e-02 2.743193740980544304e-02
8.332203277365174410e-01 1.052515007470962993e-01 3.184913570435807945e-02 2.967903581202796862e-02
8.275784804963828289e-01 1.012928339930058291e-01 3.748564954948752082e-02 3.364303596112375172e-02
8.117129814313239766e-01 1.043290147777857085e-01 4.515561176686219702e-02 3.880239202402780557e-02
7.894815301814415154e-01 1.102060207604916159e-01 5.488896066890536912e-02 4.542348838916170778e-02
7.625220706808637505e-01 1.190692876689995183e-01 6.571401717574912316e-02 5.269462447438760105e-02
7.293897132145453766e-01 1.336710448990981459e-01 7.696722827680850532e-02 5.997201360954802080e-02
6.851894946598828806e-01 1.565246939055686126e-01 9.004496964254239677e-02 6.824084179200599898e-02
6.255674970568696480e-01 1.881501213439550346e-01 1.075306021625522107e-01 7.875177943662309277e-02
5.511632966725860117e-01 2.256799251878615908e-01 1.317185223193154120e-01 9.143825582023683285e-02
4.700683448369135098e-01 2.631026084877978732e-01 1.623382837273490142e-01 1.044907629479394640e-01
3.946084836486267733e-01 2.952560522081643102e-01 1.953909696403733076e-01 1.147444945028357477e-01
3.328249437855690940e-01 3.202451240368395236e-01 2.274808950499460636e-01 1.194490371276451107e-01
2.871324676953727617e-01 3.377408925533137984e-01 2.574209604726355738e-01 1.177056792786776857e-01
2.508723998989818571e-01 3.553780531595879255e-01 2.830296733979528190e-01 1.107198735434774262e-01
2.215622618119017784e-01 3.794299733540743014e-01 2.991819027946107101e-01 9.982586203941337666e-02
1.956192715997354670e-01 4.200269110734072275e-01 2.984746169833569773e-01 8.587920034350045306e-02
1.698881709557060193e-01 4.857014518899672173e-01 2.738833217423128907e-01 7.052705541201383099e-02
1.407904726273535301e-01 5.760320155226582584e-01 2.271053121155320320e-01 5.607219973445633915e-02
1.143414252191276570e-01 6.682044628064834901e-01 1.734668956307589549e-01 4.398721634363021715e-02
9.442609686066238961e-02 7.398265748093121319e-01 1.302509637358016392e-01 3.549636459422347151e-02
8.128042776655315660e-02 7.868186491276203398e-01 1.015020128534215443e-01 3.039891025240519865e-02
7.503594496881092757e-02 8.154215701632093749e-01 8.227272478603606110e-02 2.726976008194369541e-02
7.291310004890216856e-02 8.342028071130122013e-01 6.799864875158116717e-02 2.488544408650443865e-02
7.567389154580554667e-02 8.447905277469994756e-01 5.674203368599194108e-02 2.279354702120323095e-02
8.459587877742365258e-02 8.467611615320564944e-01 4.776942936220427566e-02 2.087353032831579594e-02
1.009212214522711148e-01 8.386919047153215123e-01 4.101700188787620049e-02 1.936987194453132152e-02
1.257302110552845076e-01 8.192467928964008994e-01 3.635306996787076445e-02 1.866992608044364121e-02
1.553511842549319955e-01 7.925847150738219993e-01 3.302464078318940316e-02 1.903945988805674783e-02
4.265938600375709933e-02 8.955225783987484645e-02 2.141460726387195423e-01 6.536422835176487478e-01
4.523556892736475127e-02 9.457374028702154878e-02 2.211874933787801034e-01 6.390031974068338672e-01
4.860541566781458739e-02 1.006647058918705984e-01 2.233695401035823425e-01 6.273603383367325481e-01
5.276148961403215321e-02 1.069027062460951166e-01 2.230831500299558512e-01 6.172526541099166986e-01
5.773090694569873310e-02 1.125125331759883052e-01 2.233763774477453001e-01 6.063801824305677934e-01
6.351317460304599372e-02 1.174890609730091656e-01 2.256048997679035995e-01 5.933928646560415743e-01
7.021736840101978905e-02 1.230243731413761393e-01 2.290199242423743009e-01 5.777383342152299095e-01
7.799370916797618292e-02 1.309300721977696147e-01 2.328627516176494106e-01 5.582134670166047918e-01
8.692557245547491429e-02 1.423836023402653139e-01 2.371293567624338794e-01 5.335614684418259479e-01
9.754802114552621473e-02 1.575628848059499598e-01 2.420628249829354650e-01 5.028262690655881384e-01
1.103811881799107858e-01 1.775299366816003033e-01 2.480179763828878614e-01 4.640708987556012022e-01
1.263413523298676788e-01 2.010761172521627616e-01 2.559392124891982090e-01 4.166433179287714617e-01
1.429252539654754794e-01 2.298101494027318392e-01 2.630264056005436890e-01 3.642381910312488813e-01
1.567559357579932922e-01 2.622383555321594617e-01 2.672480694779174604e-01 3.137576392319296192e-01
1.646945286177043666e-01 3.005120772511344351e-01 2.652050033188977918e-01 2.695883908122634343e-01
1.640701395465335166e-01 3.417060913611915662e-01 2.622713544956599696e-01 2.319524145966150863e-01
1.551931696423110296e-01 3.822903879859459453e-01 2.617595842347827384e-01 2.007568581369602312e-01
1.408247851063126888e-01 4.141001341205679531e-01 2.678568487861800462e-01 1.772182319869392286e-01
1.267187507833628934e-01 4.248259463208989839e-01 2.863561757992396095e-01 1.620991270964986797e-01
1.131673327372884896e-01 4.139776238738961944e-01 3.189102411079119959e-01 1.539448022809034866e-01
1.015943240660459879e-01 3.798614523005391930e-01 3.682394838437358930e-01 1.503047397896785375e-01
9.006689639220230581e-02 3.231165282664545946e-01 4.363732411056361893e-01 1.504433342357066883e-01
7.816140131448634509e-02 2.455584670690839355e-01 5.206292255962350346e-01 1.556509060201944628e-01
2.413631493948304244e-02 9.190373257472571333e-02 8.209061361923365718e-02 8.018693388665575350e-01
2.352479483711737707e-02 8.765403658577505808e-02 8.411005884520830755e-02 8.047111097318990769e-01
2.448067021693467113e-02 8.478202627267696079e-02 8.906463685365827165e-02 8.016726666567298709e-01
2.667109790099500555e-02 8.162238975193898682e-02 9.655165786736118194e-02 7.951548544797047979e-01
2.957759244151896352e-02 7.629745628412210046e-02 1.053921250498741913e-01 7.887328262244848176e-01
3.259780046992399177e-02 6.834134548682758992e-02 1.141109586182823821e-01 7.849498954249664040e-01
3.492490654366493807e-02 5.841851663563437519e-02 1.198841132096324230e-01 7.867724636110682290e-01
3.557710608695340698e-02 4.725331762475313419e-02 1.191066754226041968e-01 7.980629008656893175e-01
3.424884301097236294e-02 3.593104012420789833e-02 1.115352425535633407e-01 8.182848743112564049e-01
3.198561393297767730e-02 2.609967001137596457e-02 1.008898970230114184e-01 8.410248190326350404e-01
2.987758586433324551e-02 1.864299394314584274e-02 9.014215724744265024e-02 8.613372629450779527e-01
2.823231979298159930e-02 1.345958321313202484e-02 8.035321440231237011e-02 8.779548825915742816e-01
2.752007908651418755e-02 1.023099751251503597e-02 7.286957943428920559e-02 8.893793439666815015e-01
2.826108893022227786e-02 8.484685713470479368e-03 6.849211879458524943e-02 8.947621065617217262e-01
3.086433503602329514e-02 7.804903606937128348e-03 6.750391630647907537e-02 8.938268450505605367e-01
3.593009591288113397e-02 7.990800073421226724e-03 7.093100225517499913e-02 8.851481017585223210e-01
4.361983125122417121e-02 8.848287422592943097e-03 8.049551614772747221e-02 8.670363651784557257e-01
5.343717612334856343e-02 1.019887009758652617e-02 9.938198975111182942e-02 8.369819640279529960e-01
6.548900778448128734e-02 1.222544571517701455e-02 1.343543406581562405e-01 7.879312058421853449e-01
8.081886085950980292e-02 1.537490914127879679e-02 1.944516591291323149e-01 7.093545708700791375e-01
1.003413762790941743e-01 2.015461429798494006e-02 2.848899573289879750e-01 5.946140520939329210e-01
1.232353574511299288e-01 2.744576124741879633e-02 3.988163025021660424e-01 4.505025787992851805e-01
1.459271793192850053e-01 3.846157154424211660e-02 5.100098916071561517e-01 3.056013575293166640e-01
1.665416631930180524e-01 5.521788973492081087e-02 5.850505366101891314e-01 1.931899104618718110e-01
1.879796193747575450e-01 8.157306201478602137e-02 6.063892389109672987e-01 1.240580796994890517e-01
2.105519399819236470e-01 1.200209631686472433e-01 5.818916040100887699e-01 8.753549283934024261e-02
2.307673582851368921e-01 1.664315592044562087e-01 5.342669117827433256e-01 6.853417072766367080e-02
2.464250680504372071e-01 2.116038353936885719e-01 4.842102222591958549e-01 5.776087429667844941e-02
2.576959790026497332e-01 2.468336476224668452e-01 4.440311273356369326e-01 5.143924603924649591e-02
2.657100696745079982e-01 2.672164720409245242e-01 4.186683871481567953e-01 4.840507113641047410e-02
2.688514323170891895e-01 2.717172631559834350e-01 4.113476966227231357e-01 4.808360790420415642e-02
2.626985085628289474e-01 2.638546492907226648e-01 4.235005435038318722e-01 4.994629864261676544e-02
2.454548678269125039e-01 2.498376829976423630e-01 4.518937020215187395e-01 5.281374715392648383e-02
2.205463495561976184e-01 2.335936575337925480e-01 4.914719115975570429e-01 5.438808131245299188e-02
1.936322889015839599e-01 2.141722492494634866e-01 5.392561997649686356e-01 5.293926208398394562e-02
1.702649571166390541e-01 1.875991103549813910e-01 5.932136236087083292e-01 4.892230891967132983e-02
1.536780800689442061e-01 1.542072373371512206e-01 6.481538690348391807e-01 4.396081355906564930e-02
1.440899867941558832e-01 1.186570611662543379e-01 6.977774355396961781e-01 3.947551649989348987e-02
1.387570369999127085e-01 8.478912110190353624e-02 7.400480090482383089e-01 3.640583284994564767e-02
1.345666448192758546e-01 5.564140194439097520e-02 7.747457251484812790e-01 3.504622808785159971e-02
1.251576589527302608e-01 3.467004475553272375e-02 8.053680780181834420e-01 3.480421827355325431e-02
1.165711729447255485e-01 2.170519948380155925e-02 8.259572600529895281e-01 3.576636751848353418e-02
1.120167325571895800e-01 1.478103799956066548e-02 8.362267655271855560e-01 3.697546391606428007e-02
1.127339160543226054e-01 1.126173649523930925e-02 8.381123914536618980e-01 3.789195599677577103e-02
1.168170387749741107e-01 9.404829558726974376e-03 8.350611964848450031e-01 3.871693518145383900e-02
1.224448492036652736e-01 8.229753580053723178e-03 8.290156188171141638e-01 4.030977839916669025e-02
1.275446086042291705e-01 7.203198818630070048e-03 8.215473513412678841e-01 4.370484123587291964e-02
1.289515672321615014e-01 6.138144027403578430e-03 8.142867899944470356e-01 5.062349874598759403e-02
1.259037376558073684e-01 5.146051767507926582e-03 8.043802352753003371e-01 6.456997530138411379e-02
1.198518611942294559e-01 4.426593389371482473e-03 7.850999322563877447e-01 9.062161316001113298e-02
1.114907189464789811e-01 3.987764101878010781e-03 7.513132949505534341e-01 1.332082220010894769e-01
9.836731847938912088e-02 3.858528607483036055e-03 7.071259054675734790e-01 1.906482474455543918e-01
8.590671961959860103e-02 3.257412725239127761e-03 6.583325378244317960e-01 2.525033298307305385e-01
7.761684706007965229e-02 3.102145916676512637e-03 6.132863667647945327e-01 3.059946402584487468e-01
7.724660266047392310e-02 3.224736546959966216e-03 5.751535009324202363e-01 3.443751598601458852e-01
8.511968738460511108e-02 3.632354184259137427e-03 5.502031033075379662e-01 3.610448551235977965e-01
1.029592473972782002e-01 4.346753433074321271e-03 5.442650357158781427e-01 3.484289634537694469e-01
1.338441324260318255e-01 5.435506311665784865e-03 5.588280814500949933e-01 3.018922798122077866e-01
1.819356935652960694e-01 6.992716142751834174e-03 5.823003934127197745e-01 2.287711968792323358e-01
2.514926742586540698e-01 9.219609914304809084e-03 5.890210759288897480e-01 1.502666398981512830e-01
3.371159372609440763e-01 1.230493873814029852e-02 5.625362899142111184e-01 8.804283408670432465e-02
4.257241458959821756e-01 1.595972597756464134e-02 5.097662606704438382e-01 4.854986745600949755e-02
5.096839162105470944e-01 2.203970843619252468e-02 4.421057740327377084e-01 2.617060132052256502e-02
5.823431901728293170e-01 3.109086296383611198e-02 3.721408623867295540e-01 1.442508447660505524e-02
6.356348707078354199e-01 4.489970294717836319e-02 3.109513589207674178e-01 8.514067424218863325e-03
6.686858786796602283e-01 6.615184677083128795e-02 2.598653527042538158e-01 5.296921845254841388e-03
6.846775937278108959e-01 9.704257108994591985e-02 2.148715110634479009e-01 3.408324118795584817e-03
6.910828618114673860e-01 1.327167520290855884e-01 1.739372173305194502e-01 2.263168828928031548e-03
6.884174906939971583e-01 1.693427170826548589e-01 1.406246961696838993e-01 1.615096053664038384e-03
6.909912177322262705e-01 1.948762843377051246e-01 1.128976852781620882e-01 1.234812651906688416e-03
7.137682582201071435e-01 1.964484510930039896e-01 8.876325178220162426e-02 1.020038904687543000e-03
7.505395128885706812e-01 1.769264162186360845e-01 7.159874592876261379e-02 9.353249640305345098e-04
7.867840269667714104e-01 1.483010821915039246e-01 6.397170816305523811e-02 9.431826786698097867e-04
8.111392176020718603e-01 1.205044649066104034e-01 6.734376474574335636e-02 1.012552745574297076e-03
8.148736564305590901e-01 9.634343969511303951e-02 8.763535326784138713e-02 1.147550606486504900e-03
7.835856852027821562e-01 7.549757986791669206e-02 1.395199004407541576e-01 1.396834488546622871e-03
7.007284622066710655e-01 6.074727912125704732e-02 2.367229200907824960e-01 1.801338581289351273e-03
5.891717531909376193e-01 4.788911003983404441e-02 3.607503386822434321e-01 2.188798086984693799e-03
4.902712786702310144e-01 3.637983718730420507e-02 4.709043285903924403e-01 2.444555552072351541e-03
4.235769903776098744e-01 2.772931311836138862e-02 5.460980694268976476e-01 2.595627077131449321e-03
3.900975715018635825e-01 2.284514053288420540e-02 5.842851516640058529e-01 2.772136301246268079e-03
3.879116725253089482e-01 2.166254032921296341e-02 5.873326026230014651e-01 3.093184522476738647e-03
4.075410359554300643e-01 2.349396164586694397e-02 5.653845964313062300e-01 3.580405967396462462e-03
4.319322240026482462e-01 2.767794163651946665e-02 5.362021514213398676e-01 4.187682939492672757e-03
4.479850012755127175e-01 3.382424000713729617e-02 5.133870593644548341e-01 4.803699352895114856e-03
4.565685687415028116e-01 4.258224199360784168e-02 4.955947137806416825e-01 5.254475484247114400e-03
4.705481135706837681e-01 5.603576299406237693e-02 4.679575354323960434e-01 5.458588002857638066e-03
4.969091208527355863e-01 7.612350455548942685e-02 4.215007450446712212e-01 5.466629547103514161e-03
5.278231823460936001e-01 1.012588150452200658e-01 3.655755655914884605e-01 5.342437017197543096e-03
