2.709549339319604067e-01 5.108302517811655896e-01 1.838148828564424020e-01 3.439993143043147683e-02
3.871918518500726963e-02 1.967523505031605613e-02 7.952969140132504222e-01 1.463086657514261202e-01
3.718637020975601448e-02 1.617482506784765489e-02 8.080442206131910332e-01 1.385945841092053321e-01
3.604980675614447017e-02 1.266934125478950610e-02 8.205301839377241446e-01 1.307506680513421116e-01
3.396054419999733343e-02 9.198806075803943327e-03 8.316741479788026803e-01 1.251665017453960083e-01
3.221525448920058848e-02 6.830304949170610748e-03 8.380816417544963981e-01 1.228727988071322691e-01
2.996279050910072295e-02 5.109708403444522713e-03 8.430162691006151121e-01 1.219112319868396604e-01
2.789117539166611343e-02 3.948322173810961920e-03 8.497115658611352762e-01 1.184489365733879668e-01
2.580365947803915649e-02 3.135851496271640365e-03 8.630006613053242681e-01 1.080598277203650703e-01
2.337393688274331041e-02 2.565107002502802717e-03 8.827471491098243250e-01 9.131380700492949809e-02
2.081648955762712208e-02 2.187521611680750752e-03 9.045187237232102939e-01 7.247726510748196682e-02
1.855074591829161679e-02 1.960586746154906364e-03 9.243607902265034149e-01 5.512787710905003857e-02
1.688212454394147702e-02 1.851358561079726947e-03 9.403814252209784508e-01 4.088509167400026373e-02
1.582292296048445901e-02 1.835004129779767550e-03 9.523727526670678900e-01 2.996932024266770606e-02
1.525738200911748270e-02 1.881640078179830193e-03 9.607925738552580697e-01 2.206840405744465300e-02
1.539809020237547545e-02 1.981630916179939490e-03 9.658138293545779351e-01 1.680644952686640575e-02
1.682840397460131157e-02 2.180246931847382944e-03 9.672561775343982982e-01 1.373517155915302164e-02
2.007309712397813140e-02 2.558951739212968462e-03 9.652710107082698165e-01 1.209694042853915776e-02
2.547021846571034462e-02 3.243693568608162475e-03 9.603903595982168362e-01 1.089572836746470312e-02
3.407637073006338641e-02 4.588864518808055334e-03 9.519511402423017632e-01 9.383624508826808944e-03
4.976253598681503604e-02 7.815068945154110894e-03 9.345957683913185265e-01 7.826626676712218969e-03
7.971949417387894088e-02 1.728151817002629084e-02 8.958259803614335715e-01 7.173007294661182080e-03
1.340186690013294157e-01 4.063502833733053515e-02 8.178693437839659186e-01 7.476958877374182549e-03
2.150091875402476427e-01 8.717905806150615111e-02 6.904462163005495867e-01 7.365538097696490254e-03
3.032992634072084193e-01 1.541353324840300798e-01 5.363796725528828802e-01 6.185731555878697108e-03
3.642706155129420975e-01 2.242680347846397471e-01 4.071235412306868917e-01 4.337808471731180449e-03
3.849527336440772829e-01 2.830820282811249422e-01 3.291859671109351182e-01 2.779270963862715254e-03
3.788365668160369459e-01 3.229162747931536015e-01 2.964131952139325010e-01 1.833963176876630616e-03
3.631607801510625677e-01 3.369926870764585747e-01 2.985146661391923639e-01 1.331866633286766903e-03
3.449344629741272761e-01 3.256756347439266897e-01 3.283218092050024239e-01 1.068093076943576721e-03
3.210623080700285570e-01 2.996015804730257082e-01 3.784138598558568489e-01 9.222516010890288284e-04
2.899988308146317362e-01 2.712023721000309529e-01 4.379557214792502151e-01 8.430756060870390513e-04
2.555405612709540919e-01 2.458195280333038690e-01 4.978117758111049729e-01 8.281348846369643866e-04
2.238366455521594300e-01 2.209409965058726222e-01 5.543204632274556509e-01 9.018947145125986997e-04
1.976606131740200334e-01 1.908738572327293992e-01 6.103976807218458589e-01 1.067848871404626773e-03
1.731131570869795522e-01 1.543290940621018237e-01 6.712992199026380780e-01 1.258528948280104257e-03
1.464394062514542127e-01 1.162567848448907842e-01 7.359335044770138889e-01 1.370304426640983533e-03
1.197890432682161693e-01 8.345240813778051492e-02 7.953505631622266314e-01 1.407985431776488531e-03
9.879263939834938280e-02 6.016142233907301184e-02 8.395459953278990861e-01 1.499942934678854482e-03
8.693659257182433098e-02 4.603272861240557262e-02 8.652636624727489956e-01 1.767016343020610773e-03
8.434357986531840212e-02 3.885867795118117668e-02 8.745170097900408779e-01 2.280732393459324308e-03
9.060834134026629627e-02 3.451672680484604849e-02 8.718498113961193896e-01 3.025120458767893532e-03
1.024991611658635088e-01 3.197287962998768968e-02 8.614803518944672556e-01 4.047607309681567657e-03
1.174331166637846841e-01 3.154923499775113410e-02 8.455946707192744105e-01 5.422977619189578782e-03
1.339673712412063900e-01 3.176075358508206187e-02 8.273150365730846945e-01 6.956838600626925710e-03
1.509118849480101110e-01 3.390722979931536096e-02 8.067853447163015890e-01 8.395540536373048354e-03
1.653139473330282883e-01 3.807061386509815598e-02 7.870603918766880813e-01 9.555046925185542092e-03
1.730147991574790545e-01 4.363827308883165557e-02 7.729971917392509662e-01 1.034973601443852156e-02
1.725400322203512471e-01 5.030293551437232946e-02 7.663705190553887769e-01 1.078651320988769161e-02
1.663921775360371336e-01 5.862776379323304116e-02 7.640761492729062354e-01 1.090390939782363323e-02
1.586400540817798910e-01 6.900464939614699145e-02 7.616235327605070937e-01 1.073176376156595793e-02
1.533049442819142683e-01 8.152636802143875538e-02 7.546871904311924784e-01 1.048149726545458821e-02
1.532023508199697459e-01 9.505620408642694030e-02 7.413602238149669121e-01 1.038122127863649706e-02
1.622050881641758369e-01 1.121036624819904681e-01 7.151711538106053645e-01 1.052009554322831317e-02
1.852577572101476444e-01 1.396461300408187167e-01 6.643681656199174057e-01 1.072794712911579774e-02
2.231857415664060540e-01 1.894320817166417481e-01 5.768503050838993396e-01 1.053187163305304222e-02
2.594286018794985660e-01 2.773065239015352623e-01 4.532883735917915824e-01 9.976500627174467867e-03
2.608262650823907625e-01 4.135891245847335140e-01 3.160581930623880265e-01 9.526417270487464589e-03
2.159635133772490057e-01 5.800291512127080384e-01 1.958240979193507647e-01 8.183237490692399363e-03
1.578509431458690604e-01 7.237302033990027361e-01 1.125559460735896800e-01 5.862907381538701342e-03
1.181103947225988771e-01 8.111735365531190789e-01 6.661531616232227448e-02 4.100752561959613435e-03
9.896741818559855186e-02 8.539093045471892740e-01 4.393334700221462885e-02 3.189930264997973327e-03
9.487125844274132969e-02 8.695108915165719043e-01 3.283062047492778940e-02 2.787229565759005191e-03
9.902556204376826432e-02 8.713862955694396950e-01 2.698222626027398791e-02 2.605916126518035419e-03
1.090581006794145713e-01 8.649594078045691470e-01 2.349988255632587397e-02 2.482608959690164006e-03
1.238125049942537803e-01 8.528974088020208066e-01 2.093017162594399197e-02 2.359914577781355594e-03
1.375736926872255517e-01 8.414029813091657983e-01 1.875949755292982690e-02 2.263828450679022594e-03
1.447270294832856130e-01 8.368259854824325883e-01 1.629187825728798181e-02 2.155106776993810820e-03
1.416245765879223517e-01 8.428451001346779492e-01 1.353041628871783433e-02 1.999906988682026085e-03
1.317723136777749771e-01 8.553452090550535125e-01 1.105046119242997921e-02 1.832016074741659372e-03
1.227853704030784227e-01 8.660034147284565442e-01 9.453103333039704348e-03 1.758111535425557976e-03
1.179673770233483077e-01 8.716014108068728117e-01 8.636581699630146297e-03 1.794630470148802018e-03
1.030720690233836723e-01 1.363364994644191037e-02 2.893263774304464242e-01 5.939679035997280643e-01
1.604437980156755636e-02 8.036905813399799776e-04 3.485014544703103623e-02 9.483017841700613904e-01
1.188429732209934052e-02 5.771405419319141326e-04 3.223639540925984925e-02 9.553021667267085348e-01
9.919838907548179235e-03 4.758666686518358592e-04 3.209351017020340563e-02 9.575107842535963698e-01
9.440167618449136697e-03 4.500200420128300954e-04 3.393050863927032923e-02 9.561793037002676021e-01
9.753665445887032062e-03 4.607634481949765678e-04 3.665265227309661561e-02 9.531329188328214741e-01
1.008698607945085306e-02 4.712834142944806329e-04 3.827370141464088438e-02 9.511680290916135760e-01
9.734100972975294822e-03 4.572554723803599246e-04 3.726414963919927326e-02 9.525444939154451562e-01
8.561117484423872576e-03 4.240129614153785478e-04 3.427313664163650353e-02 9.567417329125239567e-01
7.094784241372250125e-03 3.959867333216440495e-04 3.136659210349981158e-02 9.611426369218061261e-01
5.856731060906775720e-03 3.892079585558468145e-04 2.974451758367998092e-02 9.640095433968569605e-01
4.942263924403153541e-03 3.980223487825105687e-04 2.882635672829231624e-02 9.658333569985217970e-01
4.300368404363241401e-03 4.148503420162826731e-04 2.761991842699697622e-02 9.676648628266237839e-01
3.931012530757041837e-03 4.400486626900562172e-04 2.570038896655430644e-02 9.699285498399985439e-01
3.867563996733933748e-03 4.785012307081017570e-04 2.320534196747301228e-02 9.724485928050848882e-01
4.168159009914103666e-03 5.400570458738461000e-04 2.071343304161460744e-02 9.745783509025977009e-01
4.949146305472934028e-03 6.466258535786637614e-04 1.905423717388670182e-02 9.753499906670615172e-01
6.300815739271821252e-03 8.201791246257371208e-04 1.876184874178714324e-02 9.741171563943152867e-01
7.975220904554073884e-03 1.031113675345772963e-03 1.954020084396319509e-02 9.714534645761370157e-01
9.433510606489036929e-03 1.203865799927244813e-03 2.074651960675668455e-02 9.686161039868269595e-01
1.026225746683074279e-02 1.291987105734494160e-03 2.216110750770472829e-02 9.662846479197300109e-01
1.066078649638883130e-02 1.326051970668727870e-03 2.434341902189467166e-02 9.636697425110476445e-01
1.131164585264701934e-02 1.381720017886566270e-03 2.831648855620233843e-02 9.589901455732640079e-01
1.275766551140529621e-02 1.503440550032671954e-03 3.476522317036946641e-02 9.509736707681926138e-01
1.527875916473235736e-02 1.688958237012179366e-03 4.379294704320108034e-02 9.392393355550543443e-01
1.923431160507640611e-02 1.932588833788430500e-03 5.569851575848797781e-02 9.231345838026472350e-01
2.537103697386739257e-02 2.267631256705561309e-03 7.245656271784449431e-02 8.999047690515827869e-01
3.402099341030701690e-02 2.676155736404222697e-03 9.720193123326027751e-02 8.661009196200285531e-01
4.389186070909670279e-02 3.044688950031475185e-03 1.339880883212116736e-01 8.190753620196598028e-01
5.156009767012726536e-02 3.222058581199387095e-03 1.879008599740085717e-01 7.573169837746647204e-01
5.296985576342635310e-02 3.099551333211388038e-03 2.658668408269730388e-01 6.780637520763892478e-01
4.651506357507575323e-02 2.668090483787357962e-03 3.729281987013036148e-01 5.778886472398329088e-01
3.483507580918239477e-02 2.037945259086541491e-03 4.984956285347284521e-01 4.646313503970024850e-01
2.312538054875779361e-02 1.415417868326424630e-03 6.179631143341465238e-01 3.574960872487693564e-01
1.483150780389951538e-02 9.478916131202619940e-04 7.137732454394827286e-01 2.704473551434972700e-01
1.040581922537433222e-02 1.039610396221023495e-03 7.824897781502858640e-01 2.060647922281187427e-01
7.935645408874108034e-03 6.671869569015931789e-04 8.282935277184116929e-01 1.631036399158126704e-01
7.007880595017978650e-03 5.057934690117475577e-04 8.565631418459740409e-01 1.359231840899960131e-01
6.758038252009129776e-03 4.405304776443874876e-04 8.749543048556109870e-01 1.178471264147356590e-01
7.018817685316141620e-03 4.487912433897837299e-04 8.874542922009460710e-01 1.050780988703478580e-01
7.901746125507772001e-03 5.447865423374169576e-04 8.944945243012533131e-01 9.705894303090124853e-02
9.622674821103530118e-03 7.581312730678525054e-04 8.946184654645005230e-01 9.500072844132823047e-02
1.248971557542422062e-02 1.129300657477234080e-03 8.867323212561744050e-01 9.964866251092391325e-02
1.778263174260149779e-02 1.772489684106217560e-03 8.695797240865744682e-01 1.108651544867179095e-01
2.497124329694093078e-02 2.663175144035693359e-03 8.447942076966301617e-01 1.275713738623933391e-01
3.591173601947688504e-02 3.937563717724748384e-03 8.125366876644046776e-01 1.476140125983935181e-01
5.213206484315496131e-02 5.716871521506508222e-03 7.745297994535456088e-01 1.676212641817932392e-01
7.396455147954936193e-02 8.033002457603539287e-03 7.349565443981765922e-01 1.830459016646706627e-01
9.936485022067119421e-02 1.080582926226889701e-02 6.988933220139871283e-01 1.909359985030730233e-01
1.311764410871457398e-01 1.451820414914077421e-02 6.630969503541322974e-01 1.912084044095813951e-01
1.645974412507565099e-01 1.927167102089481429e-02 6.320105847345053318e-01 1.841203029938430491e-01
2.047214347900367382e-01 2.550912550197318926e-02 5.983736425241262813e-01 1.713957971838635519e-01
2.518484899211786976e-01 3.353539755872096684e-02 5.581214658549994434e-01 1.564946466651009893e-01
3.082431229195731204e-01 4.275439008745454683e-02 5.060433172168244953e-01 1.429591697761478930e-01
3.767734399608062001e-01 5.093625717327836949e-02 4.405050851947190926e-01 1.317852176711962475e-01
4.588198622699926066e-01 5.526591845048184348e-02 3.636760354916487303e-01 1.222381837878768196e-01
5.488251933773572455e-01 5.381371486318656250e-02 2.838228404119192971e-01 1.135382513475371308e-01
6.309322893797506548e-01 4.781177006119343570e-02 2.160112438678784275e-01 1.052446966911772391e-01
6.991974299638538115e-01 4.041234652179081371e-02 1.636898971850161977e-01 9.670032632933905914e-02
7.496412200259348069e-01 3.479675780728168355e-02 1.278003220816668062e-01 8.776170008511655074e-02
7.844040396761412515e-01 3.239580573360981153e-02 1.048170992050647399e-01 7.838305538518407223e-02
8.093566812890586881e-01 3.351867769864805280e-02 8.932935999899505042e-02 6.779528101329822254e-02
8.284159590958831698e-01 3.839939875731305380e-02 7.695471778038649735e-02 5.622992436641718883e-02
8.414273037372647090e-01 4.708662327933250263e-02 6.588478115975771043e-02 4.560129182364505707e-02
8.467950898729382780e-01 5.874943556336634232e-02 5.675281040398199445e-02 3.770266415971350316e-02
8.449627919506796925e-01 7.152203504152741809e-02 5.060191003459694331e-02 3.291326297319581429e-02
8.392008765752426713e-01 8.329822576512363463e-02 4.705681945160671009e-02 3.044407820802681047e-02
8.319639499321450637e-01 9.344964166114845538e-02 4.503427200003559672e-02 2.955213640667122069e-02
8.225467854443061499e-01 1.040485619825489289e-01 4.350937358317764209e-02 2.989527898996717503e-02
8.093197784648838988e-01 1.178660414967719894e-01 4.170464073312692144e-02 3.110953930521725280e-02
7.927900044111882982e-01 1.354962817728030677e-01 3.927382714211261755e-02 3.243988667389614833e-02
7.750484290043558877e-01 1.560429367261379208e-01 3.613931264081985534e-02 3.276932162868630150e-02
1.096113555665819000e-01 8.689432897550700696e-01 1.313089152152258424e-02 8.314463156825414869e-03
5.916644162943087565e-02 1.283784690050451078e-03 8.829704536132840786e-01 5.657932006723465773e-02
8.484657560865134507e-02 1.956512234754363179e-03 8.532921013587574377e-01 5.990481079783679247e-02
1.194490917419964854e-01 2.913311395179328956e-03 8.130934394340839644e-01 6.454415742874033968e-02
1.588974853306100998e-01 4.080778669748824292e-03 7.691661862461177668e-01 6.785554975352367513e-02
1.973549828579906906e-01 5.327768729770488050e-03 7.297265185691215184e-01 6.759072984311721710e-02
2.299510919235712714e-01 6.590635808729065556e-03 7.001845353215786494e-01 6.327373694612133115e-02
2.537616151862944203e-01 8.039957822807419774e-03 6.819865138760741186e-01 5.621191311482407610e-02
2.692997373696698893e-01 9.980453882806782778e-03 6.731957172856009031e-01 4.752409146192203282e-02
2.819047246638372584e-01 1.279360090278329996e-02 6.670837696273871353e-01 3.821790480599222828e-02
2.988704624005681376e-01 1.708181830533118603e-02 6.543635473064338681e-01 2.968417198766687068e-02
3.244747895948136285e-01 2.352119404619986906e-02 6.291711920749168963e-01 2.283282428406972764e-02
3.586745461164626558e-01 3.228374984568270489e-02 5.911944288268801140e-01 1.784727521097440386e-02
3.975533149903335839e-01 4.247497727164795817e-02 5.452413356530789734e-01 1.473037208493942034e-02
4.333719431381196086e-01 5.244913968135744842e-02 5.007964122021387743e-01 1.338250497838427630e-02
4.544592243303045564e-01 6.096086553272186959e-02 4.710356982366015188e-01 1.354421190037205687e-02
4.539372032896854536e-01 6.790050727288503285e-02 4.631602341960170954e-01 1.500205524141263666e-02
4.349652202019189673e-01 7.359358550141363586e-02 4.738647904815961320e-01 1.757640381507139318e-02
4.040115693269336061e-01 7.825732006971680699e-02 4.966592246726828086e-01 2.107188593066689278e-02
3.649311751547704152e-01 8.193955473507377740e-02 5.280020886344817255e-01 2.512718147567453292e-02
3.234990027766109222e-01 8.515374216923853046e-02 5.620826710434788653e-01 2.926458401067165080e-02
2.921440597127165639e-01 9.000565128520270075e-02 5.849167527505468867e-01 3.293353625153384867e-02
2.768884853822214387e-01 9.845043535903995335e-02 5.884973634648128504e-01 3.616371579392575059e-02
2.725906843522724055e-01 1.092432786479885509e-01 5.783617862169531110e-01 3.980425078278588408e-02
2.740446947048053583e-01 1.181201601089688497e-01 5.639060049304428501e-01 4.392914025578310150e-02
2.757214131503583077e-01 1.243354984400321800e-01 5.518871477553024540e-01 4.805594065430701667e-02
2.837157815154649487e-01 1.273250387150597351e-01 5.373372159296219142e-01 5.162196383985334647e-02
3.013264382149894449e-01 1.297856153362162701e-01 5.143563703107871810e-01 5.453157613800746484e-02
3.272911153133422069e-01 1.334704257851679066e-01 4.827916824635777870e-01 5.644677643791216198e-02
3.582072351466376037e-01 1.385211642678139676e-01 4.467659374889736967e-01 5.650566309657473890e-02
3.914892702398011237e-01 1.428292858303191193e-01 4.116580850349360610e-01 5.402335889494364746e-02
4.245588317111819165e-01 1.470268851525514953e-01 3.789390752718415634e-01 4.947520786442536483e-02
4.558743269020815725e-01 1.506525916297250245e-01 3.495758891763698917e-01 4.389719229182363625e-02
4.856898901185299211e-01 1.559865022542498425e-01 3.204151281196367940e-01 3.790847950758340773e-02
5.155853805147729840e-01 1.664385458176403376e-01 2.864181530013442112e-01 3.155792066624232839e-02
5.452357714811801870e-01 1.848624461196827495e-01 2.449922445606596833e-01 2.490953783847723452e-02
5.680051630607951818e-01 2.078464804989434700e-01 2.049928422417400253e-01 1.915551419852174614e-02
5.864771861675948106e-01 2.236310168410884092e-01 1.747819496886531265e-01 1.510984730266374046e-02
6.156837995730559676e-01 2.224055673574052150e-01 1.498423664393175869e-01 1.206826663022120792e-02
6.508625028180844430e-01 2.136938153063047408e-01 1.258092199364108377e-01 9.634461939200041070e-03
6.794029462593446089e-01 2.090164311889151083e-01 1.037730350516102851e-01 7.807587500129964733e-03
6.892179417734355384e-01 2.153083602231099791e-01 8.872835564190419133e-02 6.745342361550123698e-03
6.790370094891022834e-01 2.314841660504853571e-01 8.298900874896239510e-02 6.489815711450017295e-03
6.554618203803525001e-01 2.526090837763434460e-01 8.491618542706796946e-02 7.012910416236090537e-03
6.255850226579348083e-01 2.743828119232721852e-01 9.169876270155556675e-02 8.333402717237300972e-03
5.946450116532407959e-01 2.950222502443821671e-01 9.988114913072614065e-02 1.045158897165093977e-02
5.655833390105547975e-01 3.157441780926422692e-01 1.054978221578601466e-01 1.317466073894237900e-02
5.382890734163751079e-01 3.387252042577462152e-01 1.067698127156098825e-01 1.621590961026888114e-02
5.107791438118189919e-01 3.654184911477743047e-01 1.043997740665678770e-01 1.940259097383899636e-02
4.799553815489682185e-01 3.970898621150111829e-01 1.001598267499678174e-01 2.279492958605291303e-02
4.456209612236683437e-01 4.310786301640320839e-01 9.669846189369865619e-02 2.660194671860069762e-02
4.104856984083562477e-01 4.639504287732700294e-01 9.513521011396205984e-02 3.042866270441151391e-02
3.766396338180943437e-01 4.970703395522602652e-01 9.356812212605990220e-02 3.272190450358514885e-02
3.457496536550135335e-01 5.308606850995980508e-01 9.104788674482894306e-02 3.234177450055944480e-02
3.193771227455178274e-01 5.615664289162455303e-01 8.929302736766826787e-02 2.976342097056838137e-02
2.992109373164058006e-01 5.844941200900017897e-01 9.021698024591587317e-02 2.607796234767652266e-02
2.825335891716795333e-01 6.020865104673511770e-01 9.355735729830819136e-02 2.182254306266106017e-02
2.697396620746653761e-01 6.133880762170650369e-01 9.959779604091240079e-02 1.727446566735717573e-02
2.530808574628224950e-01 6.267520746927417452e-01 1.072888078557147629e-01 1.287825998872081830e-02
2.264465818222483884e-01 6.492377712429412417e-01 1.152232886518786276e-01 9.092358282931709348e-03
1.889343633045175719e-01 6.843087316234411910e-01 1.206067101066039954e-01 6.150194965437167163e-03
1.490161780862628293e-01 7.257450683204126340e-01 1.211472800792151722e-01 4.091473514109378318e-03
1.173249872671075500e-01 7.622604750114116978e-01 1.176344464850737903e-01 2.780091236406906363e-03
9.752343271496578814e-02 7.868352456227528657e-01 1.136238481408607531e-01 2.017473521420713126e-03
8.627559828073719239e-02 8.022197749125072885e-01 1.099362709054566289e-01 1.568355901298462956e-03
7.957711967439293210e-02 8.140240473048213632e-01 1.051328263559583032e-01 1.266006664827425826e-03
7.593568305229526916e-02 8.235113845023914747e-01 9.950132262482636047e-02 1.051609820486689231e-03
7.452353722991429674e-02 8.301264233056667718e-01 9.444193970934594562e-02 9.080997550728331369e-04
7.404656323664991768e-02 8.352947375759263160e-01 8.984306470075367757e-02 8.156344866702147384e-04
7.384542408708724692e-02 8.404277480162134495e-01 8.496648206494195055e-02 7.603458317570133606e-04
7.404568279906699468e-02 8.452473245711678018e-01 7.997251641900791908e-02 7.344762107569259828e-04
7.565382567948364390e-02 8.479920263837029681e-01 7.560685086223131735e-02 7.472970745817194465e-04
1.170814561773253319e-02 3.256725312088433466e-04 1.080260058944010511e-02 9.771635812616185079e-01
8.343670710364438081e-01 7.184534290082068841e-02 4.877087021678040007e-02 4.501671584595508258e-02
8.446167453496934430e-01 8.677220046536834874e-02 4.057833496686009261e-02 2.803271921807783118e-02
8.439606138040666172e-01 1.046604888294341146e-01 3.322388692306400826e-02 1.815501044343534320e-02
8.352613507495441070e-01 1.243904450917259069e-01 2.772275232176601989e-02 1.262545183696374244e-02
8.141103322603459036e-01 1.515135993437193296e-01 2.456326409253783635e-02 9.812804303397072714e-03
7.722845848929553725e-01 1.952971306897474668e-01 2.369124161417069177e-02 8.727042803126458526e-03
7.072996750301645541e-01 2.596182715671493391e-01 2.444958867826718327e-02 8.632464724418862853e-03
6.271879228452391652e-01 3.387402105626209359e-01 2.525892871670878947e-02 8.812937875430788479e-03
5.440997860795836472e-01 4.227305267172487557e-01 2.452000869036609701e-02 8.649678512801626737e-03
4.677657135292325186e-01 5.028266446596580952e-01 2.158847015990788404e-02 7.819171651201051176e-03
3.904925525259117514e-01 5.851840796410454626e-01 1.771794427520647502e-02 6.605423557836516586e-03
3.175858576561270130e-01 6.633776229869480234e-01 1.366886494746183053e-02 5.367654409463429657e-03
2.697749331924651495e-01 7.149221754038647125e-01 1.070058779001383659e-02 4.602303613655991769e-03
2.610184989366736708e-01 7.253605518154405685e-01 9.148944051357606536e-03 4.472005196528120417e-03
2.875938122491892290e-01 6.986153034652380356e-01 8.812433828236983929e-03 4.978450457335731501e-03
3.388409815427628757e-01 6.452071116729601874e-01 9.670309032470831775e-03 6.281597751806453772e-03
4.021195928740443071e-01 5.776339209395093821e-01 1.164594895032801565e-02 8.600537236118251799e-03
4.642083113289582896e-01 5.093416202960127093e-01 1.442456647194098780e-02 1.202550190308796473e-02
5.162391901187465271e-01 4.499277843642900954e-01 1.748561903714524607e-02 1.634740647981804129e-02
5.612919741384431171e-01 3.964947598154346387e-01 2.083964238850927880e-02 2.137362365761294111e-02
6.094245084146817648e-01 3.400558911460254130e-01 2.386102774237955360e-02 2.665857269691326512e-02
6.548834950137825128e-01 2.869995741896595454e-01 2.658912846715588696e-02 3.152780232940195770e-02
6.896217271836104779e-01 2.463089962711365322e-01 2.882550815879867875e-02 3.524376838645411347e-02
7.066108092308984734e-01 2.250239106932439559e-01 3.080226547515568444e-02 3.756301460070198689e-02
7.033176826895242151e-01 2.252194866053117417e-01 3.281015029537817651e-02 3.865268040978578346e-02
6.825973105988263345e-01 2.444059801531946741e-01 3.461225289760144069e-02 3.838445635037762010e-02
6.514766034892119917e-01 2.750071259995455208e-01 3.628747763615666061e-02 3.722879287508561175e-02
6.206444457557629413e-01 3.043739735300807214e-01 3.846403744571143257e-02 3.651754326844468268e-02
6.005358750060026951e-01 3.203570644748653939e-01 4.162102831687056886e-02 3.748603220226134902e-02
5.939336361811535792e-01 3.198488377165870089e-01 4.545133391090862285e-02 4.076619219135060868e-02
5.955038748211234356e-01 3.114061281765654887e-01 4.776275188733491300e-02 4.532724511497598918e-02
6.020479681062276267e-01 3.008165592119748100e-01 4.730487178773767204e-02 4.983060089405964149e-02
6.162507042745303254e-01 2.847751608860165651e-01 4.513275171434896066e-02 5.384138312510418356e-02
6.383117964793111332e-01 2.630632761309298351e-01 4.203482680037063518e-02 5.659010058938852838e-02
6.627069230701078117e-01 2.426545586267164767e-01 3.794331778634931623e-02 5.669520051682645084e-02
6.836275138212908331e-01 2.310316861193147664e-01 3.246096075172501955e-02 5.287983930766927687e-02
7.004958684896751553e-01 2.281575683203942995e-01 2.585508754667687273e-02 4.549147564325366905e-02
7.184439918036229500e-01 2.251959108786535657e-01 1.946227734791477343e-02 3.689781996980881495e-02
7.445356656485591085e-01 2.115695941059822782e-01 1.447656770877101505e-02 2.941817253668796775e-02
7.804390415689045346e-01 1.849481296354790749e-01 1.091424578991643732e-02 2.369858300570002949e-02
8.201248022051185194e-01 1.516552179728017091e-01 8.484338067356118201e-03 1.973564175472353188e-02
8.558765331408920707e-01 1.197680269920292917e-01 6.967206945445836297e-03 1.738823292163270071e-02
8.824830034974897597e-01 9.485120749715708621e-02 6.212488111235646947e-03 1.645330089411750282e-02
8.965145138792686152e-01 8.031937299322491897e-02 6.227377940318188851e-03 1.693873518718834806e-02
8.970368776409514133e-01 7.712870889498300853e-02 7.049455864997693742e-03 1.878495759906798415e-02
8.873865773725756467e-01 8.198625988252516983e-02 8.718842146000228485e-03 2.190832059889919955e-02
8.708357148312521057e-01 9.140550781306371053e-02 1.136697074471818003e-02 2.639180661096592745e-02
8.463210372483757071e-01 1.065376835834006275e-01 1.511900064617429512e-02 3.202227852204919678e-02
8.088737983891617356e-01 1.319869320661850864e-01 2.028113185007267283e-02 3.885813769458056066e-02
7.531231408783641834e-01 1.719481611987948022e-01 2.744871556941804944e-02 4.747998235342305168e-02
6.793953868145653496e-01 2.259632222290384740e-01 3.687893119404758724e-02 5.776245976234843649e-02
5.976352676761907956e-01 2.861766607272929197e-01 4.800271450573797422e-02 6.818535709077831741e-02
5.230325266984009458e-01 3.405866171025339062e-01 5.964294834858774319e-02 7.673790785047758523e-02
4.650421119313401519e-01 3.823110485041483209e-01 7.066332824608671792e-02 8.198351131842492034e-02
4.234299793814806923e-01 4.119023172526503074e-01 8.112619613240802663e-02 8.354150723346102925e-02
3.905217920581158797e-01 4.349126629133772681e-01 9.238614243465667619e-02 8.217940259385020374e-02
3.674328630531877860e-01 4.514366499447040049e-01 1.029081519527636629e-01 7.822233504934424098e-02
3.388378769752923292e-01 4.747137786116897296e-01 1.133592141733716779e-01 7.308913023964644373e-02
2.956338689486987525e-01 5.176173299952726570e-01 1.203847346912842314e-01 6.636406636474470599e-02
2.402936746857284589e-01 5.841386842141025326e-01 1.184485024424315192e-01 5.711913865773736443e-02
1.806932269901985744e-01 6.678256453410379434e-01 1.053192288737077043e-01 4.616189879505572941e-02
1.293913638459016635e-01 7.491197410299557102e-01 8.573123678995230035e-02 3.575765833418986794e-02
9.334646151853882856e-02 8.108938437455520676e-01 6.778371105794210594e-02 2.797598367796705343e-02
7.056853733478274382e-02 8.517490244701678703e-01 5.479467497774504620e-02 2.288776321730454089e-02
5.637158330826460423e-02 8.790026698991871834e-01 4.532468669320502408e-02 1.930106009934320910e-02
4.459085685066804111e-02 9.017791039034352973e-01 3.734810562801857414e-02 1.628193361787814292e-02
3.599176796746525464e-02 9.201468857310399763e-01 3.022248590978651034e-02 1.363886039170814773e-02
3.002131350984832414e-02 9.346033006741997218e-01 2.395982922072818419e-02 1.141555659522357387e-02
2.615154500647919045e-02 9.452463705240157221e-01 1.884075206928153418e-02 9.761332400223719785e-03
2.392799229914426701e-02 9.523078944168291704e-01 1.493910302057112685e-02 8.825010263455218898e-03
2.279225751211758078e-02 9.565457404010621056e-01 1.200923237974360971e-02 8.652769707076500907e-03
9.006936331266873763e-02 6.327938188021346722e-02 1.341062214892396465e-01 7.125450333178783291e-01
9.173791913125867170e-02 6.684594276970654003e-02 1.455743743961008807e-01 6.958417637029339353e-01
9.599259111397673294e-02 7.138040011252121120e-02 1.537305817702483146e-01 6.788964270032535886e-01
1.021881659593497776e-01 7.582777466405754563e-02 1.583389154020348744e-01 6.636451439745575387e-01
1.098314792868290146e-01 7.916277472722811626e-02 1.601123843704771454e-01 6.508933616154657376e-01
1.189040376118533637e-01 8.128987213894139918e-02 1.602723220717507113e-01 6.395337681774543315e-01
1.301822646545769957e-01 8.329309999717791901e-02 1.591463758875052426e-01 6.273782594607399954e-01
1.448441299447795760e-01 8.640570166745574487e-02 1.564654795794123421e-01 6.122846888083518513e-01
1.638754771762375995e-01 9.125899851093546844e-02 1.524469413103246018e-01 5.924185830025021637e-01
1.885810892755028778e-01 9.826037092150288754e-02 1.477160374090303596e-01 5.654425023939638750e-01
2.212623849343580695e-01 1.080671094297122187e-01 1.434056736088372974e-01 5.272648320270922895e-01
2.631639120206650251e-01 1.210435133115932566e-01 1.403197852841199522e-01 4.754727893836216412e-01
3.119738023811943761e-01 1.364125105481403255e-01 1.380023189092587366e-01 4.136113681614063675e-01
3.610874443622808516e-01 1.530232076420690313e-01 1.349295857449442082e-01 3.509597622507057979e-01
4.024126158501778461e-01 1.717205575928397177e-01 1.308635001299798262e-01 2.950033264270027766e-01
4.298554031973001455e-01 1.949749467320879281e-01 1.270681491202867164e-01 2.481015009503254876e-01
4.379346318675304550e-01 2.242052809302898797e-01 1.261453888597352246e-01 2.117146983424445239e-01
4.271080499945361098e-01 2.567087696694090870e-01 1.290837138229496417e-01 1.870994665131050783e-01
4.028612972381740986e-01 2.834433181510078725e-01 1.395048747296482594e-01 1.741905098811696306e-01
3.747266607146789719e-01 2.946163856587293850e-01 1.594855790835649212e-01 1.711713745430262501e-01
3.477623057901855219e-01 2.860476166970671308e-01 1.906859318793017455e-01 1.755041456334453243e-01
3.192582672280603329e-01 2.584603155458590762e-01 2.359923650459319899e-01 1.862890521801484345e-01
2.831789865758124747e-01 2.130118912002136600e-01 3.000301500890492079e-01 2.037789721349245742e-01
1.024581007123218784e-01 3.897869892509897571e-02 9.666759935346096178e-02 7.618956010091182396e-01
1.068557482715167539e-01 3.793187435551154812e-02 9.904893399328905390e-02 7.561634433796824428e-01
1.145470404623489674e-01 3.682422963172407582e-02 1.051836810982753195e-01 7.434450488076518315e-01
1.242909811098227291e-01 3.518364486134554353e-02 1.140443657863123017e-01 7.264810082425195992e-01
1.331593144350015911e-01 3.243172894138140333e-02 1.232636405009557984e-01 7.111453161226611863e-01
1.382468183946757023e-01 2.880408398559022864e-02 1.303287420834710886e-01 7.026203555362632303e-01
1.378083386066148164e-01 2.489159266994701164e-02 1.327539513244253844e-01 7.045461173990125170e-01
1.311284284839747682e-01 2.088217773666628876e-02 1.290923759022407635e-01 7.188970178771177943e-01
1.189792910906994627e-01 1.681707333678594471e-02 1.212866863077172730e-01 7.429169492647974549e-01
1.047472790203525655e-01 1.297055944805191804e-02 1.135176602982396893e-01 7.687645012333560457e-01
9.163475127448016122e-02 9.666530670277395654e-03 1.083758947216114377e-01 7.903228233336313524e-01
8.074238724867589811e-02 7.112159773070877988e-03 1.067423646836419965e-01 8.054030882946113801e-01
7.304300202203839465e-02 5.359238285448889895e-03 1.099412196010566972e-01 8.116565400914558248e-01
6.893114138474661090e-02 4.271209621420258770e-03 1.192701823952293516e-01 8.075274665986041933e-01
6.817600994968137096e-02 3.665766249983965375e-03 1.353363360921650549e-01 7.928218877081695259e-01
7.033989005546366358e-02 3.401758468552724349e-03 1.586674072302370064e-01 7.675909442457463649e-01
7.357129701409430289e-02 3.320916629016035584e-03 1.894293170376860069e-01 7.336784693192033302e-01
7.571247885184152759e-02 3.315188313376274312e-03 2.274846334374866774e-01 6.934876993972953763e-01
7.729699870905354375e-02 3.461121647505227984e-03 2.736930540872467010e-01 6.455488255561944166e-01
8.050457670854187231e-02 3.930767934297795321e-03 3.293075424925940853e-01 5.862571128645662766e-01
8.693260355891528623e-02 4.923043109859649366e-03 3.933356580659807533e-01 5.148086952652443093e-01
9.829241232095839442e-02 6.916215349387552606e-03 4.602698536747340530e-01 4.345215186549201136e-01
1.164537734920418899e-01 1.092637127255031287e-02 5.201111453656982464e-01 3.525087098697094468e-01
1.429458399386155931e-01 1.864753296816745037e-02 5.606186509993735800e-01 2.777879760938433695e-01
1.789706251616212385e-01 3.258517512961178753e-02 5.708698644809617750e-01 2.175743352278048381e-01
2.234329583260507290e-01 5.557842379275486355e-02 5.472979842936455119e-01 1.736906335875490759e-01
2.701445544094639994e-01 8.793869113042925012e-02 4.989112722458171612e-01 1.430054822142898530e-01
3.113871012744197642e-01 1.240476988919410606e-01 4.432271544413082798e-01 1.213380453923309371e-01
3.443245429011616565e-01 1.541432423028415988e-01 3.954902593113192588e-01 1.060419554846773887e-01
3.695028560930316286e-01 1.700877209736783302e-01 3.641293113645189261e-01 9.628011156877083754e-02
3.831664439066193029e-01 1.705262128784352516e-01 3.547001969638202690e-01 9.160714625112478804e-02
3.779780682564415906e-01 1.616135252283189550e-01 3.692209800971665290e-01 9.118742641807302263e-02
3.525127374400491842e-01 1.508163085443014195e-01 4.039996443441962182e-01 9.267130967145340015e-02
3.136170468318938420e-01 1.411372838695275633e-01 4.530578941946095672e-01 9.218777510396891639e-02
2.701116940195007476e-01 1.309752022712626640e-01 5.116307126390690074e-01 8.728239107016740050e-02
2.293108396520674164e-01 1.172145600611301658e-01 5.747680834283133144e-01 7.870651685848914503e-02
1.962257726820805237e-01 9.952775018692638920e-02 6.352002361907185257e-01 6.904624094027464465e-02
1.723486273108805478e-01 8.012207936841267419e-02 6.866997816299561519e-01 6.082951169075067471e-02
1.549372964909825345e-01 6.082944590918755445e-02 7.286813902621321892e-01 5.555186733769755525e-02
1.396178755794761916e-01 4.308132158574952408e-02 7.640344234772211696e-01 5.326637935755326042e-02
1.245423121629432861e-01 2.875274994993637021e-02 7.932357694879744736e-01 5.346916839914613723e-02
1.119072636029242590e-01 1.912520268474561524e-02 8.135183655473685604e-01 5.544916816496164164e-02
1.048940927078793189e-01 1.362657579022783123e-02 8.234264877619644762e-01 5.805284373992833369e-02
1.035484430721817367e-01 1.077344944819364977e-02 8.251347279723223460e-01 6.054337950730215995e-02
1.053547166206349750e-01 9.302064482686684538e-03 8.223137695240255729e-01 6.302944937265299308e-02
1.075102685873339931e-01 8.319693373246237270e-03 8.176919923448151550e-01 6.647804569460474822e-02
1.072193944611591204e-01 7.252576583033170515e-03 8.133252207995498306e-01 7.220280815625769455e-02
1.019181379790847497e-01 5.927697651051370802e-03 8.100965972514122537e-01 8.205756711845148266e-02
9.189744410514268103e-02 4.552098308109329798e-03 8.038009347046669584e-01 9.974952288208124851e-02
8.003580144411322206e-02 3.415140882389032170e-03 7.872596938641831521e-01 1.292893638093147168e-01
6.836542495631675598e-02 2.583133714157667075e-03 7.586693604020797732e-01 1.703820809274458614e-01
5.722230353204969117e-02 1.975179294499316077e-03 7.260103501047279195e-01 2.147921670687231444e-01
4.810902382181427017e-02 1.574085663051361019e-03 6.978856114498374064e-01 2.524312790652970540e-01
4.256286712451122500e-02 1.333504313081722119e-03 6.768513069852877262e-01 2.792523215771191003e-01
4.103620489317504061e-02 1.225671970702540926e-03 6.636462566974765664e-01 2.940918664386455994e-01
4.350035505669387625e-02 1.225894179777793289e-03 6.624605410749725420e-01 2.928132096885554536e-01
5.069959776726239847e-02 1.318170948211802281e-03 6.777228732617822660e-01 2.702593580227438674e-01
6.446693872413387927e-02 1.505504147292518850e-03 7.085301546306045362e-01 2.254974024979685410e-01
8.754607526703586662e-02 1.955194669651657852e-03 7.433769236295776350e-01 1.671218064337348375e-01
1.269652932406414025e-01 2.224916667133000712e-03 7.597463822080851026e-01 1.110634078841403194e-01
1.907203064363678091e-01 2.951254923428668544e-03 7.370731191648088876e-01 6.925531947539471933e-02
2.798935743617478322e-01 3.962288723736784486e-03 6.738933824546398110e-01 4.225075445987568762e-02
3.890652893501670984e-01 5.691744345825232483e-03 5.801104728781283359e-01 2.513249342587905999e-02
5.048622141068533908e-01 8.156385935794350367e-03 4.725719414501238225e-01 1.440945850722864796e-02
6.087058369639600786e-01 1.198040018520250827e-02 3.709992683176019379e-01 8.314494533235452720e-03
6.929629464157237573e-01 1.798896268868738213e-02 2.837022895941591627e-01 5.345801301430061318e-03
7.596990535314467330e-01 2.608201637837589959e-02 2.104774427442759888e-01 3.741487345901492283e-03
8.122298742998116383e-01 3.447876661762578482e-02 1.506823893172389572e-01 2.608969765323587969e-03
8.476157943559459174e-01 4.252069574420225262e-02 1.079599097067167057e-01 1.903600193135312731e-03
8.684368219208370432e-01 5.053127178806447045e-02 7.951258830047028270e-02 1.519317990628282159e-03
8.812626148686417693e-01 5.656399985094325705e-02 6.084280469057007368e-02 1.330580589844954607e-03
8.894912135877023340e-01 5.816845854226412871e-02 5.104750548622895290e-02 1.292822383804621226e-03
8.928190389526767801e-01 5.580267020718378962e-02 4.998869214429848412e-02 1.389598695841007779e-03
8.884380456757566824e-01 5.158487654999960315e-02 5.836754626403536234e-02 1.609531510208452726e-03
8.692464972844241577e-01 4.695516303991820878e-02 8.182367518573605003e-02 1.974664489921699236e-03
8.206169079764253915e-01 4.283085568734257276e-02 1.340111018578084845e-01 2.541134478423457549e-03
7.284700790300808748e-01 3.860460796357573221e-02 2.296958307912974617e-01 3.229482215045749970e-03
5.981511393970917467e-01 3.405276815826970005e-02 3.639855028879511734e-01 3.810589556687305705e-03
4.622081927908838761e-01 2.790223986209923110e-02 5.059246091836795411e-01 3.964958163337504310e-03
3.502174613571172879e-01 2.226608689229874968e-02 6.237148510982215566e-01 3.801600652362355573e-03
2.770452342667972245e-01 1.887261840168103291e-02 7.004226486096768456e-01 3.659498721845136793e-03
2.423042518282236268e-01 1.851131187242572446e-02 7.353656234620921106e-01 3.818812837258408425e-03
2.345967173871860711e-01 2.115472457315645954e-02 7.398917659699684179e-01 4.356792069688892634e-03
2.402011607702473905e-01 2.647421878667946885e-02 7.281301513770932488e-01 5.194469065980079209e-03
2.478461993306992628e-01 3.404033356976027269e-02 7.120251136538433556e-01 6.088353445697304057e-03
2.541026378342455261e-01 4.432921205803974640e-02 6.948240698537277993e-01 6.744080253987067876e-03
2.655749984142795062e-01 5.991647895396656764e-02 6.673790577608470498e-01 7.129464870906648301e-03
2.881916343339205322e-01 8.422784602942974541e-02 6.201675415604019914e-01 7.412978076247595666e-03
3.187781382267804164e-01 1.174697148395604934e-01 5.561993194632824933e-01 7.552827470376436390e-03
