4.358046957210973821e-02 6.237677170129649618e-01 3.026990602931046714e-01 2.995275312182062166e-02
4.279190250577798865e-02 1.402954575699227879e-01 7.107509880080755682e-01 1.061616519162240230e-01
4.132435455448477124e-02 1.251772155326317804e-01 7.238718080526370668e-01 1.096266218602463954e-01
3.935754758196084030e-02 1.035603900662376425e-01 7.441506044173988865e-01 1.129314579344024572e-01
3.544806815795725069e-02 8.104467751258212505e-02 7.656344468258018399e-01 1.178728075036585832e-01
3.088638119616572350e-02 6.154237168215611481e-02 7.823060859694743741e-01 1.252651611522036801e-01
2.643596424758097238e-02 4.691981721824040746e-02 7.940643701778448138e-01 1.325798483563336849e-01
2.290840982996622879e-02 3.779386060058685659e-02 8.047714500470022347e-01 1.345262795224443364e-01
2.009380137401563585e-02 3.263262044190626959e-02 8.206432931615817994e-01 1.266302850224962917e-01
1.759091437617866377e-02 2.960197200612447663e-02 8.420458544346683949e-01 1.107612591830282461e-01
1.542742058715404485e-02 2.771078118320211350e-02 8.649212628040759965e-01 9.194053542556791803e-02
1.376068193353867722e-02 2.657965784818117072e-02 8.858028695708967115e-01 7.385679064738359667e-02
1.267782087327298975e-02 2.616944813814833792e-02 9.027545306100608347e-01 5.839820037851779777e-02
1.207556263838750407e-02 2.635723195198041297e-02 9.153279587066347478e-01 4.623924670299757456e-02
1.177267109775508025e-02 2.667391908332535783e-02 9.243902185277875772e-01 3.716319129113197089e-02
1.183155318218976487e-02 2.672332232412760397e-02 9.308036136084297807e-01 3.064151088525250699e-02
1.253441816679485774e-02 2.658690654632550263e-02 9.346357694066407262e-01 2.624290588023899320e-02
1.399945916961266822e-02 2.634560266439308143e-02 9.365041444152290007e-01 2.315079375076502938e-02
1.610834424076745125e-02 2.615548956470042583e-02 9.377392005994608093e-01 1.999696559507159466e-02
1.920679306879859508e-02 2.734219096973391702e-02 9.376322113937820557e-01 1.581880456768514770e-02
2.545429722902975769e-02 3.323560101403544992e-02 9.298140705505578696e-01 1.149603120637712056e-02
3.938172852450352868e-02 4.976459373278083881e-02 9.025607814316509714e-01 8.292896311064935216e-03
6.679773859717988427e-02 8.642655654571926305e-02 8.405355435801098452e-01 6.240161276991081259e-03
1.106456956470704966e-01 1.509686391760539648e-01 7.336096053945621032e-01 4.776059782313417205e-03
1.626201081955502281e-01 2.369276685958079942e-01 5.969513467474958368e-01 3.500876461146040178e-03
2.095842697256030951e-01 3.172928724398343947e-01 4.706771764714951511e-01 2.445681363067234160e-03
2.392552862755082388e-01 3.722023185760798825e-01 3.867984985486327409e-01 1.743896599779525295e-03
2.530776438824143271e-01 3.960338203295741821e-01 3.495611263746351005e-01 1.327409413376274714e-03
2.535940974750613974e-01 3.930920189111609120e-01 3.522191183982286700e-01 1.094765215549309669e-03
2.432895800805884579e-01 3.693102981331952694e-01 3.864278178731081481e-01 9.723039131081651337e-04
2.269369450569001523e-01 3.313089285707461196e-01 4.408435341889085923e-01 9.105921834451707279e-04
2.080929178692569048e-01 2.897312656119641061e-01 5.012923457986809828e-01 8.834707200981911689e-04
1.896507048618937263e-01 2.501025005897924980e-01 5.593495554154717109e-01 8.972391328419675486e-04
1.725722477698722057e-01 2.120595765108964914e-01 6.143880313062634047e-01 9.801444129678179955e-04
1.567584884594376560e-01 1.717597748278506808e-01 6.703511181354741000e-01 1.130618577237656880e-03
1.360502109515078772e-01 1.323973520864317466e-01 7.302733376023301526e-01 1.279099359729967073e-03
1.115359373981333890e-01 9.720508632819781225e-02 7.899006431313539967e-01 1.358333142314690828e-03
8.750441426725151517e-02 7.040929009628567325e-02 8.406801051231782562e-01 1.406190513284774147e-03
6.897768246233880463e-02 5.335054303149412702e-02 8.761424305625341580e-01 1.529343943632618507e-03
5.787678865002261752e-02 4.418603191026443389e-02 8.961171738911993812e-01 1.820005548513858656e-03
5.369859416479275810e-02 4.015567296660403629e-02 9.038044948841615911e-01 2.341237984441509132e-03
5.508128688072805312e-02 3.892857646043278858e-02 9.028547220918984317e-01 3.135414566940698811e-03
6.000126530252312962e-02 3.919120494394641441e-02 8.965234307422277338e-01 4.284099011303056127e-03
6.667836996681984763e-02 4.048229738408967021e-02 8.869754941422237637e-01 5.863838506866767865e-03
7.444875394811281688e-02 4.303344398965192746e-02 8.747425109415262190e-01 7.775291120708805077e-03
8.337711918992082860e-02 4.780101986805939535e-02 8.591113578977844778e-01 9.710503044235530706e-03
9.174706140817340261e-02 5.447531964401947785e-02 8.424768281912036194e-01 1.130079075660347758e-02
9.636115890764683500e-02 6.156309479600173551e-02 8.298701712408240727e-01 1.220557505552743831e-02
9.573591045869549176e-02 6.906634944919261276e-02 8.228262295779406044e-01 1.237151051417147325e-02
9.150951939042507866e-02 7.930129728578955151e-02 8.171942020725250222e-01 1.199498125126054367e-02
8.617314156452762774e-02 9.424199859901269405e-02 8.083273068282625928e-01 1.125755300819696395e-02
8.102837006168731038e-02 1.127578774681418095e-01 7.958482944215894417e-01 1.036545804858159461e-02
7.679504243426253651e-02 1.310593658136929018e-01 7.825796469731964855e-01 9.565944778848266966e-03
7.475397455010936165e-02 1.487870236930678991e-01 7.675063604287877261e-01 8.952641328035165769e-03
7.694739830643688994e-02 1.723820427579524084e-01 7.422715630293728051e-01 8.398995906237988543e-03
8.480315516857317437e-02 2.138626732544071929e-01 6.937839730471679900e-01 7.550198529851391213e-03
9.623233436521436146e-02 2.876387523668703095e-01 6.097697930371100972e-01 6.359120230805447894e-03
1.054682936215608213e-01 3.975616228380418615e-01 4.917548892706313235e-01 5.215194269765820179e-03
1.062638738083936246e-01 5.267262836486013011e-01 3.626470550960324002e-01 4.362787446972575187e-03
9.827188232048780780e-02 6.452836521442626427e-01 2.526793424886633610e-01 3.765123046586040575e-03
8.848681821748231868e-02 7.288294872545536540e-01 1.793069096928822381e-01 3.376784835081811289e-03
8.385568315015376473e-02 7.758008765558963571e-01 1.371744729862279522e-01 3.168967307721848401e-03
8.537077714753102398e-02 7.980233876012959859e-01 1.135046620581712934e-01 3.101173193001773454e-03
9.271878285997023350e-02 8.061296501385429858e-01 9.808068957446344771e-02 3.070877427023066281e-03
1.041599894348392147e-01 8.074993399991559073e-01 8.535809733923860332e-02 2.982573226766384398e-03
1.182863541503314242e-01 8.052027458098102164e-01 7.368026215297317216e-02 2.830637886885376334e-03
1.329099266018144432e-01 8.022521593755508329e-01 6.219905255040920899e-02 2.638861472225711817e-03
1.454184773808599174e-01 8.017903564892298052e-01 5.037006124981702887e-02 2.421104880093370021e-03
1.495915291554663074e-01 8.093674041845421163e-01 3.887475005592349458e-02 2.166316604068031868e-03
1.513350127079491070e-01 8.167150402748967197e-01 3.000425841245960359e-02 1.945688604694673128e-03
1.561103015983843767e-01 8.173678675400313232e-01 2.470005617683639076e-02 1.821774684748134893e-03
1.623790033400334121e-01 8.136692127603379898e-01 2.214127437065889839e-02 1.810509528969578502e-03
4.457705477145822159e-02 2.151356267834237876e-02 3.103493005541060890e-01 6.235600819960933627e-01
1.508470104665114199e-02 1.299803258184910066e-03 5.476677024906942415e-02 9.288487254460946474e-01
1.131227559439296378e-02 1.093262235057415599e-03 5.049222841719749194e-02 9.371022337533523316e-01
9.551089070293271657e-03 1.085355977221503241e-03 5.045935418696403940e-02 9.389042007655213906e-01
9.069142975027925241e-03 1.238577042780453913e-03 5.365466773528835415e-02 9.360376122469031834e-01
9.216646998118237580e-03 1.517152531107865713e-03 5.847243844156060216e-02 9.307937620292132674e-01
9.319430917045646093e-03 1.854374477988548911e-03 6.196671621878790254e-02 9.268594783861777708e-01
8.787096393704160735e-03 2.163809136756059213e-03 6.160055486982868311e-02 9.274485395997111858e-01
7.564198532835178165e-03 2.423376860862141210e-03 5.779397584558234463e-02 9.322184487607203529e-01
6.191571766592039727e-03 2.725131692610447288e-03 5.314795786442914893e-02 9.379353386763684686e-01
5.148324619188238138e-03 3.196077234236330278e-03 4.922357002649218466e-02 9.424320281200831984e-01
4.514204108958990228e-03 3.897499732185109866e-03 4.530815493185504778e-02 9.462801412270005486e-01
4.218930811039556771e-03 4.910841864414123605e-03 4.072900328974774636e-02 9.501412240347986149e-01
4.245864500159663053e-03 6.441383661479134666e-03 3.594788352163919010e-02 9.533648683167220694e-01
4.677702502529235834e-03 8.878162424820682311e-03 3.182223169617620639e-02 9.546219033764736794e-01
5.707439743325724672e-03 1.280167990336101083e-02 2.916693144741440771e-02 9.523239489058988871e-01
7.610703135733473852e-03 1.877240505940253393e-02 2.871170858285388219e-02 9.449051832220103364e-01
1.052453137579911421e-02 2.659994370327417590e-02 3.072662950829962991e-02 9.321488954126269100e-01
1.396997824482487140e-02 3.463437794917044454e-02 3.432943890518722063e-02 9.170662049008176941e-01
1.707477835717136766e-02 4.125759303646010095e-02 3.839430501074535262e-02 9.032733235956232898e-01
1.908123333672022068e-02 4.568305594723676838e-02 4.261703479521370547e-02 8.926186759208292187e-01
1.980945851358162021e-02 4.714435577033055519e-02 4.775415346804499223e-02 8.852920322480430926e-01
1.986426811346916899e-02 4.581193664001948634e-02 5.543784734918658086e-02 8.788859478973248818e-01
2.004883756746858592e-02 4.345452033945255976e-02 6.720117161819552654e-02 8.692954704748834249e-01
2.089613175462885428e-02 4.199828772288572570e-02 8.365751242177039970e-02 8.534480681007150515e-01
2.273272283479520553e-02 4.238241183142363311e-02 1.049732112238209170e-01 8.299116541099603728e-01
2.579060756561691800e-02 4.473348060640239265e-02 1.326459566097659692e-01 7.968299552182146472e-01
2.965935639807308968e-02 4.756890943773202374e-02 1.691844144488627022e-01 7.535873197153322156e-01
3.311807222381116245e-02 4.814525208215239549e-02 2.182035401331617053e-01 7.005331355608745980e-01
3.460521501495720381e-02 4.453650981747656057e-02 2.836709748427843625e-01 6.371873003247818801e-01
3.280872239651758809e-02 3.695476581367061059e-02 3.695612101527082083e-01 5.606753016371034404e-01
2.764873354788904836e-02 2.744846108901302997e-02 4.745002381120430601e-01 4.704025672510549483e-01
2.086921855899890460e-02 1.849261115843992692e-02 5.805915216100340226e-01 3.800466486725268545e-01
1.491012655373316446e-02 1.174758168481048956e-02 6.653127457376371012e-01 3.080295460238191563e-01
1.099873091597729918e-02 7.426923004769416838e-03 7.206674198523039809e-01 2.609069262269491096e-01
9.145595846150291613e-03 4.999269879025552629e-03 7.512539796406634274e-01 2.346011546341605913e-01
8.982377596871671602e-03 3.822176658468542324e-03 7.619819835942654995e-01 2.252134621503936729e-01
1.000098496565797815e-02 3.317629838764972732e-03 7.587713817322454535e-01 2.279100034633316785e-01
1.160798682471820935e-02 3.125830270529269574e-03 7.502788082930867963e-01 2.349873746116657725e-01
1.358314420068276566e-02 3.241304858880415113e-03 7.440273022134693548e-01 2.391482487269674662e-01
1.637422218857504871e-02 4.078249034732223111e-03 7.413920678642123008e-01 2.381554609124804656e-01
1.908360462963491072e-02 4.981752152704776657e-03 7.383513119619594667e-01 2.375833312557009969e-01
2.291253918621866462e-02 6.418606311917499953e-03 7.282012584743878802e-01 2.424675960274761399e-01
2.916541355247680850e-02 8.579850123398230846e-03 7.084094508740493845e-01 2.538452854500754530e-01
3.713259312003573676e-02 1.164824382155486317e-02 6.810818341398000575e-01 2.701373289186093651e-01
4.826008107223398597e-02 1.599149721715897865e-02 6.479321438435807767e-01 2.878162778670261823e-01
6.330909871021528357e-02 2.210848898931220413e-02 6.118603459813787282e-01 3.027220663190939298e-01
8.152259540165407437e-02 3.009538781891814979e-02 5.777233799269461123e-01 3.106586368524814068e-01
1.010980718660675487e-01 3.974844010848084530e-02 5.492267330077846843e-01 3.099267550176670327e-01
1.210877548173065615e-01 5.115300272000266463e-02 5.263552284587185159e-01 3.014040140039718763e-01
1.420965320697025747e-01 6.499682882099733217e-02 5.060786773099393843e-01 2.868279617993604869e-01
1.642606952710317925e-01 8.230993013333920416e-02 4.840269145045995591e-01 2.694024600910289724e-01
1.862261699066307952e-01 1.046837659244177071e-01 4.550001432820978131e-01 2.540899208868537817e-01
2.072634846249741813e-01 1.333934683562536527e-01 4.145557038992032095e-01 2.447873431195687344e-01
2.268431491207331119e-01 1.655693817505730359e-01 3.653220171952798467e-01 2.422654519334138390e-01
2.427355919973798737e-01 2.005355882260310418e-01 3.105956642116770028e-01 2.461331555649121094e-01
2.567501456580092434e-01 2.294615746722580563e-01 2.572917783677979853e-01 2.564965013019350204e-01
2.683058254636677686e-01 2.477846778914019610e-01 2.108178980060864960e-01 2.730915986388440242e-01
2.775180459019611079e-01 2.575404936295715430e-01 1.728036196282319858e-01 2.921378408402350857e-01
2.882585686546798587e-01 2.616282978434543161e-01 1.443687474892647038e-01 3.057443860126009549e-01
3.038303350977152872e-01 2.654712352397843866e-01 1.244983685061875206e-01 3.062000611563130414e-01
3.233539483104779788e-01 2.785298438705913204e-01 1.098453865423974080e-01 2.882708212765333067e-01
3.508580142802222857e-01 3.004793880956322383e-01 9.759941412014540296e-02 2.510631835040006421e-01
3.791923071806108658e-01 3.321528390290274801e-01 8.569112705655579365e-02 2.029637267338057771e-01
3.998227517105423234e-01 3.678609141463889953e-01 7.465568128846385154e-02 1.576606528546047603e-01
4.099953685059075092e-01 3.994049383618741289e-01 6.643575688705848081e-02 1.241639362451594786e-01
4.139517274179427830e-01 4.216063158908385788e-01 6.160494681366118774e-02 1.028370098775574781e-01
4.169333201687568380e-01 4.338549913361679500e-01 5.906620255263846098e-02 9.014548594243658453e-02
4.206317596551779614e-01 4.404069248424200556e-01 5.673772702207288687e-02 8.222358848032940148e-02
4.242298719572537569e-01 4.472749054329718255e-01 5.280015744917468390e-02 7.569506516059965051e-02
4.282726701400516589e-01 4.559090776716929749e-01 4.718914431866542969e-02 6.862910786958981157e-02
4.347873323828359005e-01 4.642914483407705739e-01 4.088210860226006160e-02 6.003911067413354036e-02
1.013017399362401566e-01 8.902368179161647133e-01 6.852805527722940875e-03 1.608636619872148930e-03
2.886207781526817576e-02 1.341389891250127208e-03 8.716474425041587093e-01 9.814908978932276873e-02
4.137657784815116507e-02 2.137547687920624603e-03 8.621322511929907506e-01 9.435362327093732571e-02
5.662107601146938035e-02 3.429101568347446734e-03 8.455807500700454060e-01 9.436907235013755613e-02
7.371237203556571527e-02 5.317159454450578852e-03 8.280317747813361606e-01 9.293869372864753398e-02
8.842547618481078064e-02 7.746176192824363697e-03 8.174012366445666533e-01 8.642711097779863516e-02
9.755699853720088688e-02 1.059598005761648760e-02 8.169634736634380223e-01 7.488354774174474371e-02
1.003555755428721247e-01 1.401151062356999558e-02 8.247843868087866293e-01 6.084852702477085151e-02
9.908781563559128369e-02 1.839874944277867033e-02 8.361306659704993427e-01 4.638276895113099818e-02
9.774752093358121674e-02 2.438180325847579683e-02 8.445678610327005398e-01 3.330281477524243278e-02
1.009577875292400617e-01 3.265743180845021021e-02 8.430923690123188763e-01 2.329241164999109118e-02
1.077876596990867131e-01 4.523618458248097191e-02 8.305424098183237236e-01 1.643374590010870245e-02
1.219853782187935304e-01 5.972990237025362775e-02 8.063208076081219700e-01 1.196391180283100548e-02
1.440952180788220016e-01 7.542553278552346918e-02 7.710494834090590999e-01 9.429765726595377290e-03
1.744291590225642841e-01 8.934101683783433889e-02 7.277680089534422914e-01 8.461815186159276497e-03
2.070436356435456926e-01 9.976974731095204774e-02 6.844217004931369974e-01 8.764916552365463465e-03
2.343125082953351201e-01 1.043148286135631153e-01 6.512525005959443059e-01 1.012016249515752808e-02
2.476704615172437840e-01 1.063302549133088720e-01 6.334358451877321050e-01 1.256343838171525631e-02
2.465707346637641684e-01 1.079805733245325361e-01 6.292908491379295421e-01 1.615784287377379849e-02
2.326153159363098522e-01 1.101898533190854429e-01 6.364144926998126506e-01 2.078033804479202315e-02
2.114549889221804257e-01 1.127219111237979660e-01 6.498442952235947701e-01 2.597880473042677579e-02
1.945030718139090231e-01 1.189503583032538864e-01 6.554044449544450535e-01 3.114212492839230767e-02
1.881836287699434340e-01 1.312217026274672405e-01 6.443512823244204046e-01 3.624338627816921232e-02
1.885882683142206528e-01 1.482242830699807279e-01 6.210016905729676129e-01 4.218575804283139496e-02
1.904004038960341316e-01 1.656155386867391999e-01 5.950037911735568397e-01 4.898026624366958598e-02
1.924621598187969684e-01 1.802215944663173031e-01 5.716425040917320066e-01 5.567374162315335412e-02
1.977351218337170258e-01 1.927976286071554080e-01 5.481774944390181981e-01 6.128975512010942372e-02
2.090318132929286643e-01 2.058375426691197441e-01 5.197223584783946526e-01 6.540828555955671697e-02
2.263054098084908983e-01 2.203480402744233679e-01 4.856260508719662528e-01 6.772049904511920349e-02
2.477127310430760621e-01 2.359152221354428036e-01 4.487004659580359212e-01 6.767158086344521317e-02
2.703857248604281116e-01 2.510331133780914215e-01 4.135574115061416700e-01 6.502375025533882469e-02
2.908777669752810602e-01 2.638646881703166636e-01 3.848257647248802815e-01 6.043178012952231393e-02
3.058365757110223515e-01 2.748028421317890158e-01 3.643516790014054152e-01 5.500890315578318979e-02
3.135260007256314152e-01 2.879459544900563328e-01 3.493382684168062080e-01 4.918977636750614113e-02
3.140019531843580292e-01 3.096323819956321444e-01 3.336152893940577679e-01 4.275037542595196138e-02
3.070092701133718682e-01 3.468423175240206158e-01 3.104952765650615398e-01 3.565313579754565698e-02
2.884481023217118079e-01 3.991248669686128792e-01 2.834113915638607484e-01 2.901563914581460624e-02
2.611299658653483680e-01 4.552885824177600460e-01 2.598361112258652517e-01 2.374534049102622335e-02
2.320280589827524165e-01 5.112960891878722824e-01 2.373202482473567021e-01 1.935560358201843245e-02
2.035738747336797161e-01 5.723439689763110128e-01 2.086948547830526912e-01 1.538730150695649841e-02
1.709286205973561956e-01 6.437839620060434864e-01 1.733646404969430010e-01 1.192277689965711047e-02
1.354163035090368006e-01 7.165072212946086427e-01 1.387364821714018592e-01 9.339993024952603778e-03
1.044512872671211623e-01 7.750500132227472472e-01 1.126280271134071781e-01 7.870672396724063755e-03
8.317422894139110678e-02 8.141981334021911598e-01 9.527885700360444465e-02 7.348780652813059755e-03
7.104427265105983658e-02 8.376715496037682174e-01 8.376100445684964146e-02 7.523173288322362699e-03
6.517957430154189269e-02 8.514392307361806633e-01 7.521402505956881201e-02 8.167169902708623294e-03
6.233341329024031513e-02 8.618245896907386072e-01 6.689160471752783610e-02 8.950392301493151348e-03
6.029741078080038535e-02 8.723653018020961492e-01 5.778848892681166111e-02 9.548798490291632649e-03
5.846330781112932945e-02 8.830634681444400336e-01 4.864748181237646407e-02 9.825742232053910966e-03
5.655732928408627180e-02 8.929765009040399049e-01 4.062356039995364265e-02 9.842609411919991599e-03
5.470181820276232010e-02 9.004022032011118615e-01 3.505540174548163468e-02 9.840576850644069257e-03
5.308264340748401061e-02 9.051685700327967155e-01 3.187840436574611996e-02 9.870382193973214688e-03
5.174119765382499680e-02 9.089353822904097102e-01 2.966138308190442024e-02 9.662036973860817224e-03
5.106544713139881536e-02 9.117518639662022251e-01 2.798986248165448443e-02 9.192826420744381472e-03
5.105534433243101577e-02 9.128145448268507600e-01 2.746539016169552080e-02 8.664720679022680852e-03
5.130728157905153214e-02 9.119852771730414531e-01 2.855471410782967068e-02 8.152727140077179260e-03
5.109716791024276894e-02 9.102935942179134488e-01 3.112286369446588472e-02 7.486374177377969584e-03
4.964996720934211627e-02 9.090865015314887332e-01 3.476853560194852893e-02 6.494995657220764725e-03
4.661024576227243421e-02 9.086083010822690875e-01 3.948616887587635266e-02 5.295284279582241835e-03
4.183297354068399310e-02 9.087919575103363679e-01 4.526100933871841231e-02 4.114059610261491286e-03
3.551567714799996195e-02 9.103360830906837009e-01 5.107333847790252596e-02 3.074901283413920914e-03
2.978998558342712405e-02 9.126649337801238104e-01 5.529836805647624087e-02 2.246712579972920051e-03
2.348813994850721884e-02 9.180681589196907355e-01 5.680327415072695257e-02 1.640426981074993764e-03
1.899344195501880342e-02 9.224703404898390025e-01 5.728269982138971261e-02 1.253517733752413646e-03
1.585097806044806490e-02 9.260677148237635992e-01 5.707701703607339500e-02 1.004290079715274659e-03
1.350778088767094764e-02 9.301753722778711708e-01 5.549597716212310156e-02 8.208696723344186116e-04
1.182658958938847399e-02 9.343147651656332764e-01 5.317840526837713105e-02 6.802399766009899814e-04
1.069061009629732918e-02 9.373861777332236356e-01 5.134999250683396077e-02 5.732196636451886368e-04
9.885601810504759598e-03 9.398123619674055851e-01 4.981425616657266658e-02 4.877800555168099487e-04
9.342652365688070004e-03 9.426319942586777190e-01 4.760578936780371362e-02 4.195640078305651181e-04
9.127297405433819691e-03 9.461692918248463258e-01 4.433456298267528933e-02 3.688477870444403632e-04
9.376800463020831117e-03 9.499210796864642203e-01 4.036163451866865010e-02 3.404853318459687985e-04
2.786771552173447283e-02 3.475638592782719148e-04 6.188958225528086270e-03 9.655957623934593448e-01
5.988624433252045520e-01 2.078116749144114372e-01 1.296407449379645693e-01 6.368513682241941365e-02
6.060762001165511670e-01 2.466257927935451566e-01 1.024978570391763266e-01 4.480015005072725959e-02
6.086488008721148146e-01 2.821172235965052066e-01 7.885012014291584159e-02 3.038385538846423081e-02
6.127450148105231253e-01 3.058864453632579306e-01 6.077639819695645346e-02 2.059214162926236921e-02
6.167729207775767275e-01 3.205407693741275654e-01 4.797821298553151675e-02 1.470809686276424236e-02
6.157531613981688245e-01 3.328658822080641233e-01 3.978688731065187223e-02 1.159406908311511573e-02
6.100059368096703016e-01 3.443555413472049187e-01 3.536157403157077356e-02 1.027694781155412233e-02
6.029335928643820841e-01 3.542908618796665188e-01 3.287069574612120487e-02 9.904849509829966731e-03
5.966981426365634000e-01 3.630596889264145477e-01 3.050950958281944611e-02 9.732658854202871565e-03
5.922270341844361186e-01 3.708925555487982972e-01 2.760542798157996497e-02 9.274982285185844749e-03
5.881971002355400602e-01 3.792305179418484773e-01 2.413710497943132027e-02 8.435276843180298384e-03
5.829112382342008791e-01 3.890212229992373594e-01 2.052938822972457875e-02 7.538150536837167140e-03
5.858239761100574317e-01 3.893428102328399532e-01 1.772037942061317067e-02 7.112834236489714267e-03
6.105199648033962090e-01 3.662030322035304541e-01 1.594227752494033548e-02 7.334725468132894700e-03
6.502730242040554165e-01 3.261822149936348669e-01 1.528739823813568197e-02 8.257362564174164712e-03
6.878208807169711170e-01 2.858400246470136907e-01 1.615848748924595887e-02 1.018060714676934965e-02
7.183094519566396441e-01 2.498734990753658236e-01 1.845667210364359753e-02 1.336037686435076824e-02
7.442336845355327357e-01 2.164320218224749237e-01 2.156166900083626367e-02 1.777262464115610813e-02
7.665403468640202833e-01 1.856632286249849939e-01 2.471974380905150870e-02 2.307668070194334939e-02
7.860686733884034716e-01 1.567967051434363546e-01 2.796185232939001064e-02 2.917276913876998626e-02
8.022991245938217997e-01 1.298390237774754152e-01 3.172728035926430240e-02 3.613457126943875330e-02
8.124650696064543709e-01 1.080199697976358952e-01 3.600271377523948935e-02 4.351224682067001553e-02
8.146414097339279570e-01 9.444057390629866100e-02 4.050941498478845965e-02 5.040860137498497096e-02
8.092729634741302469e-01 9.006257182836853448e-02 4.476404633667847854e-02 5.590041836082289273e-02
7.973815635260658174e-01 9.477344714194201047e-02 4.843386977317112874e-02 5.941111955882104334e-02
7.807493495034867337e-01 1.080628612605035593e-01 5.104995391032871033e-02 6.013783532568077461e-02
7.589099993621624130e-01 1.293009737234243617e-01 5.311083190896814105e-02 5.867819500544519534e-02
7.311294059895082631e-01 1.553543473936219166e-01 5.623451259314887762e-02 5.728173402372106759e-02
7.021355001130233919e-01 1.779389522147019342e-01 6.189970788805144314e-02 5.802583978422310579e-02
6.803667584583463768e-01 1.879814333070696231e-01 6.999692917061034469e-02 6.165487906397350976e-02
6.736769750102147292e-01 1.844125319642009042e-01 7.613484194700870233e-02 6.577565107857541449e-02
6.824571986720965322e-01 1.732945358670164582e-01 7.646144367770060790e-02 6.778682178318624907e-02
7.011385450168684530e-01 1.592237593175932497e-01 7.203388875539226688e-02 6.760380691014611365e-02
7.231096466703661463e-01 1.460462376516675764e-01 6.529584115792863575e-02 6.554827452003762767e-02
7.429015317722050815e-01 1.383366262223350573e-01 5.760412328942897398e-02 6.115771871603079002e-02
7.593045453737485850e-01 1.383584159100725297e-01 4.873304484091851158e-02 5.360399387526063736e-02
7.745970051936310607e-01 1.432711356233798694e-01 3.864122727282169600e-02 4.349063191016717955e-02
7.919427616301394357e-01 1.456139129845186453e-01 2.914320582942937429e-02 3.330011955591251349e-02
8.134421753026880308e-01 1.392380191813120949e-01 2.219165491836688070e-02 2.512815059763288256e-02
8.388378986781269697e-01 1.241424281663354584e-01 1.775741160581586348e-02 1.926226154972160431e-02
8.645203586056061651e-01 1.047949111299888020e-01 1.526817356799815319e-02 1.541655669640711566e-02
8.870259270645814986e-01 8.541817607100614385e-02 1.431820723186728178e-02 1.323768963254495779e-02
9.043697046696964614e-01 6.867678649982857098e-02 1.460746226731971138e-02 1.234604656315523713e-02
9.140783021996302660e-01 5.734678186001446187e-02 1.605932561987321455e-02 1.251559032048193097e-02
9.151886470988561673e-01 5.288206520540966737e-02 1.856511631254130490e-02 1.336417138319264709e-02
9.091142196093111583e-01 5.362505616138128761e-02 2.247798142498191182e-02 1.478274280432517220e-02
8.963906131188361659e-01 5.771123387409582417e-02 2.876436126118224815e-02 1.713379174588586587e-02
8.768785801561521653e-01 6.515813067525455526e-02 3.766143158117701839e-02 2.030185758741633387e-02
8.502508673171144116e-01 7.697124525971467401e-02 4.871190546454520071e-02 2.406598195862566861e-02
8.149590737031988663e-01 9.433529609738967869e-02 6.202712457451022010e-02 2.867850562490112734e-02
7.694380064643638883e-01 1.177814660017152820e-01 7.836676425176708483e-02 3.441376328215380725e-02
7.139162316197937841e-01 1.464535117329059666e-01 9.847033589230815009e-02 4.115992075499210617e-02
6.518175354272224276e-01 1.780800984471025139e-01 1.216892208769208561e-01 4.841314524875433428e-02
5.906541743437120351e-01 2.097963566401767621e-01 1.445946286207011877e-01 5.495484039540992488e-02
5.375928892499025613e-01 2.392760711030059440e-01 1.638798585026448318e-01 5.925118114444657968e-02
4.939622936077605608e-01 2.667047292864758168e-01 1.786261055964469269e-01 6.070687150931670245e-02
4.562072775716132234e-01 2.952372293082265453e-01 1.886971436882176612e-01 5.985834943194275060e-02
4.194098131431414078e-01 3.301346123426981971e-01 1.931371420742581668e-01 5.731843243990222825e-02
3.799993470552316399e-01 3.782971090016343241e-01 1.887581780516596752e-01 5.294536589147438854e-02
3.365480807421276643e-01 4.453516695502306444e-01 1.713491794474676644e-01 4.675107026017402689e-02
2.851550491367198514e-01 5.333429309596527945e-01 1.418504656010781406e-01 3.965155430254919955e-02
2.351489504160798327e-01 6.231480145591248299e-01 1.088875752716255280e-01 3.281545975317005231e-02
1.924617610738303397e-01 6.973899392290100474e-01 8.237815238702164700e-02 2.777014731013780630e-02
1.587233636708734186e-01 7.519042999424190299e-01 6.469700384898838252e-02 2.467533253771922452e-02
1.315487477446877496e-01 7.933767927417237908e-01 5.258054087903512447e-02 2.249391863455304716e-02
1.102706517913087797e-01 8.265452142782278022e-01 4.292876869072619062e-02 2.025536523973749115e-02
9.713786019970599428e-02 8.503907219467745637e-01 3.467480774037306340e-02 1.779661011314645838e-02
8.785225002458596499e-02 8.693856939927809835e-01 2.748995903155610973e-02 1.527209695107709271e-02
8.239709066998163189e-02 8.829339650584272503e-01 2.164443291374222936e-02 1.302451135784882079e-02
7.945448630948469260e-02 8.919353080472057771e-01 1.719455799585643471e-02 1.141564764745315458e-02
7.834527739225244369e-02 8.971840933497802206e-01 1.388934670549861819e-02 1.058128255246855269e-02
5.497824241972433523e-02 7.745783380148554831e-02 2.061168595509645096e-01 6.614470642278257317e-01
5.886367048680288261e-02 8.456778545666071567e-02 2.154979847561021844e-01 6.410705593004344394e-01
6.377940239960962210e-02 9.159950182297518784e-02 2.197233615920156924e-01 6.248977341853996226e-01
6.952400980289100141e-02 9.754550871284040081e-02 2.201535474686651117e-01 6.127769340156035138e-01
7.588744117767903807e-02 1.017456034136484805e-01 2.188767622751127684e-01 6.034901931335597824e-01
8.278375112537993130e-02 1.044545668176229403e-01 2.168190042289437625e-01 5.959426778280532133e-01
9.070070834036313145e-02 1.067360223818480669e-01 2.132681966552146813e-01 5.892950726225736346e-01
1.005755111229488657e-01 1.099548098594724937e-01 2.078823598798206218e-01 5.815873191377579632e-01
1.131238375679506497e-01 1.151160170926001786e-01 2.015423145895420265e-01 5.702178307499071730e-01
1.290141886324888132e-01 1.226445394668752298e-01 1.953335961486928340e-01 5.530076757519433173e-01
1.494972237477897870e-01 1.345013510232597187e-01 1.900115894627830426e-01 5.259898357661677570e-01
1.761387040166187690e-01 1.512558833022528970e-01 1.875801185731971743e-01 4.850252941079308266e-01
2.081629022817522157e-01 1.759280293152676866e-01 1.863447354537349776e-01 4.295643329492453422e-01
2.411910404244138328e-01 2.081602008678745119e-01 1.836757618106988066e-01 3.669729968970130152e-01
2.682703920623152327e-01 2.460212555851043759e-01 1.794558161424152365e-01 3.062525362101649606e-01
2.833835597191436406e-01 2.921165261316882589e-01 1.729802457449723663e-01 2.515196684041955955e-01
2.831288674207540490e-01 3.422699798332177745e-01 1.689561476473653290e-01 2.056450050986626532e-01
2.691059990763077225e-01 3.894041275848026951e-01 1.701821011847145793e-01 1.713077721541749476e-01
2.490597604163760637e-01 4.215245054665904822e-01 1.806849887819418354e-01 1.487307453350916187e-01
2.309135079969492632e-01 4.299090069125001135e-01 2.038196272105876616e-01 1.353578578799632393e-01
2.196148763210253596e-01 4.109280964638504230e-01 2.417359432708022227e-01 1.277210839443221335e-01
2.107728449951296046e-01 3.613952672756486351e-01 3.040746056472059533e-01 1.237572820820161679e-01
1.991076217296751383e-01 2.840700062340639209e-01 3.941235687631823303e-01 1.226988032730784162e-01
4.501514321620392334e-02 7.475891107161759808e-02 6.329568022967575758e-02 8.169302654825028043e-01
4.399560044584594626e-02 7.311588541682056963e-02 6.754070783540773448e-02 8.153478063019260480e-01
4.468469255952815106e-02 7.312863911203421052e-02 7.552895729029268646e-02 8.066577110381450977e-01
4.672807102540475072e-02 7.363920337877191691e-02 8.755113085094588798e-02 7.920815947448773819e-01
4.932851442229612554e-02 7.285174751997695874e-02 1.029860228997827726e-01 7.748337151579441917e-01
5.153418130909271505e-02 6.953861928239231383e-02 1.203825261219709508e-01 7.585446732865441799e-01
5.220201380633338745e-02 6.318165565746383661e-02 1.364749819267972175e-01 7.481413486094053988e-01
5.017007980583601534e-02 5.386524557207989644e-02 1.467781716643071777e-01 7.491865029577771118e-01
4.528356977183523729e-02 4.284901997484986264e-02 1.500680738227245237e-01 7.617993364305901682e-01
3.922894392976631478e-02 3.241885679798498648e-02 1.498723666828934709e-01 7.784798325893550475e-01
3.376124933196041067e-02 2.411431566132009319e-02 1.494304490364694316e-01 7.926939859702500923e-01
2.944236247825127509e-02 1.818176054995808422e-02 1.496727731933503447e-01 8.027031037784404521e-01
2.665061632659682100e-02 1.439512362951546852e-02 1.525236107425608223e-01 8.064306493013269073e-01
2.553519321360154387e-02 1.223596514678697116e-02 1.597115127622153463e-01 8.025173288773957969e-01
2.598449015901203168e-02 1.120648294676214289e-02 1.716332028055138070e-01 7.911758240887123428e-01
2.783185865056160904e-02 1.102711791950664565e-02 1.890101964020722281e-01 7.721308270278596231e-01
3.015724389718078477e-02 1.131809767126034857e-02 2.120634706719525808e-01 7.464611877596061262e-01
3.160069607031968514e-02 1.166540065798626208e-02 2.395290012778836519e-01 7.172049019938104841e-01
3.211241800087062670e-02 1.211806044958427080e-02 2.713493578941166828e-01 6.844201636554284596e-01
3.280446304869581026e-02 1.299226594403826360e-02 3.112876940753286359e-01 6.429155769319369051e-01
3.462605121697992505e-02 1.464077353555442648e-02 3.651486227176954369e-01 5.855845525297704857e-01
3.823773518529718918e-02 1.785464490618948741e-02 4.348259605977106146e-01 5.090816593108028476e-01
4.384450200221436111e-02 2.390346753526074661e-02 5.133691986270808583e-01 4.188828318354439473e-01
5.128343043693037173e-02 3.441604455796714451e-02 5.854833389967597501e-01 3.288171860083428100e-01
6.079622759083754685e-02 5.148722542775799327e-02 6.347145528558820748e-01 2.530019941255219895e-01
7.267995750285957679e-02 7.716522448718896032e-02 6.523617146794530308e-01 1.977931033304985708e-01
8.566436396076589077e-02 1.115972940166484739e-01 6.415237930010360135e-01 1.612145490215498023e-01
9.565728953396968048e-02 1.522525539923632598e-01 6.140217451868298371e-01 1.380684112868374447e-01
1.016702783106068902e-01 1.922136694424758929e-01 5.820268172437390586e-01 1.240892350031779223e-01
1.023873146122256383e-01 2.257215914743537499e-01 5.550001775148758476e-01 1.168909163985446947e-01
9.831275699003232116e-02 2.471652839654749079e-01 5.395664179063014432e-01 1.149555411381911196e-01
9.130267087752312605e-02 2.537451816493991319e-01 5.379780685059980527e-01 1.169740789670799114e-01
8.373119941285206425e-02 2.474618232593611133e-01 5.480542769596838948e-01 1.207527003681030803e-01
7.662986055993240009e-02 2.328490037709370353e-01 5.681020697259399066e-01 1.224190659431906303e-01
6.984093204883658201e-02 2.127022421768725302e-01 5.984177854378168737e-01 1.190390403364737643e-01
6.342061337687589229e-02 1.866774693312550082e-01 6.387440647534780025e-01 1.111578525383916938e-01
5.831915418180237676e-02 1.561970610819128913e-01 6.842702468874867217e-01 1.012135378487981630e-01
5.529099199031643763e-02 1.248669827828549489e-01 7.279763307280695539e-01 9.186569449875901794e-02
5.395280101304881365e-02 9.481750553429375838e-02 7.656914705403903287e-01 8.553822291226703678e-02
5.355077370509598450e-02 6.737845836284188372e-02 7.962037073901794271e-01 8.286706054188269777e-02
5.175948963175400208e-02 4.544104631580127979e-02 8.196419639220255959e-01 8.315750013041887934e-02
5.061179685301799014e-02 3.031932888828454270e-02 8.338760369593508637e-01 8.519283729934645777e-02
5.286038807662293143e-02 2.183990090049475058e-02 8.383054348570850856e-01 8.699427616579730183e-02
5.571270518528678023e-02 1.621855099216448076e-02 8.413040905213118315e-01 8.676465330123722675e-02
6.147830850042814571e-02 1.329620012948392466e-02 8.395501003600380763e-01 8.567539101004950641e-02
6.841830104322563222e-02 1.120528454549229655e-02 8.347708422362789538e-01 8.560557217500298910e-02
7.540957924224321596e-02 9.228894874191583345e-03 8.264707741706218691e-01 8.889075171294325006e-02
8.060704290471813749e-02 7.272596788252167627e-03 8.134210132998057619e-01 9.869934700722401977e-02
8.381205795082888321e-02 5.624627748860297656e-03 7.898978814597255038e-01 1.206654328405853682e-01
8.551190045521654681e-02 4.603331940323139235e-03 7.490907035527526459e-01 1.607940640517076802e-01
8.470165873036951398e-02 3.755834050123808311e-03 6.914661603218010821e-01 2.200763468977057491e-01
7.862939888763216534e-02 3.146436617647713208e-03 6.282613905104097451e-01 2.899627739843100849e-01
7.001844678154801882e-02 2.666692780969074153e-03 5.718230695626179694e-01 3.554917908748647659e-01
6.430978040056797851e-02 2.385740213484524672e-03 5.289624407534547768e-01 4.043420386324927396e-01
6.361096290897357008e-02 2.311455726884645810e-03 5.021973895045696024e-01 4.318801918595718825e-01
6.799721399907011909e-02 2.410480264191997707e-03 4.943155389357364871e-01 4.352767668010012470e-01
7.810184796837997545e-02 2.666029356325008443e-03 5.095042844475798915e-01 4.097278382277154130e-01
9.485584060357918346e-02 3.089586726746940040e-03 5.509719074341431488e-01 3.510826652355305000e-01
1.189874958684881134e-01 3.656468680357896281e-03 6.114530930516001161e-01 2.659029423995535324e-01
1.515523627835064502e-01 4.361573399579134203e-03 6.674180617871433574e-01 1.766680020297707876e-01
1.960733749514327051e-01 5.460749041488474967e-03 6.899944625000239418e-01 1.084714135070548174e-01
2.550532131068894426e-01 7.321719791037893145e-03 6.711414937342665699e-01 6.648357336780646998e-02
3.245400098111350662e-01 9.954792778545105622e-03 6.243579683981290707e-01 4.114722901219059620e-02
3.953343194316144560e-01 1.488207942616807770e-02 5.647391984847303092e-01 2.504440265748705471e-02
4.549824453474221042e-01 2.333727835669085690e-02 5.062456581590886184e-01 1.543461813679838750e-02
5.000060505204001471e-01 3.807938437677488297e-02 4.515602755214799813e-01 1.035428958134518816e-02
5.340653706946351109e-01 5.993843284525020992e-02 3.985104047033049546e-01 7.485791756810202500e-03
5.630663702792432224e-01 8.840524378866729260e-02 3.429687929271046376e-01 5.559593004984968861e-03
5.752086058456827855e-01 1.269209939465929249e-01 2.933806340665907064e-01 4.489766141133658649e-03
5.763826404566085859e-01 1.709219045224184830e-01 2.486978571645203917e-01 3.997597856452345978e-03
5.831289714006311353e-01 2.083741733918270667e-01 2.046742597802511110e-01 3.822595427290572962e-03
6.001836218348688412e-01 2.257400754766397122e-01 1.702329901820414659e-01 3.843312506449894812e-03
6.178288859276600542e-01 2.232864481000505497e-01 1.548109056140905826e-01 4.073760358199000897e-03
6.298584896627522633e-01 2.029680135979413935e-01 1.627765214181686737e-01 4.396975321137949581e-03
6.178119953086247396e-01 1.724267221343444290e-01 2.049627411179578418e-01 4.798541439073218673e-03
5.607395239657791963e-01 1.354954668598303547e-01 2.985792474283572306e-01 5.185761746033248736e-03
4.543036765166960089e-01 9.994436254625339855e-02 4.403407034250630958e-01 5.411257511987252987e-03
3.361988798112688359e-01 7.123767448178686124e-02 5.872140122605409296e-01 5.349433446403825156e-03
2.423625089622739592e-01 5.050623255454805838e-02 7.020454916614483620e-01 5.085766821729943016e-03
1.796403503231703003e-01 3.667144705339737965e-02 7.789139868073049477e-01 4.774215816127612595e-03
1.437161020345851248e-01 2.924862971965919850e-02 8.223787238592494830e-01 4.656544386506136432e-03
1.290553203518561010e-01 2.761505252805798380e-02 8.383780924935164691e-01 4.951534626569224946e-03
1.274957350395220790e-01 3.082345008510397819e-02 8.359807889409539561e-01 5.700025934419799406e-03
1.291229936463133277e-01 3.814655059037833779e-02 8.259493329740892342e-01 6.781122789218993648e-03
1.266502169879794581e-01 4.880543629721131177e-02 8.167008018404723346e-01 7.843544874337070663e-03
1.193754319777890205e-01 6.524779126917007455e-02 8.068491818747024480e-01 8.527594878338651263e-03
1.122895340738716552e-01 9.088970498013557164e-02 7.883012078539490819e-01 8.519553092043934128e-03
1.064282581559529983e-01 1.299794370005885880e-01 7.556553047781874310e-01 7.937000065271431967e-03
9.985448814935740658e-02 1.795004480352704879e-01 7.135283918979540285e-01 7.116671917418155094e-03
