4.092261699452474644e-01 3.265982911927919341e-01 2.450886838732263540e-01 1.908685498873431349e-02
4.577832726384218481e-02 1.900608718234636507e-01 6.520693617667893127e-01 1.120914391459045117e-01
4.476465000393808208e-02 1.713900627927685827e-01 6.644998510664877900e-01 1.193454361368058575e-01
4.306274668243557230e-02 1.466723530418161392e-01 6.850223057085097489e-01 1.252425945672385188e-01
4.110397866364598474e-02 1.193726671350273244e-01 7.076310286936582372e-01 1.318923255076686341e-01
3.766057708085777944e-02 9.426728418290949985e-02 7.275087846318927243e-01 1.405633541043402324e-01
3.389837310348991356e-02 7.394313377225043837e-02 7.436046664178814769e-01 1.485538267063781781e-01
3.049287586072779721e-02 6.061569626133975208e-02 7.593599946624132180e-01 1.495314332155195658e-01
2.752185900836681687e-02 5.320138496918969118e-02 7.804209689569303610e-01 1.388557870655132143e-01
2.494982975670466743e-02 4.941600430991290732e-02 8.058208358599262544e-01 1.198133300734563755e-01
2.288821714090465143e-02 4.770482809280550407e-02 8.308008446378045697e-01 9.860611012848538581e-02
2.136939476054697945e-02 4.722287296093257564e-02 8.525146107757192171e-01 7.889312150280100577e-02
2.033911015055163418e-02 4.764682335107169736e-02 8.700149245122755781e-01 6.199914198610103483e-02
1.962171966579189658e-02 4.858856917071520398e-02 8.834400276296583421e-01 4.834968353383444634e-02
1.901123042648768593e-02 4.923297840483882581e-02 8.939216886732400669e-01 3.783410249543348036e-02
1.864989974404860501e-02 4.916023001592949998e-02 9.020816921851780856e-01 3.010817805484377122e-02
1.897551920830717678e-02 4.894672545612035325e-02 9.072750703383130055e-01 2.480268499725896136e-02
2.020971860448233029e-02 4.911586886540493524e-02 9.095488563621093592e-01 2.112555616800370489e-02
2.244141293315076238e-02 5.019722738022651398e-02 9.094194999294611392e-01 1.794185975716201115e-02
2.670693306293951338e-02 5.488832290716511714e-02 9.038009683399123029e-01 1.460377568998315334e-02
3.657307958360813543e-02 6.973846006978906553e-02 8.821340069353131863e-01 1.155445341128968212e-02
5.886012368934992467e-02 1.057802454232988493e-01 8.261988536879750766e-01 9.160777199376371471e-03
9.911285198930576412e-02 1.768287650182987503e-01 7.169803086323238706e-01 7.078074360071451125e-03
1.526119348764248540e-01 2.801106319397239086e-01 5.623412875645507070e-01 4.936145619300477509e-03
1.959504791383571143e-01 3.896886991247639487e-01 4.112876503223953373e-01 3.073171414483946273e-03
2.161289828385224709e-01 4.784881846682663142e-01 3.034586117528662030e-01 1.924220740345068594e-03
2.192759396061042254e-01 5.361740246528969855e-01 2.431674926023525418e-01 1.382543138646283223e-03
2.269300940602625161e-01 5.531449339978798951e-01 2.188779229493102996e-01 1.047048992547534906e-03
2.406769730876914537e-01 5.371763159321900627e-01 2.213089439536490288e-01 8.377670264692008584e-04
2.599685377852997692e-01 4.956370159308259860e-01 2.437039444924729292e-01 6.905017914011079986e-04
2.845536332479061126e-01 4.361224875011657787e-01 2.788237040720172311e-01 5.001751789110436960e-04
3.059766721763809150e-01 3.739599083723360584e-01 3.196263736369474029e-01 4.370458143354677112e-04
3.210248901029396640e-01 3.150347599221838824e-01 3.634635011185494147e-01 4.768488563269287312e-04
3.261912089778070123e-01 2.603822555158172292e-01 4.127736881204655539e-01 6.528473859102194897e-04
3.180614354993935855e-01 2.094317859455688546e-01 4.715916940404993318e-01 9.150845145382996990e-04
2.918472231079158319e-01 1.650123498946239609e-01 5.420122681178721757e-01 1.128158879587628843e-03
2.498379255977305757e-01 1.299020465544538649e-01 6.190400550062460372e-01 1.219972841569681287e-03
2.019408812918092877e-01 1.056420661126285937e-01 6.911130007496409933e-01 1.304051845921016476e-03
1.647329125429942698e-01 9.046190410337466570e-02 7.434453471709501216e-01 1.359836182680627470e-03
1.411166037657189953e-01 8.451156333803723497e-02 7.727334448833049763e-01 1.638388012938928311e-03
1.333904347444991034e-01 8.441364516382561523e-02 7.800119452534455267e-01 2.183974838229829282e-03
1.392566744474701967e-01 8.689220870184800882e-02 7.707850068758986817e-01 3.066109974783130104e-03
1.542340295939478578e-01 8.987315885300685425e-02 7.515502462595204936e-01 4.342565293525075393e-03
1.740827349550987113e-01 9.272401845941340148e-02 7.271733838201128730e-01 6.019862765374881484e-03
1.958474966563118203e-01 9.568451406177037877e-02 7.005062910468184967e-01 7.961698235099193277e-03
2.196538436524494708e-01 9.902746221111038971e-02 6.714811884110258866e-01 9.837505725414235486e-03
2.396927395923336979e-01 1.029887623030280308e-01 6.459542032313528859e-01 1.136429487328538546e-02
2.495930589997412963e-01 1.068956017900142691e-01 6.312379590338373925e-01 1.227338017640703001e-02
2.484947125001395751e-01 1.094836356737519667e-01 6.295630386266196643e-01 1.245861319948882683e-02
2.378874300723003155e-01 1.171851044759344984e-01 6.327266257985169062e-01 1.220083965324837184e-02
2.255667530232564888e-01 1.291456057291053561e-01 6.337094447608515591e-01 1.157819648678641219e-02
2.147417809113947307e-01 1.462336227201684047e-01 6.281297634232740901e-01 1.089483294516299834e-02
2.103114615656276332e-01 1.658142561576434748e-01 6.134685599413045587e-01 1.040572233542419976e-02
2.160721119302709825e-01 1.890140103901817581e-01 5.847176298490852631e-01 1.019624783046196859e-02
2.361013482448527934e-01 2.220632494453602668e-01 5.317487802628200200e-01 1.008662204696720611e-02
2.704582424484437975e-01 2.745526463472824918e-01 4.453463095102183078e-01 9.642801694055017775e-03
3.006784357281827025e-01 3.574400273058364608e-01 3.331224101406378146e-01 8.759126825343214670e-03
2.995715660787640067e-01 4.705623007170004479e-01 2.221691631338527373e-01 7.696970070382591275e-03
2.655820562129253548e-01 5.934453867452167408e-01 1.348650604974303835e-01 6.107496544427977112e-03
2.183096669778445686e-01 6.986131586368655721e-01 7.854438997317475524e-02 4.532784412115421421e-03
1.758211902891219092e-01 7.734182307208974372e-01 4.727937734983608808e-02 3.481201640144451943e-03
1.435442369296775211e-01 8.230432061727025461e-01 3.057870775496471932e-02 2.833849142655369118e-03
1.224019725826348964e-01 8.538134337640660432e-01 2.137959745708141804e-02 2.404996196217627606e-03
1.098072414369107574e-01 8.722544827240920062e-01 1.586828988778457919e-02 2.069985951213018822e-03
1.027111420932700220e-01 8.832800234936716288e-01 1.222650520354034639e-02 1.782329209517870966e-03
9.888132506336129446e-02 8.898766764965568843e-01 9.684061778804566728e-03 1.557936661277326516e-03
9.590416993460491868e-02 8.949079548369474058e-01 7.788567071645932822e-03 1.399308156801389513e-03
9.145417739728067819e-02 9.010482070933180099e-01 6.223672526547861274e-03 1.273942982853780480e-03
8.585133439502226627e-02 9.080640550097374142e-01 4.925834233065373019e-03 1.158776362174969736e-03
8.116263545162755166e-02 9.137555779995196747e-01 4.009369015770388942e-03 1.072417533082462493e-03
7.835054935645698049e-02 9.170196028481182315e-01 3.569237109396408876e-03 1.060610686028503561e-03
7.661502566022031224e-02 9.188052574716024656e-01 3.466358608729301020e-03 1.113358259447969891e-03
6.773809120211468637e-02 3.278081210595960859e-02 3.852385164535893636e-01 5.142425802383360223e-01
9.638841282622349557e-03 1.236033066129066512e-03 4.478598141527797422e-02 9.443391442359706511e-01
7.305746199910090333e-03 9.956431207654061876e-04 4.208673145216701439e-02 9.496118792271571740e-01
6.300931418156502546e-03 9.689827677751990630e-04 4.383704675080719870e-02 9.488930390632611678e-01
6.174874202648201506e-03 1.103970998670558050e-03 4.907859062938424444e-02 9.436425641692967048e-01
6.534499860400734203e-03 1.361379741059825284e-03 5.600219416872601053e-02 9.361019262298134747e-01
6.918620565774066811e-03 1.673858443159308802e-03 6.123395718718230296e-02 9.301735638038843845e-01
6.870503443950535215e-03 1.956958831018986659e-03 6.183148801039933806e-02 9.293410497146310512e-01
6.283947148411052341e-03 2.191097090172606718e-03 5.800405088631706285e-02 9.335209048750992000e-01
5.497285671140989330e-03 2.466754605316658598e-03 5.244036302329293381e-02 9.395955967002495024e-01
4.845198472906529254e-03 2.900681188777271165e-03 4.697407448966937210e-02 9.452800458486468882e-01
4.392489487198260323e-03 3.542752291627191286e-03 4.135000924552666851e-02 9.507147489756480052e-01
4.139900647961531829e-03 4.483450238049475900e-03 3.552012717341383047e-02 9.558565219405750213e-01
4.158910035826210959e-03 5.964926478276323663e-03 3.022507722843066624e-02 9.596510862574669787e-01
4.589647305223878808e-03 8.444879626161279698e-03 2.620006073835116217e-02 9.607654123302638016e-01
5.635980703333758925e-03 1.261410969126013429e-02 2.394449315369819378e-02 9.578054164517075808e-01
7.544473567398488761e-03 1.915360276737409703e-02 2.383826388728936888e-02 9.494636597779377851e-01
1.039238569971210474e-02 2.778265559223678724e-02 2.583745673045436189e-02 9.359875019775968363e-01
1.361613195139670801e-02 3.620965951557284651e-02 2.883806059938535254e-02 9.213361479336451554e-01
1.626520072006949064e-02 4.201346736523325215e-02 3.165205660730480847e-02 9.100692753073924557e-01
1.760025938077572003e-02 4.415673852669944888e-02 3.397622580581088209e-02 9.042667762867142578e-01
1.766057137804803029e-02 4.248027264520944091e-02 3.639870632078714280e-02 9.034604496559551778e-01
1.727020269943757222e-02 3.830873336851831068e-02 4.012598060484681706e-02 9.042950833271975464e-01
1.722744920868804833e-02 3.408016656161047542e-02 4.624120986486957019e-02 9.024511743648319095e-01
1.787954155433841771e-02 3.137630622947498032e-02 5.488421133244319322e-02 8.958599408837433220e-01
1.937074944614631047e-02 3.045761062246740009e-02 6.569667700137732380e-02 8.844749629300092675e-01
2.194644626471706564e-02 3.112659980877035409e-02 8.003123767865294447e-02 8.668957162478594380e-01
2.543298772684954648e-02 3.227602772877046639e-02 1.005481141233306314e-01 8.417428704210495605e-01
2.892992060773566174e-02 3.207850431402486241e-02 1.301105995009183836e-01 8.088809755773215260e-01
3.107786502572794027e-02 2.933605954905023350e-02 1.713672730842548397e-01 7.682188023409669553e-01
3.064540512344914383e-02 2.433067146503632358e-02 2.288044648050160668e-01 7.162194586064986046e-01
2.727377458403285049e-02 1.840885044905165441e-02 3.071943524680201820e-01 6.471230224988954172e-01
2.178222794626628531e-02 1.287398346010677243e-02 3.982250590416346325e-01 5.671187295519923843e-01
1.598577684714985389e-02 8.573344028812464671e-03 4.816271942086611246e-01 4.938136849153765828e-01
1.151193893097987933e-02 5.715211512458456301e-03 5.446933745414108685e-01 4.380794750151510986e-01
8.893021221429575282e-03 4.084871640149573442e-03 5.874672549702764091e-01 3.995548521681445697e-01
7.860899441466846771e-03 3.328748446508483696e-03 6.137230798030798296e-01 3.750872723089445637e-01
7.907992783127522005e-03 3.081285186048678213e-03 6.292395438695974619e-01 3.597711781612262238e-01
8.684485197230350575e-03 3.107025499419785279e-03 6.406810306180251713e-01 3.475274586853246972e-01
1.029374369826649253e-02 3.473363861619983839e-03 6.537176764016610075e-01 3.325152160384525213e-01
1.299765831400317116e-02 4.383803248309941537e-03 6.668996695226603322e-01 3.157188689150263738e-01
1.712214412939003574e-02 6.035644660573697903e-03 6.693578767584722478e-01 3.074843344515637567e-01
2.306846868635221634e-02 8.611474801994586231e-03 6.538035064686203990e-01 3.145165500430326389e-01
3.126102720997522150e-02 1.227774916489911966e-02 6.208702699137058634e-01 3.355909537114198926e-01
4.221238461227836553e-02 1.723316884141245370e-02 5.748257282407787105e-01 3.657287183055306090e-01
5.671087563020692224e-02 2.388836557634678448e-02 5.205971479737944163e-01 3.988036108196517660e-01
7.533890875837638557e-02 3.266555167368296458e-02 4.636359390003373382e-01 4.283596005676033602e-01
9.724818436581146586e-02 4.326679289256669253e-02 4.103834584139443020e-01 4.491015643276778380e-01
1.208280965311647470e-01 5.494183589322915173e-02 3.648494210943442617e-01 4.593806464812617008e-01
1.455618208452892359e-01 6.751879882368513885e-02 3.271367049210006650e-01 4.597826754100250990e-01
1.725884036903479746e-01 8.159986999778404138e-02 2.949009668314383492e-01 4.509107594804295793e-01
2.027475202514338881e-01 9.799098985193295530e-02 2.649910043869047049e-01 4.342704855097280214e-01
2.350077818039584543e-01 1.176114253254598452e-01 2.341998490688501078e-01 4.131809438017314817e-01
2.665330176742385926e-01 1.405435122815261451e-01 2.008842571951945100e-01 3.920392128490408079e-01
2.944086628400737204e-01 1.641747126158583370e-01 1.660552082370723714e-01 3.753614163069959875e-01
3.177907760383667513e-01 1.847823775291141668e-01 1.323284285266714544e-01 3.650984179058474055e-01
3.368507360233066183e-01 1.982750871294273465e-01 1.035147587137011660e-01 3.613594181335648137e-01
3.526969074101475310e-01 2.025861528852143101e-01 8.169001129404412920e-02 3.630269284105941408e-01
3.665353120651966279e-01 2.006008158308060230e-01 6.657297046007157326e-02 3.662909016439256926e-01
3.794001832206119751e-01 1.982280362183668210e-01 5.746071632814799685e-02 3.649110642328732279e-01
3.950500943358700168e-01 1.997655810736297111e-01 5.276400423925111521e-02 3.524203203512487614e-01
4.177497890122592872e-01 2.080688117619638455e-01 5.046521227152777483e-02 3.237161869542494186e-01
4.479749862835256113e-01 2.257761938915214539e-01 4.903678451852917092e-02 2.772120353064240206e-01
4.787047402697848231e-01 2.526954099280790955e-01 4.749028280446915967e-02 2.211095669976669564e-01
5.001809514384537581e-01 2.844865906335551364e-01 4.569518973435132692e-02 1.696372681936397508e-01
5.105406835895252016e-01 3.131187748011928784e-01 4.455345221123992866e-02 1.317870893980421232e-01
5.158320635721405090e-01 3.320426953401837133e-01 4.464924521259640289e-02 1.074759958750792915e-01
5.193053113753518524e-01 3.419215289272073965e-01 4.582577538339509260e-02 9.294738431404593604e-02
5.180941743600334659e-01 3.506165023822171434e-01 4.704424003662255327e-02 8.424508322112696235e-02
5.092266890667253021e-01 3.660233399912741770e-01 4.696929114607157479e-02 7.778067979592918901e-02
4.971749518549326008e-01 3.867021808500460400e-01 4.495210925716919964e-02 7.117075803785224974e-02
4.913806604357249808e-01 4.046301741605410340e-01 4.118322646475749971e-02 6.280593893897659652e-02
1.829083707856552637e-02 9.769997342758123260e-01 1.883761453191273643e-03 2.825667192430826070e-03
7.275306237606396498e-02 1.919450263709781071e-03 8.288152585023976782e-01 9.651222885782870242e-02
1.059426458591755105e-01 2.815045639325528676e-03 7.970809409894735742e-01 9.416136751202540400e-02
1.525110705564834690e-01 4.133456504826864969e-03 7.465850761648991085e-01 9.677039677379059568e-02
2.070187180643735247e-01 5.827692812147233781e-03 6.882123754290092599e-01 9.894121369446999548e-02
2.606934923770305446e-01 7.792777337645480883e-03 6.342042031848336148e-01 9.730952710049026178e-02
3.060939820220630603e-01 1.001199350594255376e-02 5.920660961778847486e-01 9.182792829410944824e-02
3.387635281744916238e-01 1.276585140250829746e-02 5.640571628285196981e-01 8.441345759448043440e-02
3.596873099389460426e-01 1.637454073783334643e-02 5.482075353468334189e-01 7.573061397638754244e-02
3.757292743042975336e-01 2.096124774829430382e-02 5.377824388699420366e-01 6.552703907746600109e-02
3.948325968688317089e-01 2.669633114136602675e-02 5.240136864294346886e-01 5.445738556036765904e-02
4.211776114781232705e-01 3.375828944287830730e-02 5.013300253072561219e-01 4.373407377174234195e-02
4.541872710113172285e-01 4.182528870053486142e-02 4.694863904004712429e-01 3.450104988767661168e-02
4.873355973986524536e-01 5.011466707159369788e-02 4.347559272177148326e-01 2.779380831203926219e-02
5.110779827517766272e-01 5.832447349163120964e-02 4.065690655075592796e-01 2.402847824903285232e-02
5.177171403464374544e-01 6.685356895848450220e-02 3.925161907361935931e-01 2.291309995888433232e-02
5.053991384264077125e-01 7.638125490164207609e-02 3.942426765648769926e-01 2.397693010707328126e-02
4.793644325332502842e-01 8.719760792628857005e-02 4.066577915842584656e-01 2.678016795620273213e-02
4.468579565025955769e-01 9.894053355222520718e-02 4.232075434299855110e-01 3.099396651519410392e-02
4.115013807083618413e-01 1.106093831247502990e-01 4.417334247370589551e-01 3.615581142982893931e-02
3.787146716809417502e-01 1.205650851458823641e-01 4.591552514446240463e-01 4.156499172855163127e-02
3.581466602325211190e-01 1.311413714415331222e-01 4.642465100720219451e-01 4.646545825392369572e-02
3.566710511371732895e-01 1.413082579805687855e-01 4.513367892740771103e-01 5.068390160818098122e-02
3.645781907631950314e-01 1.520816878615531276e-01 4.280220341403209172e-01 5.531808723493102792e-02
3.702170360230407353e-01 1.618133618646045158e-01 4.074255163160688253e-01 6.054408579628586806e-02
3.709100361223833797e-01 1.697065202747278234e-01 3.938265454097318319e-01 6.555689819315697886e-02
3.714051936013776367e-01 1.768795166252419004e-01 3.823956425308204787e-01 6.931964724255992860e-02
3.765280930884202792e-01 1.851652058277183932e-01 3.669999638894135274e-01 7.130673719444774461e-02
3.875083386631741345e-01 1.950266958373655379e-01 3.462090233628353220e-01 7.125594213662543586e-02
4.032116299439382767e-01 2.060060412743164870e-01 3.220838212426467284e-01 6.869850753909839680e-02
4.215540151191014551e-01 2.169983905481502051e-01 2.979352586194597419e-01 6.351233571328847305e-02
4.402825179001045308e-01 2.265131599680917651e-01 2.767016510102715543e-01 5.650267112153210119e-02
4.571823782781347933e-01 2.348150365026804853e-01 2.590942804711935388e-01 4.890830474799131439e-02
4.708372396020429340e-01 2.452316249545080928e-01 2.426812324854023817e-01 4.124990295804669554e-02
4.807477173039203522e-01 2.627288462835832283e-01 2.230906111433836325e-01 3.343282526911254410e-02
4.837047166364783490e-01 2.938802166774621139e-01 1.966706765081994435e-01 2.574439017785988548e-02
4.771195794813344326e-01 3.356565728513346558e-01 1.677399213500906372e-01 1.948392631724025353e-02
4.573537870352717416e-01 3.848532700561756448e-01 1.426606118854328586e-01 1.513233102311949130e-02
4.320981454975056368e-01 4.368946314180959800e-01 1.191802542483510335e-01 1.182696883604737043e-02
4.003398536153337517e-01 4.954563443529321765e-01 9.509273967188511256e-02 9.111062359848947148e-03
3.559350417321285875e-01 5.651174810497344714e-01 7.197428200522032471e-02 6.973195212916442030e-03
2.998906252668177563e-01 6.408550760344132735e-01 5.371106291224052309e-02 5.543235786528432317e-03
2.458186524621286673e-01 7.077944016986535969e-01 4.158643026960134187e-02 4.800515569616179735e-03
1.964547616014628850e-01 7.645903613387187159e-01 3.430881880135244061e-02 4.646058258466300231e-03
1.550567188900186522e-01 8.103970482055870006e-01 2.966907958329473641e-02 4.877153321099694100e-03
1.248023081570295845e-01 8.438561862138485026e-01 2.601084125784951587e-02 5.330664371272464744e-03
1.022854057177418480e-01 8.694604068344854442e-01 2.245363325281583833e-02 5.800554194956905954e-03
8.550931337103649665e-02 8.896903659738025771e-01 1.871144304353193968e-02 6.088877611628905860e-03
7.327491960634500978e-02 9.054861652869847788e-01 1.509223719885021374e-02 6.146677907820270910e-03
6.436041634318240279e-02 9.176256787978331886e-01 1.196286266763116335e-02 6.051042191353117779e-03
5.847444552083960745e-02 9.258793568528824736e-01 9.670826111541326944e-03 5.975371514736566893e-03
5.594823432284282139e-02 9.299383416689395165e-01 8.142387526469049841e-03 5.971036481748677287e-03
5.707573047342364564e-02 9.299782155689432228e-01 7.034982473309689573e-03 5.911071484323325749e-03
6.196282129305077241e-02 9.259543602284390218e-01 6.294515562453149686e-03 5.788302916057078661e-03
6.983575759577106967e-02 9.185021401214801262e-01 5.994306519185301982e-03 5.667795763563668668e-03
7.955203062072468967e-02 9.088166848699924527e-01 6.111794470966232413e-03 5.519490038316370202e-03
8.977899645388798255e-02 8.985433738681175564e-01 6.495220593893535378e-03 5.182409084100834604e-03
9.832469023896349414e-02 8.901850579505455885e-01 6.961910301443362432e-03 4.528341509047338100e-03
1.022964247427256418e-01 8.866136771725580124e-01 7.433975941000346872e-03 3.655922143716082689e-03
9.870901151240474292e-02 8.906207059904598378e-01 7.903531390498895470e-03 2.766751106636315682e-03
8.652803436227443634e-02 9.031027077277905546e-01 8.368483060563191092e-03 2.000774849371785881e-03
7.028544070148880218e-02 9.194218949319248324e-01 8.863690776838305946e-03 1.428973589748039515e-03
5.700036473617040023e-02 9.324453565583548098e-01 9.502169669611698968e-03 1.052109035862893675e-03
4.959363047120800283e-02 9.389910266691126051e-01 1.057916566331196760e-02 8.361771963675297811e-04
4.647348037213149680e-02 9.407484858085859436e-01 1.206517644763344457e-02 7.128573716492420977e-04
4.535359614656815641e-02 9.404890306679224432e-01 1.353276626227377898e-02 6.246069232356907946e-04
4.489144530164872193e-02 9.398209015322935844e-01 1.473658274452781941e-02 5.510704215299239974e-04
4.408424884014694456e-02 9.396864756944001140e-01 1.574044013276221579e-02 4.888353326905227727e-04
4.229793817660854743e-02 9.408641423456539643e-01 1.640338720224299857e-02 4.345322754943086330e-04
3.946723171359658999e-02 9.437270785842558629e-01 1.641683028990941276e-02 3.888594122381748824e-04
3.572444754930943767e-02 9.482611563146579048e-01 1.566080997837496908e-02 3.535861576578651420e-04
3.165120077142214577e-02 9.536585935367875022e-01 1.435532136002089579e-02 3.348843317692771181e-04
1.035378624124765404e-02 3.372065301257349190e-04 4.872462024963467205e-03 9.844365452036630826e-01
7.591467767116804044e-01 9.642864875182610707e-02 8.168864965027243519e-02 6.273592488622098395e-02
8.002386615498180422e-01 9.945403917289169504e-02 6.380681352002323670e-02 3.650048575726715094e-02
8.239871271896787031e-01 1.034278279627945801e-01 5.148736840059810888e-02 2.109767644692846569e-02
8.305016065194592567e-01 1.129810886266414960e-01 4.340011068378619996e-02 1.311719417011315142e-02
8.188251324439884682e-01 1.312360139891270150e-01 4.049933201666591071e-02 9.439521550218635607e-03
7.863311072380869682e-01 1.641930900765471435e-01 4.137206784854857711e-02 8.103734836817363257e-03
7.359706783293179511e-01 2.110982445888787695e-01 4.484294994765911091e-02 8.088127134144224017e-03
6.768204355972319286e-01 2.661259255344499697e-01 4.836651989933044710e-02 8.687118968987564416e-03
6.170146764064109446e-01 3.246503426407011950e-01 4.909139326429111383e-02 9.243587688596765703e-03
5.604420848431925783e-01 3.844160084167974056e-01 4.589860075122907668e-02 9.243305988781008731e-03
5.080700702860475593e-01 4.441912712768460447e-01 3.924251846306946873e-02 8.496139974036748602e-03
4.654905057471345198e-01 4.968872188945049895e-01 3.040510738808240715e-02 7.217167970278113090e-03
4.395827532228647194e-01 5.313894767064359925e-01 2.289156700157458230e-02 6.136203069124906984e-03
4.455498331356309016e-01 5.314113443319455898e-01 1.757314263274680974e-02 5.465679899676868791e-03
4.755004209225142109e-01 5.048926389402043080e-01 1.440639107962994603e-02 5.200549057651610539e-03
5.092469610583020279e-01 4.721864890194341635e-01 1.312909755462463197e-02 5.437452367639239101e-03
5.348234091674571866e-01 4.456655485443506981e-01 1.320241986974076721e-02 6.308622418451266534e-03
5.501295993901721415e-01 4.274711213573609836e-01 1.443711424874220307e-02 7.962165003724652745e-03
5.662955249160840365e-01 4.083136174454786715e-01 1.521271114427774455e-02 1.017814649415947452e-02
5.873207174307130130e-01 3.841409642536300351e-01 1.571055019555933976e-02 1.282776812009752375e-02
6.148283123600062350e-01 3.537356821763547043e-01 1.588664534112134430e-02 1.554936012251775281e-02
6.418358380181341527e-01 3.246659652038070276e-01 1.574620666956318485e-02 1.775199010849565565e-02
6.593844104270446538e-01 3.059904609277879217e-01 1.551068142432650461e-02 1.911444722084076897e-02
6.629533982176849527e-01 3.017811259113870048e-01 1.545734394066318289e-02 1.980813193026492725e-02
6.523335614719100173e-01 3.117446159856708254e-01 1.578528219323085263e-02 2.013654034918810690e-02
6.292774060878979503e-01 3.340499049114190044e-01 1.651336231408934152e-02 2.015932668659367946e-02
5.963171029119133104e-01 3.656440536284077947e-01 1.787251288315599290e-02 2.016633057652299915e-02
5.583614300517913964e-01 4.006912286095559161e-01 2.027345361723821224e-02 2.067388772141436418e-02
5.234497329447421743e-01 4.305523632057717265e-01 2.395576893059120707e-02 2.204213491889498930e-02
4.981228280442850931e-01 4.486385289870483128e-01 2.879134762826310659e-02 2.444729534040340768e-02
4.799133889555470822e-01 4.591919196225199284e-01 3.353657171497420597e-02 2.735811970695867235e-02
4.628505802944198888e-01 4.696131318325017512e-01 3.717022296487806909e-02 3.036606490820025969e-02
4.488475293052734960e-01 4.776525365457183203e-01 3.986609267019439878e-02 3.363384147881376407e-02
4.405264848906088604e-01 4.807852805974499044e-01 4.187548323075572509e-02 3.681275128118542683e-02
4.355703750055134327e-01 4.827078248653811632e-01 4.296615411690166836e-02 3.875564601220393701e-02
4.320341783477532061e-01 4.878977942755562403e-01 4.214590682737257704e-02 3.792212054931802523e-02
4.352929105696413670e-01 4.921261722124392612e-01 3.875417239363040944e-02 3.382674482428905255e-02
4.598355068639601861e-01 4.786939903154311948e-01 3.365055537525211971e-02 2.781994744535646463e-02
5.060098549753152541e-01 4.424601875365621328e-01 2.946764310631596120e-02 2.206231438180691201e-02
5.700054514291528207e-01 3.858559294916544258e-01 2.685923064309635871e-02 1.727938843609635317e-02
6.464205564871654541e-01 3.153509006022345296e-01 2.478713722989640128e-02 1.344140568070332879e-02
7.221797778880399976e-01 2.437396512987138331e-01 2.349533577921102123e-02 1.058523503403488095e-02
7.898702731383268061e-01 1.790393244960941099e-01 2.266440587077927366e-02 8.425996494799985539e-03
8.399890802800406009e-01 1.308000337308025118e-01 2.235455153637347717e-02 6.856334452783534143e-03
8.698923639210944803e-01 1.015139855341560399e-01 2.282744945878346920e-02 5.766201085965812038e-03
8.876285110806068079e-01 8.318611263274836021e-02 2.418579941302635705e-02 4.999576873618152145e-03
8.986134723183518691e-01 6.980388381007890386e-02 2.707330414387105685e-02 4.509339727698185793e-03
9.022546060593029660e-01 6.305970458921324184e-02 3.039580062698985993e-02 4.289888724494005968e-03
8.982910042497012082e-01 6.206799625371760970e-02 3.530251635248717740e-02 4.338483144093987359e-03
8.862665245107470557e-01 6.750908649865336453e-02 4.147315159887594166e-02 4.751237391723880064e-03
8.656494895887666408e-01 7.944343405699748339e-02 4.928418870876331848e-02 5.622887645472742987e-03
8.364049334037888528e-01 9.746432607198901588e-02 5.908349309700853397e-02 7.047247427213482879e-03
7.997978116563372319e-01 1.207180916964353673e-01 7.038484862817970256e-02 9.099248019047542074e-03
7.598297045248265658e-01 1.475837982935254977e-01 8.095553990362430730e-02 1.163095727802356850e-02
7.219128531357853484e-01 1.754780273755603137e-01 8.839051980168148581e-02 1.421859968697270979e-02
6.878129747680704620e-01 2.035520279387282860e-01 9.209960852087517580e-02 1.653538877232614904e-02
6.525829164992597020e-01 2.356397151056650041e-01 9.315334845989127477e-02 1.862401993518408155e-02
6.072671454780190770e-01 2.795504349453883375e-01 9.259693878023589342e-02 2.058548079635672684e-02
5.464124967214403217e-01 3.424326657102736982e-01 8.924237698678824660e-02 2.191246058149768500e-02
4.697774733539685221e-01 4.275809075466267539e-01 8.072894420398660231e-02 2.191267489541811817e-02
3.812914717003265674e-01 5.313520461365862646e-01 6.664374946106728370e-02 2.071273270201982875e-02
2.882095307805689344e-01 6.413031793566136285e-01 5.120911426628473734e-02 1.927817559653270674e-02
2.074917883748660097e-01 7.359481385131980691e-01 3.828107357389423648e-02 1.827899953804169517e-02
1.438194289748799259e-01 8.092076234644411947e-01 2.916436648241841831e-02 1.780858107826049572e-02
9.917151244480998384e-02 8.612722443380310677e-01 2.225562369913116137e-02 1.730061951802777317e-02
6.838421191906939034e-02 8.982666773437827379e-01 1.699721345157225588e-02 1.635189728557546324e-02
4.872872181943622288e-02 9.233903682373981736e-01 1.301130046809312324e-02 1.486960947507242996e-02
3.612716881861419843e-02 9.409548292140955672e-01 9.951381343870262589e-03 1.296662062341986596e-02
2.758181361677200863e-02 9.537695280477949122e-01 7.620062162377673302e-03 1.102859617305529220e-02
2.153709752104132277e-02 9.630564445760867454e-01 5.894721264829951707e-03 9.511736638042146696e-03
1.720532147045835542e-02 9.694940591412922748e-01 4.630638027703579303e-03 8.669981360545937071e-03
4.966891129614570133e-02 1.271661206987824144e-01 2.917221087769995558e-01 5.314428592280726615e-01
5.370721521957269595e-02 1.324479065671847200e-01 2.982939659055127146e-01 5.155509123077298694e-01
5.945826091573736677e-02 1.387192039263656085e-01 2.974628647295484152e-01 5.043596704283488386e-01
6.670283118966863212e-02 1.438784528808120244e-01 2.916609585879748057e-01 4.977577573415442047e-01
7.519616444723076221e-02 1.464728885885016041e-01 2.842049466676544456e-01 4.941260002966129661e-01
8.491759608366888923e-02 1.466479943649486029e-01 2.770611856451540844e-01 4.913732239062286178e-01
9.646382774144221517e-02 1.457078370873588768e-01 2.703327512412455058e-01 4.874955839299540683e-01
1.107659850729930673e-01 1.450148656787270396e-01 2.637483310767409495e-01 4.804708181715389714e-01
1.287000601896549079e-01 1.449961143977286648e-01 2.568891281417672312e-01 4.694146972708499455e-01
1.515340519204773917e-01 1.460025732473261839e-01 2.481315893050065613e-01 4.543317855271902794e-01
1.828885293386924016e-01 1.471731269604308057e-01 2.371190874849375962e-01 4.328192562159391965e-01
2.244356616915932912e-01 1.524394586815387420e-01 2.225441726586638580e-01 4.005807069682040811e-01
2.740019675202502447e-01 1.651503671651040062e-01 2.047284391412269033e-01 3.561192261734190123e-01
3.242448317856762574e-01 1.857132500320043123e-01 1.846696660255480460e-01 3.053722521567712733e-01
3.659761663315651559e-01 2.128901364906557736e-01 1.651239191069492629e-01 2.560097780708299742e-01
3.936348979549211813e-01 2.481447712405030481e-01 1.461696468873510957e-01 2.120506839172246749e-01
3.968806488692819268e-01 2.937940119111839832e-01 1.319826291411757002e-01 1.773427100783586119e-01
3.788785550529267243e-01 3.424405078754028664e-01 1.240020993519703602e-01 1.546788377196999797e-01
3.487869511969668990e-01 3.837614334969329244e-01 1.237415510831558901e-01 1.437100642229445502e-01
3.166738821371094526e-01 4.087508596726714405e-01 1.324531740881580155e-01 1.421220841020607306e-01
2.886472833155703799e-01 4.118302964113673137e-01 1.515397692161541410e-01 1.479826510569081655e-01
2.653953000023900888e-01 3.872800514058343802e-01 1.848888020276580058e-01 1.624358465641174698e-01
2.419759561091861522e-01 3.312173135439868688e-01 2.382683666099426889e-01 1.885383637368843179e-01
3.946938232570466887e-02 8.557626017099213833e-02 8.367537558179657942e-02 7.912789819215065856e-01
4.129401153514167949e-02 8.730349326902436813e-02 9.125791383545667212e-02 7.801445813603775647e-01
4.424893340158889826e-02 8.978321340820973051e-02 1.019938477699361273e-01 7.639740054202652786e-01
4.820645768216547111e-02 9.170536510402571562e-02 1.157014395255221983e-01 7.443867376882867815e-01
5.277450295825315829e-02 9.112765250701292119e-02 1.313714086564014560e-01 7.247264358783328531e-01
5.745419228474729634e-02 8.685610134818098904e-02 1.475774670452943971e-01 7.081122393217770261e-01
6.134019750821211037e-02 7.857266096376007425e-02 1.616240408915357307e-01 6.984631006364919736e-01
6.298183725310523007e-02 6.654668563741934773e-02 1.699709746209889516e-01 7.005005024884869425e-01
6.151666614135142125e-02 5.240844064183726447e-02 1.724321877974773209e-01 7.136427054193338337e-01
5.822634386519114080e-02 3.912122154324591122e-02 1.736733886840626240e-01 7.289790459075002893e-01
5.509105939844174266e-02 2.869927158931136202e-02 1.779479888978609259e-01 7.382616801143860874e-01
5.296326015880565424e-02 2.141146485652964046e-02 1.861165680202729322e-01 7.395087069643916378e-01
5.264728940878893315e-02 1.689657133598380587e-02 1.995057785648409743e-01 7.309503606903864359e-01
5.484235893424779795e-02 1.447570748101389103e-02 2.190703398905466948e-01 7.116115936941919129e-01
5.986932175346039442e-02 1.351497969777726814e-02 2.437426954108173338e-01 6.828730031379453003e-01
6.791671497067652830e-02 1.368634541131306601e-02 2.733885053449126024e-01 6.450084342730977305e-01
7.765979664523980919e-02 1.455635185411258137e-02 3.092817835507836177e-01 5.985020679498640472e-01
8.644487283418704482e-02 1.557800509151608358e-02 3.518141760198715273e-01 5.461629460544250581e-01
9.326384514746631493e-02 1.663895200931384336e-02 4.007624245373758165e-01 4.893347783058441536e-01
9.935019866786944098e-02 1.788844336538821314e-02 4.582652945014308310e-01 4.244960634653116571e-01
1.062304905253339538e-01 1.952358497787537103e-02 5.273154390742106346e-01 3.469304854225799817e-01
1.148381145823497707e-01 2.216669455277086795e-02 6.011757230563098409e-01 2.618194678085694616e-01
1.273535233494577645e-01 2.663252217387267889e-02 6.621097710259792324e-01 1.839041834506901785e-01
1.441363221017751273e-01 3.457267884794471002e-02 6.966550181838380151e-01 1.246359808664422170e-01
1.737343785996211809e-01 4.729240532299019972e-02 6.924612550842398351e-01 8.651196099314868715e-02
2.159733461954865263e-01 6.574353318246005384e-02 6.539847673930980765e-01 6.429835322895566252e-02
2.658004081348386283e-01 8.790086150830012102e-02 5.950399475433352237e-01 5.125878281352574256e-02
3.155314294202444803e-01 1.091718314805704415e-01 5.322501880634543658e-01 4.304655103573094832e-02
3.588996958061591025e-01 1.250356762581587011e-01 4.783477781308287380e-01 3.771684980485346533e-02
3.895141808802594641e-01 1.356353756181462034e-01 4.402317061530793829e-01 3.461873734851478313e-02
4.043305421357366036e-01 1.413946998061664240e-01 4.209695251517944214e-01 3.330523290630257177e-02
4.008998248472818715e-01 1.449363782073237739e-01 4.208115540607046401e-01 3.335224288468955495e-02
3.797428199507452140e-01 1.507618108602874207e-01 4.356101822360796127e-01 3.388518695288786353e-02
3.477439950432579807e-01 1.573030794850457659e-01 4.618027540602746561e-01 3.315017141142138912e-02
3.103111097851132261e-01 1.599098883608436883e-01 4.996087563479370552e-01 3.017024550610627673e-02
2.719967816784900072e-01 1.502505291940769983e-01 5.520953077059742586e-01 2.565738142145914530e-02
2.359368129310049633e-01 1.262081298757489478e-01 6.170547495488173384e-01 2.080030764442897251e-02
2.024636595286737617e-01 9.559504875840900417e-02 6.855037083119898123e-01 1.643758340092735248e-02
1.709313038801898166e-01 6.636492106458204143e-02 7.495930120672040786e-01 1.311076298802399398e-02
1.388744848710285751e-01 4.339032657710491236e-02 8.068419098146514257e-01 1.089327873721506953e-02
1.084066707706600602e-01 2.740808287158916223e-02 8.545719842142003309e-01 9.613262143550278457e-03
8.430466835489079658e-02 1.764620076922133324e-02 8.889091157483938188e-01 9.140015127494058311e-03
6.914110336674796076e-02 1.234096869948325507e-02 9.091942734393538839e-01 9.323654494414822247e-03
6.140203038128429214e-02 9.132159792700116421e-03 9.195255243690962921e-01 9.940285456919162321e-03
5.765001006493475355e-02 7.912237598418490891e-03 9.234634891776718479e-01 1.097426315897481047e-02
5.625063254249841604e-02 7.232518198412729235e-03 9.240014691143728642e-01 1.251538014471579446e-02
5.536121755570160008e-02 6.592426752480800949e-03 9.231827529747149708e-01 1.486360271710294653e-02
5.293371794939698977e-02 5.821996006178249174e-03 9.226055712070668768e-01 1.863871483735822510e-02
4.659418479004983488e-02 5.265177540196950765e-03 9.231716625279230426e-01 2.496897514183023595e-02
4.015913365757146219e-02 4.427990295784532855e-03 9.190308259682167247e-01 3.638205007842709032e-02
3.385216568841910301e-02 3.862935971740147616e-03 9.077844197465486653e-01 5.450047859329179567e-02
2.812483006573606240e-02 3.489819160055897262e-03 8.906224264620192788e-01 7.776292431218867485e-02
2.294089303321672144e-02 3.252903445187178052e-03 8.717491059112382201e-01 1.020570976103580690e-01
2.134943508894669023e-02 3.297206881860180808e-03 8.525469225783574023e-01 1.228064354508352773e-01
2.155354226040838775e-02 3.418544616973579354e-03 8.390839055522012480e-01 1.359440075704171913e-01
2.406518914148106716e-02 3.680029403250998157e-03 8.347514476460297095e-01 1.375033338092381818e-01
2.919571710234763334e-02 4.025074367557226855e-03 8.415170537329206280e-01 1.252621547971740634e-01
3.768052416185314196e-02 4.372616610217442724e-03 8.561286535481390514e-01 1.018182056797905383e-01
5.189328920594998146e-02 4.954543303100068102e-03 8.688481417577684773e-01 7.430402573318148352e-02
7.541718010944141459e-02 5.809089675169898208e-03 8.686159241913260498e-01 5.015780602406287592e-02
1.121239674702805694e-01 7.218239016287315672e-03 8.480863036631941521e-01 3.257148985023822912e-02
1.631965921169040434e-01 9.178651420027487962e-03 8.066149191516378547e-01 2.100983731143060002e-02
2.286289759050095238e-01 1.154341219401268728e-02 7.463168294446046458e-01 1.351078245637296095e-02
3.020817656055637124e-01 1.420026816279749797e-02 6.752592084845071563e-01 8.458757747131638582e-03
3.722387697560506914e-01 1.710189411414316657e-02 6.055456442999274103e-01 5.113691829878676265e-03
4.313516596846086459e-01 2.024884284713165949e-02 5.453794238314293441e-01 3.020073636830224260e-03
4.782175837930661144e-01 2.330408713241991295e-02 4.966370414554255319e-01 1.841287619088484082e-03
5.226257569496487454e-01 2.749741547677942571e-02 4.487278367064883033e-01 1.148990867083633099e-03
5.577736847238268236e-01 3.313252845370134869e-02 4.082243792422806106e-01 8.694075801909969094e-04
5.921211574507367903e-01 4.126191321301317383e-02 3.658080747219898954e-01 8.088546142598942697e-04
6.342851439379042500e-01 5.057245237819012890e-02 3.142512610865559886e-01 8.911425973494994414e-04
6.757343890885421089e-01 5.806056518531307192e-02 2.651055775094425804e-01 1.099468216702306420e-03
6.999945657401329679e-01 6.366357544032590077e-02 2.348807523516490137e-01 1.461106467892114586e-03
6.991300258115986654e-01 6.546051237636790754e-02 2.334288539558777853e-01 1.980607856155381079e-03
6.642469023914717718e-01 6.147121303514287843e-02 2.716744905158287038e-01 2.607394057556731374e-03
5.833540384823163727e-01 5.234808041331790590e-02 3.610370836091331692e-01 3.260797495232396932e-03
4.680031091927828180e-01 3.960910351162707371e-02 4.886589441275637213e-01 3.728843168026533574e-03
3.576693386109438544e-01 2.772202944753080628e-02 6.107200112114800072e-01 3.888620730045498630e-03
2.798994274356370604e-01 1.871045762424938114e-02 6.975434442667448609e-01 3.846670673368842840e-03
2.357264001768308859e-01 1.281747191148227376e-02 7.476528115643089611e-01 3.803316347378064843e-03
2.214337524851014705e-01 9.732092820758332305e-03 7.648808106908148163e-01 3.953344003325037423e-03
2.361461753210171988e-01 8.754444782220007631e-03 7.507296004226468034e-01 4.369779474115792484e-03
2.750032107534244319e-01 9.151244756963154703e-03 7.109109235661179582e-01 4.934620923494443048e-03
3.245955792919574256e-01 1.044447321064235698e-02 6.595304577982767924e-01 5.429489699123323486e-03
3.691378200700313750e-01 1.241046028764521657e-02 6.128355251133055237e-01 5.616194529018040879e-03
4.043979709085331331e-01 1.531103655442644582e-02 5.749559951688149040e-01 5.334997368225331479e-03
4.376366614271259281e-01 1.957944826230859428e-02 5.380556583057120035e-01 4.728232004853429038e-03
4.806620142075827551e-01 2.796760885541256514e-02 4.873483696552148303e-01 4.022007281790098386e-03
5.201303987764013259e-01 4.018035681762741756e-02 4.361809084543745163e-01 3.508335951597033823e-03
