2.623327320295119058e-01 4.580021980330208908e-01 2.413577257132067944e-01 3.830734422426033958e-02
6.030911158948367573e-02 2.882791062798331083e-01 5.100080989750224170e-01 1.414036831556609863e-01
6.212667015850931868e-02 2.697002712533137503e-01 5.277546388098243169e-01 1.404184197783526211e-01
6.362713461206999377e-02 2.390984526048686998e-01 5.572383211898626065e-01 1.400360915931986305e-01
6.240470793604587646e-02 1.998952307104300274e-01 5.976915323393157120e-01 1.400085290142083216e-01
5.757468556142653071e-02 1.583270893390788248e-01 6.448729296757818030e-01 1.392252954237132856e-01
5.084802522645553990e-02 1.213509819350734736e-01 6.921137527984478899e-01 1.356872400400231660e-01
4.317715082650207259e-02 9.547498322276055938e-02 7.338184266819969270e-01 1.275294392687404688e-01
3.631819725980235669e-02 7.949979153331335202e-02 7.709558434679891770e-01 1.132261677388951976e-01
3.023415430706986179e-02 6.960255574473134255e-02 8.051646312738556244e-01 9.499865867434297007e-02
2.514787612508260009e-02 6.318566435957821692e-02 8.350276862961035773e-01 7.663877321923556751e-02
2.115411752521154445e-02 5.881962172093024854e-02 8.595663327895111117e-01 6.045992796434710576e-02
1.812756150809196123e-02 5.578648484215185943e-02 8.788610308829976070e-01 4.722492276675847173e-02
1.575149254697611606e-02 5.335537547092329691e-02 8.940857230294858571e-01 3.680740895261448709e-02
1.369930697141251950e-02 5.038807295348830123e-02 9.072523768008309286e-01 2.866024327426822463e-02
1.195313321364723999e-02 4.631379039138938669e-02 9.193482652506318464e-01 2.238481114433183913e-02
1.066406258745585672e-02 4.170928743279341683e-02 9.298282724364532736e-01 1.779837754329730709e-02
9.852676891581091390e-03 3.720379293763882017e-02 9.384854372059844296e-01 1.445809296479563279e-02
9.539039995341632924e-03 3.339322014438454722e-02 9.453268313607812168e-01 1.174090849949258226e-02
1.011368014872663854e-02 3.187246471957210642e-02 9.487159263059204983e-01 9.297928825780612735e-03
1.260999061666980177e-02 3.555261338452055803e-02 9.445927632831732090e-01 7.244632715636245557e-03
1.892990988193608143e-02 4.911901125844109900e-02 9.263183607812860432e-01 5.632718078336907373e-03
3.279798053917772765e-02 8.143610817075846997e-02 8.812900262451401900e-01 4.475885044923706008e-03
5.943096795121598219e-02 1.435483551982383033e-01 7.933538233879485757e-01 3.666853462596957134e-03
9.894004260750433044e-02 2.347337962863381422e-01 6.634065659876832166e-01 2.919595118474661594e-03
1.430325276402452939e-01 3.283780193564385108e-01 5.264092318531730097e-01 2.180221150143053788e-03
1.792615445778165950e-01 3.958291343919894123e-01 4.233134042529189678e-01 1.595916777274715903e-03
2.061579000633466663e-01 4.273240333374703770e-01 3.653073474067424220e-01 1.210719192440455573e-03
2.299878631468132706e-01 4.227364087859292185e-01 3.462988524925971756e-01 9.768755746604033431e-04
2.511832523744529921e-01 3.925621990245790061e-01 3.554211902236406040e-01 8.333583773274934412e-04
2.708312924713985326e-01 3.489946576746358886e-01 3.794319302644280634e-01 7.421195895371907264e-04
2.904464426178121061e-01 3.035916826042900363e-01 4.052676210247421196e-01 6.942537531555199740e-04
3.113365902762453841e-01 2.609023839916113086e-01 4.270426425624356259e-01 7.183831697076778792e-04
3.322211646061657975e-01 2.200384910281963091e-01 4.468785063213883690e-01 8.618380442497519450e-04
3.473087708149708019e-01 1.793131296013948661e-01 4.722519516143069418e-01 1.126147969327236618e-03
3.450850969556251147e-01 1.413362971021931980e-01 5.120846065092139465e-01 1.493999432967891118e-03
3.230938717536371851e-01 1.088685531265269485e-01 5.663989387161063593e-01 1.638636403729388635e-03
2.845239095589504608e-01 8.483966210375683270e-02 6.288250445822100021e-01 1.811383755082878345e-03
2.436397320973827108e-01 6.961047473962859999e-02 6.846518242412606980e-01 2.097968921728068838e-03
2.132901902673134398e-01 6.210188528230680544e-02 7.219307674484812809e-01 2.677157001898522893e-03
2.005818017222658622e-01 6.037208320153210350e-02 7.353329298466042552e-01 3.713185229597570480e-03
2.056986309183391204e-01 6.218044097885420951e-02 7.267671822898090772e-01 5.353745812997781107e-03
2.226008956827457974e-01 6.586316963866820084e-02 7.037278375240191286e-01 7.808097154566839317e-03
2.446981966004390940e-01 7.081559802363666944e-02 6.732145025375635417e-01 1.127170283836107477e-02
2.685754720570927012e-01 7.744498029894335278e-02 6.383952298531507807e-01 1.558431779081281832e-02
2.927872923456842358e-01 8.695867781031536847e-02 6.001826645356355128e-01 2.007136530836477889e-02
3.127351284578512858e-01 9.909963635574724206e-02 5.642014813399519602e-01 2.396375384644988671e-02
3.233668634801834529e-01 1.125415038637538750e-01 5.374091078799150267e-01 2.668252477614751345e-02
3.232688593572294322e-01 1.274678901706972067e-01 5.211784889330119963e-01 2.808476153906124331e-02
3.138094333836573546e-01 1.478971244721783429e-01 5.099750912927526469e-01 2.831835085141168329e-02
3.005843171774433276e-01 1.751244844972894843e-01 4.969351013754138569e-01 2.735609694985322374e-02
2.864152341655513689e-01 2.080344876951020772e-01 4.799703464063179714e-01 2.557993173302844023e-02
2.732373301941731225e-01 2.415558968404439566e-01 4.615546108123573799e-01 2.365216215302532593e-02
2.635889433717327757e-01 2.730544469343360592e-01 4.415594815768886794e-01 2.179712811704235045e-02
2.608515467813667943e-01 3.063074643446733747e-01 4.131794623906812070e-01 1.966152648327852345e-02
2.639912545732447935e-01 3.522081873470740976e-01 3.672036056004018834e-01 1.659695247927927067e-02
2.594530417290400459e-01 4.238933534278475634e-01 3.036080884960970505e-01 1.304551634701542340e-02
2.338664417639713666e-01 5.231060648174079564e-01 2.329521978863185183e-01 1.007529553230245879e-02
1.918972575532824631e-01 6.340014015663837377e-01 1.665224261596886801e-01 7.578914720644859722e-03
1.478462828513182337e-01 7.320475954788194795e-01 1.145444387347451104e-01 5.561682935117394193e-03
1.172274436150793075e-01 7.979955161417391363e-01 8.058513958909269137e-02 4.191900654088773735e-03
1.024054309785949746e-01 8.335588869500736298e-01 6.064070511906016758e-02 3.394976952271231991e-03
1.005023353007826886e-01 8.477673936175738056e-01 4.879667118193120601e-02 2.933599899712233377e-03
1.104826611291877120e-01 8.461638426390865053e-01 4.073665634142893677e-02 2.616839890297155153e-03
1.270433141247298003e-01 8.367372369955314859e-01 3.389687266458421555e-02 2.322576215154208493e-03
1.528445926312688719e-01 8.174692267900298681e-01 2.763622516474867341e-02 2.049955413952662519e-03
1.806085507145288871e-01 7.954806485694168039e-01 2.206672822427538025e-02 1.844072491778711706e-03
1.989430334792183230e-01 7.823255085789203589e-01 1.706257008839627901e-02 1.668887853464967510e-03
2.014829358040773621e-01 7.841253997756688632e-01 1.289435703521883345e-02 1.497307385035010841e-03
1.931634815717823972e-01 7.956071261257867677e-01 9.880550462998384520e-03 1.348841839432518216e-03
1.832911874927360962e-01 8.073126346570163037e-01 8.106063206061418086e-03 1.290114644186226688e-03
1.779287742386925775e-01 8.135905901436039089e-01 7.158916793903565695e-03 1.321718823799937492e-03
4.656471667034094847e-02 2.412188947702892730e-02 4.170865780301029058e-01 5.122268158225271595e-01
6.534284857619043069e-03 2.647593035261983172e-03 5.641303571667330430e-02 9.344050863904457271e-01
4.560276265189190312e-03 2.704089919716394855e-03 7.087470860229574954e-02 9.218609252127984988e-01
4.118061553190869965e-03 2.496660841901051416e-03 9.452484903942362515e-02 8.988604285654845372e-01
3.891204945993068706e-03 2.931197737142686270e-03 1.269517490419687922e-01 8.662258482748954602e-01
3.976095492746930735e-03 3.605218311728325756e-03 1.644201483308851131e-01 8.279985378646396166e-01
3.472261276581281673e-03 4.289935198632589472e-03 1.983914241445181859e-01 7.938463793802679191e-01
3.289059102934098738e-03 4.863748878195661360e-03 2.198696479277396088e-01 7.719775440911307296e-01
3.015229321856767279e-03 5.285245275709130920e-03 2.265712119272056124e-01 7.651283134752284720e-01
2.789019286743699318e-03 5.768805743224526307e-03 2.227971238451505187e-01 7.686450511248813511e-01
2.702556602171483739e-03 6.577197177580487546e-03 2.130169968887262177e-01 7.777032493315217954e-01
3.259991697409217026e-03 7.872606111038790017e-03 1.979982599814907318e-01 7.908691422100613266e-01
3.148252528632019057e-03 9.688910304556614533e-03 1.781255967106581684e-01 8.090372404561531061e-01
3.052407913915931251e-03 1.228875907840000503e-02 1.551246583335931239e-01 8.295341746740906297e-01
3.044097283445896911e-03 1.602157700722580888e-02 1.317980479766266422e-01 8.491362777327016165e-01
3.239512699447138176e-03 2.142868435424921322e-02 1.108630123671708739e-01 8.644687905791328397e-01
3.780472456010731779e-03 2.913242476267894829e-02 9.492038938958845262e-02 8.721667133917216930e-01
4.751679684330126392e-03 3.904040122182986933e-02 8.533361729992847144e-02 8.708743017939114539e-01
6.001441434485802091e-03 4.939059125026298153e-02 8.114109597803682850e-02 8.634668713372146698e-01
7.220810390788741026e-03 5.837521362589855045e-02 8.061431271437520529e-02 8.537896632689375709e-01
8.111626473336366883e-03 6.497024748226584712e-02 8.306571787968719534e-02 8.438524081647104103e-01
8.615863419119143551e-03 6.823738293180084402e-02 8.970916787274575699e-02 8.334375857763345330e-01
8.969070616487098344e-03 6.858696467165724397e-02 1.032744022773596365e-01 8.191695624344959015e-01
9.915888106042681019e-03 6.759907018948918545e-02 1.262741153174421760e-01 7.962109263870261744e-01
1.061275995424915825e-02 6.882599730921433456e-02 1.579030632233615339e-01 7.626581795131748276e-01
1.143326480961008411e-02 7.289991591218283884e-02 1.968912981177072530e-01 7.187755211604999195e-01
1.247283530736147637e-02 7.984374297943944154e-02 2.416279102328339756e-01 6.660555114803651255e-01
1.365591904183518016e-02 8.751541078230504200e-02 2.925896944854272652e-01 6.062389756904321692e-01
1.458082755735815028e-02 9.180019505429466709e-02 3.539335968044010072e-01 5.396853805839463281e-01
1.462996548244922639e-02 8.871837333360199640e-02 4.294700252083973879e-01 4.671816359755513459e-01
1.291983614059464408e-02 7.688744311991044245e-02 5.205769782366621579e-01 3.896157425028327070e-01
1.048992455044372822e-02 5.840542433583140181e-02 6.217488771563546290e-01 3.093557739573700172e-01
7.654003899803371938e-03 3.969924314666030407e-02 7.157180077547735664e-01 2.369287451987627524e-01
5.329468877730192747e-03 2.548414080880931701e-02 7.874860429511362225e-01 1.817003473623244603e-01
3.861451169382269615e-03 1.654783108621935353e-02 8.355151545462329299e-01 1.440755631981656959e-01
3.131189531860018634e-03 1.162261917500287921e-02 8.654267883113129223e-01 1.198194029818240303e-01
2.695883691337627817e-03 8.583885310537718236e-03 8.834115249252970647e-01 1.053087060728276902e-01
2.759077991661433495e-03 7.476391381117756911e-03 8.933012660142058969e-01 9.646326461301504840e-02
3.007435930614469743e-03 6.764909399629693426e-03 9.000683780268300405e-01 9.015927664292570920e-02
3.502477103549072896e-03 6.505572156619815472e-03 9.041833289001147689e-01 8.580862183971640911e-02
4.401581997000673756e-03 6.964575289614695700e-03 9.038166329135648436e-01 8.481720979981975661e-02
6.554167437012233324e-03 8.835916448214346797e-03 8.949790388109112316e-01 8.963087730386222474e-02
9.133883453353549772e-03 1.134304117342306920e-02 8.778666078264145689e-01 1.016564675468084461e-01
1.284253940112968853e-02 1.505313852345623905e-02 8.512756317094970493e-01 1.208286903659171740e-01
1.799057958691110265e-02 2.023255049364624039e-02 8.153531779137497271e-01 1.464236920056929958e-01
2.504762350640110311e-02 2.741641962216888329e-02 7.704364193876532818e-01 1.770995374837769365e-01
3.443001918788635846e-02 3.704356788207439216e-02 7.181772440760197940e-01 2.103491688540196358e-01
4.591529291615160935e-02 4.854597643569948107e-02 6.637842877828845634e-01 2.417544428652643462e-01
5.888581269131222540e-02 6.082432717204454969e-02 6.119685894124433645e-01 2.683212707241998674e-01
7.297405593012377956e-02 7.365241182233647765e-02 5.636008704010783132e-01 2.897726618464613879e-01
8.827344217692295603e-02 8.802174031723991598e-02 5.177683816852683973e-01 3.059364358205689527e-01
1.047455110150839058e-01 1.053697438495018457e-01 4.723400744003030116e-01 3.175446707351113340e-01
1.218021330317890227e-01 1.273980770306022692e-01 4.235086456746874339e-01 3.272911442629211631e-01
1.385545090013702851e-01 1.550517971192333366e-01 3.685520845723921357e-01 3.378416093070042980e-01
1.541506071657286203e-01 1.865170790406642243e-01 3.091125580052078714e-01 3.502197557883993118e-01
1.679041810250422595e-01 2.182816456926046089e-01 2.501698650297343729e-01 3.636443082526189530e-01
1.797201223300074757e-01 2.446086241849795284e-01 1.991540840746565122e-01 3.765171694103561784e-01
1.911956739987400733e-01 2.602658246403332654e-01 1.600242098425841419e-01 3.885142915183427692e-01
2.044063263713077616e-01 2.650942595909890342e-01 1.319301422131025636e-01 3.985692718246007793e-01
2.206818025451580123e-01 2.634013021451094283e-01 1.129569483607236607e-01 4.029599469490090513e-01
2.423366036770746301e-01 2.607655226632383250e-01 1.002238374169302365e-01 3.966740362427569333e-01
2.723771179840256962e-01 2.623525244867253581e-01 9.060464666844587900e-02 3.746657108608033582e-01
3.112210639215429175e-01 2.726162057214276402e-01 8.233713696213060262e-02 3.338255933948990894e-01
3.580931697814069836e-01 2.902210439794327690e-01 7.294702606562983305e-02 2.787387601735303866e-01
3.987497400301479034e-01 3.149363099002311372e-01 6.477275949105210096e-02 2.215411905785687752e-01
4.304183488176917538e-01 3.371664152910511802e-01 5.831091932492111357e-02 1.741043165663358483e-01
4.522828443264950704e-01 3.534288898447578986e-01 5.437722210589188143e-02 1.399110437228549553e-01
4.660455918272607412e-01 3.649409416923797278e-01 5.239949299383502707e-02 1.166139734865240529e-01
4.681958631971142593e-01 3.797337309191893273e-01 5.098942718919911160e-02 1.010809786944973088e-01
4.547841929083790702e-01 4.058468377456037612e-01 4.863850246202601479e-02 9.073046688399097337e-02
4.314328105158930504e-01 4.406124433799284423e-01 4.476121879876458765e-02 8.319352730541382246e-02
4.107628605758726348e-01 4.742964345060099451e-01 3.977972369133376401e-02 7.516098122678369076e-02
3.888868604447026645e-02 9.552419799782666532e-01 3.636980600095993024e-03 2.232353377166871374e-03
3.507787523101655452e-02 9.034849148762870040e-04 9.392530200008400998e-01 2.476561985326698745e-02
4.794068875070605501e-02 1.318148012455116038e-03 9.271362201220515464e-01 2.360494311478695401e-02
6.690265745159881816e-02 2.008428132197075371e-03 9.069170222044742324e-01 2.417189221172959257e-02
9.197912302487906699e-02 2.819274246071193021e-03 8.796863759162263374e-01 2.551522681282345287e-02
1.173661602300885981e-01 4.074276213609597831e-03 8.522948096423951236e-01 2.626475391390665007e-02
1.405242921443986548e-01 5.654700496218483322e-03 8.278892017487531341e-01 2.593180561062967751e-02
1.591406571363848665e-01 8.248885677347371839e-03 8.077541538386810993e-01 2.485630334758646975e-02
1.721078096421852777e-01 1.129918218033725344e-02 7.934809850636096451e-01 2.311202311386766420e-02
1.833522909173224691e-01 1.563417090433802045e-02 7.802881769193144024e-01 2.072536125902508033e-02
1.979820071702824424e-01 2.199071261169628644e-02 7.619462867971408260e-01 1.808099342088066025e-02
2.188397963412559155e-01 3.136514193011207680e-02 7.341779700801261965e-01 1.561709164850592219e-02
2.467434384380448598e-01 4.455273723635238409e-02 6.950403156472584332e-01 1.366350867834451206e-02
2.818666087732330516e-01 6.197168349473008292e-02 6.434410748452051854e-01 1.272063288683141294e-02
3.225104327205799981e-01 8.349537665992526336e-02 5.807902789893639728e-01 1.320391163013083860e-02
3.593554233878670789e-01 1.073193576938386434e-01 5.182093262590772298e-01 1.511589265921715018e-02
3.802510999865904018e-01 1.304307896936202638e-01 4.709177129726279110e-01 1.840039734716127778e-02
3.811186922960585477e-01 1.528745730668412961e-01 4.429046843499517827e-01 2.310205028714859207e-02
3.657841738849473279e-01 1.720294084937530332e-01 4.328878075405737658e-01 2.929861008072594947e-02
3.377600388791570651e-01 1.874878762337853777e-01 4.380308361988658472e-01 3.672124868819150179e-02
3.028121518384141453e-01 1.995782304561664333e-01 4.528866584924139960e-01 4.472295921300530053e-02
2.729034959706236885e-01 2.120843532975774381e-01 4.631452697509135796e-01 5.186688098088512722e-02
2.533224889866715346e-01 2.298975310993645604e-01 4.592251571490178486e-01 5.755482276494622296e-02
2.390164040416545010e-01 2.529983226126275020e-01 4.446748531140518601e-01 6.331042023166652544e-02
2.251977419615514564e-01 2.773905778079591156e-01 4.276691982776861245e-01 6.974248195280312312e-02
2.157921896337601786e-01 2.970167823931768591e-01 4.111988291102108284e-01 7.599219886285212000e-02
2.121300806619104140e-01 3.143304978793508564e-01 3.925722829251401813e-01 8.096713853359856217e-02
2.163574995823963620e-01 3.314872751730771894e-01 3.682807390995292418e-01 8.387448614499737332e-02
2.249617344502005956e-01 3.510977134000217159e-01 3.400534187158347765e-01 8.388713343394328670e-02
2.382326275732235821e-01 3.711626170648872347e-01 3.104974365281576998e-01 8.010731883373113649e-02
2.550351748635648619e-01 3.897824204656365477e-01 2.826131801259996190e-01 7.256922454479880491e-02
2.732363337392519353e-01 4.051144597120512336e-01 2.589090264089934368e-01 6.274018013970332486e-02
2.888195634846546511e-01 4.186274428967562411e-01 2.402313437444502653e-01 5.232164987413893270e-02
3.000911313863686702e-01 4.331300617845417200e-01 2.246937594879018507e-01 4.208504734118768964e-02
3.005598351520368805e-01 4.589837672633190202e-01 2.081162502705127815e-01 3.234014731413117905e-02
2.824539755598546864e-01 5.075816296299019426e-01 1.863026093131602556e-01 2.366178549708276846e-02
2.538502126101914724e-01 5.642814075514698269e-01 1.644202971909377864e-01 1.744808264740097675e-02
2.283209892483826775e-01 6.104952967807787401e-01 1.474827321575372940e-01 1.370098181330160238e-02
2.130572177316009119e-01 6.428832983123176081e-01 1.328970322044482899e-01 1.116245175163289340e-02
2.037344259664675417e-01 6.704901610742863838e-01 1.166287594574615394e-01 9.146653501784696508e-03
1.930075981519355777e-01 7.014047542706240979e-01 9.810259565769678669e-02 7.485051919743349567e-03
1.768961108253853387e-01 7.355042868256367328e-01 8.133302965097523318e-02 6.266572698002798557e-03
1.580518131627716705e-01 7.665839209074174487e-01 6.976420628309722149e-02 5.600059646713426847e-03
1.398372968575850583e-01 7.917667496903861846e-01 6.291916512247250348e-02 5.476788329556166873e-03
1.233132428660867752e-01 8.119203859387394973e-01 5.893375966770977858e-02 5.832611527464016607e-03
1.084149797872740600e-01 8.288825419769597636e-01 5.614993491282712496e-02 6.552543322939006348e-03
9.468763606274127609e-02 8.448825758718722101e-01 5.305884287412511446e-02 7.370945191261159095e-03
8.195911117103149568e-02 8.609609809507270395e-01 4.906335653467882446e-02 8.016551343562772214e-03
7.057373347203424463e-02 8.764975757125275102e-01 4.453295374610349855e-02 8.395737069334930497e-03
6.063780296653906166e-02 8.905057585578333157e-01 4.028233863401193410e-02 8.574099841616026826e-03
5.276869029263115546e-02 9.009199706661414897e-01 3.755415197937669175e-02 8.757187061850597171e-03
4.776503376169717596e-02 9.068655432306272912e-01 3.642919923597440213e-02 8.940223771701078653e-03
4.603308377329455581e-02 9.097532326719440787e-01 3.540740450572033016e-02 8.806279049041444706e-03
4.773060355884924111e-02 9.100524716942867132e-01 3.392028254400179799e-02 8.296642202862254678e-03
5.251155111811837972e-02 9.071430300912181055e-01 3.275106545209591213e-02 7.594353338567754429e-03
5.972436594616035987e-02 9.008041050936508309e-01 3.265019375570565180e-02 6.821335204483078458e-03
6.829581497613347596e-02 8.921124679541082569e-01 3.365990932725239360e-02 5.931807742506041772e-03
7.669800536644638678e-02 8.829447815786288789e-01 3.549393653360578132e-02 4.863276521318921769e-03
8.300922179710391868e-02 8.752089292721170199e-01 3.806545335415671694e-02 3.716395576622057769e-03
8.428287036447125458e-02 8.719702140903830001e-01 4.108400048735973142e-02 2.662915057785755855e-03
7.785352194982698981e-02 8.767297319459548266e-01 4.359465163101549495e-02 1.822094473202914584e-03
6.548996221131929418e-02 8.886594299581843659e-01 4.461528051297968672e-02 1.235327317516639323e-03
5.277054042567125292e-02 9.020695771410675023e-01 4.429559561055813888e-02 8.642868227027348475e-04
4.325949663236985238e-02 9.120428818814920735e-01 4.404938807455578698e-02 6.482334115822566785e-04
3.655898222815102266e-02 9.188380262624309402e-01 4.408754123301644734e-02 5.154502764017661462e-04
3.141114400669041407e-02 9.245435067521494688e-01 4.362761090508181921e-02 4.177383360780482753e-04
2.756308295947897807e-02 9.294779190591618834e-01 4.261862348946167389e-02 3.403744918972546494e-04
2.508139953045302253e-02 9.330643691026123676e-01 4.157550841641885486e-02 2.787229505157008355e-04
2.356826654369533966e-02 9.358780583044867818e-01 4.032488325069585183e-02 2.287919011221983432e-04
2.248654243011751624e-02 9.389733889865520267e-01 3.834820777282725579e-02 1.918608105032541073e-04
2.144973792705048843e-02 9.428168387816692197e-01 3.556408851489793743e-02 1.693347763828182665e-04
2.043286726702998532e-02 9.470868601553047439e-01 3.231782746685249452e-02 1.624451108125621367e-04
1.154717165805995913e-02 1.434173471229430001e-03 2.385162934663728751e-02 9.631670255240736278e-01
6.649769325528960273e-01 1.200221188324385457e-01 1.142923413548113248e-01 1.007086072598543935e-01
7.397388849762948082e-01 1.245515749813004558e-01 7.607192314270948275e-02 5.963761689969495489e-02
7.929893350955190545e-01 1.246707572619274312e-01 4.799198334458781162e-02 3.434792429796589691e-02
8.263732267631731521e-01 1.226911824332594381e-01 3.032584024891468721e-02 2.060975055465273653e-02
8.416591400702999604e-01 1.246044577579401014e-01 2.008603265844916691e-02 1.365036951331069677e-02
8.395739060266853571e-01 1.355075123860933484e-01 1.455012232706280953e-02 1.036845926015848678e-02
8.223082317852471457e-01 1.566991614425457258e-01 1.185901645043354463e-02 9.133590321773700157e-03
7.938930032281111826e-01 1.864764862702610326e-01 1.063580043831249301e-02 8.994710063315388901e-03
7.589837164500113920e-01 2.217608146900983124e-01 9.971445647133687570e-03 9.284023212756479723e-03
7.212861406928473551e-01 2.597711549371490847e-01 9.420324502854815832e-03 9.522379867148470303e-03
6.814225098036931216e-01 3.003128141532027118e-01 8.806975433375018036e-03 9.457700609728758243e-03
6.406247128678101976e-01 3.419254825858010216e-01 8.214095830004404866e-03 9.235708716384301298e-03
6.127923107486878962e-01 3.698953391388979384e-01 7.939496009348874853e-03 9.372854103065344361e-03
6.137857877777066484e-01 3.679782527070053488e-01 8.072606383806840008e-03 1.016335313148115406e-02
6.343052242017994669e-01 3.449734014306597985e-01 8.847168588230392219e-03 1.187420577931026962e-02
6.526014831356395929e-01 3.213088400635397135e-01 1.089132259877688934e-02 1.519835420204414776e-02
6.608052031741725729e-01 3.035531822575709415e-01 1.476902210230874278e-02 2.087259246594751205e-02
6.609986816384276764e-01 2.890226562771396335e-01 2.070801510321940847e-02 2.927064698121309427e-02
6.563200585077039184e-01 2.752556656691824144e-01 2.835130712324581900e-02 4.007296869986792798e-02
6.531959215664366880e-01 2.568529762015446249e-01 3.719936477115298734e-02 5.275173746086549847e-02
6.569136233442696149e-01 2.299743055222078503e-01 4.666848237181905890e-02 6.644358876170325390e-02
6.666764702269989407e-01 1.987438754785331163e-01 5.551657572971734067e-02 7.906307856475064400e-02
6.785393420042007406e-01 1.711556471482462427e-01 6.241233961380626000e-02 8.789267123374677748e-02
6.885708211808470036e-01 1.534824388884977742e-01 6.679631687746678814e-02 9.115042305318826754e-02
6.927670285601540412e-01 1.482692929994356701e-01 6.944982630866622375e-02 8.951385213174405109e-02
6.898820545413127947e-01 1.545152866472476183e-01 7.110432905263573689e-02 8.449832975880393338e-02
6.788366406826426003e-01 1.694818661874132049e-01 7.297250622527916286e-02 7.870898690466486547e-02
6.598471571770440081e-01 1.877809643920066440e-01 7.702173488323053874e-02 7.535014354771865652e-02
6.375288734709618765e-01 2.009808140353658013e-01 8.499406306326590110e-02 7.649624943040678193e-02
6.168693605323034568e-01 2.031758909574543637e-01 9.723113452677692448e-02 8.272361398346554651e-02
6.034933457340595497e-01 1.957590619710015967e-01 1.093725215904965686e-01 9.137507070444228496e-02
6.002154924237890210e-01 1.841529403888727823e-01 1.159776133817192606e-01 9.965395380561896388e-02
6.063831613648386076e-01 1.710523413341805687e-01 1.153705712814285522e-01 1.071939260195522159e-01
6.203642063029279896e-01 1.580273378485380076e-01 1.081841244334882379e-01 1.134243314150458065e-01
6.403127793946660207e-01 1.479718396281682058e-01 9.564738442126716200e-02 1.160679965558987781e-01
6.670454231683602409e-01 1.424344280124631434e-01 7.893431438666816125e-02 1.115858344325083573e-01
7.015894582326734907e-01 1.391232310984802378e-01 6.034782338636140303e-02 9.893948728248483371e-02
7.411294132861563355e-01 1.328826435728165667e-01 4.374084716759030905e-02 8.224709597343658751e-02
7.815997107232208752e-01 1.197914597133611925e-01 3.174137949318407703e-02 6.686745007023382759e-02
8.201231984461716529e-01 1.008405399685753795e-01 2.397273117973575118e-02 5.506353040551757727e-02
8.517942797329263183e-01 8.106785451549408661e-02 1.949227182015918908e-02 4.764559393142053789e-02
8.729026964470529837e-01 6.462964958191690090e-02 1.764845296099533736e-02 4.481920101003483009e-02
8.822619162851209618e-01 5.335747650199228198e-02 1.803482607677806340e-02 4.634578113610876571e-02
8.786810522057905137e-01 4.853113263562570251e-02 2.067067879106565531e-02 5.211713636751787865e-02
8.640241762809764969e-01 5.016554831199793174e-02 2.524823411712801349e-02 6.056204128989744334e-02
8.437613581266123486e-01 5.561075731368961272e-02 3.084254627462639994e-02 6.978533828507184344e-02
8.228296922001475666e-01 6.193199820617958928e-02 3.585671899014940961e-02 7.938159060352313612e-02
8.020093811903665770e-01 6.888153856222481441e-02 4.096003231313559423e-02 8.814904793427297269e-02
7.797923796390642259e-01 7.890499057211498857e-02 4.569457399668620107e-02 9.560805579213507710e-02
7.484271079343373101e-01 9.539010382733013882e-02 5.193697226438001580e-02 1.042458159739526324e-01
7.014044854124142914e-01 1.203516240918368341e-01 6.198592573975179876e-02 1.162579647559971036e-01
6.377852984799029512e-01 1.526863316640755808e-01 7.804381625607514916e-02 1.314845535999464854e-01
5.649442181970387722e-01 1.896813636105322831e-01 9.776892974379974843e-02 1.476054884486291408e-01
4.938558818463476552e-01 2.267364236499934960e-01 1.184915536388935070e-01 1.609161408647654112e-01
4.348631178102568828e-01 2.611852254840321130e-01 1.363167757321016027e-01 1.676348809736091794e-01
3.872603806817833672e-01 2.951602705611783839e-01 1.506303546589911613e-01 1.669489940980470044e-01
3.504911589016902473e-01 3.296679904499349445e-01 1.597385526543458889e-01 1.601022979940286972e-01
3.164093787311892947e-01 3.705732057549515068e-01 1.640863484233588410e-01 1.489310670905008016e-01
2.807074056314466937e-01 4.242117002910059109e-01 1.613525091977588422e-01 1.337283848797883312e-01
2.409610233035388571e-01 4.958838381770995229e-01 1.475418445319728600e-01 1.156132939873887322e-01
1.967830897729081485e-01 5.832826654513749709e-01 1.226547479779341449e-01 9.727949679778291614e-02
1.541547551535483451e-01 6.705327534907827847e-01 9.413521396983040579e-02 8.117727738583856156e-02
1.207914473336464817e-01 7.392244993285584931e-01 7.076689338059066747e-02 6.921715995720423287e-02
9.769710041440952952e-02 7.861927322170593202e-01 5.481341225958612229e-02 6.129675510894512513e-02
8.099480069646934621e-02 8.201226209385585886e-01 4.365047341876390763e-02 5.523210494620803962e-02
6.787618251967286742e-02 8.484275544012843673e-01 3.468221569687522654e-02 4.901404738216741386e-02
5.778092335012612046e-02 8.727984653720330943e-01 2.700096752007056025e-02 4.241964375777077662e-02
5.006915330658797542e-02 8.934985393532870468e-01 2.056998856887248123e-02 3.586231877125249656e-02
4.395124074453318069e-02 9.103224172678924253e-01 1.562027378413295350e-02 3.010606820344146825e-02
3.868125413378980387e-02 9.233309436342446164e-01 1.212751107729889005e-02 2.586029115466648154e-02
3.501288907895971220e-02 9.318597783672375456e-01 9.708094235045826997e-03 2.341923831875709558e-02
3.915728740175702244e-02 1.336718213028147972e-01 2.014653573353231419e-01 6.257055339601048649e-01
4.260149552968547221e-02 1.421664514295324644e-01 2.049631218215543227e-01 6.102689312192280946e-01
4.735272239777027492e-02 1.528201387659194055e-01 2.050009551456212220e-01 5.948261836906889588e-01
5.328535149238203955e-02 1.635693743187110472e-01 2.015904482610708648e-01 5.815548259278360277e-01
5.966131597053006552e-02 1.735976404279059859e-01 1.954882197845135283e-01 5.712528238170502259e-01
6.740230813362155238e-02 1.802424061221455376e-01 1.901298205867274493e-01 5.622254651575055995e-01
7.617820474683446863e-02 1.859172335948506283e-01 1.857236935131704458e-01 5.521808681451446654e-01
8.663011478240334462e-02 1.925408067780297050e-01 1.824037017387469539e-01 5.384253767008200242e-01
9.932516906296420811e-02 2.015064677951683703e-01 1.799770873899829982e-01 5.191912757518841737e-01
1.145945923789822990e-01 2.132756845643698496e-01 1.781357569817168252e-01 4.939939660749312345e-01
1.324731415573826288e-01 2.289739488811946555e-01 1.768167291914038153e-01 4.617361803700189560e-01
1.520105623265784744e-01 2.510657870297803296e-01 1.756406092102816008e-01 4.212830414333593176e-01
1.706642958817479461e-01 2.816919255993928783e-01 1.733138070919523765e-01 3.743299714269069378e-01
1.850760309897324929e-01 3.189542227479876813e-01 1.695057628448382037e-01 3.264639834174418165e-01
1.904633157066807914e-01 3.643262218403376940e-01 1.626907849101069670e-01 2.825196775428746587e-01
1.865392590417284946e-01 4.115505921545883905e-01 1.575849272169467519e-01 2.443252215867361410e-01
1.737584369520883132e-01 4.570470796461190699e-01 1.555090386227803156e-01 2.136854447790119960e-01
1.558342914412245428e-01 4.920572519442556469e-01 1.593562365614298593e-01 1.927522200530899510e-01
1.371201824665681801e-01 5.085934215555854010e-01 1.723353604553928831e-01 1.819510355224538967e-01
1.202200560162264148e-01 5.042932724528921273e-01 1.965204808500780054e-01 1.789661906808032166e-01
1.062815790659999288e-01 4.802781021559420216e-01 2.331687574302704902e-01 1.802715613477874623e-01
9.535029426808648567e-02 4.352704189135648827e-01 2.849758118039508736e-01 1.844034750143975776e-01
8.599142222303736427e-02 3.666193996998057814e-01 3.558064864237103220e-01 1.915826916534463242e-01
1.747632412003357130e-02 5.941605492406078215e-02 5.136752017249342911e-02 8.717401007834122417e-01
1.632291071988207706e-02 5.687650537513298105e-02 5.586093252683031751e-02 8.709396513781545446e-01
1.571765083823127920e-02 5.570863311457163042e-02 6.210343403484738789e-02 8.664702820123501015e-01
1.548148021814889017e-02 5.519901323394400122e-02 6.999453520579708432e-02 8.593249713421100555e-01
1.537379728847943459e-02 5.444536928707343487e-02 7.902141627130995771e-02 8.511594171531374764e-01
1.526127344929617546e-02 5.272506002932194485e-02 8.859765686336652790e-02 8.434160096580152199e-01
1.492654868716682473e-02 4.902643200334337592e-02 9.731715527765746887e-02 8.387298640318324727e-01
1.403386020114212769e-02 4.252352280060712336e-02 1.029165378251222923e-01 8.405260791731287151e-01
1.256286206837856773e-02 3.402525956819545117e-02 1.046053285047260917e-01 8.488065498586998547e-01
1.097499911133711231e-02 2.572709681695883183e-02 1.040932029512854767e-01 8.592047011204181350e-01
9.673008016237005097e-03 1.909732010635649055e-02 1.031841008241209390e-01 8.680455710532856139e-01
8.790853698863829169e-03 1.439950044066051239e-02 1.027173184423118002e-01 8.740923274181640057e-01
8.462146265323645250e-03 1.148340184514454188e-02 1.041910034385096079e-01 8.758634484510221530e-01
8.807194080087578023e-03 9.967216410547775560e-03 1.082470461969520792e-01 8.729785433124125360e-01
9.946761649625811622e-03 9.496055668649194814e-03 1.140816360631279475e-01 8.664755466185972699e-01
1.210083435942633200e-02 9.916512331677276512e-03 1.217055152749506736e-01 8.562771380339455618e-01
1.539388491653148790e-02 1.094638520186408219e-02 1.322978049187567284e-01 8.413619249628475627e-01
1.985572059462980404e-02 1.218629357343524976e-02 1.472586293266689716e-01 8.206993565052660422e-01
2.600815735547403265e-02 1.369314251450893562e-02 1.683773582112206846e-01 7.919213419187967062e-01
3.509446904501872105e-02 1.591546369363825569e-02 1.978173334693631435e-01 7.511727337919794634e-01
4.884198306784087729e-02 1.949737551542936320e-02 2.371601545106799824e-01 6.945004869060498187e-01
6.962664207122230831e-02 2.589251345898093901e-02 2.833469878578239176e-01 6.211338566119728455e-01
9.990588573064992928e-02 3.754333265523805002e-02 3.257707960408072756e-01 5.367799855733046410e-01
1.411335978176484485e-01 5.742035065756750239e-02 3.494736678155200282e-01 4.519723837092643470e-01
1.924247853528348318e-01 8.814131063303716485e-02 3.438172544346995152e-01 3.756166495794281412e-01
2.463761405084286260e-01 1.300994849093005945e-01 3.127029433606415276e-01 3.108214312216290298e-01
2.894642192977522344e-01 1.790957428627335535e-01 2.739042258677956698e-01 2.575358119717187089e-01
3.165401772732993613e-01 2.281789545278863074e-01 2.393092954871162970e-01 2.159715727116982564e-01
3.293375269331165756e-01 2.675589238600977193e-01 2.168625579695977745e-01 1.862409912371880694e-01
3.332263391554275422e-01 2.922015973314608384e-01 2.067804254616934789e-01 1.677916380514180017e-01
3.305625370328655332e-01 3.017029043089243245e-01 2.082112472393472247e-01 1.595233114188630563e-01
3.195281903322682582e-01 3.015540309611519643e-01 2.194307785465126615e-01 1.594870001600672271e-01
3.000895050030880085e-01 2.987179613208714724e-01 2.376147556426071727e-01 1.635777780334331799e-01
2.777839790158794231e-01 2.961616774673122565e-01 2.607235406074989159e-01 1.653308029093090714e-01
2.611618635556368084e-01 2.887222973447460261e-01 2.896497927519974813e-01 1.604660463476197396e-01
2.530285124900259475e-01 2.731530267608112128e-01 3.237162748541891344e-01 1.501021858949737608e-01
2.555965166968022229e-01 2.442546078807691923e-01 3.630703196510094433e-01 1.370785557714192249e-01
2.666073200761024387e-01 2.042476478081856894e-01 4.050867434822191249e-01 1.240582886334926499e-01
2.791596316332758954e-01 1.581214179195003233e-01 4.491046765762251591e-01 1.136142738709984557e-01
2.828083789019122940e-01 1.125538984128574144e-01 4.983769973955099464e-01 1.062607252897200538e-01
2.715418339264186742e-01 7.457327436804445098e-02 5.527755869099659769e-01 1.011093047955711616e-01
2.521129226322664230e-01 4.843394407723695949e-02 6.026121906798257433e-01 9.684094261067066611e-02
2.376385602790848373e-01 3.300469965149296220e-02 6.375979709086249114e-01 9.175876916079743484e-02
2.314936488409648496e-01 2.438880123471746583e-02 6.590373763098541504e-01 8.508017361446364168e-02
2.299454092088505375e-01 1.928813860446769446e-02 6.732602327104123541e-01 7.750621947626901154e-02
2.305209749596819624e-01 1.563296243714550754e-02 6.831070381020019067e-01 7.073902450117069973e-02
2.297945071702869879e-01 1.238623156014094853e-02 6.914356026780068554e-01 6.638365859156507287e-02
2.212333569988957638e-01 9.376726514631653422e-03 7.034688538185298601e-01 6.592106266794289793e-02
2.026058428832089031e-01 6.881342794566613387e-03 7.192729039913330347e-01 7.123991033089131786e-02
1.771909765985806018e-01 5.160497099701853545e-03 7.333613885164358415e-01 8.428713778528160172e-02
1.504230638947357257e-01 4.150345563295150704e-03 7.395313120596902490e-01 1.058952784822786708e-01
1.264292113948911056e-01 3.563992801022452996e-03 7.362061903770424909e-01 1.338006054270439726e-01
1.087944890331280362e-01 3.267789728014358543e-03 7.261398952558576481e-01 1.617978259829996879e-01
1.003848679099461350e-01 3.416489937539909840e-03 7.144087030083329237e-01 1.817899391441810397e-01
1.022038449019457979e-01 3.716166170558525550e-03 7.026705631811700492e-01 1.914094257463259952e-01
1.160644963799284668e-01 4.362670191437928793e-03 6.897719452452660827e-01 1.898008881833674610e-01
1.423772629518970656e-01 5.221806986308955359e-03 6.770921867738765032e-01 1.753087432879174290e-01
1.876828167807231273e-01 6.812785772632497933e-03 6.562110199688165890e-01 1.492933774778275602e-01
2.604360304279985661e-01 8.911493265767242780e-03 6.138307475090761800e-01 1.168217287971579921e-01
3.634235800010237605e-01 1.145300920106435971e-02 5.416075341921967601e-01 8.351587660571527238e-02
4.791099663804775921e-01 1.469405798026513464e-02 4.511025107190000383e-01 5.509346492025724018e-02
5.850279159594798939e-01 1.903332618829180201e-02 3.608081089368834204e-01 3.513064891534507794e-02
6.732649045917394881e-01 2.443077485599277551e-02 2.801123360191165035e-01 2.219198453315158331e-02
7.385320417244161106e-01 3.341990529208418992e-02 2.139766581474150942e-01 1.407139483608454804e-02
7.795825852323692295e-01 4.756432143710801613e-02 1.637876514714943221e-01 9.065441859028168514e-03
7.974555207337240548e-01 6.959019403622916655e-02 1.270929092454792797e-01 5.861375984567258716e-03
7.933810529684681701e-01 1.015152752695773902e-01 1.012014222738156083e-01 3.902249488138824496e-03
7.619792485481877709e-01 1.493877036566408079e-01 8.561793145837906516e-02 3.015116336792631520e-03
7.095677594730996907e-01 2.093963587076295152e-01 7.827804315688022263e-02 2.757838662390584526e-03
6.534262318936927549e-01 2.710674870571281314e-01 7.282625023055079583e-02 2.680030818628336472e-03
6.172833499608579855e-01 3.150279858907557018e-01 6.515591057799691166e-02 2.532753570389553732e-03
6.109263908001323351e-01 3.287401788269591063e-01 5.790194866699881204e-02 2.431481705909927394e-03
6.272585701574403538e-01 3.149923455246822490e-01 5.520388824019833995e-02 2.545196077679117048e-03
6.558992145551379993e-01 2.815431659104242201e-01 5.966249991102286904e-02 2.895119623415033389e-03
6.893389044161699619e-01 2.323003006426000716e-01 7.493990141559105089e-02 3.420893525638619807e-03
7.118326749492226435e-01 1.759596436676154618e-01 1.082319817249493416e-01 3.975699658212444691e-03
6.971512501368164472e-01 1.261586988096836670e-01 1.724137247804418405e-01 4.276326273058387098e-03
6.273834750527589321e-01 9.245384626652615456e-02 2.757450305917290012e-01 4.417648088986030064e-03
5.310874460134641373e-01 6.772139307933466856e-02 3.967033464680230215e-01 4.487814439178186565e-03
4.418533172546859067e-01 4.991199299535460654e-02 5.036639565706463317e-01 4.570733179313487236e-03
3.802651576697990143e-01 3.951797308744282866e-02 5.754480721885840699e-01 4.768797054173851135e-03
3.532661157861568535e-01 3.625149779160093816e-02 6.052674889253419899e-01 5.214897496899934849e-03
3.523497658376492647e-01 3.868700340350006428e-02 6.030378534991212014e-01 5.925377259729636137e-03
3.607953366859751876e-01 4.551015703594173123e-02 5.869074194844839942e-01 6.787086793599142465e-03
3.663808401746866394e-01 5.574040213588651177e-02 5.703790898693185119e-01 7.499667820108641379e-03
3.706213099347380746e-01 6.999995403179393172e-02 5.517057231810627016e-01 7.673012852405183652e-03
3.834941601435694070e-01 9.162340179525614581e-02 5.176384667094614533e-01 7.243971351712893275e-03
4.059775456161311413e-01 1.234696558388653082e-01 4.640202480868098056e-01 6.532550458193803027e-03
4.267437448153019175e-01 1.648879578925046552e-01 4.024952564894537232e-01 5.873040802739514128e-03
